Date,Open,High,Low,Close,Volume,Dividends,Stock Splits
2022-01-03 00:00:00-05:00,1.4888340011969705,2.3354260207033195,1.4888340011969705,1.771031379699707,6913900,0.0,0.0
2022-01-04 00:00:00-05:00,1.7223766459959722,1.8294170176004838,1.5569506804263797,1.727242112159729,958600,0.0,0.0
2022-01-05 00:00:00-05:00,1.66399110590639,1.7904933462617265,1.6542601732638154,1.7126457691192627,305700,0.0,0.0
2022-01-06 00:00:00-05:00,1.7126457512285371,1.7418385488513055,1.5569507145719064,1.6445292234420776,251400,0.0,0.0
2022-01-07 00:00:00-05:00,1.6542601732638154,1.8294170768320246,1.634798191976799,1.7126457691192627,223800,0.0,0.0
2022-01-10 00:00:00-05:00,1.7126457451908557,1.725295980649832,1.5890628095553168,1.6347981691360474,154800,0.0,0.0
2022-01-11 00:00:00-05:00,1.6834529020499167,1.9948429658268378,1.6347981248334922,1.8683407306671143,541100,0.0,0.0
2022-01-12 00:00:00-05:00,1.9461882883046853,2.2186546208268942,1.9072645596591873,2.1797308921813965,602300,0.0,0.0
2022-01-13 00:00:00-05:00,2.1408071978875283,2.1505381302050464,1.8878027256283303,1.9072645902633667,467500,0.0,0.0
2022-01-14 00:00:00-05:00,1.8780716853952295,1.9753811249912525,1.8683407530358136,1.9364573955535889,107100,0.0,0.0
2022-01-18 00:00:00-05:00,1.9948429209923975,2.1310762013350293,1.9169954647987335,2.0824215412139893,189100,0.0,0.0
2022-01-19 00:00:00-05:00,2.0571211481712437,2.0824216187772873,1.8790448302913934,1.9559192657470703,150700,0.0,0.0
2022-01-20 00:00:00-05:00,1.9851120458960174,1.9948429781992831,1.897533655166626,1.897533655166626,215800,0.0,0.0
2022-01-21 00:00:00-05:00,1.8683407277983444,1.9461883016239738,1.8488788633424027,1.8586097955703735,121300,0.0,0.0
2022-01-24 00:00:00-05:00,1.8488788456645782,1.852771288119667,1.7321075440435596,1.8002241849899292,195100,0.0,0.0
2022-01-25 00:00:00-05:00,1.839147925376892,1.8878027023668218,1.7613003517941217,1.839147925376892,61900,0.0,0.0
2022-01-26 00:00:00-05:00,1.8975336345644354,1.926726431157276,1.7710313999935972,1.839147925376892,77400,0.0,0.0
2022-01-27 00:00:00-05:00,1.8002241790015683,1.8683407037194903,1.7525425420979064,1.7807623147964478,47000,0.0,0.0
2022-01-28 00:00:00-05:00,1.7321076393127441,1.8060627740066268,1.7126457739724452,1.7321076393127441,59900,0.0,0.0
2022-01-31 00:00:00-05:00,1.7321075440435596,1.8488788456645782,1.7321075440435596,1.8002241849899292,136800,0.0,0.0
2022-02-01 00:00:00-05:00,1.7710313885851399,1.8878026902061587,1.7418384761784893,1.8002241849899292,110500,0.0,0.0
2022-02-02 00:00:00-05:00,1.7904932498931885,1.8303901179811484,1.7710313856555226,1.7904932498931885,12600,0.0,0.0
2022-02-03 00:00:00-05:00,1.8683406939648406,1.8683406939648406,1.7223765971866571,1.7613003253936768,20700,0.0,0.0
2022-02-04 00:00:00-05:00,1.8683407596767114,1.8683407596767114,1.5569506910648583,1.5666816234588623,90600,0.0,0.0
2022-02-07 00:00:00-05:00,1.5277578624466694,1.695129988981066,1.4693721532821655,1.4693721532821655,95700,0.0,0.0
2022-02-08 00:00:00-05:00,1.4401793813034374,1.5764125503454025,1.4109865842234157,1.5472197532653809,99100,0.0,0.0
2022-02-09 00:00:00-05:00,1.5277578885453664,1.5910089488854133,1.5277578885453664,1.5472197532653809,53000,0.0,0.0
2022-02-10 00:00:00-05:00,1.5082958850175225,1.6056053231481058,1.459641223953162,1.4791030883789062,74300,0.0,0.0
2022-02-11 00:00:00-05:00,1.4791030968630619,1.595874400089191,1.4791030968630619,1.5082958936691284,51800,0.0,0.0
2022-02-14 00:00:00-05:00,1.4693722439568297,1.5063498117754204,1.3623318672180176,1.3623318672180176,52400,0.0,0.0
2022-02-15 00:00:00-05:00,1.39152456551353,1.449910274081533,1.372062701324816,1.420717477798462,41100,0.0,0.0
2022-02-16 00:00:00-05:00,1.4255829527016648,1.4576950520129024,1.3915245741579765,1.449910283088684,17400,0.0,0.0
2022-02-17 00:00:00-05:00,1.5180267820248055,1.5180267820248055,1.3817936182022095,1.3817936182022095,69100,0.0,0.0
2022-02-18 00:00:00-05:00,1.3817937129913305,1.4791031555404366,1.2844843864440918,1.2844843864440918,26200,0.0,0.0
2022-02-22 00:00:00-05:00,1.2844843864440918,1.3720627803366066,1.2650224051327765,1.2844843864440918,32100,0.0,0.0
2022-02-23 00:00:00-05:00,1.2747533321380615,1.3136771785863222,1.2650223995264631,1.2747533321380615,37400,0.0,0.0
2022-02-24 00:00:00-05:00,1.2358295992638748,1.2650223970413208,1.1677130711165014,1.2650223970413208,89000,0.0,0.0
2022-02-25 00:00:00-05:00,1.2650223756935424,1.284484356551944,1.1774439838391266,1.187174916267395,80500,0.0,0.0
2022-02-28 00:00:00-05:00,1.1677130487644394,1.2260986432017291,1.148251067950145,1.1774439811706543,90800,0.0,0.0
2022-03-01 00:00:00-05:00,1.167713028572529,1.1871748930484274,0.9925560162857183,1.1190582513809204,254800,0.0,0.0
2022-03-02 00:00:00-05:00,1.1579820992673058,1.2163676928428693,1.1190582542150673,1.1287891864776611,71400,0.0,0.0
2022-03-03 00:00:00-05:00,1.216367695870804,1.216367695870804,1.119058257000767,1.1385201215744019,39400,0.0,0.0
2022-03-04 00:00:00-05:00,1.1287891685452422,1.157982080871116,1.0704035758972168,1.0704035758972168,48000,0.0,0.0
2022-03-07 00:00:00-05:00,1.0704035728810608,1.1287891653645687,1.060672640800476,1.060672640800476,40200,0.0,0.0
2022-03-08 00:00:00-05:00,1.0606726346554105,1.0898654307280347,1.0217487905567186,1.0412107706069946,61300,0.0,0.0
2022-03-09 00:00:00-05:00,1.1579821385809175,1.1579821385809175,1.031479782868703,1.0460762977600098,91200,0.0,0.0
2022-03-10 00:00:00-05:00,1.0801344854424981,1.0801344854424981,0.9730941184885362,1.012017846107483,124700,0.0,0.0
2022-03-11 00:00:00-05:00,1.0217488583806305,1.0217488583806305,0.8660538196563721,0.8660538196563721,202100,0.0,0.0
2022-03-14 00:00:00-04:00,0.8981658887815884,0.9730941604831326,0.8563228565850821,0.9176278114318848,132200,0.0,0.0
2022-03-15 00:00:00-04:00,0.8563228355905969,1.0217487970563066,0.8563228355905969,0.8855156898498535,91700,0.0,0.0
2022-03-16 00:00:00-04:00,0.9730941611774925,1.0217488228356217,0.9439013641826149,0.9584977626800537,217700,0.0,0.0
2022-03-17 00:00:00-04:00,0.9633632356217672,1.0217488300221824,0.9293049142205927,0.9828251004219055,102200,0.0,0.0
2022-03-18 00:00:00-04:00,0.9536323281778781,1.3915246456460542,0.9439013955231542,1.2844843864440918,544800,0.0,0.0
2022-03-21 00:00:00-04:00,1.4499103238343718,1.5082959184039824,1.1190582732676513,1.187174916267395,353700,0.0,0.0
2022-03-22 00:00:00-04:00,1.1871749135768692,1.4109865909235422,1.1677130487644394,1.1774439811706543,258000,0.0,0.0
2022-03-23 00:00:00-04:00,1.2650223840191757,1.2942152974979761,1.1774439915883703,1.2163677215576172,171700,0.0,0.0
2022-03-24 00:00:00-04:00,1.2358295865422406,1.2650223840191757,1.1871749240806821,1.2163677215576172,171200,0.0,0.0
2022-03-25 00:00:00-04:00,1.18717492151826,1.2358295838748012,1.128789210688545,1.2066367864608765,110000,0.0,0.0
2022-03-28 00:00:00-04:00,1.2066368137239871,1.3623318527846042,1.1969058810328153,1.3039462566375732,112900,0.0,0.0
2022-03-29 00:00:00-04:00,1.2942153354550587,1.4207175775670668,1.2942153354550587,1.3526009321212769,124900,0.0,0.0
2022-03-30 00:00:00-04:00,1.352600925010698,1.3720627904637939,1.2650224144698994,1.3234081268310547,97200,0.0,0.0
2022-03-31 00:00:00-04:00,1.3234081059579303,1.3234081059579303,1.171605395415439,1.25529146194458,118700,0.0,0.0
2022-04-01 00:00:00-04:00,1.3136771844082633,1.4109866269573694,1.2747533377875004,1.2844843864440918,96800,0.0,0.0
2022-04-04 00:00:00-04:00,1.3136771390742297,1.4012556459463419,1.1871749029264513,1.338004469871521,124000,0.0,0.0
2022-04-05 00:00:00-04:00,1.323408124443305,1.38179372069725,1.313677191734314,1.313677191734314,89100,0.0,0.0
2022-04-06 00:00:00-04:00,1.3165964994636268,1.342869994671644,1.3136771964400986,1.3331390619277954,21500,0.0,0.0
2022-04-07 00:00:00-04:00,1.333138999894234,1.3623317967673816,1.2650223578550266,1.292268991470337,63800,0.0,0.0
2022-04-08 00:00:00-04:00,1.2747532531898043,1.4207174653276315,1.2260985931451018,1.3915245532989502,40500,0.0,0.0
2022-04-11 00:00:00-04:00,1.3526008222406232,1.4401793261272418,1.3136770942918412,1.3817936182022095,86600,0.0,0.0
2022-04-12 00:00:00-04:00,1.3720626984052566,1.4401793389226742,1.3331389701106526,1.4109865427017212,26500,0.0,0.0
2022-04-13 00:00:00-04:00,1.4109865486656397,1.4499102771247654,1.4012556165508583,1.4304484128952026,13400,0.0,0.0
2022-04-14 00:00:00-04:00,1.4596412224322748,1.508295883445939,1.440179358026809,1.5053766965866089,71600,0.0,0.0
2022-04-18 00:00:00-04:00,1.4596412609510891,1.8002242450400499,1.4499103284915646,1.6056053638458252,100600,0.0,0.0
2022-04-19 00:00:00-04:00,1.5764125503454025,1.6056053474254242,1.469372178383459,1.5472197532653809,58300,0.0,0.0
2022-04-20 00:00:00-04:00,1.6036592005542933,1.6542601421453138,1.5472197690886769,1.6056053638458252,52300,0.0,0.0
2022-04-21 00:00:00-04:00,1.5618161545506775,1.6056053502476806,1.4499103162120277,1.5569506883621216,19700,0.0,0.0
2022-04-22 00:00:00-04:00,1.509269096018623,1.5180268890236521,1.2650224075197103,1.2942153215408325,83500,0.0,0.0
2022-04-25 00:00:00-04:00,1.2650223785138788,1.4343407887462243,1.1871749189141725,1.1969058513641357,96400,0.0,0.0
2022-04-26 00:00:00-04:00,1.1969058539895683,1.2552914488174178,1.1969058539895683,1.2066367864608765,16600,0.0,0.0
2022-04-27 00:00:00-04:00,1.206636778389299,1.235829575607944,1.1774439811706543,1.1774439811706543,11000,0.0,0.0
2022-04-28 00:00:00-04:00,1.1677130315298996,1.2066367605802755,1.1093273219524733,1.1287891864776611,29400,0.0,0.0
2022-04-29 00:00:00-04:00,1.1560358200132967,1.2416681631263586,1.1287891864776611,1.1287891864776611,19700,0.0,0.0
2022-05-02 00:00:00-04:00,1.1579821049836363,1.187174901915527,1.1385201243605123,1.1482510566711426,48200,0.0,0.0
2022-05-03 00:00:00-04:00,1.206636723674019,1.2163676556389822,0.9828250564761488,1.0314797163009644,57700,0.0,0.0
2022-05-04 00:00:00-04:00,1.0314797803766773,1.1093273569341473,0.9925560500988757,1.036345362663269,24300,0.0,0.0
2022-05-05 00:00:00-04:00,1.0577533349402235,1.0606726377563926,0.963363201227959,1.0509417057037354,57800,0.0,0.0
2022-05-06 00:00:00-04:00,1.0314797131393603,1.0314797131393603,0.9536322576582668,1.0217487812042236,22500,0.0,0.0
2022-05-09 00:00:00-04:00,1.060672666626246,1.060672666626246,0.9536322951316833,0.9536322951316833,30300,0.0,0.0
2022-05-10 00:00:00-04:00,1.070403610932568,1.070403610932568,0.973094170665632,0.9925560355186462,9500,0.0,0.0
2022-05-11 00:00:00-04:00,0.9828250891904081,0.9925560214792745,0.9439013600349426,0.9439013600349426,14200,0.0,0.0
2022-05-12 00:00:00-04:00,0.9448744498429811,1.070403605058054,0.9439013682058572,0.9730941653251648,36500,0.0,0.0
2022-05-13 00:00:00-04:00,1.0314797163009644,1.1112734512151494,0.9448744102126068,1.0314797163009644,28300,0.0,0.0
2022-05-16 00:00:00-04:00,1.012017864395692,1.0704035728810608,1.012017864395692,1.060672640800476,10700,0.0,0.0
2022-05-17 00:00:00-04:00,1.070403646080062,1.1385201753022685,1.070403646080062,1.1141928434371948,22500,0.0,0.0
2022-05-18 00:00:00-04:00,1.2260986021722762,1.2260986021722762,1.0217487964762766,1.060672640800476,19400,0.0,0.0
2022-05-19 00:00:00-04:00,1.1093273073987469,1.1093273073987469,1.022721941796755,1.0801345109939575,15800,0.0,0.0
2022-05-20 00:00:00-04:00,1.0217487905567186,1.1579820708993505,1.0217487905567186,1.0412107706069946,19200,0.0,0.0
2022-05-23 00:00:00-04:00,1.0898654431288874,1.0898654431288874,0.9730941415078687,1.0801345109939575,23300,0.0,0.0
2022-05-24 00:00:00-04:00,1.060672640800476,1.0801345049616453,1.060672640800476,1.060672640800476,3700,0.0,0.0
2022-05-25 00:00:00-04:00,1.0655381294232715,1.167713034436717,1.0606726632798629,1.1385201215744019,22800,0.0,0.0
2022-05-26 00:00:00-04:00,1.1677130315298996,1.2260986251054633,1.0966770868107287,1.1287891864776611,12100,0.0,0.0
2022-05-27 00:00:00-04:00,1.1385200794423067,1.2358295147113088,1.0022869164664472,1.1823093891143799,19100,0.0,0.0
2022-05-31 00:00:00-04:00,1.362331812890603,1.362331812890603,1.1774439811706543,1.1774439811706543,29300,0.0,0.0
2022-06-01 00:00:00-04:00,1.1920404252873082,1.36233186489898,1.1871749588984568,1.3526009321212769,29400,0.0,0.0
2022-06-02 00:00:00-04:00,1.4304484831172473,1.4304484831172473,1.2465336715163517,1.2650223970413208,50500,0.0,0.0
2022-06-03 00:00:00-04:00,1.3623318527846042,1.407094189564742,1.2552914771798462,1.3039462566375732,33800,0.0,0.0
2022-06-06 00:00:00-04:00,1.3234080490743225,1.5666815849482378,1.3234080490743225,1.449910283088684,122500,0.0,0.0
2022-06-07 00:00:00-04:00,1.5472197206386225,1.5472197206386225,1.2455604758339995,1.449910283088684,18900,0.0,0.0
2022-06-08 00:00:00-04:00,1.5180268050713817,1.5180268050713817,1.3915245713154332,1.4401793479919434,33300,0.0,0.0
2022-06-09 00:00:00-04:00,1.4401794329530633,1.459641298371045,1.24556054676951,1.313677191734314,31500,0.0,0.0
2022-06-10 00:00:00-04:00,1.2260986690800695,1.284484380751527,1.2066368038568727,1.2747533321380615,9000,0.0,0.0
2022-06-13 00:00:00-04:00,1.2163677135522002,1.255291443265274,1.138520138124188,1.187174916267395,22500,0.0,0.0
2022-06-14 00:00:00-04:00,1.1969058712452743,1.3623318416443142,1.1969058712452743,1.2747533321380615,18100,0.0,0.0
2022-06-15 00:00:00-04:00,1.2747533165114873,1.2747533165114873,1.1482510781095698,1.2163677215576172,13400,0.0,0.0
2022-06-16 00:00:00-04:00,1.1677130615764675,1.226098656654358,1.1482510805486381,1.226098656654358,16100,0.0,0.0
2022-06-17 00:00:00-04:00,1.2163676928428693,1.2163676928428693,1.1190582542150673,1.1287891864776611,15500,0.0,0.0
2022-06-21 00:00:00-04:00,1.109327338325285,1.206636778389299,1.0898654735128552,1.1774439811706543,52900,0.0,0.0
2022-06-22 00:00:00-04:00,1.1190582658061214,1.206636773078456,1.1190582658061214,1.2037174701690674,27400,0.0,0.0
2022-06-23 00:00:00-04:00,1.1774439811706543,1.2650223728265888,1.1774439811706543,1.1774439811706543,58400,0.0,0.0
2022-06-24 00:00:00-04:00,1.1579820963345797,1.177443960810478,1.1190582513809204,1.1190582513809204,22300,0.0,0.0
2022-06-27 00:00:00-04:00,1.1190582425748217,1.1677130193835559,1.0606726496065748,1.0898654460906982,18800,0.0,0.0
2022-06-28 00:00:00-04:00,1.0898654518584354,1.1190582484970517,1.0704035874326914,1.1093273162841797,24700,0.0,0.0
2022-06-29 00:00:00-04:00,1.0898655138515987,1.1482511104498905,1.0898655138515987,1.1239237785339355,20600,0.0,0.0
2022-06-30 00:00:00-04:00,1.0898654431288874,1.1161389366928256,1.0801345109939575,1.0801345109939575,22300,0.0,0.0
2022-07-01 00:00:00-04:00,1.0704035758972168,1.1482510327612507,1.0606726437892124,1.0704035758972168,9000,0.0,0.0
2022-07-05 00:00:00-04:00,1.0801345278534975,1.1433855877178105,1.0801345278534975,1.1385201215744019,1600,0.0,0.0
2022-07-06 00:00:00-04:00,1.1190583074284317,1.1774440197822105,1.0801345765271582,1.104461908340454,23100,0.0,0.0
2022-07-07 00:00:00-04:00,1.0995963951179912,1.2942152733343235,1.0606726658754702,1.1482510566711426,18200,0.0,0.0
2022-07-08 00:00:00-04:00,1.1287891978923206,1.2163677051431492,1.1287891978923206,1.1579821109771729,3200,0.0,0.0
2022-07-11 00:00:00-04:00,1.1093273191429713,1.167713028572529,1.1093273191429713,1.1190582513809204,6300,0.0,0.0
2022-07-12 00:00:00-04:00,1.0801345049616453,1.1093273012033995,1.0509417087198913,1.060672640800476,11300,0.0,0.0
2022-07-13 00:00:00-04:00,1.0314797285568613,1.08986543704223,1.0314797285568613,1.060672640800476,6200,0.0,0.0
2022-07-14 00:00:00-04:00,1.0509417087198913,1.106407998378852,1.0314797285568613,1.060672640800476,4300,0.0,0.0
2022-07-15 00:00:00-04:00,1.041210773651078,1.099596365967022,1.041210773651078,1.0509417057037354,8100,0.0,0.0
2022-07-18 00:00:00-04:00,1.0606726579532253,1.1394932554813588,1.0606726579532253,1.1190582513809204,6600,0.0,0.0
2022-07-19 00:00:00-04:00,1.1093273274286215,1.2455604957793087,1.089865462807361,1.1482510566711426,12600,0.0,0.0
2022-07-20 00:00:00-04:00,1.1482510705524565,1.2163677135522002,1.1482510705524565,1.187174916267395,27000,0.0,0.0
2022-07-21 00:00:00-04:00,1.1579821049836363,1.17939013286665,1.0995963951179912,1.1482510566711426,14100,0.0,0.0
2022-07-22 00:00:00-04:00,1.128789180709924,1.128789180709924,1.0995963840713077,1.1093273162841797,1600,0.0,0.0
2022-07-25 00:00:00-04:00,1.0704035788590278,1.167713016210187,1.0704035788590278,1.0801345109939575,5800,0.0,0.0
2022-07-26 00:00:00-04:00,1.0704036391228,1.1287892352194904,1.0704036391228,1.0850000381469727,5100,0.0,0.0
2022-07-27 00:00:00-04:00,1.0801345278534975,1.1385201215744019,1.0801345278534975,1.1385201215744019,1600,0.0,0.0
2022-07-28 00:00:00-04:00,1.099596386905022,1.1287891836188697,1.0704035901911744,1.1190582513809204,4700,0.0,0.0
2022-07-29 00:00:00-04:00,1.080134538617904,1.1677130460739136,1.080134538617904,1.1677130460739136,7600,0.0,0.0
2022-08-01 00:00:00-04:00,1.1385201038035362,1.167713016210187,1.0801345109939575,1.0801345109939575,5300,0.0,0.0
2022-08-02 00:00:00-04:00,1.0704035728810608,1.0801345049616453,0.9020582506837826,1.060672640800476,83700,0.0,0.0
2022-08-03 00:00:00-04:00,0.9730941332806163,1.0606726377563926,0.9730941332806163,1.0509417057037354,10500,0.0,0.0
2022-08-04 00:00:00-04:00,1.0509416962327498,1.0947308900750838,1.0314797163009644,1.0314797163009644,17500,0.0,0.0
2022-08-05 00:00:00-04:00,0.9828250624598867,1.0772151958961922,0.9828250624598867,1.0412107706069946,3800,0.0,0.0
2022-08-08 00:00:00-04:00,1.0412107766393066,1.0801345049616453,1.0412107766393066,1.060672640800476,5200,0.0,0.0
2022-08-09 00:00:00-04:00,1.0606727225491437,1.0781884248445466,1.0606727225491437,1.061645746231079,5000,0.0,0.0
2022-08-10 00:00:00-04:00,1.050941789718572,1.0704036553797154,1.050941789718572,1.061645746231079,3100,0.0,0.0
2022-08-11 00:00:00-04:00,0.9925560002345226,1.0704035728810608,0.9925560002345226,1.060672640800476,19600,0.0,0.0
2022-08-12 00:00:00-04:00,1.0217488021825176,1.0801345109939575,1.0120178700475877,1.0801345109939575,9800,0.0,0.0
2022-08-15 00:00:00-04:00,1.0120178428844886,1.070403550128825,0.9730941153895031,1.0022869110107422,27400,0.0,0.0
2022-08-16 00:00:00-04:00,0.9925559853988135,1.041210761076356,0.9828250534636769,1.0217487812042236,20600,0.0,0.0
2022-08-17 00:00:00-04:00,0.9828251030921391,1.0314797652246748,0.9828251030921391,0.9925560355186462,8000,0.0,0.0
2022-08-18 00:00:00-04:00,0.9925559884411119,1.0314797163009644,0.9730941245111857,1.0314797163009644,5900,0.0,0.0
2022-08-19 00:00:00-04:00,0.9730941680218363,1.022721969662935,0.9730941680218363,0.9828251004219055,7700,0.0,0.0
2022-08-22 00:00:00-04:00,0.9730941597667195,0.9730941597667195,0.9322242092325844,0.9536322951316833,26900,0.0,0.0
2022-08-23 00:00:00-04:00,0.9244394388242171,0.9730941583414773,0.9244394388242171,0.948766827583313,25900,0.0,0.0
2022-08-24 00:00:00-04:00,0.9244394401781972,0.9536322951316833,0.9244394401781972,0.9536322951316833,12100,0.0,0.0
2022-08-25 00:00:00-04:00,0.9147085130856176,0.9730941653251648,0.9147085130856176,0.9730941653251648,1800,0.0,0.0
2022-08-26 00:00:00-04:00,0.9925560568371211,1.0373183933612213,0.8757847492091146,0.8971928358078003,46300,0.0,0.0
2022-08-29 00:00:00-04:00,0.904977560043335,0.9604439081037583,0.904977560043335,0.904977560043335,29600,0.0,0.0
2022-08-30 00:00:00-04:00,0.904977560043335,0.9584977448739599,0.904977560043335,0.904977560043335,11500,0.0,0.0
2022-08-31 00:00:00-04:00,0.9244394258416156,0.9351434976256279,0.9098430275917053,0.9098430275917053,27800,0.0,0.0
2022-09-01 00:00:00-04:00,0.8777309522527246,0.8855157213993424,0.8660537985327978,0.8748116493225098,53000,0.0,0.0
2022-09-02 00:00:00-04:00,0.8748116561032405,0.9993676734099072,0.8329686231174728,0.894273579120636,35800,0.0,0.0
2022-09-06 00:00:00-04:00,0.8942735589609789,0.9439013600349426,0.875784718011015,0.9439013600349426,12100,0.0,0.0
2022-09-07 00:00:00-04:00,0.8894080589332216,0.94195516431911,0.8563228766537363,0.8680000305175781,14000,0.0,0.0
2022-09-08 00:00:00-04:00,0.8563228641535459,0.8757847289749207,0.7882062792778015,0.7882062792778015,37200,0.0,0.0
2022-09-09 00:00:00-04:00,0.7979371819652626,0.8553497506508142,0.7979371819652626,0.8446456789970398,17900,0.0,0.0
2022-09-12 00:00:00-04:00,0.7882062845204598,0.8271300724230387,0.7882062845204598,0.807668149471283,31000,0.0,0.0
2022-09-13 00:00:00-04:00,0.7492824734415535,0.7862600969056548,0.6811658902196787,0.7298206090927124,67000,0.0,0.0
2022-09-14 00:00:00-04:00,0.7298206211026891,0.7687444084418346,0.7161973042341279,0.7278744578361511,54200,0.0,0.0
2022-09-15 00:00:00-04:00,0.7103587502848941,0.7687444017877749,0.7103587502848941,0.7492824792861938,50600,0.0,0.0
2022-09-16 00:00:00-04:00,0.7492824764023253,0.7590134086151973,0.7395515441894531,0.7395515441894531,14300,0.0,0.0
2022-09-19 00:00:00-04:00,0.6908968606079636,0.8271300925877749,0.6908968606079636,0.7025740146636963,16200,0.0,0.0
2022-09-20 00:00:00-04:00,0.6908968664032763,0.7025740205569582,0.6617040680204737,0.6811659336090088,39400,0.0,0.0
2022-09-21 00:00:00-04:00,0.6033184111850449,0.6743543015409114,0.6033184111850449,0.6714349985122681,32100,0.0,0.0
2022-09-22 00:00:00-04:00,0.6325111959772727,0.6714349841916175,0.5838565332105079,0.6227802634239197,63400,0.0,0.0
2022-09-23 00:00:00-04:00,0.5838565343934791,0.6870044660687582,0.5838565343934791,0.62764573097229,29400,0.0,0.0
2022-09-26 00:00:00-04:00,0.6218071905754068,0.6811659263923021,0.6218071905754068,0.6519731283187866,36900,0.0,0.0
2022-09-27 00:00:00-04:00,0.6218071465414371,0.6811658781547774,0.6218071465414371,0.6597577929496765,13400,0.0,0.0
2022-09-28 00:00:00-04:00,0.6617040258708375,0.7298206090927124,0.6227802391722245,0.7298206090927124,50200,0.0,0.0
2022-09-29 00:00:00-04:00,0.7006277990892299,0.7298205950508163,0.6325111591770022,0.6908968091011047,14200,0.0,0.0
2022-09-30 00:00:00-04:00,0.6714350008147413,0.6908968664032763,0.6130493460482014,0.6811659336090088,22500,0.0,0.0
2022-10-03 00:00:00-04:00,0.6811658833740866,0.7784753201422119,0.6811658833740866,0.7414977550506592,26300,0.0,0.0
2022-10-04 00:00:00-04:00,0.7882063024781751,0.8757847547531128,0.6325112053215888,0.8757847547531128,44400,0.0,0.0
2022-10-05 00:00:00-04:00,0.7784753350196226,0.8271300543335237,0.776529113766545,0.7901524305343628,61400,0.0,0.0
2022-10-06 00:00:00-04:00,0.760959630983111,0.7901524276648775,0.760959630983111,0.7804214954376221,20500,0.0,0.0
2022-10-07 00:00:00-04:00,0.7609596478890814,0.8417264683709733,0.7609596478890814,0.7979372143745422,34500,0.0,0.0
2022-10-10 00:00:00-04:00,0.8271300669214835,0.8465919317428584,0.7882062792778015,0.7882062792778015,3000,0.0,0.0
2022-10-11 00:00:00-04:00,0.7609596478890814,0.8358879205050933,0.7609596478890814,0.7979372143745422,13700,0.0,0.0
2022-10-12 00:00:00-04:00,0.7609596581859978,0.8173990903220563,0.7609596581859978,0.7911255955696106,10500,0.0,0.0
2022-10-13 00:00:00-04:00,0.7784753441810608,0.7979372089352844,0.7784753441810608,0.7784753441810608,9100,0.0,0.0
2022-10-14 00:00:00-04:00,0.7609596682665445,0.7891793847084045,0.7609596682665445,0.7891793847084045,3000,0.0,0.0
2022-10-17 00:00:00-04:00,0.7609596268514167,0.778475327965746,0.6811658902196787,0.7298206090927124,39700,0.0,0.0
2022-10-18 00:00:00-04:00,0.6938161142905751,0.7882062476934059,0.6938161142905751,0.7677712440490723,17900,0.0,0.0
2022-10-19 00:00:00-04:00,0.7200896968260565,0.7979372143745422,0.647107645499293,0.7979372143745422,4100,0.0,0.0
2022-10-20 00:00:00-04:00,0.6889506725930236,0.8057219769647856,0.6889506725930236,0.6967354416847229,7200,0.0,0.0
2022-10-21 00:00:00-04:00,0.6908968640530974,0.7337130378033511,0.6908968640530974,0.7171704173088074,6200,0.0,0.0
2022-10-24 00:00:00-04:00,0.7171704030605892,0.7171704030605892,0.6646233555940698,0.668515682220459,14100,0.0,0.0
2022-10-25 00:00:00-04:00,0.6325111857839639,0.6908968381640939,0.6325111857839639,0.6655964255332947,8700,0.0,0.0
2022-10-26 00:00:00-04:00,0.6325111954808427,0.7045201659202576,0.6325111954808427,0.7045201659202576,5800,0.0,0.0
2022-10-27 00:00:00-04:00,0.6724080791043159,0.7453901326943484,0.6724080791043159,0.712304949760437,10900,0.0,0.0
2022-10-28 00:00:00-04:00,0.710358762388536,0.7590134244691763,0.6325111870576469,0.670461893081665,12100,0.0,0.0
2022-10-31 00:00:00-04:00,0.6510000133738846,0.7492824749317433,0.6325111726045974,0.7346860766410828,11800,0.0,0.0
2022-11-01 00:00:00-04:00,0.7483094306387224,0.7492825123064515,0.6354305071587967,0.6928430795669556,6000,0.0,0.0
2022-11-02 00:00:00-04:00,0.6519731306889796,0.6870044769043648,0.6519731306889796,0.6617040634155273,4600,0.0,0.0
2022-11-03 00:00:00-04:00,0.6325112072349497,0.6811659288686229,0.6325112072349497,0.6617040634155273,6700,0.0,0.0
2022-11-04 00:00:00-04:00,0.6519730811523229,0.6908968091011047,0.6334842987764656,0.6908968091011047,14300,0.0,0.0
2022-11-07 00:00:00-05:00,0.6908968268117,0.7152242154042319,0.6772735100802174,0.7084125280380249,14100,0.0,0.0
2022-11-08 00:00:00-05:00,0.6821389633013251,0.7298205999604622,0.6821389633013251,0.7006278038024902,8400,0.0,0.0
2022-11-09 00:00:00-05:00,0.707439486954092,0.7590134539640838,0.6811659336090088,0.6811659336090088,15200,0.0,0.0
2022-11-10 00:00:00-05:00,0.710358738899231,0.7687443894663037,0.710358738899231,0.710358738899231,14200,0.0,0.0
2022-11-11 00:00:00-05:00,0.7784753292940735,0.7784753292940735,0.7492824747200686,0.7706905603408813,42900,0.0,0.0
2022-11-14 00:00:00-05:00,0.7706905620712026,0.817399059893361,0.7395515441894531,0.7395515441894531,38000,0.0,0.0
2022-11-15 00:00:00-05:00,0.7395515720828163,0.8368610138835799,0.7395515720828163,0.7502556443214417,140600,0.0,0.0
2022-11-16 00:00:00-05:00,0.7395515566716815,0.7784753441810608,0.6811659044080787,0.7784753441810608,77600,0.0,0.0
2022-11-17 00:00:00-05:00,0.7687444046706835,0.7872331876158228,0.7590134143829346,0.7590134143829346,7400,0.0,0.0
2022-11-18 00:00:00-05:00,0.7590134143829346,0.7794484185859963,0.7590134143829346,0.7590134143829346,10200,0.0,0.0
2022-11-21 00:00:00-05:00,0.7590133981986212,0.7872331708297841,0.7424708368641385,0.7775022387504578,9500,0.0,0.0
2022-11-22 00:00:00-05:00,0.7424708604812622,0.8271300650657998,0.7424708604812622,0.7424708604812622,19200,0.0,0.0
2022-11-23 00:00:00-05:00,0.7424708621470112,0.8222646007161398,0.7424708621470112,0.7882062792778015,30100,0.0,0.0
2022-11-25 00:00:00-05:00,0.7784753278172165,0.7882062599897804,0.7590134054711577,0.765825092792511,8000,0.0,0.0
2022-11-28 00:00:00-05:00,0.7424708694665068,0.8261569354241663,0.7424708694665068,0.8173990845680237,18200,0.0,0.0
2022-11-29 00:00:00-05:00,0.8173990792614305,0.8368610021492513,0.778475349487654,0.7979372143745422,20700,0.0,0.0
2022-11-30 00:00:00-05:00,0.778475358488691,0.8563228769372802,0.778475358488691,0.8271300792694092,43400,0.0,0.0
2022-12-01 00:00:00-05:00,0.7979371991434288,0.9730941537848055,0.7979371991434288,0.9390358328819275,46900,0.0,0.0
2022-12-02 00:00:00-05:00,0.9439013641826149,1.041210803500737,0.863134544628816,0.9584977626800537,78500,0.0,0.0
2022-12-05 00:00:00-05:00,0.9730941597667195,1.0227219609868072,0.8952466432256428,0.9536322951316833,75700,0.0,0.0
2022-12-06 00:00:00-05:00,0.9828251245227487,1.0801345669115279,0.8952466727735944,1.0655381679534912,34700,0.0,0.0
2022-12-07 00:00:00-05:00,1.0898654728245314,1.119058270024739,0.8971928140999914,0.9828251004219055,82600,0.0,0.0
2022-12-08 00:00:00-05:00,1.0022869745249157,1.0606726854691109,0.9925560420345274,1.016883373260498,60600,0.0,0.0
2022-12-09 00:00:00-05:00,1.1190582332839842,1.1190582332839842,1.0217487964762766,1.060672640800476,148100,0.0,0.0
2022-12-12 00:00:00-05:00,1.0120179003716605,1.0519147697210858,0.9828251030921391,0.9925560355186462,54500,0.0,0.0
2022-12-13 00:00:00-05:00,1.060672646724098,1.1190582395336768,1.060672646724098,1.0801345109939575,77900,0.0,0.0
2022-12-14 00:00:00-05:00,1.0509417438879953,1.235829575607944,1.0509417438879953,1.1774439811706543,52400,0.0,0.0
2022-12-15 00:00:00-05:00,1.1579821109771729,1.1677130433381688,1.0995964008093324,1.1579821109771729,56700,0.0,0.0
2022-12-16 00:00:00-05:00,1.128789220205738,1.2611300653339506,1.128789220205738,1.2455605268478394,72400,0.0,0.0
2022-12-19 00:00:00-05:00,1.2650224121874916,1.38179372069725,1.2358296140605192,1.313677191734314,92200,0.0,0.0
2022-12-20 00:00:00-05:00,1.4207175167277948,1.4207175167277948,1.1385201302533168,1.1579821109771729,127200,0.0,0.0
2022-12-21 00:00:00-05:00,1.1482510899296705,1.2650223970413208,1.1482510899296705,1.2650223970413208,44700,0.0,0.0
2022-12-22 00:00:00-05:00,1.2358295275429692,1.2358295275429692,1.0519147266155005,1.2212331295013428,99500,0.0,0.0
2022-12-23 00:00:00-05:00,1.2066367575243258,1.2066367575243258,1.1093273191429713,1.1190582513809204,65700,0.0,0.0
2022-12-27 00:00:00-05:00,1.119058278217237,1.2066367864608765,1.0995964132746203,1.2066367864608765,181200,0.0,0.0
2022-12-28 00:00:00-05:00,1.167713028572529,1.1871748930484274,1.1141927852619458,1.1190582513809204,89400,0.0,0.0
2022-12-29 00:00:00-05:00,1.1287892213782944,1.1677130676340055,1.0801345585609885,1.118085265159607,64000,0.0,0.0
2022-12-30 00:00:00-05:00,1.0995963840713077,1.128789180709924,1.0704035874326914,1.1093273162841797,64700,0.0,0.0
2023-01-03 00:00:00-05:00,1.1093273085851303,1.2698878049850464,1.1093273085851303,1.2698878049850464,93500,0.0,0.0
2023-01-04 00:00:00-05:00,1.2650224083093509,1.4109866305004717,1.2260986775927147,1.3856861591339111,125300,0.0,0.0
2023-01-05 00:00:00-05:00,1.4693722439568297,1.4693722439568297,1.31367720324668,1.3623318672180176,158100,0.0,0.0
2023-01-06 00:00:00-05:00,1.420717579985492,1.4304485127797595,1.2844844048638773,1.3623318672180176,84800,0.0,0.0
2023-01-09 00:00:00-05:00,1.3720628000122852,1.420717579985492,1.3428700016294826,1.3623318672180176,92600,0.0,0.0
2023-01-10 00:00:00-05:00,1.362331791994566,1.362331791994566,1.1774439631105074,1.3088116645812988,1417900,0.0,0.0
2023-01-11 00:00:00-05:00,1.2942153332200441,1.362331862546333,1.2942153332200441,1.3428699970245361,70000,0.0,0.0
2023-01-12 00:00:00-05:00,1.3331390619277954,1.3817937256470378,1.323408129183947,1.3331390619277954,86600,0.0,0.0
2023-01-13 00:00:00-05:00,1.3331390571522956,1.3623318552792683,1.2942153263163323,1.313677191734314,56300,0.0,0.0
2023-01-17 00:00:00-05:00,1.2942152513502494,1.333138979931596,1.187174881749685,1.2698878049850464,89500,0.0,0.0
2023-01-18 00:00:00-05:00,1.2455605293715108,1.2844843756656539,1.2455605293715108,1.25529146194458,39000,0.0,0.0
2023-01-19 00:00:00-05:00,1.2650223867062849,1.2747533192192666,1.2163677241413762,1.226098656654358,37200,0.0,0.0
2023-01-20 00:00:00-05:00,1.235829601691668,1.3029731063128172,1.235829601691668,1.2747533321380615,70300,0.0,0.0
2023-01-23 00:00:00-05:00,1.2650224051327765,1.3331390497177111,1.2650224051327765,1.2844843864440918,52900,0.0,0.0
2023-01-24 00:00:00-05:00,1.2942153056164705,1.2942153056164705,1.1774439989743688,1.2455605268478394,82000,0.0,0.0
2023-01-25 00:00:00-05:00,1.2163677189321849,1.2377757471686899,1.2066367864608765,1.2066367864608765,54000,0.0,0.0
2023-01-26 00:00:00-05:00,1.2260986592177723,1.245560524284425,1.2260986592177723,1.2358295917510986,13900,0.0,0.0
2023-01-27 00:00:00-05:00,1.2455605163461094,1.265022381288726,1.1969058539895683,1.2066367864608765,106200,0.0,0.0
2023-01-30 00:00:00-05:00,1.1969058432252953,1.2552914375280588,1.1287892005368736,1.1677130460739136,38600,0.0,0.0
2023-01-31 00:00:00-05:00,1.1482510833320723,1.1823094632119338,1.1287892182589319,1.1540896892547607,36600,0.0,0.0
2023-02-01 00:00:00-05:00,1.1482510731124542,1.235829581163989,1.1482510731124542,1.1969058513641357,65700,0.0,0.0
2023-02-02 00:00:00-05:00,1.2358295865422406,1.2650223840191757,1.1677130590960587,1.2163677215576172,118900,0.0,0.0
2023-02-03 00:00:00-05:00,1.1871748703640308,1.245560462676101,1.1774439383120192,1.2309640645980835,69300,0.0,0.0
2023-02-06 00:00:00-05:00,1.1871749371859959,1.235829600184657,1.1482510907852002,1.183282494544983,112400,0.0,0.0
2023-02-07 00:00:00-05:00,1.1774439864642092,1.2338834178743694,1.1482510731124542,1.1969058513641357,77700,0.0,0.0
2023-02-08 00:00:00-05:00,1.1774439940894492,1.2932421605950515,1.1774439940894492,1.226098656654358,61900,0.0,0.0
2023-02-09 00:00:00-05:00,1.27475334256219,1.381793718166948,1.27475334256219,1.3039462566375732,274500,0.0,0.0
2023-02-10 00:00:00-05:00,1.2747532588321362,1.29616140214805,1.216367666520066,1.2309640645980835,57800,0.0,0.0
2023-02-13 00:00:00-05:00,1.2260986791063306,1.3331390547110888,1.1969058810328153,1.3039462566375732,25400,0.0,0.0
2023-02-14 00:00:00-05:00,1.2747533448964825,1.3331390571522956,1.2650224121874916,1.313677191734314,26000,0.0,0.0
2023-02-15 00:00:00-05:00,1.3039462434131153,1.3039462434131153,1.1677130711165014,1.2650223970413208,39800,0.0,0.0
2023-02-16 00:00:00-05:00,1.2650223919545454,1.2650223919545454,1.2163677291877806,1.2455605268478394,19800,0.0,0.0
2023-02-17 00:00:00-05:00,1.245560539823329,1.4207175596120933,1.245560539823329,1.2844843864440918,72000,0.0,0.0
2023-02-21 00:00:00-05:00,1.284484380751527,1.330219740825666,1.2455605343032663,1.2747533321380615,95900,0.0,0.0
2023-02-22 00:00:00-05:00,1.265022409871018,1.3506547567555718,1.265022409871018,1.3039462566375732,89600,0.0,0.0
2023-02-23 00:00:00-05:00,1.3039462542139173,1.3526009175793416,1.2844843888677475,1.2942153215408325,45900,0.0,0.0
2023-02-24 00:00:00-05:00,1.2650223919545454,1.2942153056164705,1.1969058640810748,1.2455605268478394,121700,0.0,0.0
2023-02-27 00:00:00-05:00,1.2455605163461094,1.249452958935752,1.1969058539895683,1.2066367864608765,88200,0.0,0.0
2023-02-28 00:00:00-05:00,1.187174899010352,1.2115022297273954,1.0704035955666802,1.1385201215744019,99900,0.0,0.0
2023-03-01 00:00:00-05:00,1.1677130590960587,1.2552914515268638,1.1677130590960587,1.2163677215576172,179800,0.0,0.0
2023-03-02 00:00:00-05:00,1.2163677441542857,1.3136771868870023,1.2163677441542857,1.2942153215408325,72600,0.0,0.0
2023-03-03 00:00:00-05:00,1.2942153239464014,1.372062785475776,1.2844843912552297,1.3039462566375732,248400,0.0,0.0
2023-03-06 00:00:00-05:00,1.3039462704524123,1.3720628000122852,1.2844844048638773,1.3623318672180176,80200,0.0,0.0
2023-03-07 00:00:00-05:00,1.3623318672180176,1.4304485127797595,1.333139068835215,1.3623318672180176,272800,0.0,0.0
2023-03-08 00:00:00-05:00,1.3428699874022607,1.3623318527846042,1.2844843912552297,1.3039462566375732,44000,0.0,0.0
2023-03-09 00:00:00-05:00,1.274753349462836,1.342869994671644,1.2650224167189876,1.3331390619277954,43600,0.0,0.0
2023-03-10 00:00:00-05:00,1.313677189328745,1.3526009200934326,1.27475334256219,1.3039462566375732,41900,0.0,0.0
2023-03-13 00:00:00-04:00,1.265022394517649,1.2942153082387229,1.2260986642253726,1.25529146194458,86100,0.0,0.0
2023-03-14 00:00:00-04:00,1.2358295917510986,1.2552914568177513,1.177443996551141,1.2358295917510986,30000,0.0,0.0
2023-03-15 00:00:00-04:00,1.2066367890653054,1.2455605190345522,1.1677130590960587,1.2163677215576172,61400,0.0,0.0
2023-03-16 00:00:00-04:00,1.1969058591154127,1.2650223867062849,1.187174926602431,1.226098656654358,31300,0.0,0.0
2023-03-17 00:00:00-04:00,1.2358295727604711,1.2942152830650988,1.1677130460739136,1.1677130460739136,34800,0.0,0.0
2023-03-20 00:00:00-04:00,1.1677130514108582,1.2066367811239318,1.1677130514108582,1.187174916267395,55300,0.0,0.0
2023-03-21 00:00:00-04:00,1.1774439811706543,1.2134484078732768,1.1579821163582245,1.1774439811706543,50300,0.0,0.0
2023-03-22 00:00:00-04:00,1.1677130514108582,1.2163677135522002,1.1482510705524565,1.187174916267395,52300,0.0,0.0
2023-03-23 00:00:00-04:00,1.1969058459830841,1.2786457477964086,1.1774439811706543,1.1774439811706543,79400,0.0,0.0
2023-03-24 00:00:00-04:00,1.1579820992673058,1.235829557368057,1.1093273219524733,1.1287891864776611,80600,0.0,0.0
2023-03-27 00:00:00-04:00,1.1774439515449302,1.2163676801904284,1.0801345139293237,1.0898654460906982,61300,0.0,0.0
2023-03-28 00:00:00-04:00,1.0898654917996222,1.0995964243691116,0.9730941849638818,1.0003408193588257,84200,0.0,0.0
2023-03-29 00:00:00-04:00,0.9925560571614399,1.0801345669115279,0.9925560571614399,1.0655381679534912,85800,0.0,0.0
2023-03-30 00:00:00-04:00,1.0606726437892124,1.1093273043292338,1.0314797314633388,1.0704035758972168,106500,0.0,0.0
2023-03-31 00:00:00-04:00,1.0509417145891682,1.0898654431288874,1.0509417145891682,1.0801345109939575,7300,0.0,0.0
2023-04-03 00:00:00-04:00,1.0509417026312027,1.1044618287643466,1.0412107706069946,1.0412107706069946,41800,0.0,0.0
2023-04-04 00:00:00-04:00,1.041210754507586,1.0509416863813323,0.9730941153895031,1.0022869110107422,62300,0.0,0.0
2023-04-05 00:00:00-04:00,0.9828251030921391,1.0509417460795538,0.9536323058126177,0.9925560355186462,53400,0.0,0.0
2023-04-06 00:00:00-04:00,0.9828251165868143,0.9837982562435725,0.9487668526264024,0.9546054005622864,53100,0.0,0.0
2023-04-10 00:00:00-04:00,0.9546053848615184,0.9925560328219748,0.9546053848615184,0.9828251004219055,17300,0.0,0.0
2023-04-11 00:00:00-04:00,0.9633632356217672,1.0071524314220786,0.9633632356217672,0.9828251004219055,24800,0.0,0.0
2023-04-12 00:00:00-04:00,0.9730941666802086,1.0022869638401675,0.9730941666802086,0.9779596328735352,36600,0.0,0.0
2023-04-13 00:00:00-04:00,0.9633632329520623,1.0022869624444724,0.9633632329520623,0.9730941653251648,123100,0.0,0.0
2023-04-14 00:00:00-04:00,0.9536323058126177,1.0120179003716605,0.9536323058126177,0.9925560355186462,7900,0.0,0.0
2023-04-17 00:00:00-04:00,1.0217488271906774,1.0217488271906774,0.9730941653251648,0.9730941653251648,16100,0.0,0.0
2023-04-18 00:00:00-04:00,0.9730941795242273,1.0314797746147852,0.9730941795242273,1.0266143083572388,29000,0.0,0.0
2023-04-19 00:00:00-04:00,1.0704036438018396,1.1093273747031134,1.0314797968986977,1.104461908340454,59200,0.0,0.0
2023-04-20 00:00:00-04:00,1.0421838031828878,1.0995963722212296,1.0217487993553345,1.0704035758972168,37200,0.0,0.0
2023-04-21 00:00:00-04:00,1.0217487843360014,1.060672628197713,0.9925559884411119,1.0314797163009644,76700,0.0,0.0
2023-04-24 00:00:00-04:00,1.0314797255965604,1.07040356980905,1.0314797255965604,1.0509417057037354,21600,0.0,0.0
2023-04-25 00:00:00-04:00,1.012017849269087,1.0392644818878414,1.012017849269087,1.0217487812042236,9900,0.0,0.0
2023-04-26 00:00:00-04:00,1.0120179003716605,1.030506741583143,0.9828251030921391,0.9925560355186462,67000,0.0,0.0
2023-04-27 00:00:00-04:00,0.9828251030921391,1.007152434158407,0.9828251030921391,0.9925560355186462,5600,0.0,0.0
2023-04-28 00:00:00-04:00,0.9828250472632495,1.0042330741851198,0.9828250472632495,1.0022869110107422,12800,0.0,0.0
2023-05-01 00:00:00-04:00,0.9974215017318998,1.0022869679451534,0.9925560355186462,0.9925560355186462,43600,0.0,0.0
2023-05-02 00:00:00-04:00,0.973094170665632,1.0421838372945786,0.973094170665632,0.9925560355186462,12600,0.0,0.0
2023-05-03 00:00:00-04:00,0.9828251004219055,1.0412108108241853,0.9828251004219055,0.9828251004219055,10300,0.0,0.0
2023-05-04 00:00:00-04:00,0.9730941680218363,1.0168833638221477,0.9730941680218363,0.9828251004219055,8000,0.0,0.0
2023-05-05 00:00:00-04:00,0.9828250976982673,1.0061794049948318,0.9536323005789598,0.9730941653251648,38700,0.0,0.0
2023-05-08 00:00:00-04:00,0.973094149302108,0.9876905476214162,0.9244394302368164,0.9244394302368164,35200,0.0,0.0
2023-05-09 00:00:00-04:00,0.9341703534816711,0.951686054497063,0.9244394213622158,0.9312511086463928,54800,0.0,0.0
2023-05-10 00:00:00-04:00,0.8757846997628144,0.8952466219359623,0.8757846997628144,0.8855156898498535,76300,0.0,0.0
2023-05-11 00:00:00-04:00,0.8757847142647316,0.9653093837408392,0.8368609852757675,0.8981658816337585,50300,0.0,0.0
2023-05-12 00:00:00-04:00,0.8660538196563721,0.8757847523265215,0.8368610216459238,0.8660538196563721,22100,0.0,0.0
2023-05-15 00:00:00-04:00,0.866053816573603,0.9147085377520947,0.866053816573603,0.8971928358078003,18200,0.0,0.0
2023-05-16 00:00:00-04:00,0.9049775968964052,0.973094182727197,0.8855157318021599,0.949739933013916,49500,0.0,0.0
2023-05-17 00:00:00-04:00,0.9497399003910287,0.9497399003910287,0.9244394302368164,0.9244394302368164,31200,0.0,0.0
2023-05-18 00:00:00-04:00,0.8952466500904726,0.9263856685458663,0.8903811838944047,0.9010851979255676,23600,0.0,0.0
2023-05-19 00:00:00-04:00,0.8855157336033119,0.9166546946170684,0.8563228779016322,0.8728654980659485,19700,0.0,0.0
2023-05-22 00:00:00-04:00,0.8757847547531128,0.8855157454511583,0.8757847547531128,0.8757847547531128,13700,0.0,0.0
2023-05-23 00:00:00-04:00,0.8563228429140202,0.875784707252679,0.8271300464060319,0.8378340601921082,71400,0.0,0.0
2023-05-24 00:00:00-04:00,0.8173990845680237,0.8757847376086635,0.7784753545415525,0.8173990845680237,118300,0.0,0.0
2023-05-25 00:00:00-04:00,0.7882062922481772,0.8757847433864487,0.7784753596773618,0.8319955468177795,18500,0.0,0.0
2023-05-26 00:00:00-04:00,0.8757847026472929,0.8757847026472929,0.7862600923596763,0.8592421412467957,27900,0.0,0.0
2023-05-30 00:00:00-04:00,0.828103151349965,0.828103151349965,0.778475349487654,0.7979372143745422,100000,0.0,0.0
2023-05-31 00:00:00-04:00,0.778475326253031,0.7979371905590542,0.7200896753340303,0.7969641089439392,49800,0.0,0.0
2023-06-01 00:00:00-04:00,0.7687444399325077,0.8222646279658723,0.7687444399325077,0.7989103198051453,61300,0.0,0.0
2023-06-02 00:00:00-04:00,0.7833407824711247,0.8660537627317043,0.7833407824711247,0.8397802114486694,19700,0.0,0.0
2023-06-05 00:00:00-04:00,0.810587431742859,0.8397802284246254,0.7298206130553349,0.7804214954376221,34700,0.0,0.0
2023-06-06 00:00:00-04:00,0.7687444364575295,0.807668167214258,0.7395515803890492,0.7843139171600342,28600,0.0,0.0
2023-06-07 00:00:00-04:00,0.7843138809726307,0.8319955185507641,0.7784753332286926,0.821291446685791,27200,0.0,0.0
2023-06-08 00:00:00-04:00,0.7920986638422629,0.820318379433443,0.7298206268127446,0.7882062792778015,35100,0.0,0.0
2023-06-09 00:00:00-04:00,0.7784753160817915,0.8183721837886078,0.7687443840559203,0.8037757277488708,19200,0.0,0.0
2023-06-12 00:00:00-04:00,0.7882062765581725,0.7882062765581725,0.7784753441810608,0.7784753441810608,22600,0.0,0.0
2023-06-13 00:00:00-04:00,0.7784753624727356,0.8076681602900082,0.7784753624727356,0.8008565306663513,26300,0.0,0.0
2023-06-14 00:00:00-04:00,0.8076681212112704,0.9049775585624296,0.8076681212112704,0.9001120924949646,89200,0.0,0.0
2023-06-15 00:00:00-04:00,0.885515701385328,0.9439013526634917,0.8757847111715248,0.9244394302368164,80000,0.0,0.0
2023-06-16 00:00:00-04:00,0.9536322848763639,0.973094149302108,0.9059506474321732,0.9244394302368164,75800,0.0,0.0
2023-06-20 00:00:00-04:00,1.0120179000991343,1.0314797649469076,0.8660537977389691,0.9516860842704773,167400,0.0,0.0
2023-06-21 00:00:00-04:00,0.9390358386544744,0.9633632274492014,0.9001121093844019,0.9536322951316833,56600,0.0,0.0
2023-06-22 00:00:00-04:00,0.9244394619906506,0.9633632501800744,0.9049775968964052,0.949739933013916,48900,0.0,0.0
2023-06-23 00:00:00-04:00,0.9147084862874825,0.9215201735496521,0.9049775541994662,0.9215201735496521,50500,0.0,0.0
2023-06-26 00:00:00-04:00,0.8845425500524114,0.8952466217455993,0.8368609712404314,0.8495112061500549,68400,0.0,0.0
2023-06-27 00:00:00-04:00,0.8465919531233419,0.8757847510926615,0.8271300878104622,0.8611883521080017,51600,0.0,0.0
2023-06-28 00:00:00-04:00,0.8563228467457805,0.9244394302368164,0.8349147610769033,0.9244394302368164,42800,0.0,0.0
2023-06-29 00:00:00-04:00,0.9244394480205581,1.002286965222044,0.8952466508203505,0.9828251004219055,86000,0.0,0.0
2023-06-30 00:00:00-04:00,0.9633632260382116,0.9711479950811968,0.9244394388242171,0.948766827583313,18600,0.0,0.0
2023-07-03 00:00:00-04:00,0.9536322937349458,0.982825090644743,0.9439013614316801,0.948766827583313,23500,0.0,0.0
2023-07-05 00:00:00-04:00,0.953632332331873,0.9721211160565716,0.8475650383313026,0.8757847547531128,71300,0.0,0.0
2023-07-06 00:00:00-04:00,0.8952466619210749,0.9721210984359546,0.8855157294003458,0.9400089979171753,26800,0.0,0.0
2023-07-07 00:00:00-04:00,0.9040044918169693,0.9244394380362221,0.895246641151309,0.907896876335144,36400,0.0,0.0
2023-07-10 00:00:00-04:00,0.8757847070076504,0.9244394258416156,0.8757847070076504,0.9098430275917053,29700,0.0,0.0
2023-07-11 00:00:00-04:00,0.8952466363619077,0.9730941523061379,0.8952466363619077,0.9341703653335571,46700,0.0,0.0
2023-07-12 00:00:00-04:00,0.960443927324374,0.9633632302284241,0.9536322978828331,0.9633632302284241,12700,0.0,0.0
2023-07-13 00:00:00-04:00,0.9001121145259638,0.9730941653251648,0.9001121145259638,0.9730941653251648,28600,0.0,0.0
2023-07-14 00:00:00-04:00,0.9828250920842376,0.9828250920842376,0.9010851910159674,0.9536322951316833,25000,0.0,0.0
2023-07-17 00:00:00-04:00,0.9331972908641498,0.9730941597667195,0.90984304170192,0.9536322951316833,16400,0.0,0.0
2023-07-18 00:00:00-04:00,0.9439013682058572,0.9730941653251648,0.9098430468990664,0.9730941653251648,45400,0.0,0.0
2023-07-19 00:00:00-04:00,0.9682287124114028,0.992556043677646,0.9682287124114028,0.9760134816169739,44900,0.0,0.0
2023-07-20 00:00:00-04:00,0.9633632109493866,0.9711479798704417,0.9030313388126059,0.904977560043335,23300,0.0,0.0
2023-07-21 00:00:00-04:00,0.9147084921941885,0.9682286770248134,0.904977560043335,0.904977560043335,6100,0.0,0.0
2023-07-24 00:00:00-04:00,0.9730941597667195,0.9730941597667195,0.8952466432256428,0.9536322951316833,42900,0.0,0.0
2023-07-25 00:00:00-04:00,0.9730941597667195,0.9828250920842376,0.9147085078606791,0.9536322951316833,33700,0.0,0.0
2023-07-26 00:00:00-04:00,0.973094149302108,0.973094149302108,0.9156815796450453,0.9244394302368164,21600,0.0,0.0
2023-07-27 00:00:00-04:00,0.9623901513149384,0.9730941653251648,0.8962197299765364,0.9730941653251648,59500,0.0,0.0
2023-07-28 00:00:00-04:00,0.9536323005789598,0.9906098667971222,0.9487668343924085,0.9730941653251648,111400,0.0,0.0
2023-07-31 00:00:00-04:00,0.9341703751907191,0.9730941625740152,0.9341703751907191,0.9633632302284241,24500,0.0,0.0
2023-08-01 00:00:00-04:00,0.9633632200632256,0.9633632200632256,0.9244394330906448,0.9341703653335571,7900,0.0,0.0
2023-08-02 00:00:00-04:00,0.8855157429976047,0.9633632623597339,0.8660538196563721,0.8660538196563721,46800,0.0,0.0
2023-08-03 00:00:00-04:00,0.8660537762281814,0.9147084951400757,0.8660537762281814,0.9147084951400757,16800,0.0,0.0
2023-08-04 00:00:00-04:00,0.9147084921941885,0.9594708264888591,0.904977560043335,0.904977560043335,20900,0.0,0.0
2023-08-07 00:00:00-04:00,0.9293049090179235,0.9633632302284241,0.924439442845128,0.9633632302284241,17000,0.0,0.0
2023-08-08 00:00:00-04:00,0.9049775864920918,0.9633632391045149,0.9049775864920918,0.9156816005706787,23600,0.0,0.0
2023-08-09 00:00:00-04:00,0.9195739612311721,0.9536322818697773,0.9147084951400757,0.9147084951400757,23300,0.0,0.0
2023-08-10 00:00:00-04:00,0.9205470428492051,0.96336321405197,0.9147084951400757,0.9147084951400757,6800,0.0,0.0
2023-08-11 00:00:00-04:00,0.9147085339259281,0.9244394665207358,0.8757847455457637,0.8825964331626892,21800,0.0,0.0
2023-08-14 00:00:00-04:00,0.8825963900481856,0.9487668096617847,0.8757847027640085,0.9312511086463928,21000,0.0,0.0
2023-08-15 00:00:00-04:00,0.9312511471927661,0.9312511471927661,0.8991390466690063,0.8991390466690063,9400,0.0,0.0
2023-08-16 00:00:00-04:00,0.8952466367601449,0.8981658816337585,0.8767578538902008,0.8981658816337585,3300,0.0,0.0
2023-08-17 00:00:00-04:00,0.9234663365858639,0.9244394181942887,0.8855156898498535,0.8855156898498535,7200,0.0,0.0
2023-08-18 00:00:00-04:00,0.9186008825092794,0.9400089681781566,0.890381167491764,0.9244394302368164,39200,0.0,0.0
2023-08-21 00:00:00-04:00,0.9176278080544445,0.9633632246126754,0.8923273377026467,0.9439013600349426,51600,0.0,0.0
2023-08-22 00:00:00-04:00,0.9730941537848055,0.9730941537848055,0.9390358328819275,0.9390358328819275,27300,0.0,0.0
2023-08-23 00:00:00-04:00,0.9439013466476797,0.9487668127231064,0.8952466278924816,0.904977560043335,38300,0.0,0.0
2023-08-24 00:00:00-04:00,0.875784701243453,0.8903811573982239,0.8271300407306514,0.8903811573982239,67900,0.0,0.0
2023-08-25 00:00:00-04:00,0.8855157348794434,0.8855157348794434,0.8368610139738153,0.8777309656143188,15400,0.0,0.0
2023-08-28 00:00:00-04:00,0.8417264698792783,0.8592421715092375,0.8417264698792783,0.8436726331710815,3900,0.0,0.0
2023-08-29 00:00:00-04:00,0.8436726513146549,0.8660538196563721,0.8436726513146549,0.8660538196563721,12800,0.0,0.0
2023-08-30 00:00:00-04:00,0.8563228370383323,0.8903811573982239,0.8524304525971221,0.8903811573982239,30000,0.0,0.0
2023-08-31 00:00:00-04:00,0.8572959303855896,0.8660537809979832,0.8563228487621973,0.8572959303855896,4100,0.0,0.0
2023-09-01 00:00:00-04:00,0.8572959662237021,0.9147085384160123,0.8563228845596313,0.8563228845596313,20200,0.0,0.0
2023-09-05 00:00:00-04:00,0.8271300866319077,0.8660538172022059,0.8271300866319077,0.8563228845596313,10400,0.0,0.0
2023-09-06 00:00:00-04:00,0.8563228440459887,0.9147084951400757,0.8563228440459887,0.9147084951400757,8600,0.0,0.0
2023-09-07 00:00:00-04:00,0.885515744231235,0.885515744231235,0.8563228881791838,0.8709192872047424,20100,0.0,0.0
2023-09-08 00:00:00-04:00,0.8709192835234931,0.9049776057734378,0.8271300866319077,0.8563228845596313,63400,0.0,0.0
2023-09-11 00:00:00-04:00,0.8368609964446636,0.8368609964446636,0.7590134214259051,0.7784753441810608,66200,0.0,0.0
2023-09-12 00:00:00-04:00,0.7502556362661683,0.8271300724230387,0.7298206316670579,0.807668149471283,18600,0.0,0.0
2023-09-13 00:00:00-04:00,0.7706906004230007,0.8757847547531128,0.7706906004230007,0.8757847547531128,3100,0.0,0.0
2023-09-14 00:00:00-04:00,0.8319955413288833,0.8319955413288833,0.8125336183147148,0.8173990845680237,3400,0.0,0.0
2023-09-15 00:00:00-04:00,0.8008565118487908,0.8008565118487908,0.7784753441810608,0.7784753441810608,1800,0.0,0.0
2023-09-18 00:00:00-04:00,0.8543766979238377,0.8543766979238377,0.7395515566716815,0.7784753441810608,18700,0.0,0.0
2023-09-19 00:00:00-04:00,0.7979372183158453,0.8261569341414072,0.7298206328743511,0.7307937145233154,19200,0.0,0.0
2023-09-20 00:00:00-04:00,0.8164260207101275,0.8164260207101275,0.7726368234760382,0.7940448522567749,4000,0.0,0.0
2023-09-21 00:00:00-04:00,0.7794484258185855,0.8183722133279648,0.7307937059320945,0.7784753441810608,8900,0.0,0.0
2023-09-22 00:00:00-04:00,0.8271300847810411,0.8514574163330403,0.7307937242330707,0.8057219982147217,24400,0.0,0.0
2023-09-25 00:00:00-04:00,0.7784753233420504,0.805721956468971,0.7307936863694742,0.7872331738471985,3100,0.0,0.0
2023-09-26 00:00:00-04:00,0.7307936991509778,0.7979372015311357,0.7307936991509778,0.7590134143829346,20200,0.0,0.0
2023-09-27 00:00:00-04:00,0.7307937145233154,0.7307937145233154,0.7307937145233154,0.7307937145233154,300,0.0,0.0
2023-09-28 00:00:00-04:00,0.7307937145233154,0.7307937145233154,0.7307937145233154,0.7307937145233154,1900,0.0,0.0
2023-09-29 00:00:00-04:00,0.739551566675368,0.739551566675368,0.7307937158173162,0.7356591820716858,11000,0.0,0.0
2023-10-02 00:00:00-04:00,0.7307937145233154,0.7327399358221769,0.7298206328743511,0.7307937145233154,15700,0.0,0.0
2023-10-03 00:00:00-04:00,0.7307937145233154,0.7346860991201055,0.7307937145233154,0.7307937145233154,5200,0.0,0.0
2023-10-04 00:00:00-04:00,0.7609596400097984,0.7687444090843201,0.7307937033467259,0.7687444090843201,7500,0.0,0.0
2023-10-05 00:00:00-04:00,0.7317667780352365,0.7541479454113562,0.7317667780352365,0.7492824792861938,5600,0.0,0.0
2023-10-06 00:00:00-04:00,0.7492824978573687,0.7531748824541588,0.7298206328743511,0.7307937145233154,14100,0.0,0.0
2023-10-09 00:00:00-04:00,0.7590134100854048,0.7599865497093219,0.739551545621963,0.7444170117378235,4600,0.0,0.0
2023-10-10 00:00:00-04:00,0.7006278481420903,0.7541479778187552,0.690896857472672,0.7337130308151245,6300,0.0,0.0
2023-10-11 00:00:00-04:00,0.7171703650916357,0.7337129843817112,0.7006278038024902,0.7006278038024902,4400,0.0,0.0
2023-10-12 00:00:00-04:00,0.7103587850492006,0.7103587850492006,0.6617040634155273,0.6617040634155273,27800,0.0,0.0
2023-10-13 00:00:00-04:00,0.6947892308235168,0.7045201633335039,0.6947892308235168,0.6947892308235168,3500,0.0,0.0
2023-10-16 00:00:00-04:00,0.7200896679078049,0.7200896679078049,0.6714349496435881,0.7006278038024902,11900,0.0,0.0
2023-10-17 00:00:00-04:00,0.7006278038024902,0.7006278038024902,0.7006278038024902,0.7006278038024902,2500,0.0,0.0
2023-10-18 00:00:00-04:00,0.7093856334686279,0.7230089506573117,0.6908968499983379,0.7093856334686279,17200,0.0,0.0
2023-10-19 00:00:00-04:00,0.6811659288686229,0.6967354676318468,0.6325112072349497,0.6617040634155273,9500,0.0,0.0
2023-10-20 00:00:00-04:00,0.6325111959772727,0.6500268977736812,0.6033183983172138,0.6227802634239197,12200,0.0,0.0
2023-10-23 00:00:00-04:00,0.5945605558397521,0.6519731283187866,0.5945605558397521,0.6519731283187866,14000,0.0,0.0
2023-10-24 00:00:00-04:00,0.6519731283187866,0.6568385946643726,0.6519731283187866,0.6519731283187866,7800,0.0,0.0
2023-10-25 00:00:00-04:00,0.6753273775440958,0.6928430795669556,0.6743542958763666,0.6928430795669556,12500,0.0,0.0
2023-10-26 00:00:00-04:00,0.7084125276798974,0.7453900933608093,0.7084125276798974,0.7444170117378235,11600,0.0,0.0
2023-10-27 00:00:00-04:00,0.7590134539640838,0.8076681759363561,0.6227802788424689,0.6811659336090088,20900,0.0,0.0
2023-10-30 00:00:00-04:00,0.7054932713508606,0.7775022382969943,0.6811658831658028,0.7054932713508606,12200,0.0,0.0
2023-10-31 00:00:00-04:00,0.6227802745084019,0.6811659288686229,0.6227802745084019,0.6617040634155273,14500,0.0,0.0
2023-11-01 00:00:00-04:00,0.6617040634155273,0.6617040634155273,0.6617040634155273,0.6617040634155273,4100,0.0,0.0
2023-11-02 00:00:00-04:00,0.6636502267604633,0.6714349961420751,0.6617040634155273,0.6617040634155273,11800,0.0,0.0
2023-11-03 00:00:00-04:00,0.6714349567636475,0.7298206076996573,0.6422421602961079,0.6889506578445435,58500,0.0,0.0
2023-11-06 00:00:00-05:00,0.7298206555812812,0.7298206555812812,0.6694888374562615,0.6811659336090088,36700,0.0,0.0
2023-11-07 00:00:00-05:00,0.669488829118885,0.6908968577992982,0.6373766700963975,0.6471076607704163,4200,0.0,0.0
2023-11-08 00:00:00-05:00,0.668515640815107,0.689923725938977,0.6471076136921665,0.6860313415527344,5600,0.0,0.0
2023-11-09 00:00:00-05:00,0.6519731306889796,0.7113318667216685,0.6519731306889796,0.6617040634155273,11700,0.0,0.0
2023-11-10 00:00:00-05:00,0.6626771359581011,0.6694888235733985,0.6325111985206604,0.6325111985206604,6600,0.0,0.0
2023-11-13 00:00:00-05:00,0.6646233710591278,0.6811659336090088,0.6325112116367365,0.6811659336090088,9200,0.0,0.0
2023-11-14 00:00:00-05:00,0.6714350008147413,0.6811659336090088,0.6617040680204737,0.6811659336090088,60300,0.0,0.0
2023-11-15 00:00:00-05:00,0.6617040175909307,0.7298205999604622,0.6617040175909307,0.7006278038024902,20400,0.0,0.0
2023-11-16 00:00:00-05:00,0.6685156784517347,0.6811659139189841,0.6033183958141972,0.613049328327179,41700,0.0,0.0
2023-11-17 00:00:00-05:00,0.6130492946909188,0.6763004105558253,0.6130492946909188,0.6548923254013062,12800,0.0,0.0
2023-11-20 00:00:00-05:00,0.6539192985846858,0.6996547175183041,0.6539192985846858,0.6811659336090088,7100,0.0,0.0
2023-11-21 00:00:00-05:00,0.6568385512637592,0.6646233201026917,0.6568385512637592,0.6646233201026917,2100,0.0,0.0
2023-11-22 00:00:00-05:00,0.6617040556341338,0.7599865794181824,0.6441883537319523,0.7599865794181824,14300,0.0,0.0
2023-11-24 00:00:00-05:00,0.7590134056159741,0.7638789297041152,0.705493278656661,0.7298206090927124,152400,0.0,0.0
2023-11-27 00:00:00-05:00,0.7298206555812812,0.7298206555812812,0.6811659336090088,0.6811659336090088,40900,0.0,0.0
2023-11-28 00:00:00-05:00,0.7522018106754683,0.7522018106754683,0.6480807388485718,0.7191166281700134,85600,0.0,0.0
2023-11-29 00:00:00-05:00,0.6908968664032763,0.6908968664032763,0.6422422024319386,0.6811659336090088,39600,0.0,0.0
2023-11-30 00:00:00-05:00,0.6636502135827427,0.6636502135827427,0.5838565320089073,0.6179147958755493,31900,0.0,0.0
2023-12-01 00:00:00-05:00,0.5965067003353296,0.6179147863802356,0.4758430401747003,0.5838565230369568,98900,0.0,0.0
2023-12-04 00:00:00-05:00,0.5673139153504713,0.6325111985206604,0.5673139153504713,0.6325111985206604,37500,0.0,0.0
2023-12-05 00:00:00-05:00,0.5984529344469736,0.6685156839134037,0.5984529344469736,0.6325111985206604,40900,0.0,0.0
2023-12-06 00:00:00-05:00,0.6062376809021165,0.6811658938444364,0.6062376809021165,0.6315380930900574,21600,0.0,0.0
2023-12-07 00:00:00-05:00,0.599426005990472,0.6325111878467712,0.5848296073480694,0.5935874581336975,70000,0.0,0.0
2023-12-08 00:00:00-05:00,0.5935874509577636,0.6101300126854623,0.5352017990930502,0.5741255283355713,28100,0.0,0.0
2023-12-11 00:00:00-05:00,0.5449327553554366,0.58385654430973,0.5176861204877116,0.5293632745742798,50100,0.0,0.0
2023-12-12 00:00:00-05:00,0.5293632431873361,0.5741255195294725,0.5254708587226001,0.5449327230453491,43000,0.0,0.0
2023-12-13 00:00:00-05:00,0.5575829638553874,0.5838565157649498,0.5575829638553874,0.5643945932388306,27000,0.0,0.0
2023-12-14 00:00:00-05:00,0.5643945710047131,0.5819102715877301,0.5595291050650893,0.5682869553565979,23200,0.0,0.0
2023-12-15 00:00:00-05:00,0.535201784904525,0.535201784904525,0.48654706664030817,0.5254708528518677,94100,0.0,0.0
2023-12-18 00:00:00-05:00,0.5254708651966494,0.5254708651966494,0.47681614578939696,0.4923856258392334,137000,0.0,0.0
2023-12-19 00:00:00-05:00,0.4865470826625824,0.5060089474087874,0.4768161502894799,0.4865470826625824,47000,0.0,0.0
2023-12-20 00:00:00-05:00,0.48752016429970624,0.48752016429970624,0.47097757346533875,0.4865470826625824,30100,0.0,0.0
2023-12-21 00:00:00-05:00,0.5040627717971802,0.5352017894295139,0.47681613861900457,0.5040627717971802,33000,0.0,0.0
2023-12-22 00:00:00-05:00,0.47097757605012486,0.5040627869009018,0.44762332662632126,0.4962780177593231,66800,0.0,0.0
2023-12-26 00:00:00-05:00,0.4962779911490048,0.5352017767688808,0.4962779911490048,0.5060089230537415,88100,0.0,0.0
2023-12-27 00:00:00-05:00,0.535201802529027,0.535201802529027,0.4865470826625824,0.4865470826625824,62600,0.0,0.0
2023-12-28 00:00:00-05:00,0.4914125635034026,0.5040627991660477,0.4865470971717597,0.49433186650276184,45600,0.0,0.0
2023-12-29 00:00:00-05:00,0.4855739950406024,0.506008941172064,0.47778922603769736,0.48752015829086304,88200,0.0,0.0
2024-01-02 00:00:00-05:00,0.5060089474087874,0.5137937165076423,0.4700044918282149,0.4865470826625824,54700,0.0,0.0
2024-01-03 00:00:00-05:00,0.48265469492438445,0.5011434779113152,0.47778922876997804,0.49725109338760376,21700,0.0,0.0
2024-01-04 00:00:00-05:00,0.5225515924212982,0.5546636940001406,0.5050358901053961,0.5536906123161316,32100,0.0,0.0
2024-01-05 00:00:00-05:00,0.5371479658032747,0.5371479658032747,0.4865470826625824,0.4865470826625824,24200,0.0,0.0
2024-01-08 00:00:00-05:00,0.4875201615149252,0.4875201615149252,0.468058296879889,0.4768161475658417,45100,0.0,0.0
2024-01-09 00:00:00-05:00,0.481681607025985,0.481681607025985,0.44762331538784517,0.45735424757003784,63800,0.0,0.0
2024-01-10 00:00:00-05:00,0.5157398549584782,0.5157398549584782,0.47681612733953144,0.5060089230537415,27600,0.0,0.0
2024-01-11 00:00:00-05:00,0.4962780150356849,0.5079551686839672,0.4865470826625824,0.4865470826625824,38300,0.0,0.0
2024-01-12 00:00:00-05:00,0.4865470826625824,0.5060089474087874,0.4865470826625824,0.4865470826625824,21500,0.0,0.0
2024-01-16 00:00:00-05:00,0.4865470699490944,0.4865470699490944,0.43789235135399884,0.4476233124732971,84200,0.0,0.0
2024-01-17 00:00:00-05:00,0.44762333864428405,0.47681616570805185,0.44762333864428405,0.45832735300064087,55100,0.0,0.0
2024-01-18 00:00:00-05:00,0.4573542663111301,0.47681616047347464,0.43789237214878557,0.4388654828071594,74200,0.0,0.0
2024-01-19 00:00:00-05:00,0.44762333373019114,0.44762333373019114,0.4388654828071594,0.4388654828071594,15700,0.0,0.0
2024-01-22 00:00:00-05:00,0.4388654670574105,0.46708518212958733,0.41356502585465676,0.4466502070426941,44200,0.0,0.0
2024-01-23 00:00:00-05:00,0.4768161439101566,0.5060089406388937,0.4505425920537344,0.46708518266677856,50800,0.0,0.0
2024-01-24 00:00:00-05:00,0.48654707988335977,0.5352017994718821,0.4651389939842609,0.4768161475658417,58700,0.0,0.0
2024-01-25 00:00:00-05:00,0.4865470812870076,0.5157398783237808,0.47681614894141655,0.48168161511421204,24900,0.0,0.0
2024-01-26 00:00:00-05:00,0.4962779895684979,0.5128206085544242,0.4476233011993015,0.5011434555053711,47600,0.0,0.0
2024-01-29 00:00:00-05:00,0.5060089474087874,0.5060089474087874,0.4865470826625824,0.4865470826625824,36100,0.0,0.0
2024-01-30 00:00:00-05:00,0.4962779911490048,0.5060089230537415,0.47681612733953144,0.5060089230537415,44800,0.0,0.0
2024-01-31 00:00:00-05:00,0.5060089381605386,0.5060089381605386,0.4777892231941223,0.4777892231941223,37800,0.0,0.0
2024-02-01 00:00:00-05:00,0.4962780150356849,0.50211656285936,0.4787623425641936,0.4865470826625824,20000,0.0,0.0
2024-02-02 00:00:00-05:00,0.5060089214422443,0.5157398533159907,0.4962779895684979,0.5011434555053711,36600,0.0,0.0
2024-02-05 00:00:00-05:00,0.5157398808420383,0.5264439528751998,0.506008948448933,0.5069820880889893,71800,0.0,0.0
2024-02-06 00:00:00-05:00,0.5157398701317535,0.5206053942281967,0.5079551591794923,0.5137937068939209,54200,0.0,0.0
2024-02-07 00:00:00-05:00,0.5060089350237938,0.5060089350237938,0.501143468956329,0.5040627717971802,60500,0.0,0.0
2024-02-08 00:00:00-05:00,0.501143468956329,0.5186591699995748,0.501143468956329,0.5040627717971802,58800,0.0,0.0
2024-02-09 00:00:00-05:00,0.5011434812222362,0.5011434812222362,0.4865470826625824,0.4865470826625824,17300,0.0,0.0
2024-02-12 00:00:00-05:00,0.4962780150356849,0.4991973179479885,0.4865470826625824,0.4865470826625824,76000,0.0,0.0
2024-02-13 00:00:00-05:00,0.4865470836142454,0.4865470836142454,0.4485964066842634,0.4505425989627838,43700,0.0,0.0
2024-02-14 00:00:00-05:00,0.4602735252275853,0.4836278032584627,0.45054259296499133,0.45151567459106445,34900,0.0,0.0
2024-02-15 00:00:00-05:00,0.45054258924240986,0.4787623331714203,0.45054258924240986,0.45735424757003784,56700,0.0,0.0
2024-02-16 00:00:00-05:00,0.4768161475658417,0.506008944518396,0.45151567713954915,0.4768161475658417,573000,0.0,0.0
2024-02-20 00:00:00-05:00,0.48654707615306897,0.5157398728818061,0.4573542504238662,0.46708518266677856,131000,0.0,0.0
2024-02-21 00:00:00-05:00,0.5108743906021118,0.5254708465057463,0.46708516789353194,0.5108743906021118,494500,0.0,0.0
2024-02-22 00:00:00-05:00,0.5254708587226001,0.5838565096917779,0.5060089363989203,0.5449327230453491,303600,0.0,0.0
2024-02-23 00:00:00-05:00,0.535201809085538,0.6714349799797673,0.5176861073990039,0.6081838607788086,400500,0.0,0.0
2024-02-26 00:00:00-05:00,0.6325111834740649,0.6422421738359929,0.5741255313071564,0.5789910554885864,393900,0.0,0.0
2024-02-27 00:00:00-05:00,0.5838565332105079,0.6383498019100309,0.5750986823123037,0.6227802634239197,226500,0.0,0.0
2024-02-28 00:00:00-05:00,0.6208341133354331,0.6422422002092943,0.587748872348302,0.6256995797157288,136800,0.0,0.0
2024-02-29 00:00:00-05:00,0.6422421968036708,0.6811659276396341,0.6325112060937458,0.656838595867157,255000,0.0,0.0
2024-03-01 00:00:00-05:00,0.6519731306889796,0.7298206505022962,0.6519731306889796,0.6617040634155273,502100,0.0,0.0
2024-03-04 00:00:00-05:00,0.6617040449147125,0.7103587651880313,0.6519731124602351,0.6801928281784058,274300,0.0,0.0
2024-03-05 00:00:00-05:00,0.6714349961420751,0.7103587850492006,0.6422421979624318,0.6617040634155273,111100,0.0,0.0
2024-03-06 00:00:00-05:00,0.6227802581730547,0.6607309644122761,0.4865470875728739,0.6033183932304382,317000,0.0,0.0
2024-03-07 00:00:00-05:00,0.6402959540633344,0.6422421753406524,0.5838565230369568,0.5838565230369568,129500,0.0,0.0
2024-03-08 00:00:00-05:00,0.6003990876331124,0.6510000290616,0.5838565257054291,0.5935874581336975,123100,0.0,0.0
2024-03-11 00:00:00-04:00,0.6617040187944055,0.7103587371471132,0.6422421546536946,0.669488787651062,975900,0.0,0.0
2024-03-12 00:00:00-04:00,0.6714349961420751,0.7103587850492006,0.6334843469083519,0.6617040634155273,222000,0.0,0.0
2024-03-13 00:00:00-04:00,0.6714350008147413,0.7298206555812812,0.6714350008147413,0.6811659336090088,521700,0.0,0.0
2024-03-14 00:00:00-04:00,0.6811658844635938,0.7249551368793831,0.6529461697960542,0.6743542551994324,194000,0.0,0.0
2024-03-15 00:00:00-04:00,0.6743542979437142,0.7006278510585499,0.6519731295126616,0.656838595867157,477600,0.0,0.0
2024-03-18 00:00:00-04:00,0.6519731283187866,0.690896859083474,0.6334843446053734,0.6519731283187866,168700,0.0,0.0
2024-03-19 00:00:00-04:00,0.6276457114089454,0.6510000184574912,0.6130493130043028,0.6412690281867981,150500,0.0,0.0
2024-03-20 00:00:00-04:00,0.6325111732638504,0.6617040278765295,0.6033183766521024,0.626672625541687,238700,0.0,0.0
2024-03-21 00:00:00-04:00,0.6325112131531134,0.6908968680596266,0.5848296307467041,0.5945605635643005,140200,0.0,0.0
2024-03-22 00:00:00-04:00,0.6364035805988004,0.6743542871579967,0.6033183983172138,0.6227802634239197,540500,0.0,0.0
2024-03-25 00:00:00-04:00,0.6227802718873843,0.6704619116479179,0.593587473830601,0.6062377095222473,823700,0.0,0.0
2024-03-26 00:00:00-04:00,0.6519731190849116,0.660730969983116,0.6072107829387416,0.6227802634239197,177800,0.0,0.0
2024-03-27 00:00:00-04:00,0.6500268636976335,0.6500268636976335,0.6130492987329762,0.6286188364028931,332400,0.0,0.0
2024-03-28 00:00:00-04:00,0.6422421798663193,0.6519731123186838,0.6033183920559284,0.6393228769302368,174100,0.0,0.0
2024-04-01 00:00:00-04:00,0.6325111687797423,0.6471076249830677,0.603318372374953,0.6120762228965759,346700,0.0,0.0
2024-04-02 00:00:00-04:00,0.6033183970755599,0.6510000360899784,0.5935874645422337,0.6179147958755493,228100,0.0,0.0
2024-04-03 00:00:00-04:00,0.6247264808162981,0.6675425953826561,0.5945605436893856,0.6081838607788086,573800,0.0,0.0
2024-04-04 00:00:00-04:00,0.6276457257634319,0.6422421825028323,0.5974798466374522,0.6081838607788086,343600,0.0,0.0
2024-04-05 00:00:00-04:00,0.608183826586185,0.6315380748549234,0.608183826586185,0.6140223741531372,31600,0.0,0.0
2024-04-08 00:00:00-04:00,0.6325111959772727,0.6636502149485619,0.606237701283593,0.6227802634239197,99600,0.0,0.0
2024-04-09 00:00:00-04:00,0.6227802800955418,0.6471076701310934,0.606237717512376,0.6402959823608398,61600,0.0,0.0
2024-04-10 00:00:00-04:00,0.6081838670394555,0.682139001143065,0.6081838670394555,0.6325111985206604,147300,0.0,0.0
2024-04-11 00:00:00-04:00,0.6237533182581194,0.6422421589156028,0.5352017894295139,0.5400672554969788,636300,0.0,0.0
2024-04-12 00:00:00-04:00,0.5400672680436701,0.6111031554802463,0.5400672680436701,0.5789910554885864,73700,0.0,0.0
2024-04-15 00:00:00-04:00,0.5819103017596388,0.5838565230369568,0.5643946002684368,0.5838565230369568,35200,0.0,0.0
2024-04-16 00:00:00-04:00,0.544932735500849,0.5838565230369568,0.540067269308952,0.5838565230369568,33800,0.0,0.0
2024-04-17 00:00:00-04:00,0.5546636704196914,0.6091569384187405,0.5546636704196914,0.5935874581336975,35300,0.0,0.0
2024-04-18 00:00:00-04:00,0.6081838327113598,0.6373766288410586,0.6081838327113598,0.6286188364028931,75100,0.0,0.0
2024-04-19 00:00:00-04:00,0.6276457297005962,0.6422421865315587,0.6130493308705668,0.6227802634239197,47100,0.0,0.0
2024-04-22 00:00:00-04:00,0.5741255438194767,0.62764573097229,0.5741255438194767,0.62764573097229,16300,0.0,0.0
2024-04-23 00:00:00-04:00,0.6052645222365576,0.6208340597093946,0.5955335903164992,0.6091569066047668,39800,0.0,0.0
2024-04-24 00:00:00-04:00,0.574125547169596,0.621807186656985,0.5556367635726929,0.5556367635726929,19700,0.0,0.0
2024-04-25 00:00:00-04:00,0.5741255536960249,0.6412690592063758,0.5731524720221649,0.5750986933708191,236200,0.0,0.0
2024-04-26 00:00:00-04:00,0.5838564936781716,0.6422421430459887,0.5789910277309309,0.6042914390563965,167800,0.0,0.0
2024-04-29 00:00:00-04:00,0.6130493308705668,0.6568385853615881,0.6130493308705668,0.6227802634239197,191900,0.0,0.0
2024-04-30 00:00:00-04:00,0.6461345215056848,0.6986816275742642,0.6315381224869463,0.6928430795669556,279600,0.0,0.0
2024-05-01 00:00:00-04:00,0.7161973098375958,0.8271300669214835,0.6626771235778827,0.7882062792778015,274100,0.0,0.0
2024-05-02 00:00:00-04:00,0.8611882982795539,0.875784696351868,0.8271300361108209,0.8446456789970398,282200,0.0,0.0
2024-05-03 00:00:00-04:00,0.8144798370046307,0.8465919373738618,0.7882062845204598,0.807668149471283,120900,0.0,0.0
2024-05-06 00:00:00-04:00,0.8271300501071642,0.9244394302368164,0.8271300501071642,0.9244394302368164,258200,0.0,0.0
2024-05-07 00:00:00-04:00,0.924439442845128,0.9730941625740152,0.924439442845128,0.9633632302284241,442800,0.0,0.0
2024-05-08 00:00:00-04:00,0.9536323058126177,0.9925560355186462,0.9147085181056568,0.9925560355186462,575900,0.0,0.0
2024-05-09 00:00:00-04:00,0.9925560002345226,1.0704035728810608,0.9925560002345226,1.060672640800476,395700,0.0,0.0
2024-05-10 00:00:00-04:00,1.0412107706069946,1.0995963627522425,1.0120178585325106,1.0412107706069946,395600,0.0,0.0
2024-05-13 00:00:00-04:00,1.0509416962327498,1.0509416962327498,0.9633631925462226,1.0314797163009644,563200,0.0,0.0
2024-05-14 00:00:00-04:00,1.0120178585325106,1.0509417026312027,0.9837982020630515,1.0412107706069946,244400,0.0,0.0
2024-05-15 00:00:00-04:00,1.0509417087198913,1.0704035728810608,1.0198026332605319,1.060672640800476,269100,0.0,0.0
2024-05-16 00:00:00-04:00,1.0509417174452003,1.0995963782520728,1.0217488049592152,1.0898654460906982,515800,0.0,0.0
2024-05-17 00:00:00-04:00,1.0801345196455634,1.1190582484970517,1.050941723006947,1.1093273162841797,599100,0.0,0.0
2024-05-20 00:00:00-04:00,1.1093273012033995,1.1093273012033995,1.0314797285568613,1.060672640800476,260700,0.0,0.0
2024-05-21 00:00:00-04:00,1.0509417202506832,1.099596381187439,1.031479739874119,1.099596381187439,230400,0.0,0.0
2024-05-22 00:00:00-04:00,1.0898654829164245,1.1482510778574762,1.0898654829164245,1.098623275756836,235000,0.0,0.0
2024-05-23 00:00:00-04:00,1.0606726377563926,1.099596365967022,1.0509417057037354,1.0509417057037354,196900,0.0,0.0
2024-05-24 00:00:00-04:00,1.012017849269087,1.0606726249466292,0.9925559853988135,1.0217487812042236,92200,0.0,0.0
2024-05-28 00:00:00-04:00,1.0120178523710381,1.0898654240926025,1.0120178523710381,1.0314797163009644,146300,0.0,0.0
2024-05-29 00:00:00-04:00,1.060672712495854,1.0995964434492131,1.031479798278966,1.0587265491485596,81200,0.0,0.0
2024-05-30 00:00:00-04:00,1.0509417737572366,1.0995964371711453,1.0509417737572366,1.0850000381469727,80100,0.0,0.0
2024-05-31 00:00:00-04:00,1.1299999952316284,1.1299999952316284,1.090000033378601,1.090000033378601,145400,0.03,0.0
2024-06-03 00:00:00-04:00,1.090000033378601,1.090000033378601,0.800000011920929,0.9750000238418579,1089100,0.0,0.0
2024-06-04 00:00:00-04:00,0.8799999952316284,1.0499999523162842,0.8799999952316284,1.0399999618530273,280100,0.0,0.0
2024-06-05 00:00:00-04:00,0.9900000095367432,1.0299999713897705,0.949999988079071,0.9850000143051147,468300,0.0,0.0
2024-06-06 00:00:00-04:00,0.9800000190734863,1.090000033378601,0.9800000190734863,1.0,393800,0.0,0.0
2024-06-07 00:00:00-04:00,1.0,1.0800000429153442,1.0,1.0700000524520874,3101400,0.0,0.0
2024-06-10 00:00:00-04:00,1.0700000524520874,1.1699999570846558,1.062999963760376,1.100000023841858,282500,0.0,0.0
2024-06-11 00:00:00-04:00,1.100000023841858,1.1299999952316284,1.0299999713897705,1.0299999713897705,134200,0.0,0.0
2024-06-12 00:00:00-04:00,1.0199999809265137,1.059999942779541,0.9800000190734863,1.0199999809265137,202300,0.0,0.0
2024-06-13 00:00:00-04:00,1.0199999809265137,1.0859999656677246,1.0199999809265137,1.0399999618530273,83400,0.0,0.0
2024-06-14 00:00:00-04:00,1.0199999809265137,1.090000033378601,1.0199999809265137,1.0399999618530273,185900,0.0,0.0
2024-06-17 00:00:00-04:00,1.0299999713897705,1.159999966621399,0.9520000219345093,1.100000023841858,1721000,0.0,0.0
2024-06-18 00:00:00-04:00,1.100000023841858,1.100000023841858,0.949999988079071,0.949999988079071,91100,0.0,0.0
2024-06-20 00:00:00-04:00,0.949999988079071,1.0199999809265137,0.949999988079071,0.9800000190734863,89900,0.0,0.0
2024-06-21 00:00:00-04:00,0.9700000286102295,0.9800000190734863,0.9200000166893005,0.9200000166893005,61500,0.0,0.0
2024-06-24 00:00:00-04:00,0.8999999761581421,0.9300000071525574,0.8799999952316284,0.8799999952316284,43100,0.0,0.0
2024-06-25 00:00:00-04:00,0.8799999952316284,0.9089999794960022,0.8299999833106995,0.8299999833106995,70800,0.0,0.0
2024-06-26 00:00:00-04:00,0.8399999737739563,0.9169999957084656,0.8299999833106995,0.8790000081062317,63400,0.0,0.0
2024-06-27 00:00:00-04:00,0.8550000190734863,0.8999999761581421,0.8519999980926514,0.8709999918937683,17500,0.0,0.0
2024-06-28 00:00:00-04:00,0.871999979019165,0.8820000290870667,0.8320000171661377,0.859000027179718,214100,0.0,0.0
2024-07-01 00:00:00-04:00,0.8199999928474426,0.8349999785423279,0.8100000023841858,0.8140000104904175,73700,0.0,0.0
2024-07-02 00:00:00-04:00,0.800000011920929,0.8399999737739563,0.800000011920929,0.8299999833106995,36400,0.0,0.0
2024-07-03 00:00:00-04:00,0.9760000109672546,1.0,0.8889999985694885,0.9300000071525574,208600,0.0,0.0
2024-07-05 00:00:00-04:00,0.8999999761581421,0.9649999737739563,0.8730000257492065,0.9399999976158142,74000,0.0,0.0
2024-07-08 00:00:00-04:00,0.9399999976158142,0.9990000128746033,0.9049999713897705,0.9049999713897705,96900,0.0,0.0
2024-07-09 00:00:00-04:00,0.9049999713897705,0.9430000185966492,0.8500000238418579,0.8799999952316284,39600,0.0,0.0
2024-07-10 00:00:00-04:00,0.8799999952316284,0.8899999856948853,0.8510000109672546,0.8579999804496765,46800,0.0,0.0
2024-07-11 00:00:00-04:00,0.8700000047683716,0.8999999761581421,0.8500000238418579,0.8550000190734863,25100,0.0,0.0
2024-07-12 00:00:00-04:00,0.8500000238418579,0.8830000162124634,0.8500000238418579,0.8600000143051147,22400,0.0,0.0
2024-07-15 00:00:00-04:00,0.8650000095367432,0.8830000162124634,0.8489999771118164,0.8560000061988831,21700,0.0,0.0
2024-07-16 00:00:00-04:00,0.8600000143051147,0.8600000143051147,0.8349999785423279,0.8399999737739563,17200,0.0,0.0
2024-07-17 00:00:00-04:00,0.8299999833106995,0.8600000143051147,0.8299999833106995,0.8389999866485596,12600,0.0,0.0
2024-07-18 00:00:00-04:00,0.8109999895095825,0.8209999799728394,0.8109999895095825,0.8109999895095825,65100,0.0,0.0
2024-07-19 00:00:00-04:00,0.8109999895095825,0.8259999752044678,0.800000011920929,0.8100000023841858,22500,0.0,0.0
2024-07-22 00:00:00-04:00,0.7680000066757202,0.843999981880188,0.7680000066757202,0.8050000071525574,6200,0.0,0.0
2024-07-23 00:00:00-04:00,0.7850000262260437,0.8050000071525574,0.7799999713897705,0.8050000071525574,32300,0.0,0.0
2024-07-24 00:00:00-04:00,0.7910000085830688,0.7990000247955322,0.7900000214576721,0.7979999780654907,20300,0.0,0.0
2024-07-25 00:00:00-04:00,0.7789999842643738,0.8289999961853027,0.7789999842643738,0.8180000185966492,33300,0.0,0.0
2024-07-26 00:00:00-04:00,0.8289999961853027,0.8289999961853027,0.8040000200271606,0.8190000057220459,9400,0.0,0.0
2024-07-29 00:00:00-04:00,0.800000011920929,0.800000011920929,0.7749999761581421,0.7820000052452087,68500,0.0,0.0
2024-07-30 00:00:00-04:00,0.7749999761581421,0.7870000004768372,0.7120000123977661,0.75,32200,0.0,0.0
2024-07-31 00:00:00-04:00,0.7300000190734863,0.7670000195503235,0.7300000190734863,0.7599999904632568,1500,0.0,0.0
2024-08-01 00:00:00-04:00,0.75,0.7549999952316284,0.7099999785423279,0.7149999737739563,54300,0.0,0.0
2024-08-02 00:00:00-04:00,0.7149999737739563,0.7400000095367432,0.6800000071525574,0.7160000205039978,28000,0.0,0.0
2024-08-05 00:00:00-04:00,0.7699999809265137,0.7699999809265137,0.6830000281333923,0.7450000047683716,33000,0.0,0.0
2024-08-06 00:00:00-04:00,0.7170000076293945,0.7429999709129333,0.6800000071525574,0.6909999847412109,62600,0.0,0.0
2024-08-07 00:00:00-04:00,0.7200000286102295,0.800000011920929,0.7099999785423279,0.7120000123977661,19700,0.0,0.0
2024-08-08 00:00:00-04:00,0.6949999928474426,0.699999988079071,0.6890000104904175,0.6940000057220459,16700,0.0,0.0
2024-08-09 00:00:00-04:00,0.6940000057220459,0.7379999756813049,0.6940000057220459,0.7059999704360962,7200,0.0,0.0
2024-08-12 00:00:00-04:00,0.7279999852180481,0.800000011920929,0.7200000286102295,0.7310000061988831,51100,0.0,0.0
2024-08-13 00:00:00-04:00,0.7649999856948853,0.7649999856948853,0.7289999723434448,0.7289999723434448,2400,0.0,0.0
2024-08-14 00:00:00-04:00,0.7200000286102295,0.8130000233650208,0.6809999942779541,0.7099999785423279,8300,0.0,0.0
2024-08-15 00:00:00-04:00,0.7289999723434448,0.7289999723434448,0.7179999947547913,0.7250000238418579,8900,0.0,0.0
2024-08-16 00:00:00-04:00,0.7139999866485596,0.7300000190734863,0.699999988079071,0.7300000190734863,67800,0.0,0.0
2024-08-19 00:00:00-04:00,0.7289999723434448,0.7289999723434448,0.6899999976158142,0.7080000042915344,35300,0.0,0.0
2024-08-20 00:00:00-04:00,0.7080000042915344,0.7300000190734863,0.7049999833106995,0.7260000109672546,29000,0.0,0.0
2024-08-21 00:00:00-04:00,0.7099999785423279,0.7300000190734863,0.7039999961853027,0.7149999737739563,31400,0.0,0.0
2024-08-22 00:00:00-04:00,0.7020000219345093,0.7289999723434448,0.6800000071525574,0.703000009059906,35800,0.0,0.0
2024-08-23 00:00:00-04:00,0.7099999785423279,0.7450000047683716,0.7099999785423279,0.7379999756813049,95500,0.0,0.0
2024-08-26 00:00:00-04:00,0.699999988079071,0.7350000143051147,0.6800000071525574,0.6899999976158142,27600,0.0,0.0
2024-08-27 00:00:00-04:00,0.6899999976158142,0.7039999961853027,0.6600000262260437,0.675000011920929,25600,0.0,0.0
2024-08-28 00:00:00-04:00,0.675000011920929,0.675000011920929,0.6000000238418579,0.6330000162124634,82000,0.0,0.0
2024-08-29 00:00:00-04:00,0.6330000162124634,0.6389999985694885,0.6119999885559082,0.621999979019165,23500,0.0,0.0
2024-08-30 00:00:00-04:00,0.6299999952316284,0.6299999952316284,0.6000000238418579,0.6209999918937683,13400,0.0,0.0
2024-09-03 00:00:00-04:00,0.6100000143051147,0.6240000128746033,0.6100000143051147,0.6200000047683716,11500,0.0,0.0
2024-09-04 00:00:00-04:00,0.6100000143051147,0.6299999952316284,0.6000000238418579,0.6100000143051147,21700,0.0,0.0
2024-09-05 00:00:00-04:00,0.6119999885559082,0.628000020980835,0.6119999885559082,0.6200000047683716,5100,0.0,0.0
2024-09-06 00:00:00-04:00,0.609000027179718,0.6159999966621399,0.5899999737739563,0.5899999737739563,3800,0.0,0.0
2024-09-09 00:00:00-04:00,0.5899999737739563,0.6200000047683716,0.5199999809265137,0.5540000200271606,222000,0.0,0.0
2024-09-10 00:00:00-04:00,0.503000020980835,0.6000000238418579,0.503000020980835,0.5699999928474426,36400,0.0,0.0
2024-09-11 00:00:00-04:00,0.5099999904632568,0.5699999928474426,0.5099999904632568,0.5590000152587891,85800,0.0,0.0
2024-09-12 00:00:00-04:00,0.531000018119812,0.5989999771118164,0.5099999904632568,0.5320000052452087,44200,0.0,0.0
2024-09-13 00:00:00-04:00,0.5099999904632568,0.531000018119812,0.5099999904632568,0.5249999761581421,37400,0.0,0.0
2024-09-16 00:00:00-04:00,0.5099999904632568,0.515999972820282,0.5,0.503000020980835,69100,0.0,0.0
2024-09-17 00:00:00-04:00,0.503000020980835,0.5540000200271606,0.5019999742507935,0.515999972820282,46000,0.0,0.0
2024-09-18 00:00:00-04:00,0.5,0.5509999990463257,0.5,0.5019999742507935,26200,0.0,0.0
2024-09-19 00:00:00-04:00,0.5009999871253967,0.5429999828338623,0.5009999871253967,0.5230000019073486,76100,0.0,0.0
2024-09-20 00:00:00-04:00,0.5070000290870667,0.5379999876022339,0.5070000290870667,0.527999997138977,52300,0.0,0.0
2024-09-23 00:00:00-04:00,0.5199999809265137,0.5600000023841858,0.5019999742507935,0.5109999775886536,130200,0.0,0.0
2024-09-24 00:00:00-04:00,0.550000011920929,0.5989999771118164,0.5090000033378601,0.550000011920929,273000,0.0,0.0
2024-09-25 00:00:00-04:00,0.550000011920929,0.5759999752044678,0.5199999809265137,0.5479999780654907,277000,0.0,0.0
2024-09-26 00:00:00-04:00,0.6079999804496765,0.800000011920929,0.6000000238418579,0.7200000286102295,733200,0.0,0.0
2024-09-27 00:00:00-04:00,0.6790000200271606,0.7400000095367432,0.6499999761581421,0.6899999976158142,154900,0.0,0.0
2024-09-30 00:00:00-04:00,0.7400000095367432,0.7699999809265137,0.699999988079071,0.7099999785423279,222600,0.0,0.0
2024-10-01 00:00:00-04:00,0.7110000252723694,0.7599999904632568,0.7110000252723694,0.7599999904632568,122300,0.0,0.0
2024-10-02 00:00:00-04:00,0.8700000047683716,0.8899999856948853,0.7799999713897705,0.8309999704360962,838200,0.0,0.0
2024-10-03 00:00:00-04:00,0.8309999704360962,0.8600000143051147,0.7699999809265137,0.800000011920929,142900,0.0,0.0
2024-10-04 00:00:00-04:00,0.800000011920929,0.8199999928474426,0.753000020980835,0.7710000276565552,140600,0.0,0.0
2024-10-07 00:00:00-04:00,0.7900000214576721,0.7900000214576721,0.7250000238418579,0.7649999856948853,137900,0.0,0.0
2024-10-08 00:00:00-04:00,0.699999988079071,0.7599999904632568,0.699999988079071,0.7540000081062317,69700,0.0,0.0
2024-10-09 00:00:00-04:00,0.7210000157356262,0.7599999904632568,0.7070000171661377,0.7440000176429749,51000,0.0,0.0
2024-10-10 00:00:00-04:00,0.7440000176429749,0.75,0.7099999785423279,0.7400000095367432,25700,0.0,0.0
2024-10-11 00:00:00-04:00,0.7400000095367432,0.7590000033378601,0.703000009059906,0.7590000033378601,55400,0.0,0.0
2024-10-14 00:00:00-04:00,0.7350000143051147,0.8090000152587891,0.7300000190734863,0.7599999904632568,44600,0.0,0.0
2024-10-15 00:00:00-04:00,0.75,0.75,0.6869999766349792,0.7179999947547913,66800,0.0,0.0
2024-10-16 00:00:00-04:00,0.6909999847412109,0.7200000286102295,0.6899999976158142,0.7200000286102295,29300,0.0,0.0
2024-10-17 00:00:00-04:00,0.6779999732971191,0.7200000286102295,0.6700000166893005,0.7200000286102295,24700,0.0,0.0
2024-10-18 00:00:00-04:00,0.7599999904632568,0.7599999904632568,0.7360000014305115,0.7429999709129333,29300,0.0,0.0
2024-10-21 00:00:00-04:00,0.7429999709129333,0.7429999709129333,0.6899999976158142,0.7110000252723694,45100,0.0,0.0
2024-10-22 00:00:00-04:00,0.7099999785423279,0.7429999709129333,0.7099999785423279,0.7300000190734863,15000,0.0,0.0
2024-10-23 00:00:00-04:00,0.7289999723434448,0.75,0.6700000166893005,0.7139999866485596,32600,0.0,0.0
2024-10-24 00:00:00-04:00,0.7149999737739563,0.75,0.7149999737739563,0.7350000143051147,80400,0.0,0.0
2024-10-25 00:00:00-04:00,0.7300000190734863,0.7400000095367432,0.6899999976158142,0.7369999885559082,79000,0.0,0.0
2024-10-28 00:00:00-04:00,0.7400000095367432,0.75,0.7149999737739563,0.75,143300,0.0,0.0
2024-10-29 00:00:00-04:00,0.7310000061988831,0.75,0.7200000286102295,0.7490000128746033,117700,0.0,0.0
2024-10-30 00:00:00-04:00,0.7390000224113464,0.7390000224113464,0.7210000157356262,0.7210000157356262,42100,0.0,0.0
2024-10-31 00:00:00-04:00,0.7300000190734863,0.7300000190734863,0.7099999785423279,0.7099999785423279,36800,0.0,0.0
2024-11-01 00:00:00-04:00,0.699999988079071,0.7200000286102295,0.699999988079071,0.7200000286102295,11700,0.0,0.0
2024-11-04 00:00:00-05:00,0.7200000286102295,0.7200000286102295,0.699999988079071,0.7099999785423279,56900,0.0,0.0
2024-11-05 00:00:00-05:00,0.7200000286102295,0.7200000286102295,0.6700000166893005,0.6899999976158142,46000,0.0,0.0
2024-11-06 00:00:00-05:00,0.6420000195503235,0.7200000286102295,0.6420000195503235,0.6899999976158142,159000,0.0,0.0
2024-11-07 00:00:00-05:00,0.6899999976158142,0.7099999785423279,0.6669999957084656,0.6899999976158142,15200,0.0,0.0
2024-11-08 00:00:00-05:00,0.652999997138977,0.6899999976158142,0.652999997138977,0.6650000214576721,35700,0.0,0.0
2024-11-11 00:00:00-05:00,0.6499999761581421,0.6700000166893005,0.6499999761581421,0.6499999761581421,15500,0.0,0.0
2024-11-12 00:00:00-05:00,0.6100000143051147,0.6700000166893005,0.6100000143051147,0.6600000262260437,37500,0.0,0.0
2024-11-13 00:00:00-05:00,0.6600000262260437,0.7070000171661377,0.6600000262260437,0.6899999976158142,8700,0.0,0.0
2024-11-14 00:00:00-05:00,0.7089999914169312,0.7200000286102295,0.6899999976158142,0.7200000286102295,27800,0.0,0.0
2024-11-15 00:00:00-05:00,0.7200000286102295,0.75,0.699999988079071,0.699999988079071,82200,0.0,0.0
2024-11-18 00:00:00-05:00,0.6899999976158142,0.7200000286102295,0.6899999976158142,0.7200000286102295,10900,0.0,0.0
2024-11-19 00:00:00-05:00,0.7200000286102295,0.7200000286102295,0.7049999833106995,0.7099999785423279,29800,0.0,0.0
2024-11-20 00:00:00-05:00,0.7200000286102295,0.75,0.7160000205039978,0.7179999947547913,45100,0.0,0.0
2024-11-21 00:00:00-05:00,0.7200000286102295,0.7289999723434448,0.6980000138282776,0.7200000286102295,47800,0.0,0.0
2024-11-22 00:00:00-05:00,0.7200000286102295,0.7250000238418579,0.6710000038146973,0.6869999766349792,43600,0.0,0.0
2024-11-25 00:00:00-05:00,0.5935999751091003,0.7300000190734863,0.5935999751091003,0.7099999785423279,28588,0.0,0.0
