Date,Open,High,Low,Close,Volume,Dividends,Stock Splits
2022-01-03 00:00:00-05:00,55.79999923706055,66.5999984741211,54.0,66.5999984741211,121,0.0,0.0
2022-01-04 00:00:00-05:00,68.4000015258789,97.19999694824219,55.79999923706055,84.5999984741211,1860,0.0,0.0
2022-01-05 00:00:00-05:00,84.5999984741211,90.0,72.0,82.80000305175781,531,0.0,0.0
2022-01-06 00:00:00-05:00,81.0,88.19999694824219,81.0,81.0,181,0.0,0.0
2022-01-07 00:00:00-05:00,81.0,88.19999694824219,77.4000015258789,82.80000305175781,159,0.0,0.0
2022-01-10 00:00:00-05:00,73.80000305175781,84.5999984741211,73.80000305175781,79.19999694824219,148,0.0,0.0
2022-01-11 00:00:00-05:00,79.19999694824219,86.4000015258789,77.4000015258789,82.80000305175781,110,0.0,0.0
2022-01-12 00:00:00-05:00,75.5999984741211,84.5999984741211,72.0,77.4000015258789,291,0.0,0.0
2022-01-13 00:00:00-05:00,86.4000015258789,90.0,72.0,88.19999694824219,507,0.0,0.0
2022-01-14 00:00:00-05:00,90.0,90.0,75.5999984741211,90.0,220,0.0,0.0
2022-01-18 00:00:00-05:00,90.0,90.0,72.0,88.19999694824219,151,0.0,0.0
2022-01-19 00:00:00-05:00,72.0,90.0,72.0,88.19999694824219,93,0.0,0.0
2022-01-20 00:00:00-05:00,70.19999694824219,117.0,70.19999694824219,93.5999984741211,1000,0.0,0.0
2022-01-21 00:00:00-05:00,86.4000015258789,97.19999694824219,86.4000015258789,93.5999984741211,162,0.0,0.0
2022-01-24 00:00:00-05:00,86.4000015258789,162.0,57.599998474121094,93.5999984741211,94,0.0,0.0
2022-01-25 00:00:00-05:00,93.5999984741211,93.5999984741211,36.0,75.5999984741211,524,0.0,0.0
2022-01-26 00:00:00-05:00,77.4000015258789,91.80000305175781,72.0,88.19999694824219,188,0.0,0.0
2022-01-27 00:00:00-05:00,79.19999694824219,91.80000305175781,79.19999694824219,90.0,63,0.0,0.0
2022-01-28 00:00:00-05:00,90.0,90.0,54.0,81.0,1106,0.0,0.0
2022-01-31 00:00:00-05:00,72.0,81.0,66.5999984741211,77.4000015258789,60,0.0,0.0
2022-02-01 00:00:00-05:00,72.0,75.5999984741211,63.0,73.80000305175781,317,0.0,0.0
2022-02-02 00:00:00-05:00,68.4000015258789,75.5999984741211,68.4000015258789,75.5999984741211,72,0.0,0.0
2022-02-03 00:00:00-05:00,73.80000305175781,75.5999984741211,72.0,75.5999984741211,128,0.0,0.0
2022-02-04 00:00:00-05:00,72.0,77.4000015258789,64.80000305175781,72.0,431,0.0,0.0
2022-02-07 00:00:00-05:00,70.19999694824219,73.80000305175781,70.19999694824219,72.0,67,0.0,0.0
2022-02-08 00:00:00-05:00,72.0,73.80000305175781,57.599998474121094,63.0,474,0.0,0.0
2022-02-09 00:00:00-05:00,61.20000076293945,66.0,61.20000076293945,63.47999954223633,333,0.0,0.006666666666666667
2022-02-10 00:00:00-05:00,52.619998931884766,57.2400016784668,24.0,53.400001525878906,975,0.0,0.0
2022-02-11 00:00:00-05:00,37.79999923706055,37.79999923706055,25.799999237060547,27.719999313354492,200208,0.0,0.0
2022-02-14 00:00:00-05:00,31.68000030517578,32.400001525878906,27.0,30.600000381469727,515892,0.0,0.0
2022-02-15 00:00:00-05:00,30.360000610351562,30.959999084472656,28.31999969482422,29.639999389648438,108950,0.0,0.0
2022-02-16 00:00:00-05:00,28.68000030517578,29.399999618530273,25.68000030517578,26.15999984741211,83467,0.0,0.0
2022-02-17 00:00:00-05:00,26.280000686645508,27.360000610351562,25.079999923706055,25.200000762939453,45000,0.0,0.0
2022-02-18 00:00:00-05:00,25.200000762939453,25.799999237060547,23.399999618530273,24.0,31400,0.0,0.0
2022-02-22 00:00:00-05:00,23.639999389648438,24.719999313354492,23.399999618530273,23.639999389648438,14383,0.0,0.0
2022-02-23 00:00:00-05:00,23.639999389648438,23.8799991607666,19.799999237060547,19.920000076293945,28558,0.0,0.0
2022-02-24 00:00:00-05:00,20.15999984741211,23.15999984741211,19.68000030517578,22.799999237060547,26400,0.0,0.0
2022-02-25 00:00:00-05:00,23.520000457763672,23.8799991607666,21.84000015258789,23.040000915527344,15400,0.0,0.0
2022-02-28 00:00:00-05:00,21.719999313354492,22.763999938964844,21.719999313354492,22.559999465942383,6508,0.0,0.0
2022-03-01 00:00:00-05:00,22.200000762939453,24.0,22.200000762939453,22.68000030517578,10158,0.0,0.0
2022-03-02 00:00:00-05:00,22.079999923706055,23.15999984741211,21.719999313354492,22.68000030517578,7092,0.0,0.0
2022-03-03 00:00:00-05:00,22.68000030517578,22.72800064086914,21.0,21.1200008392334,19808,0.0,0.0
2022-03-04 00:00:00-05:00,20.639999389648438,20.808000564575195,19.559999465942383,20.040000915527344,13175,0.0,0.0
2022-03-07 00:00:00-05:00,20.399999618530273,25.799999237060547,19.200000762939453,22.920000076293945,52708,0.0,0.0
2022-03-08 00:00:00-05:00,22.440000534057617,23.399999618530273,21.239999771118164,23.040000915527344,19042,0.0,0.0
2022-03-09 00:00:00-05:00,23.399999618530273,25.68000030517578,22.440000534057617,24.600000381469727,18292,0.0,0.0
2022-03-10 00:00:00-05:00,23.8799991607666,34.68000030517578,22.920000076293945,26.399999618530273,1083692,0.0,0.0
2022-03-11 00:00:00-05:00,24.360000610351562,25.535999298095703,20.399999618530273,21.719999313354492,103592,0.0,0.0
2022-03-14 00:00:00-04:00,21.719999313354492,29.639999389648438,21.0,25.68000030517578,652592,0.0,0.0
2022-03-15 00:00:00-04:00,25.68000030517578,27.479999542236328,22.799999237060547,27.479999542236328,111983,0.0,0.0
2022-03-16 00:00:00-04:00,26.760000228881836,26.760000228881836,23.760000228881836,24.84000015258789,58942,0.0,0.0
2022-03-17 00:00:00-04:00,23.8799991607666,27.0,23.8799991607666,26.399999618530273,50025,0.0,0.0
2022-03-18 00:00:00-04:00,26.399999618530273,28.920000076293945,24.959999084472656,28.079999923706055,50258,0.0,0.0
2022-03-21 00:00:00-04:00,27.0,32.400001525878906,26.15999984741211,29.760000228881836,110467,0.0,0.0
2022-03-22 00:00:00-04:00,28.799999237060547,30.959999084472656,27.959999084472656,29.040000915527344,47917,0.0,0.0
2022-03-23 00:00:00-04:00,28.079999923706055,30.600000381469727,27.479999542236328,29.760000228881836,30183,0.0,0.0
2022-03-24 00:00:00-04:00,30.479999542236328,35.15999984741211,29.639999389648438,33.36000061035156,160083,0.0,0.0
2022-03-25 00:00:00-04:00,34.91999816894531,36.0,30.1200008392334,32.15999984741211,81100,0.0,0.0
2022-03-28 00:00:00-04:00,32.040000915527344,32.880001068115234,30.1560001373291,31.920000076293945,42600,0.0,0.0
2022-03-29 00:00:00-04:00,32.040000915527344,36.119998931884766,30.959999084472656,31.799999237060547,75325,0.0,0.0
2022-03-30 00:00:00-04:00,27.360000610351562,33.720001220703125,26.760000228881836,29.520000457763672,93550,0.0,0.0
2022-03-31 00:00:00-04:00,28.799999237060547,31.920000076293945,28.57200050354004,30.1200008392334,33108,0.0,0.0
2022-04-01 00:00:00-04:00,30.1200008392334,32.040000915527344,29.399999618530273,29.399999618530273,17058,0.0,0.0
2022-04-04 00:00:00-04:00,31.200000762939453,32.400001525878906,30.719999313354492,31.799999237060547,25200,0.0,0.0
2022-04-05 00:00:00-04:00,32.15999984741211,32.15999984741211,29.15999984741211,29.639999389648438,21292,0.0,0.0
2022-04-06 00:00:00-04:00,28.920000076293945,30.0,27.600000381469727,27.600000381469727,7750,0.0,0.0
2022-04-07 00:00:00-04:00,28.079999923706055,28.200000762939453,25.70400047302246,27.239999771118164,16950,0.0,0.0
2022-04-08 00:00:00-04:00,27.239999771118164,29.280000686645508,26.280000686645508,28.079999923706055,14842,0.0,0.0
2022-04-11 00:00:00-04:00,27.959999084472656,28.799999237060547,26.280000686645508,27.719999313354492,20092,0.0,0.0
2022-04-12 00:00:00-04:00,29.760000228881836,29.760000228881836,26.8799991607666,27.239999771118164,10533,0.0,0.0
2022-04-13 00:00:00-04:00,26.81999969482422,29.15999984741211,26.760000228881836,26.760000228881836,21792,0.0,0.0
2022-04-14 00:00:00-04:00,26.760000228881836,27.468000411987305,24.84000015258789,25.440000534057617,25283,0.0,0.0
2022-04-18 00:00:00-04:00,24.719999313354492,26.040000915527344,22.799999237060547,23.280000686645508,47883,0.0,0.0
2022-04-19 00:00:00-04:00,22.799999237060547,24.84000015258789,22.799999237060547,23.520000457763672,30067,0.0,0.0
2022-04-20 00:00:00-04:00,23.760000228881836,24.0,22.920000076293945,22.920000076293945,2367,0.0,0.0
2022-04-21 00:00:00-04:00,22.799999237060547,24.0,20.399999618530273,21.0,14417,0.0,0.0
2022-04-22 00:00:00-04:00,20.399999618530273,21.408000946044922,19.559999465942383,19.799999237060547,10983,0.0,0.0
2022-04-25 00:00:00-04:00,19.200000762939453,21.479999542236328,18.84000015258789,19.68000030517578,24050,0.0,0.0
2022-04-26 00:00:00-04:00,20.520000457763672,21.479999542236328,19.559999465942383,20.040000915527344,19433,0.0,0.0
2022-04-27 00:00:00-04:00,20.280000686645508,20.639999389648438,19.31999969482422,20.040000915527344,15808,0.0,0.0
2022-04-28 00:00:00-04:00,20.15999984741211,21.0,19.68000030517578,20.639999389648438,12108,0.0,0.0
2022-04-29 00:00:00-04:00,20.399999618530273,21.0,20.040000915527344,20.399999618530273,6675,0.0,0.0
2022-05-02 00:00:00-04:00,20.399999618530273,21.239999771118164,19.200000762939453,19.559999465942383,12117,0.0,0.0
2022-05-03 00:00:00-04:00,20.280000686645508,21.479999542236328,19.200000762939453,20.280000686645508,13800,0.0,0.0
2022-05-04 00:00:00-04:00,20.639999389648438,21.479999542236328,19.799999237060547,20.399999618530273,5483,0.0,0.0
2022-05-05 00:00:00-04:00,20.459999084472656,20.856000900268555,19.31999969482422,19.68000030517578,6858,0.0,0.0
2022-05-06 00:00:00-04:00,19.31999969482422,21.0,19.308000564575195,20.280000686645508,5383,0.0,0.0
2022-05-09 00:00:00-04:00,20.040000915527344,20.040000915527344,18.0,18.1200008392334,6442,0.0,0.0
2022-05-10 00:00:00-04:00,18.479999542236328,18.600000381469727,15.960000038146973,16.079999923706055,39108,0.0,0.0
2022-05-11 00:00:00-04:00,15.600000381469727,16.007999420166016,13.800000190734863,14.279999732971191,33517,0.0,0.0
2022-05-12 00:00:00-04:00,14.399999618530273,16.200000762939453,14.399999618530273,16.079999923706055,8333,0.0,0.0
2022-05-13 00:00:00-04:00,15.119999885559082,16.799999237060547,15.0,15.479999542236328,24667,0.0,0.0
2022-05-16 00:00:00-04:00,15.720000267028809,17.399999618530273,15.119999885559082,16.440000534057617,94100,0.0,0.0
2022-05-17 00:00:00-04:00,17.280000686645508,17.280000686645508,14.520000457763672,15.720000267028809,140683,0.0,0.0
2022-05-18 00:00:00-04:00,15.119999885559082,16.440000534057617,13.319999694824219,14.399999618530273,46467,0.0,0.0
2022-05-19 00:00:00-04:00,14.760000228881836,14.855999946594238,13.800000190734863,13.800000190734863,18358,0.0,0.0
2022-05-20 00:00:00-04:00,14.855999946594238,14.855999946594238,12.119999885559082,12.479999542236328,26550,0.0,0.0
2022-05-23 00:00:00-04:00,12.0,12.84000015258789,11.399999618530273,12.779999732971191,30633,0.0,0.0
2022-05-24 00:00:00-04:00,12.359999656677246,12.456000328063965,11.640000343322754,12.0,7442,0.0,0.0
2022-05-25 00:00:00-04:00,12.119999885559082,13.319999694824219,12.119999885559082,12.600000381469727,17392,0.0,0.0
2022-05-26 00:00:00-04:00,12.600000381469727,14.399999618530273,12.479999542236328,13.920000076293945,24700,0.0,0.0
2022-05-27 00:00:00-04:00,13.800000190734863,14.15999984741211,12.960000038146973,13.5600004196167,5808,0.0,0.0
2022-05-31 00:00:00-04:00,13.800000190734863,15.0,13.199999809265137,14.880000114440918,24992,0.0,0.0
2022-06-01 00:00:00-04:00,15.119999885559082,15.239999771118164,14.039999961853027,14.399999618530273,14600,0.0,0.0
2022-06-02 00:00:00-04:00,15.239999771118164,15.239999771118164,13.5600004196167,13.680000305175781,15367,0.0,0.0
2022-06-03 00:00:00-04:00,14.520000457763672,14.520000457763672,12.960000038146973,13.199999809265137,2625,0.0,0.0
2022-06-06 00:00:00-04:00,13.199999809265137,14.279999732971191,12.84000015258789,13.800000190734863,8058,0.0,0.0
2022-06-07 00:00:00-04:00,13.4399995803833,13.920000076293945,13.199999809265137,13.739999771118164,4025,0.0,0.0
2022-06-08 00:00:00-04:00,13.739999771118164,14.880000114440918,13.583999633789062,14.279999732971191,13000,0.0,0.0
2022-06-09 00:00:00-04:00,13.920000076293945,14.15999984741211,13.079999923706055,13.4399995803833,9317,0.0,0.0
2022-06-10 00:00:00-04:00,13.199999809265137,14.520000457763672,12.960000038146973,14.399999618530273,3842,0.0,0.0
2022-06-13 00:00:00-04:00,13.319999694824219,14.13599967956543,12.0,13.199999809265137,34392,0.0,0.0
2022-06-14 00:00:00-04:00,13.4399995803833,14.088000297546387,12.359999656677246,12.539999961853027,12367,0.0,0.0
2022-06-15 00:00:00-04:00,12.600000381469727,14.15999984741211,11.97599983215332,13.859999656677246,31092,0.0,0.0
2022-06-16 00:00:00-04:00,13.920000076293945,14.279999732971191,13.079999923706055,13.680000305175781,36600,0.0,0.0
2022-06-17 00:00:00-04:00,13.319999694824219,14.279999732971191,12.239999771118164,12.239999771118164,12517,0.0,0.0
2022-06-21 00:00:00-04:00,15.0,29.8799991607666,14.880000114440918,16.920000076293945,6214125,0.0,0.0
2022-06-22 00:00:00-04:00,15.119999885559082,16.31999969482422,13.319999694824219,13.680000305175781,272217,0.0,0.0
2022-06-23 00:00:00-04:00,13.680000305175781,15.84000015258789,13.680000305175781,14.399999618530273,128233,0.0,0.0
2022-06-24 00:00:00-04:00,14.039999961853027,15.479999542236328,13.079999923706055,14.640000343322754,80050,0.0,0.0
2022-06-27 00:00:00-04:00,14.760000228881836,17.040000915527344,14.279999732971191,16.31999969482422,118958,0.0,0.0
2022-06-28 00:00:00-04:00,17.15999984741211,18.239999771118164,16.511999130249023,17.280000686645508,81158,0.0,0.0
2022-06-29 00:00:00-04:00,19.920000076293945,20.280000686645508,14.399999618530273,15.119999885559082,245950,0.0,0.0
2022-06-30 00:00:00-04:00,14.039999961853027,15.479999542236328,13.199999809265137,15.119999885559082,63100,0.0,0.0
2022-07-01 00:00:00-04:00,14.640000343322754,15.119999885559082,14.279999732971191,15.119999885559082,14958,0.0,0.0
2022-07-05 00:00:00-04:00,14.640000343322754,15.119999885559082,14.15999984741211,14.760000228881836,30558,0.0,0.0
2022-07-06 00:00:00-04:00,14.760000228881836,15.119999885559082,14.520000457763672,14.760000228881836,11275,0.0,0.0
2022-07-07 00:00:00-04:00,14.520000457763672,16.079999923706055,14.520000457763672,15.479999542236328,45850,0.0,0.0
2022-07-08 00:00:00-04:00,15.479999542236328,16.079999923706055,15.0,15.119999885559082,17458,0.0,0.0
2022-07-11 00:00:00-04:00,15.239999771118164,15.359999656677246,14.399999618530273,14.880000114440918,18083,0.0,0.0
2022-07-12 00:00:00-04:00,14.279999732971191,15.720000267028809,14.279999732971191,15.479999542236328,15350,0.0,0.0
2022-07-13 00:00:00-04:00,15.119999885559082,16.68000030517578,14.640000343322754,16.31999969482422,29592,0.0,0.0
2022-07-14 00:00:00-04:00,16.920000076293945,19.200000762939453,16.799999237060547,18.959999084472656,85967,0.0,0.0
2022-07-15 00:00:00-04:00,18.959999084472656,19.440000534057617,17.760000228881836,18.479999542236328,44842,0.0,0.0
2022-07-18 00:00:00-04:00,18.959999084472656,19.079999923706055,18.0,19.079999923706055,11883,0.0,0.0
2022-07-19 00:00:00-04:00,19.440000534057617,20.15999984741211,18.959999084472656,20.040000915527344,23925,0.0,0.0
2022-07-20 00:00:00-04:00,19.68000030517578,21.239999771118164,19.079999923706055,19.559999465942383,68650,0.0,0.0
2022-07-21 00:00:00-04:00,19.68000030517578,19.920000076293945,18.600000381469727,19.799999237060547,17375,0.0,0.0
2022-07-22 00:00:00-04:00,19.559999465942383,19.799999237060547,17.77199935913086,19.799999237060547,13508,0.0,0.0
2022-07-25 00:00:00-04:00,20.280000686645508,20.280000686645508,18.360000610351562,18.84000015258789,8583,0.0,0.0
2022-07-26 00:00:00-04:00,18.600000381469727,19.29599952697754,16.68000030517578,17.399999618530273,107342,0.0,0.0
2022-07-27 00:00:00-04:00,16.920000076293945,17.399999618530273,15.359999656677246,15.479999542236328,36983,0.0,0.0
2022-07-28 00:00:00-04:00,15.239999771118164,17.74799919128418,15.239999771118164,17.639999389648438,50017,0.0,0.0
2022-07-29 00:00:00-04:00,17.15999984741211,17.8799991607666,16.200000762939453,16.559999465942383,12300,0.0,0.0
2022-08-01 00:00:00-04:00,16.559999465942383,17.399999618530273,15.960000038146973,16.31999969482422,12942,0.0,0.0
2022-08-02 00:00:00-04:00,16.920000076293945,17.520000457763672,15.960000038146973,17.040000915527344,72075,0.0,0.0
2022-08-03 00:00:00-04:00,17.399999618530273,19.799999237060547,16.920000076293945,18.0,124600,0.0,0.0
2022-08-04 00:00:00-04:00,17.8799991607666,18.239999771118164,16.31999969482422,18.239999771118164,43383,0.0,0.0
2022-08-05 00:00:00-04:00,17.520000457763672,18.360000610351562,17.040000915527344,18.0,18100,0.0,0.0
2022-08-08 00:00:00-04:00,17.639999389648438,18.600000381469727,17.15999984741211,17.15999984741211,26958,0.0,0.0
2022-08-09 00:00:00-04:00,17.520000457763672,17.639999389648438,16.440000534057617,17.040000915527344,18142,0.0,0.0
2022-08-10 00:00:00-04:00,17.040000915527344,18.239999771118164,16.799999237060547,17.8799991607666,48067,0.0,0.0
2022-08-11 00:00:00-04:00,18.600000381469727,18.93600082397461,15.0,16.559999465942383,122050,0.0,0.0
2022-08-12 00:00:00-04:00,16.200000762939453,17.15999984741211,14.880000114440918,15.600000381469727,50825,0.0,0.0
2022-08-15 00:00:00-04:00,15.84000015258789,16.079999923706055,14.760000228881836,15.479999542236328,19167,0.0,0.0
2022-08-16 00:00:00-04:00,15.84000015258789,15.84000015258789,14.279999732971191,14.520000457763672,35050,0.0,0.0
2022-08-17 00:00:00-04:00,14.291999816894531,14.880000114440918,13.800000190734863,14.279999732971191,28900,0.0,0.0
2022-08-18 00:00:00-04:00,14.039999961853027,17.280000686645508,14.039999961853027,15.600000381469727,84525,0.0,0.0
2022-08-19 00:00:00-04:00,15.600000381469727,15.600000381469727,14.039999961853027,14.640000343322754,21717,0.0,0.0
2022-08-22 00:00:00-04:00,14.279999732971191,14.699999809265137,13.680000305175781,13.920000076293945,24383,0.0,0.0
2022-08-23 00:00:00-04:00,14.279999732971191,15.119999885559082,13.800000190734863,14.520000457763672,30517,0.0,0.0
2022-08-24 00:00:00-04:00,14.604000091552734,14.880000114440918,13.800000190734863,14.760000228881836,29258,0.0,0.0
2022-08-25 00:00:00-04:00,14.399999618530273,14.9399995803833,13.800000190734863,14.640000343322754,45033,0.0,0.0
2022-08-26 00:00:00-04:00,14.399999618530273,15.359999656677246,13.920000076293945,15.0,29908,0.0,0.0
2022-08-29 00:00:00-04:00,14.640000343322754,15.84000015258789,14.399999618530273,15.239999771118164,27467,0.0,0.0
2022-08-30 00:00:00-04:00,14.880000114440918,15.600000381469727,14.640000343322754,15.600000381469727,8900,0.0,0.0
2022-08-31 00:00:00-04:00,15.600000381469727,15.720000267028809,15.0,15.359999656677246,10850,0.0,0.0
2022-09-01 00:00:00-04:00,15.0,15.359999656677246,13.5600004196167,14.399999618530273,26375,0.0,0.0
2022-09-02 00:00:00-04:00,14.279999732971191,14.880000114440918,14.039999961853027,14.279999732971191,7325,0.0,0.0
2022-09-06 00:00:00-04:00,14.399999618530273,14.520000457763672,13.680000305175781,14.039999961853027,6558,0.0,0.0
2022-09-07 00:00:00-04:00,13.800000190734863,14.399999618530273,13.692000389099121,13.920000076293945,6533,0.0,0.0
2022-09-08 00:00:00-04:00,13.800000190734863,14.520000457763672,13.800000190734863,14.279999732971191,1492,0.0,0.0
2022-09-09 00:00:00-04:00,14.279999732971191,15.0,14.220000267028809,14.699999809265137,10025,0.0,0.0
2022-09-12 00:00:00-04:00,14.399999618530273,15.0,14.15999984741211,14.640000343322754,15233,0.0,0.0
2022-09-13 00:00:00-04:00,14.15999984741211,14.880000114440918,13.920000076293945,14.880000114440918,10992,0.0,0.0
2022-09-14 00:00:00-04:00,14.039999961853027,14.880000114440918,13.800000190734863,13.800000190734863,17675,0.0,0.0
2022-09-15 00:00:00-04:00,13.5600004196167,14.399999618530273,13.5600004196167,14.279999732971191,3125,0.0,0.0
2022-09-16 00:00:00-04:00,14.279999732971191,14.279999732971191,13.5600004196167,14.039999961853027,11883,0.0,0.0
2022-09-19 00:00:00-04:00,13.5600004196167,14.399999618530273,13.45199966430664,13.920000076293945,2750,0.0,0.0
2022-09-20 00:00:00-04:00,13.763999938964844,14.15999984741211,12.84000015258789,13.680000305175781,35875,0.0,0.0
2022-09-21 00:00:00-04:00,13.680000305175781,14.399999618530273,13.319999694824219,13.5600004196167,37100,0.0,0.0
2022-09-22 00:00:00-04:00,13.680000305175781,14.039999961853027,12.119999885559082,12.720000267028809,26767,0.0,0.0
2022-09-23 00:00:00-04:00,12.0,12.960000038146973,12.0,12.479999542236328,18017,0.0,0.0
2022-09-26 00:00:00-04:00,12.119999885559082,12.600000381469727,12.0,12.359999656677246,8783,0.0,0.0
2022-09-27 00:00:00-04:00,12.359999656677246,12.84000015258789,11.640000343322754,12.359999656677246,20558,0.0,0.0
2022-09-28 00:00:00-04:00,12.239999771118164,12.84000015258789,11.640000343322754,12.84000015258789,9167,0.0,0.0
2022-09-29 00:00:00-04:00,12.600000381469727,12.720000267028809,12.0,12.479999542236328,5250,0.0,0.0
2022-09-30 00:00:00-04:00,12.03600025177002,13.079999923706055,12.01200008392334,12.600000381469727,8108,0.0,0.0
2022-10-03 00:00:00-04:00,12.84000015258789,12.85200023651123,12.0,12.239999771118164,8658,0.0,0.0
2022-10-04 00:00:00-04:00,12.720000267028809,13.800000190734863,12.359999656677246,12.359999656677246,49008,0.0,0.0
2022-10-05 00:00:00-04:00,11.868000030517578,13.008000373840332,11.868000030517578,12.479999542236328,9733,0.0,0.0
2022-10-06 00:00:00-04:00,12.359999656677246,14.15999984741211,11.819999694824219,13.319999694824219,83225,0.0,0.0
2022-10-07 00:00:00-04:00,13.4399995803833,13.4399995803833,12.359999656677246,12.359999656677246,37758,0.0,0.0
2022-10-10 00:00:00-04:00,12.119999885559082,12.84000015258789,11.772000312805176,12.239999771118164,25942,0.0,0.0
2022-10-11 00:00:00-04:00,12.0,12.359999656677246,11.520000457763672,11.640000343322754,12025,0.0,0.0
2022-10-12 00:00:00-04:00,11.760000228881836,12.239999771118164,11.460000038146973,11.736000061035156,24883,0.0,0.0
2022-10-13 00:00:00-04:00,11.760000228881836,12.479999542236328,11.15999984741211,12.0,23967,0.0,0.0
2022-10-14 00:00:00-04:00,12.359999656677246,12.359999656677246,11.279999732971191,11.496000289916992,13008,0.0,0.0
2022-10-17 00:00:00-04:00,11.795999526977539,12.119999885559082,11.520000457763672,11.97599983215332,13142,0.0,0.0
2022-10-18 00:00:00-04:00,12.119999885559082,12.359999656677246,11.399999618530273,11.520000457763672,23483,0.0,0.0
2022-10-19 00:00:00-04:00,11.675999641418457,13.079999923706055,11.399999618530273,11.760000228881836,149275,0.0,0.0
2022-10-20 00:00:00-04:00,11.880000114440918,12.239999771118164,11.12399959564209,11.880000114440918,32317,0.0,0.0
2022-10-21 00:00:00-04:00,12.119999885559082,12.600000381469727,11.663999557495117,12.0,21767,0.0,0.0
2022-10-24 00:00:00-04:00,12.479999542236328,12.600000381469727,11.579999923706055,11.663999557495117,7883,0.0,0.0
2022-10-25 00:00:00-04:00,11.640000343322754,12.600000381469727,10.991999626159668,12.359999656677246,37642,0.0,0.0
2022-10-26 00:00:00-04:00,12.239999771118164,12.600000381469727,11.640000343322754,11.772000312805176,16275,0.0,0.0
2022-10-27 00:00:00-04:00,11.819999694824219,12.239999771118164,11.699999809265137,11.723999977111816,25383,0.0,0.0
2022-10-28 00:00:00-04:00,11.843999862670898,12.0,11.411999702453613,11.640000343322754,12183,0.0,0.0
2022-10-31 00:00:00-04:00,12.0600004196167,12.359999656677246,11.640000343322754,11.880000114440918,54608,0.0,0.0
2022-11-01 00:00:00-04:00,12.0,12.239999771118164,11.579999923706055,11.819999694824219,16542,0.0,0.0
2022-11-02 00:00:00-04:00,11.819999694824219,12.0,11.567999839782715,11.640000343322754,11517,0.0,0.0
2022-11-03 00:00:00-04:00,11.520000457763672,11.819999694824219,11.520000457763672,11.640000343322754,4967,0.0,0.0
2022-11-04 00:00:00-04:00,11.555999755859375,11.699999809265137,11.15999984741211,11.579999923706055,10292,0.0,0.0
2022-11-07 00:00:00-05:00,11.291999816894531,11.640000343322754,11.244000434875488,11.399999618530273,5592,0.0,0.0
2022-11-08 00:00:00-05:00,11.423999786376953,11.579999923706055,10.583999633789062,10.800000190734863,18550,0.0,0.0
2022-11-09 00:00:00-05:00,10.800000190734863,11.399999618530273,9.972000122070312,10.380000114440918,28867,0.0,0.0
2022-11-10 00:00:00-05:00,10.800000190734863,11.32800006866455,10.4399995803833,11.015999794006348,24617,0.0,0.0
2022-11-11 00:00:00-05:00,10.800000190734863,11.37600040435791,10.680000305175781,10.739999771118164,8750,0.0,0.0
2022-11-14 00:00:00-05:00,10.920000076293945,11.279999732971191,10.727999687194824,10.895999908447266,13708,0.0,0.0
2022-11-15 00:00:00-05:00,10.871999740600586,12.479999542236328,10.776000022888184,11.795999526977539,34317,0.0,0.0
2022-11-16 00:00:00-05:00,11.652000427246094,12.479999542236328,11.399999618530273,11.9399995803833,25883,0.0,0.0
2022-11-17 00:00:00-05:00,12.0,12.239999771118164,11.699999809265137,12.239999771118164,5517,0.0,0.0
2022-11-18 00:00:00-05:00,12.0,12.239999771118164,11.531999588012695,11.880000114440918,4158,0.0,0.0
2022-11-21 00:00:00-05:00,11.520000457763672,11.880000114440918,11.100000381469727,11.232000350952148,7567,0.0,0.0
2022-11-22 00:00:00-05:00,11.37600040435791,11.399999618530273,10.51200008392334,10.800000190734863,18900,0.0,0.0
2022-11-23 00:00:00-05:00,11.039999961853027,11.399999618530273,10.319999694824219,11.35200023651123,12383,0.0,0.0
2022-11-25 00:00:00-05:00,11.35200023651123,11.760000228881836,11.279999732971191,11.760000228881836,2058,0.0,0.0
2022-11-28 00:00:00-05:00,11.640000343322754,11.760000228881836,11.220000267028809,11.723999977111816,5975,0.0,0.0
2022-11-29 00:00:00-05:00,11.399999618530273,11.640000343322754,10.920000076293945,11.520000457763672,8083,0.0,0.0
2022-11-30 00:00:00-05:00,11.520000457763672,12.600000381469727,11.220000267028809,12.600000381469727,13150,0.0,0.0
2022-12-01 00:00:00-05:00,12.239999771118164,12.960000038146973,12.131999969482422,12.696000099182129,6175,0.0,0.0
2022-12-02 00:00:00-05:00,12.479999542236328,13.4399995803833,12.359999656677246,13.199999809265137,8392,0.0,0.0
2022-12-05 00:00:00-05:00,13.5600004196167,14.15999984741211,12.960000038146973,13.079999923706055,18317,0.0,0.0
2022-12-06 00:00:00-05:00,13.4399995803833,13.5600004196167,12.239999771118164,12.600000381469727,6675,0.0,0.0
2022-12-07 00:00:00-05:00,12.0,12.960000038146973,11.855999946594238,12.600000381469727,27850,0.0,0.0
2022-12-08 00:00:00-05:00,12.479999542236328,13.199999809265137,12.239999771118164,12.84000015258789,3717,0.0,0.0
2022-12-09 00:00:00-05:00,12.720000267028809,12.84000015258789,12.239999771118164,12.479999542236328,7408,0.0,0.0
2022-12-12 00:00:00-05:00,12.239999771118164,12.84000015258789,12.180000305175781,12.720000267028809,5733,0.0,0.0
2022-12-13 00:00:00-05:00,12.960000038146973,12.960000038146973,12.359999656677246,12.65999984741211,9658,0.0,0.0
2022-12-14 00:00:00-05:00,12.119999885559082,12.767999649047852,11.9399995803833,12.0,6242,0.0,0.0
2022-12-15 00:00:00-05:00,12.119999885559082,12.119999885559082,11.37600040435791,11.687999725341797,7242,0.0,0.0
2022-12-16 00:00:00-05:00,11.855999946594238,12.0,11.508000373840332,11.760000228881836,5925,0.0,0.0
2022-12-19 00:00:00-05:00,11.543999671936035,11.760000228881836,10.800000190734863,10.847999572753906,7417,0.0,0.0
2022-12-20 00:00:00-05:00,10.199999809265137,11.13599967956543,10.199999809265137,10.680000305175781,8917,0.0,0.0
2022-12-21 00:00:00-05:00,10.920000076293945,10.920000076293945,10.355999946594238,10.355999946594238,2375,0.0,0.0
2022-12-22 00:00:00-05:00,10.368000030517578,10.4399995803833,10.199999809265137,10.319999694824219,2583,0.0,0.0
2022-12-23 00:00:00-05:00,10.319999694824219,10.800000190734863,10.199999809265137,10.199999809265137,7475,0.0,0.0
2022-12-27 00:00:00-05:00,10.211999893188477,10.619999885559082,9.251999855041504,10.175999641418457,11842,0.0,0.0
2022-12-28 00:00:00-05:00,9.960000038146973,10.668000221252441,9.479999542236328,9.960000038146973,2217,0.0,0.0
2022-12-29 00:00:00-05:00,10.46399974822998,10.5600004196167,9.935999870300293,10.54800033569336,5017,0.0,0.0
2022-12-30 00:00:00-05:00,10.128000259399414,10.631999969482422,9.767999649047852,10.079999923706055,7508,0.0,0.0
2023-01-03 00:00:00-05:00,10.163999557495117,10.680000305175781,10.140000343322754,10.5600004196167,4867,0.0,0.0
2023-01-04 00:00:00-05:00,10.5600004196167,11.508000373840332,10.45199966430664,11.399999618530273,6008,0.0,0.0
2023-01-05 00:00:00-05:00,11.279999732971191,11.640000343322754,11.076000213623047,11.076000213623047,1583,0.0,0.0
2023-01-06 00:00:00-05:00,11.447999954223633,11.748000144958496,11.220000267028809,11.520000457763672,550,0.0,0.0
2023-01-09 00:00:00-05:00,11.279999732971191,11.555999755859375,10.800000190734863,11.399999618530273,1075,0.0,0.0
2023-01-10 00:00:00-05:00,11.279999732971191,11.760000228881836,11.039999961853027,11.699999809265137,808,0.0,0.0
2023-01-11 00:00:00-05:00,11.640000343322754,11.675999641418457,11.279999732971191,11.399999618530273,3233,0.0,0.0
2023-01-12 00:00:00-05:00,11.052000045776367,11.760000228881836,11.052000045776367,11.520000457763672,4667,0.0,0.0
2023-01-13 00:00:00-05:00,11.640000343322754,12.600000381469727,11.279999732971191,12.119999885559082,6408,0.0,0.0
2023-01-17 00:00:00-05:00,12.0,12.479999542236328,11.399999618530273,12.359999656677246,3500,0.0,0.0
2023-01-18 00:00:00-05:00,12.239999771118164,12.359999656677246,12.0,12.0,4125,0.0,0.0
2023-01-19 00:00:00-05:00,12.119999885559082,12.407999992370605,12.0,12.239999771118164,6158,0.0,0.0
2023-01-20 00:00:00-05:00,11.880000114440918,12.239999771118164,11.760000228881836,11.760000228881836,4683,0.0,0.0
2023-01-23 00:00:00-05:00,11.760000228881836,12.239999771118164,11.640000343322754,11.892000198364258,2308,0.0,0.0
2023-01-24 00:00:00-05:00,11.880000114440918,12.0600004196167,11.592000007629395,12.0,1525,0.0,0.0
2023-01-25 00:00:00-05:00,11.880000114440918,12.0,11.220000267028809,11.291999816894531,4642,0.0,0.0
2023-01-26 00:00:00-05:00,11.411999702453613,11.880000114440918,11.279999732971191,11.604000091552734,933,0.0,0.0
2023-01-27 00:00:00-05:00,11.387999534606934,11.98799991607666,11.387999534606934,11.772000312805176,2183,0.0,0.0
2023-01-30 00:00:00-05:00,11.699999809265137,12.0,11.291999816894531,12.0,1525,0.0,0.0
2023-01-31 00:00:00-05:00,11.736000061035156,11.880000114440918,10.800000190734863,11.520000457763672,27725,0.0,0.0
2023-02-01 00:00:00-05:00,11.760000228881836,12.239999771118164,11.399999618530273,11.880000114440918,5250,0.0,0.0
2023-02-02 00:00:00-05:00,12.0,13.800000190734863,11.880000114440918,13.319999694824219,33900,0.0,0.0
2023-02-03 00:00:00-05:00,13.199999809265137,13.4399995803833,12.84000015258789,13.079999923706055,4808,0.0,0.0
2023-02-06 00:00:00-05:00,13.199999809265137,13.920000076293945,12.600000381469727,12.960000038146973,12533,0.0,0.0
2023-02-07 00:00:00-05:00,12.960000038146973,12.960000038146973,12.0,12.600000381469727,7842,0.0,0.0
2023-02-08 00:00:00-05:00,12.119999885559082,12.600000381469727,12.0,12.288000106811523,842,0.0,0.0
2023-02-09 00:00:00-05:00,12.600000381469727,12.600000381469727,11.880000114440918,11.880000114440918,3708,0.0,0.0
2023-02-10 00:00:00-05:00,12.119999885559082,12.479999542236328,11.760000228881836,12.239999771118164,2050,0.0,0.0
2023-02-13 00:00:00-05:00,11.760000228881836,12.359999656677246,11.736000061035156,11.736000061035156,1725,0.0,0.0
2023-02-14 00:00:00-05:00,12.0,12.239999771118164,10.920000076293945,11.399999618530273,11433,0.0,0.0
2023-02-15 00:00:00-05:00,11.15999984741211,12.0,11.039999961853027,11.640000343322754,3650,0.0,0.0
2023-02-16 00:00:00-05:00,11.640000343322754,12.119999885559082,11.15999984741211,11.196000099182129,8917,0.0,0.0
2023-02-17 00:00:00-05:00,11.279999732971191,11.748000144958496,11.279999732971191,11.520000457763672,1833,0.0,0.0
2023-02-21 00:00:00-05:00,11.520000457763672,12.119999885559082,11.196000099182129,11.640000343322754,2867,0.0,0.0
2023-02-22 00:00:00-05:00,12.0,12.0,11.196000099182129,11.399999618530273,2925,0.0,0.0
2023-02-23 00:00:00-05:00,11.760000228881836,13.079999923706055,11.220000267028809,12.539999961853027,7908,0.0,0.0
2023-02-24 00:00:00-05:00,12.720000267028809,12.720000267028809,11.880000114440918,11.880000114440918,642,0.0,0.0
2023-02-27 00:00:00-05:00,11.760000228881836,12.359999656677246,11.640000343322754,11.760000228881836,3142,0.0,0.0
2023-02-28 00:00:00-05:00,11.484000205993652,12.0,11.15999984741211,11.640000343322754,9533,0.0,0.0
2023-03-01 00:00:00-05:00,11.291999816894531,12.0,11.052000045776367,11.052000045776367,2325,0.0,0.0
2023-03-02 00:00:00-05:00,11.039999961853027,11.36400032043457,10.920000076293945,11.279999732971191,8475,0.0,0.0
2023-03-03 00:00:00-05:00,11.15999984741211,11.36400032043457,10.920000076293945,11.35200023651123,2533,0.0,0.0
2023-03-06 00:00:00-05:00,11.039999961853027,11.531999588012695,11.039999961853027,11.37600040435791,3083,0.0,0.0
2023-03-07 00:00:00-05:00,11.15999984741211,11.411999702453613,10.727999687194824,11.34000015258789,5858,0.0,0.0
2023-03-08 00:00:00-05:00,11.039999961853027,11.255999565124512,10.763999938964844,11.100000381469727,3550,0.0,0.0
2023-03-09 00:00:00-05:00,10.800000190734863,11.279999732971191,10.800000190734863,10.812000274658203,1842,0.0,0.0
2023-03-10 00:00:00-05:00,10.763999938964844,10.800000190734863,10.319999694824219,10.5600004196167,2750,0.0,0.0
2023-03-13 00:00:00-04:00,10.380000114440918,10.800000190734863,10.343999862670898,10.680000305175781,3417,0.0,0.0
2023-03-14 00:00:00-04:00,10.979999542236328,11.387999534606934,10.5600004196167,10.680000305175781,1400,0.0,0.0
2023-03-15 00:00:00-04:00,10.836000442504883,11.279999732971191,10.319999694824219,10.319999694824219,867,0.0,0.0
2023-03-16 00:00:00-04:00,10.319999694824219,11.279999732971191,10.319999694824219,10.920000076293945,517,0.0,0.0
2023-03-17 00:00:00-04:00,10.920000076293945,11.027999877929688,10.4399995803833,10.920000076293945,650,0.0,0.0
2023-03-20 00:00:00-04:00,10.4399995803833,10.920000076293945,10.4399995803833,10.4399995803833,367,0.0,0.0
2023-03-21 00:00:00-04:00,10.595999717712402,10.920000076293945,10.4399995803833,10.4399995803833,833,0.0,0.0
2023-03-22 00:00:00-04:00,10.739999771118164,10.920000076293945,10.5600004196167,10.5600004196167,517,0.0,0.0
2023-03-23 00:00:00-04:00,10.859999656677246,10.859999656677246,10.211999893188477,10.211999893188477,700,0.0,0.0
2023-03-24 00:00:00-04:00,10.4399995803833,10.680000305175781,10.260000228881836,10.680000305175781,225,0.0,0.0
2023-03-27 00:00:00-04:00,10.680000305175781,10.800000190734863,10.199999809265137,10.51200008392334,1950,0.0,0.0
2023-03-28 00:00:00-04:00,10.319999694824219,10.739999771118164,10.319999694824219,10.319999694824219,1283,0.0,0.0
2023-03-29 00:00:00-04:00,11.399999618530273,11.399999618530273,9.960000038146973,10.751999855041504,3325,0.0,0.0
2023-03-30 00:00:00-04:00,10.079999923706055,10.739999771118164,10.079999923706055,10.739999771118164,900,0.0,0.0
2023-03-31 00:00:00-04:00,10.307999610900879,10.751999855041504,10.307999610900879,10.4399995803833,2300,0.0,0.0
2023-04-03 00:00:00-04:00,10.751999855041504,10.751999855041504,10.319999694824219,10.4399995803833,983,0.0,0.0
2023-04-04 00:00:00-04:00,9.996000289916992,10.751999855041504,9.996000289916992,10.211999893188477,1767,0.0,0.0
2023-04-05 00:00:00-04:00,10.836000442504883,11.279999732971191,10.199999809265137,10.380000114440918,32625,0.0,0.0
2023-04-06 00:00:00-04:00,10.140000343322754,10.680000305175781,10.140000343322754,10.680000305175781,1550,0.0,0.0
2023-04-10 00:00:00-04:00,10.680000305175781,10.788000106811523,9.600000381469727,10.5600004196167,4117,0.0,0.0
2023-04-11 00:00:00-04:00,10.355999946594238,10.739999771118164,9.62399959564209,10.092000007629395,3033,0.0,0.0
2023-04-12 00:00:00-04:00,10.092000007629395,10.4399995803833,9.600000381469727,9.899999618530273,1900,0.0,0.0
2023-04-13 00:00:00-04:00,9.359999656677246,10.319999694824219,9.359999656677246,9.960000038146973,2742,0.0,0.0
2023-04-14 00:00:00-04:00,9.960000038146973,9.960000038146973,9.479999542236328,9.911999702453613,1992,0.0,0.0
2023-04-17 00:00:00-04:00,10.020000457763672,10.199999809265137,9.911999702453613,10.140000343322754,1075,0.0,0.0
2023-04-18 00:00:00-04:00,10.199999809265137,10.319999694824219,9.960000038146973,10.079999923706055,1167,0.0,0.0
2023-04-19 00:00:00-04:00,9.479999542236328,10.079999923706055,9.359999656677246,10.079999923706055,242,0.0,0.0
2023-04-20 00:00:00-04:00,9.359999656677246,9.960000038146973,9.0,9.696000099182129,2275,0.0,0.0
2023-04-21 00:00:00-04:00,9.696000099182129,9.696000099182129,9.119999885559082,9.600000381469727,1183,0.0,0.0
2023-04-24 00:00:00-04:00,9.359999656677246,9.600000381469727,8.760000228881836,9.180000305175781,4792,0.0,0.0
2023-04-25 00:00:00-04:00,9.180000305175781,9.359999656677246,8.760000228881836,8.880000114440918,1042,0.0,0.0
2023-04-26 00:00:00-04:00,8.760000228881836,9.119999885559082,8.543999671936035,8.543999671936035,1825,0.0,0.0
2023-04-27 00:00:00-04:00,8.97599983215332,9.564000129699707,8.555999755859375,9.479999542236328,3242,0.0,0.0
2023-04-28 00:00:00-04:00,9.359999656677246,9.479999542236328,9.119999885559082,9.300000190734863,1508,0.0,0.0
2023-05-01 00:00:00-04:00,9.791999816894531,9.791999816894531,9.239999771118164,9.300000190734863,958,0.0,0.0
2023-05-02 00:00:00-04:00,9.239999771118164,9.600000381469727,9.239999771118164,9.300000190734863,667,0.0,0.0
2023-05-03 00:00:00-04:00,9.0,9.600000381469727,9.0,9.119999885559082,892,0.0,0.0
2023-05-04 00:00:00-04:00,9.0,9.720000267028809,9.0,9.720000267028809,1750,0.0,0.0
2023-05-05 00:00:00-04:00,9.744000434875488,10.260000228881836,9.576000213623047,10.031999588012695,1408,0.0,0.0
2023-05-08 00:00:00-04:00,9.84000015258789,10.211999893188477,9.0,10.199999809265137,2258,0.0,0.0
2023-05-09 00:00:00-04:00,9.84000015258789,10.199999809265137,9.300000190734863,9.539999961853027,1583,0.0,0.0
2023-05-10 00:00:00-04:00,9.359999656677246,9.972000122070312,9.359999656677246,9.720000267028809,617,0.0,0.0
2023-05-11 00:00:00-04:00,9.119999885559082,9.600000381469727,8.399999618530273,9.0,1725,0.0,0.0
2023-05-12 00:00:00-04:00,9.899999618530273,9.899999618530273,9.0,9.600000381469727,125,0.0,0.0
2023-05-15 00:00:00-04:00,9.456000328063965,9.84000015258789,9.0,9.84000015258789,850,0.0,0.0
2023-05-16 00:00:00-04:00,9.612000465393066,9.960000038146973,9.395999908447266,9.395999908447266,2508,0.0,0.0
2023-05-17 00:00:00-04:00,9.02400016784668,10.079999923706055,9.02400016784668,9.239999771118164,1467,0.0,0.0
2023-05-18 00:00:00-04:00,9.336000442504883,9.600000381469727,9.239999771118164,9.395999908447266,1608,0.0,0.0
2023-05-19 00:00:00-04:00,9.359999656677246,9.684000015258789,9.02400016784668,9.02400016784668,1100,0.0,0.0
2023-05-22 00:00:00-04:00,9.02400016784668,9.600000381469727,9.01200008392334,9.479999542236328,3433,0.0,0.0
2023-05-23 00:00:00-04:00,9.479999542236328,9.600000381469727,9.01200008392334,9.359999656677246,983,0.0,0.0
2023-05-24 00:00:00-04:00,9.0,9.420000076293945,9.0,9.01200008392334,1792,0.0,0.0
2023-05-25 00:00:00-04:00,9.119999885559082,9.600000381469727,9.0,9.0,1633,0.0,0.0
2023-05-26 00:00:00-04:00,9.359999656677246,9.359999656677246,8.760000228881836,8.880000114440918,2542,0.0,0.0
2023-05-30 00:00:00-04:00,8.543999671936035,9.0,8.399999618530273,8.97599983215332,1725,0.0,0.0
2023-05-31 00:00:00-04:00,9.0,9.479999542236328,8.711999893188477,8.784000396728516,2500,0.0,0.0
2023-06-01 00:00:00-04:00,8.579999923706055,9.359999656677246,8.579999923706055,9.0,325,0.0,0.0
2023-06-02 00:00:00-04:00,9.359999656677246,9.359999656677246,8.399999618530273,8.880000114440918,1467,0.0,0.0
2023-06-05 00:00:00-04:00,8.520000457763672,9.119999885559082,8.399999618530273,9.107999801635742,850,0.0,0.0
2023-06-06 00:00:00-04:00,9.0,9.119999885559082,8.399999618530273,9.119999885559082,1650,0.0,0.0
2023-06-07 00:00:00-04:00,9.119999885559082,9.119999885559082,8.484000205993652,9.0600004196167,1367,0.0,0.0
2023-06-08 00:00:00-04:00,8.880000114440918,8.880000114440918,8.675999641418457,8.760000228881836,1450,0.0,0.0
2023-06-09 00:00:00-04:00,8.760000228881836,9.0,8.748000144958496,8.98799991607666,258,0.0,0.0
2023-06-12 00:00:00-04:00,8.98799991607666,8.98799991607666,8.531999588012695,8.98799991607666,283,0.0,0.0
2023-06-13 00:00:00-04:00,8.98799991607666,9.84000015258789,8.97599983215332,9.227999687194824,5258,0.0,0.0
2023-06-14 00:00:00-04:00,9.239999771118164,9.359999656677246,8.9399995803833,8.97599983215332,725,0.0,0.0
2023-06-15 00:00:00-04:00,9.0,9.300000190734863,8.880000114440918,9.300000190734863,633,0.0,0.0
2023-06-16 00:00:00-04:00,9.239999771118164,9.359999656677246,9.204000473022461,9.239999771118164,1075,0.0,0.0
2023-06-20 00:00:00-04:00,9.239999771118164,10.079999923706055,9.239999771118164,9.479999542236328,5108,0.0,0.0
2023-06-21 00:00:00-04:00,9.359999656677246,9.600000381469727,9.359999656677246,9.359999656677246,83,0.0,0.0
2023-06-22 00:00:00-04:00,9.359999656677246,9.84000015258789,9.359999656677246,9.359999656677246,692,0.0,0.0
2023-06-23 00:00:00-04:00,9.359999656677246,9.600000381469727,9.119999885559082,9.347999572753906,1083,0.0,0.0
2023-06-26 00:00:00-04:00,9.82800006866455,9.82800006866455,8.880000114440918,9.02400016784668,833,0.0,0.0
2023-06-27 00:00:00-04:00,9.300000190734863,9.359999656677246,8.880000114440918,8.97599983215332,1925,0.0,0.0
2023-06-28 00:00:00-04:00,8.880000114440918,9.239999771118164,8.880000114440918,9.0,1542,0.0,0.0
2023-06-29 00:00:00-04:00,9.0,9.0,8.520000457763672,9.0,2358,0.0,0.0
2023-06-30 00:00:00-04:00,9.0,9.0,8.411999702453613,8.9399995803833,433,0.0,0.0
2023-07-03 00:00:00-04:00,8.640000343322754,8.95199966430664,8.616000175476074,8.9399995803833,2175,0.0,0.0
2023-07-05 00:00:00-04:00,8.760000228881836,9.119999885559082,8.640000343322754,9.119999885559082,2508,0.0,0.0
2023-07-06 00:00:00-04:00,9.095999717712402,9.095999717712402,8.447999954223633,8.892000198364258,2375,0.0,0.0
2023-07-07 00:00:00-04:00,8.520000457763672,9.083999633789062,8.520000457763672,8.760000228881836,1792,0.0,0.0
2023-07-10 00:00:00-04:00,8.435999870300293,8.855999946594238,8.435999870300293,8.640000343322754,3142,0.0,0.0
2023-07-11 00:00:00-04:00,8.531999588012695,8.760000228881836,8.531999588012695,8.652000427246094,1367,0.0,0.0
2023-07-12 00:00:00-04:00,8.760000228881836,9.119999885559082,8.472000122070312,8.760000228881836,4075,0.0,0.0
2023-07-13 00:00:00-04:00,9.0,9.0,8.699999809265137,8.892000198364258,592,0.0,0.0
2023-07-14 00:00:00-04:00,8.760000228881836,8.9399995803833,8.699999809265137,8.807999610900879,592,0.0,0.0
2023-07-17 00:00:00-04:00,8.868000030517578,9.119999885559082,8.723999977111816,9.119999885559082,1867,0.0,0.0
2023-07-18 00:00:00-04:00,8.880000114440918,9.0,8.880000114440918,8.880000114440918,317,0.0,0.0
2023-07-19 00:00:00-04:00,8.711999893188477,9.119999885559082,8.711999893188477,8.904000282287598,700,0.0,0.0
2023-07-20 00:00:00-04:00,8.760000228881836,9.192000389099121,8.760000228881836,8.880000114440918,4083,0.0,0.0
2023-07-21 00:00:00-04:00,8.831999778747559,8.880000114440918,8.772000312805176,8.772000312805176,492,0.0,0.0
2023-07-24 00:00:00-04:00,8.772000312805176,9.239999771118164,8.772000312805176,9.119999885559082,3558,0.0,0.0
2023-07-25 00:00:00-04:00,9.107999801635742,9.359999656677246,9.107999801635742,9.239999771118164,250,0.0,0.0
2023-07-26 00:00:00-04:00,9.300000190734863,9.359999656677246,9.0,9.347999572753906,1033,0.0,0.0
2023-07-27 00:00:00-04:00,9.479999542236328,9.600000381469727,8.9399995803833,9.539999961853027,1658,0.0,0.0
2023-07-28 00:00:00-04:00,9.119999885559082,9.600000381469727,9.071999549865723,9.324000358581543,1908,0.0,0.0
2023-07-31 00:00:00-04:00,9.071999549865723,9.696000099182129,9.071999549865723,9.251999855041504,850,0.0,0.0
2023-08-01 00:00:00-04:00,9.239999771118164,9.779999732971191,9.239999771118164,9.600000381469727,1575,0.0,0.0
2023-08-02 00:00:00-04:00,9.720000267028809,9.82800006866455,9.239999771118164,9.539999961853027,2075,0.0,0.0
2023-08-03 00:00:00-04:00,9.84000015258789,9.84000015258789,9.600000381469727,9.82800006866455,1008,0.0,0.0
2023-08-04 00:00:00-04:00,9.960000038146973,9.960000038146973,9.947999954223633,9.960000038146973,150,0.0,0.0
2023-08-07 00:00:00-04:00,9.65999984741211,9.960000038146973,9.479999542236328,9.479999542236328,867,0.0,0.0
2023-08-08 00:00:00-04:00,9.479999542236328,9.960000038146973,9.359999656677246,9.779999732971191,1542,0.0,0.0
2023-08-09 00:00:00-04:00,9.600000381469727,9.720000267028809,9.359999656677246,9.479999542236328,417,0.0,0.0
2023-08-10 00:00:00-04:00,9.479999542236328,10.020000457763672,9.479999542236328,10.020000457763672,2000,0.0,0.0
2023-08-11 00:00:00-04:00,9.84000015258789,9.960000038146973,9.65999984741211,9.82800006866455,1725,0.0,0.0
2023-08-14 00:00:00-04:00,10.008000373840332,10.175999641418457,9.65999984741211,10.079999923706055,2350,0.0,0.0
2023-08-15 00:00:00-04:00,9.935999870300293,10.343999862670898,9.576000213623047,9.576000213623047,5633,0.0,0.0
2023-08-16 00:00:00-04:00,9.359999656677246,10.079999923706055,9.359999656677246,9.600000381469727,558,0.0,0.0
2023-08-17 00:00:00-04:00,9.720000267028809,9.720000267028809,8.640000343322754,8.640000343322754,3608,0.0,0.0
2023-08-18 00:00:00-04:00,8.760000228881836,8.880000114440918,8.399999618530273,8.520000457763672,2850,0.0,0.0
2023-08-21 00:00:00-04:00,8.399999618530273,9.095999717712402,8.399999618530273,9.095999717712402,350,0.0,0.0
2023-08-22 00:00:00-04:00,9.119999885559082,9.479999542236328,7.559999942779541,8.604000091552734,8458,0.0,0.0
2023-08-23 00:00:00-04:00,8.15999984741211,8.699999809265137,8.15999984741211,8.460000038146973,1108,0.0,0.0
2023-08-24 00:00:00-04:00,8.399999618530273,8.520000457763672,8.100000381469727,8.387999534606934,2692,0.0,0.0
2023-08-25 00:00:00-04:00,7.920000076293945,8.399999618530273,7.619999885559082,8.052000045776367,692,0.0,0.0
2023-08-28 00:00:00-04:00,8.640000343322754,9.0,7.559999942779541,8.15999984741211,3892,0.0,0.0
2023-08-29 00:00:00-04:00,9.0,9.0,7.920000076293945,8.039999961853027,1617,0.0,0.0
2023-08-30 00:00:00-04:00,8.003999710083008,9.239999771118164,8.003999710083008,8.484000205993652,5300,0.0,0.0
2023-08-31 00:00:00-04:00,8.520000457763672,9.899999618530273,7.980000019073486,9.887999534606934,10617,0.0,0.0
2023-09-01 00:00:00-04:00,9.479999542236328,9.779999732971191,9.01200008392334,9.468000411987305,1975,0.0,0.0
2023-09-05 00:00:00-04:00,9.720000267028809,9.767999649047852,9.02400016784668,9.227999687194824,5158,0.0,0.0
2023-09-06 00:00:00-04:00,9.119999885559082,9.503999710083008,9.119999885559082,9.239999771118164,3508,0.0,0.0
2023-09-07 00:00:00-04:00,9.359999656677246,9.479999542236328,9.119999885559082,9.239999771118164,925,0.0,0.0
2023-09-08 00:00:00-04:00,9.119999885559082,9.720000267028809,8.291999816894531,9.539999961853027,3392,0.0,0.0
2023-09-11 00:00:00-04:00,9.65999984741211,10.175999641418457,9.02400016784668,10.079999923706055,6250,0.0,0.0
2023-09-12 00:00:00-04:00,9.612000465393066,10.307999610900879,9.600000381469727,10.067999839782715,6017,0.0,0.0
2023-09-13 00:00:00-04:00,10.116000175476074,10.199999809265137,9.720000267028809,9.960000038146973,2075,0.0,0.0
2023-09-14 00:00:00-04:00,10.260000228881836,10.355999946594238,10.079999923706055,10.079999923706055,1975,0.0,0.0
2023-09-15 00:00:00-04:00,10.092000007629395,10.128000259399414,9.479999542236328,10.020000457763672,5108,0.0,0.0
2023-09-18 00:00:00-04:00,9.600000381469727,9.960000038146973,9.239999771118164,9.708000183105469,2300,0.0,0.0
2023-09-19 00:00:00-04:00,10.079999923706055,10.079999923706055,9.263999938964844,9.263999938964844,600,0.0,0.0
2023-09-20 00:00:00-04:00,10.152000427246094,10.152000427246094,9.479999542236328,9.65999984741211,1033,0.0,0.0
2023-09-21 00:00:00-04:00,9.600000381469727,9.923999786376953,9.239999771118164,9.479999542236328,3567,0.0,0.0
2023-09-22 00:00:00-04:00,9.84000015258789,9.84000015258789,9.02400016784668,9.239999771118164,1000,0.0,0.0
2023-09-25 00:00:00-04:00,9.588000297546387,9.588000297546387,9.119999885559082,9.119999885559082,1617,0.0,0.0
2023-09-26 00:00:00-04:00,9.01200008392334,9.276000022888184,9.01200008392334,9.276000022888184,1092,0.0,0.0
2023-09-27 00:00:00-04:00,9.359999656677246,9.491999626159668,9.01200008392334,9.01200008392334,1258,0.0,0.0
2023-09-28 00:00:00-04:00,9.227999687194824,9.239999771118164,8.760000228881836,8.760000228881836,1425,0.0,0.0
2023-09-29 00:00:00-04:00,9.215999603271484,9.215999603271484,8.760000228881836,9.03600025177002,233,0.0,0.0
2023-10-02 00:00:00-04:00,8.880000114440918,8.98799991607666,8.399999618530273,8.98799991607666,1400,0.0,0.0
2023-10-03 00:00:00-04:00,8.411999702453613,9.0,8.34000015258789,8.399999618530273,1467,0.0,0.0
2023-10-04 00:00:00-04:00,8.052000045776367,8.928000450134277,7.668000221252441,8.15999984741211,6283,0.0,0.0
2023-10-05 00:00:00-04:00,7.776000022888184,8.399999618530273,7.440000057220459,7.811999797821045,3583,0.0,0.0
2023-10-06 00:00:00-04:00,8.279999732971191,8.279999732971191,5.639999866485596,7.440000057220459,5392,0.0,0.0
2023-10-09 00:00:00-04:00,7.440000057220459,7.656000137329102,7.199999809265137,7.320000171661377,1267,0.0,0.0
2023-10-10 00:00:00-04:00,7.199999809265137,7.440000057220459,6.840000152587891,7.199999809265137,4308,0.0,0.0
2023-10-11 00:00:00-04:00,7.800000190734863,8.279999732971191,6.4679999351501465,6.791999816894531,12500,0.0,0.0
2023-10-12 00:00:00-04:00,6.71999979019165,7.679999828338623,6.71999979019165,7.440000057220459,8633,0.0,0.0
2023-10-13 00:00:00-04:00,7.559999942779541,7.943999767303467,7.559999942779541,7.559999942779541,1983,0.0,0.0
2023-10-16 00:00:00-04:00,7.559999942779541,7.619999885559082,7.5,7.535999774932861,2425,0.0,0.0
2023-10-17 00:00:00-04:00,7.440000057220459,7.679999828338623,7.440000057220459,7.440000057220459,3150,0.0,0.0
2023-10-18 00:00:00-04:00,7.547999858856201,7.679999828338623,7.440000057220459,7.679999828338623,725,0.0,0.0
2023-10-19 00:00:00-04:00,7.668000221252441,7.9079999923706055,7.619999885559082,7.728000164031982,950,0.0,0.0
2023-10-20 00:00:00-04:00,7.679999828338623,7.679999828338623,7.440000057220459,7.440000057220459,4375,0.0,0.0
2023-10-23 00:00:00-04:00,7.559999942779541,7.559999942779541,7.440000057220459,7.440000057220459,1725,0.0,0.0
2023-10-24 00:00:00-04:00,7.440000057220459,7.679999828338623,7.440000057220459,7.656000137329102,2233,0.0,0.0
2023-10-25 00:00:00-04:00,7.440000057220459,7.440000057220459,6.492000102996826,6.78000020980835,12733,0.0,0.0
2023-10-26 00:00:00-04:00,6.840000152587891,7.176000118255615,6.75600004196167,6.9720001220703125,1508,0.0,0.0
2023-10-27 00:00:00-04:00,7.199999809265137,7.211999893188477,6.480000019073486,6.599999904632568,4925,0.0,0.0
2023-10-30 00:00:00-04:00,7.223999977111816,7.223999977111816,6.599999904632568,7.139999866485596,608,0.0,0.0
2023-10-31 00:00:00-04:00,7.199999809265137,7.559999942779541,6.71999979019165,7.559999942779541,333,0.0,0.0
2023-11-01 00:00:00-04:00,6.480000019073486,7.559999942779541,6.480000019073486,7.104000091552734,1658,0.0,0.0
2023-11-02 00:00:00-04:00,6.840000152587891,7.679999828338623,6.840000152587891,6.9120001792907715,2525,0.0,0.0
2023-11-03 00:00:00-04:00,6.791999816894531,7.679999828338623,6.791999816894531,7.260000228881836,933,0.0,0.0
2023-11-06 00:00:00-05:00,6.935999870300293,7.355999946594238,6.935999870300293,6.935999870300293,608,0.0,0.0
2023-11-07 00:00:00-05:00,6.76800012588501,6.76800012588501,6.144000053405762,6.360000133514404,3883,0.0,0.0
2023-11-08 00:00:00-05:00,6.156000137329102,6.960000038146973,6.156000137329102,6.360000133514404,200,0.0,0.0
2023-11-09 00:00:00-05:00,6.360000133514404,7.079999923706055,6.360000133514404,6.6479997634887695,283,0.0,0.0
2023-11-10 00:00:00-05:00,6.480000019073486,6.840000152587891,6.360000133514404,6.480000019073486,4583,0.0,0.0
2023-11-13 00:00:00-05:00,6.383999824523926,6.78000020980835,6.360000133514404,6.71999979019165,1792,0.0,0.0
2023-11-14 00:00:00-05:00,6.420000076293945,6.599999904632568,5.880000114440918,5.940000057220459,6000,0.0,0.0
2023-11-15 00:00:00-05:00,6.372000217437744,6.828000068664551,6.01200008392334,6.01200008392334,4575,0.0,0.0
2023-11-16 00:00:00-05:00,6.0,6.239999771118164,5.796000003814697,6.0,3075,0.0,0.0
2023-11-17 00:00:00-05:00,5.880000114440918,6.179999828338623,5.604000091552734,5.98799991607666,1708,0.0,0.0
2023-11-20 00:00:00-05:00,5.880000114440918,6.0,5.5320000648498535,6.0,5300,0.0,0.0
2023-11-21 00:00:00-05:00,5.699999809265137,5.880000114440918,5.639999866485596,5.639999866485596,975,0.0,0.0
2023-11-22 00:00:00-05:00,5.639999866485596,6.0,5.639999866485596,6.0,483,0.0,0.0
2023-11-24 00:00:00-05:00,6.047999858856201,6.78000020980835,5.9039998054504395,6.708000183105469,2508,0.0,0.0
2023-11-27 00:00:00-05:00,6.78000020980835,6.78000020980835,6.179999828338623,6.251999855041504,675,0.0,0.0
2023-11-28 00:00:00-05:00,6.599999904632568,6.599999904632568,6.0960001945495605,6.131999969482422,2800,0.0,0.0
2023-11-29 00:00:00-05:00,5.927999973297119,6.599999904632568,5.927999973297119,5.940000057220459,383,0.0,0.0
2023-11-30 00:00:00-05:00,6.228000164031982,6.455999851226807,6.0,6.455999851226807,5008,0.0,0.0
2023-12-01 00:00:00-05:00,6.480000019073486,7.079999923706055,6.480000019073486,6.78000020980835,5400,0.0,0.0
2023-12-04 00:00:00-05:00,6.78000020980835,6.840000152587891,5.880000114440918,6.072000026702881,13225,0.0,0.0
2023-12-05 00:00:00-05:00,6.239999771118164,6.360000133514404,6.035999774932861,6.191999912261963,2100,0.0,0.0
2023-12-06 00:00:00-05:00,6.119999885559082,6.3480000495910645,5.880000114440918,5.915999889373779,5458,0.0,0.0
2023-12-07 00:00:00-05:00,5.880000114440918,6.360000133514404,5.880000114440918,6.239999771118164,2383,0.0,0.0
2023-12-08 00:00:00-05:00,6.0,6.156000137329102,5.940000057220459,6.156000137329102,958,0.0,0.0
2023-12-11 00:00:00-05:00,6.300000190734863,6.360000133514404,5.9039998054504395,6.119999885559082,225,0.0,0.0
2023-12-12 00:00:00-05:00,5.880000114440918,6.0,5.400000095367432,5.639999866485596,5450,0.0,0.0
2023-12-13 00:00:00-05:00,5.519999980926514,6.119999885559082,5.21999979019165,5.952000141143799,3600,0.0,0.0
2023-12-14 00:00:00-05:00,5.736000061035156,6.504000186920166,5.736000061035156,6.504000186920166,2308,0.0,0.0
2023-12-15 00:00:00-05:00,6.01200008392334,6.504000186920166,6.01200008392334,6.02400016784668,2475,0.0,0.0
2023-12-18 00:00:00-05:00,6.02400016784668,6.5279998779296875,6.02400016784668,6.276000022888184,1958,0.0,0.0
2023-12-19 00:00:00-05:00,6.131999969482422,6.71999979019165,6.01200008392334,6.3480000495910645,2367,0.0,0.0
2023-12-20 00:00:00-05:00,6.5879998207092285,6.684000015258789,6.0,6.0960001945495605,3400,0.0,0.0
2023-12-21 00:00:00-05:00,6.059999942779541,6.239999771118164,6.047999858856201,6.239999771118164,1908,0.0,0.0
2023-12-22 00:00:00-05:00,6.119999885559082,6.383999824523926,5.880000114440918,6.360000133514404,2983,0.0,0.0
2023-12-26 00:00:00-05:00,6.059999942779541,6.480000019073486,5.880000114440918,6.239999771118164,2708,0.0,0.0
2023-12-27 00:00:00-05:00,6.119999885559082,6.239999771118164,6.119999885559082,6.239999771118164,425,0.0,0.0
2023-12-28 00:00:00-05:00,6.119999885559082,6.5279998779296875,6.119999885559082,6.480000019073486,1892,0.0,0.0
2023-12-29 00:00:00-05:00,6.203999996185303,6.73199987411499,6.144000053405762,6.564000129699707,4642,0.0,0.0
2024-01-02 00:00:00-05:00,6.708000183105469,6.76800012588501,6.300000190734863,6.360000133514404,400,0.0,0.0
2024-01-03 00:00:00-05:00,6.300000190734863,6.5879998207092285,6.300000190734863,6.5879998207092285,308,0.0,0.0
2024-01-04 00:00:00-05:00,6.251999855041504,6.696000099182129,6.251999855041504,6.300000190734863,3192,0.0,0.0
2024-01-05 00:00:00-05:00,6.480000019073486,6.492000102996826,6.119999885559082,6.432000160217285,992,0.0,0.0
2024-01-08 00:00:00-05:00,6.276000022888184,6.335999965667725,6.119999885559082,6.239999771118164,417,0.0,0.0
2024-01-09 00:00:00-05:00,6.119999885559082,6.480000019073486,6.01200008392334,6.191999912261963,3817,0.0,0.0
2024-01-10 00:00:00-05:00,6.191999912261963,6.335999965667725,6.191999912261963,6.203999996185303,383,0.0,0.0
2024-01-11 00:00:00-05:00,6.239999771118164,6.599999904632568,6.203999996185303,6.5879998207092285,6317,0.0,0.0
2024-01-12 00:00:00-05:00,6.492000102996826,6.599999904632568,6.360000133514404,6.480000019073486,3600,0.0,0.0
2024-01-16 00:00:00-05:00,6.803999900817871,6.803999900817871,6.251999855041504,6.671999931335449,2275,0.0,0.0
2024-01-17 00:00:00-05:00,6.71999979019165,6.947999954223633,6.599999904632568,6.840000152587891,5675,0.0,0.0
2024-01-18 00:00:00-05:00,6.611999988555908,6.611999988555908,6.480000019073486,6.599999904632568,475,0.0,0.0
2024-01-19 00:00:00-05:00,6.71999979019165,6.840000152587891,6.492000102996826,6.840000152587891,1383,0.0,0.0
2024-01-22 00:00:00-05:00,6.828000068664551,6.840000152587891,6.492000102996826,6.492000102996826,1108,0.0,0.0
2024-01-23 00:00:00-05:00,6.78000020980835,6.947999954223633,6.659999847412109,6.659999847412109,617,0.0,0.0
2024-01-24 00:00:00-05:00,6.671999931335449,6.840000152587891,6.671999931335449,6.840000152587891,83,0.0,0.0
2024-01-25 00:00:00-05:00,6.696000099182129,6.947999954223633,6.696000099182129,6.947999954223633,692,0.0,0.0
2024-01-26 00:00:00-05:00,6.960000038146973,7.044000148773193,6.708000183105469,7.044000148773193,1408,0.0,0.0
2024-01-29 00:00:00-05:00,6.828000068664551,7.260000228881836,6.119999885559082,7.056000232696533,6392,0.0,0.0
2024-01-30 00:00:00-05:00,7.056000232696533,7.248000144958496,6.480000019073486,6.480000019073486,533,0.0,0.0
2024-01-31 00:00:00-05:00,6.492000102996826,6.935999870300293,6.492000102996826,6.71999979019165,200,0.0,0.0
2024-02-01 00:00:00-05:00,6.599999904632568,6.599999904632568,6.239999771118164,6.300000190734863,850,0.0,0.0
2024-02-02 00:00:00-05:00,6.239999771118164,6.960000038146973,6.239999771118164,6.251999855041504,483,0.0,0.0
2024-02-05 00:00:00-05:00,6.119999885559082,6.611999988555908,6.119999885559082,6.611999988555908,3025,0.0,0.0
2024-02-06 00:00:00-05:00,6.71999979019165,6.71999979019165,6.311999797821045,6.480000019073486,592,0.0,0.0
2024-02-07 00:00:00-05:00,6.539999961853027,6.539999961853027,6.119999885559082,6.3480000495910645,4017,0.0,0.0
2024-02-08 00:00:00-05:00,6.3480000495910645,6.599999904632568,6.239999771118164,6.480000019073486,850,0.0,0.0
2024-02-09 00:00:00-05:00,6.480000019073486,6.840000152587891,6.480000019073486,6.840000152587891,558,0.0,0.0
2024-02-12 00:00:00-05:00,6.840000152587891,6.840000152587891,6.372000217437744,6.480000019073486,1325,0.0,0.0
2024-02-13 00:00:00-05:00,6.239999771118164,6.420000076293945,6.119999885559082,6.360000133514404,617,0.0,0.0
2024-02-14 00:00:00-05:00,6.239999771118164,6.480000019073486,6.239999771118164,6.480000019073486,967,0.0,0.0
2024-02-15 00:00:00-05:00,6.480000019073486,6.599999904632568,6.119999885559082,6.599999904632568,2783,0.0,0.0
2024-02-16 00:00:00-05:00,6.480000019073486,6.480000019073486,6.311999797821045,6.420000076293945,692,0.0,0.0
2024-02-20 00:00:00-05:00,6.239999771118164,6.504000186920166,6.239999771118164,6.360000133514404,533,0.0,0.0
2024-02-21 00:00:00-05:00,6.360000133514404,6.360000133514404,6.216000080108643,6.239999771118164,308,0.0,0.0
2024-02-22 00:00:00-05:00,6.276000022888184,6.78000020980835,6.179999828338623,6.300000190734863,2208,0.0,0.0
2024-02-23 00:00:00-05:00,6.360000133514404,7.679999828338623,6.119999885559082,6.599999904632568,12242,0.0,0.0
2024-02-26 00:00:00-05:00,6.480000019073486,6.78000020980835,6.335999965667725,6.696000099182129,575,0.0,0.0
2024-02-27 00:00:00-05:00,6.599999904632568,6.947999954223633,6.432000160217285,6.480000019073486,717,0.0,0.0
2024-02-28 00:00:00-05:00,6.576000213623047,6.923999786376953,6.360000133514404,6.372000217437744,625,0.0,0.0
2024-02-29 00:00:00-05:00,6.383999824523926,6.383999824523926,6.191999912261963,6.360000133514404,1783,0.0,0.0
2024-03-01 00:00:00-05:00,6.480000019073486,6.71999979019165,6.239999771118164,6.492000102996826,11150,0.0,0.0
2024-03-04 00:00:00-05:00,6.599999904632568,6.803999900817871,6.480000019073486,6.671999931335449,5375,0.0,0.0
2024-03-05 00:00:00-05:00,6.480000019073486,6.947999954223633,6.480000019073486,6.71999979019165,13075,0.0,0.0
2024-03-06 00:00:00-05:00,6.515999794006348,6.840000152587891,6.480000019073486,6.492000102996826,2300,0.0,0.0
2024-03-07 00:00:00-05:00,6.5279998779296875,6.659999847412109,6.239999771118164,6.6479997634887695,4200,0.0,0.0
2024-03-08 00:00:00-05:00,6.708000183105469,6.840000152587891,6.383999824523926,6.840000152587891,5925,0.0,0.0
2024-03-11 00:00:00-04:00,6.71999979019165,6.78000020980835,6.539999961853027,6.78000020980835,317,0.0,0.0
2024-03-12 00:00:00-04:00,6.372000217437744,6.71999979019165,6.372000217437744,6.71999979019165,942,0.0,0.0
2024-03-13 00:00:00-04:00,6.828000068664551,6.828000068664551,6.492000102996826,6.708000183105469,3525,0.0,0.0
2024-03-14 00:00:00-04:00,6.78000020980835,6.78000020980835,6.599999904632568,6.71999979019165,5825,0.0,0.0
2024-03-15 00:00:00-04:00,6.599999904632568,6.78000020980835,6.599999904632568,6.671999931335449,5150,0.0,0.0
2024-03-18 00:00:00-04:00,6.708000183105469,6.984000205993652,6.708000183105469,6.875999927520752,2750,0.0,0.0
2024-03-19 00:00:00-04:00,6.815999984741211,6.9720001220703125,6.803999900817871,6.815999984741211,2692,0.0,0.0
2024-03-20 00:00:00-04:00,6.611999988555908,6.960000038146973,6.611999988555908,6.935999870300293,1792,0.0,0.0
2024-03-21 00:00:00-04:00,6.71999979019165,6.960000038146973,6.71999979019165,6.947999954223633,2000,0.0,0.0
2024-03-22 00:00:00-04:00,6.73199987411499,7.5,6.71999979019165,7.368000030517578,7892,0.0,0.0
2024-03-25 00:00:00-04:00,7.1519999504089355,7.320000171661377,7.079999923706055,7.308000087738037,3617,0.0,0.0
2024-03-26 00:00:00-04:00,7.079999923706055,7.48799991607666,7.079999923706055,7.380000114440918,2317,0.0,0.0
2024-03-27 00:00:00-04:00,7.380000114440918,7.751999855041504,7.283999919891357,7.739999771118164,5792,0.0,0.0
2024-03-28 00:00:00-04:00,7.559999942779541,7.572000026702881,6.611999988555908,6.9720001220703125,19550,0.0,0.0
2024-04-01 00:00:00-04:00,6.840000152587891,7.127999782562256,6.659999847412109,6.74399995803833,5967,0.0,0.0
2024-04-02 00:00:00-04:00,6.624000072479248,6.803999900817871,6.360000133514404,6.599999904632568,1725,0.0,0.0
2024-04-03 00:00:00-04:00,6.480000019073486,6.863999843597412,6.131999969482422,6.76800012588501,10983,0.0,0.0
2024-04-04 00:00:00-04:00,6.696000099182129,6.71999979019165,6.239999771118164,6.383999824523926,15517,0.0,0.0
2024-04-05 00:00:00-04:00,6.4679999351501465,6.659999847412109,6.0,6.504000186920166,8442,0.0,0.0
2024-04-08 00:00:00-04:00,6.480000019073486,6.71999979019165,6.480000019073486,6.480000019073486,342,0.0,0.0
2024-04-09 00:00:00-04:00,6.828000068664551,6.840000152587891,6.119999885559082,6.5279998779296875,6575,0.0,0.0
2024-04-10 00:00:00-04:00,6.708000183105469,6.708000183105469,6.168000221252441,6.168000221252441,15975,0.0,0.0
2024-04-11 00:00:00-04:00,6.611999988555908,7.703999996185303,6.156000137329102,6.71999979019165,52500,0.0,0.0
2024-04-12 00:00:00-04:00,6.611999988555908,6.611999988555908,6.059999942779541,6.131999969482422,14725,0.0,0.0
2024-04-15 00:00:00-04:00,6.216000080108643,6.539999961853027,6.0,6.504000186920166,1433,0.0,0.0
2024-04-16 00:00:00-04:00,6.420000076293945,6.71999979019165,5.760000228881836,5.880000114440918,9950,0.0,0.0
2024-04-17 00:00:00-04:00,6.179999828338623,7.668000221252441,6.179999828338623,7.127999782562256,32608,0.0,0.0
2024-04-18 00:00:00-04:00,7.199999809265137,8.039999961853027,6.923999786376953,7.920000076293945,24242,0.0,0.0
2024-04-19 00:00:00-04:00,8.220000267028809,8.760000228881836,7.703999996185303,8.531999588012695,10883,0.0,0.0
2024-04-22 00:00:00-04:00,8.399999618530273,8.9399995803833,8.279999732971191,8.928000450134277,11200,0.0,0.0
2024-04-23 00:00:00-04:00,8.520000457763672,8.880000114440918,8.15999984741211,8.555999755859375,1267,0.0,0.0
2024-04-24 00:00:00-04:00,8.736000061035156,8.736000061035156,8.399999618530273,8.435999870300293,250,0.0,0.0
2024-04-25 00:00:00-04:00,8.880000114440918,9.0600004196167,8.616000175476074,8.687999725341797,10350,0.0,0.0
2024-04-26 00:00:00-04:00,8.640000343322754,9.0,8.531999588012695,8.675999641418457,3900,0.0,0.0
2024-04-29 00:00:00-04:00,8.279999732971191,9.0,8.15999984741211,8.748000144958496,1758,0.0,0.0
2024-04-30 00:00:00-04:00,8.928000450134277,9.0,8.15999984741211,8.748000144958496,1975,0.0,0.0
2024-05-01 00:00:00-04:00,8.819999694824219,8.819999694824219,8.12399959564209,8.13599967956543,1817,0.0,0.0
2024-05-02 00:00:00-04:00,8.508000373840332,8.640000343322754,7.811999797821045,7.811999797821045,1533,0.0,0.0
2024-05-03 00:00:00-04:00,8.387999534606934,8.640000343322754,7.751999855041504,8.17199993133545,958,0.0,0.0
2024-05-06 00:00:00-04:00,8.723999977111816,8.880000114440918,7.920000076293945,7.920000076293945,1575,0.0,0.0
2024-05-07 00:00:00-04:00,7.920000076293945,8.279999732971191,7.920000076293945,7.9679999351501465,1467,0.0,0.0
2024-05-08 00:00:00-04:00,8.052000045776367,9.0,8.052000045776367,8.472000122070312,4058,0.0,0.0
2024-05-09 00:00:00-04:00,8.795999526977539,9.0,8.543999671936035,8.640000343322754,1408,0.0,0.0
2024-05-10 00:00:00-04:00,8.880000114440918,9.0,8.315999984741211,8.423999786376953,883,0.0,0.0
2024-05-13 00:00:00-04:00,8.064000129699707,8.520000457763672,8.064000129699707,8.460000038146973,225,0.0,0.0
2024-05-14 00:00:00-04:00,8.531999588012695,8.531999588012695,8.387999534606934,8.387999534606934,433,0.0,0.0
2024-05-15 00:00:00-04:00,8.279999732971191,9.0,8.279999732971191,8.531999588012695,2583,0.0,0.0
2024-05-16 00:00:00-04:00,8.291999816894531,9.107999801635742,8.196000099182129,8.531999588012695,2450,0.0,0.0
2024-05-17 00:00:00-04:00,9.359999656677246,9.527999877929688,8.640000343322754,9.0,3067,0.0,0.0
2024-05-20 00:00:00-04:00,9.336000442504883,9.720000267028809,8.843999862670898,9.02400016784668,2475,0.0,0.0
2024-05-21 00:00:00-04:00,9.119999885559082,9.239999771118164,8.880000114440918,9.0,2058,0.0,0.0
2024-05-22 00:00:00-04:00,8.784000396728516,9.107999801635742,8.399999618530273,9.107999801635742,2542,0.0,0.0
2024-05-23 00:00:00-04:00,9.107999801635742,9.107999801635742,8.880000114440918,9.0,1058,0.0,0.0
2024-05-24 00:00:00-04:00,8.399999618530273,9.359999656677246,7.440000057220459,8.399999618530273,5467,0.0,0.0
2024-05-28 00:00:00-04:00,8.760000228881836,8.760000228881836,8.279999732971191,8.279999732971191,1108,0.0,0.0
2024-05-29 00:00:00-04:00,8.039999961853027,8.279999732971191,7.452000141143799,7.559999942779541,2475,0.0,0.0
2024-05-30 00:00:00-04:00,7.51200008392334,7.800000190734863,7.51200008392334,7.800000190734863,425,0.0,0.0
2024-05-31 00:00:00-04:00,8.640000343322754,8.640000343322754,7.800000190734863,7.800000190734863,1475,0.0,0.0
2024-06-03 00:00:00-04:00,7.800000190734863,9.359999656677246,7.800000190734863,9.0,31758,0.0,0.0
2024-06-04 00:00:00-04:00,9.600000381469727,10.199999809265137,9.119999885559082,9.600000381469727,5175,0.0,0.0
2024-06-05 00:00:00-04:00,9.600000381469727,11.039999961853027,8.039999961853027,8.652000427246094,38800,0.0,0.0
2024-06-06 00:00:00-04:00,8.819999694824219,10.199999809265137,7.823999881744385,8.112000465393066,42667,0.0,0.0
2024-06-07 00:00:00-04:00,6.670000076293945,7.199999809265137,6.309999942779541,6.699999809265137,106000,0.0,0.08333333333333333
2024-06-10 00:00:00-04:00,6.710000038146973,7.0320000648498535,6.699999809265137,6.710000038146973,24000,0.0,0.0
2024-06-11 00:00:00-04:00,6.699999809265137,7.045000076293945,6.699999809265137,6.75,24400,0.0,0.0
2024-06-12 00:00:00-04:00,6.75,7.5,6.75,7.039999961853027,11000,0.0,0.0
2024-06-13 00:00:00-04:00,7.0,7.400000095367432,7.0,7.078000068664551,4600,0.0,0.0
2024-06-14 00:00:00-04:00,7.130000114440918,7.25,6.889999866485596,6.889999866485596,4700,0.0,0.0
2024-06-17 00:00:00-04:00,6.800000190734863,7.099999904632568,6.71999979019165,6.75,33600,0.0,0.0
2024-06-18 00:00:00-04:00,6.650000095367432,6.889999866485596,6.650000095367432,6.710000038146973,52900,0.0,0.0
2024-06-20 00:00:00-04:00,6.639999866485596,6.940000057220459,6.639999866485596,6.900000095367432,18000,0.0,0.0
2024-06-21 00:00:00-04:00,6.730000019073486,6.980000019073486,6.730000019073486,6.889999866485596,6200,0.0,0.0
2024-06-24 00:00:00-04:00,6.730000019073486,7.019999980926514,6.730000019073486,6.809999942779541,3800,0.0,0.0
2024-06-25 00:00:00-04:00,6.880000114440918,6.920000076293945,6.760000228881836,6.78000020980835,13600,0.0,0.0
2024-06-26 00:00:00-04:00,6.670000076293945,6.804999828338623,6.670000076293945,6.71999979019165,4000,0.0,0.0
2024-06-27 00:00:00-04:00,6.809999942779541,6.820000171661377,6.710000038146973,6.710000038146973,2900,0.0,0.0
2024-06-28 00:00:00-04:00,6.710000038146973,6.857999801635742,6.710000038146973,6.710000038146973,11200,0.0,0.0
2024-07-01 00:00:00-04:00,6.639999866485596,6.929999828338623,6.639999866485596,6.929999828338623,3200,0.0,0.0
2024-07-02 00:00:00-04:00,6.9079999923706055,6.9079999923706055,6.840000152587891,6.849999904632568,2500,0.0,0.0
2024-07-03 00:00:00-04:00,6.730000019073486,6.730000019073486,6.71999979019165,6.71999979019165,1800,0.0,0.0
2024-07-05 00:00:00-04:00,7.010000228881836,7.010000228881836,7.010000228881836,7.010000228881836,900,0.0,0.0
2024-07-08 00:00:00-04:00,6.880000114440918,6.940000057220459,6.710000038146973,6.710000038146973,3800,0.0,0.0
2024-07-09 00:00:00-04:00,6.559999942779541,6.800000190734863,6.389999866485596,6.6570000648498535,11200,0.0,0.0
2024-07-10 00:00:00-04:00,6.460000038146973,6.800000190734863,6.369999885559082,6.484000205993652,21700,0.0,0.0
2024-07-11 00:00:00-04:00,6.679999828338623,6.728000164031982,6.539999961853027,6.679999828338623,10700,0.0,0.0
2024-07-12 00:00:00-04:00,6.71999979019165,7.400000095367432,6.71999979019165,6.989999771118164,4000,0.0,0.0
2024-07-15 00:00:00-04:00,7.15500020980835,7.15500020980835,6.560999870300293,6.560999870300293,6700,0.0,0.0
2024-07-16 00:00:00-04:00,6.829999923706055,6.849999904632568,6.760000228881836,6.760000228881836,3700,0.0,0.0
2024-07-17 00:00:00-04:00,6.7129998207092285,6.8460001945495605,6.679999828338623,6.679999828338623,2800,0.0,0.0
2024-07-18 00:00:00-04:00,6.78000020980835,7.039999961853027,6.78000020980835,7.039999961853027,1500,0.0,0.0
2024-07-19 00:00:00-04:00,6.949999809265137,6.949999809265137,6.6579999923706055,6.6579999923706055,500,0.0,0.0
2024-07-22 00:00:00-04:00,6.519999980926514,6.699999809265137,6.409999847412109,6.670000076293945,7400,0.0,0.0
2024-07-23 00:00:00-04:00,6.760000228881836,6.834000110626221,6.480000019073486,6.699999809265137,9000,0.0,0.0
2024-07-24 00:00:00-04:00,6.920000076293945,6.920000076293945,6.565000057220459,6.565000057220459,3500,0.0,0.0
2024-07-25 00:00:00-04:00,6.639999866485596,7.039999961853027,6.639999866485596,6.704999923706055,6500,0.0,0.0
2024-07-26 00:00:00-04:00,6.704999923706055,6.704999923706055,6.704999923706055,6.704999923706055,0,0.0,0.0
2024-07-29 00:00:00-04:00,6.869999885559082,7.25,6.699999809265137,7.065000057220459,6100,0.0,0.0
2024-07-30 00:00:00-04:00,7.039999961853027,7.409999847412109,7.039999961853027,7.059999942779541,3700,0.0,0.0
2024-07-31 00:00:00-04:00,7.039999961853027,7.122000217437744,7.0,7.059999942779541,6400,0.0,0.0
2024-08-01 00:00:00-04:00,7.059999942779541,7.449999809265137,7.059999942779541,7.449999809265137,1000,0.0,0.0
2024-08-02 00:00:00-04:00,7.449999809265137,7.449999809265137,7.449999809265137,7.449999809265137,500,0.0,0.0
2024-08-05 00:00:00-04:00,7.050000190734863,7.050000190734863,6.699999809265137,6.699999809265137,3200,0.0,0.0
2024-08-06 00:00:00-04:00,6.75,6.75,6.639999866485596,6.639999866485596,2800,0.0,0.0
2024-08-07 00:00:00-04:00,6.690000057220459,6.7220001220703125,6.690000057220459,6.7220001220703125,900,0.0,0.0
2024-08-08 00:00:00-04:00,6.650000095367432,6.800000190734863,6.492000102996826,6.650000095367432,6300,0.0,0.0
2024-08-09 00:00:00-04:00,6.679999828338623,6.800000190734863,6.429999828338623,6.429999828338623,8500,0.0,0.0
2024-08-12 00:00:00-04:00,6.769999980926514,7.039999961853027,6.460000038146973,6.460000038146973,10200,0.0,0.0
2024-08-13 00:00:00-04:00,6.789999961853027,6.880000114440918,6.53000020980835,6.78000020980835,5800,0.0,0.0
2024-08-14 00:00:00-04:00,6.699999809265137,6.800000190734863,6.429999828338623,6.75,8000,0.0,0.0
2024-08-15 00:00:00-04:00,6.75,6.75,6.75,6.75,0,0.0,0.0
2024-08-16 00:00:00-04:00,6.889999866485596,6.949999809265137,6.829999923706055,6.889999866485596,2300,0.0,0.0
2024-08-19 00:00:00-04:00,7.239999771118164,7.239999771118164,6.46999979019165,6.46999979019165,2400,0.0,0.0
2024-08-20 00:00:00-04:00,6.71999979019165,6.940000057220459,6.5,6.5,18800,0.0,0.0
2024-08-21 00:00:00-04:00,6.614999771118164,7.184000015258789,6.440000057220459,6.820000171661377,15900,0.0,0.0
2024-08-22 00:00:00-04:00,6.84499979019165,7.090000152587891,6.84499979019165,7.074999809265137,4500,0.0,0.0
2024-08-23 00:00:00-04:00,7.079999923706055,7.289999961853027,6.860000133514404,7.190000057220459,2100,0.0,0.0
2024-08-26 00:00:00-04:00,6.88700008392334,6.88700008392334,6.699999809265137,6.800000190734863,1500,0.0,0.0
2024-08-27 00:00:00-04:00,6.940000057220459,6.940000057220459,6.644999980926514,6.940000057220459,900,0.0,0.0
2024-08-28 00:00:00-04:00,6.940000057220459,6.940000057220459,6.940000057220459,6.940000057220459,300,0.0,0.0
2024-08-29 00:00:00-04:00,6.940000057220459,6.940000057220459,6.940000057220459,6.940000057220459,300,0.0,0.0
2024-08-30 00:00:00-04:00,6.940000057220459,6.940000057220459,6.940000057220459,6.940000057220459,400,0.0,0.0
2024-09-03 00:00:00-04:00,6.820000171661377,7.0,6.610000133514404,6.710000038146973,5800,0.0,0.0
2024-09-04 00:00:00-04:00,6.840000152587891,7.130000114440918,6.519999980926514,6.769999980926514,17800,0.0,0.0
2024-09-05 00:00:00-04:00,6.510000228881836,6.900000095367432,6.510000228881836,6.806000232696533,11000,0.0,0.0
2024-09-06 00:00:00-04:00,6.900000095367432,6.993000030517578,6.510000228881836,6.515999794006348,13700,0.0,0.0
2024-09-09 00:00:00-04:00,6.605999946594238,6.989999771118164,6.510000228881836,6.510000228881836,12700,0.0,0.0
2024-09-10 00:00:00-04:00,6.75,7.039999961853027,6.579999923706055,6.784999847412109,7900,0.0,0.0
2024-09-11 00:00:00-04:00,6.699999809265137,6.877999782562256,6.659999847412109,6.75,5800,0.0,0.0
2024-09-12 00:00:00-04:00,6.855000019073486,6.965000152587891,6.599999904632568,6.849999904632568,8700,0.0,0.0
2024-09-13 00:00:00-04:00,6.789999961853027,7.199999809265137,6.610000133514404,7.179999828338623,12100,0.0,0.0
2024-09-16 00:00:00-04:00,6.820000171661377,7.110000133514404,6.650000095367432,6.650000095367432,1200,0.0,0.0
2024-09-17 00:00:00-04:00,6.900000095367432,7.0,6.650000095367432,6.800000190734863,7200,0.0,0.0
2024-09-18 00:00:00-04:00,6.940000057220459,7.264999866485596,6.800000190734863,6.860000133514404,11900,0.0,0.0
2024-09-19 00:00:00-04:00,6.5920000076293945,7.25,6.5920000076293945,7.0,3700,0.0,0.0
2024-09-20 00:00:00-04:00,6.75,7.0,6.75,6.800000190734863,3500,0.0,0.0
2024-09-23 00:00:00-04:00,7.25,7.25,6.736000061035156,7.0,4700,0.0,0.0
2024-09-24 00:00:00-04:00,6.769999980926514,7.079999923706055,6.769999980926514,7.039999961853027,2600,0.0,0.0
2024-09-25 00:00:00-04:00,7.099999904632568,7.510000228881836,6.873000144958496,7.050000190734863,15900,0.0,0.0
2024-09-26 00:00:00-04:00,7.306000232696533,7.420000076293945,6.869999885559082,7.170000076293945,11700,0.0,0.0
2024-09-27 00:00:00-04:00,7.21999979019165,7.610000133514404,7.21999979019165,7.25,8100,0.0,0.0
2024-09-30 00:00:00-04:00,7.119999885559082,7.289999961853027,7.119999885559082,7.130000114440918,6200,0.0,0.0
2024-10-01 00:00:00-04:00,7.239999771118164,7.300000190734863,7.050000190734863,7.300000190734863,8900,0.0,0.0
2024-10-02 00:00:00-04:00,7.300000190734863,7.300000190734863,6.739999771118164,6.940000057220459,18400,0.0,0.0
2024-10-03 00:00:00-04:00,7.010000228881836,7.010000228881836,6.909999847412109,6.929999828338623,2500,0.0,0.0
2024-10-04 00:00:00-04:00,6.979000091552734,6.979000091552734,6.979000091552734,6.979000091552734,400,0.0,0.0
2024-10-07 00:00:00-04:00,6.840000152587891,7.0,6.659999847412109,6.900000095367432,22300,0.0,0.0
2024-10-08 00:00:00-04:00,6.769999980926514,7.054999828338623,6.619999885559082,6.800000190734863,13500,0.0,0.0
2024-10-09 00:00:00-04:00,6.710000038146973,6.900000095367432,6.619999885559082,6.861999988555908,20000,0.0,0.0
2024-10-10 00:00:00-04:00,6.760000228881836,6.949999809265137,6.670000076293945,6.708000183105469,8200,0.0,0.0
2024-10-11 00:00:00-04:00,6.989999771118164,6.989999771118164,6.730000019073486,6.980000019073486,9400,0.0,0.0
2024-10-14 00:00:00-04:00,6.625,7.0,6.625,6.989999771118164,3000,0.0,0.0
2024-10-15 00:00:00-04:00,6.65500020980835,6.949999809265137,6.65500020980835,6.809999942779541,1100,0.0,0.0
2024-10-16 00:00:00-04:00,7.0,7.010000228881836,7.0,7.010000228881836,3600,0.0,0.0
2024-10-17 00:00:00-04:00,6.900000095367432,7.263000011444092,6.870999813079834,7.050000190734863,9000,0.0,0.0
2024-10-18 00:00:00-04:00,7.059999942779541,7.059999942779541,6.889999866485596,6.889999866485596,300,0.0,0.0
2024-10-21 00:00:00-04:00,7.035999774932861,7.035999774932861,7.03000020980835,7.03000020980835,500,0.0,0.0
2024-10-22 00:00:00-04:00,7.150000095367432,7.150000095367432,6.864999771118164,6.9120001792907715,6400,0.0,0.0
2024-10-23 00:00:00-04:00,6.849999904632568,7.139999866485596,6.800000190734863,6.989999771118164,9800,0.0,0.0
2024-10-24 00:00:00-04:00,6.900000095367432,7.045000076293945,6.820000171661377,6.989999771118164,3500,0.0,0.0
2024-10-25 00:00:00-04:00,6.750999927520752,7.210000038146973,6.750999927520752,6.939000129699707,7000,0.0,0.0
2024-10-28 00:00:00-04:00,6.690000057220459,6.974999904632568,6.599999904632568,6.804999828338623,4100,0.0,0.0
2024-10-29 00:00:00-04:00,6.849999904632568,7.099999904632568,6.849999904632568,6.900000095367432,14200,0.0,0.0
2024-10-30 00:00:00-04:00,6.900000095367432,7.480000019073486,6.619999885559082,7.0,17700,0.0,0.0
2024-10-31 00:00:00-04:00,6.920000076293945,7.099999904632568,6.760000228881836,6.900000095367432,6300,0.0,0.0
2024-11-01 00:00:00-04:00,6.854000091552734,7.010000228881836,6.619999885559082,6.800000190734863,11800,0.0,0.0
2024-11-04 00:00:00-05:00,6.679999828338623,7.0,6.651000022888184,6.984000205993652,35800,0.0,0.0
2024-11-05 00:00:00-05:00,6.849999904632568,7.099999904632568,6.75,6.869999885559082,20300,0.0,0.0
2024-11-06 00:00:00-05:00,6.579999923706055,6.920000076293945,6.579999923706055,6.739999771118164,12300,0.0,0.0
2024-11-07 00:00:00-05:00,6.702000141143799,6.9670000076293945,6.702000141143799,6.75,3700,0.0,0.0
2024-11-08 00:00:00-05:00,6.630000114440918,6.760000228881836,6.630000114440918,6.760000228881836,800,0.0,0.0
2024-11-11 00:00:00-05:00,6.800000190734863,6.880000114440918,6.679999828338623,6.679999828338623,8200,0.0,0.0
2024-11-12 00:00:00-05:00,6.650000095367432,6.869999885559082,6.59499979019165,6.59499979019165,2600,0.0,0.0
2024-11-13 00:00:00-05:00,6.599999904632568,6.619999885559082,6.429999828338623,6.619999885559082,1700,0.0,0.0
2024-11-14 00:00:00-05:00,6.510000228881836,6.880000114440918,6.510000228881836,6.880000114440918,800,0.0,0.0
2024-11-15 00:00:00-05:00,6.739999771118164,6.880000114440918,6.619999885559082,6.869999885559082,5100,0.0,0.0
2024-11-18 00:00:00-05:00,6.748000144958496,6.75,6.449999809265137,6.51800012588501,9300,0.0,0.0
2024-11-19 00:00:00-05:00,6.519999980926514,6.561999797821045,6.460000038146973,6.561999797821045,3100,0.0,0.0
2024-11-20 00:00:00-05:00,6.605000019073486,6.605000019073486,5.599999904632568,6.0,34600,0.0,0.0
2024-11-21 00:00:00-05:00,5.75,6.054999828338623,5.710000038146973,5.96999979019165,11300,0.0,0.0
2024-11-22 00:00:00-05:00,5.9770002365112305,6.1620001792907715,5.9710001945495605,5.997000217437744,9600,0.0,0.0
2024-11-25 00:00:00-05:00,5.960000038146973,5.997000217437744,5.960000038146973,5.980000019073486,3500,0.0,0.0
2024-11-26 00:00:00-05:00,5.989999771118164,6.199900150299072,5.9527997970581055,5.9527997970581055,12969,0.0,0.0
