Date,Open,High,Low,Close,Volume,Dividends,Stock Splits
2022-01-03 00:00:00-05:00,11.152757741664802,11.358793071034464,11.09900998917193,11.21546459197998,2119600,0.0,0.0
2022-01-04 00:00:00-05:00,11.50212135218874,11.690240191287344,11.41254062716841,11.493163108825684,2427200,0.0,0.0
2022-01-05 00:00:00-05:00,11.752946480621096,11.869401084342583,11.45733127667622,11.466289520263672,4054200,0.0,0.0
2022-01-06 00:00:00-05:00,11.385666654420206,11.537953373074776,11.233379935765635,11.36775016784668,2373000,0.0,0.0
2022-01-07 00:00:00-05:00,11.403582384745677,11.770862673915225,11.394624995686991,11.726072311401367,3069300,0.0,0.0
2022-01-10 00:00:00-05:00,11.887318024797302,12.120226386816263,11.717114807366151,12.111268997192383,3605900,0.0,0.0
2022-01-11 00:00:00-05:00,12.702497792487144,13.096651077270508,12.612917073338398,13.096651077270508,5815700,0.0,0.0
2022-01-12 00:00:00-05:00,13.437058257151856,13.463932134460716,13.186233408890466,13.41914176940918,4543400,0.0,0.0
2022-01-13 00:00:00-05:00,13.311645134477553,13.383309375376896,13.033946414568883,13.08769416809082,2698800,0.0,0.0
2022-01-14 00:00:00-05:00,13.06082048716169,13.168316850122489,12.881659882227027,13.0429048538208,2267800,0.0,0.0
2022-01-18 00:00:00-05:00,12.881659028694054,13.042903989603808,12.711455824554848,12.765204429626465,2646600,0.0,0.0
2022-01-19 00:00:00-05:00,13.365392797636916,14.037245649310467,13.34747631152585,13.911832809448242,4589500,0.0,0.0
2022-01-20 00:00:00-05:00,14.216406921747348,14.32390328066184,13.831210994908242,13.876001358032227,4906400,0.0,0.0
2022-01-21 00:00:00-05:00,13.974540625208025,14.019330134980216,13.51768044936852,13.616218566894531,3977400,0.0,0.0
2022-01-24 00:00:00-05:00,12.845826822144378,13.204148005818592,12.442715276934615,13.168315887451172,5099200,0.0,0.0
2022-01-25 00:00:00-05:00,13.060820369832259,13.625176911035522,12.971239641017082,13.508722305297852,2944100,0.0,0.0
2022-01-26 00:00:00-05:00,13.884960191484224,14.108911162314614,13.437058249823442,13.58934497833252,3203400,0.0,0.0
2022-01-27 00:00:00-05:00,13.23998118573051,13.616218885906662,13.051862335642435,13.060820579528809,2547500,0.0,0.0
2022-01-28 00:00:00-05:00,12.765204905905138,12.78312139303252,12.397925462845109,12.711456298828125,3062700,0.0,0.0
2022-01-31 00:00:00-05:00,12.95332382652085,13.463931752426658,12.944365582903696,13.428099632263184,2390000,0.0,0.0
2022-02-01 00:00:00-05:00,13.61621886305285,13.62517710692419,13.284771528559723,13.41914176940918,2174000,0.0,0.0
2022-02-02 00:00:00-05:00,13.248938272975364,13.365392870416192,13.042903807406649,13.150400161743164,1646800,0.0,0.0
2022-02-03 00:00:00-05:00,13.284771160407061,13.374351888027642,13.096652315847951,13.132484436035156,1749100,0.0,0.0
2022-02-04 00:00:00-05:00,13.213106536865235,13.4818478576286,13.18623266108043,13.437057495117188,2187000,0.0,0.0
2022-02-07 00:00:00-05:00,13.419141662270942,13.831211479705845,13.302687910093928,13.6968412399292,2235600,0.0,0.0
2022-02-08 00:00:00-05:00,13.80433674075285,13.876000978066804,13.634134390708487,13.822253227233887,2048600,0.0,0.0
2022-02-09 00:00:00-05:00,13.643091588087916,13.741630553739885,13.571427351780166,13.678924560546875,2449200,0.0,0.0
2022-02-10 00:00:00-05:00,13.589344312788567,14.03724623251316,13.302687357542464,13.329561233520508,2984800,0.0,0.0
2022-02-11 00:00:00-05:00,13.759546389327747,14.798679539781137,13.759546389327747,14.709098815917969,7764500,0.0,0.0
2022-02-14 00:00:00-05:00,14.5478544177315,14.80763835612808,14.350778184493247,14.673266410827637,4939600,0.0,0.0
2022-02-15 00:00:00-05:00,13.8132949831593,14.010372062913317,13.517679790680821,13.947665214538574,5945700,0.0,0.0
2022-02-16 00:00:00-05:00,14.153701278547713,14.8165967898252,14.153701278547713,14.753889083862305,4461800,0.0,0.0
2022-02-17 00:00:00-05:00,15.130127693775046,15.461575896658717,14.915134957557417,15.345120429992676,4978400,0.0,0.0
2022-02-18 00:00:00-05:00,15.004714784999557,15.09429551349773,14.655351823327992,14.798680305480957,3781000,0.0,0.0
2022-02-22 00:00:00-05:00,15.255540474876618,15.49740622049838,14.83451156374448,15.03158950805664,4957500,0.0,0.0
2022-02-23 00:00:00-05:00,15.228665905480083,15.909477056875957,15.121168688476397,15.595945358276367,4645100,0.0,0.0
2022-02-24 00:00:00-05:00,16.151344712058243,16.54549719248897,15.380952821798541,15.613862037658691,13347400,0.0,0.0
2022-02-25 00:00:00-05:00,15.21074867096569,15.569069862365723,14.816596214730762,15.569069862365723,7726000,0.0,0.0
2022-02-28 00:00:00-05:00,16.715700693696114,17.163602645206964,16.249882254058345,17.127771377563477,9077300,0.0,0.0
2022-03-01 00:00:00-05:00,17.226306187391565,18.032529243366483,17.20838970182076,17.710041046142578,7721000,0.0,0.0
2022-03-02 00:00:00-05:00,17.710040050815284,17.83545202554237,17.038187257160168,17.35171890258789,5300000,0.0,0.0
2022-03-03 00:00:00-05:00,16.93964978462563,17.60254439407008,16.823196041978836,17.25318145751953,4513100,0.0,0.0
2022-03-04 00:00:00-05:00,16.778405739847535,18.247525219153598,16.724657987132147,18.014616012573242,6972600,0.0,0.0
2022-03-07 00:00:00-05:00,17.808577954315798,18.48938901531677,17.441298550285147,18.20273208618164,11770100,0.0,0.0
2022-03-08 00:00:00-05:00,16.939650345488918,17.42338523544604,15.999057004274801,16.796321868896484,16218000,0.0,0.0
2022-03-09 00:00:00-05:00,15.68552513796763,16.787363429643577,15.586986170731342,16.482789993286133,8735200,0.0,0.0
2022-03-10 00:00:00-05:00,16.18717573943477,16.706741918319537,15.999057745915772,16.5275821685791,7127500,0.0,0.0
2022-03-11 00:00:00-05:00,15.828856276138943,16.205094013259465,15.757192026621249,15.855731010437012,6409300,0.0,0.0
2022-03-14 00:00:00-04:00,15.094295706517817,15.407827405965607,14.574729524916737,14.771805763244629,8596200,0.0,0.0
2022-03-15 00:00:00-04:00,14.520979490887331,15.497405817521374,14.449315251712827,15.354077339172363,4954700,0.0,0.0
2022-03-16 00:00:00-04:00,15.3540781064887,15.6228202982811,14.95992562563636,15.273455619812012,4508700,0.0,0.0
2022-03-17 00:00:00-04:00,15.730315577656018,16.267798244756218,15.66760957973955,16.061763763427734,5616800,0.0,0.0
2022-03-18 00:00:00-04:00,15.999057974508522,16.15134470369941,15.694484516126746,15.784065246582031,3768700,0.0,0.0
2022-03-21 00:00:00-04:00,16.106551550326103,16.41112497213913,15.855727585498983,16.097593307495117,3601500,0.0,0.0
2022-03-22 00:00:00-04:00,16.187177264721615,16.545498506576706,15.604905033130782,16.303632736206055,6417700,0.0,0.0
2022-03-23 00:00:00-04:00,16.393209458670654,16.688824655184053,16.205091473894043,16.330503463745117,6783000,0.0,0.0
2022-03-24 00:00:00-04:00,16.53675081488409,16.97871433198873,16.34339320306325,16.380224227905273,4350700,0.494,0.0
2022-03-25 00:00:00-04:00,16.07637417469129,16.159242227649493,15.744903719058476,15.892224311828613,4473800,0.0,0.0
2022-03-28 00:00:00-04:00,15.045131206506705,15.091168236786784,14.363772972400788,14.42822551727295,7132900,0.0,0.0
2022-03-29 00:00:00-04:00,14.188828422598135,14.750489297592367,14.013885432778636,14.732073783874512,5217200,0.0,0.0
2022-03-30 00:00:00-04:00,14.943846578197467,15.551544467263538,14.934638821551012,15.321355819702148,5374400,0.0,0.0
2022-03-31 00:00:00-04:00,14.999093242914242,15.256903406360758,14.943846702575684,14.943846702575684,3155800,0.0,0.0
2022-04-01 00:00:00-04:00,14.999094324428428,15.293735536012509,14.934640022719279,15.284527778625488,2546000,0.0,0.0
2022-04-04 00:00:00-04:00,15.468677722335256,15.496300994611625,15.045131417965196,15.266112327575684,3273200,0.0,0.0
2022-04-05 00:00:00-04:00,15.247696384795441,15.441055772903049,14.437433072297178,14.465055465698242,3380200,0.0,0.0
2022-04-06 00:00:00-04:00,14.520301194207374,14.612376131980943,14.216451353064427,14.446640014648438,3398100,0.0,0.0
2022-04-07 00:00:00-04:00,14.547923037196085,14.897809894935108,14.428224832330102,14.732073783874512,3722000,0.0,0.0
2022-04-08 00:00:00-04:00,15.606789724107072,16.085580736961315,15.551543188770152,15.763318061828613,6292100,0.0,0.0
2022-04-11 00:00:00-04:00,16.214488458485505,16.306562510064445,15.790940445182553,16.131620407104492,6268200,0.0,0.0
2022-04-12 00:00:00-04:00,16.07637634377417,16.20528319699062,15.422641344677391,15.496301651000977,5293300,0.0,0.0
2022-04-13 00:00:00-04:00,15.597582973129585,15.744903564453125,15.459470138288763,15.744903564453125,2962700,0.0,0.0
2022-04-14 00:00:00-04:00,15.53313140024341,15.560752915209882,15.035923056445894,15.210866928100586,3080700,0.0,0.0
2022-04-18 00:00:00-04:00,15.413432002751964,15.652828412749791,15.164827835884985,15.256903648376465,2723400,0.0,0.0
2022-04-19 00:00:00-04:00,15.05433830572118,15.100375333988806,14.732073839247626,14.907017707824707,3057000,0.0,0.0
2022-04-20 00:00:00-04:00,14.639997271964624,14.897809183095813,14.529506829236965,14.851770401000977,2799000,0.0,0.0
2022-04-21 00:00:00-04:00,14.419017295012006,14.52030086580228,13.645583269086451,13.802111625671387,6162500,0.0,0.0
2022-04-22 00:00:00-04:00,13.571923314282886,13.756074068446143,13.332526894820623,13.387772560119629,4258800,0.0,0.0
2022-04-25 00:00:00-04:00,12.632753188319363,12.927394375372876,12.25524394788205,12.835318565368652,6971300,0.0,0.0
2022-04-26 00:00:00-04:00,13.019470941185256,13.148376028954383,12.577508256848105,12.706414222717285,2916000,0.0,0.0
2022-04-27 00:00:00-04:00,12.835319052621157,13.129961128959831,12.540677854382519,12.568300247192383,3496300,0.0,0.0
2022-04-28 00:00:00-04:00,12.73403581523211,12.881356408046075,12.430186873028306,12.853734016418457,3089100,0.0,0.0
2022-04-29 00:00:00-04:00,13.056300381342973,13.203620975406645,12.651167869567871,12.651167869567871,2770200,0.0,0.0
2022-05-02 00:00:00-04:00,12.632752847289296,12.687997629320458,12.199997956911973,12.549884796142578,3930000,0.0,0.0
2022-05-03 00:00:00-04:00,12.605130962844543,13.157584112442873,12.605130962844543,12.99184799194336,2882700,0.0,0.0
2022-05-04 00:00:00-04:00,12.623545746151594,13.028677388442008,12.485432905804869,12.95501708984375,3185200,0.0,0.0
2022-05-05 00:00:00-04:00,12.080300950181377,12.080300950181377,11.30686690064079,11.610715866088867,7633500,0.0,0.0
2022-05-06 00:00:00-04:00,11.049055480457747,11.297659650256064,10.874112488381183,11.150338172912598,7208600,0.0,0.0
2022-05-09 00:00:00-04:00,10.874113722920802,11.095094646873942,10.79124565691334,10.920150756835938,5432600,0.0,0.0
2022-05-10 00:00:00-04:00,11.141131040330992,11.223998216943357,10.413734939555663,10.67154598236084,4617200,0.0,0.0
2022-05-11 00:00:00-04:00,10.735998573760154,10.95697946862691,10.450565137415598,10.487395286560059,3908000,0.0,0.0
2022-05-12 00:00:00-04:00,10.05464059083196,10.266413733422175,9.677131334492854,9.91652774810791,7049700,0.0,0.0
2022-05-13 00:00:00-04:00,10.257206394801592,10.76362071415975,10.146715949954357,10.708375930786133,5147300,0.0,0.0
2022-05-16 00:00:00-04:00,10.699168608803257,11.131923527275601,10.6347160662159,10.984602928161621,6898900,0.0,0.0
2022-05-17 00:00:00-04:00,11.260828445020291,11.463394704840205,11.141131118594911,11.371319770812988,5979400,0.0,0.0
2022-05-18 00:00:00-04:00,11.15954633196644,11.371320359584074,10.89252751669208,10.910943031311035,4854000,0.0,0.0
2022-05-19 00:00:00-04:00,11.03984769236457,11.306866497265712,10.993809785705745,11.1595458984375,5290900,0.0,0.0
2022-05-20 00:00:00-04:00,11.030639956809713,11.095093377497106,10.726791001612119,10.984602928161621,3857200,0.0,0.0
2022-05-23 00:00:00-04:00,11.371320270801023,11.435772815264006,11.16875400207443,11.270036697387695,3163300,0.0,0.0
2022-05-24 00:00:00-04:00,11.177960844134995,11.33448919195822,11.085885035497808,11.260828018188477,2482100,0.0,0.0
2022-05-25 00:00:00-04:00,10.910942556717199,11.380526743774118,10.892527042899266,11.343696594238281,3753200,0.0,0.0
2022-05-26 00:00:00-04:00,11.371319788436349,11.969809933890883,11.334489639148378,11.896149635314941,5320300,0.0,0.0
2022-05-27 00:00:00-04:00,12.025054597152318,12.11712952366745,11.896148646311191,12.080299377441406,3393200,0.0,0.0
2022-05-31 00:00:00-04:00,12.273658504943457,12.319696409652698,11.859319118760295,11.960601806640625,4245800,0.0,0.0
2022-06-01 00:00:00-04:00,11.758036051006284,11.794866197963783,11.306865653151956,11.491016387939453,4465800,0.0,0.0
2022-06-02 00:00:00-04:00,11.702791505045019,12.16316882486882,11.702791505045019,11.997432708740234,4048800,0.0,0.0
2022-06-03 00:00:00-04:00,11.831697412446626,11.886942198817401,11.509432938916934,11.656753540039062,2216200,0.0,0.0
2022-06-06 00:00:00-04:00,11.80407393739866,11.923772143269165,11.555470646821481,11.693583488464355,2407300,0.0,0.0
2022-06-07 00:00:00-04:00,11.444979499540851,11.592300089130761,11.334489057348419,11.472601890563965,2730400,0.0,0.0
2022-06-08 00:00:00-04:00,11.14113129403491,11.260828622345171,11.030639966502301,11.150338172912598,4359800,0.0,0.0
2022-06-09 00:00:00-04:00,11.00301674052489,11.030639131266467,10.754413467650755,10.772828102111816,3024800,0.0,0.0
2022-06-10 00:00:00-04:00,10.515017206991175,10.864904047211018,10.487394815897497,10.754413604736328,4215500,0.0,0.0
2022-06-13 00:00:00-04:00,10.312451766526607,10.386112067293936,9.980980413073626,10.238791465759277,4428000,0.0,0.0
2022-06-14 00:00:00-04:00,9.759999424235463,9.842866603288938,9.44694270969998,9.548225402832031,4844100,0.0,0.0
2022-06-15 00:00:00-04:00,9.953356995802341,10.220375778137837,9.76920538472962,10.073054313659668,4821900,0.0,0.0
2022-06-16 00:00:00-04:00,10.036224793083278,10.155922996506842,9.741583601948362,10.146716117858887,3489200,0.0,0.0
2022-06-17 00:00:00-04:00,10.027017593383789,10.119092523615329,9.852073733173887,10.027017593383789,3044900,0.0,0.0
2022-06-21 00:00:00-04:00,10.027018089757071,10.220376594345225,9.925734519958496,9.925734519958496,2284400,0.0,0.0
2022-06-22 00:00:00-04:00,9.759998709246123,10.082262279112753,9.713960805522325,9.861281394958496,2109100,0.0,0.0
2022-06-23 00:00:00-04:00,9.815244562056126,9.861282470802559,9.327244836784125,9.49298095703125,2798200,0.0,0.0
2022-06-24 00:00:00-04:00,9.704753851121223,9.934942510662145,9.612678036064835,9.8796968460083,3035800,0.0,0.0
2022-06-27 00:00:00-04:00,9.925734165671997,9.971772070473536,9.741583424565837,9.8152437210083,2148800,0.0,0.0
2022-06-28 00:00:00-04:00,9.76920651027186,9.852074569182093,9.49298081803783,9.511395454406738,3166500,0.0,0.0
2022-06-29 00:00:00-04:00,9.796829781975312,9.815244418344218,9.345659336586271,9.511395454406738,3005400,0.0,0.0
2022-06-30 00:00:00-04:00,9.281206705564788,9.373282520850571,9.1154705892904,9.179924011230469,2997500,0.0,0.0
2022-07-01 00:00:00-04:00,8.94973454600509,9.410111824818728,8.92211127704429,9.336451530456543,3061800,0.0,0.0
2022-07-05 00:00:00-04:00,9.078640470102275,9.170716285705566,8.811621658572799,9.170716285705566,2889300,0.0,0.0
2022-07-06 00:00:00-04:00,9.179923610309466,9.318036449106192,9.041809893412724,9.253583908081055,3006700,0.0,0.0
2022-07-07 00:00:00-04:00,9.225960758920392,9.49297953595761,9.189129734956692,9.391695976257324,2861500,0.0,0.0
2022-07-08 00:00:00-04:00,9.520603385027217,9.723169657374626,9.281206961171195,9.649508476257324,3154700,0.0,0.0
2022-07-11 00:00:00-04:00,9.207546748944154,9.437735417667756,9.189131233958223,9.290414810180664,2565700,0.0,0.0
2022-07-12 00:00:00-04:00,9.225961716602479,9.428527100830054,9.078640239755106,9.216753959655762,3618800,0.0,0.0
2022-07-13 00:00:00-04:00,8.949735020761402,9.364074418053129,8.857659208874342,9.23516845703125,3478500,0.0,0.0
2022-07-14 00:00:00-04:00,8.516979925315848,8.553810073652672,8.11184829361077,8.203923225402832,6691000,0.0,0.0
2022-07-15 00:00:00-04:00,8.213132283554666,8.24075467965963,7.982943600446296,8.148679733276367,3438400,0.0,0.0
2022-07-18 00:00:00-04:00,8.46173532079646,8.645886963584722,8.351244861983572,8.369660377502441,3183500,0.0,0.0
2022-07-19 00:00:00-04:00,8.480149467672184,8.563017517932495,8.369659026691762,8.443319320678711,2116700,0.0,0.0
2022-07-20 00:00:00-04:00,8.452527854019992,8.535395911898629,8.305207252502441,8.305207252502441,2379700,0.0,0.0
2022-07-21 00:00:00-04:00,8.2867915688448,8.452527681213706,8.222339026523573,8.332829475402832,3461700,0.0,0.0
2022-07-22 00:00:00-04:00,8.655092407074207,8.8576586536687,8.535395088463789,8.627470016479492,4908600,0.0,0.0
2022-07-25 00:00:00-04:00,8.655092178453007,8.756375738124866,8.55380949688109,8.673507690429688,3225200,0.0,0.0
2022-07-26 00:00:00-04:00,8.590640989821223,8.728753838903847,8.443320383306402,8.599848747253418,3121200,0.0,0.0
2022-07-27 00:00:00-04:00,8.627471750805954,8.931320742728566,8.498565771950853,8.839245796203613,2431700,0.0,0.0
2022-07-28 00:00:00-04:00,9.097056280717652,9.152301069398684,8.774791793711326,8.94052791595459,2158700,0.0,0.0
2022-07-29 00:00:00-04:00,9.051017196150957,9.170715393550608,8.885281095428365,9.152299880981445,2574500,0.0,0.0
2022-08-01 00:00:00-04:00,9.152300250046935,9.170715763358702,8.968149507429292,9.087847709655762,1913500,0.0,0.0
2022-08-02 00:00:00-04:00,8.912904615326338,9.032602816097457,8.7287529968477,8.756376266479492,3285800,0.0,0.0
2022-08-03 00:00:00-04:00,8.866867535331734,8.866867535331734,8.618263354125201,8.774791717529297,1627400,0.0,0.0
2022-08-04 00:00:00-04:00,8.830036609617734,9.225961362113628,8.774790948160167,9.106263160705566,2144700,0.0,0.0
2022-08-05 00:00:00-04:00,8.940527347898632,9.437734804937175,8.857659292042204,9.400904655456543,2299800,0.0,0.0
2022-08-08 00:00:00-04:00,9.677132164896406,9.87049068816237,9.649508891501187,9.760000228881836,2550600,0.0,0.0
2022-08-09 00:00:00-04:00,9.833660014721803,9.842866893932914,9.52060329094226,9.677131652832031,1362000,0.0,0.0
2022-08-10 00:00:00-04:00,9.953357435412919,9.971772070473536,9.72316878950522,9.8152437210083,1948700,0.0,0.0
2022-08-11 00:00:00-04:00,9.990188376611574,10.100678830045519,9.612678229753847,9.677131652832031,3264000,0.0,0.0
2022-08-12 00:00:00-04:00,9.483772691275394,9.575847625732422,9.244376281107078,9.575847625732422,3794600,0.0,0.0
2022-08-15 00:00:00-04:00,9.069432998274726,9.336451792352763,9.004979580324855,9.281206130981445,2051700,0.0,0.0
2022-08-16 00:00:00-04:00,9.354867230791955,9.529811108408381,9.299622442776295,9.49298095703125,1483200,0.0,0.0
2022-08-17 00:00:00-04:00,8.912904710346663,8.958941737357128,8.618262644499662,8.728753089904785,4384000,0.0,0.0
2022-08-18 00:00:00-04:00,8.774791622203317,8.802414894104004,8.618263260499683,8.802414894104004,2514100,0.0,0.0
2022-08-19 00:00:00-04:00,8.55380979284398,8.581432183664797,8.332828910077497,8.434111595153809,4129400,0.0,0.0
2022-08-22 00:00:00-04:00,8.424904526990154,8.516980341380227,8.37886749789516,8.489357948303223,2547100,0.0,0.0
2022-08-23 00:00:00-04:00,8.526188443996007,8.74716935376824,8.507772929131615,8.599848747253418,1799800,0.0,0.0
2022-08-24 00:00:00-04:00,8.581432662633325,8.728753259366941,8.544602513449922,8.701130867004395,5242800,0.0,0.0
2022-08-25 00:00:00-04:00,8.977357608975192,9.253584172563666,8.940527459036732,9.198338508605957,4007800,0.0,0.0
2022-08-26 00:00:00-04:00,9.391696244248216,9.492979806838617,9.03260253135488,9.161507606506348,3698900,0.0,0.0
2022-08-29 00:00:00-04:00,8.885282139789284,8.922112291156594,8.682716746319114,8.7839994430542,3980000,0.0,0.0
2022-08-30 00:00:00-04:00,8.747168878225066,8.756376635156679,8.222339026523573,8.332829475402832,5689200,0.0,0.0
2022-08-31 00:00:00-04:00,8.378867681329876,8.480150376896257,8.268376350402832,8.268376350402832,2826300,0.0,0.0
2022-09-01 00:00:00-04:00,8.05660256904839,8.093432717097183,7.854036315730033,7.955319881439209,4307000,0.0,0.0
2022-09-02 00:00:00-04:00,8.194716800182277,8.305208141244188,8.07501945721547,8.139472007751465,2956900,0.0,0.0
2022-09-06 00:00:00-04:00,8.259169471242298,8.415697832272201,8.157885897575852,8.268376350402832,2560800,0.0,0.0
2022-09-07 00:00:00-04:00,8.13947055076897,8.48935739323415,8.06581025531314,8.41569709777832,2849400,0.0,0.0
2022-09-08 00:00:00-04:00,8.470941960317598,8.765584023023424,8.45252732532973,8.756376266479492,2639600,0.0,0.0
2022-09-09 00:00:00-04:00,8.91290477055928,9.069433122132326,8.81162120301201,8.90369701385498,2779400,0.0,0.0
2022-09-12 00:00:00-04:00,9.23516845703125,9.345658904435709,9.124678009626791,9.23516845703125,3478400,0.0,0.0
2022-09-13 00:00:00-04:00,8.783999272490485,8.96815002575128,8.747169121838326,8.81162166595459,3456700,0.0,0.0
2022-09-14 00:00:00-04:00,8.811622521956,8.98656641312365,8.719547575431049,8.839245796203613,3926000,0.0,0.0
2022-09-15 00:00:00-04:00,8.710587246858639,8.910721118347954,8.48186217310725,8.558103561401367,3165800,0.325,0.0
2022-09-16 00:00:00-04:00,8.338909437047276,8.60575428454947,8.186426667046023,8.357970237731934,5671900,0.0,0.0
2022-09-19 00:00:00-04:00,8.167366492515916,8.577164649963379,8.148306599239024,8.577164649963379,3065000,0.0,0.0
2022-09-20 00:00:00-04:00,8.405621387209818,8.481862780967845,8.224548304251782,8.46280288696289,3306400,0.0,0.0
2022-09-21 00:00:00-04:00,8.52951323966771,8.653405722451255,8.281728274100615,8.348440170288086,4099900,0.0,0.0
2022-09-22 00:00:00-04:00,8.453272199515453,8.60575498187236,8.319849310518622,8.443741798400879,3699600,0.0,0.0
2022-09-23 00:00:00-04:00,7.910052147695234,7.9291120412662535,7.6241464731772695,7.795690059661865,5880300,0.0,0.0
2022-09-26 00:00:00-04:00,7.786159371969258,8.014883539620653,7.728977875621883,7.7766289710998535,3192900,0.0,0.0
2022-09-27 00:00:00-04:00,8.005353012287767,8.129245495025692,7.890990930268688,7.9386420249938965,3187300,0.0,0.0
2022-09-28 00:00:00-04:00,8.091124413299324,8.539043228061924,8.043473320857517,8.491392135620117,4047700,0.0,0.0
2022-09-29 00:00:00-04:00,8.748707591462862,8.834479377084106,8.510453035345629,8.805888175964355,4007600,0.0,0.0
2022-09-30 00:00:00-04:00,8.87260017756936,9.168035321779593,8.786828390905416,8.882129669189453,3215000,0.0,0.0
2022-10-03 00:00:00-04:00,9.053673618528304,9.225217198980621,8.948841935401362,9.215686798095703,2588200,0.0,0.0
2022-10-04 00:00:00-04:00,9.67313466842197,9.816087948205979,9.596893282751434,9.730316162109375,3994900,0.0,0.0
2022-10-05 00:00:00-04:00,9.463472564860547,9.720787048339844,9.40629106360452,9.720787048339844,2191900,0.0,0.0
2022-10-06 00:00:00-04:00,9.577833899351354,9.749376571784472,9.511122001695478,9.663605690002441,2189000,0.0,0.0
2022-10-07 00:00:00-04:00,9.434880471894695,9.492061967769452,9.196625905343122,9.244277000427246,2687900,0.0,0.0
2022-10-10 00:00:00-04:00,9.04414314768385,9.168035631622278,8.967901758932362,9.006022453308105,2226300,0.0,0.0
2022-10-11 00:00:00-04:00,9.063203751309434,9.187096232541277,8.872600283594682,8.95837116241455,2247200,0.0,0.0
2022-10-12 00:00:00-04:00,8.891660690307617,8.977432482958346,8.767768201908684,8.891660690307617,2244900,0.0,0.0
2022-10-13 00:00:00-04:00,8.577164401605113,8.996492039114539,8.462802318647997,8.901190757751465,2121500,0.0,0.0
2022-10-14 00:00:00-04:00,9.025083297141347,9.025083297141347,8.462802370817522,8.529513359069824,1936500,0.0,0.0
2022-10-17 00:00:00-04:00,8.958371968433818,9.101325263733711,8.882130574488187,8.910721778869629,2255700,0.0,0.0
2022-10-18 00:00:00-04:00,9.044143239594801,9.082263934357947,8.891660460542223,8.977432250976562,1780900,0.0,0.0
2022-10-19 00:00:00-04:00,8.672467046372628,8.77729873402709,8.596225653738639,8.729647636413574,2762800,0.0,0.0
2022-10-20 00:00:00-04:00,8.62481509531795,8.948841436383953,8.596224803126539,8.701056480407715,1973800,0.0,0.0
2022-10-21 00:00:00-04:00,8.777298761313014,9.177566528320312,8.720117262225216,9.177566528320312,2012200,0.0,0.0
2022-10-24 00:00:00-04:00,8.929781064556618,9.034612746872652,8.844009274993933,9.006022453308105,1824900,0.0,0.0
2022-10-25 00:00:00-04:00,8.529513941355782,8.863070723126373,8.510454047212123,8.777298927307129,3542200,0.0,0.0
2022-10-26 00:00:00-04:00,9.015552185806117,9.349108918519455,8.986961894360938,9.263337135314941,2820900,0.0,0.0
2022-10-27 00:00:00-04:00,9.406289501409814,9.549242776373664,9.225216443765044,9.263337135314941,2181300,0.0,0.0
2022-10-28 00:00:00-04:00,9.129915430558663,9.177566528320312,8.977432644816663,9.177566528320312,1951700,0.0,0.0
2022-10-31 00:00:00-04:00,8.948841094970703,9.072733568232117,8.901190003890319,8.948841094970703,1874800,0.0,0.0
2022-11-01 00:00:00-04:00,9.272867173093005,9.310988775758766,9.034612609646187,9.063203811645508,2778500,0.0,0.0
2022-11-02 00:00:00-04:00,9.320518676266607,9.406290468287652,8.662936452220382,8.68199634552002,4288400,0.0,0.0
2022-11-03 00:00:00-04:00,8.100655545922827,8.224548033924759,7.910052067792575,7.995823860168457,5038300,0.0,0.0
2022-11-04 00:00:00-04:00,8.605754363137995,9.225216758011323,8.586694471148283,9.148975372314453,6850900,0.0,0.0
2022-11-07 00:00:00-05:00,9.301458070912183,9.415820148562455,9.225216685812,9.282397270202637,2298000,0.0,0.0
2022-11-08 00:00:00-05:00,9.196626542957803,9.8160890042615,9.158505846021352,9.701726913452148,2986800,0.0,0.0
2022-11-09 00:00:00-05:00,9.482531730877337,9.739847103457684,9.377700046975564,9.4253511428833,2512100,0.0,0.0
2022-11-10 00:00:00-05:00,9.816088623055867,10.340248867228237,9.816088623055867,10.292597770690918,4505700,0.0,0.0
2022-11-11 00:00:00-05:00,10.273536649306475,10.435549827177804,10.197295260763385,10.406959533691406,2709500,0.0,0.0
2022-11-14 00:00:00-05:00,10.235415147883494,10.464139295475881,10.20682485665169,10.349777221679688,3183200,0.0,0.0
2022-11-15 00:00:00-05:00,10.264006978355253,10.32118756433065,10.073402601453196,10.121053695678711,2517500,0.0,0.0
2022-11-16 00:00:00-05:00,9.997161865234375,10.187765345679109,9.920920473056482,9.997161865234375,2276700,0.0,0.0
2022-11-17 00:00:00-05:00,9.749376251146838,9.806557745989995,9.615954277961182,9.77796745300293,2172900,0.0,0.0
2022-11-18 00:00:00-05:00,9.920920177022298,9.939980978932553,9.692196007313608,9.873269081115723,1750700,0.0,0.0
2022-11-21 00:00:00-05:00,9.63501481167238,9.682665909068678,9.5301831244958,9.549243927001953,2585000,0.0,0.0
2022-11-22 00:00:00-05:00,9.692196007313608,9.901860283981105,9.635014510451906,9.873269081115723,1968600,0.0,0.0
2022-11-23 00:00:00-05:00,9.844678889352961,9.968571376449013,9.673135305855494,9.94951057434082,1705600,0.0,0.0
2022-11-25 00:00:00-05:00,9.94951031894325,9.997161414121493,9.80655794227757,9.825618743896484,852600,0.0,0.0
2022-11-28 00:00:00-05:00,10.101993628163351,10.168704613601031,9.596893310546875,9.596893310546875,2154500,0.0,0.0
2022-11-29 00:00:00-05:00,10.10199453009267,10.368839404536928,10.06387383374349,10.311657905578613,3082200,0.0,0.0
2022-11-30 00:00:00-05:00,10.607092965209954,10.721455043273929,10.416489501769997,10.683334350585938,3899400,0.0,0.0
2022-12-01 00:00:00-05:00,10.397429100528981,10.683334761109792,10.368838807131612,10.540382385253906,3362700,0.0,0.0
2022-12-02 00:00:00-05:00,10.426020208208767,10.959710876899317,10.416490715578075,10.807228088378906,3100700,0.0,0.0
2022-12-05 00:00:00-05:00,10.759576421291971,10.81675791840063,10.321187973022461,10.321187973022461,2014100,0.0,0.0
2022-12-06 00:00:00-05:00,10.540382651591747,10.626153533951141,10.283067277906376,10.321187973022461,1672000,0.0,0.0
2022-12-07 00:00:00-05:00,10.464140316679572,10.635683898549422,10.38789892670832,10.454610824584961,2065200,0.0,0.0
2022-12-08 00:00:00-05:00,10.635683039663252,10.692864531958522,10.473669871840473,10.530851364135742,1828200,0.0,0.0
2022-12-09 00:00:00-05:00,10.931119870731726,10.978770966264248,10.483201026916504,10.483201026916504,2686100,0.0,0.0
2022-12-12 00:00:00-05:00,10.607093934792402,10.6642745246167,10.216356571806378,10.340249061584473,2953200,0.0,0.0
2022-12-13 00:00:00-05:00,10.86440811731974,10.931120015496381,10.302128090970479,10.426019668579102,3882600,0.0,0.0
2022-12-14 00:00:00-05:00,10.264006749919448,10.378368828194024,10.101993578479881,10.206825256347656,2192800,0.0,0.0
2022-12-15 00:00:00-05:00,9.901860507459846,9.978101899083462,9.673135423719915,9.682665824890137,2860600,0.0,0.0
2022-12-16 00:00:00-05:00,9.606424089566781,9.673135077633383,9.511121899012453,9.587364196777344,1782500,0.0,0.0
2022-12-19 00:00:00-05:00,9.911389207863621,9.987630593395725,9.549243081020629,9.625484466552734,3853600,0.0,0.0
2022-12-20 00:00:00-05:00,9.787497539172817,9.997160892834017,9.7684367385478,9.892329216003418,2613300,0.0,0.0
2022-12-21 00:00:00-05:00,10.159174780419875,10.340248763674484,10.10199419224299,10.21635627746582,2091400,0.0,0.0
2022-12-22 00:00:00-05:00,10.082933811587992,10.17823600769043,9.911390222151246,10.17823600769043,1960200,0.0,0.0
2022-12-23 00:00:00-05:00,10.168705606306366,10.445080884360513,10.035282713536775,10.17823600769043,2113600,0.0,0.0
2022-12-27 00:00:00-05:00,10.178235883721158,10.51179174827883,10.178235883721158,10.445080757141113,1979300,0.0,0.0
2022-12-28 00:00:00-05:00,10.416489954242008,10.435549846979427,10.073402796278042,10.168704986572266,2072200,0.0,0.0
2022-12-29 00:00:00-05:00,10.28306688616564,10.435549660821042,10.197295098204721,10.225885391235352,2495800,0.0,0.0
2022-12-30 00:00:00-05:00,10.14964451801246,10.216356416955092,9.959041040038667,10.159174919128418,4119500,0.0,0.0
2023-01-03 00:00:00-05:00,10.340249395708993,10.664274869211456,10.29259829673627,10.330718994140625,2453500,0.0,0.0
2023-01-04 00:00:00-05:00,10.52132240546858,10.845348785509008,10.502262511338083,10.807228088378906,3386800,0.0,0.0
2023-01-05 00:00:00-05:00,10.635683977060074,10.778637265963223,10.445080500724943,10.7691068649292,2065100,0.0,0.0
2023-01-06 00:00:00-05:00,11.08360281340987,11.140783401800093,10.931120032543856,11.11219310760498,2225000,0.0,0.0
2023-01-09 00:00:00-05:00,11.569641885805963,11.579171377568477,11.274205828311327,11.283736228942871,2357700,0.0,0.0
2023-01-10 00:00:00-05:00,11.541051014675455,11.63635320598417,11.42668893042643,11.617292404174805,2547900,0.0,0.0
2023-01-11 00:00:00-05:00,11.722124415310942,11.750714707738684,11.417157963561975,11.607762336730957,2067700,0.0,0.0
2023-01-12 00:00:00-05:00,11.664943888718948,11.75071568198247,11.436219712595616,11.712594985961914,3301700,0.0,0.0
2023-01-13 00:00:00-05:00,11.750715968564503,11.855547657960443,11.56964288526804,11.731656074523926,3394600,0.0,0.0
2023-01-17 00:00:00-05:00,11.19796465506117,11.236085349447043,10.97877088955967,11.093132972717285,3983400,0.0,0.0
2023-01-18 00:00:00-05:00,11.417158599528065,11.445749802417424,10.883468869760204,10.902528762817383,3250400,0.0,0.0
2023-01-19 00:00:00-05:00,10.873938227178332,11.016891511841528,10.750045744017847,10.883468627929688,2073500,0.0,0.0
2023-01-20 00:00:00-05:00,10.797696954890435,11.093133019272605,10.769106661198306,11.064541816711426,1872200,0.0,0.0
2023-01-23 00:00:00-05:00,10.845347843296487,11.007361019241465,10.759576054988083,10.91205883026123,1792100,0.0,0.0
2023-01-24 00:00:00-05:00,10.912058506713887,10.912058506713887,10.406959101380748,10.683334350585938,3894100,0.0,0.0
2023-01-25 00:00:00-05:00,10.454611546396999,10.740517232963356,10.426020341531977,10.645215034484863,2226100,0.0,0.0
2023-01-26 00:00:00-05:00,10.5022610724226,10.549911255654841,10.34024790459982,10.530851364135742,2409800,0.0,0.0
2023-01-27 00:00:00-05:00,10.340248578969028,10.378369273362363,10.121053904555563,10.273536682128906,4419100,0.0,0.0
2023-01-30 00:00:00-05:00,10.159175204922303,10.292598097691894,10.149644803538239,10.17823600769043,2470000,0.0,0.0
2023-01-31 00:00:00-05:00,10.035281878003303,10.264006947831778,9.949510090426255,10.254476547241211,3257000,0.0,0.0
2023-02-01 00:00:00-05:00,10.054342091590097,10.426018604210483,9.959039908992118,10.349777221679688,3160000,0.0,0.0
2023-02-02 00:00:00-05:00,10.435549629899642,10.55944211115731,10.244946162145165,10.359308242797852,2396800,0.0,0.0
2023-02-03 00:00:00-05:00,10.006692024504783,10.216356302358697,9.920920233161407,9.97810173034668,2343400,0.0,0.0
2023-02-06 00:00:00-05:00,9.739846805202584,9.863739287221222,9.625484723847464,9.74937629699707,3112500,0.0,0.0
2023-02-07 00:00:00-05:00,9.920919857318218,10.06387314043124,9.76843708242622,9.987630844116211,2066700,0.0,0.0
2023-02-08 00:00:00-05:00,9.911390492025479,9.959041591374174,9.825619603840776,9.854209899902344,1653600,0.0,0.0
2023-02-09 00:00:00-05:00,9.911390135641215,9.959041233276519,9.463472180929005,9.520652770996094,3650000,0.0,0.0
2023-02-10 00:00:00-05:00,9.291928199828515,9.4634717805096,9.196626008590345,9.320518493652344,3426100,0.0,0.0
2023-02-13 00:00:00-05:00,9.396759321109837,9.492061506648337,9.330048336554288,9.415820121765137,2013800,0.0,0.0
2023-02-14 00:00:00-05:00,9.253806933225576,9.415820102996685,9.139444856128733,9.310988426208496,2773700,0.0,0.0
2023-02-15 00:00:00-05:00,8.92025066374542,9.034612746872652,8.824949382240584,9.006022453308105,3768800,0.0,0.0
2023-02-16 00:00:00-05:00,8.901191244512624,9.20615681574196,8.82494985170529,9.072734832763672,3638500,0.0,0.0
2023-02-17 00:00:00-05:00,8.863069777080252,8.910720870656778,8.720116496350675,8.882129669189453,2890800,0.0,0.0
2023-02-21 00:00:00-05:00,8.17689733897897,8.338910530568109,8.119716747164638,8.300789833068848,7909800,0.0,0.0
2023-02-22 00:00:00-05:00,8.024413610714662,8.243607368488554,7.99582331815046,8.19595718383789,7496300,0.0,0.0
2023-02-23 00:00:00-05:00,8.224547582926137,8.319848862330815,8.138775795253608,8.272198677062988,6799100,0.0,0.0
2023-02-24 00:00:00-05:00,8.005352551899344,8.119715536210435,7.938641568442027,8.043473243713379,5554600,0.0,0.0
2023-02-27 00:00:00-05:00,8.005353012287767,8.081594400300485,7.852870236262328,7.9386420249938965,4287800,0.0,0.0
2023-02-28 00:00:00-05:00,7.700387764246553,7.805219449685515,7.65273666764009,7.719448566436768,4403800,0.0,0.0
2023-03-01 00:00:00-05:00,7.776629010844434,7.83381050748405,7.662266926434257,7.709918022155762,5097700,0.0,0.0
2023-03-02 00:00:00-05:00,7.662266506111371,7.805218876565003,7.643206614189757,7.748038291931152,4474000,0.0,0.0
2023-03-03 00:00:00-05:00,7.890990758545377,8.1292453181175,7.852870065368598,8.06253433227539,5064800,0.0,0.0
2023-03-06 00:00:00-05:00,7.862400370067859,7.87193077046317,7.662266506111371,7.748038291931152,5737700,0.0,0.0
2023-03-07 00:00:00-05:00,7.652736508131087,7.662266909027549,7.452603088085195,7.538374423980713,6684900,0.0,0.0
2023-03-08 00:00:00-05:00,7.624146369416388,7.7956899535663595,7.624146369416388,7.652736663818359,3622700,0.0,0.0
2023-03-09 00:00:00-05:00,7.690857461046869,7.805219549036631,7.681327968699536,7.728978157043457,5080600,0.0,0.0
2023-03-10 00:00:00-05:00,7.948172661077498,8.186427232889802,7.862400869806018,7.919582366943359,6538100,0.0,0.0
2023-03-13 00:00:00-04:00,8.186427550319223,8.472333229353818,8.157837255076494,8.253138542175293,6779900,0.0,0.0
2023-03-14 00:00:00-04:00,8.005353169172494,8.138776055244023,7.929111779665636,8.053004264831543,4910900,0.0,0.0
2023-03-15 00:00:00-04:00,7.919582118012731,8.014883398420677,7.709917846924795,7.833810329437256,5225000,0.0,0.0
2023-03-16 00:00:00-04:00,7.767098570230449,7.795689772838662,7.652736486404751,7.7766289710998535,3436400,0.0,0.0
2023-03-17 00:00:00-04:00,7.7289777020604475,7.976762665886407,7.6622667152107775,7.900521278381348,5093200,0.0,0.0
2023-03-20 00:00:00-04:00,7.900522234325719,8.072065831402986,7.80522003397854,8.005353927612305,6582500,0.0,0.0
2023-03-21 00:00:00-04:00,8.04347362169343,8.072064823549256,7.938641941495813,8.033944129943848,3113200,0.0,0.0
2023-03-22 00:00:00-04:00,8.100656081030603,8.348441073402485,8.072065784639735,8.138776779174805,5777700,0.0,0.0
2023-03-23 00:00:00-04:00,8.304070216029835,8.343425963468269,8.058096559960864,8.166325569152832,4426300,0.268,0.0
2023-03-24 00:00:00-04:00,8.097451563216596,8.136808245353054,7.969546099532897,8.0679349899292,3339000,0.0,0.0
2023-03-27 00:00:00-04:00,7.949868202209473,8.018740523162686,7.900673285107892,7.949868202209473,2819500,0.0,0.0
2023-03-28 00:00:00-04:00,8.07777480626659,8.304070116753431,8.058096463625112,8.254876136779785,3467000,0.0,0.0
2023-03-29 00:00:00-04:00,8.215520018043465,8.294231508417475,8.136808527669453,8.205680847167969,2822400,0.0,0.0
2023-03-30 00:00:00-04:00,8.34342517245712,8.451654171388274,8.333586940266516,8.392620086669922,3581200,0.0,0.0
2023-03-31 00:00:00-04:00,8.343425716415611,8.372943229856684,8.126969581071107,8.186002731323242,4128700,0.0,0.0
2023-04-03 00:00:00-04:00,8.136808395385742,8.24503645831175,8.058095967976415,8.136808395385742,2812700,0.0,0.0
2023-04-04 00:00:00-04:00,8.245037093404713,8.441815831297957,8.117130679195347,8.323748588562012,4710800,0.0,0.0
2023-04-05 00:00:00-04:00,8.304070116753431,8.382782549004315,8.14664712888171,8.254876136779785,2660900,0.0,0.0
2023-04-06 00:00:00-04:00,8.117130392744853,8.186002713998251,8.018740558112853,8.107291221618652,2772500,0.0,0.0
2023-04-10 00:00:00-04:00,8.058095967976415,8.254875629027287,8.058095967976415,8.136808395385742,3089500,0.0,0.0
2023-04-11 00:00:00-04:00,8.186002796283898,8.481171364831926,8.166325392148703,8.422138214111328,3989400,0.0,0.0
2023-04-12 00:00:00-04:00,8.422137840125513,8.471331817436544,8.274553093247507,8.372942924499512,4153900,0.0,0.0
2023-04-13 00:00:00-04:00,8.697628332979184,9.012474301780783,8.658272586878985,8.992796897888184,6757200,0.0,0.0
2023-04-14 00:00:00-04:00,8.66811199739344,8.677950230453968,8.382782595707528,8.491010665893555,4993000,0.0,0.0
2023-04-17 00:00:00-04:00,8.451654321446222,8.481170895171989,8.333587088228196,8.461493492126465,4094400,0.0,0.0
2023-04-18 00:00:00-04:00,9.189575328247573,9.415870626353918,9.13054124186789,9.258447647094727,9080600,0.0,0.0
2023-04-19 00:00:00-04:00,9.022313230898499,9.169897040237176,8.982957485853854,9.012474060058594,3540300,0.0,0.0
2023-04-20 00:00:00-04:00,9.041990990702413,9.150219997577851,8.943602093369755,8.98295783996582,2203500,0.0,0.0
2023-04-21 00:00:00-04:00,9.002635342077081,9.101025178795473,8.864890696649358,8.894407272338867,3074500,0.0,0.0
2023-04-24 00:00:00-04:00,8.83537315098045,8.874729836178778,8.727145081630105,8.736984252929688,3185300,0.0,0.0
2023-04-25 00:00:00-04:00,8.62875628079689,8.648433685302734,8.520527271912144,8.648433685302734,2309300,0.0,0.0
2023-04-26 00:00:00-04:00,8.638593764460861,8.658272105574563,8.53036570328035,8.550043106079102,2054800,0.0,0.0
2023-04-27 00:00:00-04:00,8.530365740094776,8.66811131354031,8.491009996012474,8.628755569458008,2610800,0.0,0.0
2023-04-28 00:00:00-04:00,8.638594543422832,8.874729966505383,8.599238795961577,8.805856704711914,2879800,0.0,0.0
2023-05-01 00:00:00-04:00,8.973118117796547,8.992796459043854,8.707467079162598,8.707467079162598,1691900,0.0,0.0
2023-05-02 00:00:00-04:00,8.559883131692876,8.67795037522412,8.451655059701332,8.638594627380371,2398300,0.0,0.0
2023-05-03 00:00:00-04:00,8.736983583794505,9.012473790878829,8.717305242702437,8.87472915649414,3384200,0.0,0.0
2023-05-04 00:00:00-04:00,9.071508185592721,9.34699840208384,9.041990672946723,9.169897079467773,3666200,0.0,0.0
2023-05-05 00:00:00-04:00,9.474905240855096,9.563455906202856,9.268287334481991,9.45522689819336,4501800,0.0,0.0
2023-05-08 00:00:00-04:00,9.652005865666494,9.720878183315653,9.514260292053223,9.514260292053223,3753300,0.0,0.0
2023-05-09 00:00:00-04:00,8.825535058354555,8.874729977319827,8.23519790740136,8.245037078857422,9182700,0.0,0.0
2023-05-10 00:00:00-04:00,7.959707075765943,8.156485798501851,7.959707075765943,8.136808395385742,5022500,0.0,0.0
2023-05-11 00:00:00-04:00,7.812123282909084,7.871156903385574,7.644861123646939,7.73341178894043,6327900,0.0,0.0
2023-05-12 00:00:00-04:00,7.772767291717456,7.900673230819174,7.644860883458243,7.713733673095703,3562300,0.0,0.0
2023-05-15 00:00:00-04:00,7.713733699997322,7.880995854587697,7.694055827054778,7.831800937652588,2428800,0.0,0.0
2023-05-16 00:00:00-04:00,7.782605993575667,7.851478783213127,7.6842166292060785,7.713733673095703,2475900,0.0,0.0
2023-05-17 00:00:00-04:00,7.566149357105513,7.6448608482385625,7.487437865972464,7.59566593170166,2805400,0.0,0.0
2023-05-18 00:00:00-04:00,7.477598574100038,7.575987936425535,7.330014296033051,7.5661492347717285,4888400,0.0,0.0
2023-05-19 00:00:00-04:00,7.55631005399943,7.703894331871867,7.457920691803634,7.526793479919434,2981700,0.0,0.0
2023-05-22 00:00:00-04:00,7.516954568736706,7.6743780228444525,7.497276695617925,7.62518310546875,2192300,0.0,0.0
2023-05-23 00:00:00-04:00,7.467760094809791,7.585827333116013,7.438243050654486,7.507115840911865,2889400,0.0,0.0
2023-05-24 00:00:00-04:00,7.408726669074522,7.448082416204047,7.28082025632481,7.330014705657959,2769200,0.0,0.0
2023-05-25 00:00:00-04:00,7.103718862522419,7.143075078462848,6.975812920056678,7.0151686668396,3944000,0.0,0.0
2023-05-26 00:00:00-04:00,7.0938801521994925,7.123396727673786,6.946295867355504,6.975812911987305,2878400,0.0,0.0
2023-05-30 00:00:00-04:00,7.044684856253398,7.074201899301618,6.847906133123548,6.926617622375488,3317500,0.0,0.0
2023-05-31 00:00:00-04:00,6.985651501819932,7.113557911239519,6.975812799872464,7.025007247924805,3931300,0.0,0.0
2023-06-01 00:00:00-04:00,6.995490587897964,7.211947188843836,6.985651416912587,7.152913570404053,2216600,0.0,0.0
2023-06-02 00:00:00-04:00,7.261142236848497,7.270980938854414,7.0446851628282685,7.182430744171143,2749200,0.0,0.0
2023-06-05 00:00:00-04:00,7.103718662904338,7.21194719809485,7.0742020882253325,7.192269325256348,2084300,0.0,0.0
2023-06-06 00:00:00-04:00,7.074202079151009,7.172591443217313,7.015168460711226,7.152913570404053,1669400,0.0,0.0
2023-06-07 00:00:00-04:00,7.2217864990234375,7.418565230948802,7.202108625830901,7.2217864990234375,2265000,0.0,0.0
2023-06-08 00:00:00-04:00,7.26114224540851,7.3103366938111,7.162752879445828,7.2217864990234375,1515900,0.0,0.0
2023-06-09 00:00:00-04:00,7.1332358181671545,7.162752862464733,7.034846452437728,7.143074989318848,2178100,0.0,0.0
2023-06-12 00:00:00-04:00,6.95613468573273,7.034846175214474,6.88726189785746,7.005329132080078,3060100,0.0,0.0
2023-06-13 00:00:00-04:00,7.093880088693198,7.2217864990234375,7.054524342308126,7.2217864990234375,3263100,0.0,0.0
2023-06-14 00:00:00-04:00,7.310336816521913,7.3988874819534844,7.192269575384826,7.251303195953369,3029600,0.0,0.0
2023-06-15 00:00:00-04:00,7.182430623415844,7.280819987608357,7.093879961063835,7.192269325256348,3026900,0.0,0.0
2023-06-16 00:00:00-04:00,7.24146438066025,7.339853746737663,7.19226946304279,7.261142253875732,2101700,0.0,0.0
2023-06-20 00:00:00-04:00,7.034846631285291,7.044685333529611,6.877423172958515,6.887262344360352,4107700,0.0,0.0
2023-06-21 00:00:00-04:00,6.6904834232732275,6.700322125246047,6.552737842393733,6.582254886627197,4884400,0.0,0.0
2023-06-22 00:00:00-04:00,6.375637070671116,6.513382184255574,6.355959197301908,6.454348564147949,4154800,0.0,0.0
2023-06-23 00:00:00-04:00,6.23789168387933,6.346119748091047,6.228052513046908,6.277247428894043,5171500,0.0,0.0
2023-06-26 00:00:00-04:00,6.237891916644843,6.31660340961137,6.218214043403211,6.257569789886475,3193400,0.0,0.0
2023-06-27 00:00:00-04:00,6.149340975760649,6.169018848116783,6.0607903155793,6.119823932647705,4620900,0.0,0.0
2023-06-28 00:00:00-04:00,6.001756910883111,6.0607905300404195,5.913206716725897,6.021434783935547,4181300,0.0,0.0
2023-06-29 00:00:00-04:00,5.903367453168986,6.169018969795291,5.864011707680459,6.1099853515625,7369800,0.0,0.0
2023-06-30 00:00:00-04:00,6.070629727093271,6.218214010196118,6.0411126828097,6.139502048492432,4378800,0.0,0.0
2023-07-03 00:00:00-04:00,6.178858416472124,6.346120107683519,6.169019245082182,6.287086486816406,2878400,0.0,0.0
2023-07-05 00:00:00-04:00,6.287086243833541,6.316603287705082,6.198536050533911,6.26740837097168,3261800,0.0,0.0
2023-07-06 00:00:00-04:00,6.0312737110541565,6.060790284860011,5.913206477515776,6.00175666809082,5311200,0.0,0.0
2023-07-07 00:00:00-04:00,5.962401292491192,6.159180496388012,5.962401292491192,6.050951957702637,4355200,0.0,0.0
2023-07-10 00:00:00-04:00,5.962401315410267,6.188697095809093,5.952562613214237,6.1690192222595215,3384700,0.0,0.0
2023-07-11 00:00:00-04:00,6.228052651958523,6.474026298365462,6.228052651958523,6.3854756355285645,4461200,0.0,0.0
2023-07-12 00:00:00-04:00,6.641288556465262,6.86758433345186,6.641288556465262,6.818389415740967,4567500,0.0,0.0
2023-07-13 00:00:00-04:00,7.084040875853901,7.103718748930704,6.995490681587041,7.0643630027771,4115800,0.0,0.0
2023-07-14 00:00:00-04:00,7.1430750866335115,7.18243083346145,7.034846548277925,7.0545244216918945,2871500,0.0,0.0
2023-07-17 00:00:00-04:00,6.995490569651721,7.162752722706919,6.946295653168135,7.074202060699463,2990900,0.0,0.0
2023-07-18 00:00:00-04:00,7.182430873202158,7.330014690044761,7.16275299967931,7.251303195953369,2608600,0.0,0.0
2023-07-19 00:00:00-04:00,7.251302962072772,7.310336580737269,7.231625089184607,7.2709808349609375,2942500,0.0,0.0
2023-07-20 00:00:00-04:00,7.251303057042465,7.261142228194159,7.064363027577804,7.143074989318848,3038200,0.0,0.0
2023-07-21 00:00:00-04:00,7.143075110607515,7.231625306688819,7.113558065808739,7.172591686248779,2691000,0.0,0.0
2023-07-24 00:00:00-04:00,7.172591433914978,7.172591433914978,7.054524197188537,7.113557815551758,3206200,0.0,0.0
2023-07-25 00:00:00-04:00,7.162752984087528,7.251303180168833,7.12339676796999,7.172591686248779,1780300,0.0,0.0
2023-07-26 00:00:00-04:00,7.261142133095603,7.300497878871934,7.202108514431106,7.2709808349609375,2560800,0.0,0.0
2023-07-27 00:00:00-04:00,7.408726494429574,7.408726494429574,7.093880055657697,7.1037187576293945,3934500,0.0,0.0
2023-07-28 00:00:00-04:00,7.231625345412566,7.408726676838535,7.231625345412566,7.369370460510254,3931500,0.0,0.0
2023-07-31 00:00:00-04:00,7.418564966382956,7.654699905429695,7.4087262647163135,7.605504989624023,5416500,0.0,0.0
2023-08-01 00:00:00-04:00,7.08404061127902,7.08404061127902,6.847906143176545,6.965973377227783,8502600,0.0,0.0
2023-08-02 00:00:00-04:00,6.710161088523592,6.7495168335108,6.474026149442864,6.71999979019165,7266900,0.0,0.0
2023-08-03 00:00:00-04:00,6.641288514608328,6.72000000712367,6.552737850949816,6.621610641479492,4191900,0.0,0.0
2023-08-04 00:00:00-04:00,6.700322159628143,6.8380672720569615,6.690483457604836,6.739677906036377,4221700,0.0,0.0
2023-08-07 00:00:00-04:00,6.72983894102395,6.749516813459094,6.601932535616774,6.6412882804870605,3081100,0.0,0.0
2023-08-08 00:00:00-04:00,6.405153873940427,6.503543237078896,6.355958957792447,6.434670448303223,3764500,0.0,0.0
2023-08-09 00:00:00-04:00,6.483865250791079,6.54289886763932,6.434670335505471,6.444509506225586,4408200,0.0,0.0
2023-08-10 00:00:00-04:00,6.700322056180903,6.847906337511958,6.680644183280595,6.788872718811035,7172700,0.0,0.0
2023-08-11 00:00:00-04:00,6.719999780268447,6.7888725684731,6.670805333685825,6.6806440353393555,2296300,0.0,0.0
2023-08-14 00:00:00-04:00,6.306764003076334,6.32644187558369,6.188696768032195,6.277247428894043,4438400,0.0,0.0
2023-08-15 00:00:00-04:00,6.149341115659468,6.257569650659174,6.109985370051848,6.18869686126709,5813000,0.0,0.0
2023-08-16 00:00:00-04:00,6.139501926100149,6.228052588028081,6.080468307867358,6.1099853515625,2834000,0.0,0.0
2023-08-17 00:00:00-04:00,6.060790305472091,6.208374582475726,6.041112433148772,6.08046817779541,4550500,0.0,0.0
2023-08-18 00:00:00-04:00,5.982079063400062,6.159180390786481,5.972240361410541,6.139502048492432,4581900,0.0,0.0
2023-08-21 00:00:00-04:00,6.149341106414795,6.18869685196325,6.090307488092112,6.149341106414795,2486900,0.0,0.0
2023-08-22 00:00:00-04:00,6.287086243833541,6.336281160566943,6.1788581776720495,6.26740837097168,2306100,0.0,0.0
2023-08-23 00:00:00-04:00,6.51338202031423,6.779033538690869,6.50354331845602,6.74951696395874,4839800,0.0,0.0
2023-08-24 00:00:00-04:00,6.7101614590627845,6.877423149915962,6.700322287693914,6.769195079803467,6816500,0.0,0.0
2023-08-25 00:00:00-04:00,6.8479064517676225,6.906940071453507,6.680644294745532,6.779033660888672,3958700,0.0,0.0
2023-08-28 00:00:00-04:00,6.838067064387813,6.916779023971337,6.779033446568287,6.87742280960083,2365200,0.0,0.0
2023-08-29 00:00:00-04:00,6.287086196640305,6.56257688379593,6.100146171277113,6.552737712860107,7410500,0.0,0.0
2023-08-30 00:00:00-04:00,6.218213941284944,6.355959051714255,6.178858195447997,6.3461198806762695,6591700,0.0,0.0
2023-08-31 00:00:00-04:00,6.159180229246741,6.228052548839553,5.95256233215332,5.95256233215332,7402900,0.0,0.0
2023-09-01 00:00:00-04:00,5.962401138273549,6.050951801194628,5.864011773448738,5.903367519378662,6800200,0.0,0.0
2023-09-05 00:00:00-04:00,5.499970679724768,5.657393657453963,5.46061493529247,5.519648551940918,8428200,0.0,0.0
2023-09-06 00:00:00-04:00,5.480293057076623,5.657393915086993,5.460615183964359,5.5786824226379395,4685900,0.0,0.0
2023-09-07 00:00:00-04:00,5.549165239256313,5.559004410144498,5.431098003543038,5.509809494018555,4719700,0.0,0.0
2023-09-08 00:00:00-04:00,5.411420215507738,5.509809580140017,5.372064469654828,5.381903171539307,5387500,0.0,0.0
2023-09-11 00:00:00-04:00,5.578682189356107,5.657393678513709,5.519648572487905,5.598360061645508,3659100,0.0,0.0
2023-09-12 00:00:00-04:00,5.5294874295418674,5.755783201812104,5.509809556699129,5.745944499969482,4234800,0.0,0.0
2023-09-13 00:00:00-04:00,5.745944637948775,5.864011877840392,5.736105466712387,5.854172706604004,4616200,0.0,0.0
2023-09-14 00:00:00-04:00,6.070629532988057,6.336281046416112,6.0509516604807,6.277247428894043,6558300,0.0,0.0
2023-09-15 00:00:00-04:00,6.542899245140338,6.641288612230773,6.4543485801801905,6.533060073852539,5662100,0.0,0.0
2023-09-18 00:00:00-04:00,6.542899245140338,6.601932865394598,6.483865624886076,6.533060073852539,2919100,0.0,0.0
2023-09-19 00:00:00-04:00,6.552737731484374,6.680644139068646,6.552737731484374,6.631449222564697,3338300,0.0,0.0
2023-09-20 00:00:00-04:00,6.680644045204444,6.877422770140478,6.680644045204444,6.71999979019165,3360600,0.0,0.0
2023-09-21 00:00:00-04:00,6.320000171661377,6.630000114440918,6.309999942779541,6.559999942779541,3175600,0.11,0.0
2023-09-22 00:00:00-04:00,6.730000019073486,6.769999980926514,6.5,6.510000228881836,3182100,0.0,0.0
2023-09-25 00:00:00-04:00,6.460000038146973,6.489999771118164,6.349999904632568,6.480000019073486,2509900,0.0,0.0
2023-09-26 00:00:00-04:00,6.389999866485596,6.400000095367432,6.260000228881836,6.269999980926514,3504300,0.0,0.0
2023-09-27 00:00:00-04:00,6.239999771118164,6.260000228881836,6.099999904632568,6.159999847412109,3844000,0.0,0.0
2023-09-28 00:00:00-04:00,6.239999771118164,6.289999961853027,6.190000057220459,6.239999771118164,3428700,0.0,0.0
2023-09-29 00:00:00-04:00,6.349999904632568,6.380000114440918,6.139999866485596,6.170000076293945,3228200,0.0,0.0
2023-10-02 00:00:00-04:00,6.03000020980835,6.039999961853027,5.809999942779541,5.849999904632568,3808800,0.0,0.0
2023-10-03 00:00:00-04:00,5.420000076293945,5.570000171661377,5.409999847412109,5.559999942779541,8802200,0.0,0.0
2023-10-04 00:00:00-04:00,5.489999771118164,5.519999980926514,5.380000114440918,5.489999771118164,3516200,0.0,0.0
2023-10-05 00:00:00-04:00,5.260000228881836,5.360000133514404,5.199999809265137,5.230000019073486,7779500,0.0,0.0
2023-10-06 00:00:00-04:00,5.230000019073486,5.460000038146973,5.159999847412109,5.400000095367432,5452700,0.0,0.0
2023-10-09 00:00:00-04:00,5.599999904632568,5.730000019073486,5.579999923706055,5.710000038146973,3235600,0.0,0.0
2023-10-10 00:00:00-04:00,5.800000190734863,5.840000152587891,5.75,5.769999980926514,3162900,0.0,0.0
2023-10-11 00:00:00-04:00,5.78000020980835,5.900000095367432,5.78000020980835,5.889999866485596,3090300,0.0,0.0
2023-10-12 00:00:00-04:00,5.849999904632568,5.920000076293945,5.630000114440918,5.639999866485596,4260600,0.0,0.0
2023-10-13 00:00:00-04:00,5.900000095367432,6.070000171661377,5.860000133514404,6.019999980926514,5038600,0.0,0.0
2023-10-16 00:00:00-04:00,6.070000171661377,6.130000114440918,5.989999771118164,6.099999904632568,3141200,0.0,0.0
2023-10-17 00:00:00-04:00,6.039999961853027,6.210000038146973,6.03000020980835,6.150000095367432,2492000,0.0,0.0
2023-10-18 00:00:00-04:00,5.949999809265137,5.989999771118164,5.550000190734863,5.610000133514404,7580900,0.0,0.0
2023-10-19 00:00:00-04:00,5.519999980926514,5.570000171661377,5.400000095367432,5.480000019073486,5596300,0.0,0.0
2023-10-20 00:00:00-04:00,5.429999828338623,5.679999828338623,5.429999828338623,5.519999980926514,5661300,0.0,0.0
2023-10-23 00:00:00-04:00,5.449999809265137,5.489999771118164,5.260000228881836,5.28000020980835,5242700,0.0,0.0
2023-10-24 00:00:00-04:00,5.099999904632568,5.210000038146973,5.090000152587891,5.170000076293945,5118800,0.0,0.0
2023-10-25 00:00:00-04:00,5.0,5.03000020980835,4.860000133514404,4.869999885559082,9031400,0.0,0.0
2023-10-26 00:00:00-04:00,4.920000076293945,5.139999866485596,4.909999847412109,5.099999904632568,5782700,0.0,0.0
2023-10-27 00:00:00-04:00,5.119999885559082,5.170000076293945,5.010000228881836,5.150000095367432,3734200,0.0,0.0
2023-10-30 00:00:00-04:00,5.199999809265137,5.25,5.099999904632568,5.190000057220459,2907900,0.0,0.0
2023-10-31 00:00:00-04:00,5.199999809265137,5.210000038146973,5.050000190734863,5.079999923706055,3654900,0.0,0.0
2023-11-01 00:00:00-04:00,5.090000152587891,5.090000152587891,4.880000114440918,4.960000038146973,5436900,0.0,0.0
2023-11-02 00:00:00-04:00,4.960000038146973,5.079999923706055,4.940000057220459,5.070000171661377,4588000,0.0,0.0
2023-11-03 00:00:00-04:00,5.199999809265137,5.5,5.199999809265137,5.429999828338623,4232400,0.0,0.0
2023-11-06 00:00:00-05:00,5.519999980926514,5.550000190734863,5.369999885559082,5.369999885559082,4180000,0.0,0.0
2023-11-07 00:00:00-05:00,5.269999980926514,5.28000020980835,5.130000114440918,5.199999809265137,3421300,0.0,0.0
2023-11-08 00:00:00-05:00,5.150000095367432,5.230000019073486,5.010000228881836,5.010000228881836,3490600,0.0,0.0
2023-11-09 00:00:00-05:00,5.03000020980835,5.070000171661377,4.909999847412109,4.920000076293945,3160800,0.0,0.0
2023-11-10 00:00:00-05:00,4.739999771118164,4.789999961853027,4.639999866485596,4.730000019073486,4378000,0.0,0.0
2023-11-13 00:00:00-05:00,4.730000019073486,4.869999885559082,4.710000038146973,4.78000020980835,2925200,0.0,0.0
2023-11-14 00:00:00-05:00,5.03000020980835,5.389999866485596,5.0,5.340000152587891,6412300,0.0,0.0
2023-11-15 00:00:00-05:00,5.329999923706055,5.429999828338623,5.260000228881836,5.289999961853027,3650800,0.0,0.0
2023-11-16 00:00:00-05:00,5.199999809265137,5.360000133514404,5.159999847412109,5.159999847412109,4521600,0.0,0.0
2023-11-17 00:00:00-05:00,5.230000019073486,5.289999961853027,5.170000076293945,5.239999771118164,2485000,0.0,0.0
2023-11-20 00:00:00-05:00,5.139999866485596,5.260000228881836,5.110000133514404,5.199999809265137,2236400,0.0,0.0
2023-11-21 00:00:00-05:00,4.0,4.380000114440918,4.0,4.269999980926514,42404600,0.0,0.0
2023-11-22 00:00:00-05:00,4.269999980926514,4.559999942779541,4.230000019073486,4.519999980926514,16838100,0.0,0.0
2023-11-24 00:00:00-05:00,4.349999904632568,4.429999828338623,4.269999980926514,4.369999885559082,10712000,0.0,0.0
2023-11-27 00:00:00-05:00,4.420000076293945,4.46999979019165,4.380000114440918,4.460000038146973,7485500,0.0,0.0
2023-11-28 00:00:00-05:00,4.5,4.730000019073486,4.449999809265137,4.659999847412109,11427400,0.0,0.0
2023-11-29 00:00:00-05:00,4.539999961853027,4.619999885559082,4.5,4.53000020980835,7414500,0.0,0.0
2023-11-30 00:00:00-05:00,4.480000019073486,4.510000228881836,4.409999847412109,4.460000038146973,4686000,0.0,0.0
2023-12-01 00:00:00-05:00,4.5,4.690000057220459,4.46999979019165,4.659999847412109,9123600,0.0,0.0
2023-12-04 00:00:00-05:00,4.510000228881836,4.650000095367432,4.460000038146973,4.5,7866400,0.0,0.0
2023-12-05 00:00:00-05:00,4.449999809265137,4.53000020980835,4.369999885559082,4.389999866485596,4890000,0.0,0.0
2023-12-06 00:00:00-05:00,4.539999961853027,4.699999809265137,4.519999980926514,4.599999904632568,6786900,0.0,0.0
2023-12-07 00:00:00-05:00,4.650000095367432,4.789999961853027,4.610000133514404,4.71999979019165,5510800,0.0,0.0
2023-12-08 00:00:00-05:00,4.610000133514404,4.849999904632568,4.599999904632568,4.829999923706055,7044100,0.0,0.0
2023-12-11 00:00:00-05:00,4.739999771118164,4.829999923706055,4.699999809265137,4.760000228881836,5270500,0.0,0.0
2023-12-12 00:00:00-05:00,4.639999866485596,4.659999847412109,4.409999847412109,4.46999979019165,8666400,0.0,0.0
2023-12-13 00:00:00-05:00,4.409999847412109,4.730000019073486,4.389999866485596,4.730000019073486,8286800,0.0,0.0
2023-12-14 00:00:00-05:00,5.079999923706055,5.25,5.070000171661377,5.179999828338623,8407400,0.0,0.0
2023-12-15 00:00:00-05:00,5.199999809265137,5.260000228881836,5.039999961853027,5.230000019073486,8348900,0.0,0.0
2023-12-18 00:00:00-05:00,5.269999980926514,5.309999942779541,5.150000095367432,5.25,3789600,0.0,0.0
2023-12-19 00:00:00-05:00,5.360000133514404,5.650000095367432,5.349999904632568,5.550000190734863,6896100,0.0,0.0
2023-12-20 00:00:00-05:00,5.550000190734863,5.610000133514404,5.340000152587891,5.349999904632568,5467600,0.0,0.0
2023-12-21 00:00:00-05:00,5.539999961853027,5.619999885559082,5.489999771118164,5.539999961853027,3953700,0.0,0.0
2023-12-22 00:00:00-05:00,5.619999885559082,5.820000171661377,5.599999904632568,5.619999885559082,5025200,0.0,0.0
2023-12-26 00:00:00-05:00,5.679999828338623,5.679999828338623,5.53000020980835,5.579999923706055,2256300,0.0,0.0
2023-12-27 00:00:00-05:00,5.699999809265137,5.769999980926514,5.679999828338623,5.710000038146973,3194100,0.0,0.0
2023-12-28 00:00:00-05:00,5.579999923706055,5.650000095367432,5.5,5.5,4661200,0.0,0.0
2023-12-29 00:00:00-05:00,5.489999771118164,5.53000020980835,5.389999866485596,5.429999828338623,5214600,0.0,0.0
2024-01-02 00:00:00-05:00,5.360000133514404,5.480000019073486,5.300000190734863,5.309999942779541,3426100,0.0,0.0
2024-01-03 00:00:00-05:00,5.130000114440918,5.230000019073486,5.03000020980835,5.139999866485596,5077600,0.0,0.0
2024-01-04 00:00:00-05:00,5.039999961853027,5.179999828338623,5.039999961853027,5.130000114440918,4030600,0.0,0.0
2024-01-05 00:00:00-05:00,5.110000133514404,5.28000020980835,5.079999923706055,5.110000133514404,4357500,0.0,0.0
2024-01-08 00:00:00-05:00,5.039999961853027,5.159999847412109,4.980000019073486,5.150000095367432,4296100,0.0,0.0
2024-01-09 00:00:00-05:00,5.150000095367432,5.179999828338623,5.03000020980835,5.059999942779541,3637100,0.0,0.0
2024-01-10 00:00:00-05:00,5.03000020980835,5.110000133514404,4.940000057220459,5.099999904632568,4911400,0.0,0.0
2024-01-11 00:00:00-05:00,5.0,5.039999961853027,4.869999885559082,4.909999847412109,5524700,0.0,0.0
2024-01-12 00:00:00-05:00,5.010000228881836,5.420000076293945,5.010000228881836,5.139999866485596,7866400,0.0,0.0
2024-01-16 00:00:00-05:00,4.989999771118164,4.989999771118164,4.760000228881836,4.769999980926514,6264400,0.0,0.0
2024-01-17 00:00:00-05:00,4.539999961853027,4.559999942779541,4.440000057220459,4.5,6659300,0.0,0.0
2024-01-18 00:00:00-05:00,4.519999980926514,4.690000057220459,4.46999979019165,4.579999923706055,5347400,0.0,0.0
2024-01-19 00:00:00-05:00,4.550000190734863,4.559999942779541,4.420000076293945,4.489999771118164,3621800,0.0,0.0
2024-01-22 00:00:00-05:00,4.369999885559082,4.579999923706055,4.349999904632568,4.449999809265137,5087300,0.0,0.0
2024-01-23 00:00:00-05:00,4.610000133514404,4.71999979019165,4.599999904632568,4.670000076293945,3650800,0.0,0.0
2024-01-24 00:00:00-05:00,4.880000114440918,4.909999847412109,4.670000076293945,4.699999809265137,6145300,0.0,0.0
2024-01-25 00:00:00-05:00,4.860000133514404,4.869999885559082,4.639999866485596,4.769999980926514,3988300,0.0,0.0
2024-01-26 00:00:00-05:00,4.849999904632568,4.929999828338623,4.789999961853027,4.840000152587891,3922400,0.0,0.0
2024-01-29 00:00:00-05:00,4.869999885559082,4.96999979019165,4.800000190734863,4.940000057220459,3284400,0.0,0.0
2024-01-30 00:00:00-05:00,4.96999979019165,4.980000019073486,4.800000190734863,4.829999923706055,3156900,0.0,0.0
2024-01-31 00:00:00-05:00,4.880000114440918,5.059999942779541,4.820000171661377,4.840000152587891,4198400,0.0,0.0
2024-02-01 00:00:00-05:00,4.889999866485596,5.079999923706055,4.860000133514404,5.079999923706055,3957600,0.0,0.0
2024-02-02 00:00:00-05:00,4.880000114440918,4.929999828338623,4.75,4.829999923706055,4404800,0.0,0.0
2024-02-05 00:00:00-05:00,4.690000057220459,4.71999979019165,4.579999923706055,4.650000095367432,3021000,0.0,0.0
2024-02-06 00:00:00-05:00,4.739999771118164,4.820000171661377,4.71999979019165,4.78000020980835,2919300,0.0,0.0
2024-02-07 00:00:00-05:00,4.599999904632568,4.610000133514404,4.420000076293945,4.460000038146973,6150700,0.0,0.0
2024-02-08 00:00:00-05:00,4.400000095367432,4.420000076293945,4.320000171661377,4.349999904632568,4200700,0.0,0.0
2024-02-09 00:00:00-05:00,4.239999771118164,4.300000190734863,4.179999828338623,4.28000020980835,5738600,0.0,0.0
2024-02-12 00:00:00-05:00,4.28000020980835,4.429999828338623,4.25,4.380000114440918,4114600,0.0,0.0
2024-02-13 00:00:00-05:00,4.230000019073486,4.239999771118164,4.119999885559082,4.179999828338623,5878900,0.0,0.0
2024-02-14 00:00:00-05:00,4.269999980926514,4.429999828338623,4.260000228881836,4.409999847412109,5508700,0.0,0.0
2024-02-15 00:00:00-05:00,4.550000190734863,4.690000057220459,4.510000228881836,4.550000190734863,3801400,0.0,0.0
2024-02-16 00:00:00-05:00,4.53000020980835,4.699999809265137,4.510000228881836,4.659999847412109,4249000,0.0,0.0
2024-02-20 00:00:00-05:00,4.550000190734863,4.610000133514404,4.480000019073486,4.599999904632568,5151500,0.0,0.0
2024-02-21 00:00:00-05:00,4.329999923706055,4.349999904632568,4.239999771118164,4.28000020980835,5652000,0.0,0.0
2024-02-22 00:00:00-05:00,4.329999923706055,4.360000133514404,4.239999771118164,4.239999771118164,3765800,0.0,0.0
2024-02-23 00:00:00-05:00,4.21999979019165,4.300000190734863,4.139999866485596,4.300000190734863,4553200,0.0,0.0
2024-02-26 00:00:00-05:00,4.239999771118164,4.28000020980835,4.170000076293945,4.199999809265137,3068600,0.0,0.0
2024-02-27 00:00:00-05:00,4.260000228881836,4.289999961853027,4.199999809265137,4.210000038146973,3023100,0.0,0.0
2024-02-28 00:00:00-05:00,4.130000114440918,4.159999847412109,4.010000228881836,4.03000020980835,4990100,0.0,0.0
2024-02-29 00:00:00-05:00,4.21999979019165,4.239999771118164,4.050000190734863,4.119999885559082,4741900,0.0,0.0
2024-03-01 00:00:00-05:00,4.170000076293945,4.269999980926514,4.130000114440918,4.239999771118164,4512600,0.0,0.0
2024-03-04 00:00:00-05:00,4.170000076293945,4.300000190734863,4.099999904632568,4.300000190734863,5536500,0.0,0.0
2024-03-05 00:00:00-05:00,3.9700000286102295,4.03000020980835,3.8499999046325684,3.930000066757202,12067700,0.0,0.0
2024-03-06 00:00:00-05:00,4.110000133514404,4.5,4.099999904632568,4.449999809265137,13539100,0.0,0.0
2024-03-07 00:00:00-05:00,4.409999847412109,4.579999923706055,4.360000133514404,4.559999942779541,7454500,0.0,0.0
2024-03-08 00:00:00-05:00,4.590000152587891,4.71999979019165,4.539999961853027,4.639999866485596,5538500,0.0,0.0
2024-03-11 00:00:00-04:00,4.5,4.650000095367432,4.449999809265137,4.570000171661377,5001800,0.0,0.0
2024-03-12 00:00:00-04:00,4.449999809265137,4.53000020980835,4.380000114440918,4.46999979019165,3764200,0.0,0.0
2024-03-13 00:00:00-04:00,4.610000133514404,4.820000171661377,4.590000152587891,4.75,6347300,0.0,0.0
2024-03-14 00:00:00-04:00,4.639999866485596,4.639999866485596,4.489999771118164,4.559999942779541,6143400,0.0,0.0
2024-03-15 00:00:00-04:00,4.590000152587891,4.659999847412109,4.510000228881836,4.519999980926514,7370100,0.0,0.0
2024-03-18 00:00:00-04:00,4.320000171661377,4.340000152587891,4.170000076293945,4.170000076293945,11968500,0.0,0.0
2024-03-19 00:00:00-04:00,4.090000152587891,4.170000076293945,4.039999961853027,4.139999866485596,8637700,0.0,0.0
2024-03-20 00:00:00-04:00,4.079999923706055,4.539999961853027,4.070000171661377,4.539999961853027,10894600,0.0,0.0
2024-03-21 00:00:00-04:00,4.659999847412109,4.760000228881836,4.590000152587891,4.619999885559082,13075800,0.0,0.0
2024-03-22 00:00:00-04:00,4.690000057220459,4.699999809265137,4.53000020980835,4.550000190734863,5917700,0.0,0.0
2024-03-25 00:00:00-04:00,4.619999885559082,4.71999979019165,4.559999942779541,4.570000171661377,3515900,0.0,0.0
2024-03-26 00:00:00-04:00,4.650000095367432,4.679999828338623,4.46999979019165,4.46999979019165,2756500,0.0,0.0
2024-03-27 00:00:00-04:00,4.389999866485596,4.519999980926514,4.340000152587891,4.489999771118164,3780700,0.0,0.0
2024-03-28 00:00:00-04:00,4.510000228881836,4.730000019073486,4.510000228881836,4.710000038146973,5148400,0.0,0.0
2024-04-01 00:00:00-04:00,4.75,4.860000133514404,4.650000095367432,4.670000076293945,5050100,0.0,0.0
2024-04-02 00:00:00-04:00,4.769999980926514,4.900000095367432,4.760000228881836,4.820000171661377,6884400,0.0,0.0
2024-04-03 00:00:00-04:00,4.760000228881836,5.039999961853027,4.75,5.03000020980835,9052700,0.0,0.0
2024-04-04 00:00:00-04:00,5.079999923706055,5.309999942779541,5.0,5.099999904632568,10852500,0.0,0.0
2024-04-05 00:00:00-04:00,5.039999961853027,5.199999809265137,5.010000228881836,5.179999828338623,4744400,0.0,0.0
2024-04-08 00:00:00-04:00,5.360000133514404,5.570000171661377,5.329999923706055,5.510000228881836,11975400,0.0,0.0
2024-04-09 00:00:00-04:00,5.769999980926514,5.929999828338623,5.400000095367432,5.679999828338623,12701800,0.0,0.0
2024-04-10 00:00:00-04:00,5.389999866485596,5.619999885559082,5.369999885559082,5.380000114440918,9419700,0.0,0.0
2024-04-11 00:00:00-04:00,5.5,5.570000171661377,5.320000171661377,5.550000190734863,5674900,0.0,0.0
2024-04-12 00:00:00-04:00,5.75,5.849999904632568,5.389999866485596,5.440000057220459,11997200,0.0,0.0
2024-04-15 00:00:00-04:00,5.460000038146973,5.460000038146973,5.28000020980835,5.320000171661377,8745500,0.0,0.0
2024-04-16 00:00:00-04:00,5.179999828338623,5.260000228881836,5.099999904632568,5.199999809265137,5533800,0.0,0.0
2024-04-17 00:00:00-04:00,5.429999828338623,5.559999942779541,5.369999885559082,5.420000076293945,7665100,0.0,0.0
2024-04-18 00:00:00-04:00,5.389999866485596,5.440000057220459,5.269999980926514,5.320000171661377,6570700,0.0,0.0
2024-04-19 00:00:00-04:00,5.199999809265137,5.21999979019165,5.110000133514404,5.119999885559082,5369300,0.0,0.0
2024-04-22 00:00:00-04:00,4.909999847412109,5.03000020980835,4.829999923706055,4.980000019073486,6179100,0.0,0.0
2024-04-23 00:00:00-04:00,4.769999980926514,4.900000095367432,4.75,4.849999904632568,6944600,0.0,0.0
2024-04-24 00:00:00-04:00,4.769999980926514,4.889999866485596,4.730000019073486,4.880000114440918,4193400,0.0,0.0
2024-04-25 00:00:00-04:00,4.71999979019165,4.880000114440918,4.630000114440918,4.849999904632568,6668000,0.0,0.0
2024-04-26 00:00:00-04:00,4.880000114440918,4.980000019073486,4.769999980926514,4.929999828338623,5259700,0.0,0.0
2024-04-29 00:00:00-04:00,4.960000038146973,5.139999866485596,4.920000076293945,5.070000171661377,8844600,0.0,0.0
2024-04-30 00:00:00-04:00,4.889999866485596,4.889999866485596,4.650000095367432,4.650000095367432,7113300,0.0,0.0
2024-05-01 00:00:00-04:00,4.730000019073486,4.820000171661377,4.599999904632568,4.610000133514404,8161900,0.0,0.0
2024-05-02 00:00:00-04:00,4.559999942779541,4.619999885559082,4.510000228881836,4.559999942779541,4379700,0.0,0.0
2024-05-03 00:00:00-04:00,4.630000114440918,4.710000038146973,4.53000020980835,4.699999809265137,5263300,0.0,0.0
2024-05-06 00:00:00-04:00,4.800000190734863,4.909999847412109,4.78000020980835,4.869999885559082,6398500,0.0,0.0
2024-05-07 00:00:00-04:00,4.900000095367432,4.989999771118164,4.880000114440918,4.909999847412109,3773500,0.0,0.0
2024-05-08 00:00:00-04:00,4.730000019073486,4.760000228881836,4.639999866485596,4.659999847412109,5352700,0.0,0.0
2024-05-09 00:00:00-04:00,4.739999771118164,5.079999923706055,4.710000038146973,5.050000190734863,8463600,0.0,0.0
2024-05-10 00:00:00-04:00,5.090000152587891,5.210000038146973,5.019999980926514,5.039999961853027,5854500,0.0,0.0
2024-05-13 00:00:00-04:00,5.010000228881836,5.099999904632568,5.010000228881836,5.039999961853027,5267100,0.0,0.0
2024-05-14 00:00:00-04:00,4.889999866485596,5.110000133514404,4.869999885559082,5.090000152587891,9359800,0.0,0.0
2024-05-15 00:00:00-04:00,5.190000057220459,5.489999771118164,5.03000020980835,5.440000057220459,11166200,0.0,0.0
2024-05-16 00:00:00-04:00,5.489999771118164,5.519999980926514,5.360000133514404,5.46999979019165,5977100,0.0,0.0
2024-05-17 00:00:00-04:00,5.570000171661377,5.800000190734863,5.519999980926514,5.690000057220459,12273700,0.0,0.0
2024-05-20 00:00:00-04:00,5.739999771118164,5.909999847412109,5.619999885559082,5.690000057220459,7377100,0.0,0.0
2024-05-21 00:00:00-04:00,5.659999847412109,5.739999771118164,5.53000020980835,5.659999847412109,7615300,0.0,0.0
2024-05-22 00:00:00-04:00,5.510000228881836,5.53000020980835,5.190000057220459,5.25,11682800,0.0,0.0
2024-05-23 00:00:00-04:00,5.289999961853027,5.309999942779541,5.059999942779541,5.090000152587891,6737100,0.0,0.0
2024-05-24 00:00:00-04:00,5.230000019073486,5.329999923706055,5.210000038146973,5.21999979019165,4183300,0.0,0.0
2024-05-28 00:00:00-04:00,5.320000171661377,5.400000095367432,5.090000152587891,5.119999885559082,6981800,0.0,0.0
2024-05-29 00:00:00-04:00,5.050000190734863,5.090000152587891,4.949999809265137,5.039999961853027,6225200,0.0,0.0
2024-05-30 00:00:00-04:00,5.019999980926514,5.260000228881836,5.0,5.119999885559082,6409400,0.0,0.0
2024-05-31 00:00:00-04:00,5.170000076293945,5.21999979019165,5.039999961853027,5.070000171661377,5283300,0.0,0.0
2024-06-03 00:00:00-04:00,5.03000020980835,5.159999847412109,4.989999771118164,5.059999942779541,4396800,0.0,0.0
2024-06-04 00:00:00-04:00,4.880000114440918,4.880000114440918,4.510000228881836,4.550000190734863,14087900,0.0,0.0
2024-06-05 00:00:00-04:00,4.610000133514404,4.639999866485596,4.53000020980835,4.550000190734863,7106500,0.0,0.0
2024-06-06 00:00:00-04:00,4.630000114440918,4.739999771118164,4.590000152587891,4.670000076293945,6223700,0.0,0.0
2024-06-07 00:00:00-04:00,4.590000152587891,4.599999904632568,4.429999828338623,4.440000057220459,6647300,0.0,0.0
2024-06-10 00:00:00-04:00,4.5,4.610000133514404,4.460000038146973,4.579999923706055,3806700,0.0,0.0
2024-06-11 00:00:00-04:00,4.46999979019165,4.539999961853027,4.429999828338623,4.510000228881836,4451100,0.0,0.0
2024-06-12 00:00:00-04:00,4.670000076293945,4.71999979019165,4.46999979019165,4.510000228881836,5155700,0.0,0.0
2024-06-13 00:00:00-04:00,4.46999979019165,4.5,4.340000152587891,4.369999885559082,5684300,0.0,0.0
2024-06-14 00:00:00-04:00,4.389999866485596,4.590000152587891,4.340000152587891,4.559999942779541,7760000,0.0,0.0
2024-06-17 00:00:00-04:00,4.599999904632568,4.639999866485596,4.440000057220459,4.489999771118164,3740100,0.0,0.0
2024-06-18 00:00:00-04:00,4.510000228881836,4.630000114440918,4.489999771118164,4.610000133514404,3881300,0.0,0.0
2024-06-20 00:00:00-04:00,4.570000171661377,4.690000057220459,4.550000190734863,4.639999866485596,6563400,0.0,0.0
2024-06-21 00:00:00-04:00,4.71999979019165,4.78000020980835,4.590000152587891,4.75,8878200,0.0,0.0
2024-06-24 00:00:00-04:00,4.760000228881836,4.820000171661377,4.690000057220459,4.78000020980835,5635400,0.0,0.0
2024-06-25 00:00:00-04:00,4.590000152587891,4.599999904632568,4.380000114440918,4.400000095367432,6244300,0.0,0.0
2024-06-26 00:00:00-04:00,4.320000171661377,4.409999847412109,4.289999961853027,4.400000095367432,6624800,0.0,0.0
2024-06-27 00:00:00-04:00,4.369999885559082,4.429999828338623,4.289999961853027,4.289999961853027,3923700,0.0,0.0
2024-06-28 00:00:00-04:00,4.429999828338623,4.460000038146973,4.309999942779541,4.349999904632568,3389300,0.0,0.0
2024-07-01 00:00:00-04:00,4.369999885559082,4.409999847412109,4.190000057220459,4.21999979019165,4016800,0.0,0.0
2024-07-02 00:00:00-04:00,4.159999847412109,4.260000228881836,4.079999923706055,4.260000228881836,7822700,0.0,0.0
2024-07-03 00:00:00-04:00,4.400000095367432,4.659999847412109,4.400000095367432,4.619999885559082,5987800,0.0,0.0
2024-07-05 00:00:00-04:00,4.78000020980835,4.940000057220459,4.71999979019165,4.900000095367432,7180300,0.0,0.0
2024-07-08 00:00:00-04:00,4.900000095367432,4.900000095367432,4.789999961853027,4.840000152587891,5032400,0.0,0.0
2024-07-09 00:00:00-04:00,4.800000190734863,4.869999885559082,4.730000019073486,4.800000190734863,3540700,0.0,0.0
2024-07-10 00:00:00-04:00,4.820000171661377,4.920000076293945,4.789999961853027,4.860000133514404,3100600,0.0,0.0
2024-07-11 00:00:00-04:00,4.949999809265137,5.010000228881836,4.769999980926514,4.800000190734863,5981300,0.0,0.0
2024-07-12 00:00:00-04:00,4.730000019073486,4.840000152587891,4.71999979019165,4.760000228881836,3020200,0.0,0.0
2024-07-15 00:00:00-04:00,4.619999885559082,4.760000228881836,4.570000171661377,4.710000038146973,4392500,0.0,0.0
2024-07-16 00:00:00-04:00,4.75,4.980000019073486,4.71999979019165,4.960000038146973,5332800,0.0,0.0
2024-07-17 00:00:00-04:00,4.880000114440918,4.909999847412109,4.619999885559082,4.670000076293945,5835500,0.0,0.0
2024-07-18 00:00:00-04:00,4.710000038146973,4.730000019073486,4.449999809265137,4.480000019073486,6361300,0.0,0.0
2024-07-19 00:00:00-04:00,4.409999847412109,4.550000190734863,4.409999847412109,4.440000057220459,3077000,0.0,0.0
2024-07-22 00:00:00-04:00,4.429999828338623,4.46999979019165,4.360000133514404,4.440000057220459,3746100,0.0,0.0
2024-07-23 00:00:00-04:00,4.400000095367432,4.460000038146973,4.380000114440918,4.449999809265137,2647900,0.0,0.0
2024-07-24 00:00:00-04:00,4.570000171661377,4.630000114440918,4.449999809265137,4.449999809265137,4359400,0.0,0.0
2024-07-25 00:00:00-04:00,4.369999885559082,4.380000114440918,4.269999980926514,4.320000171661377,4724000,0.0,0.0
2024-07-26 00:00:00-04:00,4.389999866485596,4.409999847412109,4.269999980926514,4.289999961853027,3037500,0.0,0.0
2024-07-29 00:00:00-04:00,4.289999961853027,4.340000152587891,4.179999828338623,4.260000228881836,3616800,0.0,0.0
2024-07-30 00:00:00-04:00,4.289999961853027,4.340000152587891,4.25,4.340000152587891,3584700,0.0,0.0
2024-07-31 00:00:00-04:00,4.519999980926514,4.619999885559082,4.5,4.53000020980835,4762500,0.0,0.0
2024-08-01 00:00:00-04:00,4.53000020980835,4.570000171661377,4.329999923706055,4.389999866485596,4991200,0.0,0.0
2024-08-02 00:00:00-04:00,4.449999809265137,4.449999809265137,4.159999847412109,4.199999809265137,6718000,0.0,0.0
2024-08-05 00:00:00-04:00,4.03000020980835,4.119999885559082,3.9800000190734863,4.0,7574600,0.0,0.0
2024-08-06 00:00:00-04:00,3.9700000286102295,4.079999923706055,3.9600000381469727,4.050000190734863,5224300,0.0,0.0
2024-08-07 00:00:00-04:00,4.090000152587891,4.139999866485596,3.9200000762939453,3.930000066757202,5897700,0.0,0.0
2024-08-08 00:00:00-04:00,3.940000057220459,4.0,3.9100000858306885,3.9700000286102295,5651800,0.0,0.0
2024-08-09 00:00:00-04:00,4.03000020980835,4.050000190734863,3.9100000858306885,3.9600000381469727,4198100,0.0,0.0
2024-08-12 00:00:00-04:00,3.9700000286102295,4.050000190734863,3.9000000953674316,4.010000228881836,5243700,0.0,0.0
2024-08-13 00:00:00-04:00,3.9800000190734863,4.150000095367432,3.9600000381469727,4.099999904632568,3436100,0.0,0.0
2024-08-14 00:00:00-04:00,4.079999923706055,4.110000133514404,4.019999980926514,4.090000152587891,2729100,0.0,0.0
2024-08-15 00:00:00-04:00,4.159999847412109,4.25,4.110000133514404,4.210000038146973,3891200,0.0,0.0
2024-08-16 00:00:00-04:00,4.199999809265137,4.260000228881836,4.159999847412109,4.230000019073486,3479900,0.0,0.0
2024-08-19 00:00:00-04:00,4.25,4.440000057220459,4.25,4.420000076293945,3978700,0.0,0.0
2024-08-20 00:00:00-04:00,4.519999980926514,4.550000190734863,4.369999885559082,4.440000057220459,3414300,0.0,0.0
2024-08-21 00:00:00-04:00,4.46999979019165,4.550000190734863,4.429999828338623,4.550000190734863,3790600,0.0,0.0
2024-08-22 00:00:00-04:00,4.420000076293945,4.429999828338623,4.25,4.269999980926514,4125000,0.0,0.0
2024-08-23 00:00:00-04:00,4.349999904632568,4.460000038146973,4.309999942779541,4.409999847412109,4323100,0.0,0.0
2024-08-26 00:00:00-04:00,4.46999979019165,4.489999771118164,4.369999885559082,4.400000095367432,2687800,0.0,0.0
2024-08-27 00:00:00-04:00,4.389999866485596,4.440000057220459,4.349999904632568,4.400000095367432,1907200,0.0,0.0
2024-08-28 00:00:00-04:00,4.25,4.260000228881836,4.079999923706055,4.119999885559082,4590700,0.0,0.0
2024-08-29 00:00:00-04:00,4.159999847412109,4.21999979019165,4.119999885559082,4.130000114440918,2256100,0.0,0.0
2024-08-30 00:00:00-04:00,4.010000228881836,4.03000020980835,3.8499999046325684,3.890000104904175,10808900,0.0,0.0
2024-09-03 00:00:00-04:00,3.819999933242798,3.8499999046325684,3.509999990463257,3.549999952316284,14903100,0.0,0.0
2024-09-04 00:00:00-04:00,3.5799999237060547,3.7200000286102295,3.5799999237060547,3.6500000953674316,6041800,0.0,0.0
2024-09-05 00:00:00-04:00,3.700000047683716,3.75,3.630000114440918,3.630000114440918,3958800,0.0,0.0
2024-09-06 00:00:00-04:00,3.680000066757202,3.690000057220459,3.5,3.509999990463257,4215800,0.0,0.0
2024-09-09 00:00:00-04:00,3.5199999809265137,3.549999952316284,3.359999895095825,3.369999885559082,7269800,0.0,0.0
2024-09-10 00:00:00-04:00,3.4000000953674316,3.4000000953674316,3.0799999237060547,3.180000066757202,16201700,0.0,0.0
2024-09-11 00:00:00-04:00,3.2100000381469727,3.4000000953674316,3.1500000953674316,3.390000104904175,13765900,0.0,0.0
2024-09-12 00:00:00-04:00,3.5299999713897705,3.7799999713897705,3.450000047683716,3.7300000190734863,13488800,0.0,0.0
2024-09-13 00:00:00-04:00,3.9800000190734863,4.079999923706055,3.8499999046325684,4.010000228881836,11735900,0.0,0.0
2024-09-16 00:00:00-04:00,4.110000133514404,4.260000228881836,4.090000152587891,4.199999809265137,7807900,0.0,0.0
2024-09-17 00:00:00-04:00,4.25,4.309999942779541,4.190000057220459,4.25,7300700,0.0,0.0
2024-09-18 00:00:00-04:00,4.25,4.360000133514404,4.070000171661377,4.130000114440918,5145200,0.0,0.0
2024-09-19 00:00:00-04:00,4.329999923706055,4.360000133514404,4.210000038146973,4.230000019073486,4320900,0.0,0.0
2024-09-20 00:00:00-04:00,4.230000019073486,4.28000020980835,4.110000133514404,4.139999866485596,5101300,0.0,0.0
2024-09-23 00:00:00-04:00,4.239999771118164,4.300000190734863,4.159999847412109,4.199999809265137,3962500,0.0,0.0
2024-09-24 00:00:00-04:00,4.300000190734863,4.5,4.28000020980835,4.460000038146973,5666700,0.0,0.0
2024-09-25 00:00:00-04:00,4.409999847412109,4.460000038146973,4.340000152587891,4.349999904632568,4213500,0.0,0.0
2024-09-26 00:00:00-04:00,4.449999809265137,4.550000190734863,4.420000076293945,4.510000228881836,6742400,0.0,0.0
2024-09-27 00:00:00-04:00,4.489999771118164,4.519999980926514,4.349999904632568,4.369999885559082,4378800,0.0,0.0
2024-09-30 00:00:00-04:00,4.230000019073486,4.269999980926514,4.079999923706055,4.110000133514404,5215200,0.0,0.0
2024-10-01 00:00:00-04:00,4.349999904632568,4.460000038146973,4.28000020980835,4.380000114440918,5466100,0.0,0.0
2024-10-02 00:00:00-04:00,4.510000228881836,4.690000057220459,4.510000228881836,4.590000152587891,7679100,0.0,0.0
2024-10-03 00:00:00-04:00,4.480000019073486,4.559999942779541,4.449999809265137,4.510000228881836,4589100,0.0,0.0
2024-10-04 00:00:00-04:00,4.570000171661377,4.75,4.559999942779541,4.670000076293945,4779900,0.0,0.0
2024-10-07 00:00:00-04:00,4.650000095367432,4.659999847412109,4.420000076293945,4.46999979019165,4837700,0.0,0.0
2024-10-08 00:00:00-04:00,4.340000152587891,4.420000076293945,4.300000190734863,4.380000114440918,4750900,0.0,0.0
2024-10-09 00:00:00-04:00,4.300000190734863,4.380000114440918,4.260000228881836,4.329999923706055,3690000,0.0,0.0
2024-10-10 00:00:00-04:00,4.039999961853027,4.170000076293945,3.9100000858306885,4.090000152587891,12889000,0.0,0.0
2024-10-11 00:00:00-04:00,4.150000095367432,4.28000020980835,4.130000114440918,4.170000076293945,4827300,0.0,0.0
2024-10-14 00:00:00-04:00,4.070000171661377,4.190000057220459,4.010000228881836,4.03000020980835,5714700,0.0,0.0
2024-10-15 00:00:00-04:00,3.950000047683716,3.9700000286102295,3.819999933242798,3.8399999141693115,7935400,0.0,0.0
2024-10-16 00:00:00-04:00,3.9000000953674316,4.070000171661377,3.9000000953674316,4.039999961853027,6219200,0.0,0.0
2024-10-17 00:00:00-04:00,4.050000190734863,4.150000095367432,4.019999980926514,4.070000171661377,4385100,0.0,0.0
2024-10-18 00:00:00-04:00,4.170000076293945,4.489999771118164,4.170000076293945,4.440000057220459,8344600,0.0,0.0
2024-10-21 00:00:00-04:00,4.550000190734863,4.570000171661377,4.349999904632568,4.489999771118164,6867800,0.0,0.0
2024-10-22 00:00:00-04:00,4.570000171661377,4.760000228881836,4.480000019073486,4.71999979019165,7910800,0.0,0.0
2024-10-23 00:00:00-04:00,4.460000038146973,4.489999771118164,4.269999980926514,4.400000095367432,10153900,0.0,0.0
2024-10-24 00:00:00-04:00,4.840000152587891,5.039999961853027,4.650000095367432,4.960000038146973,17038900,0.0,0.0
2024-10-25 00:00:00-04:00,4.920000076293945,5.130000114440918,4.829999923706055,4.929999828338623,13312800,0.0,0.0
2024-10-28 00:00:00-04:00,5.019999980926514,5.119999885559082,4.949999809265137,5.039999961853027,6876900,0.0,0.0
2024-10-29 00:00:00-04:00,5.139999866485596,5.289999961853027,5.099999904632568,5.21999979019165,9372200,0.0,0.0
2024-10-30 00:00:00-04:00,4.960000038146973,5.039999961853027,4.860000133514404,4.889999866485596,7162100,0.0,0.0
2024-10-31 00:00:00-04:00,4.820000171661377,4.820000171661377,4.579999923706055,4.670000076293945,8146100,0.0,0.0
2024-11-01 00:00:00-04:00,4.829999923706055,4.889999866485596,4.630000114440918,4.639999866485596,4417600,0.0,0.0
2024-11-04 00:00:00-05:00,4.610000133514404,4.710000038146973,4.5,4.53000020980835,4240000,0.0,0.0
2024-11-05 00:00:00-05:00,5.03000020980835,5.190000057220459,4.840000152587891,4.860000133514404,9585000,0.0,0.0
2024-11-06 00:00:00-05:00,4.5,4.730000019073486,4.5,4.670000076293945,6915500,0.0,0.0
2024-11-07 00:00:00-05:00,4.869999885559082,4.920000076293945,4.760000228881836,4.840000152587891,6102700,0.0,0.0
2024-11-08 00:00:00-05:00,4.659999847412109,4.71999979019165,4.510000228881836,4.599999904632568,6942500,0.0,0.0
2024-11-11 00:00:00-05:00,4.440000057220459,4.46999979019165,4.159999847412109,4.21999979019165,9668800,0.0,0.0
2024-11-12 00:00:00-05:00,4.119999885559082,4.179999828338623,3.990000009536743,4.119999885559082,8077600,0.0,0.0
2024-11-13 00:00:00-05:00,4.199999809265137,4.210000038146973,4.019999980926514,4.03000020980835,6040000,0.0,0.0
2024-11-14 00:00:00-05:00,3.9800000190734863,4.119999885559082,3.9700000286102295,4.059999942779541,6283300,0.0,0.0
2024-11-15 00:00:00-05:00,4.070000171661377,4.130000114440918,3.930000066757202,3.9800000190734863,5349600,0.0,0.0
2024-11-18 00:00:00-05:00,4.190000057220459,4.320000171661377,4.139999866485596,4.25,7167000,0.0,0.0
2024-11-19 00:00:00-05:00,4.269999980926514,4.349999904632568,4.170000076293945,4.309999942779541,3919600,0.0,0.0
2024-11-20 00:00:00-05:00,4.239999771118164,4.28000020980835,4.179999828338623,4.199999809265137,4508300,0.0,0.0
2024-11-21 00:00:00-05:00,4.230000019073486,4.289999961853027,4.139999866485596,4.269999980926514,4059000,0.0,0.0
2024-11-22 00:00:00-05:00,4.230000019073486,4.269999980926514,4.170000076293945,4.21999979019165,3350600,0.0,0.0
2024-11-25 00:00:00-05:00,4.050000190734863,4.139999866485596,4.039999961853027,4.070000171661377,4396300,0.0,0.0
2024-11-26 00:00:00-05:00,4.059999942779541,4.079899787902832,3.990000009536743,4.039999961853027,5152137,0.0,0.0
