Date,Open,High,Low,Close,Volume,Dividends,Stock Splits
2022-01-03 00:00:00-05:00,120.0,127.92453002929688,119.0943374633789,124.30188751220703,19051,0.0,0.0
2022-01-04 00:00:00-05:00,122.26415252685547,125.6603775024414,117.73584747314453,119.54717254638672,12248,0.0,0.0
2022-01-05 00:00:00-05:00,117.73584747314453,120.0,108.67924499511719,109.58490753173828,17944,0.0,0.0
2022-01-06 00:00:00-05:00,108.9056625366211,111.62264251708984,102.3396224975586,109.81131744384766,12292,0.0,0.0
2022-01-07 00:00:00-05:00,108.45282745361328,112.98113250732422,104.37735748291016,105.05660247802734,11123,0.0,0.0
2022-01-10 00:00:00-05:00,99.84906005859375,101.6603775024414,95.0943374633789,98.49056243896484,13126,0.0,0.0
2022-01-11 00:00:00-05:00,94.86792755126953,108.45282745361328,94.41509246826172,99.84906005859375,13670,0.0,0.0
2022-01-12 00:00:00-05:00,107.7735824584961,107.7735824584961,100.07546997070312,105.50943756103516,10896,0.0,0.0
2022-01-13 00:00:00-05:00,106.41509246826172,110.94339752197266,99.62264251708984,100.98113250732422,8848,0.0,0.0
2022-01-14 00:00:00-05:00,99.16980743408203,100.30188751220703,84.9056625366211,87.16980743408203,45150,0.0,0.0
2022-01-18 00:00:00-05:00,86.03773498535156,88.07546997070312,82.64151000976562,84.9056625366211,8635,0.0,0.0
2022-01-19 00:00:00-05:00,83.7735824584961,94.41509246826172,83.32075500488281,90.11320495605469,11609,0.0,0.0
2022-01-20 00:00:00-05:00,89.4339599609375,97.35848999023438,88.52830505371094,90.11320495605469,10447,0.0,0.0
2022-01-21 00:00:00-05:00,89.20755004882812,90.11320495605469,84.45282745361328,87.16980743408203,7780,0.0,0.0
2022-01-24 00:00:00-05:00,82.86792755126953,83.7735824584961,75.62264251708984,82.18868255615234,11711,0.0,0.0
2022-01-25 00:00:00-05:00,78.11320495605469,95.0943374633789,78.11320495605469,91.24528503417969,9900,0.0,0.0
2022-01-26 00:00:00-05:00,94.18868255615234,95.7735824584961,88.52830505371094,91.01886749267578,9187,0.0,0.0
2022-01-27 00:00:00-05:00,92.60377502441406,92.60377502441406,87.16980743408203,87.84906005859375,5200,0.0,0.0
2022-01-28 00:00:00-05:00,88.30188751220703,95.0943374633789,86.03773498535156,93.28302001953125,7839,0.0,0.0
2022-01-31 00:00:00-05:00,93.28302001953125,98.49056243896484,92.83019256591797,96.2264175415039,7815,0.0,0.0
2022-02-01 00:00:00-05:00,99.62264251708984,99.62264251708984,93.96226501464844,97.35848999023438,7646,0.0,0.0
2022-02-02 00:00:00-05:00,97.58490753173828,99.16980743408203,91.69811248779297,93.05660247802734,3755,0.0,0.0
2022-02-03 00:00:00-05:00,92.37735748291016,93.96226501464844,88.52830505371094,89.4339599609375,5545,0.0,0.0
2022-02-04 00:00:00-05:00,94.41509246826172,99.16980743408203,91.01886749267578,98.94339752197266,8668,0.0,0.0
2022-02-07 00:00:00-05:00,100.98113250732422,105.28302001953125,99.62264251708984,103.47169494628906,7330,0.0,0.0
2022-02-08 00:00:00-05:00,101.88679504394531,104.15093994140625,97.58490753173828,104.15093994140625,3073,0.0,0.0
2022-02-09 00:00:00-05:00,104.15093994140625,106.41509246826172,101.6603775024414,104.15093994140625,4254,0.0,0.0
2022-02-10 00:00:00-05:00,103.01886749267578,104.15093994140625,96.0,96.2264175415039,7196,0.0,0.0
2022-02-11 00:00:00-05:00,96.2264175415039,99.62264251708984,90.5660400390625,91.01886749267578,4838,0.0,0.0
2022-02-14 00:00:00-05:00,90.5660400390625,93.73584747314453,88.30188751220703,88.75471496582031,5906,0.0,0.0
2022-02-15 00:00:00-05:00,93.73584747314453,95.7735824584961,89.6603775024414,92.15093994140625,4258,0.0,0.0
2022-02-16 00:00:00-05:00,92.15093994140625,101.88679504394531,91.24528503417969,100.07546997070312,12114,0.0,0.0
2022-02-17 00:00:00-05:00,97.35848999023438,98.03773498535156,88.52830505371094,89.20755004882812,11154,0.0,0.0
2022-02-18 00:00:00-05:00,88.98113250732422,89.4339599609375,82.41509246826172,82.64151000976562,11141,0.0,0.0
2022-02-22 00:00:00-05:00,83.7735824584961,83.7735824584961,79.92453002929688,80.15093994140625,3922,0.0,0.0
2022-02-23 00:00:00-05:00,83.7735824584961,85.35848999023438,79.69811248779297,80.15093994140625,4022,0.0,0.0
2022-02-24 00:00:00-05:00,74.71697998046875,80.37735748291016,72.0,80.15093994140625,7587,0.0,0.0
2022-02-25 00:00:00-05:00,83.7735824584961,83.7735824584961,80.37735748291016,82.64151000976562,3512,0.0,0.0
2022-02-28 00:00:00-05:00,80.37735748291016,86.03773498535156,80.37735748291016,84.67924499511719,9493,0.0,0.0
2022-03-01 00:00:00-05:00,86.03773498535156,93.96226501464844,81.50943756103516,83.0943374633789,23834,0.0,0.0
2022-03-02 00:00:00-05:00,81.50943756103516,85.58490753173828,81.50943756103516,83.32075500488281,5907,0.0,0.0
2022-03-03 00:00:00-05:00,82.64151000976562,85.13207244873047,75.16980743408203,76.75471496582031,9117,0.0,0.0
2022-03-04 00:00:00-05:00,75.84906005859375,76.52830505371094,72.45282745361328,73.81131744384766,5694,0.0,0.0
2022-03-07 00:00:00-05:00,74.71697998046875,76.75471496582031,67.01886749267578,68.15093994140625,8418,0.0,0.0
2022-03-08 00:00:00-05:00,68.15093994140625,68.60377502441406,57.056602478027344,67.92453002929688,12085,0.0,0.0
2022-03-09 00:00:00-05:00,74.71697998046875,76.98113250732422,70.18868255615234,76.52830505371094,11631,0.0,0.0
2022-03-10 00:00:00-05:00,74.71697998046875,75.84906005859375,68.15093994140625,70.86792755126953,4797,0.0,0.0
2022-03-11 00:00:00-05:00,74.26415252685547,74.26415252685547,66.3396224975586,68.60377502441406,5046,0.0,0.0
2022-03-14 00:00:00-04:00,67.24528503417969,67.47169494628906,62.26415252685547,64.30188751220703,3981,0.0,0.0
2022-03-15 00:00:00-04:00,63.39622497558594,67.24528503417969,62.49056625366211,67.24528503417969,4434,0.0,0.0
2022-03-16 00:00:00-04:00,71.32075500488281,76.98113250732422,70.18868255615234,74.71697998046875,10533,0.0,0.0
2022-03-17 00:00:00-04:00,88.30188751220703,92.83019256591797,79.69811248779297,83.0943374633789,66680,0.0,0.0
2022-03-18 00:00:00-04:00,81.50943756103516,92.83019256591797,79.24528503417969,92.83019256591797,23150,0.0,0.0
2022-03-21 00:00:00-04:00,91.01886749267578,92.83019256591797,86.26415252685547,91.92453002929688,13241,0.0,0.0
2022-03-22 00:00:00-04:00,91.92453002929688,97.13207244873047,88.98113250732422,90.5660400390625,19317,0.0,0.0
2022-03-23 00:00:00-04:00,88.75471496582031,92.83019256591797,83.7735824584961,87.62264251708984,12362,0.0,0.0
2022-03-24 00:00:00-04:00,89.6603775024414,91.47169494628906,81.73584747314453,88.07546997070312,16740,0.0,0.0
2022-03-25 00:00:00-04:00,90.5660400390625,90.5660400390625,84.9056625366211,86.94339752197266,9264,0.0,0.0
2022-03-28 00:00:00-04:00,88.07546997070312,96.45282745361328,88.07546997070312,95.0943374633789,23373,0.0,0.0
2022-03-29 00:00:00-04:00,92.37735748291016,92.83019256591797,87.16980743408203,89.20755004882812,9635,0.0,0.0
2022-03-30 00:00:00-04:00,89.20755004882812,91.69811248779297,83.7735824584961,85.13207244873047,9093,0.0,0.0
2022-03-31 00:00:00-04:00,87.84906005859375,88.07546997070312,74.71697998046875,80.15093994140625,8115,0.0,0.0
2022-04-01 00:00:00-04:00,80.37735748291016,82.64151000976562,79.24528503417969,79.24528503417969,5174,0.0,0.0
2022-04-04 00:00:00-04:00,81.96226501464844,85.13207244873047,80.83019256591797,84.9056625366211,4776,0.0,0.0
2022-04-05 00:00:00-04:00,83.7735824584961,84.9056625366211,81.50943756103516,81.50943756103516,3629,0.0,0.0
2022-04-06 00:00:00-04:00,81.28302001953125,81.28302001953125,76.98113250732422,77.4339599609375,3104,0.0,0.0
2022-04-07 00:00:00-04:00,76.75471496582031,76.98113250732422,70.64151000976562,71.7735824584961,7340,0.0,0.0
2022-04-08 00:00:00-04:00,70.86792755126953,73.58490753173828,70.18868255615234,72.0,2315,0.0,0.0
2022-04-11 00:00:00-04:00,71.54717254638672,71.54717254638672,68.60377502441406,70.86792755126953,2950,0.0,0.0
2022-04-12 00:00:00-04:00,72.67924499511719,73.13207244873047,70.41509246826172,70.41509246826172,2685,0.0,0.0
2022-04-13 00:00:00-04:00,72.2264175415039,74.71697998046875,70.18868255615234,71.7735824584961,1861,0.0,0.0
2022-04-14 00:00:00-04:00,90.79244995117188,95.0943374633789,77.20755004882812,77.20755004882812,164442,0.0,0.0
2022-04-18 00:00:00-04:00,73.35848999023438,79.24528503417969,68.60377502441406,72.0,20396,0.0,0.0
2022-04-19 00:00:00-04:00,70.64151000976562,77.88679504394531,70.18868255615234,74.03773498535156,12620,0.0,0.0
2022-04-20 00:00:00-04:00,72.45282745361328,74.49056243896484,70.64151000976562,72.45282745361328,5508,0.0,0.0
2022-04-21 00:00:00-04:00,74.49056243896484,74.71697998046875,71.7735824584961,72.2264175415039,4781,0.0,0.0
2022-04-22 00:00:00-04:00,72.45282745361328,74.26415252685547,71.32075500488281,72.2264175415039,11240,0.0,0.0
2022-04-25 00:00:00-04:00,68.15093994140625,72.45282745361328,67.92453002929688,71.0943374633789,5620,0.0,0.0
2022-04-26 00:00:00-04:00,70.86792755126953,72.0,68.37735748291016,68.60377502441406,5307,0.0,0.0
2022-04-27 00:00:00-04:00,69.73584747314453,72.2264175415039,68.60377502441406,70.41509246826172,4544,0.0,0.0
2022-04-28 00:00:00-04:00,71.32075500488281,76.30188751220703,70.41509246826172,73.81131744384766,8984,0.0,0.0
2022-04-29 00:00:00-04:00,72.45282745361328,75.84906005859375,70.18868255615234,75.39622497558594,4133,0.0,0.0
2022-05-02 00:00:00-04:00,74.49056243896484,76.98113250732422,72.0,76.98113250732422,4915,0.0,0.0
2022-05-03 00:00:00-04:00,76.75471496582031,78.11320495605469,74.26415252685547,74.94339752197266,1995,0.0,0.0
2022-05-04 00:00:00-04:00,76.98113250732422,76.98113250732422,72.9056625366211,74.94339752197266,2950,0.0,0.0
2022-05-05 00:00:00-04:00,73.81131744384766,75.16980743408203,69.50943756103516,71.32075500488281,3833,0.0,0.0
2022-05-06 00:00:00-04:00,70.18868255615234,70.41509246826172,67.92453002929688,70.18868255615234,4194,0.0,0.0
2022-05-09 00:00:00-04:00,68.83019256591797,69.73584747314453,61.358489990234375,65.88679504394531,5488,0.0,0.0
2022-05-10 00:00:00-04:00,66.5660400390625,69.96226501464844,61.58490753173828,65.6603775024414,3305,0.0,0.0
2022-05-11 00:00:00-04:00,63.39622497558594,72.45282745361328,58.867923736572266,59.09434127807617,15983,0.0,0.0
2022-05-12 00:00:00-04:00,61.132076263427734,63.39622497558594,58.867923736572266,60.22641372680664,20390,0.0,0.0
2022-05-13 00:00:00-04:00,61.132076263427734,63.39622497558594,59.09434127807617,59.77358627319336,5735,0.0,0.0
2022-05-16 00:00:00-04:00,62.26415252685547,65.20755004882812,61.132076263427734,62.943397521972656,5476,0.0,0.0
2022-05-17 00:00:00-04:00,66.79244995117188,71.7735824584961,63.39622497558594,70.64151000976562,5431,0.0,0.0
2022-05-18 00:00:00-04:00,69.50943756103516,72.45282745361328,67.92453002929688,70.18868255615234,4814,0.0,0.0
2022-05-19 00:00:00-04:00,68.15093994140625,73.13207244873047,67.92453002929688,72.67924499511719,3134,0.0,0.0
2022-05-20 00:00:00-04:00,70.64151000976562,73.58490753173828,68.37735748291016,72.45282745361328,4040,0.0,0.0
2022-05-23 00:00:00-04:00,68.83019256591797,72.9056625366211,67.92453002929688,72.2264175415039,2666,0.0,0.0
2022-05-24 00:00:00-04:00,70.18868255615234,72.45282745361328,67.92453002929688,70.18868255615234,3161,0.0,0.0
2022-05-25 00:00:00-04:00,67.92453002929688,76.98113250732422,67.92453002929688,73.58490753173828,6326,0.0,0.0
2022-05-26 00:00:00-04:00,72.45282745361328,75.39622497558594,70.64151000976562,73.81131744384766,7541,0.0,0.0
2022-05-27 00:00:00-04:00,72.67924499511719,75.84906005859375,72.45282745361328,74.49056243896484,4397,0.0,0.0
2022-05-31 00:00:00-04:00,74.71697998046875,76.98113250732422,73.81131744384766,76.98113250732422,1244,0.0,0.0
2022-06-01 00:00:00-04:00,74.71697998046875,77.88679504394531,74.71697998046875,76.07546997070312,2429,0.0,0.0
2022-06-02 00:00:00-04:00,74.71697998046875,79.24528503417969,74.71697998046875,75.84906005859375,3108,0.0,0.0
2022-06-03 00:00:00-04:00,78.3396224975586,84.67924499511719,76.98113250732422,83.32075500488281,8387,0.0,0.0
2022-06-06 00:00:00-04:00,86.03773498535156,92.83019256591797,86.03773498535156,91.24528503417969,10431,0.0,0.0
2022-06-07 00:00:00-04:00,90.5660400390625,92.83019256591797,83.7735824584961,84.45282745361328,14195,0.0,0.0
2022-06-08 00:00:00-04:00,87.16980743408203,89.6603775024414,86.03773498535156,87.39622497558594,6111,0.0,0.0
2022-06-09 00:00:00-04:00,87.39622497558594,335.0943298339844,83.7735824584961,253.58489990234375,1222694,0.0,0.0
2022-06-10 00:00:00-04:00,237.73585510253906,369.0566101074219,202.41510009765625,294.3396301269531,360248,0.0,0.0
2022-06-13 00:00:00-04:00,305.6603698730469,332.8302001953125,271.6981201171875,314.71697998046875,107871,0.0,0.0
2022-06-14 00:00:00-04:00,292.0754699707031,303.1697998046875,233.20755004882812,251.3207550048828,35349,0.0,0.0
2022-06-15 00:00:00-04:00,278.4905700683594,294.3396301269531,253.58489990234375,258.11322021484375,20700,0.0,0.0
2022-06-16 00:00:00-04:00,264.9056701660156,328.3018798828125,249.05661010742188,253.58489990234375,84122,0.0,0.0
2022-06-17 00:00:00-04:00,276.2264099121094,278.4905700683594,237.73585510253906,237.73585510253906,23540,0.0,0.0
2022-06-21 00:00:00-04:00,251.3207550048828,271.6981201171875,249.05661010742188,255.84906005859375,12715,0.0,0.0
2022-06-22 00:00:00-04:00,255.84906005859375,289.8113098144531,244.52830505371094,258.11322021484375,21112,0.0,0.0
2022-06-23 00:00:00-04:00,251.3207550048828,294.3396301269531,249.05661010742188,278.4905700683594,12242,0.0,0.0
2022-06-24 00:00:00-04:00,312.45281982421875,312.45281982421875,224.15093994140625,233.20755004882812,29133,0.0,0.0
2022-06-27 00:00:00-04:00,287.54718017578125,289.8113098144531,147.6226348876953,151.6981201171875,72191,0.0,0.0
2022-06-28 00:00:00-04:00,151.6981201171875,153.73585510253906,134.71697998046875,142.64151000976562,19572,0.0,0.0
2022-06-29 00:00:00-04:00,136.52830505371094,147.16981506347656,135.84906005859375,142.1886749267578,8438,0.0,0.0
2022-06-30 00:00:00-04:00,135.6226348876953,150.79244995117188,135.6226348876953,146.03773498535156,5513,0.0,0.0
2022-07-01 00:00:00-04:00,140.3773651123047,151.2452850341797,140.3773651123047,147.16981506347656,2463,0.0,0.0
2022-07-05 00:00:00-04:00,142.64151000976562,156.22640991210938,142.64151000976562,151.92453002929688,5249,0.0,0.0
2022-07-06 00:00:00-04:00,150.33963012695312,158.26414489746094,129.73585510253906,134.94338989257812,41137,0.0,0.0
2022-07-07 00:00:00-04:00,141.50942993164062,158.49057006835938,140.60377502441406,154.64151000976562,14978,0.0,0.0
2022-07-08 00:00:00-04:00,152.83018493652344,165.28302001953125,151.6981201171875,155.77359008789062,6946,0.0,0.0
2022-07-11 00:00:00-04:00,151.6981201171875,154.41510009765625,147.16981506347656,151.6981201171875,5295,0.0,0.0
2022-07-12 00:00:00-04:00,148.3018798828125,151.6981201171875,146.71697998046875,151.2452850341797,1844,0.0,0.0
2022-07-13 00:00:00-04:00,142.64151000976562,201.50942993164062,142.64151000976562,187.92453002929688,43574,0.0,0.0
2022-07-14 00:00:00-04:00,174.33963012695312,192.4528350830078,170.26414489746094,192.4528350830078,11914,0.0,0.0
2022-07-15 00:00:00-04:00,186.1132049560547,255.84906005859375,185.8867950439453,246.79244995117188,13209,0.0,0.0
2022-07-18 00:00:00-04:00,246.79244995117188,260.3773498535156,230.94338989257812,258.11322021484375,11944,0.0,0.0
2022-07-19 00:00:00-04:00,255.84906005859375,283.01885986328125,242.26414489746094,283.01885986328125,13699,0.0,0.0
2022-07-20 00:00:00-04:00,280.7547302246094,298.867919921875,278.4905700683594,296.603759765625,10643,0.0,0.0
2022-07-21 00:00:00-04:00,285.28302001953125,298.867919921875,276.2264099121094,298.867919921875,4394,0.0,0.0
2022-07-22 00:00:00-04:00,298.867919921875,305.6603698730469,290.0377502441406,301.132080078125,4246,0.0,0.0
2022-07-25 00:00:00-04:00,292.0754699707031,298.867919921875,280.7547302246094,289.8113098144531,2941,0.0,0.0
2022-07-26 00:00:00-04:00,283.01885986328125,301.132080078125,274.867919921875,292.0754699707031,3245,0.0,0.0
2022-07-27 00:00:00-04:00,289.8113098144531,326.0377502441406,289.8113098144531,323.7735900878906,12038,0.0,0.0
2022-07-28 00:00:00-04:00,321.5094299316406,333.9622497558594,312.45281982421875,328.3018798828125,3837,0.0,0.0
2022-07-29 00:00:00-04:00,328.3018798828125,337.3584899902344,323.7735900878906,330.5660400390625,4699,0.0,0.0
2022-08-01 00:00:00-04:00,316.98114013671875,319.2452697753906,243.39622497558594,264.9056701660156,8242,0.0,0.0
2022-08-02 00:00:00-04:00,262.6415100097656,303.396240234375,255.84906005859375,296.603759765625,4799,0.0,0.0
2022-08-03 00:00:00-04:00,287.54718017578125,316.98114013671875,283.01885986328125,316.98114013671875,4415,0.0,0.0
2022-08-04 00:00:00-04:00,312.45281982421875,321.5094299316406,303.396240234375,314.71697998046875,3063,0.0,0.0
2022-08-05 00:00:00-04:00,314.71697998046875,328.3018798828125,307.9245300292969,323.7735900878906,4663,0.0,0.0
2022-08-08 00:00:00-04:00,330.5660400390625,332.8302001953125,311.32073974609375,321.5094299316406,3428,0.0,0.0
2022-08-09 00:00:00-04:00,301.132080078125,316.98114013671875,285.28302001953125,287.54718017578125,4947,0.0,0.0
2022-08-10 00:00:00-04:00,296.603759765625,312.45281982421875,287.54718017578125,312.45281982421875,3463,0.0,0.0
2022-08-11 00:00:00-04:00,303.396240234375,323.7735900878906,303.396240234375,316.98114013671875,3504,0.0,0.0
2022-08-12 00:00:00-04:00,319.2452697753906,335.0943298339844,314.71697998046875,326.0377502441406,4433,0.0,0.0
2022-08-15 00:00:00-04:00,319.2452697753906,324.9056701660156,298.867919921875,303.396240234375,3530,0.0,0.0
2022-08-16 00:00:00-04:00,298.867919921875,319.2452697753906,294.3396301269531,319.2452697753906,3629,0.0,0.0
2022-08-17 00:00:00-04:00,307.9245300292969,335.0943298339844,307.9245300292969,330.5660400390625,4626,0.0,0.0
2022-08-18 00:00:00-04:00,330.5660400390625,330.5660400390625,303.396240234375,310.1886901855469,3597,0.0,0.0
2022-08-19 00:00:00-04:00,310.1886901855469,319.2452697753906,289.8113098144531,303.396240234375,3034,0.0,0.0
2022-08-22 00:00:00-04:00,292.0754699707031,312.45281982421875,280.7547302246094,312.45281982421875,3475,0.0,0.0
2022-08-23 00:00:00-04:00,301.132080078125,303.396240234375,289.8113098144531,303.396240234375,2886,0.0,0.0
2022-08-24 00:00:00-04:00,301.132080078125,312.45281982421875,294.3396301269531,312.45281982421875,3266,0.0,0.0
2022-08-25 00:00:00-04:00,312.45281982421875,330.5660400390625,306.7924499511719,328.3018798828125,3406,0.0,0.0
2022-08-26 00:00:00-04:00,319.2452697753906,341.88677978515625,296.603759765625,310.1886901855469,5275,0.0,0.0
2022-08-29 00:00:00-04:00,296.603759765625,328.3018798828125,294.7924499511719,326.0377502441406,3374,0.0,0.0
2022-08-30 00:00:00-04:00,316.98114013671875,335.0943298339844,314.71697998046875,323.7735900878906,2962,0.0,0.0
2022-08-31 00:00:00-04:00,330.5660400390625,330.5660400390625,305.6603698730469,314.71697998046875,2856,0.0,0.0
2022-09-01 00:00:00-04:00,305.6603698730469,319.2452697753906,298.867919921875,310.1886901855469,3007,0.0,0.0
2022-09-02 00:00:00-04:00,305.6603698730469,319.2452697753906,289.8113098144531,305.6603698730469,3867,0.0,0.0
2022-09-06 00:00:00-04:00,296.603759765625,310.1886901855469,292.0754699707031,303.396240234375,2966,0.0,0.0
2022-09-07 00:00:00-04:00,298.867919921875,310.1886901855469,294.7924499511719,303.396240234375,2476,0.0,0.0
2022-09-08 00:00:00-04:00,296.603759765625,303.396240234375,289.8113098144531,294.3396301269531,2446,0.0,0.0
2022-09-09 00:00:00-04:00,294.3396301269531,323.7735900878906,294.3396301269531,321.5094299316406,4280,0.0,0.0
2022-09-12 00:00:00-04:00,323.7735900878906,350.9433898925781,318.11322021484375,339.6226501464844,6069,0.0,0.0
2022-09-13 00:00:00-04:00,332.8302001953125,373.58489990234375,319.2452697753906,357.73583984375,5497,0.0,0.0
2022-09-14 00:00:00-04:00,357.73583984375,357.73583984375,326.0377502441406,326.0377502441406,2967,0.0,0.0
2022-09-15 00:00:00-04:00,326.0377502441406,332.8302001953125,318.11322021484375,330.5660400390625,2367,0.0,0.0
2022-09-16 00:00:00-04:00,321.5094299316406,335.0943298339844,305.6603698730469,328.3018798828125,4423,0.0,0.0
2022-09-19 00:00:00-04:00,312.45281982421875,323.7735900878906,292.0754699707031,310.1886901855469,2483,0.0,0.0
2022-09-20 00:00:00-04:00,310.1886901855469,500.3773498535156,296.603759765625,498.3396301269531,11642,0.0,0.0
2022-09-21 00:00:00-04:00,375.84906005859375,425.6603698730469,350.9433898925781,380.3773498535156,14043,0.0,0.0
2022-09-22 00:00:00-04:00,378.11322021484375,410.9433898925781,369.0566101074219,396.2264099121094,11818,0.0,0.0
2022-09-23 00:00:00-04:00,389.4339599609375,418.867919921875,348.67926025390625,362.26416015625,7368,0.0,0.0
2022-09-26 00:00:00-04:00,360.0,375.84906005859375,104.15093994140625,113.88679504394531,115786,0.0,0.0
2022-09-27 00:00:00-04:00,133.58489990234375,145.132080078125,110.94339752197266,135.84906005859375,64596,0.0,0.0
2022-09-28 00:00:00-04:00,124.52830505371094,187.92453002929688,122.26415252685547,146.03773498535156,107838,0.0,0.0
2022-09-29 00:00:00-04:00,135.6226348876953,158.49057006835938,122.26415252685547,134.94338989257812,58020,0.0,0.0
2022-09-30 00:00:00-04:00,126.79244995117188,126.79244995117188,106.41509246826172,108.67924499511719,37389,0.0,0.0
2022-10-03 00:00:00-04:00,104.60377502441406,113.20755004882812,88.52830505371094,90.11320495605469,41341,0.0,0.0
2022-10-04 00:00:00-04:00,89.88679504394531,89.88679504394531,72.45282745361328,74.71697998046875,54132,0.0,0.0
2022-10-05 00:00:00-04:00,72.45282745361328,72.45282745361328,61.132076263427734,61.58490753173828,53891,0.0,0.0
2022-10-06 00:00:00-04:00,63.39622497558594,64.52830505371094,59.09434127807617,62.03773498535156,82217,0.0,0.0
2022-10-07 00:00:00-04:00,61.132076263427734,61.132076263427734,57.28302001953125,58.867923736572266,19954,0.0,0.0
2022-10-10 00:00:00-04:00,60.0,60.90565872192383,56.60377502441406,57.056602478027344,22203,0.0,0.0
2022-10-11 00:00:00-04:00,56.60377502441406,56.60377502441406,50.943397521972656,52.07547378540039,25434,0.0,0.0
2022-10-12 00:00:00-04:00,51.849056243896484,52.07547378540039,45.28302001953125,46.18867874145508,42374,0.0,0.0
2022-10-13 00:00:00-04:00,43.01886749267578,46.867923736572266,42.566036224365234,43.24528121948242,47784,0.0,0.0
2022-10-14 00:00:00-04:00,43.47169876098633,47.54716873168945,40.75471878051758,42.11320877075195,79767,0.0,0.0
2022-10-17 00:00:00-04:00,42.11320877075195,54.339622497558594,41.20754623413086,43.92452621459961,155998,0.0,0.0
2022-10-18 00:00:00-04:00,47.09434127807617,48.0,44.150943756103516,44.60377502441406,58332,0.0,0.0
2022-10-19 00:00:00-04:00,44.150943756103516,44.150943756103516,39.849056243896484,41.433963775634766,49268,0.0,0.0
2022-10-20 00:00:00-04:00,41.433963775634766,41.660377502441406,38.71697998046875,39.849056243896484,21912,0.0,0.0
2022-10-21 00:00:00-04:00,38.49056625366211,39.1698112487793,36.45283126831055,38.03773498535156,22455,0.0,0.0
2022-10-24 00:00:00-04:00,38.26415252685547,38.26415252685547,30.566038131713867,33.28302001953125,47792,0.0,0.0
2022-10-25 00:00:00-04:00,33.28302001953125,35.09434127807617,31.69811248779297,34.41509246826172,34533,0.0,0.0
2022-10-26 00:00:00-04:00,34.867923736572266,34.867923736572266,31.924528121948242,32.60377502441406,33301,0.0,0.0
2022-10-27 00:00:00-04:00,33.50943374633789,38.03773498535156,32.8301887512207,36.90565872192383,29586,0.0,0.0
2022-10-28 00:00:00-04:00,37.132076263427734,41.433963775634766,36.67924499511719,39.622642517089844,36034,0.0,0.0
2022-10-31 00:00:00-04:00,41.88679122924805,41.88679122924805,36.22641372680664,36.67924499511719,30903,0.0,0.0
2022-11-01 00:00:00-04:00,37.358489990234375,38.03773498535156,33.96226501464844,35.32075500488281,25141,0.0,0.0
2022-11-02 00:00:00-04:00,33.96226501464844,35.32075500488281,31.924528121948242,31.924528121948242,26297,0.0,0.0
2022-11-03 00:00:00-04:00,33.056602478027344,33.96226501464844,31.69811248779297,31.69811248779297,26306,0.0,0.0
2022-11-04 00:00:00-04:00,32.8301887512207,35.09434127807617,32.150943756103516,33.96226501464844,20009,0.0,0.0
2022-11-07 00:00:00-05:00,34.41509246826172,34.641510009765625,32.60377502441406,33.50943374633789,13701,0.0,0.0
2022-11-08 00:00:00-05:00,33.28302001953125,34.641510009765625,31.924528121948242,32.150943756103516,21022,0.0,0.0
2022-11-09 00:00:00-05:00,32.60377502441406,32.60377502441406,27.39622688293457,28.30188751220703,25432,0.0,0.0
2022-11-10 00:00:00-05:00,28.528301239013672,30.566038131713867,28.528301239013672,30.566038131713867,14443,0.0,0.0
2022-11-11 00:00:00-05:00,32.150943756103516,35.32075500488281,30.566038131713867,33.96226501464844,24236,0.0,0.0
2022-11-14 00:00:00-05:00,34.641510009765625,38.03773498535156,34.641510009765625,34.641510009765625,22923,0.0,0.0
2022-11-15 00:00:00-05:00,35.77358627319336,37.58490753173828,34.867923736572266,37.358489990234375,16460,0.0,0.0
2022-11-16 00:00:00-05:00,37.58490753173828,37.58490753173828,33.96226501464844,33.96226501464844,12588,0.0,0.0
2022-11-17 00:00:00-05:00,33.73584747314453,33.96226501464844,31.924528121948242,33.73584747314453,11074,0.0,0.0
2022-11-18 00:00:00-05:00,33.96226501464844,33.96226501464844,31.69811248779297,32.150943756103516,12185,0.0,0.0
2022-11-21 00:00:00-05:00,32.150943756103516,32.8301887512207,29.886791229248047,31.245283126831055,9169,0.0,0.0
2022-11-22 00:00:00-05:00,31.245283126831055,31.924528121948242,29.886791229248047,30.566038131713867,8006,0.0,0.0
2022-11-23 00:00:00-05:00,31.01886749267578,31.471698760986328,30.113208770751953,30.566038131713867,9073,0.0,0.0
2022-11-25 00:00:00-05:00,31.245283126831055,32.8301887512207,30.339622497558594,31.69811248779297,5827,0.0,0.0
2022-11-28 00:00:00-05:00,33.73584747314453,33.96226501464844,31.69811248779297,31.69811248779297,7723,0.0,0.0
2022-11-29 00:00:00-05:00,30.79245376586914,33.28302001953125,30.79245376586914,31.69811248779297,14652,0.0,0.0
2022-11-30 00:00:00-05:00,31.69811248779297,35.77358627319336,30.79245376586914,30.79245376586914,38067,0.0,0.0
2022-12-01 00:00:00-05:00,32.150943756103516,32.8301887512207,31.01886749267578,31.69811248779297,12212,0.0,0.0
2022-12-02 00:00:00-05:00,31.471698760986328,32.150943756103516,30.339622497558594,31.69811248779297,15836,0.0,0.0
2022-12-05 00:00:00-05:00,30.79245376586914,32.8301887512207,30.79245376586914,30.79245376586914,13197,0.0,0.0
2022-12-06 00:00:00-05:00,31.69811248779297,31.69811248779297,27.622642517089844,28.075471878051758,31164,0.0,0.0
2022-12-07 00:00:00-05:00,27.622642517089844,28.754716873168945,23.320755004882812,24.679244995117188,31908,0.0,0.0
2022-12-08 00:00:00-05:00,24.90566062927246,27.169811248779297,24.0,25.358491897583008,93970,0.0,0.0
2022-12-09 00:00:00-05:00,32.150943756103516,32.150943756103516,23.773584365844727,24.0,246684,0.0,0.0
2022-12-12 00:00:00-05:00,22.641508102416992,22.641508102416992,20.377357482910156,20.830188751220703,82975,0.0,0.0
2022-12-13 00:00:00-05:00,23.547170639038086,23.773584365844727,20.60377311706543,21.50943374633789,107882,0.0,0.0
2022-12-14 00:00:00-05:00,21.50943374633789,22.641508102416992,20.377357482910156,21.50943374633789,36963,0.0,0.0
2022-12-15 00:00:00-05:00,21.735849380493164,21.735849380493164,20.60377311706543,21.283018112182617,33315,0.0,0.0
2022-12-16 00:00:00-05:00,21.056604385375977,21.056604385375977,18.113208770751953,18.113208770751953,36789,0.0,0.0
2022-12-19 00:00:00-05:00,19.471698760986328,20.377357482910156,18.79245376586914,19.924528121948242,34142,0.0,0.0
2022-12-20 00:00:00-05:00,20.830188751220703,24.679244995117188,19.924528121948242,21.962263107299805,71510,0.0,0.0
2022-12-21 00:00:00-05:00,22.188678741455078,29.433961868286133,20.377357482910156,28.528301239013672,58731,0.0,0.0
2022-12-22 00:00:00-05:00,25.358491897583008,26.49056625366211,23.320755004882812,24.90566062927246,28292,0.0,0.0
2022-12-23 00:00:00-05:00,25.358491897583008,25.358491897583008,23.547170639038086,24.452829360961914,13790,0.0,0.0
2022-12-27 00:00:00-05:00,23.773584365844727,24.0,21.50943374633789,21.735849380493164,19171,0.0,0.0
2022-12-28 00:00:00-05:00,22.188678741455078,22.8679256439209,20.377357482910156,21.056604385375977,15478,0.0,0.0
2022-12-29 00:00:00-05:00,20.830188751220703,23.320755004882812,20.830188751220703,21.962263107299805,20133,0.0,0.0
2022-12-30 00:00:00-05:00,22.641508102416992,22.8679256439209,21.50943374633789,22.641508102416992,10877,0.0,0.0
2023-01-03 00:00:00-05:00,23.547170639038086,24.452829360961914,22.641508102416992,24.226415634155273,11852,0.0,0.0
2023-01-04 00:00:00-05:00,23.773584365844727,26.49056625366211,23.547170639038086,24.90566062927246,21917,0.0,0.0
2023-01-05 00:00:00-05:00,27.849056243896484,27.849056243896484,24.0,24.90566062927246,37436,0.0,0.0
2023-01-06 00:00:00-05:00,23.773584365844727,24.226415634155273,22.641508102416992,22.8679256439209,25379,0.0,0.0
2023-01-09 00:00:00-05:00,23.547170639038086,26.037736892700195,23.320755004882812,24.679244995117188,20962,0.0,0.0
2023-01-10 00:00:00-05:00,24.226415634155273,26.037736892700195,24.0,24.90566062927246,24644,0.0,0.0
2023-01-11 00:00:00-05:00,23.09433937072754,25.811321258544922,23.09433937072754,25.1320743560791,15851,0.0,0.0
2023-01-12 00:00:00-05:00,25.811321258544922,30.566038131713867,25.1320743560791,29.433961868286133,91478,0.0,0.0
2023-01-13 00:00:00-05:00,30.113208770751953,32.8301887512207,28.98113250732422,31.01886749267578,62245,0.0,0.0
2023-01-17 00:00:00-05:00,32.60377502441406,32.8301887512207,27.169811248779297,28.754716873168945,45051,0.0,0.0
2023-01-18 00:00:00-05:00,29.433961868286133,30.566038131713867,27.169811248779297,28.528301239013672,26264,0.0,0.0
2023-01-19 00:00:00-05:00,27.849056243896484,28.075471878051758,26.264150619506836,27.39622688293457,13473,0.0,0.0
2023-01-20 00:00:00-05:00,27.622642517089844,28.754716873168945,26.49056625366211,26.943395614624023,22352,0.0,0.0
2023-01-23 00:00:00-05:00,27.169811248779297,29.886791229248047,24.452829360961914,27.39622688293457,76066,0.0,0.0
2023-01-24 00:00:00-05:00,27.849056243896484,28.754716873168945,26.716981887817383,27.169811248779297,24418,0.0,0.0
2023-01-25 00:00:00-05:00,27.169811248779297,27.169811248779297,25.1320743560791,27.169811248779297,22309,0.0,0.0
2023-01-26 00:00:00-05:00,27.39622688293457,28.98113250732422,26.037736892700195,26.49056625366211,36739,0.0,0.0
2023-01-27 00:00:00-05:00,26.943395614624023,30.566038131713867,26.037736892700195,29.660377502441406,94282,0.0,0.0
2023-01-30 00:00:00-05:00,38.49056625366211,38.943397521972656,30.79245376586914,31.245283126831055,514161,0.0,0.0
2023-01-31 00:00:00-05:00,31.01886749267578,31.471698760986328,26.716981887817383,26.716981887817383,223617,0.0,0.0
2023-02-01 00:00:00-05:00,26.943395614624023,27.169811248779297,22.641508102416992,24.679244995117188,194183,0.0,0.0
2023-02-02 00:00:00-05:00,24.90566062927246,26.264150619506836,24.452829360961914,25.58490562438965,80334,0.0,0.0
2023-02-03 00:00:00-05:00,26.264150619506836,27.169811248779297,24.90566062927246,26.716981887817383,121777,0.0,0.0
2023-02-06 00:00:00-05:00,26.49056625366211,29.660377502441406,24.452829360961914,24.90566062927246,176535,0.0,0.0
2023-02-07 00:00:00-05:00,25.1320743560791,25.1320743560791,23.320755004882812,24.90566062927246,78429,0.0,0.0
2023-02-08 00:00:00-05:00,24.452829360961914,25.1320743560791,22.641508102416992,25.1320743560791,100237,0.0,0.0
2023-02-09 00:00:00-05:00,24.90566062927246,24.90566062927246,22.641508102416992,23.09433937072754,63045,0.0,0.0
2023-02-10 00:00:00-05:00,21.962263107299805,22.641508102416992,20.830188751220703,21.735849380493164,56755,0.0,0.0
2023-02-13 00:00:00-05:00,24.679244995117188,26.037736892700195,21.735849380493164,22.8679256439209,147484,0.0,0.0
2023-02-14 00:00:00-05:00,23.320755004882812,24.226415634155273,22.641508102416992,24.0,47411,0.0,0.0
2023-02-15 00:00:00-05:00,22.8679256439209,23.547170639038086,21.735849380493164,23.09433937072754,39814,0.0,0.0
2023-02-16 00:00:00-05:00,22.188678741455078,23.547170639038086,22.188678741455078,22.641508102416992,29986,0.0,0.0
2023-02-17 00:00:00-05:00,22.641508102416992,23.09433937072754,21.283018112182617,21.735849380493164,32846,0.0,0.0
2023-02-21 00:00:00-05:00,21.962263107299805,22.188678741455078,20.60377311706543,21.056604385375977,33789,0.0,0.0
2023-02-22 00:00:00-05:00,21.283018112182617,21.735849380493164,20.830188751220703,21.056604385375977,34730,0.0,0.0
2023-02-23 00:00:00-05:00,21.962263107299805,21.962263107299805,20.377357482910156,20.60377311706543,36137,0.0,0.0
2023-02-24 00:00:00-05:00,20.830188751220703,21.056604385375977,18.79245376586914,19.471698760986328,36319,0.0,0.0
2023-02-27 00:00:00-05:00,20.377357482910156,20.377357482910156,19.471698760986328,19.69811248779297,24550,0.0,0.0
2023-02-28 00:00:00-05:00,19.471698760986328,19.69811248779297,18.79245376586914,19.245283126831055,28499,0.0,0.0
2023-03-01 00:00:00-05:00,20.150943756103516,25.811321258544922,19.471698760986328,25.811321258544922,166881,0.0,0.0
2023-03-02 00:00:00-05:00,24.90566062927246,24.90566062927246,22.641508102416992,23.09433937072754,58921,0.0,0.0
2023-03-03 00:00:00-05:00,25.811321258544922,28.075471878051758,24.90566062927246,25.811321258544922,213633,0.0,0.0
2023-03-06 00:00:00-05:00,25.358491897583008,26.264150619506836,23.547170639038086,24.90566062927246,82249,0.0,0.0
2023-03-07 00:00:00-05:00,24.0,24.679244995117188,22.8679256439209,23.547170639038086,72915,0.0,0.0
2023-03-08 00:00:00-05:00,23.547170639038086,23.547170639038086,21.735849380493164,23.320755004882812,56697,0.0,0.0
2023-03-09 00:00:00-05:00,22.641508102416992,23.773584365844727,22.641508102416992,22.641508102416992,39264,0.0,0.0
2023-03-10 00:00:00-05:00,22.188678741455078,23.547170639038086,21.50943374633789,22.641508102416992,40090,0.0,0.0
2023-03-13 00:00:00-04:00,21.50943374633789,22.41509437561035,20.60377311706543,21.50943374633789,30784,0.0,0.0
2023-03-14 00:00:00-04:00,22.641508102416992,23.547170639038086,21.056604385375977,22.41509437561035,43990,0.0,0.0
2023-03-15 00:00:00-04:00,21.962263107299805,21.962263107299805,19.924528121948242,20.830188751220703,39178,0.0,0.0
2023-03-16 00:00:00-04:00,20.150943756103516,20.377357482910156,19.471698760986328,20.150943756103516,30736,0.0,0.0
2023-03-17 00:00:00-04:00,22.641508102416992,22.641508102416992,20.377357482910156,21.50943374633789,28368,0.0,0.0
2023-03-20 00:00:00-04:00,20.830188751220703,21.283018112182617,19.924528121948242,20.377357482910156,21791,0.0,0.0
2023-03-21 00:00:00-04:00,20.830188751220703,24.226415634155273,20.377357482910156,23.547170639038086,86912,0.0,0.0
2023-03-22 00:00:00-04:00,24.0,26.037736892700195,20.60377311706543,21.50943374633789,66323,0.0,0.0
2023-03-23 00:00:00-04:00,21.50943374633789,21.962263107299805,20.150943756103516,20.830188751220703,46194,0.0,0.0
2023-03-24 00:00:00-04:00,20.377357482910156,20.830188751220703,19.924528121948242,19.924528121948242,39789,0.0,0.0
2023-03-27 00:00:00-04:00,20.377357482910156,20.60377311706543,19.471698760986328,19.924528121948242,32466,0.0,0.0
2023-03-28 00:00:00-04:00,19.924528121948242,20.377357482910156,19.69811248779297,19.69811248779297,23461,0.0,0.0
2023-03-29 00:00:00-04:00,20.150943756103516,24.90566062927246,19.69811248779297,23.320755004882812,229397,0.0,0.0
2023-03-30 00:00:00-04:00,21.735849380493164,23.320755004882812,20.830188751220703,21.962263107299805,118515,0.0,0.0
2023-03-31 00:00:00-04:00,21.735849380493164,22.8679256439209,20.830188751220703,21.283018112182617,72906,0.0,0.0
2023-04-03 00:00:00-04:00,20.830188751220703,20.830188751220703,19.924528121948242,20.150943756103516,53715,0.0,0.0
2023-04-04 00:00:00-04:00,21.283018112182617,21.735849380493164,19.924528121948242,20.377357482910156,84449,0.0,0.0
2023-04-05 00:00:00-04:00,20.150943756103516,20.830188751220703,19.69811248779297,20.150943756103516,46051,0.0,0.0
2023-04-06 00:00:00-04:00,19.69811248779297,21.283018112182617,19.69811248779297,20.60377311706543,37339,0.0,0.0
2023-04-10 00:00:00-04:00,20.377357482910156,21.283018112182617,20.377357482910156,20.830188751220703,22369,0.0,0.0
2023-04-11 00:00:00-04:00,21.283018112182617,24.90566062927246,20.60377311706543,24.452829360961914,87706,0.0,0.0
2023-04-12 00:00:00-04:00,22.641508102416992,23.09433937072754,21.50943374633789,21.50943374633789,42290,0.0,0.0
2023-04-13 00:00:00-04:00,21.735849380493164,21.962263107299805,20.150943756103516,21.283018112182617,112540,0.0,0.0
2023-04-14 00:00:00-04:00,22.641508102416992,24.452829360961914,20.377357482910156,20.377357482910156,181216,0.0,0.0
2023-04-17 00:00:00-04:00,20.60377311706543,21.50943374633789,19.924528121948242,20.60377311706543,106712,0.0,0.0
2023-04-18 00:00:00-04:00,20.377357482910156,21.735849380493164,18.566038131713867,20.377357482910156,83410,0.0,0.0
2023-04-19 00:00:00-04:00,20.377357482910156,21.735849380493164,19.69811248779297,20.60377311706543,55025,0.0,0.0
2023-04-20 00:00:00-04:00,20.60377311706543,20.60377311706543,20.150943756103516,20.377357482910156,28107,0.0,0.0
2023-04-21 00:00:00-04:00,20.150943756103516,20.830188751220703,19.69811248779297,19.69811248779297,36092,0.0,0.0
2023-04-24 00:00:00-04:00,19.69811248779297,20.150943756103516,12.679244995117188,15.396225929260254,186794,0.0,0.0
2023-04-25 00:00:00-04:00,14.716980934143066,19.245283126831055,13.358490943908691,19.245283126831055,160993,0.0,0.0
2023-04-26 00:00:00-04:00,13.811321258544922,16.754716873168945,11.54716968536377,12.45283031463623,226708,0.0,0.0
2023-04-27 00:00:00-04:00,12.0,12.905659675598145,11.094340324401855,12.226414680480957,127185,0.0,0.0
2023-04-28 00:00:00-04:00,15.396225929260254,17.886791229248047,13.358490943908691,15.8490571975708,282031,0.0,0.0
2023-05-01 00:00:00-04:00,15.169811248779297,16.98113250732422,14.264150619506836,16.528301239013672,89371,0.0,0.0
2023-05-02 00:00:00-04:00,17.886791229248047,18.113208770751953,14.49056625366211,15.169811248779297,66631,0.0,0.0
2023-05-03 00:00:00-04:00,14.943395614624023,15.169811248779297,14.037735939025879,14.716980934143066,33659,0.0,0.0
2023-05-04 00:00:00-04:00,15.396225929260254,15.396225929260254,14.037735939025879,14.943395614624023,33606,0.0,0.0
2023-05-05 00:00:00-04:00,14.49056625366211,14.943395614624023,10.415094375610352,14.264150619506836,59468,0.0,0.0
2023-05-08 00:00:00-04:00,13.358490943908691,13.584905624389648,12.45283031463623,13.358490943908691,22928,0.0,0.0
2023-05-09 00:00:00-04:00,13.132075309753418,13.358490943908691,12.45283031463623,13.132075309753418,21904,0.0,0.0
2023-05-10 00:00:00-04:00,12.905659675598145,14.264150619506836,11.773585319519043,13.584905624389648,60314,0.0,0.0
2023-05-11 00:00:00-04:00,12.905659675598145,13.132075309753418,12.0,12.45283031463623,18276,0.0,0.0
2023-05-12 00:00:00-04:00,12.226414680480957,12.679244995117188,11.773585319519043,12.0,26280,0.0,0.0
2023-05-15 00:00:00-04:00,12.226414680480957,17.20754623413086,10.641509056091309,14.943395614624023,155540,0.0,0.0
2023-05-16 00:00:00-04:00,13.358490943908691,21.056604385375977,13.358490943908691,19.924528121948242,156744,0.0,0.0
2023-05-17 00:00:00-04:00,18.79245376586914,18.79245376586914,14.49056625366211,15.8490571975708,88022,0.0,0.0
2023-05-18 00:00:00-04:00,15.8490571975708,16.528301239013672,14.264150619506836,14.943395614624023,37796,0.0,0.0
2023-05-19 00:00:00-04:00,15.169811248779297,15.169811248779297,12.905659675598145,13.584905624389648,41546,0.0,0.0
2023-05-22 00:00:00-04:00,15.169811248779297,15.169811248779297,12.45283031463623,13.132075309753418,25532,0.0,0.0
2023-05-23 00:00:00-04:00,13.358490943908691,14.037735939025879,13.132075309753418,13.811321258544922,21755,0.0,0.0
2023-05-24 00:00:00-04:00,14.037735939025879,14.037735939025879,12.45283031463623,12.679244995117188,23327,0.0,0.0
2023-05-25 00:00:00-04:00,13.358490943908691,13.358490943908691,12.45283031463623,12.905659675598145,18131,0.0,0.0
2023-05-26 00:00:00-04:00,13.358490943908691,14.037735939025879,12.226414680480957,13.132075309753418,30914,0.0,0.0
2023-05-30 00:00:00-04:00,13.132075309753418,13.358490943908691,12.0,12.0,44789,0.0,0.0
2023-05-31 00:00:00-04:00,12.226414680480957,13.132075309753418,12.0,13.132075309753418,37517,0.0,0.0
2023-06-01 00:00:00-04:00,12.679244995117188,13.132075309753418,11.54716968536377,11.773585319519043,38266,0.0,0.0
2023-06-02 00:00:00-04:00,12.0,14.264150619506836,12.0,13.358490943908691,64593,0.0,0.0
2023-06-05 00:00:00-04:00,12.679244995117188,13.584905624389648,12.45283031463623,12.905659675598145,22233,0.0,0.0
2023-06-06 00:00:00-04:00,12.45283031463623,13.132075309753418,12.0,13.132075309753418,24842,0.0,0.0
2023-06-07 00:00:00-04:00,12.905659675598145,13.132075309753418,12.679244995117188,12.905659675598145,15203,0.0,0.0
2023-06-08 00:00:00-04:00,12.679244995117188,14.49056625366211,11.773585319519043,13.811321258544922,79456,0.0,0.0
2023-06-09 00:00:00-04:00,11.622641563415527,12.981131553649902,11.320755004882812,11.358490943908691,98130,0.0,0.03333333333333333
2023-06-12 00:00:00-04:00,10.716980934143066,11.056604385375977,9.962264060974121,10.415094375610352,84244,0.0,0.0
2023-06-13 00:00:00-04:00,10.641509056091309,10.943395614624023,9.811321258544922,10.264150619506836,82362,0.0,0.0
2023-06-14 00:00:00-04:00,10.33962345123291,11.471697807312012,10.113207817077637,10.188678741455078,74346,0.0,0.0
2023-06-15 00:00:00-04:00,10.415094375610352,10.792452812194824,10.037735939025879,10.188678741455078,31297,0.0,0.0
2023-06-16 00:00:00-04:00,10.264150619506836,11.698113441467285,10.037735939025879,11.698113441467285,91491,0.0,0.0
2023-06-20 00:00:00-04:00,11.169811248779297,11.320755004882812,9.811321258544922,10.641509056091309,66661,0.0,0.0
2023-06-21 00:00:00-04:00,10.49056625366211,11.54716968536377,10.188678741455078,11.169811248779297,41367,0.0,0.0
2023-06-22 00:00:00-04:00,11.094340324401855,11.169811248779297,10.037735939025879,10.566038131713867,33085,0.0,0.0
2023-06-23 00:00:00-04:00,10.264150619506836,11.018868446350098,10.113207817077637,10.792452812194824,29985,0.0,0.0
2023-06-26 00:00:00-04:00,10.49056625366211,11.094340324401855,10.113207817077637,10.792452812194824,23956,0.0,0.0
2023-06-27 00:00:00-04:00,10.566038131713867,11.622641563415527,10.33962345123291,11.396225929260254,26712,0.0,0.0
2023-06-28 00:00:00-04:00,11.094340324401855,11.094340324401855,7.396225929260254,7.547170162200928,272168,0.0,0.0
2023-06-29 00:00:00-04:00,7.6226420402526855,7.698112964630127,7.418868064880371,7.547170162200928,46296,0.0,0.0
2023-06-30 00:00:00-04:00,7.773584842681885,7.773584842681885,6.415093898773193,6.792452812194824,193622,0.0,0.0
2023-07-03 00:00:00-04:00,6.716980934143066,7.124527931213379,5.841508865356445,6.04528284072876,104026,0.0,0.0
2023-07-05 00:00:00-04:00,6.090566158294678,6.324528217315674,5.449057102203369,5.667924880981445,71457,0.0,0.0
2023-07-06 00:00:00-04:00,5.811320781707764,5.909433841705322,5.0188679695129395,5.283019065856934,153687,0.0,0.0
2023-07-07 00:00:00-04:00,5.207547187805176,5.207547187805176,4.664151191711426,4.762263774871826,122987,0.0,0.0
2023-07-10 00:00:00-04:00,4.905660152435303,5.056603908538818,3.962264060974121,4.0,332032,0.0,0.0
2023-07-11 00:00:00-04:00,4.0,4.067924976348877,3.3207550048828125,3.501887083053589,373451,0.0,0.0
2023-07-12 00:00:00-04:00,3.758491039276123,3.803774118423462,2.867924928665161,2.9358489513397217,731095,0.0,0.0
2023-07-13 00:00:00-04:00,2.875472068786621,3.396225929260254,2.649056911468506,3.2754719257354736,656233,0.0,0.0
2023-07-14 00:00:00-04:00,3.3660380840301514,3.3660380840301514,2.7169809341430664,2.890566110610962,251843,0.0,0.0
2023-07-17 00:00:00-04:00,2.890566110610962,2.9433960914611816,2.6415090560913086,2.6943399906158447,223475,0.0,0.0
2023-07-18 00:00:00-04:00,2.845283031463623,2.852829933166504,2.4905660152435303,2.618868112564087,254996,0.0,0.0
2023-07-19 00:00:00-04:00,2.618868112564087,3.0641510486602783,2.566037893295288,2.9056599140167236,248146,0.0,0.0
2023-07-20 00:00:00-04:00,2.9358489513397217,2.9735848903656006,2.5584909915924072,2.5584909915924072,197770,0.0,0.0
2023-07-21 00:00:00-04:00,2.5584909915924072,2.6415090560913086,2.384906053543091,2.384906053543091,205097,0.0,0.0
2023-07-24 00:00:00-04:00,2.4905660152435303,2.4905660152435303,2.256603956222534,2.264151096343994,188216,0.0,0.0
2023-07-25 00:00:00-04:00,2.3698110580444336,2.7018868923187256,2.2490570545196533,2.7018868923187256,305055,0.0,0.0
2023-07-26 00:00:00-04:00,2.7471699714660645,2.7471699714660645,2.264151096343994,2.301887035369873,286425,0.0,0.0
2023-07-27 00:00:00-04:00,2.339622974395752,2.339622974395752,2.0528299808502197,2.0981130599975586,275163,0.0,0.0
2023-07-28 00:00:00-04:00,2.045283079147339,2.0981130599975586,1.9245280027389526,1.969810962677002,202990,0.0,0.0
2023-07-31 00:00:00-04:00,1.9773579835891724,2.339622974395752,1.9547170400619507,2.226414918899536,294097,0.0,0.0
2023-08-01 00:00:00-04:00,2.113208055496216,2.4150938987731934,2.113208055496216,2.3698110580444336,127982,0.0,0.0
2023-08-02 00:00:00-04:00,2.3924529552459717,2.3924529552459717,1.9773579835891724,2.067924976348877,204832,0.0,0.0
2023-08-03 00:00:00-04:00,2.037735939025879,2.1811320781707764,1.9622639417648315,1.9622639417648315,177855,0.0,0.0
2023-08-04 00:00:00-04:00,1.9773579835891724,2.015094041824341,1.8867919445037842,1.8867919445037842,196577,0.0,0.0
2023-08-07 00:00:00-04:00,1.8867919445037842,1.9622639417648315,1.5698109865188599,1.660377025604248,345176,0.0,0.0
2023-08-08 00:00:00-04:00,1.6301889419555664,1.6301889419555664,1.260377049446106,1.388679027557373,299874,0.0,0.0
2023-08-09 00:00:00-04:00,1.3584909439086914,1.4037740230560303,1.2905659675598145,1.3811320066452026,155635,0.0,0.0
2023-08-10 00:00:00-04:00,1.4037740230560303,1.4188679456710815,1.2981129884719849,1.3584909439086914,103562,0.0,0.0
2023-08-11 00:00:00-04:00,1.3207550048828125,1.3509429693222046,1.1924530267715454,1.2528300285339355,139589,0.0,0.0
2023-08-14 00:00:00-04:00,1.3056600093841553,3.388679027557373,1.2528300285339355,2.1358489990234375,13156641,0.0,0.0
2023-08-15 00:00:00-04:00,1.9396229982376099,1.9849059581756592,1.4188679456710815,1.554716944694519,1103685,0.0,0.0
2023-08-16 00:00:00-04:00,1.3584909439086914,1.5396230220794678,1.2301889657974243,1.3811320066452026,798154,0.0,0.0
2023-08-17 00:00:00-04:00,1.3584909439086914,1.426414966583252,1.3207550048828125,1.3584909439086914,237652,0.0,0.0
2023-08-18 00:00:00-04:00,1.328302025794983,1.698112964630127,1.3207550048828125,1.4339619874954224,460504,0.0,0.0
2023-08-21 00:00:00-04:00,1.3962260484695435,1.584905982017517,1.3962260484695435,1.5018869638442993,250915,0.0,0.0
2023-08-22 00:00:00-04:00,1.4716980457305908,1.6528300046920776,1.4716980457305908,1.6528300046920776,186865,0.0,0.0
2023-08-23 00:00:00-04:00,1.6452829837799072,1.7886790037155151,1.554716944694519,1.7358490228652954,282623,0.0,0.0
2023-08-24 00:00:00-04:00,1.7509429454803467,1.8113210201263428,1.554716944694519,1.8037739992141724,207204,0.0,0.0
2023-08-25 00:00:00-04:00,1.8867919445037842,1.8867919445037842,1.600000023841858,1.7509429454803467,124550,0.0,0.0
2023-08-28 00:00:00-04:00,1.7132079601287842,1.8792450428009033,1.660377025604248,1.8641510009765625,199479,0.0,0.0
2023-08-29 00:00:00-04:00,1.9547170400619507,2.0981130599975586,1.8641510009765625,1.9245280027389526,242899,0.0,0.0
2023-08-30 00:00:00-04:00,1.9245280027389526,1.9396229982376099,1.7509429454803467,1.8792450428009033,139271,0.0,0.0
2023-08-31 00:00:00-04:00,1.8792450428009033,2.1811320781707764,1.8113210201263428,2.007546901702881,154084,0.0,0.0
2023-09-01 00:00:00-04:00,1.9622639417648315,2.075472116470337,1.8641510009765625,1.8867919445037842,99852,0.0,0.0
2023-09-05 00:00:00-04:00,1.8339619636535645,1.9547170400619507,1.4716980457305908,1.5471700429916382,201904,0.0,0.0
2023-09-06 00:00:00-04:00,1.584905982017517,1.6754720211029053,1.554716944694519,1.6452829837799072,67880,0.0,0.0
2023-09-07 00:00:00-04:00,1.6075470447540283,1.660377025604248,1.532075047492981,1.6075470447540283,44374,0.0,0.0
2023-09-08 00:00:00-04:00,1.584905982017517,1.660377025604248,1.5471700429916382,1.6150939464569092,32131,0.0,0.0
2023-09-11 00:00:00-04:00,1.6301889419555664,1.8113210201263428,1.600000023841858,1.6226420402526855,117634,0.0,0.0
2023-09-12 00:00:00-04:00,1.6377359628677368,1.660377025604248,1.5471700429916382,1.600000023841858,51423,0.0,0.0
2023-09-13 00:00:00-04:00,1.6377359628677368,1.6452829837799072,1.5245280265808105,1.584905982017517,59731,0.0,0.0
2023-09-14 00:00:00-04:00,1.5245280265808105,1.6452829837799072,1.5245280265808105,1.6075470447540283,29972,0.0,0.0
2023-09-15 00:00:00-04:00,1.600000023841858,1.6301889419555664,1.5622639656066895,1.5773580074310303,42427,0.0,0.0
2023-09-18 00:00:00-04:00,1.6226420402526855,1.6528300046920776,1.5773580074310303,1.6452829837799072,45752,0.0,0.0
2023-09-19 00:00:00-04:00,1.600000023841858,1.6452829837799072,1.584905982017517,1.6377359628677368,34954,0.0,0.0
2023-09-20 00:00:00-04:00,1.554716944694519,1.6226420402526855,1.4792449474334717,1.584905982017517,40505,0.0,0.0
2023-09-21 00:00:00-04:00,1.7735849618911743,2.6415090560913086,1.4792449474334717,1.9924529790878296,3589571,0.0,0.0
2023-09-22 00:00:00-04:00,1.4245280027389526,1.5283019542694092,1.2358490228652954,1.3113210201263428,774860,0.0,0.125
2023-09-25 00:00:00-04:00,1.283018946647644,1.3113210201263428,1.0754719972610474,1.0754719972610474,348952,0.0,0.0
2023-09-26 00:00:00-04:00,1.0,1.2264150381088257,0.9990569949150085,1.1273579597473145,227264,0.0,0.0
2023-09-27 00:00:00-04:00,1.1320749521255493,1.1792449951171875,1.0943399667739868,1.1320749521255493,118296,0.0,0.0
2023-09-28 00:00:00-04:00,1.1132080554962158,1.2452830076217651,1.0377360582351685,1.2452830076217651,135362,0.0,0.0
2023-09-29 00:00:00-04:00,1.216981053352356,1.466981053352356,1.1509430408477783,1.3679250478744507,136846,0.0,0.0
2023-10-02 00:00:00-04:00,1.3584909439086914,1.5,1.3207550048828125,1.4622639417648315,135892,0.0,0.0
2023-10-03 00:00:00-04:00,1.4528299570083618,1.4528299570083618,1.3301889896392822,1.3679250478744507,71338,0.0,0.0
2023-10-04 00:00:00-04:00,1.339622974395752,1.3443399667739868,1.198112964630127,1.3301889896392822,100700,0.0,0.0
2023-10-05 00:00:00-04:00,1.3867919445037842,1.4339619874954224,1.339622974395752,1.415094017982483,56604,0.0,0.0
2023-10-06 00:00:00-04:00,1.4056600332260132,1.4056600332260132,1.339622974395752,1.4056600332260132,30210,0.0,0.0
2023-10-09 00:00:00-04:00,1.3679250478744507,1.3679250478744507,1.2688679695129395,1.3207550048828125,56180,0.0,0.0
2023-10-10 00:00:00-04:00,1.3207550048828125,1.3207550048828125,1.1509430408477783,1.1509430408477783,165466,0.0,0.0
2023-10-11 00:00:00-04:00,1.160377025604248,1.1792449951171875,1.0,1.0801889896392822,102290,0.0,0.0
2023-10-12 00:00:00-04:00,1.1037739515304565,1.1509430408477783,1.056604027748108,1.1198110580444336,67946,0.0,0.0
2023-10-13 00:00:00-04:00,1.084905982017517,1.1301889419555664,1.0,1.0283019542694092,79712,0.0,0.0
2023-10-16 00:00:00-04:00,1.0471700429916382,1.1320749521255493,1.0377360582351685,1.084905982017517,87132,0.0,0.0
2023-10-17 00:00:00-04:00,1.056604027748108,1.1226420402526855,0.886792004108429,0.8962259888648987,233200,0.0,0.0
2023-10-18 00:00:00-04:00,0.8962259888648987,0.9433959722518921,0.7981129884719849,0.863207995891571,88616,0.0,0.0
2023-10-19 00:00:00-04:00,0.8773580193519592,0.9047170281410217,0.8377360105514526,0.8377360105514526,78864,0.0,0.0
2023-10-20 00:00:00-04:00,0.8490570187568665,0.886792004108429,0.5849059820175171,0.633018970489502,316834,0.0,0.0
2023-10-23 00:00:00-04:00,0.660377025604248,0.6981130242347717,0.6141510009765625,0.6198109984397888,129108,0.0,0.0
2023-10-24 00:00:00-04:00,0.6688680052757263,0.6688680052757263,0.5669810175895691,0.5707550048828125,245178,0.0,0.0
2023-10-25 00:00:00-04:00,0.6000000238418579,0.613207995891571,0.4943400025367737,0.5198109745979309,79288,0.0,0.0
2023-10-26 00:00:00-04:00,0.5405660271644592,0.5471699833869934,0.4905659854412079,0.49717000126838684,264152,0.0,0.0
2023-10-27 00:00:00-04:00,0.5,0.5339620113372803,0.41037699580192566,0.4254719913005829,559256,0.0,0.0
2023-10-30 00:00:00-04:00,0.42452800273895264,0.43396198749542236,0.39056599140167236,0.41603800654411316,232670,0.0,0.0
2023-10-31 00:00:00-04:00,0.4150939881801605,0.470755010843277,0.4000000059604645,0.41037699580192566,205958,0.0,0.0
2023-11-01 00:00:00-04:00,0.4905659854412079,0.4905659854412079,0.41037699580192566,0.41037699580192566,126458,0.0,0.0
2023-11-02 00:00:00-04:00,0.42452800273895264,0.4509429931640625,0.4150939881801605,0.44999998807907104,93280,0.0,0.0
2023-11-03 00:00:00-04:00,0.4528299868106842,0.5018870234489441,0.44999998807907104,0.5,68476,0.0,0.0
2023-11-06 00:00:00-05:00,0.4660379886627197,0.5169810056686401,0.45943400263786316,0.4745280146598816,163558,0.0,0.0
2023-11-07 00:00:00-05:00,0.4528299868106842,0.4896230101585388,0.43396198749542236,0.4820750057697296,112784,0.0,0.0
2023-11-08 00:00:00-05:00,0.4669809937477112,0.536791980266571,0.4669809937477112,0.5188680291175842,129638,0.0,0.0
2023-11-09 00:00:00-05:00,0.4905659854412079,0.5915089845657349,0.47169798612594604,0.4905659854412079,248358,0.0,0.0
2023-11-10 00:00:00-05:00,0.54339599609375,0.54339599609375,0.4150939881801605,0.420754998922348,216028,0.0,0.0
2023-11-13 00:00:00-05:00,0.4509429931640625,0.4509429931640625,0.4056600034236908,0.4216980040073395,60102,0.0,0.0
2023-11-14 00:00:00-05:00,0.45377400517463684,0.4896230101585388,0.42452800273895264,0.4764150083065033,126140,0.0,0.0
2023-11-15 00:00:00-05:00,0.5094339847564697,0.5094339847564697,0.47169798612594604,0.4905659854412079,137270,0.0,0.0
2023-11-16 00:00:00-05:00,0.5084909796714783,0.5179250240325928,0.4679250121116638,0.5179250240325928,57770,0.0,0.0
2023-11-17 00:00:00-05:00,0.5198109745979309,0.8490570187568665,0.5179250240325928,0.7169809937477112,911918,0.0,0.0
2023-11-20 00:00:00-05:00,0.6613209843635559,0.6981130242347717,0.5849059820175171,0.613207995891571,263834,0.0,0.0
2023-11-21 00:00:00-05:00,0.613207995891571,0.6509429812431335,0.5386790037155151,0.5566040277481079,86920,0.0,0.0
2023-11-22 00:00:00-05:00,0.565093994140625,0.5660380125045776,0.5094339847564697,0.5471699833869934,47806,0.0,0.0
2023-11-24 00:00:00-05:00,0.5490570068359375,0.5660380125045776,0.5188680291175842,0.5471699833869934,48654,0.0,0.0
2023-11-27 00:00:00-05:00,0.5471699833869934,0.6084910035133362,0.5235850214958191,0.5990570187568665,158788,0.0,0.0
2023-11-28 00:00:00-05:00,0.5858489871025085,0.6556599736213684,0.5858489871025085,0.613207995891571,143418,0.0,0.0
2023-11-29 00:00:00-05:00,0.5952829718589783,0.6698110103607178,0.5943400263786316,0.660377025604248,137058,0.0,0.0
2023-11-30 00:00:00-05:00,0.6867920160293579,0.8301889896392822,0.6792449951171875,0.7830190062522888,358492,0.0,0.0
2023-12-01 00:00:00-05:00,0.7924529910087585,0.886792004108429,0.7273579835891724,0.843396008014679,140556,0.0,0.0
2023-12-04 00:00:00-05:00,0.9433959722518921,1.0188679695129395,0.888679027557373,0.9528300166130066,482830,0.0,0.0
2023-12-05 00:00:00-05:00,0.9339619874954224,0.9339619874954224,0.7839620113372803,0.8264150023460388,223660,0.0,0.0
2023-12-06 00:00:00-05:00,0.8264150023460388,1.0,0.786791980266571,0.963208019733429,294044,0.0,0.0
2023-12-07 00:00:00-05:00,1.0377360582351685,1.283018946647644,0.9622640013694763,1.1037739515304565,603882,0.0,0.0
2023-12-08 00:00:00-05:00,1.3113210201263428,1.3113210201263428,1.0660380125045776,1.1509430408477783,327540,0.0,0.0
2023-12-11 00:00:00-05:00,1.0943399667739868,1.1415090560913086,0.9905660152435303,1.0471700429916382,171826,0.0,0.0
2023-12-12 00:00:00-05:00,1.1509430408477783,1.1509430408477783,1.0377360582351685,1.0754719972610474,138860,0.0,0.0
2023-12-13 00:00:00-05:00,1.0754719972610474,1.084905982017517,0.971697986125946,1.084905982017517,85966,0.0,0.0
2023-12-14 00:00:00-05:00,1.0754719972610474,1.1509430408477783,0.9905660152435303,1.0660380125045776,145114,0.0,0.0
2023-12-15 00:00:00-05:00,1.0660380125045776,1.160377025604248,1.0660380125045776,1.0943399667739868,107908,0.0,0.0
2023-12-18 00:00:00-05:00,1.1415090560913086,1.1424529552459717,1.084905982017517,1.1226420402526855,126882,0.0,0.0
2023-12-19 00:00:00-05:00,1.1226420402526855,1.1226420402526855,1.0188679695129395,1.0377360582351685,105152,0.0,0.0
2023-12-20 00:00:00-05:00,1.0377360582351685,1.1320749521255493,0.9905660152435303,1.0754719972610474,179988,0.0,0.0
2023-12-21 00:00:00-05:00,1.1037739515304565,1.4905660152435303,1.1037739515304565,1.2547169923782349,776556,0.0,0.0
2023-12-22 00:00:00-05:00,1.2358490228652954,1.3773579597473145,1.1320749521255493,1.1886789798736572,165784,0.0,0.0
2023-12-26 00:00:00-05:00,1.198112964630127,1.3679250478744507,1.1792449951171875,1.2924530506134033,132394,0.0,0.0
2023-12-27 00:00:00-05:00,1.3207550048828125,1.4971699714660645,1.2547169923782349,1.4716980457305908,258640,0.0,0.0
2023-12-28 00:00:00-05:00,1.4716980457305908,1.5283019542694092,1.3207550048828125,1.3301889896392822,158788,0.0,0.0
2023-12-29 00:00:00-05:00,1.339622974395752,1.5283019542694092,1.3207550048828125,1.415094017982483,201400,0.0,0.0
2024-01-02 00:00:00-05:00,1.5,1.6415090560913086,1.3679250478744507,1.4245280027389526,406722,0.0,0.0
2024-01-03 00:00:00-05:00,1.443395972251892,1.6037739515304565,1.3207550048828125,1.443395972251892,249842,0.0,0.0
2024-01-04 00:00:00-05:00,1.4528299570083618,1.5283019542694092,1.3207550048828125,1.3867919445037842,160060,0.0,0.0
2024-01-05 00:00:00-05:00,1.4528299570083618,1.4811320304870605,1.3301889896392822,1.3301889896392822,105788,0.0,0.0
2024-01-08 00:00:00-05:00,1.3301889896392822,1.4292449951171875,1.3301889896392822,1.3962260484695435,71762,0.0,0.0
2024-01-09 00:00:00-05:00,1.443395972251892,1.443395972251892,1.3207550048828125,1.3490569591522217,104304,0.0,0.0
2024-01-10 00:00:00-05:00,1.3584909439086914,1.4245280027389526,1.1226420402526855,1.1320749521255493,192072,0.0,0.0
2024-01-11 00:00:00-05:00,1.1509430408477783,1.1792449951171875,0.8471699953079224,0.9433959722518921,247192,0.0,0.0
2024-01-12 00:00:00-05:00,0.9622640013694763,1.0471700429916382,0.9094340205192566,0.9528300166130066,82468,0.0,0.0
2024-01-16 00:00:00-05:00,0.9433959722518921,0.971697986125946,0.8556600213050842,0.9528300166130066,96990,0.0,0.0
2024-01-17 00:00:00-05:00,0.9811319708824158,1.0,0.8905659914016724,0.9528300166130066,26924,0.0,0.0
2024-01-18 00:00:00-05:00,0.9339619874954224,1.0377360582351685,0.865094006061554,0.9528300166130066,109286,0.0,0.0
2024-01-19 00:00:00-05:00,0.9528300166130066,1.0283019542694092,0.8962259888648987,0.9811319708824158,111936,0.0,0.0
2024-01-22 00:00:00-05:00,0.9811319708824158,1.0188679695129395,0.9264150261878967,0.9622640013694763,59678,0.0,0.0
2024-01-23 00:00:00-05:00,0.9622640013694763,1.0754719972610474,0.9433959722518921,1.0,38266,0.0,0.0
2024-01-24 00:00:00-05:00,1.1037739515304565,1.301887035369873,0.95660400390625,0.9905660152435303,505938,0.0,0.0
2024-01-25 00:00:00-05:00,1.0,1.1745280027389526,1.0,1.0188679695129395,390292,0.0,0.0
2024-01-26 00:00:00-05:00,0.9622640013694763,1.0471700429916382,0.8490570187568665,0.9669809937477112,248252,0.0,0.0
2024-01-29 00:00:00-05:00,1.0283019542694092,1.0377360582351685,0.8962259888648987,1.0377360582351685,400574,0.0,0.0
2024-01-30 00:00:00-05:00,1.0188679695129395,1.084905982017517,0.9245280027389526,1.084905982017517,139178,0.0,0.0
2024-01-31 00:00:00-05:00,1.0660380125045776,1.339622974395752,1.0377360582351685,1.2641509771347046,480604,0.0,0.0
2024-02-01 00:00:00-05:00,1.3301889896392822,1.443395972251892,1.1698110103607178,1.3679250478744507,372484,0.0,0.0
2024-02-02 00:00:00-05:00,1.3207550048828125,1.4528299570083618,1.301887035369873,1.3207550048828125,295316,0.0,0.0
2024-02-05 00:00:00-05:00,1.3584909439086914,1.415094017982483,0.9528300166130066,0.9811319708824158,422728,0.0,0.0
2024-02-06 00:00:00-05:00,0.9905660152435303,1.1415090560913086,0.9443399906158447,0.971697986125946,164194,0.0,0.0
2024-02-07 00:00:00-05:00,1.056604027748108,1.056604027748108,0.8481130003929138,0.8679249882698059,264152,0.0,0.0
2024-02-08 00:00:00-05:00,0.863207995891571,0.9150940179824829,0.7547169923782349,0.815093994140625,309414,0.0,0.0
2024-02-09 00:00:00-05:00,0.815093994140625,0.8679249882698059,0.7613210082054138,0.8235849738121033,156668,0.0,0.0
2024-02-12 00:00:00-05:00,0.863207995891571,0.9047170281410217,0.7971699833869934,0.8018869757652283,214332,0.0,0.0
2024-02-13 00:00:00-05:00,0.8330190181732178,0.8575469851493835,0.5858489871025085,0.6433960199356079,571128,0.0,0.0
2024-02-14 00:00:00-05:00,0.6433960199356079,0.7358490228652954,0.6433960199356079,0.6669809818267822,201506,0.0,0.0
2024-02-15 00:00:00-05:00,0.7103769779205322,0.839622974395752,0.7075470089912415,0.7735850214958191,621266,0.0,0.0
2024-02-16 00:00:00-05:00,0.7924529910087585,0.7924529910087585,0.7169809937477112,0.728302001953125,246132,0.0,0.0
2024-02-20 00:00:00-05:00,0.7226420044898987,0.9386789798736572,0.6981130242347717,0.9386789798736572,1056820,0.0,0.0
2024-02-21 00:00:00-05:00,0.8839619755744934,0.9811319708824158,0.8245279788970947,0.9528300166130066,743378,0.0,0.0
2024-02-22 00:00:00-05:00,0.9207550287246704,0.9528300166130066,0.817924976348877,0.8188679814338684,4851938,0.0,0.0
2024-02-23 00:00:00-05:00,0.7537739872932434,0.7896230220794678,0.6283019781112671,0.678301990032196,1446264,0.0,0.0
2024-02-26 00:00:00-05:00,0.6698110103607178,0.6981130242347717,0.6018869876861572,0.6886789798736572,463644,0.0,0.0
2024-02-27 00:00:00-05:00,0.6886789798736572,0.7075470089912415,0.6141510009765625,0.70660400390625,439794,0.0,0.0
2024-02-28 00:00:00-05:00,0.8301889896392822,0.8481130003929138,0.7547169923782349,0.7924529910087585,1372382,0.0,0.0
2024-02-29 00:00:00-05:00,0.8207550048828125,0.839622974395752,0.70660400390625,0.786791980266571,352344,0.0,0.0
2024-03-01 00:00:00-05:00,0.8301889896392822,0.8301889896392822,0.6924530267715454,0.7198110222816467,946262,0.0,0.0
2024-03-04 00:00:00-05:00,0.7452830076217651,0.7547169923782349,0.6509429812431335,0.721697986125946,565934,0.0,0.0
2024-03-05 00:00:00-05:00,0.7075470089912415,0.7198110222816467,0.660377025604248,0.6981130242347717,380964,0.0,0.0
2024-03-06 00:00:00-05:00,0.7528300285339355,0.7528300285339355,0.6160380244255066,0.638679027557373,1479442,0.0,0.0
2024-03-07 00:00:00-05:00,0.6481130123138428,0.6839619874954224,0.5867919921875,0.6254720091819763,362626,0.0,0.0
2024-03-08 00:00:00-05:00,0.6226419806480408,0.6537740230560303,0.5943400263786316,0.6188679933547974,290652,0.0,0.0
2024-03-11 00:00:00-04:00,0.6037740111351013,0.6773579716682434,0.5754719972610474,0.6396229863166809,929302,0.0,0.0
2024-03-12 00:00:00-04:00,0.6273580193519592,0.6415089964866638,0.5198109745979309,0.5377359986305237,689636,0.0,0.0
2024-03-13 00:00:00-04:00,0.5330190062522888,0.5735849738121033,0.5188680291175842,0.5311319828033447,219844,0.0,0.0
2024-03-14 00:00:00-04:00,0.5094339847564697,0.5443400144577026,0.45377400517463684,0.48113200068473816,222176,0.0,0.0
2024-03-15 00:00:00-04:00,0.478302001953125,0.5754719972610474,0.46981099247932434,0.5330190062522888,417216,0.0,0.0
2024-03-18 00:00:00-04:00,0.5330190062522888,0.6698110103607178,0.5207549929618835,0.6320750117301941,640452,0.0,0.0
2024-03-19 00:00:00-04:00,0.613207995891571,0.6320750117301941,0.5660380125045776,0.5754719972610474,140662,0.0,0.0
2024-03-20 00:00:00-04:00,0.5849059820175171,0.6179249882698059,0.5735849738121033,0.5943400263786316,139284,0.0,0.0
2024-03-21 00:00:00-04:00,0.5886790156364441,0.6226419806480408,0.5801889896392822,0.5943400263786316,107802,0.0,0.0
2024-03-22 00:00:00-04:00,0.5849059820175171,0.613207995891571,0.5632079839706421,0.5943400263786316,109604,0.0,0.0
2024-03-25 00:00:00-04:00,0.5707550048828125,0.5943400263786316,0.49339601397514343,0.5839620232582092,117554,0.0,0.0
2024-03-26 00:00:00-04:00,0.5566040277481079,0.5981130003929138,0.5518869757652283,0.5575469732284546,222070,0.0,0.0
2024-03-27 00:00:00-04:00,0.5566040277481079,0.5839620232582092,0.5235850214958191,0.5481129884719849,192496,0.0,0.0
2024-03-28 00:00:00-04:00,0.5415089726448059,0.9433959722518921,0.5415089726448059,0.9339619874954224,3626684,0.0,0.0
2024-04-01 00:00:00-04:00,0.6773579716682434,0.9056599736213684,0.6745280027389526,0.8490570187568665,2150952,0.0,0.0
2024-04-02 00:00:00-04:00,0.8113210201263428,0.8386790156364441,0.6792449951171875,0.743395984172821,220480,0.0,0.0
2024-04-03 00:00:00-04:00,0.7207549810409546,0.8424530029296875,0.7169809937477112,0.7575470209121704,286306,0.0,0.0
2024-04-04 00:00:00-04:00,0.7367920279502869,0.7735850214958191,0.6698110103607178,0.6698110103607178,179882,0.0,0.0
2024-04-05 00:00:00-04:00,0.6669809818267822,0.7320749759674072,0.6509429812431335,0.6698110103607178,100170,0.0,0.0
2024-04-08 00:00:00-04:00,0.6981130242347717,0.734906017780304,0.6509429812431335,0.6669809818267822,131122,0.0,0.0
2024-04-09 00:00:00-04:00,0.660377025604248,0.6924530267715454,0.6509429812431335,0.6509429812431335,160272,0.0,0.0
2024-04-10 00:00:00-04:00,0.6877359747886658,0.70660400390625,0.6462259888648987,0.7056599855422974,627626,0.0,0.0
2024-04-11 00:00:00-04:00,0.6896229982376099,0.7896230220794678,0.6792449951171875,0.6830189824104309,491416,0.0,0.0
2024-04-12 00:00:00-04:00,0.7047169804573059,0.75,0.6556599736213684,0.6641510128974915,394956,0.0,0.0
2024-04-15 00:00:00-04:00,0.6933959722518921,0.7075470089912415,0.6226419806480408,0.6320750117301941,252916,0.0,0.0
2024-04-16 00:00:00-04:00,0.6490569710731506,0.6811320185661316,0.613207995891571,0.634905993938446,148612,0.0,0.0
2024-04-17 00:00:00-04:00,0.6443399786949158,0.660377025604248,0.5660380125045776,0.6028299927711487,96142,0.0,0.0
2024-04-18 00:00:00-04:00,0.660377025604248,0.660377025604248,0.567924976348877,0.6226419806480408,109816,0.0,0.0
2024-04-19 00:00:00-04:00,0.6415089964866638,0.6415089964866638,0.5754719972610474,0.616981029510498,84694,0.0,0.0
2024-04-22 00:00:00-04:00,0.615094006061554,0.6273580193519592,0.5754719972610474,0.6037740111351013,136104,0.0,0.0
2024-04-23 00:00:00-04:00,0.5754719972610474,0.6207550168037415,0.5754719972610474,0.6037740111351013,47594,0.0,0.0
2024-04-24 00:00:00-04:00,0.6037740111351013,0.6037740111351013,0.5811319947242737,0.5867919921875,73776,0.0,0.0
2024-04-25 00:00:00-04:00,0.5899999737739563,0.6489999890327454,0.5899999737739563,0.6200000047683716,79400,0.0,1.06
2024-04-26 00:00:00-04:00,0.6200000047683716,0.6639999747276306,0.6159999966621399,0.640999972820282,53300,0.0,0.0
2024-04-29 00:00:00-04:00,0.6389999985694885,0.7369999885559082,0.6209999918937683,0.6299999952316284,259400,0.0,0.0
2024-04-30 00:00:00-04:00,0.6299999952316284,0.6990000009536743,0.621999979019165,0.6570000052452087,190100,0.0,0.0
2024-05-01 00:00:00-04:00,0.6499999761581421,0.6990000009536743,0.6299999952316284,0.6700000166893005,56300,0.0,0.0
2024-05-02 00:00:00-04:00,0.6700000166893005,0.6899999976158142,0.6420000195503235,0.6549999713897705,136700,0.0,0.0
2024-05-03 00:00:00-04:00,0.6549999713897705,0.8399999737739563,0.6349999904632568,0.7699999809265137,293400,0.0,0.0
2024-05-06 00:00:00-04:00,0.7409999966621399,0.7720000147819519,0.7200000286102295,0.7699999809265137,91800,0.0,0.0
2024-05-07 00:00:00-04:00,0.7440000176429749,0.7649999856948853,0.6899999976158142,0.7599999904632568,108400,0.0,0.0
2024-05-08 00:00:00-04:00,0.7400000095367432,0.8399999737739563,0.7200000286102295,0.8270000219345093,123000,0.0,0.0
2024-05-09 00:00:00-04:00,0.7850000262260437,0.8500000238418579,0.7699999809265137,0.8420000076293945,92800,0.0,0.0
2024-05-10 00:00:00-04:00,0.781000018119812,0.8799999952316284,0.781000018119812,0.8299999833106995,73900,0.0,0.0
2024-05-13 00:00:00-04:00,0.7900000214576721,0.8399999737739563,0.781000018119812,0.8399999737739563,47600,0.0,0.0
2024-05-14 00:00:00-04:00,0.7879999876022339,0.8500000238418579,0.7799999713897705,0.8489999771118164,57000,0.0,0.0
2024-05-15 00:00:00-04:00,0.8109999895095825,0.8479999899864197,0.800000011920929,0.8199999928474426,24800,0.0,0.0
2024-05-16 00:00:00-04:00,0.8180000185966492,0.8299999833106995,0.699999988079071,0.7699999809265137,464800,0.0,0.0
2024-05-17 00:00:00-04:00,0.7649999856948853,0.7789999842643738,0.7200000286102295,0.7699999809265137,80000,0.0,0.0
2024-05-20 00:00:00-04:00,0.7300000190734863,0.7699999809265137,0.6970000267028809,0.7400000095367432,206900,0.0,0.0
2024-05-21 00:00:00-04:00,0.75,0.75,0.7099999785423279,0.7260000109672546,219600,0.0,0.0
2024-05-22 00:00:00-04:00,0.7369999885559082,0.7549999952316284,0.7110000252723694,0.7300000190734863,74700,0.0,0.0
2024-05-23 00:00:00-04:00,0.7300000190734863,0.7300000190734863,0.7099999785423279,0.7289999723434448,40600,0.0,0.0
2024-05-24 00:00:00-04:00,0.718999981880188,0.7289999723434448,0.6809999942779541,0.7110000252723694,25900,0.0,0.0
2024-05-28 00:00:00-04:00,0.6809999942779541,0.7099999785423279,0.6420000195503235,0.6600000262260437,190900,0.0,0.0
2024-05-29 00:00:00-04:00,0.6370000243186951,0.6600000262260437,0.6299999952316284,0.6449999809265137,166500,0.0,0.0
2024-05-30 00:00:00-04:00,0.621999979019165,0.652999997138977,0.6150000095367432,0.6200000047683716,65900,0.0,0.0
2024-05-31 00:00:00-04:00,0.6499999761581421,0.6499999761581421,0.5799999833106995,0.5929999947547913,50300,0.0,0.0
2024-06-03 00:00:00-04:00,0.5899999737739563,0.6150000095367432,0.5699999928474426,0.6000000238418579,72700,0.0,0.0
2024-06-04 00:00:00-04:00,0.6000000238418579,0.6069999933242798,0.5770000219345093,0.5899999737739563,56200,0.0,0.0
2024-06-05 00:00:00-04:00,0.625,0.625,0.5809999704360962,0.5899999737739563,33400,0.0,0.0
2024-06-06 00:00:00-04:00,0.6100000143051147,0.6100000143051147,0.5799999833106995,0.5899999737739563,31300,0.0,0.0
2024-06-07 00:00:00-04:00,0.6190000176429749,0.7799999713897705,0.5299999713897705,0.7599999904632568,850900,0.0,0.0
2024-06-10 00:00:00-04:00,0.7289999723434448,0.7289999723434448,0.6050000190734863,0.6690000295639038,153900,0.0,0.0
2024-06-11 00:00:00-04:00,0.640999972820282,0.7070000171661377,0.6200000047683716,0.7070000171661377,179500,0.0,0.0
2024-06-12 00:00:00-04:00,0.7419999837875366,0.7419999837875366,0.6299999952316284,0.6600000262260437,175800,0.0,0.0
2024-06-13 00:00:00-04:00,0.6200000047683716,0.6499999761581421,0.6050000190734863,0.6200000047683716,61300,0.0,0.0
2024-06-14 00:00:00-04:00,0.6200000047683716,0.6200000047683716,0.5529999732971191,0.5699999928474426,367600,0.0,0.0
2024-06-17 00:00:00-04:00,0.5879999995231628,0.5899999737739563,0.5199999809265137,0.5600000023841858,207700,0.0,0.0
2024-06-18 00:00:00-04:00,0.5600000023841858,0.5640000104904175,0.5329999923706055,0.550000011920929,186500,0.0,0.0
2024-06-20 00:00:00-04:00,0.5619999766349792,0.5640000104904175,0.47099998593330383,0.550000011920929,600300,0.0,0.0
2024-06-21 00:00:00-04:00,0.550000011920929,0.5569999814033508,0.5199999809265137,0.5529999732971191,371900,0.0,0.0
2024-06-24 00:00:00-04:00,0.5400000214576721,0.5600000023841858,0.5400000214576721,0.550000011920929,509800,0.0,0.0
2024-06-25 00:00:00-04:00,0.5569999814033508,0.5600000023841858,0.5260000228881836,0.5550000071525574,427300,0.0,0.0
2024-06-26 00:00:00-04:00,0.5379999876022339,0.5600000023841858,0.5199999809265137,0.5600000023841858,279700,0.0,0.0
2024-06-27 00:00:00-04:00,0.578000009059906,0.578000009059906,0.5270000100135803,0.5450000166893005,344300,0.0,0.0
2024-06-28 00:00:00-04:00,0.5400000214576721,0.5600000023841858,0.5199999809265137,0.5210000276565552,348500,0.0,0.0
2024-07-01 00:00:00-04:00,0.5210000276565552,0.531000018119812,0.515999972820282,0.5199999809265137,224300,0.0,0.0
2024-07-02 00:00:00-04:00,0.5199999809265137,0.5350000262260437,0.5149999856948853,0.5350000262260437,267300,0.0,0.0
2024-07-03 00:00:00-04:00,0.5600000023841858,0.5600000023841858,0.5210000276565552,0.5400000214576721,230300,0.0,0.0
2024-07-05 00:00:00-04:00,0.527999997138977,0.5339999794960022,0.5099999904632568,0.5230000019073486,294600,0.0,0.0
2024-07-08 00:00:00-04:00,0.5180000066757202,0.5180000066757202,0.4189999997615814,0.4300000071525574,556600,0.0,0.0
2024-07-09 00:00:00-04:00,0.4300000071525574,0.4309999942779541,0.4129999876022339,0.421999990940094,371700,0.0,0.0
2024-07-10 00:00:00-04:00,0.41100001335144043,0.42500001192092896,0.4050000011920929,0.42500001192092896,397100,0.0,0.0
2024-07-11 00:00:00-04:00,0.41200000047683716,0.550000011920929,0.41200000047683716,0.5450000166893005,757000,0.0,0.0
2024-07-12 00:00:00-04:00,0.5299999713897705,0.5630000233650208,0.5,0.5600000023841858,311800,0.0,0.0
2024-07-15 00:00:00-04:00,0.5529999732971191,0.5799999833106995,0.5249999761581421,0.5799999833106995,241300,0.0,0.0
2024-07-16 00:00:00-04:00,0.5580000281333923,0.574999988079071,0.5400000214576721,0.5600000023841858,277700,0.0,0.0
2024-07-17 00:00:00-04:00,0.5540000200271606,0.5559999942779541,0.5189999938011169,0.5410000085830688,198500,0.0,0.0
2024-07-18 00:00:00-04:00,0.5569999814033508,0.5799999833106995,0.492000013589859,0.5009999871253967,450000,0.0,0.0
2024-07-19 00:00:00-04:00,0.5,0.5249999761581421,0.4129999876022339,0.4129999876022339,354400,0.0,0.0
2024-07-22 00:00:00-04:00,0.4009999930858612,0.41499999165534973,0.3799999952316284,0.40799999237060547,466500,0.0,0.0
2024-07-23 00:00:00-04:00,0.4059999883174896,0.42399999499320984,0.38999998569488525,0.4090000092983246,218400,0.0,0.0
2024-07-24 00:00:00-04:00,0.3970000147819519,0.4300000071525574,0.38999998569488525,0.4169999957084656,119500,0.0,0.0
2024-07-25 00:00:00-04:00,0.41600000858306885,0.4699999988079071,0.4099999964237213,0.41999998688697815,296500,0.0,0.0
2024-07-26 00:00:00-04:00,0.4180000126361847,0.4309999942779541,0.38999998569488525,0.4099999964237213,75000,0.0,0.0
2024-07-29 00:00:00-04:00,0.4180000126361847,0.4399999976158142,0.4000000059604645,0.41999998688697815,136000,0.0,0.0
2024-07-30 00:00:00-04:00,0.4000000059604645,0.4169999957084656,0.4000000059604645,0.4009999930858612,133800,0.0,0.0
2024-07-31 00:00:00-04:00,0.4009999930858612,0.41200000047683716,0.38999998569488525,0.39500001072883606,104300,0.0,0.0
2024-08-01 00:00:00-04:00,0.38199999928474426,0.4050000011920929,0.3709999918937683,0.38600000739097595,113900,0.0,0.0
2024-08-02 00:00:00-04:00,0.39399999380111694,0.4050000011920929,0.375,0.382999986410141,124100,0.0,0.0
2024-08-05 00:00:00-04:00,0.3499999940395355,0.41999998688697815,0.3499999940395355,0.41999998688697815,279800,0.0,0.0
2024-08-06 00:00:00-04:00,0.39399999380111694,0.4569999873638153,0.3700000047683716,0.43799999356269836,264500,0.0,0.0
2024-08-07 00:00:00-04:00,0.45399999618530273,0.45399999618530273,0.37400001287460327,0.37400001287460327,243500,0.0,0.0
2024-08-08 00:00:00-04:00,0.4000000059604645,0.4480000138282776,0.375,0.4050000011920929,151000,0.0,0.0
2024-08-09 00:00:00-04:00,0.3840000033378601,0.4300000071525574,0.38100001215934753,0.39899998903274536,203800,0.0,0.0
2024-08-12 00:00:00-04:00,0.4000000059604645,0.4300000071525574,0.38999998569488525,0.4000000059604645,264200,0.0,0.0
2024-08-13 00:00:00-04:00,0.38999998569488525,0.4099999964237213,0.3610000014305115,0.3880000114440918,194000,0.0,0.0
2024-08-14 00:00:00-04:00,0.3930000066757202,0.40299999713897705,0.35499998927116394,0.37299999594688416,188100,0.0,0.0
2024-08-15 00:00:00-04:00,0.3799999952316284,0.3799999952316284,0.35100001096725464,0.37599998712539673,190600,0.0,0.0
2024-08-16 00:00:00-04:00,0.3529999852180481,0.38999998569488525,0.3529999852180481,0.3790000081062317,209100,0.0,0.0
2024-08-19 00:00:00-04:00,0.3799999952316284,0.4050000011920929,0.3790000081062317,0.38199999928474426,210500,0.0,0.0
2024-08-20 00:00:00-04:00,0.3930000066757202,0.40400001406669617,0.3610000014305115,0.3779999911785126,209200,0.0,0.0
2024-08-21 00:00:00-04:00,0.38999998569488525,0.41999998688697815,0.3720000088214874,0.375,238400,0.0,0.0
2024-08-22 00:00:00-04:00,0.38100001215934753,0.40400001406669617,0.3499999940395355,0.3700000047683716,228000,0.0,0.0
2024-08-23 00:00:00-04:00,0.3400000035762787,0.3610000014305115,0.32600000500679016,0.3499999940395355,694100,0.0,0.0
2024-08-26 00:00:00-04:00,0.33000001311302185,0.3400000035762787,0.30300000309944153,0.3149999976158142,362800,0.0,0.0
2024-08-27 00:00:00-04:00,0.30300000309944153,0.3100000023841858,0.26899999380111694,0.2840000092983246,414600,0.0,0.0
2024-08-28 00:00:00-04:00,0.2849999964237213,0.30799999833106995,0.28299999237060547,0.29600000381469727,87700,0.0,0.0
2024-08-29 00:00:00-04:00,0.2879999876022339,0.30000001192092896,0.2800000011920929,0.28999999165534973,72400,0.0,0.0
2024-08-30 00:00:00-04:00,0.28999999165534973,0.2919999957084656,0.27900001406669617,0.2809999883174896,75400,0.0,0.0
2024-09-03 00:00:00-04:00,0.28600001335144043,0.3050000071525574,0.27000001072883606,0.27900001406669617,363500,0.0,0.0
2024-09-04 00:00:00-04:00,0.27000001072883606,0.29899999499320984,0.2630000114440918,0.2669999897480011,229100,0.0,0.0
2024-09-05 00:00:00-04:00,0.2630000114440918,0.2800000011920929,0.2540000081062317,0.2590000033378601,126300,0.0,0.0
2024-09-06 00:00:00-04:00,0.2590000033378601,0.2590000033378601,0.19099999964237213,0.19599999487400055,565900,0.0,0.0
2024-09-09 00:00:00-04:00,0.1979999989271164,0.20399999618530273,0.1720000058412552,0.1899999976158142,627500,0.0,0.0
2024-09-10 00:00:00-04:00,0.19699999690055847,0.19699999690055847,0.17499999701976776,0.1850000023841858,233600,0.0,0.0
2024-09-11 00:00:00-04:00,0.1809999942779541,0.20000000298023224,0.18000000715255737,0.1899999976158142,231300,0.0,0.0
2024-09-12 00:00:00-04:00,0.19699999690055847,0.21299999952316284,0.18199999630451202,0.20999999344348907,193000,0.0,0.0
2024-09-13 00:00:00-04:00,0.20200000703334808,0.20999999344348907,0.19699999690055847,0.20999999344348907,130300,0.0,0.0
2024-09-16 00:00:00-04:00,0.19200000166893005,0.20999999344348907,0.1899999976158142,0.19599999487400055,73200,0.0,0.0
2024-09-17 00:00:00-04:00,0.20399999618530273,0.20900000631809235,0.18700000643730164,0.20399999618530273,175900,0.0,0.0
2024-09-18 00:00:00-04:00,0.20600000023841858,0.21799999475479126,0.19900000095367432,0.20100000500679016,178700,0.0,0.0
2024-09-19 00:00:00-04:00,0.20200000703334808,0.21699999272823334,0.19300000369548798,0.20999999344348907,440800,0.0,0.0
2024-09-20 00:00:00-04:00,0.2029999941587448,0.2150000035762787,0.1979999989271164,0.1979999989271164,128500,0.0,0.0
2024-09-23 00:00:00-04:00,0.1979999989271164,0.20999999344348907,0.1899999976158142,0.19099999964237213,178400,0.0,0.0
2024-09-24 00:00:00-04:00,0.18199999630451202,0.19499999284744263,0.18199999630451202,0.1850000023841858,3525400,0.0,0.0
2024-09-25 00:00:00-04:00,0.18199999630451202,0.1889999955892563,0.18000000715255737,0.18199999630451202,458000,0.0,0.0
2024-09-26 00:00:00-04:00,0.19499999284744263,0.20000000298023224,0.1720000058412552,0.1899999976158142,1201700,0.0,0.0
2024-09-27 00:00:00-04:00,0.20399999618530273,0.20399999618530273,0.1899999976158142,0.1899999976158142,191900,0.0,0.0
2024-09-30 00:00:00-04:00,0.19599999487400055,0.20100000500679016,0.19200000166893005,0.19599999487400055,219600,0.0,0.0
2024-10-01 00:00:00-04:00,0.1979999989271164,0.20000000298023224,0.1889999955892563,0.19499999284744263,378800,0.0,0.0
2024-10-02 00:00:00-04:00,0.1889999955892563,0.1940000057220459,0.1850000023841858,0.1899999976158142,130900,0.0,0.0
2024-10-03 00:00:00-04:00,0.1979999989271164,0.1979999989271164,0.18799999356269836,0.19499999284744263,91700,0.0,0.0
2024-10-04 00:00:00-04:00,0.19599999487400055,0.21299999952316284,0.19099999964237213,0.19900000095367432,582600,0.0,0.0
2024-10-07 00:00:00-04:00,0.20900000631809235,0.20999999344348907,0.19499999284744263,0.19900000095367432,240100,0.0,0.0
2024-10-08 00:00:00-04:00,0.19499999284744263,0.20000000298023224,0.1850000023841858,0.19499999284744263,233600,0.0,0.0
2024-10-09 00:00:00-04:00,0.1899999976158142,0.1979999989271164,0.1809999942779541,0.18799999356269836,177700,0.0,0.0
2024-10-10 00:00:00-04:00,0.18799999356269836,0.19300000369548798,0.18000000715255737,0.18400000035762787,240700,0.0,0.0
2024-10-11 00:00:00-04:00,0.18400000035762787,0.20000000298023224,0.18000000715255737,0.1860000044107437,413800,0.0,0.0
2024-10-14 00:00:00-04:00,0.1860000044107437,0.19099999964237213,0.18000000715255737,0.1809999942779541,207400,0.0,0.0
2024-10-15 00:00:00-04:00,0.1809999942779541,0.1850000023841858,0.17000000178813934,0.1770000010728836,211400,0.0,0.0
2024-10-16 00:00:00-04:00,0.17399999499320984,0.18000000715255737,0.15299999713897705,0.16300000250339508,1037800,0.0,0.0
2024-10-17 00:00:00-04:00,0.16300000250339508,0.17800000309944153,0.16300000250339508,0.16699999570846558,630500,0.0,0.0
2024-10-18 00:00:00-04:00,0.16699999570846558,0.1899999976158142,0.16099999845027924,0.1679999977350235,953600,0.0,0.0
2024-10-21 00:00:00-04:00,0.1679999977350235,0.17900000512599945,0.1509999930858612,0.16300000250339508,817900,0.0,0.0
2024-10-22 00:00:00-04:00,0.15800000727176666,0.1679999977350235,0.15399999916553497,0.15800000727176666,1099600,0.0,0.0
2024-10-23 00:00:00-04:00,0.1550000011920929,0.16699999570846558,0.1509999930858612,0.1550000011920929,823300,0.0,0.0
2024-10-24 00:00:00-04:00,0.1550000011920929,0.1599999964237213,0.1420000046491623,0.14300000667572021,795900,0.0,0.0
2024-10-25 00:00:00-04:00,0.14300000667572021,0.15000000596046448,0.125,0.1289999932050705,1138300,0.0,0.0
2024-10-28 00:00:00-04:00,0.1289999932050705,0.14000000059604645,0.12200000137090683,0.13199999928474426,1186700,0.0,0.0
2024-10-29 00:00:00-04:00,0.13199999928474426,0.13600000739097595,0.12300000339746475,0.12999999523162842,448500,0.0,0.0
2024-10-30 00:00:00-04:00,0.12700000405311584,0.12800000607967377,0.11299999803304672,0.11999999731779099,750400,0.0,0.0
2024-10-31 00:00:00-04:00,0.11900000274181366,0.11999999731779099,0.09799999743700027,0.10400000214576721,2392200,0.0,0.0
2024-11-01 00:00:00-04:00,0.10400000214576721,0.11400000005960464,0.09600000083446503,0.11400000005960464,898900,0.0,0.0
2024-11-04 00:00:00-05:00,0.11400000005960464,0.11900000274181366,0.10899999737739563,0.11299999803304672,238800,0.0,0.0
2024-11-05 00:00:00-05:00,0.11699999868869781,0.125,0.10999999940395355,0.11599999666213989,931800,0.0,0.0
2024-11-06 00:00:00-05:00,0.12999999523162842,0.14000000059604645,0.11400000005960464,0.13500000536441803,4250700,0.0,0.0
2024-11-07 00:00:00-05:00,0.14300000667572021,0.1550000011920929,0.13699999451637268,0.1550000011920929,2771400,0.0,0.0
2024-11-08 00:00:00-05:00,0.1550000011920929,0.15700000524520874,0.13099999725818634,0.14499999582767487,1931400,0.0,0.0
2024-11-11 00:00:00-05:00,0.15700000524520874,0.15700000524520874,0.11999999731779099,0.14399999380111694,3965300,0.0,0.0
2024-11-12 00:00:00-05:00,0.13500000536441803,0.14800000190734863,0.13199999928474426,0.13899999856948853,3164300,0.0,0.0
2024-11-13 00:00:00-05:00,0.13899999856948853,0.1550000011920929,0.13099999725818634,0.1469999998807907,3912000,0.0,0.0
2024-11-14 00:00:00-05:00,0.13699999451637268,0.14499999582767487,0.12099999934434891,0.1289999932050705,1213400,0.0,0.0
2024-11-15 00:00:00-05:00,0.1289999932050705,0.13600000739097595,0.10400000214576721,0.12700000405311584,1204400,0.0,0.0
2024-11-18 00:00:00-05:00,0.12700000405311584,0.1379999965429306,0.12200000137090683,0.13600000739097595,726600,0.0,0.0
2024-11-19 00:00:00-05:00,0.1340000033378601,0.1469999998807907,0.12200000137090683,0.14499999582767487,1440100,0.0,0.0
2024-11-20 00:00:00-05:00,0.1080000028014183,0.1080000028014183,0.0860000029206276,0.09000000357627869,5949600,0.0,0.0
2024-11-21 00:00:00-05:00,0.0860000029206276,0.11400000005960464,0.07599999755620956,0.1080000028014183,21345000,0.0,0.0
2024-11-22 00:00:00-05:00,1.9500000476837158,2.140000104904175,1.6200000047683716,2.109999895095825,298100,0.0,0.0
2024-11-25 00:00:00-05:00,1.9600000381469727,1.9900000095367432,1.6399999856948853,1.7799999713897705,270700,0.0,0.0
2024-11-26 00:00:00-05:00,1.7200000286102295,1.899999976158142,1.649999976158142,1.8899999856948853,152963,0.0,0.0
