Date,Open,High,Low,Close,Volume,Dividends,Stock Splits
2022-01-03 00:00:00-05:00,40.0,41.099998474121094,39.900001525878906,40.20000076293945,32350,0.0,0.0
2022-01-04 00:00:00-05:00,40.099998474121094,41.20000076293945,39.900001525878906,40.099998474121094,36760,0.0,0.0
2022-01-05 00:00:00-05:00,40.5,41.349998474121094,39.04999923706055,39.20000076293945,35110,0.0,0.0
2022-01-06 00:00:00-05:00,39.20000076293945,40.20000076293945,38.20000076293945,38.599998474121094,27350,0.0,0.0
2022-01-07 00:00:00-05:00,38.900001525878906,41.4900016784668,38.900001525878906,40.70000076293945,65860,0.0,0.0
2022-01-10 00:00:00-05:00,40.70000076293945,41.75,39.70000076293945,41.400001525878906,52920,0.0,0.0
2022-01-11 00:00:00-05:00,41.29999923706055,42.20000076293945,41.099998474121094,41.5,30610,0.0,0.0
2022-01-12 00:00:00-05:00,41.599998474121094,42.79999923706055,40.70000076293945,41.900001525878906,20120,0.0,0.0
2022-01-13 00:00:00-05:00,41.45000076293945,43.099998474121094,41.45000076293945,41.599998474121094,13880,0.0,0.0
2022-01-14 00:00:00-05:00,40.5,41.900001525878906,39.900001525878906,41.79999923706055,41220,0.0,0.0
2022-01-18 00:00:00-05:00,41.5,42.099998474121094,40.86000061035156,41.599998474121094,21550,0.0,0.0
2022-01-19 00:00:00-05:00,42.29999923706055,42.29999923706055,39.099998474121094,39.79999923706055,41090,0.0,0.0
2022-01-20 00:00:00-05:00,39.900001525878906,41.099998474121094,38.70000076293945,38.79999923706055,48920,0.0,0.0
2022-01-21 00:00:00-05:00,38.5,39.400001525878906,37.400001525878906,38.099998474121094,29440,0.0,0.0
2022-01-24 00:00:00-05:00,38.5,38.900001525878906,35.29999923706055,37.79999923706055,43790,0.0,0.0
2022-01-25 00:00:00-05:00,37.099998474121094,40.0,36.20000076293945,38.70000076293945,32040,0.0,0.0
2022-01-26 00:00:00-05:00,39.20000076293945,40.20000076293945,38.29999923706055,38.599998474121094,24390,0.0,0.0
2022-01-27 00:00:00-05:00,38.900001525878906,40.400001525878906,36.29999923706055,36.400001525878906,24400,0.0,0.0
2022-01-28 00:00:00-05:00,36.5,37.70000076293945,34.900001525878906,37.5,55820,0.0,0.0
2022-01-31 00:00:00-05:00,36.79999923706055,37.900001525878906,35.20000076293945,37.29999923706055,24000,0.0,0.0
2022-02-01 00:00:00-05:00,37.400001525878906,39.29999923706055,36.900001525878906,38.79999923706055,27020,0.0,0.0
2022-02-02 00:00:00-05:00,38.5,39.099998474121094,36.29999923706055,36.400001525878906,15940,0.0,0.0
2022-02-03 00:00:00-05:00,36.20000076293945,36.45000076293945,32.79999923706055,33.900001525878906,103940,0.0,0.0
2022-02-04 00:00:00-05:00,33.5,34.29999923706055,32.5,32.5,23400,0.0,0.0
2022-02-07 00:00:00-05:00,33.099998474121094,33.5,31.899999618530273,32.599998474121094,29940,0.0,0.0
2022-02-08 00:00:00-05:00,32.599998474121094,34.0,32.0,32.5,22910,0.0,0.0
2022-02-09 00:00:00-05:00,32.79999923706055,32.79999923706055,30.5,32.400001525878906,106530,0.0,0.0
2022-02-10 00:00:00-05:00,32.0,34.5,31.579999923706055,32.5,52390,0.0,0.0
2022-02-11 00:00:00-05:00,32.5,34.400001525878906,32.099998474121094,33.20000076293945,26000,0.0,0.0
2022-02-14 00:00:00-05:00,33.0,33.88999938964844,32.599998474121094,33.29999923706055,12120,0.0,0.0
2022-02-15 00:00:00-05:00,33.70000076293945,35.0,33.400001525878906,34.400001525878906,40450,0.0,0.0
2022-02-16 00:00:00-05:00,34.099998474121094,36.400001525878906,34.099998474121094,35.900001525878906,31060,0.0,0.0
2022-02-17 00:00:00-05:00,35.20000076293945,36.29999923706055,34.5,35.400001525878906,21760,0.0,0.0
2022-02-18 00:00:00-05:00,35.0,36.70000076293945,35.0,36.5,25710,0.0,0.0
2022-02-22 00:00:00-05:00,36.599998474121094,36.900001525878906,32.79999923706055,33.599998474121094,27470,0.0,0.0
2022-02-23 00:00:00-05:00,34.099998474121094,34.099998474121094,32.5,32.79999923706055,20630,0.0,0.0
2022-02-24 00:00:00-05:00,32.0,33.29999923706055,30.299999237060547,32.599998474121094,39500,0.0,0.0
2022-02-25 00:00:00-05:00,33.0,33.900001525878906,32.29999923706055,33.099998474121094,17550,0.0,0.0
2022-02-28 00:00:00-05:00,32.70000076293945,33.400001525878906,32.0,32.400001525878906,15570,0.0,0.0
2022-03-01 00:00:00-05:00,32.5,33.0,30.399999618530273,31.899999618530273,28980,0.0,0.0
2022-03-02 00:00:00-05:00,31.600000381469727,33.70000076293945,31.600000381469727,32.5,49070,0.0,0.0
2022-03-03 00:00:00-05:00,33.79999923706055,36.099998474121094,33.20000076293945,35.70000076293945,52620,0.0,0.0
2022-03-04 00:00:00-05:00,35.099998474121094,35.599998474121094,32.0,32.400001525878906,55870,0.0,0.0
2022-03-07 00:00:00-05:00,32.5,32.70000076293945,29.700000762939453,30.100000381469727,46690,0.0,0.0
2022-03-08 00:00:00-05:00,30.100000381469727,31.5,29.0,29.600000381469727,39350,0.0,0.0
2022-03-09 00:00:00-05:00,30.399999618530273,32.20000076293945,30.0,31.299999237060547,25280,0.0,0.0
2022-03-10 00:00:00-05:00,30.600000381469727,32.0,30.0,31.5,23060,0.0,0.0
2022-03-11 00:00:00-05:00,31.5,31.5,29.0,29.0,31420,0.0,0.0
2022-03-14 00:00:00-04:00,29.0,30.100000381469727,28.600000381469727,29.899999618530273,24720,0.0,0.0
2022-03-15 00:00:00-04:00,30.200000762939453,31.0,29.700000762939453,30.700000762939453,32280,0.0,0.0
2022-03-16 00:00:00-04:00,30.799999237060547,34.099998474121094,30.799999237060547,32.29999923706055,57010,0.0,0.0
2022-03-17 00:00:00-04:00,31.899999618530273,33.400001525878906,31.600000381469727,32.900001525878906,17790,0.0,0.0
2022-03-18 00:00:00-04:00,32.5,34.70000076293945,32.099998474121094,33.20000076293945,33390,0.0,0.0
2022-03-21 00:00:00-04:00,33.29999923706055,33.599998474121094,31.149999618530273,31.299999237060547,32230,0.0,0.0
2022-03-22 00:00:00-04:00,31.700000762939453,33.20000076293945,31.399999618530273,32.400001525878906,26570,0.0,0.0
2022-03-23 00:00:00-04:00,31.700000762939453,32.099998474121094,30.399999618530273,31.399999618530273,35470,0.0,0.0
2022-03-24 00:00:00-04:00,31.200000762939453,31.799999237060547,30.399999618530273,31.5,24760,0.0,0.0
2022-03-25 00:00:00-04:00,31.299999237060547,32.0,30.399999618530273,30.5,15880,0.0,0.0
2022-03-28 00:00:00-04:00,30.799999237060547,31.299999237060547,30.0,30.600000381469727,21540,0.0,0.0
2022-03-29 00:00:00-04:00,31.100000381469727,32.70000076293945,30.5,31.200000762939453,23940,0.0,0.0
2022-03-30 00:00:00-04:00,30.899999618530273,32.29999923706055,30.700000762939453,31.0,19120,0.0,0.0
2022-03-31 00:00:00-04:00,31.200000762939453,31.700000762939453,30.399999618530273,30.399999618530273,18370,0.0,0.0
2022-04-01 00:00:00-04:00,30.899999618530273,30.899999618530273,29.899999618530273,30.700000762939453,24430,0.0,0.0
2022-04-04 00:00:00-04:00,30.0,31.899999618530273,29.5,31.5,27500,0.0,0.0
2022-04-05 00:00:00-04:00,31.600000381469727,32.900001525878906,30.200000762939453,30.200000762939453,43870,0.0,0.0
2022-04-06 00:00:00-04:00,30.299999237060547,30.399999618530273,27.399999618530273,27.700000762939453,43620,0.0,0.0
2022-04-07 00:00:00-04:00,28.0,28.049999237060547,25.5,26.200000762939453,33670,0.0,0.0
2022-04-08 00:00:00-04:00,26.200000762939453,26.600000381469727,25.200000762939453,25.399999618530273,19840,0.0,0.0
2022-04-11 00:00:00-04:00,25.399999618530273,26.600000381469727,25.0,26.399999618530273,23880,0.0,0.0
2022-04-12 00:00:00-04:00,26.700000762939453,27.700000762939453,25.600000381469727,25.799999237060547,10750,0.0,0.0
2022-04-13 00:00:00-04:00,25.600000381469727,27.100000381469727,25.5,26.899999618530273,21180,0.0,0.0
2022-04-14 00:00:00-04:00,26.899999618530273,27.5,25.700000762939453,26.299999237060547,11580,0.0,0.0
2022-04-18 00:00:00-04:00,26.600000381469727,26.600000381469727,25.149999618530273,25.600000381469727,10690,0.0,0.0
2022-04-19 00:00:00-04:00,25.899999618530273,25.899999618530273,24.399999618530273,24.600000381469727,69260,0.0,0.0
2022-04-20 00:00:00-04:00,24.399999618530273,25.399999618530273,24.299999237060547,25.100000381469727,10330,0.0,0.0
2022-04-21 00:00:00-04:00,24.899999618530273,25.299999237060547,23.899999618530273,24.200000762939453,12950,0.0,0.0
2022-04-22 00:00:00-04:00,24.200000762939453,24.899999618530273,23.700000762939453,24.100000381469727,11860,0.0,0.0
2022-04-25 00:00:00-04:00,24.200000762939453,24.950000762939453,23.200000762939453,24.899999618530273,11410,0.0,0.0
2022-04-26 00:00:00-04:00,24.899999618530273,25.399999618530273,24.200000762939453,24.299999237060547,14180,0.0,0.0
2022-04-27 00:00:00-04:00,24.299999237060547,24.700000762939453,23.5,23.700000762939453,20460,0.0,0.0
2022-04-28 00:00:00-04:00,24.0,24.200000762939453,22.899999618530273,24.200000762939453,22410,0.0,0.0
2022-04-29 00:00:00-04:00,24.299999237060547,24.5,22.600000381469727,22.600000381469727,13120,0.0,0.0
2022-05-02 00:00:00-04:00,22.5,23.0,22.299999237060547,22.700000762939453,17300,0.0,0.0
2022-05-03 00:00:00-04:00,22.899999618530273,25.0,22.5,24.0,26080,0.0,0.0
2022-05-04 00:00:00-04:00,24.200000762939453,25.100000381469727,23.399999618530273,24.799999237060547,12250,0.0,0.0
2022-05-05 00:00:00-04:00,24.600000381469727,26.200000762939453,24.0,25.399999618530273,32130,0.0,0.0
2022-05-06 00:00:00-04:00,24.700000762939453,25.899999618530273,24.5,24.899999618530273,30810,0.0,0.0
2022-05-09 00:00:00-04:00,24.899999618530273,25.100000381469727,23.950000762939453,24.600000381469727,25710,0.0,0.0
2022-05-10 00:00:00-04:00,22.299999237060547,24.100000381469727,21.299999237060547,22.899999618530273,51060,0.0,0.0
2022-05-11 00:00:00-04:00,23.200000762939453,25.0,22.399999618530273,23.600000381469727,33670,0.0,0.0
2022-05-12 00:00:00-04:00,22.899999618530273,23.899999618530273,22.299999237060547,23.399999618530273,43790,0.0,0.0
2022-05-13 00:00:00-04:00,23.5,23.899999618530273,23.0,23.700000762939453,47310,0.0,0.0
2022-05-16 00:00:00-04:00,23.899999618530273,23.899999618530273,22.850000381469727,22.899999618530273,18170,0.0,0.0
2022-05-17 00:00:00-04:00,23.100000381469727,25.399999618530273,22.899999618530273,25.200000762939453,35830,0.0,0.0
2022-05-18 00:00:00-04:00,24.899999618530273,25.299999237060547,23.399999618530273,24.299999237060547,24320,0.0,0.0
2022-05-19 00:00:00-04:00,24.5,25.149999618530273,23.950000762939453,24.0,20450,0.0,0.0
2022-05-20 00:00:00-04:00,24.5,24.899999618530273,23.450000762939453,24.200000762939453,13430,0.0,0.0
2022-05-23 00:00:00-04:00,24.200000762939453,25.299999237060547,23.8700008392334,24.399999618530273,14790,0.0,0.0
2022-05-24 00:00:00-04:00,24.399999618530273,24.600000381469727,23.3799991607666,24.399999618530273,11190,0.0,0.0
2022-05-25 00:00:00-04:00,24.0,25.100000381469727,24.0,24.899999618530273,12840,0.0,0.0
2022-05-26 00:00:00-04:00,25.5,26.399999618530273,25.0,25.5,41450,0.0,0.0
2022-05-27 00:00:00-04:00,25.899999618530273,26.450000762939453,24.799999237060547,25.100000381469727,25650,0.0,0.0
2022-05-31 00:00:00-04:00,24.299999237060547,24.799999237060547,23.899999618530273,24.200000762939453,20550,0.0,0.0
2022-06-01 00:00:00-04:00,23.799999237060547,24.700000762939453,23.700000762939453,24.0,15730,0.0,0.0
2022-06-02 00:00:00-04:00,23.299999237060547,23.899999618530273,22.700000762939453,23.299999237060547,26720,0.0,0.0
2022-06-03 00:00:00-04:00,22.700000762939453,23.700000762939453,22.649999618530273,23.600000381469727,43090,0.0,0.0
2022-06-06 00:00:00-04:00,22.799999237060547,22.899999618530273,20.149999618530273,20.600000381469727,96430,0.0,0.0
2022-06-07 00:00:00-04:00,21.799999237060547,23.600000381469727,20.850000381469727,21.5,69640,0.0,0.0
2022-06-08 00:00:00-04:00,21.899999618530273,22.0,20.799999237060547,21.700000762939453,47480,0.0,0.0
2022-06-09 00:00:00-04:00,21.5,22.0,20.799999237060547,21.0,56410,0.0,0.0
2022-06-10 00:00:00-04:00,20.100000381469727,20.600000381469727,19.799999237060547,19.899999618530273,26270,0.0,0.0
2022-06-13 00:00:00-04:00,19.100000381469727,19.899999618530273,18.700000762939453,19.299999237060547,43950,0.0,0.0
2022-06-14 00:00:00-04:00,19.200000762939453,19.899999618530273,18.5,18.899999618530273,27320,0.0,0.0
2022-06-15 00:00:00-04:00,19.0,19.200000762939453,18.0,18.5,29800,0.0,0.0
2022-06-16 00:00:00-04:00,18.299999237060547,18.299999237060547,17.600000381469727,17.600000381469727,40040,0.0,0.0
2022-06-17 00:00:00-04:00,18.299999237060547,18.299999237060547,17.399999618530273,18.0,41740,0.0,0.0
2022-06-21 00:00:00-04:00,18.399999618530273,19.799999237060547,18.100000381469727,18.100000381469727,48550,0.0,0.0
2022-06-22 00:00:00-04:00,18.100000381469727,18.600000381469727,17.399999618530273,17.399999618530273,37620,0.0,0.0
2022-06-23 00:00:00-04:00,17.399999618530273,18.049999237060547,17.100000381469727,17.600000381469727,29140,0.0,0.0
2022-06-24 00:00:00-04:00,17.399999618530273,19.049999237060547,17.100000381469727,17.299999237060547,205660,0.0,0.0
2022-06-27 00:00:00-04:00,17.5,18.200000762939453,16.600000381469727,16.600000381469727,37570,0.0,0.0
2022-06-28 00:00:00-04:00,16.700000762939453,17.600000381469727,16.100000381469727,16.200000762939453,26290,0.0,0.0
2022-06-29 00:00:00-04:00,16.0,16.399999618530273,15.5,16.100000381469727,32290,0.0,0.0
2022-06-30 00:00:00-04:00,16.200000762939453,16.399999618530273,15.300000190734863,15.699999809265137,18150,0.0,0.0
2022-07-01 00:00:00-04:00,15.800000190734863,17.200000762939453,15.399999618530273,17.100000381469727,27880,0.0,0.0
2022-07-05 00:00:00-04:00,17.0,17.350000381469727,16.0,16.100000381469727,40360,0.0,0.0
2022-07-06 00:00:00-04:00,16.0,17.399999618530273,15.949999809265137,17.0,41460,0.0,0.0
2022-07-07 00:00:00-04:00,17.299999237060547,19.0,17.200000762939453,18.5,40860,0.0,0.0
2022-07-08 00:00:00-04:00,18.399999618530273,18.700000762939453,17.299999237060547,18.200000762939453,23070,0.0,0.0
2022-07-11 00:00:00-04:00,18.100000381469727,18.600000381469727,16.899999618530273,17.5,22520,0.0,0.0
2022-07-12 00:00:00-04:00,17.600000381469727,17.899999618530273,16.950000762939453,17.700000762939453,23860,0.0,0.0
2022-07-13 00:00:00-04:00,17.700000762939453,18.0,17.06999969482422,17.799999237060547,7150,0.0,0.0
2022-07-14 00:00:00-04:00,17.5,17.700000762939453,16.40999984741211,17.399999618530273,19350,0.0,0.0
2022-07-15 00:00:00-04:00,17.799999237060547,17.899999618530273,16.799999237060547,17.100000381469727,6460,0.0,0.0
2022-07-18 00:00:00-04:00,17.0,17.43000030517578,16.700000762939453,16.700000762939453,7010,0.0,0.0
2022-07-19 00:00:00-04:00,16.799999237060547,17.799999237060547,16.549999237060547,17.100000381469727,13520,0.0,0.0
2022-07-20 00:00:00-04:00,17.0,17.399999618530273,16.799999237060547,17.399999618530273,22510,0.0,0.0
2022-07-21 00:00:00-04:00,17.600000381469727,17.600000381469727,16.600000381469727,16.899999618530273,14160,0.0,0.0
2022-07-22 00:00:00-04:00,17.399999618530273,17.399999618530273,16.0,16.200000762939453,15650,0.0,0.0
2022-07-25 00:00:00-04:00,16.200000762939453,16.299999237060547,15.300000190734863,16.0,28990,0.0,0.0
2022-07-26 00:00:00-04:00,16.100000381469727,16.799999237060547,15.699999809265137,16.399999618530273,23440,0.0,0.0
2022-07-27 00:00:00-04:00,16.299999237060547,16.899999618530273,16.0,16.700000762939453,39530,0.0,0.0
2022-07-28 00:00:00-04:00,16.700000762939453,17.600000381469727,16.299999237060547,17.5,41930,0.0,0.0
2022-07-29 00:00:00-04:00,17.299999237060547,17.899999618530273,17.0,17.700000762939453,42610,0.0,0.0
2022-08-01 00:00:00-04:00,17.700000762939453,19.200000762939453,16.700000762939453,18.700000762939453,29000,0.0,0.0
2022-08-02 00:00:00-04:00,18.899999618530273,19.5,17.700000762939453,19.200000762939453,46620,0.0,0.0
2022-08-03 00:00:00-04:00,19.5,21.299999237060547,18.899999618530273,20.0,54830,0.0,0.0
2022-08-04 00:00:00-04:00,19.899999618530273,20.899999618530273,19.100000381469727,19.700000762939453,16760,0.0,0.0
2022-08-05 00:00:00-04:00,16.700000762939453,18.0,16.0,17.899999618530273,93420,0.0,0.0
2022-08-08 00:00:00-04:00,18.0,18.399999618530273,16.0,16.200000762939453,42050,0.0,0.0
2022-08-09 00:00:00-04:00,16.600000381469727,16.600000381469727,16.100000381469727,16.200000762939453,23600,0.0,0.0
2022-08-10 00:00:00-04:00,16.399999618530273,16.399999618530273,15.300000190734863,15.800000190734863,28470,0.0,0.0
2022-08-11 00:00:00-04:00,16.100000381469727,17.399999618530273,15.699999809265137,17.399999618530273,43210,0.0,0.0
2022-08-12 00:00:00-04:00,17.5,17.799999237060547,16.899999618530273,16.899999618530273,27270,0.0,0.0
2022-08-15 00:00:00-04:00,16.700000762939453,16.899999618530273,16.299999237060547,16.600000381469727,10540,0.0,0.0
2022-08-16 00:00:00-04:00,16.100000381469727,16.700000762939453,16.100000381469727,16.299999237060547,17260,0.0,0.0
2022-08-17 00:00:00-04:00,16.399999618530273,16.600000381469727,16.0,16.100000381469727,11290,0.0,0.0
2022-08-18 00:00:00-04:00,16.100000381469727,16.100000381469727,15.899999618530273,16.100000381469727,7330,0.0,0.0
2022-08-19 00:00:00-04:00,15.800000190734863,16.399999618530273,15.399999618530273,15.5,23080,0.0,0.0
2022-08-22 00:00:00-04:00,15.199999809265137,16.100000381469727,14.199999809265137,14.399999618530273,32680,0.0,0.0
2022-08-23 00:00:00-04:00,14.399999618530273,14.699999809265137,14.0,14.199999809265137,12600,0.0,0.0
2022-08-24 00:00:00-04:00,14.0,14.550000190734863,13.800000190734863,14.199999809265137,19740,0.0,0.0
2022-08-25 00:00:00-04:00,14.300000190734863,14.600000381469727,13.600000381469727,14.0,8090,0.0,0.0
2022-08-26 00:00:00-04:00,13.800000190734863,13.800000190734863,13.399999618530273,13.600000381469727,13630,0.0,0.0
2022-08-29 00:00:00-04:00,13.800000190734863,14.0,13.0,13.300000190734863,30010,0.0,0.0
2022-08-30 00:00:00-04:00,13.199999809265137,13.199999809265137,12.5,12.699999809265137,25430,0.0,0.0
2022-08-31 00:00:00-04:00,12.699999809265137,13.100000381469727,12.0,12.199999809265137,39940,0.0,0.0
2022-09-01 00:00:00-04:00,12.5,13.199999809265137,12.100000381469727,12.800000190734863,19750,0.0,0.0
2022-09-02 00:00:00-04:00,13.399999618530273,13.899999618530273,13.0,13.399999618530273,14130,0.0,0.0
2022-09-06 00:00:00-04:00,13.300000190734863,13.899999618530273,12.899999618530273,13.0,11440,0.0,0.0
2022-09-07 00:00:00-04:00,12.899999618530273,13.699999809265137,12.899999618530273,13.5,10080,0.0,0.0
2022-09-08 00:00:00-04:00,13.399999618530273,13.800000190734863,13.199999809265137,13.5,5880,0.0,0.0
2022-09-09 00:00:00-04:00,13.5,14.100000381469727,13.5,13.899999618530273,7590,0.0,0.0
2022-09-12 00:00:00-04:00,14.100000381469727,16.5,13.800000190734863,16.0,52200,0.0,0.0
2022-09-13 00:00:00-04:00,15.600000381469727,16.5,15.0,15.600000381469727,24580,0.0,0.0
2022-09-14 00:00:00-04:00,15.899999618530273,16.059999465942383,15.100000381469727,15.100000381469727,15040,0.0,0.0
2022-09-15 00:00:00-04:00,15.399999618530273,15.800000190734863,15.199999809265137,15.5,9270,0.0,0.0
2022-09-16 00:00:00-04:00,15.0,15.699999809265137,15.0,15.100000381469727,37810,0.0,0.0
2022-09-19 00:00:00-04:00,14.600000381469727,15.600000381469727,14.600000381469727,15.399999618530273,10130,0.0,0.0
2022-09-20 00:00:00-04:00,15.300000190734863,15.399999618530273,15.0,15.199999809265137,15450,0.0,0.0
2022-09-21 00:00:00-04:00,15.0,15.329999923706055,15.0,15.0,8200,0.0,0.0
2022-09-22 00:00:00-04:00,15.0,15.199999809265137,14.449999809265137,14.600000381469727,7830,0.0,0.0
2022-09-23 00:00:00-04:00,14.399999618530273,14.399999618530273,13.300000190734863,13.5,10150,0.0,0.0
2022-09-26 00:00:00-04:00,13.5,14.300000190734863,13.300000190734863,13.5,8560,0.0,0.0
2022-09-27 00:00:00-04:00,13.5,14.899999618530273,13.5,14.5,17770,0.0,0.0
2022-09-28 00:00:00-04:00,14.399999618530273,15.100000381469727,14.100000381469727,15.0,11920,0.0,0.0
2022-09-29 00:00:00-04:00,14.699999809265137,15.699999809265137,14.300000190734863,14.399999618530273,24920,0.0,0.0
2022-09-30 00:00:00-04:00,14.100000381469727,15.300000190734863,14.100000381469727,14.800000190734863,12310,0.0,0.0
2022-10-03 00:00:00-04:00,14.899999618530273,17.700000762939453,14.899999618530273,16.5,16460,0.0,0.0
2022-10-04 00:00:00-04:00,16.600000381469727,17.399999618530273,16.600000381469727,17.200000762939453,18960,0.0,0.0
2022-10-05 00:00:00-04:00,16.5,17.100000381469727,16.0,16.100000381469727,11560,0.0,0.0
2022-10-06 00:00:00-04:00,16.0,17.5,16.0,17.100000381469727,12310,0.0,0.0
2022-10-07 00:00:00-04:00,16.700000762939453,17.0,15.600000381469727,15.899999618530273,15050,0.0,0.0
2022-10-10 00:00:00-04:00,15.899999618530273,15.899999618530273,14.899999618530273,15.600000381469727,10670,0.0,0.0
2022-10-11 00:00:00-04:00,15.300000190734863,16.0,15.0,15.199999809265137,5180,0.0,0.0
2022-10-12 00:00:00-04:00,14.800000190734863,16.100000381469727,14.800000190734863,16.0,9140,0.0,0.0
2022-10-13 00:00:00-04:00,15.399999618530273,17.200000762939453,15.399999618530273,16.200000762939453,18210,0.0,0.0
2022-10-14 00:00:00-04:00,15.699999809265137,17.100000381469727,15.699999809265137,15.899999618530273,12800,0.0,0.0
2022-10-17 00:00:00-04:00,15.899999618530273,17.100000381469727,15.899999618530273,16.799999237060547,11010,0.0,0.0
2022-10-18 00:00:00-04:00,16.799999237060547,17.600000381469727,16.299999237060547,17.399999618530273,12200,0.0,0.0
2022-10-19 00:00:00-04:00,17.100000381469727,17.5,16.799999237060547,16.899999618530273,13530,0.0,0.0
2022-10-20 00:00:00-04:00,16.799999237060547,17.600000381469727,16.600000381469727,17.0,20670,0.0,0.0
2022-10-21 00:00:00-04:00,17.5,17.5,16.799999237060547,16.799999237060547,10470,0.0,0.0
2022-10-24 00:00:00-04:00,16.5,16.899999618530273,15.0,15.0,24700,0.0,0.0
2022-10-25 00:00:00-04:00,14.699999809265137,16.200000762939453,14.699999809265137,15.300000190734863,18560,0.0,0.0
2022-10-26 00:00:00-04:00,15.699999809265137,16.0,15.199999809265137,15.300000190734863,12700,0.0,0.0
2022-10-27 00:00:00-04:00,15.199999809265137,15.600000381469727,14.800000190734863,14.899999618530273,6520,0.0,0.0
2022-10-28 00:00:00-04:00,14.800000190734863,15.899999618530273,14.800000190734863,15.5,6890,0.0,0.0
2022-10-31 00:00:00-04:00,15.300000190734863,16.700000762939453,15.199999809265137,16.100000381469727,7820,0.0,0.0
2022-11-01 00:00:00-04:00,15.899999618530273,16.5,15.5,15.899999618530273,7670,0.0,0.0
2022-11-02 00:00:00-04:00,15.5,16.5,14.800000190734863,14.800000190734863,7140,0.0,0.0
2022-11-03 00:00:00-04:00,14.699999809265137,15.100000381469727,14.600000381469727,14.600000381469727,5620,0.0,0.0
2022-11-04 00:00:00-04:00,14.600000381469727,15.100000381469727,14.40999984741211,14.899999618530273,11720,0.0,0.0
2022-11-07 00:00:00-05:00,14.5,15.100000381469727,14.399999618530273,14.800000190734863,12010,0.0,0.0
2022-11-08 00:00:00-05:00,14.600000381469727,15.350000381469727,14.300000190734863,15.100000381469727,8610,0.0,0.0
2022-11-09 00:00:00-05:00,16.100000381469727,16.5,13.5,13.699999809265137,35870,0.0,0.0
2022-11-10 00:00:00-05:00,14.5,15.0,14.0,14.600000381469727,11830,0.0,0.0
2022-11-11 00:00:00-05:00,13.800000190734863,15.600000381469727,12.699999809265137,14.100000381469727,49600,0.0,0.0
2022-11-14 00:00:00-05:00,14.199999809265137,14.399999618530273,13.699999809265137,13.899999618530273,15750,0.0,0.0
2022-11-15 00:00:00-05:00,13.899999618530273,14.550000190734863,13.899999618530273,14.399999618530273,7840,0.0,0.0
2022-11-16 00:00:00-05:00,14.0,14.899999618530273,13.899999618530273,14.699999809265137,6610,0.0,0.0
2022-11-17 00:00:00-05:00,14.300000190734863,15.100000381469727,14.0,15.0,6910,0.0,0.0
2022-11-18 00:00:00-05:00,15.5,15.800000190734863,15.300000190734863,15.699999809265137,7270,0.0,0.0
2022-11-21 00:00:00-05:00,15.5,15.899999618530273,15.3100004196167,15.600000381469727,12360,0.0,0.0
2022-11-22 00:00:00-05:00,15.5,15.899999618530273,14.699999809265137,15.0,11740,0.0,0.0
2022-11-23 00:00:00-05:00,14.699999809265137,15.0,13.899999618530273,14.0,50370,0.0,0.0
2022-11-25 00:00:00-05:00,13.800000190734863,14.100000381469727,13.100000381469727,14.100000381469727,26220,0.0,0.0
2022-11-28 00:00:00-05:00,13.800000190734863,14.449999809265137,13.800000190734863,14.0,10170,0.0,0.0
2022-11-29 00:00:00-05:00,13.0,13.899999618530273,13.0,13.0,20910,0.0,0.0
2022-11-30 00:00:00-05:00,12.800000190734863,13.899999618530273,12.600000381469727,13.699999809265137,8470,0.0,0.0
2022-12-01 00:00:00-05:00,13.5,14.0,13.5,13.699999809265137,8360,0.0,0.0
2022-12-02 00:00:00-05:00,13.0,14.100000381469727,13.0,13.899999618530273,8380,0.0,0.0
2022-12-05 00:00:00-05:00,13.600000381469727,13.899999618530273,12.800000190734863,13.0,19120,0.0,0.0
2022-12-06 00:00:00-05:00,13.0,13.399999618530273,12.0,12.0,15290,0.0,0.0
2022-12-07 00:00:00-05:00,12.199999809265137,14.899999618530273,12.0,14.699999809265137,103210,0.0,0.0
2022-12-08 00:00:00-05:00,14.5,14.850000381469727,13.800000190734863,14.199999809265137,21470,0.0,0.0
2022-12-09 00:00:00-05:00,14.199999809265137,14.899999618530273,14.100000381469727,14.100000381469727,10800,0.0,0.0
2022-12-12 00:00:00-05:00,13.899999618530273,14.699999809265137,13.899999618530273,13.899999618530273,11630,0.0,0.0
2022-12-13 00:00:00-05:00,14.199999809265137,14.800000190734863,13.399999618530273,13.399999618530273,30420,0.0,0.0
2022-12-14 00:00:00-05:00,13.399999618530273,13.699999809265137,13.300000190734863,13.300000190734863,10360,0.0,0.0
2022-12-15 00:00:00-05:00,13.199999809265137,13.600000381469727,13.0,13.399999618530273,14120,0.0,0.0
2022-12-16 00:00:00-05:00,13.199999809265137,13.800000190734863,13.100000381469727,13.399999618530273,30210,0.0,0.0
2022-12-19 00:00:00-05:00,13.300000190734863,13.5,13.199999809265137,13.199999809265137,5900,0.0,0.0
2022-12-20 00:00:00-05:00,13.100000381469727,13.399999618530273,13.0,13.0,5210,0.0,0.0
2022-12-21 00:00:00-05:00,13.0,13.300000190734863,13.0,13.100000381469727,8870,0.0,0.0
2022-12-22 00:00:00-05:00,13.0,13.300000190734863,12.800000190734863,13.0,13230,0.0,0.0
2022-12-23 00:00:00-05:00,13.199999809265137,13.199999809265137,12.600000381469727,12.899999618530273,9010,0.0,0.0
2022-12-27 00:00:00-05:00,12.800000190734863,12.800000190734863,12.5,12.699999809265137,12410,0.0,0.0
2022-12-28 00:00:00-05:00,12.600000381469727,13.0,12.5,12.5,6640,0.0,0.0
2022-12-29 00:00:00-05:00,12.899999618530273,13.0,12.699999809265137,12.800000190734863,9990,0.0,0.0
2022-12-30 00:00:00-05:00,12.5,13.0,12.5,12.699999809265137,8690,0.0,0.0
2023-01-03 00:00:00-05:00,12.600000381469727,13.300000190734863,12.5,13.100000381469727,11640,0.0,0.0
2023-01-04 00:00:00-05:00,13.0,13.5,13.0,13.199999809265137,2190,0.0,0.0
2023-01-05 00:00:00-05:00,13.0,14.0,13.0,13.899999618530273,12520,0.0,0.0
2023-01-06 00:00:00-05:00,13.899999618530273,14.529999732971191,13.800000190734863,14.300000190734863,7540,0.0,0.0
2023-01-09 00:00:00-05:00,14.100000381469727,14.5,14.100000381469727,14.300000190734863,6580,0.0,0.0
2023-01-10 00:00:00-05:00,14.100000381469727,14.600000381469727,14.100000381469727,14.300000190734863,8670,0.0,0.0
2023-01-11 00:00:00-05:00,14.399999618530273,14.899999618530273,14.100000381469727,14.699999809265137,6720,0.0,0.0
2023-01-12 00:00:00-05:00,14.600000381469727,15.600000381469727,14.600000381469727,15.5,7350,0.0,0.0
2023-01-13 00:00:00-05:00,15.300000190734863,15.800000190734863,15.300000190734863,15.699999809265137,9950,0.0,0.0
2023-01-17 00:00:00-05:00,15.699999809265137,16.799999237060547,15.609999656677246,16.600000381469727,10630,0.0,0.0
2023-01-18 00:00:00-05:00,16.399999618530273,16.899999618530273,16.399999618530273,16.600000381469727,5210,0.0,0.0
2023-01-19 00:00:00-05:00,16.200000762939453,17.0,16.0,16.899999618530273,6700,0.0,0.0
2023-01-20 00:00:00-05:00,17.0,17.5,16.799999237060547,17.399999618530273,6120,0.0,0.0
2023-01-23 00:00:00-05:00,17.100000381469727,18.299999237060547,17.100000381469727,17.700000762939453,8820,0.0,0.0
2023-01-24 00:00:00-05:00,17.799999237060547,18.200000762939453,17.399999618530273,17.600000381469727,7150,0.0,0.0
2023-01-25 00:00:00-05:00,17.700000762939453,18.18000030517578,17.299999237060547,18.100000381469727,4840,0.0,0.0
2023-01-26 00:00:00-05:00,18.299999237060547,18.299999237060547,17.799999237060547,18.0,7170,0.0,0.0
2023-01-27 00:00:00-05:00,17.700000762939453,19.200000762939453,17.700000762939453,19.0,8460,0.0,0.0
2023-01-30 00:00:00-05:00,18.700000762939453,19.5,18.200000762939453,18.299999237060547,8300,0.0,0.0
2023-01-31 00:00:00-05:00,17.600000381469727,18.0,17.600000381469727,17.600000381469727,10810,0.0,0.0
2023-02-01 00:00:00-05:00,17.5,17.799999237060547,17.399999618530273,17.5,4440,0.0,0.0
2023-02-02 00:00:00-05:00,17.5,19.5,17.399999618530273,17.799999237060547,34490,0.0,0.0
2023-02-03 00:00:00-05:00,17.799999237060547,17.799999237060547,17.100000381469727,17.200000762939453,8170,0.0,0.0
2023-02-06 00:00:00-05:00,17.0,17.15999984741211,16.0,16.399999618530273,12000,0.0,0.0
2023-02-07 00:00:00-05:00,16.0,16.90999984741211,16.0,16.700000762939453,5180,0.0,0.0
2023-02-08 00:00:00-05:00,16.299999237060547,16.799999237060547,15.699999809265137,16.399999618530273,11280,0.0,0.0
2023-02-09 00:00:00-05:00,16.399999618530273,16.8799991607666,16.0,16.100000381469727,3910,0.0,0.0
2023-02-10 00:00:00-05:00,16.5,16.600000381469727,16.0,16.100000381469727,2510,0.0,0.0
2023-02-13 00:00:00-05:00,16.299999237060547,16.299999237060547,15.899999618530273,16.299999237060547,3990,0.0,0.0
2023-02-14 00:00:00-05:00,15.899999618530273,16.5,15.899999618530273,16.200000762939453,4060,0.0,0.0
2023-02-15 00:00:00-05:00,16.100000381469727,16.549999237060547,16.100000381469727,16.200000762939453,11710,0.0,0.0
2023-02-16 00:00:00-05:00,16.0,16.350000381469727,15.800000190734863,16.0,2890,0.0,0.0
2023-02-17 00:00:00-05:00,15.899999618530273,16.200000762939453,15.5,15.5,5870,0.0,0.0
2023-02-21 00:00:00-05:00,15.199999809265137,15.8100004196167,15.0,15.0,6080,0.0,0.0
2023-02-22 00:00:00-05:00,14.899999618530273,15.800000190734863,14.899999618530273,15.199999809265137,6280,0.0,0.0
2023-02-23 00:00:00-05:00,15.100000381469727,15.5,14.850000381469727,15.0,5980,0.0,0.0
2023-02-24 00:00:00-05:00,14.899999618530273,15.239999771118164,14.800000190734863,14.800000190734863,4780,0.0,0.0
2023-02-27 00:00:00-05:00,14.800000190734863,15.210000038146973,14.600000381469727,14.600000381469727,4870,0.0,0.0
2023-02-28 00:00:00-05:00,14.399999618530273,15.300000190734863,14.399999618530273,14.600000381469727,4690,0.0,0.0
2023-03-01 00:00:00-05:00,14.600000381469727,15.199999809265137,14.600000381469727,14.800000190734863,3890,0.0,0.0
2023-03-02 00:00:00-05:00,14.800000190734863,15.399999618530273,14.800000190734863,15.0,2020,0.0,0.0
2023-03-03 00:00:00-05:00,14.899999618530273,15.5,14.899999618530273,15.100000381469727,4040,0.0,0.0
2023-03-06 00:00:00-05:00,14.800000190734863,15.699999809265137,14.800000190734863,15.5,2960,0.0,0.0
2023-03-07 00:00:00-05:00,15.300000190734863,15.800000190734863,15.100000381469727,15.100000381469727,9440,0.0,0.0
2023-03-08 00:00:00-05:00,15.399999618530273,16.0,15.399999618530273,15.800000190734863,5340,0.0,0.0
2023-03-09 00:00:00-05:00,15.850000381469727,16.0,15.199999809265137,15.300000190734863,3310,0.0,0.0
2023-03-10 00:00:00-05:00,15.399999618530273,15.399999618530273,14.600000381469727,14.600000381469727,11940,0.0,0.0
2023-03-13 00:00:00-04:00,14.199999809265137,14.800000190734863,14.170000076293945,14.5,5590,0.0,0.0
2023-03-14 00:00:00-04:00,13.800000190734863,15.5,13.800000190734863,14.399999618530273,5030,0.0,0.0
2023-03-15 00:00:00-04:00,14.0,14.800000190734863,13.600000381469727,13.600000381469727,16810,0.0,0.0
2023-03-16 00:00:00-04:00,13.5,14.100000381469727,13.5,13.699999809265137,8220,0.0,0.0
2023-03-17 00:00:00-04:00,13.5,14.100000381469727,13.399999618530273,13.399999618530273,13770,0.0,0.0
2023-03-20 00:00:00-04:00,13.399999618530273,14.0,13.399999618530273,13.5,6570,0.0,0.0
2023-03-21 00:00:00-04:00,14.0,15.0,13.899999618530273,14.5,6600,0.0,0.0
2023-03-22 00:00:00-04:00,14.5,14.5,13.5,13.600000381469727,4410,0.0,0.0
2023-03-23 00:00:00-04:00,14.199999809265137,14.199999809265137,13.399999618530273,13.5,5070,0.0,0.0
2023-03-24 00:00:00-04:00,13.300000190734863,13.800000190734863,12.800000190734863,12.800000190734863,13110,0.0,0.0
2023-03-27 00:00:00-04:00,12.699999809265137,13.100000381469727,12.5,12.5,7190,0.0,0.0
2023-03-28 00:00:00-04:00,12.5,12.899999618530273,12.199999809265137,12.300000190734863,5920,0.0,0.0
2023-03-29 00:00:00-04:00,12.600000381469727,12.600000381469727,12.0,12.0,6440,0.0,0.0
2023-03-30 00:00:00-04:00,12.199999809265137,12.300000190734863,12.199999809265137,12.199999809265137,4060,0.0,0.0
2023-03-31 00:00:00-04:00,12.199999809265137,12.5,11.899999618530273,12.399999618530273,8040,0.0,0.0
2023-04-03 00:00:00-04:00,12.300000190734863,13.0,12.300000190734863,12.399999618530273,7250,0.0,0.0
2023-04-04 00:00:00-04:00,12.300000190734863,13.300000190734863,12.0,12.899999618530273,20500,0.0,0.0
2023-04-05 00:00:00-04:00,14.5,16.799999237060547,13.899999618530273,14.800000190734863,144470,0.0,0.0
2023-04-06 00:00:00-04:00,17.399999618530273,22.5,17.299999237060547,19.299999237060547,2674660,0.0,0.0
2023-04-10 00:00:00-04:00,19.0,20.299999237060547,17.799999237060547,19.799999237060547,157970,0.0,0.0
2023-04-11 00:00:00-04:00,19.5,19.780000686645508,17.5,18.100000381469727,69390,0.0,0.0
2023-04-12 00:00:00-04:00,18.0,20.100000381469727,18.0,20.100000381469727,36880,0.0,0.0
2023-04-13 00:00:00-04:00,19.899999618530273,19.899999618530273,18.0,18.399999618530273,19940,0.0,0.0
2023-04-14 00:00:00-04:00,18.299999237060547,18.709999084472656,17.799999237060547,18.299999237060547,21920,0.0,0.0
2023-04-17 00:00:00-04:00,17.899999618530273,19.200000762939453,17.200000762939453,19.0,22700,0.0,0.0
2023-04-18 00:00:00-04:00,17.700000762939453,18.399999618530273,17.020000457763672,17.600000381469727,19510,0.0,0.0
2023-04-19 00:00:00-04:00,17.100000381469727,17.799999237060547,16.600000381469727,16.899999618530273,12220,0.0,0.0
2023-04-20 00:00:00-04:00,16.700000762939453,17.950000762939453,16.600000381469727,16.799999237060547,7250,0.0,0.0
2023-04-21 00:00:00-04:00,16.5,17.299999237060547,16.5,16.799999237060547,6920,0.0,0.0
2023-04-24 00:00:00-04:00,17.0,17.0,16.299999237060547,16.600000381469727,6340,0.0,0.0
2023-04-25 00:00:00-04:00,16.299999237060547,17.15999984741211,16.299999237060547,16.799999237060547,7230,0.0,0.0
2023-04-26 00:00:00-04:00,16.399999618530273,16.899999618530273,16.100000381469727,16.299999237060547,10760,0.0,0.0
2023-04-27 00:00:00-04:00,16.0,16.700000762939453,15.899999618530273,16.600000381469727,6290,0.0,0.0
2023-04-28 00:00:00-04:00,16.200000762939453,17.0,16.100000381469727,16.299999237060547,7900,0.0,0.0
2023-05-01 00:00:00-04:00,15.899999618530273,17.0,15.850000381469727,16.799999237060547,8750,0.0,0.0
2023-05-02 00:00:00-04:00,17.0,17.0,16.0,16.299999237060547,7730,0.0,0.0
2023-05-03 00:00:00-04:00,15.899999618530273,16.5,15.5,16.100000381469727,14040,0.0,0.0
2023-05-04 00:00:00-04:00,15.899999618530273,16.700000762939453,15.5,16.100000381469727,17750,0.0,0.0
2023-05-05 00:00:00-04:00,16.100000381469727,16.549999237060547,15.600000381469727,15.800000190734863,9540,0.0,0.0
2023-05-08 00:00:00-04:00,15.5,17.200000762939453,15.5,16.0,10420,0.0,0.0
2023-05-09 00:00:00-04:00,16.600000381469727,17.200000762939453,16.100000381469727,17.0,9210,0.0,0.0
2023-05-10 00:00:00-04:00,16.799999237060547,17.5,15.100000381469727,15.899999618530273,19760,0.0,0.0
2023-05-11 00:00:00-04:00,15.5,15.600000381469727,15.0,15.0,5840,0.0,0.0
2023-05-12 00:00:00-04:00,14.699999809265137,15.0,13.399999618530273,13.699999809265137,9490,0.0,0.0
2023-05-15 00:00:00-04:00,14.0,14.199999809265137,13.319999694824219,14.199999809265137,12940,0.0,0.0
2023-05-16 00:00:00-04:00,14.199999809265137,14.199999809265137,13.399999618530273,13.399999618530273,4600,0.0,0.0
2023-05-17 00:00:00-04:00,13.199999809265137,13.899999618530273,13.199999809265137,13.899999618530273,12160,0.0,0.0
2023-05-18 00:00:00-04:00,14.100000381469727,14.100000381469727,13.199999809265137,13.5,6050,0.0,0.0
2023-05-19 00:00:00-04:00,13.699999809265137,14.100000381469727,13.5,13.699999809265137,7120,0.0,0.0
2023-05-22 00:00:00-04:00,14.0,15.600000381469727,13.899999618530273,15.300000190734863,13260,0.0,0.0
2023-05-23 00:00:00-04:00,15.199999809265137,16.100000381469727,14.729999542236328,16.0,11820,0.0,0.0
2023-05-24 00:00:00-04:00,15.100000381469727,15.800000190734863,15.100000381469727,15.300000190734863,8880,0.0,0.0
2023-05-25 00:00:00-04:00,15.300000190734863,15.399999618530273,14.800000190734863,15.199999809265137,3510,0.0,0.0
2023-05-26 00:00:00-04:00,14.800000190734863,16.100000381469727,14.800000190734863,15.899999618530273,5670,0.0,0.0
2023-05-30 00:00:00-04:00,15.600000381469727,16.100000381469727,15.59000015258789,15.899999618530273,6670,0.0,0.0
2023-05-31 00:00:00-04:00,15.5,15.899999618530273,13.699999809265137,14.199999809265137,22070,0.0,0.0
2023-06-01 00:00:00-04:00,14.199999809265137,15.0,13.920000076293945,14.899999618530273,4310,0.0,0.0
2023-06-02 00:00:00-04:00,14.800000190734863,15.600000381469727,14.5,15.100000381469727,18330,0.0,0.0
2023-06-05 00:00:00-04:00,14.800000190734863,17.0,14.800000190734863,17.0,14270,0.0,0.0
2023-06-06 00:00:00-04:00,16.5,17.5,15.899999618530273,17.5,20440,0.0,0.0
2023-06-07 00:00:00-04:00,17.600000381469727,19.350000381469727,17.200000762939453,19.200000762939453,42070,0.0,0.0
2023-06-08 00:00:00-04:00,19.5,19.5,17.399999618530273,17.700000762939453,16840,0.0,0.0
2023-06-09 00:00:00-04:00,17.299999237060547,18.399999618530273,17.200000762939453,17.600000381469727,7400,0.0,0.0
2023-06-12 00:00:00-04:00,17.200000762939453,18.799999237060547,17.200000762939453,18.100000381469727,16830,0.0,0.0
2023-06-13 00:00:00-04:00,18.0,18.5,17.5,17.899999618530273,10090,0.0,0.0
2023-06-14 00:00:00-04:00,18.0,18.100000381469727,17.0,17.0,11330,0.0,0.0
2023-06-15 00:00:00-04:00,17.299999237060547,19.0,17.200000762939453,18.100000381469727,16830,0.0,0.0
2023-06-16 00:00:00-04:00,18.5,19.0,17.200000762939453,17.200000762939453,19910,0.0,0.0
2023-06-20 00:00:00-04:00,16.600000381469727,18.200000762939453,16.600000381469727,17.899999618530273,11950,0.0,0.0
2023-06-21 00:00:00-04:00,17.600000381469727,19.450000762939453,17.5,19.100000381469727,8520,0.0,0.0
2023-06-22 00:00:00-04:00,19.100000381469727,19.299999237060547,18.200000762939453,19.299999237060547,10710,0.0,0.0
2023-06-23 00:00:00-04:00,19.200000762939453,19.700000762939453,18.0,19.399999618530273,223680,0.0,0.0
2023-06-26 00:00:00-04:00,19.0,20.399999618530273,18.5,20.299999237060547,16950,0.0,0.0
2023-06-27 00:00:00-04:00,20.600000381469727,20.8799991607666,19.399999618530273,19.600000381469727,12060,0.0,0.0
2023-06-28 00:00:00-04:00,19.399999618530273,19.700000762939453,19.100000381469727,19.5,3980,0.0,0.0
2023-06-29 00:00:00-04:00,19.399999618530273,19.799999237060547,19.100000381469727,19.200000762939453,4340,0.0,0.0
2023-06-30 00:00:00-04:00,19.299999237060547,19.700000762939453,19.0,19.100000381469727,7780,0.0,0.0
2023-07-03 00:00:00-04:00,18.600000381469727,19.799999237060547,18.600000381469727,19.799999237060547,4440,0.0,0.0
2023-07-05 00:00:00-04:00,20.200000762939453,20.200000762939453,18.799999237060547,19.399999618530273,6610,0.0,0.0
2023-07-06 00:00:00-04:00,18.799999237060547,19.200000762939453,18.200000762939453,18.5,12480,0.0,0.0
2023-07-07 00:00:00-04:00,18.200000762939453,20.299999237060547,18.200000762939453,19.700000762939453,44860,0.0,0.0
2023-07-10 00:00:00-04:00,20.200000762939453,20.399999618530273,19.700000762939453,20.100000381469727,8450,0.0,0.0
2023-07-11 00:00:00-04:00,20.0,20.299999237060547,19.299999237060547,20.0,5930,0.0,0.0
2023-07-12 00:00:00-04:00,20.0,20.299999237060547,19.719999313354492,20.100000381469727,8750,0.0,0.0
2023-07-13 00:00:00-04:00,20.0,20.700000762939453,19.700000762939453,20.0,8600,0.0,0.0
2023-07-14 00:00:00-04:00,19.899999618530273,20.100000381469727,19.100000381469727,19.200000762939453,6600,0.0,0.0
2023-07-17 00:00:00-04:00,18.700000762939453,20.100000381469727,18.600000381469727,19.100000381469727,8480,0.0,0.0
2023-07-18 00:00:00-04:00,19.100000381469727,19.5,18.700000762939453,19.0,4890,0.0,0.0
2023-07-19 00:00:00-04:00,19.0,19.600000381469727,18.989999771118164,19.5,5270,0.0,0.0
2023-07-20 00:00:00-04:00,19.600000381469727,20.200000762939453,19.299999237060547,20.200000762939453,11420,0.0,0.0
2023-07-21 00:00:00-04:00,20.5,20.700000762939453,19.299999237060547,19.399999618530273,6770,0.0,0.0
2023-07-24 00:00:00-04:00,19.899999618530273,20.200000762939453,19.0,19.200000762939453,3670,0.0,0.0
2023-07-25 00:00:00-04:00,19.299999237060547,20.200000762939453,19.200000762939453,19.899999618530273,8800,0.0,0.0
2023-07-26 00:00:00-04:00,19.5,20.450000762939453,19.5,19.899999618530273,8900,0.0,0.0
2023-07-27 00:00:00-04:00,19.600000381469727,19.799999237060547,19.100000381469727,19.299999237060547,6820,0.0,0.0
2023-07-28 00:00:00-04:00,19.299999237060547,20.0,18.899999618530273,19.399999618530273,9700,0.0,0.0
2023-07-31 00:00:00-04:00,19.299999237060547,19.899999618530273,19.299999237060547,19.899999618530273,5670,0.0,0.0
2023-08-01 00:00:00-04:00,19.700000762939453,20.0,18.200000762939453,19.399999618530273,7700,0.0,0.0
2023-08-02 00:00:00-04:00,18.700000762939453,19.399999618530273,18.670000076293945,19.200000762939453,5090,0.0,0.0
2023-08-03 00:00:00-04:00,19.0,20.0,18.5,20.0,14320,0.0,0.0
2023-08-04 00:00:00-04:00,19.899999618530273,20.399999618530273,19.399999618530273,19.600000381469727,6650,0.0,0.0
2023-08-07 00:00:00-04:00,19.399999618530273,20.239999771118164,19.399999618530273,20.100000381469727,5760,0.0,0.0
2023-08-08 00:00:00-04:00,20.0,20.5,19.299999237060547,19.700000762939453,10070,0.0,0.0
2023-08-09 00:00:00-04:00,19.0,19.649999618530273,17.299999237060547,17.399999618530273,8990,0.0,0.0
2023-08-10 00:00:00-04:00,17.100000381469727,17.93000030517578,17.100000381469727,17.299999237060547,4670,0.0,0.0
2023-08-11 00:00:00-04:00,17.100000381469727,17.5,16.700000762939453,16.899999618530273,6960,0.0,0.0
2023-08-14 00:00:00-04:00,16.799999237060547,17.299999237060547,16.399999618530273,16.399999618530273,3570,0.0,0.0
2023-08-15 00:00:00-04:00,16.0,17.0,16.0,16.399999618530273,5940,0.0,0.0
2023-08-16 00:00:00-04:00,16.5,17.399999618530273,16.299999237060547,16.5,16870,0.0,0.0
2023-08-17 00:00:00-04:00,16.5,16.899999618530273,16.100000381469727,16.100000381469727,7490,0.0,0.0
2023-08-18 00:00:00-04:00,16.0,16.299999237060547,15.800000190734863,15.899999618530273,4740,0.0,0.0
2023-08-21 00:00:00-04:00,16.0,16.299999237060547,15.800000190734863,15.800000190734863,4420,0.0,0.0
2023-08-22 00:00:00-04:00,15.800000190734863,16.100000381469727,15.199999809265137,15.399999618530273,5170,0.0,0.0
2023-08-23 00:00:00-04:00,15.300000190734863,16.100000381469727,15.100000381469727,15.199999809265137,6940,0.0,0.0
2023-08-24 00:00:00-04:00,14.800000190734863,15.399999618530273,14.800000190734863,15.100000381469727,3060,0.0,0.0
2023-08-25 00:00:00-04:00,15.399999618530273,15.399999618530273,15.100000381469727,15.300000190734863,4210,0.0,0.0
2023-08-28 00:00:00-04:00,15.0,15.899999618530273,15.0,15.699999809265137,5100,0.0,0.0
2023-08-29 00:00:00-04:00,15.899999618530273,16.100000381469727,15.75,15.899999618530273,4260,0.0,0.0
2023-08-30 00:00:00-04:00,15.600000381469727,16.299999237060547,15.199999809265137,15.199999809265137,4550,0.0,0.0
2023-08-31 00:00:00-04:00,14.899999618530273,15.399999618530273,14.100000381469727,14.199999809265137,7570,0.0,0.0
2023-09-01 00:00:00-04:00,14.5,14.899999618530273,14.199999809265137,14.300000190734863,3780,0.0,0.0
2023-09-05 00:00:00-04:00,14.5,14.5,13.800000190734863,13.800000190734863,8380,0.0,0.0
2023-09-06 00:00:00-04:00,13.800000190734863,14.180000305175781,13.100000381469727,13.399999618530273,11920,0.0,0.0
2023-09-07 00:00:00-04:00,13.600000381469727,13.800000190734863,11.899999618530273,12.800000190734863,40640,0.0,0.0
2023-09-08 00:00:00-04:00,13.0,13.199999809265137,12.399999618530273,12.699999809265137,3360,0.0,0.0
2023-09-11 00:00:00-04:00,12.699999809265137,13.300000190734863,12.399999618530273,13.100000381469727,7020,0.0,0.0
2023-09-12 00:00:00-04:00,12.300000190734863,13.369999885559082,12.300000190734863,13.0,7120,0.0,0.0
2023-09-13 00:00:00-04:00,13.100000381469727,13.300000190734863,12.800000190734863,12.800000190734863,5010,0.0,0.0
2023-09-14 00:00:00-04:00,12.699999809265137,13.300000190734863,12.699999809265137,13.199999809265137,4180,0.0,0.0
2023-09-15 00:00:00-04:00,13.300000190734863,16.0,13.300000190734863,15.100000381469727,79820,0.0,0.0
2023-09-18 00:00:00-04:00,15.0,15.100000381469727,13.5,13.5,7480,0.0,0.0
2023-09-19 00:00:00-04:00,13.399999618530273,13.800000190734863,13.100000381469727,13.300000190734863,1720,0.0,0.0
2023-09-20 00:00:00-04:00,13.300000190734863,14.100000381469727,13.0,13.300000190734863,3060,0.0,0.0
2023-09-21 00:00:00-04:00,13.199999809265137,13.5,12.899999618530273,13.0,3880,0.0,0.0
2023-09-22 00:00:00-04:00,13.0,13.5,12.100000381469727,12.199999809265137,5780,0.0,0.0
2023-09-25 00:00:00-04:00,12.199999809265137,12.899999618530273,12.100000381469727,12.199999809265137,4830,0.0,0.0
2023-09-26 00:00:00-04:00,12.100000381469727,12.899999618530273,12.100000381469727,12.199999809265137,3730,0.0,0.0
2023-09-27 00:00:00-04:00,12.699999809265137,14.699999809265137,12.699999809265137,13.399999618530273,13020,0.0,0.0
2023-09-28 00:00:00-04:00,13.0,14.199999809265137,12.920000076293945,13.399999618530273,7440,0.0,0.0
2023-09-29 00:00:00-04:00,13.300000190734863,13.760000228881836,12.550000190734863,12.800000190734863,4290,0.0,0.0
2023-10-02 00:00:00-04:00,12.600000381469727,13.100000381469727,12.199999809265137,12.399999618530273,8110,0.0,0.0
2023-10-03 00:00:00-04:00,12.100000381469727,12.5,12.0,12.0,5120,0.0,0.0
2023-10-04 00:00:00-04:00,12.199999809265137,12.5,12.100000381469727,12.300000190734863,4780,0.0,0.0
2023-10-05 00:00:00-04:00,12.5,12.699999809265137,12.100000381469727,12.399999618530273,8900,0.0,0.0
2023-10-06 00:00:00-04:00,12.100000381469727,12.399999618530273,12.100000381469727,12.100000381469727,6050,0.0,0.0
2023-10-09 00:00:00-04:00,12.0,12.199999809265137,11.600000381469727,11.600000381469727,6110,0.0,0.0
2023-10-10 00:00:00-04:00,11.199999809265137,12.0,11.100000381469727,11.699999809265137,8960,0.0,0.0
2023-10-11 00:00:00-04:00,11.399999618530273,12.0,11.0,11.5,11340,0.0,0.0
2023-10-12 00:00:00-04:00,11.300000190734863,11.899999618530273,10.100000381469727,10.800000190734863,9260,0.0,0.0
2023-10-13 00:00:00-04:00,11.100000381469727,11.100000381469727,10.5,10.600000381469727,4690,0.0,0.0
2023-10-16 00:00:00-04:00,10.800000190734863,11.0,10.5,10.899999618530273,5210,0.0,0.0
2023-10-17 00:00:00-04:00,10.800000190734863,12.399999618530273,10.5,11.800000190734863,17640,0.0,0.0
2023-10-18 00:00:00-04:00,11.600000381469727,12.0,10.600000381469727,10.800000190734863,4560,0.0,0.0
2023-10-19 00:00:00-04:00,10.399999618530273,10.800000190734863,10.350000381469727,10.399999618530273,4880,0.0,0.0
2023-10-20 00:00:00-04:00,10.5,10.699999809265137,10.010000228881836,10.199999809265137,11020,0.0,0.0
2023-10-23 00:00:00-04:00,10.5,10.899999618530273,10.0,10.0,16280,0.0,0.0
2023-10-24 00:00:00-04:00,10.0,10.800000190734863,10.0,10.5,4790,0.0,0.0
2023-10-25 00:00:00-04:00,10.300000190734863,10.449999809265137,10.300000190734863,10.300000190734863,2920,0.0,0.0
2023-10-26 00:00:00-04:00,10.5,10.5,10.0,10.5,3250,0.0,0.0
2023-10-27 00:00:00-04:00,10.600000381469727,10.699999809265137,10.199999809265137,10.300000190734863,3310,0.0,0.0
2023-10-30 00:00:00-04:00,10.699999809265137,12.899999618530273,10.109999656677246,12.699999809265137,28830,0.0,0.0
2023-10-31 00:00:00-04:00,11.899999618530273,12.399999618530273,10.100000381469727,10.399999618530273,10360,0.0,0.0
2023-11-01 00:00:00-04:00,10.699999809265137,10.699999809265137,10.0,10.100000381469727,7830,0.0,0.0
2023-11-02 00:00:00-04:00,10.100000381469727,10.5,10.0,10.399999618530273,17560,0.0,0.0
2023-11-03 00:00:00-04:00,10.5,10.800000190734863,10.199999809265137,10.600000381469727,11700,0.0,0.0
2023-11-06 00:00:00-05:00,10.199999809265137,10.800000190734863,9.859999656677246,9.859999656677246,15430,0.0,0.0
2023-11-07 00:00:00-05:00,10.100000381469727,10.199999809265137,9.630000114440918,10.100000381469727,14670,0.0,0.0
2023-11-08 00:00:00-05:00,9.510000228881836,10.0,6.809999942779541,7.25,20150,0.0,0.0
2023-11-09 00:00:00-05:00,7.510000228881836,8.229999542236328,7.349999904632568,7.800000190734863,16260,0.0,0.0
2023-11-10 00:00:00-05:00,8.0,8.289999961853027,7.739999771118164,7.909999847412109,6200,0.0,0.0
2023-11-13 00:00:00-05:00,7.699999809265137,8.100000381469727,7.699999809265137,7.800000190734863,2960,0.0,0.0
2023-11-14 00:00:00-05:00,8.5,8.699999809265137,7.900000095367432,8.699999809265137,9850,0.0,0.0
2023-11-15 00:00:00-05:00,8.5,9.600000381469727,8.25,9.100000381469727,14760,0.0,0.0
2023-11-16 00:00:00-05:00,9.149999618530273,9.800000190734863,9.069999694824219,9.479999542236328,7790,0.0,0.0
2023-11-17 00:00:00-05:00,9.600000381469727,10.600000381469727,9.380000114440918,9.699999809265137,14620,0.0,0.0
2023-11-20 00:00:00-05:00,9.729999542236328,10.199999809265137,9.510000228881836,9.600000381469727,4520,0.0,0.0
2023-11-21 00:00:00-05:00,9.140000343322754,10.399999618530273,9.0,9.140000343322754,5020,0.0,0.0
2023-11-22 00:00:00-05:00,9.649999618530273,9.789999961853027,9.140000343322754,9.449999809265137,3670,0.0,0.0
2023-11-24 00:00:00-05:00,9.699999809265137,10.199999809265137,9.5,9.5,2620,0.0,0.0
2023-11-27 00:00:00-05:00,9.5,10.199999809265137,9.130000114440918,9.529999732971191,4620,0.0,0.0
2023-11-28 00:00:00-05:00,9.579999923706055,9.989999771118164,9.0,9.289999961853027,4020,0.0,0.0
2023-11-29 00:00:00-05:00,9.350000381469727,9.989999771118164,9.350000381469727,9.989999771118164,4650,0.0,0.0
2023-11-30 00:00:00-05:00,10.0,10.0,9.050000190734863,9.170000076293945,9950,0.0,0.0
2023-12-01 00:00:00-05:00,9.130000114440918,9.550000190734863,8.600000381469727,9.239999771118164,10720,0.0,0.0
2023-12-04 00:00:00-05:00,9.199999809265137,9.5600004196167,8.800000190734863,9.300000190734863,7410,0.0,0.0
2023-12-05 00:00:00-05:00,9.350000381469727,9.5600004196167,8.600000381469727,8.600000381469727,9130,0.0,0.0
2023-12-06 00:00:00-05:00,9.010000228881836,9.199999809265137,8.729999542236328,8.800000190734863,6850,0.0,0.0
2023-12-07 00:00:00-05:00,8.789999961853027,9.199999809265137,8.789999961853027,9.199999809265137,4170,0.0,0.0
2023-12-08 00:00:00-05:00,9.300000190734863,9.5600004196167,8.899999618530273,9.100000381469727,3190,0.0,0.0
2023-12-11 00:00:00-05:00,9.399999618530273,9.5,8.75,8.899999618530273,5330,0.0,0.0
2023-12-12 00:00:00-05:00,8.600000381469727,9.100000381469727,8.600000381469727,8.600000381469727,6480,0.0,0.0
2023-12-13 00:00:00-05:00,8.989999771118164,9.90999984741211,8.5,9.90999984741211,13780,0.0,0.0
2023-12-14 00:00:00-05:00,9.800000190734863,11.0,9.300000190734863,10.199999809265137,24510,0.0,0.0
2023-12-15 00:00:00-05:00,10.600000381469727,10.649999618530273,9.119999885559082,9.670000076293945,18380,0.0,0.0
2023-12-18 00:00:00-05:00,10.399999618530273,10.399999618530273,9.119999885559082,9.729999542236328,6390,0.0,0.0
2023-12-19 00:00:00-05:00,10.0,11.0,9.4399995803833,11.0,11950,0.0,0.0
2023-12-20 00:00:00-05:00,11.100000381469727,13.0,10.899999618530273,12.100000381469727,26200,0.0,0.0
2023-12-21 00:00:00-05:00,12.199999809265137,12.300000190734863,12.0,12.199999809265137,7200,0.0,0.0
2023-12-22 00:00:00-05:00,12.5,12.699999809265137,11.699999809265137,12.399999618530273,8580,0.0,0.0
2023-12-26 00:00:00-05:00,12.399999618530273,12.800000190734863,11.899999618530273,12.5,6700,0.0,0.0
2023-12-27 00:00:00-05:00,12.300000190734863,13.0,11.899999618530273,12.199999809265137,10390,0.0,0.0
2023-12-28 00:00:00-05:00,12.199999809265137,12.199999809265137,11.600000381469727,11.899999618530273,7700,0.0,0.0
2023-12-29 00:00:00-05:00,11.800000190734863,12.0,11.0,11.0,10820,0.0,0.0
2024-01-02 00:00:00-05:00,11.100000381469727,11.100000381469727,9.800000190734863,9.899999618530273,12380,0.0,0.0
2024-01-03 00:00:00-05:00,9.800000190734863,10.899999618530273,9.699999809265137,9.899999618530273,7240,0.0,0.0
2024-01-04 00:00:00-05:00,10.0,10.399999618530273,9.609999656677246,9.819999694824219,10020,0.0,0.0
2024-01-05 00:00:00-05:00,9.949999809265137,10.5,9.300000190734863,9.479999542236328,37110,0.0,0.0
2024-01-08 00:00:00-05:00,9.399999618530273,10.800000190734863,9.399999618530273,10.699999809265137,8690,0.0,0.0
2024-01-09 00:00:00-05:00,10.399999618530273,10.800000190734863,10.300000190734863,10.5,5500,0.0,0.0
2024-01-10 00:00:00-05:00,10.300000190734863,10.699999809265137,9.899999618530273,10.600000381469727,4710,0.0,0.0
2024-01-11 00:00:00-05:00,10.399999618530273,10.699999809265137,10.0,10.199999809265137,7390,0.0,0.0
2024-01-12 00:00:00-05:00,9.899999618530273,10.699999809265137,9.899999618530273,10.199999809265137,3490,0.0,0.0
2024-01-16 00:00:00-05:00,9.850000381469727,10.699999809265137,9.5,9.699999809265137,11970,0.0,0.0
2024-01-17 00:00:00-05:00,9.649999618530273,10.300000190734863,9.199999809265137,9.199999809265137,10950,0.0,0.0
2024-01-18 00:00:00-05:00,9.149999618530273,9.720000267028809,8.699999809265137,8.699999809265137,7440,0.0,0.0
2024-01-19 00:00:00-05:00,9.5600004196167,9.5600004196167,8.609999656677246,9.369999885559082,8460,0.0,0.0
2024-01-22 00:00:00-05:00,9.0,10.300000190734863,8.9399995803833,10.100000381469727,9290,0.0,0.0
2024-01-23 00:00:00-05:00,9.800000190734863,10.300000190734863,9.800000190734863,10.0,5310,0.0,0.0
2024-01-24 00:00:00-05:00,9.600000381469727,10.899999618530273,9.600000381469727,10.399999618530273,6200,0.0,0.0
2024-01-25 00:00:00-05:00,10.5,10.600000381469727,9.899999618530273,10.199999809265137,4560,0.0,0.0
2024-01-26 00:00:00-05:00,10.300000190734863,10.600000381469727,9.640000343322754,9.720000267028809,7120,0.0,0.0
2024-01-29 00:00:00-05:00,9.699999809265137,10.100000381469727,9.020000457763672,9.020000457763672,5870,0.0,0.0
2024-01-30 00:00:00-05:00,9.300000190734863,9.529999732971191,8.920000076293945,8.920000076293945,3870,0.0,0.0
2024-01-31 00:00:00-05:00,8.949999809265137,9.399999618530273,8.399999618530273,8.399999618530273,5890,0.0,0.0
2024-02-01 00:00:00-05:00,8.520000457763672,8.9399995803833,8.520000457763672,8.520000457763672,5580,0.0,0.0
2024-02-02 00:00:00-05:00,8.470000267028809,8.800000190734863,8.0,8.0,6840,0.0,0.0
2024-02-05 00:00:00-05:00,8.0,8.300000190734863,7.5,7.5,5680,0.0,0.0
2024-02-06 00:00:00-05:00,7.559999942779541,8.0,7.400000095367432,7.400000095367432,6080,0.0,0.0
2024-02-07 00:00:00-05:00,7.550000190734863,8.300000190734863,7.510000228881836,7.570000171661377,15360,0.0,0.0
2024-02-08 00:00:00-05:00,7.800000190734863,8.329999923706055,7.71999979019165,8.25,5770,0.0,0.0
2024-02-09 00:00:00-05:00,8.0,9.0,8.0,8.300000190734863,4330,0.0,0.0
2024-02-12 00:00:00-05:00,8.600000381469727,8.899999618530273,8.300000190734863,8.300000190734863,5430,0.0,0.0
2024-02-13 00:00:00-05:00,8.0,8.779999732971191,7.900000095367432,7.900000095367432,8130,0.0,0.0
2024-02-14 00:00:00-05:00,7.900000095367432,9.59000015258789,7.900000095367432,8.84000015258789,8820,0.0,0.0
2024-02-15 00:00:00-05:00,9.359999656677246,10.300000190734863,8.84000015258789,10.199999809265137,9910,0.0,0.0
2024-02-16 00:00:00-05:00,10.399999618530273,11.0,9.800000190734863,9.800000190734863,18570,0.0,0.0
2024-02-20 00:00:00-05:00,9.510000228881836,9.600000381469727,8.739999771118164,8.800000190734863,12310,0.0,0.0
2024-02-21 00:00:00-05:00,9.0,9.5,8.6899995803833,8.699999809265137,6290,0.0,0.0
2024-02-22 00:00:00-05:00,8.699999809265137,8.949999809265137,8.5,8.5,8220,0.0,0.0
2024-02-23 00:00:00-05:00,9.079999923706055,9.5,8.539999961853027,8.539999961853027,7450,0.0,0.0
2024-02-26 00:00:00-05:00,8.600000381469727,9.420000076293945,8.600000381469727,8.800000190734863,3360,0.0,0.0
2024-02-27 00:00:00-05:00,8.8100004196167,9.149999618530273,8.5,8.529999732971191,5970,0.0,0.0
2024-02-28 00:00:00-05:00,8.5600004196167,8.949999809265137,8.5,8.569999694824219,3830,0.0,0.0
2024-02-29 00:00:00-05:00,8.899999618530273,9.0,8.609999656677246,8.640000343322754,4820,0.0,0.0
2024-03-01 00:00:00-05:00,8.899999618530273,9.0,8.5,8.760000228881836,7710,0.0,0.0
2024-03-04 00:00:00-05:00,8.5,9.100000381469727,8.5,8.670000076293945,4510,0.0,0.0
2024-03-05 00:00:00-05:00,8.699999809265137,9.0,8.199999809265137,8.289999961853027,9260,0.0,0.0
2024-03-06 00:00:00-05:00,8.199999809265137,8.800000190734863,8.199999809265137,8.699999809265137,12360,0.0,0.0
2024-03-07 00:00:00-05:00,8.800000190734863,8.819999694824219,8.34000015258789,8.5600004196167,4280,0.0,0.0
2024-03-08 00:00:00-05:00,8.800000190734863,9.699999809265137,8.319999694824219,8.319999694824219,17560,0.0,0.0
2024-03-11 00:00:00-04:00,8.300000190734863,8.649999618530273,8.100000381469727,8.100000381469727,4220,0.0,0.0
2024-03-12 00:00:00-04:00,8.100000381469727,8.65999984741211,7.510000228881836,7.699999809265137,8810,0.0,0.0
2024-03-13 00:00:00-04:00,7.659999847412109,7.980000019073486,7.210000038146973,7.489999771118164,17320,0.0,0.0
2024-03-14 00:00:00-04:00,7.449999809265137,7.940000057220459,6.710000038146973,7.0,12280,0.0,0.0
2024-03-15 00:00:00-04:00,6.599999904632568,8.300000190734863,6.599999904632568,8.300000190734863,26390,0.0,0.0
2024-03-18 00:00:00-04:00,8.050000190734863,8.050000190734863,7.230000019073486,7.980000019073486,16820,0.0,0.0
2024-03-19 00:00:00-04:00,8.0,8.149999618530273,7.599999904632568,7.860000133514404,5280,0.0,0.0
2024-03-20 00:00:00-04:00,7.599999904632568,7.900000095367432,7.130000114440918,7.139999866485596,8520,0.0,0.0
2024-03-21 00:00:00-04:00,7.139999866485596,7.800000190734863,7.139999866485596,7.599999904632568,9420,0.0,0.0
2024-03-22 00:00:00-04:00,7.599999904632568,7.599999904632568,6.760000228881836,6.900000095367432,12790,0.0,0.0
2024-03-25 00:00:00-04:00,7.199999809265137,7.199999809265137,6.800000190734863,6.820000171661377,7030,0.0,0.0
2024-03-26 00:00:00-04:00,6.800000190734863,7.099999904632568,6.800000190734863,6.800000190734863,5840,0.0,0.0
2024-03-27 00:00:00-04:00,6.760000228881836,7.199999809265137,6.75,6.96999979019165,6480,0.0,0.0
2024-03-28 00:00:00-04:00,7.099999904632568,7.349999904632568,6.909999847412109,7.349999904632568,7750,0.0,0.0
2024-04-01 00:00:00-04:00,7.5,7.650000095367432,6.909999847412109,7.119999885559082,17630,0.0,0.0
2024-04-02 00:00:00-04:00,7.079999923706055,7.590000152587891,6.900000095367432,7.190000057220459,14940,0.0,0.0
2024-04-03 00:00:00-04:00,7.059999942779541,7.420000076293945,7.059999942779541,7.360000133514404,10490,0.0,0.0
2024-04-04 00:00:00-04:00,7.210000038146973,7.690000057220459,7.099999904632568,7.300000190734863,7570,0.0,0.0
2024-04-05 00:00:00-04:00,7.340000152587891,7.619999885559082,7.010000228881836,7.199999809265137,3710,0.0,0.0
2024-04-08 00:00:00-04:00,7.159999847412109,7.800000190734863,7.159999847412109,7.199999809265137,4800,0.0,0.0
2024-04-09 00:00:00-04:00,7.400000095367432,7.510000228881836,7.199999809265137,7.300000190734863,4670,0.0,0.0
2024-04-10 00:00:00-04:00,7.0,7.389999866485596,7.0,7.079999923706055,9070,0.0,0.0
2024-04-11 00:00:00-04:00,7.389999866485596,7.389999866485596,6.610000133514404,6.690000057220459,9560,0.0,0.0
2024-04-12 00:00:00-04:00,6.769999980926514,6.849999904632568,6.289999961853027,6.300000190734863,8370,0.0,0.0
2024-04-15 00:00:00-04:00,6.369999885559082,6.800000190734863,6.300000190734863,6.320000171661377,13520,0.0,0.0
2024-04-16 00:00:00-04:00,6.510000228881836,6.599999904632568,6.210000038146973,6.329999923706055,5180,0.0,0.0
2024-04-17 00:00:00-04:00,6.5,6.599999904632568,6.239999771118164,6.510000228881836,8440,0.0,0.0
2024-04-18 00:00:00-04:00,6.510000228881836,6.599999904632568,6.119999885559082,6.119999885559082,8270,0.0,0.0
2024-04-19 00:00:00-04:00,6.119999885559082,6.579999923706055,5.800000190734863,6.199999809265137,9470,0.0,0.0
2024-04-22 00:00:00-04:00,6.139999866485596,6.28000020980835,5.400000095367432,5.599999904632568,12880,0.0,0.0
2024-04-23 00:00:00-04:00,5.599999904632568,6.0,5.130000114440918,5.139999866485596,14330,0.0,0.0
2024-04-24 00:00:00-04:00,5.090000152587891,5.489999771118164,5.0,5.0,9150,0.0,0.0
2024-04-25 00:00:00-04:00,5.019999980926514,5.420000076293945,4.599999904632568,4.599999904632568,10520,0.0,0.0
2024-04-26 00:00:00-04:00,4.820000171661377,5.449999809265137,4.539999961853027,4.929999828338623,14620,0.0,0.0
2024-04-29 00:00:00-04:00,5.179999828338623,5.449999809265137,5.0,5.360000133514404,17070,0.0,0.0
2024-04-30 00:00:00-04:00,5.199999809265137,5.449999809265137,4.800000190734863,4.800000190734863,7520,0.0,0.0
2024-05-01 00:00:00-04:00,4.849999904632568,5.25,4.809999942779541,5.199999809265137,9740,0.0,0.0
2024-05-02 00:00:00-04:00,5.199999809265137,5.400000095367432,5.199999809265137,5.300000190734863,7740,0.0,0.0
2024-05-03 00:00:00-04:00,5.46999979019165,5.46999979019165,5.199999809265137,5.400000095367432,5150,0.0,0.0
2024-05-06 00:00:00-04:00,5.699999809265137,6.199999809265137,5.449999809265137,6.0,32470,0.0,0.0
2024-05-07 00:00:00-04:00,6.0,6.989999771118164,5.880000114440918,6.0,32680,0.0,0.0
2024-05-08 00:00:00-04:00,5.820000171661377,6.550000190734863,5.800000190734863,6.389999866485596,10650,0.0,0.0
2024-05-09 00:00:00-04:00,6.400000095367432,6.820000171661377,6.199999809265137,6.369999885559082,8590,0.0,0.0
2024-05-10 00:00:00-04:00,6.400000095367432,7.199999809265137,6.400000095367432,7.090000152587891,11460,0.0,0.0
2024-05-13 00:00:00-04:00,7.409999847412109,7.409999847412109,6.510000228881836,6.519999980926514,15550,0.0,0.0
2024-05-14 00:00:00-04:00,6.710000038146973,6.710000038146973,5.900000095367432,6.0,24980,0.0,0.0
2024-05-15 00:00:00-04:00,6.289999961853027,6.699999809265137,5.929999828338623,6.369999885559082,9500,0.0,0.0
2024-05-16 00:00:00-04:00,6.590000152587891,7.329999923706055,6.590000152587891,7.320000171661377,14560,0.0,0.0
2024-05-17 00:00:00-04:00,7.880000114440918,7.880000114440918,7.0,7.420000076293945,16420,0.0,0.0
2024-05-20 00:00:00-04:00,7.679999828338623,7.679999828338623,6.429999828338623,6.5,20620,0.0,0.0
2024-05-21 00:00:00-04:00,6.5,6.730000019073486,6.349999904632568,6.46999979019165,10800,0.0,0.0
2024-05-22 00:00:00-04:00,6.400000095367432,7.179999828338623,6.400000095367432,7.170000076293945,15290,0.0,0.0
2024-05-23 00:00:00-04:00,6.960000038146973,7.46999979019165,6.550000190734863,7.199999809265137,11920,0.0,0.0
2024-05-24 00:00:00-04:00,7.5,7.570000171661377,6.5,6.5,14830,0.0,0.0
2024-05-28 00:00:00-04:00,6.699999809265137,6.809999942779541,5.800000190734863,5.809999942779541,27230,0.0,0.0
2024-05-29 00:00:00-04:00,5.800000190734863,6.329999923706055,5.699999809265137,5.880000114440918,15940,0.0,0.0
2024-05-30 00:00:00-04:00,6.099999904632568,6.179999828338623,5.599999904632568,5.599999904632568,20890,0.0,0.0
2024-05-31 00:00:00-04:00,5.900000095367432,6.090000152587891,5.510000228881836,5.789999961853027,7730,0.0,0.0
2024-06-03 00:00:00-04:00,6.0,6.010000228881836,5.610000133514404,5.960000038146973,8830,0.0,0.0
2024-06-04 00:00:00-04:00,5.929999828338623,6.070000171661377,5.75,6.0,6880,0.0,0.0
2024-06-05 00:00:00-04:00,6.099999904632568,6.199999809265137,5.539999961853027,5.929999828338623,14410,0.0,0.0
2024-06-06 00:00:00-04:00,5.75,5.929999828338623,5.610000133514404,5.900000095367432,7730,0.0,0.0
2024-06-07 00:00:00-04:00,5.699999809265137,5.980000019073486,5.650000095367432,5.739999771118164,6240,0.0,0.0
2024-06-10 00:00:00-04:00,5.670000076293945,5.900000095367432,5.440000057220459,5.5,19140,0.0,0.0
2024-06-11 00:00:00-04:00,5.400000095367432,5.690000057220459,4.900000095367432,5.690000057220459,54620,0.0,0.0
2024-06-12 00:00:00-04:00,5.5,5.880000114440918,5.340000152587891,5.610000133514404,14650,0.0,0.0
2024-06-13 00:00:00-04:00,5.409999847412109,5.630000114440918,5.28000020980835,5.539999961853027,6100,0.0,0.0
2024-06-14 00:00:00-04:00,5.699999809265137,5.699999809265137,5.099999904632568,5.329999923706055,11720,0.0,0.0
2024-06-17 00:00:00-04:00,5.340000152587891,5.699999809265137,5.340000152587891,5.690000057220459,10410,0.0,0.0
2024-06-18 00:00:00-04:00,5.579999923706055,6.199999809265137,5.340000152587891,6.090000152587891,19230,0.0,0.0
2024-06-20 00:00:00-04:00,6.0,7.070000171661377,5.880000114440918,6.289999961853027,29340,0.0,0.0
2024-06-21 00:00:00-04:00,6.400000095367432,6.599999904632568,5.409999847412109,5.480000019073486,43850,0.0,0.0
2024-06-24 00:00:00-04:00,5.409999847412109,5.650000095367432,5.150000095367432,5.650000095367432,10570,0.0,0.0
2024-06-25 00:00:00-04:00,5.699999809265137,5.949999809265137,5.210000038146973,5.559999942779541,33670,0.0,0.0
2024-06-26 00:00:00-04:00,5.78000020980835,6.0,5.380000114440918,5.5,36570,0.0,0.0
2024-06-27 00:00:00-04:00,5.699999809265137,5.900000095367432,5.329999923706055,5.889999866485596,16920,0.0,0.0
2024-06-28 00:00:00-04:00,5.710000038146973,5.860000133514404,4.929999828338623,4.929999828338623,662560,0.0,0.0
2024-07-01 00:00:00-04:00,4.929999828338623,5.300000190734863,4.599999904632568,4.599999904632568,21630,0.0,0.0
2024-07-02 00:00:00-04:00,4.699999809265137,4.71999979019165,4.099999904632568,4.5,39440,0.0,0.0
2024-07-03 00:00:00-04:00,4.5,5.199999809265137,4.460000038146973,4.650000095367432,42610,0.0,0.0
2024-07-05 00:00:00-04:00,5.099999904632568,5.119999885559082,4.510000228881836,4.800000190734863,23760,0.0,0.0
2024-07-08 00:00:00-04:00,5.0,5.400000095367432,4.800000190734863,4.900000095367432,8270,0.0,0.0
2024-07-09 00:00:00-04:00,4.900000095367432,5.349999904632568,4.880000114440918,5.110000133514404,5890,0.0,0.0
2024-07-10 00:00:00-04:00,5.400000095367432,5.489999771118164,5.139999866485596,5.28000020980835,15010,0.0,0.0
2024-07-11 00:00:00-04:00,5.139999866485596,6.360000133514404,5.139999866485596,6.199999809265137,14500,0.0,0.0
2024-07-12 00:00:00-04:00,6.5,7.099999904632568,6.300000190734863,6.5,37130,0.0,0.0
2024-07-15 00:00:00-04:00,6.320000171661377,7.400000095367432,6.320000171661377,6.630000114440918,15970,0.0,0.0
2024-07-16 00:00:00-04:00,6.429999828338623,6.639999866485596,6.210000038146973,6.519999980926514,36210,0.0,0.0
2024-07-17 00:00:00-04:00,6.670000076293945,7.349999904632568,6.519999980926514,6.980000019073486,30460,0.0,0.0
2024-07-18 00:00:00-04:00,6.820000171661377,7.179999828338623,6.679999828338623,7.090000152587891,8910,0.0,0.0
2024-07-19 00:00:00-04:00,6.880000114440918,7.170000076293945,6.130000114440918,7.059999942779541,10830,0.0,0.0
2024-07-22 00:00:00-04:00,7.400000095367432,7.400000095367432,6.940000057220459,7.360000133514404,3600,0.0,0.0
2024-07-23 00:00:00-04:00,7.440000057220459,7.949999809265137,7.090000152587891,7.800000190734863,9250,0.0,0.0
2024-07-24 00:00:00-04:00,7.900000095367432,8.199999809265137,7.5,7.699999809265137,15990,0.0,0.0
2024-07-25 00:00:00-04:00,8.0,8.079999923706055,7.320000171661377,7.460000038146973,6310,0.0,0.0
2024-07-26 00:00:00-04:00,7.449999809265137,7.789999961853027,7.059999942779541,7.71999979019165,7300,0.0,0.1
2024-07-29 00:00:00-04:00,7.71999979019165,7.71999979019165,7.400000095367432,7.53000020980835,15300,0.0,0.0
2024-07-30 00:00:00-04:00,7.53000020980835,7.599999904632568,7.400000095367432,7.449999809265137,11100,0.0,0.0
2024-07-31 00:00:00-04:00,7.449999809265137,7.579999923706055,7.309999942779541,7.400000095367432,18000,0.0,0.0
2024-08-01 00:00:00-04:00,7.300000190734863,7.300000190734863,7.090000152587891,7.139999866485596,87100,0.0,0.0
2024-08-02 00:00:00-04:00,7.050000190734863,7.190000057220459,7.050000190734863,7.099999904632568,37800,0.0,0.0
2024-08-05 00:00:00-04:00,6.829999923706055,7.179999828338623,6.829999923706055,7.039999961853027,16300,0.0,0.0
2024-08-06 00:00:00-04:00,7.702000141143799,7.702000141143799,7.090000152587891,7.210000038146973,35500,0.0,0.0
2024-08-07 00:00:00-04:00,7.380000114440918,7.380000114440918,7.110000133514404,7.139999866485596,14800,0.0,0.0
2024-08-08 00:00:00-04:00,7.099999904632568,7.179999828338623,7.099999904632568,7.119999885559082,14500,0.0,0.0
2024-08-09 00:00:00-04:00,7.099999904632568,7.15500020980835,7.099999904632568,7.110000133514404,26000,0.0,0.0
2024-08-12 00:00:00-04:00,7.099999904632568,7.489999771118164,7.099999904632568,7.440000057220459,16800,0.0,0.0
2024-08-13 00:00:00-04:00,7.409999847412109,7.75,7.21999979019165,7.409999847412109,21100,0.0,0.0
2024-08-14 00:00:00-04:00,7.389999866485596,7.420000076293945,7.150000095367432,7.21999979019165,10200,0.0,0.0
2024-08-15 00:00:00-04:00,7.349999904632568,7.5,7.309999942779541,7.389999866485596,8000,0.0,0.0
2024-08-16 00:00:00-04:00,7.449999809265137,7.739999771118164,7.400000095367432,7.650000095367432,18600,0.0,0.0
2024-08-19 00:00:00-04:00,7.570000171661377,7.690000057220459,7.309999942779541,7.400000095367432,14300,0.0,0.0
2024-08-20 00:00:00-04:00,7.320000171661377,7.400000095367432,7.199999809265137,7.239999771118164,16300,0.0,0.0
2024-08-21 00:00:00-04:00,7.199999809265137,7.300000190734863,7.099999904632568,7.230000019073486,71700,0.0,0.0
2024-08-22 00:00:00-04:00,7.139999866485596,7.260000228881836,7.039999961853027,7.039999961853027,72800,0.0,0.0
2024-08-23 00:00:00-04:00,7.039999961853027,7.079999923706055,7.019999980926514,7.050000190734863,86200,0.0,0.0
2024-08-26 00:00:00-04:00,7.139999866485596,7.239999771118164,7.090000152587891,7.150000095367432,13700,0.0,0.0
2024-08-27 00:00:00-04:00,7.099999904632568,7.110000133514404,7.050000190734863,7.050000190734863,37600,0.0,0.0
2024-08-28 00:00:00-04:00,7.085000038146973,7.085000038146973,7.0,7.0,29400,0.0,0.0
2024-08-29 00:00:00-04:00,7.0,7.164999961853027,7.0,7.079999923706055,21500,0.0,0.0
2024-08-30 00:00:00-04:00,7.178999900817871,7.340000152587891,7.178999900817871,7.28000020980835,5600,0.0,0.0
2024-09-03 00:00:00-04:00,7.199999809265137,7.949999809265137,7.199999809265137,7.889999866485596,17800,0.0,0.0
2024-09-04 00:00:00-04:00,8.0,8.949999809265137,7.800000190734863,8.75,47700,0.0,0.0
2024-09-05 00:00:00-04:00,8.6899995803833,10.395000457763672,8.6899995803833,9.739999771118164,44600,0.0,0.0
2024-09-06 00:00:00-04:00,9.789999961853027,12.239999771118164,9.789999961853027,10.3100004196167,83200,0.0,0.0
2024-09-09 00:00:00-04:00,10.479999542236328,13.1899995803833,10.479999542236328,12.430000305175781,105500,0.0,0.0
2024-09-10 00:00:00-04:00,12.609999656677246,12.609999656677246,10.0,10.09000015258789,82400,0.0,0.0
2024-09-11 00:00:00-04:00,9.9399995803833,11.720000267028809,9.78499984741211,10.84000015258789,34000,0.0,0.0
2024-09-12 00:00:00-04:00,10.720000267028809,11.270000457763672,10.170000076293945,10.220000267028809,21400,0.0,0.0
2024-09-13 00:00:00-04:00,10.399999618530273,11.880000114440918,10.399999618530273,11.279999732971191,32400,0.0,0.0
2024-09-16 00:00:00-04:00,11.170000076293945,11.550000190734863,10.460000038146973,11.039999961853027,24000,0.0,0.0
2024-09-17 00:00:00-04:00,11.220000267028809,12.640000343322754,11.220000267028809,12.640000343322754,23700,0.0,0.0
2024-09-18 00:00:00-04:00,12.699999809265137,14.310999870300293,12.010000228881836,12.029999732971191,82200,0.0,0.0
2024-09-19 00:00:00-04:00,12.199999809265137,12.593000411987305,11.800000190734863,11.800000190734863,32000,0.0,0.0
2024-09-20 00:00:00-04:00,11.362000465393066,11.800000190734863,10.920000076293945,10.989999771118164,100300,0.0,0.0
2024-09-23 00:00:00-04:00,11.100000381469727,11.704999923706055,10.449999809265137,10.890000343322754,40700,0.0,0.0
2024-09-24 00:00:00-04:00,10.75,11.079999923706055,10.0,10.09000015258789,35500,0.0,0.0
2024-09-25 00:00:00-04:00,10.0,11.0,10.0,10.40999984741211,46500,0.0,0.0
2024-09-26 00:00:00-04:00,10.300000190734863,10.930000305175781,10.0,10.420000076293945,27400,0.0,0.0
2024-09-27 00:00:00-04:00,10.604999542236328,11.0600004196167,10.486000061035156,10.949999809265137,13400,0.0,0.0
2024-09-30 00:00:00-04:00,11.039999961853027,11.626999855041504,11.039999961853027,11.569999694824219,13800,0.0,0.0
2024-10-01 00:00:00-04:00,11.649999618530273,12.329999923706055,10.6899995803833,10.869999885559082,27500,0.0,0.0
2024-10-02 00:00:00-04:00,10.770000457763672,11.0,10.020000457763672,10.079999923706055,30200,0.0,0.0
2024-10-03 00:00:00-04:00,10.079999923706055,10.229999542236328,10.0,10.050000190734863,23500,0.0,0.0
2024-10-04 00:00:00-04:00,10.0,10.430000305175781,10.0,10.210000038146973,17700,0.0,0.0
2024-10-07 00:00:00-04:00,10.449999809265137,10.449999809265137,10.0,10.15999984741211,25500,0.0,0.0
2024-10-08 00:00:00-04:00,10.180000305175781,10.25,10.020000457763672,10.100000381469727,3800,0.0,0.0
2024-10-09 00:00:00-04:00,10.0,10.1899995803833,10.0,10.069999694824219,37400,0.0,0.0
2024-10-10 00:00:00-04:00,10.170000076293945,10.59000015258789,10.109999656677246,10.520000457763672,6000,0.0,0.0
2024-10-11 00:00:00-04:00,10.399999618530273,10.519000053405762,10.3100004196167,10.390000343322754,5100,0.0,0.0
2024-10-14 00:00:00-04:00,10.289999961853027,10.520000457763672,10.095000267028809,10.300000190734863,4200,0.0,0.0
2024-10-15 00:00:00-04:00,10.479999542236328,11.350000381469727,10.449999809265137,11.09000015258789,23800,0.0,0.0
2024-10-16 00:00:00-04:00,11.020000457763672,11.15999984741211,10.916000366210938,11.0,15500,0.0,0.0
2024-10-17 00:00:00-04:00,10.8100004196167,11.0,10.300000190734863,10.699999809265137,25200,0.0,0.0
2024-10-18 00:00:00-04:00,10.899999618530273,11.130000114440918,10.585000038146973,11.069999694824219,7800,0.0,0.0
2024-10-21 00:00:00-04:00,10.890000343322754,10.890000343322754,10.619999885559082,10.739999771118164,8300,0.0,0.0
2024-10-22 00:00:00-04:00,10.859999656677246,12.079999923706055,10.670000076293945,11.899999618530273,13700,0.0,0.0
2024-10-23 00:00:00-04:00,11.75,11.75,11.0,11.649999618530273,10900,0.0,0.0
2024-10-24 00:00:00-04:00,11.5,11.930000305175781,11.0600004196167,11.930000305175781,5900,0.0,0.0
2024-10-25 00:00:00-04:00,11.789999961853027,13.590999603271484,11.789999961853027,13.449999809265137,23100,0.0,0.0
2024-10-28 00:00:00-04:00,13.800000190734863,13.800000190734863,12.055000305175781,13.050000190734863,33000,0.0,0.0
2024-10-29 00:00:00-04:00,12.75,12.75,11.329999923706055,11.619999885559082,32900,0.0,0.0
2024-10-30 00:00:00-04:00,11.520000457763672,12.21500015258789,11.369999885559082,12.0,17900,0.0,0.0
2024-10-31 00:00:00-04:00,11.829999923706055,12.239999771118164,11.670000076293945,12.239999771118164,17200,0.0,0.0
2024-11-01 00:00:00-04:00,12.0600004196167,12.210000038146973,11.880000114440918,12.210000038146973,4300,0.0,0.0
2024-11-04 00:00:00-05:00,12.229999542236328,13.279999732971191,12.09000015258789,12.850000381469727,25000,0.0,0.0
2024-11-05 00:00:00-05:00,12.899999618530273,14.272000312805176,12.899999618530273,13.829999923706055,41900,0.0,0.0
2024-11-06 00:00:00-05:00,13.880000114440918,14.756999969482422,13.430000305175781,14.479999542236328,62400,0.0,0.0
2024-11-07 00:00:00-05:00,15.0,16.41699981689453,14.0,14.0,71700,0.0,0.0
2024-11-08 00:00:00-05:00,14.699999809265137,17.299999237060547,14.255999565124512,15.90999984741211,91900,0.0,0.0
2024-11-11 00:00:00-05:00,16.399999618530273,23.479999542236328,16.0,20.950000762939453,177600,0.0,0.0
2024-11-12 00:00:00-05:00,23.020000457763672,23.079999923706055,18.5,19.200000762939453,187300,0.0,0.0
2024-11-13 00:00:00-05:00,19.600000381469727,20.190000534057617,17.047000885009766,18.81999969482422,108300,0.0,0.0
2024-11-14 00:00:00-05:00,18.100000381469727,20.56999969482422,17.649999618530273,20.520000457763672,61800,0.0,0.0
2024-11-15 00:00:00-05:00,21.299999237060547,22.709999084472656,20.191999435424805,21.40999984741211,105300,0.0,0.0
2024-11-18 00:00:00-05:00,21.780000686645508,27.479999542236328,20.399999618530273,27.299999237060547,204500,0.0,0.0
2024-11-19 00:00:00-05:00,26.790000915527344,27.889999389648438,21.59000015258789,23.559999465942383,423100,0.0,0.0
2024-11-20 00:00:00-05:00,23.739999771118164,24.8799991607666,18.209999084472656,19.6299991607666,215700,0.0,0.0
2024-11-21 00:00:00-05:00,19.5,21.25,18.399999618530273,20.739999771118164,123400,0.0,0.0
2024-11-22 00:00:00-05:00,20.6299991607666,22.655000686645508,20.43000030517578,22.079999923706055,54700,0.0,0.0
2024-11-25 00:00:00-05:00,21.6299991607666,22.225000381469727,18.110000610351562,19.760000228881836,157400,0.0,0.0
2024-11-26 00:00:00-05:00,19.75,20.5,17.459999084472656,17.739999771118164,137300,0.0,0.0
2024-11-27 00:00:00-05:00,17.739999771118164,19.243000030517578,17.31999969482422,18.520000457763672,96800,0.0,0.0
2024-11-29 00:00:00-05:00,18.6299991607666,20.274999618530273,18.584999084472656,19.440000534057617,49100,0.0,0.0
2024-12-02 00:00:00-05:00,19.790000915527344,20.0,17.790000915527344,18.959999084472656,137000,0.0,0.0
2024-12-03 00:00:00-05:00,19.219999313354492,20.010000228881836,18.530000686645508,19.8700008392334,106200,0.0,0.0
2024-12-04 00:00:00-05:00,19.829999923706055,22.350000381469727,19.65999984741211,21.06999969482422,133400,0.0,0.0
2024-12-05 00:00:00-05:00,21.329999923706055,21.989999771118164,20.25,20.979999542236328,80200,0.0,0.0
2024-12-06 00:00:00-05:00,20.889999389648438,22.094999313354492,19.229999542236328,19.989999771118164,86600,0.0,0.0
2024-12-09 00:00:00-05:00,20.5,23.635000228881836,20.5,21.979999542236328,231200,0.0,0.0
2024-12-10 00:00:00-05:00,22.489999771118164,22.989999771118164,21.360000610351562,22.0,140000,0.0,0.0
2024-12-11 00:00:00-05:00,22.5,25.190000534057617,22.5,24.190000534057617,176900,0.0,0.0
2024-12-12 00:00:00-05:00,25.0,27.479999542236328,23.610000610351562,25.68000030517578,179900,0.0,0.0
2024-12-13 00:00:00-05:00,25.68000030517578,26.450000762939453,22.540000915527344,24.260000228881836,202700,0.0,0.0
2024-12-16 00:00:00-05:00,24.389999389648438,26.389999389648438,23.5,24.84000015258789,169700,0.0,0.0
2024-12-17 00:00:00-05:00,25.18000030517578,27.18000030517578,24.68000030517578,26.209999084472656,117900,0.0,0.0
2024-12-18 00:00:00-05:00,27.399999618530273,28.5,25.219999313354492,25.420000076293945,204400,0.0,0.0
2024-12-19 00:00:00-05:00,26.219999313354492,27.229999542236328,23.459999084472656,24.5,206700,0.0,0.0
2024-12-20 00:00:00-05:00,23.68000030517578,27.270000457763672,23.68000030517578,25.790000915527344,441500,0.0,0.0
2024-12-23 00:00:00-05:00,26.489999771118164,27.309999465942383,24.350000381469727,24.6299991607666,240800,0.0,0.0
2024-12-24 00:00:00-05:00,24.290000915527344,29.969999313354492,24.290000915527344,28.799999237060547,189500,0.0,0.0
2024-12-26 00:00:00-05:00,29.469999313354492,29.799999237060547,27.010000228881836,28.549999237060547,238900,0.0,0.0
2024-12-27 00:00:00-05:00,28.489999771118164,28.549999237060547,25.954999923706055,27.020000457763672,198100,0.0,0.0
2024-12-30 00:00:00-05:00,27.479999542236328,29.170000076293945,27.1299991607666,28.799999237060547,221500,0.0,0.0
2024-12-31 00:00:00-05:00,29.06999969482422,29.75,27.510000228881836,28.1200008392334,216800,0.0,0.0
2025-01-02 00:00:00-05:00,28.34000015258789,32.400001525878906,27.260000228881836,28.280000686645508,474200,0.0,0.0
2025-01-03 00:00:00-05:00,28.549999237060547,31.260000228881836,28.549999237060547,29.809999465942383,272300,0.0,0.0
2025-01-06 00:00:00-05:00,30.0,31.09000015258789,29.299999237060547,30.020000457763672,240100,0.0,0.0
2025-01-07 00:00:00-05:00,30.020000457763672,32.400001525878906,28.75,31.540000915527344,222200,0.0,0.0
2025-01-08 00:00:00-05:00,31.360000610351562,31.923999786376953,29.0,29.399999618530273,196800,0.0,0.0
2025-01-10 00:00:00-05:00,29.649999618530273,30.59600067138672,26.020000457763672,28.290000915527344,269100,0.0,0.0
2025-01-13 00:00:00-05:00,27.84000015258789,27.84000015258789,25.010000228881836,26.479999542236328,249600,0.0,0.0
2025-01-14 00:00:00-05:00,26.75,28.329999923706055,26.1299991607666,26.739999771118164,149000,0.0,0.0
2025-01-15 00:00:00-05:00,27.549999237060547,27.729999542236328,24.010000228881836,27.729999542236328,179700,0.0,0.0
2025-01-16 00:00:00-05:00,27.729999542236328,27.729999542236328,26.0,27.290000915527344,73600,0.0,0.0
2025-01-17 00:00:00-05:00,27.100000381469727,27.6299991607666,26.26099967956543,27.6299991607666,128300,0.0,0.0
2025-01-21 00:00:00-05:00,27.5,27.92799949645996,26.639999389648438,27.489999771118164,96400,0.0,0.0
2025-01-22 00:00:00-05:00,27.520000457763672,27.579999923706055,24.8700008392334,26.440000534057617,193000,0.0,0.0
2025-01-23 00:00:00-05:00,26.3700008392334,26.940000534057617,25.899999618530273,26.84000015258789,131900,0.0,0.0
2025-01-24 00:00:00-05:00,26.950000762939453,27.469999313354492,26.125,26.56999969482422,136200,0.0,0.0
2025-01-27 00:00:00-05:00,25.270000457763672,27.0,25.270000457763672,26.260000228881836,188500,0.0,0.0
2025-01-28 00:00:00-05:00,26.190000534057617,27.790000915527344,25.950000762939453,27.079999923706055,116500,0.0,0.0
2025-01-29 00:00:00-05:00,27.079999923706055,27.397899627685547,25.530000686645508,26.260000228881836,156250,0.0,0.0
