Date,Open,High,Low,Close,Volume,Dividends,Stock Splits
2022-01-03 00:00:00-05:00,3.950000047683716,4.289999961853027,3.809999942779541,4.260000228881836,905700,0.0,0.0
2022-01-04 00:00:00-05:00,4.28000020980835,4.28000020980835,4.045000076293945,4.090000152587891,825400,0.0,0.0
2022-01-05 00:00:00-05:00,4.059999942779541,4.239999771118164,3.9000000953674316,3.9149999618530273,600100,0.0,0.0
2022-01-06 00:00:00-05:00,3.9200000762939453,3.940000057220459,3.740000009536743,3.880000114440918,645300,0.0,0.0
2022-01-07 00:00:00-05:00,3.9000000953674316,3.930000066757202,3.8299999237060547,3.859999895095825,233200,0.0,0.0
2022-01-10 00:00:00-05:00,3.8399999141693115,3.859999895095825,3.700000047683716,3.8499999046325684,453800,0.0,0.0
2022-01-11 00:00:00-05:00,3.809999942779541,4.090000152587891,3.799999952316284,3.950000047683716,556300,0.0,0.0
2022-01-12 00:00:00-05:00,3.950000047683716,3.990000009536743,3.880000114440918,3.9000000953674316,187100,0.0,0.0
2022-01-13 00:00:00-05:00,3.9000000953674316,3.9000000953674316,3.6600000858306885,3.6700000762939453,410700,0.0,0.0
2022-01-14 00:00:00-05:00,3.680000066757202,3.700000047683716,3.4800000190734863,3.690000057220459,811900,0.0,0.0
2022-01-18 00:00:00-05:00,3.6500000953674316,3.6500000953674316,3.5199999809265137,3.559999942779541,564200,0.0,0.0
2022-01-19 00:00:00-05:00,3.549999952316284,3.5899999141693115,3.440000057220459,3.450000047683716,350500,0.0,0.0
2022-01-20 00:00:00-05:00,3.450000047683716,3.5399999618530273,3.299999952316284,3.299999952316284,593400,0.0,0.0
2022-01-21 00:00:00-05:00,3.2200000286102295,3.240000009536743,2.8949999809265137,2.950000047683716,1127700,0.0,0.0
2022-01-24 00:00:00-05:00,2.890000104904175,2.9200000762939453,2.5950000286102295,2.9000000953674316,842500,0.0,0.0
2022-01-25 00:00:00-05:00,2.8399999141693115,3.0199999809265137,2.8399999141693115,2.930000066757202,308400,0.0,0.0
2022-01-26 00:00:00-05:00,2.9700000286102295,2.9749999046325684,2.690000057220459,2.700000047683716,621800,0.0,0.0
2022-01-27 00:00:00-05:00,2.7699999809265137,2.809000015258789,2.5299999713897705,2.569999933242798,553800,0.0,0.0
2022-01-28 00:00:00-05:00,2.5999999046325684,2.6410000324249268,2.4800000190734863,2.5399999618530273,427300,0.0,0.0
2022-01-31 00:00:00-05:00,2.549999952316284,2.7300000190734863,2.549999952316284,2.7200000286102295,259800,0.0,0.0
2022-02-01 00:00:00-05:00,2.7699999809265137,2.880000114440918,2.6700000762939453,2.8399999141693115,306600,0.0,0.0
2022-02-02 00:00:00-05:00,2.859999895095825,2.859999895095825,2.630000114440918,2.6500000953674316,250700,0.0,0.0
2022-02-03 00:00:00-05:00,2.6600000858306885,2.674999952316284,2.5299999713897705,2.5299999713897705,287400,0.0,0.0
2022-02-04 00:00:00-05:00,2.5299999713897705,2.5999999046325684,2.4800000190734863,2.5899999141693115,165700,0.0,0.0
2022-02-07 00:00:00-05:00,2.630000114440918,2.640000104904175,2.5199999809265137,2.5999999046325684,119400,0.0,0.0
2022-02-08 00:00:00-05:00,2.630000114440918,2.630000114440918,2.5199999809265137,2.569999933242798,109600,0.0,0.0
2022-02-09 00:00:00-05:00,2.609999895095825,2.765000104904175,2.5999999046325684,2.7300000190734863,272300,0.0,0.0
2022-02-10 00:00:00-05:00,2.6700000762939453,2.7799999713897705,2.5999999046325684,2.640000104904175,195000,0.0,0.0
2022-02-11 00:00:00-05:00,2.640000104904175,2.6700000762939453,2.4800000190734863,2.5299999713897705,199500,0.0,0.0
2022-02-14 00:00:00-05:00,2.490000009536743,2.5999999046325684,2.4649999141693115,2.4800000190734863,216400,0.0,0.0
2022-02-15 00:00:00-05:00,2.549999952316284,2.6500000953674316,2.509999990463257,2.619999885559082,166800,0.0,0.0
2022-02-16 00:00:00-05:00,2.5999999046325684,2.690000057220459,2.5799999237060547,2.6600000858306885,287400,0.0,0.0
2022-02-17 00:00:00-05:00,2.630000114440918,2.694999933242798,2.575000047683716,2.619999885559082,221100,0.0,0.0
2022-02-18 00:00:00-05:00,2.549999952316284,2.5899999141693115,2.4100000858306885,2.440000057220459,317000,0.0,0.0
2022-02-22 00:00:00-05:00,2.440000057220459,2.440000057220459,2.240000009536743,2.2899999618530273,465400,0.0,0.0
2022-02-23 00:00:00-05:00,2.3299999237060547,2.4000000953674316,2.259999990463257,2.2799999713897705,213500,0.0,0.0
2022-02-24 00:00:00-05:00,2.0799999237060547,2.490000009536743,2.0199999809265137,2.4800000190734863,274100,0.0,0.0
2022-02-25 00:00:00-05:00,2.5899999141693115,2.867000102996826,2.569999933242798,2.7799999713897705,566400,0.0,0.0
2022-02-28 00:00:00-05:00,2.7699999809265137,2.880000114440918,2.6559998989105225,2.7899999618530273,213300,0.0,0.0
2022-03-01 00:00:00-05:00,2.859999895095825,3.0399999618530273,2.819999933242798,2.880000114440918,428900,0.0,0.0
2022-03-02 00:00:00-05:00,2.950000047683716,2.9800000190734863,2.8499999046325684,2.9000000953674316,242500,0.0,0.0
2022-03-03 00:00:00-05:00,3.049999952316284,3.190000057220459,2.950000047683716,3.0399999618530273,397100,0.0,0.0
2022-03-04 00:00:00-05:00,3.009999990463257,3.0329999923706055,2.859999895095825,2.9000000953674316,379800,0.0,0.0
2022-03-07 00:00:00-05:00,2.9000000953674316,2.990000009536743,2.8499999046325684,2.940000057220459,233700,0.0,0.0
2022-03-08 00:00:00-05:00,2.9200000762939453,2.940000057220459,2.75,2.819999933242798,391100,0.0,0.0
2022-03-09 00:00:00-05:00,2.6700000762939453,2.934999942779541,2.619999885559082,2.799999952316284,397400,0.0,0.0
2022-03-10 00:00:00-05:00,2.7300000190734863,2.740000009536743,2.5,2.549999952316284,408300,0.0,0.0
2022-03-11 00:00:00-05:00,2.5399999618530273,2.680000066757202,2.5399999618530273,2.569999933242798,191500,0.0,0.0
2022-03-14 00:00:00-04:00,2.549999952316284,2.559999942779541,2.3299999237060547,2.3499999046325684,255600,0.0,0.0
2022-03-15 00:00:00-04:00,2.380000114440918,2.549999952316284,2.380000114440918,2.5199999809265137,241200,0.0,0.0
2022-03-16 00:00:00-04:00,2.5399999618530273,2.6419999599456787,2.5,2.609999895095825,145000,0.0,0.0
2022-03-17 00:00:00-04:00,2.8340001106262207,2.950000047683716,2.7100000381469727,2.880000114440918,2132000,0.0,0.0
2022-03-18 00:00:00-04:00,2.819999933242798,2.890000104904175,2.7200000286102295,2.740000009536743,388500,0.0,0.0
2022-03-21 00:00:00-04:00,2.7899999618530273,2.815000057220459,2.6600000858306885,2.75,263700,0.0,0.0
2022-03-22 00:00:00-04:00,2.7699999809265137,2.880000114440918,2.7109999656677246,2.859999895095825,177300,0.0,0.0
2022-03-23 00:00:00-04:00,2.8399999141693115,2.924999952316284,2.7850000858306885,2.859999895095825,159400,0.0,0.0
2022-03-24 00:00:00-04:00,2.880000114440918,2.940000057220459,2.809999942779541,2.9100000858306885,130200,0.0,0.0
2022-03-25 00:00:00-04:00,2.8499999046325684,2.890000104904175,2.759999990463257,2.7799999713897705,145400,0.0,0.0
2022-03-28 00:00:00-04:00,2.7799999713897705,2.805000066757202,2.5899999141693115,2.630000114440918,287200,0.0,0.0
2022-03-29 00:00:00-04:00,2.630000114440918,2.7799999713897705,2.630000114440918,2.700000047683716,153300,0.0,0.0
2022-03-30 00:00:00-04:00,2.7200000286102295,2.7799999713897705,2.630000114440918,2.680000066757202,184200,0.0,0.0
2022-03-31 00:00:00-04:00,2.6700000762939453,2.680000066757202,2.609999895095825,2.609999895095825,195000,0.0,0.0
2022-04-01 00:00:00-04:00,2.680000066757202,2.680000066757202,2.559999942779541,2.569999933242798,196700,0.0,0.0
2022-04-04 00:00:00-04:00,2.569999933242798,2.6600000858306885,2.434999942779541,2.4700000286102295,525000,0.0,0.0
2022-04-05 00:00:00-04:00,2.450000047683716,2.640000104904175,2.440000057220459,2.5,248700,0.0,0.0
2022-04-06 00:00:00-04:00,2.5,2.505000114440918,2.4000000953674316,2.4800000190734863,190100,0.0,0.0
2022-04-07 00:00:00-04:00,2.490000009536743,2.5139999389648438,2.390000104904175,2.4100000858306885,151800,0.0,0.0
2022-04-08 00:00:00-04:00,2.380000114440918,2.430000066757202,2.2699999809265137,2.2899999618530273,404700,0.0,0.0
2022-04-11 00:00:00-04:00,2.2899999618530273,2.2899999618530273,2.128999948501587,2.1600000858306885,210200,0.0,0.0
2022-04-12 00:00:00-04:00,2.119999885559082,2.259999990463257,2.0399999618530273,2.1600000858306885,905400,0.0,0.0
2022-04-13 00:00:00-04:00,2.1600000858306885,2.390000104904175,2.069999933242798,2.2200000286102295,552300,0.0,0.0
2022-04-14 00:00:00-04:00,2.240000009536743,2.240000009536743,2.059999942779541,2.0899999141693115,365300,0.0,0.0
2022-04-18 00:00:00-04:00,2.059999942779541,2.140000104904175,1.909999966621399,1.909999966621399,512900,0.0,0.0
2022-04-19 00:00:00-04:00,1.9199999570846558,2.119999885559082,1.9199999570846558,2.0899999141693115,268700,0.0,0.0
2022-04-20 00:00:00-04:00,2.119999885559082,2.1700000762939453,2.009999990463257,2.130000114440918,96800,0.0,0.0
2022-04-21 00:00:00-04:00,2.1500000953674316,2.1700000762939453,2.009999990463257,2.049999952316284,139900,0.0,0.0
2022-04-22 00:00:00-04:00,2.0199999809265137,2.0799999237060547,1.9500000476837158,2.0,222300,0.0,0.0
2022-04-25 00:00:00-04:00,1.9900000095367432,2.0350000858306885,1.8899999856948853,1.909999966621399,519600,0.0,0.0
2022-04-26 00:00:00-04:00,1.9199999570846558,1.934999942779541,1.690000057220459,1.690000057220459,501500,0.0,0.0
2022-04-27 00:00:00-04:00,1.7300000190734863,1.7319999933242798,1.5399999618530273,1.5700000524520874,587700,0.0,0.0
2022-04-28 00:00:00-04:00,1.6100000143051147,1.6299999952316284,1.3200000524520874,1.3899999856948853,982300,0.0,0.0
2022-04-29 00:00:00-04:00,1.399999976158142,1.4800000190734863,1.3799999952316284,1.399999976158142,456100,0.0,0.0
2022-05-02 00:00:00-04:00,1.399999976158142,1.4700000286102295,1.3799999952316284,1.409999966621399,290600,0.0,0.0
2022-05-03 00:00:00-04:00,1.409999966621399,1.465999960899353,1.3600000143051147,1.3700000047683716,311000,0.0,0.0
2022-05-04 00:00:00-04:00,1.3899999856948853,1.4500000476837158,1.253000020980835,1.4199999570846558,494600,0.0,0.0
2022-05-05 00:00:00-04:00,1.3899999856948853,1.399999976158142,1.2649999856948853,1.2699999809265137,312500,0.0,0.0
2022-05-06 00:00:00-04:00,1.25,1.2680000066757202,1.1699999570846558,1.2100000381469727,313100,0.0,0.0
2022-05-09 00:00:00-04:00,1.1799999475479126,1.1799999475479126,1.0199999809265137,1.0299999713897705,623500,0.0,0.0
2022-05-10 00:00:00-04:00,1.1100000143051147,1.149999976158142,1.0099999904632568,1.1299999952316284,660800,0.0,0.0
2022-05-11 00:00:00-04:00,1.149999976158142,1.149999976158142,1.0,1.0,409900,0.0,0.0
2022-05-12 00:00:00-04:00,1.0,1.100000023841858,0.9700000286102295,1.0700000524520874,712300,0.0,0.0
2022-05-13 00:00:00-04:00,1.0700000524520874,1.25,1.0700000524520874,1.2300000190734863,570200,0.0,0.0
2022-05-16 00:00:00-04:00,1.2300000190734863,1.3200000524520874,1.2200000286102295,1.25,190600,0.0,0.0
2022-05-17 00:00:00-04:00,1.2899999618530273,1.340000033378601,1.190000057220459,1.2100000381469727,270000,0.0,0.0
2022-05-18 00:00:00-04:00,1.2000000476837158,1.2230000495910645,1.1399999856948853,1.1699999570846558,251600,0.0,0.0
2022-05-19 00:00:00-04:00,1.159999966621399,1.2200000286102295,1.1200000047683716,1.1200000047683716,170300,0.0,0.0
2022-05-20 00:00:00-04:00,1.1299999952316284,1.1649999618530273,1.0399999618530273,1.0499999523162842,507300,0.0,0.0
2022-05-23 00:00:00-04:00,1.0800000429153442,1.1100000143051147,1.0399999618530273,1.0399999618530273,494400,0.0,0.0
2022-05-24 00:00:00-04:00,1.0499999523162842,1.059999942779541,1.0,1.0,484200,0.0,0.0
2022-05-25 00:00:00-04:00,1.0099999904632568,1.059999942779541,0.9580000042915344,0.9900000095367432,277000,0.0,0.0
2022-05-26 00:00:00-04:00,1.0399999618530273,1.0399999618530273,0.9599999785423279,0.9800000190734863,801700,0.0,0.0
2022-05-27 00:00:00-04:00,1.0,1.0399999618530273,0.972000002861023,1.0299999713897705,482000,0.0,0.0
2022-05-31 00:00:00-04:00,1.0299999713897705,1.0700000524520874,0.9900000095367432,0.9940000176429749,348900,0.0,0.0
2022-06-01 00:00:00-04:00,1.0,1.0299999713897705,0.9599999785423279,0.9769999980926514,445700,0.0,0.0
2022-06-02 00:00:00-04:00,0.9900000095367432,1.0,0.9449999928474426,0.949999988079071,359200,0.0,0.0
2022-06-03 00:00:00-04:00,0.9509999752044678,0.9800000190734863,0.9290000200271606,0.9599999785423279,355200,0.0,0.0
2022-06-06 00:00:00-04:00,0.9100000262260437,1.0,0.8600000143051147,0.8870000243186951,723600,0.0,0.0
2022-06-07 00:00:00-04:00,0.9100000262260437,0.9169999957084656,0.8700000047683716,0.8799999952316284,530800,0.0,0.0
2022-06-08 00:00:00-04:00,0.9300000071525574,0.9300000071525574,0.875,0.9020000100135803,320400,0.0,0.0
2022-06-09 00:00:00-04:00,0.9100000262260437,0.9539999961853027,0.9049999713897705,0.9120000004768372,392700,0.0,0.0
2022-06-10 00:00:00-04:00,0.9100000262260437,0.9399999976158142,0.8500000238418579,0.8629999756813049,429500,0.0,0.0
2022-06-13 00:00:00-04:00,0.8999999761581421,0.8999999761581421,0.8009999990463257,0.8199999928474426,667700,0.0,0.0
2022-06-14 00:00:00-04:00,0.8140000104904175,0.8899999856948853,0.8029999732971191,0.8349999785423279,411400,0.0,0.0
2022-06-15 00:00:00-04:00,0.8450000286102295,0.8939999938011169,0.8349999785423279,0.8840000033378601,5818500,0.0,0.0
2022-06-16 00:00:00-04:00,0.8600000143051147,0.8999999761581421,0.7120000123977661,0.7269999980926514,6845700,0.0,0.0
2022-06-17 00:00:00-04:00,0.75,0.7599999904632568,0.699999988079071,0.7059999704360962,2418400,0.0,0.0
2022-06-21 00:00:00-04:00,0.7099999785423279,0.7570000290870667,0.6499999761581421,0.7160000205039978,1320000,0.0,0.0
2022-06-22 00:00:00-04:00,0.6800000071525574,0.7409999966621399,0.6800000071525574,0.7129999995231628,921800,0.0,0.0
2022-06-23 00:00:00-04:00,0.703000009059906,0.7730000019073486,0.699999988079071,0.7599999904632568,893500,0.0,0.0
2022-06-24 00:00:00-04:00,0.7739999890327454,0.7900000214576721,0.699999988079071,0.7400000095367432,2409500,0.0,0.0
2022-06-27 00:00:00-04:00,0.7850000262260437,0.7900000214576721,0.722000002861023,0.7490000128746033,548800,0.0,0.0
2022-06-28 00:00:00-04:00,0.7549999952316284,0.7599999904632568,0.7200000286102295,0.7319999933242798,408900,0.0,0.0
2022-06-29 00:00:00-04:00,0.7300000190734863,0.7300000190734863,0.6700000166893005,0.6880000233650208,756300,0.0,0.0
2022-06-30 00:00:00-04:00,0.6800000071525574,0.6800000071525574,0.6259999871253967,0.6399999856948853,891700,0.0,0.0
2022-07-01 00:00:00-04:00,0.6399999856948853,0.6539999842643738,0.6179999709129333,0.6299999952316284,442300,0.0,0.0
2022-07-05 00:00:00-04:00,0.6399999856948853,0.7260000109672546,0.6200000047683716,0.7200000286102295,456500,0.0,0.0
2022-07-06 00:00:00-04:00,0.7200000286102295,0.7400000095367432,0.6949999928474426,0.7279999852180481,305100,0.0,0.0
2022-07-07 00:00:00-04:00,0.7279999852180481,0.7599999904632568,0.7279999852180481,0.7590000033378601,353800,0.0,0.0
2022-07-08 00:00:00-04:00,0.7699999809265137,0.7730000019073486,0.7200000286102295,0.7570000290870667,304300,0.0,0.0
2022-07-11 00:00:00-04:00,0.7599999904632568,0.9100000262260437,0.7369999885559082,0.8199999928474426,1244700,0.0,0.0
2022-07-12 00:00:00-04:00,0.8500000238418579,0.8510000109672546,0.7799999713897705,0.7960000038146973,531300,0.0,0.0
2022-07-13 00:00:00-04:00,0.7900000214576721,0.8759999871253967,0.7799999713897705,0.8379999995231628,553100,0.0,0.0
2022-07-14 00:00:00-04:00,0.8399999737739563,0.8500000238418579,0.7900000214576721,0.8149999976158142,322200,0.0,0.0
2022-07-15 00:00:00-04:00,0.8259999752044678,0.8870000243186951,0.800000011920929,0.8700000047683716,354200,0.0,0.0
2022-07-18 00:00:00-04:00,0.8600000143051147,0.8999999761581421,0.824999988079071,0.8309999704360962,344600,0.0,0.0
2022-07-19 00:00:00-04:00,0.8600000143051147,0.9200000166893005,0.8320000171661377,0.9100000262260437,327800,0.0,0.0
2022-07-20 00:00:00-04:00,0.9200000166893005,0.9800000190734863,0.9150000214576721,0.9670000076293945,470600,0.0,0.0
2022-07-21 00:00:00-04:00,0.9800000190734863,1.0299999713897705,0.949999988079071,1.0,401800,0.0,0.0
2022-07-22 00:00:00-04:00,1.0299999713897705,1.0299999713897705,0.8700000047683716,0.9110000133514404,493100,0.0,0.0
2022-07-25 00:00:00-04:00,0.9100000262260437,0.9200000166893005,0.8500000238418579,0.8629999756813049,236000,0.0,0.0
2022-07-26 00:00:00-04:00,0.8600000143051147,0.8870000243186951,0.800000011920929,0.8050000071525574,301100,0.0,0.0
2022-07-27 00:00:00-04:00,0.8399999737739563,0.8600000143051147,0.800000011920929,0.8479999899864197,292900,0.0,0.0
2022-07-28 00:00:00-04:00,0.8420000076293945,0.8600000143051147,0.800000011920929,0.8289999961853027,333700,0.0,0.0
2022-07-29 00:00:00-04:00,0.8199999928474426,0.8659999966621399,0.8100000023841858,0.8220000267028809,251800,0.0,0.0
2022-08-01 00:00:00-04:00,0.8399999737739563,0.8889999985694885,0.8100000023841858,0.8569999933242798,318900,0.0,0.0
2022-08-02 00:00:00-04:00,0.8700000047683716,0.890999972820282,0.8600000143051147,0.8799999952316284,339200,0.0,0.0
2022-08-03 00:00:00-04:00,0.9200000166893005,0.9210000038146973,0.8080000281333923,0.8379999995231628,706300,0.0,0.0
2022-08-04 00:00:00-04:00,0.8379999995231628,0.8799999952316284,0.8199999928474426,0.8500000238418579,289000,0.0,0.0
2022-08-05 00:00:00-04:00,0.8500000238418579,0.8799999952316284,0.8349999785423279,0.8799999952316284,158100,0.0,0.0
2022-08-08 00:00:00-04:00,0.8799999952316284,0.9700000286102295,0.8799999952316284,0.9700000286102295,418300,0.0,0.0
2022-08-09 00:00:00-04:00,0.9700000286102295,1.3600000143051147,0.9509999752044678,1.0399999618530273,8002600,0.0,0.0
2022-08-10 00:00:00-04:00,1.090000033378601,1.2400000095367432,1.0499999523162842,1.1699999570846558,1213800,0.0,0.0
2022-08-11 00:00:00-04:00,1.1699999570846558,1.4700000286102295,1.149999976158142,1.3899999856948853,1409400,0.0,0.0
2022-08-12 00:00:00-04:00,1.3899999856948853,1.7799999713897705,1.3899999856948853,1.7300000190734863,2334600,0.0,0.0
2022-08-15 00:00:00-04:00,1.75,1.7680000066757202,1.5700000524520874,1.600000023841858,1506700,0.0,0.0
2022-08-16 00:00:00-04:00,1.6100000143051147,1.6299999952316284,1.3600000143051147,1.5,951900,0.0,0.0
2022-08-17 00:00:00-04:00,1.5,1.559999942779541,1.3600000143051147,1.409999966621399,465100,0.0,0.0
2022-08-18 00:00:00-04:00,1.440000057220459,1.5700000524520874,1.3799999952316284,1.5299999713897705,385900,0.0,0.0
2022-08-19 00:00:00-04:00,1.4700000286102295,1.5299999713897705,1.4199999570846558,1.4299999475479126,324800,0.0,0.0
2022-08-22 00:00:00-04:00,1.4299999475479126,1.4900000095367432,1.309999942779541,1.3799999952316284,442700,0.0,0.0
2022-08-23 00:00:00-04:00,1.399999976158142,1.4299999475479126,1.340000033378601,1.350000023841858,326900,0.0,0.0
2022-08-24 00:00:00-04:00,1.3600000143051147,1.5800000429153442,1.3600000143051147,1.559999942779541,295800,0.0,0.0
2022-08-25 00:00:00-04:00,1.559999942779541,1.659999966621399,1.4700000286102295,1.5499999523162842,310400,0.0,0.0
2022-08-26 00:00:00-04:00,1.5700000524520874,1.5700000524520874,1.399999976158142,1.440000057220459,337500,0.0,0.0
2022-08-29 00:00:00-04:00,1.399999976158142,1.4700000286102295,1.3509999513626099,1.3600000143051147,318600,0.0,0.0
2022-08-30 00:00:00-04:00,1.409999966621399,1.600000023841858,1.3799999952316284,1.5199999809265137,998700,0.0,0.0
2022-08-31 00:00:00-04:00,1.4199999570846558,1.4700000286102295,1.149999976158142,1.4450000524520874,2536000,0.0,0.0
2022-09-01 00:00:00-04:00,1.3600000143051147,1.3899999856948853,1.2450000047683716,1.2899999618530273,600200,0.0,0.0
2022-09-02 00:00:00-04:00,1.3200000524520874,1.3799999952316284,1.2699999809265137,1.309999942779541,446700,0.0,0.0
2022-09-06 00:00:00-04:00,1.2999999523162842,1.2999999523162842,1.2300000190734863,1.25,460100,0.0,0.0
2022-09-07 00:00:00-04:00,1.340000033378601,1.5,1.2999999523162842,1.4700000286102295,1145500,0.0,0.0
2022-09-08 00:00:00-04:00,1.3899999856948853,1.4800000190734863,1.3799999952316284,1.4700000286102295,426900,0.0,0.0
2022-09-09 00:00:00-04:00,1.4900000095367432,1.49399995803833,1.399999976158142,1.4600000381469727,412300,0.0,0.0
2022-09-12 00:00:00-04:00,1.4700000286102295,1.5,1.3860000371932983,1.440000057220459,421700,0.0,0.0
2022-09-13 00:00:00-04:00,1.409999966621399,1.440000057220459,1.3600000143051147,1.3799999952316284,435100,0.0,0.0
2022-09-14 00:00:00-04:00,1.399999976158142,1.4490000009536743,1.309999942779541,1.3200000524520874,304600,0.0,0.0
2022-09-15 00:00:00-04:00,1.3200000524520874,1.3600000143051147,1.2799999713897705,1.2899999618530273,275500,0.0,0.0
2022-09-16 00:00:00-04:00,1.3200000524520874,1.3200000524520874,1.2029999494552612,1.2300000190734863,478400,0.0,0.0
2022-09-19 00:00:00-04:00,1.2000000476837158,1.215000033378601,1.1299999952316284,1.149999976158142,469100,0.0,0.0
2022-09-20 00:00:00-04:00,1.2000000476837158,1.2000000476837158,1.090000033378601,1.1200000047683716,549000,0.0,0.0
2022-09-21 00:00:00-04:00,1.1200000047683716,1.2000000476837158,1.0800000429153442,1.100000023841858,288300,0.0,0.0
2022-09-22 00:00:00-04:00,1.090000033378601,1.093000054359436,1.0499999523162842,1.0700000524520874,279500,0.0,0.0
2022-09-23 00:00:00-04:00,1.0499999523162842,1.100000023841858,1.0399999618530273,1.090000033378601,255000,0.0,0.0
2022-09-26 00:00:00-04:00,1.0800000429153442,1.1699999570846558,1.0700000524520874,1.1200000047683716,192300,0.0,0.0
2022-09-27 00:00:00-04:00,1.2549999952316284,1.2699999809265137,1.1200000047683716,1.1399999856948853,13974800,0.0,0.0
2022-09-28 00:00:00-04:00,1.059999942779541,1.1799999475479126,1.0399999618530273,1.159999966621399,1181700,0.0,0.0
2022-09-29 00:00:00-04:00,1.1200000047683716,1.1369999647140503,1.0540000200271606,1.1200000047683716,399000,0.0,0.0
2022-09-30 00:00:00-04:00,1.100000023841858,1.2400000095367432,1.0700000524520874,1.1699999570846558,916500,0.0,0.0
2022-10-03 00:00:00-04:00,1.1699999570846558,1.2100000381469727,1.1299999952316284,1.1799999475479126,412000,0.0,0.0
2022-10-04 00:00:00-04:00,1.2000000476837158,1.2300000190734863,1.1349999904632568,1.1399999856948853,667100,0.0,0.0
2022-10-05 00:00:00-04:00,1.1100000143051147,1.1699999570846558,1.0700000524520874,1.149999976158142,315500,0.0,0.0
2022-10-06 00:00:00-04:00,1.1200000047683716,1.159999966621399,1.090000033378601,1.1100000143051147,395200,0.0,0.0
2022-10-07 00:00:00-04:00,1.1100000143051147,1.149999976158142,1.0499999523162842,1.0549999475479126,615300,0.0,0.0
2022-10-10 00:00:00-04:00,1.059999942779541,1.090000033378601,1.0,1.0199999809265137,481800,0.0,0.0
2022-10-11 00:00:00-04:00,1.0399999618530273,1.1299999952316284,1.0199999809265137,1.0800000429153442,632300,0.0,0.0
2022-10-12 00:00:00-04:00,1.100000023841858,1.100000023841858,0.9549999833106995,1.0099999904632568,504400,0.0,0.0
2022-10-13 00:00:00-04:00,1.0,1.0499999523162842,0.949999988079071,1.0,436900,0.0,0.0
2022-10-14 00:00:00-04:00,1.0099999904632568,1.0199999809265137,0.8799999952316284,0.9399999976158142,673000,0.0,0.0
2022-10-17 00:00:00-04:00,0.9399999976158142,0.9700000286102295,0.9010000228881836,0.9200000166893005,303300,0.0,0.0
2022-10-18 00:00:00-04:00,0.9300000071525574,0.9800000190734863,0.9200000166893005,0.9399999976158142,189000,0.0,0.0
2022-10-19 00:00:00-04:00,0.949999988079071,0.9559999704360962,0.8600000143051147,0.875,237500,0.0,0.0
2022-10-20 00:00:00-04:00,0.8999999761581421,0.9300000071525574,0.8510000109672546,0.8999999761581421,271700,0.0,0.0
2022-10-21 00:00:00-04:00,0.9200000166893005,0.9259999990463257,0.8700000047683716,0.8999999761581421,201600,0.0,0.0
2022-10-24 00:00:00-04:00,0.9269999861717224,0.9300000071525574,0.8500000238418579,0.8899999856948853,300900,0.0,0.0
2022-10-25 00:00:00-04:00,0.871999979019165,0.9300000071525574,0.871999979019165,0.9129999876022339,241000,0.0,0.0
2022-10-26 00:00:00-04:00,0.9200000166893005,0.9599999785423279,0.9010000228881836,0.9020000100135803,301700,0.0,0.0
2022-10-27 00:00:00-04:00,0.9359999895095825,0.9449999928474426,0.8799999952316284,0.8930000066757202,262800,0.0,0.0
2022-10-28 00:00:00-04:00,0.9100000262260437,0.9300000071525574,0.8519999980926514,0.8600000143051147,443300,0.0,0.0
2022-10-31 00:00:00-04:00,0.8550000190734863,0.8999999761581421,0.8500000238418579,0.8700000047683716,252200,0.0,0.0
2022-11-01 00:00:00-04:00,0.9089999794960022,0.9089999794960022,0.8199999928474426,0.8560000061988831,565900,0.0,0.0
2022-11-02 00:00:00-04:00,0.8999999761581421,0.8999999761581421,0.8199999928474426,0.8399999737739563,334300,0.0,0.0
2022-11-03 00:00:00-04:00,0.8209999799728394,0.8799999952316284,0.8209999799728394,0.8619999885559082,109100,0.0,0.0
2022-11-04 00:00:00-04:00,0.8500000238418579,0.8980000019073486,0.8500000238418579,0.875,350000,0.0,0.0
2022-11-07 00:00:00-05:00,0.8999999761581421,0.9200000166893005,0.8799999952316284,0.9139999747276306,206900,0.0,0.0
2022-11-08 00:00:00-05:00,0.9110000133514404,0.9279999732971191,0.8920000195503235,0.9100000262260437,220600,0.0,0.0
2022-11-09 00:00:00-05:00,0.9100000262260437,0.9200000166893005,0.890999972820282,0.9039999842643738,354700,0.0,0.0
2022-11-10 00:00:00-05:00,0.9200000166893005,1.0299999713897705,0.9100000262260437,1.0099999904632568,678300,0.0,0.0
2022-11-11 00:00:00-05:00,1.0099999904632568,1.0800000429153442,0.9800000190734863,1.0499999523162842,401100,0.0,0.0
2022-11-14 00:00:00-05:00,1.0499999523162842,1.1299999952316284,1.0099999904632568,1.0299999713897705,422500,0.0,0.0
2022-11-15 00:00:00-05:00,1.0700000524520874,1.100000023841858,1.024999976158142,1.0499999523162842,300000,0.0,0.0
2022-11-16 00:00:00-05:00,1.0700000524520874,1.0700000524520874,0.996999979019165,1.0299999713897705,183000,0.0,0.0
2022-11-17 00:00:00-05:00,1.0,1.0299999713897705,0.949999988079071,0.972000002861023,247400,0.0,0.0
2022-11-18 00:00:00-05:00,0.9900000095367432,1.0399999618530273,0.9599999785423279,0.9869999885559082,212600,0.0,0.0
2022-11-21 00:00:00-05:00,1.0,1.0,0.9100000262260437,0.9100000262260437,223000,0.0,0.0
2022-11-22 00:00:00-05:00,0.949999988079071,0.9700000286102295,0.8999999761581421,0.9039999842643738,244100,0.0,0.0
2022-11-23 00:00:00-05:00,0.9399999976158142,0.9399999976158142,0.8999999761581421,0.9290000200271606,339600,0.0,0.0
2022-11-25 00:00:00-05:00,0.9300000071525574,0.949999988079071,0.9100000262260437,0.9200000166893005,99200,0.0,0.0
2022-11-28 00:00:00-05:00,0.9070000052452087,0.9290000200271606,0.8799999952316284,0.8930000066757202,152200,0.0,0.0
2022-11-29 00:00:00-05:00,0.9120000004768372,0.9480000138282776,0.8799999952316284,0.8799999952316284,287800,0.0,0.0
2022-11-30 00:00:00-05:00,0.9089999794960022,0.9399999976158142,0.8899999856948853,0.9279999732971191,204600,0.0,0.0
2022-12-01 00:00:00-05:00,0.9200000166893005,0.949999988079071,0.9200000166893005,0.9350000023841858,177400,0.0,0.0
2022-12-02 00:00:00-05:00,0.9300000071525574,0.9629999995231628,0.9150000214576721,0.9509999752044678,153700,0.0,0.0
2022-12-05 00:00:00-05:00,0.9620000123977661,0.9700000286102295,0.8999999761581421,0.9100000262260437,333300,0.0,0.0
2022-12-06 00:00:00-05:00,0.9210000038146973,0.9330000281333923,0.8999999761581421,0.8999999761581421,136300,0.0,0.0
2022-12-07 00:00:00-05:00,0.9100000262260437,0.9100000262260437,0.8799999952316284,0.8899999856948853,152400,0.0,0.0
2022-12-08 00:00:00-05:00,0.9290000200271606,0.9290000200271606,0.8899999856948853,0.9100000262260437,194300,0.0,0.0
2022-12-09 00:00:00-05:00,0.9100000262260437,0.9430000185966492,0.9100000262260437,0.9359999895095825,83200,0.0,0.0
2022-12-12 00:00:00-05:00,0.9300000071525574,0.949999988079071,0.9100000262260437,0.9369999766349792,79900,0.0,0.0
2022-12-13 00:00:00-05:00,0.9399999976158142,0.9599999785423279,0.890999972820282,0.9300000071525574,373100,0.0,0.0
2022-12-14 00:00:00-05:00,0.9269999861717224,0.949999988079071,0.9150000214576721,0.9200000166893005,168600,0.0,0.0
2022-12-15 00:00:00-05:00,0.9010000228881836,0.9200000166893005,0.8899999856948853,0.8999999761581421,329100,0.0,0.0
2022-12-16 00:00:00-05:00,0.8999999761581421,0.9449999928474426,0.8999999761581421,0.9049999713897705,270200,0.0,0.0
2022-12-19 00:00:00-05:00,0.9200000166893005,0.9300000071525574,0.8899999856948853,0.890999972820282,225800,0.0,0.0
2022-12-20 00:00:00-05:00,0.8930000066757202,0.9399999976158142,0.8700000047683716,0.9020000100135803,231900,0.0,0.0
2022-12-21 00:00:00-05:00,0.9079999923706055,0.9399999976158142,0.8999999761581421,0.9150000214576721,191000,0.0,0.0
2022-12-22 00:00:00-05:00,0.9110000133514404,0.9610000252723694,0.9049999713897705,0.9129999876022339,683200,0.0,0.0
2022-12-23 00:00:00-05:00,0.9300000071525574,0.9300000071525574,0.8700000047683716,0.9300000071525574,280700,0.0,0.0
2022-12-27 00:00:00-05:00,0.8939999938011169,0.9200000166893005,0.8500000238418579,0.8640000224113464,369700,0.0,0.0
2022-12-28 00:00:00-05:00,0.8299999833106995,0.8830000162124634,0.7609999775886536,0.7730000019073486,646200,0.0,0.0
2022-12-29 00:00:00-05:00,0.8069999814033508,0.8600000143051147,0.7799999713897705,0.8299999833106995,434400,0.0,0.0
2022-12-30 00:00:00-05:00,0.8489999771118164,0.9020000100135803,0.800000011920929,0.9020000100135803,262600,0.0,0.0
2023-01-03 00:00:00-05:00,0.8949999809265137,0.9200000166893005,0.8149999976158142,0.8999999761581421,466300,0.0,0.0
2023-01-04 00:00:00-05:00,0.8899999856948853,0.9100000262260437,0.8529999852180481,0.8899999856948853,151100,0.0,0.0
2023-01-05 00:00:00-05:00,0.8899999856948853,0.8960000276565552,0.8700000047683716,0.8799999952316284,76500,0.0,0.0
2023-01-06 00:00:00-05:00,0.8700000047683716,0.921999990940094,0.8510000109672546,0.8920000195503235,278200,0.0,0.0
2023-01-09 00:00:00-05:00,0.8999999761581421,0.949999988079071,0.8999999761581421,0.9300000071525574,232500,0.0,0.0
2023-01-10 00:00:00-05:00,0.9229999780654907,1.031000018119812,0.9200000166893005,0.9900000095367432,472100,0.0,0.0
2023-01-11 00:00:00-05:00,0.9900000095367432,1.0299999713897705,0.9649999737739563,0.9819999933242798,281900,0.0,0.0
2023-01-12 00:00:00-05:00,1.0,1.0199999809265137,0.9710000157356262,0.9900000095367432,245100,0.0,0.0
2023-01-13 00:00:00-05:00,1.0099999904632568,1.0099999904632568,0.9399999976158142,0.9900000095367432,176300,0.0,0.0
2023-01-17 00:00:00-05:00,0.9900000095367432,1.0099999904632568,0.9900000095367432,1.0,226600,0.0,0.0
2023-01-18 00:00:00-05:00,1.0,1.0099999904632568,0.9399999976158142,0.949999988079071,231900,0.0,0.0
2023-01-19 00:00:00-05:00,0.949999988079071,0.9990000128746033,0.9139999747276306,0.9309999942779541,154200,0.0,0.0
2023-01-20 00:00:00-05:00,0.949999988079071,0.9700000286102295,0.921999990940094,0.9240000247955322,223400,0.0,0.0
2023-01-23 00:00:00-05:00,0.9490000009536743,0.949999988079071,0.925000011920929,0.9449999928474426,118800,0.0,0.0
2023-01-24 00:00:00-05:00,0.9449999928474426,0.9599999785423279,0.8899999856948853,0.8930000066757202,221900,0.0,0.0
2023-01-25 00:00:00-05:00,0.9200000166893005,0.9200000166893005,0.8880000114440918,0.8989999890327454,198100,0.0,0.0
2023-01-26 00:00:00-05:00,0.9200000166893005,0.9300000071525574,0.8700000047683716,0.8899999856948853,168500,0.0,0.0
2023-01-27 00:00:00-05:00,0.8899999856948853,0.9179999828338623,0.8799999952316284,0.8870000243186951,189400,0.0,0.0
2023-01-30 00:00:00-05:00,0.8999999761581421,0.9100000262260437,0.8700000047683716,0.8759999871253967,158100,0.0,0.0
2023-01-31 00:00:00-05:00,0.8759999871253967,0.8999999761581421,0.8700000047683716,0.8899999856948853,257400,0.0,0.0
2023-02-01 00:00:00-05:00,0.8799999952316284,0.8999999761581421,0.8769999742507935,0.8799999952316284,128900,0.0,0.0
2023-02-02 00:00:00-05:00,0.8989999890327454,0.9049999713897705,0.8600000143051147,0.8790000081062317,679900,0.0,0.0
2023-02-03 00:00:00-05:00,0.8989999890327454,0.8989999890327454,0.8500000238418579,0.8600000143051147,224700,0.0,0.0
2023-02-06 00:00:00-05:00,0.8650000095367432,0.9100000262260437,0.8399999737739563,0.8999999761581421,308600,0.0,0.0
2023-02-07 00:00:00-05:00,0.8999999761581421,0.8999999761581421,0.8640000224113464,0.8939999938011169,169300,0.0,0.0
2023-02-08 00:00:00-05:00,0.8939999938011169,0.8999999761581421,0.8610000014305115,0.8899999856948853,128000,0.0,0.0
2023-02-09 00:00:00-05:00,0.8799999952316284,0.8999999761581421,0.8500000238418579,0.8640000224113464,162700,0.0,0.0
2023-02-10 00:00:00-05:00,0.8500000238418579,0.8930000066757202,0.8500000238418579,0.8700000047683716,167500,0.0,0.0
2023-02-13 00:00:00-05:00,0.8600000143051147,0.8899999856948853,0.8199999928474426,0.8399999737739563,272200,0.0,0.0
2023-02-14 00:00:00-05:00,0.859000027179718,0.8619999885559082,0.7940000295639038,0.8159999847412109,765600,0.0,0.0
2023-02-15 00:00:00-05:00,0.8109999895095825,0.847000002861023,0.7390000224113464,0.7400000095367432,527200,0.0,0.0
2023-02-16 00:00:00-05:00,0.800000011920929,0.8349999785423279,0.7419999837875366,0.8180000185966492,479800,0.0,0.0
2023-02-17 00:00:00-05:00,0.8090000152587891,0.8180000185966492,0.7799999713897705,0.8140000104904175,128100,0.0,0.0
2023-02-21 00:00:00-05:00,0.8270000219345093,0.8360000252723694,0.7699999809265137,0.7950000166893005,199600,0.0,0.0
2023-02-22 00:00:00-05:00,0.8009999990463257,0.8199999928474426,0.75,0.781000018119812,209100,0.0,0.0
2023-02-23 00:00:00-05:00,0.8199999928474426,0.8270000219345093,0.7599999904632568,0.8140000104904175,532200,0.0,0.0
2023-02-24 00:00:00-05:00,0.8180000185966492,0.824999988079071,0.7799999713897705,0.8100000023841858,229800,0.0,0.0
2023-02-27 00:00:00-05:00,0.8169999718666077,0.8169999718666077,0.7699999809265137,0.7870000004768372,157900,0.0,0.0
2023-02-28 00:00:00-05:00,0.7799999713897705,0.800000011920929,0.7699999809265137,0.7829999923706055,142000,0.0,0.0
2023-03-01 00:00:00-05:00,0.8090000152587891,0.8100000023841858,0.7409999966621399,0.7699999809265137,282000,0.0,0.0
2023-03-02 00:00:00-05:00,0.7739999890327454,0.800000011920929,0.7400000095367432,0.7699999809265137,314400,0.0,0.0
2023-03-03 00:00:00-05:00,0.7900000214576721,0.8100000023841858,0.7519999742507935,0.7900000214576721,380100,0.0,0.0
2023-03-06 00:00:00-05:00,0.7799999713897705,0.8330000042915344,0.7799999713897705,0.8050000071525574,323000,0.0,0.0
2023-03-07 00:00:00-05:00,0.800000011920929,0.8799999952316284,0.800000011920929,0.8500000238418579,431700,0.0,0.0
2023-03-08 00:00:00-05:00,0.7749999761581421,0.8700000047683716,0.7649999856948853,0.8500000238418579,487600,0.0,0.0
2023-03-09 00:00:00-05:00,0.8600000143051147,0.9150000214576721,0.7799999713897705,0.8100000023841858,1466800,0.0,0.0
2023-03-10 00:00:00-05:00,0.7850000262260437,0.8100000023841858,0.7649999856948853,0.7940000295639038,320300,0.0,0.0
2023-03-13 00:00:00-04:00,0.7699999809265137,0.8240000009536743,0.7699999809265137,0.7860000133514404,167300,0.0,0.0
2023-03-14 00:00:00-04:00,0.8309999704360962,0.8349999785423279,0.75,0.7549999952316284,414400,0.0,0.0
2023-03-15 00:00:00-04:00,0.765999972820282,0.7699999809265137,0.7200000286102295,0.7250000238418579,338700,0.0,0.0
2023-03-16 00:00:00-04:00,0.765999972820282,0.7699999809265137,0.7300000190734863,0.7580000162124634,152200,0.0,0.0
2023-03-17 00:00:00-04:00,0.7620000243186951,0.796999990940094,0.7480000257492065,0.777999997138977,189400,0.0,0.0
2023-03-20 00:00:00-04:00,0.800000011920929,0.8100000023841858,0.7699999809265137,0.7919999957084656,163400,0.0,0.0
2023-03-21 00:00:00-04:00,0.8100000023841858,0.8199999928474426,0.781000018119812,0.8100000023841858,157700,0.0,0.0
2023-03-22 00:00:00-04:00,0.8199999928474426,0.8299999833106995,0.7820000052452087,0.8199999928474426,176500,0.0,0.0
2023-03-23 00:00:00-04:00,0.8399999737739563,0.8399999737739563,0.7900000214576721,0.8199999928474426,167800,0.0,0.0
2023-03-24 00:00:00-04:00,0.8299999833106995,0.8399999737739563,0.7950000166893005,0.8399999737739563,151000,0.0,0.0
2023-03-27 00:00:00-04:00,0.8299999833106995,0.8600000143051147,0.8199999928474426,0.8600000143051147,105000,0.0,0.0
2023-03-28 00:00:00-04:00,0.8500000238418579,0.9139999747276306,0.8220000267028809,0.8960000276565552,162500,0.0,0.0
2023-03-29 00:00:00-04:00,0.9200000166893005,1.0199999809265137,0.9020000100135803,1.0,513900,0.0,0.0
2023-03-30 00:00:00-04:00,1.0299999713897705,1.149999976158142,1.0,1.149999976158142,617700,0.0,0.0
2023-03-31 00:00:00-04:00,1.1799999475479126,1.2200000286102295,1.100000023841858,1.1399999856948853,518400,0.0,0.0
2023-04-03 00:00:00-04:00,1.149999976158142,1.159999966621399,1.0099999904632568,1.059999942779541,498100,0.0,0.0
2023-04-04 00:00:00-04:00,1.059999942779541,1.1100000143051147,1.059999942779541,1.100000023841858,232000,0.0,0.0
2023-04-05 00:00:00-04:00,1.100000023841858,1.1299999952316284,1.0499999523162842,1.1200000047683716,170400,0.0,0.0
2023-04-06 00:00:00-04:00,1.1399999856948853,1.2000000476837158,1.0859999656677246,1.1699999570846558,362700,0.0,0.0
2023-04-10 00:00:00-04:00,1.1699999570846558,1.190000057220459,1.1100000143051147,1.1399999856948853,162400,0.0,0.0
2023-04-11 00:00:00-04:00,1.1200000047683716,1.149999976158142,1.100000023841858,1.1100000143051147,134100,0.0,0.0
2023-04-12 00:00:00-04:00,1.1100000143051147,1.1890000104904175,1.100000023841858,1.1200000047683716,127500,0.0,0.0
2023-04-13 00:00:00-04:00,1.1299999952316284,1.190000057220459,1.1200000047683716,1.190000057220459,155300,0.0,0.0
2023-04-14 00:00:00-04:00,1.190000057220459,1.2799999713897705,1.190000057220459,1.2699999809265137,334000,0.0,0.0
2023-04-17 00:00:00-04:00,1.2799999713897705,1.4199999570846558,1.2699999809265137,1.375,457400,0.0,0.0
2023-04-18 00:00:00-04:00,1.399999976158142,1.4199999570846558,1.2200000286102295,1.2999999523162842,508300,0.0,0.0
2023-04-19 00:00:00-04:00,1.2999999523162842,1.409999966621399,1.2999999523162842,1.3799999952316284,178500,0.0,0.0
2023-04-20 00:00:00-04:00,1.399999976158142,1.440000057220459,1.340000033378601,1.3799999952316284,309800,0.0,0.0
2023-04-21 00:00:00-04:00,1.3899999856948853,1.4299999475479126,1.350000023841858,1.3899999856948853,196500,0.0,0.0
2023-04-24 00:00:00-04:00,1.399999976158142,1.4199999570846558,1.2999999523162842,1.3600000143051147,131700,0.0,0.0
2023-04-25 00:00:00-04:00,1.350000023841858,1.3700000047683716,1.2200000286102295,1.2799999713897705,369400,0.0,0.0
2023-04-26 00:00:00-04:00,1.2999999523162842,1.309999942779541,1.149999976158142,1.25,263100,0.0,0.0
2023-04-27 00:00:00-04:00,1.2400000095367432,1.2799999713897705,1.190000057220459,1.2699999809265137,172600,0.0,0.0
2023-04-28 00:00:00-04:00,1.25,1.350000023841858,1.25,1.340000033378601,130200,0.0,0.0
2023-05-01 00:00:00-04:00,1.2899999618530273,1.440000057220459,1.284999966621399,1.3899999856948853,214700,0.0,0.0
2023-05-02 00:00:00-04:00,1.409999966621399,1.4199999570846558,1.3200000524520874,1.3899999856948853,262500,0.0,0.0
2023-05-03 00:00:00-04:00,1.5199999809265137,1.7999999523162842,1.4500000476837158,1.6799999475479126,1477000,0.0,0.0
2023-05-04 00:00:00-04:00,1.690000057220459,1.9700000286102295,1.6799999475479126,1.9600000381469727,1042500,0.0,0.0
2023-05-05 00:00:00-04:00,2.0,2.4000000953674316,1.909999966621399,2.0399999618530273,1779200,0.0,0.0
2023-05-08 00:00:00-04:00,2.1700000762939453,2.4000000953674316,2.130000114440918,2.25,1454300,0.0,0.0
2023-05-09 00:00:00-04:00,2.200000047683716,2.4200000762939453,2.1570000648498535,2.3299999237060547,1046700,0.0,0.0
2023-05-10 00:00:00-04:00,2.380000114440918,2.5989999771118164,2.2100000381469727,2.440000057220459,1272700,0.0,0.0
2023-05-11 00:00:00-04:00,2.4700000286102295,2.6500000953674316,2.450000047683716,2.490000009536743,892400,0.0,0.0
2023-05-12 00:00:00-04:00,2.5399999618530273,2.5399999618530273,1.7000000476837158,1.9700000286102295,3077400,0.0,0.0
2023-05-15 00:00:00-04:00,2.049999952316284,2.2699999809265137,2.049999952316284,2.1500000953674316,1253200,0.0,0.0
2023-05-16 00:00:00-04:00,2.1700000762939453,2.1700000762939453,1.9500000476837158,2.0999999046325684,730300,0.0,0.0
2023-05-17 00:00:00-04:00,2.130000114440918,2.130000114440918,1.9500000476837158,2.049999952316284,673700,0.0,0.0
2023-05-18 00:00:00-04:00,2.015000104904175,2.0899999141693115,1.9700000286102295,2.009999990463257,494300,0.0,0.0
2023-05-19 00:00:00-04:00,1.9900000095367432,2.180000066757202,1.9199999570846558,2.1700000762939453,712500,0.0,0.0
2023-05-22 00:00:00-04:00,2.1600000858306885,2.4549999237060547,2.1500000953674316,2.4100000858306885,1087800,0.0,0.0
2023-05-23 00:00:00-04:00,2.440000057220459,2.690000057220459,2.3499999046325684,2.380000114440918,1018400,0.0,0.0
2023-05-24 00:00:00-04:00,2.3499999046325684,2.4000000953674316,2.200000047683716,2.2799999713897705,524900,0.0,0.0
2023-05-25 00:00:00-04:00,2.299999952316284,2.380000114440918,2.1700000762939453,2.2200000286102295,1276100,0.0,0.0
2023-05-26 00:00:00-04:00,2.25,2.309999942779541,2.2100000381469727,2.240000009536743,579800,0.0,0.0
2023-05-30 00:00:00-04:00,2.1700000762939453,2.2200000286102295,1.9900000095367432,2.059999942779541,869700,0.0,0.0
2023-05-31 00:00:00-04:00,2.0799999237060547,2.3399999141693115,2.055000066757202,2.309999942779541,456600,0.0,0.0
2023-06-01 00:00:00-04:00,2.3499999046325684,2.375,2.25,2.309999942779541,485700,0.0,0.0
2023-06-02 00:00:00-04:00,2.309999942779541,2.369999885559082,2.2100000381469727,2.259999990463257,380900,0.0,0.0
2023-06-05 00:00:00-04:00,2.2200000286102295,2.2200000286102295,2.109999895095825,2.1600000858306885,427200,0.0,0.0
2023-06-06 00:00:00-04:00,2.1700000762939453,2.309999942779541,2.121999979019165,2.240000009536743,480000,0.0,0.0
2023-06-07 00:00:00-04:00,2.2200000286102295,2.2899999618530273,2.1500000953674316,2.1700000762939453,503500,0.0,0.0
2023-06-08 00:00:00-04:00,2.1600000858306885,2.2200000286102295,2.059999942779541,2.1500000953674316,311000,0.0,0.0
2023-06-09 00:00:00-04:00,2.1500000953674316,2.2100000381469727,2.069999933242798,2.119999885559082,443100,0.0,0.0
2023-06-12 00:00:00-04:00,2.109999895095825,2.1500000953674316,2.049999952316284,2.0799999237060547,388000,0.0,0.0
2023-06-13 00:00:00-04:00,2.0799999237060547,2.3399999141693115,2.0799999237060547,2.259999990463257,754300,0.0,0.0
2023-06-14 00:00:00-04:00,2.2799999713897705,2.319000005722046,2.0899999141693115,2.2100000381469727,379100,0.0,0.0
2023-06-15 00:00:00-04:00,2.180000066757202,2.2300000190734863,2.119999885559082,2.1600000858306885,407800,0.0,0.0
2023-06-16 00:00:00-04:00,2.1600000858306885,2.190000057220459,2.0929999351501465,2.1600000858306885,280000,0.0,0.0
2023-06-20 00:00:00-04:00,2.130000114440918,2.1600000858306885,2.0199999809265137,2.049999952316284,461500,0.0,0.0
2023-06-21 00:00:00-04:00,2.0299999713897705,2.069999933242798,1.8509999513626099,2.0199999809265137,1071300,0.0,0.0
2023-06-22 00:00:00-04:00,1.9800000190734863,2.0399999618530273,1.8799999952316284,1.8899999856948853,583700,0.0,0.0
2023-06-23 00:00:00-04:00,1.899999976158142,1.899999976158142,1.7999999523162842,1.8300000429153442,346100,0.0,0.0
2023-06-26 00:00:00-04:00,1.840000033378601,1.840000033378601,1.6399999856948853,1.659999966621399,707600,0.0,0.0
2023-06-27 00:00:00-04:00,1.690000057220459,1.75,1.6549999713897705,1.659999966621399,498300,0.0,0.0
2023-06-28 00:00:00-04:00,1.6799999475479126,1.690000057220459,1.5720000267028809,1.590000033378601,428800,0.0,0.0
2023-06-29 00:00:00-04:00,1.6100000143051147,1.6100000143051147,1.3300000429153442,1.590000033378601,648200,0.0,0.0
2023-06-30 00:00:00-04:00,1.590000033378601,1.6799999475479126,1.5850000381469727,1.649999976158142,244000,0.0,0.0
2023-07-03 00:00:00-04:00,1.5800000429153442,1.6419999599456787,1.5800000429153442,1.6100000143051147,219400,0.0,0.0
2023-07-05 00:00:00-04:00,1.6100000143051147,1.7799999713897705,1.5750000476837158,1.659999966621399,882600,0.0,0.0
2023-07-06 00:00:00-04:00,1.6799999475479126,1.7400000095367432,1.600000023841858,1.7000000476837158,409600,0.0,0.0
2023-07-07 00:00:00-04:00,1.690000057220459,1.7050000429153442,1.600000023841858,1.659999966621399,272700,0.0,0.0
2023-07-10 00:00:00-04:00,1.649999976158142,1.7000000476837158,1.590000033378601,1.649999976158142,264100,0.0,0.0
2023-07-11 00:00:00-04:00,1.659999966621399,1.659999966621399,1.590000033378601,1.6100000143051147,284700,0.0,0.0
2023-07-12 00:00:00-04:00,1.600000023841858,1.6749999523162842,1.600000023841858,1.6200000047683716,313300,0.0,0.0
2023-07-13 00:00:00-04:00,1.649999976158142,1.6749999523162842,1.6100000143051147,1.6399999856948853,232000,0.0,0.0
2023-07-14 00:00:00-04:00,1.6299999952316284,1.649999976158142,1.5499999523162842,1.559999942779541,292900,0.0,0.0
2023-07-17 00:00:00-04:00,1.559999942779541,1.649999976158142,1.5299999713897705,1.6100000143051147,302000,0.0,0.0
2023-07-18 00:00:00-04:00,1.6200000047683716,1.6649999618530273,1.590000033378601,1.6399999856948853,188400,0.0,0.0
2023-07-19 00:00:00-04:00,1.649999976158142,1.7280000448226929,1.6299999952316284,1.6799999475479126,236000,0.0,0.0
2023-07-20 00:00:00-04:00,1.690000057220459,1.690000057220459,1.590000033378601,1.600000023841858,287100,0.0,0.0
2023-07-21 00:00:00-04:00,1.600000023841858,1.6100000143051147,1.5299999713897705,1.5800000429153442,224900,0.0,0.0
2023-07-24 00:00:00-04:00,1.559999942779541,1.659999966621399,1.5499999523162842,1.5499999523162842,319100,0.0,0.0
2023-07-25 00:00:00-04:00,1.559999942779541,1.649999976158142,1.559999942779541,1.600000023841858,372900,0.0,0.0
2023-07-26 00:00:00-04:00,1.600000023841858,1.7100000381469727,1.590000033378601,1.7000000476837158,308600,0.0,0.0
2023-07-27 00:00:00-04:00,1.7100000381469727,1.7799999713897705,1.684999942779541,1.7000000476837158,406500,0.0,0.0
2023-07-28 00:00:00-04:00,1.75,1.9299999475479126,1.7200000286102295,1.9199999570846558,969600,0.0,0.0
2023-07-31 00:00:00-04:00,2.0,2.2699999809265137,2.0,2.190000057220459,1367900,0.0,0.0
2023-08-01 00:00:00-04:00,2.2799999713897705,2.2799999713897705,2.0799999237060547,2.240000009536743,638200,0.0,0.0
2023-08-02 00:00:00-04:00,2.240000009536743,2.2899999618530273,2.0899999141693115,2.1700000762939453,565400,0.0,0.0
2023-08-03 00:00:00-04:00,2.200000047683716,2.2300000190734863,2.1500000953674316,2.180000066757202,306900,0.0,0.0
2023-08-04 00:00:00-04:00,2.2200000286102295,2.239000082015991,2.010999917984009,2.0899999141693115,513800,0.0,0.0
2023-08-07 00:00:00-04:00,2.059999942779541,2.072999954223633,1.8899999856948853,2.049999952316284,676800,0.0,0.0
2023-08-08 00:00:00-04:00,2.1700000762939453,2.1700000762939453,1.7699999809265137,1.940000057220459,771200,0.0,0.0
2023-08-09 00:00:00-04:00,1.9700000286102295,2.059999942779541,1.940000057220459,2.009999990463257,247300,0.0,0.0
2023-08-10 00:00:00-04:00,2.009999990463257,2.0899999141693115,1.9199999570846558,1.9500000476837158,370200,0.0,0.0
2023-08-11 00:00:00-04:00,1.9299999475479126,1.9600000381469727,1.8799999952316284,1.940000057220459,234900,0.0,0.0
2023-08-14 00:00:00-04:00,1.9199999570846558,1.9199999570846558,1.8259999752044678,1.850000023841858,339300,0.0,0.0
2023-08-15 00:00:00-04:00,1.8200000524520874,1.9700000286102295,1.8200000524520874,1.850000023841858,252600,0.0,0.0
2023-08-16 00:00:00-04:00,1.850000023841858,1.8899999856948853,1.809999942779541,1.8200000524520874,167400,0.0,0.0
2023-08-17 00:00:00-04:00,1.7899999618530273,1.8600000143051147,1.7300000190734863,1.7400000095367432,221900,0.0,0.0
2023-08-18 00:00:00-04:00,1.7400000095367432,1.7999999523162842,1.6299999952316284,1.7400000095367432,249000,0.0,0.0
2023-08-21 00:00:00-04:00,1.7400000095367432,1.8300000429153442,1.7300000190734863,1.7699999809265137,166700,0.0,0.0
2023-08-22 00:00:00-04:00,1.8200000524520874,1.8200000524520874,1.690000057220459,1.7599999904632568,207500,0.0,0.0
2023-08-23 00:00:00-04:00,1.7599999904632568,1.8600000143051147,1.7100000381469727,1.7899999618530273,181900,0.0,0.0
2023-08-24 00:00:00-04:00,1.7999999523162842,1.8389999866485596,1.7599999904632568,1.7899999618530273,122900,0.0,0.0
2023-08-25 00:00:00-04:00,1.7999999523162842,1.8200000524520874,1.7300000190734863,1.7899999618530273,201200,0.0,0.0
2023-08-28 00:00:00-04:00,1.7899999618530273,1.7899999618530273,1.7000000476837158,1.7200000286102295,172900,0.0,0.0
2023-08-29 00:00:00-04:00,1.7100000381469727,1.7699999809265137,1.690000057220459,1.7000000476837158,139700,0.0,0.0
2023-08-30 00:00:00-04:00,1.6699999570846558,1.7000000476837158,1.649999976158142,1.649999976158142,127800,0.0,0.0
2023-08-31 00:00:00-04:00,1.649999976158142,1.690000057220459,1.6299999952316284,1.6399999856948853,117800,0.0,0.0
2023-09-01 00:00:00-04:00,1.649999976158142,1.690000057220459,1.6349999904632568,1.6699999570846558,107900,0.0,0.0
2023-09-05 00:00:00-04:00,1.6699999570846558,1.6699999570846558,1.625,1.649999976158142,152900,0.0,0.0
2023-09-06 00:00:00-04:00,1.6399999856948853,1.6399999856948853,1.5700000524520874,1.5800000429153442,287100,0.0,0.0
2023-09-07 00:00:00-04:00,1.5499999523162842,1.6200000047683716,1.5199999809265137,1.5800000429153442,234900,0.0,0.0
2023-09-08 00:00:00-04:00,1.5800000429153442,1.5800000429153442,1.4700000286102295,1.5,222400,0.0,0.0
2023-09-11 00:00:00-04:00,1.4900000095367432,1.659999966621399,1.4700000286102295,1.5700000524520874,251100,0.0,0.0
2023-09-12 00:00:00-04:00,1.5700000524520874,1.7000000476837158,1.559999942779541,1.659999966621399,246700,0.0,0.0
2023-09-13 00:00:00-04:00,1.6799999475479126,1.7799999713897705,1.6399999856948853,1.659999966621399,233400,0.0,0.0
2023-09-14 00:00:00-04:00,1.659999966621399,1.715999960899353,1.5800000429153442,1.6100000143051147,179500,0.0,0.0
2023-09-15 00:00:00-04:00,1.6100000143051147,1.6399999856948853,1.559999942779541,1.6200000047683716,339300,0.0,0.0
2023-09-18 00:00:00-04:00,1.6200000047683716,1.649999976158142,1.5499999523162842,1.5499999523162842,170200,0.0,0.0
2023-09-19 00:00:00-04:00,1.5399999618530273,1.5700000524520874,1.5010000467300415,1.5299999713897705,186600,0.0,0.0
2023-09-20 00:00:00-04:00,1.649999976158142,1.7829999923706055,1.6100000143051147,1.7100000381469727,808400,0.0,0.0
2023-09-21 00:00:00-04:00,1.6699999570846558,1.6699999570846558,1.5399999618530273,1.6299999952316284,532400,0.0,0.0
2023-09-22 00:00:00-04:00,1.6299999952316284,1.6349999904632568,1.5499999523162842,1.5800000429153442,248400,0.0,0.0
2023-09-25 00:00:00-04:00,1.600000023841858,1.6100000143051147,1.4800000190734863,1.5,281000,0.0,0.0
2023-09-26 00:00:00-04:00,1.5,1.5800000429153442,1.5,1.5299999713897705,179500,0.0,0.0
2023-09-27 00:00:00-04:00,1.5199999809265137,1.5700000524520874,1.4900000095367432,1.5199999809265137,216000,0.0,0.0
2023-09-28 00:00:00-04:00,1.5199999809265137,1.5199999809265137,1.4800000190734863,1.5,96900,0.0,0.0
2023-09-29 00:00:00-04:00,1.5,1.559999942779541,1.5,1.5299999713897705,135600,0.0,0.0
2023-10-02 00:00:00-04:00,1.5299999713897705,1.5299999713897705,1.3600000143051147,1.399999976158142,300000,0.0,0.0
2023-10-03 00:00:00-04:00,1.399999976158142,1.409999966621399,1.3799999952316284,1.3899999856948853,167300,0.0,0.0
2023-10-04 00:00:00-04:00,1.399999976158142,1.409000039100647,1.350000023841858,1.3550000190734863,141200,0.0,0.0
2023-10-05 00:00:00-04:00,1.3600000143051147,1.3799999952316284,1.2599999904632568,1.2949999570846558,303700,0.0,0.0
2023-10-06 00:00:00-04:00,1.2599999904632568,1.3700000047683716,1.2510000467300415,1.3300000429153442,123300,0.0,0.0
2023-10-09 00:00:00-04:00,1.2999999523162842,1.399999976158142,1.2899999618530273,1.3200000524520874,199700,0.0,0.0
2023-10-10 00:00:00-04:00,1.3300000429153442,1.409999966621399,1.3300000429153442,1.399999976158142,117700,0.0,0.0
2023-10-11 00:00:00-04:00,1.399999976158142,1.409000039100647,1.340000033378601,1.3650000095367432,161400,0.0,0.0
2023-10-12 00:00:00-04:00,1.3600000143051147,1.4490000009536743,1.350000023841858,1.4299999475479126,151300,0.0,0.0
2023-10-13 00:00:00-04:00,1.4299999475479126,1.5789999961853027,1.3899999856948853,1.5399999618530273,230300,0.0,0.0
2023-10-16 00:00:00-04:00,1.5399999618530273,1.7300000190734863,1.5399999618530273,1.7300000190734863,327100,0.0,0.0
2023-10-17 00:00:00-04:00,1.7300000190734863,1.8200000524520874,1.690000057220459,1.7699999809265137,340000,0.0,0.0
2023-10-18 00:00:00-04:00,1.7699999809265137,1.7999999523162842,1.6399999856948853,1.690000057220459,220200,0.0,0.0
2023-10-19 00:00:00-04:00,1.690000057220459,1.690000057220459,1.5700000524520874,1.6100000143051147,142600,0.0,0.0
2023-10-20 00:00:00-04:00,1.590000033378601,1.600000023841858,1.5,1.5399999618530273,95300,0.0,0.0
2023-10-23 00:00:00-04:00,1.5299999713897705,1.5399999618530273,1.399999976158142,1.409999966621399,296100,0.0,0.0
2023-10-24 00:00:00-04:00,1.409999966621399,1.4800000190734863,1.3899999856948853,1.4299999475479126,125800,0.0,0.0
2023-10-25 00:00:00-04:00,1.409999966621399,1.4500000476837158,1.3600000143051147,1.399999976158142,78300,0.0,0.0
2023-10-26 00:00:00-04:00,1.3799999952316284,1.440000057220459,1.3660000562667847,1.409999966621399,82800,0.0,0.0
2023-10-27 00:00:00-04:00,1.3899999856948853,1.5199999809265137,1.3799999952316284,1.4199999570846558,151600,0.0,0.0
2023-10-30 00:00:00-04:00,1.4500000476837158,1.5299999713897705,1.4299999475479126,1.5099999904632568,130900,0.0,0.0
2023-10-31 00:00:00-04:00,1.5099999904632568,1.659999966621399,1.4700000286102295,1.5700000524520874,245500,0.0,0.0
2023-11-01 00:00:00-04:00,1.5700000524520874,1.6399999856948853,1.5199999809265137,1.5399999618530273,132300,0.0,0.0
2023-11-02 00:00:00-04:00,1.5499999523162842,1.590000033378601,1.4049999713897705,1.440000057220459,379900,0.0,0.0
2023-11-03 00:00:00-04:00,1.4800000190734863,1.600000023841858,1.4800000190734863,1.600000023841858,194000,0.0,0.0
2023-11-06 00:00:00-05:00,1.649999976158142,1.649999976158142,1.5199999809265137,1.6299999952316284,137500,0.0,0.0
2023-11-07 00:00:00-05:00,1.659999966621399,1.7400000095367432,1.5800000429153442,1.7100000381469727,226300,0.0,0.0
2023-11-08 00:00:00-05:00,1.7400000095367432,1.75,1.6299999952316284,1.6699999570846558,178100,0.0,0.0
2023-11-09 00:00:00-05:00,1.649999976158142,1.7200000286102295,1.6100000143051147,1.7100000381469727,203300,0.0,0.0
2023-11-10 00:00:00-05:00,1.7400000095367432,1.75,1.659999966621399,1.6799999475479126,191100,0.0,0.0
2023-11-13 00:00:00-05:00,1.6799999475479126,1.7100000381469727,1.600000023841858,1.6799999475479126,176700,0.0,0.0
2023-11-14 00:00:00-05:00,1.7200000286102295,1.746999979019165,1.590000033378601,1.6200000047683716,190300,0.0,0.0
2023-11-15 00:00:00-05:00,1.6100000143051147,1.6699999570846558,1.5499999523162842,1.590000033378601,151300,0.0,0.0
2023-11-16 00:00:00-05:00,1.649999976158142,1.7300000190734863,1.6100000143051147,1.7200000286102295,236900,0.0,0.0
2023-11-17 00:00:00-05:00,1.7200000286102295,1.8200000524520874,1.690000057220459,1.7300000190734863,438400,0.0,0.0
2023-11-20 00:00:00-05:00,1.75,1.7999999523162842,1.7300000190734863,1.7899999618530273,239100,0.0,0.0
2023-11-21 00:00:00-05:00,1.7999999523162842,1.9800000190734863,1.7999999523162842,1.940000057220459,447800,0.0,0.0
2023-11-22 00:00:00-05:00,2.0,2.049999952316284,1.9800000190734863,2.0399999618530273,433100,0.0,0.0
2023-11-24 00:00:00-05:00,2.0199999809265137,2.1500000953674316,2.0,2.119999885559082,207200,0.0,0.0
2023-11-27 00:00:00-05:00,2.140000104904175,2.140000104904175,1.899999976158142,1.940000057220459,420400,0.0,0.0
2023-11-28 00:00:00-05:00,1.9700000286102295,2.140000104904175,1.9600000381469727,2.130000114440918,641400,0.0,0.0
2023-11-29 00:00:00-05:00,2.180000066757202,2.25,2.130000114440918,2.180000066757202,550300,0.0,0.0
2023-11-30 00:00:00-05:00,2.190000057220459,2.3299999237060547,2.190000057220459,2.25,822100,0.0,0.0
2023-12-01 00:00:00-05:00,2.3499999046325684,2.4800000190734863,2.259999990463257,2.390000104904175,974800,0.0,0.0
2023-12-04 00:00:00-05:00,2.4700000286102295,2.6700000762939453,2.3510000705718994,2.4700000286102295,1069000,0.0,0.0
2023-12-05 00:00:00-05:00,2.5,2.5299999713897705,2.319999933242798,2.390000104904175,711500,0.0,0.0
2023-12-06 00:00:00-05:00,2.390000104904175,2.4000000953674316,1.909999966621399,2.059999942779541,1410100,0.0,0.0
2023-12-07 00:00:00-05:00,2.119999885559082,2.1700000762939453,2.0799999237060547,2.1500000953674316,465000,0.0,0.0
2023-12-08 00:00:00-05:00,2.130000114440918,2.240000009536743,2.0799999237060547,2.0999999046325684,351900,0.0,0.0
2023-12-11 00:00:00-05:00,2.069999933242798,2.0850000381469727,1.940000057220459,1.9700000286102295,712500,0.0,0.0
2023-12-12 00:00:00-05:00,2.0,2.059999942779541,1.9800000190734863,1.9800000190734863,285100,0.0,0.0
2023-12-13 00:00:00-05:00,2.0199999809265137,2.130000114440918,2.009999990463257,2.0799999237060547,550500,0.0,0.0
2023-12-14 00:00:00-05:00,2.0799999237060547,2.180000066757202,2.009999990463257,2.009999990463257,531400,0.0,0.0
2023-12-15 00:00:00-05:00,2.0399999618530273,2.059999942779541,1.9700000286102295,2.0,472500,0.0,0.0
2023-12-18 00:00:00-05:00,1.9900000095367432,2.0299999713897705,1.9199999570846558,1.9199999570846558,561700,0.0,0.0
2023-12-19 00:00:00-05:00,1.909999966621399,2.059999942779541,1.909999966621399,1.9700000286102295,502700,0.0,0.0
2023-12-20 00:00:00-05:00,1.9500000476837158,1.99399995803833,1.8450000286102295,1.8700000047683716,574700,0.0,0.0
2023-12-21 00:00:00-05:00,1.8799999952316284,1.9600000381469727,1.840000033378601,1.899999976158142,373400,0.0,0.0
2023-12-22 00:00:00-05:00,1.9199999570846558,2.0299999713897705,1.8589999675750732,2.0,600900,0.0,0.0
2023-12-26 00:00:00-05:00,2.0,2.059999942779541,1.9500000476837158,2.0,333600,0.0,0.0
2023-12-27 00:00:00-05:00,2.0399999618530273,2.069999933242798,1.9989999532699585,2.009999990463257,319200,0.0,0.0
2023-12-28 00:00:00-05:00,2.0,2.0999999046325684,1.9700000286102295,2.0,391800,0.0,0.0
2023-12-29 00:00:00-05:00,2.009999990463257,2.0799999237060547,1.9600000381469727,2.0199999809265137,410200,0.0,0.0
2024-01-02 00:00:00-05:00,2.0199999809265137,2.049999952316284,1.9500000476837158,2.009999990463257,325900,0.0,0.0
2024-01-03 00:00:00-05:00,2.0,2.0999999046325684,1.9800000190734863,2.0899999141693115,468500,0.0,0.0
2024-01-04 00:00:00-05:00,2.0899999141693115,2.259999990463257,2.069999933242798,2.259999990463257,1121300,0.0,0.0
2024-01-05 00:00:00-05:00,2.2799999713897705,2.4000000953674316,2.257999897003174,2.3399999141693115,812000,0.0,0.0
2024-01-08 00:00:00-05:00,2.3499999046325684,2.630000114440918,2.299999952316284,2.5,1784900,0.0,0.0
2024-01-09 00:00:00-05:00,2.4800000190734863,2.7799999713897705,2.319999933242798,2.7200000286102295,1829500,0.0,0.0
2024-01-10 00:00:00-05:00,2.809999942779541,2.809999942779541,2.380000114440918,2.559999942779541,1561200,0.0,0.0
2024-01-11 00:00:00-05:00,2.559999942779541,2.559999942779541,2.319999933242798,2.509999990463257,676500,0.0,0.0
2024-01-12 00:00:00-05:00,2.4800000190734863,2.740000009536743,2.4749999046325684,2.630000114440918,867600,0.0,0.0
2024-01-16 00:00:00-05:00,2.700000047683716,2.809999942779541,2.5,2.6549999713897705,1437200,0.0,0.0
2024-01-17 00:00:00-05:00,2.609999895095825,2.680000066757202,2.5299999713897705,2.625,554400,0.0,0.0
2024-01-18 00:00:00-05:00,2.6600000858306885,2.6600000858306885,2.4210000038146973,2.4800000190734863,968300,0.0,0.0
2024-01-19 00:00:00-05:00,2.450000047683716,2.5,2.369999885559082,2.440000057220459,688200,0.0,0.0
2024-01-22 00:00:00-05:00,2.4600000381469727,2.5399999618530273,2.4100000858306885,2.509999990463257,558900,0.0,0.0
2024-01-23 00:00:00-05:00,2.509999990463257,2.5899999141693115,2.4649999141693115,2.5,458400,0.0,0.0
2024-01-24 00:00:00-05:00,2.490000009536743,2.509999990463257,2.380000114440918,2.390000104904175,438700,0.0,0.0
2024-01-25 00:00:00-05:00,2.4100000858306885,2.4700000286102295,2.319999933242798,2.369999885559082,635800,0.0,0.0
2024-01-26 00:00:00-05:00,2.380000114440918,2.4200000762939453,2.3299999237060547,2.390000104904175,242000,0.0,0.0
2024-01-29 00:00:00-05:00,2.4100000858306885,2.4700000286102295,2.359999895095825,2.4600000381469727,413500,0.0,0.0
2024-01-30 00:00:00-05:00,2.450000047683716,2.4600000381469727,2.369999885559082,2.380000114440918,368200,0.0,0.0
2024-01-31 00:00:00-05:00,2.4000000953674316,2.4600000381469727,2.359999895095825,2.390000104904175,292400,0.0,0.0
2024-02-01 00:00:00-05:00,2.450000047683716,2.740000009536743,2.4000000953674316,2.6700000762939453,1155200,0.0,0.0
2024-02-02 00:00:00-05:00,2.680000066757202,2.759999990463257,2.559999942779541,2.630000114440918,699700,0.0,0.0
2024-02-05 00:00:00-05:00,2.6500000953674316,2.7249999046325684,2.571000099182129,2.700000047683716,340200,0.0,0.0
2024-02-06 00:00:00-05:00,2.7300000190734863,2.950000047683716,2.7269999980926514,2.7899999618530273,921000,0.0,0.0
2024-02-07 00:00:00-05:00,2.799999952316284,2.799999952316284,2.630000114440918,2.640000104904175,527700,0.0,0.0
2024-02-08 00:00:00-05:00,2.640000104904175,2.7100000381469727,2.5999999046325684,2.680000066757202,1096200,0.0,0.0
2024-02-09 00:00:00-05:00,2.680000066757202,2.8299999237060547,2.680000066757202,2.75,374600,0.0,0.0
2024-02-12 00:00:00-05:00,2.75,2.8399999141693115,2.7200000286102295,2.7699999809265137,418300,0.0,0.0
2024-02-13 00:00:00-05:00,2.7300000190734863,2.75,2.619999885559082,2.6500000953674316,564800,0.0,0.0
2024-02-14 00:00:00-05:00,2.700000047683716,2.7300000190734863,2.630000114440918,2.680000066757202,344300,0.0,0.0
2024-02-15 00:00:00-05:00,2.680000066757202,2.75,2.609999895095825,2.7200000286102295,619700,0.0,0.0
2024-02-16 00:00:00-05:00,2.7300000190734863,2.742000102996826,2.6600000858306885,2.694999933242798,471400,0.0,0.0
2024-02-20 00:00:00-05:00,2.7300000190734863,2.9100000858306885,2.609999895095825,2.6500000953674316,1401500,0.0,0.0
2024-02-21 00:00:00-05:00,2.6600000858306885,2.696000099182129,2.450000047683716,2.509999990463257,1172800,0.0,0.0
2024-02-22 00:00:00-05:00,2.6500000953674316,2.7799999713897705,2.559999942779541,2.630000114440918,2260200,0.0,0.0
2024-02-23 00:00:00-05:00,2.700000047683716,2.7699999809265137,2.569999933242798,2.569999933242798,4593900,0.0,0.0
2024-02-26 00:00:00-05:00,2.630000114440918,2.940000057220459,2.630000114440918,2.8499999046325684,2475600,0.0,0.0
2024-02-27 00:00:00-05:00,3.0,3.380000114440918,2.9700000286102295,3.200000047683716,3524600,0.0,0.0
2024-02-28 00:00:00-05:00,3.299999952316284,3.700000047683716,3.1080000400543213,3.6500000953674316,3521100,0.0,0.0
2024-02-29 00:00:00-05:00,3.7200000286102295,3.950000047683716,3.450000047683716,3.6700000762939453,3462600,0.0,0.0
2024-03-01 00:00:00-05:00,3.7100000381469727,4.389999866485596,3.690000057220459,4.239999771118164,3666900,0.0,0.0
2024-03-04 00:00:00-05:00,4.920000076293945,4.960000038146973,4.0,4.179999828338623,5364000,0.0,0.0
2024-03-05 00:00:00-05:00,4.320000171661377,4.610000133514404,4.010000228881836,4.190000057220459,3855000,0.0,0.0
2024-03-06 00:00:00-05:00,4.099999904632568,5.190000057220459,3.5999999046325684,5.03000020980835,7072100,0.0,0.0
2024-03-07 00:00:00-05:00,5.119999885559082,5.75,4.829999923706055,5.679999828338623,5841800,0.0,0.0
2024-03-08 00:00:00-05:00,5.599999904632568,5.610000133514404,4.829999923706055,4.880000114440918,3531500,0.0,0.0
2024-03-11 00:00:00-04:00,5.019999980926514,5.300000190734863,4.699999809265137,4.940000057220459,2963100,0.0,0.0
2024-03-12 00:00:00-04:00,4.960000038146973,5.21999979019165,4.889999866485596,5.099999904632568,1682300,0.0,0.0
2024-03-13 00:00:00-04:00,5.050000190734863,5.489999771118164,4.940999984741211,5.440000057220459,2250000,0.0,0.0
2024-03-14 00:00:00-04:00,5.46999979019165,5.659999847412109,5.150000095367432,5.25,3180800,0.0,0.0
2024-03-15 00:00:00-04:00,5.409999847412109,6.179999828338623,5.349999904632568,6.090000152587891,6307200,0.0,0.0
2024-03-18 00:00:00-04:00,6.230000019073486,6.230000019073486,5.510000228881836,5.510000228881836,2660900,0.0,0.0
2024-03-19 00:00:00-04:00,5.425000190734863,5.619999885559082,5.110000133514404,5.340000152587891,2845600,0.0,0.0
2024-03-20 00:00:00-04:00,4.599999904632568,4.699999809265137,4.360000133514404,4.505000114440918,10546300,0.0,0.0
2024-03-21 00:00:00-04:00,4.5,4.570000171661377,4.235000133514404,4.380000114440918,3083400,0.0,0.0
2024-03-22 00:00:00-04:00,4.429999828338623,4.550000190734863,4.340000152587891,4.380000114440918,2127500,0.0,0.0
2024-03-25 00:00:00-04:00,4.380000114440918,4.519999980926514,4.019999980926514,4.179999828338623,3562400,0.0,0.0
2024-03-26 00:00:00-04:00,4.199999809265137,4.335000038146973,4.039999961853027,4.059999942779541,1994200,0.0,0.0
2024-03-27 00:00:00-04:00,4.130000114440918,4.2170000076293945,3.990000009536743,4.099999904632568,2407200,0.0,0.0
2024-03-28 00:00:00-04:00,4.269999980926514,4.480000019073486,4.21999979019165,4.260000228881836,7207800,0.0,0.0
2024-04-01 00:00:00-04:00,4.289999961853027,4.359000205993652,4.065000057220459,4.130000114440918,1940300,0.0,0.0
2024-04-02 00:00:00-04:00,4.059999942779541,4.25,4.010000228881836,4.139999866485596,2467000,0.0,0.0
2024-04-03 00:00:00-04:00,4.159999847412109,4.510000228881836,4.059999942779541,4.380000114440918,4068300,0.0,0.0
2024-04-04 00:00:00-04:00,4.239999771118164,4.329999923706055,3.9000000953674316,4.159999847412109,3560300,0.0,0.0
2024-04-05 00:00:00-04:00,4.190000057220459,4.295000076293945,3.990000009536743,4.099999904632568,2215200,0.0,0.0
2024-04-08 00:00:00-04:00,4.099999904632568,4.150000095367432,3.9600000381469727,4.070000171661377,1373300,0.0,0.0
2024-04-09 00:00:00-04:00,4.059999942779541,4.164999961853027,3.930000066757202,4.090000152587891,1665100,0.0,0.0
2024-04-10 00:00:00-04:00,4.0,4.144999980926514,3.9839999675750732,4.070000171661377,1186900,0.0,0.0
2024-04-11 00:00:00-04:00,4.340000152587891,4.380000114440918,4.074999809265137,4.090000152587891,2848100,0.0,0.0
2024-04-12 00:00:00-04:00,4.070000171661377,4.110000133514404,3.75,3.9100000858306885,3510900,0.0,0.0
2024-04-15 00:00:00-04:00,4.050000190734863,4.099999904632568,3.8299999237060547,3.940000057220459,1344800,0.0,0.0
2024-04-16 00:00:00-04:00,3.880000114440918,3.890000104904175,3.7200000286102295,3.8499999046325684,1887000,0.0,0.0
2024-04-17 00:00:00-04:00,3.940000057220459,4.050000190734863,3.819999933242798,3.9200000762939453,2447900,0.0,0.0
2024-04-18 00:00:00-04:00,4.0,4.510000228881836,3.930000066757202,4.5,5784900,0.0,0.0
2024-04-19 00:00:00-04:00,4.380000114440918,4.539999961853027,4.050000190734863,4.105000019073486,2324800,0.0,0.0
2024-04-22 00:00:00-04:00,4.179999828338623,4.389999866485596,4.010000228881836,4.380000114440918,1826000,0.0,0.0
2024-04-23 00:00:00-04:00,4.380000114440918,4.5,4.239999771118164,4.28000020980835,1699500,0.0,0.0
2024-04-24 00:00:00-04:00,4.25,4.28000020980835,3.9000000953674316,3.9000000953674316,2147700,0.0,0.0
2024-04-25 00:00:00-04:00,3.930000066757202,4.010000228881836,3.7750000953674316,3.930000066757202,1935900,0.0,0.0
2024-04-26 00:00:00-04:00,4.0,4.25,3.950000047683716,4.070000171661377,2986600,0.0,0.0
2024-04-29 00:00:00-04:00,3.9100000858306885,3.950000047683716,3.240000009536743,3.734999895095825,7647500,0.0,0.0
2024-04-30 00:00:00-04:00,3.5899999141693115,3.6500000953674316,3.059999942779541,3.359999895095825,4010900,0.0,0.0
2024-05-01 00:00:00-04:00,3.3499999046325684,3.4700000286102295,3.200000047683716,3.365000009536743,2104100,0.0,0.0
2024-05-02 00:00:00-04:00,3.4000000953674316,3.4100000858306885,3.2049999237060547,3.2799999713897705,1679500,0.0,0.0
2024-05-03 00:00:00-04:00,3.299999952316284,3.5399999618530273,3.259999990463257,3.5199999809265137,1705600,0.0,0.0
2024-05-06 00:00:00-04:00,3.559999942779541,3.5999999046325684,3.4100000858306885,3.5,1067500,0.0,0.0
2024-05-07 00:00:00-04:00,3.440000057220459,3.5,3.2950000762939453,3.380000114440918,1575300,0.0,0.0
2024-05-08 00:00:00-04:00,3.180000066757202,3.2300000190734863,2.9100000858306885,3.0850000381469727,2748300,0.0,0.0
2024-05-09 00:00:00-04:00,3.0999999046325684,3.4200000762939453,3.0,3.2899999618530273,2093400,0.0,0.0
2024-05-10 00:00:00-04:00,3.380000114440918,3.390000104904175,3.0,3.0899999141693115,2032900,0.0,0.0
2024-05-13 00:00:00-04:00,3.109999895095825,3.315000057220459,3.0999999046325684,3.2699999809265137,1501600,0.0,0.0
2024-05-14 00:00:00-04:00,3.25,3.2799999713897705,3.1700000762939453,3.200000047683716,1125500,0.0,0.0
2024-05-15 00:00:00-04:00,3.200000047683716,3.3299999237060547,3.190000057220459,3.2200000286102295,941700,0.0,0.0
2024-05-16 00:00:00-04:00,3.2200000286102295,3.309999942779541,3.2200000286102295,3.2799999713897705,629300,0.0,0.0
2024-05-17 00:00:00-04:00,3.2699999809265137,3.319999933242798,3.0999999046325684,3.109999895095825,837200,0.0,0.0
2024-05-20 00:00:00-04:00,3.1600000858306885,3.2200000286102295,3.0850000381469727,3.190000057220459,656400,0.0,0.0
2024-05-21 00:00:00-04:00,3.190000057220459,3.259999990463257,3.130000114440918,3.180000066757202,680700,0.0,0.0
2024-05-22 00:00:00-04:00,3.180000066757202,3.2699999809265137,3.1500000953674316,3.1500000953674316,548900,0.0,0.0
2024-05-23 00:00:00-04:00,3.1700000762939453,3.2269999980926514,3.0,3.069999933242798,1236100,0.0,0.0
2024-05-24 00:00:00-04:00,3.059999942779541,3.130000114440918,3.0299999713897705,3.059999942779541,749700,0.0,0.0
2024-05-28 00:00:00-04:00,3.119999885559082,3.1449999809265137,3.009999990463257,3.0999999046325684,919800,0.0,0.0
2024-05-29 00:00:00-04:00,3.0399999618530273,3.069999933242798,2.9800000190734863,3.069999933242798,1034600,0.0,0.0
2024-05-30 00:00:00-04:00,3.059999942779541,3.069999933242798,2.890000104904175,2.9100000858306885,1303200,0.0,0.0
2024-05-31 00:00:00-04:00,2.950000047683716,2.950000047683716,2.7300000190734863,2.880000114440918,2841300,0.0,0.0
2024-06-03 00:00:00-04:00,2.950000047683716,3.0999999046325684,2.9100000858306885,2.940000057220459,997000,0.0,0.0
2024-06-04 00:00:00-04:00,2.890000104904175,2.9800000190734863,2.8299999237060547,2.950000047683716,721700,0.0,0.0
2024-06-05 00:00:00-04:00,2.9800000190734863,3.009999990463257,2.869999885559082,2.990000009536743,814100,0.0,0.0
2024-06-06 00:00:00-04:00,2.9800000190734863,3.059999942779541,2.7950000762939453,2.809999942779541,1137500,0.0,0.0
2024-06-07 00:00:00-04:00,2.8399999141693115,2.884999990463257,2.7200000286102295,2.75,889400,0.0,0.0
2024-06-10 00:00:00-04:00,2.700000047683716,2.7799999713897705,2.569999933242798,2.759999990463257,1849300,0.0,0.0
2024-06-11 00:00:00-04:00,2.7200000286102295,2.8550000190734863,2.7149999141693115,2.809999942779541,877800,0.0,0.0
2024-06-12 00:00:00-04:00,2.809999942779541,2.930000066757202,2.7950000762939453,2.809999942779541,721300,0.0,0.0
2024-06-13 00:00:00-04:00,2.8299999237060547,2.859999895095825,2.744999885559082,2.7699999809265137,619200,0.0,0.0
2024-06-14 00:00:00-04:00,2.75,2.75,2.6700000762939453,2.690000057220459,698200,0.0,0.0
2024-06-17 00:00:00-04:00,2.700000047683716,2.755000114440918,2.5899999141693115,2.7300000190734863,1736100,0.0,0.0
2024-06-18 00:00:00-04:00,2.759999990463257,2.7799999713897705,2.6429998874664307,2.680000066757202,788300,0.0,0.0
2024-06-20 00:00:00-04:00,2.640000104904175,2.6500000953674316,2.450000047683716,2.5,2214000,0.0,0.0
2024-06-21 00:00:00-04:00,2.5199999809265137,2.5899999141693115,2.4649999141693115,2.559999942779541,3116300,0.0,0.0
2024-06-24 00:00:00-04:00,2.559999942779541,2.5799999237060547,2.4100000858306885,2.430000066757202,1423300,0.0,0.0
2024-06-25 00:00:00-04:00,2.4700000286102295,2.4749999046325684,2.305000066757202,2.309999942779541,1560600,0.0,0.0
2024-06-26 00:00:00-04:00,2.309999942779541,2.440000057220459,2.240000009536743,2.4200000762939453,1828700,0.0,0.0
2024-06-27 00:00:00-04:00,2.4200000762939453,2.5999999046325684,2.4200000762939453,2.5899999141693115,1701000,0.0,0.0
2024-06-28 00:00:00-04:00,2.5999999046325684,2.690000057220459,2.565000057220459,2.5999999046325684,12672300,0.0,0.0
2024-07-01 00:00:00-04:00,2.630000114440918,2.630000114440918,2.3399999141693115,2.450000047683716,1652700,0.0,0.0
2024-07-02 00:00:00-04:00,2.380000114440918,2.440000057220459,2.359999895095825,2.4200000762939453,688700,0.0,0.0
2024-07-03 00:00:00-04:00,2.4100000858306885,2.440000057220459,2.359999895095825,2.4100000858306885,677200,0.0,0.0
2024-07-05 00:00:00-04:00,2.4100000858306885,2.4800000190734863,2.359999895095825,2.4800000190734863,1145700,0.0,0.0
2024-07-08 00:00:00-04:00,2.4800000190734863,2.559999942779541,2.369999885559082,2.4000000953674316,1032400,0.0,0.0
2024-07-09 00:00:00-04:00,2.4000000953674316,2.4800000190734863,2.380000114440918,2.4700000286102295,658700,0.0,0.0
2024-07-10 00:00:00-04:00,2.490000009536743,2.5399999618530273,2.4049999713897705,2.4600000381469727,931200,0.0,0.0
2024-07-11 00:00:00-04:00,2.509999990463257,2.740000009536743,2.4800000190734863,2.7300000190734863,1892900,0.0,0.0
2024-07-12 00:00:00-04:00,2.7799999713897705,2.9600000381469727,2.6500000953674316,2.6700000762939453,1716000,0.0,0.0
2024-07-15 00:00:00-04:00,2.700000047683716,2.799999952316284,2.640000104904175,2.7699999809265137,779100,0.0,0.0
2024-07-16 00:00:00-04:00,2.809999942779541,3.0999999046325684,2.799999952316284,3.0399999618530273,1726700,0.0,0.0
2024-07-17 00:00:00-04:00,3.0,3.1449999809265137,2.9200000762939453,3.0999999046325684,1682100,0.0,0.0
2024-07-18 00:00:00-04:00,3.119999885559082,3.299999952316284,2.990000009536743,3.059999942779541,1304400,0.0,0.0
2024-07-19 00:00:00-04:00,3.069999933242798,3.2149999141693115,3.049999952316284,3.200000047683716,1239500,0.0,0.0
2024-07-22 00:00:00-04:00,3.2200000286102295,3.2200000286102295,2.984999895095825,3.0299999713897705,1349600,0.0,0.0
2024-07-23 00:00:00-04:00,3.009999990463257,3.3450000286102295,2.9600000381469727,3.3299999237060547,1401600,0.0,0.0
2024-07-24 00:00:00-04:00,3.299999952316284,3.430000066757202,3.2149999141693115,3.369999885559082,1938800,0.0,0.0
2024-07-25 00:00:00-04:00,3.4700000286102295,3.5799999237060547,3.259999990463257,3.450000047683716,1914600,0.0,0.0
2024-07-26 00:00:00-04:00,3.559999942779541,3.9200000762939453,3.509999990463257,3.819999933242798,2801300,0.0,0.0
2024-07-29 00:00:00-04:00,3.9000000953674316,3.950000047683716,3.680000066757202,3.819999933242798,1502100,0.0,0.0
2024-07-30 00:00:00-04:00,3.819999933242798,3.878999948501587,3.6700000762939453,3.799999952316284,912900,0.0,0.0
2024-07-31 00:00:00-04:00,3.8299999237060547,3.9000000953674316,3.7300000190734863,3.8399999141693115,927700,0.0,0.0
2024-08-01 00:00:00-04:00,3.7799999713897705,3.8350000381469727,3.5199999809265137,3.5899999141693115,1526900,0.0,0.0
2024-08-02 00:00:00-04:00,3.490000009536743,3.549999952316284,3.2300000190734863,3.440000057220459,1487900,0.0,0.0
2024-08-05 00:00:00-04:00,3.109999895095825,3.2899999618530273,3.0199999809265137,3.2899999618530273,1380800,0.0,0.0
2024-08-06 00:00:00-04:00,3.3399999141693115,3.4100000858306885,3.259999990463257,3.4000000953674316,1114000,0.0,0.0
2024-08-07 00:00:00-04:00,3.640000104904175,3.7200000286102295,3.4049999713897705,3.430000066757202,1398200,0.0,0.0
2024-08-08 00:00:00-04:00,3.5,3.5,3.069999933242798,3.2899999618530273,1458800,0.0,0.0
2024-08-09 00:00:00-04:00,3.309999942779541,3.4700000286102295,3.130000114440918,3.430000066757202,1946700,0.0,0.0
2024-08-12 00:00:00-04:00,3.4600000381469727,3.5199999809265137,3.2899999618530273,3.4000000953674316,1008100,0.0,0.0
2024-08-13 00:00:00-04:00,3.4000000953674316,3.9600000381469727,3.4000000953674316,3.9200000762939453,1833500,0.0,0.0
2024-08-14 00:00:00-04:00,4.010000228881836,4.054999828338623,3.740000009536743,3.859999895095825,1414700,0.0,0.0
2024-08-15 00:00:00-04:00,3.9800000190734863,4.315000057220459,3.924999952316284,4.119999885559082,1695700,0.0,0.0
2024-08-16 00:00:00-04:00,4.119999885559082,4.25,3.880000114440918,4.239999771118164,1462200,0.0,0.0
2024-08-19 00:00:00-04:00,4.28000020980835,4.300000190734863,4.03000020980835,4.260000228881836,1383300,0.0,0.0
2024-08-20 00:00:00-04:00,4.289999961853027,4.559999942779541,4.260000228881836,4.329999923706055,2074700,0.0,0.0
2024-08-21 00:00:00-04:00,4.340000152587891,4.670000076293945,4.264999866485596,4.650000095367432,1326300,0.0,0.0
2024-08-22 00:00:00-04:00,4.690000057220459,4.699999809265137,4.300000190734863,4.309999942779541,1071500,0.0,0.0
2024-08-23 00:00:00-04:00,4.380000114440918,4.550000190734863,4.320000171661377,4.460000038146973,743000,0.0,0.0
2024-08-26 00:00:00-04:00,4.550000190734863,4.550000190734863,4.289999961853027,4.449999809265137,749900,0.0,0.0
2024-08-27 00:00:00-04:00,4.429999828338623,4.650000095367432,4.360000133514404,4.630000114440918,867500,0.0,0.0
2024-08-28 00:00:00-04:00,4.590000152587891,4.630000114440918,4.429999828338623,4.550000190734863,651900,0.0,0.0
2024-08-29 00:00:00-04:00,4.579999923706055,4.585000038146973,4.400000095367432,4.400000095367432,703400,0.0,0.0
2024-08-30 00:00:00-04:00,4.449999809265137,4.540999889373779,4.329999923706055,4.53000020980835,893700,0.0,0.0
2024-09-03 00:00:00-04:00,4.429999828338623,4.579999923706055,4.159999847412109,4.190000057220459,1353500,0.0,0.0
2024-09-04 00:00:00-04:00,4.150000095367432,4.454999923706055,4.130000114440918,4.239999771118164,742900,0.0,0.0
2024-09-05 00:00:00-04:00,4.260000228881836,4.324999809265137,4.179999828338623,4.230000019073486,480900,0.0,0.0
2024-09-06 00:00:00-04:00,4.230000019073486,4.269999980926514,4.099999904632568,4.179999828338623,625700,0.0,0.0
2024-09-09 00:00:00-04:00,4.239999771118164,4.71999979019165,4.199999809265137,4.690000057220459,1297400,0.0,0.0
2024-09-10 00:00:00-04:00,4.690000057220459,4.75,4.449999809265137,4.610000133514404,1125600,0.0,0.0
2024-09-11 00:00:00-04:00,4.670000076293945,4.980000019073486,4.559999942779541,4.949999809265137,1417800,0.0,0.0
2024-09-12 00:00:00-04:00,4.940000057220459,4.940000057220459,4.513999938964844,4.550000190734863,1507800,0.0,0.0
2024-09-13 00:00:00-04:00,4.599999904632568,4.840000152587891,4.599999904632568,4.840000152587891,1080000,0.0,0.0
2024-09-16 00:00:00-04:00,4.840000152587891,5.019999980926514,4.75,4.960000038146973,1091900,0.0,0.0
2024-09-17 00:00:00-04:00,5.019999980926514,5.070000171661377,4.789999961853027,4.789999961853027,1017000,0.0,0.0
2024-09-18 00:00:00-04:00,4.860000133514404,5.110000133514404,4.760000228881836,4.949999809265137,1136000,0.0,0.0
2024-09-19 00:00:00-04:00,5.139999866485596,5.199999809265137,4.953999996185303,5.199999809265137,1164700,0.0,0.0
2024-09-20 00:00:00-04:00,5.199999809265137,5.289999961853027,5.054999828338623,5.090000152587891,2990300,0.0,0.0
2024-09-23 00:00:00-04:00,5.150000095367432,5.159999847412109,4.730000019073486,4.880000114440918,1314900,0.0,0.0
2024-09-24 00:00:00-04:00,4.929999828338623,5.074999809265137,4.889999866485596,5.039999961853027,899000,0.0,0.0
2024-09-25 00:00:00-04:00,5.010000228881836,5.099999904632568,4.820000171661377,4.860000133514404,1113100,0.0,0.0
2024-09-26 00:00:00-04:00,4.960000038146973,5.065000057220459,4.885000228881836,5.0,976600,0.0,0.0
2024-09-27 00:00:00-04:00,5.130000114440918,5.179999828338623,4.534999847412109,4.71999979019165,2662500,0.0,0.0
2024-09-30 00:00:00-04:00,4.760000228881836,5.195000171661377,4.739999771118164,4.980000019073486,2442600,0.0,0.0
2024-10-01 00:00:00-04:00,4.980000019073486,4.980000019073486,4.75,4.760000228881836,1408300,0.0,0.0
2024-10-02 00:00:00-04:00,4.730000019073486,4.880000114440918,4.639999866485596,4.789999961853027,918700,0.0,0.0
2024-10-03 00:00:00-04:00,4.75,4.798999786376953,4.599999904632568,4.679999828338623,1422600,0.0,0.0
2024-10-04 00:00:00-04:00,4.789999961853027,4.960000038146973,4.690000057220459,4.949999809265137,1025900,0.0,0.0
2024-10-07 00:00:00-04:00,4.929999828338623,4.960000038146973,4.775000095367432,4.849999904632568,517800,0.0,0.0
2024-10-08 00:00:00-04:00,4.869999885559082,5.099999904632568,4.860000133514404,4.914999961853027,959300,0.0,0.0
2024-10-09 00:00:00-04:00,4.929999828338623,4.943999767303467,4.690000057220459,4.760000228881836,967200,0.0,0.0
2024-10-10 00:00:00-04:00,4.670000076293945,4.849999904632568,4.572999954223633,4.699999809265137,1156600,0.0,0.0
2024-10-11 00:00:00-04:00,4.679999828338623,4.909999847412109,4.639999866485596,4.889999866485596,794100,0.0,0.0
2024-10-14 00:00:00-04:00,4.929999828338623,4.933000087738037,4.784999847412109,4.840000152587891,676300,0.0,0.0
2024-10-15 00:00:00-04:00,4.809999942779541,5.039999961853027,4.735000133514404,4.889999866485596,1298400,0.0,0.0
2024-10-16 00:00:00-04:00,4.920000076293945,5.0,4.820000171661377,4.929999828338623,658100,0.0,0.0
2024-10-17 00:00:00-04:00,4.900000095367432,5.0,4.849999904632568,4.920000076293945,600900,0.0,0.0
2024-10-18 00:00:00-04:00,4.940000057220459,5.300000190734863,4.940000057220459,5.03000020980835,1941900,0.0,0.0
2024-10-21 00:00:00-04:00,5.010000228881836,5.03000020980835,4.690000057220459,4.949999809265137,1435500,0.0,0.0
2024-10-22 00:00:00-04:00,4.889999866485596,5.105000019073486,4.889999866485596,5.099999904632568,676900,0.0,0.0
2024-10-23 00:00:00-04:00,5.050000190734863,5.420000076293945,5.019999980926514,5.369999885559082,1596900,0.0,0.0
2024-10-24 00:00:00-04:00,5.389999866485596,5.730000019073486,5.260000228881836,5.480000019073486,2294000,0.0,0.0
2024-10-25 00:00:00-04:00,5.559999942779541,5.570000171661377,5.369999885559082,5.489999771118164,1553900,0.0,0.0
2024-10-28 00:00:00-04:00,5.590000152587891,5.699999809265137,5.380000114440918,5.489999771118164,1822900,0.0,0.0
2024-10-29 00:00:00-04:00,5.5,5.670000076293945,5.380000114440918,5.659999847412109,1220000,0.0,0.0
2024-10-30 00:00:00-04:00,5.639999866485596,5.800000190734863,5.474999904632568,5.639999866485596,1767800,0.0,0.0
2024-10-31 00:00:00-04:00,5.670000076293945,5.670000076293945,5.375,5.489999771118164,1389800,0.0,0.0
2024-11-01 00:00:00-04:00,5.599999904632568,5.664999961853027,5.445000171661377,5.519999980926514,1317500,0.0,0.0
2024-11-04 00:00:00-05:00,5.5,5.519999980926514,5.119999885559082,5.150000095367432,2018300,0.0,0.0
2024-11-05 00:00:00-05:00,5.0,5.119999885559082,4.619999885559082,4.755000114440918,3477700,0.0,0.0
2024-11-06 00:00:00-05:00,4.980000019073486,5.190000057220459,4.829999923706055,5.070000171661377,1949000,0.0,0.0
2024-11-07 00:00:00-05:00,5.019999980926514,5.25,4.869999885559082,5.079999923706055,1407000,0.0,0.0
2024-11-08 00:00:00-05:00,5.099999904632568,5.505000114440918,4.980000019073486,5.460000038146973,1742600,0.0,0.0
2024-11-11 00:00:00-05:00,5.539999961853027,5.590000152587891,4.920000076293945,5.070000171661377,2573500,0.0,0.0
2024-11-12 00:00:00-05:00,5.039999961853027,5.25,4.88100004196167,4.989999771118164,1483900,0.0,0.0
2024-11-13 00:00:00-05:00,5.010000228881836,5.139999866485596,4.815000057220459,4.829999923706055,1044637,0.0,0.0
