Date,Open,High,Low,Close,Volume,Dividends,Stock Splits
2022-01-03 00:00:00-05:00,5.599999904632568,5.639999866485596,5.440000057220459,5.599999904632568,24875,0.0,0.0
2022-01-04 00:00:00-05:00,5.71999979019165,5.920000076293945,5.599999904632568,5.800000190734863,67175,0.0,0.0
2022-01-05 00:00:00-05:00,5.840000152587891,5.840000152587891,5.599999904632568,5.639999866485596,16900,0.0,0.0
2022-01-06 00:00:00-05:00,5.599999904632568,5.840000152587891,5.440000057220459,5.5879998207092285,25000,0.0,0.0
2022-01-07 00:00:00-05:00,5.559999942779541,5.760000228881836,5.480000019073486,5.760000228881836,51625,0.0,0.0
2022-01-10 00:00:00-05:00,5.800000190734863,5.800000190734863,5.440000057220459,5.71999979019165,25325,0.0,0.0
2022-01-11 00:00:00-05:00,5.880000114440918,5.880000114440918,5.624000072479248,5.760000228881836,11275,0.0,0.0
2022-01-12 00:00:00-05:00,5.880000114440918,5.880000114440918,5.440000057220459,5.519999980926514,33475,0.0,0.0
2022-01-13 00:00:00-05:00,5.579999923706055,5.5960001945495605,5.320000171661377,5.440000057220459,23500,0.0,0.0
2022-01-14 00:00:00-05:00,5.320000171661377,5.440000057220459,5.320000171661377,5.400000095367432,14450,0.0,0.0
2022-01-18 00:00:00-05:00,5.239999771118164,5.360000133514404,4.9120001792907715,5.079999923706055,35550,0.0,0.0
2022-01-19 00:00:00-05:00,5.039999961853027,5.159999847412109,4.679999828338623,4.840000152587891,48575,0.0,0.0
2022-01-20 00:00:00-05:00,4.920000076293945,5.004000186920166,4.599999904632568,4.760000228881836,30875,0.0,0.0
2022-01-21 00:00:00-05:00,4.599999904632568,4.639999866485596,4.119999885559082,4.28000020980835,70200,0.0,0.0
2022-01-24 00:00:00-05:00,4.119999885559082,4.119999885559082,3.640000104904175,3.880000114440918,59450,0.0,0.0
2022-01-25 00:00:00-05:00,3.759999990463257,4.599999904632568,3.7200000286102295,4.320000171661377,70500,0.0,0.0
2022-01-26 00:00:00-05:00,4.800000190734863,4.800000190734863,4.079999923706055,4.28000020980835,31125,0.0,0.0
2022-01-27 00:00:00-05:00,4.199999809265137,4.440000057220459,4.056000232696533,4.363999843597412,54550,0.0,0.0
2022-01-28 00:00:00-05:00,4.480000019073486,4.480000019073486,4.239999771118164,4.400000095367432,20575,0.0,0.0
2022-01-31 00:00:00-05:00,4.239999771118164,4.71999979019165,4.239999771118164,4.519999980926514,78550,0.0,0.0
2022-02-01 00:00:00-05:00,4.840000152587891,4.920000076293945,4.639999866485596,4.880000114440918,32875,0.0,0.0
2022-02-02 00:00:00-05:00,4.760000228881836,4.800000190734863,4.639999866485596,4.800000190734863,17325,0.0,0.0
2022-02-03 00:00:00-05:00,4.760000228881836,4.760000228881836,4.440000057220459,4.519999980926514,10625,0.0,0.0
2022-02-04 00:00:00-05:00,4.440000057220459,4.679999828338623,4.440000057220459,4.599999904632568,13625,0.0,0.0
2022-02-07 00:00:00-05:00,4.599999904632568,4.699999809265137,4.480000019073486,4.639999866485596,19400,0.0,0.0
2022-02-08 00:00:00-05:00,4.679999828338623,4.708000183105469,4.480000019073486,4.519999980926514,10350,0.0,0.0
2022-02-09 00:00:00-05:00,4.599999904632568,4.711999893188477,4.480000019073486,4.559999942779541,30650,0.0,0.0
2022-02-10 00:00:00-05:00,4.480000019073486,4.800000190734863,4.440000057220459,4.599999904632568,46375,0.0,0.0
2022-02-11 00:00:00-05:00,4.880000114440918,4.888000011444092,4.28000020980835,4.599999904632568,18850,0.0,0.0
2022-02-14 00:00:00-05:00,4.519999980926514,4.559999942779541,4.323999881744385,4.400000095367432,27875,0.0,0.0
2022-02-15 00:00:00-05:00,4.400000095367432,4.599999904632568,4.360000133514404,4.519999980926514,27100,0.0,0.0
2022-02-16 00:00:00-05:00,4.447999954223633,4.599999904632568,4.400000095367432,4.519999980926514,8350,0.0,0.0
2022-02-17 00:00:00-05:00,4.420000076293945,4.51200008392334,4.28000020980835,4.308000087738037,12025,0.0,0.0
2022-02-18 00:00:00-05:00,4.368000030517578,4.368000030517578,4.039999961853027,4.119999885559082,23425,0.0,0.0
2022-02-22 00:00:00-05:00,4.119999885559082,4.119999885559082,3.619999885559082,3.9159998893737793,42825,0.0,0.0
2022-02-23 00:00:00-05:00,3.799999952316284,4.0,3.7200000286102295,3.859999895095825,9850,0.0,0.0
2022-02-24 00:00:00-05:00,3.5360000133514404,3.7839999198913574,3.359999895095825,3.687999963760376,43375,0.0,0.0
2022-02-25 00:00:00-05:00,3.700000047683716,3.7920000553131104,3.5199999809265137,3.5920000076293945,17400,0.0,0.0
2022-02-28 00:00:00-05:00,3.5999999046325684,3.7839999198913574,3.5439999103546143,3.7200000286102295,12675,0.0,0.0
2022-03-01 00:00:00-05:00,3.559999942779541,3.9000000953674316,3.559999942779541,3.799999952316284,19925,0.0,0.0
2022-03-02 00:00:00-05:00,3.880000114440918,3.880000114440918,3.6519999504089355,3.812000036239624,14925,0.0,0.0
2022-03-03 00:00:00-05:00,3.700000047683716,3.8239998817443848,3.640000104904175,3.680000066757202,13150,0.0,0.0
2022-03-04 00:00:00-05:00,3.5999999046325684,3.759999990463257,3.384000062942505,3.440000057220459,22050,0.0,0.0
2022-03-07 00:00:00-05:00,3.5480000972747803,3.5999999046325684,3.200000047683716,3.359999895095825,21400,0.0,0.0
2022-03-08 00:00:00-05:00,3.319999933242798,3.4800000190734863,3.240000009536743,3.440000057220459,29875,0.0,0.0
2022-03-09 00:00:00-05:00,3.559999942779541,3.559999942779541,3.4000000953674316,3.5199999809265137,25700,0.0,0.0
2022-03-10 00:00:00-05:00,3.5199999809265137,3.5239999294281006,3.359999895095825,3.4519999027252197,16250,0.0,0.0
2022-03-11 00:00:00-05:00,3.4719998836517334,3.4719998836517334,3.240000009536743,3.3239998817443848,17875,0.0,0.0
2022-03-14 00:00:00-04:00,3.4639999866485596,3.4639999866485596,3.196000099182129,3.2079999446868896,11550,0.0,0.0
2022-03-15 00:00:00-04:00,3.319999933242798,3.359999895095825,3.059999942779541,3.247999906539917,17625,0.0,0.0
2022-03-16 00:00:00-04:00,3.240000009536743,3.368000030517578,3.200000047683716,3.2799999713897705,15600,0.0,0.0
2022-03-17 00:00:00-04:00,3.124000072479248,3.4000000953674316,3.124000072479248,3.359999895095825,16275,0.0,0.0
2022-03-18 00:00:00-04:00,3.380000114440918,3.680000066757202,3.3239998817443848,3.615999937057495,22700,0.0,0.0
2022-03-21 00:00:00-04:00,3.5199999809265137,3.671999931335449,3.440000057220459,3.5280001163482666,9225,0.0,0.0
2022-03-22 00:00:00-04:00,3.680000066757202,4.199999809265137,3.4679999351501465,3.9200000762939453,75975,0.0,0.0
2022-03-23 00:00:00-04:00,3.9600000381469727,3.9600000381469727,3.5320000648498535,3.631999969482422,47775,0.0,0.0
2022-03-24 00:00:00-04:00,3.631999969482422,3.640000104904175,3.380000114440918,3.555999994277954,37250,0.0,0.0
2022-03-25 00:00:00-04:00,3.4800000190734863,3.559999942779541,3.359999895095825,3.492000102996826,26275,0.0,0.0
2022-03-28 00:00:00-04:00,3.492000102996826,3.492000102996826,3.371999979019165,3.440000057220459,8550,0.0,0.0
2022-03-29 00:00:00-04:00,3.496000051498413,3.5399999618530273,3.319999933242798,3.4000000953674316,11750,0.0,0.0
2022-03-30 00:00:00-04:00,3.359999895095825,3.5399999618530273,3.359999895095825,3.4000000953674316,20250,0.0,0.0
2022-03-31 00:00:00-04:00,3.440000057220459,3.4800000190734863,3.200000047683716,3.259999990463257,19775,0.0,0.0
2022-04-01 00:00:00-04:00,3.2799999713897705,3.5160000324249268,3.2360000610351562,3.4200000762939453,23750,0.0,0.0
2022-04-04 00:00:00-04:00,3.4800000190734863,3.6760001182556152,3.4800000190734863,3.6600000858306885,19800,0.0,0.0
2022-04-05 00:00:00-04:00,3.6600000858306885,3.740000009536743,3.4079999923706055,3.559999942779541,21875,0.0,0.0
2022-04-06 00:00:00-04:00,3.4800000190734863,3.5759999752044678,3.359999895095825,3.4040000438690186,4325,0.0,0.0
2022-04-07 00:00:00-04:00,3.4600000381469727,3.4800000190734863,3.240000009536743,3.319999933242798,13850,0.0,0.0
2022-04-08 00:00:00-04:00,3.4000000953674316,3.572000026702881,3.2920000553131104,3.328000068664551,22050,0.0,0.0
2022-04-11 00:00:00-04:00,3.3919999599456787,3.3919999599456787,2.880000114440918,3.0999999046325684,41075,0.0,0.0
2022-04-12 00:00:00-04:00,3.200000047683716,3.359999895095825,3.115999937057495,3.1760001182556152,7450,0.0,0.0
2022-04-13 00:00:00-04:00,3.1600000858306885,3.359999895095825,3.1600000858306885,3.25600004196167,5825,0.0,0.0
2022-04-14 00:00:00-04:00,3.359999895095825,3.359999895095825,3.240000009536743,3.319999933242798,6175,0.0,0.0
2022-04-18 00:00:00-04:00,3.359999895095825,3.359999895095825,3.119999885559082,3.319999933242798,9750,0.0,0.0
2022-04-19 00:00:00-04:00,3.0799999237060547,3.319999933242798,3.0799999237060547,3.1679999828338623,11375,0.0,0.0
2022-04-20 00:00:00-04:00,3.240000009536743,3.5199999809265137,3.240000009536743,3.4679999351501465,36825,0.0,0.0
2022-04-21 00:00:00-04:00,3.563999891281128,3.635999917984009,3.380000114440918,3.5959999561309814,9325,0.0,0.0
2022-04-22 00:00:00-04:00,3.635999917984009,3.635999917984009,3.368000030517578,3.5360000133514404,9100,0.0,0.0
2022-04-25 00:00:00-04:00,3.440000057220459,3.6600000858306885,3.4000000953674316,3.492000102996826,4525,0.0,0.0
2022-04-26 00:00:00-04:00,3.619999885559082,3.619999885559082,3.2799999713897705,3.2920000553131104,5375,0.0,0.0
2022-04-27 00:00:00-04:00,3.319999933242798,3.559999942779541,3.319999933242798,3.380000114440918,18575,0.0,0.0
2022-04-28 00:00:00-04:00,3.371999979019165,3.371999979019165,3.200000047683716,3.2200000286102295,10550,0.0,0.0
2022-04-29 00:00:00-04:00,3.240000009536743,3.4079999923706055,3.2039999961853027,3.2720000743865967,9475,0.0,0.0
2022-05-02 00:00:00-04:00,3.2160000801086426,3.2639999389648438,3.1600000858306885,3.2279999256134033,7900,0.0,0.0
2022-05-03 00:00:00-04:00,3.1640000343322754,3.2720000743865967,3.119999885559082,3.2320001125335693,5900,0.0,0.0
2022-05-04 00:00:00-04:00,3.0999999046325684,3.2720000743865967,3.0999999046325684,3.200000047683716,7300,0.0,0.0
2022-05-05 00:00:00-04:00,3.124000072479248,3.2720000743865967,3.124000072479248,3.191999912261963,3325,0.0,0.0
2022-05-06 00:00:00-04:00,3.2760000228881836,3.2760000228881836,3.124000072479248,3.1760001182556152,3500,0.0,0.0
2022-05-09 00:00:00-04:00,3.1600000858306885,3.1600000858306885,2.8480000495910645,2.859999895095825,27100,0.0,0.0
2022-05-10 00:00:00-04:00,2.8399999141693115,2.9600000381469727,2.808000087738037,2.9200000762939453,10050,0.0,0.0
2022-05-11 00:00:00-04:00,2.8320000171661377,2.9600000381469727,2.440000057220459,2.635999917984009,16925,0.0,0.0
2022-05-12 00:00:00-04:00,2.635999917984009,2.635999917984009,2.319999933242798,2.5920000076293945,16550,0.0,0.0
2022-05-13 00:00:00-04:00,2.444000005722046,2.7200000286102295,2.444000005722046,2.619999885559082,13425,0.0,0.0
2022-05-16 00:00:00-04:00,2.875999927520752,2.875999927520752,2.6679999828338623,2.7799999713897705,12250,0.0,0.0
2022-05-17 00:00:00-04:00,2.7679998874664307,2.9200000762939453,2.5799999237060547,2.8559999465942383,17475,0.0,0.0
2022-05-18 00:00:00-04:00,2.9159998893737793,3.2799999713897705,2.4000000953674316,3.200000047683716,42000,0.0,0.0
2022-05-19 00:00:00-04:00,3.191999912261963,3.200000047683716,2.880000114440918,3.0239999294281006,2500,0.0,0.0
2022-05-20 00:00:00-04:00,3.196000099182129,3.196000099182129,2.9760000705718994,3.0480000972747803,1900,0.0,0.0
2022-05-23 00:00:00-04:00,3.131999969482422,3.171999931335449,3.0,3.0160000324249268,2275,0.0,0.0
2022-05-24 00:00:00-04:00,3.2320001125335693,3.2320001125335693,2.74399995803833,2.8320000171661377,4425,0.0,0.0
2022-05-25 00:00:00-04:00,2.8239998817443848,3.240000009536743,2.8239998817443848,3.0799999237060547,6125,0.0,0.0
2022-05-26 00:00:00-04:00,3.0759999752044678,3.1600000858306885,3.0,3.1600000858306885,2175,0.0,0.0
2022-05-27 00:00:00-04:00,2.9200000762939453,3.240000009536743,2.9200000762939453,3.055999994277954,15350,0.0,0.0
2022-05-31 00:00:00-04:00,3.119999885559082,3.119999885559082,2.9719998836517334,3.0439999103546143,6375,0.0,0.0
2022-06-01 00:00:00-04:00,3.200000047683716,3.240000009536743,3.0,3.240000009536743,8375,0.0,0.0
2022-06-02 00:00:00-04:00,3.240000009536743,3.240000009536743,3.200000047683716,3.240000009536743,3425,0.0,0.0
2022-06-03 00:00:00-04:00,3.200000047683716,3.4000000953674316,3.0399999618530273,3.4000000953674316,5375,0.0,0.0
2022-06-06 00:00:00-04:00,3.4200000762939453,3.440000057220459,3.200000047683716,3.200000047683716,6075,0.0,0.0
2022-06-07 00:00:00-04:00,3.200000047683716,3.319999933242798,3.200000047683716,3.200000047683716,3925,0.0,0.0
2022-06-08 00:00:00-04:00,3.200000047683716,3.259999990463257,3.0,3.240000009536743,3550,0.0,0.0
2022-06-09 00:00:00-04:00,3.240000009536743,3.319999933242798,3.2160000801086426,3.240000009536743,1100,0.0,0.0
2022-06-10 00:00:00-04:00,3.200000047683716,3.240000009536743,3.200000047683716,3.240000009536743,2525,0.0,0.0
2022-06-13 00:00:00-04:00,3.2799999713897705,3.2880001068115234,2.9040000438690186,3.0959999561309814,7175,0.0,0.0
2022-06-14 00:00:00-04:00,3.0480000972747803,3.200000047683716,2.8959999084472656,2.9200000762939453,2650,0.0,0.0
2022-06-15 00:00:00-04:00,3.131999969482422,3.200000047683716,2.98799991607666,3.200000047683716,1075,0.0,0.0
2022-06-16 00:00:00-04:00,3.200000047683716,3.200000047683716,2.9200000762939453,3.119999885559082,11700,0.0,0.0
2022-06-17 00:00:00-04:00,3.0399999618530273,3.119999885559082,3.0399999618530273,3.0799999237060547,2525,0.0,0.0
2022-06-21 00:00:00-04:00,2.927999973297119,3.319999933242798,2.927999973297119,3.319999933242798,3200,0.0,0.0
2022-06-22 00:00:00-04:00,3.0199999809265137,3.2119998931884766,3.0199999809265137,3.200000047683716,400,0.0,0.0
2022-06-23 00:00:00-04:00,3.319999933242798,3.319999933242798,3.119999885559082,3.1600000858306885,2000,0.0,0.0
2022-06-24 00:00:00-04:00,3.1600000858306885,3.240000009536743,3.1600000858306885,3.240000009536743,475,0.0,0.0
2022-06-27 00:00:00-04:00,3.319999933242798,3.319999933242798,3.0399999618530273,3.1600000858306885,2550,0.0,0.0
2022-06-28 00:00:00-04:00,3.2200000286102295,3.2360000610351562,3.0399999618530273,3.140000104904175,2275,0.0,0.0
2022-06-29 00:00:00-04:00,3.0799999237060547,3.0880000591278076,2.799999952316284,3.0,12900,0.0,0.0
2022-06-30 00:00:00-04:00,3.0799999237060547,3.0799999237060547,2.799999952316284,2.8959999084472656,8425,0.0,0.0
2022-07-01 00:00:00-04:00,2.803999900817871,2.8559999465942383,2.6040000915527344,2.74399995803833,3750,0.0,0.0
2022-07-05 00:00:00-04:00,2.552000045776367,2.7960000038146973,2.552000045776367,2.7119998931884766,8550,0.0,0.0
2022-07-06 00:00:00-04:00,2.619999885559082,2.759999990463257,2.5999999046325684,2.6480000019073486,1475,0.0,0.0
2022-07-07 00:00:00-04:00,2.640000104904175,2.6679999828338623,2.5399999618530273,2.5999999046325684,1925,0.0,0.0
2022-07-08 00:00:00-04:00,2.559999942779541,2.5999999046325684,2.4519999027252197,2.552000045776367,6225,0.0,0.0
2022-07-11 00:00:00-04:00,2.635999917984009,2.635999917984009,2.436000108718872,2.4800000190734863,5200,0.0,0.0
2022-07-12 00:00:00-04:00,2.440000057220459,2.5999999046325684,2.440000057220459,2.5920000076293945,12725,0.0,0.0
2022-07-13 00:00:00-04:00,2.440000057220459,2.640000104904175,2.440000057220459,2.640000104904175,1125,0.0,0.0
2022-07-14 00:00:00-04:00,2.559999942779541,2.5999999046325684,2.4800000190734863,2.4800000190734863,3550,0.0,0.0
2022-07-15 00:00:00-04:00,2.4119999408721924,2.5999999046325684,2.4119999408721924,2.4800000190734863,3725,0.0,0.0
2022-07-18 00:00:00-04:00,2.4800000190734863,2.5999999046325684,2.4119999408721924,2.4679999351501465,3925,0.0,0.0
2022-07-19 00:00:00-04:00,2.4000000953674316,2.559999942779541,2.4000000953674316,2.492000102996826,3400,0.0,0.0
2022-07-20 00:00:00-04:00,2.615999937057495,2.640000104904175,2.492000102996826,2.503999948501587,3700,0.0,0.0
2022-07-21 00:00:00-04:00,2.7720000743865967,2.7720000743865967,2.503999948501587,2.503999948501587,5400,0.0,0.0
2022-07-22 00:00:00-04:00,2.503999948501587,2.7200000286102295,2.48799991607666,2.5199999809265137,2000,0.0,0.0
2022-07-25 00:00:00-04:00,2.4800000190734863,2.5880000591278076,2.440000057220459,2.440000057220459,2000,0.0,0.0
2022-07-26 00:00:00-04:00,2.440000057220459,2.5,2.4000000953674316,2.4000000953674316,3200,0.0,0.0
2022-07-27 00:00:00-04:00,2.4000000953674316,2.447999954223633,2.24399995803833,2.299999952316284,7150,0.0,0.0
2022-07-28 00:00:00-04:00,2.2799999713897705,2.4000000953674316,2.2799999713897705,2.299999952316284,5200,0.0,0.0
2022-07-29 00:00:00-04:00,2.299999952316284,2.4000000953674316,2.2799999713897705,2.359999895095825,4250,0.0,0.0
2022-08-01 00:00:00-04:00,2.4800000190734863,2.4800000190734863,2.2799999713897705,2.4000000953674316,10900,0.0,0.0
2022-08-02 00:00:00-04:00,2.5439999103546143,2.8320000171661377,2.444000005722046,2.799999952316284,19575,0.0,0.0
2022-08-03 00:00:00-04:00,2.680000066757202,2.7200000286102295,2.5360000133514404,2.5360000133514404,10150,0.0,0.0
2022-08-04 00:00:00-04:00,2.7200000286102295,2.799999952316284,2.4800000190734863,2.628000020980835,6175,0.0,0.0
2022-08-05 00:00:00-04:00,2.6600000858306885,2.680000066757202,2.5399999618530273,2.5999999046325684,5900,0.0,0.0
2022-08-08 00:00:00-04:00,2.8399999141693115,2.8399999141693115,2.440000057220459,2.5759999752044678,7825,0.0,0.0
2022-08-09 00:00:00-04:00,2.7200000286102295,2.7200000286102295,2.5759999752044678,2.5759999752044678,1550,0.0,0.0
2022-08-10 00:00:00-04:00,2.5759999752044678,2.5759999752044678,2.5199999809265137,2.5239999294281006,5800,0.0,0.0
2022-08-11 00:00:00-04:00,2.635999917984009,2.640000104904175,2.4519999027252197,2.4560000896453857,7475,0.0,0.0
2022-08-12 00:00:00-04:00,2.6440000534057617,2.6440000534057617,2.3959999084472656,2.4079999923706055,9700,0.0,0.0
2022-08-15 00:00:00-04:00,2.4000000953674316,2.819999933242798,2.299999952316284,2.7119998931884766,36200,0.0,0.0
2022-08-16 00:00:00-04:00,2.799999952316284,2.8399999141693115,2.6600000858306885,2.75600004196167,4025,0.0,0.0
2022-08-17 00:00:00-04:00,2.759999990463257,2.759999990463257,2.640000104904175,2.759999990463257,1500,0.0,0.0
2022-08-18 00:00:00-04:00,2.8399999141693115,2.9200000762939453,2.640000104904175,2.9000000953674316,20825,0.0,0.0
2022-08-19 00:00:00-04:00,2.9200000762939453,2.9200000762939453,2.7039999961853027,2.7039999961853027,5275,0.0,0.0
2022-08-22 00:00:00-04:00,2.5999999046325684,2.759999990463257,2.492000102996826,2.5999999046325684,15425,0.0,0.0
2022-08-23 00:00:00-04:00,2.559999942779541,2.799999952316284,2.5199999809265137,2.759999990463257,17025,0.0,0.0
2022-08-24 00:00:00-04:00,2.7839999198913574,2.880000114440918,2.7639999389648438,2.880000114440918,8925,0.0,0.0
2022-08-25 00:00:00-04:00,2.9760000705718994,3.187999963760376,2.880000114440918,3.187999963760376,15425,0.0,0.0
2022-08-26 00:00:00-04:00,3.1600000858306885,3.187999963760376,2.7279999256134033,2.9200000762939453,7300,0.0,0.0
2022-08-29 00:00:00-04:00,3.0,3.0,2.803999900817871,2.880000114440918,10000,0.0,0.0
2022-08-30 00:00:00-04:00,2.9200000762939453,3.1600000858306885,2.799999952316284,3.0799999237060547,30900,0.0,0.0
2022-08-31 00:00:00-04:00,3.1440000534057617,3.1440000534057617,2.799999952316284,2.9800000190734863,5575,0.0,0.0
2022-09-01 00:00:00-04:00,3.0999999046325684,3.0999999046325684,2.799999952316284,2.9600000381469727,2250,0.0,0.0
2022-09-02 00:00:00-04:00,2.759999990463257,3.0,2.7360000610351562,2.7679998874664307,4025,0.0,0.0
2022-09-06 00:00:00-04:00,2.9600000381469727,2.9600000381469727,2.7200000286102295,2.7639999389648438,5175,0.0,0.0
2022-09-07 00:00:00-04:00,2.864000082015991,2.9519999027252197,2.680000066757202,2.759999990463257,2500,0.0,0.0
2022-09-08 00:00:00-04:00,2.9600000381469727,2.9600000381469727,2.640000104904175,2.868000030517578,2475,0.0,0.0
2022-09-09 00:00:00-04:00,2.7039999961853027,2.868000030517578,2.680000066757202,2.7320001125335693,1075,0.0,0.0
2022-09-12 00:00:00-04:00,2.615999937057495,2.799999952316284,2.615999937057495,2.759999990463257,1950,0.0,0.0
2022-09-13 00:00:00-04:00,2.7039999961853027,2.799999952316284,2.680000066757202,2.740000009536743,4500,0.0,0.0
2022-09-14 00:00:00-04:00,2.680000066757202,2.799999952316284,2.619999885559082,2.619999885559082,2850,0.0,0.0
2022-09-15 00:00:00-04:00,2.6440000534057617,2.7200000286102295,2.5160000324249268,2.5999999046325684,1000,0.0,0.0
2022-09-16 00:00:00-04:00,2.640000104904175,2.7160000801086426,2.5320000648498535,2.7160000801086426,2500,0.0,0.0
2022-09-19 00:00:00-04:00,2.5199999809265137,2.7200000286102295,2.5199999809265137,2.7200000286102295,3125,0.0,0.0
2022-09-20 00:00:00-04:00,2.611999988555908,2.687999963760376,2.559999942779541,2.680000066757202,2125,0.0,0.0
2022-09-21 00:00:00-04:00,2.680000066757202,2.7200000286102295,2.5999999046325684,2.6519999504089355,4500,0.0,0.0
2022-09-22 00:00:00-04:00,2.640000104904175,2.7200000286102295,2.559999942779541,2.640000104904175,6000,0.0,0.0
2022-09-23 00:00:00-04:00,2.559999942779541,2.7200000286102295,2.4000000953674316,2.680000066757202,6000,0.0,0.0
2022-09-26 00:00:00-04:00,2.359999895095825,2.680000066757202,2.359999895095825,2.680000066757202,2075,0.0,0.0
2022-09-27 00:00:00-04:00,2.4839999675750732,2.680000066757202,2.4000000953674316,2.444000005722046,4475,0.0,0.0
2022-09-28 00:00:00-04:00,2.359999895095825,2.4800000190734863,2.359999895095825,2.440000057220459,4750,0.0,0.0
2022-09-29 00:00:00-04:00,2.440000057220459,2.680000066757202,2.4000000953674316,2.4800000190734863,4350,0.0,0.0
2022-09-30 00:00:00-04:00,2.4000000953674316,2.4800000190734863,2.2839999198913574,2.2839999198913574,8950,0.0,0.0
2022-10-03 00:00:00-04:00,2.2799999713897705,2.5999999046325684,2.2799999713897705,2.555999994277954,6625,0.0,0.0
2022-10-04 00:00:00-04:00,2.559999942779541,2.5999999046325684,2.200000047683716,2.4079999923706055,9000,0.0,0.0
2022-10-05 00:00:00-04:00,2.5999999046325684,2.5999999046325684,2.4200000762939453,2.4800000190734863,2325,0.0,0.0
2022-10-06 00:00:00-04:00,2.4040000438690186,2.5920000076293945,2.4040000438690186,2.4240000247955322,5475,0.0,0.0
2022-10-07 00:00:00-04:00,2.4200000762939453,2.5920000076293945,2.4200000762939453,2.4800000190734863,3825,0.0,0.0
2022-10-10 00:00:00-04:00,2.5999999046325684,2.7079999446868896,2.5360000133514404,2.5840001106262207,5975,0.0,0.0
2022-10-11 00:00:00-04:00,2.559999942779541,2.640000104904175,2.4839999675750732,2.5360000133514404,1325,0.0,0.0
2022-10-12 00:00:00-04:00,2.680000066757202,2.680000066757202,2.2960000038146973,2.4000000953674316,3950,0.0,0.0
2022-10-13 00:00:00-04:00,2.4800000190734863,2.6679999828338623,2.440000057220459,2.5999999046325684,5150,0.0,0.0
2022-10-14 00:00:00-04:00,2.5999999046325684,2.611999988555908,2.4000000953674316,2.440000057220459,3275,0.0,0.0
2022-10-17 00:00:00-04:00,2.440000057220459,2.555999994277954,2.380000114440918,2.4000000953674316,1725,0.0,0.0
2022-10-18 00:00:00-04:00,2.5,2.559999942779541,2.4800000190734863,2.5199999809265137,6275,0.0,0.0
2022-10-19 00:00:00-04:00,2.5999999046325684,2.5999999046325684,2.4600000381469727,2.555999994277954,6350,0.0,0.0
2022-10-20 00:00:00-04:00,2.4800000190734863,2.559999942779541,2.4800000190734863,2.492000102996826,1400,0.0,0.0
2022-10-21 00:00:00-04:00,2.359999895095825,2.559999942779541,2.359999895095825,2.4800000190734863,6225,0.0,0.0
2022-10-24 00:00:00-04:00,2.4000000953674316,2.440000057220459,2.319999933242798,2.3399999141693115,5975,0.0,0.0
2022-10-25 00:00:00-04:00,2.631999969482422,2.740000009536743,2.4000000953674316,2.4600000381469727,16125,0.0,0.0
2022-10-26 00:00:00-04:00,2.5320000648498535,2.5320000648498535,2.380000114440918,2.380000114440918,8750,0.0,0.0
2022-10-27 00:00:00-04:00,2.4800000190734863,2.5320000648498535,2.4119999408721924,2.5,8800,0.0,0.0
2022-10-28 00:00:00-04:00,2.5199999809265137,2.5199999809265137,2.200000047683716,2.359999895095825,29075,0.0,0.0
2022-10-31 00:00:00-04:00,2.3959999084472656,2.4119999408721924,2.2639999389648438,2.2799999713897705,3225,0.0,0.0
2022-11-01 00:00:00-04:00,2.440000057220459,2.440000057220459,2.200000047683716,2.2279999256134033,5075,0.0,0.0
2022-11-02 00:00:00-04:00,2.4000000953674316,2.4000000953674316,2.0799999237060547,2.200000047683716,9600,0.0,0.0
2022-11-03 00:00:00-04:00,2.4000000953674316,2.4800000190734863,2.2079999446868896,2.3320000171661377,2150,0.0,0.0
2022-11-04 00:00:00-04:00,2.2119998931884766,2.5920000076293945,2.2119998931884766,2.4600000381469727,18100,0.0,0.0
2022-11-07 00:00:00-05:00,2.3359999656677246,2.4600000381469727,2.2119998931884766,2.364000082015991,2150,0.0,0.0
2022-11-08 00:00:00-05:00,2.440000057220459,2.5999999046325684,2.1600000858306885,2.319999933242798,39950,0.0,0.0
2022-11-09 00:00:00-05:00,2.4000000953674316,2.4719998836517334,2.2079999446868896,2.388000011444092,17775,0.0,0.0
2022-11-10 00:00:00-05:00,2.308000087738037,2.3559999465942383,2.1600000858306885,2.200000047683716,1875,0.0,0.0
2022-11-11 00:00:00-05:00,2.2960000038146973,2.2960000038146973,2.1600000858306885,2.2799999713897705,5750,0.0,0.0
2022-11-14 00:00:00-05:00,2.200000047683716,2.2920000553131104,2.200000047683716,2.240000009536743,1150,0.0,0.0
2022-11-15 00:00:00-05:00,2.2799999713897705,2.303999900817871,2.1600000858306885,2.2320001125335693,7200,0.0,0.0
2022-11-16 00:00:00-05:00,2.24399995803833,2.24399995803833,2.1600000858306885,2.1600000858306885,3275,0.0,0.0
2022-11-17 00:00:00-05:00,2.200000047683716,2.319999933242798,2.1600000858306885,2.1600000858306885,7200,0.0,0.0
2022-11-18 00:00:00-05:00,2.319999933242798,2.4000000953674316,2.319999933242798,2.368000030517578,10325,0.0,0.0
2022-11-21 00:00:00-05:00,2.368000030517578,2.368000030517578,2.2200000286102295,2.2239999771118164,2925,0.0,0.0
2022-11-22 00:00:00-05:00,2.2239999771118164,2.240000009536743,2.2239999771118164,2.2239999771118164,8625,0.0,0.0
2022-11-23 00:00:00-05:00,2.312000036239624,2.312000036239624,2.0799999237060547,2.1600000858306885,14025,0.0,0.0
2022-11-25 00:00:00-05:00,2.0799999237060547,2.259999990463257,2.0799999237060547,2.200000047683716,12875,0.0,0.0
2022-11-28 00:00:00-05:00,2.319999933242798,2.319999933242798,2.0799999237060547,2.131999969482422,4775,0.0,0.0
2022-11-29 00:00:00-05:00,2.191999912261963,2.191999912261963,2.0799999237060547,2.0799999237060547,8525,0.0,0.0
2022-11-30 00:00:00-05:00,2.0840001106262207,2.1559998989105225,2.0840001106262207,2.124000072479248,700,0.0,0.0
2022-12-01 00:00:00-05:00,2.124000072479248,2.187999963760376,2.0920000076293945,2.187999963760376,7975,0.0,0.0
2022-12-02 00:00:00-05:00,2.440000057220459,2.440000057220459,2.0799999237060547,2.119999885559082,4575,0.0,0.0
2022-12-05 00:00:00-05:00,2.0799999237060547,2.191999912261963,2.0799999237060547,2.0799999237060547,1025,0.0,0.0
2022-12-06 00:00:00-05:00,2.119999885559082,2.135999917984009,2.0799999237060547,2.0799999237060547,8400,0.0,0.0
2022-12-07 00:00:00-05:00,2.0840001106262207,2.0840001106262207,1.4600000381469727,1.7200000286102295,29150,0.0,0.0
2022-12-08 00:00:00-05:00,1.687999963760376,1.7719999551773071,1.600000023841858,1.7480000257492065,5250,0.0,0.0
2022-12-09 00:00:00-05:00,1.559999942779541,1.7999999523162842,1.559999942779541,1.6799999475479126,5175,0.0,0.0
2022-12-12 00:00:00-05:00,1.684000015258789,1.7999999523162842,1.5199999809265137,1.7200000286102295,1400,0.0,0.0
2022-12-13 00:00:00-05:00,1.7200000286102295,2.0,1.600000023841858,1.600000023841858,11800,0.0,0.0
2022-12-14 00:00:00-05:00,1.7200000286102295,1.8040000200271606,1.600000023841858,1.7039999961853027,2375,0.0,0.0
2022-12-15 00:00:00-05:00,1.899999976158142,1.899999976158142,1.8559999465942383,1.8559999465942383,625,0.0,0.0
2022-12-16 00:00:00-05:00,1.9919999837875366,1.9919999837875366,1.6799999475479126,1.6920000314712524,5950,0.0,0.0
2022-12-19 00:00:00-05:00,1.6399999856948853,1.840000033378601,1.5199999809265137,1.840000033378601,6700,0.0,0.0
2022-12-20 00:00:00-05:00,1.5199999809265137,1.840000033378601,1.5199999809265137,1.7999999523162842,3850,0.0,0.0
2022-12-21 00:00:00-05:00,1.6399999856948853,1.7200000286102295,1.6399999856948853,1.6480000019073486,1550,0.0,0.0
2022-12-22 00:00:00-05:00,1.5199999809265137,1.7879999876022339,1.4839999675750732,1.7879999876022339,3150,0.0,0.0
2022-12-23 00:00:00-05:00,1.7200000286102295,1.7599999904632568,1.559999942779541,1.559999942779541,2350,0.0,0.0
2022-12-27 00:00:00-05:00,1.4160000085830688,1.7599999904632568,1.4160000085830688,1.527999997138977,6525,0.0,0.0
2022-12-28 00:00:00-05:00,1.4839999675750732,1.7599999904632568,1.4559999704360962,1.4600000381469727,11400,0.0,0.0
2022-12-29 00:00:00-05:00,1.440000057220459,1.715999960899353,1.3200000524520874,1.399999976158142,26375,0.0,0.0
2022-12-30 00:00:00-05:00,1.4279999732971191,1.7319999933242798,1.399999976158142,1.600000023841858,16275,0.0,0.0
2023-01-03 00:00:00-05:00,1.840000033378601,1.840000033378601,1.6399999856948853,1.6399999856948853,1775,0.0,0.0
2023-01-04 00:00:00-05:00,1.7200000286102295,1.7480000257492065,1.6399999856948853,1.6920000314712524,3700,0.0,0.0
2023-01-05 00:00:00-05:00,1.7999999523162842,1.840000033378601,1.5679999589920044,1.840000033378601,1700,0.0,0.0
2023-01-06 00:00:00-05:00,1.840000033378601,1.840000033378601,1.7000000476837158,1.7000000476837158,5150,0.0,0.0
2023-01-09 00:00:00-05:00,1.6799999475479126,1.7999999523162842,1.6799999475479126,1.7079999446868896,1475,0.0,0.0
2023-01-10 00:00:00-05:00,1.7079999446868896,1.840000033378601,1.659999966621399,1.659999966621399,1800,0.0,0.0
2023-01-11 00:00:00-05:00,1.840000033378601,1.840000033378601,1.6399999856948853,1.8040000200271606,4375,0.0,0.0
2023-01-12 00:00:00-05:00,1.7239999771118164,1.8320000171661377,1.7200000286102295,1.7999999523162842,2000,0.0,0.0
2023-01-13 00:00:00-05:00,1.840000033378601,1.840000033378601,1.7760000228881836,1.7760000228881836,4775,0.0,0.0
2023-01-17 00:00:00-05:00,1.8480000495910645,2.4000000953674316,1.7999999523162842,2.2799999713897705,46600,0.0,0.0
2023-01-18 00:00:00-05:00,2.2119998931884766,2.4000000953674316,2.200000047683716,2.2960000038146973,10950,0.0,0.0
2023-01-19 00:00:00-05:00,2.240000009536743,2.5199999809265137,2.200000047683716,2.2079999446868896,27675,0.0,0.0
2023-01-20 00:00:00-05:00,2.315999984741211,2.4000000953674316,2.119999885559082,2.319999933242798,1525,0.0,0.0
2023-01-23 00:00:00-05:00,2.200000047683716,2.2799999713897705,2.119999885559082,2.240000009536743,4425,0.0,0.0
2023-01-24 00:00:00-05:00,2.2839999198913574,2.431999921798706,2.240000009536743,2.240000009536743,7300,0.0,0.0
2023-01-25 00:00:00-05:00,2.431999921798706,2.431999921798706,2.240000009536743,2.240000009536743,1250,0.0,0.0
2023-01-26 00:00:00-05:00,2.431999921798706,2.431999921798706,2.240000009536743,2.240000009536743,1725,0.0,0.0
2023-01-27 00:00:00-05:00,2.4119999408721924,2.431999921798706,2.240000009536743,2.359999895095825,1700,0.0,0.0
2023-01-30 00:00:00-05:00,2.4000000953674316,2.431999921798706,2.2799999713897705,2.2799999713897705,5725,0.0,0.0
2023-01-31 00:00:00-05:00,2.180000066757202,2.240000009536743,2.0,2.1600000858306885,3200,0.0,0.0
2023-02-01 00:00:00-05:00,2.0920000076293945,2.359999895095825,2.0920000076293945,2.180000066757202,7075,0.0,0.0
2023-02-02 00:00:00-05:00,2.200000047683716,2.312000036239624,2.200000047683716,2.2799999713897705,2925,0.0,0.0
2023-02-03 00:00:00-05:00,2.119999885559082,2.431999921798706,2.119999885559082,2.2679998874664307,3575,0.0,0.0
2023-02-06 00:00:00-05:00,2.2679998874664307,2.2679998874664307,2.200000047683716,2.25600004196167,4575,0.0,0.0
2023-02-07 00:00:00-05:00,2.2960000038146973,2.2960000038146973,2.2320001125335693,2.240000009536743,3025,0.0,0.0
2023-02-08 00:00:00-05:00,2.2960000038146973,2.2960000038146973,2.200000047683716,2.240000009536743,12525,0.0,0.0
2023-02-09 00:00:00-05:00,2.1600000858306885,2.1600000858306885,2.119999885559082,2.119999885559082,650,0.0,0.0
2023-02-10 00:00:00-05:00,2.119999885559082,2.1760001182556152,2.119999885559082,2.119999885559082,1175,0.0,0.0
2023-02-13 00:00:00-05:00,2.200000047683716,2.200000047683716,2.119999885559082,2.119999885559082,400,0.0,0.0
2023-02-14 00:00:00-05:00,2.119999885559082,2.1519999504089355,2.119999885559082,2.140000104904175,1275,0.0,0.0
2023-02-15 00:00:00-05:00,2.1640000343322754,2.1640000343322754,2.0399999618530273,2.0399999618530273,4150,0.0,0.0
2023-02-16 00:00:00-05:00,2.059999942779541,2.2039999961853027,2.059999942779541,2.059999942779541,2825,0.0,0.0
2023-02-17 00:00:00-05:00,2.0399999618530273,2.1679999828338623,2.0399999618530273,2.1040000915527344,725,0.0,0.0
2023-02-21 00:00:00-05:00,2.119999885559082,2.1679999828338623,2.0399999618530273,2.1679999828338623,975,0.0,0.0
2023-02-22 00:00:00-05:00,2.200000047683716,2.2239999771118164,2.0,2.0199999809265137,7575,0.0,0.0
2023-02-23 00:00:00-05:00,2.059999942779541,2.059999942779541,1.840000033378601,2.0199999809265137,3225,0.0,0.0
2023-02-24 00:00:00-05:00,1.944000005722046,2.124000072479248,1.940000057220459,1.940000057220459,1175,0.0,0.0
2023-02-27 00:00:00-05:00,1.899999976158142,1.9559999704360962,1.659999966621399,1.9559999704360962,8075,0.0,0.0
2023-02-28 00:00:00-05:00,1.840000033378601,1.840000033378601,1.7200000286102295,1.7200000286102295,2750,0.0,0.0
2023-03-01 00:00:00-05:00,1.7319999933242798,1.7319999933242798,1.7200000286102295,1.7200000286102295,800,0.0,0.0
2023-03-02 00:00:00-05:00,1.8079999685287476,1.8960000276565552,1.7200000286102295,1.8799999952316284,1075,0.0,0.0
2023-03-03 00:00:00-05:00,1.74399995803833,1.8799999952316284,1.7200000286102295,1.7200000286102295,1225,0.0,0.0
2023-03-06 00:00:00-05:00,1.7200000286102295,1.8760000467300415,1.7200000286102295,1.7999999523162842,550,0.0,0.0
2023-03-07 00:00:00-05:00,1.7999999523162842,1.7999999523162842,1.7239999771118164,1.7239999771118164,250,0.0,0.0
2023-03-08 00:00:00-05:00,1.7599999904632568,1.7599999904632568,1.5199999809265137,1.6399999856948853,2100,0.0,0.0
2023-03-09 00:00:00-05:00,1.7239999771118164,1.7239999771118164,1.600000023841858,1.600000023841858,3450,0.0,0.0
2023-03-10 00:00:00-05:00,1.7200000286102295,1.7200000286102295,1.5199999809265137,1.5199999809265137,4675,0.0,0.0
2023-03-13 00:00:00-04:00,1.5959999561309814,1.659999966621399,1.4800000190734863,1.4800000190734863,4575,0.0,0.0
2023-03-14 00:00:00-04:00,1.555999994277954,1.6200000047683716,1.4559999704360962,1.4559999704360962,2250,0.0,0.0
2023-03-15 00:00:00-04:00,1.440000057220459,1.5399999618530273,1.4040000438690186,1.4040000438690186,1725,0.0,0.0
2023-03-16 00:00:00-04:00,1.472000002861023,1.6399999856948853,1.3919999599456787,1.3919999599456787,4650,0.0,0.0
2023-03-17 00:00:00-04:00,1.3919999599456787,1.3960000276565552,1.3600000143051147,1.3799999952316284,525,0.0,0.0
2023-03-20 00:00:00-04:00,1.559999942779541,1.5640000104904175,1.399999976158142,1.399999976158142,375,0.0,0.0
2023-03-21 00:00:00-04:00,1.3559999465942383,1.600000023841858,1.2480000257492065,1.4880000352859497,15575,0.0,0.0
2023-03-22 00:00:00-04:00,1.2599999904632568,2.1600000858306885,1.2599999904632568,1.7999999523162842,66225,0.0,0.0
2023-03-23 00:00:00-04:00,1.440000057220459,1.7400000095367432,1.4299999475479126,1.7400000095367432,61100,0.0,0.25
2023-03-24 00:00:00-04:00,1.7400000095367432,2.2899999618530273,1.659999966621399,1.9500000476837158,111800,0.0,0.0
2023-03-27 00:00:00-04:00,1.7300000190734863,1.9500000476837158,1.649999976158142,1.649999976158142,12700,0.0,0.0
2023-03-28 00:00:00-04:00,1.6299999952316284,1.7599999904632568,1.5499999523162842,1.649999976158142,19800,0.0,0.0
2023-03-29 00:00:00-04:00,1.7300000190734863,1.7300000190734863,1.6399999856948853,1.6679999828338623,3500,0.0,0.0
2023-03-30 00:00:00-04:00,1.7050000429153442,1.7230000495910645,1.6399999856948853,1.7000000476837158,2700,0.0,0.0
2023-03-31 00:00:00-04:00,1.6699999570846558,1.8300000429153442,1.6699999570846558,1.7300000190734863,21400,0.0,0.0
2023-04-03 00:00:00-04:00,1.8200000524520874,1.968999981880188,1.5399999618530273,1.809999942779541,28000,0.0,0.0
2023-04-04 00:00:00-04:00,1.7599999904632568,1.9199999570846558,1.7599999904632568,1.840000033378601,4000,0.0,0.0
2023-04-05 00:00:00-04:00,1.8009999990463257,1.8899999856948853,1.75,1.8300000429153442,7100,0.0,0.0
2023-04-06 00:00:00-04:00,1.75,1.8700000047683716,1.75,1.8700000047683716,5400,0.0,0.0
2023-04-10 00:00:00-04:00,1.7400000095367432,1.9299999475479126,1.7200000286102295,1.7200000286102295,13100,0.0,0.0
2023-04-11 00:00:00-04:00,1.8450000286102295,1.8450000286102295,1.7200000286102295,1.7699999809265137,5600,0.0,0.0
2023-04-12 00:00:00-04:00,1.75,1.809999942779541,1.6399999856948853,1.6699999570846558,36200,0.0,0.0
2023-04-13 00:00:00-04:00,1.7649999856948853,1.8730000257492065,1.7000000476837158,1.7480000257492065,12800,0.0,0.0
2023-04-14 00:00:00-04:00,1.7000000476837158,1.7599999904632568,1.659999966621399,1.7200000286102295,15500,0.0,0.0
2023-04-17 00:00:00-04:00,1.9299999475479126,1.9299999475479126,1.7599999904632568,1.840000033378601,6000,0.0,0.0
2023-04-18 00:00:00-04:00,1.809999942779541,1.9900000095367432,1.809999942779541,1.840000033378601,4100,0.0,0.0
2023-04-19 00:00:00-04:00,1.875,1.909999966621399,1.7999999523162842,1.8420000076293945,5000,0.0,0.0
2023-04-20 00:00:00-04:00,1.8279999494552612,1.906000018119812,1.8200000524520874,1.850000023841858,3000,0.0,0.0
2023-04-21 00:00:00-04:00,1.8079999685287476,1.8739999532699585,1.7799999713897705,1.815000057220459,5600,0.0,0.0
2023-04-24 00:00:00-04:00,1.8619999885559082,1.8799999952316284,1.840000033378601,1.8700000047683716,1500,0.0,0.0
2023-04-25 00:00:00-04:00,1.8200000524520874,1.8799999952316284,1.8200000524520874,1.8700000047683716,3300,0.0,0.0
2023-04-26 00:00:00-04:00,1.8600000143051147,1.8600000143051147,1.8300000429153442,1.8300000429153442,1200,0.0,0.0
2023-04-27 00:00:00-04:00,1.850000023841858,1.850000023841858,1.8200000524520874,1.8200000524520874,1300,0.0,0.0
2023-04-28 00:00:00-04:00,1.88100004196167,1.8969999551773071,1.850000023841858,1.8700000047683716,4800,0.0,0.0
2023-05-01 00:00:00-04:00,1.8700000047683716,1.9500000476837158,1.7999999523162842,1.8799999952316284,9700,0.0,0.0
2023-05-02 00:00:00-04:00,1.8600000143051147,1.899999976158142,1.8600000143051147,1.899999976158142,1700,0.0,0.0
2023-05-03 00:00:00-04:00,1.899999976158142,1.9199999570846558,1.8600000143051147,1.8600000143051147,1900,0.0,0.0
2023-05-04 00:00:00-04:00,1.940000057220459,1.940000057220459,1.9199999570846558,1.9199999570846558,1900,0.0,0.0
2023-05-05 00:00:00-04:00,1.9199999570846558,1.9800000190734863,1.9199999570846558,1.9600000381469727,3000,0.0,0.0
2023-05-08 00:00:00-04:00,1.9229999780654907,1.9500000476837158,1.9199999570846558,1.9500000476837158,1000,0.0,0.0
2023-05-09 00:00:00-04:00,1.9299999475479126,2.0999999046325684,1.9299999475479126,2.0999999046325684,10300,0.0,0.0
2023-05-10 00:00:00-04:00,2.180000066757202,2.180000066757202,1.9900000095367432,2.0399999618530273,4500,0.0,0.0
2023-05-11 00:00:00-04:00,2.1600000858306885,2.1600000858306885,2.0,2.058000087738037,4000,0.0,0.0
2023-05-12 00:00:00-04:00,2.049999952316284,2.180000066757202,2.049999952316284,2.180000066757202,1000,0.0,0.0
2023-05-15 00:00:00-04:00,2.180000066757202,2.180000066757202,2.180000066757202,2.180000066757202,300,0.0,0.0
2023-05-16 00:00:00-04:00,2.1500000953674316,2.180999994277954,1.9299999475479126,1.9700000286102295,5700,0.0,0.0
2023-05-17 00:00:00-04:00,2.1600000858306885,2.1600000858306885,1.9900000095367432,1.9900000095367432,2900,0.0,0.0
2023-05-18 00:00:00-04:00,2.0899999141693115,2.0899999141693115,2.0799999237060547,2.0799999237060547,1900,0.0,0.0
2023-05-19 00:00:00-04:00,2.0,2.0,1.9800000190734863,2.0,1400,0.0,0.0
2023-05-22 00:00:00-04:00,2.130000114440918,2.187000036239624,2.0399999618530273,2.140000104904175,2800,0.0,0.0
2023-05-23 00:00:00-04:00,2.0969998836517334,2.319999933242798,2.049999952316284,2.0999999046325684,47800,0.0,0.0
2023-05-24 00:00:00-04:00,2.049999952316284,2.2899999618530273,2.049999952316284,2.2119998931884766,11400,0.0,0.0
2023-05-25 00:00:00-04:00,2.0899999141693115,2.2300000190734863,2.049999952316284,2.130000114440918,10900,0.0,0.0
2023-05-26 00:00:00-04:00,2.0999999046325684,2.130000114440918,2.0299999713897705,2.0399999618530273,5000,0.0,0.0
2023-05-30 00:00:00-04:00,2.069999933242798,2.069999933242798,1.9600000381469727,2.0350000858306885,5300,0.0,0.0
2023-05-31 00:00:00-04:00,2.0329999923706055,2.069999933242798,1.9800000190734863,1.9900000095367432,1900,0.0,0.0
2023-06-01 00:00:00-04:00,1.9589999914169312,2.059999942779541,1.9589999914169312,1.9900000095367432,2400,0.0,0.0
2023-06-02 00:00:00-04:00,1.9539999961853027,2.0399999618530273,1.8899999856948853,1.940000057220459,2800,0.0,0.0
2023-06-05 00:00:00-04:00,1.940000057220459,1.940000057220459,1.940000057220459,1.940000057220459,2200,0.0,0.0
2023-06-06 00:00:00-04:00,1.940000057220459,1.9600000381469727,1.940000057220459,1.9600000381469727,3100,0.0,0.0
2023-06-07 00:00:00-04:00,1.9199999570846558,1.9199999570846558,1.9199999570846558,1.9199999570846558,300,0.0,0.0
2023-06-08 00:00:00-04:00,1.9700000286102295,1.9700000286102295,1.9299999475479126,1.9299999475479126,800,0.0,0.0
2023-06-09 00:00:00-04:00,1.940000057220459,1.9700000286102295,1.8899999856948853,1.9110000133514404,2400,0.0,0.0
2023-06-12 00:00:00-04:00,1.7200000286102295,1.944000005722046,1.7200000286102295,1.8849999904632568,14500,0.0,0.0
2023-06-13 00:00:00-04:00,1.8600000143051147,1.8990000486373901,1.8600000143051147,1.8990000486373901,1000,0.0,0.0
2023-06-14 00:00:00-04:00,1.8700000047683716,1.899999976158142,1.8700000047683716,1.8700000047683716,3100,0.0,0.0
2023-06-15 00:00:00-04:00,1.9199999570846558,1.9199999570846558,1.850000023841858,1.8949999809265137,5900,0.0,0.0
2023-06-16 00:00:00-04:00,1.9299999475479126,1.9900000095367432,1.899999976158142,1.9900000095367432,4200,0.0,0.0
2023-06-20 00:00:00-04:00,2.0,2.0,1.9299999475479126,1.9299999475479126,1200,0.0,0.0
2023-06-21 00:00:00-04:00,1.9900000095367432,1.9910000562667847,1.9500000476837158,1.9910000562667847,700,0.0,0.0
2023-06-22 00:00:00-04:00,1.9459999799728394,2.0,1.9459999799728394,1.9930000305175781,1600,0.0,0.0
2023-06-23 00:00:00-04:00,1.9500000476837158,1.9919999837875366,1.9500000476837158,1.9880000352859497,1700,0.0,0.0
2023-06-26 00:00:00-04:00,1.940000057220459,1.9850000143051147,1.940000057220459,1.9800000190734863,900,0.0,0.0
2023-06-27 00:00:00-04:00,1.9800000190734863,1.9800000190734863,1.9800000190734863,1.9800000190734863,300,0.0,0.0
2023-06-28 00:00:00-04:00,1.940000057220459,1.9889999628067017,1.940000057220459,1.9889999628067017,400,0.0,0.0
2023-06-29 00:00:00-04:00,2.0,2.0899999141693115,1.9900000095367432,2.0450000762939453,9900,0.0,0.0
2023-06-30 00:00:00-04:00,2.065000057220459,2.069999933242798,2.0299999713897705,2.0299999713897705,3900,0.0,0.0
2023-07-03 00:00:00-04:00,2.0,2.009999990463257,1.9600000381469727,2.009999990463257,1100,0.0,0.0
2023-07-05 00:00:00-04:00,1.9800000190734863,2.049999952316284,1.9800000190734863,2.0299999713897705,1600,0.0,0.0
2023-07-06 00:00:00-04:00,2.0299999713897705,2.0429999828338623,2.0,2.0390000343322754,1900,0.0,0.0
2023-07-07 00:00:00-04:00,2.0450000762939453,2.049999952316284,2.0450000762939453,2.049999952316284,1100,0.0,0.0
2023-07-10 00:00:00-04:00,2.049999952316284,2.049999952316284,2.049999952316284,2.049999952316284,300,0.0,0.0
2023-07-11 00:00:00-04:00,2.0399999618530273,2.0899999141693115,2.0399999618530273,2.0899999141693115,400,0.0,0.0
2023-07-12 00:00:00-04:00,2.0899999141693115,2.0899999141693115,2.0899999141693115,2.0899999141693115,1300,0.0,0.0
2023-07-13 00:00:00-04:00,2.0409998893737793,2.140000104904175,2.0399999618530273,2.140000104904175,1600,0.0,0.0
2023-07-14 00:00:00-04:00,2.119999885559082,2.130000114440918,2.049999952316284,2.0799999237060547,2600,0.0,0.0
2023-07-17 00:00:00-04:00,2.0799999237060547,2.0799999237060547,2.0799999237060547,2.0799999237060547,0,0.0,0.0
2023-07-18 00:00:00-04:00,2.0799999237060547,2.0799999237060547,2.0799999237060547,2.0799999237060547,200,0.0,0.0
2023-07-19 00:00:00-04:00,2.0799999237060547,2.1080000400543213,2.0,2.0999999046325684,1800,0.0,0.0
2023-07-20 00:00:00-04:00,2.0999999046325684,2.0999999046325684,2.0999999046325684,2.0999999046325684,1200,0.0,0.0
2023-07-21 00:00:00-04:00,2.0399999618530273,2.130000114440918,2.0399999618530273,2.069999933242798,1000,0.0,0.0
2023-07-24 00:00:00-04:00,2.059999942779541,2.1070001125335693,2.0399999618530273,2.059999942779541,1000,0.0,0.0
2023-07-25 00:00:00-04:00,2.0299999713897705,2.119999885559082,2.0299999713897705,2.119999885559082,1100,0.0,0.0
2023-07-26 00:00:00-04:00,2.059999942779541,2.059999942779541,2.059999942779541,2.059999942779541,600,0.0,0.0
2023-07-27 00:00:00-04:00,2.0920000076293945,2.109999895095825,2.0399999618530273,2.0850000381469727,2600,0.0,0.0
2023-07-28 00:00:00-04:00,2.059999942779541,2.2200000286102295,2.0299999713897705,2.190000057220459,21400,0.0,0.0
2023-07-31 00:00:00-04:00,2.1440000534057617,2.1600000858306885,2.109999895095825,2.1510000228881836,1600,0.0,0.0
2023-08-01 00:00:00-04:00,2.049999952316284,2.190000057220459,1.972000002861023,1.9800000190734863,8600,0.0,0.0
2023-08-02 00:00:00-04:00,1.9800000190734863,2.0969998836517334,1.9800000190734863,2.0969998836517334,1900,0.0,0.0
2023-08-03 00:00:00-04:00,2.0399999618530273,2.119999885559082,1.8339999914169312,1.8899999856948853,13900,0.0,0.0
2023-08-04 00:00:00-04:00,2.0,2.005000114440918,1.8200000524520874,1.840000033378601,14100,0.0,0.0
2023-08-07 00:00:00-04:00,1.850000023841858,1.940000057220459,1.840000033378601,1.840000033378601,2200,0.0,0.0
2023-08-08 00:00:00-04:00,1.8990000486373901,1.9299999475479126,1.8049999475479126,1.8849999904632568,15300,0.0,0.0
2023-08-09 00:00:00-04:00,1.9199999570846558,1.9199999570846558,1.8799999952316284,1.8799999952316284,700,0.0,0.0
2023-08-10 00:00:00-04:00,1.9800000190734863,1.9800000190734863,1.9500000476837158,1.9500000476837158,300,0.0,0.0
2023-08-11 00:00:00-04:00,1.899999976158142,1.9739999771118164,1.899999976158142,1.899999976158142,900,0.0,0.0
2023-08-14 00:00:00-04:00,1.972000002861023,1.972000002861023,1.8799999952316284,1.9479999542236328,500,0.0,0.0
2023-08-15 00:00:00-04:00,1.9479999542236328,1.9479999542236328,1.9479999542236328,1.9479999542236328,0,0.0,0.0
2023-08-16 00:00:00-04:00,1.8600000143051147,1.878999948501587,1.840000033378601,1.8669999837875366,2200,0.0,0.0
2023-08-17 00:00:00-04:00,1.875,1.875,1.875,1.875,1000,0.0,0.0
2023-08-18 00:00:00-04:00,1.875,1.875,1.875,1.875,200,0.0,0.0
2023-08-21 00:00:00-04:00,1.875,1.875,1.875,1.875,200,0.0,0.0
2023-08-22 00:00:00-04:00,1.875,1.875,1.875,1.875,200,0.0,0.0
2023-08-23 00:00:00-04:00,1.875,1.875,1.850000023841858,1.875,1600,0.0,0.0
2023-08-24 00:00:00-04:00,1.875,1.875,1.875,1.875,0,0.0,0.0
2023-08-25 00:00:00-04:00,1.875,1.899999976158142,1.8450000286102295,1.8799999952316284,13000,0.0,0.0
2023-08-28 00:00:00-04:00,1.8799999952316284,1.8799999952316284,1.8799999952316284,1.8799999952316284,600,0.0,0.0
2023-08-29 00:00:00-04:00,1.850000023841858,1.899999976158142,1.850000023841858,1.899999976158142,700,0.0,0.0
2023-08-30 00:00:00-04:00,1.899999976158142,1.899999976158142,1.899999976158142,1.899999976158142,0,0.0,0.0
2023-08-31 00:00:00-04:00,1.850000023841858,1.899999976158142,1.840000033378601,1.899999976158142,1500,0.0,0.0
2023-09-01 00:00:00-04:00,1.8899999856948853,1.8919999599456787,1.7799999713897705,1.8300000429153442,4900,0.0,0.0
2023-09-05 00:00:00-04:00,1.8550000190734863,1.8650000095367432,1.8200000524520874,1.8489999771118164,2300,0.0,0.0
2023-09-06 00:00:00-04:00,1.8489999771118164,1.8489999771118164,1.8489999771118164,1.8489999771118164,0,0.0,0.0
2023-09-07 00:00:00-04:00,1.8589999675750732,1.875,1.8200000524520874,1.8600000143051147,25300,0.0,0.0
2023-09-08 00:00:00-04:00,1.8200000524520874,1.899999976158142,1.7000000476837158,1.7599999904632568,13500,0.0,0.0
2023-09-11 00:00:00-04:00,1.7200000286102295,1.899999976158142,1.6369999647140503,1.7990000247955322,21700,0.0,0.0
2023-09-12 00:00:00-04:00,1.75,1.899999976158142,1.6699999570846558,1.75,10000,0.0,0.0
2023-09-13 00:00:00-04:00,1.7200000286102295,1.8300000429153442,1.7200000286102295,1.8300000429153442,1500,0.0,0.0
2023-09-14 00:00:00-04:00,1.809999942779541,1.850000023841858,1.7699999809265137,1.7999999523162842,17200,0.0,0.0
2023-09-15 00:00:00-04:00,1.7200000286102295,1.8899999856948853,1.7200000286102295,1.7400000095367432,4700,0.0,0.0
2023-09-18 00:00:00-04:00,1.7400000095367432,1.840000033378601,1.7400000095367432,1.840000033378601,2300,0.0,0.0
2023-09-19 00:00:00-04:00,1.7999999523162842,1.8600000143051147,1.7999999523162842,1.850000023841858,1100,0.0,0.0
2023-09-20 00:00:00-04:00,1.7799999713897705,1.8600000143051147,1.7599999904632568,1.8289999961853027,13600,0.0,0.0
2023-09-21 00:00:00-04:00,1.6200000047683716,1.840000033378601,1.6200000047683716,1.7899999618530273,6300,0.0,0.0
2023-09-22 00:00:00-04:00,1.7999999523162842,1.8250000476837158,1.7599999904632568,1.8250000476837158,1100,0.0,0.0
2023-09-25 00:00:00-04:00,1.7599999904632568,1.7599999904632568,1.7599999904632568,1.7599999904632568,400,0.0,0.0
2023-09-26 00:00:00-04:00,1.899999976158142,1.9800000190734863,1.7799999713897705,1.840000033378601,18700,0.0,0.0
2023-09-27 00:00:00-04:00,1.7799999713897705,1.8899999856948853,1.7699999809265137,1.7699999809265137,1800,0.0,0.0
2023-09-28 00:00:00-04:00,1.8769999742507935,1.8769999742507935,1.7999999523162842,1.7999999523162842,1500,0.0,0.0
2023-09-29 00:00:00-04:00,1.8849999904632568,1.8849999904632568,1.7599999904632568,1.840000033378601,4600,0.0,0.0
2023-10-02 00:00:00-04:00,1.7699999809265137,1.8600000143051147,1.6399999856948853,1.7899999618530273,15000,0.0,0.0
2023-10-03 00:00:00-04:00,1.75,1.8040000200271606,1.6100000143051147,1.7200000286102295,7600,0.0,0.0
2023-10-04 00:00:00-04:00,1.6100000143051147,1.6710000038146973,1.100000023841858,1.2000000476837158,242500,0.0,0.0
2023-10-05 00:00:00-04:00,1.25,1.25,1.0099999904632568,1.100000023841858,32100,0.0,0.0
2023-10-06 00:00:00-04:00,1.0800000429153442,1.2000000476837158,1.0800000429153442,1.159999966621399,18100,0.0,0.0
2023-10-09 00:00:00-04:00,1.1299999952316284,1.159999966621399,1.0499999523162842,1.159999966621399,8800,0.0,0.0
2023-10-10 00:00:00-04:00,1.090000033378601,1.1440000534057617,0.8410000205039978,0.8820000290870667,111900,0.0,0.0
2023-10-11 00:00:00-04:00,0.8830000162124634,0.9100000262260437,0.7490000128746033,0.8050000071525574,42200,0.0,0.0
2023-10-12 00:00:00-04:00,0.8679999709129333,0.8679999709129333,0.7260000109672546,0.7390000224113464,43400,0.0,0.0
2023-10-13 00:00:00-04:00,0.800000011920929,0.8389999866485596,0.7400000095367432,0.8389999866485596,14900,0.0,0.0
2023-10-16 00:00:00-04:00,0.8500000238418579,0.9240000247955322,0.8500000238418579,0.8500000238418579,60900,0.0,0.0
2023-10-17 00:00:00-04:00,0.8500000238418579,0.8600000143051147,0.8500000238418579,0.8600000143051147,3400,0.0,0.0
2023-10-18 00:00:00-04:00,0.859000027179718,0.8999999761581421,0.859000027179718,0.8999999761581421,3900,0.0,0.0
2023-10-19 00:00:00-04:00,0.8999999761581421,0.8999999761581421,0.8500000238418579,0.8799999952316284,8700,0.0,0.0
2023-10-20 00:00:00-04:00,0.9200000166893005,0.9200000166893005,0.8999999761581421,0.8999999761581421,1100,0.0,0.0
2023-10-23 00:00:00-04:00,0.8500000238418579,0.8889999985694885,0.8500000238418579,0.8500000238418579,1400,0.0,0.0
2023-10-24 00:00:00-04:00,0.8930000066757202,0.9100000262260437,0.8500000238418579,0.8500000238418579,3800,0.0,0.0
2023-10-25 00:00:00-04:00,0.8889999985694885,0.8889999985694885,0.753000020980835,0.7770000100135803,17900,0.0,0.0
2023-10-26 00:00:00-04:00,0.7509999871253967,0.8050000071525574,0.7509999871253967,0.7889999747276306,1500,0.0,0.0
2023-10-27 00:00:00-04:00,0.828000009059906,0.828000009059906,0.7870000004768372,0.7900000214576721,4000,0.0,0.0
2023-10-30 00:00:00-04:00,0.7649999856948853,0.8259999752044678,0.7649999856948853,0.8009999990463257,1100,0.0,0.0
2023-10-31 00:00:00-04:00,0.8130000233650208,0.8130000233650208,0.7770000100135803,0.7770000100135803,2900,0.0,0.0
2023-11-01 00:00:00-04:00,0.8199999928474426,0.8199999928474426,0.800000011920929,0.800000011920929,400,0.0,0.0
2023-11-02 00:00:00-04:00,0.7360000014305115,0.878000020980835,0.7360000014305115,0.800000011920929,14000,0.0,0.0
2023-11-03 00:00:00-04:00,0.7310000061988831,0.8050000071525574,0.7310000061988831,0.8050000071525574,16700,0.0,0.0
2023-11-06 00:00:00-05:00,0.7409999966621399,0.800000011920929,0.7409999966621399,0.7950000166893005,5800,0.0,0.0
2023-11-07 00:00:00-05:00,0.8299999833106995,0.8299999833106995,0.8009999990463257,0.8100000023841858,3400,0.0,0.0
2023-11-08 00:00:00-05:00,0.8399999737739563,0.8479999899864197,0.7599999904632568,0.8149999976158142,1600,0.0,0.0
2023-11-09 00:00:00-05:00,0.8100000023841858,0.8100000023841858,0.7900000214576721,0.800000011920929,2500,0.0,0.0
2023-11-10 00:00:00-05:00,0.800000011920929,0.8299999833106995,0.800000011920929,0.800000011920929,21100,0.0,0.0
2023-11-13 00:00:00-05:00,0.800000011920929,0.800000011920929,0.800000011920929,0.800000011920929,300,0.0,0.0
2023-11-14 00:00:00-05:00,0.8159999847412109,0.8550000190734863,0.800000011920929,0.8550000190734863,3500,0.0,0.0
2023-11-15 00:00:00-05:00,0.8679999709129333,0.8679999709129333,0.8550000190734863,0.8550000190734863,1700,0.0,0.0
2023-11-16 00:00:00-05:00,0.800000011920929,0.8450000286102295,0.800000011920929,0.8100000023841858,1200,0.0,0.0
2023-11-17 00:00:00-05:00,0.8180000185966492,0.8500000238418579,0.800000011920929,0.8500000238418579,2600,0.0,0.0
2023-11-20 00:00:00-05:00,0.8299999833106995,0.8299999833106995,0.8299999833106995,0.8299999833106995,400,0.0,0.0
2023-11-21 00:00:00-05:00,0.800000011920929,0.800000011920929,0.800000011920929,0.800000011920929,2500,0.0,0.0
2023-11-22 00:00:00-05:00,0.800000011920929,0.8159999847412109,0.800000011920929,0.8100000023841858,1800,0.0,0.0
2023-11-24 00:00:00-05:00,0.8100000023841858,0.8100000023841858,0.8100000023841858,0.8100000023841858,300,0.0,0.0
2023-11-27 00:00:00-05:00,0.8259999752044678,0.8259999752044678,0.800000011920929,0.800000011920929,3000,0.0,0.0
2023-11-28 00:00:00-05:00,0.800000011920929,0.800000011920929,0.800000011920929,0.800000011920929,0,0.0,0.0
2023-11-29 00:00:00-05:00,0.800000011920929,0.8159999847412109,0.75,0.75,14000,0.0,0.0
2023-11-30 00:00:00-05:00,0.75,0.7649999856948853,0.7099999785423279,0.75,6600,0.0,0.0
2023-12-01 00:00:00-05:00,0.777999997138977,0.777999997138977,0.7540000081062317,0.7649999856948853,1700,0.0,0.0
2023-12-04 00:00:00-05:00,0.6800000071525574,0.8119999766349792,0.6800000071525574,0.800000011920929,4900,0.0,0.0
2023-12-05 00:00:00-05:00,0.800000011920929,0.800000011920929,0.800000011920929,0.800000011920929,1100,0.0,0.0
2023-12-06 00:00:00-05:00,0.8199999928474426,0.8700000047683716,0.75,0.8700000047683716,12200,0.0,0.0
2023-12-07 00:00:00-05:00,0.8759999871253967,0.8759999871253967,0.75,0.8700000047683716,4000,0.0,0.0
2023-12-08 00:00:00-05:00,0.7699999809265137,0.8690000176429749,0.7699999809265137,0.8209999799728394,6400,0.0,0.0
2023-12-11 00:00:00-05:00,0.8370000123977661,0.8560000061988831,0.8330000042915344,0.8560000061988831,3900,0.0,0.0
2023-12-12 00:00:00-05:00,0.8560000061988831,1.2400000095367432,0.8560000061988831,0.9900000095367432,72800,0.0,0.0
2023-12-13 00:00:00-05:00,0.9399999976158142,1.0199999809265137,0.8040000200271606,0.8399999737739563,13000,0.0,0.0
2023-12-14 00:00:00-05:00,0.8159999847412109,0.878000020980835,0.8159999847412109,0.878000020980835,6300,0.0,0.0
2023-12-15 00:00:00-05:00,0.8169999718666077,0.8619999885559082,0.7599999904632568,0.7599999904632568,11000,0.0,0.0
2023-12-18 00:00:00-05:00,0.7749999761581421,0.9399999976158142,0.7699999809265137,0.800000011920929,6200,0.0,0.0
2023-12-19 00:00:00-05:00,0.7820000052452087,0.8899999856948853,0.7639999985694885,0.8799999952316284,6600,0.0,0.0
2023-12-20 00:00:00-05:00,0.9100000262260437,0.9399999976158142,0.800000011920929,0.8500000238418579,7200,0.0,0.0
2023-12-21 00:00:00-05:00,0.8399999737739563,0.8399999737739563,0.796999990940094,0.8119999766349792,3500,0.0,0.0
2023-12-22 00:00:00-05:00,0.8289999961853027,0.8999999761581421,0.7900000214576721,0.7910000085830688,41400,0.0,0.0
2023-12-26 00:00:00-05:00,0.8600000143051147,0.8600000143051147,0.824999988079071,0.8399999737739563,7400,0.0,0.0
2023-12-27 00:00:00-05:00,0.800000011920929,0.8600000143051147,0.800000011920929,0.8600000143051147,8400,0.0,0.0
2023-12-28 00:00:00-05:00,0.8600000143051147,0.9900000095367432,0.800000011920929,0.9789999723434448,19600,0.0,0.0
2023-12-29 00:00:00-05:00,0.9900000095367432,0.9900000095367432,0.8999999761581421,0.9900000095367432,12900,0.0,0.0
2024-01-02 00:00:00-05:00,0.9200000166893005,0.9200000166893005,0.9200000166893005,0.9200000166893005,300,0.0,0.0
2024-01-03 00:00:00-05:00,0.9120000004768372,0.9200000166893005,0.9120000004768372,0.9200000166893005,1000,0.0,0.0
2024-01-04 00:00:00-05:00,0.734000027179718,1.0399999618530273,0.734000027179718,0.9620000123977661,2100,0.0,0.0
2024-01-05 00:00:00-05:00,0.8100000023841858,0.949999988079071,0.8100000023841858,0.949999988079071,3500,0.0,0.0
2024-01-08 00:00:00-05:00,0.8600000143051147,0.8600000143051147,0.8600000143051147,0.8600000143051147,400,0.0,0.0
2024-01-09 00:00:00-05:00,0.8529999852180481,0.9850000143051147,0.8529999852180481,0.8600000143051147,6200,0.0,0.0
2024-01-10 00:00:00-05:00,0.949999988079071,0.949999988079071,0.8529999852180481,0.8999999761581421,1800,0.0,0.0
2024-01-11 00:00:00-05:00,0.8799999952316284,0.8799999952316284,0.8199999928474426,0.8399999737739563,2000,0.0,0.0
2024-01-12 00:00:00-05:00,0.8399999737739563,0.8399999737739563,0.8399999737739563,0.8399999737739563,0,0.0,0.0
2024-01-16 00:00:00-05:00,0.8700000047683716,0.9800000190734863,0.8500000238418579,0.8500000238418579,4700,0.0,0.0
2024-01-17 00:00:00-05:00,0.8399999737739563,0.8600000143051147,0.8399999737739563,0.8600000143051147,1600,0.0,0.0
2024-01-18 00:00:00-05:00,0.9200000166893005,0.9200000166893005,0.8700000047683716,0.8700000047683716,2800,0.0,0.0
2024-01-19 00:00:00-05:00,0.8700000047683716,0.8700000047683716,0.8700000047683716,0.8700000047683716,300,0.0,0.0
2024-01-22 00:00:00-05:00,0.9300000071525574,0.9300000071525574,0.9100000262260437,0.9100000262260437,3600,0.0,0.0
2024-01-23 00:00:00-05:00,0.949999988079071,0.949999988079071,0.949999988079071,0.949999988079071,3300,0.0,0.0
2024-01-24 00:00:00-05:00,0.8799999952316284,0.9399999976158142,0.8799999952316284,0.9399999976158142,8200,0.0,0.0
2024-01-25 00:00:00-05:00,0.949999988079071,0.949999988079071,0.9010000228881836,0.9010000228881836,4200,0.0,0.0
2024-01-26 00:00:00-05:00,0.8899999856948853,0.8899999856948853,0.8899999856948853,0.8899999856948853,500,0.0,0.0
2024-01-29 00:00:00-05:00,0.8899999856948853,0.8899999856948853,0.7599999904632568,0.7599999904632568,2300,0.0,0.0
2024-01-30 00:00:00-05:00,0.8230000138282776,0.8999999761581421,0.7699999809265137,0.8700000047683716,4600,0.0,0.0
2024-01-31 00:00:00-05:00,0.9800000190734863,0.9800000190734863,0.8209999799728394,0.949999988079071,1700,0.0,0.0
2024-02-01 00:00:00-05:00,0.9800000190734863,1.0,0.949999988079071,0.949999988079071,2300,0.0,0.0
2024-02-02 00:00:00-05:00,0.8199999928474426,0.9700000286102295,0.8199999928474426,0.9700000286102295,700,0.0,0.0
2024-02-05 00:00:00-05:00,0.9800000190734863,0.9800000190734863,0.8410000205039978,0.8410000205039978,1100,0.0,0.0
2024-02-06 00:00:00-05:00,0.8619999885559082,0.9900000095367432,0.8619999885559082,0.9700000286102295,2100,0.0,0.0
2024-02-07 00:00:00-05:00,0.9150000214576721,0.9150000214576721,0.9049999713897705,0.9049999713897705,600,0.0,0.0
2024-02-08 00:00:00-05:00,0.925000011920929,0.9599999785423279,0.925000011920929,0.9599999785423279,1900,0.0,0.0
2024-02-09 00:00:00-05:00,0.9359999895095825,0.9589999914169312,0.902999997138977,0.9589999914169312,3200,0.0,0.0
2024-02-12 00:00:00-05:00,0.9589999914169312,0.9589999914169312,0.9589999914169312,0.9589999914169312,300,0.0,0.0
2024-02-13 00:00:00-05:00,1.0,1.2000000476837158,0.949999988079071,0.9700000286102295,48200,0.0,0.0
2024-02-14 00:00:00-05:00,1.0,1.0,0.9490000009536743,0.9599999785423279,13400,0.0,0.0
2024-02-15 00:00:00-05:00,0.9890000224113464,0.9890000224113464,0.8799999952316284,0.9649999737739563,700,0.0,0.0
2024-02-16 00:00:00-05:00,0.9800000190734863,1.0,0.968999981880188,1.0,5800,0.0,0.0
2024-02-20 00:00:00-05:00,1.0,1.090000033378601,1.0,1.0,6600,0.0,0.0
2024-02-21 00:00:00-05:00,1.0,1.0160000324249268,0.8799999952316284,0.8799999952316284,16000,0.0,0.0
2024-02-22 00:00:00-05:00,1.0099999904632568,1.0099999904632568,0.9359999895095825,0.9800000190734863,7200,0.0,0.0
2024-02-23 00:00:00-05:00,0.9449999928474426,0.9779999852180481,0.8799999952316284,0.8870000243186951,1600,0.0,0.0
2024-02-26 00:00:00-05:00,0.8799999952316284,0.8799999952316284,0.8799999952316284,0.8799999952316284,500,0.0,0.0
2024-02-27 00:00:00-05:00,0.8899999856948853,0.8899999856948853,0.8799999952316284,0.8799999952316284,2000,0.0,0.0
2024-02-28 00:00:00-05:00,0.8960000276565552,0.968999981880188,0.8899999856948853,0.968999981880188,5500,0.0,0.0
2024-02-29 00:00:00-05:00,0.8899999856948853,1.0700000524520874,0.8799999952316284,1.0499999523162842,8200,0.0,0.0
2024-03-01 00:00:00-05:00,0.8899999856948853,1.090000033378601,0.8899999856948853,1.0,5400,0.0,0.0
2024-03-04 00:00:00-05:00,1.024999976158142,1.090000033378601,0.9959999918937683,1.0,2600,0.0,0.0
2024-03-05 00:00:00-05:00,1.0499999523162842,1.399999976158142,1.0499999523162842,1.159999966621399,93200,0.0,0.0
2024-03-06 00:00:00-05:00,1.1299999952316284,1.25,1.0199999809265137,1.0199999809265137,18100,0.0,0.0
2024-03-07 00:00:00-05:00,1.0399999618530273,1.1050000190734863,1.0099999904632568,1.034000039100647,3200,0.0,0.0
2024-03-08 00:00:00-05:00,0.996999979019165,1.149999976158142,0.996999979019165,1.100000023841858,10100,0.0,0.0
2024-03-11 00:00:00-04:00,1.125,1.149999976158142,1.125,1.1299999952316284,4000,0.0,0.0
2024-03-12 00:00:00-04:00,1.0700000524520874,1.1299999952316284,1.0099999904632568,1.0099999904632568,4000,0.0,0.0
2024-03-13 00:00:00-04:00,1.1200000047683716,1.190000057220459,1.1100000143051147,1.1100000143051147,10400,0.0,0.0
2024-03-14 00:00:00-04:00,1.0499999523162842,1.3320000171661377,1.0499999523162842,1.100000023841858,14400,0.0,0.0
2024-03-15 00:00:00-04:00,1.159999966621399,1.2400000095367432,1.1299999952316284,1.149999976158142,18300,0.0,0.0
2024-03-18 00:00:00-04:00,1.2100000381469727,1.2200000286102295,1.2000000476837158,1.2000000476837158,2600,0.0,0.0
2024-03-19 00:00:00-04:00,1.2599999904632568,1.4800000190734863,1.2400000095367432,1.2949999570846558,56800,0.0,0.0
2024-03-20 00:00:00-04:00,1.3109999895095825,1.4500000476837158,1.3020000457763672,1.350000023841858,44400,0.0,0.0
2024-03-21 00:00:00-04:00,1.3799999952316284,1.6100000143051147,1.3650000095367432,1.4299999475479126,19900,0.0,0.0
2024-03-22 00:00:00-04:00,1.3799999952316284,1.5800000429153442,1.3799999952316284,1.5499999523162842,11600,0.0,0.0
2024-03-25 00:00:00-04:00,1.600000023841858,1.7419999837875366,1.3600000143051147,1.7419999837875366,8700,0.0,0.0
2024-03-26 00:00:00-04:00,1.6699999570846558,1.8639999628067017,1.590999960899353,1.75,30700,0.0,0.0
2024-03-27 00:00:00-04:00,1.8700000047683716,1.8700000047683716,1.5099999904632568,1.8200000524520874,32700,0.0,0.0
2024-03-28 00:00:00-04:00,1.8389999866485596,1.8389999866485596,1.6799999475479126,1.75,9000,0.0,0.0
2024-04-01 00:00:00-04:00,1.7100000381469727,1.75,1.6950000524520874,1.7400000095367432,5700,0.0,0.0
2024-04-02 00:00:00-04:00,1.6299999952316284,1.7899999618530273,1.4220000505447388,1.690000057220459,9500,0.0,0.0
2024-04-03 00:00:00-04:00,1.649999976158142,1.649999976158142,1.559999942779541,1.6399999856948853,3000,0.0,0.0
2024-04-04 00:00:00-04:00,1.6299999952316284,1.7300000190734863,1.5399999618530273,1.649999976158142,11400,0.0,0.0
2024-04-05 00:00:00-04:00,1.590000033378601,1.6649999618530273,1.5199999809265137,1.6100000143051147,27200,0.0,0.0
2024-04-08 00:00:00-04:00,1.649999976158142,1.659999966621399,1.5299999713897705,1.5299999713897705,1600,0.0,0.0
2024-04-09 00:00:00-04:00,1.4800000190734863,1.600000023841858,1.4600000381469727,1.565000057220459,5900,0.0,0.0
2024-04-10 00:00:00-04:00,1.5199999809265137,1.6299999952316284,1.5199999809265137,1.6299999952316284,2600,0.0,0.0
2024-04-11 00:00:00-04:00,1.649999976158142,1.649999976158142,1.6399999856948853,1.6399999856948853,3300,0.0,0.0
2024-04-12 00:00:00-04:00,1.6799999475479126,1.7899999618530273,1.440000057220459,1.440000057220459,9700,0.0,0.0
2024-04-15 00:00:00-04:00,1.3600000143051147,1.440000057220459,1.350000023841858,1.3969999551773071,1900,0.0,0.0
2024-04-16 00:00:00-04:00,1.350000023841858,1.4160000085830688,1.340000033378601,1.350000023841858,2200,0.0,0.0
2024-04-17 00:00:00-04:00,1.340000033378601,1.3609999418258667,1.1540000438690186,1.350000023841858,1300,0.0,0.0
2024-04-18 00:00:00-04:00,1.4700000286102295,1.559999942779541,1.3700000047683716,1.3700000047683716,5800,0.0,0.0
2024-04-19 00:00:00-04:00,1.3890000581741333,1.3890000581741333,1.25,1.2899999618530273,4300,0.0,0.0
2024-04-22 00:00:00-04:00,1.2899999618530273,1.340000033378601,1.25,1.25,7500,0.0,0.0
2024-04-23 00:00:00-04:00,1.2999999523162842,1.7999999523162842,1.2999999523162842,1.5700000524520874,71400,0.0,0.0
2024-04-24 00:00:00-04:00,1.600000023841858,1.7100000381469727,1.309999942779541,1.6380000114440918,6500,0.0,0.0
2024-04-25 00:00:00-04:00,1.4700000286102295,1.600000023841858,1.2999999523162842,1.569000005722046,16700,0.0,0.0
2024-04-26 00:00:00-04:00,1.4500000476837158,1.4800000190734863,1.3200000524520874,1.3849999904632568,10500,0.0,0.0
2024-04-29 00:00:00-04:00,1.3799999952316284,1.4700000286102295,1.3200000524520874,1.409999966621399,4600,0.0,0.0
2024-04-30 00:00:00-04:00,1.2699999809265137,1.3769999742507935,1.2699999809265137,1.3769999742507935,3600,0.0,0.0
2024-05-01 00:00:00-04:00,1.343000054359436,1.343000054359436,1.2999999523162842,1.2999999523162842,1700,0.0,0.0
2024-05-02 00:00:00-04:00,1.25,1.375,1.25,1.375,1500,0.0,0.0
2024-05-03 00:00:00-04:00,1.340000033378601,1.340000033378601,1.2799999713897705,1.2799999713897705,1800,0.0,0.0
2024-05-06 00:00:00-04:00,1.2999999523162842,1.3300000429153442,1.25,1.25,2800,0.0,0.0
2024-05-07 00:00:00-04:00,1.277999997138977,1.2799999713897705,1.2200000286102295,1.2200000286102295,3000,0.0,0.0
2024-05-08 00:00:00-04:00,1.218999981880188,1.2410000562667847,1.218999981880188,1.2410000562667847,1600,0.0,0.0
2024-05-09 00:00:00-04:00,1.2799999713897705,1.3250000476837158,1.25,1.2899999618530273,700,0.0,0.0
2024-05-10 00:00:00-04:00,1.3200000524520874,1.3450000286102295,1.3200000524520874,1.3450000286102295,900,0.0,0.0
2024-05-13 00:00:00-04:00,1.3450000286102295,1.3450000286102295,1.3450000286102295,1.3450000286102295,0,0.0,0.0
2024-05-14 00:00:00-04:00,1.2450000047683716,1.2799999713897705,1.2200000286102295,1.25,9700,0.0,0.0
2024-05-15 00:00:00-04:00,1.399999976158142,1.399999976158142,1.309999942779541,1.3899999856948853,4800,0.0,0.0
2024-05-16 00:00:00-04:00,1.2999999523162842,1.4900000095367432,1.2999999523162842,1.4900000095367432,1400,0.0,0.0
2024-05-17 00:00:00-04:00,1.4299999475479126,1.5,1.3200000524520874,1.5,4900,0.0,0.0
2024-05-20 00:00:00-04:00,1.4149999618530273,1.5700000524520874,1.3200000524520874,1.440000057220459,17700,0.0,0.0
2024-05-21 00:00:00-04:00,1.524999976158142,1.809999942779541,1.350000023841858,1.5980000495910645,28700,0.0,0.0
2024-05-22 00:00:00-04:00,1.600000023841858,1.8700000047683716,1.3550000190734863,1.7990000247955322,224900,0.0,0.0
2024-05-23 00:00:00-04:00,1.75,1.8459999561309814,1.3600000143051147,1.6699999570846558,76500,0.0,0.0
2024-05-24 00:00:00-04:00,1.5299999713897705,1.7000000476837158,1.5199999809265137,1.559999942779541,34900,0.0,0.0
2024-05-28 00:00:00-04:00,1.6699999570846558,1.6799999475479126,1.4700000286102295,1.5449999570846558,12000,0.0,0.0
2024-05-29 00:00:00-04:00,1.6299999952316284,1.6399999856948853,1.375,1.468999981880188,16300,0.0,0.0
2024-05-30 00:00:00-04:00,1.409999966621399,1.5,1.284999966621399,1.409999966621399,6900,0.0,0.0
2024-05-31 00:00:00-04:00,1.4199999570846558,1.4199999570846558,1.3009999990463257,1.3200000524520874,7800,0.0,0.0
2024-06-03 00:00:00-04:00,1.3799999952316284,1.3799999952316284,1.25,1.3600000143051147,3900,0.0,0.0
2024-06-04 00:00:00-04:00,1.2100000381469727,1.3700000047683716,1.2100000381469727,1.2200000286102295,1800,0.0,0.0
2024-06-05 00:00:00-04:00,1.190000057220459,1.2599999904632568,1.1799999475479126,1.2100000381469727,4100,0.0,0.0
2024-06-06 00:00:00-04:00,1.1399999856948853,1.1699999570846558,1.0549999475479126,1.0800000429153442,26400,0.0,0.0
2024-06-07 00:00:00-04:00,1.1150000095367432,1.1150000095367432,1.0,1.0499999523162842,3400,0.0,0.0
2024-06-10 00:00:00-04:00,1.0499999523162842,1.0499999523162842,0.949999988079071,0.9649999737739563,6500,0.0,0.0
2024-06-11 00:00:00-04:00,0.9649999737739563,0.9649999737739563,0.9100000262260437,0.9100000262260437,3000,0.0,0.0
2024-06-12 00:00:00-04:00,0.9200000166893005,0.925000011920929,0.8999999761581421,0.8999999761581421,5900,0.0,0.0
2024-06-13 00:00:00-04:00,0.8799999952316284,0.9269999861717224,0.8799999952316284,0.9269999861717224,6800,0.0,0.0
2024-06-14 00:00:00-04:00,0.9399999976158142,1.0299999713897705,0.925000011920929,1.0299999713897705,8700,0.0,0.0
2024-06-17 00:00:00-04:00,1.0299999713897705,1.0299999713897705,0.9399999976158142,0.949999988079071,2600,0.0,0.0
2024-06-18 00:00:00-04:00,1.0399999618530273,1.1299999952316284,0.9599999785423279,0.9599999785423279,66500,0.0,0.0
2024-06-20 00:00:00-04:00,0.9900000095367432,1.0,0.949999988079071,0.9580000042915344,9100,0.0,0.0
2024-06-21 00:00:00-04:00,1.0049999952316284,1.0099999904632568,0.9010000228881836,1.0,16400,0.0,0.0
2024-06-24 00:00:00-04:00,0.9100000262260437,0.9279999732971191,0.8600000143051147,0.9039999842643738,18000,0.0,0.0
2024-06-25 00:00:00-04:00,0.9599999785423279,1.0299999713897705,0.8600000143051147,0.9800000190734863,14400,0.0,0.0
2024-06-26 00:00:00-04:00,0.9800000190734863,0.9800000190734863,0.8799999952316284,0.9200000166893005,5100,0.0,0.0
2024-06-27 00:00:00-04:00,0.8840000033378601,0.9399999976158142,0.8799999952316284,0.8999999761581421,8400,0.0,0.0
2024-06-28 00:00:00-04:00,0.8999999761581421,0.9049999713897705,0.8999999761581421,0.9049999713897705,2700,0.0,0.0
2024-07-01 00:00:00-04:00,0.9350000023841858,0.9350000023841858,0.8600000143051147,0.8999999761581421,10200,0.0,0.0
2024-07-02 00:00:00-04:00,0.8799999952316284,0.9179999828338623,0.7599999904632568,0.7649999856948853,53800,0.0,0.0
2024-07-03 00:00:00-04:00,0.7879999876022339,0.7879999876022339,0.75,0.75,4200,0.0,0.0
2024-07-05 00:00:00-04:00,0.7540000081062317,0.8539999723434448,0.7229999899864197,0.8529999852180481,2800,0.0,0.0
2024-07-08 00:00:00-04:00,0.8080000281333923,0.8119999766349792,0.7549999952316284,0.8119999766349792,1900,0.0,0.0
2024-07-09 00:00:00-04:00,0.8119999766349792,0.8180000185966492,0.7419999837875366,0.8180000185966492,2800,0.0,0.0
2024-07-10 00:00:00-04:00,0.7229999899864197,0.781000018119812,0.7229999899864197,0.7250000238418579,6100,0.0,0.0
2024-07-11 00:00:00-04:00,0.800000011920929,0.8259999752044678,0.746999979019165,0.7599999904632568,3000,0.0,0.0
2024-07-12 00:00:00-04:00,0.7829999923706055,0.7829999923706055,0.75,0.7739999890327454,2100,0.0,0.0
2024-07-15 00:00:00-04:00,0.7599999904632568,0.8330000042915344,0.75,0.75,7900,0.0,0.0
2024-07-16 00:00:00-04:00,0.7979999780654907,0.7979999780654907,0.7200000286102295,0.7200000286102295,4500,0.0,0.0
2024-07-17 00:00:00-04:00,0.7099999785423279,0.718999981880188,0.7009999752044678,0.7020000219345093,1300,0.0,0.0
2024-07-18 00:00:00-04:00,0.7490000128746033,0.7549999952316284,0.7139999866485596,0.7549999952316284,9900,0.0,0.0
2024-07-19 00:00:00-04:00,0.7639999985694885,0.7870000004768372,0.7009999752044678,0.7009999752044678,11000,0.0,0.0
2024-07-22 00:00:00-04:00,0.7009999752044678,0.7009999752044678,0.7009999752044678,0.7009999752044678,700,0.0,0.0
2024-07-23 00:00:00-04:00,0.7099999785423279,0.7599999904632568,0.7009999752044678,0.7599999904632568,3100,0.0,0.0
2024-07-24 00:00:00-04:00,0.7599999904632568,0.7599999904632568,0.7120000123977661,0.7480000257492065,1400,0.0,0.0
2024-07-25 00:00:00-04:00,0.699999988079071,0.7360000014305115,0.699999988079071,0.7360000014305115,1100,0.0,0.0
2024-07-26 00:00:00-04:00,0.7009999752044678,0.734000027179718,0.7009999752044678,0.7009999752044678,5500,0.0,0.0
2024-07-29 00:00:00-04:00,0.7009999752044678,0.7239999771118164,0.699999988079071,0.699999988079071,2000,0.0,0.0
2024-07-30 00:00:00-04:00,0.699999988079071,0.699999988079071,0.699999988079071,0.699999988079071,1800,0.0,0.0
2024-07-31 00:00:00-04:00,0.7089999914169312,0.7350000143051147,0.699999988079071,0.7099999785423279,1300,0.0,0.0
2024-08-01 00:00:00-04:00,0.6800000071525574,0.7200000286102295,0.6000000238418579,0.7200000286102295,17300,0.0,0.0
2024-08-02 00:00:00-04:00,0.6399999856948853,0.6499999761581421,0.6150000095367432,0.6150000095367432,1200,0.0,0.0
2024-08-05 00:00:00-04:00,0.6150000095367432,0.6200000047683716,0.6010000109672546,0.6190000176429749,6200,0.0,0.0
2024-08-06 00:00:00-04:00,0.6179999709129333,0.6179999709129333,0.6010000109672546,0.6100000143051147,1300,0.0,0.0
2024-08-07 00:00:00-04:00,0.6169999837875366,0.6299999952316284,0.6100000143051147,0.6100000143051147,4700,0.0,0.0
2024-08-08 00:00:00-04:00,0.6510000228881836,0.6510000228881836,0.6510000228881836,0.6510000228881836,100,0.0,0.0
2024-08-09 00:00:00-04:00,0.6299999952316284,0.6299999952316284,0.6299999952316284,0.6299999952316284,500,0.0,0.0
2024-08-12 00:00:00-04:00,0.6050000190734863,0.7599999904632568,0.5600000023841858,0.7599999904632568,5900,0.0,0.0
2024-08-13 00:00:00-04:00,0.6589999794960022,0.8479999899864197,0.6589999794960022,0.7139999866485596,23600,0.0,0.0
2024-08-14 00:00:00-04:00,0.8100000023841858,0.8199999928474426,0.6000000238418579,0.6359999775886536,2300,0.0,0.0
2024-08-15 00:00:00-04:00,0.5009999871253967,0.6790000200271606,0.5,0.5370000004768372,12000,0.0,0.0
2024-08-16 00:00:00-04:00,0.5370000004768372,0.6779999732971191,0.5299999713897705,0.531000018119812,9500,0.0,0.0
2024-08-19 00:00:00-04:00,0.6039999723434448,0.6990000009536743,0.5220000147819519,0.6990000009536743,6000,0.0,0.0
2024-08-20 00:00:00-04:00,0.6890000104904175,0.75,0.6499999761581421,0.699999988079071,26400,0.0,0.0
2024-08-21 00:00:00-04:00,0.6520000100135803,0.75,0.625,0.6970000267028809,11900,0.0,0.0
2024-08-22 00:00:00-04:00,0.7009999752044678,0.7009999752044678,0.6330000162124634,0.6330000162124634,7900,0.0,0.0
2024-08-23 00:00:00-04:00,0.550000011920929,0.6499999761581421,0.550000011920929,0.6499999761581421,1700,0.0,0.0
2024-08-26 00:00:00-04:00,0.5759999752044678,0.6389999985694885,0.550000011920929,0.6389999985694885,2700,0.0,0.0
2024-08-27 00:00:00-04:00,0.621999979019165,0.621999979019165,0.6000000238418579,0.6000000238418579,400,0.0,0.0
2024-08-28 00:00:00-04:00,0.6000000238418579,0.6000000238418579,0.6000000238418579,0.6000000238418579,0,0.0,0.0
2024-08-29 00:00:00-04:00,0.5400000214576721,0.5820000171661377,0.5400000214576721,0.5820000171661377,12000,0.0,0.0
2024-08-30 00:00:00-04:00,0.5820000171661377,0.6299999952316284,0.5820000171661377,0.6060000061988831,1400,0.0,0.0
2024-09-03 00:00:00-04:00,0.5820000171661377,0.6159999966621399,0.5820000171661377,0.5899999737739563,6300,0.0,0.0
2024-09-04 00:00:00-04:00,0.6000000238418579,0.6019999980926514,0.6000000238418579,0.6019999980926514,1500,0.0,0.0
2024-09-05 00:00:00-04:00,0.6499999761581421,0.7900000214576721,0.6499999761581421,0.7099999785423279,98000,0.0,0.0
2024-09-06 00:00:00-04:00,0.7699999809265137,0.7900000214576721,0.7319999933242798,0.7549999952316284,21800,0.0,0.0
2024-09-09 00:00:00-04:00,0.828000009059906,0.8500000238418579,0.7609999775886536,0.8029999732971191,37100,0.0,0.0
2024-09-10 00:00:00-04:00,0.8500000238418579,1.0800000429153442,0.8029999732971191,1.0299999713897705,677300,0.0,0.0
2024-09-11 00:00:00-04:00,1.0499999523162842,1.1100000143051147,0.8799999952316284,1.0,1380500,0.0,0.0
2024-09-12 00:00:00-04:00,1.0499999523162842,1.059999942779541,0.7310000061988831,0.8700000047683716,11082100,0.0,0.0
2024-09-13 00:00:00-04:00,0.8199999928474426,0.8299999833106995,0.7599999904632568,0.7900000214576721,390800,0.0,0.0
2024-09-16 00:00:00-04:00,0.6840000152587891,0.800000011920929,0.6620000004768372,0.800000011920929,233800,0.0,0.0
2024-09-17 00:00:00-04:00,0.7990000247955322,0.7990000247955322,0.6819999814033508,0.6959999799728394,61500,0.0,0.0
2024-09-18 00:00:00-04:00,0.6800000071525574,0.6800000071525574,0.5920000076293945,0.6259999871253967,46300,0.0,0.0
2024-09-19 00:00:00-04:00,0.6499999761581421,0.6499999761581421,0.5849999785423279,0.593999981880188,62700,0.0,0.0
2024-09-20 00:00:00-04:00,0.5809999704360962,0.5899999737739563,0.5400000214576721,0.5609999895095825,66700,0.0,0.0
2024-09-23 00:00:00-04:00,0.5600000023841858,0.6079999804496765,0.5600000023841858,0.5899999737739563,48100,0.0,0.0
2024-09-24 00:00:00-04:00,0.6010000109672546,0.6499999761581421,0.5899999737739563,0.6010000109672546,24700,0.0,0.0
2024-09-25 00:00:00-04:00,0.5849999785423279,0.6000000238418579,0.550000011920929,0.5839999914169312,15000,0.0,0.0
2024-09-26 00:00:00-04:00,0.6010000109672546,0.6200000047683716,0.5690000057220459,0.5709999799728394,28800,0.0,0.0
2024-09-27 00:00:00-04:00,0.6100000143051147,0.6200000047683716,0.5720000267028809,0.6200000047683716,8700,0.0,0.0
2024-09-30 00:00:00-04:00,0.574999988079071,0.6499999761581421,0.574999988079071,0.6269999742507935,32500,0.0,0.0
2024-10-01 00:00:00-04:00,0.5839999914169312,0.6399999856948853,0.5649999976158142,0.6000000238418579,17700,0.0,0.0
2024-10-02 00:00:00-04:00,0.5699999928474426,0.6499999761581421,0.5630000233650208,0.6299999952316284,10200,0.0,0.0
2024-10-03 00:00:00-04:00,0.6299999952316284,0.6499999761581421,0.578000009059906,0.6359999775886536,14600,0.0,0.0
2024-10-04 00:00:00-04:00,0.6359999775886536,0.6359999775886536,0.5799999833106995,0.6359999775886536,7500,0.0,0.0
2024-10-07 00:00:00-04:00,0.6209999918937683,0.6299999952316284,0.5809999704360962,0.5920000076293945,10000,0.0,0.0
2024-10-08 00:00:00-04:00,0.6029999852180481,0.6029999852180481,0.5690000057220459,0.574999988079071,9000,0.0,0.0
2024-10-09 00:00:00-04:00,0.5600000023841858,0.574999988079071,0.5600000023841858,0.5669999718666077,12300,0.0,0.0
2024-10-10 00:00:00-04:00,0.5669999718666077,0.6100000143051147,0.5649999976158142,0.5839999914169312,83000,0.0,0.0
2024-10-11 00:00:00-04:00,0.49000000953674316,0.5839999914169312,0.49000000953674316,0.5099999904632568,170400,0.0,0.0
2024-10-14 00:00:00-04:00,0.5049999952316284,0.5389999747276306,0.5049999952316284,0.5299999713897705,11800,0.0,0.0
2024-10-15 00:00:00-04:00,0.5299999713897705,0.5879999995231628,0.5299999713897705,0.5509999990463257,56700,0.0,0.0
2024-10-16 00:00:00-04:00,0.5509999990463257,0.5770000219345093,0.5249999761581421,0.5590000152587891,64800,0.0,0.0
2024-10-17 00:00:00-04:00,0.5699999928474426,0.5870000123977661,0.531000018119812,0.5400000214576721,8100,0.0,0.0
2024-10-18 00:00:00-04:00,0.5299999713897705,0.5479999780654907,0.5220000147819519,0.5479999780654907,3600,0.0,0.0
2024-10-21 00:00:00-04:00,0.5979999899864197,0.8199999928474426,0.5820000171661377,0.699999988079071,310400,0.0,0.0
2024-10-22 00:00:00-04:00,0.6800000071525574,0.699999988079071,0.6230000257492065,0.640999972820282,39500,0.0,0.0
2024-10-23 00:00:00-04:00,0.6579999923706055,0.7099999785423279,0.6399999856948853,0.6859999895095825,35200,0.0,0.0
2024-10-24 00:00:00-04:00,0.6800000071525574,0.6949999928474426,0.6389999985694885,0.6399999856948853,22400,0.0,0.0
2024-10-25 00:00:00-04:00,0.6349999904632568,0.671999990940094,0.6100000143051147,0.6129999756813049,15300,0.0,0.0
2024-10-28 00:00:00-04:00,0.6690000295639038,0.6690000295639038,0.5400000214576721,0.5600000023841858,67000,0.0,0.0
2024-10-29 00:00:00-04:00,0.6650000214576721,0.800000011920929,0.5509999990463257,0.6370000243186951,488600,0.0,0.0
2024-10-30 00:00:00-04:00,0.597000002861023,0.6600000262260437,0.5669999718666077,0.6549999713897705,63600,0.0,0.0
2024-10-31 00:00:00-04:00,0.6299999952316284,0.6549999713897705,0.5830000042915344,0.6549999713897705,48600,0.0,0.0
2024-11-01 00:00:00-04:00,0.6309999823570251,0.6539999842643738,0.6050000190734863,0.6079999804496765,22600,0.0,0.0
2024-11-04 00:00:00-05:00,0.6389999985694885,0.6389999985694885,0.6069999933242798,0.6069999933242798,26700,0.0,0.0
2024-11-05 00:00:00-05:00,0.6000000238418579,0.699999988079071,0.6000000238418579,0.6299999952316284,19800,0.0,0.0
2024-11-06 00:00:00-05:00,0.6389999985694885,0.777999997138977,0.5910000205039978,0.6000000238418579,30000,0.0,0.0
2024-11-07 00:00:00-05:00,0.5910000205039978,0.6290000081062317,0.5910000205039978,0.6290000081062317,2900,0.0,0.0
2024-11-08 00:00:00-05:00,0.6200000047683716,0.6290000081062317,0.5920000076293945,0.6000000238418579,13100,0.0,0.0
2024-11-11 00:00:00-05:00,0.6299999952316284,0.7799999713897705,0.6039999723434448,0.7699999809265137,137000,0.0,0.0
2024-11-12 00:00:00-05:00,0.8999999761581421,1.090000033378601,0.6299999952316284,0.800000011920929,3182000,0.0,0.0
2024-11-13 00:00:00-05:00,0.800000011920929,0.8500000238418579,0.5210000276565552,0.6499999761581421,368000,0.0,0.0
2024-11-14 00:00:00-05:00,0.6309999823570251,0.734000027179718,0.6010000109672546,0.6909999847412109,38900,0.0,0.0
2024-11-15 00:00:00-05:00,0.6549999713897705,0.7099999785423279,0.6159999966621399,0.6179999709129333,18500,0.0,0.0
2024-11-18 00:00:00-05:00,0.6200000047683716,0.656000018119812,0.5379999876022339,0.5799999833106995,170000,0.0,0.0
2024-11-19 00:00:00-05:00,0.5630000233650208,0.6110000014305115,0.5600000023841858,0.5809999704360962,17700,0.0,0.0
2024-11-20 00:00:00-05:00,0.6100000143051147,0.6399999856948853,0.5669999718666077,0.5950000286102295,44000,0.0,0.0
2024-11-21 00:00:00-05:00,0.6299999952316284,0.6299999952316284,0.5860000252723694,0.6079999804496765,31400,0.0,0.0
2024-11-22 00:00:00-05:00,0.6179999709129333,0.6499999761581421,0.5860000252723694,0.6499999761581421,35300,0.0,0.0
2024-11-25 00:00:00-05:00,0.6050000190734863,0.6980000138282776,0.5979999899864197,0.6460000276565552,67800,0.0,0.0
2024-11-26 00:00:00-05:00,0.6990000009536743,0.9369999766349792,0.6600000262260437,0.7300000190734863,2452100,0.0,0.0
2024-11-27 00:00:00-05:00,0.5699999928474426,0.6949999928474426,0.5479999780654907,0.5979999899864197,615100,0.0,0.0
2024-11-29 00:00:00-05:00,0.6159999966621399,0.6299999952316284,0.550000011920929,0.5899999737739563,116000,0.0,0.0
2024-12-02 00:00:00-05:00,0.5720000267028809,0.5799999833106995,0.460999995470047,0.4699999988079071,889800,0.0,0.0
2024-12-03 00:00:00-05:00,0.49799999594688416,0.5740000009536743,0.4519999921321869,0.5509999990463257,287600,0.0,0.0
2024-12-04 00:00:00-05:00,0.5360000133514404,0.5630000233650208,0.48500001430511475,0.546999990940094,213800,0.0,0.0
2024-12-05 00:00:00-05:00,0.531000018119812,0.5460000038146973,0.5019999742507935,0.5379999876022339,73900,0.0,0.0
2024-12-06 00:00:00-05:00,0.5669999718666077,0.5669999718666077,0.5139999985694885,0.5400000214576721,42600,0.0,0.0
2024-12-09 00:00:00-05:00,0.5379999876022339,0.550000011920929,0.5149999856948853,0.5199999809265137,29000,0.0,0.0
2024-12-10 00:00:00-05:00,0.5600000023841858,0.5600000023841858,0.5199999809265137,0.550000011920929,15100,0.0,0.0
2024-12-11 00:00:00-05:00,0.550000011920929,0.5550000071525574,0.5199999809265137,0.5199999809265137,75200,0.0,0.0
2024-12-12 00:00:00-05:00,0.5460000038146973,0.5490000247955322,0.5049999952316284,0.5149999856948853,29400,0.0,0.0
2024-12-13 00:00:00-05:00,0.5410000085830688,0.5410000085830688,0.4950000047683716,0.4950000047683716,27400,0.0,0.0
2024-12-16 00:00:00-05:00,0.5130000114440918,0.5490000247955322,0.5130000114440918,0.5149999856948853,69500,0.0,0.0
2024-12-17 00:00:00-05:00,0.5379999876022339,0.5820000171661377,0.5299999713897705,0.5600000023841858,73700,0.0,0.0
2024-12-18 00:00:00-05:00,0.6010000109672546,0.7620000243186951,0.5899999737739563,0.6420000195503235,851600,0.0,0.0
2024-12-19 00:00:00-05:00,0.625,0.699999988079071,0.6000000238418579,0.656000018119812,336000,0.0,0.0
2024-12-20 00:00:00-05:00,0.6439999938011169,0.699999988079071,0.5600000023841858,0.6000000238418579,1263800,0.0,0.0
2024-12-23 00:00:00-05:00,0.7139999866485596,0.800000011920929,0.5199999809265137,0.5350000262260437,1796900,0.0,0.0
2024-12-24 00:00:00-05:00,0.5009999871253967,0.5249999761581421,0.4399999976158142,0.492000013589859,297000,0.0,0.0
2024-12-26 00:00:00-05:00,0.4860000014305115,0.5450000166893005,0.4860000014305115,0.5320000052452087,66700,0.0,0.0
2024-12-27 00:00:00-05:00,0.5389999747276306,0.5600000023841858,0.46700000762939453,0.5550000071525574,692000,0.0,0.0
2024-12-30 00:00:00-05:00,0.515999972820282,0.550000011920929,0.4790000021457672,0.5370000004768372,396600,0.0,0.0
2024-12-31 00:00:00-05:00,0.5210000276565552,0.527999997138977,0.49000000953674316,0.49000000953674316,108700,0.0,0.0
2025-01-02 00:00:00-05:00,0.5289999842643738,0.5299999713897705,0.49000000953674316,0.5199999809265137,129900,0.0,0.0
2025-01-03 00:00:00-05:00,0.5189999938011169,0.5199999809265137,0.5,0.5059999823570251,77900,0.0,0.0
2025-01-06 00:00:00-05:00,0.5099999904632568,0.6190000176429749,0.5099999904632568,0.5899999737739563,283800,0.0,0.0
2025-01-07 00:00:00-05:00,0.578000009059906,0.5860000252723694,0.5609999895095825,0.5699999928474426,100400,0.0,0.0
2025-01-08 00:00:00-05:00,0.5699999928474426,0.5830000042915344,0.5199999809265137,0.5479999780654907,124800,0.0,0.0
2025-01-10 00:00:00-05:00,0.5199999809265137,0.5199999809265137,0.46299999952316284,0.47999998927116394,456200,0.0,0.0
2025-01-13 00:00:00-05:00,0.47999998927116394,0.49000000953674316,0.460999995470047,0.4690000116825104,126400,0.0,0.0
2025-01-14 00:00:00-05:00,0.47200000286102295,0.5199999809265137,0.4399999976158142,0.4690000116825104,183500,0.0,0.0
2025-01-15 00:00:00-05:00,0.4519999921321869,0.4699999988079071,0.4320000112056732,0.45899999141693115,174800,0.0,0.0
2025-01-16 00:00:00-05:00,0.46000000834465027,0.46299999952316284,0.4399999976158142,0.4480000138282776,30300,0.0,0.0
2025-01-17 00:00:00-05:00,0.4399999976158142,0.45899999141693115,0.4259999990463257,0.4390000104904175,40300,0.0,0.0
