Date,Open,High,Low,Close,Volume,Dividends,Stock Splits
2022-01-03 00:00:00-05:00,3.319999933242798,3.359999895095825,3.0299999713897705,3.359999895095825,15400,0.0,0.0
2022-01-04 00:00:00-05:00,3.75,3.990000009536743,3.4110000133514404,3.619999885559082,42500,0.0,0.0
2022-01-05 00:00:00-05:00,3.509999990463257,3.619999885559082,3.4100000858306885,3.619999885559082,24600,0.0,0.0
2022-01-06 00:00:00-05:00,3.4100000858306885,3.9000000953674316,3.4100000858306885,3.9000000953674316,96000,0.0,0.0
2022-01-07 00:00:00-05:00,3.880000114440918,4.010000228881836,3.684999942779541,3.9539999961853027,44000,0.0,0.0
2022-01-10 00:00:00-05:00,3.990000009536743,4.159999847412109,3.990000009536743,4.110000133514404,22500,0.0,0.0
2022-01-11 00:00:00-05:00,4.059999942779541,4.610000133514404,4.0,4.590000152587891,61500,0.0,0.0
2022-01-12 00:00:00-05:00,4.590000152587891,4.590000152587891,4.269999980926514,4.453000068664551,99700,0.0,0.0
2022-01-13 00:00:00-05:00,4.376999855041504,4.376999855041504,4.045000076293945,4.070000171661377,23700,0.0,0.0
2022-01-14 00:00:00-05:00,4.230000019073486,4.230000019073486,3.9000000953674316,4.083000183105469,5100,0.0,0.0
2022-01-18 00:00:00-05:00,4.079999923706055,4.443999767303467,3.9600000381469727,4.380000114440918,16100,0.0,0.0
2022-01-19 00:00:00-05:00,4.400000095367432,4.400000095367432,4.059999942779541,4.340000152587891,5800,0.0,0.0
2022-01-20 00:00:00-05:00,3.809999942779541,4.230000019073486,3.809999942779541,4.15500020980835,15600,0.0,0.0
2022-01-21 00:00:00-05:00,4.059999942779541,4.300000190734863,3.984999895095825,4.260000228881836,17300,0.0,0.0
2022-01-24 00:00:00-05:00,4.199999809265137,4.199999809265137,3.950000047683716,4.010000228881836,40600,0.0,0.0
2022-01-25 00:00:00-05:00,3.9200000762939453,4.050000190734863,3.9100000858306885,3.9100000858306885,14500,0.0,0.0
2022-01-26 00:00:00-05:00,3.940000057220459,4.070000171661377,3.940000057220459,4.010000228881836,28400,0.0,0.0
2022-01-27 00:00:00-05:00,3.984999895095825,4.0,3.9100000858306885,3.9100000858306885,9400,0.0,0.0
2022-01-28 00:00:00-05:00,3.880000114440918,4.03000020980835,3.880000114440918,3.9600000381469727,27100,0.0,0.0
2022-01-31 00:00:00-05:00,4.0,4.139999866485596,3.944999933242798,3.9700000286102295,7000,0.0,0.0
2022-02-01 00:00:00-05:00,4.360000133514404,4.360000133514404,3.950000047683716,3.950000047683716,28400,0.0,0.0
2022-02-02 00:00:00-05:00,4.050000190734863,4.059999942779541,3.950000047683716,3.950000047683716,15200,0.0,0.0
2022-02-03 00:00:00-05:00,4.050000190734863,4.099999904632568,3.950000047683716,4.070000171661377,20200,0.0,0.0
2022-02-04 00:00:00-05:00,4.019999980926514,4.199999809265137,3.819999933242798,3.950000047683716,44100,0.0,0.0
2022-02-07 00:00:00-05:00,3.799999952316284,4.089000225067139,3.690000057220459,4.0,33400,0.0,0.0
2022-02-08 00:00:00-05:00,3.9000000953674316,3.990000009536743,3.9000000953674316,3.990000009536743,2300,0.0,0.0
2022-02-09 00:00:00-05:00,3.9700000286102295,3.9700000286102295,3.9000000953674316,3.9000000953674316,3200,0.0,0.0
2022-02-10 00:00:00-05:00,3.9000000953674316,3.990000009536743,3.884999990463257,3.990000009536743,4500,0.0,0.0
2022-02-11 00:00:00-05:00,3.944999933242798,3.9700000286102295,3.8399999141693115,3.8399999141693115,6700,0.0,0.0
2022-02-14 00:00:00-05:00,3.799999952316284,3.799999952316284,3.6700000762939453,3.7699999809265137,4800,0.0,0.0
2022-02-15 00:00:00-05:00,3.740000009536743,3.7899999618530273,3.740000009536743,3.7899999618530273,3600,0.0,0.0
2022-02-16 00:00:00-05:00,3.5999999046325684,4.179999828338623,3.5999999046325684,4.139999866485596,36700,0.0,0.0
2022-02-17 00:00:00-05:00,3.930000066757202,4.0,3.759999990463257,3.799999952316284,3800,0.0,0.0
2022-02-18 00:00:00-05:00,3.890000104904175,3.990000009536743,3.890000104904175,3.950000047683716,4000,0.0,0.0
2022-02-22 00:00:00-05:00,3.8399999141693115,3.930000066757202,3.6500000953674316,3.680000066757202,6800,0.0,0.0
2022-02-23 00:00:00-05:00,3.75,4.199999809265137,3.380000114440918,3.380000114440918,114200,0.0,0.0
2022-02-24 00:00:00-05:00,3.5999999046325684,3.950000047683716,3.190000057220459,3.8399999141693115,67600,0.0,0.0
2022-02-25 00:00:00-05:00,3.88100004196167,4.019999980926514,3.5999999046325684,3.950000047683716,38700,0.0,0.0
2022-02-28 00:00:00-05:00,3.940000057220459,3.940000057220459,3.819999933242798,3.940000057220459,10400,0.0,0.0
2022-03-01 00:00:00-05:00,3.7799999713897705,3.950000047683716,3.7100000381469727,3.880000114440918,18100,0.0,0.0
2022-03-02 00:00:00-05:00,3.819999933242798,3.9800000190734863,3.6600000858306885,3.880000114440918,3600,0.0,0.0
2022-03-03 00:00:00-05:00,3.869999885559082,3.9000000953674316,3.7799999713897705,3.9000000953674316,4100,0.0,0.0
2022-03-04 00:00:00-05:00,3.8989999294281006,3.9000000953674316,3.8989999294281006,3.9000000953674316,1500,0.0,0.0
2022-03-07 00:00:00-05:00,3.809999942779541,3.8980000019073486,3.799999952316284,3.8499999046325684,4500,0.0,0.0
2022-03-08 00:00:00-05:00,3.8299999237060547,3.8499999046325684,3.7100000381469727,3.7100000381469727,8800,0.0,0.0
2022-03-09 00:00:00-05:00,3.740000009536743,3.757999897003174,3.371000051498413,3.5999999046325684,5000,0.0,0.0
2022-03-10 00:00:00-05:00,3.5399999618530273,3.8480000495910645,3.380000114440918,3.5399999618530273,5000,0.0,0.0
2022-03-11 00:00:00-05:00,3.6700000762939453,3.8499999046325684,3.6700000762939453,3.809999942779541,1600,0.0,0.0
2022-03-14 00:00:00-04:00,3.7799999713897705,3.7799999713897705,3.609999895095825,3.630000114440918,1400,0.0,0.0
2022-03-15 00:00:00-04:00,3.5299999713897705,3.7200000286102295,3.4590001106262207,3.7200000286102295,6100,0.0,0.0
2022-03-16 00:00:00-04:00,3.799999952316284,4.0,3.640000104904175,3.930000066757202,6700,0.0,0.0
2022-03-17 00:00:00-04:00,3.4649999141693115,4.0,3.4649999141693115,3.9800000190734863,6100,0.0,0.0
2022-03-18 00:00:00-04:00,3.9100000858306885,3.950000047683716,3.630000114440918,3.7799999713897705,4500,0.0,0.0
2022-03-21 00:00:00-04:00,3.6500000953674316,3.6500000953674316,3.6500000953674316,3.6500000953674316,1100,0.0,0.0
2022-03-22 00:00:00-04:00,3.6500000953674316,4.0,3.6500000953674316,3.677999973297119,7400,0.0,0.0
2022-03-23 00:00:00-04:00,3.7899999618530273,3.9000000953674316,3.690000057220459,3.700000047683716,1700,0.0,0.0
2022-03-24 00:00:00-04:00,3.7200000286102295,4.0,3.7200000286102295,3.8499999046325684,11900,0.0,0.0
2022-03-25 00:00:00-04:00,4.0,4.03000020980835,3.7699999809265137,3.7699999809265137,8200,0.0,0.0
2022-03-28 00:00:00-04:00,3.880000114440918,3.940000057220459,3.7699999809265137,3.7699999809265137,4700,0.0,0.0
2022-03-29 00:00:00-04:00,3.75,3.75,3.6610000133514404,3.700000047683716,4600,0.0,0.0
2022-03-30 00:00:00-04:00,3.690000057220459,3.9800000190734863,3.690000057220459,3.747999906539917,4600,0.0,0.0
2022-03-31 00:00:00-04:00,3.700000047683716,3.700000047683716,3.6559998989105225,3.674999952316284,2000,0.0,0.0
2022-04-01 00:00:00-04:00,3.700000047683716,3.75,3.6500000953674316,3.6500000953674316,13400,0.0,0.0
2022-04-04 00:00:00-04:00,3.75,3.75,3.640000104904175,3.640000104904175,1600,0.0,0.0
2022-04-05 00:00:00-04:00,3.740000009536743,3.740000009536743,3.4000000953674316,3.450000047683716,5300,0.0,0.0
2022-04-06 00:00:00-04:00,3.4600000381469727,3.4600000381469727,3.4600000381469727,3.4600000381469727,500,0.0,0.0
2022-04-07 00:00:00-04:00,3.4600000381469727,3.5269999504089355,3.4600000381469727,3.5269999504089355,800,0.0,0.0
2022-04-08 00:00:00-04:00,3.5199999809265137,3.5199999809265137,3.380000114440918,3.4200000762939453,2400,0.0,0.0
2022-04-11 00:00:00-04:00,3.390000104904175,3.7160000801086426,3.390000104904175,3.5399999618530273,4800,0.0,0.0
2022-04-12 00:00:00-04:00,3.436000108718872,3.75,3.4000000953674316,3.7200000286102295,1400,0.0,0.0
2022-04-13 00:00:00-04:00,3.5799999237060547,3.5799999237060547,3.4200000762939453,3.4200000762939453,1700,0.0,0.0
2022-04-14 00:00:00-04:00,3.440000057220459,3.630000114440918,3.4100000858306885,3.4200000762939453,1400,0.0,0.0
2022-04-18 00:00:00-04:00,3.430999994277954,3.430999994277954,3.4200000762939453,3.4200000762939453,500,0.0,0.0
2022-04-19 00:00:00-04:00,3.4200000762939453,3.515000104904175,3.4130001068115234,3.4200000762939453,1700,0.0,0.0
2022-04-20 00:00:00-04:00,3.6040000915527344,3.6040000915527344,3.3499999046325684,3.4549999237060547,3000,0.0,0.0
2022-04-21 00:00:00-04:00,3.4800000190734863,3.559999942779541,3.4800000190734863,3.559999942779541,500,0.0,0.0
2022-04-22 00:00:00-04:00,3.25,3.569999933242798,3.25,3.569999933242798,600,0.0,0.0
2022-04-25 00:00:00-04:00,3.4639999866485596,3.5,3.450000047683716,3.4790000915527344,1500,0.0,0.0
2022-04-26 00:00:00-04:00,3.380000114440918,3.380000114440918,2.819999933242798,2.819999933242798,19700,0.0,0.0
2022-04-27 00:00:00-04:00,2.819999933242798,2.819999933242798,2.819999933242798,2.819999933242798,200,0.0,0.0
2022-04-28 00:00:00-04:00,2.9000000953674316,2.9000000953674316,2.6500000953674316,2.6500000953674316,1000,0.0,0.0
2022-04-29 00:00:00-04:00,2.6449999809265137,2.6500000953674316,2.614000082015991,2.619999885559082,1800,0.0,0.0
2022-05-02 00:00:00-04:00,2.5799999237060547,2.799999952316284,2.5799999237060547,2.619999885559082,1400,0.0,0.0
2022-05-03 00:00:00-04:00,2.5999999046325684,2.619999885559082,2.299999952316284,2.5999999046325684,3600,0.0,0.0
2022-05-04 00:00:00-04:00,2.930000066757202,3.190000057220459,2.430000066757202,2.7850000858306885,11900,0.0,0.0
2022-05-05 00:00:00-04:00,2.630000114440918,2.799999952316284,2.5,2.799999952316284,1500,0.0,0.0
2022-05-06 00:00:00-04:00,2.559999942779541,2.7950000762939453,2.559999942779541,2.7950000762939453,900,0.0,0.0
2022-05-09 00:00:00-04:00,2.450000047683716,2.799999952316284,2.450000047683716,2.799999952316284,2400,0.0,0.0
2022-05-10 00:00:00-04:00,2.5999999046325684,2.7899999618530273,2.319999933242798,2.4100000858306885,3000,0.0,0.0
2022-05-11 00:00:00-04:00,2.4600000381469727,2.5829999446868896,2.2699999809265137,2.299999952316284,3000,0.0,0.0
2022-05-12 00:00:00-04:00,2.309999942779541,2.5,2.309999942779541,2.5,700,0.0,0.0
2022-05-13 00:00:00-04:00,2.4149999618530273,2.624000072479248,2.299999952316284,2.5450000762939453,3100,0.0,0.0
2022-05-16 00:00:00-04:00,2.4600000381469727,2.562000036239624,2.2899999618530273,2.562000036239624,1400,0.0,0.0
2022-05-17 00:00:00-04:00,2.319999933242798,2.4820001125335693,2.2799999713897705,2.4000000953674316,2100,0.0,0.0
2022-05-18 00:00:00-04:00,2.440000057220459,2.440000057220459,2.2960000038146973,2.2960000038146973,500,0.0,0.0
2022-05-19 00:00:00-04:00,2.2699999809265137,2.2699999809265137,2.2699999809265137,2.2699999809265137,600,0.0,0.0
2022-05-20 00:00:00-04:00,2.299999952316284,2.299999952316284,2.299999952316284,2.299999952316284,900,0.0,0.0
2022-05-23 00:00:00-04:00,2.299999952316284,2.299999952316284,2.299999952316284,2.299999952316284,400,0.0,0.0
2022-05-24 00:00:00-04:00,2.299999952316284,2.299999952316284,2.299999952316284,2.299999952316284,0,0.0,0.0
2022-05-25 00:00:00-04:00,2.299999952316284,2.3529999256134033,2.299999952316284,2.3529999256134033,4200,0.0,0.0
2022-05-26 00:00:00-04:00,2.3399999141693115,2.3499999046325684,2.25,2.25,3500,0.0,0.0
2022-05-27 00:00:00-04:00,2.25,2.2990000247955322,2.2300000190734863,2.2300000190734863,1200,0.0,0.0
2022-05-31 00:00:00-04:00,2.3399999141693115,2.3399999141693115,2.2899999618530273,2.3399999141693115,2400,0.0,0.0
2022-06-01 00:00:00-04:00,2.3299999237060547,2.3299999237060547,2.2039999961853027,2.2200000286102295,1300,0.0,0.0
2022-06-02 00:00:00-04:00,2.2799999713897705,2.5999999046325684,2.2799999713897705,2.5999999046325684,2500,0.0,0.0
2022-06-03 00:00:00-04:00,2.2200000286102295,2.2200000286102295,2.2200000286102295,2.2200000286102295,300,0.0,0.0
2022-06-06 00:00:00-04:00,2.2799999713897705,2.990000009536743,2.2799999713897705,2.569999933242798,18400,0.0,0.0
2022-06-07 00:00:00-04:00,2.680000066757202,2.680000066757202,2.319999933242798,2.5199999809265137,5100,0.0,0.0
2022-06-08 00:00:00-04:00,2.359999895095825,2.437000036239624,2.3299999237060547,2.437000036239624,1700,0.0,0.0
2022-06-09 00:00:00-04:00,2.299999952316284,2.453000068664551,2.2300000190734863,2.453000068664551,1900,0.0,0.0
2022-06-10 00:00:00-04:00,2.240000009536743,2.2799999713897705,2.240000009536743,2.2799999713897705,600,0.0,0.0
2022-06-13 00:00:00-04:00,2.2799999713897705,2.4800000190734863,2.2799999713897705,2.4660000801086426,1700,0.0,0.0
2022-06-14 00:00:00-04:00,2.3499999046325684,2.5,1.8700000047683716,2.0,17800,0.0,0.0
2022-06-15 00:00:00-04:00,2.0199999809265137,2.119999885559082,1.9500000476837158,1.9500000476837158,9200,0.0,0.0
2022-06-16 00:00:00-04:00,2.049999952316284,2.0799999237060547,1.9500000476837158,2.0799999237060547,3800,0.0,0.0
2022-06-17 00:00:00-04:00,2.1500000953674316,2.1500000953674316,2.0999999046325684,2.0999999046325684,2200,0.0,0.0
2022-06-21 00:00:00-04:00,1.9800000190734863,2.190000057220459,1.9500000476837158,2.190000057220459,5700,0.0,0.0
2022-06-22 00:00:00-04:00,2.059999942779541,2.130000114440918,1.9800000190734863,2.0,57000,0.0,0.0
2022-06-23 00:00:00-04:00,2.259999990463257,2.5,1.9299999475479126,2.0999999046325684,145500,0.0,0.0
2022-06-24 00:00:00-04:00,2.1600000858306885,2.1600000858306885,1.9800000190734863,2.0199999809265137,10500,0.0,0.0
2022-06-27 00:00:00-04:00,1.9520000219345093,2.130000114440918,1.9520000219345093,2.071000099182129,1400,0.0,0.0
2022-06-28 00:00:00-04:00,1.9299999475479126,2.009999990463257,1.9199999570846558,1.9199999570846558,3200,0.0,0.0
2022-06-29 00:00:00-04:00,1.9329999685287476,1.9329999685287476,1.899999976158142,1.899999976158142,3200,0.0,0.0
2022-06-30 00:00:00-04:00,1.899999976158142,1.899999976158142,1.899999976158142,1.899999976158142,200,0.0,0.0
2022-07-01 00:00:00-04:00,1.909999966621399,2.0179998874664307,1.899999976158142,1.9700000286102295,1500,0.0,0.0
2022-07-05 00:00:00-04:00,1.940000057220459,2.0199999809265137,1.940000057220459,2.0199999809265137,300,0.0,0.0
2022-07-06 00:00:00-04:00,1.9800000190734863,2.0199999809265137,1.9800000190734863,2.0199999809265137,3200,0.0,0.0
2022-07-07 00:00:00-04:00,1.9900000095367432,2.009999990463257,1.9900000095367432,2.009999990463257,600,0.0,0.0
2022-07-08 00:00:00-04:00,1.9800000190734863,2.009999990463257,1.9800000190734863,2.009999990463257,1200,0.0,0.0
2022-07-11 00:00:00-04:00,2.009999990463257,2.0199999809265137,2.009999990463257,2.009999990463257,1700,0.0,0.0
2022-07-12 00:00:00-04:00,2.0,2.0,1.8899999856948853,1.8899999856948853,4000,0.0,0.0
2022-07-13 00:00:00-04:00,1.8899999856948853,1.8899999856948853,1.8899999856948853,1.8899999856948853,500,0.0,0.0
2022-07-14 00:00:00-04:00,1.8700000047683716,1.8700000047683716,1.850000023841858,1.8650000095367432,1900,0.0,0.0
2022-07-15 00:00:00-04:00,1.9299999475479126,1.9299999475479126,1.9299999475479126,1.9299999475479126,400,0.0,0.0
2022-07-18 00:00:00-04:00,1.899999976158142,1.899999976158142,1.899999976158142,1.899999976158142,400,0.0,0.0
2022-07-19 00:00:00-04:00,1.9800000190734863,1.996999979019165,1.7999999523162842,1.88100004196167,7200,0.0,0.0
2022-07-20 00:00:00-04:00,1.8600000143051147,1.8600000143051147,1.8600000143051147,1.8600000143051147,800,0.0,0.0
2022-07-21 00:00:00-04:00,1.8899999856948853,1.8899999856948853,1.8200000524520874,1.8220000267028809,2300,0.0,0.0
2022-07-22 00:00:00-04:00,1.7799999713897705,1.8250000476837158,1.7599999904632568,1.7799999713897705,2100,0.0,0.0
2022-07-25 00:00:00-04:00,1.7899999618530273,1.8739999532699585,1.7899999618530273,1.7899999618530273,1300,0.0,0.0
2022-07-26 00:00:00-04:00,1.7599999904632568,1.7599999904632568,1.75,1.75,600,0.0,0.0
2022-07-27 00:00:00-04:00,1.75,1.75,1.75,1.75,300,0.0,0.0
2022-07-28 00:00:00-04:00,1.7699999809265137,1.8279999494552612,1.7699999809265137,1.8279999494552612,3100,0.0,0.0
2022-07-29 00:00:00-04:00,1.7699999809265137,1.8949999809265137,1.7699999809265137,1.8949999809265137,1100,0.0,0.0
2022-08-01 00:00:00-04:00,1.840000033378601,1.9559999704360962,1.7599999904632568,1.7599999904632568,2400,0.0,0.0
2022-08-02 00:00:00-04:00,1.7699999809265137,2.3399999141693115,1.649999976158142,2.130000114440918,53400,0.0,0.0
2022-08-03 00:00:00-04:00,2.0999999046325684,2.0999999046325684,1.8300000429153442,1.9299999475479126,8100,0.0,0.0
2022-08-04 00:00:00-04:00,1.9450000524520874,2.049999952316284,1.847000002861023,1.8600000143051147,6200,0.0,0.0
2022-08-05 00:00:00-04:00,2.009999990463257,2.75,1.899999976158142,2.382999897003174,297000,0.0,0.0
2022-08-08 00:00:00-04:00,2.1600000858306885,2.1700000762939453,1.909999966621399,1.9500000476837158,50600,0.0,0.0
2022-08-09 00:00:00-04:00,2.140000104904175,2.140000104904175,1.899999976158142,1.899999976158142,9800,0.0,0.0
2022-08-10 00:00:00-04:00,1.909999966621399,2.0,1.899999976158142,1.909999966621399,13800,0.0,0.0
2022-08-11 00:00:00-04:00,2.049999952316284,2.049999952316284,1.9500000476837158,1.9600000381469727,20300,0.0,0.0
2022-08-12 00:00:00-04:00,2.0199999809265137,2.0199999809265137,1.909999966621399,1.9700000286102295,10800,0.0,0.0
2022-08-15 00:00:00-04:00,1.940000057220459,2.0,1.8799999952316284,1.909999966621399,9500,0.0,0.0
2022-08-16 00:00:00-04:00,1.9199999570846558,2.069999933242798,1.9199999570846558,1.9800000190734863,6600,0.0,0.0
2022-08-17 00:00:00-04:00,1.9800000190734863,2.0999999046325684,1.9210000038146973,2.0299999713897705,11500,0.0,0.0
2022-08-18 00:00:00-04:00,2.119999885559082,2.1700000762939453,1.899999976158142,2.069999933242798,60700,0.0,0.0
2022-08-19 00:00:00-04:00,1.8700000047683716,2.0399999618530273,1.8600000143051147,2.009999990463257,19700,0.0,0.0
2022-08-22 00:00:00-04:00,1.9199999570846558,1.9199999570846558,1.8200000524520874,1.8450000286102295,5400,0.0,0.0
2022-08-23 00:00:00-04:00,1.8300000429153442,1.9500000476837158,1.7899999618530273,1.8650000095367432,12600,0.0,0.0
2022-08-24 00:00:00-04:00,1.8799999952316284,1.8799999952316284,1.8600000143051147,1.8700000047683716,1400,0.0,0.0
2022-08-25 00:00:00-04:00,1.7599999904632568,1.840000033378601,1.75,1.840000033378601,6200,0.0,0.0
2022-08-26 00:00:00-04:00,1.8300000429153442,1.8300000429153442,1.7599999904632568,1.7599999904632568,1300,0.0,0.0
2022-08-29 00:00:00-04:00,1.8200000524520874,1.8200000524520874,1.7100000381469727,1.7100000381469727,3100,0.0,0.0
2022-08-30 00:00:00-04:00,1.7100000381469727,1.9700000286102295,1.7079999446868896,1.7949999570846558,19600,0.0,0.0
2022-08-31 00:00:00-04:00,1.7899999618530273,1.7899999618530273,1.7100000381469727,1.7100000381469727,8900,0.0,0.0
2022-09-01 00:00:00-04:00,1.7300000190734863,1.8899999856948853,1.7200000286102295,1.847000002861023,8800,0.0,0.0
2022-09-02 00:00:00-04:00,1.940000057220459,2.0899999141693115,1.7699999809265137,1.7730000019073486,36400,0.0,0.0
2022-09-06 00:00:00-04:00,1.7300000190734863,1.7799999713897705,1.7300000190734863,1.7599999904632568,2400,0.0,0.0
2022-09-07 00:00:00-04:00,1.75,1.75,1.6299999952316284,1.7200000286102295,5800,0.0,0.0
2022-09-08 00:00:00-04:00,1.7899999618530273,1.7899999618530273,1.7200000286102295,1.7200000286102295,700,0.0,0.0
2022-09-09 00:00:00-04:00,1.659999966621399,1.7400000095367432,1.659999966621399,1.7400000095367432,2600,0.0,0.0
2022-09-12 00:00:00-04:00,1.6799999475479126,1.6799999475479126,1.659999966621399,1.659999966621399,5200,0.0,0.0
2022-09-13 00:00:00-04:00,1.6799999475479126,1.6799999475479126,1.4700000286102295,1.6200000047683716,18900,0.0,0.0
2022-09-14 00:00:00-04:00,1.5499999523162842,1.7200000286102295,1.5429999828338623,1.7200000286102295,700,0.0,0.0
2022-09-15 00:00:00-04:00,2.0799999237060547,2.0810000896453857,1.8600000143051147,1.9900000095367432,56600,0.0,0.0
2022-09-16 00:00:00-04:00,1.937000036239624,2.009999990463257,1.8350000381469727,1.9809999465942383,1700,0.0,0.0
2022-09-19 00:00:00-04:00,1.909999966621399,1.909999966621399,1.8300000429153442,1.8300000429153442,6100,0.0,0.0
2022-09-20 00:00:00-04:00,1.840000033378601,1.8480000495910645,1.649999976158142,1.690000057220459,4800,0.0,0.0
2022-09-21 00:00:00-04:00,1.7000000476837158,1.7000000476837158,1.7000000476837158,1.7000000476837158,1100,0.0,0.0
2022-09-22 00:00:00-04:00,1.6749999523162842,1.690000057220459,1.6699999570846558,1.6699999570846558,1200,0.0,0.0
2022-09-23 00:00:00-04:00,1.649999976158142,1.649999976158142,1.5800000429153442,1.5800000429153442,1000,0.0,0.0
2022-09-26 00:00:00-04:00,1.5700000524520874,1.5700000524520874,1.5199999809265137,1.5700000524520874,1100,0.0,0.0
2022-09-27 00:00:00-04:00,1.6100000143051147,1.6200000047683716,1.5700000524520874,1.6200000047683716,1800,0.0,0.0
2022-09-28 00:00:00-04:00,1.6200000047683716,1.6200000047683716,1.6200000047683716,1.6200000047683716,0,0.0,0.0
2022-09-29 00:00:00-04:00,1.5199999809265137,1.5199999809265137,1.5199999809265137,1.5199999809265137,400,0.0,0.0
2022-09-30 00:00:00-04:00,1.5800000429153442,1.5800000429153442,1.5800000429153442,1.5800000429153442,300,0.0,0.0
2022-10-03 00:00:00-04:00,1.6100000143051147,1.7999999523162842,1.590000033378601,1.7999999523162842,1300,0.0,0.0
2022-10-04 00:00:00-04:00,1.621000051498413,1.621000051498413,1.621000051498413,1.621000051498413,400,0.0,0.0
2022-10-05 00:00:00-04:00,1.725000023841858,1.7400000095367432,1.6200000047683716,1.6299999952316284,1700,0.0,0.0
2022-10-06 00:00:00-04:00,1.6799999475479126,1.6799999475479126,1.6699999570846558,1.6799999475479126,700,0.0,0.0
2022-10-07 00:00:00-04:00,1.6100000143051147,1.75,1.4500000476837158,1.7100000381469727,10100,0.0,0.0
2022-10-10 00:00:00-04:00,1.600000023841858,1.6480000019073486,1.600000023841858,1.6480000019073486,1100,0.0,0.0
2022-10-11 00:00:00-04:00,1.6100000143051147,1.6100000143051147,1.5499999523162842,1.5499999523162842,1900,0.0,0.0
2022-10-12 00:00:00-04:00,1.465999960899353,1.465999960899353,1.4600000381469727,1.4600000381469727,1500,0.0,0.0
2022-10-13 00:00:00-04:00,1.2999999523162842,1.4500000476837158,1.25,1.3600000143051147,7500,0.0,0.0
2022-10-14 00:00:00-04:00,1.2999999523162842,1.2999999523162842,1.2999999523162842,1.2999999523162842,300,0.0,0.0
2022-10-17 00:00:00-04:00,1.437999963760376,1.437999963760376,1.25,1.25,1900,0.0,0.0
2022-10-18 00:00:00-04:00,1.2680000066757202,1.2680000066757202,1.25,1.25,1000,0.0,0.0
2022-10-19 00:00:00-04:00,1.25,1.3650000095367432,1.25,1.3650000095367432,600,0.0,0.0
2022-10-20 00:00:00-04:00,1.2999999523162842,1.4700000286102295,1.2999999523162842,1.4700000286102295,700,0.0,0.0
2022-10-21 00:00:00-04:00,1.3200000524520874,1.3200000524520874,1.3200000524520874,1.3200000524520874,300,0.0,0.0
2022-10-24 00:00:00-04:00,1.3539999723434448,1.409999966621399,1.350000023841858,1.3700000047683716,2400,0.0,0.0
2022-10-25 00:00:00-04:00,1.350000023841858,1.350000023841858,1.2599999904632568,1.340000033378601,3100,0.0,0.0
2022-10-26 00:00:00-04:00,1.25,1.4600000381469727,1.25,1.3899999856948853,21700,0.0,0.0
2022-10-27 00:00:00-04:00,1.3899999856948853,1.3899999856948853,1.2300000190734863,1.2999999523162842,3300,0.0,0.0
2022-10-28 00:00:00-04:00,1.309999942779541,1.3899999856948853,1.2999999523162842,1.2999999523162842,2100,0.0,0.0
2022-10-31 00:00:00-04:00,1.4019999504089355,1.4019999504089355,1.3170000314712524,1.3799999952316284,2300,0.0,0.0
2022-11-01 00:00:00-04:00,1.3240000009536743,1.3350000381469727,1.3240000009536743,1.3350000381469727,1300,0.0,0.0
2022-11-02 00:00:00-04:00,1.350000023841858,1.4700000286102295,1.319000005722046,1.4049999713897705,5000,0.0,0.0
2022-11-03 00:00:00-04:00,1.340000033378601,1.4800000190734863,1.3109999895095825,1.3109999895095825,1300,0.0,0.0
2022-11-04 00:00:00-04:00,1.3630000352859497,1.4800000190734863,1.3630000352859497,1.4700000286102295,3800,0.0,0.0
2022-11-07 00:00:00-05:00,1.409999966621399,1.4800000190734863,1.25,1.4800000190734863,10700,0.0,0.0
2022-11-08 00:00:00-05:00,1.3350000381469727,1.3350000381469727,1.3200000524520874,1.3200000524520874,500,0.0,0.0
2022-11-09 00:00:00-05:00,1.3200000524520874,1.3899999856948853,1.2999999523162842,1.309999942779541,13200,0.0,0.0
2022-11-10 00:00:00-05:00,1.3600000143051147,1.440999984741211,1.3600000143051147,1.440999984741211,400,0.0,0.0
2022-11-11 00:00:00-05:00,1.3700000047683716,1.4600000381469727,1.3049999475479126,1.3200000524520874,3200,0.0,0.0
2022-11-14 00:00:00-05:00,1.3799999952316284,1.4600000381469727,1.3700000047683716,1.4600000381469727,1300,0.0,0.0
2022-11-15 00:00:00-05:00,1.402999997138977,1.440000057220459,1.399999976158142,1.440000057220459,1100,0.0,0.0
2022-11-16 00:00:00-05:00,1.440000057220459,1.440000057220459,1.4299999475479126,1.4299999475479126,2900,0.0,0.0
2022-11-17 00:00:00-05:00,1.3329999446868896,1.4800000190734863,1.3329999446868896,1.4800000190734863,19600,0.0,0.0
2022-11-18 00:00:00-05:00,1.5199999809265137,1.5199999809265137,1.4199999570846558,1.4500000476837158,6800,0.0,0.0
2022-11-21 00:00:00-05:00,1.4500000476837158,1.4500000476837158,1.4500000476837158,1.4500000476837158,100,0.0,0.0
2022-11-22 00:00:00-05:00,1.409999966621399,1.409999966621399,1.3300000429153442,1.3799999952316284,1500,0.0,0.0
2022-11-23 00:00:00-05:00,1.2999999523162842,1.3899999856948853,1.2999999523162842,1.3899999856948853,500,0.0,0.0
2022-11-25 00:00:00-05:00,1.399999976158142,1.4800000190734863,1.399999976158142,1.4800000190734863,3000,0.0,0.0
2022-11-28 00:00:00-05:00,1.399999976158142,1.409999966621399,1.399999976158142,1.399999976158142,700,0.0,0.0
2022-11-29 00:00:00-05:00,1.3300000429153442,1.4900000095367432,1.3300000429153442,1.4900000095367432,1600,0.0,0.0
2022-11-30 00:00:00-05:00,1.4800000190734863,1.4900000095367432,1.399999976158142,1.4900000095367432,3600,0.0,0.0
2022-12-01 00:00:00-05:00,1.4470000267028809,1.4470000267028809,1.4470000267028809,1.4470000267028809,300,0.0,0.0
2022-12-02 00:00:00-05:00,1.350000023841858,1.4500000476837158,1.350000023841858,1.4500000476837158,600,0.0,0.0
2022-12-05 00:00:00-05:00,1.3700000047683716,1.4329999685287476,1.3700000047683716,1.4329999685287476,600,0.0,0.0
2022-12-06 00:00:00-05:00,1.350000023841858,1.399999976158142,1.340000033378601,1.399999976158142,14400,0.0,0.0
2022-12-07 00:00:00-05:00,1.399999976158142,1.399999976158142,1.3259999752044678,1.3259999752044678,1200,0.0,0.0
2022-12-08 00:00:00-05:00,1.4429999589920044,1.4429999589920044,1.4199999570846558,1.4199999570846558,1900,0.0,0.0
2022-12-09 00:00:00-05:00,1.3799999952316284,1.4199999570846558,1.3799999952316284,1.4199999570846558,2400,0.0,0.0
2022-12-12 00:00:00-05:00,1.4199999570846558,1.5,1.4199999570846558,1.4800000190734863,16700,0.0,0.0
2022-12-13 00:00:00-05:00,1.4900000095367432,1.559999942779541,1.4900000095367432,1.5499999523162842,13700,0.0,0.0
2022-12-14 00:00:00-05:00,1.4500000476837158,1.6200000047683716,1.4500000476837158,1.6200000047683716,11800,0.0,0.0
2022-12-15 00:00:00-05:00,1.600000023841858,1.7000000476837158,1.5800000429153442,1.6799999475479126,18900,0.0,0.0
2022-12-16 00:00:00-05:00,1.590000033378601,1.7200000286102295,1.590000033378601,1.7200000286102295,21300,0.0,0.0
2022-12-19 00:00:00-05:00,1.4769999980926514,1.840000033378601,1.4259999990463257,1.840000033378601,21700,0.0,0.0
2022-12-20 00:00:00-05:00,1.840000033378601,2.0250000953674316,1.7300000190734863,2.0,22000,0.0,0.0
2022-12-21 00:00:00-05:00,2.0,2.1500000953674316,1.5700000524520874,2.0999999046325684,61300,0.0,0.0
2022-12-22 00:00:00-05:00,2.0510001182556152,2.190000057220459,1.9800000190734863,2.1480000019073486,14700,0.0,0.0
2022-12-23 00:00:00-05:00,1.9900000095367432,2.319999933242798,1.9900000095367432,2.2699999809265137,20300,0.0,0.0
2022-12-27 00:00:00-05:00,2.2799999713897705,2.2890000343322754,1.7599999904632568,2.2100000381469727,12900,0.0,0.0
2022-12-28 00:00:00-05:00,2.240000009536743,2.299999952316284,2.059999942779541,2.246000051498413,19200,0.0,0.0
2022-12-29 00:00:00-05:00,2.2200000286102295,2.3399999141693115,2.0999999046325684,2.3399999141693115,22100,0.0,0.0
2022-12-30 00:00:00-05:00,2.140000104904175,2.299999952316284,2.140000104904175,2.240000009536743,9700,0.0,0.0
2023-01-03 00:00:00-05:00,2.2300000190734863,2.359999895095825,2.009999990463257,2.359999895095825,29000,0.0,0.0
2023-01-04 00:00:00-05:00,2.369999885559082,2.5,2.2100000381469727,2.5,18400,0.0,0.0
2023-01-05 00:00:00-05:00,2.6700000762939453,2.680000066757202,2.38100004196167,2.5999999046325684,19000,0.0,0.0
2023-01-06 00:00:00-05:00,2.7899999618530273,2.869999885559082,2.6579999923706055,2.7309999465942383,7700,0.0,0.0
2023-01-09 00:00:00-05:00,2.680000066757202,2.700000047683716,2.5199999809265137,2.559999942779541,5400,0.0,0.0
2023-01-10 00:00:00-05:00,2.559999942779541,2.700000047683716,2.559999942779541,2.680000066757202,6000,0.0,0.0
2023-01-11 00:00:00-05:00,2.3299999237060547,2.700000047683716,2.3299999237060547,2.690000057220459,5200,0.0,0.0
2023-01-12 00:00:00-05:00,2.684999942779541,2.700000047683716,2.4609999656677246,2.700000047683716,28500,0.0,0.0
2023-01-13 00:00:00-05:00,2.6600000858306885,2.6730000972747803,2.4600000381469727,2.6730000972747803,8200,0.0,0.0
2023-01-17 00:00:00-05:00,2.5199999809265137,2.700000047683716,2.5199999809265137,2.680000066757202,10700,0.0,0.0
2023-01-18 00:00:00-05:00,2.6600000858306885,2.6600000858306885,2.4800000190734863,2.640000104904175,3100,0.0,0.0
2023-01-19 00:00:00-05:00,2.509999990463257,2.509999990463257,2.319999933242798,2.509999990463257,9300,0.0,0.0
2023-01-20 00:00:00-05:00,2.4000000953674316,2.680000066757202,2.4000000953674316,2.63700008392334,11800,0.0,0.0
2023-01-23 00:00:00-05:00,2.700000047683716,2.700000047683716,2.319999933242798,2.5950000286102295,9800,0.0,0.0
2023-01-24 00:00:00-05:00,2.568000078201294,2.5899999141693115,2.566999912261963,2.5759999752044678,7500,0.0,0.0
2023-01-25 00:00:00-05:00,2.3299999237060547,2.549999952316284,2.109999895095825,2.549999952316284,3200,0.0,0.0
2023-01-26 00:00:00-05:00,2.5399999618530273,2.5399999618530273,2.259999990463257,2.490000009536743,5700,0.0,0.0
2023-01-27 00:00:00-05:00,2.3299999237060547,2.559999942779541,2.3299999237060547,2.559999942779541,4000,0.0,0.0
2023-01-30 00:00:00-05:00,2.503000020980835,2.509999990463257,2.5,2.509000062942505,1500,0.0,0.0
2023-01-31 00:00:00-05:00,2.5,2.559999942779541,2.497999906539917,2.559999942779541,5500,0.0,0.0
2023-02-01 00:00:00-05:00,2.559999942779541,2.559999942779541,2.5299999713897705,2.549999952316284,3500,0.0,0.0
2023-02-02 00:00:00-05:00,2.559999942779541,2.619999885559082,2.5199999809265137,2.619999885559082,8700,0.0,0.0
2023-02-03 00:00:00-05:00,2.621000051498413,2.680000066757202,2.621000051498413,2.680000066757202,3000,0.0,0.0
2023-02-06 00:00:00-05:00,2.680000066757202,2.680000066757202,2.619999885559082,2.619999885559082,2300,0.0,0.0
2023-02-07 00:00:00-05:00,2.5950000286102295,2.6500000953674316,2.5950000286102295,2.6500000953674316,2700,0.0,0.0
2023-02-08 00:00:00-05:00,2.1700000762939453,2.609999895095825,2.1670000553131104,2.5,7600,0.0,0.0
2023-02-09 00:00:00-05:00,2.180000066757202,2.569999933242798,2.180000066757202,2.569999933242798,600,0.0,0.0
2023-02-10 00:00:00-05:00,2.440000057220459,2.609999895095825,2.440000057220459,2.5869998931884766,900,0.0,0.0
2023-02-13 00:00:00-05:00,2.4049999713897705,2.5999999046325684,2.2249999046325684,2.509999990463257,5900,0.0,0.0
2023-02-14 00:00:00-05:00,2.509999990463257,2.509999990463257,2.509999990463257,2.509999990463257,0,0.0,0.0
2023-02-15 00:00:00-05:00,2.2200000286102295,2.555999994277954,2.2200000286102295,2.555999994277954,1100,0.0,0.0
2023-02-16 00:00:00-05:00,2.4800000190734863,2.5999999046325684,2.3299999237060547,2.5999999046325684,2900,0.0,0.0
2023-02-17 00:00:00-05:00,2.369999885559082,2.5360000133514404,2.309999942779541,2.5360000133514404,2000,0.0,0.0
2023-02-21 00:00:00-05:00,2.3499999046325684,2.5,2.2699999809265137,2.5,1400,0.0,0.0
2023-02-22 00:00:00-05:00,2.2269999980926514,2.4800000190734863,2.2269999980926514,2.4700000286102295,1200,0.0,0.0
2023-02-23 00:00:00-05:00,2.3499999046325684,2.5,2.299999952316284,2.5,1400,0.0,0.0
2023-02-24 00:00:00-05:00,2.390000104904175,2.490000009536743,2.305000066757202,2.490000009536743,1100,0.0,0.0
2023-02-27 00:00:00-05:00,2.4000000953674316,2.4000000953674316,2.2300000190734863,2.369999885559082,1900,0.0,0.0
2023-02-28 00:00:00-05:00,2.299999952316284,2.380000114440918,2.240000009536743,2.380000114440918,1200,0.0,0.0
2023-03-01 00:00:00-05:00,2.25,2.4000000953674316,2.130000114440918,2.4000000953674316,1400,0.0,0.0
2023-03-02 00:00:00-05:00,2.140000104904175,2.5,2.140000104904175,2.2200000286102295,2200,0.0,0.0
2023-03-03 00:00:00-05:00,2.25,2.25,2.25,2.25,300,0.0,0.0
2023-03-06 00:00:00-05:00,2.25,2.25,2.25,2.25,0,0.0,0.0
2023-03-07 00:00:00-05:00,2.25,2.25,2.25,2.25,100,0.0,0.0
2023-03-08 00:00:00-05:00,2.359999895095825,2.5,2.359999895095825,2.5,400,0.0,0.0
2023-03-09 00:00:00-05:00,2.2100000381469727,2.4800000190734863,2.2100000381469727,2.4800000190734863,600,0.0,0.0
2023-03-10 00:00:00-05:00,2.256999969482422,2.4049999713897705,2.0399999618530273,2.109999895095825,5100,0.0,0.0
2023-03-13 00:00:00-04:00,2.200000047683716,2.200000047683716,2.0,2.200000047683716,2600,0.0,0.0
2023-03-14 00:00:00-04:00,2.0,2.200000047683716,2.0,2.0199999809265137,500,0.0,0.0
2023-03-15 00:00:00-04:00,2.059999942779541,2.4000000953674316,2.059999942779541,2.4000000953674316,4500,0.0,0.0
2023-03-16 00:00:00-04:00,2.2200000286102295,2.2300000190734863,1.9299999475479126,2.200000047683716,3800,0.0,0.0
2023-03-17 00:00:00-04:00,2.200000047683716,2.200000047683716,2.200000047683716,2.200000047683716,0,0.0,0.0
2023-03-20 00:00:00-04:00,1.850000023841858,2.1700000762939453,1.809999942779541,2.1700000762939453,3400,0.0,0.0
2023-03-21 00:00:00-04:00,1.8300000429153442,2.0299999713897705,1.7899999618530273,2.0299999713897705,5400,0.0,0.0
2023-03-22 00:00:00-04:00,1.8899999856948853,2.246000051498413,1.840000033378601,2.246000051498413,1900,0.0,0.0
2023-03-23 00:00:00-04:00,1.8700000047683716,2.0199999809265137,1.75,2.0199999809265137,9900,0.0,0.0
2023-03-24 00:00:00-04:00,1.899999976158142,2.0799999237060547,1.899999976158142,2.0799999237060547,1800,0.0,0.0
2023-03-27 00:00:00-04:00,2.0799999237060547,2.0799999237060547,2.0799999237060547,2.0799999237060547,0,0.0,0.0
2023-03-28 00:00:00-04:00,2.059999942779541,2.059999942779541,2.059999942779541,2.059999942779541,400,0.0,0.0
2023-03-29 00:00:00-04:00,1.909999966621399,2.009999990463257,1.909999966621399,2.009999990463257,1900,0.0,0.0
2023-03-30 00:00:00-04:00,1.8960000276565552,2.0,1.7899999618530273,1.7899999618530273,4100,0.0,0.0
2023-03-31 00:00:00-04:00,1.7200000286102295,2.1500000953674316,1.7200000286102295,2.1500000953674316,1700,0.0,0.0
2023-04-03 00:00:00-04:00,1.9500000476837158,2.0350000858306885,1.7899999618530273,2.0350000858306885,2300,0.0,0.0
2023-04-04 00:00:00-04:00,1.850000023841858,1.9700000286102295,1.850000023841858,1.9700000286102295,700,0.0,0.0
2023-04-05 00:00:00-04:00,2.0999999046325684,2.0999999046325684,2.0999999046325684,2.0999999046325684,300,0.0,0.0
2023-04-06 00:00:00-04:00,2.009999990463257,2.069999933242798,1.9850000143051147,2.0399999618530273,2400,0.0,0.0
2023-04-10 00:00:00-04:00,1.809999942779541,1.809999942779541,1.7999999523162842,1.7999999523162842,700,0.0,0.0
2023-04-11 00:00:00-04:00,1.7999999523162842,2.069999933242798,1.7999999523162842,2.069999933242798,5300,0.0,0.0
2023-04-12 00:00:00-04:00,2.069999933242798,2.069999933242798,1.8300000429153442,2.0399999618530273,16700,0.0,0.0
2023-04-13 00:00:00-04:00,1.9500000476837158,2.0399999618530273,1.809999942779541,2.0,2700,0.0,0.0
2023-04-14 00:00:00-04:00,1.8899999856948853,1.8899999856948853,1.8899999856948853,1.8899999856948853,1100,0.0,0.0
2023-04-17 00:00:00-04:00,1.840000033378601,1.965000033378601,1.840000033378601,1.965000033378601,1300,0.0,0.0
2023-04-18 00:00:00-04:00,1.8700000047683716,1.9500000476837158,1.809999942779541,1.899999976158142,1300,0.0,0.0
2023-04-19 00:00:00-04:00,1.7999999523162842,1.8700000047683716,1.75,1.809999942779541,2200,0.0,0.0
2023-04-20 00:00:00-04:00,1.8960000276565552,1.8960000276565552,1.600000023841858,1.8899999856948853,2700,0.0,0.0
2023-04-21 00:00:00-04:00,1.6410000324249268,1.8799999952316284,1.6410000324249268,1.7899999618530273,3100,0.0,0.0
2023-04-24 00:00:00-04:00,1.659999966621399,1.8200000524520874,1.6399999856948853,1.8200000524520874,1100,0.0,0.0
2023-04-25 00:00:00-04:00,1.659999966621399,1.8589999675750732,1.309999942779541,1.6460000276565552,27100,0.0,0.0
2023-04-26 00:00:00-04:00,1.5499999523162842,1.5870000123977661,1.350000023841858,1.5870000123977661,4300,0.0,0.0
2023-04-27 00:00:00-04:00,1.5199999809265137,1.5700000524520874,1.5099999904632568,1.5700000524520874,1100,0.0,0.0
2023-04-28 00:00:00-04:00,1.6299999952316284,1.7400000095367432,1.6239999532699585,1.6399999856948853,2700,0.0,0.0
2023-05-01 00:00:00-04:00,1.690000057220459,1.690000057220459,1.690000057220459,1.690000057220459,900,0.0,0.0
2023-05-02 00:00:00-04:00,1.6890000104904175,1.7269999980926514,1.6799999475479126,1.6799999475479126,2200,0.0,0.0
2023-05-03 00:00:00-04:00,1.649999976158142,1.809999942779541,1.649999976158142,1.75,4300,0.0,0.0
2023-05-04 00:00:00-04:00,1.6519999504089355,1.6519999504089355,1.6519999504089355,1.6519999504089355,200,0.0,0.0
2023-05-05 00:00:00-04:00,1.680999994277954,1.680999994277954,1.680999994277954,1.680999994277954,200,0.0,0.0
2023-05-08 00:00:00-04:00,1.7599999904632568,1.7899999618530273,1.7599999904632568,1.7899999618530273,700,0.0,0.0
2023-05-09 00:00:00-04:00,1.809999942779541,1.809999942779541,1.7000000476837158,1.7699999809265137,2400,0.0,0.0
2023-05-10 00:00:00-04:00,1.7100000381469727,1.8250000476837158,1.7100000381469727,1.8250000476837158,700,0.0,0.0
2023-05-11 00:00:00-04:00,1.7999999523162842,1.8200000524520874,1.7999999523162842,1.8200000524520874,2000,0.0,0.0
2023-05-12 00:00:00-04:00,1.7000000476837158,1.7300000190734863,1.649999976158142,1.7300000190734863,3500,0.0,0.0
2023-05-15 00:00:00-04:00,1.649999976158142,1.6649999618530273,1.649999976158142,1.6649999618530273,1000,0.0,0.0
2023-05-16 00:00:00-04:00,1.6699999570846558,1.9589999914169312,1.6699999570846558,1.9589999914169312,600,0.0,0.0
2023-05-17 00:00:00-04:00,1.899999976158142,1.899999976158142,1.7039999961853027,1.7100000381469727,1200,0.0,0.0
2023-05-18 00:00:00-04:00,1.7100000381469727,1.7100000381469727,1.7100000381469727,1.7100000381469727,400,0.0,0.0
2023-05-19 00:00:00-04:00,1.7899999618530273,1.7899999618530273,1.5299999713897705,1.5299999713897705,2000,0.0,0.0
2023-05-22 00:00:00-04:00,1.5399999618530273,1.7660000324249268,1.5399999618530273,1.7480000257492065,2200,0.0,0.0
2023-05-23 00:00:00-04:00,1.649999976158142,1.649999976158142,1.6399999856948853,1.6399999856948853,500,0.0,0.0
2023-05-24 00:00:00-04:00,1.4800000190734863,1.7599999904632568,1.4800000190734863,1.7599999904632568,1300,0.0,0.0
2023-05-25 00:00:00-04:00,1.5240000486373901,1.7100000381469727,1.5099999904632568,1.7000000476837158,6500,0.0,0.0
2023-05-26 00:00:00-04:00,1.5099999904632568,1.7000000476837158,1.5099999904632568,1.7000000476837158,2000,0.0,0.0
2023-05-30 00:00:00-04:00,1.6299999952316284,1.6299999952316284,1.6059999465942383,1.6059999465942383,500,0.0,0.0
2023-05-31 00:00:00-04:00,1.649999976158142,1.649999976158142,1.649999976158142,1.649999976158142,200,0.0,0.0
2023-06-01 00:00:00-04:00,1.600000023841858,1.6299999952316284,1.600000023841858,1.6200000047683716,700,0.0,0.0
2023-06-02 00:00:00-04:00,1.7000000476837158,1.7000000476837158,1.6200000047683716,1.6200000047683716,2500,0.0,0.0
2023-06-05 00:00:00-04:00,1.6100000143051147,1.6449999809265137,1.6100000143051147,1.6449999809265137,1700,0.0,0.0
2023-06-06 00:00:00-04:00,1.649999976158142,1.649999976158142,1.649999976158142,1.649999976158142,700,0.0,0.0
2023-06-07 00:00:00-04:00,1.6100000143051147,1.840000033378601,1.6100000143051147,1.6299999952316284,54800,0.0,0.0
2023-06-08 00:00:00-04:00,1.7300000190734863,1.7999999523162842,1.6710000038146973,1.6829999685287476,3400,0.0,0.0
2023-06-09 00:00:00-04:00,1.6950000524520874,1.6950000524520874,1.6399999856948853,1.690000057220459,700,0.0,0.0
2023-06-12 00:00:00-04:00,1.6699999570846558,1.6699999570846558,1.649999976158142,1.649999976158142,1100,0.0,0.0
2023-06-13 00:00:00-04:00,1.6299999952316284,1.753999948501587,1.625,1.625,8000,0.0,0.0
2023-06-14 00:00:00-04:00,1.6100000143051147,1.6100000143051147,1.5,1.5199999809265137,3700,0.0,0.0
2023-06-15 00:00:00-04:00,1.600000023841858,1.649999976158142,1.600000023841858,1.649999976158142,1500,0.0,0.0
2023-06-16 00:00:00-04:00,1.659999966621399,1.7999999523162842,1.659999966621399,1.659999966621399,1600,0.0,0.0
2023-06-20 00:00:00-04:00,1.6200000047683716,1.6610000133514404,1.5099999904632568,1.5199999809265137,2300,0.0,0.0
2023-06-21 00:00:00-04:00,1.5199999809265137,1.5199999809265137,1.5199999809265137,1.5199999809265137,100,0.0,0.0
2023-06-22 00:00:00-04:00,1.600000023841858,1.6019999980926514,1.600000023841858,1.600000023841858,2800,0.0,0.0
2023-06-23 00:00:00-04:00,1.5199999809265137,1.5800000429153442,1.5,1.5,1800,0.0,0.0
2023-06-26 00:00:00-04:00,1.5499999523162842,1.5499999523162842,1.5499999523162842,1.5499999523162842,700,0.0,0.0
2023-06-27 00:00:00-04:00,1.5499999523162842,1.5509999990463257,1.5499999523162842,1.5499999523162842,1900,0.0,0.0
2023-06-28 00:00:00-04:00,1.5850000381469727,1.600000023841858,1.5800000429153442,1.590000033378601,3100,0.0,0.0
2023-06-29 00:00:00-04:00,1.590000033378601,1.590000033378601,1.590000033378601,1.590000033378601,0,0.0,0.0
2023-06-30 00:00:00-04:00,1.5199999809265137,1.5199999809265137,1.4700000286102295,1.4700000286102295,2800,0.0,0.0
2023-07-03 00:00:00-04:00,1.4700000286102295,1.4700000286102295,1.4700000286102295,1.4700000286102295,0,0.0,0.0
2023-07-05 00:00:00-04:00,1.600000023841858,1.6380000114440918,1.600000023841858,1.6380000114440918,4100,0.0,0.0
2023-07-06 00:00:00-04:00,1.5449999570846558,1.628000020980835,1.5049999952316284,1.6200000047683716,3300,0.0,0.0
2023-07-07 00:00:00-04:00,1.5499999523162842,1.5800000429153442,1.5499999523162842,1.5499999523162842,1400,0.0,0.0
2023-07-10 00:00:00-04:00,1.5499999523162842,1.5499999523162842,1.5499999523162842,1.5499999523162842,200,0.0,0.0
2023-07-11 00:00:00-04:00,1.5,1.5010000467300415,1.5,1.5010000467300415,700,0.0,0.0
2023-07-12 00:00:00-04:00,1.5,1.5499999523162842,1.5,1.5499999523162842,2200,0.0,0.0
2023-07-13 00:00:00-04:00,1.5199999809265137,1.5199999809265137,1.5199999809265137,1.5199999809265137,300,0.0,0.0
2023-07-14 00:00:00-04:00,1.6299999952316284,1.6299999952316284,1.5,1.5700000524520874,1700,0.0,0.0
2023-07-17 00:00:00-04:00,1.440000057220459,1.590000033378601,1.440000057220459,1.5080000162124634,2900,0.0,0.0
2023-07-18 00:00:00-04:00,1.5,1.5499999523162842,1.5,1.5,1400,0.0,0.0
2023-07-19 00:00:00-04:00,1.5499999523162842,1.5750000476837158,1.5499999523162842,1.5499999523162842,2400,0.0,0.0
2023-07-20 00:00:00-04:00,1.5499999523162842,1.5499999523162842,1.5499999523162842,1.5499999523162842,400,0.0,0.0
2023-07-21 00:00:00-04:00,1.600000023841858,1.600000023841858,1.5,1.600000023841858,1800,0.0,0.0
2023-07-24 00:00:00-04:00,1.5149999856948853,1.5499999523162842,1.5,1.5,500,0.0,0.0
2023-07-25 00:00:00-04:00,1.5130000114440918,1.5130000114440918,1.5089999437332153,1.5089999437332153,1000,0.0,0.0
2023-07-26 00:00:00-04:00,1.5499999523162842,1.5499999523162842,1.5499999523162842,1.5499999523162842,400,0.0,0.0
2023-07-27 00:00:00-04:00,1.5499999523162842,1.5499999523162842,1.5499999523162842,1.5499999523162842,0,0.0,0.0
2023-07-28 00:00:00-04:00,1.5499999523162842,1.5499999523162842,1.5499999523162842,1.5499999523162842,200,0.0,0.0
2023-07-31 00:00:00-04:00,1.5499999523162842,1.5499999523162842,1.5499999523162842,1.5499999523162842,300,0.0,0.0
2023-08-01 00:00:00-04:00,1.440000057220459,1.440000057220459,1.440000057220459,1.440000057220459,600,0.0,0.0
2023-08-02 00:00:00-04:00,1.5,1.5199999809265137,1.5,1.5199999809265137,300,0.0,0.0
2023-08-03 00:00:00-04:00,1.5190000534057617,1.5199999809265137,1.5099999904632568,1.5099999904632568,2100,0.0,0.0
2023-08-04 00:00:00-04:00,1.5099999904632568,1.5099999904632568,1.5099999904632568,1.5099999904632568,0,0.0,0.0
2023-08-07 00:00:00-04:00,1.5099999904632568,1.5099999904632568,1.5099999904632568,1.5099999904632568,0,0.0,0.0
2023-08-08 00:00:00-04:00,1.590000033378601,1.6200000047683716,1.5750000476837158,1.600000023841858,2700,0.0,0.0
2023-08-09 00:00:00-04:00,1.600000023841858,1.600000023841858,1.600000023841858,1.600000023841858,0,0.0,0.0
2023-08-10 00:00:00-04:00,1.5140000581741333,1.5140000581741333,1.5140000581741333,1.5140000581741333,600,0.0,0.0
2023-08-11 00:00:00-04:00,1.5140000581741333,1.5140000581741333,1.5140000581741333,1.5140000581741333,100,0.0,0.0
2023-08-14 00:00:00-04:00,1.5199999809265137,1.5199999809265137,1.5199999809265137,1.5199999809265137,100,0.0,0.0
2023-08-15 00:00:00-04:00,1.5099999904632568,1.5420000553131104,1.5099999904632568,1.5420000553131104,1300,0.0,0.0
2023-08-16 00:00:00-04:00,1.5,1.5,1.5,1.5,700,0.0,0.0
2023-08-17 00:00:00-04:00,1.5,1.5,1.5,1.5,400,0.0,0.0
2023-08-18 00:00:00-04:00,1.5499999523162842,1.5499999523162842,1.5,1.5,2200,0.0,0.0
2023-08-21 00:00:00-04:00,1.440000057220459,1.5,1.440000057220459,1.5,500,0.0,0.0
2023-08-22 00:00:00-04:00,1.3639999628067017,1.3639999628067017,1.3639999628067017,1.3639999628067017,300,0.0,0.0
2023-08-23 00:00:00-04:00,1.3639999628067017,1.3639999628067017,1.3639999628067017,1.3639999628067017,500,0.0,0.0
2023-08-24 00:00:00-04:00,1.6699999570846558,1.6699999570846558,1.409999966621399,1.409999966621399,2800,0.0,0.0
2023-08-25 00:00:00-04:00,1.4500000476837158,1.4500000476837158,1.4500000476837158,1.4500000476837158,400,0.0,0.0
2023-08-28 00:00:00-04:00,1.3200000524520874,1.5099999904632568,1.2799999713897705,1.5099999904632568,3400,0.0,0.0
2023-08-29 00:00:00-04:00,1.3600000143051147,1.3600000143051147,1.309999942779541,1.309999942779541,400,0.0,0.0
2023-08-30 00:00:00-04:00,1.3700000047683716,1.3700000047683716,1.3700000047683716,1.3700000047683716,200,0.0,0.0
2023-08-31 00:00:00-04:00,1.4600000381469727,1.4600000381469727,1.3799999952316284,1.3899999856948853,2100,0.0,0.0
2023-09-01 00:00:00-04:00,1.2999999523162842,1.2999999523162842,1.2899999618530273,1.2999999523162842,600,0.0,0.0
2023-09-05 00:00:00-04:00,1.2999999523162842,1.2999999523162842,1.2899999618530273,1.2910000085830688,1400,0.0,0.0
2023-09-06 00:00:00-04:00,1.2799999713897705,1.2799999713897705,1.2799999713897705,1.2799999713897705,600,0.0,0.0
2023-09-07 00:00:00-04:00,1.559999942779541,2.0,1.3200000524520874,1.5499999523162842,1046900,0.0,0.0
2023-09-08 00:00:00-04:00,1.5149999856948853,1.524999976158142,1.3550000190734863,1.5,45400,0.0,0.0
2023-09-11 00:00:00-04:00,1.3799999952316284,1.440000057220459,1.3300000429153442,1.3600000143051147,24900,0.0,0.0
2023-09-12 00:00:00-04:00,1.3580000400543213,1.4900000095367432,1.3300000429153442,1.4900000095367432,6800,0.0,0.0
2023-09-13 00:00:00-04:00,1.3899999856948853,1.3899999856948853,1.3899999856948853,1.3899999856948853,400,0.0,0.0
2023-09-14 00:00:00-04:00,1.3300000429153442,1.434999942779541,1.3300000429153442,1.399999976158142,6100,0.0,0.0
2023-09-15 00:00:00-04:00,1.3300000429153442,1.3799999952316284,1.2999999523162842,1.2999999523162842,3300,0.0,0.0
2023-09-18 00:00:00-04:00,1.2999999523162842,1.399999976158142,1.2999999523162842,1.350000023841858,5000,0.0,0.0
2023-09-19 00:00:00-04:00,1.340000033378601,1.3519999980926514,1.2869999408721924,1.350000023841858,2700,0.0,0.0
2023-09-20 00:00:00-04:00,1.3600000143051147,1.3600000143051147,1.2799999713897705,1.2899999618530273,4500,0.0,0.0
2023-09-21 00:00:00-04:00,1.3600000143051147,1.4529999494552612,1.25,1.309999942779541,5800,0.0,0.0
2023-09-22 00:00:00-04:00,1.3200000524520874,1.3420000076293945,1.3200000524520874,1.3380000591278076,600,0.0,0.0
2023-09-25 00:00:00-04:00,1.309999942779541,1.3350000381469727,1.309999942779541,1.3350000381469727,600,0.0,0.0
2023-09-26 00:00:00-04:00,1.2580000162124634,1.340000033378601,1.2580000162124634,1.2999999523162842,4000,0.0,0.0
2023-09-27 00:00:00-04:00,1.25,1.3200000524520874,1.25,1.3200000524520874,2200,0.0,0.0
2023-09-28 00:00:00-04:00,1.3140000104904175,1.3140000104904175,1.3140000104904175,1.3140000104904175,600,0.0,0.0
2023-09-29 00:00:00-04:00,1.25,1.25,1.225000023841858,1.225000023841858,2200,0.0,0.0
2023-10-02 00:00:00-04:00,1.2100000381469727,1.2100000381469727,1.1699999570846558,1.2000000476837158,2000,0.0,0.0
2023-10-03 00:00:00-04:00,1.159999966621399,1.25,1.159999966621399,1.2400000095367432,2200,0.0,0.0
2023-10-04 00:00:00-04:00,1.2400000095367432,1.2400000095367432,1.1200000047683716,1.2300000190734863,1700,0.0,0.0
2023-10-05 00:00:00-04:00,1.2300000190734863,1.2300000190734863,1.2300000190734863,1.2300000190734863,0,0.0,0.0
2023-10-06 00:00:00-04:00,1.184999942779541,1.184999942779541,1.184999942779541,1.184999942779541,200,0.0,0.0
2023-10-09 00:00:00-04:00,1.1799999475479126,1.1799999475479126,1.0499999523162842,1.0499999523162842,1900,0.0,0.0
2023-10-10 00:00:00-04:00,1.0390000343322754,1.2400000095367432,1.034999966621399,1.090000033378601,6300,0.0,0.0
2023-10-11 00:00:00-04:00,1.0199999809265137,1.1299999952316284,1.0199999809265137,1.1299999952316284,7600,0.0,0.0
2023-10-12 00:00:00-04:00,1.25,1.3200000524520874,1.1100000143051147,1.1699999570846558,8100,0.0,0.0
2023-10-13 00:00:00-04:00,1.2100000381469727,1.340000033378601,1.1200000047683716,1.340000033378601,5000,0.0,0.0
2023-10-16 00:00:00-04:00,1.2400000095367432,1.350000023841858,1.2400000095367432,1.25,2800,0.0,0.0
2023-10-17 00:00:00-04:00,1.309999942779541,1.3200000524520874,1.309999942779541,1.309999942779541,2100,0.0,0.0
2023-10-18 00:00:00-04:00,1.2599999904632568,1.3300000429153442,1.1799999475479126,1.2599999904632568,3100,0.0,0.0
2023-10-19 00:00:00-04:00,1.190000057220459,1.2100000381469727,1.1699999570846558,1.2100000381469727,1800,0.0,0.0
2023-10-20 00:00:00-04:00,1.2100000381469727,1.2100000381469727,1.1699999570846558,1.1699999570846558,1100,0.0,0.0
2023-10-23 00:00:00-04:00,1.3600000143051147,1.4500000476837158,1.2599999904632568,1.3450000286102295,3300,0.0,0.0
2023-10-24 00:00:00-04:00,1.2000000476837158,1.2200000286102295,1.1399999856948853,1.1399999856948853,5000,0.0,0.0
2023-10-25 00:00:00-04:00,1.190000057220459,1.190000057220459,1.190000057220459,1.190000057220459,500,0.0,0.0
2023-10-26 00:00:00-04:00,1.2200000286102295,1.284999966621399,1.2200000286102295,1.284999966621399,1800,0.0,0.0
2023-10-27 00:00:00-04:00,1.1100000143051147,1.1100000143051147,1.1100000143051147,1.1100000143051147,200,0.0,0.0
2023-10-30 00:00:00-04:00,1.1100000143051147,1.1100000143051147,1.1100000143051147,1.1100000143051147,0,0.0,0.0
2023-10-31 00:00:00-04:00,1.1100000143051147,1.1100000143051147,1.1100000143051147,1.1100000143051147,0,0.0,0.0
2023-11-01 00:00:00-04:00,1.1200000047683716,1.1200000047683716,1.1100000143051147,1.1100000143051147,1000,0.0,0.0
2023-11-02 00:00:00-04:00,1.1100000143051147,1.159999966621399,1.1100000143051147,1.159999966621399,700,0.0,0.0
2023-11-03 00:00:00-04:00,1.0989999771118164,1.1019999980926514,1.0989999771118164,1.1019999980926514,1200,0.0,0.0
2023-11-06 00:00:00-05:00,0.9739999771118164,1.1440000534057617,0.9739999771118164,1.1440000534057617,2900,0.0,0.0
2023-11-07 00:00:00-05:00,1.0399999618530273,1.0399999618530273,1.0399999618530273,1.0399999618530273,400,0.0,0.0
2023-11-08 00:00:00-05:00,1.0,1.0,1.0,1.0,500,0.0,0.0
2023-11-09 00:00:00-05:00,1.0,1.0,1.0,1.0,400,0.0,0.0
2023-11-10 00:00:00-05:00,0.7699999809265137,1.0099999904632568,0.7699999809265137,1.0099999904632568,2600,0.0,0.0
2023-11-13 00:00:00-05:00,1.0099999904632568,1.0099999904632568,1.0099999904632568,1.0099999904632568,0,0.0,0.0
2023-11-14 00:00:00-05:00,1.0,1.0,1.0,1.0,900,0.0,0.0
2023-11-15 00:00:00-05:00,1.0,1.0,1.0,1.0,1200,0.0,0.0
2023-11-16 00:00:00-05:00,1.0,1.0099999904632568,1.0,1.0,3700,0.0,0.0
2023-11-17 00:00:00-05:00,0.9700000286102295,1.1799999475479126,0.9700000286102295,1.0299999713897705,4900,0.0,0.0
2023-11-20 00:00:00-05:00,1.190000057220459,1.190000057220459,1.0199999809265137,1.0399999618530273,2600,0.0,0.0
2023-11-21 00:00:00-05:00,0.9300000071525574,0.949999988079071,0.9300000071525574,0.9300000071525574,1800,0.0,0.0
2023-11-22 00:00:00-05:00,0.9300000071525574,0.9300000071525574,0.9300000071525574,0.9300000071525574,800,0.0,0.0
2023-11-24 00:00:00-05:00,1.190000057220459,1.2000000476837158,1.0199999809265137,1.1200000047683716,15600,0.0,0.0
2023-11-27 00:00:00-05:00,1.1399999856948853,1.1399999856948853,1.0499999523162842,1.0499999523162842,2300,0.0,0.0
2023-11-28 00:00:00-05:00,1.190000057220459,1.190000057220459,0.9599999785423279,1.0099999904632568,1100,0.0,0.0
2023-11-29 00:00:00-05:00,1.0099999904632568,1.0099999904632568,1.0099999904632568,1.0099999904632568,800,0.0,0.0
2023-11-30 00:00:00-05:00,1.1699999570846558,1.1699999570846558,1.0700000524520874,1.1699999570846558,2600,0.0,0.0
2023-12-01 00:00:00-05:00,0.8700000047683716,1.149999976158142,0.8700000047683716,1.1030000448226929,9200,0.0,0.0
2023-12-04 00:00:00-05:00,1.0199999809265137,1.100000023841858,1.0199999809265137,1.100000023841858,1300,0.0,0.0
2023-12-05 00:00:00-05:00,1.100000023841858,1.100000023841858,1.100000023841858,1.100000023841858,1600,0.0,0.0
2023-12-06 00:00:00-05:00,0.9300000071525574,1.100000023841858,0.9300000071525574,1.100000023841858,1300,0.0,0.0
2023-12-07 00:00:00-05:00,0.8840000033378601,1.0399999618530273,0.8840000033378601,1.0399999618530273,2900,0.0,0.0
2023-12-08 00:00:00-05:00,1.0199999809265137,1.100000023841858,0.949999988079071,1.100000023841858,1400,0.0,0.0
2023-12-11 00:00:00-05:00,1.0199999809265137,1.0199999809265137,0.9399999976158142,0.9399999976158142,2300,0.0,0.0
2023-12-12 00:00:00-05:00,0.9200000166893005,0.9440000057220459,0.9200000166893005,0.9440000057220459,300,0.0,0.0
2023-12-13 00:00:00-05:00,0.9909999966621399,1.0,0.9909999966621399,0.9909999966621399,1300,0.0,0.0
2023-12-14 00:00:00-05:00,0.8500000238418579,0.9079999923706055,0.8500000238418579,0.9079999923706055,1000,0.0,0.0
2023-12-15 00:00:00-05:00,0.8939999938011169,0.8939999938011169,0.8939999938011169,0.8939999938011169,300,0.0,0.0
2023-12-18 00:00:00-05:00,0.8500000238418579,0.8999999761581421,0.8500000238418579,0.8500000238418579,3100,0.0,0.0
2023-12-19 00:00:00-05:00,0.8500000238418579,0.8500000238418579,0.8500000238418579,0.8500000238418579,200,0.0,0.0
2023-12-20 00:00:00-05:00,0.8859999775886536,0.9020000100135803,0.8859999775886536,0.9020000100135803,600,0.0,0.0
2023-12-21 00:00:00-05:00,0.8600000143051147,1.0499999523162842,0.8500000238418579,1.0499999523162842,3200,0.0,0.0
2023-12-22 00:00:00-05:00,0.6499999761581421,0.925000011920929,0.6499999761581421,0.8809999823570251,5700,0.0,0.0
2023-12-26 00:00:00-05:00,0.8529999852180481,0.8999999761581421,0.8529999852180481,0.8799999952316284,4100,0.0,0.0
2023-12-27 00:00:00-05:00,0.9240000247955322,0.9240000247955322,0.7350000143051147,0.8999999761581421,72400,0.0,0.0
2023-12-28 00:00:00-05:00,0.8009999990463257,1.0399999618530273,0.8009999990463257,1.0399999618530273,69700,0.0,0.0
2023-12-29 00:00:00-05:00,1.0399999618530273,1.0499999523162842,0.9700000286102295,1.0449999570846558,11400,0.0,0.0
2024-01-02 00:00:00-05:00,1.100000023841858,1.100000023841858,0.9599999785423279,1.0399999618530273,7100,0.0,0.0
2024-01-03 00:00:00-05:00,1.0399999618530273,1.0679999589920044,1.0140000581741333,1.0679999589920044,9700,0.0,0.0
2024-01-04 00:00:00-05:00,1.2799999713897705,1.3799999952316284,1.2109999656677246,1.2300000190734863,266700,0.0,0.0
2024-01-05 00:00:00-05:00,1.149999976158142,1.159999966621399,1.0499999523162842,1.0499999523162842,24900,0.0,0.0
2024-01-08 00:00:00-05:00,1.1299999952316284,1.2000000476837158,1.0499999523162842,1.2000000476837158,19100,0.0,0.0
2024-01-09 00:00:00-05:00,1.2000000476837158,1.2000000476837158,1.2000000476837158,1.2000000476837158,300,0.0,0.0
2024-01-10 00:00:00-05:00,1.1100000143051147,1.190000057220459,1.1100000143051147,1.190000057220459,15000,0.0,0.0
2024-01-11 00:00:00-05:00,0.7699999809265137,1.2000000476837158,0.7699999809265137,1.2000000476837158,26000,0.0,0.0
2024-01-12 00:00:00-05:00,1.1799999475479126,1.1799999475479126,1.0499999523162842,1.0609999895095825,4300,0.0,0.0
2024-01-16 00:00:00-05:00,1.0,1.1710000038146973,0.9599999785423279,1.003999948501587,25800,0.0,0.0
2024-01-17 00:00:00-05:00,0.953000009059906,1.0,0.9399999976158142,1.0,9700,0.0,0.0
2024-01-18 00:00:00-05:00,1.0099999904632568,1.100000023841858,0.9900000095367432,1.100000023841858,6500,0.0,0.0
2024-01-19 00:00:00-05:00,1.1799999475479126,1.1799999475479126,1.1050000190734863,1.1100000143051147,1000,0.0,0.0
2024-01-22 00:00:00-05:00,1.1100000143051147,1.1100000143051147,1.0,1.0,2800,0.0,0.0
2024-01-23 00:00:00-05:00,1.0,1.0,0.9100000262260437,0.9900000095367432,4900,0.0,0.0
2024-01-24 00:00:00-05:00,0.8519999980926514,0.9449999928474426,0.8519999980926514,0.9100000262260437,7700,0.0,0.0
2024-01-25 00:00:00-05:00,0.890999972820282,0.9100000262260437,0.8550000190734863,0.9100000262260437,5800,0.0,0.0
2024-01-26 00:00:00-05:00,0.9100000262260437,0.9100000262260437,0.9100000262260437,0.9100000262260437,200,0.0,0.0
2024-01-29 00:00:00-05:00,0.8519999980926514,0.9789999723434448,0.8519999980926514,0.9100000262260437,1100,0.0,0.0
2024-01-30 00:00:00-05:00,0.8939999938011169,0.9700000286102295,0.8600000143051147,0.8619999885559082,3300,0.0,0.0
2024-01-31 00:00:00-05:00,0.8619999885559082,0.8619999885559082,0.8619999885559082,0.8619999885559082,0,0.0,0.0
2024-02-01 00:00:00-05:00,0.8859999775886536,0.8859999775886536,0.8759999871253967,0.8759999871253967,900,0.0,0.0
2024-02-02 00:00:00-05:00,0.8799999952316284,0.8880000114440918,0.8799999952316284,0.8880000114440918,1000,0.0,0.0
2024-02-05 00:00:00-05:00,0.8889999985694885,0.8889999985694885,0.8600000143051147,0.8799999952316284,1200,0.0,0.0
2024-02-06 00:00:00-05:00,0.8600000143051147,0.8799999952316284,0.8100000023841858,0.8109999895095825,3300,0.0,0.0
2024-02-07 00:00:00-05:00,0.8109999895095825,0.8600000143051147,0.8109999895095825,0.8600000143051147,1600,0.0,0.0
2024-02-08 00:00:00-05:00,0.8460000157356262,0.8600000143051147,0.8119999766349792,0.8119999766349792,4100,0.0,0.0
2024-02-09 00:00:00-05:00,0.8119999766349792,0.8199999928474426,0.6830000281333923,0.777999997138977,416000,0.0,0.0
2024-02-12 00:00:00-05:00,0.699999988079071,0.7710000276565552,0.699999988079071,0.7599999904632568,10500,0.0,0.0
2024-02-13 00:00:00-05:00,0.7300000190734863,0.8059999942779541,0.7020000219345093,0.8019999861717224,15200,0.0,0.0
2024-02-14 00:00:00-05:00,0.8019999861717224,0.8299999833106995,0.7279999852180481,0.8299999833106995,4000,0.0,0.0
2024-02-15 00:00:00-05:00,0.8700000047683716,1.2899999618530273,0.8299999833106995,1.1399999856948853,99100,0.0,0.0
2024-02-16 00:00:00-05:00,1.1699999570846558,1.1799999475479126,1.0700000524520874,1.159999966621399,9200,0.0,0.0
2024-02-20 00:00:00-05:00,1.100000023841858,1.1399999856948853,0.949999988079071,1.1299999952316284,25200,0.0,0.0
2024-02-21 00:00:00-05:00,0.8899999856948853,1.1100000143051147,0.8799999952316284,1.0800000429153442,5400,0.0,0.0
2024-02-22 00:00:00-05:00,1.0299999713897705,1.0299999713897705,0.9649999737739563,0.9649999737739563,1300,0.0,0.0
2024-02-23 00:00:00-05:00,0.9380000233650208,0.9380000233650208,0.9380000233650208,0.9380000233650208,800,0.0,0.0
2024-02-26 00:00:00-05:00,0.949999988079071,0.949999988079071,0.9100000262260437,0.9300000071525574,2500,0.0,0.0
2024-02-27 00:00:00-05:00,0.8550000190734863,0.9399999976158142,0.800000011920929,0.8600000143051147,8700,0.0,0.0
2024-02-28 00:00:00-05:00,0.8870000243186951,0.8870000243186951,0.8500000238418579,0.8500000238418579,600,0.0,0.0
2024-02-29 00:00:00-05:00,0.8500000238418579,0.9890000224113464,0.8500000238418579,0.8799999952316284,8800,0.0,0.0
2024-03-01 00:00:00-05:00,0.8579999804496765,0.9800000190734863,0.8510000109672546,0.9200000166893005,2700,0.0,0.0
2024-03-04 00:00:00-05:00,0.800000011920929,0.8880000114440918,0.800000011920929,0.8199999928474426,2100,0.0,0.0
2024-03-05 00:00:00-05:00,0.8169999718666077,0.8199999928474426,0.8169999718666077,0.8199999928474426,1700,0.0,0.0
2024-03-06 00:00:00-05:00,0.8299999833106995,0.9599999785423279,0.8299999833106995,0.9200000166893005,1300,0.0,0.0
2024-03-07 00:00:00-05:00,0.8149999976158142,0.9599999785423279,0.8149999976158142,0.8500000238418579,1400,0.0,0.0
2024-03-08 00:00:00-05:00,0.8149999976158142,0.8149999976158142,0.8149999976158142,0.8149999976158142,500,0.0,0.0
2024-03-11 00:00:00-04:00,0.8500000238418579,1.0240000486373901,0.8500000238418579,1.0240000486373901,7500,0.0,0.0
2024-03-12 00:00:00-04:00,0.8799999952316284,0.9549999833106995,0.8799999952316284,0.9110000133514404,6600,0.0,0.0
2024-03-13 00:00:00-04:00,0.9100000262260437,1.0140000581741333,0.9100000262260437,0.9900000095367432,6800,0.0,0.0
2024-03-14 00:00:00-04:00,0.9900000095367432,1.0199999809265137,0.9700000286102295,0.9700000286102295,13600,0.0,0.0
2024-03-15 00:00:00-04:00,1.1200000047683716,1.1200000047683716,1.0449999570846558,1.0499999523162842,1700,0.0,0.0
2024-03-18 00:00:00-04:00,1.059999942779541,1.090000033378601,1.0049999952316284,1.0399999618530273,1100,0.0,0.0
2024-03-19 00:00:00-04:00,1.0019999742507935,1.0399999618530273,1.0019999742507935,1.0299999713897705,500,0.0,0.0
2024-03-20 00:00:00-04:00,1.0199999809265137,1.0199999809265137,1.0199999809265137,1.0199999809265137,400,0.0,0.0
2024-03-21 00:00:00-04:00,1.0,1.0399999618530273,1.0,1.0399999618530273,1500,0.0,0.0
2024-03-22 00:00:00-04:00,1.090000033378601,1.090000033378601,1.090000033378601,1.090000033378601,400,0.0,0.0
2024-03-25 00:00:00-04:00,0.9900000095367432,1.0399999618530273,0.9900000095367432,0.9900000095367432,900,0.0,0.0
2024-03-26 00:00:00-04:00,1.0,1.090000033378601,0.9800000190734863,1.090000033378601,5300,0.0,0.0
2024-03-27 00:00:00-04:00,0.9800000190734863,1.0,0.9800000190734863,1.0,2600,0.0,0.0
2024-03-28 00:00:00-04:00,1.0099999904632568,1.0099999904632568,0.9800000190734863,0.9800000190734863,600,0.0,0.0
2024-04-01 00:00:00-04:00,0.9700000286102295,0.9800000190734863,0.9700000286102295,0.9800000190734863,500,0.0,0.0
2024-04-02 00:00:00-04:00,0.9900000095367432,1.1039999723434448,0.9599999785423279,0.9599999785423279,22900,0.0,0.0
2024-04-03 00:00:00-04:00,0.9700000286102295,1.0299999713897705,0.9700000286102295,1.0299999713897705,1200,0.0,0.0
2024-04-04 00:00:00-04:00,0.9800000190734863,0.9800000190734863,0.9800000190734863,0.9800000190734863,300,0.0,0.0
2024-04-05 00:00:00-04:00,0.9700000286102295,0.9700000286102295,0.9599999785423279,0.9599999785423279,600,0.0,0.0
2024-04-08 00:00:00-04:00,0.9599999785423279,0.9599999785423279,0.949999988079071,0.9599999785423279,3600,0.0,0.0
2024-04-09 00:00:00-04:00,0.9599999785423279,0.9599999785423279,0.9599999785423279,0.9599999785423279,0,0.0,0.0
2024-04-10 00:00:00-04:00,0.9599999785423279,0.9599999785423279,0.9599999785423279,0.9599999785423279,600,0.0,0.0
2024-04-11 00:00:00-04:00,0.9800000190734863,0.9800000190734863,0.9800000190734863,0.9800000190734863,500,0.0,0.0
2024-04-12 00:00:00-04:00,1.0399999618530273,1.0399999618530273,1.0399999618530273,1.0399999618530273,200,0.0,0.0
2024-04-15 00:00:00-04:00,0.9800000190734863,0.9800000190734863,0.9800000190734863,0.9800000190734863,2700,0.0,0.0
2024-04-16 00:00:00-04:00,0.9700000286102295,0.9900000095367432,0.9700000286102295,0.9700000286102295,2800,0.0,0.0
2024-04-17 00:00:00-04:00,0.9700000286102295,0.9900000095367432,0.9700000286102295,0.9800000190734863,1000,0.0,0.0
2024-04-18 00:00:00-04:00,0.9700000286102295,0.9800000190734863,0.9700000286102295,0.9800000190734863,300,0.0,0.0
2024-04-19 00:00:00-04:00,1.0,1.0,0.9399999976158142,0.9900000095367432,7300,0.0,0.0
2024-04-22 00:00:00-04:00,0.9990000128746033,0.9990000128746033,0.949999988079071,0.9739999771118164,1400,0.0,0.0
2024-04-23 00:00:00-04:00,1.0,1.0,0.9399999976158142,0.9399999976158142,900,0.0,0.0
2024-04-24 00:00:00-04:00,0.9399999976158142,0.9399999976158142,0.9300000071525574,0.9300000071525574,2400,0.0,0.0
2024-04-25 00:00:00-04:00,0.9520000219345093,0.9520000219345093,0.9300000071525574,0.9300000071525574,2100,0.0,0.0
2024-04-26 00:00:00-04:00,0.9200000166893005,0.9399999976158142,0.9200000166893005,0.9399999976158142,4200,0.0,0.0
2024-04-29 00:00:00-04:00,0.9160000085830688,0.9160000085830688,0.9100000262260437,0.9100000262260437,600,0.0,0.0
2024-04-30 00:00:00-04:00,0.9100000262260437,0.9100000262260437,0.8999999761581421,0.902999997138977,3100,0.0,0.0
2024-05-01 00:00:00-04:00,0.9900000095367432,0.9900000095367432,0.949999988079071,0.949999988079071,1300,0.0,0.0
2024-05-02 00:00:00-04:00,0.8999999761581421,0.9900000095367432,0.8999999761581421,0.9259999990463257,2000,0.0,0.0
2024-05-03 00:00:00-04:00,0.9829999804496765,0.9829999804496765,0.9829999804496765,0.9829999804496765,400,0.0,0.0
2024-05-06 00:00:00-04:00,0.8999999761581421,0.8999999761581421,0.8999999761581421,0.8999999761581421,600,0.0,0.0
2024-05-07 00:00:00-04:00,0.9399999976158142,0.9399999976158142,0.8999999761581421,0.8999999761581421,3600,0.0,0.0
2024-05-08 00:00:00-04:00,0.8999999761581421,0.8999999761581421,0.8999999761581421,0.8999999761581421,0,0.0,0.0
2024-05-09 00:00:00-04:00,0.9200000166893005,0.9200000166893005,0.9200000166893005,0.9200000166893005,1900,0.0,0.0
2024-05-10 00:00:00-04:00,0.949999988079071,1.0,0.8899999856948853,0.8899999856948853,4400,0.0,0.0
2024-05-13 00:00:00-04:00,0.8999999761581421,0.9869999885559082,0.8899999856948853,0.9869999885559082,3200,0.0,0.0
2024-05-14 00:00:00-04:00,0.9869999885559082,0.9869999885559082,0.9869999885559082,0.9869999885559082,300,0.0,0.0
2024-05-15 00:00:00-04:00,0.8899999856948853,0.8899999856948853,0.8899999856948853,0.8899999856948853,200,0.0,0.0
2024-05-16 00:00:00-04:00,0.8899999856948853,0.8899999856948853,0.8899999856948853,0.8899999856948853,0,0.0,0.0
2024-05-17 00:00:00-04:00,0.9829999804496765,0.9829999804496765,0.890999972820282,0.9459999799728394,1200,0.0,0.0
2024-05-20 00:00:00-04:00,0.8899999856948853,0.9459999799728394,0.8899999856948853,0.9459999799728394,4800,0.0,0.0
2024-05-21 00:00:00-04:00,1.0,1.0,1.0,1.0,300,0.0,0.0
2024-05-22 00:00:00-04:00,0.9800000190734863,1.0,0.9789999723434448,1.0,400,0.0,0.0
2024-05-23 00:00:00-04:00,0.8899999856948853,0.8999999761581421,0.8899999856948853,0.8899999856948853,10700,0.0,0.0
2024-05-24 00:00:00-04:00,0.8899999856948853,0.9900000095367432,0.8899999856948853,0.9900000095367432,1200,0.0,0.0
2024-05-28 00:00:00-04:00,0.8899999856948853,0.9700000286102295,0.8799999952316284,0.9700000286102295,2200,0.0,0.0
2024-05-29 00:00:00-04:00,0.8999999761581421,0.8999999761581421,0.8799999952316284,0.8880000114440918,4400,0.0,0.0
2024-05-30 00:00:00-04:00,0.8799999952316284,0.949999988079071,0.8799999952316284,0.8799999952316284,3100,0.0,0.0
2024-05-31 00:00:00-04:00,0.9240000247955322,0.949999988079071,0.9150000214576721,0.949999988079071,600,0.0,0.0
2024-06-03 00:00:00-04:00,0.8799999952316284,0.9150000214576721,0.8799999952316284,0.9150000214576721,500,0.0,0.0
2024-06-04 00:00:00-04:00,0.9150000214576721,0.9150000214576721,0.9150000214576721,0.9150000214576721,0,0.0,0.0
2024-06-05 00:00:00-04:00,0.949999988079071,0.949999988079071,0.949999988079071,0.949999988079071,300,0.0,0.0
2024-06-06 00:00:00-04:00,0.949999988079071,0.949999988079071,0.949999988079071,0.949999988079071,300,0.0,0.0
2024-06-07 00:00:00-04:00,0.8799999952316284,0.8799999952316284,0.8799999952316284,0.8799999952316284,300,0.0,0.0
2024-06-10 00:00:00-04:00,0.8799999952316284,0.9150000214576721,0.8399999737739563,0.8500000238418579,17200,0.0,0.0
2024-06-11 00:00:00-04:00,0.8500000238418579,0.9100000262260437,0.800000011920929,0.9100000262260437,7800,0.0,0.0
2024-06-12 00:00:00-04:00,0.8999999761581421,0.8999999761581421,0.800000011920929,0.8550000190734863,6200,0.0,0.0
2024-06-13 00:00:00-04:00,0.800000011920929,0.8009999990463257,0.6700000166893005,0.7099999785423279,45400,0.0,0.0
2024-06-14 00:00:00-04:00,0.7099999785423279,0.7599999904632568,0.6899999976158142,0.7599999904632568,3000,0.0,0.0
2024-06-17 00:00:00-04:00,0.7599999904632568,0.7699999809265137,0.7300000190734863,0.7300000190734863,1400,0.0,0.0
2024-06-18 00:00:00-04:00,0.703000009059906,0.7300000190734863,0.675000011920929,0.7300000190734863,2000,0.0,0.0
2024-06-20 00:00:00-04:00,0.6740000247955322,0.9100000262260437,0.6740000247955322,0.8199999928474426,20400,0.0,0.0
2024-06-21 00:00:00-04:00,0.8199999928474426,0.8199999928474426,0.8199999928474426,0.8199999928474426,400,0.0,0.0
2024-06-24 00:00:00-04:00,0.7200000286102295,1.0,0.6700000166893005,1.0,15400,0.0,0.0
2024-06-25 00:00:00-04:00,0.9110000133514404,1.0199999809265137,0.8420000076293945,0.9100000262260437,47600,0.0,0.0
2024-06-26 00:00:00-04:00,0.8600000143051147,0.8600000143051147,0.8500000238418579,0.8500000238418579,800,0.0,0.0
2024-06-27 00:00:00-04:00,0.7799999713897705,0.902999997138977,0.7770000100135803,0.902999997138977,1000,0.0,0.0
2024-06-28 00:00:00-04:00,0.7940000295639038,0.8790000081062317,0.7900000214576721,0.8690000176429749,800,0.0,0.0
2024-07-01 00:00:00-04:00,0.8529999852180481,0.8529999852180481,0.7699999809265137,0.8299999833106995,7300,0.0,0.0
2024-07-02 00:00:00-04:00,0.7799999713897705,0.8519999980926514,0.7699999809265137,0.8519999980926514,4000,0.0,0.0
2024-07-03 00:00:00-04:00,0.8339999914169312,0.8339999914169312,0.8019999861717224,0.8339999914169312,900,0.0,0.0
2024-07-05 00:00:00-04:00,0.7699999809265137,0.8180000185966492,0.7699999809265137,0.8180000185966492,500,0.0,0.0
2024-07-08 00:00:00-04:00,0.8180000185966492,0.8180000185966492,0.8180000185966492,0.8180000185966492,300,0.0,0.0
2024-07-09 00:00:00-04:00,0.9399999976158142,0.949999988079071,0.8299999833106995,0.8299999833106995,1400,0.0,0.0
2024-07-10 00:00:00-04:00,0.9100000262260437,0.9290000200271606,0.7670000195503235,0.8379999995231628,3000,0.0,0.0
2024-07-11 00:00:00-04:00,0.9599999785423279,0.9599999785423279,0.8799999952316284,0.8799999952316284,700,0.0,0.0
2024-07-12 00:00:00-04:00,0.9399999976158142,0.9399999976158142,0.9399999976158142,0.9399999976158142,500,0.0,0.0
2024-07-15 00:00:00-04:00,0.8500000238418579,0.9599999785423279,0.8500000238418579,0.8920000195503235,1900,0.0,0.0
2024-07-16 00:00:00-04:00,0.8920000195503235,0.8920000195503235,0.8920000195503235,0.8920000195503235,400,0.0,0.0
2024-07-17 00:00:00-04:00,0.875,0.9599999785423279,0.8500000238418579,0.8500000238418579,600,0.0,0.0
2024-07-18 00:00:00-04:00,0.8450000286102295,0.8450000286102295,0.8450000286102295,0.8450000286102295,1900,0.0,0.0
2024-07-19 00:00:00-04:00,0.8999999761581421,1.0499999523162842,0.8999999761581421,0.9670000076293945,4400,0.0,0.0
2024-07-22 00:00:00-04:00,0.8349999785423279,0.8600000143051147,0.8349999785423279,0.8600000143051147,700,0.0,0.0
2024-07-23 00:00:00-04:00,0.8450000286102295,0.8820000290870667,0.8399999737739563,0.8399999737739563,5800,0.0,0.0
2024-07-24 00:00:00-04:00,0.8399999737739563,0.8479999899864197,0.8399999737739563,0.8479999899864197,600,0.0,0.0
2024-07-25 00:00:00-04:00,0.9350000023841858,0.9800000190734863,0.8199999928474426,0.8389999866485596,3000,0.0,0.0
2024-07-26 00:00:00-04:00,0.8299999833106995,0.8299999833106995,0.75,0.7879999876022339,2500,0.0,0.0
2024-07-29 00:00:00-04:00,0.7900000214576721,0.8500000238418579,0.7900000214576721,0.8500000238418579,700,0.0,0.0
2024-07-30 00:00:00-04:00,0.8169999718666077,0.8169999718666077,0.75,0.75,1700,0.0,0.0
2024-07-31 00:00:00-04:00,0.722000002861023,0.777999997138977,0.722000002861023,0.777999997138977,800,0.0,0.0
2024-08-01 00:00:00-04:00,0.777999997138977,0.777999997138977,0.777999997138977,0.777999997138977,0,0.0,0.0
2024-08-02 00:00:00-04:00,0.777999997138977,0.777999997138977,0.777999997138977,0.777999997138977,200,0.0,0.0
2024-08-05 00:00:00-04:00,0.7210000157356262,0.7390000224113464,0.6809999942779541,0.6809999942779541,4600,0.0,0.0
2024-08-06 00:00:00-04:00,0.671999990940094,0.671999990940094,0.671999990940094,0.671999990940094,900,0.0,0.0
2024-08-07 00:00:00-04:00,0.671999990940094,0.671999990940094,0.671999990940094,0.671999990940094,0,0.0,0.0
2024-08-08 00:00:00-04:00,0.6899999976158142,0.7599999904632568,0.6899999976158142,0.718999981880188,1200,0.0,0.0
2024-08-09 00:00:00-04:00,0.718999981880188,0.718999981880188,0.718999981880188,0.718999981880188,0,0.0,0.0
2024-08-12 00:00:00-04:00,0.7179999947547913,0.7179999947547913,0.7179999947547913,0.7179999947547913,1000,0.0,0.0
2024-08-13 00:00:00-04:00,0.7170000076293945,0.7170000076293945,0.7170000076293945,0.7170000076293945,1900,0.0,0.0
2024-08-14 00:00:00-04:00,0.7170000076293945,0.7170000076293945,0.7170000076293945,0.7170000076293945,0,0.0,0.0
2024-08-15 00:00:00-04:00,0.7179999947547913,0.7179999947547913,0.7170000076293945,0.7170000076293945,200,0.0,0.0
2024-08-16 00:00:00-04:00,0.7409999966621399,0.7409999966621399,0.7409999966621399,0.7409999966621399,200,0.0,0.0
2024-08-19 00:00:00-04:00,0.7170000076293945,0.7170000076293945,0.7170000076293945,0.7170000076293945,300,0.0,0.0
2024-08-20 00:00:00-04:00,0.7179999947547913,0.8199999928474426,0.7179999947547913,0.8199999928474426,300,0.0,0.0
2024-08-21 00:00:00-04:00,0.7179999947547913,0.8299999833106995,0.7179999947547913,0.8299999833106995,300,0.0,0.0
2024-08-22 00:00:00-04:00,0.8399999737739563,0.8399999737739563,0.8399999737739563,0.8399999737739563,200,0.0,0.0
2024-08-23 00:00:00-04:00,0.8399999737739563,0.8399999737739563,0.8399999737739563,0.8399999737739563,0,0.0,0.0
2024-08-26 00:00:00-04:00,0.7179999947547913,0.8399999737739563,0.6110000014305115,0.7409999966621399,16400,0.0,0.0
2024-08-27 00:00:00-04:00,0.7409999966621399,0.7409999966621399,0.7409999966621399,0.7409999966621399,500,0.0,0.0
2024-08-28 00:00:00-04:00,0.8289999961853027,0.8299999833106995,0.7020000219345093,0.8199999928474426,1000,0.0,0.0
2024-08-29 00:00:00-04:00,0.7020000219345093,0.7599999904632568,0.7009999752044678,0.7009999752044678,5600,0.0,0.0
2024-08-30 00:00:00-04:00,0.5830000042915344,0.7440000176429749,0.5830000042915344,0.6800000071525574,8300,0.0,0.0
2024-09-03 00:00:00-04:00,0.6190000176429749,0.6389999985694885,0.6190000176429749,0.6389999985694885,600,0.0,0.0
2024-09-04 00:00:00-04:00,0.6899999976158142,0.8700000047683716,0.6430000066757202,0.8349999785423279,41200,0.0,0.0
2024-09-05 00:00:00-04:00,0.7110000252723694,0.8299999833106995,0.7110000252723694,0.8289999961853027,5400,0.0,0.0
2024-09-06 00:00:00-04:00,0.8199999928474426,0.8199999928474426,0.800000011920929,0.800000011920929,2000,0.0,0.0
2024-09-09 00:00:00-04:00,0.800000011920929,0.9399999976158142,0.75,0.9200000166893005,35900,0.0,0.0
2024-09-10 00:00:00-04:00,0.8799999952316284,1.065000057220459,0.8190000057220459,1.065000057220459,17800,0.0,0.0
2024-09-11 00:00:00-04:00,1.0499999523162842,1.059999942779541,1.0399999618530273,1.059999942779541,4700,0.0,0.0
2024-09-12 00:00:00-04:00,1.059999942779541,1.059999942779541,1.0509999990463257,1.0509999990463257,1000,0.0,0.0
2024-09-13 00:00:00-04:00,1.0820000171661377,1.1200000047683716,1.059999942779541,1.0800000429153442,5300,0.0,0.0
2024-09-16 00:00:00-04:00,1.0850000381469727,1.0850000381469727,1.0499999523162842,1.0499999523162842,1600,0.0,0.0
2024-09-17 00:00:00-04:00,1.0,1.100000023841858,1.0,1.0190000534057617,4300,0.0,0.0
2024-09-18 00:00:00-04:00,0.9010000228881836,1.1100000143051147,0.9010000228881836,1.0499999523162842,6200,0.0,0.0
2024-09-19 00:00:00-04:00,1.059999942779541,1.059999942779541,1.0499999523162842,1.0509999990463257,2900,0.0,0.0
2024-09-20 00:00:00-04:00,1.100000023841858,1.100000023841858,0.9800000190734863,1.0499999523162842,7300,0.0,0.0
2024-09-23 00:00:00-04:00,1.0199999809265137,1.1019999980926514,0.9599999785423279,1.090000033378601,7900,0.0,0.0
2024-09-24 00:00:00-04:00,1.0099999904632568,1.1200000047683716,1.0099999904632568,1.1100000143051147,1400,0.0,0.0
2024-09-25 00:00:00-04:00,1.1109999418258667,1.2999999523162842,1.0499999523162842,1.0499999523162842,22700,0.0,0.0
2024-09-26 00:00:00-04:00,1.2200000286102295,1.2400000095367432,0.9900000095367432,1.059999942779541,2600,0.0,0.0
2024-09-27 00:00:00-04:00,1.2000000476837158,1.2000000476837158,0.9959999918937683,0.9959999918937683,4500,0.0,0.0
2024-09-30 00:00:00-04:00,0.8100000023841858,1.0299999713897705,0.8100000023841858,1.0199999809265137,7200,0.0,0.0
2024-10-01 00:00:00-04:00,0.9409999847412109,1.00600004196167,0.8600000143051147,0.9079999923706055,15900,0.0,0.0
2024-10-02 00:00:00-04:00,0.9179999828338623,0.9179999828338623,0.734000027179718,0.7699999809265137,9100,0.0,0.0
2024-10-03 00:00:00-04:00,0.8109999895095825,1.1200000047683716,0.8100000023841858,0.9350000023841858,10900,0.0,0.0
2024-10-04 00:00:00-04:00,1.0199999809265137,1.0199999809265137,0.9020000100135803,0.9390000104904175,6800,0.0,0.0
2024-10-07 00:00:00-04:00,0.9390000104904175,0.9390000104904175,0.800000011920929,0.8619999885559082,1900,0.0,0.0
2024-10-08 00:00:00-04:00,0.8199999928474426,0.8199999928474426,0.8199999928474426,0.8199999928474426,200,0.0,0.0
2024-10-09 00:00:00-04:00,0.8100000023841858,0.8100000023841858,0.8100000023841858,0.8100000023841858,300,0.0,0.0
2024-10-10 00:00:00-04:00,0.7799999713897705,0.7799999713897705,0.7799999713897705,0.7799999713897705,200,0.0,0.0
2024-10-11 00:00:00-04:00,0.7979999780654907,1.5,0.7639999985694885,1.2200000286102295,3856400,0.0,0.0
2024-10-14 00:00:00-04:00,1.2300000190734863,1.2799999713897705,0.9649999737739563,1.0,211000,0.0,0.0
2024-10-15 00:00:00-04:00,1.0099999904632568,1.149999976158142,0.800000011920929,0.8650000095367432,98900,0.0,0.0
2024-10-16 00:00:00-04:00,0.9300000071525574,1.0,0.8500000238418579,0.8999999761581421,22300,0.0,0.0
2024-10-17 00:00:00-04:00,0.8510000109672546,0.8949999809265137,0.8510000109672546,0.8939999938011169,8300,0.0,0.0
2024-10-18 00:00:00-04:00,0.8799999952316284,0.9210000038146973,0.8500000238418579,0.8500000238418579,10200,0.0,0.0
2024-10-21 00:00:00-04:00,0.8849999904632568,0.9380000233650208,0.8500000238418579,0.8550000190734863,4300,0.0,0.0
2024-10-22 00:00:00-04:00,0.9430000185966492,0.9509999752044678,0.8999999761581421,0.9020000100135803,17500,0.0,0.0
2024-10-23 00:00:00-04:00,0.9449999928474426,0.9729999899864197,0.8169999718666077,0.8700000047683716,20200,0.0,0.0
2024-10-24 00:00:00-04:00,0.9139999747276306,0.9440000057220459,0.8100000023841858,0.8610000014305115,14200,0.0,0.0
2024-10-25 00:00:00-04:00,0.9380000233650208,0.9380000233650208,0.8109999895095825,0.8640000224113464,6000,0.0,0.0
2024-10-28 00:00:00-04:00,0.949999988079071,0.949999988079071,0.800000011920929,0.8500000238418579,16400,0.0,0.0
2024-10-29 00:00:00-04:00,0.871999979019165,0.8999999761581421,0.8309999704360962,0.8309999704360962,3300,0.0,0.0
2024-10-30 00:00:00-04:00,0.8450000286102295,0.871999979019165,0.800000011920929,0.871999979019165,2500,0.0,0.0
2024-10-31 00:00:00-04:00,0.8700000047683716,0.8700000047683716,0.8700000047683716,0.8700000047683716,1700,0.0,0.0
2024-11-01 00:00:00-04:00,0.949999988079071,0.949999988079071,0.871999979019165,0.871999979019165,2800,0.0,0.0
2024-11-04 00:00:00-05:00,0.800000011920929,0.8399999737739563,0.800000011920929,0.8100000023841858,3300,0.0,0.0
2024-11-05 00:00:00-05:00,0.8320000171661377,0.9300000071525574,0.8100000023841858,0.9300000071525574,4900,0.0,0.0
2024-11-06 00:00:00-05:00,0.828000009059906,0.828000009059906,0.800000011920929,0.800000011920929,6400,0.0,0.0
2024-11-07 00:00:00-05:00,0.7889999747276306,0.8999999761581421,0.7889999747276306,0.8820000290870667,4400,0.0,0.0
2024-11-08 00:00:00-05:00,0.8299999833106995,0.8600000143051147,0.8299999833106995,0.8600000143051147,1900,0.0,0.0
2024-11-11 00:00:00-05:00,0.8199999928474426,1.2300000190734863,0.6700000166893005,0.699999988079071,263300,0.0,0.0
2024-11-12 00:00:00-05:00,0.7549999952316284,0.8600000143051147,0.6499999761581421,0.6710000038146973,49400,0.0,0.0
2024-11-13 00:00:00-05:00,0.6700000166893005,0.7400000095367432,0.6700000166893005,0.699999988079071,10100,0.0,0.0
2024-11-14 00:00:00-05:00,0.6809999942779541,0.7979999780654907,0.6209999918937683,0.6800000071525574,5300,0.0,0.0
2024-11-15 00:00:00-05:00,0.6499999761581421,0.6949999928474426,0.6499999761581421,0.6499999761581421,6000,0.0,0.0
2024-11-18 00:00:00-05:00,0.6209999918937683,0.6539999842643738,0.6209999918937683,0.6299999952316284,2200,0.0,0.0
2024-11-19 00:00:00-05:00,0.6499999761581421,0.6499999761581421,0.6230000257492065,0.6230000257492065,8100,0.0,0.0
2024-11-20 00:00:00-05:00,0.6499999761581421,0.652999997138977,0.6209999918937683,0.652999997138977,6100,0.0,0.0
2024-11-21 00:00:00-05:00,0.6600000262260437,0.6600000262260437,0.652999997138977,0.652999997138977,1700,0.0,0.0
2024-11-22 00:00:00-05:00,0.6510000228881836,0.6850000023841858,0.6380000114440918,0.6380000114440918,3000,0.0,0.0
2024-11-25 00:00:00-05:00,0.6990000009536743,0.699999988079071,0.6200000047683716,0.6759999990463257,12500,0.0,0.0
2024-11-26 00:00:00-05:00,0.6200000047683716,0.6650000214576721,0.6200000047683716,0.6200000047683716,5500,0.0,0.0
2024-11-27 00:00:00-05:00,0.6200000047683716,0.6200000047683716,0.6200000047683716,0.6200000047683716,400,0.0,0.0
2024-11-29 00:00:00-05:00,0.6299999952316284,0.6650000214576721,0.6200000047683716,0.6499999761581421,4700,0.0,0.0
2024-12-02 00:00:00-05:00,0.6899999976158142,0.75,0.6700000166893005,0.7200000286102295,10500,0.0,0.0
2024-12-03 00:00:00-05:00,0.6269999742507935,0.7200000286102295,0.6100000143051147,0.6499999761581421,12200,0.0,0.0
2024-12-04 00:00:00-05:00,0.6100000143051147,0.7099999785423279,0.6100000143051147,0.7099999785423279,1900,0.0,0.0
2024-12-05 00:00:00-05:00,0.6399999856948853,0.7200000286102295,0.6320000290870667,0.699999988079071,3500,0.0,0.0
2024-12-06 00:00:00-05:00,0.7099999785423279,0.7099999785423279,0.6800000071525574,0.6800000071525574,1500,0.0,0.0
2024-12-09 00:00:00-05:00,0.7099999785423279,0.7099999785423279,0.6800000071525574,0.6800000071525574,900,0.0,0.0
2024-12-10 00:00:00-05:00,0.7099999785423279,0.7200000286102295,0.6800000071525574,0.6800000071525574,2000,0.0,0.0
2024-12-11 00:00:00-05:00,0.7099999785423279,0.7699999809265137,0.7099999785423279,0.7400000095367432,16800,0.0,0.0
2024-12-12 00:00:00-05:00,0.7300000190734863,0.7400000095367432,0.699999988079071,0.699999988079071,4100,0.0,0.0
2024-12-13 00:00:00-05:00,0.7749999761581421,1.25,0.7099999785423279,0.800000011920929,6808500,0.0,0.0
2024-12-16 00:00:00-05:00,0.7620000243186951,0.7839999794960022,0.6909999847412109,0.6909999847412109,308200,0.0,0.0
2024-12-17 00:00:00-05:00,0.6420000195503235,0.6740000247955322,0.5989999771118164,0.6399999856948853,110400,0.0,0.0
2024-12-18 00:00:00-05:00,0.699999988079071,0.7900000214576721,0.6600000262260437,0.7200000286102295,169500,0.0,0.0
2024-12-19 00:00:00-05:00,0.7400000095367432,0.7799999713897705,0.703000009059906,0.7689999938011169,160700,0.0,0.0
2024-12-20 00:00:00-05:00,0.7400000095367432,0.9160000085830688,0.7179999947547913,0.8299999833106995,143700,0.0,0.0
2024-12-23 00:00:00-05:00,0.8299999833106995,0.9800000190734863,0.7879999876022339,0.9309999942779541,200300,0.0,0.0
2024-12-24 00:00:00-05:00,0.9309999942779541,0.9900000095367432,0.8009999990463257,0.8009999990463257,104200,0.0,0.0
2024-12-26 00:00:00-05:00,0.7799999713897705,0.9700000286102295,0.7799999713897705,0.8830000162124634,89900,0.0,0.0
2024-12-27 00:00:00-05:00,0.9190000295639038,1.0800000429153442,0.9190000295639038,0.9520000219345093,167300,0.0,0.0
2024-12-30 00:00:00-05:00,0.9330000281333923,1.149999976158142,0.921999990940094,1.1299999952316284,140100,0.0,0.0
2024-12-31 00:00:00-05:00,1.100000023841858,1.2899999618530273,1.0010000467300415,1.0709999799728394,174200,0.0,0.0
2025-01-02 00:00:00-05:00,1.0499999523162842,1.4600000381469727,1.0499999523162842,1.402999997138977,148700,0.0,0.0
2025-01-03 00:00:00-05:00,1.3600000143051147,1.5,1.3600000143051147,1.4500000476837158,58300,0.0,0.0
2025-01-06 00:00:00-05:00,1.440000057220459,1.5700000524520874,1.218000054359436,1.4049999713897705,40800,0.0,0.0
2025-01-07 00:00:00-05:00,1.3600000143051147,1.5509999990463257,1.309999942779541,1.4049999713897705,16300,0.0,0.0
2025-01-08 00:00:00-05:00,1.4559999704360962,1.5499999523162842,1.399999976158142,1.5,49300,0.0,0.0
2025-01-10 00:00:00-05:00,1.4500000476837158,2.1500000953674316,1.440000057220459,1.8799999952316284,307700,0.0,0.0
2025-01-13 00:00:00-05:00,1.75,2.5,1.75,2.1549999713897705,155900,0.0,0.0
2025-01-14 00:00:00-05:00,2.3499999046325684,2.3499999046325684,1.7699999809265137,1.909999966621399,97400,0.0,0.0
2025-01-15 00:00:00-05:00,1.8799999952316284,2.2179999351501465,1.7300000190734863,1.7920000553131104,85800,0.0,0.0
2025-01-16 00:00:00-05:00,1.8700000047683716,1.9600000381469727,1.5,1.5,81600,0.0,0.0
2025-01-17 00:00:00-05:00,1.7899999618530273,2.1500000953674316,1.649999976158142,1.7999999523162842,169900,0.0,0.0
