Date,Open,High,Low,Close,Volume,Dividends,Stock Splits
2022-01-03 00:00:00-05:00,13.170000076293945,13.479999542236328,13.119999885559082,13.210000038146973,388600,0.0,0.0
2022-01-04 00:00:00-05:00,13.300000190734863,13.449999809265137,13.119999885559082,13.25,245400,0.0,0.0
2022-01-05 00:00:00-05:00,13.369999885559082,13.430000305175781,12.75,12.779999732971191,213000,0.0,0.0
2022-01-06 00:00:00-05:00,12.90999984741211,12.9399995803833,12.510000228881836,12.59000015258789,399600,0.0,0.0
2022-01-07 00:00:00-05:00,12.550000190734863,12.779999732971191,12.510000228881836,12.75,205500,0.0,0.0
2022-01-10 00:00:00-05:00,12.680000305175781,12.779999732971191,12.229999542236328,12.609999656677246,479800,0.0,0.0
2022-01-11 00:00:00-05:00,12.720000267028809,13.020000457763672,12.649999618530273,12.899999618530273,264300,0.0,0.0
2022-01-12 00:00:00-05:00,12.960000038146973,13.024999618530273,12.649999618530273,12.65999984741211,199800,0.0,0.0
2022-01-13 00:00:00-05:00,12.760000228881836,12.829999923706055,12.550000190734863,12.579999923706055,184300,0.0,0.0
2022-01-14 00:00:00-05:00,12.430000305175781,12.670000076293945,12.15999984741211,12.25,194500,0.0,0.0
2022-01-18 00:00:00-05:00,12.15999984741211,12.210000038146973,11.770000457763672,11.979999542236328,273900,0.0,0.0
2022-01-19 00:00:00-05:00,12.0,12.140000343322754,11.850000381469727,12.050000190734863,219100,0.0,0.0
2022-01-20 00:00:00-05:00,12.109999656677246,12.470000267028809,11.880000114440918,11.890000343322754,183900,0.0,0.0
2022-01-21 00:00:00-05:00,11.880000114440918,12.286999702453613,11.819999694824219,11.9399995803833,271100,0.0,0.0
2022-01-24 00:00:00-05:00,11.779999732971191,12.420000076293945,11.630000114440918,12.40999984741211,438300,0.0,0.0
2022-01-25 00:00:00-05:00,12.010000228881836,12.520000457763672,11.920000076293945,12.34000015258789,388600,0.0,0.0
2022-01-26 00:00:00-05:00,12.4399995803833,12.9399995803833,12.279999732971191,12.359999656677246,203600,0.0,0.0
2022-01-27 00:00:00-05:00,12.520000457763672,12.680000305175781,12.199999809265137,12.260000228881836,189800,0.0,0.0
2022-01-28 00:00:00-05:00,12.239999771118164,12.609999656677246,12.069999694824219,12.609999656677246,196200,0.0,0.0
2022-01-31 00:00:00-05:00,12.470000267028809,12.869999885559082,12.460000038146973,12.609999656677246,299000,0.0,0.0
2022-02-01 00:00:00-05:00,12.75,13.210000038146973,12.5600004196167,13.180000305175781,375700,0.0,0.0
2022-02-02 00:00:00-05:00,13.09000015258789,13.319999694824219,13.029999732971191,13.100000381469727,222400,0.0,0.0
2022-02-03 00:00:00-05:00,12.970000267028809,13.109999656677246,12.760000228881836,12.8100004196167,254200,0.0,0.0
2022-02-04 00:00:00-05:00,12.710000038146973,13.210000038146973,12.65999984741211,13.130000114440918,140100,0.0,0.0
2022-02-07 00:00:00-05:00,13.130000114440918,13.510000228881836,13.130000114440918,13.470000267028809,130300,0.0,0.0
2022-02-08 00:00:00-05:00,13.220000267028809,13.579999923706055,13.199999809265137,13.359999656677246,179300,0.0,0.0
2022-02-09 00:00:00-05:00,13.319999694824219,13.649999618530273,13.279999732971191,13.4399995803833,255700,0.0,0.0
2022-02-10 00:00:00-05:00,13.210000038146973,13.460000038146973,13.0,13.15999984741211,301300,0.0,0.0
2022-02-11 00:00:00-05:00,13.130000114440918,13.255000114440918,12.770000457763672,12.960000038146973,268000,0.0,0.0
2022-02-14 00:00:00-05:00,13.010000228881836,13.260000228881836,12.9399995803833,13.0,233600,0.0,0.0
2022-02-15 00:00:00-05:00,13.069999694824219,13.289999961853027,12.9399995803833,13.289999961853027,334600,0.0,0.0
2022-02-16 00:00:00-05:00,13.289999961853027,13.619999885559082,13.199999809265137,13.579999923706055,277400,0.0,0.0
2022-02-17 00:00:00-05:00,13.449999809265137,13.630000114440918,13.319999694824219,13.399999618530273,212500,0.0,0.0
2022-02-18 00:00:00-05:00,13.34000015258789,13.520000457763672,13.25,13.270000457763672,177200,0.0,0.0
2022-02-22 00:00:00-05:00,13.220000267028809,13.3100004196167,13.020000457763672,13.029999732971191,169600,0.0,0.0
2022-02-23 00:00:00-05:00,13.029999732971191,13.25,12.949999809265137,13.0,167900,0.0,0.0
2022-02-24 00:00:00-05:00,12.710000038146973,13.1899995803833,12.5,13.1899995803833,196800,0.0,0.0
2022-02-25 00:00:00-05:00,13.199999809265137,13.5600004196167,13.119999885559082,13.529999732971191,147300,0.0,0.0
2022-02-28 00:00:00-05:00,13.359999656677246,13.520000457763672,13.005000114440918,13.09000015258789,294300,0.0,0.0
2022-03-01 00:00:00-05:00,13.0,13.260000228881836,12.949999809265137,13.239999771118164,269700,0.0,0.0
2022-03-02 00:00:00-05:00,13.369999885559082,13.979999542236328,13.369999885559082,13.890000343322754,167200,0.0,0.0
2022-03-03 00:00:00-05:00,13.90999984741211,14.039999961853027,13.380000114440918,13.449999809265137,180200,0.0,0.0
2022-03-04 00:00:00-05:00,13.25,13.630000114440918,13.1850004196167,13.619999885559082,148700,0.0,0.0
2022-03-07 00:00:00-05:00,13.680000305175781,13.680000305175781,12.904999732971191,12.920000076293945,339300,0.0,0.0
2022-03-08 00:00:00-05:00,12.920000076293945,13.100000381469727,12.600000381469727,12.960000038146973,316800,0.0,0.0
2022-03-09 00:00:00-05:00,13.0,13.529999732971191,12.850000381469727,13.199999809265137,393100,0.0,0.0
2022-03-10 00:00:00-05:00,12.9399995803833,13.84000015258789,12.774999618530273,13.489999771118164,275700,0.0,0.0
2022-03-11 00:00:00-05:00,13.489999771118164,13.649999618530273,12.979999542236328,13.069999694824219,162200,0.0,0.0
2022-03-14 00:00:00-04:00,13.15999984741211,13.220000267028809,12.609999656677246,12.710000038146973,303900,0.0,0.0
2022-03-15 00:00:00-04:00,12.600000381469727,13.199999809265137,12.600000381469727,13.039999961853027,150600,0.0,0.0
2022-03-16 00:00:00-04:00,13.210000038146973,13.329999923706055,12.899999618530273,13.149999618530273,240900,0.0,0.0
2022-03-17 00:00:00-04:00,12.989999771118164,13.020000457763672,12.460000038146973,12.989999771118164,332900,0.0,0.0
2022-03-18 00:00:00-04:00,13.020000457763672,13.369999885559082,12.880000114440918,13.350000381469727,262600,0.0,0.0
2022-03-21 00:00:00-04:00,13.199999809265137,13.270000457763672,12.779999732971191,12.90999984741211,245400,0.0,0.0
2022-03-22 00:00:00-04:00,12.979999542236328,13.239999771118164,12.949999809265137,13.020000457763672,159800,0.0,0.0
2022-03-23 00:00:00-04:00,12.920000076293945,13.079999923706055,12.90999984741211,12.949999809265137,148600,0.0,0.0
2022-03-24 00:00:00-04:00,12.930000305175781,13.21500015258789,12.84000015258789,13.069999694824219,103100,0.0,0.0
2022-03-25 00:00:00-04:00,13.020000457763672,13.1899995803833,12.800000190734863,12.859999656677246,96700,0.0,0.0
2022-03-28 00:00:00-04:00,12.729999542236328,12.739999771118164,12.375,12.59000015258789,143000,0.0,0.0
2022-03-29 00:00:00-04:00,12.779999732971191,13.149999618530273,12.779999732971191,13.0600004196167,125600,0.0,0.0
2022-03-30 00:00:00-04:00,13.0600004196167,13.0600004196167,12.270000457763672,12.369999885559082,227400,0.0,0.0
2022-03-31 00:00:00-04:00,12.40999984741211,12.489999771118164,12.140000343322754,12.180000305175781,145500,0.0,0.0
2022-04-01 00:00:00-04:00,12.09000015258789,12.529999732971191,11.979999542236328,12.529999732971191,268700,0.0,0.0
2022-04-04 00:00:00-04:00,12.579999923706055,12.960000038146973,12.430000305175781,12.819999694824219,178200,0.0,0.0
2022-04-05 00:00:00-04:00,12.800000190734863,12.848999977111816,12.489999771118164,12.529999732971191,183300,0.0,0.0
2022-04-06 00:00:00-04:00,12.399999618530273,12.399999618530273,12.010000228881836,12.1899995803833,205300,0.0,0.0
2022-04-07 00:00:00-04:00,12.069999694824219,12.229999542236328,11.84000015258789,11.920000076293945,230900,0.0,0.0
2022-04-08 00:00:00-04:00,11.859999656677246,11.989999771118164,11.640000343322754,11.800000190734863,276800,0.0,0.0
2022-04-11 00:00:00-04:00,11.800000190734863,12.170000076293945,11.800000190734863,11.869999885559082,120000,0.0,0.0
2022-04-12 00:00:00-04:00,11.979999542236328,12.239999771118164,11.970000267028809,11.989999771118164,138900,0.0,0.0
2022-04-13 00:00:00-04:00,12.0600004196167,12.579999923706055,12.050000190734863,12.489999771118164,161000,0.0,0.0
2022-04-14 00:00:00-04:00,12.489999771118164,12.65999984741211,12.369999885559082,12.550000190734863,173900,0.0,0.0
2022-04-18 00:00:00-04:00,12.5,12.569999694824219,12.359999656677246,12.430000305175781,144900,0.0,0.0
2022-04-19 00:00:00-04:00,12.510000228881836,12.739999771118164,12.510000228881836,12.529999732971191,160700,0.0,0.0
2022-04-20 00:00:00-04:00,12.649999618530273,12.710000038146973,12.460000038146973,12.5600004196167,107900,0.0,0.0
2022-04-21 00:00:00-04:00,12.720000267028809,12.800000190734863,12.399999618530273,12.420000076293945,154700,0.0,0.0
2022-04-22 00:00:00-04:00,12.319999694824219,12.510000228881836,11.949999809265137,12.010000228881836,124200,0.0,0.0
2022-04-25 00:00:00-04:00,11.880000114440918,12.25,11.779999732971191,12.1899995803833,192300,0.0,0.0
2022-04-26 00:00:00-04:00,12.0600004196167,12.149999618530273,11.710000038146973,11.770000457763672,170000,0.0,0.0
2022-04-27 00:00:00-04:00,11.6899995803833,11.90999984741211,11.5600004196167,11.649999618530273,161800,0.0,0.0
2022-04-28 00:00:00-04:00,11.789999961853027,12.119999885559082,11.5600004196167,12.020000457763672,168600,0.0,0.0
2022-04-29 00:00:00-04:00,11.90999984741211,12.260000228881836,11.770000457763672,11.829999923706055,198600,0.0,0.0
2022-05-02 00:00:00-04:00,11.829999923706055,12.470000267028809,11.770000457763672,12.460000038146973,353400,0.0,0.0
2022-05-03 00:00:00-04:00,12.539999961853027,12.579999923706055,12.15999984741211,12.220000267028809,303300,0.0,0.0
2022-05-04 00:00:00-04:00,12.199999809265137,12.399999618530273,11.845000267028809,12.350000381469727,287100,0.0,0.0
2022-05-05 00:00:00-04:00,11.729999542236328,12.039999961853027,10.944999694824219,11.010000228881836,386900,0.0,0.0
2022-05-06 00:00:00-04:00,10.890000343322754,10.890000343322754,10.369999885559082,10.449999809265137,396900,0.0,0.0
2022-05-09 00:00:00-04:00,10.279999732971191,10.699999809265137,10.039999961853027,10.25,493500,0.0,0.0
2022-05-10 00:00:00-04:00,10.430000305175781,10.619999885559082,10.005000114440918,10.380000114440918,255000,0.0,0.0
2022-05-11 00:00:00-04:00,10.4399995803833,10.899999618530273,10.319999694824219,10.399999618530273,291700,0.0,0.0
2022-05-12 00:00:00-04:00,10.390000343322754,10.710000038146973,10.244999885559082,10.539999961853027,219700,0.0,0.0
2022-05-13 00:00:00-04:00,10.739999771118164,11.149999618530273,10.729999542236328,10.949999809265137,166500,0.0,0.0
2022-05-16 00:00:00-04:00,10.720000267028809,11.010000228881836,10.430000305175781,10.479999542236328,166800,0.0,0.0
2022-05-17 00:00:00-04:00,10.680000305175781,10.930000305175781,10.65999984741211,10.869999885559082,249700,0.0,0.0
2022-05-18 00:00:00-04:00,10.699999809265137,10.920000076293945,10.460000038146973,10.510000228881836,441900,0.0,0.0
2022-05-19 00:00:00-04:00,10.270000457763672,10.5600004196167,10.180000305175781,10.329999923706055,193600,0.0,0.0
2022-05-20 00:00:00-04:00,10.460000038146973,10.520000457763672,10.109999656677246,10.3100004196167,179800,0.0,0.0
2022-05-23 00:00:00-04:00,10.34000015258789,10.524999618530273,10.1850004196167,10.329999923706055,211500,0.0,0.0
2022-05-24 00:00:00-04:00,10.220000267028809,10.34000015258789,9.850000381469727,9.989999771118164,233100,0.0,0.0
2022-05-25 00:00:00-04:00,9.869999885559082,10.515000343322754,9.869999885559082,10.369999885559082,158700,0.0,0.0
2022-05-26 00:00:00-04:00,10.520000457763672,10.800000190734863,10.520000457763672,10.640000343322754,239800,0.0,0.0
2022-05-27 00:00:00-04:00,10.65999984741211,10.899999618530273,10.649999618530273,10.760000228881836,254100,0.0,0.0
2022-05-31 00:00:00-04:00,10.699999809265137,10.885000228881836,10.569999694824219,10.829999923706055,360300,0.0,0.0
2022-06-01 00:00:00-04:00,10.829999923706055,10.895000457763672,10.550000190734863,10.710000038146973,165000,0.0,0.0
2022-06-02 00:00:00-04:00,10.789999961853027,11.09000015258789,10.789999961853027,11.020000457763672,218200,0.0,0.0
2022-06-03 00:00:00-04:00,10.890000343322754,11.119999885559082,10.739999771118164,10.930000305175781,260900,0.0,0.0
2022-06-06 00:00:00-04:00,10.819999694824219,11.180000305175781,10.819999694824219,10.979999542236328,224600,0.0,0.0
2022-06-07 00:00:00-04:00,10.899999618530273,11.0600004196167,10.875,10.930000305175781,175700,0.0,0.0
2022-06-08 00:00:00-04:00,10.850000381469727,11.050000190734863,10.850000381469727,10.890000343322754,133500,0.0,0.0
2022-06-09 00:00:00-04:00,10.800000190734863,10.800000190734863,10.630000114440918,10.649999618530273,166900,0.0,0.0
2022-06-10 00:00:00-04:00,10.479999542236328,10.609999656677246,10.25,10.260000228881836,141500,0.0,0.0
2022-06-13 00:00:00-04:00,9.989999771118164,10.119999885559082,9.779999732971191,9.989999771118164,250200,0.0,0.0
2022-06-14 00:00:00-04:00,9.970000267028809,10.300000190734863,9.970000267028809,10.229999542236328,187700,0.0,0.0
2022-06-15 00:00:00-04:00,10.329999923706055,10.640000343322754,10.329999923706055,10.40999984741211,222200,0.0,0.0
2022-06-16 00:00:00-04:00,10.119999885559082,10.199999809265137,9.90999984741211,10.0,253500,0.0,0.0
2022-06-17 00:00:00-04:00,10.100000381469727,10.399999618530273,10.039999961853027,10.3100004196167,282700,0.0,0.0
2022-06-21 00:00:00-04:00,10.600000381469727,10.682000160217285,10.399999618530273,10.40999984741211,204300,0.0,0.0
2022-06-22 00:00:00-04:00,10.369999885559082,10.65999984741211,10.369999885559082,10.5600004196167,148800,0.0,0.0
2022-06-23 00:00:00-04:00,10.5600004196167,10.6899995803833,10.51099967956543,10.619999885559082,165700,0.0,0.0
2022-06-24 00:00:00-04:00,10.720000267028809,11.024999618530273,10.710000038146973,11.0,282100,0.0,0.0
2022-06-27 00:00:00-04:00,11.09000015258789,11.119999885559082,10.899999618530273,10.9399995803833,164000,0.0,0.0
2022-06-28 00:00:00-04:00,11.039999961853027,11.289999961853027,10.789999961853027,10.819999694824219,135200,0.0,0.0
2022-06-29 00:00:00-04:00,10.8100004196167,10.819999694824219,10.680000305175781,10.710000038146973,153100,0.0,0.0
2022-06-30 00:00:00-04:00,10.539999961853027,10.729999542236328,10.4399995803833,10.619999885559082,164800,0.0,0.0
2022-07-01 00:00:00-04:00,10.609999656677246,11.170000076293945,10.569999694824219,11.140000343322754,326100,0.0,0.0
2022-07-05 00:00:00-04:00,10.970000267028809,11.210000038146973,10.90999984741211,11.069999694824219,247100,0.0,0.0
2022-07-06 00:00:00-04:00,11.130000114440918,11.180000305175781,10.760000228881836,10.84000015258789,230900,0.0,0.0
2022-07-07 00:00:00-04:00,10.970000267028809,11.220000267028809,10.960000038146973,10.979999542236328,165500,0.0,0.0
2022-07-08 00:00:00-04:00,10.960000038146973,11.100000381469727,10.829999923706055,10.949999809265137,175500,0.0,0.0
2022-07-11 00:00:00-04:00,10.84000015258789,10.84000015258789,10.65999984741211,10.729999542236328,143900,0.0,0.0
2022-07-12 00:00:00-04:00,10.710000038146973,11.09000015258789,10.710000038146973,10.880000114440918,149500,0.0,0.0
2022-07-13 00:00:00-04:00,10.75,11.050000190734863,10.699999809265137,10.920000076293945,128400,0.0,0.0
2022-07-14 00:00:00-04:00,10.699999809265137,11.0,10.699999809265137,10.930000305175781,115100,0.0,0.0
2022-07-15 00:00:00-04:00,11.130000114440918,11.229999542236328,11.050000190734863,11.220000267028809,206300,0.0,0.0
2022-07-18 00:00:00-04:00,11.350000381469727,11.444999694824219,11.119999885559082,11.140000343322754,106900,0.0,0.0
2022-07-19 00:00:00-04:00,11.239999771118164,11.5,11.210000038146973,11.220000267028809,174800,0.0,0.0
2022-07-20 00:00:00-04:00,11.270000457763672,11.489999771118164,11.170000076293945,11.199999809265137,296500,0.0,0.0
2022-07-21 00:00:00-04:00,11.100000381469727,11.40999984741211,11.050000190734863,11.350000381469727,352100,0.0,0.0
2022-07-22 00:00:00-04:00,11.420000076293945,11.640000343322754,11.180000305175781,11.34000015258789,219200,0.0,0.0
2022-07-25 00:00:00-04:00,11.420000076293945,11.510000228881836,11.244999885559082,11.279999732971191,199000,0.0,0.0
2022-07-26 00:00:00-04:00,11.229999542236328,11.420000076293945,11.180000305175781,11.350000381469727,250800,0.0,0.0
2022-07-27 00:00:00-04:00,11.449999809265137,11.71500015258789,11.399999618530273,11.649999618530273,185100,0.0,0.0
2022-07-28 00:00:00-04:00,11.739999771118164,12.0600004196167,11.539999961853027,12.050000190734863,264400,0.0,0.0
2022-07-29 00:00:00-04:00,12.0600004196167,12.149999618530273,11.90999984741211,12.0600004196167,245200,0.0,0.0
2022-08-01 00:00:00-04:00,12.0600004196167,12.178999900817871,11.739999771118164,12.109999656677246,243100,0.0,0.0
2022-08-02 00:00:00-04:00,12.130000114440918,12.130000114440918,11.84000015258789,11.949999809265137,104100,0.0,0.0
2022-08-03 00:00:00-04:00,12.029999732971191,12.100000381469727,11.890000343322754,12.079999923706055,173200,0.0,0.0
2022-08-04 00:00:00-04:00,12.109999656677246,12.109999656677246,11.8100004196167,11.819999694824219,139100,0.0,0.0
2022-08-05 00:00:00-04:00,11.75,11.850000381469727,11.649999618530273,11.779999732971191,116500,0.0,0.0
2022-08-08 00:00:00-04:00,11.8100004196167,12.0,11.770000457763672,11.850000381469727,200000,0.0,0.0
2022-08-09 00:00:00-04:00,11.789999961853027,11.789999961853027,11.300000190734863,11.430000305175781,139300,0.0,0.0
2022-08-10 00:00:00-04:00,11.699999809265137,11.699999809265137,9.390000343322754,9.510000228881836,568800,0.0,0.0
2022-08-11 00:00:00-04:00,9.609999656677246,9.949999809265137,9.1899995803833,9.920000076293945,629000,0.0,0.0
2022-08-12 00:00:00-04:00,9.949999809265137,10.529999732971191,9.829999923706055,10.449999809265137,428600,0.0,0.0
2022-08-15 00:00:00-04:00,10.34000015258789,10.729999542236328,10.279999732971191,10.609999656677246,299600,0.0,0.0
2022-08-16 00:00:00-04:00,10.609999656677246,10.720000267028809,10.380000114440918,10.430000305175781,247700,0.0,0.0
2022-08-17 00:00:00-04:00,10.34000015258789,10.505000114440918,10.270000457763672,10.399999618530273,210200,0.0,0.0
2022-08-18 00:00:00-04:00,10.359999656677246,10.5600004196167,10.25,10.520000457763672,246800,0.0,0.0
2022-08-19 00:00:00-04:00,10.430000305175781,10.430000305175781,10.239999771118164,10.270000457763672,194200,0.0,0.0
2022-08-22 00:00:00-04:00,10.100000381469727,10.220000267028809,10.029999732971191,10.149999618530273,196600,0.0,0.0
2022-08-23 00:00:00-04:00,10.079999923706055,10.21500015258789,9.970000267028809,9.970000267028809,226900,0.0,0.0
2022-08-24 00:00:00-04:00,9.880000114440918,9.949999809265137,9.760000228881836,9.819999694824219,256900,0.0,0.0
2022-08-25 00:00:00-04:00,9.899999618530273,10.130000114440918,9.802000045776367,10.119999885559082,355800,0.0,0.0
2022-08-26 00:00:00-04:00,10.09000015258789,10.100000381469727,9.600000381469727,9.619999885559082,250900,0.0,0.0
2022-08-29 00:00:00-04:00,9.520000457763672,9.720000267028809,9.454999923706055,9.6899995803833,318400,0.0,0.0
2022-08-30 00:00:00-04:00,9.710000038146973,9.869999885559082,9.550000190734863,9.5600004196167,225200,0.0,0.0
2022-08-31 00:00:00-04:00,9.529999732971191,9.640000343322754,9.40999984741211,9.40999984741211,220800,0.0,0.0
2022-09-01 00:00:00-04:00,9.329999923706055,9.4399995803833,9.25,9.430000305175781,275200,0.0,0.0
2022-09-02 00:00:00-04:00,9.579999923706055,9.579999923706055,9.300000190734863,9.359999656677246,196300,0.0,0.0
2022-09-06 00:00:00-04:00,9.449999809265137,9.479999542236328,9.170000076293945,9.229999542236328,272000,0.0,0.0
2022-09-07 00:00:00-04:00,9.1899995803833,9.359999656677246,9.079999923706055,9.140000343322754,312200,0.0,0.0
2022-09-08 00:00:00-04:00,9.029999732971191,9.140000343322754,8.829999923706055,9.050000190734863,361800,0.0,0.0
2022-09-09 00:00:00-04:00,9.109999656677246,9.449999809265137,9.09000015258789,9.359999656677246,354000,0.0,0.0
2022-09-12 00:00:00-04:00,9.350000381469727,9.625,9.229999542236328,9.600000381469727,353800,0.0,0.0
2022-09-13 00:00:00-04:00,9.329999923706055,9.649999618530273,9.229999542236328,9.270000457763672,340500,0.0,0.0
2022-09-14 00:00:00-04:00,9.25,9.3100004196167,9.039999961853027,9.170000076293945,315700,0.0,0.0
2022-09-15 00:00:00-04:00,9.109999656677246,9.3100004196167,9.100000381469727,9.170000076293945,212800,0.0,0.0
2022-09-16 00:00:00-04:00,9.050000190734863,9.140000343322754,8.75,9.020000457763672,390300,0.0,0.0
2022-09-19 00:00:00-04:00,8.869999885559082,9.029999732971191,8.800000190734863,8.829999923706055,161900,0.0,0.0
2022-09-20 00:00:00-04:00,8.800000190734863,8.850000381469727,8.699999809265137,8.710000038146973,261200,0.0,0.0
2022-09-21 00:00:00-04:00,8.739999771118164,8.739999771118164,8.3100004196167,8.319999694824219,241100,0.0,0.0
2022-09-22 00:00:00-04:00,8.260000228881836,8.260000228881836,7.96999979019165,8.029999732971191,215400,0.0,0.0
2022-09-23 00:00:00-04:00,7.989999771118164,8.029999732971191,7.75,7.900000095367432,794700,0.0,0.0
2022-09-26 00:00:00-04:00,7.679999828338623,8.34000015258789,7.679999828338623,7.829999923706055,483000,0.0,0.0
2022-09-27 00:00:00-04:00,7.900000095367432,8.039999961853027,7.675000190734863,7.78000020980835,446900,0.0,0.0
2022-09-28 00:00:00-04:00,7.849999904632568,8.039999961853027,7.849999904632568,7.980000019073486,533200,0.0,0.0
2022-09-29 00:00:00-04:00,7.869999885559082,7.869999885559082,7.650000095367432,7.820000171661377,288700,0.0,0.0
2022-09-30 00:00:00-04:00,7.75,8.010000228881836,7.690000057220459,7.809999942779541,216000,0.0,0.0
2022-10-03 00:00:00-04:00,7.949999809265137,8.050000190734863,7.690000057220459,7.96999979019165,251100,0.0,0.0
2022-10-04 00:00:00-04:00,8.119999885559082,8.449999809265137,8.119999885559082,8.380000114440918,285100,0.0,0.0
2022-10-05 00:00:00-04:00,8.229999542236328,8.569999694824219,8.229999542236328,8.520000457763672,211200,0.0,0.0
2022-10-06 00:00:00-04:00,8.5,8.6899995803833,8.420000076293945,8.460000038146973,195800,0.0,0.0
2022-10-07 00:00:00-04:00,8.319999694824219,8.460000038146973,8.270000457763672,8.449999809265137,211700,0.0,0.0
2022-10-10 00:00:00-04:00,8.489999771118164,8.550000190734863,8.180000305175781,8.199999809265137,275900,0.0,0.0
2022-10-11 00:00:00-04:00,8.170000076293945,8.359999656677246,7.949999809265137,8.239999771118164,240400,0.0,0.0
2022-10-12 00:00:00-04:00,8.260000228881836,8.494999885559082,8.204999923706055,8.420000076293945,229700,0.0,0.0
2022-10-13 00:00:00-04:00,8.25,8.640000343322754,8.119999885559082,8.520000457763672,269100,0.0,0.0
2022-10-14 00:00:00-04:00,8.630000114440918,8.720000267028809,8.369999885559082,8.399999618530273,196600,0.0,0.0
2022-10-17 00:00:00-04:00,8.510000228881836,8.8149995803833,8.510000228881836,8.789999961853027,301900,0.0,0.0
2022-10-18 00:00:00-04:00,8.989999771118164,9.140000343322754,8.829999923706055,8.880000114440918,216300,0.0,0.0
2022-10-19 00:00:00-04:00,8.850000381469727,8.90999984741211,8.640000343322754,8.800000190734863,221300,0.0,0.0
2022-10-20 00:00:00-04:00,8.739999771118164,8.989999771118164,8.65999984741211,8.6899995803833,260200,0.0,0.0
2022-10-21 00:00:00-04:00,8.739999771118164,9.050000190734863,8.729999542236328,8.989999771118164,195600,0.0,0.0
2022-10-24 00:00:00-04:00,9.050000190734863,9.154999732971191,8.892000198364258,9.079999923706055,197200,0.0,0.0
2022-10-25 00:00:00-04:00,9.0600004196167,9.470000267028809,9.0600004196167,9.350000381469727,197700,0.0,0.0
2022-10-26 00:00:00-04:00,9.350000381469727,9.6899995803833,9.289999961853027,9.529999732971191,170500,0.0,0.0
2022-10-27 00:00:00-04:00,9.59000015258789,9.800000190734863,9.579999923706055,9.619999885559082,218200,0.0,0.0
2022-10-28 00:00:00-04:00,9.59000015258789,9.949999809265137,9.59000015258789,9.850000381469727,256800,0.0,0.0
2022-10-31 00:00:00-04:00,9.739999771118164,10.039999961853027,9.720000267028809,9.819999694824219,262100,0.0,0.0
2022-11-01 00:00:00-04:00,10.420000076293945,10.470000267028809,9.944999694824219,10.039999961853027,222600,0.0,0.0
2022-11-02 00:00:00-04:00,9.90999984741211,10.119999885559082,9.729999542236328,9.75,222400,0.0,0.0
2022-11-03 00:00:00-04:00,9.579999923706055,9.75,9.449999809265137,9.520000457763672,110200,0.0,0.0
2022-11-04 00:00:00-04:00,9.75,9.850000381469727,9.5600004196167,9.819999694824219,109600,0.0,0.0
2022-11-07 00:00:00-05:00,9.90999984741211,9.90999984741211,9.59000015258789,9.699999809265137,168500,0.0,0.0
2022-11-08 00:00:00-05:00,9.680000305175781,9.710000038146973,9.239999771118164,9.380000114440918,204700,0.0,0.0
2022-11-09 00:00:00-05:00,9.270000457763672,9.270000457763672,8.420000076293945,8.5600004196167,326000,0.0,0.0
2022-11-10 00:00:00-05:00,8.880000114440918,9.010000228881836,8.479999542236328,8.920000076293945,309500,0.0,0.0
2022-11-11 00:00:00-05:00,8.979999542236328,9.069999694824219,8.539999961853027,8.579999923706055,180700,0.0,0.0
2022-11-14 00:00:00-05:00,8.569999694824219,9.119999885559082,8.510000228881836,8.949999809265137,301700,0.0,0.0
2022-11-15 00:00:00-05:00,9.109999656677246,9.260000228881836,9.029999732971191,9.039999961853027,228800,0.0,0.0
2022-11-16 00:00:00-05:00,9.010000228881836,9.14900016784668,8.760000228881836,8.800000190734863,165200,0.0,0.0
2022-11-17 00:00:00-05:00,8.680000305175781,8.949999809265137,8.609999656677246,8.829999923706055,205800,0.0,0.0
2022-11-18 00:00:00-05:00,9.020000457763672,9.050000190734863,8.779999732971191,8.819999694824219,262900,0.0,0.0
2022-11-21 00:00:00-05:00,8.84000015258789,8.862000465393066,8.720000267028809,8.829999923706055,293000,0.0,0.0
2022-11-22 00:00:00-05:00,8.859999656677246,8.899999618530273,8.640000343322754,8.770000457763672,126500,0.0,0.0
2022-11-23 00:00:00-05:00,8.789999961853027,8.8100004196167,8.569999694824219,8.649999618530273,132100,0.0,0.0
2022-11-25 00:00:00-05:00,8.609999656677246,8.6899995803833,8.5600004196167,8.59000015258789,53500,0.0,0.0
2022-11-28 00:00:00-05:00,8.539999961853027,8.619999885559082,8.404000282287598,8.479999542236328,264300,0.0,0.0
2022-11-29 00:00:00-05:00,8.5,8.5600004196167,8.40999984741211,8.420000076293945,369800,0.0,0.0
2022-11-30 00:00:00-05:00,8.390000343322754,8.680000305175781,8.300000190734863,8.550000190734863,946700,0.0,0.0
2022-12-01 00:00:00-05:00,8.619999885559082,9.029999732971191,8.619999885559082,8.869999885559082,451800,0.0,0.0
2022-12-02 00:00:00-05:00,8.569999694824219,8.883999824523926,8.460000038146973,8.640000343322754,393900,0.0,0.0
2022-12-05 00:00:00-05:00,8.5,8.640000343322754,8.420000076293945,8.470000267028809,218900,0.0,0.0
2022-12-06 00:00:00-05:00,8.489999771118164,8.529999732971191,8.20199966430664,8.289999961853027,203300,0.0,0.0
2022-12-07 00:00:00-05:00,8.25,8.510000228881836,8.25,8.4399995803833,213300,0.0,0.0
2022-12-08 00:00:00-05:00,8.510000228881836,8.59000015258789,8.229999542236328,8.279999732971191,172500,0.0,0.0
2022-12-09 00:00:00-05:00,8.260000228881836,8.281999588012695,8.142000198364258,8.229999542236328,178000,0.0,0.0
2022-12-12 00:00:00-05:00,8.289999961853027,8.300000190734863,8.140000343322754,8.25,152100,0.0,0.0
2022-12-13 00:00:00-05:00,8.489999771118164,8.628000259399414,8.229999542236328,8.279999732971191,253500,0.0,0.0
2022-12-14 00:00:00-05:00,8.170000076293945,8.25,7.889999866485596,7.96999979019165,336300,0.0,0.0
2022-12-15 00:00:00-05:00,7.869999885559082,8.020000457763672,7.769999980926514,7.800000190734863,214600,0.0,0.0
2022-12-16 00:00:00-05:00,7.690000057220459,7.75,7.53000020980835,7.670000076293945,512100,0.0,0.0
2022-12-19 00:00:00-05:00,7.590000152587891,7.619999885559082,7.28000020980835,7.349999904632568,279400,0.0,0.0
2022-12-20 00:00:00-05:00,7.309999942779541,7.546999931335449,7.269999980926514,7.409999847412109,191500,0.0,0.0
2022-12-21 00:00:00-05:00,7.489999771118164,7.710000038146973,7.489999771118164,7.630000114440918,219100,0.0,0.0
2022-12-22 00:00:00-05:00,7.550000190734863,7.610000133514404,7.260000228881836,7.590000152587891,308600,0.0,0.0
2022-12-23 00:00:00-05:00,7.590000152587891,7.630000114440918,7.539999961853027,7.570000171661377,142800,0.0,0.0
2022-12-27 00:00:00-05:00,7.590000152587891,7.590000152587891,7.46999979019165,7.53000020980835,132200,0.0,0.0
2022-12-28 00:00:00-05:00,7.539999961853027,7.630000114440918,7.385000228881836,7.409999847412109,180800,0.0,0.0
2022-12-29 00:00:00-05:00,7.449999809265137,7.644999980926514,7.449999809265137,7.610000133514404,157200,0.0,0.0
2022-12-30 00:00:00-05:00,7.53000020980835,7.75,7.53000020980835,7.699999809265137,152600,0.0,0.0
2023-01-03 00:00:00-05:00,7.809999942779541,8.010000228881836,7.769999980926514,7.929999828338623,269200,0.0,0.0
2023-01-04 00:00:00-05:00,8.039999961853027,8.260000228881836,7.989999771118164,8.25,201300,0.0,0.0
2023-01-05 00:00:00-05:00,8.260000228881836,8.380000114440918,8.199999809265137,8.319999694824219,116800,0.0,0.0
2023-01-06 00:00:00-05:00,8.359999656677246,8.539999961853027,8.350000381469727,8.520000457763672,170700,0.0,0.0
2023-01-09 00:00:00-05:00,8.609999656677246,8.619999885559082,8.494999885559082,8.510000228881836,123500,0.0,0.0
2023-01-10 00:00:00-05:00,8.529999732971191,8.819999694824219,8.449999809265137,8.8100004196167,130500,0.0,0.0
2023-01-11 00:00:00-05:00,8.850000381469727,8.9399995803833,8.619999885559082,8.739999771118164,183800,0.0,0.0
2023-01-12 00:00:00-05:00,8.800000190734863,8.920000076293945,8.739999771118164,8.880000114440918,239000,0.0,0.0
2023-01-13 00:00:00-05:00,8.859999656677246,8.9399995803833,8.84000015258789,8.869999885559082,149600,0.0,0.0
2023-01-17 00:00:00-05:00,8.75,8.859999656677246,8.720000267028809,8.779999732971191,151800,0.0,0.0
2023-01-18 00:00:00-05:00,8.800000190734863,8.944999694824219,8.699999809265137,8.739999771118164,170900,0.0,0.0
2023-01-19 00:00:00-05:00,8.6899995803833,8.930000305175781,8.65999984741211,8.890000343322754,128200,0.0,0.0
2023-01-20 00:00:00-05:00,8.960000038146973,8.960000038146973,8.75,8.960000038146973,203300,0.0,0.0
2023-01-23 00:00:00-05:00,9.0,9.029999732971191,8.914999961853027,8.949999809265137,167900,0.0,0.0
2023-01-24 00:00:00-05:00,8.850000381469727,8.960000038146973,8.8100004196167,8.890000343322754,113700,0.0,0.0
2023-01-25 00:00:00-05:00,8.819999694824219,8.956999778747559,8.795000076293945,8.90999984741211,153500,0.0,0.0
2023-01-26 00:00:00-05:00,8.989999771118164,9.079999923706055,8.949999809265137,8.970000267028809,125300,0.0,0.0
2023-01-27 00:00:00-05:00,8.970000267028809,9.03499984741211,8.930000305175781,8.949999809265137,174400,0.0,0.0
2023-01-30 00:00:00-05:00,8.859999656677246,8.920000076293945,8.800000190734863,8.800000190734863,115700,0.0,0.0
2023-01-31 00:00:00-05:00,8.850000381469727,9.25,8.789999961853027,9.220000267028809,237800,0.0,0.0
2023-02-01 00:00:00-05:00,9.229999542236328,9.600000381469727,9.210000038146973,9.5600004196167,217700,0.0,0.0
2023-02-02 00:00:00-05:00,9.609999656677246,9.680000305175781,9.279999732971191,9.479999542236328,254800,0.0,0.0
2023-02-03 00:00:00-05:00,9.430000305175781,9.640000343322754,9.399999618530273,9.529999732971191,186800,0.0,0.0
2023-02-06 00:00:00-05:00,9.520000457763672,9.520000457763672,9.09000015258789,9.140000343322754,145600,0.0,0.0
2023-02-07 00:00:00-05:00,9.100000381469727,9.380000114440918,9.015000343322754,9.369999885559082,182000,0.0,0.0
2023-02-08 00:00:00-05:00,9.279999732971191,9.319999694824219,9.109999656677246,9.25,75800,0.0,0.0
2023-02-09 00:00:00-05:00,9.40999984741211,9.40999984741211,9.09000015258789,9.199999809265137,168500,0.0,0.0
2023-02-10 00:00:00-05:00,9.15999984741211,9.369999885559082,9.109999656677246,9.350000381469727,179800,0.0,0.0
2023-02-13 00:00:00-05:00,9.369999885559082,9.4399995803833,9.229999542236328,9.40999984741211,230900,0.0,0.0
2023-02-14 00:00:00-05:00,9.329999923706055,9.4399995803833,9.239999771118164,9.350000381469727,150900,0.0,0.0
2023-02-15 00:00:00-05:00,9.3100004196167,9.645000457763672,9.279999732971191,9.609999656677246,318800,0.0,0.0
2023-02-16 00:00:00-05:00,9.460000038146973,9.539999961853027,9.274999618530273,9.319999694824219,211100,0.0,0.0
2023-02-17 00:00:00-05:00,9.350000381469727,9.600000381469727,9.3100004196167,9.449999809265137,135000,0.0,0.0
2023-02-21 00:00:00-05:00,9.300000190734863,9.350000381469727,9.020000457763672,9.029999732971191,128400,0.0,0.0
2023-02-22 00:00:00-05:00,9.0600004196167,9.239999771118164,9.024999618530273,9.199999809265137,138300,0.0,0.0
2023-02-23 00:00:00-05:00,9.239999771118164,9.300000190734863,9.180000305175781,9.239999771118164,88400,0.0,0.0
2023-02-24 00:00:00-05:00,9.100000381469727,9.119999885559082,9.0,9.100000381469727,136700,0.0,0.0
2023-02-27 00:00:00-05:00,9.1899995803833,9.220000267028809,9.085000038146973,9.130000114440918,79800,0.0,0.0
2023-02-28 00:00:00-05:00,9.130000114440918,9.25,9.130000114440918,9.149999618530273,160600,0.0,0.0
2023-03-01 00:00:00-05:00,9.140000343322754,9.430000305175781,8.75,9.380000114440918,188500,0.0,0.0
2023-03-02 00:00:00-05:00,9.359999656677246,9.520000457763672,9.329999923706055,9.34000015258789,109000,0.0,0.0
2023-03-03 00:00:00-05:00,9.399999618530273,9.460000038146973,9.3100004196167,9.390000343322754,135400,0.0,0.0
2023-03-06 00:00:00-05:00,9.390000343322754,9.399999618530273,9.130000114440918,9.229999542236328,173900,0.0,0.0
2023-03-07 00:00:00-05:00,9.239999771118164,9.319999694824219,9.079999923706055,9.199999809265137,197500,0.0,0.0
2023-03-08 00:00:00-05:00,9.229999542236328,9.260000228881836,9.050000190734863,9.149999618530273,133900,0.0,0.0
2023-03-09 00:00:00-05:00,9.140000343322754,9.210000038146973,8.90999984741211,8.949999809265137,158700,0.0,0.0
2023-03-10 00:00:00-05:00,8.880000114440918,8.979999542236328,8.765000343322754,8.850000381469727,167800,0.0,0.0
2023-03-13 00:00:00-04:00,8.739999771118164,8.75,8.399999618530273,8.670000076293945,210400,0.0,0.0
2023-03-14 00:00:00-04:00,8.880000114440918,9.010000228881836,8.779999732971191,8.890000343322754,267900,0.0,0.0
2023-03-15 00:00:00-04:00,8.619999885559082,8.895000457763672,8.609999656677246,8.869999885559082,204700,0.0,0.0
2023-03-16 00:00:00-04:00,8.720000267028809,9.0,8.720000267028809,8.880000114440918,217900,0.0,0.0
2023-03-17 00:00:00-04:00,8.800000190734863,8.90999984741211,8.399999618530273,8.6899995803833,899500,0.0,0.0
2023-03-20 00:00:00-04:00,8.789999961853027,8.899999618530273,8.619999885559082,8.640000343322754,133800,0.0,0.0
2023-03-21 00:00:00-04:00,8.800000190734863,8.949999809265137,8.699999809265137,8.75,257900,0.0,0.0
2023-03-22 00:00:00-04:00,8.760000228881836,8.8100004196167,8.619999885559082,8.640000343322754,244400,0.0,0.0
2023-03-23 00:00:00-04:00,8.680000305175781,8.800000190734863,8.600000381469727,8.649999618530273,248000,0.0,0.0
2023-03-24 00:00:00-04:00,8.550000190734863,8.770000457763672,8.505999565124512,8.739999771118164,251100,0.0,0.0
2023-03-27 00:00:00-04:00,8.829999923706055,8.960000038146973,8.760000228881836,8.930000305175781,150700,0.0,0.0
2023-03-28 00:00:00-04:00,8.880000114440918,8.96399974822998,8.824999809265137,8.850000381469727,146500,0.0,0.0
2023-03-29 00:00:00-04:00,8.920000076293945,8.930000305175781,8.819999694824219,8.869999885559082,230700,0.0,0.0
2023-03-30 00:00:00-04:00,8.930000305175781,8.979999542236328,8.890000343322754,8.9399995803833,161700,0.0,0.0
2023-03-31 00:00:00-04:00,8.989999771118164,9.109999656677246,8.949999809265137,9.109999656677246,435100,0.0,0.0
2023-04-03 00:00:00-04:00,9.079999923706055,9.1899995803833,8.960000038146973,9.15999984741211,391200,0.0,0.0
2023-04-04 00:00:00-04:00,9.220000267028809,9.220000267028809,9.0600004196167,9.180000305175781,238400,0.0,0.0
2023-04-05 00:00:00-04:00,9.109999656677246,9.199999809265137,8.970000267028809,9.039999961853027,215700,0.0,0.0
2023-04-06 00:00:00-04:00,9.050000190734863,9.050000190734863,8.960000038146973,9.0,173000,0.0,0.0
2023-04-10 00:00:00-04:00,9.010000228881836,9.149999618530273,8.960000038146973,9.109999656677246,232600,0.0,0.0
2023-04-11 00:00:00-04:00,9.15999984741211,9.319999694824219,9.149999618530273,9.25,215800,0.0,0.0
2023-04-12 00:00:00-04:00,9.319999694824219,9.369999885559082,9.079999923706055,9.119999885559082,150100,0.0,0.0
2023-04-13 00:00:00-04:00,9.140000343322754,9.199999809265137,9.055000305175781,9.0600004196167,161500,0.0,0.0
2023-04-14 00:00:00-04:00,9.069999694824219,9.119999885559082,8.920000076293945,9.020000457763672,229400,0.0,0.0
2023-04-17 00:00:00-04:00,9.050000190734863,9.260000228881836,9.050000190734863,9.210000038146973,239500,0.0,0.0
2023-04-18 00:00:00-04:00,9.239999771118164,9.359999656677246,8.949999809265137,9.010000228881836,211700,0.0,0.0
2023-04-19 00:00:00-04:00,8.989999771118164,9.125,8.989999771118164,9.079999923706055,231600,0.0,0.0
2023-04-20 00:00:00-04:00,9.079999923706055,9.234999656677246,8.989999771118164,9.039999961853027,273600,0.0,0.0
2023-04-21 00:00:00-04:00,9.079999923706055,9.180000305175781,9.0,9.079999923706055,176400,0.0,0.0
2023-04-24 00:00:00-04:00,9.050000190734863,9.119999885559082,8.630000114440918,8.649999618530273,236800,0.0,0.0
2023-04-25 00:00:00-04:00,8.579999923706055,8.6899995803833,8.319999694824219,8.369999885559082,213500,0.0,0.0
2023-04-26 00:00:00-04:00,8.279999732971191,8.529999732971191,8.279999732971191,8.359999656677246,204900,0.0,0.0
2023-04-27 00:00:00-04:00,8.369999885559082,8.529999732971191,8.369999885559082,8.520000457763672,188600,0.0,0.0
2023-04-28 00:00:00-04:00,8.5,8.880000114440918,8.5,8.850000381469727,211800,0.0,0.0
2023-05-01 00:00:00-04:00,8.84000015258789,9.104999542236328,8.84000015258789,9.09000015258789,181400,0.0,0.0
2023-05-02 00:00:00-04:00,9.039999961853027,9.069999694824219,8.75,8.760000228881836,198700,0.0,0.0
2023-05-03 00:00:00-04:00,8.770000457763672,8.869999885559082,8.520000457763672,8.539999961853027,189400,0.0,0.0
2023-05-04 00:00:00-04:00,8.520000457763672,9.699999809265137,8.3100004196167,9.399999618530273,588600,0.0,0.0
2023-05-05 00:00:00-04:00,9.489999771118164,9.489999771118164,8.970000267028809,9.25,380400,0.0,0.0
2023-05-08 00:00:00-04:00,9.270000457763672,9.270000457763672,8.890000343322754,9.029999732971191,222600,0.0,0.0
2023-05-09 00:00:00-04:00,8.989999771118164,9.079999923706055,8.84000015258789,9.0,153000,0.0,0.0
2023-05-10 00:00:00-04:00,9.100000381469727,9.229999542236328,8.970000267028809,9.170000076293945,234600,0.0,0.0
2023-05-11 00:00:00-04:00,9.079999923706055,9.1899995803833,8.949999809265137,9.1899995803833,265200,0.0,0.0
2023-05-12 00:00:00-04:00,9.229999542236328,9.229999542236328,9.0600004196167,9.109999656677246,238300,0.0,0.0
2023-05-15 00:00:00-04:00,9.170000076293945,9.430000305175781,9.100000381469727,9.430000305175781,171200,0.0,0.0
2023-05-16 00:00:00-04:00,9.289999961853027,9.34000015258789,9.121000289916992,9.149999618530273,137200,0.0,0.0
2023-05-17 00:00:00-04:00,9.180000305175781,9.470000267028809,9.149999618530273,9.329999923706055,254500,0.0,0.0
2023-05-18 00:00:00-04:00,9.319999694824219,9.479999542236328,9.307999610900879,9.4399995803833,232000,0.0,0.0
2023-05-19 00:00:00-04:00,9.5,9.5,9.244999885559082,9.399999618530273,236800,0.0,0.0
2023-05-22 00:00:00-04:00,9.40999984741211,9.569999694824219,9.40999984741211,9.5,180600,0.0,0.0
2023-05-23 00:00:00-04:00,9.470000267028809,9.529999732971191,9.380000114440918,9.460000038146973,209200,0.0,0.0
2023-05-24 00:00:00-04:00,9.40999984741211,9.40999984741211,9.239999771118164,9.300000190734863,137900,0.0,0.0
2023-05-25 00:00:00-04:00,9.300000190734863,9.40999984741211,9.270000457763672,9.279999732971191,245300,0.0,0.0
2023-05-26 00:00:00-04:00,9.270000457763672,9.420000076293945,9.260000228881836,9.350000381469727,212400,0.0,0.0
2023-05-30 00:00:00-04:00,9.399999618530273,9.479999542236328,9.149999618530273,9.15999984741211,185600,0.0,0.0
2023-05-31 00:00:00-04:00,9.119999885559082,9.359999656677246,8.930000305175781,9.329999923706055,576700,0.0,0.0
2023-06-01 00:00:00-04:00,9.319999694824219,9.4399995803833,9.175000190734863,9.34000015258789,339200,0.0,0.0
2023-06-02 00:00:00-04:00,9.489999771118164,9.6899995803833,9.460000038146973,9.65999984741211,536200,0.0,0.0
2023-06-05 00:00:00-04:00,9.579999923706055,9.600000381469727,9.479999542236328,9.539999961853027,218500,0.0,0.0
2023-06-06 00:00:00-04:00,9.550000190734863,9.90999984741211,9.550000190734863,9.859999656677246,450700,0.0,0.0
2023-06-07 00:00:00-04:00,9.859999656677246,10.055000305175781,9.859999656677246,10.029999732971191,524200,0.0,0.0
2023-06-08 00:00:00-04:00,10.0,10.109999656677246,9.890000343322754,9.989999771118164,213500,0.0,0.0
2023-06-09 00:00:00-04:00,9.960000038146973,10.029999732971191,9.779999732971191,9.800000190734863,137100,0.0,0.0
2023-06-12 00:00:00-04:00,9.800000190734863,10.005000114440918,9.779999732971191,9.930000305175781,330700,0.0,0.0
2023-06-13 00:00:00-04:00,9.9399995803833,10.0600004196167,9.880000114440918,9.9399995803833,282300,0.0,0.0
2023-06-14 00:00:00-04:00,9.979999542236328,9.979999542236328,9.729999542236328,9.770000457763672,224900,0.0,0.0
2023-06-15 00:00:00-04:00,9.739999771118164,9.854999542236328,9.6899995803833,9.8100004196167,259900,0.0,0.0
2023-06-16 00:00:00-04:00,9.9399995803833,9.9399995803833,9.720000267028809,9.779999732971191,621500,0.0,0.0
2023-06-20 00:00:00-04:00,9.710000038146973,9.819999694824219,9.670000076293945,9.760000228881836,227400,0.0,0.0
2023-06-21 00:00:00-04:00,9.710000038146973,10.055000305175781,9.680000305175781,10.050000190734863,626400,0.0,0.0
2023-06-22 00:00:00-04:00,10.0600004196167,10.369999885559082,10.0600004196167,10.289999961853027,474300,0.0,0.0
2023-06-23 00:00:00-04:00,10.1899995803833,10.380000114440918,10.170000076293945,10.279999732971191,731600,0.0,0.0
2023-06-26 00:00:00-04:00,10.229999542236328,10.350000381469727,10.15999984741211,10.1899995803833,270200,0.0,0.0
2023-06-27 00:00:00-04:00,10.199999809265137,10.289999961853027,10.079999923706055,10.1899995803833,199200,0.0,0.0
2023-06-28 00:00:00-04:00,10.1899995803833,10.279999732971191,10.125,10.220000267028809,980500,0.0,0.0
2023-06-29 00:00:00-04:00,10.25,10.670000076293945,10.25,10.520000457763672,339500,0.0,0.0
2023-06-30 00:00:00-04:00,10.609999656677246,10.640000343322754,10.479999542236328,10.5600004196167,261400,0.0,0.0
2023-07-03 00:00:00-04:00,10.550000190734863,10.670000076293945,10.489999771118164,10.640000343322754,105300,0.0,0.0
2023-07-05 00:00:00-04:00,10.569999694824219,10.569999694824219,10.399999618530273,10.40999984741211,177500,0.0,0.0
2023-07-06 00:00:00-04:00,10.279999732971191,10.369999885559082,10.149999618530273,10.289999961853027,210800,0.0,0.0
2023-07-07 00:00:00-04:00,10.3100004196167,10.5,10.3100004196167,10.4399995803833,225600,0.0,0.0
2023-07-10 00:00:00-04:00,10.4399995803833,10.619999885559082,10.4399995803833,10.579999923706055,148400,0.0,0.0
2023-07-11 00:00:00-04:00,10.579999923706055,10.720000267028809,10.510000228881836,10.699999809265137,170300,0.0,0.0
2023-07-12 00:00:00-04:00,10.75,11.029999732971191,10.75,11.020000457763672,341500,0.0,0.0
2023-07-13 00:00:00-04:00,11.109999656677246,11.25,10.970000267028809,10.989999771118164,273800,0.0,0.0
2023-07-14 00:00:00-04:00,10.899999618530273,10.9399995803833,10.670000076293945,10.850000381469727,268700,0.0,0.0
2023-07-17 00:00:00-04:00,10.90999984741211,11.079999923706055,10.859999656677246,11.079999923706055,275200,0.0,0.0
2023-07-18 00:00:00-04:00,11.029999732971191,11.34000015258789,11.024999618530273,11.329999923706055,333500,0.0,0.0
2023-07-19 00:00:00-04:00,11.369999885559082,11.390000343322754,11.180000305175781,11.390000343322754,242300,0.0,0.0
2023-07-20 00:00:00-04:00,11.369999885559082,11.510000228881836,11.244999885559082,11.399999618530273,251500,0.0,0.0
2023-07-21 00:00:00-04:00,11.5,11.539999961853027,11.305000305175781,11.369999885559082,199500,0.0,0.0
2023-07-24 00:00:00-04:00,11.359999656677246,11.420000076293945,11.288000106811523,11.390000343322754,190100,0.0,0.0
2023-07-25 00:00:00-04:00,11.3100004196167,11.380000114440918,11.25,11.3100004196167,157700,0.0,0.0
2023-07-26 00:00:00-04:00,11.300000190734863,11.399999618530273,11.220000267028809,11.359999656677246,168600,0.0,0.0
2023-07-27 00:00:00-04:00,11.4399995803833,11.4399995803833,11.0649995803833,11.100000381469727,232900,0.0,0.0
2023-07-28 00:00:00-04:00,11.180000305175781,11.3100004196167,11.149999618530273,11.25,674000,0.0,0.0
2023-07-31 00:00:00-04:00,11.279999732971191,11.430000305175781,11.239999771118164,11.399999618530273,297600,0.0,0.0
2023-08-01 00:00:00-04:00,11.300000190734863,11.34000015258789,11.180000305175781,11.210000038146973,190800,0.0,0.0
2023-08-02 00:00:00-04:00,11.119999885559082,11.204999923706055,11.09000015258789,11.109999656677246,129500,0.0,0.0
2023-08-03 00:00:00-04:00,11.020000457763672,11.149999618530273,10.890000343322754,11.149999618530273,269700,0.0,0.0
2023-08-04 00:00:00-04:00,11.529999732971191,12.050000190734863,11.444999694824219,12.010000228881836,663300,0.0,0.0
2023-08-07 00:00:00-04:00,12.0,12.010000228881836,11.449999809265137,11.460000038146973,386900,0.0,0.0
2023-08-08 00:00:00-04:00,11.390000343322754,11.430000305175781,11.130000114440918,11.420000076293945,325500,0.0,0.0
2023-08-09 00:00:00-04:00,11.369999885559082,11.46500015258789,11.329999923706055,11.380000114440918,183600,0.0,0.0
2023-08-10 00:00:00-04:00,11.4399995803833,11.470000267028809,11.329999923706055,11.34000015258789,178500,0.0,0.0
2023-08-11 00:00:00-04:00,11.34000015258789,11.520000457763672,11.300000190734863,11.399999618530273,230400,0.0,0.0
2023-08-14 00:00:00-04:00,11.369999885559082,11.369999885559082,11.279999732971191,11.300000190734863,154700,0.0,0.0
2023-08-15 00:00:00-04:00,11.130000114440918,11.130000114440918,10.9399995803833,11.029999732971191,241600,0.0,0.0
2023-08-16 00:00:00-04:00,11.010000228881836,11.119999885559082,10.800000190734863,10.800000190734863,172300,0.0,0.0
2023-08-17 00:00:00-04:00,10.789999961853027,10.859999656677246,10.5600004196167,10.579999923706055,207800,0.0,0.0
2023-08-18 00:00:00-04:00,10.489999771118164,10.800000190734863,10.300000190734863,10.75,261000,0.0,0.0
2023-08-21 00:00:00-04:00,10.739999771118164,10.949999809265137,10.649999618530273,10.890000343322754,157500,0.0,0.0
2023-08-22 00:00:00-04:00,10.930000305175781,11.010000228881836,10.920000076293945,10.930000305175781,131900,0.0,0.0
2023-08-23 00:00:00-04:00,10.979999542236328,11.520000457763672,10.979999542236328,11.300000190734863,434400,0.0,0.0
2023-08-24 00:00:00-04:00,11.25,11.449999809265137,11.1899995803833,11.399999618530273,295000,0.0,0.0
2023-08-25 00:00:00-04:00,11.460000038146973,11.5600004196167,11.300000190734863,11.369999885559082,254000,0.0,0.0
2023-08-28 00:00:00-04:00,11.369999885559082,11.710000038146973,11.369999885559082,11.6899995803833,284100,0.0,0.0
2023-08-29 00:00:00-04:00,11.6899995803833,11.970000267028809,11.369999885559082,11.729999542236328,1912200,0.0,0.0
2023-08-30 00:00:00-04:00,11.640000343322754,11.739999771118164,11.569999694824219,11.699999809265137,251400,0.0,0.0
2023-08-31 00:00:00-04:00,11.720000267028809,11.949999809265137,11.699999809265137,11.890000343322754,269600,0.0,0.0
2023-09-01 00:00:00-04:00,11.930000305175781,11.979999542236328,11.710000038146973,11.869999885559082,224000,0.0,0.0
2023-09-05 00:00:00-04:00,11.869999885559082,11.875,11.470000267028809,11.5600004196167,287500,0.0,0.0
2023-09-06 00:00:00-04:00,11.5600004196167,11.760000228881836,11.539999961853027,11.6899995803833,252100,0.0,0.0
2023-09-07 00:00:00-04:00,11.6899995803833,11.779999732971191,11.600000381469727,11.609999656677246,372500,0.0,0.0
2023-09-08 00:00:00-04:00,11.59000015258789,11.619999885559082,11.399999618530273,11.40999984741211,279000,0.0,0.0
2023-09-11 00:00:00-04:00,11.5,11.550000190734863,11.3100004196167,11.329999923706055,278600,0.0,0.0
2023-09-12 00:00:00-04:00,11.369999885559082,11.470000267028809,11.270000457763672,11.279999732971191,217500,0.0,0.0
2023-09-13 00:00:00-04:00,11.239999771118164,11.289999961853027,10.960000038146973,10.970000267028809,405600,0.0,0.0
2023-09-14 00:00:00-04:00,11.039999961853027,11.229999542236328,11.020000457763672,11.130000114440918,322500,0.0,0.0
2023-09-15 00:00:00-04:00,11.09000015258789,11.09000015258789,10.619999885559082,10.760000228881836,812500,0.0,0.0
2023-09-18 00:00:00-04:00,10.770000457763672,11.09000015258789,10.770000457763672,11.0,364500,0.0,0.0
2023-09-19 00:00:00-04:00,11.010000228881836,11.199000358581543,11.010000228881836,11.149999618530273,272300,0.0,0.0
2023-09-20 00:00:00-04:00,11.149999618530273,11.239999771118164,11.029999732971191,11.029999732971191,453100,0.0,0.0
2023-09-21 00:00:00-04:00,10.920000076293945,10.979999542236328,10.75,10.819999694824219,252200,0.0,0.0
2023-09-22 00:00:00-04:00,10.859999656677246,10.9399995803833,10.760000228881836,10.84000015258789,223500,0.0,0.0
2023-09-25 00:00:00-04:00,10.75,10.899999618530273,10.720000267028809,10.760000228881836,247600,0.0,0.0
2023-09-26 00:00:00-04:00,10.710000038146973,10.835000038146973,10.65999984741211,10.720000267028809,333900,0.0,0.0
2023-09-27 00:00:00-04:00,10.770000457763672,10.925000190734863,10.654999732971191,10.670000076293945,289200,0.0,0.0
2023-09-28 00:00:00-04:00,10.680000305175781,10.925000190734863,10.65999984741211,10.90999984741211,232600,0.0,0.0
2023-09-29 00:00:00-04:00,10.9399995803833,11.0600004196167,10.90999984741211,10.949999809265137,320300,0.0,0.0
2023-10-02 00:00:00-04:00,10.920000076293945,10.960000038146973,10.640000343322754,10.8100004196167,387100,0.0,0.0
2023-10-03 00:00:00-04:00,10.710000038146973,10.805000305175781,10.6850004196167,10.75,230700,0.0,0.0
2023-10-04 00:00:00-04:00,10.729999542236328,10.829999923706055,10.630000114440918,10.75,229900,0.0,0.0
2023-10-05 00:00:00-04:00,10.65999984741211,10.8149995803833,10.619999885559082,10.760000228881836,262300,0.0,0.0
2023-10-06 00:00:00-04:00,10.720000267028809,11.0649995803833,10.720000267028809,10.890000343322754,223200,0.0,0.0
2023-10-09 00:00:00-04:00,10.850000381469727,11.154999732971191,10.789999961853027,11.010000228881836,221600,0.0,0.0
2023-10-10 00:00:00-04:00,11.0600004196167,11.170000076293945,10.960000038146973,10.970000267028809,281900,0.0,0.0
2023-10-11 00:00:00-04:00,11.029999732971191,11.050000190734863,10.824999809265137,10.880000114440918,176300,0.0,0.0
2023-10-12 00:00:00-04:00,10.920000076293945,10.920000076293945,10.430000305175781,10.470000267028809,280500,0.0,0.0
2023-10-13 00:00:00-04:00,10.399999618530273,10.545000076293945,10.194999694824219,10.220000267028809,318400,0.0,0.0
2023-10-16 00:00:00-04:00,10.289999961853027,10.319999694824219,10.119999885559082,10.15999984741211,418000,0.0,0.0
2023-10-17 00:00:00-04:00,10.109999656677246,10.359999656677246,10.100000381469727,10.279999732971191,327700,0.0,0.0
2023-10-18 00:00:00-04:00,10.170000076293945,10.255000114440918,10.140000343322754,10.149999618530273,221500,0.0,0.0
2023-10-19 00:00:00-04:00,10.180000305175781,10.329999923706055,10.149999618530273,10.1899995803833,251900,0.0,0.0
2023-10-20 00:00:00-04:00,10.199999809265137,10.210000038146973,10.095000267028809,10.130000114440918,317700,0.0,0.0
2023-10-23 00:00:00-04:00,10.119999885559082,10.449999809265137,10.119999885559082,10.229999542236328,252600,0.0,0.0
2023-10-24 00:00:00-04:00,10.289999961853027,10.460000038146973,10.279999732971191,10.3100004196167,182100,0.0,0.0
2023-10-25 00:00:00-04:00,10.220000267028809,10.34000015258789,9.960000038146973,9.979999542236328,207200,0.0,0.0
2023-10-26 00:00:00-04:00,10.029999732971191,10.079999923706055,9.739999771118164,9.779999732971191,242000,0.0,0.0
2023-10-27 00:00:00-04:00,9.789999961853027,9.859999656677246,9.640000343322754,9.739999771118164,264600,0.0,0.0
2023-10-30 00:00:00-04:00,9.789999961853027,9.90999984741211,9.704999923706055,9.880000114440918,252700,0.0,0.0
2023-10-31 00:00:00-04:00,9.869999885559082,9.9399995803833,9.760000228881836,9.850000381469727,232000,0.0,0.0
2023-11-01 00:00:00-04:00,9.850000381469727,9.989999771118164,9.789999961853027,9.880000114440918,220200,0.0,0.0
2023-11-02 00:00:00-04:00,10.0,10.109999656677246,9.9399995803833,10.109999656677246,240000,0.0,0.0
2023-11-03 00:00:00-04:00,10.3100004196167,10.5,10.289999961853027,10.380000114440918,288600,0.0,0.0
2023-11-06 00:00:00-05:00,10.380000114440918,10.4399995803833,10.3100004196167,10.380000114440918,192300,0.0,0.0
2023-11-07 00:00:00-05:00,10.279999732971191,10.380000114440918,10.25,10.34000015258789,421900,0.0,0.0
2023-11-08 00:00:00-05:00,10.6899995803833,11.079999923706055,10.15999984741211,10.930000305175781,467300,0.0,0.0
2023-11-09 00:00:00-05:00,10.8100004196167,11.0,10.539999961853027,10.600000381469727,304400,0.0,0.0
2023-11-10 00:00:00-05:00,10.579999923706055,10.819999694824219,10.520000457763672,10.739999771118164,214700,0.0,0.0
2023-11-13 00:00:00-05:00,10.720000267028809,10.78499984741211,10.640000343322754,10.640000343322754,145800,0.0,0.0
2023-11-14 00:00:00-05:00,10.989999771118164,11.125,10.84000015258789,11.069999694824219,306600,0.0,0.0
2023-11-15 00:00:00-05:00,11.0,11.09000015258789,10.829999923706055,10.84000015258789,187300,0.0,0.0
2023-11-16 00:00:00-05:00,10.84000015258789,10.880000114440918,10.529999732971191,10.600000381469727,310400,0.0,0.0
2023-11-17 00:00:00-05:00,10.579999923706055,10.670000076293945,10.449999809265137,10.470000267028809,395800,0.0,0.0
2023-11-20 00:00:00-05:00,10.5,10.609999656677246,10.324999809265137,10.40999984741211,569600,0.0,0.0
2023-11-21 00:00:00-05:00,10.399999618530273,10.460000038146973,10.109999656677246,10.119999885559082,326400,0.0,0.0
2023-11-22 00:00:00-05:00,10.220000267028809,10.359999656677246,10.149999618530273,10.1899995803833,580100,0.0,0.0
2023-11-24 00:00:00-05:00,10.229999542236328,10.460000038146973,10.079999923706055,10.359999656677246,319100,0.0,0.0
2023-11-27 00:00:00-05:00,10.289999961853027,10.359000205993652,10.140000343322754,10.210000038146973,431500,0.0,0.0
2023-11-28 00:00:00-05:00,10.15999984741211,10.192000389099121,10.015000343322754,10.069999694824219,1277800,0.0,0.0
2023-11-29 00:00:00-05:00,10.1899995803833,10.489999771118164,10.180000305175781,10.1899995803833,354200,0.0,0.0
2023-11-30 00:00:00-05:00,10.199999809265137,10.270000457763672,10.079999923706055,10.140000343322754,424400,0.0,0.0
2023-12-01 00:00:00-05:00,10.069999694824219,10.25,10.050000190734863,10.199999809265137,370300,0.0,0.0
2023-12-04 00:00:00-05:00,10.119999885559082,10.239999771118164,10.050000190734863,10.100000381469727,338800,0.0,0.0
2023-12-05 00:00:00-05:00,10.029999732971191,10.164999961853027,10.020000457763672,10.050000190734863,289800,0.0,0.0
2023-12-06 00:00:00-05:00,10.09000015258789,10.220000267028809,9.920000076293945,9.960000038146973,201100,0.0,0.0
2023-12-07 00:00:00-05:00,9.960000038146973,10.0,9.899999618530273,9.989999771118164,239300,0.0,0.0
2023-12-08 00:00:00-05:00,9.979999542236328,10.149999618530273,9.970000267028809,10.149999618530273,266800,0.0,0.0
2023-12-11 00:00:00-05:00,10.149999618530273,10.220000267028809,9.930000305175781,9.9399995803833,294100,0.0,0.0
2023-12-12 00:00:00-05:00,9.9399995803833,9.949999809265137,9.720000267028809,9.829999923706055,242000,0.0,0.0
2023-12-13 00:00:00-05:00,9.850000381469727,10.119999885559082,9.770000457763672,10.109999656677246,342800,0.0,0.0
2023-12-14 00:00:00-05:00,10.25,10.399999618530273,9.975000381469727,10.149999618530273,493400,0.0,0.0
2023-12-15 00:00:00-05:00,10.229999542236328,10.229999542236328,9.90999984741211,9.949999809265137,546700,0.0,0.0
2023-12-18 00:00:00-05:00,10.0,10.020000457763672,9.9350004196167,9.970000267028809,261600,0.0,0.0
2023-12-19 00:00:00-05:00,10.069999694824219,10.3100004196167,10.0,10.289999961853027,228700,0.0,0.0
2023-12-20 00:00:00-05:00,10.279999732971191,10.395000457763672,10.069999694824219,10.100000381469727,311000,0.0,0.0
2023-12-21 00:00:00-05:00,10.149999618530273,10.279999732971191,10.140000343322754,10.270000457763672,225900,0.0,0.0
2023-12-22 00:00:00-05:00,10.350000381469727,10.390000343322754,10.25,10.260000228881836,155300,0.0,0.0
2023-12-26 00:00:00-05:00,10.180000305175781,10.395000457763672,10.180000305175781,10.34000015258789,161700,0.0,0.0
2023-12-27 00:00:00-05:00,10.300000190734863,10.380000114440918,10.255000114440918,10.369999885559082,176600,0.0,0.0
2023-12-28 00:00:00-05:00,10.329999923706055,10.47599983215332,10.329999923706055,10.4399995803833,164600,0.0,0.0
2023-12-29 00:00:00-05:00,10.4399995803833,10.4399995803833,10.25,10.270000457763672,225000,0.0,0.0
2024-01-02 00:00:00-05:00,10.220000267028809,10.484999656677246,10.196000099182129,10.34000015258789,265900,0.0,0.0
2024-01-03 00:00:00-05:00,10.279999732971191,10.279999732971191,9.87399959564209,9.890000343322754,236100,0.0,0.0
2024-01-04 00:00:00-05:00,9.930000305175781,9.930000305175781,9.779999732971191,9.829999923706055,201100,0.0,0.0
2024-01-05 00:00:00-05:00,9.800000190734863,9.960000038146973,9.760000228881836,9.850000381469727,297000,0.0,0.0
2024-01-08 00:00:00-05:00,9.869999885559082,9.979999542236328,9.869999885559082,9.960000038146973,216500,0.0,0.0
2024-01-09 00:00:00-05:00,9.949999809265137,9.960000038146973,9.8100004196167,9.829999923706055,269600,0.0,0.0
2024-01-10 00:00:00-05:00,9.789999961853027,10.0649995803833,9.789999961853027,10.0600004196167,333200,0.0,0.0
2024-01-11 00:00:00-05:00,10.020000457763672,10.039999961853027,9.885000228881836,9.9399995803833,449900,0.0,0.0
2024-01-12 00:00:00-05:00,10.050000190734863,10.104999542236328,9.899999618530273,9.899999618530273,207300,0.0,0.0
2024-01-16 00:00:00-05:00,9.800000190734863,9.949999809265137,9.800000190734863,9.949999809265137,214800,0.0,0.0
2024-01-17 00:00:00-05:00,9.899999618530273,10.085000038146973,9.895000457763672,9.90999984741211,304800,0.0,0.0
2024-01-18 00:00:00-05:00,9.920000076293945,10.09000015258789,9.880000114440918,10.079999923706055,259100,0.0,0.0
2024-01-19 00:00:00-05:00,10.130000114440918,10.255000114440918,9.970000267028809,10.100000381469727,294200,0.0,0.0
2024-01-22 00:00:00-05:00,10.15999984741211,10.295000076293945,10.095000267028809,10.149999618530273,200400,0.0,0.0
2024-01-23 00:00:00-05:00,10.260000228881836,10.350000381469727,10.225000381469727,10.289999961853027,222600,0.0,0.0
2024-01-24 00:00:00-05:00,10.420000076293945,10.420000076293945,10.289999961853027,10.34000015258789,211500,0.0,0.0
2024-01-25 00:00:00-05:00,10.5,10.59000015258789,10.40999984741211,10.5,277300,0.0,0.0
2024-01-26 00:00:00-05:00,10.5600004196167,10.635000228881836,10.510000228881836,10.539999961853027,210400,0.0,0.0
2024-01-29 00:00:00-05:00,10.510000228881836,10.645000457763672,10.449999809265137,10.609999656677246,165600,0.0,0.0
2024-01-30 00:00:00-05:00,10.550000190734863,10.579999923706055,10.430000305175781,10.4399995803833,178600,0.0,0.0
2024-01-31 00:00:00-05:00,10.40999984741211,10.5,10.25,10.25,277900,0.0,0.0
2024-02-01 00:00:00-05:00,10.350000381469727,10.520000457763672,10.300000190734863,10.5,327000,0.0,0.0
2024-02-02 00:00:00-05:00,10.369999885559082,10.369999885559082,10.079999923706055,10.079999923706055,233800,0.0,0.0
2024-02-05 00:00:00-05:00,9.930000305175781,10.024999618530273,9.829999923706055,9.970000267028809,187200,0.0,0.0
2024-02-06 00:00:00-05:00,9.890000343322754,10.225000381469727,9.890000343322754,10.109999656677246,196700,0.0,0.0
2024-02-07 00:00:00-05:00,10.09000015258789,10.15999984741211,10.039999961853027,10.100000381469727,137300,0.0,0.0
2024-02-08 00:00:00-05:00,10.109999656677246,10.25,10.109999656677246,10.210000038146973,278100,0.0,0.0
2024-02-09 00:00:00-05:00,10.300000190734863,10.380000114440918,10.239999771118164,10.34000015258789,176700,0.0,0.0
2024-02-12 00:00:00-05:00,10.34000015258789,10.699999809265137,10.34000015258789,10.649999618530273,236200,0.0,0.0
2024-02-13 00:00:00-05:00,10.300000190734863,10.329999923706055,9.9399995803833,10.029999732971191,276900,0.0,0.0
2024-02-14 00:00:00-05:00,10.109999656677246,10.305000305175781,10.020000457763672,10.279999732971191,184200,0.0,0.0
2024-02-15 00:00:00-05:00,10.359999656677246,10.470000267028809,10.220000267028809,10.470000267028809,225900,0.0,0.0
2024-02-16 00:00:00-05:00,10.369999885559082,10.449999809265137,10.289999961853027,10.40999984741211,207000,0.0,0.0
2024-02-20 00:00:00-05:00,10.270000457763672,10.305000305175781,10.109999656677246,10.170000076293945,175600,0.0,0.0
2024-02-21 00:00:00-05:00,10.149999618530273,10.34000015258789,10.149999618530273,10.300000190734863,151900,0.0,0.0
2024-02-22 00:00:00-05:00,10.270000457763672,10.375,10.244999885559082,10.319999694824219,241700,0.0,0.0
2024-02-23 00:00:00-05:00,10.289999961853027,10.5600004196167,10.289999961853027,10.430000305175781,165300,0.0,0.0
2024-02-26 00:00:00-05:00,10.380000114440918,10.489999771118164,10.343999862670898,10.470000267028809,208600,0.0,0.0
2024-02-27 00:00:00-05:00,10.550000190734863,10.630000114440918,10.4399995803833,10.5,236600,0.0,0.0
2024-02-28 00:00:00-05:00,10.399999618530273,10.609999656677246,10.369999885559082,10.550000190734863,240400,0.0,0.0
2024-02-29 00:00:00-05:00,10.989999771118164,11.609999656677246,10.829999923706055,11.329999923706055,887700,0.0,0.0
2024-03-01 00:00:00-05:00,11.220000267028809,11.520000457763672,11.199999809265137,11.489999771118164,565400,0.0,0.0
2024-03-04 00:00:00-05:00,11.479999542236328,11.619999885559082,11.3100004196167,11.3100004196167,292800,0.0,0.0
2024-03-05 00:00:00-05:00,11.260000228881836,11.3100004196167,11.079999923706055,11.180000305175781,222300,0.0,0.0
2024-03-06 00:00:00-05:00,11.289999961853027,11.40999984741211,11.201000213623047,11.220000267028809,273700,0.0,0.0
2024-03-07 00:00:00-05:00,11.289999961853027,11.524999618530273,11.289999961853027,11.460000038146973,197100,0.0,0.0
2024-03-08 00:00:00-05:00,11.5600004196167,11.649999618530273,11.40999984741211,11.449999809265137,193300,0.0,0.0
2024-03-11 00:00:00-04:00,11.369999885559082,11.489999771118164,11.260000228881836,11.399999618530273,472100,0.0,0.0
2024-03-12 00:00:00-04:00,11.470000267028809,11.585000038146973,11.375,11.40999984741211,257600,0.0,0.0
2024-03-13 00:00:00-04:00,11.4399995803833,11.5,11.345000267028809,11.399999618530273,225500,0.0,0.0
2024-03-14 00:00:00-04:00,11.350000381469727,11.475000381469727,11.229999542236328,11.279999732971191,229300,0.0,0.0
2024-03-15 00:00:00-04:00,11.210000038146973,11.399999618530273,11.210000038146973,11.34000015258789,590500,0.0,0.0
2024-03-18 00:00:00-04:00,11.34000015258789,11.640000343322754,11.3100004196167,11.479999542236328,501400,0.0,0.0
2024-03-19 00:00:00-04:00,11.470000267028809,11.649999618530273,11.4399995803833,11.640000343322754,270500,0.0,0.0
2024-03-20 00:00:00-04:00,11.609999656677246,11.954999923706055,11.600000381469727,11.930000305175781,355100,0.0,0.0
2024-03-21 00:00:00-04:00,11.970000267028809,12.020000457763672,11.895000457763672,11.979999542236328,339100,0.0,0.0
2024-03-22 00:00:00-04:00,12.010000228881836,12.050000190734863,11.699999809265137,11.699999809265137,205200,0.0,0.0
2024-03-25 00:00:00-04:00,11.739999771118164,11.789999961853027,11.670000076293945,11.6899995803833,151000,0.0,0.0
2024-03-26 00:00:00-04:00,11.789999961853027,11.819999694824219,11.649999618530273,11.670000076293945,161600,0.0,0.0
2024-03-27 00:00:00-04:00,11.75,11.805000305175781,11.680000305175781,11.770000457763672,222600,0.0,0.0
2024-03-28 00:00:00-04:00,11.819999694824219,11.930000305175781,11.770000457763672,11.789999961853027,219000,0.0,0.0
2024-04-01 00:00:00-04:00,11.789999961853027,11.90999984741211,11.765000343322754,11.869999885559082,274900,0.0,0.0
2024-04-02 00:00:00-04:00,11.75,11.779999732971191,11.569999694824219,11.720000267028809,253000,0.0,0.0
2024-04-03 00:00:00-04:00,11.640000343322754,11.864999771118164,11.640000343322754,11.859999656677246,211200,0.0,0.0
2024-04-04 00:00:00-04:00,11.989999771118164,12.0,11.600000381469727,11.619999885559082,181800,0.0,0.0
2024-04-05 00:00:00-04:00,11.59000015258789,11.755000114440918,11.59000015258789,11.680000305175781,146300,0.0,0.0
2024-04-08 00:00:00-04:00,11.720000267028809,11.770000457763672,11.690999984741211,11.710000038146973,133800,0.0,0.0
2024-04-09 00:00:00-04:00,11.670000076293945,11.75,11.630000114440918,11.65999984741211,158300,0.0,0.0
2024-04-10 00:00:00-04:00,11.430000305175781,11.510000228881836,11.069999694824219,11.130000114440918,315800,0.0,0.0
2024-04-11 00:00:00-04:00,11.149999618530273,11.220000267028809,11.0,11.220000267028809,247300,0.0,0.0
2024-04-12 00:00:00-04:00,11.119999885559082,11.170000076293945,10.979999542236328,11.010000228881836,221400,0.0,0.0
2024-04-15 00:00:00-04:00,11.069999694824219,11.130000114440918,10.90999984741211,10.90999984741211,192000,0.0,0.0
2024-04-16 00:00:00-04:00,10.84000015258789,11.289999961853027,10.770000457763672,11.25,288000,0.0,0.0
2024-04-17 00:00:00-04:00,11.390000343322754,11.479999542236328,11.25,11.279999732971191,202400,0.0,0.0
2024-04-18 00:00:00-04:00,11.279999732971191,11.359999656677246,11.199999809265137,11.260000228881836,212600,0.0,0.0
2024-04-19 00:00:00-04:00,11.239999771118164,11.430000305175781,11.210000038146973,11.369999885559082,203700,0.0,0.0
2024-04-22 00:00:00-04:00,11.4399995803833,11.640000343322754,11.4399995803833,11.5600004196167,177600,0.0,0.0
2024-04-23 00:00:00-04:00,11.539999961853027,11.739999771118164,11.539999961853027,11.680000305175781,157200,0.0,0.0
2024-04-24 00:00:00-04:00,11.609999656677246,11.670000076293945,11.489999771118164,11.5,215000,0.0,0.0
2024-04-25 00:00:00-04:00,11.369999885559082,11.414999961853027,11.270000457763672,11.300000190734863,255100,0.0,0.0
2024-04-26 00:00:00-04:00,11.329999923706055,11.34000015258789,11.180000305175781,11.1899995803833,145600,0.0,0.0
2024-04-29 00:00:00-04:00,11.260000228881836,11.289999961853027,11.079999923706055,11.109999656677246,165400,0.0,0.0
2024-04-30 00:00:00-04:00,11.029999732971191,11.029999732971191,10.739999771118164,10.739999771118164,255800,0.0,0.0
2024-05-01 00:00:00-04:00,10.739999771118164,10.960000038146973,10.699999809265137,10.869999885559082,305200,0.0,0.0
2024-05-02 00:00:00-04:00,11.020000457763672,11.029999732971191,10.845000267028809,11.020000457763672,276600,0.0,0.0
2024-05-03 00:00:00-04:00,11.229999542236328,11.569999694824219,11.130000114440918,11.430000305175781,637000,0.0,0.0
2024-05-06 00:00:00-04:00,11.529999732971191,11.574999809265137,11.359999656677246,11.470000267028809,234900,0.0,0.0
2024-05-07 00:00:00-04:00,11.510000228881836,11.614999771118164,11.489999771118164,11.5,232300,0.0,0.0
2024-05-08 00:00:00-04:00,11.40999984741211,11.654999732971191,11.369999885559082,11.609999656677246,299200,0.0,0.0
2024-05-09 00:00:00-04:00,11.260000228881836,11.375,9.539999961853027,9.90999984741211,1507200,0.0,0.0
2024-05-10 00:00:00-04:00,9.949999809265137,10.180000305175781,9.739999771118164,10.010000228881836,550500,0.0,0.0
2024-05-13 00:00:00-04:00,10.0600004196167,10.100000381469727,9.890000343322754,9.970000267028809,393700,0.0,0.0
2024-05-14 00:00:00-04:00,10.069999694824219,10.130000114440918,9.704999923706055,9.84000015258789,424300,0.0,0.0
2024-05-15 00:00:00-04:00,9.930000305175781,9.9399995803833,9.630000114440918,9.829999923706055,597400,0.0,0.0
2024-05-16 00:00:00-04:00,9.859999656677246,10.1899995803833,9.779999732971191,10.180000305175781,651400,0.0,0.0
2024-05-17 00:00:00-04:00,10.260000228881836,10.265000343322754,10.0600004196167,10.100000381469727,308800,0.0,0.0
2024-05-20 00:00:00-04:00,10.119999885559082,10.182000160217285,9.835000038146973,9.930000305175781,341200,0.0,0.0
2024-05-21 00:00:00-04:00,9.920000076293945,10.029999732971191,9.880000114440918,10.029999732971191,263500,0.0,0.0
2024-05-22 00:00:00-04:00,10.010000228881836,10.069999694824219,9.800000190734863,9.8100004196167,209500,0.0,0.0
2024-05-23 00:00:00-04:00,9.789999961853027,9.8100004196167,9.470000267028809,9.520000457763672,297500,0.0,0.0
2024-05-24 00:00:00-04:00,9.59000015258789,9.699999809265137,9.510000228881836,9.609999656677246,284800,0.0,0.0
2024-05-28 00:00:00-04:00,9.5,9.630000114440918,9.475000381469727,9.59000015258789,320200,0.0,0.0
2024-05-29 00:00:00-04:00,9.470000267028809,9.59000015258789,9.369999885559082,9.539999961853027,263000,0.0,0.0
2024-05-30 00:00:00-04:00,9.600000381469727,9.675000190734863,9.524999618530273,9.59000015258789,228600,0.0,0.0
2024-05-31 00:00:00-04:00,9.640000343322754,9.960000038146973,9.630000114440918,9.90999984741211,439400,0.0,0.0
2024-06-03 00:00:00-04:00,10.029999732971191,10.128999710083008,9.904999732971191,10.069999694824219,305200,0.0,0.0
2024-06-04 00:00:00-04:00,10.050000190734863,10.149999618530273,9.979999542236328,10.140000343322754,351100,0.0,0.0
2024-06-05 00:00:00-04:00,10.149999618530273,10.170000076293945,10.100000381469727,10.149999618530273,194800,0.0,0.0
2024-06-06 00:00:00-04:00,10.100000381469727,10.170000076293945,10.039999961853027,10.109999656677246,145800,0.0,0.0
2024-06-07 00:00:00-04:00,10.050000190734863,10.244999885559082,10.031000137329102,10.15999984741211,211100,0.0,0.0
2024-06-10 00:00:00-04:00,10.079999923706055,10.25,10.069999694824219,10.199999809265137,217700,0.0,0.0
2024-06-11 00:00:00-04:00,10.15999984741211,10.354999542236328,10.100000381469727,10.34000015258789,181800,0.0,0.0
2024-06-12 00:00:00-04:00,10.579999923706055,10.600000381469727,10.390000343322754,10.390000343322754,193100,0.0,0.0
2024-06-13 00:00:00-04:00,10.369999885559082,10.420000076293945,10.020000457763672,10.119999885559082,490000,0.0,0.0
2024-06-14 00:00:00-04:00,9.960000038146973,10.020000457763672,9.824999809265137,9.9399995803833,366500,0.0,0.0
2024-06-17 00:00:00-04:00,9.829999923706055,9.930000305175781,9.725000381469727,9.819999694824219,218400,0.0,0.0
2024-06-18 00:00:00-04:00,9.8100004196167,9.920000076293945,9.75,9.8100004196167,202700,0.0,0.0
2024-06-20 00:00:00-04:00,9.739999771118164,10.079999923706055,9.739999771118164,10.010000228881836,200400,0.0,0.0
2024-06-21 00:00:00-04:00,10.020000457763672,10.180000305175781,10.020000457763672,10.170000076293945,312800,0.0,0.0
2024-06-24 00:00:00-04:00,10.15999984741211,10.210000038146973,10.069999694824219,10.109999656677246,149400,0.0,0.0
2024-06-25 00:00:00-04:00,10.130000114440918,10.15999984741211,9.930000305175781,10.050000190734863,224900,0.0,0.0
2024-06-26 00:00:00-04:00,9.989999771118164,10.149999618530273,9.989999771118164,10.069999694824219,157600,0.0,0.0
2024-06-27 00:00:00-04:00,10.130000114440918,10.210000038146973,10.109999656677246,10.210000038146973,135600,0.0,0.0
2024-06-28 00:00:00-04:00,10.270000457763672,10.345000267028809,10.244999885559082,10.260000228881836,351700,0.0,0.0
2024-07-01 00:00:00-04:00,10.300000190734863,10.329999923706055,9.90999984741211,9.920000076293945,194700,0.0,0.0
2024-07-02 00:00:00-04:00,9.960000038146973,10.029999732971191,9.949999809265137,10.0,159600,0.0,0.0
2024-07-03 00:00:00-04:00,10.020000457763672,10.109999656677246,9.9399995803833,10.010000228881836,98800,0.0,0.0
2024-07-05 00:00:00-04:00,9.979999542236328,10.010000228881836,9.8100004196167,9.9399995803833,179300,0.0,0.0
2024-07-08 00:00:00-04:00,9.989999771118164,10.109999656677246,9.989999771118164,10.029999732971191,124300,0.0,0.0
2024-07-09 00:00:00-04:00,10.0,10.029999732971191,9.84000015258789,9.859999656677246,114600,0.0,0.0
2024-07-10 00:00:00-04:00,9.90999984741211,10.079999923706055,9.880000114440918,10.069999694824219,135500,0.0,0.0
2024-07-11 00:00:00-04:00,10.25,10.390000343322754,10.220000267028809,10.300000190734863,205200,0.0,0.0
2024-07-12 00:00:00-04:00,10.430000305175781,10.515000343322754,10.329999923706055,10.369999885559082,175000,0.0,0.0
2024-07-15 00:00:00-04:00,10.420000076293945,10.479999542236328,10.359999656677246,10.470000267028809,226800,0.0,0.0
2024-07-16 00:00:00-04:00,10.640000343322754,10.640000343322754,10.260000228881836,10.4399995803833,356500,0.0,0.0
2024-07-17 00:00:00-04:00,10.3100004196167,10.489999771118164,10.300000190734863,10.460000038146973,212900,0.0,0.0
2024-07-18 00:00:00-04:00,10.420000076293945,10.520000457763672,10.3100004196167,10.3100004196167,170500,0.0,0.0
2024-07-19 00:00:00-04:00,10.319999694824219,10.390000343322754,10.194999694824219,10.220000267028809,181700,0.0,0.0
2024-07-22 00:00:00-04:00,10.220000267028809,10.395000457763672,10.220000267028809,10.380000114440918,216300,0.0,0.0
2024-07-23 00:00:00-04:00,10.369999885559082,10.520000457763672,10.331999778747559,10.449999809265137,159600,0.0,0.0
2024-07-24 00:00:00-04:00,10.40999984741211,10.510000228881836,10.329999923706055,10.329999923706055,164100,0.0,0.0
2024-07-25 00:00:00-04:00,10.40999984741211,10.649999618530273,10.40999984741211,10.59000015258789,234400,0.0,0.0
2024-07-26 00:00:00-04:00,10.729999542236328,10.920000076293945,10.6899995803833,10.899999618530273,204600,0.0,0.0
2024-07-29 00:00:00-04:00,10.899999618530273,11.039999961853027,10.859999656677246,10.960000038146973,195100,0.0,0.0
2024-07-30 00:00:00-04:00,10.960000038146973,11.170000076293945,10.960000038146973,11.079999923706055,192500,0.0,0.0
2024-07-31 00:00:00-04:00,11.75,12.609999656677246,11.430000305175781,12.199999809265137,866800,0.0,0.0
2024-08-01 00:00:00-04:00,12.15999984741211,12.199999809265137,11.305999755859375,11.539999961853027,510800,0.0,0.0
2024-08-02 00:00:00-04:00,11.119999885559082,11.289999961853027,10.850000381469727,10.880000114440918,354500,0.0,0.0
2024-08-05 00:00:00-04:00,10.350000381469727,10.640000343322754,10.300000190734863,10.449999809265137,218800,0.0,0.0
2024-08-06 00:00:00-04:00,10.420000076293945,10.649999618530273,10.390000343322754,10.5600004196167,177600,0.0,0.0
2024-08-07 00:00:00-04:00,10.649999618530273,10.729999542236328,10.5,10.609999656677246,185900,0.0,0.0
2024-08-08 00:00:00-04:00,10.680000305175781,10.899999618530273,10.649999618530273,10.890000343322754,162800,0.0,0.0
2024-08-09 00:00:00-04:00,10.850000381469727,10.899999618530273,10.760000228881836,10.84000015258789,134500,0.0,0.0
2024-08-12 00:00:00-04:00,10.789999961853027,10.880000114440918,10.680999755859375,10.760000228881836,176000,0.0,0.0
2024-08-13 00:00:00-04:00,10.8100004196167,10.949999809265137,10.734999656677246,10.9399995803833,143200,0.0,0.0
2024-08-14 00:00:00-04:00,10.970000267028809,10.979999542236328,10.75,10.84000015258789,105200,0.0,0.0
2024-08-15 00:00:00-04:00,11.09000015258789,11.130000114440918,10.869999885559082,11.029999732971191,204200,0.0,0.0
2024-08-16 00:00:00-04:00,10.979999542236328,11.149999618530273,10.920000076293945,11.109999656677246,105900,0.0,0.0
2024-08-19 00:00:00-04:00,11.109999656677246,11.270000457763672,11.08899974822998,11.270000457763672,92300,0.0,0.0
2024-08-20 00:00:00-04:00,11.220000267028809,11.279999732971191,11.140000343322754,11.149999618530273,141800,0.0,0.0
2024-08-21 00:00:00-04:00,11.239999771118164,11.329999923706055,11.15999984741211,11.270000457763672,108500,0.0,0.0
2024-08-22 00:00:00-04:00,11.270000457763672,11.28499984741211,11.119999885559082,11.170000076293945,89000,0.0,0.0
2024-08-23 00:00:00-04:00,11.279999732971191,11.579999923706055,11.210000038146973,11.460000038146973,153700,0.0,0.0
2024-08-26 00:00:00-04:00,11.539999961853027,11.5600004196167,11.359999656677246,11.460000038146973,139400,0.0,0.0
2024-08-27 00:00:00-04:00,11.460000038146973,11.670000076293945,11.430000305175781,11.539999961853027,115900,0.0,0.0
2024-08-28 00:00:00-04:00,11.75,11.920000076293945,11.539999961853027,11.619999885559082,397400,0.0,0.0
2024-08-29 00:00:00-04:00,11.670000076293945,11.770000457763672,11.600000381469727,11.699999809265137,204700,0.0,0.0
2024-08-30 00:00:00-04:00,11.729999542236328,11.744999885559082,11.604999542236328,11.65999984741211,456400,0.0,0.0
2024-09-03 00:00:00-04:00,11.529999732971191,11.664999961853027,11.350000381469727,11.359999656677246,252900,0.0,0.0
2024-09-04 00:00:00-04:00,11.319999694824219,11.630000114440918,11.319999694824219,11.489999771118164,892800,0.0,0.0
2024-09-05 00:00:00-04:00,11.5600004196167,11.670000076293945,11.46500015258789,11.510000228881836,171300,0.0,0.0
2024-09-06 00:00:00-04:00,11.489999771118164,11.5,11.069999694824219,11.180000305175781,210500,0.0,0.0
2024-09-09 00:00:00-04:00,11.210000038146973,11.335000038146973,11.119999885559082,11.1899995803833,189600,0.0,0.0
2024-09-10 00:00:00-04:00,11.220000267028809,11.3149995803833,11.09000015258789,11.300000190734863,168800,0.0,0.0
2024-09-11 00:00:00-04:00,11.220000267028809,11.300000190734863,11.09000015258789,11.260000228881836,122300,0.0,0.0
2024-09-12 00:00:00-04:00,11.350000381469727,11.494999885559082,11.300000190734863,11.420000076293945,190600,0.0,0.0
2024-09-13 00:00:00-04:00,11.5,11.720000267028809,11.449999809265137,11.649999618530273,230500,0.0,0.0
2024-09-16 00:00:00-04:00,11.640000343322754,11.770000457763672,11.600000381469727,11.739999771118164,178400,0.0,0.0
2024-09-17 00:00:00-04:00,11.869999885559082,12.069999694824219,11.869999885559082,11.979999542236328,178600,0.0,0.0
2024-09-18 00:00:00-04:00,11.84000015258789,12.170000076293945,11.8100004196167,11.960000038146973,226600,0.0,0.0
2024-09-19 00:00:00-04:00,12.300000190734863,12.300000190734863,11.960000038146973,12.09000015258789,166600,0.0,0.0
2024-09-20 00:00:00-04:00,12.15999984741211,12.15999984741211,11.899999618530273,11.930000305175781,590800,0.0,0.0
2024-09-23 00:00:00-04:00,11.9399995803833,11.970000267028809,11.760000228881836,11.819999694824219,124700,0.0,0.0
2024-09-24 00:00:00-04:00,11.890000343322754,11.890000343322754,11.609999656677246,11.619999885559082,107900,0.0,0.0
2024-09-25 00:00:00-04:00,11.649999618530273,11.6899995803833,11.510000228881836,11.5600004196167,192300,0.0,0.0
2024-09-26 00:00:00-04:00,11.6899995803833,11.710000038146973,11.505000114440918,11.529999732971191,123900,0.0,0.0
2024-09-27 00:00:00-04:00,11.630000114440918,11.680000305175781,11.5,11.569999694824219,105900,0.0,0.0
2024-09-30 00:00:00-04:00,11.569999694824219,11.65999984741211,11.460000038146973,11.619999885559082,153700,0.0,0.0
2024-10-01 00:00:00-04:00,11.59000015258789,11.59000015258789,11.420000076293945,11.520000457763672,144400,0.0,0.0
2024-10-02 00:00:00-04:00,11.5,11.543999671936035,11.359999656677246,11.420000076293945,110500,0.0,0.0
2024-10-03 00:00:00-04:00,11.34000015258789,11.449999809265137,11.300000190734863,11.380000114440918,84900,0.0,0.0
2024-10-04 00:00:00-04:00,11.529999732971191,11.569999694824219,11.479999542236328,11.510000228881836,79800,0.0,0.0
2024-10-07 00:00:00-04:00,11.470000267028809,11.489999771118164,11.369999885559082,11.40999984741211,84400,0.0,0.0
2024-10-08 00:00:00-04:00,11.479999542236328,11.5600004196167,11.40999984741211,11.460000038146973,117700,0.0,0.0
2024-10-09 00:00:00-04:00,11.479999542236328,11.609999656677246,11.390000343322754,11.40999984741211,118500,0.0,0.0
2024-10-10 00:00:00-04:00,11.260000228881836,11.359999656677246,11.170000076293945,11.329999923706055,138200,0.0,0.0
2024-10-11 00:00:00-04:00,11.300000190734863,11.5,11.300000190734863,11.460000038146973,84700,0.0,0.0
2024-10-14 00:00:00-04:00,11.40999984741211,11.545000076293945,11.369999885559082,11.539999961853027,98000,0.0,0.0
2024-10-15 00:00:00-04:00,11.569999694824219,11.6899995803833,11.5,11.59000015258789,163000,0.0,0.0
2024-10-16 00:00:00-04:00,11.579999923706055,11.6899995803833,11.520000457763672,11.569999694824219,124600,0.0,0.0
2024-10-17 00:00:00-04:00,11.5600004196167,11.585000038146973,11.4399995803833,11.470000267028809,136300,0.0,0.0
2024-10-18 00:00:00-04:00,11.489999771118164,11.5,11.300000190734863,11.319999694824219,127100,0.0,0.0
2024-10-21 00:00:00-04:00,11.359999656677246,11.359999656677246,11.050000190734863,11.0600004196167,156300,0.0,0.0
2024-10-22 00:00:00-04:00,11.0600004196167,11.0600004196167,10.90999984741211,11.029999732971191,120300,0.0,0.0
2024-10-23 00:00:00-04:00,10.930000305175781,11.210000038146973,10.930000305175781,11.180000305175781,148100,0.0,0.0
2024-10-24 00:00:00-04:00,11.229999542236328,11.239999771118164,11.119999885559082,11.140000343322754,115400,0.0,0.0
2024-10-25 00:00:00-04:00,11.239999771118164,11.34000015258789,11.145000457763672,11.199999809265137,137800,0.0,0.0
2024-10-28 00:00:00-04:00,11.300000190734863,11.430000305175781,11.300000190734863,11.359999656677246,130500,0.0,0.0
2024-10-29 00:00:00-04:00,11.25,11.5,11.25,11.470000267028809,105000,0.0,0.0
2024-10-30 00:00:00-04:00,11.430000305175781,11.539999961853027,11.34000015258789,11.350000381469727,116500,0.0,0.0
2024-10-31 00:00:00-04:00,11.359999656677246,11.569999694824219,11.029999732971191,11.039999961853027,212900,0.0,0.0
2024-11-01 00:00:00-04:00,11.079999923706055,11.09000015258789,10.885000228881836,11.020000457763672,165200,0.0,0.0
2024-11-04 00:00:00-05:00,10.960000038146973,11.180000305175781,10.960000038146973,11.029999732971191,205400,0.0,0.0
2024-11-05 00:00:00-05:00,11.050000190734863,11.220000267028809,10.949999809265137,11.079999923706055,398600,0.0,0.0
2024-11-06 00:00:00-05:00,11.460000038146973,11.59000015258789,11.279999732971191,11.520000457763672,569500,0.0,0.0
2024-11-07 00:00:00-05:00,11.520000457763672,11.699999809265137,11.404999732971191,11.5,369000,0.0,0.0
2024-11-08 00:00:00-05:00,11.539999961853027,11.9399995803833,11.4399995803833,11.850000381469727,347200,0.0,0.0
2024-11-11 00:00:00-05:00,11.979999542236328,12.255000114440918,11.880000114440918,12.140000343322754,203300,0.0,0.0
2024-11-12 00:00:00-05:00,12.119999885559082,12.210000038146973,11.989999771118164,12.069999694824219,171100,0.0,0.0
2024-11-13 00:00:00-05:00,12.149999618530273,12.199999809265137,12.020000457763672,12.0600004196167,166800,0.0,0.0
2024-11-14 00:00:00-05:00,12.100000381469727,12.119999885559082,11.720000267028809,11.770000457763672,139500,0.0,0.0
2024-11-15 00:00:00-05:00,11.8100004196167,11.8100004196167,11.479999542236328,11.550000190734863,188900,0.0,0.0
2024-11-18 00:00:00-05:00,11.630000114440918,11.630000114440918,11.385000228881836,11.460000038146973,168400,0.0,0.0
2024-11-19 00:00:00-05:00,11.359999656677246,11.460000038146973,11.274999618530273,11.420000076293945,122900,0.0,0.0
2024-11-20 00:00:00-05:00,11.369999885559082,11.420000076293945,11.324999809265137,11.399999618530273,108900,0.0,0.0
2024-11-21 00:00:00-05:00,11.5,11.539999961853027,11.390000343322754,11.510000228881836,115000,0.0,0.0
2024-11-22 00:00:00-05:00,11.529999732971191,11.744999885559082,11.529999732971191,11.640000343322754,123300,0.0,0.0
2024-11-25 00:00:00-05:00,11.779999732971191,11.899999618530273,11.670000076293945,11.710000038146973,373100,0.0,0.0
2024-11-26 00:00:00-05:00,11.6899995803833,11.869999885559082,11.630000114440918,11.779999732971191,381400,0.0,0.0
2024-11-27 00:00:00-05:00,11.779999732971191,11.829999923706055,11.479999542236328,11.600000381469727,293600,0.0,0.0
2024-11-29 00:00:00-05:00,11.6899995803833,11.729999542236328,11.550000190734863,11.5600004196167,106500,0.0,0.0
2024-12-02 00:00:00-05:00,11.5600004196167,11.845000267028809,11.520000457763672,11.75,388500,0.0,0.0
2024-12-03 00:00:00-05:00,11.800000190734863,11.84000015258789,11.619999885559082,11.739999771118164,455600,0.0,0.0
2024-12-04 00:00:00-05:00,11.75,12.140000343322754,11.630000114440918,12.09000015258789,401600,0.0,0.0
2024-12-05 00:00:00-05:00,11.960000038146973,12.199999809265137,11.9399995803833,12.050000190734863,261700,0.0,0.0
2024-12-06 00:00:00-05:00,12.15999984741211,12.960000038146973,12.029999732971191,12.350000381469727,937100,0.0,0.0
2024-12-09 00:00:00-05:00,12.449999809265137,12.579999923706055,11.859999656677246,11.90999984741211,426100,0.0,0.0
2024-12-10 00:00:00-05:00,11.949999809265137,12.069999694824219,11.789999961853027,11.949999809265137,265100,0.0,0.0
2024-12-11 00:00:00-05:00,12.029999732971191,12.100000381469727,11.791399955749512,12.0,321025,0.0,0.0
