Date,Open,High,Low,Close,Volume,Dividends,Stock Splits
2022-01-03 00:00:00-05:00,8.222383416617047,8.560620600690946,8.198223837188678,8.544513702392578,2253300,0.0,0.0
2022-01-04 00:00:00-05:00,8.625049761953177,8.705582746390021,8.584783269734755,8.657262802124023,1346300,0.0,0.0
2022-01-05 00:00:00-05:00,8.753902212580448,8.842487883979514,8.584783554077148,8.584783554077148,1439900,0.0,0.0
2022-01-06 00:00:00-05:00,8.761954635789774,8.866647199521179,8.608942131867183,8.770008087158203,1458900,0.0,0.0
2022-01-07 00:00:00-05:00,8.794166564941406,8.882752214771765,8.761953531546794,8.794166564941406,1563800,0.0,0.0
2022-01-10 00:00:00-05:00,8.914965581632206,8.914965581632206,8.633101720891007,8.802220344543457,2301700,0.0,0.0
2022-01-11 00:00:00-05:00,8.842485578006016,9.084083708294443,8.786112962545788,9.059924125671387,1354700,0.0,0.0
2022-01-12 00:00:00-05:00,9.100189900458165,9.20488244103561,9.003550809468036,9.172669410705566,2052000,0.0,0.0
2022-01-13 00:00:00-05:00,9.156564901575651,9.365950037384208,9.132405314526794,9.245150566101074,1664100,0.0,0.0
2022-01-14 00:00:00-05:00,9.285416520321567,9.462588607160638,9.220990446565427,9.446481704711914,1568300,0.0,0.0
2022-01-18 00:00:00-05:00,9.478695135642708,9.647812996565763,9.422321747315673,9.623653411865234,3127300,0.0,0.0
2022-01-19 00:00:00-05:00,9.720292574699394,9.720292574699394,9.40621566772461,9.40621566772461,2073000,0.0,0.0
2022-01-20 00:00:00-05:00,9.34179013107755,9.414268889747142,9.180724174871173,9.20488452911377,2569800,0.0,0.0
2022-01-21 00:00:00-05:00,9.07603160500465,9.172670709680185,8.906912979817626,8.939126014709473,2150600,0.0,0.0
2022-01-24 00:00:00-05:00,8.77000810601387,8.850540315813133,8.415663925235053,8.826380729675293,3212800,0.0,0.0
2022-01-25 00:00:00-05:00,8.874700045341921,9.204883848724162,8.697527967422424,9.132404327392578,1942100,0.0,0.0
2022-01-26 00:00:00-05:00,9.261255922797417,9.518960189665606,9.180722955391461,9.277362823486328,3662900,0.0,0.0
2022-01-27 00:00:00-05:00,9.357895402784841,9.575333962796918,9.220989813448199,9.398161888122559,5431700,0.0,0.0
2022-01-28 00:00:00-05:00,9.291828324796475,9.471775928178621,9.169137237975093,9.430878639221191,2296400,0.18,0.0
2022-01-31 00:00:00-05:00,9.39816096406543,9.569928953645908,9.30818755239981,9.430878639221191,2922300,0.0,0.0
2022-02-01 00:00:00-05:00,9.373623417588968,9.954362768540982,9.300008449432228,9.938003540039062,2873300,0.0,0.0
2022-02-02 00:00:00-05:00,9.962542743746958,10.183386876167681,9.823492416646475,10.167028427124023,2332100,0.0,0.0
2022-02-03 00:00:00-05:00,10.085233894255655,10.240643451259821,9.93800395184139,10.232463836669922,2068000,0.0,0.0
2022-02-04 00:00:00-05:00,10.297900243216496,10.486026717658858,10.167029516639015,10.420591354370117,1708400,0.0,0.0
2022-02-07 00:00:00-05:00,10.355155918935798,10.502385875335227,10.248823259319664,10.379693984985352,2947000,0.0,0.0
2022-02-08 00:00:00-05:00,10.34697623522079,10.42877082824707,10.142490532706141,10.224285125732422,2076200,0.0,0.0
2022-02-09 00:00:00-05:00,10.232462690734526,10.355153775638897,10.068874317511733,10.117950439453125,3749900,0.0,0.0
2022-02-10 00:00:00-05:00,9.774417479776416,9.81531478070625,9.210037223108305,9.267292976379395,10295500,0.0,0.0
2022-02-11 00:00:00-05:00,9.267291423808468,9.749877777819224,9.267291423808468,9.610827445983887,6517100,0.0,0.0
2022-02-14 00:00:00-05:00,9.619006983392195,9.684442341370293,9.439059358926931,9.512674331665039,5630500,0.0,0.0
2022-02-15 00:00:00-05:00,9.373622024870166,9.447236982089306,9.185494825304495,9.414519309997559,5355300,0.0,0.0
2022-02-16 00:00:00-05:00,9.586288194341947,9.67626160613045,9.300007951299852,9.349084854125977,3330800,0.0,0.0
2022-02-17 00:00:00-05:00,9.300008605869303,9.340905897761093,9.030087571454832,9.046446800231934,4453600,0.0,0.0
2022-02-18 00:00:00-05:00,8.981011514859915,9.070985721544426,8.882858473064024,8.972832679748535,3404100,0.0,0.0
2022-02-22 00:00:00-05:00,9.08734181895525,9.120059491082737,8.555679451870922,8.68655014038086,4985900,0.0,0.0
2022-02-23 00:00:00-05:00,8.678371487494648,8.817421804433424,8.53932117055587,8.743806838989258,4566300,0.0,0.0
2022-02-24 00:00:00-05:00,8.784705009221216,8.784705009221216,8.302118658538221,8.645654678344727,5811500,0.0,0.0
2022-02-25 00:00:00-05:00,8.678372750843264,8.972832655485746,8.645655070333104,8.940114974975586,5513900,0.0,0.0
2022-02-28 00:00:00-05:00,8.866500302936988,9.267292097946422,8.850141072095266,9.250933647155762,4930800,0.0,0.0
2022-03-01 00:00:00-05:00,9.332727461211185,9.332727461211185,9.103703689784517,9.250933647155762,3822300,0.0,0.0
2022-03-02 00:00:00-05:00,9.357264871502709,9.725339739129732,9.316368357367269,9.643545150756836,6312800,0.0,0.0
2022-03-03 00:00:00-05:00,9.57810878038529,9.659903360118582,9.414520400969629,9.520853042602539,3862200,0.0,0.0
2022-03-04 00:00:00-05:00,9.471776912320006,9.496314976223669,9.340906198099162,9.463597297668457,2722800,0.0,0.0
2022-03-07 00:00:00-05:00,9.553571599429977,9.921645682068421,9.37362397545414,9.47995662689209,5150400,0.0,0.0
2022-03-08 00:00:00-05:00,9.70080018711787,10.306078380822765,9.6026471562592,9.938003540039062,5263300,0.0,0.0
2022-03-09 00:00:00-05:00,9.668081979113195,9.856209196297009,9.373622902711334,9.430878639221191,3818600,0.0,0.0
2022-03-10 00:00:00-05:00,9.430879919526195,9.84803091943138,9.422701084665102,9.798954010009766,2395700,0.0,0.0
2022-03-11 00:00:00-05:00,9.73351844335482,9.897107617906125,9.463597397416562,9.47995662689209,1533100,0.0,0.0
2022-03-14 00:00:00-04:00,9.332726366864682,9.381803273584072,9.03826726670124,9.144599914550781,2712700,0.0,0.0
2022-03-15 00:00:00-04:00,8.915574350272314,9.111881174207333,8.792883267857444,9.07098388671875,2515400,0.0,0.0
2022-03-16 00:00:00-04:00,9.070983937776635,9.218213861543893,8.94011324111724,9.079163551330566,2085300,0.0,0.0
2022-03-17 00:00:00-04:00,9.324547845790324,9.373624758264427,9.144600986837759,9.250933647155762,2756600,0.0,0.0
2022-03-18 00:00:00-04:00,9.193677889529122,9.242754806115006,9.021909851555218,9.103704452514648,1658900,0.0,0.0
2022-03-21 00:00:00-04:00,9.291829386332763,9.496315074430278,9.2591117074392,9.422700881958008,2886100,0.0,0.0
2022-03-22 00:00:00-04:00,9.488136011210827,9.488136011210827,9.23457342085486,9.357264518737793,2283500,0.0,0.0
2022-03-23 00:00:00-04:00,9.496316076567423,9.619007970404088,9.406342645128063,9.545392990112305,2469300,0.0,0.0
2022-03-24 00:00:00-04:00,9.627186727360607,9.78259550963161,9.553571753634497,9.733518600463867,1696600,0.0,0.0
2022-03-25 00:00:00-04:00,9.651725108489495,9.954363848139078,9.651725108489495,9.929825782775879,4281800,0.0,0.0
2022-03-28 00:00:00-04:00,9.790774968389659,9.831672262035513,9.42270088567898,9.537212371826172,2586200,0.0,0.0
2022-03-29 00:00:00-04:00,9.422701894191201,9.635366439819336,9.34908691375985,9.635366439819336,2736400,0.0,0.0
2022-03-30 00:00:00-04:00,9.733518441421356,9.790774964523338,9.365444358856028,9.422700881958008,8006200,0.0,0.0
2022-03-31 00:00:00-04:00,9.37362394978286,9.643544994981895,9.26729129863612,9.44723892211914,3467800,0.0,0.0
2022-04-01 00:00:00-04:00,9.447239049722022,9.65990435488795,9.422700985295494,9.610827445983887,2951000,0.0,0.0
2022-04-04 00:00:00-04:00,9.700800868915163,9.708980483741007,9.455418664547866,9.610827445983887,2730100,0.0,0.0
2022-04-05 00:00:00-04:00,9.62718662257283,9.741698109299476,9.439059382870346,9.488136291503906,1871800,0.0,0.0
2022-04-06 00:00:00-04:00,9.50449471860929,9.684442343106824,9.414521296386024,9.569930076599121,3369200,0.0,0.0
2022-04-07 00:00:00-04:00,9.635365610726588,9.733518649505603,9.414521468486559,9.684442520141602,3118500,0.0,0.0
2022-04-08 00:00:00-04:00,9.676262881588638,9.790775149909873,9.569930228158421,9.766236305236816,1901000,0.0,0.0
2022-04-11 00:00:00-04:00,9.717159105156483,9.725338719146105,9.520853049711121,9.578108787536621,1693000,0.0,0.0
2022-04-12 00:00:00-04:00,9.69262135291786,10.011618508195802,9.69262135291786,9.938003540039062,3082700,0.0,0.0
2022-04-13 00:00:00-04:00,10.036157424691742,10.109771613338431,9.790774455716582,9.921645164489746,2573000,0.0,0.0
2022-04-14 00:00:00-04:00,9.872568074110559,9.954362655590147,9.798953106789119,9.807132720947266,1706700,0.0,0.0
2022-04-18 00:00:00-04:00,9.897107929152476,9.970722123954403,9.782595659375556,9.87256908416748,2412500,0.0,0.0
2022-04-19 00:00:00-04:00,9.85621078090843,10.085234543819578,9.807133870259099,10.011619567871094,3726700,0.0,0.0
2022-04-20 00:00:00-04:00,10.142490487532381,10.207925849641542,9.995261312812294,10.101593971252441,1618800,0.0,0.0
2022-04-21 00:00:00-04:00,10.158849620050116,10.199746915986434,9.978901985960935,10.027978897094727,2138300,0.0,0.0
2022-04-22 00:00:00-04:00,9.946184953612187,10.011620319355602,9.684443490638525,9.77441692352295,3138200,0.0,0.0
2022-04-25 00:00:00-04:00,9.504493283664752,9.561749018248896,8.923753984144101,9.185495376586914,5475400,0.0,0.0
2022-04-26 00:00:00-04:00,9.275470936911479,9.586289276425822,9.17731790023079,9.422700881958008,3414800,0.0,0.0
2022-04-27 00:00:00-04:00,9.479957607104769,9.62718756740389,9.332727646805647,9.455419540405273,2150900,0.0,0.0
2022-04-28 00:00:00-04:00,9.545454096330486,9.712186762742446,9.320365195435356,9.653830528259277,1655200,0.218,0.0
2022-04-29 00:00:00-04:00,9.678838789056488,9.73719580989904,9.278680449219296,9.312026977539062,2275700,0.0,0.0
2022-05-02 00:00:00-04:00,9.228660447381023,9.428740416423002,9.128620860382016,9.320363998413086,2424300,0.0,0.0
2022-05-03 00:00:00-04:00,9.370384039626082,9.687176484458938,9.353711171500153,9.670503616333008,4112900,0.0,0.0
2022-05-04 00:00:00-04:00,9.86224828548245,9.987297608408376,9.620485678126572,9.962287902832031,2616000,0.0,0.0
2022-05-05 00:00:00-04:00,9.728861432916174,10.112347002839947,9.537118250432213,9.712187767028809,6680100,0.0,0.0
2022-05-06 00:00:00-04:00,9.787215337042856,9.87891888744372,9.537115973744793,9.687175750732422,3537000,0.0,0.0
2022-05-09 00:00:00-04:00,9.470422775491564,9.562126324529885,9.028581077091113,9.053590774536133,3836400,0.0,0.0
2022-05-10 00:00:00-04:00,9.120283831085485,9.295353303288525,8.803492209998032,9.053590774536133,2705700,0.0,0.0
2022-05-11 00:00:00-04:00,9.245335983959135,9.445415198524605,8.936880329409673,8.953553199768066,2184700,0.0,0.0
2022-05-12 00:00:00-04:00,9.020245119865324,9.0786021462808,8.795156230972557,8.945215225219727,3174200,0.0,0.0
2022-05-13 00:00:00-04:00,9.036918608606696,9.312027686964603,9.036918608606696,9.24533462524414,2023700,0.0,0.0
2022-05-16 00:00:00-04:00,9.35371158784939,9.52878108370639,9.303691391157079,9.437077522277832,3117300,0.0,0.0
2022-05-17 00:00:00-04:00,9.545454498458216,9.712187171894234,9.470424596650982,9.678840637207031,3326900,0.0,0.0
2022-05-18 00:00:00-04:00,9.745533074607996,9.770543570284605,9.43707744999291,9.637157440185547,3390700,0.0,0.0
2022-05-19 00:00:00-04:00,9.46208875586454,9.637158265370962,9.35371231711827,9.420405387878418,2420800,0.0,0.0
2022-05-20 00:00:00-04:00,9.470423620761245,9.553790346410693,9.220325033900938,9.36204719543457,2426600,0.0,0.0
2022-05-23 00:00:00-04:00,9.428740857016955,9.670503402322826,9.378720663658084,9.612146377563477,3012500,0.0,0.0
2022-05-24 00:00:00-04:00,9.51210857045427,9.56212877319742,9.295355683640874,9.445415496826172,1905300,0.0,0.0
2022-05-25 00:00:00-04:00,9.487098690568448,9.812228014755657,9.47876185775859,9.8038911819458,2362800,0.0,0.0
2022-05-26 00:00:00-04:00,9.903929658201749,9.937276190584488,9.79555322919684,9.845573425292969,2161300,0.0,0.0
2022-05-27 00:00:00-04:00,9.853909636625453,10.154029228429474,9.812227066691834,10.070662498474121,2455000,0.0,0.0
2022-05-31 00:00:00-04:00,10.270740834252994,10.295751328166812,9.878919303464414,9.970622062683105,3387700,0.0,0.0
2022-06-01 00:00:00-04:00,10.087336254174458,10.32076198710955,9.92893962482831,10.229059219360352,2603400,0.0,0.0
2022-06-02 00:00:00-04:00,10.220722249893212,10.31242501640974,10.062325622676232,10.279078483581543,1625600,0.0,0.0
2022-06-03 00:00:00-04:00,10.254069609939828,10.462485655690458,10.187376538903155,10.379118919372559,2673700,0.0,0.0
2022-06-06 00:00:00-04:00,10.295752316248826,10.445811318912916,10.212385585290056,10.237395286560059,1816500,0.0,0.0
2022-06-07 00:00:00-04:00,10.170700560209898,10.529176331776748,10.137354032276512,10.512502670288086,1899500,0.0,0.0
2022-06-08 00:00:00-04:00,10.504167452171684,10.504167452171684,10.254068075683024,10.345770835876465,1329000,0.0,0.0
2022-06-09 00:00:00-04:00,10.354107802079621,10.395791164544447,10.22072167822739,10.295751571655273,1387200,0.0,0.0
2022-06-10 00:00:00-04:00,10.162365265389761,10.212385462371785,9.962286067549787,10.070662498474121,1574000,0.0,0.0
2022-06-13 00:00:00-04:00,9.762206813167706,9.837236710684143,9.420404653409765,9.437077522277832,2392700,0.0,0.0
2022-06-14 00:00:00-04:00,9.545455046354295,9.678841192759293,9.27034592063295,9.33703899383545,2325900,0.0,0.0
2022-06-15 00:00:00-04:00,9.337037530410205,9.462087619348479,9.020245084828206,9.153631210327148,2751400,0.0,0.0
2022-06-16 00:00:00-04:00,8.961888699096152,9.003572061356563,8.69511645269993,8.720126152038574,5020300,0.0,0.0
2022-06-17 00:00:00-04:00,8.6617709052661,8.7868202112001,8.21159229084196,8.461690902709961,5277900,0.0,0.0
2022-06-21 00:00:00-04:00,8.603413158168976,8.936879271342026,8.603413158168976,8.83683967590332,3359700,0.0,0.0
2022-06-22 00:00:00-04:00,8.47002851574708,8.670107741699175,8.47002851574708,8.503375053405762,3578400,0.0,0.0
2022-06-23 00:00:00-04:00,8.57006685152816,8.636759916906275,8.178245291192754,8.328304290771484,2951700,0.0,0.0
2022-06-24 00:00:00-04:00,8.428343465722612,8.653433146356932,8.38666089823686,8.56173038482666,2420600,0.0,0.0
2022-06-27 00:00:00-04:00,8.74513533444297,8.853511751896193,8.65343257892592,8.79515552520752,1679400,0.0,0.0
2022-06-28 00:00:00-04:00,9.028581841619804,9.111948566887856,8.736799098225637,8.828502655029297,2623000,0.0,0.0
2022-06-29 00:00:00-04:00,8.936880392931867,8.961890096169284,8.661771272187874,8.745137214660645,2791300,0.0,0.0
2022-06-30 00:00:00-04:00,8.561731011312363,8.761810212042768,8.53672051493801,8.603413581848145,3446200,0.0,0.0
2022-07-01 00:00:00-04:00,8.611750717653193,8.836840422695397,8.386661807655088,8.778483390808105,2821500,0.0,0.0
2022-07-05 00:00:00-04:00,8.670106842199456,8.678443674510245,8.06153239430538,8.344978332519531,6105800,0.0,0.0
2022-07-06 00:00:00-04:00,8.194917267918484,8.403333273297985,7.828105448269906,8.169907569885254,3794400,0.0,0.0
2022-07-07 00:00:00-04:00,8.361649346849447,8.678441748974103,8.361649346849447,8.611748695373535,3472700,0.0,0.0
2022-07-08 00:00:00-04:00,8.728463601384577,8.911869136243194,8.620087169853178,8.80349349975586,2978100,0.0,0.0
2022-07-11 00:00:00-04:00,8.703453084716049,8.83684001208617,8.561730915402656,8.753473281860352,2174700,0.0,0.0
2022-07-12 00:00:00-04:00,8.528382623340997,8.695116064947282,8.420006999358474,8.486700057983398,2200300,0.0,0.0
2022-07-13 00:00:00-04:00,8.394996748854998,8.60341276184579,8.344977350961846,8.553393363952637,2170800,0.0,0.0
2022-07-14 00:00:00-04:00,8.336640522571363,8.344977353904493,8.044857786263767,8.294957160949707,2530800,0.0,0.0
2022-07-15 00:00:00-04:00,8.50337524092023,8.553395446033374,8.336642548950067,8.511712074279785,2054700,0.0,0.0
2022-07-18 00:00:00-04:00,8.728462686639755,8.895195334966726,8.703452193107724,8.81182861328125,4149000,0.0,0.0
2022-07-19 00:00:00-04:00,8.903534449636048,9.161969922062877,8.828504539884973,9.145297050476074,2586900,0.0,0.0
2022-07-20 00:00:00-04:00,9.095274838851097,9.2536714567202,8.970225546886233,9.24533462524414,1984500,0.0,0.0
2022-07-21 00:00:00-04:00,8.995233445331566,9.10360984769024,8.845173688982038,9.0952730178833,1559000,0.0,0.0
2022-07-22 00:00:00-04:00,9.028582280813625,9.203651776357548,8.820166252549146,8.903532981872559,1839200,0.0,0.0
2022-07-25 00:00:00-04:00,9.003574064289419,9.186980422009357,8.936880987853838,9.145297050476074,5148900,0.0,0.0
2022-07-26 00:00:00-04:00,9.211986250048916,9.312025822600651,9.020243139708537,9.0952730178833,2021100,0.0,0.0
2022-07-27 00:00:00-04:00,9.120283843417447,9.353710336699757,9.01190822266117,9.312026977539062,2792700,0.0,0.0
2022-07-28 00:00:00-04:00,9.3358349176563,9.480378880719709,9.14877869205495,9.463374137878418,1918400,0.218,0.0
2022-07-29 00:00:00-04:00,9.488881518762435,9.66743577576579,9.471876776169907,9.514389038085938,2562000,0.0,0.0
2022-08-01 00:00:00-04:00,9.318831660456187,9.386852264404297,9.140277372375008,9.386852264404297,2762500,0.0,0.0
2022-08-02 00:00:00-04:00,9.39535482416641,9.454872648519784,9.216800540236749,9.318831443786621,2394600,0.0,0.0
2022-08-03 00:00:00-04:00,9.352840419682966,9.403856269663786,9.216799234226686,9.301824569702148,3650700,0.0,0.0
2022-08-04 00:00:00-04:00,9.522893905639648,9.70995098044376,9.310329305911667,9.522893905639648,5893400,0.0,0.0
2022-08-05 00:00:00-04:00,9.318830576157472,9.769467227596962,9.208296904885623,9.539897918701172,6038600,0.0,0.0
2022-08-08 00:00:00-04:00,9.548398335349983,9.7014450570207,9.412357165362383,9.50588607788086,3305800,0.0,0.0
2022-08-09 00:00:00-04:00,9.54840032830104,9.726954603895114,9.471877762363155,9.675939559936523,3039400,0.0,0.0
2022-08-10 00:00:00-04:00,9.73545701442571,9.777970090034538,9.556902745564214,9.709949493408203,1570000,0.0,0.0
2022-08-11 00:00:00-04:00,9.845990409291282,10.058554970477829,9.828985666048473,9.96502685546875,2344500,0.0,0.0
2022-08-12 00:00:00-04:00,9.973528684961455,10.092565129507447,9.880000571234243,10.067057609558105,2224700,0.0,0.0
2022-08-15 00:00:00-04:00,9.905507679378502,10.016041342389649,9.786472050650659,9.939517974853516,2771700,0.0,0.0
2022-08-16 00:00:00-04:00,10.058553695678711,10.101066764701898,9.96502559252318,10.058553695678711,1958200,0.0,0.0
2022-08-17 00:00:00-04:00,9.965026079217209,10.101067258040207,9.845989642312393,9.922513008117676,1786700,0.0,0.0
2022-08-18 00:00:00-04:00,10.109571570598936,10.347643669714603,10.007540670977935,10.339140892028809,2225200,0.0,0.0
2022-08-19 00:00:00-04:00,10.26261610536597,10.31363195360589,10.118072148033823,10.152082443237305,1001800,0.0,0.0
2022-08-22 00:00:00-04:00,10.058554832618512,10.152082946345724,9.973528684961455,10.067057609558105,1425500,0.0,0.0
2022-08-23 00:00:00-04:00,10.279621732539661,10.849294789458542,10.203098365062587,10.696248054504395,5021600,0.0,0.0
2022-08-24 00:00:00-04:00,10.721756829331248,10.968331702936185,10.687746529898481,10.934321403503418,4313500,0.0,0.0
2022-08-25 00:00:00-04:00,11.010844372269913,11.019347149530667,10.840792881402205,10.959829330444336,2673300,0.0,0.0
2022-08-26 00:00:00-04:00,10.908813248604705,11.019346918064272,10.764269281685996,10.789776802062988,1434300,0.0,0.0
2022-08-29 00:00:00-04:00,10.764270011342955,10.976834587588652,10.730259711578423,10.772772789001465,1867300,0.0,0.0
2022-08-30 00:00:00-04:00,10.62822828487474,10.65373580571499,10.356145900260177,10.415663719177246,2177200,0.0,0.0
2022-08-31 00:00:00-04:00,10.194596107395641,10.475181261847304,10.109570769880575,10.1860933303833,6105900,0.0,0.0
2022-09-01 00:00:00-04:00,10.12657529038991,10.254114510162562,10.01604162426805,10.169088363647461,3366300,0.0,0.0
2022-09-02 00:00:00-04:00,10.381652464527335,10.500688902262835,10.211600989811899,10.364646911621094,1646900,0.0,0.0
2022-09-06 00:00:00-04:00,10.492187193503312,10.54320223567458,10.220104806271289,10.254115104675293,1595000,0.0,0.0
2022-09-07 00:00:00-04:00,10.04154959197804,10.169087996273745,9.965026225052856,10.152082443237305,3046400,0.0,0.0
2022-09-08 00:00:00-04:00,10.152083618978306,10.271120071411133,10.024545199912021,10.271120071411133,2065100,0.0,0.0
2022-09-09 00:00:00-04:00,10.432669536909813,10.679244406906234,10.41566398200755,10.645234107971191,1788800,0.0,0.0
2022-09-12 00:00:00-04:00,10.798279762268066,10.840792837530314,10.645233826541228,10.798279762268066,2222000,0.0,0.0
2022-09-13 00:00:00-04:00,10.662238667884054,10.747264819188135,10.543202218232237,10.585715293884277,2479800,0.0,0.0
2022-09-14 00:00:00-04:00,10.73025924888906,11.036351933571108,10.713254505174795,10.968331336975098,2929000,0.0,0.0
2022-09-15 00:00:00-04:00,10.840792921074947,11.070363042738586,10.806782622776941,10.968331336975098,2298700,0.0,0.0
2022-09-16 00:00:00-04:00,10.883305927270515,10.883305927270515,10.424166497740279,10.466679573059082,3524600,0.0,0.0
2022-09-19 00:00:00-04:00,10.177590929434942,10.534699440002441,10.177590929434942,10.534699440002441,1965500,0.0,0.0
2022-09-20 00:00:00-04:00,10.458177201252726,10.534700577619251,10.279622926687331,10.441171646118164,3699700,0.0,0.0
2022-09-21 00:00:00-04:00,10.602721324201859,10.611223291018142,10.32213614752673,10.339140892028809,2086100,0.0,0.0
2022-09-22 00:00:00-04:00,10.466678448510722,10.509190708392504,10.0755596571649,10.084061622619629,2623100,0.0,0.0
2022-09-23 00:00:00-04:00,9.73545665127893,9.820482799324985,9.174286344609406,9.361343383789062,3947900,0.0,0.0
2022-09-26 00:00:00-04:00,9.259311685200148,9.301823944646465,8.885197639465332,8.885197639465332,3055800,0.0,0.0
2022-09-27 00:00:00-04:00,9.06375152913441,9.191290735058551,8.893700065438232,8.970223426818848,2896700,0.0,0.0
2022-09-28 00:00:00-04:00,9.046746833716497,9.361342245854592,8.961720696005944,9.352839469909668,2820700,0.0,0.0
2022-09-29 00:00:00-04:00,9.327330572663351,9.327330572663351,8.961719369829085,9.276314735412598,2119400,0.0,0.0
2022-09-30 00:00:00-04:00,9.208294159657742,9.41235588692231,9.157279133276212,9.276314735412598,2495600,0.0,0.0
2022-10-03 00:00:00-04:00,9.60791688367471,9.743958052647132,9.514387971854172,9.667434692382812,2321400,0.0,0.0
2022-10-04 00:00:00-04:00,9.794974882042002,10.126575062061415,9.743959033109332,10.101067543029785,3133700,0.0,0.0
2022-10-05 00:00:00-04:00,10.067059182450826,10.211603169529935,9.837489034430043,10.160587310791016,2347600,0.0,0.0
2022-10-06 00:00:00-04:00,10.09256422246404,10.254113726319712,9.973527788616142,10.126574516296387,2383200,0.0,0.0
2022-10-07 00:00:00-04:00,10.12657634887345,10.15208387114639,9.880001471249653,9.956524848937988,3069200,0.0,0.0
2022-10-10 00:00:00-04:00,9.931018033977244,10.118074291794114,9.760965711060715,9.777971267700195,2374100,0.0,0.0
2022-10-11 00:00:00-04:00,9.70144719360004,10.075561304327566,9.565405993651673,9.956524848937988,2888300,0.0,0.0
2022-10-12 00:00:00-04:00,9.93101619244192,10.10106767295577,9.845990046750284,9.948020935058594,2002700,0.0,0.0
2022-10-13 00:00:00-04:00,9.871497661714034,10.19459588325422,9.735456475985414,10.169088363647461,1820700,0.0,0.0
2022-10-14 00:00:00-04:00,10.101068828164342,10.18609417271048,9.88850425049473,9.905508995056152,1681500,0.0,0.0
2022-10-17 00:00:00-04:00,9.973529882505836,10.237110323195866,9.973529882505836,10.194597244262695,2165600,0.0,0.0
2022-10-18 00:00:00-04:00,10.211602289349232,10.398658529906452,10.186093956743658,10.381653785705566,2568600,0.0,0.0
2022-10-19 00:00:00-04:00,10.330637789737644,10.534700393437175,10.322135823188505,10.483684539794922,1651800,0.0,0.0
2022-10-20 00:00:00-04:00,10.577211457732735,10.619724529128943,10.31363187464116,10.364646911621094,2450400,0.0,0.0
2022-10-21 00:00:00-04:00,10.415663761554923,10.594218029902072,10.305130089638167,10.52619743347168,1511400,0.0,0.0
2022-10-24 00:00:00-04:00,10.619724999638121,10.62822777646796,10.492186590668277,10.551704406738281,1987700,0.0,0.0
2022-10-25 00:00:00-04:00,10.526197391983724,10.543202135589565,10.373150645183824,10.466679573059082,3528200,0.0,0.0
2022-10-26 00:00:00-04:00,10.560207550023542,10.59421784765367,10.458176657133151,10.568710327148438,1509900,0.0,0.0
2022-10-27 00:00:00-04:00,10.679244667366381,10.840793388530527,10.653736334390851,10.772772789001465,2453600,0.0,0.0
2022-10-28 00:00:00-04:00,10.822949748337543,10.874857917237675,10.442285992764381,10.745086669921875,2785100,0.218,0.0
2022-10-31 00:00:00-04:00,10.72778416513062,10.918116056546912,10.675875992513332,10.848904609680176,1612200,0.0,0.0
2022-11-01 00:00:00-04:00,11.00463117309336,11.194962246283305,10.90946481143283,11.160356521606445,2266600,0.0,0.0
2022-11-02 00:00:00-04:00,11.082494382349747,11.203614007524406,10.918116569519043,10.918116569519043,2884600,0.0,0.0
2022-11-03 00:00:00-04:00,10.857556548355062,11.506414499550795,10.857556548355062,11.272825241088867,3708200,0.0,0.0
2022-11-04 00:00:00-04:00,11.480460256468412,11.575625790993278,11.264174275676458,11.36799144744873,2771000,0.0,0.0
2022-11-07 00:00:00-05:00,11.39394474029541,11.445852910032272,11.264173490887774,11.39394474029541,2715500,0.0,0.0
2022-11-08 00:00:00-05:00,11.411247510846845,11.497762229605993,11.29877953155166,11.445853233337402,2932700,0.0,0.0
2022-11-09 00:00:00-05:00,11.290128637285198,11.324734362051993,10.99597956423467,11.030585289001465,3280800,0.0,0.0
2022-11-10 00:00:00-05:00,11.203613441554053,11.281476525270408,11.091144634526596,11.229567527770996,2030700,0.0,0.0
2022-11-11 00:00:00-05:00,11.393945429936618,11.419899516375972,11.143053727514783,11.238219261169434,2357300,0.0,0.0
2022-11-14 00:00:00-05:00,11.19496157998261,11.428550826447832,11.177659131206765,11.186310768127441,1387800,0.0,0.0
2022-11-15 00:00:00-05:00,11.22956730259981,11.55832207999595,11.143053408589566,11.186310768127441,2755500,0.0,0.0
2022-11-16 00:00:00-05:00,11.099796931317297,11.117100206533998,10.92676830447815,11.04788875579834,2547900,0.0,0.0
2022-11-17 00:00:00-05:00,10.970026075617138,11.117100620169023,10.85755725772066,11.10844898223877,2649200,0.0,0.0
2022-11-18 00:00:00-05:00,10.995978452254848,11.264173410875175,10.935418646303521,11.255521774291992,4373500,0.0,0.0
2022-11-21 00:00:00-05:00,10.892162295123532,11.065190917451377,10.710482035412909,11.021933555603027,4876900,0.0,0.0
2022-11-22 00:00:00-05:00,11.177659046831202,11.359339295466443,11.021932883696568,11.298779487609863,1898100,0.0,0.0
2022-11-23 00:00:00-05:00,11.1603572222106,11.203614587038594,11.073843317620224,11.125751495361328,1519600,0.0,0.0
2022-11-25 00:00:00-05:00,11.212264821643252,11.281476266679004,11.143053376607503,11.194961547851562,936000,0.0,0.0
2022-11-28 00:00:00-05:00,10.970024335870313,11.082493135930253,10.909463705028516,11.013280868530273,1887000,0.0,0.0
2022-11-29 00:00:00-05:00,11.099796028508843,11.333385274541751,11.039236220307203,11.316082000732422,1967000,0.0,0.0
2022-11-30 00:00:00-05:00,11.342036065865727,11.489110592716978,11.16035581652392,11.445853233337402,6851000,0.0,0.0
2022-12-01 00:00:00-05:00,11.558322245784138,11.610231242987252,11.203613377603665,11.212265014648438,2277200,0.0,0.0
2022-12-02 00:00:00-05:00,11.143053822856649,11.26417426905251,11.117099736195227,11.246870994567871,1621800,0.0,0.0
2022-12-05 00:00:00-05:00,11.342035747274597,11.428550463603598,11.065189975126565,11.14305305480957,2075800,0.0,0.0
2022-12-06 00:00:00-05:00,11.09114519481539,11.272825457642945,10.857556756931714,10.918116569519043,3451700,0.0,0.0
2022-12-07 00:00:00-05:00,10.935420328201609,10.970026054791319,10.693179417008025,10.719134330749512,3673300,0.0,0.0
2022-12-08 00:00:00-05:00,10.892162085197679,10.944070258362824,10.606664657592773,10.606664657592773,2423000,0.0,0.0
2022-12-09 00:00:00-05:00,10.649922201471327,10.684527925864131,10.347121494235125,10.38172721862793,2207300,0.0,0.0
2022-12-12 00:00:00-05:00,10.424985150875521,10.61531705798432,10.38172778675094,10.589362144470215,1642400,0.0,0.0
2022-12-13 00:00:00-05:00,10.822950008340918,10.840252456701467,10.60666404090836,10.779692649841309,4330300,0.0,0.0
2022-12-14 00:00:00-05:00,10.831601024670091,10.831601024670091,10.442285645537273,10.701828956604004,3306100,0.0,0.0
2022-12-15 00:00:00-05:00,10.641270796438329,10.701830609181556,10.502847895844916,10.667224884033203,3677100,0.0,0.0
2022-12-16 00:00:00-05:00,10.494195049510196,10.528800770672465,10.338468891747247,10.511497497558594,3251200,0.0,0.0
2022-12-19 00:00:00-05:00,10.563408154039728,10.658573695944373,10.373076245164834,10.476893424987793,2742700,0.0,0.0
2022-12-20 00:00:00-05:00,10.450939019849264,10.563407834185037,10.390379206385992,10.4249849319458,2774800,0.0,0.0
2022-12-21 00:00:00-05:00,10.57205969385974,10.59801378230825,10.45093923932403,10.589362144470215,2207400,0.0,0.0
2022-12-22 00:00:00-05:00,10.580710123043442,10.580710123043442,10.217350422740601,10.399030685424805,2495700,0.0,0.0
2022-12-23 00:00:00-05:00,10.494195332884818,10.788344383239746,10.43363552548192,10.788344383239746,1770200,0.0,0.0
2022-12-27 00:00:00-05:00,10.814300346899046,10.85755771329977,10.727785614097598,10.7969970703125,1295800,0.0,0.0
2022-12-28 00:00:00-05:00,10.779691776970665,10.779691776970665,10.48554275307022,10.53745174407959,3878400,0.0,0.0
2022-12-29 00:00:00-05:00,10.554756510649181,10.736436781511566,10.494196695383588,10.719134330749512,2088300,0.0,0.0
2022-12-30 00:00:00-05:00,10.641269571500304,10.77969245615958,10.554754856055519,10.762389183044434,1980800,0.0,0.0
2023-01-03 00:00:00-05:00,10.72778372430398,10.814298441865098,10.442286311443981,10.546103477478027,2099000,0.0,0.0
2023-01-04 00:00:00-05:00,10.442287601485996,10.693179323329852,10.433636788713557,10.589362144470215,2068000,0.0,0.0
2023-01-05 00:00:00-05:00,10.563408056021704,10.59801378230825,10.45093923932403,10.589362144470215,2531700,0.0,0.0
2023-01-06 00:00:00-05:00,10.745087024352463,10.926767271626654,10.719132939046291,10.788344383239746,2129200,0.0,0.0
2023-01-09 00:00:00-05:00,10.926767271626654,10.926767271626654,10.76238947286808,10.788344383239746,1794800,0.0,0.0
2023-01-10 00:00:00-05:00,10.796994394418821,10.987326264371362,10.7796919471861,10.944068908691406,1970700,0.0,0.0
2023-01-11 00:00:00-05:00,10.97002607855837,11.03058589395517,10.822951533967052,10.98732852935791,2070800,0.0,0.0
2023-01-12 00:00:00-05:00,11.108448379643228,11.151705741882324,11.013282017704105,11.151705741882324,3080500,0.0,0.0
2023-01-13 00:00:00-05:00,11.125749781517577,11.18631041297407,11.056538338480568,11.14305305480957,899700,0.0,0.0
2023-01-17 00:00:00-05:00,11.229566848493707,11.272824206282323,11.065189878975538,11.134401321411133,2472300,0.0,0.0
2023-01-18 00:00:00-05:00,11.220917254998945,11.316082792411569,11.056539442572383,11.169008255004883,2358500,0.0,0.0
2023-01-19 00:00:00-05:00,11.108447845307728,11.264174011851553,11.091144571218182,11.212265014648438,3399700,0.0,0.0
2023-01-20 00:00:00-05:00,11.272824384105695,11.359339101047654,11.151704770465537,11.281476020812988,1975800,0.0,0.0
2023-01-23 00:00:00-05:00,11.359340223522647,11.549672124563342,11.333386135901598,11.42855167388916,4610500,0.0,0.0
2023-01-24 00:00:00-05:00,11.393944498775296,11.506413297575111,11.264173252118452,11.480459213256836,2343300,0.0,0.0
2023-01-25 00:00:00-05:00,11.480459181609023,11.549670622977274,11.385292830928577,11.489109992980957,2927400,0.0,0.0
2023-01-26 00:00:00-05:00,11.575624982765516,11.696745420575791,11.532367624614311,11.64483642578125,2786300,0.0,0.0
2023-01-27 00:00:00-05:00,11.705395795625108,11.79191050870113,11.644835991511165,11.7140474319458,2223400,0.0,0.0
2023-01-30 00:00:00-05:00,11.703456748698745,11.712283086871857,11.47397700655345,11.482803344726562,1822200,0.268,0.0
2023-01-31 00:00:00-05:00,11.518106975496057,11.553411483764648,11.27097541761591,11.553411483764648,6831300,0.0,0.0
2023-02-01 00:00:00-05:00,11.535760694718324,11.70345776770489,11.297455435376898,11.632848739624023,3383500,0.0,0.0
2023-02-02 00:00:00-05:00,11.685804695883144,11.862327260134585,11.571064818688212,11.818197250366211,1663300,0.0,0.0
2023-02-03 00:00:00-05:00,11.897631856449772,12.056502586253579,11.7828928201759,11.809370994567871,2063900,0.0,0.0
2023-02-06 00:00:00-05:00,11.809371762466686,11.844676277860303,11.588718330825065,11.59754467010498,2540900,0.0,0.0
2023-02-07 00:00:00-05:00,11.588718475351223,11.668153846409034,11.4739785884595,11.659327507019043,2818000,0.0,0.0
2023-02-08 00:00:00-05:00,11.844675540994524,11.844675540994524,11.447499557093417,11.650500297546387,3206500,0.0,0.0
2023-02-09 00:00:00-05:00,11.8093717845682,11.906458991650839,11.500456643001371,11.518109321594238,4347900,0.0,0.0
2023-02-10 00:00:00-05:00,11.588717577274135,11.827022830253856,11.553413064176176,11.809370994567871,2947700,0.0,0.0
2023-02-13 00:00:00-05:00,11.703457959287789,11.897632368825759,11.703457959287789,11.84467601776123,1490000,0.0,0.0
2023-02-14 00:00:00-05:00,11.879979861884694,12.082980599051588,11.800544498045134,12.047676086425781,2114300,0.0,0.0
2023-02-15 00:00:00-05:00,11.985893823793104,12.100633704317682,11.879980282168727,12.09180736541748,1714000,0.0,0.0
2023-02-16 00:00:00-05:00,12.003546076938006,12.091806937639534,11.941762548548361,12.047676086425781,1961600,0.0,0.0
2023-02-17 00:00:00-05:00,11.950588766294068,11.950588766294068,11.70345718041237,11.827022552490234,3196200,0.0,0.0
2023-02-21 00:00:00-05:00,11.800545017073471,11.87115404543071,11.650500621382832,11.782893180847168,2882800,0.0,0.0
2023-02-22 00:00:00-05:00,11.756413721583721,11.897631772984873,11.659326521676924,11.818197250366211,3419600,0.0,0.0
2023-02-23 00:00:00-05:00,11.950590193409777,12.047677403311484,11.81819846702326,12.021199226379395,3187000,0.0,0.0
2023-02-24 00:00:00-05:00,11.968241987718711,12.109460043217881,11.853502107194133,12.09180736541748,2630200,0.0,0.0
2023-02-27 00:00:00-05:00,12.118285586743221,12.241851806640625,12.056502897657523,12.241851806640625,3986000,0.0,0.0
2023-02-28 00:00:00-05:00,12.26833049053396,12.427201231030207,12.171243283411833,12.277156829833984,5890400,0.0,0.0
2023-03-01 00:00:00-05:00,12.215373483307904,12.250677996889243,12.012371898920694,12.180068969726562,3424200,0.0,0.0
2023-03-02 00:00:00-05:00,12.215373595230325,12.40072250366211,12.082981036792761,12.40072250366211,2432200,0.0,0.0
2023-03-03 00:00:00-05:00,12.365418579210056,12.506636641561107,12.312461384965388,12.427201271057129,2013200,0.0,0.0
2023-03-06 00:00:00-05:00,12.462506345359394,12.471332685083546,12.285983759506784,12.303635597229004,2424500,0.0,0.0
2023-03-07 00:00:00-05:00,12.259504269354153,12.277156105186272,12.100633538235103,12.10945987701416,1888500,0.0,0.0
2023-03-08 00:00:00-05:00,12.135938283013862,12.180069136024569,11.97706754886572,12.162416458129883,1840700,0.0,0.0
2023-03-09 00:00:00-05:00,12.250677511749029,12.294808362409574,11.96824141428308,11.985893249511719,1437300,0.0,0.0
2023-03-10 00:00:00-05:00,11.994720350655513,12.082981215862574,11.747588749659311,11.774066925048828,2394300,0.0,0.0
2023-03-13 00:00:00-04:00,11.491630823430809,11.738762424723918,11.306281912029473,11.385716438293457,3136300,0.0,0.0
2023-03-14 00:00:00-04:00,11.473977876514562,11.77406666334572,11.376890674426953,11.491630554199219,2805900,0.0,0.0
2023-03-15 00:00:00-04:00,11.165062571560064,11.279802449489914,10.65314671108903,10.812017440795898,5168500,0.0,0.0
2023-03-16 00:00:00-04:00,10.714929776627544,11.006192207336426,10.406014669281303,11.006192207336426,3694200,0.0,0.0
2023-03-17 00:00:00-04:00,10.873800044940152,10.944409070552025,10.60901661975862,10.820843696594238,2613100,0.0,0.0
2023-03-20 00:00:00-04:00,10.882626300333436,11.129757888084717,10.82084361382711,10.829669952392578,2719200,0.0,0.0
2023-03-21 00:00:00-04:00,11.059148664736236,11.385715610269841,10.979713302523152,11.306281089782715,2221000,0.0,0.0
2023-03-22 00:00:00-04:00,11.306280963201623,11.385715482799428,11.076801217538762,11.085627555847168,1941300,0.0,0.0
2023-03-23 00:00:00-04:00,11.147411743394311,11.235672613199428,10.688452190193882,10.732583045959473,3205800,0.0,0.0
2023-03-24 00:00:00-04:00,10.582536599008298,10.812016331319917,10.46779673285249,10.75023365020752,2304900,0.0,0.0
2023-03-27 00:00:00-04:00,10.882626646641345,11.156237258795889,10.803191280476284,11.103280067443848,1978900,0.0,0.0
2023-03-28 00:00:00-04:00,11.085628423679513,11.350411859852523,11.0591494066814,11.315107345581055,3126700,0.0,0.0
2023-03-29 00:00:00-04:00,11.421020424969612,11.465151276449774,11.253324199416175,11.42984676361084,2196800,0.0,0.0
2023-03-30 00:00:00-04:00,11.562239302170234,11.571064799073358,11.45632492207293,11.509282112121582,1259500,0.0,0.0
2023-03-31 00:00:00-04:00,11.526934856204312,11.62402205650937,11.491630343209202,11.579891204833984,1732500,0.0,0.0
2023-04-03 00:00:00-04:00,11.932937555913838,12.109460126501851,11.871154024913526,12.08298110961914,3923500,0.0,0.0
2023-04-04 00:00:00-04:00,12.074155331269232,12.091807167054052,11.685804843291313,11.879980087280273,3224700,0.0,0.0
2023-04-05 00:00:00-04:00,11.8976324322074,11.941763286146953,11.729936197308335,11.915285110473633,1787800,0.0,0.0
2023-04-06 00:00:00-04:00,11.888806409299157,12.082980811288774,11.835849218567267,11.959415435791016,3648700,0.0,0.0
2023-04-10 00:00:00-04:00,12.01237132670206,12.18006838951955,12.01237132670206,12.0741548538208,2068300,0.0,0.0
2023-04-11 00:00:00-04:00,12.100633027313998,12.268329248405527,12.047675838601643,12.0741548538208,2640000,0.0,0.0
2023-04-12 00:00:00-04:00,12.180068921056053,12.206547095704753,12.003546353854718,12.030024528503418,3279500,0.0,0.0
2023-04-13 00:00:00-04:00,11.9682415643122,12.10063327622748,11.941762548548361,12.047676086425781,3592900,0.0,0.0
2023-04-14 00:00:00-04:00,12.0741548538208,12.144763877619967,11.977066814802479,12.0741548538208,4160400,0.0,0.0
2023-04-17 00:00:00-04:00,12.082980877800821,12.171242582264487,11.985893676271585,12.030024528503418,3265200,0.0,0.0
2023-04-18 00:00:00-04:00,12.038850589563813,12.091806937639534,11.959415225724253,12.047676086425781,2027200,0.0,0.0
2023-04-19 00:00:00-04:00,11.985893317457366,12.065328680751458,11.924110631217948,12.056502342224121,3276600,0.0,0.0
2023-04-20 00:00:00-04:00,11.994719949036945,12.012371784796915,11.835849218567267,11.959415435791016,2392200,0.0,0.0
2023-04-21 00:00:00-04:00,12.127113090335317,12.153592109680176,12.003547700297007,12.153592109680176,2650800,0.0,0.0
2023-04-24 00:00:00-04:00,12.109461115872424,12.312461878202761,12.109461115872424,12.233026504516602,1347700,0.0,0.0
2023-04-25 00:00:00-04:00,12.109459463016053,12.135937636721994,11.950588737328475,11.985893249511719,2246300,0.0,0.0
2023-04-26 00:00:00-04:00,11.977067968735723,12.038851501807011,11.827023568274946,11.897632598876953,1800200,0.0,0.0
2023-04-27 00:00:00-04:00,11.897631548190628,12.065328612355508,11.818197027072804,11.985893249511719,1708700,0.0,0.0
2023-04-28 00:00:00-04:00,11.957082501069614,12.164170976987467,11.930071259400988,12.065128326416016,2361800,0.268,0.0
2023-05-01 00:00:00-04:00,12.029111708426331,12.14616155415267,11.957081166236552,12.07413101196289,1779500,0.0,0.0
2023-05-02 00:00:00-04:00,11.93907475489947,11.94807878794061,11.434860067329844,11.623940467834473,5592100,0.0,0.0
2023-05-03 00:00:00-04:00,11.506889598353597,11.73198525247687,11.452867122220205,11.605932235717773,3760200,0.0,0.0
2023-05-04 00:00:00-04:00,11.605932711854706,11.632943951029546,11.335817744090875,11.533902168273926,2852300,0.0,0.0
2023-05-05 00:00:00-04:00,11.768001784596386,12.200185933362702,11.659955962072774,12.155166625976562,4859000,0.0,0.0
2023-05-08 00:00:00-04:00,12.245204764202217,12.245204764202217,11.867043970750524,11.939074516296387,1898300,0.0,0.0
2023-05-09 00:00:00-04:00,11.975089633332566,12.110146689806674,11.88505102323528,11.98409366607666,2292300,0.0,0.0
2023-05-10 00:00:00-04:00,12.083135522355834,12.083135522355834,11.876047061364941,12.002100944519043,1520800,0.0,0.0
2023-05-11 00:00:00-04:00,11.903059161280096,11.912062335407246,11.78600931090886,11.858039855957031,1986700,0.0,0.0
2023-05-12 00:00:00-04:00,11.930070483435195,12.002101028981057,11.813020632255212,11.939074516296387,1425400,0.0,0.0
2023-05-15 00:00:00-04:00,12.092138948932215,12.497310959131646,12.038115613525457,12.47029972076416,6677100,0.0,0.0
2023-05-16 00:00:00-04:00,12.41627677469283,12.425280807321593,12.128154599946948,12.173173904418945,2941500,0.0,0.0
2023-05-17 00:00:00-04:00,12.299226540869249,12.515318165152706,12.200184761073944,12.47029972076416,3215900,0.0,0.0
2023-05-18 00:00:00-04:00,12.434285078264395,12.686391985998894,12.389265772929562,12.641372680664062,3335900,0.0,0.0
2023-05-19 00:00:00-04:00,12.740414633043134,12.785433938970124,12.632368814021463,12.659380912780762,3532700,0.0,0.0
2023-05-22 00:00:00-04:00,12.659380198689854,12.812444456332619,12.641372133866122,12.695395469665527,2313700,0.0,0.0
2023-05-23 00:00:00-04:00,12.767426323931234,12.857464074237006,12.695395780217892,12.749418258666992,1357800,0.0,0.0
2023-05-24 00:00:00-04:00,12.812444447280795,12.857463750636528,12.695395460696396,12.776429176330566,1317800,0.0,0.0
2023-05-25 00:00:00-04:00,12.623365236504549,12.758422291299114,12.560337866751516,12.749418258666992,1873500,0.0,0.0
2023-05-26 00:00:00-04:00,12.758422221227347,12.938498579521688,12.641372373668073,12.875472068786621,1601300,0.0,0.0
2023-05-30 00:00:00-04:00,12.785433698368395,12.839457036198517,12.56934206439156,12.62336540222168,1797300,0.0,0.0
2023-05-31 00:00:00-04:00,12.51531709613463,12.524321127711959,12.128153183698343,12.245203018188477,5067300,0.0,0.0
2023-06-01 00:00:00-04:00,12.272215288511932,12.443287609540041,12.16416947649337,12.407272338867188,2204400,0.0,0.0
2023-06-02 00:00:00-04:00,12.533326241056947,12.776429103925354,12.470299731919173,12.758421897888184,3581800,0.0,0.0
2023-06-05 00:00:00-04:00,12.938498650582469,12.983517955071262,12.6503764757291,12.749418258666992,1411000,0.0,0.0
2023-06-06 00:00:00-04:00,12.632369820439594,12.875473576610256,12.596354544563042,12.821450233459473,2418800,0.0,0.0
2023-06-07 00:00:00-04:00,12.947501827116247,13.199608713443453,12.893478493567397,13.118574142456055,1949200,0.0,0.0
2023-06-08 00:00:00-04:00,13.11857558493847,13.190606131809382,12.97451449119665,13.109572410583496,2537000,0.0,0.0
2023-06-09 00:00:00-04:00,13.091565231869572,13.100569265506687,12.776430923945805,12.821450233459473,3669700,0.0,0.0
2023-06-12 00:00:00-04:00,12.713403468771123,12.740414709019658,12.488307796465673,12.533327102661133,2629600,0.0,0.0
2023-06-13 00:00:00-04:00,12.587348865794729,12.749418015393186,12.497311117206982,12.569341659545898,1659700,0.0,0.0
2023-06-14 00:00:00-04:00,12.668383353820378,12.695395451016296,12.425280489759649,12.488306999206543,2812400,0.0,0.0
2023-06-15 00:00:00-04:00,12.488307641170143,12.668384005040835,12.47930360830865,12.578346252441406,2961000,0.0,0.0
2023-06-16 00:00:00-04:00,12.56934206439156,12.749418426038924,12.55133399889091,12.62336540222168,2593000,0.0,0.0
2023-06-20 00:00:00-04:00,12.659380902599622,12.659380902599622,12.44328840605823,12.596353530883789,2732300,0.0,0.0
2023-06-21 00:00:00-04:00,12.605357324742739,12.794437718960754,12.54233081289401,12.704399108886719,1396300,0.0,0.0
2023-06-22 00:00:00-04:00,12.623365558077039,12.695396103625313,12.551334153856926,12.578346252441406,2435000,0.0,0.0
2023-06-23 00:00:00-04:00,12.46129686950024,12.542331450954945,12.407273528973146,12.443288803100586,1870100,0.0,0.0
2023-06-26 00:00:00-04:00,12.470300964007153,12.929495496721556,12.46129693076306,12.812445640563965,2338400,0.0,0.0
2023-06-27 00:00:00-04:00,12.767427734264713,12.983519389274958,12.740415633384501,12.965511322021484,2604600,0.0,0.0
2023-06-28 00:00:00-04:00,12.992522783425507,13.091564572429176,12.90248416893354,13.082560539245605,1309000,0.0,0.0
2023-06-29 00:00:00-04:00,13.109571851296872,13.262636112863571,13.091563786011488,13.24462890625,1745700,0.0,0.0
2023-06-30 00:00:00-04:00,13.36167851673534,13.442713091733427,13.253632702961822,13.35267448425293,1479500,0.0,0.0
2023-07-03 00:00:00-04:00,13.361679158597006,13.505740250548698,13.334667918524024,13.442713737487793,917100,0.0,0.0
2023-07-05 00:00:00-04:00,13.442713018999465,13.460720225195054,13.325663173376855,13.334667205810547,2680500,0.0,0.0
2023-07-06 00:00:00-04:00,13.226620193285868,13.298651592228373,13.064551907012607,13.154589653015137,2365600,0.0,0.0
2023-07-07 00:00:00-04:00,13.15458984649596,13.532750617815266,13.136582640499308,13.523747444152832,2700800,0.0,0.0
2023-07-10 00:00:00-04:00,13.559763501720548,13.694820559884334,13.478728923353543,13.649801254272461,6281200,0.0,0.0
2023-07-11 00:00:00-04:00,13.748842480896878,13.955930063220944,13.658803878955785,13.784857749938965,5745800,0.0,0.0
2023-07-12 00:00:00-04:00,13.955931425511775,14.000950730876824,13.811870335281082,13.919916152954102,6087500,0.0,0.0
2023-07-13 00:00:00-04:00,13.91991527191898,14.045969147228405,13.901907207444015,13.937922477722168,3349700,0.0,0.0
2023-07-14 00:00:00-04:00,13.937923522926488,13.937923522926488,13.559763585983562,13.586774826049805,3380300,0.0,0.0
2023-07-17 00:00:00-04:00,13.60478162812286,13.739839541776425,13.550759149598884,13.676812171936035,3299300,0.0,0.0
2023-07-18 00:00:00-04:00,13.63179311702959,13.901907214925215,13.604781020302607,13.856888771057129,3487300,0.0,0.0
2023-07-19 00:00:00-04:00,13.874896847589053,13.991946698069448,13.847885607838755,13.919916152954102,3364800,0.0,0.0
2023-07-20 00:00:00-04:00,13.991946148190811,13.991946148190811,13.865892269856912,13.973938941955566,1668100,0.0,0.0
2023-07-21 00:00:00-04:00,14.036965846983865,14.145011663452648,14.000950574827604,14.108996391296387,2271700,0.0,0.0
2023-07-24 00:00:00-04:00,14.163018798794806,14.334091984678478,14.145011592143364,14.235050201416016,2006000,0.0,0.0
2023-07-25 00:00:00-04:00,14.262060879076893,14.316083355575579,14.190030337964123,14.226045608520508,2085300,0.0,0.0
2023-07-26 00:00:00-04:00,14.199034762859135,14.271065305963472,14.136007393638986,14.217041969299316,1470000,0.0,0.0
2023-07-27 00:00:00-04:00,14.253057635432599,14.289072907981813,14.145011817784958,14.208038330078125,2316200,0.0,0.0
2023-07-28 00:00:00-04:00,14.24284559686505,14.297801424442525,14.15125138622642,14.224526405334473,1829000,0.268,0.0
2023-07-31 00:00:00-04:00,14.31611885569345,14.389393865791762,14.279481350644293,14.371074676513672,1474100,0.0,0.0
2023-08-01 00:00:00-04:00,14.334437413903117,14.334437413903117,14.050496963346621,14.151249885559082,3670800,0.0,0.0
2023-08-02 00:00:00-04:00,14.151250193442625,14.151250193442625,13.830672230242625,13.913105964660645,4203800,0.0,0.0
2023-08-03 00:00:00-04:00,13.858149236180953,14.096293449401855,13.812352137714319,14.096293449401855,1966700,0.0,0.0
2023-08-04 00:00:00-04:00,14.178727753304745,14.51762577159414,13.968062314726671,14.334437370300293,3203300,0.0,0.0
2023-08-07 00:00:00-04:00,14.352757112701937,14.43519172175815,14.270322503645726,14.407712936401367,2502600,0.0,0.0
2023-08-08 00:00:00-04:00,14.325278697089034,14.45350953021638,14.224524901338079,14.416872024536133,1809000,0.0,0.0
2023-08-09 00:00:00-04:00,14.480988515471257,14.535944338000395,14.361916401982057,14.380234718322754,1405900,0.0,0.0
2023-08-10 00:00:00-04:00,14.407711872519059,14.444350250289348,14.27948104435106,14.343596458435059,1163400,0.0,0.0
2023-08-11 00:00:00-04:00,14.38023336807018,14.572580475875554,14.343595865321868,14.554262161254883,832600,0.0,0.0
2023-08-14 00:00:00-04:00,14.581741333007812,14.636697155137062,14.499306726306896,14.581741333007812,1440500,0.0,0.0
2023-08-15 00:00:00-04:00,14.545103220326483,14.581740724719971,14.416871518195775,14.426031112670898,1628900,0.0,0.0
2023-08-16 00:00:00-04:00,14.380233962698345,14.453508971224917,14.316118548614346,14.343596458435059,2344600,0.0,0.0
2023-08-17 00:00:00-04:00,14.407712723559774,14.50846652136543,14.261162697850152,14.279481887817383,2142400,0.0,0.0
2023-08-18 00:00:00-04:00,14.187887247894416,14.554263174388204,14.151249742595741,14.535943984985352,2015500,0.0,0.0
2023-08-21 00:00:00-04:00,14.645857259264684,14.673336044791853,14.48098891363704,14.572582244873047,2383700,0.0,0.0
2023-08-22 00:00:00-04:00,14.600058892400654,14.655015585188188,14.517625163479849,14.545103073120117,1520400,0.0,0.0
2023-08-23 00:00:00-04:00,14.55426271905105,14.691654014753002,14.371074324781778,14.627537727355957,2979200,0.0,0.0
2023-08-24 00:00:00-04:00,14.508466825657134,14.691655235143298,14.490147635305688,14.572582244873047,1299100,0.0,0.0
2023-08-25 00:00:00-04:00,14.581740628788639,14.673334825923273,14.462668521916413,14.627537727355957,4313500,0.0,0.0
2023-08-28 00:00:00-04:00,14.664176757018707,14.737451772946393,14.590901741091018,14.60006046295166,2006900,0.0,0.0
2023-08-29 00:00:00-04:00,14.609218728026201,14.70997164737559,14.508465808676812,14.691654205322266,2256000,0.0,0.0
2023-08-30 00:00:00-04:00,14.746610313345009,14.755769908057466,14.673335302659398,14.700812339782715,1891700,0.0,0.0
2023-08-31 00:00:00-04:00,14.764929214577643,14.774087062097292,14.627537917093552,14.691654205322266,2985700,0.0,0.0
2023-09-01 00:00:00-04:00,14.838203936397258,14.884000161164474,14.746609739848832,14.829044342041016,1210700,0.0,0.0
2023-09-05 00:00:00-04:00,14.874841145291311,14.911479524141146,14.691654492084316,14.700812339782715,1470200,0.0,0.0
2023-09-06 00:00:00-04:00,14.600059850680417,14.627538635631261,14.197047279978957,14.279481887817383,2311000,0.0,0.0
2023-09-07 00:00:00-04:00,14.261163509249307,14.334438526273154,14.187888492225463,14.29780101776123,2134600,0.0,0.0
2023-09-08 00:00:00-04:00,14.306960105895996,14.398554310681137,14.279482193863284,14.306960105895996,1642900,0.0,0.0
2023-09-11 00:00:00-04:00,14.41687200836139,14.41687200836139,14.187887379739994,14.25200366973877,2515700,0.0,0.0
2023-09-12 00:00:00-04:00,14.288641191408788,14.426031619332953,14.288641191408788,14.416872024536133,1124000,0.0,0.0
2023-09-13 00:00:00-04:00,14.426031361036284,14.499306371084796,14.38023426137921,14.47182846069336,826800,0.0,0.0
2023-09-14 00:00:00-04:00,14.554263409814377,14.746610534120542,14.554263409814377,14.6824951171875,1513400,0.0,0.0
2023-09-15 00:00:00-04:00,14.600058944111366,14.77408687045877,14.600058944111366,14.627537727355957,1447800,0.0,0.0
2023-09-18 00:00:00-04:00,14.673334797343387,14.755769399902595,14.590900194784176,14.70997142791748,1123600,0.0,0.0
2023-09-19 00:00:00-04:00,14.792406696468156,14.88400089754819,14.746610469435177,14.847362518310547,1308500,0.0,0.0
2023-09-20 00:00:00-04:00,14.819886414780404,15.021392272243231,14.819886414780404,14.94811725616455,1369500,0.0,0.0
2023-09-21 00:00:00-04:00,14.929798004710877,15.076348036272604,14.893161370327535,14.966436386108398,1524800,0.0,0.0
2023-09-22 00:00:00-04:00,15.003070326611969,15.29617208412165,15.003070326611969,15.213737487792969,3537300,0.0,0.0
2023-09-25 00:00:00-04:00,14.902320965676916,15.213740219499131,14.755770934115189,14.966436386108398,4757200,0.0,0.0
2023-09-26 00:00:00-04:00,14.8473623929742,14.902319961366734,14.590900728531956,14.618378639221191,3510000,0.0,0.0
2023-09-27 00:00:00-04:00,14.70997164737559,14.810725440231995,14.609218728026201,14.691654205322266,2928400,0.0,0.0
2023-09-28 00:00:00-04:00,14.636697519121945,14.89316094045964,14.59090129071106,14.856522560119629,4750200,0.0,0.0
2023-09-29 00:00:00-04:00,14.874841415944609,15.021391439982361,14.700812607269494,14.76492977142334,3568600,0.0,0.0
2023-10-02 00:00:00-04:00,14.783247287136586,14.80156647698525,14.572581844919249,14.645856857299805,2709100,0.0,0.0
2023-10-03 00:00:00-04:00,14.627538636673384,14.645856953134864,13.95890305244178,14.013859748840332,5453000,0.0,0.0
2023-10-04 00:00:00-04:00,13.95890366825161,14.023019962462977,13.555891079742167,13.638325691223145,7022500,0.0,0.0
2023-10-05 00:00:00-04:00,13.601686945262959,13.775714874267578,13.473455242017913,13.775714874267578,3225900,0.0,0.0
2023-10-06 00:00:00-04:00,13.70244125739486,13.894788395056764,13.519253715218545,13.784875869750977,2629600,0.0,0.0
2023-10-09 00:00:00-04:00,13.94058433971278,14.096293955990992,13.867309328935624,14.08713436126709,1574400,0.0,0.0
2023-10-10 00:00:00-04:00,14.151249240341372,14.21536552746872,13.958902125973326,14.178727149963379,2406700,0.0,0.0
2023-10-11 00:00:00-04:00,14.023017934650886,14.590899664003194,14.004698746523246,14.554262161254883,3710500,0.0,0.0
2023-10-12 00:00:00-04:00,14.636697046951438,14.636697046951438,14.371074912604604,14.51762580871582,2645000,0.0,0.0
2023-10-13 00:00:00-04:00,14.655016144642516,14.719131560753077,14.600059449757014,14.618378639221191,2021400,0.0,0.0
2023-10-16 00:00:00-04:00,14.70081311212649,14.774088126661786,14.581741868636943,14.755770683288574,2166900,0.0,0.0
2023-10-17 00:00:00-04:00,14.709971362423865,14.984753952069143,14.709971362423865,14.829044342041016,1939300,0.0,0.0
2023-10-18 00:00:00-04:00,14.829044897561147,14.98475451342241,14.801566113463021,14.90231990814209,2324500,0.0,0.0
2023-10-19 00:00:00-04:00,14.801565669103077,14.984754063562939,14.755769443995113,14.893159866333008,1322100,0.0,0.0
2023-10-20 00:00:00-04:00,14.8015666910542,14.884001299551306,14.728291677613898,14.774087905883789,1411900,0.0,0.0
2023-10-23 00:00:00-04:00,14.673335243363395,14.838204453493283,14.572581448947561,14.719131469726562,1348200,0.0,0.0
2023-10-24 00:00:00-04:00,14.792406761354403,14.801566356203994,14.636697142939553,14.6824951171875,7882400,0.0,0.0
2023-10-25 00:00:00-04:00,14.682494897371857,14.801566134605702,14.645856518522022,14.700812339782715,1041700,0.0,0.0
2023-10-26 00:00:00-04:00,14.600059541300393,14.618378730879433,14.462669113485735,14.51762580871582,2722400,0.0,0.0
2023-10-27 00:00:00-04:00,14.563421625435927,14.581740814498964,14.30695909310249,14.325278282165527,1711300,0.0,0.0
2023-10-30 00:00:00-04:00,14.500477696070371,14.5284346656787,14.22090533377895,14.36069107055664,2254100,0.268,0.0
2023-10-31 00:00:00-04:00,14.397966516272728,14.8080061948949,14.332733294611197,14.612305641174316,2164300,0.0,0.0
2023-11-01 00:00:00-04:00,14.714816117133637,14.854601855553243,14.537754122553068,14.789368629455566,2260300,0.0,0.0
2023-11-02 00:00:00-04:00,14.91051590349444,15.273959159851074,14.780048569393903,15.273959159851074,3079900,0.0,0.0
2023-11-03 00:00:00-04:00,15.031663027862406,15.246003044351081,14.845282645989128,15.134173393249512,4700800,0.0,0.0
2023-11-06 00:00:00-05:00,15.134174331812378,15.367151156706297,15.134174331812378,15.190088272094727,3078500,0.0,0.0
2023-11-07 00:00:00-05:00,15.087579661587727,15.096898947870109,14.88255980705559,14.929155349731445,2835800,0.0,0.0
2023-11-08 00:00:00-05:00,14.891877128161608,14.947792841814108,14.556390844870535,14.686858177185059,2633200,0.0,0.0
2023-11-09 00:00:00-05:00,14.780049251582339,14.845283366011557,14.556391716003418,14.556391716003418,3104900,0.0,0.0
2023-11-10 00:00:00-05:00,14.612305650063918,14.826643886359912,14.612305650063918,14.677538871765137,1160200,0.0,0.0
2023-11-13 00:00:00-05:00,14.62162408086656,14.770729984543461,14.62162408086656,14.72413444519043,1282600,0.0,0.0
2023-11-14 00:00:00-05:00,14.938474559224145,14.975749926689955,14.696178449544032,14.891878128051758,1567100,0.0,0.0
2023-11-15 00:00:00-05:00,14.89187717997953,15.050301480935568,14.79868698977574,14.863920211791992,4839300,0.0,0.0
2023-11-16 00:00:00-05:00,14.789367618208326,14.873239411019638,14.547071525361421,14.640262603759766,2102400,0.0,0.0
2023-11-17 00:00:00-05:00,14.752091469923487,14.9105157710902,14.705495930391631,14.873239517211914,1197600,0.0,0.0
2023-11-20 00:00:00-05:00,14.85460189406538,14.957111376589788,14.78936866779858,14.80800724029541,1739300,0.0,0.0
2023-11-21 00:00:00-05:00,14.752092365975702,14.891878104325958,14.64958288376792,14.817325592041016,1460000,0.0,0.0
2023-11-22 00:00:00-05:00,14.640263631124153,14.808007228517999,14.584348802414187,14.770730972290039,1232600,0.0,0.0
2023-11-24 00:00:00-05:00,14.808007218149612,14.938474559224145,14.808007218149612,14.891878128051758,623700,0.0,0.0
2023-11-27 00:00:00-05:00,14.826644912263953,14.88255974097392,14.705496857339071,14.770730972290039,2299800,0.0,0.0
2023-11-28 00:00:00-05:00,14.752092376163594,14.845283460952155,14.658901291375033,14.696178436279297,2307400,0.0,0.0
2023-11-29 00:00:00-05:00,14.798687946641904,14.947793860333777,14.714816147920242,14.83596420288086,1185200,0.0,0.0
2023-11-30 00:00:00-05:00,14.86392030127586,15.11553479395046,14.86392030127586,15.05962085723877,1754400,0.0,0.0
2023-12-01 00:00:00-05:00,15.040984263935345,15.22736644744873,14.985070319870223,15.22736644744873,1917900,0.0,0.0
2023-12-04 00:00:00-05:00,15.124854119214913,15.199406627516197,14.975749102612347,15.078259468078613,1156100,0.0,0.0
2023-12-05 00:00:00-05:00,15.0037067869463,15.01302607256061,14.733453725283251,14.752091407775879,1813300,0.0,0.0
2023-12-06 00:00:00-05:00,14.770731812068531,14.79868878364496,14.500478716866779,14.519116401672363,1610500,0.0,0.0
2023-12-07 00:00:00-05:00,14.630943165295296,14.668219418517939,14.230223665335872,14.295456886291504,1873800,0.0,0.0
2023-12-08 00:00:00-05:00,14.304777099773162,14.332734069319798,14.183629046756351,14.314095497131348,1503200,0.0,0.0
2023-12-11 00:00:00-05:00,14.314095491703288,14.351371747330015,14.211586010913802,14.248862266540527,1078100,0.0,0.0
2023-12-12 00:00:00-05:00,14.146352691278649,14.155671088571072,13.913375872983472,14.015885353088379,1538100,0.0,0.0
2023-12-13 00:00:00-05:00,14.015885470915222,14.360691058242425,13.922694387319314,14.32341480255127,1687900,0.0,0.0
2023-12-14 00:00:00-05:00,14.509796086367109,14.593667883887203,14.370010349657646,14.38864803314209,2098100,0.0,0.0
2023-12-15 00:00:00-05:00,14.453882116855539,14.621624822807785,14.211586010913802,14.248862266540527,1981500,0.0,0.0
2023-12-18 00:00:00-05:00,14.342053466590965,14.565711002169884,14.314095608091565,14.556391716003418,3040200,0.0,0.0
2023-12-19 00:00:00-05:00,14.565710071423602,14.668219546496259,14.453881310779979,14.658900260925293,1933000,0.0,0.0
2023-12-20 00:00:00-05:00,14.630944287782828,14.86392111048235,14.630944287782828,14.742773056030273,2895600,0.0,0.0
2023-12-21 00:00:00-05:00,14.835964198504957,14.835964198504957,14.714816143580073,14.770730972290039,1757000,0.0,0.0
2023-12-22 00:00:00-05:00,14.901197390545587,14.99438847526979,14.770730938414964,14.817325592041016,1778200,0.0,0.0
2023-12-26 00:00:00-05:00,14.938473647891527,14.938473647891527,14.780048457778404,14.882558822631836,962200,0.0,0.0
2023-12-27 00:00:00-05:00,14.873240432500532,14.975749914790178,14.798687920156052,14.854601860046387,1710600,0.0,0.0
2023-12-28 00:00:00-05:00,14.835963229418887,14.957110387694378,14.789367689993549,14.826643943786621,1102700,0.0,0.0
2023-12-29 00:00:00-05:00,14.826643957963277,14.882558783074348,14.780048418493385,14.863920211791992,1551200,0.0,0.0
2024-01-02 00:00:00-05:00,14.910515872076228,15.040982317165854,14.86392033222879,15.013026237487793,3191100,0.0,0.0
2024-01-03 00:00:00-05:00,15.040982305530255,15.162131242281475,14.975749083035906,15.068940162658691,2350400,0.0,0.0
2024-01-04 00:00:00-05:00,15.162132163328168,15.236684676060802,15.013027137862903,15.050302505493164,1282500,0.0,0.0
2024-01-05 00:00:00-05:00,15.096898000027895,15.199406587753991,14.975749063435238,15.05962085723877,1678500,0.0,0.0
2024-01-08 00:00:00-05:00,14.9384746019101,15.040983195838065,14.808007260462762,14.975749969482422,1908200,0.0,0.0
2024-01-09 00:00:00-05:00,15.003706928643398,15.134173373531913,14.929154420496817,15.12485408782959,2135000,0.0,0.0
2024-01-10 00:00:00-05:00,15.143493675206209,15.255323333664695,15.096899021040576,15.218046188354492,1896700,0.0,0.0
2024-01-11 00:00:00-05:00,15.255322409323123,15.301917060665518,15.059620963246628,15.1714506149292,2133200,0.0,0.0
2024-01-12 00:00:00-05:00,15.376469651336217,15.441702874552425,15.227364633278597,15.395108222961426,1804700,0.0,0.0
2024-01-16 00:00:00-05:00,15.460342323567682,15.48830018259213,15.19940763842253,15.292598724365234,2082400,0.0,0.0
2024-01-17 00:00:00-05:00,15.236683750485303,15.283278401560695,15.003706940164342,15.068940162658691,1683400,0.0,0.0
2024-01-18 00:00:00-05:00,15.068940225475496,15.339192402288951,15.05962093972717,15.283278465270996,3404800,0.0,0.0
2024-01-19 00:00:00-05:00,15.292598762475663,15.376470562285903,15.218046249030131,15.311237335205078,3165000,0.0,0.0
2024-01-22 00:00:00-05:00,15.376469743398804,15.628085129429527,15.348511885793602,15.562851905822754,2859800,0.0,0.0
2024-01-23 00:00:00-05:00,15.525573675614494,15.572168324223005,15.246002229019602,15.320554733276367,4039300,0.0,0.0
2024-01-24 00:00:00-05:00,15.36715225097809,15.478981916978125,15.311238306714193,15.385790824890137,4096900,0.0,0.0
2024-01-25 00:00:00-05:00,15.516255483414822,15.665360502431803,15.451022259778897,15.628085136413574,2429400,0.0,0.0
2024-01-26 00:00:00-05:00,15.60944763791003,15.889019123421049,15.60944763791003,15.879701614379883,2840300,0.0,0.0
2024-01-29 00:00:00-05:00,15.842422434300243,15.870380290250665,15.758550643920898,15.758550643920898,4048200,0.0,0.0
2024-01-30 00:00:00-05:00,15.671174049377441,15.813638905700358,15.61418846915606,15.671174049377441,1191900,0.318,0.0
2024-01-31 00:00:00-05:00,15.699666766538309,15.718660751068725,15.348251785412698,15.367247581481934,1579900,0.0,0.0
2024-02-01 00:00:00-05:00,15.386244095963315,15.652178007194303,15.272271125765103,15.443229675292969,2022700,0.0,0.0
2024-02-02 00:00:00-05:00,15.386242883591223,15.424232662971253,15.129805079505658,15.21528434753418,3205500,0.0,0.0
2024-02-05 00:00:00-05:00,15.139302534823841,15.338753864405062,15.025330475887344,15.300764083862305,1375400,0.0,0.0
2024-02-06 00:00:00-05:00,15.300763541875417,15.424232588689353,15.082316423991289,15.148799896240234,3364900,0.0,0.0
2024-02-07 00:00:00-05:00,15.196289339809134,15.253274917602539,15.09181517667494,15.253274917602539,2161100,0.0,0.0
2024-02-08 00:00:00-05:00,15.262772560119629,15.357749729210006,15.158298398735743,15.262772560119629,4775700,0.0,0.0
2024-02-09 00:00:00-05:00,15.414735351540788,15.519210419002412,14.996837799002531,15.395739555358887,4209100,0.0,0.0
2024-02-12 00:00:00-05:00,15.500213862958455,15.756651664226359,15.405236698243815,15.661674499511719,2233900,0.0,0.0
2024-02-13 00:00:00-05:00,15.61418730854084,15.6901686803679,15.443228769045254,15.57619571685791,1118900,0.0,0.0
2024-02-14 00:00:00-05:00,15.680671297308512,15.737656875165182,15.538206446897412,15.55720043182373,1477100,0.0,0.0
2024-02-15 00:00:00-05:00,15.585694992688024,15.918114203147182,15.538207310424841,15.832634925842285,2381000,0.0,0.0
2024-02-16 00:00:00-05:00,15.766149622967179,16.1365585740975,15.747153827642867,16.03208351135254,2389600,0.0,0.0
2024-02-20 00:00:00-05:00,16.05108070373535,16.108066283129464,15.927611646458294,16.05108070373535,2736400,0.0,0.0
2024-02-21 00:00:00-05:00,15.994094611445918,16.364503582937804,15.994094611445918,16.307518005371094,1810500,0.0,0.0
2024-02-22 00:00:00-05:00,16.250532010018972,16.449982432144203,16.212540418258662,16.355005264282227,2951000,0.0,0.0
2024-02-23 00:00:00-05:00,16.307519030427848,16.42149200426422,16.250533449279143,16.269527435302734,1556500,0.0,0.0
2024-02-26 00:00:00-05:00,16.222039253456593,16.269526934361867,16.05108070373535,16.05108070373535,1111100,0.0,0.0
2024-02-27 00:00:00-05:00,16.060577812905205,16.269526134773834,16.060577812905205,16.250532150268555,2020900,0.0,0.0
2024-02-28 00:00:00-05:00,16.231535467858343,16.383498204835167,16.174549894376714,16.212539672851562,1770300,0.0,0.0
2024-02-29 00:00:00-05:00,16.279022596144983,16.459479019560703,16.241032818948266,16.336009979248047,1543800,0.0,0.0
2024-03-01 00:00:00-05:00,16.46898060589327,16.582951774552296,16.42149292087519,16.440486907958984,1574800,0.0,0.0
2024-03-04 00:00:00-05:00,16.497473604127773,16.57345498385758,16.40249642658077,16.430988311767578,2354300,0.0,0.0
2024-03-05 00:00:00-05:00,16.38350132362947,16.563957787468503,16.38350132362947,16.440486907958984,3269400,0.0,0.0
2024-03-06 00:00:00-05:00,16.48797374841312,16.63043859205629,16.478475850631735,16.53546142578125,1804700,0.0,0.0
2024-03-07 00:00:00-05:00,16.45947982660274,16.61144256591797,16.45947982660274,16.61144256591797,2492000,0.0,0.0
2024-03-08 00:00:00-05:00,16.57345441532964,16.658933691035806,16.5259649224157,16.554458618164062,1194600,0.0,0.0
2024-03-11 00:00:00-04:00,16.50696726298198,16.525963058004507,16.35500452587922,16.449981689453125,932900,0.0,0.0
2024-03-12 00:00:00-04:00,16.459480749870675,16.59244770134538,16.37400147776869,16.544960021972656,1100900,0.0,0.0
2024-03-13 00:00:00-04:00,16.649434668533583,16.744410024872305,16.582949382942157,16.59244728088379,2545800,0.0,0.0
2024-03-14 00:00:00-04:00,16.592447986145167,16.65893327456255,16.31701618028581,16.364503860473633,1459900,0.0,0.0
2024-03-15 00:00:00-04:00,16.364504269586156,16.60194629953908,16.364504269586156,16.554458618164062,1166000,0.0,0.0
2024-03-18 00:00:00-04:00,16.601946847633673,16.67792822726549,16.535463366898206,16.66843032836914,1259100,0.0,0.0
2024-03-19 00:00:00-04:00,16.62094047341168,16.867880377829874,16.62094047341168,16.84888458251953,1368300,0.0,0.0
2024-03-20 00:00:00-04:00,16.782403228457973,17.01984526518684,16.782403228457973,17.010347366333008,1060000,0.0,0.0
2024-03-21 00:00:00-04:00,16.99135082180634,17.16230937058324,16.924867344290636,17.105323791503906,2256500,0.0,0.0
2024-03-22 00:00:00-04:00,17.114821978861208,17.114821978861208,16.896375745753684,16.924867630004883,1886000,0.0,0.0
2024-03-25 00:00:00-04:00,17.00084654295283,17.133815292493896,16.934363073951626,17.048336029052734,2685100,0.0,0.0
2024-03-26 00:00:00-04:00,17.09582618166779,17.124319877457918,16.896375745753684,16.924867630004883,1582400,0.0,0.0
2024-03-27 00:00:00-04:00,17.01034592441283,17.124318889458664,16.915368755464442,17.0958251953125,2146000,0.0,0.0
2024-03-28 00:00:00-04:00,17.114820991409943,17.390252788667567,17.114820991409943,17.333267211914062,2474600,0.0,0.0
2024-04-01 00:00:00-04:00,17.46623420715332,17.56121137634986,17.285779578372605,17.46623420715332,1640400,0.0,0.0
2024-04-02 00:00:00-04:00,17.50422486992984,17.589704136513685,17.456735382083966,17.532716751098633,1965500,0.0,0.0
2024-04-03 00:00:00-04:00,17.58970379304707,18.036094100849436,17.542214306128503,17.922122955322266,3392600,0.0,0.0
2024-04-04 00:00:00-04:00,17.92212421016302,18.245043686125427,17.92212421016302,18.04559326171875,3968600,0.0,0.0
2024-04-05 00:00:00-04:00,18.045594726151172,18.349520242219064,18.02659892851219,18.330524444580078,2742100,0.0,0.0
2024-04-08 00:00:00-04:00,18.37801130146196,18.77691393694391,18.37801130146196,18.662940979003906,3134400,0.0,0.0
2024-04-09 00:00:00-04:00,18.719928003443485,18.729425901636358,18.302031352190212,18.34002113342285,2357000,0.0,0.0
2024-04-10 00:00:00-04:00,18.2355468519439,18.30203032402025,18.102578096252447,18.14056968688965,1698100,0.0,0.0
2024-04-11 00:00:00-04:00,18.169063344565647,18.169063344565647,17.884133633086456,18.00760269165039,1120100,0.0,0.0
2024-04-12 00:00:00-04:00,18.140571141462736,18.28303599469806,17.713174770217872,17.817649841308594,1677500,0.0,0.0
2024-04-15 00:00:00-04:00,17.86513540065166,17.941116767458087,17.551712036132812,17.551712036132812,1476800,0.0,0.0
2024-04-16 00:00:00-04:00,17.646689890210258,17.646689890210258,17.29527492272478,17.323768615722656,1733100,0.0,0.0
2024-04-17 00:00:00-04:00,17.399750174254407,17.399750174254407,17.152810266877058,17.352262496948242,1225600,0.0,0.0
2024-04-18 00:00:00-04:00,17.352262822957837,17.779657361359394,17.352262822957837,17.54221534729004,3135500,0.0,0.0
2024-04-19 00:00:00-04:00,17.551714120140804,17.91262701397844,17.54221622171993,17.817649841308594,1138200,0.0,0.0
2024-04-22 00:00:00-04:00,17.76066519628361,17.884134259169922,17.60870243663631,17.75116729736328,5334000,0.0,0.0
2024-04-23 00:00:00-04:00,17.75116562314022,18.026597419696145,17.7036761330176,17.912626266479492,2121200,0.0,0.0
2024-04-24 00:00:00-04:00,17.922124903164224,18.074087654742115,17.77965823846342,18.055091857910156,1736700,0.0,0.0
2024-04-25 00:00:00-04:00,17.988607917925478,18.1595664619388,17.893630747747093,17.96961212158203,2778600,0.0,0.0
2024-04-26 00:00:00-04:00,17.893631217136694,18.140571141462736,17.732170567059622,17.817649841308594,2403900,0.0,0.0
2024-04-29 00:00:00-04:00,17.874635645367196,17.988608616313908,17.779658471501424,17.979110717773438,1405800,0.0,0.0
2024-04-30 00:00:00-04:00,17.890240242333554,17.899900420127953,17.55214138949163,17.59078025817871,1245900,0.318,0.0
2024-05-01 00:00:00-04:00,17.494180148119725,17.58111989575457,16.99186201567181,17.17540168762207,2549600,0.0,0.0
2024-05-02 00:00:00-04:00,17.262343043335107,17.532820645626316,17.262343043335107,17.445880889892578,2608900,0.0,0.0
2024-05-03 00:00:00-04:00,17.436219866122006,17.9192176667624,17.233361674248428,17.77431869506836,2961600,0.0,0.0
2024-05-06 00:00:00-04:00,17.75499868209694,17.88057914447172,17.532820131729768,17.74534034729004,1867500,0.0,0.0
2024-05-07 00:00:00-04:00,17.832276686083134,17.89989792120364,17.552138939116386,17.648738861083984,4231300,0.0,0.0
2024-05-08 00:00:00-04:00,17.648740805298385,17.91921840561561,17.513500162649308,17.890239715576172,3584900,0.0,0.0
2024-05-09 00:00:00-04:00,17.899899072810648,17.98683882392581,17.85159818747423,17.90955924987793,1985100,0.0,0.0
2024-05-10 00:00:00-04:00,18.0061567949837,18.015816971760962,17.745339391958925,17.832277297973633,1318300,0.0,0.0
2024-05-13 00:00:00-04:00,17.957857488429273,17.99649635247747,17.532818928957315,17.552139282226562,1935100,0.0,0.0
2024-05-14 00:00:00-04:00,17.542478694447052,17.72601836122267,17.484519478488004,17.716358184814453,1474500,0.0,0.0
2024-05-15 00:00:00-04:00,17.68738018012837,17.774319937721074,17.523160842729983,17.658401489257812,2091300,0.0,0.0
2024-05-16 00:00:00-04:00,17.70669877336248,17.735679303839134,17.44587952654359,17.45553970336914,1597100,0.0,0.0
2024-05-17 00:00:00-04:00,17.54247997185982,17.783978872180015,17.407241177277434,17.77431869506836,1401800,0.0,0.0
2024-05-20 00:00:00-04:00,17.7356797476476,17.97717864685853,17.697039039378467,17.90955924987793,2000400,0.0,0.0
2024-05-21 00:00:00-04:00,17.88057992533621,18.0447992615815,17.841939214459433,18.035139083862305,1648600,0.0,0.0
2024-05-22 00:00:00-04:00,17.919218021309394,17.957858730520552,17.600439540279048,17.677719116210938,1023600,0.0,0.0
2024-05-23 00:00:00-04:00,17.726019959980974,17.81295971300601,17.42656183427831,17.436220169067383,775800,0.0,0.0
2024-05-24 00:00:00-04:00,17.474860878185364,17.600439497837957,17.39758130243982,17.436220169067383,716400,0.0,0.0
2024-05-28 00:00:00-04:00,17.571459719073996,17.67771797757968,17.088461939987226,17.17540168762207,2845400,0.0,0.0
2024-05-29 00:00:00-04:00,17.185063305340133,17.19472164034029,16.972543085527473,17.09812355041504,2539100,0.0,0.0
2024-05-30 00:00:00-04:00,17.06914368057087,17.252683375036728,17.059483502705245,17.21404266357422,993300,0.0,0.0
2024-05-31 00:00:00-04:00,17.24302195076713,17.426561631965903,17.175402553086105,17.397581100463867,1514300,0.0,0.0
2024-06-03 00:00:00-04:00,17.43622122701205,17.465201760608934,17.078803858436498,17.21404266357422,1900300,0.0,0.0
2024-06-04 00:00:00-04:00,17.06914205518915,17.272000243578884,16.914582909037822,17.252681732177734,1718000,0.0,0.0
2024-06-05 00:00:00-04:00,17.23336158091561,17.32030133195926,17.02084321308134,17.29132080078125,614300,0.0,0.0
2024-06-06 00:00:00-04:00,17.204380304788334,17.30098022870855,17.17540161735548,17.24302101135254,551000,0.0,0.0
2024-06-07 00:00:00-04:00,17.146421087432326,17.32030058199065,17.03050081023001,17.24302101135254,870500,0.0,0.0
2024-06-10 00:00:00-04:00,17.262342159482372,17.571460456268227,17.20438109696724,17.532819747924805,868700,0.0,0.0
2024-06-11 00:00:00-04:00,17.407239986955766,17.50383990897634,17.27199935913086,17.27199935913086,992800,0.0,0.0
2024-06-12 00:00:00-04:00,17.465198788647047,17.465198788647047,17.127099990844727,17.127099990844727,675200,0.0,0.0
2024-06-13 00:00:00-04:00,17.078801839707644,17.09812219315522,16.924242697107694,17.0401611328125,805600,0.0,0.0
2024-06-14 00:00:00-04:00,16.991862584589636,17.04016162711933,16.79866272949013,16.80832290649414,1025600,0.0,0.0
2024-06-17 00:00:00-04:00,16.86628109791015,17.07880129406309,16.78900152907915,17.030500411987305,1135600,0.0,0.0
2024-06-18 00:00:00-04:00,17.165741241256335,17.310640204207846,17.10778018208351,17.136760711669922,862400,0.0,0.0
2024-06-20 00:00:00-04:00,17.13676165281262,17.339621686077933,17.13676165281262,17.29132080078125,1201700,0.0,0.0
2024-06-21 00:00:00-04:00,17.291320256711437,17.349279474753395,17.233361038669475,17.281660079956055,920900,0.0,0.0
2024-06-24 00:00:00-04:00,17.300979811712384,17.832276616732553,17.300979811712384,17.716358184814453,1085500,0.0,0.0
2024-06-25 00:00:00-04:00,17.735680636374028,17.84193890445793,17.658401058453705,17.822620391845703,1030900,0.0,0.0
2024-06-26 00:00:00-04:00,17.851597574446913,17.986838206254305,17.793638356523928,17.967517852783203,1332100,0.0,0.0
2024-06-27 00:00:00-04:00,18.0447992615815,18.10275848540616,17.96751968231845,18.035139083862305,1373000,0.0,0.0
2024-06-28 00:00:00-04:00,18.180036544799805,18.324935513493006,18.006157045371822,18.180036544799805,1493000,0.0,0.0
2024-07-01 00:00:00-04:00,18.180036394850276,18.402214934513342,18.035137427352208,18.382896423339844,1476300,0.0,0.0
2024-07-02 00:00:00-04:00,18.450516799805722,18.89487390276118,18.392557578222497,18.778955459594727,2812500,0.0,0.0
2024-07-03 00:00:00-04:00,18.856234728980418,19.271613135629117,18.798273665850083,19.117053985595703,1283200,0.0,0.0
2024-07-05 00:00:00-04:00,19.117054849709344,19.1750140729691,18.74997546991976,18.788616180419922,983400,0.0,0.0
2024-07-08 00:00:00-04:00,18.749973159475136,19.02045257217528,18.730652806605786,18.885211944580078,1141400,0.0,0.0
2024-07-09 00:00:00-04:00,18.82725238825607,19.001131875957736,18.76929317318559,18.9818115234375,1030800,0.0,0.0
2024-07-10 00:00:00-04:00,18.93351453659836,18.95283489121249,18.798273896789865,18.846574783325195,984200,0.0,0.0
2024-07-11 00:00:00-04:00,18.875554844003965,18.875554844003965,18.692015164732776,18.76929473876953,999400,0.0,0.0
2024-07-12 00:00:00-04:00,18.77895444312805,18.894872880020074,18.576094414831513,18.692014694213867,1013300,0.0,0.0
2024-07-15 00:00:00-04:00,18.817594176858115,19.001133859984417,18.701675734613392,18.914194107055664,808800,0.0,0.0
2024-07-16 00:00:00-04:00,18.952835284072574,19.078413906686606,18.875555706504603,18.991474151611328,639300,0.0,0.0
2024-07-17 00:00:00-04:00,19.07841226109491,19.271612109595793,19.00113269019262,19.030113220214844,980400,0.0,0.0
2024-07-18 00:00:00-04:00,19.00113282314611,19.27161224444186,18.94317360518642,19.136371612548828,452600,0.0,0.0
2024-07-19 00:00:00-04:00,19.136371137517845,19.310250629570945,18.962491645464745,19.059091567993164,1109700,0.0,0.0
2024-07-22 00:00:00-04:00,19.001134290332043,19.416512709845918,19.001134290332043,19.30059242248535,1450300,0.0,0.0
2024-07-23 00:00:00-04:00,19.30059195346194,19.30059195346194,19.11705411312935,19.223312377929688,649600,0.0,0.0
2024-07-24 00:00:00-04:00,19.26195195189576,19.26195195189576,18.605074677334073,18.65337371826172,5207400,0.0,0.0
2024-07-25 00:00:00-04:00,18.68235426159246,18.68235426159246,18.344255447387695,18.344255447387695,1815500,0.0,0.0
2024-07-26 00:00:00-04:00,18.392557652139736,18.807934224727703,18.353916942602,18.711336135864258,1643700,0.0,0.0
2024-07-29 00:00:00-04:00,18.84657336004824,18.84657336004824,18.527794902950653,18.614734649658203,1523700,0.0,0.0
2024-07-30 00:00:00-04:00,18.585756059227446,18.894874372001965,18.527796836204846,18.85623550415039,2113400,0.0,0.0
2024-07-31 00:00:00-04:00,18.99174924142806,19.099769096222186,18.726610619480724,18.756071090698242,1330700,0.318,0.0
2024-08-01 00:00:00-04:00,18.775710470816023,18.883728447233178,18.432012482389876,18.64805030822754,2058200,0.0,0.0
2024-08-02 00:00:00-04:00,18.422192230709673,18.510571766505986,17.91155532899838,18.068674087524414,1759400,0.0,0.0
2024-08-05 00:00:00-04:00,17.616957836426142,17.646416432540114,16.97866265624473,17.60713768005371,2413200,0.0,0.0
2024-08-06 00:00:00-04:00,17.82317579320206,18.186514092920614,17.666057034676026,18.068674087524414,1316500,0.0,0.0
2024-08-07 00:00:00-04:00,18.284714811524882,18.382912636362743,17.960657119750977,17.960657119750977,993000,0.0,0.0
2024-08-08 00:00:00-04:00,18.1374133287634,18.343632870166363,17.999934883163657,18.333812713623047,1291600,0.0,0.0
2024-08-09 00:00:00-04:00,18.333812346047356,18.34363250239379,17.82317545405275,18.088314056396484,1880400,0.0,0.0
2024-08-12 00:00:00-04:00,18.147234630871488,18.196335416687614,17.774078023686243,17.793718338012695,1453500,0.0,0.0
2024-08-13 00:00:00-04:00,17.852635710468288,17.980293995444885,17.65623633188537,17.941015243530273,1241500,0.0,0.0
2024-08-14 00:00:00-04:00,18.05885476822406,18.147234308117767,17.931196473379494,18.127593994140625,978300,0.0,0.0
2024-08-15 00:00:00-04:00,18.314173525714686,18.422193381324302,18.12759428593538,18.323993682861328,2319400,0.0,0.0
2024-08-16 00:00:00-04:00,18.245433236089475,18.432012465002526,18.206154482793934,18.382911682128906,3051300,0.0,0.0
2024-08-19 00:00:00-04:00,18.402553069159083,18.667691693138732,18.373092597715743,18.58913230895996,792000,0.0,0.0
2024-08-20 00:00:00-04:00,18.59895176424811,18.61859020479912,18.245433612282454,18.36327362060547,849300,0.0,0.0
2024-08-21 00:00:00-04:00,18.392732332751066,18.471291714455692,18.26507403985733,18.461471557617188,619800,0.0,0.0
2024-08-22 00:00:00-04:00,18.530212804228967,18.64805094123009,18.432013108059085,18.55967140197754,1289600,0.0,0.0
2024-08-23 00:00:00-04:00,18.618590674622162,18.814990069115346,18.589132076550587,18.70697021484375,947900,0.0,0.0
2024-08-26 00:00:00-04:00,18.8051700592041,18.942650385626223,18.5989523790761,18.8051700592041,929500,0.0,0.0
2024-08-27 00:00:00-04:00,18.78552939206587,18.893549245153082,18.54003108814288,18.55967140197754,1421700,0.0,0.0
2024-08-28 00:00:00-04:00,18.481111161790203,18.549850384017372,18.166873647035526,18.235612869262695,828800,0.0,0.0
2024-08-29 00:00:00-04:00,18.353453871496495,18.697151874319196,18.304353086519864,18.65787124633789,1536100,0.0,0.0
2024-08-30 00:00:00-04:00,18.56949199675138,18.91319000494843,18.56949199675138,18.854270935058594,1874300,0.0,0.0
2024-09-03 00:00:00-04:00,18.66769160240263,18.726610671999463,18.265074526317957,18.54003143310547,1286700,0.0,0.0
2024-09-04 00:00:00-04:00,18.559671982356548,18.824810608405343,18.412373369997265,18.42219352722168,1144000,0.0,0.0
2024-09-05 00:00:00-04:00,18.608771782975165,18.706969604011903,18.500751932230703,18.53021240234375,944000,0.0,0.0
2024-09-06 00:00:00-04:00,18.50075197657406,18.608771827577428,18.17669429656733,18.314172744750977,1214900,0.0,0.0
2024-09-09 00:00:00-04:00,18.39273197402947,18.500751824142842,18.176694146806085,18.215972900390625,1012500,0.0,0.0
2024-09-10 00:00:00-04:00,18.215973768662696,18.274894711353046,17.90173623299465,18.009756088256836,2357700,0.0,0.0
2024-09-11 00:00:00-04:00,18.009754618948953,18.15705321765071,17.85263586393331,18.039215087890625,1211700,0.0,0.0
2024-09-12 00:00:00-04:00,18.06867452419497,18.294532510909104,18.029395770115872,18.098134994506836,1315700,0.0,0.0
2024-09-13 00:00:00-04:00,18.16687462843361,18.402552777231257,18.107955559485056,18.392732620239258,1281000,0.0,0.0
2024-09-16 00:00:00-04:00,18.441833264976417,18.62841062739543,18.422192951141756,18.55967140197754,661500,0.0,0.0
2024-09-17 00:00:00-04:00,18.569491271765937,18.814989571892937,18.53021251770738,18.62841033935547,1107800,0.0,0.0
2024-09-18 00:00:00-04:00,18.60877090273325,18.76588965656397,18.42219168018304,18.471290588378906,1014900,0.0,0.0
2024-09-19 00:00:00-04:00,18.746249942010774,18.795348851772687,18.56949087006252,18.59895133972168,1012300,0.0,0.0
2024-09-20 00:00:00-04:00,18.55967105737961,18.81498951347943,18.44183292256639,18.57931137084961,930500,0.0,0.0
2024-09-23 00:00:00-04:00,18.57931215390026,18.854270935058594,18.500752769712662,18.854270935058594,816200,0.0,0.0
2024-09-24 00:00:00-04:00,18.96228740526549,18.96228740526549,18.697150675406693,18.88372802734375,1004200,0.0,0.0
2024-09-25 00:00:00-04:00,18.88372909660284,18.91318956736788,18.74625064570614,18.824810028076172,741700,0.0,0.0
2024-09-26 00:00:00-04:00,18.805168674634025,18.805168674634025,17.98029426884822,18.137413024902344,1788800,0.0,0.0
2024-09-27 00:00:00-04:00,18.22579392877211,18.304353312702027,18.049034846678932,18.27489471435547,996300,0.0,0.0
2024-09-30 00:00:00-04:00,18.27489378165164,18.27489378165164,18.00975517204387,18.166873931884766,1576500,0.0,0.0
2024-10-01 00:00:00-04:00,18.039214959487637,18.304351686062237,18.039214959487637,18.206153869628906,1929500,0.0,0.0
2024-10-02 00:00:00-04:00,18.343632562850452,18.382911315362325,17.999934581605814,18.137413024902344,1331100,0.0,0.0
2024-10-03 00:00:00-04:00,18.166873856495037,18.47129121829807,18.06867416375115,18.382911682128906,712700,0.0,0.0
2024-10-04 00:00:00-04:00,18.490932119697415,18.579311658678186,18.43201305137804,18.51057243347168,532900,0.0,0.0
2024-10-07 00:00:00-04:00,18.559671137139308,18.648050675130722,18.33381315027387,18.36327362060547,1142500,0.0,0.0
2024-10-08 00:00:00-04:00,18.245433807373047,18.31417303254506,18.107955357029024,18.245433807373047,1542900,0.0,0.0
2024-10-09 00:00:00-04:00,18.23561245763283,18.51057121333823,18.098134016281772,18.471290588378906,1128100,0.0,0.0
2024-10-10 00:00:00-04:00,18.45165287123192,18.569491004716344,18.33381286474414,18.4320125579834,775500,0.0,0.0
2024-10-11 00:00:00-04:00,18.540030686044723,18.598951626270818,18.422192551599284,18.53021240234375,1462400,0.0,0.0
2024-10-14 00:00:00-04:00,18.461471937171105,18.579311948652443,18.37309239681096,18.44183349609375,779600,0.0,0.0
2024-10-15 00:00:00-04:00,18.323992691725664,18.33381284834114,18.098134708579792,18.166873931884766,1770900,0.0,0.0
2024-10-16 00:00:00-04:00,18.235612869262695,18.353452873797362,18.176693803497024,18.235612869262695,1366700,0.0,0.0
2024-10-17 00:00:00-04:00,18.26507397163116,18.343633353042335,18.058854424799694,18.147233963012695,1425800,0.0,0.0
2024-10-18 00:00:00-04:00,18.147234251336254,18.157054408294098,17.970475172101903,18.078495025634766,1198700,0.0,0.0
2024-10-21 00:00:00-04:00,18.15705385243191,18.15705385243191,17.911555555011788,17.950836181640625,1564500,0.0,0.0
2024-10-22 00:00:00-04:00,17.960656245424712,18.01957531205993,17.891915149179702,17.901735305786133,558500,0.0,0.0
2024-10-23 00:00:00-04:00,17.872277778100187,17.94101700545386,17.74461760758325,17.842817306518555,952700,0.0,0.0
2024-10-24 00:00:00-04:00,17.842815836997055,17.999934593151963,17.813355367841766,17.872276306152344,1418500,0.0,0.0
2024-10-25 00:00:00-04:00,17.734797101293175,17.862457269297213,17.518759266290825,17.597318649291992,3075900,0.0,0.0
2024-10-28 00:00:00-04:00,17.450019744742555,17.489298499076163,17.32235957890067,17.40091896057129,1710500,0.0,0.0
2024-10-29 00:00:00-04:00,17.41073984339095,17.430380157878407,17.165241531308155,17.36164093017578,1801500,0.0,0.0
2024-10-30 00:00:00-04:00,17.371459523033202,17.42055843182677,17.29290014516151,17.341999053955078,1369700,0.0,0.0
2024-10-31 00:00:00-04:00,17.329999923706055,17.40999984741211,17.170000076293945,17.200000762939453,1814800,0.318,0.0
2024-11-01 00:00:00-04:00,17.309999465942383,17.459999084472656,17.219999313354492,17.329999923706055,2446000,0.0,0.0
2024-11-04 00:00:00-05:00,17.389999389648438,17.950000762939453,17.290000915527344,17.84000015258789,2890700,0.0,0.0
2024-11-05 00:00:00-05:00,17.899999618530273,17.93000030517578,17.780000686645508,17.899999618530273,1624500,0.0,0.0
2024-11-06 00:00:00-05:00,18.280000686645508,18.639999389648438,18.25,18.350000381469727,2317600,0.0,0.0
2024-11-07 00:00:00-05:00,18.299999237060547,18.8700008392334,18.299999237060547,18.81999969482422,3653000,0.0,0.0
2024-11-08 00:00:00-05:00,18.889999389648438,19.0,18.100000381469727,18.270000457763672,2842900,0.0,0.0
2024-11-11 00:00:00-05:00,18.3700008392334,18.5,18.190000534057617,18.31999969482422,1561900,0.0,0.0
2024-11-12 00:00:00-05:00,18.420000076293945,18.420000076293945,17.8700008392334,17.899999618530273,1345800,0.0,0.0
2024-11-13 00:00:00-05:00,17.950000762939453,18.09000015258789,17.809999465942383,17.959999084472656,1148800,0.0,0.0
2024-11-14 00:00:00-05:00,18.079999923706055,18.260000228881836,17.989999771118164,18.209999084472656,1171900,0.0,0.0
2024-11-15 00:00:00-05:00,18.18000030517578,18.360000610351562,18.18000030517578,18.229999542236328,1308300,0.0,0.0
2024-11-18 00:00:00-05:00,18.34000015258789,18.600000381469727,18.280000686645508,18.510000228881836,957800,0.0,0.0
2024-11-19 00:00:00-05:00,18.479999542236328,18.610000610351562,18.440000534057617,18.56999969482422,1125700,0.0,0.0
2024-11-20 00:00:00-05:00,18.6200008392334,18.850000381469727,18.610000610351562,18.809999465942383,1338800,0.0,0.0
2024-11-21 00:00:00-05:00,18.920000076293945,19.239999771118164,18.84000015258789,19.190000534057617,1952900,0.0,0.0
2024-11-22 00:00:00-05:00,19.170000076293945,19.350000381469727,19.1299991607666,19.25,821900,0.0,0.0
2024-11-25 00:00:00-05:00,19.299999237060547,19.360000610351562,18.8700008392334,18.8700008392334,1160700,0.0,0.0
2024-11-26 00:00:00-05:00,18.850000381469727,19.1299991607666,18.850000381469727,19.079999923706055,927000,0.0,0.0
2024-11-27 00:00:00-05:00,19.100000381469727,19.59000015258789,19.059999465942383,19.469999313354492,1451500,0.0,0.0
2024-11-29 00:00:00-05:00,19.5,20.09000015258789,19.5,20.020000457763672,2314500,0.0,0.0
2024-12-02 00:00:00-05:00,20.049999237060547,20.049999237060547,19.469999313354492,19.600000381469727,2050600,0.0,0.0
2024-12-03 00:00:00-05:00,19.729999542236328,19.989999771118164,19.530000686645508,19.93000030517578,2045900,0.0,0.0
2024-12-04 00:00:00-05:00,19.850000381469727,19.93000030517578,19.5,19.56999969482422,1052500,0.0,0.0
2024-12-05 00:00:00-05:00,19.56999969482422,19.989999771118164,19.540000915527344,19.93000030517578,1175300,0.0,0.0
2024-12-06 00:00:00-05:00,19.8799991607666,19.93000030517578,19.389999389648438,19.579999923706055,1022300,0.0,0.0
2024-12-09 00:00:00-05:00,19.68000030517578,19.790000915527344,19.280000686645508,19.290000915527344,1065000,0.0,0.0
2024-12-10 00:00:00-05:00,19.309999465942383,19.350000381469727,19.06999969482422,19.079999923706055,836200,0.0,0.0
2024-12-11 00:00:00-05:00,19.1200008392334,19.375,19.1200008392334,19.290000915527344,1197895,0.0,0.0
