Date,Open,High,Low,Close,Volume,Dividends,Stock Splits
2022-01-03 00:00:00-05:00,212.8753215453045,213.99003705100583,210.74720147049027,213.68601989746094,3018000,0.0,0.0
2022-01-04 00:00:00-05:00,213.74129363455353,217.08546827324236,213.33595148627617,215.73121643066406,3327600,0.0,0.0
2022-01-05 00:00:00-05:00,216.3208285760932,217.72114622473123,210.75643027178228,210.83934020996094,3885800,0.0,0.0
2022-01-06 00:00:00-05:00,205.20122989780586,214.34011727614,205.20122989780586,213.13327026367188,4193200,0.0,0.0
2022-01-07 00:00:00-05:00,212.05542370334817,214.8376302632583,211.06047619503758,212.60818481445312,3052900,0.0,0.0
2022-01-10 00:00:00-05:00,210.53533924363592,210.6366783060832,205.4592067055721,209.5127410888672,4858100,0.0,0.0
2022-01-11 00:00:00-05:00,210.12996574924622,210.70115589857278,206.36201974462466,209.6324920654297,3048900,0.0,0.0
2022-01-12 00:00:00-05:00,210.22209810810608,212.01855038637422,206.4541520885314,206.79501342773438,4233300,0.0,0.0
2022-01-13 00:00:00-05:00,207.54123257988707,208.94155023765788,206.1317073924687,208.0479278564453,3459000,0.0,0.0
2022-01-14 00:00:00-05:00,204.90643927973483,206.6384108179821,201.19376637727322,203.9667510986328,5282600,0.0,0.0
2022-01-18 00:00:00-05:00,201.5530279355003,203.5521581302428,200.1711395380685,202.68617248535156,4652500,0.0,0.0
2022-01-19 00:00:00-05:00,204.28920201385478,210.32345182955677,203.26660386763783,206.21463012695312,4091200,0.0,0.0
2022-01-20 00:00:00-05:00,207.3017239646561,211.25391926785818,203.72723420407283,204.26156616210938,4307900,0.0,0.0
2022-01-21 00:00:00-05:00,202.677001953125,203.49692198964343,197.35212548094037,200.14353942871094,7859300,0.0,0.0
2022-01-24 00:00:00-05:00,198.42996744461132,203.62586743275793,195.23319771896,203.2113037109375,5617700,0.0,0.0
2022-01-25 00:00:00-05:00,201.16613491697194,201.46093051518892,196.14527570135238,197.77589416503906,4929100,0.0,0.0
2022-01-26 00:00:00-05:00,198.64186115326058,200.06981541523461,193.8144729881906,195.0397491455078,4207500,0.0,0.0
2022-01-27 00:00:00-05:00,198.37472238299532,200.20803304054496,194.74495930374025,195.47274780273438,4004300,0.0,0.0
2022-01-28 00:00:00-05:00,197.41661146480607,200.64101839828436,193.94347468914307,200.5304718017578,2906200,0.0,0.0
2022-01-31 00:00:00-05:00,199.83028345557244,203.34948535656895,199.29595157438843,203.07310485839844,4151100,0.0,0.0
2022-02-01 00:00:00-05:00,204.51030486524814,204.9985710450314,199.29597518448216,201.96762084960938,4117400,0.0,0.0
2022-02-02 00:00:00-05:00,201.07400198880563,202.75990779416605,198.37471962857094,200.47518920898438,4588500,0.0,0.0
2022-02-03 00:00:00-05:00,197.3797428233526,201.12927374024153,195.8320344345973,196.43084716796875,6357800,0.0,0.0
2022-02-04 00:00:00-05:00,197.2599817071602,198.53132368430903,193.9618726477099,197.186279296875,3754700,0.0,0.0
2022-02-07 00:00:00-05:00,197.82193461846026,198.21808328520694,193.74076413038082,194.65280151367188,4402800,0.0,0.0
2022-02-08 00:00:00-05:00,194.45937883162424,197.75748820363464,194.0632300959608,196.18212890625,2926600,0.0,0.0
2022-02-09 00:00:00-05:00,198.06150157425756,200.07904722165895,197.19551575970158,199.58157348632812,2562700,0.0,0.0
2022-02-10 00:00:00-05:00,197.49951717182145,200.37384087360422,195.96101626440327,197.0020294189453,3038100,0.0,0.0
2022-02-11 00:00:00-05:00,197.29682929747915,197.8403687295507,194.19217693237735,194.90155029296875,2852400,0.0,0.0
2022-02-14 00:00:00-05:00,194.5607127913321,194.84630086494514,189.5122168278962,192.1470184326172,4066700,0.0,0.0
2022-02-15 00:00:00-05:00,193.6736861586284,193.6736861586284,190.41679633019606,191.69363403320312,4739300,0.9,0.0
2022-02-16 00:00:00-05:00,191.41607300314766,193.2388199510318,189.49154780524188,192.27655029296875,3340600,0.0,0.0
2022-02-17 00:00:00-05:00,191.1477257844275,191.4808169271233,188.631040288108,188.75132751464844,3865900,0.0,0.0
2022-02-18 00:00:00-05:00,189.23245458002995,191.18473595261523,188.2701850434149,189.11216735839844,3321700,0.0,0.0
2022-02-22 00:00:00-05:00,187.4837356386248,187.9926127224558,179.96143563635482,181.67315673828125,5621300,0.0,0.0
2022-02-23 00:00:00-05:00,182.18203781077347,183.0795330090696,175.43695973224007,175.7052764892578,4471300,0.0,0.0
2022-02-24 00:00:00-05:00,170.69968943633032,177.42625906009948,170.24631102549657,177.23196411132812,3917700,0.0,0.0
2022-02-25 00:00:00-05:00,177.19493235043205,184.5876978637236,177.019146402247,184.32862854003906,4098500,0.0,0.0
2022-02-28 00:00:00-05:00,182.60764949450157,186.14210313251587,181.20126316212773,184.83750915527344,6192200,0.0,0.0
2022-03-01 00:00:00-05:00,209.87484026310486,210.1246621698,202.21375748236258,203.02796936035156,15776100,0.0,0.0
2022-03-02 00:00:00-05:00,205.40585679697315,209.21788890078057,202.31551981731923,208.08908081054688,6357700,0.0,0.0
2022-03-03 00:00:00-05:00,209.21789473734944,212.05842402742135,205.7482011135792,207.1083221435547,4604600,0.0,0.0
2022-03-04 00:00:00-05:00,206.0812879011567,208.26488227352723,205.07276703091512,207.34889221191406,3996100,0.0,0.0
2022-03-07 00:00:00-05:00,207.34887246308563,207.82074565842126,194.83022045547142,195.26507568359375,5743400,0.0,0.0
2022-03-08 00:00:00-05:00,195.44088937991637,197.9205709823024,191.24950080716033,193.2017822265625,4463200,0.0,0.0
2022-03-09 00:00:00-05:00,197.7447671444043,202.09344671019656,197.48569783364007,199.85433959960938,3183200,0.0,0.0
2022-03-10 00:00:00-05:00,197.63373486040174,199.37319815758207,194.37684548206585,198.72552490234375,3155300,0.0,0.0
2022-03-11 00:00:00-05:00,199.5397674370822,200.34473182735914,191.3420375323202,191.49932861328125,4042600,0.0,0.0
2022-03-14 00:00:00-04:00,192.64665571485992,195.14483239103666,189.63032624608223,193.15553283691406,3168500,0.0,0.0
2022-03-15 00:00:00-04:00,194.77470139389902,200.03938504491433,194.77470139389902,199.2529296875,2866700,0.0,0.0
2022-03-16 00:00:00-04:00,200.7148246114741,202.35252391126403,195.91278062370836,199.47499084472656,3029800,0.0,0.0
2022-03-17 00:00:00-04:00,198.92908899297944,204.38806764829002,198.44795421998822,204.1382598876953,3655400,0.0,0.0
2022-03-18 00:00:00-04:00,202.52831726399657,209.23639120185695,201.77886574502648,209.1531219482422,6544800,0.0,0.0
2022-03-21 00:00:00-04:00,209.13461159631785,211.38298025674754,204.7766846003462,206.3311004638672,3023500,0.0,0.0
2022-03-22 00:00:00-04:00,206.98802482503942,207.83925453366933,205.17452562441542,206.1182861328125,2464000,0.0,0.0
2022-03-23 00:00:00-04:00,205.6556721517488,206.08127997133653,199.7988279700589,200.52052307128906,2993500,0.0,0.0
2022-03-24 00:00:00-04:00,200.8073419225662,202.3617718615027,200.00237759528125,200.81658935546875,2240400,0.0,0.0
2022-03-25 00:00:00-04:00,201.75110272540135,203.490566034049,200.1596689344854,202.2692413330078,2465700,0.0,0.0
2022-03-28 00:00:00-04:00,201.76037817232768,203.1112518310547,200.27072240951438,203.1112518310547,2212000,0.0,0.0
2022-03-29 00:00:00-04:00,205.40584971601527,207.78375304127442,203.74039405683627,206.26632690429688,3072200,0.0,0.0
2022-03-30 00:00:00-04:00,205.1005198386414,206.96953201791814,204.1382643896565,205.3688507080078,2464900,0.0,0.0
2022-03-31 00:00:00-04:00,202.01019112980097,203.74040716913007,196.20885942622405,196.35690307617188,4615500,0.0,0.0
2022-04-01 00:00:00-04:00,197.37465661491962,198.1241080704663,193.9419673403705,194.8024444580078,3217100,0.0,0.0
2022-04-04 00:00:00-04:00,194.47864614464638,198.56825673446463,190.77763955278698,198.38320922851562,3167000,0.0,0.0
2022-04-05 00:00:00-04:00,197.53197118956138,202.04718944341457,197.24513133131978,198.7347869873047,2538500,0.0,0.0
2022-04-06 00:00:00-04:00,195.84799993160897,200.86286179301308,195.22808306818533,199.798828125,3678500,0.0,0.0
2022-04-07 00:00:00-04:00,202.6301136903146,212.63208188341903,202.1027134669778,211.1331787109375,7938100,0.0,0.0
2022-04-08 00:00:00-04:00,215.5836264572,218.42415569413237,213.38152309401303,215.89820861816406,6631200,0.0,0.0
2022-04-11 00:00:00-04:00,215.82417444294234,218.32236495692396,211.79933861594006,212.16943359375,3172200,0.0,0.0
2022-04-12 00:00:00-04:00,214.93593138897572,217.81346418718778,213.16869759354452,214.0476837158203,3366600,0.0,0.0
2022-04-13 00:00:00-04:00,213.08544142212708,217.60992107774823,212.35448476866972,216.3423309326172,2451300,0.0,0.0
2022-04-14 00:00:00-04:00,216.4255941302757,220.3856696472863,215.68539006430154,219.46966552734375,3909700,0.0,0.0
2022-04-18 00:00:00-04:00,217.93373249216833,223.22617221119836,217.5081247076003,221.49595642089844,3341800,0.0,0.0
2022-04-19 00:00:00-04:00,222.34717831503775,228.72216037339814,221.56997046924513,227.6581268310547,4715700,0.0,0.0
2022-04-20 00:00:00-04:00,230.0360436774688,232.21039054130745,228.01900200651951,230.68373107910156,3735500,0.0,0.0
2022-04-21 00:00:00-04:00,232.09937159316502,235.81887289347452,229.10155129966478,229.61968994140625,3967700,0.0,0.0
2022-04-22 00:00:00-04:00,228.12076103420821,228.7221688642559,223.38346373543015,223.61477661132812,3431300,0.0,0.0
2022-04-25 00:00:00-04:00,222.0511297871351,224.76211011562128,220.45969595426553,223.59629821777344,3265100,0.0,0.0
2022-04-26 00:00:00-04:00,221.653242986795,224.37348460546255,218.73870646291812,218.8219757080078,2915500,0.0,0.0
2022-04-27 00:00:00-04:00,218.77574297221193,219.77501641712578,213.24274223147017,213.7053680419922,2995300,0.0,0.0
2022-04-28 00:00:00-04:00,216.90671558126388,219.85827030497447,213.5295530478289,218.72021484375,2317800,0.0,0.0
2022-04-29 00:00:00-04:00,216.96225703563726,218.20209081566043,211.1516780027624,211.55877685546875,3220700,0.0,0.0
2022-05-02 00:00:00-04:00,212.94663236891887,215.58360485672821,208.32963630485693,212.6042938232422,3049000,0.0,0.0
2022-05-03 00:00:00-04:00,213.77011217516653,216.9622413213503,212.34523099834834,215.15798950195312,3027600,0.0,0.0
2022-05-04 00:00:00-04:00,214.5195734719415,220.7557597657544,212.01213560668077,219.68246459960938,3256300,0.0,0.0
2022-05-05 00:00:00-04:00,217.99853870776795,218.22985161696434,211.23495150178084,213.5110626220703,3466500,0.0,0.0
2022-05-06 00:00:00-04:00,208.96807597660998,212.49328225413385,206.00725961206007,208.37591552734375,3683300,0.0,0.0
2022-05-09 00:00:00-04:00,206.51615464842266,211.12390367117658,205.7019428394235,207.44140625,4672300,0.0,0.0
2022-05-10 00:00:00-04:00,209.65275036586,211.6512971502744,200.49276544795524,202.73187255859375,3748000,0.0,0.0
2022-05-11 00:00:00-04:00,203.00019333377787,204.4065797046149,196.50493733277386,197.53196716308594,3193600,0.0,0.0
2022-05-12 00:00:00-04:00,197.4117117718376,204.3140959628811,197.1341334262486,201.02944946289062,3547400,0.0,0.0
2022-05-13 00:00:00-04:00,203.54610118105722,206.60868166720348,201.52904538513224,203.30552673339844,3146700,0.0,0.0
2022-05-16 00:00:00-04:00,203.65712132483844,205.0820025144423,200.10415872475588,202.8614044189453,3345600,0.0,0.0
2022-05-17 00:00:00-04:00,195.68905254833717,200.28792350908944,194.2954544283266,200.0092010498047,6641600,0.9,0.0
2022-05-18 00:00:00-04:00,151.5026817786866,156.0829667972868,144.190928396497,150.146240234375,50936800,0.0,0.0
2022-05-19 00:00:00-04:00,149.83039287510312,149.97903257678283,140.5490236916783,142.5465087890625,23319000,0.0,0.0
2022-05-20 00:00:00-04:00,142.72303581457814,144.7484059513523,140.18669100023303,144.33961486816406,12300200,0.0,0.0
2022-05-23 00:00:00-04:00,143.9958463208803,145.03639499536746,142.40713830584284,142.983154296875,7700100,0.0,0.0
2022-05-24 00:00:00-04:00,140.82772021247732,141.30153841310408,135.18828702329236,139.31333923339844,10936600,0.0,0.0
2022-05-25 00:00:00-04:00,139.58275542564226,145.84464556181368,138.9138273730528,145.32437133789062,8107700,0.0,0.0
2022-05-26 00:00:00-04:00,146.77373671065862,151.7442418915303,146.65296785784489,151.6234588623047,7369700,0.0,0.0
2022-05-27 00:00:00-04:00,151.6606470480888,155.33973824002828,151.6234764918151,155.28399658203125,6315500,0.0,0.0
2022-05-31 00:00:00-04:00,154.6986417139774,154.95877883647918,149.97898878565775,150.39707946777344,8942100,0.0,0.0
2022-06-01 00:00:00-04:00,150.3970876862234,151.58629007590412,145.3801268143727,145.41729736328125,4480900,0.0,0.0
2022-06-02 00:00:00-04:00,145.454485499803,149.63528005113244,145.00853805039043,149.4959259033203,4366000,0.0,0.0
2022-06-03 00:00:00-04:00,147.89792149669827,151.30758977208816,147.72139680461765,149.61668395996094,4187700,0.0,0.0
2022-06-06 00:00:00-04:00,149.9511358334663,150.55503679270623,147.4891184248136,148.34385681152344,3772300,0.0,0.0
2022-06-07 00:00:00-04:00,137.50168088312762,146.7458788910012,136.71196961289576,144.91561889648438,33299700,0.0,0.0
2022-06-08 00:00:00-04:00,143.4755363950785,148.30668692314407,142.47215842380186,145.5845184326172,6576000,0.0,0.0
2022-06-09 00:00:00-04:00,145.6309768320148,147.06173106853325,143.53129448646135,143.5870361328125,5744300,0.0,0.0
2022-06-10 00:00:00-04:00,140.76269966292824,141.88687508256717,139.01606627628462,139.05322265625,5099600,0.0,0.0
2022-06-13 00:00:00-04:00,136.13594211532953,136.9349388687951,133.66462492712077,134.53794860839844,5886000,0.0,0.0
2022-06-14 00:00:00-04:00,134.60299127713063,136.04303121601237,131.26763592548264,132.57762145996094,5200800,0.0,0.0
2022-06-15 00:00:00-04:00,132.41039964643076,138.68159085341915,132.02947944485248,136.9813995361328,6353100,0.0,0.0
2022-06-16 00:00:00-04:00,134.6401674365651,136.64695227236783,131.9365834919209,132.75416564941406,5630300,0.0,0.0
2022-06-17 00:00:00-04:00,131.0725277427076,131.74145585973727,128.74986460757967,129.41879272460938,10928100,0.0,0.0
2022-06-21 00:00:00-04:00,131.50921015962803,135.36482589772433,130.8588672151364,134.43576049804688,6555500,0.0,0.0
2022-06-22 00:00:00-04:00,133.03286579498388,134.0827141458447,130.29212592893276,130.82168579101562,4639700,0.0,0.0
2022-06-23 00:00:00-04:00,131.7600751631404,136.85135010084048,130.84029522057554,136.39610290527344,5211100,0.0,0.0
2022-06-24 00:00:00-04:00,136.7305377906608,140.2888595723745,136.0894804687599,139.75,6993100,0.0,0.0
2022-06-27 00:00:00-04:00,140.4375057463337,141.1528757775086,137.52952699490015,138.99745178222656,3607200,0.0,0.0
2022-06-28 00:00:00-04:00,139.7685732856285,140.57685548664824,134.09198425196524,134.2685089111328,4131800,0.0,0.0
2022-06-29 00:00:00-04:00,133.98050317736758,134.24064030789057,131.2955052272902,131.8343505859375,4238900,0.0,0.0
2022-06-30 00:00:00-04:00,130.23636218036097,133.07001407688134,127.43059528411806,131.21188354492188,5899900,0.0,0.0
2022-07-01 00:00:00-04:00,130.7752389042179,132.39181778275807,129.60462161891053,132.28033447265625,3010200,0.0,0.0
2022-07-05 00:00:00-04:00,131.37913125016692,135.69927934873024,129.41880284378567,135.37411499023438,3715100,0.0,0.0
2022-07-06 00:00:00-04:00,135.14184958071758,135.71786555074672,132.88421344971124,134.53794860839844,2828500,0.0,0.0
2022-07-07 00:00:00-04:00,135.43914653292347,139.48058650415797,134.93745747804797,139.32264709472656,3959500,0.0,0.0
2022-07-08 00:00:00-04:00,139.25760435374042,139.38767293531902,136.9999823642523,137.4923858642578,2544900,0.0,0.0
2022-07-11 00:00:00-04:00,137.4923848492091,138.1613130285069,135.44842975890353,136.00587463378906,2050800,0.0,0.0
2022-07-12 00:00:00-04:00,136.25673762876627,139.04393388322748,133.41379971744195,134.30569458007812,3132800,0.0,0.0
2022-07-13 00:00:00-04:00,132.54046007908704,136.87919336095715,132.14095462540294,135.12326049804688,2769000,0.0,0.0
2022-07-14 00:00:00-04:00,133.3580341536854,136.15452993118606,132.78201817291136,135.9129638671875,2976000,0.0,0.0
2022-07-15 00:00:00-04:00,137.42733810000965,138.13342262771363,135.50418029199483,136.26600646972656,3831500,0.0,0.0
2022-07-18 00:00:00-04:00,138.01267228359308,141.94261507802332,137.29728793402094,138.7652130126953,4362700,0.0,0.0
2022-07-19 00:00:00-04:00,140.61404434845082,142.64868552717965,139.1368196893573,142.48146057128906,3155900,0.0,0.0
2022-07-20 00:00:00-04:00,142.89023880928625,145.50090990313433,141.4130284587076,145.39871215820312,3248100,0.0,0.0
2022-07-21 00:00:00-04:00,145.3801476644566,147.48913006054465,143.9958493119106,147.405517578125,3105200,0.0,0.0
2022-07-22 00:00:00-04:00,148.0465771105512,149.38441937791237,145.51951808929186,146.55078125,2779800,0.0,0.0
2022-07-25 00:00:00-04:00,147.16393533860446,147.23826226250569,145.50091471759904,146.31849670410156,2328000,0.0,0.0
2022-07-26 00:00:00-04:00,139.10893962203403,141.79393769906514,138.89525857823185,141.04139709472656,4620000,0.0,0.0
2022-07-27 00:00:00-04:00,142.14698901465928,144.78553102932472,140.10304821705103,143.6334991455078,3609300,0.0,0.0
2022-07-28 00:00:00-04:00,144.09801797924405,148.70617342569662,143.69851257209675,148.111572265625,3114000,0.0,0.0
2022-07-29 00:00:00-04:00,148.65044989984375,152.4038675221937,147.28472275727603,151.7906951904297,5523000,0.0,0.0
2022-08-01 00:00:00-04:00,156.67757105961522,157.11423288315257,153.62095247126524,153.8067626953125,4534700,0.0,0.0
2022-08-02 00:00:00-04:00,152.84981118950526,154.53141693895776,151.70705078263148,151.88357543945312,3109400,0.0,0.0
2022-08-03 00:00:00-04:00,152.7197815720291,157.61594623407987,152.7197815720291,156.0086669921875,4057000,0.0,0.0
2022-08-04 00:00:00-04:00,155.73922388301352,156.54750617369,153.97399127194387,154.7451171875,3157600,0.0,0.0
2022-08-05 00:00:00-04:00,153.34224973943765,155.06101225311522,152.73834871321588,154.34564208984375,2205400,0.0,0.0
2022-08-08 00:00:00-04:00,154.8380296167134,158.8608841530457,154.62433438612018,155.12603759765625,2806400,0.0,0.0
2022-08-09 00:00:00-04:00,154.01115802809272,154.29916600151617,152.28309601114077,153.40725708007812,2608600,0.0,0.0
2022-08-10 00:00:00-04:00,157.04920575792534,160.66326952275878,155.85071765412326,157.634521484375,4539900,0.0,0.0
2022-08-11 00:00:00-04:00,158.93521571962503,160.7190194847366,156.90056034142225,157.56948852539062,4278800,0.0,0.0
2022-08-12 00:00:00-04:00,158.93523719797918,160.25450846786512,157.98758644655737,160.24520874023438,2357300,0.0,0.0
2022-08-15 00:00:00-04:00,159.64128243710422,161.80600615488717,158.12690155426642,161.0906219482422,3788600,0.0,0.0
2022-08-16 00:00:00-04:00,165.57809194585099,171.9166344189041,164.12901201283842,168.45755004882812,9057600,1.08,0.0
2022-08-17 00:00:00-04:00,162.8201934597286,166.40081832175665,159.70701287318312,163.92335510253906,13409000,0.0,0.0
2022-08-18 00:00:00-04:00,162.65189488946635,163.73636895748672,160.40816822793875,161.78245544433594,4241300,0.0,0.0
2022-08-19 00:00:00-04:00,160.6419122924381,160.72604884405308,155.93006568824308,156.16378784179688,5015800,0.0,0.0
2022-08-22 00:00:00-04:00,154.32205464532262,155.17279235582615,150.8536119638645,151.41455078125,4630100,0.0,0.0
2022-08-23 00:00:00-04:00,151.39584364680837,152.2185500790558,149.72238526896567,151.42388916015625,3795100,0.0,0.0
2022-08-24 00:00:00-04:00,151.51741263251736,153.82657450871315,149.32041856585454,152.50839233398438,3407100,0.0,0.0
2022-08-25 00:00:00-04:00,152.04092378986638,156.64057357275803,151.07798976044435,156.5938262939453,3071400,0.0,0.0
2022-08-26 00:00:00-04:00,157.07059854523388,157.17343684219935,150.14308618420344,150.16177368164062,3607600,0.0,0.0
2022-08-29 00:00:00-04:00,148.88098764912152,150.00285095103817,147.86196264868772,148.35745239257812,2531100,0.0,0.0
2022-08-30 00:00:00-04:00,148.36681613260805,150.60119928837244,146.94578148390204,150.31138610839844,3249700,0.0,0.0
2022-08-31 00:00:00-04:00,150.7507917507372,150.80688278615497,147.9554696085137,149.90003967285156,4901300,0.0,0.0
2022-09-01 00:00:00-04:00,148.91839084132997,154.16311617703732,147.80588544973995,154.10702514648438,4021400,0.0,0.0
2022-09-02 00:00:00-04:00,154.73339764479232,155.50935684745656,152.65794393773058,153.88265991210938,3563200,0.0,0.0
2022-09-06 00:00:00-04:00,153.79851668915177,154.06028435293248,148.9558006439408,152.9290771484375,4530300,0.0,0.0
2022-09-07 00:00:00-04:00,152.59248829534658,160.53903982585797,152.1811351101483,159.66958618164062,5206400,0.0,0.0
2022-09-08 00:00:00-04:00,158.06159936876315,160.9971485734959,157.734382700437,160.7073211669922,2817100,0.0,0.0
2022-09-09 00:00:00-04:00,160.5670862372484,163.20347843065454,160.3707533922067,162.34336853027344,3379500,0.0,0.0
2022-09-12 00:00:00-04:00,163.70833468743623,164.66192500344687,161.8666031012937,162.53038024902344,3024600,0.0,0.0
2022-09-13 00:00:00-04:00,158.97778579439944,160.5670933265288,154.90167153002656,155.41586303710938,3585400,0.0,0.0
2022-09-14 00:00:00-04:00,156.93036614306337,157.88395629773248,152.76075763560016,154.61184692382812,3618800,0.0,0.0
2022-09-15 00:00:00-04:00,154.6772986548399,157.9868119159061,153.97613228354393,154.2659454345703,2909300,0.0,0.0
2022-09-16 00:00:00-04:00,152.13440431824588,154.85493332532678,151.180828302267,153.40585327148438,4843500,0.0,0.0
2022-09-19 00:00:00-04:00,152.38681281616076,154.34072619486383,151.47996990542006,154.03221130371094,2607200,0.0,0.0
2022-09-20 00:00:00-04:00,152.66728823026457,153.08798518382346,147.9180531460124,149.61019897460938,3019600,0.0,0.0
2022-09-21 00:00:00-04:00,150.51702415711094,153.15341614805916,148.67529296875,148.67529296875,2809500,0.0,0.0
2022-09-22 00:00:00-04:00,147.9367751744025,148.11439202314605,142.70139337996204,143.0005645751953,3984700,0.0,0.0
2022-09-23 00:00:00-04:00,142.0563251800143,142.8322844585951,139.96218376819962,142.67335510253906,3796600,0.0,0.0
2022-09-26 00:00:00-04:00,141.69170652639596,142.57984779691336,137.7745212147302,139.02728271484375,3967800,0.0,0.0
2022-09-27 00:00:00-04:00,140.672694759909,142.34613914828986,137.2977461999086,138.80291748046875,2941400,0.0,0.0
2022-09-28 00:00:00-04:00,139.80323791991017,146.73076601588306,139.588217531644,145.72108459472656,4254000,0.0,0.0
2022-09-29 00:00:00-04:00,144.15980779279485,144.67399933492223,141.07467280529727,141.90672302246094,3170400,0.0,0.0
2022-09-30 00:00:00-04:00,141.71974397802825,142.31807204609484,136.02627644927907,138.7281036376953,4328300,0.0,0.0
2022-10-03 00:00:00-04:00,139.9247639130973,142.68268221053196,138.72810774156451,141.90672302246094,2847500,0.0,0.0
2022-10-04 00:00:00-04:00,144.62727010223122,147.98351690422592,144.29070962041231,146.74012756347656,3028600,0.0,0.0
2022-10-05 00:00:00-04:00,144.9077253507785,147.2916940079899,143.42125597890882,146.22592163085938,2491700,0.0,0.0
2022-10-06 00:00:00-04:00,147.20755236168927,148.64727440308988,145.35646282454556,145.60888671875,2603400,0.0,0.0
2022-10-07 00:00:00-04:00,144.29067527695338,144.4589626104421,140.90638376242762,142.4208984375,2771900,0.0,0.0
2022-10-10 00:00:00-04:00,143.0192428853479,143.8606511189207,140.68202156753475,143.13143920898438,2055800,0.0,0.0
2022-10-11 00:00:00-04:00,143.5054037347195,147.45063486786614,142.76684799873118,144.44029235839844,2408100,0.0,0.0
2022-10-12 00:00:00-04:00,144.66465833161652,146.77750130406423,144.01022493906626,144.12242126464844,2265100,0.0,0.0
2022-10-13 00:00:00-04:00,141.36449210243813,145.8986926316639,139.17684223674902,144.0850067138672,3393900,0.0,0.0
2022-10-14 00:00:00-04:00,144.42156655602224,145.08534364508202,135.736458964198,136.2039031982422,4762800,0.0,0.0
2022-10-17 00:00:00-04:00,138.12044313890857,141.16817475643188,137.12944926706516,139.53211975097656,3177400,0.0,0.0
2022-10-18 00:00:00-04:00,145.40320041251036,150.63858147193045,144.91705442114252,146.9925079345703,5563400,0.0,0.0
2022-10-19 00:00:00-04:00,146.95512576335156,147.89001426440703,144.09436923256447,145.27232360839844,2611500,0.0,0.0
2022-10-20 00:00:00-04:00,145.82389670579178,148.79684940021545,143.43058455181827,144.34677124023438,3079800,0.0,0.0
2022-10-21 00:00:00-04:00,144.47766522961527,148.89034017379953,144.2533011151675,148.8249053955078,3508300,0.0,0.0
2022-10-24 00:00:00-04:00,149.86261128738545,152.29331253439798,149.2362377799346,151.2836456298828,2974100,0.0,0.0
2022-10-25 00:00:00-04:00,152.19983611075196,155.48128929672166,151.44257878054856,155.00450134277344,4177900,0.0,0.0
2022-10-26 00:00:00-04:00,156.91170034447967,159.6322296139811,154.55579132629416,155.911376953125,3453500,0.0,0.0
2022-10-27 00:00:00-04:00,157.26694233993499,159.21151210368302,155.9394024009396,156.0328826904297,2957400,0.0,0.0
2022-10-28 00:00:00-04:00,155.4345648689789,157.00518504769923,152.42422260292648,156.61253356933594,3066800,0.0,0.0
2022-10-31 00:00:00-04:00,155.19149004560265,156.46293896839416,153.340414821261,153.55543518066406,3792500,0.0,0.0
2022-11-01 00:00:00-04:00,155.60284040429224,156.1076739051875,151.9848265629556,153.873291015625,3051000,0.0,0.0
2022-11-02 00:00:00-04:00,153.8639507074712,155.08865235736718,149.6569524666134,149.76913452148438,3377900,0.0,0.0
2022-11-03 00:00:00-04:00,147.69366835025966,150.32070252362266,147.47864800829362,149.39517211914062,3041600,0.0,0.0
2022-11-04 00:00:00-04:00,151.8352406503668,152.15309930820706,146.08566796988325,149.2362518310547,2653500,0.0,0.0
2022-11-07 00:00:00-05:00,150.74143937581152,150.90036872215887,147.7123952491305,149.46063232421875,2424100,0.0,0.0
2022-11-08 00:00:00-05:00,150.81620931018404,153.93873326208407,149.4045186423599,151.09666442871094,3284600,0.0,0.0
2022-11-09 00:00:00-05:00,150.5918394179251,151.0686274114962,142.57049447590762,143.02859497070312,4018400,0.0,0.0
2022-11-10 00:00:00-05:00,148.5911906244238,153.83591603836226,148.07699906124017,153.67698669433594,4962900,0.0,0.0
2022-11-11 00:00:00-05:00,154.36879902003162,163.44657348236925,154.20986967197132,162.03489685058594,5828300,0.0,0.0
2022-11-14 00:00:00-05:00,161.39916392831736,165.28830384593167,161.12805251675493,161.97879028320312,5753800,0.0,0.0
2022-11-15 00:00:00-05:00,166.51321409629782,169.7682244845509,166.4191330921982,168.3759002685547,8606000,1.08,0.0
2022-11-16 00:00:00-05:00,140.9717647238937,149.09986556848574,139.93693125506803,146.2587890625,36731500,0.0,0.0
2022-11-17 00:00:00-05:00,144.38671224601708,152.57125740418246,143.67174540198698,152.4113311767578,11300500,0.0,0.0
2022-11-18 00:00:00-05:00,152.38311135914668,154.94195973452636,150.5204251176448,153.22979736328125,7280900,0.0,0.0
2022-11-21 00:00:00-05:00,151.53641521198736,152.3360462283066,147.48177421262403,148.65771484375,5964700,0.0,0.0
2022-11-22 00:00:00-05:00,149.3821105020915,150.43576325617997,146.52222869470077,148.50721740722656,6364100,0.0,0.0
2022-11-23 00:00:00-05:00,149.0904903370385,154.41515429490534,148.87412122599198,153.72840881347656,4833500,0.0,0.0
2022-11-25 00:00:00-05:00,153.81305051370694,154.24580302695892,152.02562631079755,153.70016479492188,1883000,0.0,0.0
2022-11-28 00:00:00-05:00,153.16394106828298,157.00221371358074,153.16394106828298,155.572265625,4624100,0.0,0.0
2022-11-29 00:00:00-05:00,154.68793820559495,157.07745777221857,151.94094242357306,156.51300048828125,5231700,0.0,0.0
2022-11-30 00:00:00-05:00,156.05202629758497,157.32203353535664,153.09806407848578,157.17152404785156,11376700,0.0,0.0
2022-12-01 00:00:00-05:00,156.60708162876102,157.5101960581831,153.3897095587978,155.2523956298828,4989200,0.0,0.0
2022-12-02 00:00:00-05:00,153.6343144588146,155.09248395134944,152.8252665978095,154.4339599609375,3442900,0.0,0.0
2022-12-05 00:00:00-05:00,153.23915838511218,153.23915838511218,145.61905817719307,145.75076293945312,6233200,0.0,0.0
2022-12-06 00:00:00-05:00,146.58806142275736,147.39709479210646,144.19854203438632,145.86367797851562,4721800,0.0,0.0
2022-12-07 00:00:00-05:00,144.40551022322035,146.46576051599797,144.30202687297484,144.6501007080078,3685200,0.0,0.0
2022-12-08 00:00:00-05:00,144.9135304882063,146.06124985848444,144.09508028414172,145.07347106933594,3107100,0.0,0.0
2022-12-09 00:00:00-05:00,144.32085221679017,145.5532357611813,143.1072733879928,143.25779724121094,2905900,0.0,0.0
2022-12-12 00:00:00-05:00,141.58325285083976,141.7525814124772,139.6358882635444,141.14109802246094,4433800,0.0,0.0
2022-12-13 00:00:00-05:00,144.12327516246265,144.96996099613165,140.8306415259291,141.9313201904297,4178900,0.0,0.0
2022-12-14 00:00:00-05:00,141.5832594039257,145.48737676187025,141.2445879102315,143.4741668701172,3749100,0.0,0.0
2022-12-15 00:00:00-05:00,140.9811674621226,141.11287223535254,136.7101575118865,138.85507202148438,5415500,0.0,0.0
2022-12-16 00:00:00-05:00,137.39691333858266,138.91152552422668,136.9265370617335,137.77320861816406,8367000,0.0,0.0
2022-12-19 00:00:00-05:00,137.91432818095814,138.2906234552651,135.05443241914466,136.07984924316406,4186700,0.0,0.0
2022-12-20 00:00:00-05:00,134.43351776973972,135.43072741290467,134.01018204320593,134.76278686523438,3175400,0.0,0.0
2022-12-21 00:00:00-05:00,133.8314719613184,135.64713211002,133.55865999842894,133.86911010742188,3510200,0.0,0.0
2022-12-22 00:00:00-05:00,133.1165099982577,133.31407438572202,131.4043331560579,132.97540283203125,3846500,0.0,0.0
2022-12-23 00:00:00-05:00,132.51439949299552,134.78161649339694,131.59246605001783,134.66871643066406,2464800,0.0,0.0
2022-12-27 00:00:00-05:00,134.52762218169752,137.6132895700729,133.96316487819777,136.92654418945312,3112500,0.0,0.0
2022-12-28 00:00:00-05:00,136.70076918466904,138.49761024270154,136.2680309919497,137.1617431640625,2623200,0.0,0.0
2022-12-29 00:00:00-05:00,138.26237444499367,140.79300057088682,138.17771017837626,139.5794219970703,2829000,0.0,0.0
2022-12-30 00:00:00-05:00,138.5070026471775,140.24740071627153,138.10248591545854,140.2097625732422,2391100,0.0,0.0
2023-01-03 00:00:00-05:00,141.0940699246063,143.5964752679374,140.71777462918232,142.74038696289062,3685200,0.0,0.0
2023-01-04 00:00:00-05:00,139.47595996168317,145.1769321483886,138.93032179115053,143.67172241210938,4443300,0.0,0.0
2023-01-05 00:00:00-05:00,143.191967208046,145.3556868197848,141.38570948742205,145.12049865722656,3266000,0.0,0.0
2023-01-06 00:00:00-05:00,148.3096479412199,151.51761788848034,147.5852787439,150.66152954101562,4944200,0.0,0.0
2023-01-09 00:00:00-05:00,150.4075253424453,150.86848491427122,147.0772532091471,147.086669921875,3853800,0.0,0.0
2023-01-10 00:00:00-05:00,148.09326003654004,148.20614574546815,145.66611681137573,146.7291717529297,2554900,0.0,0.0
2023-01-11 00:00:00-05:00,147.8392758923247,149.57967406835192,146.663335058454,149.55145263671875,3146800,0.0,0.0
2023-01-12 00:00:00-05:00,150.52043598395932,150.75562416518426,147.20898237298294,150.28524780273438,3222600,0.0,0.0
2023-01-13 00:00:00-05:00,149.88072727566774,155.15833614990618,149.7019819656442,154.847900390625,5161200,0.0,0.0
2023-01-17 00:00:00-05:00,154.7444003370075,155.87330058602413,152.46778076764613,152.49600219726562,3527900,0.0,0.0
2023-01-18 00:00:00-05:00,153.72838239023025,155.40292083258723,151.1130913688078,151.30123901367188,2798100,0.0,0.0
2023-01-19 00:00:00-05:00,150.05004714783416,151.09428315985534,148.19676328546555,149.6737518310547,2881300,0.0,0.0
2023-01-20 00:00:00-05:00,150.1723588624946,153.1075027079858,149.10930371253914,152.59950256347656,3122000,0.0,0.0
2023-01-23 00:00:00-05:00,152.59947915891044,155.6851464090541,151.79043138266883,154.8760986328125,2371400,0.0,0.0
2023-01-24 00:00:00-05:00,159.7586150443022,159.7586150443022,153.5872658676585,153.86009216308594,1902000,0.0,0.0
2023-01-25 00:00:00-05:00,152.87229432020152,154.48098754882812,151.12249394640816,154.48098754882812,2248200,0.0,0.0
2023-01-26 00:00:00-05:00,155.8826932711344,157.1997554422124,154.73497402201048,157.13389587402344,2079100,0.0,0.0
2023-01-27 00:00:00-05:00,158.04643594391655,160.22898885437223,156.90811898799438,158.52621459960938,3850300,0.0,0.0
2023-01-30 00:00:00-05:00,157.10569959397944,159.54224562158512,155.9203563695421,158.6861572265625,3453500,0.0,0.0
2023-01-31 00:00:00-05:00,158.15931749927407,162.01640877876696,158.15931749927407,161.94114685058594,3716000,0.0,0.0
2023-02-01 00:00:00-05:00,161.91294376604966,167.15292871096295,159.8432907481948,166.58848571777344,4022200,0.0,0.0
2023-02-02 00:00:00-05:00,167.18114007814273,170.93473352298173,166.41911846331038,170.29502868652344,4003800,0.0,0.0
2023-02-03 00:00:00-05:00,166.76723814100745,168.46059590234458,164.81987312678297,166.28744506835938,2941600,0.0,0.0
2023-02-06 00:00:00-05:00,164.34005061157734,164.98917210999193,161.54601463868008,163.5404052734375,2642700,0.0,0.0
2023-02-07 00:00:00-05:00,163.26759658009453,165.045618201873,161.75298450563554,164.40589904785156,2256700,0.0,0.0
2023-02-08 00:00:00-05:00,163.23938972047748,163.66272550539247,161.3484678705816,161.61187744140625,2037000,0.0,0.0
2023-02-09 00:00:00-05:00,162.46796902160742,163.70976932762443,160.45475905815928,161.21676635742188,1656100,0.0,0.0
2023-02-10 00:00:00-05:00,160.2289907376986,161.05684326971803,158.78962604421108,159.94676208496094,1841400,0.0,0.0
2023-02-13 00:00:00-05:00,160.8592989011464,163.22058285719316,160.23839871430275,163.05125427246094,2432600,0.0,0.0
2023-02-14 00:00:00-05:00,162.39804696569772,163.75175150426344,159.83261537276923,162.03831481933594,2418400,1.08,0.0
2023-02-15 00:00:00-05:00,160.94019367733358,166.88516310554456,160.8833969064834,166.62957763671875,2954400,0.0,0.0
2023-02-16 00:00:00-05:00,164.9066880999267,167.83183776266662,164.49963488917734,165.22854614257812,2318700,0.0,0.0
2023-02-17 00:00:00-05:00,164.1020274353046,164.26295644137315,161.77325861478894,163.9789581298828,2678100,0.0,0.0
2023-02-21 00:00:00-05:00,160.47636990075605,161.8679487923479,157.3050815271815,157.3524169921875,4133600,0.0,0.0
2023-02-22 00:00:00-05:00,156.76548054887718,160.26808790541307,156.38681131494494,156.8790740966797,2941000,0.0,0.0
2023-02-23 00:00:00-05:00,157.04946166731057,157.04946166731057,153.23445767639177,156.67080688476562,2718500,0.0,0.0
2023-02-24 00:00:00-05:00,155.32658693148687,158.49786093414613,154.30420153152687,158.05294799804688,2888800,0.0,0.0
2023-02-27 00:00:00-05:00,159.67169138759664,160.80767018919636,156.6518710823891,157.91091918945312,5245000,0.0,0.0
2023-02-28 00:00:00-05:00,159.72846793942708,163.458276329037,158.18543616087572,159.5107421875,10669300,0.0,0.0
2023-03-01 00:00:00-05:00,159.18889663134803,159.41608371377234,152.221542023518,153.73617553710938,5835700,0.0,0.0
2023-03-02 00:00:00-05:00,152.6096692453312,157.13466150586953,152.36353065169527,157.0873260498047,2829200,0.0,0.0
2023-03-03 00:00:00-05:00,157.28614172807625,157.342952951953,155.55378218585938,157.14414978027344,2318600,0.0,0.0
2023-03-06 00:00:00-05:00,157.70263979985208,157.86356879074683,155.7430790803663,156.3867950439453,2220900,0.0,0.0
2023-03-07 00:00:00-05:00,156.9832045982216,157.73105285426004,153.90658752464765,154.1337890625,2410800,0.0,0.0
2023-03-08 00:00:00-05:00,154.20951408862035,154.99523651867116,153.51846258064975,154.78697204589844,1752700,0.0,0.0
2023-03-09 00:00:00-05:00,155.54429259818468,155.9134860744061,151.90915461004235,152.07008361816406,1872200,0.0,0.0
2023-03-10 00:00:00-05:00,151.71983023535935,153.2344638715285,149.10706301800354,149.74131774902344,2754200,0.0,0.0
2023-03-13 00:00:00-04:00,147.98054474203065,152.15526618300305,147.89533514322267,149.49517822265625,2342500,0.0,0.0
2023-03-14 00:00:00-04:00,151.24649368277522,151.76715482609808,148.19827511068905,149.92117309570312,2574200,0.0,0.0
2023-03-15 00:00:00-04:00,147.99001347879255,151.3316917287092,147.772287703702,150.64064025878906,2633900,0.0,0.0
2023-03-16 00:00:00-04:00,149.14494866433486,154.5313980809349,148.84201324689067,154.35153198242188,2510100,0.0,0.0
2023-03-17 00:00:00-04:00,154.04857852063637,154.7396444439501,149.84544398684102,150.85836791992188,13175000,0.0,0.0
2023-03-20 00:00:00-04:00,150.8678364086581,154.6544421947152,150.76370417175136,154.53138732910156,2875800,0.0,0.0
2023-03-21 00:00:00-04:00,155.46856288318182,155.9797627529238,152.86527140750007,154.0296630859375,2497200,0.0,0.0
2023-03-22 00:00:00-04:00,154.20950882846188,154.4083119801472,148.9745276895475,149.06919860839844,2909900,0.0,0.0
2023-03-23 00:00:00-04:00,150.28091182800534,150.74477622053087,146.21030786276836,147.7912139892578,2791700,0.0,0.0
2023-03-24 00:00:00-04:00,146.46590244873872,148.21721327700436,144.5347255473832,147.88587951660156,2703700,0.0,0.0
2023-03-27 00:00:00-04:00,148.94612714075376,151.5020830203312,148.13200636261757,150.87730407714844,3078700,0.0,0.0
2023-03-28 00:00:00-04:00,150.56490034983358,152.65699174765356,149.66558445483054,151.24649047851562,2910600,0.0,0.0
2023-03-29 00:00:00-04:00,152.30673848359987,152.41087071218718,147.60188001473034,149.675048828125,4219400,0.0,0.0
2023-03-30 00:00:00-04:00,151.27490603272605,152.79901545946169,151.1518367207381,151.71983337402344,2237400,0.0,0.0
2023-03-31 00:00:00-04:00,152.88419428842437,156.98319640116864,152.363533152671,156.7938690185547,3094100,0.0,0.0
2023-04-03 00:00:00-04:00,157.5227704506585,158.99955861139335,156.50986107151778,157.20091247558594,2744400,0.0,0.0
2023-04-04 00:00:00-04:00,156.8696092770721,158.10972029538468,156.15014497105577,157.19146728515625,2350500,0.0,0.0
2023-04-05 00:00:00-04:00,156.9547897798006,158.0813071476565,155.30761130351306,156.42466735839844,2762100,0.0,0.0
2023-04-06 00:00:00-04:00,153.89712081898884,156.9926604120344,152.1079358549988,156.7465362548828,2552900,0.0,0.0
2023-04-10 00:00:00-04:00,156.27319845870778,160.62778577523736,155.8093341212367,159.98406982421875,2724400,0.0,0.0
2023-04-11 00:00:00-04:00,160.65622666154286,162.10460224904153,160.34382994437087,160.5331573486328,2155500,0.0,0.0
2023-04-12 00:00:00-04:00,161.36621112209707,161.6596707578892,154.48405109580017,154.78697204589844,3900300,0.0,0.0
2023-04-13 00:00:00-04:00,155.28869514073844,156.1406900996345,153.07353424816688,154.55978393554688,2464600,0.0,0.0
2023-04-14 00:00:00-04:00,154.30417618840377,156.6424062715016,151.3600897949944,152.41087341308594,2370100,0.0,0.0
2023-04-17 00:00:00-04:00,152.89366984600932,154.37991954973745,152.63808435580827,154.0201873779297,2566500,0.0,0.0
2023-04-18 00:00:00-04:00,154.25683667558752,154.3325705179801,153.34805945638337,153.73617553710938,2195400,0.0,0.0
2023-04-19 00:00:00-04:00,152.17420038299554,154.16217394194982,151.66301502355884,153.84030151367188,2183700,0.0,0.0
2023-04-20 00:00:00-04:00,152.33515017573927,153.82139989133262,151.25596809645523,151.7292938232422,2809900,0.0,0.0
2023-04-21 00:00:00-04:00,152.71381721266408,155.75256024557132,152.35408504319352,153.52792358398438,2743600,0.0,0.0
2023-04-24 00:00:00-04:00,153.65098437793353,155.4401549223317,153.65098437793353,155.19403076171875,2313100,0.0,0.0
2023-04-25 00:00:00-04:00,155.20350321015962,155.3549709097514,148.93667519828713,149.2017364501953,2723300,0.0,0.0
2023-04-26 00:00:00-04:00,148.5769443588277,150.1483892555231,146.53217373021837,147.15696716308594,3077400,0.0,0.0
2023-04-27 00:00:00-04:00,147.89536716424033,150.1389411533826,146.8540591292465,149.7129364013672,3037900,0.0,0.0
2023-04-28 00:00:00-04:00,150.18622417335595,151.1423512386769,147.63026853177766,149.33424377441406,3432600,0.0,0.0
2023-05-01 00:00:00-04:00,149.26799175662373,150.2809157284013,147.99948229690148,148.7378692626953,1964500,0.0,0.0
2023-05-02 00:00:00-04:00,148.1982895872105,148.43495245322498,145.37727226884945,147.41256713867188,2277400,0.0,0.0
2023-05-03 00:00:00-04:00,147.03390212297046,150.1578401816748,146.10617335237868,146.32391357421875,2385700,0.0,0.0
2023-05-04 00:00:00-04:00,145.95468425435575,146.25761959087276,142.82127089661128,144.39271545410156,2653600,0.0,0.0
2023-05-05 00:00:00-04:00,146.24817225446301,149.353187526731,145.94523688899628,147.96160888671875,2186900,0.0,0.0
2023-05-08 00:00:00-04:00,148.13200286940668,149.37211385743615,147.3462804960914,148.15093994140625,1495200,0.0,0.0
2023-05-09 00:00:00-04:00,147.39362423536443,149.43839478359888,147.12856299149195,149.02186584472656,1886000,0.0,0.0
2023-05-10 00:00:00-04:00,149.74132842390796,150.80158793404112,146.7499206401992,149.31533813476562,2804800,0.0,0.0
2023-05-11 00:00:00-04:00,148.98402964646806,150.81106025458226,148.1888313446489,150.39453125,2832000,0.0,0.0
2023-05-12 00:00:00-04:00,149.38158108171854,150.80155806073725,147.7060042019457,149.5614471435547,3361600,0.0,0.0
2023-05-15 00:00:00-04:00,149.54253041307408,152.21207998546387,149.00293215417068,152.0038299560547,4055200,0.0,0.0
2023-05-16 00:00:00-04:00,149.9928467539915,153.2999718345927,147.4386339762704,149.54490661621094,5805900,1.08,0.0
2023-05-17 00:00:00-04:00,148.48701387434565,155.19656175802592,147.83892436447792,153.40481567382812,8387700,0.0,0.0
2023-05-18 00:00:00-04:00,153.3190396580304,154.0338359732771,146.0567137487456,146.94305419921875,7881600,0.0,0.0
2023-05-19 00:00:00-04:00,147.62923411330513,147.98187678968833,143.8455784468436,145.13221740722656,4454700,0.0,0.0
2023-05-22 00:00:00-04:00,143.91232760662518,145.57066032562886,142.74006569870232,144.7796173095703,3717000,0.0,0.0
2023-05-23 00:00:00-04:00,143.27376732507167,144.22682902652824,140.04288873883667,140.2525634765625,4374100,0.0,0.0
2023-05-24 00:00:00-04:00,138.9564121221349,139.04218419316135,135.4586770921129,136.38314819335938,6738300,0.0,0.0
2023-05-25 00:00:00-04:00,135.50630385091208,135.52536915659533,132.14199725489527,134.1434326171875,7409500,0.0,0.0
2023-05-26 00:00:00-04:00,133.7240890947904,133.88610784388558,130.7696064554465,132.4088592529297,8100400,0.0,0.0
2023-05-30 00:00:00-04:00,131.73219240150388,132.37074201024848,127.30998659234581,127.55777740478516,10931900,0.0,0.0
2023-05-31 00:00:00-04:00,127.93900144865479,128.91111386341794,124.49844830191843,124.78435516357422,20234400,0.0,0.0
2023-06-01 00:00:00-04:00,122.56373503890994,125.8327295455001,120.80056515453886,125.00357055664062,13678400,0.0,0.0
2023-06-02 00:00:00-04:00,125.07983773684312,127.02407743917254,124.4317481410205,126.9668960571289,7589100,0.0,0.0
2023-06-05 00:00:00-04:00,125.48963234891362,126.29020068704845,123.63116494161225,124.46986389160156,7702900,0.0,0.0
2023-06-06 00:00:00-04:00,123.99332381836201,126.71908066050909,123.83129054388418,126.47127532958984,6065200,0.0,0.0
2023-06-07 00:00:00-04:00,125.83275122738901,126.09960737421162,124.86062409678135,125.5658950805664,5504400,0.0,0.0
2023-06-08 00:00:00-04:00,125.32761381583514,126.5380062493214,124.10769600065294,125.10841369628906,6162000,0.0,0.0
2023-06-09 00:00:00-04:00,123.42149921239823,124.46987297640354,120.99118879043576,121.02931213378906,9386000,0.0,0.0
2023-06-12 00:00:00-04:00,121.3247613668234,121.41053343246921,119.208963158819,120.54325103759766,8248400,0.0,0.0
2023-06-13 00:00:00-04:00,121.51537173027222,123.32618321746082,120.79104277262637,122.67810821533203,6916300,0.0,0.0
2023-06-14 00:00:00-04:00,123.13555751557188,128.21537765897992,121.92517246618573,126.97639465332031,14968700,0.0,0.0
2023-06-15 00:00:00-04:00,128.7681861351804,131.5987809711034,128.28212983078024,131.3700408935547,10063100,0.0,0.0
2023-06-16 00:00:00-04:00,131.57969461728055,131.57969461728055,127.36716369186216,127.52918243408203,9895800,0.0,0.0
2023-06-20 00:00:00-04:00,126.87158298013661,127.03360174207263,125.2513808182073,126.49036407470703,5355200,0.0,0.0
2023-06-21 00:00:00-04:00,126.14726231517541,127.69121780063023,125.16560980990856,126.9668960571289,3845500,0.0,0.0
2023-06-22 00:00:00-04:00,127.17656001359734,127.48153220610658,125.26089662249264,126.17584228515625,4620600,0.0,0.0
2023-06-23 00:00:00-04:00,124.86061798370682,126.19491319506314,124.20301757431268,125.64213562011719,6973100,0.0,0.0
2023-06-26 00:00:00-04:00,126.13772126659057,129.10174372247644,126.12818134238867,128.18679809570312,4831100,0.0,0.0
2023-06-27 00:00:00-04:00,126.94781417255642,128.51083476212216,126.19490183634575,126.29019927978516,6047600,0.0,0.0
2023-06-28 00:00:00-04:00,126.4712905834119,127.1193801317908,125.68978751507726,126.25209045410156,4601900,0.0,0.0
2023-06-29 00:00:00-04:00,126.26160840697132,127.76744761974732,125.58494275204683,126.67143249511719,6055200,0.0,0.0
2023-06-30 00:00:00-04:00,127.52918311526263,127.56731372691056,124.97498475241152,125.70883178710938,7312200,0.0,0.0
2023-07-03 00:00:00-04:00,125.4133763666212,128.96830671618076,125.4133763666212,128.52989196777344,4134600,0.0,0.0
2023-07-05 00:00:00-04:00,127.93901531694615,128.17728075586456,126.27115724451738,126.32833862304688,5186900,0.0,0.0
2023-07-06 00:00:00-04:00,125.68978548170611,126.72861927616233,124.30783434051862,124.69859313964844,4882300,0.0,0.0
2023-07-07 00:00:00-04:00,124.37455357336661,126.01382088348612,123.76459465861755,123.9456787109375,4251100,0.0,0.0
2023-07-10 00:00:00-04:00,124.16488180409648,125.67072109210189,124.16488180409648,125.55635833740234,3831300,0.0,0.0
2023-07-11 00:00:00-04:00,125.84225196612202,127.99618056982445,125.20370241537684,127.12889099121094,4094900,0.0,0.0
2023-07-12 00:00:00-04:00,128.52037449741894,129.05408671611073,126.60471119649708,126.67143249511719,3758300,0.0,0.0
2023-07-13 00:00:00-04:00,127.10983514633455,127.99619009554291,126.46176016632631,126.58566284179688,3077400,0.0,0.0
2023-07-14 00:00:00-04:00,125.88992179975835,126.45222473638043,124.52705049141319,124.77484130859375,4119500,0.0,0.0
2023-07-17 00:00:00-04:00,124.66048923915696,124.68907993041441,122.5161001394326,123.90756225585938,4731500,0.0,0.0
2023-07-18 00:00:00-04:00,124.23159793247537,125.7755532268939,122.98307489453819,124.66999816894531,3786400,0.0,0.0
2023-07-19 00:00:00-04:00,125.3276042826719,126.69047543246225,124.736710725987,126.47127532958984,3229200,0.0,0.0
2023-07-20 00:00:00-04:00,126.88111816783871,128.93972053988915,126.26161929143572,128.3202362060547,4174700,0.0,0.0
2023-07-21 00:00:00-04:00,128.78722428504096,129.95948603230863,127.32904113677552,127.78650665283203,4030700,0.0,0.0
2023-07-24 00:00:00-04:00,128.01527374724023,129.23519174301805,127.54826820879028,129.05410766601562,2622600,0.0,0.0
2023-07-25 00:00:00-04:00,128.74910848827514,129.45437941953634,127.08125042356005,127.32905578613281,3849400,0.0,0.0
2023-07-26 00:00:00-04:00,126.52846128078586,129.1779715433732,126.24255441563155,128.158203125,5180100,0.0,0.0
2023-07-27 00:00:00-04:00,128.97784104839064,131.78937014271972,128.18679809570312,128.18679809570312,5538800,0.0,0.0
2023-07-28 00:00:00-04:00,129.47342298892843,130.32164722344217,128.4822307901871,128.66331481933594,2957500,0.0,0.0
2023-07-31 00:00:00-04:00,128.91110487818867,130.4645999168831,128.91110487818867,130.06431579589844,6055300,0.0,0.0
2023-08-01 00:00:00-04:00,129.93088760847547,130.13102239745837,126.70953479804243,126.74766540527344,4060700,0.0,0.0
2023-08-02 00:00:00-04:00,125.99475897540876,127.79604508024622,125.63260540356916,127.27185821533203,3562700,0.0,0.0
2023-08-03 00:00:00-04:00,126.97640878933343,127.74838645514899,126.37598979512563,126.4998779296875,3723100,0.0,0.0
2023-08-04 00:00:00-04:00,127.51966526246828,128.30116833658275,125.77556051207057,126.30927276611328,3479900,0.0,0.0
2023-08-07 00:00:00-04:00,126.77627188598234,127.42434686400402,125.17512066178419,125.74696350097656,3036700,0.0,0.0
2023-08-08 00:00:00-04:00,124.48892080978908,125.05123829318829,123.27854286106492,124.83202362060547,4359100,0.0,0.0
2023-08-09 00:00:00-04:00,125.18466016691498,125.87086575462124,124.14581186110823,124.46986389160156,2761200,0.0,0.0
2023-08-10 00:00:00-04:00,125.08935342803527,126.2902059856199,124.39362242945934,124.77484130859375,4375600,0.0,0.0
2023-08-11 00:00:00-04:00,123.9266307788921,125.50871693483377,123.91710539574896,124.89875793457031,3802400,0.0,0.0
2023-08-14 00:00:00-04:00,124.5937538806727,125.63260220196258,122.82105850977226,123.34524536132812,4425100,0.0,0.0
2023-08-15 00:00:00-04:00,122.98958460886634,124.30648192086356,120.11550407727266,120.20201873779297,9416500,1.1,0.0
2023-08-16 00:00:00-04:00,129.7662652765663,130.0065731752266,122.58586409121787,123.7585678100586,23754400,0.0,0.0
2023-08-17 00:00:00-04:00,123.55670858868062,127.69962927878383,123.45097252156002,125.06584930419922,8659600,0.0,0.0
2023-08-18 00:00:00-04:00,124.5852381724538,127.2862968365447,124.05655781695545,126.12321472167969,5754500,0.0,0.0
2023-08-21 00:00:00-04:00,125.43112237782599,126.64226896782752,122.48974856332762,122.8357925415039,5928600,0.0,0.0
2023-08-22 00:00:00-04:00,120.65379939917646,121.18247976605399,117.88545475149307,120.0962905883789,8792900,0.0,0.0
2023-08-23 00:00:00-04:00,119.50031731759044,120.52883488013144,118.02963408021657,118.433349609375,4797500,0.0,0.0
2023-08-24 00:00:00-04:00,117.86622257261729,119.6156638082009,117.38560676796668,119.2888412475586,4308100,0.0,0.0
2023-08-25 00:00:00-04:00,119.19271847935312,119.2888401726941,116.0687157772733,117.06839752197266,7279700,0.0,0.0
2023-08-28 00:00:00-04:00,117.20297371247973,118.93319359134082,116.73197226408465,118.64482116699219,5116600,0.0,0.0
2023-08-29 00:00:00-04:00,119.01970366849775,122.71083705081547,118.97163915212396,121.26898956298828,5267400,0.0,0.0
2023-08-30 00:00:00-04:00,120.89409722880947,122.4128449435551,120.50961044894774,122.02835083007812,3276700,0.0,0.0
2023-08-31 00:00:00-04:00,121.45160914635234,122.74927031775876,120.96137898520237,121.64385986328125,4234600,0.0,0.0
2023-09-01 00:00:00-04:00,122.60510749511572,122.74928638466554,120.29814992531134,120.65380096435547,2995500,0.0,0.0
2023-09-05 00:00:00-04:00,120.55767280247466,122.52820063508538,120.15395726612819,120.33659362792969,3427300,0.0,0.0
2023-09-06 00:00:00-04:00,120.33658934809647,120.60573302942187,118.35644721591687,118.9139633178711,3562100,0.0,0.0
2023-09-07 00:00:00-04:00,119.0485358147862,120.03860321952608,118.73132761706897,119.6348876953125,3267200,0.0,0.0
2023-09-08 00:00:00-04:00,119.53876831705882,119.89442666687604,117.77971264137052,118.89474487304688,2923200,0.0,0.0
2023-09-11 00:00:00-04:00,119.52915320418673,119.7790754844944,117.78932627909528,117.9142837524414,2613100,0.0,0.0
2023-09-12 00:00:00-04:00,118.13537046045272,118.6928865737862,117.51056842541453,117.65475463867188,2930600,0.0,0.0
2023-09-13 00:00:00-04:00,117.98157109757351,118.88513119862351,117.7412631841977,118.1642074584961,2541500,0.0,0.0
2023-09-14 00:00:00-04:00,118.80822969445954,120.11550531657926,118.04885581590356,119.93286895751953,3760900,0.0,0.0
2023-09-15 00:00:00-04:00,119.92326149932174,120.25007673689402,117.96234807304185,118.27955627441406,4918700,0.0,0.0
2023-09-18 00:00:00-04:00,118.15458989278375,118.15458989278375,113.95401237410294,114.71337890625,5415200,0.0,0.0
2023-09-19 00:00:00-04:00,114.82873397751924,116.10717385378106,114.33850377428807,115.5112075805664,4056200,0.0,0.0
2023-09-20 00:00:00-04:00,115.90532047118742,116.82810202574197,115.41509024939987,115.74191284179688,3263500,0.0,0.0
2023-09-21 00:00:00-04:00,114.9152478255009,115.67461438291646,112.34875372111419,112.77169799804688,4133200,0.0,0.0
2023-09-22 00:00:00-04:00,112.43527296852969,112.81976711472676,108.17701625001177,108.23468780517578,6593700,0.0,0.0
2023-09-25 00:00:00-04:00,107.76368883615105,108.37887655094829,106.24494095678831,107.90787506103516,5353300,0.0,0.0
2023-09-26 00:00:00-04:00,107.0427542934926,108.03282169337213,104.88959750797494,105.23564147949219,6022200,0.0,0.0
2023-09-27 00:00:00-04:00,105.13951358091342,106.35066749424965,104.28401801257702,105.48555755615234,4498100,0.0,0.0
2023-09-28 00:00:00-04:00,105.29331674059561,106.19687684624365,103.95720532211614,105.31253814697266,4676500,0.0,0.0
2023-09-29 00:00:00-04:00,106.09114282851878,107.32151820167623,105.62013402659468,106.28338623046875,4737200,0.0,0.0
2023-10-02 00:00:00-04:00,106.07190635812226,106.11035650243332,101.6502424329623,102.55380249023438,6121300,0.0,0.0
2023-10-03 00:00:00-04:00,102.06358205473512,104.38014663497262,102.06358205473512,103.0055923461914,5370300,0.0,0.0
2023-10-04 00:00:00-04:00,104.19750998503271,104.19750998503271,101.65024470305578,102.48651885986328,5523100,0.0,0.0
2023-10-05 00:00:00-04:00,101.76560485762535,102.56342161184277,100.5736722443744,101.07351684570312,4749300,0.0,0.0
2023-10-06 00:00:00-04:00,100.68901205191476,102.15008088544776,98.93957079934543,100.93893432617188,7547600,0.0,0.0
2023-10-09 00:00:00-04:00,101.16002174371896,102.00591033063367,99.71817419814981,101.65986633300781,4819900,0.0,0.0
2023-10-10 00:00:00-04:00,102.32310487679786,106.85051234293225,102.09241133721385,105.37982177734375,6791800,0.0,0.0
2023-10-11 00:00:00-04:00,105.8508219043684,106.12957993647844,102.78449088477284,104.7646255493164,3977400,0.0,0.0
2023-10-12 00:00:00-04:00,108.60957095321199,108.61918532390979,105.26448864475198,106.50447845458984,6497300,0.0,0.0
2023-10-13 00:00:00-04:00,106.89857279046173,107.87903319747446,105.74509772368683,107.63872528076172,4651400,0.0,0.0
2023-10-16 00:00:00-04:00,108.196225813168,108.41731230645456,105.53361752607277,107.07158660888672,3872700,0.0,0.0
2023-10-17 00:00:00-04:00,106.86973104132352,108.79219426758686,106.4564011543323,108.19622802734375,3387900,0.0,0.0
2023-10-18 00:00:00-04:00,107.60026602295369,107.62910179713904,105.6681884827704,105.93733215332031,2940800,0.0,0.0
2023-10-19 00:00:00-04:00,105.94695675489736,106.60059458948162,104.13022946961173,104.15906524658203,4249500,0.0,0.0
2023-10-20 00:00:00-04:00,104.05332373939733,105.9661726258594,103.52464341050853,104.61083984375,4213700,0.0,0.0
2023-10-23 00:00:00-04:00,103.89952423084662,104.24556820721439,102.5249700287832,103.25550079345703,3189800,0.0,0.0
2023-10-24 00:00:00-04:00,103.49580593468356,104.99533223670686,103.14976196757165,104.4666519165039,2518100,0.0,0.0
2023-10-25 00:00:00-04:00,104.22634279716034,106.77360800671387,103.73611262720337,106.0815200805664,4123200,0.0,0.0
2023-10-26 00:00:00-04:00,105.92772368389151,107.57143624015589,105.72586591973624,106.5717544555664,3092400,0.0,0.0
2023-10-27 00:00:00-04:00,106.23532960455655,106.7928457786869,102.74606099802618,103.07288360595703,3448200,0.0,0.0
2023-10-30 00:00:00-04:00,103.58232191453723,104.87036877129412,102.46728970992801,104.45703887939453,3852700,0.0,0.0
2023-10-31 00:00:00-04:00,104.65890177499637,106.96585925380836,104.25518623294857,106.49485778808594,5549400,0.0,0.0
2023-11-01 00:00:00-04:00,106.77360964109144,106.77360964109144,104.39936637673237,105.2933120727539,3081500,0.0,0.0
2023-11-02 00:00:00-04:00,105.96617590291964,107.49453805230837,104.69735040796276,106.76399993896484,3817800,0.0,0.0
2023-11-03 00:00:00-04:00,107.850188801996,109.78226648275451,107.73484569686241,108.47499084472656,4340100,0.0,0.0
2023-11-06 00:00:00-05:00,108.89793841394709,109.04212463334115,106.61981668164509,106.74478149414062,3696200,0.0,0.0
2023-11-07 00:00:00-05:00,106.53330486176777,108.30196756654556,106.50446908582701,107.03314208984375,2859100,0.0,0.0
2023-11-08 00:00:00-05:00,106.73516132408476,107.60027125982481,105.06262033739756,105.59129333496094,4514000,0.0,0.0
2023-11-09 00:00:00-05:00,106.0334494152019,106.0334494152019,102.20775197173518,102.64991760253906,5604600,0.0,0.0
2023-11-10 00:00:00-05:00,102.95752235190841,104.4185912293388,101.15040949468376,104.1302261352539,6235800,0.0,0.0
2023-11-13 00:00:00-05:00,104.50510679818322,104.61084286701677,102.97674465189004,103.1401596069336,4016000,0.0,0.0
2023-11-14 00:00:00-05:00,105.13108987198056,109.07411036355138,104.96598970775459,107.59790802001953,7656100,1.1,0.0
2023-11-15 00:00:00-05:00,122.447379148624,127.74035053971326,121.28194915684098,126.70118713378906,32230800,0.0,0.0
2023-11-16 00:00:00-05:00,123.5933754683044,127.04108810213906,123.52539261100557,126.19615936279297,12033200,0.0,0.0
2023-11-17 00:00:00-05:00,126.62350099838652,127.31303620588812,125.18613203392465,126.14761352539062,5982500,0.0,0.0
2023-11-20 00:00:00-05:00,125.62316810264511,126.47780342735327,124.6713932354726,125.91451263427734,5810200,0.0,0.0
2023-11-21 00:00:00-05:00,126.46808894199903,127.09935514643578,125.0016005546368,127.03137969970703,4057900,0.0,0.0
2023-11-22 00:00:00-05:00,126.74002838134766,128.5464385740318,126.147603134845,126.74002838134766,3587900,0.0,0.0
2023-11-24 00:00:00-05:00,126.74003155757917,127.682085084957,126.021347116534,127.67237854003906,1863100,0.0,0.0
2023-11-27 00:00:00-05:00,127.3712905279619,128.53672789412389,126.49722732249211,127.54611206054688,3736700,0.0,0.0
2023-11-28 00:00:00-05:00,127.54611191808641,128.00257142818796,126.46809272899685,127.87631225585938,3804900,0.0,0.0
2023-11-29 00:00:00-05:00,128.15797482648796,129.26512855221918,127.39072800880369,127.53641510009766,2918900,0.0,0.0
2023-11-30 00:00:00-05:00,128.4007440498635,130.10032267989538,126.63317516143853,129.9546356201172,5759500,0.0,0.0
2023-12-01 00:00:00-05:00,129.55645401513118,131.06179815520812,128.69209741637482,130.89669799804688,4593700,0.0,0.0
2023-12-04 00:00:00-05:00,130.35282913507655,132.31463266201325,129.35250687560756,129.85752868652344,7625100,0.0,0.0
2023-12-05 00:00:00-05:00,129.4787776829306,130.00321262745797,128.68239649332645,129.05145263671875,2997800,0.0,0.0
2023-12-06 00:00:00-05:00,129.40109786781287,130.129488887024,128.47845738815622,129.5370635986328,3894200,0.0,0.0
2023-12-07 00:00:00-05:00,130.72189406704754,131.9067444615696,130.26543457969146,131.29489135742188,3939200,0.0,0.0
2023-12-08 00:00:00-05:00,131.3337323520443,132.47002038892512,131.20748800515818,131.29489135742188,2880500,0.0,0.0
2023-12-11 00:00:00-05:00,132.18839014332912,133.00418445039054,131.58625836704354,132.8196563720703,3571700,0.0,0.0
2023-12-12 00:00:00-05:00,132.96534294372987,132.96534294372987,131.33373951671052,131.75135803222656,3352100,0.0,0.0
2023-12-13 00:00:00-05:00,132.08155810336723,134.43183110896717,130.81901083413703,134.3929901123047,3531700,0.0,0.0
2023-12-14 00:00:00-05:00,135.67494290228015,138.1029125849235,135.43214593401584,137.07345581054688,4636400,0.0,0.0
2023-12-15 00:00:00-05:00,137.03463956453112,137.52023358875817,134.227906697265,134.38328552246094,5679900,0.0,0.0
2023-12-18 00:00:00-05:00,134.9951182290232,135.1407904865019,133.44121165987752,133.7519989013672,3117000,0.0,0.0
2023-12-19 00:00:00-05:00,134.02391687797177,135.67493318002985,133.9267921699655,135.5583953857422,2834600,0.0,0.0
2023-12-20 00:00:00-05:00,134.7328877457349,134.8688534534469,132.6157053229126,132.9556121826172,3711700,0.0,0.0
2023-12-21 00:00:00-05:00,133.97534633402722,135.61665599261102,133.334358866329,135.35443115234375,3980200,0.0,0.0
2023-12-22 00:00:00-05:00,135.42244026632204,136.37420023871357,134.63578045512028,136.16053771972656,3222800,0.0,0.0
2023-12-26 00:00:00-05:00,135.96629152456111,137.36480432273484,135.27674166854638,136.96661376953125,2237700,0.0,0.0
2023-12-27 00:00:00-05:00,136.86952124577616,138.61766265455213,136.55874878374556,138.2777557373047,2806400,0.0,0.0
2023-12-28 00:00:00-05:00,137.96696987889828,138.98672027946316,137.90870096786372,138.43313598632812,2146700,0.0,0.0
2023-12-29 00:00:00-05:00,137.9281048779421,139.2391996055446,137.6367455543135,138.3165740966797,2515300,0.0,0.0
2024-01-02 00:00:00-05:00,138.09320523020494,140.04528750869326,137.50078003835264,138.97698974609375,3601500,0.0,0.0
2024-01-03 00:00:00-05:00,138.25830723137923,138.8507324311244,134.34442125932765,134.67462158203125,4662100,0.0,0.0
2024-01-04 00:00:00-05:00,134.85915582268473,136.86950712094546,133.73257427338558,136.2091064453125,3903000,0.0,0.0
2024-01-05 00:00:00-05:00,135.30591051156102,137.86012470914088,135.30591051156102,136.6947021484375,2744200,0.0,0.0
2024-01-08 00:00:00-05:00,136.1605375889895,137.8989721900646,135.53897793957435,137.64645385742188,3563300,0.0,0.0
2024-01-09 00:00:00-05:00,136.93750593683305,139.82193543890708,136.48104639817808,139.62770080566406,3664400,0.0,0.0
2024-01-10 00:00:00-05:00,139.24892619171447,140.24924854567934,138.80217323617273,139.93846130371094,2777400,0.0,0.0
2024-01-11 00:00:00-05:00,140.3366422692941,140.3366422692941,136.92777830062266,137.9281005859375,3215300,0.0,0.0
2024-01-12 00:00:00-05:00,138.58853301977365,139.02556468238035,136.61702244604376,136.85011291503906,2236400,0.0,0.0
2024-01-16 00:00:00-05:00,138.09320356143778,138.35542843181693,135.88860297982194,137.00547790527344,3482400,0.0,0.0
2024-01-17 00:00:00-05:00,136.044002977093,136.6946970925926,134.40269305301646,134.74261474609375,3566300,0.0,0.0
2024-01-18 00:00:00-05:00,134.63579503527305,135.11166766342714,131.76107208068515,133.44122314453125,4160700,0.0,0.0
2024-01-19 00:00:00-05:00,133.26640575464143,134.6066498081339,131.88732070530415,134.15989685058594,3515300,0.0,0.0
2024-01-22 00:00:00-05:00,134.41239843720547,136.70440245700246,133.93652585398547,136.31593322753906,2778700,0.0,0.0
2024-01-23 00:00:00-05:00,136.78211280964547,137.6270564370714,135.82064618482494,136.8209686279297,2806800,0.0,0.0
2024-01-24 00:00:00-05:00,137.5202215764483,137.71445620534212,134.95628594525397,135.18936157226562,2845900,0.0,0.0
2024-01-25 00:00:00-05:00,136.23822985516938,138.18060554722385,135.00481714135265,138.08348083496094,2566500,0.0,0.0
2024-01-26 00:00:00-05:00,138.773044389455,138.87987565580246,137.5590594623938,138.4234161376953,3014800,0.0,0.0
2024-01-29 00:00:00-05:00,138.61764923936195,138.86044622210684,132.42148031673503,137.44252014160156,4879000,0.0,0.0
2024-01-30 00:00:00-05:00,136.56843863448552,137.13172939840763,133.8685374406478,136.47132873535156,2879500,0.0,0.0
2024-01-31 00:00:00-05:00,136.4810498507719,137.37454104161466,134.95629238113196,135.0728302001953,5804400,0.0,0.0
2024-02-01 00:00:00-05:00,136.87922711426555,140.3075192687611,134.5095262305476,140.2589569091797,3613900,0.0,0.0
2024-02-02 00:00:00-05:00,139.35576556163394,142.80347096051057,138.46227441771742,141.2981414794922,3775800,0.0,0.0
2024-02-05 00:00:00-05:00,140.06473170168408,140.71542587017416,137.42309920978707,138.22918701171875,4697400,0.0,0.0
2024-02-06 00:00:00-05:00,138.5496695831749,140.30751731380778,137.38424706521704,140.26866149902344,2873200,0.0,0.0
2024-02-07 00:00:00-05:00,144.70701179491013,144.70701179491013,141.074763345163,142.50241088867188,3979600,0.0,0.0
2024-02-08 00:00:00-05:00,142.77432874005328,144.79440136302793,142.61894993763323,143.15309143066406,2946900,0.0,0.0
2024-02-09 00:00:00-05:00,142.84230751432398,143.31819488491735,142.08478219404896,142.3081512451172,2792400,0.0,0.0
2024-02-12 00:00:00-05:00,143.26963590186173,146.06664683519182,143.25020799548324,145.095458984375,3492600,0.0,0.0
2024-02-13 00:00:00-05:00,142.97828774602814,143.6095539706859,140.42405875682647,141.9002685546875,3061800,0.0,0.0
2024-02-14 00:00:00-05:00,140.52119428945082,141.88085156370923,139.59856865197884,140.8513946533203,2986400,0.0,0.0
2024-02-15 00:00:00-05:00,141.5894723731118,143.98830758612885,141.23984414880948,142.11392211914062,2807600,0.0,0.0
2024-02-16 00:00:00-05:00,141.53120940014853,145.9598238806987,140.94850554800587,145.29942321777344,4318400,0.0,0.0
2024-02-20 00:00:00-05:00,146.7572044562709,148.8215897294457,145.98428974819038,146.6495819091797,3474400,1.1,0.0
2024-02-21 00:00:00-05:00,146.08212677401883,146.61046109863344,144.6634767071877,145.5733642578125,2307600,0.0,0.0
2024-02-22 00:00:00-05:00,145.57336482294485,147.71602252004473,144.79067163056203,147.08985900878906,2503800,0.0,0.0
2024-02-23 00:00:00-05:00,147.71602473706236,149.4771143041867,147.15835508267395,148.20521545410156,3503600,0.0,0.0
2024-02-26 00:00:00-05:00,147.3540231941894,147.6866692871211,145.8766726551701,146.90396118164062,3856900,0.0,0.0
2024-02-27 00:00:00-05:00,147.53012350193313,149.01726739757683,147.19747741165824,148.70419311523438,2851700,0.0,0.0
2024-02-28 00:00:00-05:00,148.05846936029673,148.9585785194864,147.39316219894656,148.1660919189453,2298300,0.0,0.0
2024-02-29 00:00:00-05:00,149.09556419607082,150.32831957787454,148.7139959877327,149.61410522460938,4447800,0.0,0.0
2024-03-01 00:00:00-05:00,149.92719113339723,152.17745671079106,148.71399266096333,151.932861328125,4284000,0.0,0.0
2024-03-04 00:00:00-05:00,149.87824476052492,151.4240891197054,146.8452565358557,147.2366180419922,9096100,0.0,0.0
2024-03-05 00:00:00-05:00,162.47002143727804,166.78468722106243,161.63840616090488,164.935546875,22986800,0.0,0.0
2024-03-06 00:00:00-05:00,168.49685903372534,171.7352993314792,167.89026729570494,169.78831481933594,8955200,0.0,0.0
2024-03-07 00:00:00-05:00,171.21674926581417,171.48091643049213,167.61631278998976,167.83154296875,3644700,0.0,0.0
2024-03-08 00:00:00-05:00,167.635876515273,168.56533592060273,165.78673614484694,166.0509033203125,3361800,0.0,0.0
2024-03-11 00:00:00-04:00,166.51073300650617,166.8923011556976,163.07660473486794,164.4365692138672,3142400,0.0,0.0
2024-03-12 00:00:00-04:00,164.99426344608258,165.40518190424575,163.90825933203786,163.94740295410156,2292100,0.0,0.0
2024-03-13 00:00:00-04:00,163.6245180851085,163.91802057520457,160.64045169483094,163.06683349609375,5546300,0.0,0.0
2024-03-14 00:00:00-04:00,163.15488991190475,163.5560299008617,159.51530961909603,160.7578582763672,3365900,0.0,0.0
2024-03-15 00:00:00-04:00,159.34897890117617,161.6775314843767,159.19244921818097,160.6697998046875,5074900,0.0,0.0
2024-03-18 00:00:00-04:00,160.43499170542935,164.55398432536666,159.90667227233428,163.96694946289062,3189600,0.0,0.0
2024-03-19 00:00:00-04:00,163.45820828253588,164.9649092598687,162.70485032941082,164.5735626220703,2290500,0.0,0.0
2024-03-20 00:00:00-04:00,164.28980519282297,166.88252489641087,163.76148579816137,166.77490234375,2969700,0.0,0.0
2024-03-21 00:00:00-04:00,166.9803558732225,167.1858225410231,165.3171104379007,166.4911651611328,2624300,0.0,0.0
2024-03-22 00:00:00-04:00,166.32484434461136,166.49116739748607,164.84749374866604,164.98446655273438,2443600,0.0,0.0
2024-03-25 00:00:00-04:00,166.32485453953825,169.8274620913115,166.06068735517286,168.92735290527344,4262600,0.0,0.0
2024-03-26 00:00:00-04:00,168.8979974386454,170.43404857891875,168.4381569548062,168.90777587890625,3512900,0.0,0.0
2024-03-27 00:00:00-04:00,170.3362207033611,171.68637698667703,169.78831453728253,170.89389038085938,4747100,0.0,0.0
2024-03-28 00:00:00-04:00,171.21675298044065,173.56486247832026,170.91345712093045,173.3789825439453,3716200,0.0,0.0
2024-04-01 00:00:00-04:00,174.9052436277456,177.92843851151312,173.81923969788835,173.9757843017578,3917400,0.0,0.0
2024-04-02 00:00:00-04:00,173.80945335615178,174.04427027144888,171.3047993086457,172.42994689941406,3022100,0.0,0.0
2024-04-03 00:00:00-04:00,172.71367713713744,173.35941248067755,171.31459882171674,171.6961669921875,3033900,0.0,0.0
2024-04-04 00:00:00-04:00,173.01697426957736,173.39854244284865,168.26203976401064,168.49685668945312,3614400,0.0,0.0
2024-04-05 00:00:00-04:00,167.9098286659215,168.80993785666638,166.35420566003367,168.0565948486328,2333200,0.0,0.0
2024-04-08 00:00:00-04:00,167.20536566177833,168.40878546331192,165.95303873619284,166.03131103515625,2122900,0.0,0.0
2024-04-09 00:00:00-04:00,166.32485012372038,168.02723925822016,165.6008424605366,167.91961669921875,1847100,0.0,0.0
2024-04-10 00:00:00-04:00,166.2270032594588,168.14463748028794,165.10187055759576,167.90982055664062,2148700,0.0,0.0
2024-04-11 00:00:00-04:00,169.05452721529343,169.30891595137206,166.70641766465593,167.6260986328125,2247900,0.0,0.0
2024-04-12 00:00:00-04:00,167.1271373579286,167.36193936674027,162.19608616804337,162.5287322998047,3550800,0.0,0.0
2024-04-15 00:00:00-04:00,165.52255173710813,166.12915833350277,161.39379612207858,161.4427032470703,5075400,0.0,0.0
2024-04-16 00:00:00-04:00,161.49163498251184,162.41131590699726,158.7032568896508,159.7892608642578,3450600,0.0,0.0
2024-04-17 00:00:00-04:00,163.1548851439882,164.30938301743305,160.3273633520937,160.91439819335938,3700200,0.0,0.0
2024-04-18 00:00:00-04:00,162.1373816052271,163.90824971227838,161.52099648969906,162.97879028320312,3169500,0.0,0.0
2024-04-19 00:00:00-04:00,163.71255943555636,164.82791362065194,163.1646682469361,164.66159057617188,3376600,0.0,0.0
2024-04-22 00:00:00-04:00,165.11165318226801,165.43452086212213,162.44067592209603,163.49732971191406,2155500,0.0,0.0
2024-04-23 00:00:00-04:00,164.01585405771812,164.37785039131174,162.50915330021488,162.9102783203125,1890300,0.0,0.0
2024-04-24 00:00:00-04:00,161.46229860444487,162.9396493028465,161.22748166879313,161.76559448242188,2631400,0.0,0.0
2024-04-25 00:00:00-04:00,160.34692752581932,161.5796827190768,159.6522701610302,160.88504028320312,3141700,0.0,0.0
2024-04-26 00:00:00-04:00,161.5796986772324,162.68527454896443,160.5915387371085,161.17857360839844,2085500,0.0,0.0
2024-04-29 00:00:00-04:00,161.13941507215034,162.13736828939963,158.55648874961693,160.1903839111328,2698500,0.0,0.0
2024-04-30 00:00:00-04:00,158.938053992497,159.1141704059244,156.95194096295114,157.4998321533203,3534400,0.0,0.0
2024-05-01 00:00:00-04:00,157.35307414874256,158.13578221371355,152.95035807830965,153.04818725585938,4378000,0.0,0.0
2024-05-02 00:00:00-04:00,153.88960181345962,155.21042265765553,152.43182310113687,154.70166015625,3880000,0.0,0.0
2024-05-03 00:00:00-04:00,155.5626505881016,156.84432789928894,154.39837427368985,154.62339782714844,3802200,0.0,0.0
2024-05-06 00:00:00-04:00,154.6234012395751,154.9756191665912,153.1167003416774,154.9267120361328,3314500,0.0,0.0
2024-05-07 00:00:00-04:00,157.58791983949294,158.85002544155813,156.38449981154818,156.9421844482422,3492500,0.0,0.0
2024-05-08 00:00:00-04:00,155.562651103511,157.7640093738437,155.552872663386,156.139892578125,2678300,0.0,0.0
2024-05-09 00:00:00-04:00,155.99314794625036,160.8459118010959,155.60178639091322,160.7676544189453,2538000,0.0,0.0
2024-05-10 00:00:00-04:00,161.0513633333484,162.06887342367207,158.20426986788445,159.60336303710938,2414100,0.0,0.0
2024-05-13 00:00:00-04:00,160.6600094014139,160.8458893191866,157.11825873300901,157.4215545654297,2629000,0.0,0.0
2024-05-14 00:00:00-04:00,157.91413786058243,159.19479199175032,156.21973670827063,156.59408569335938,2707900,1.1,0.0
2024-05-15 00:00:00-04:00,158.21951568931453,158.68252151230462,154.7026435910724,155.1656494140625,2563700,0.0,0.0
2024-05-16 00:00:00-04:00,157.864885887239,161.2142752693658,157.34277545470187,158.25892639160156,5232900,0.0,0.0
2024-05-17 00:00:00-04:00,157.7959021087301,158.08159421796756,156.73198986482763,157.7466583251953,4005500,0.0,0.0
2024-05-20 00:00:00-04:00,157.52007147015271,158.40668505285393,153.6387263401515,154.3775634765625,4429200,0.0,0.0
2024-05-21 00:00:00-04:00,154.37757646516607,154.50563135804217,152.34822433313917,153.46141052246094,6291000,0.0,0.0
2024-05-22 00:00:00-04:00,138.44822568090805,143.50187665350893,137.8965630078133,141.13760375976562,18724000,0.0,0.0
2024-05-23 00:00:00-04:00,140.37905980883033,143.4132195369211,139.65006840262865,142.26063537597656,6661100,0.0,0.0
2024-05-24 00:00:00-04:00,142.74333026286996,143.56097850634515,141.42327817268696,143.06842041015625,3549300,0.0,0.0
2024-05-28 00:00:00-04:00,142.84184872617644,145.24553465463748,142.37884291052958,144.9105987548828,4344300,0.0,0.0
2024-05-29 00:00:00-04:00,143.87622783292414,145.92527138708053,143.33441090221538,145.54107666015625,3038500,0.0,0.0
2024-05-30 00:00:00-04:00,146.30947580494006,148.12208617347952,145.7184000174381,147.63937377929688,4239400,0.0,0.0
2024-05-31 00:00:00-04:00,146.6641094282079,154.5942830703503,146.54588525882664,153.83575439453125,7501000,0.0,0.0
2024-06-03 00:00:00-04:00,149.8263229388609,152.19061089607376,149.12689883738327,150.75233459472656,4162500,0.0,0.0
2024-06-04 00:00:00-04:00,150.1021535812585,151.8950723162679,147.87579633620518,148.3092498779297,4683700,0.0,0.0
2024-06-05 00:00:00-04:00,148.2600011598129,148.7328527685946,144.5658150844023,145.15689086914062,5746100,0.0,0.0
2024-06-06 00:00:00-04:00,144.51654960930594,144.99926197900464,142.89111382364288,142.9699249267578,4682900,0.0,0.0
2024-06-07 00:00:00-04:00,142.47737606253781,144.41805638674302,142.00450941312687,143.8269805908203,3110800,0.0,0.0
2024-06-10 00:00:00-04:00,143.87622526335258,146.69365822103927,143.40337369212472,146.30946350097656,3052900,0.0,0.0
2024-06-11 00:00:00-04:00,146.0434819378693,146.16169107601166,143.74815930495978,144.01414489746094,3592400,0.0,0.0
2024-06-12 00:00:00-04:00,144.16191386020668,145.82676279063176,142.94037928436373,144.59536743164062,3064300,0.0,0.0
2024-06-13 00:00:00-04:00,144.90074508978864,144.90074508978864,142.39855643762334,142.526611328125,3470600,0.0,0.0
2024-06-14 00:00:00-04:00,141.6301596083262,141.65971189165106,137.30550011219054,139.0590057373047,5019700,0.0,0.0
2024-06-17 00:00:00-04:00,139.24618567904406,142.90095848919273,138.70436874404498,142.8123016357422,5006300,0.0,0.0
2024-06-18 00:00:00-04:00,142.20154543872437,142.69410359399296,140.30026314291283,140.41847229003906,2969500,0.0,0.0
2024-06-20 00:00:00-04:00,140.0342527505427,141.6301511127558,139.62050577713316,141.24595642089844,2628700,0.0,0.0
2024-06-21 00:00:00-04:00,141.8468993577606,144.09296328612191,141.8468993577606,143.95504760742188,5652000,0.0,0.0
2024-06-24 00:00:00-04:00,144.81208631852695,148.54567022939838,144.53625497569277,147.46205139160156,3933000,0.0,0.0
2024-06-25 00:00:00-04:00,146.27005055413898,146.90052432685025,144.16190246741562,144.58551025390625,3367600,0.0,0.0
2024-06-26 00:00:00-04:00,143.83681479253002,145.1174688930728,142.7630417134524,144.97955322265625,2447000,0.0,0.0
2024-06-27 00:00:00-04:00,143.58069093443652,144.81208622546941,143.1373916360008,144.5362548828125,2273600,0.0,0.0
2024-06-28 00:00:00-04:00,145.34405074195837,146.49665002857756,143.94518741464063,145.83660888671875,12772300,0.0,0.0
2024-07-01 00:00:00-04:00,146.13213976847106,146.7232155264963,142.9108204791082,143.5708465576172,2638900,0.0,0.0
2024-07-02 00:00:00-04:00,143.33442235476102,144.80225106038364,142.3099080116636,143.22605895996094,3296400,0.0,0.0
2024-07-03 00:00:00-04:00,143.15708577257197,144.05353004273726,142.22121340708597,142.6448211669922,1633300,0.0,0.0
2024-07-05 00:00:00-04:00,142.3886829383629,144.2505518766962,142.3492849059612,143.48216247558594,3562200,0.0,0.0
2024-07-08 00:00:00-04:00,149.5997493052654,149.70811269039564,145.5903190871266,146.50648498535156,5183800,0.0,0.0
2024-07-09 00:00:00-04:00,145.79720822064124,147.39309177075617,145.0386644825144,145.40316772460938,2848400,0.0,0.0
2024-07-10 00:00:00-04:00,145.25538539516705,145.25538539516705,141.27552243201558,143.93533325195312,4105700,0.0,0.0
2024-07-11 00:00:00-04:00,144.81208578785848,149.6293035505547,144.3195276729338,149.14659118652344,4727800,0.0,0.0
2024-07-12 00:00:00-04:00,150.20067847411738,151.35326270302863,148.56538186283558,150.5750274658203,2675700,0.0,0.0
2024-07-15 00:00:00-04:00,150.57502893867493,151.16608968581326,148.66390095639656,149.048095703125,3645900,0.0,0.0
2024-07-16 00:00:00-04:00,149.19583922205175,152.70285034179688,149.13673465760118,152.70285034179688,3391800,0.0,0.0
2024-07-17 00:00:00-04:00,151.7473074398037,154.40713346115731,151.7473074398037,153.6091766357422,3353700,0.0,0.0
2024-07-18 00:00:00-04:00,152.51570260526455,152.9392953707949,149.5800454043225,149.82632446289062,2927400,0.0,0.0
2024-07-19 00:00:00-04:00,149.20571149348095,149.20571149348095,147.1369613883285,147.50144958496094,3187000,0.0,0.0
2024-07-22 00:00:00-04:00,147.1468117167204,149.48154748669145,146.50649215703933,148.7722625732422,3692800,0.0,0.0
2024-07-23 00:00:00-04:00,147.96446664997785,148.71316466531954,147.41280392184098,148.03343200683594,1622400,0.0,0.0
2024-07-24 00:00:00-04:00,148.0531062509862,148.6737342636317,143.13738606092167,144.270263671875,3029500,0.0,0.0
2024-07-25 00:00:00-04:00,144.3983324928274,147.19605885627638,143.8171175501064,144.11264038085938,3019700,0.0,0.0
2024-07-26 00:00:00-04:00,145.0583647145521,147.75758859331114,145.0583647145521,146.78231811523438,2427000,0.0,0.0
2024-07-29 00:00:00-04:00,145.18642828401977,145.6986778778638,142.97976261626064,144.634765625,2487000,0.0,0.0
2024-07-30 00:00:00-04:00,145.17657085865773,146.08287596681436,144.57564937011384,145.74794006347656,2379200,0.0,0.0
2024-07-31 00:00:00-04:00,146.49664629916703,150.13171268834714,145.72824178375518,148.1713409423828,5743700,0.0,0.0
2024-08-01 00:00:00-04:00,148.95944206263215,149.0973577431109,143.9057906428002,144.83180236816406,3782400,0.0,0.0
2024-08-02 00:00:00-04:00,143.15709110565498,143.25559370506866,135.98543145540785,137.09861755371094,6476500,0.0,0.0
2024-08-05 00:00:00-04:00,133.975804782326,134.32060146907037,130.44908694087195,131.87750244140625,6887700,0.0,0.0
2024-08-06 00:00:00-04:00,132.5079685828776,133.88714021873167,131.2667276391206,131.85780334472656,5005500,0.0,0.0
2024-08-07 00:00:00-04:00,134.15311593775067,135.69975557585437,131.35538955743795,131.48345947265625,3209700,0.0,0.0
2024-08-08 00:00:00-04:00,132.78381597066235,133.96596752491558,131.08942980837432,131.9760284423828,3894000,0.0,0.0
2024-08-09 00:00:00-04:00,131.62137682242079,133.58176348283473,130.7741762843959,133.48324584960938,3778100,0.0,0.0
2024-08-12 00:00:00-04:00,132.58678346019488,134.5077570106774,132.12377765165806,133.01039123535156,3695600,0.0,0.0
2024-08-13 00:00:00-04:00,133.66055191343727,134.87225559980956,131.68047386487305,134.6259765625,3319800,0.0,0.0
2024-08-14 00:00:00-04:00,134.66539158499822,134.87227261637904,133.4931008144304,133.7393798828125,4838000,0.0,0.0
2024-08-15 00:00:00-04:00,141.1573040089389,141.73853403352967,138.4679407950973,139.55157470703125,4640600,0.0,0.0
2024-08-16 00:00:00-04:00,139.01959587017288,142.09316869179057,138.7930233489097,141.89613342285156,3473900,0.0,0.0
2024-08-19 00:00:00-04:00,142.3492860452613,146.42766637290333,142.27047494814747,142.47735595703125,4427000,0.0,0.0
2024-08-20 00:00:00-04:00,142.3492916815866,143.53142812174121,140.7534082389619,142.18182373046875,6815100,0.0,0.0
2024-08-21 00:00:00-04:00,166.1286501047849,166.19813965968027,157.82867041748935,158.10665893554688,25572100,1.12,0.0
2024-08-22 00:00:00-04:00,158.75199620625685,158.9704179341341,155.2969850141131,155.69412231445312,7452400,0.0,0.0
2024-08-23 00:00:00-04:00,156.4486522689911,158.47399937233385,155.61468670580518,157.36204528808594,3188300,0.0,0.0
2024-08-26 00:00:00-04:00,158.16623057082975,160.6780652102284,156.83585474388315,157.75917053222656,3655200,0.0,0.0
2024-08-27 00:00:00-04:00,157.75917795661624,158.62294212905041,156.62736314547698,157.54075622558594,3252300,0.0,0.0
2024-08-28 00:00:00-04:00,156.6174353308378,157.18335029273277,154.57222750570475,155.73382568359375,2666500,0.0,0.0
2024-08-29 00:00:00-04:00,155.13811841140068,155.13811841140068,151.37533556312172,152.31851196289062,3879500,0.0,0.0
2024-08-30 00:00:00-04:00,152.58657928896267,153.04326821808985,151.0973485953741,152.51707458496094,3933200,0.0,0.0
2024-09-03 00:00:00-04:00,151.89161815490863,153.84747580858465,150.26339309364542,150.7101593017578,4071000,0.0,0.0
2024-09-04 00:00:00-04:00,151.55404683610706,152.63623272002602,147.80118646962407,151.38526916503906,3841000,0.0,0.0
2024-09-05 00:00:00-04:00,151.96110843810976,152.44759595326516,149.5882679689444,150.80943298339844,3358900,0.0,0.0
2024-09-06 00:00:00-04:00,150.52151074396633,152.22916314934483,149.63790113937708,150.19387817382812,4045100,0.0,0.0
2024-09-09 00:00:00-04:00,150.2832336137151,151.822108412178,148.87343032747305,149.5088348388672,3735200,0.0,0.0
2024-09-10 00:00:00-04:00,149.50883589307676,149.69747421250239,146.29210715925407,146.94735717773438,4103200,0.0,0.0
2024-09-11 00:00:00-04:00,146.1928225311275,146.90765452216618,143.6313437547787,146.23252868652344,4089500,0.0,0.0
2024-09-12 00:00:00-04:00,146.2921120881302,147.91039926086782,145.55741943751886,147.37428283691406,3454600,0.0,0.0
2024-09-13 00:00:00-04:00,148.64509037292652,151.52426383879106,148.40680799294722,150.2733154296875,3592300,0.0,0.0
2024-09-16 00:00:00-04:00,150.85906617601046,152.63622328662217,149.62797849860235,151.74267578125,3429200,0.0,0.0
2024-09-17 00:00:00-04:00,151.84196310187195,152.58657844454552,149.98539369522865,150.86900329589844,3162300,0.0,0.0
2024-09-18 00:00:00-04:00,151.3952067743662,154.91970750623267,151.30584141401133,152.4972381591797,3269500,0.0,0.0
2024-09-19 00:00:00-04:00,155.45583580494164,156.26001798656543,153.88717759605387,155.36648559570312,5098800,0.0,0.0
2024-09-20 00:00:00-04:00,155.77353513104802,156.26002264457946,152.83479484518531,153.63897705078125,7389800,0.0,0.0
2024-09-23 00:00:00-04:00,153.65883883243842,154.62187596576368,151.81219202669752,154.1750946044922,2927700,0.0,0.0
2024-09-24 00:00:00-04:00,154.78071202962028,156.6968634987086,154.38358988382686,155.05870056152344,3114000,0.0,0.0
2024-09-25 00:00:00-04:00,155.16790735553505,155.79338911053657,153.0532100182357,153.95668029785156,2319900,0.0,0.0
2024-09-26 00:00:00-04:00,155.40619224638561,156.6075117216371,154.00631170022376,154.86013793945312,2757900,0.0,0.0
2024-09-27 00:00:00-04:00,155.3764024753104,156.37914568931677,153.66875006683762,154.0658721923828,3067200,0.0,0.0
2024-09-30 00:00:00-04:00,154.06587152486577,155.22748479299054,153.11277236799154,154.74099731445312,2934400,0.0,0.0
2024-10-01 00:00:00-04:00,154.13539025055593,154.28430727322788,150.28324167222183,151.10728454589844,3994400,0.0,0.0
2024-10-02 00:00:00-04:00,150.5711538989805,151.35547539306722,148.88336215467947,149.3201904296875,2795000,0.0,0.0
2024-10-03 00:00:00-04:00,148.8138664840673,148.9230773467578,146.4807322126059,148.5259552001953,4790100,0.0,0.0
2024-10-04 00:00:00-04:00,150.82929527972757,152.765292311362,150.23361204266118,151.78240966796875,3557100,0.0,0.0
2024-10-07 00:00:00-04:00,151.5341952788775,151.5341952788775,146.848081383751,147.9302520751953,3301400,0.0,0.0
2024-10-08 00:00:00-04:00,147.9203383740275,150.6903010274282,147.74162279841883,150.23361206054688,3224100,0.0,0.0
2024-10-09 00:00:00-04:00,150.47186792120505,153.33119572088683,149.17127553014478,153.22198486328125,3514300,0.0,0.0
2024-10-10 00:00:00-04:00,153.22199465859487,155.13813101543496,151.226430841215,154.8502197265625,3139100,0.0,0.0
2024-10-11 00:00:00-04:00,155.5650454053025,157.6896806534414,155.30690238172065,157.3223419189453,3594100,0.0,0.0
2024-10-14 00:00:00-04:00,157.06420568743445,158.41444222169417,155.42605786354278,156.8358612060547,2534300,0.0,0.0
2024-10-15 00:00:00-04:00,157.51096884007637,160.3405133710253,157.30248501524198,159.5363311767578,2987800,0.0,0.0
2024-10-16 00:00:00-04:00,159.54624867880636,159.63559888650988,157.3124025907885,157.72938537597656,3124500,0.0,0.0
2024-10-17 00:00:00-04:00,157.73932112988945,157.8286713363771,154.3935058443265,154.77078247070312,2879700,0.0,0.0
2024-10-18 00:00:00-04:00,155.36648066558686,155.94231835558236,153.5992614425006,155.71395874023438,2988700,0.0,0.0
2024-10-21 00:00:00-04:00,154.8799905521091,154.93955735536647,148.9826346418238,149.8265380859375,4455200,0.0,0.0
2024-10-22 00:00:00-04:00,148.96278484071556,149.20106722033822,147.58276491753375,148.118896484375,2815000,0.0,0.0
2024-10-23 00:00:00-04:00,147.26506432947122,148.3174516194895,146.3516713013565,146.98707580566406,3962000,0.0,0.0
2024-10-24 00:00:00-04:00,148.13875417079495,149.41948595618294,147.55297855960515,149.10177612304688,3060300,0.0,0.0
2024-10-25 00:00:00-04:00,150.42223089861193,151.98096638008863,149.8662538336293,150.0747528076172,4082200,0.0,0.0
2024-10-28 00:00:00-04:00,151.55404322220633,152.278813094452,148.20824298591415,148.2281036376953,2523700,0.0,0.0
2024-10-29 00:00:00-04:00,147.83097231620712,149.14150270037513,146.65945135088046,146.86793518066406,2881500,0.0,0.0
2024-10-30 00:00:00-04:00,146.93743393243497,148.71457596095283,146.62966200145465,147.45370483398438,2520500,0.0,0.0
2024-10-31 00:00:00-04:00,147.96996329575367,149.63790964313233,147.0267868337647,148.96278381347656,3229500,0.0,0.0
2024-11-01 00:00:00-04:00,150.2931658328403,150.73000925839253,149.03227960894864,149.7570343017578,2452800,0.0,0.0
2024-11-04 00:00:00-05:00,149.3797738030625,151.58382129767247,148.72450866046162,148.91314697265625,3289500,0.0,0.0
2024-11-05 00:00:00-05:00,148.9330003275146,150.73994094040555,148.45645072105805,149.90597534179688,2692300,0.0,0.0
2024-11-06 00:00:00-05:00,150.61087084432566,150.61087084432566,144.0384038064722,146.23252868652344,7506600,0.0,0.0
2024-11-07 00:00:00-05:00,146.73886587344836,151.15691385614494,146.5403048128445,149.8265380859375,4862000,0.0,0.0
2024-11-08 00:00:00-05:00,150.42222607440863,150.51159143138815,148.55573386600426,148.70465087890625,3323600,0.0,0.0
2024-11-11 00:00:00-05:00,148.92306974027207,153.58932289561966,148.82378163408333,152.1795196533203,3541700,0.0,0.0
2024-11-12 00:00:00-05:00,153.68861290460305,155.9323817294105,152.6262877223357,154.53250122070312,5082100,0.0,0.0
2024-11-13 00:00:00-05:00,154.3835913137434,155.84303869437193,153.63897592155493,153.87725830078125,3624500,0.0,0.0
2024-11-14 00:00:00-05:00,153.64889584784967,154.8005712690755,151.7526201973656,152.3681640625,4075100,0.0,0.0
2024-11-15 00:00:00-05:00,152.72557250643067,153.10284912732362,150.8292818003732,151.03778076171875,3888700,0.0,0.0
2024-11-18 00:00:00-05:00,151.90153558623342,155.90260096522584,151.68311386560825,155.43597412109375,6508300,0.0,0.0
2024-11-19 00:00:00-05:00,155.07856596178877,157.2826287816756,152.9042865462864,154.8800048828125,9170500,0.0,0.0
2024-11-20 00:00:00-05:00,128.0,129.05999755859375,120.20999908447266,121.72000122070312,64557700,1.12,0.0
2024-11-21 00:00:00-05:00,122.08999633789062,124.0999984741211,120.58999633789062,121.58999633789062,19616700,0.0,0.0
2024-11-22 00:00:00-05:00,121.69999694824219,125.75,121.26000213623047,125.01000213623047,13730100,0.0,0.0
2024-11-25 00:00:00-05:00,128.07000732421875,131.91000366210938,127.51000213623047,130.52999877929688,15456500,0.0,0.0
2024-11-26 00:00:00-05:00,129.3000030517578,129.6199951171875,126.5,126.55000305175781,9888200,0.0,0.0
2024-11-27 00:00:00-05:00,127.98999786376953,130.75,127.18000030517578,130.08999633789062,6745200,0.0,0.0
2024-11-29 00:00:00-05:00,130.5,132.85000610351562,130.1699981689453,132.30999755859375,5023500,0.0,0.0
2024-12-02 00:00:00-05:00,130.72999572753906,131.99000549316406,127.87000274658203,130.72000122070312,14195600,0.0,0.0
2024-12-03 00:00:00-05:00,130.5,131.77000427246094,128.9199981689453,131.4499969482422,8163900,0.0,0.0
2024-12-04 00:00:00-05:00,130.77000427246094,130.9499969482422,129.0399932861328,130.07000732421875,6051300,0.0,0.0
2024-12-05 00:00:00-05:00,130.14999389648438,130.5,128.5,129.1699981689453,6858600,0.0,0.0
2024-12-06 00:00:00-05:00,130.0,132.7899932861328,130.0,132.38999938964844,7284100,0.0,0.0
2024-12-09 00:00:00-05:00,133.35000610351562,138.11000061035156,133.0,135.2899932861328,9619300,0.0,0.0
2024-12-10 00:00:00-05:00,135.7899932861328,136.61000061035156,133.3000030517578,135.0500030517578,5575500,0.0,0.0
2024-12-11 00:00:00-05:00,134.86000061035156,137.75,134.50999450683594,135.97999572753906,4811900,0.0,0.0
2024-12-12 00:00:00-05:00,137.07000732421875,137.6999969482422,135.22000122070312,135.2899932861328,3860200,0.0,0.0
2024-12-13 00:00:00-05:00,135.72000122070312,136.02999877929688,133.33999633789062,134.52000427246094,4261200,0.0,0.0
2024-12-16 00:00:00-05:00,133.5500030517578,134.82000732421875,131.75999450683594,132.4499969482422,5503800,0.0,0.0
2024-12-17 00:00:00-05:00,131.5399932861328,132.00999450683594,129.89999389648438,131.60000610351562,5793000,0.0,0.0
2024-12-18 00:00:00-05:00,131.30999755859375,136.2899932861328,130.61000061035156,130.6999969482422,6602400,0.0,0.0
2024-12-19 00:00:00-05:00,131.0,132.0,130.41000366210938,130.42999267578125,5262100,0.0,0.0
2024-12-20 00:00:00-05:00,129.72999572753906,132.30999755859375,129.35000610351562,131.47999572753906,7189100,0.0,0.0
2024-12-23 00:00:00-05:00,130.8000030517578,132.11000061035156,129.1999969482422,131.9199981689453,4097800,0.0,0.0
2024-12-24 00:00:00-05:00,131.8699951171875,132.6699981689453,131.17999267578125,132.39999389648438,1647700,0.0,0.0
2024-12-26 00:00:00-05:00,132.4600067138672,136.94000244140625,132.44000244140625,136.38999938964844,5042000,0.0,0.0
2024-12-27 00:00:00-05:00,135.1300048828125,137.08999633789062,135.0,135.5,3089000,0.0,0.0
2024-12-30 00:00:00-05:00,134.39999389648438,136.44000244140625,133.8300018310547,135.0500030517578,3945600,0.0,0.0
2024-12-31 00:00:00-05:00,135.5,136.58999633789062,134.2899932861328,135.17999267578125,2830200,0.0,0.0
2025-01-02 00:00:00-05:00,135.75,138.8800048828125,135.4600067138672,137.19000244140625,4358300,0.0,0.0
2025-01-03 00:00:00-05:00,137.69000244140625,138.02999877929688,135.14999389648438,135.7899932861328,4025200,0.0,0.0
2025-01-06 00:00:00-05:00,137.02000427246094,139.85000610351562,137.02000427246094,139.2899932861328,4937900,0.0,0.0
2025-01-07 00:00:00-05:00,139.92999267578125,142.1999969482422,138.35000610351562,139.25,4166100,0.0,0.0
2025-01-08 00:00:00-05:00,139.0,139.2899932861328,136.25999450683594,138.22000122070312,4663400,0.0,0.0
2025-01-10 00:00:00-05:00,138.74000549316406,143.0,138.4499969482422,141.6199951171875,5882800,0.0,0.0
2025-01-13 00:00:00-05:00,140.52999877929688,140.60000610351562,137.8699951171875,138.77000427246094,4061900,0.0,0.0
2025-01-14 00:00:00-05:00,140.22000122070312,140.75,135.66000366210938,136.47000122070312,4635500,0.0,0.0
2025-01-15 00:00:00-05:00,139.89999389648438,140.3699951171875,134.47999572753906,134.52999877929688,5132600,0.0,0.0
2025-01-16 00:00:00-05:00,128.52000427246094,133.77000427246094,127.91999816894531,133.25,9900600,0.0,0.0
2025-01-17 00:00:00-05:00,132.88999938964844,133.77999877929688,130.88999938964844,133.61000061035156,6870000,0.0,0.0
2025-01-21 00:00:00-05:00,134.5,137.6925048828125,134.139892578125,137.33999633789062,4041119,0.0,0.0
