Date,Open,High,Low,Close,Volume,Dividends,Stock Splits
2022-01-03 00:00:00-05:00,7.400000095367432,7.599999904632568,6.900000095367432,7.0,9790,0.0,0.0
2022-01-04 00:00:00-05:00,6.900000095367432,7.300000190734863,6.900000095367432,7.199999809265137,24580,0.0,0.0
2022-01-05 00:00:00-05:00,7.099999904632568,7.199999809265137,7.099999904632568,7.099999904632568,6050,0.0,0.0
2022-01-06 00:00:00-05:00,7.099999904632568,7.099999904632568,6.900000095367432,6.900000095367432,14130,0.0,0.0
2022-01-07 00:00:00-05:00,7.0,7.0,6.599999904632568,6.900000095367432,23740,0.0,0.0
2022-01-10 00:00:00-05:00,6.900000095367432,7.0,6.800000190734863,6.900000095367432,7240,0.0,0.0
2022-01-11 00:00:00-05:00,7.0,7.0,6.800000190734863,6.900000095367432,13670,0.0,0.0
2022-01-12 00:00:00-05:00,7.099999904632568,7.099999904632568,6.800000190734863,6.800000190734863,15690,0.0,0.0
2022-01-13 00:00:00-05:00,6.900000095367432,6.900000095367432,6.800000190734863,6.900000095367432,11230,0.0,0.0
2022-01-14 00:00:00-05:00,6.5,6.900000095367432,6.5,6.900000095367432,28510,0.0,0.0
2022-01-18 00:00:00-05:00,6.800000190734863,6.900000095367432,6.699999809265137,6.800000190734863,2340,0.0,0.0
2022-01-19 00:00:00-05:00,6.5,6.900000095367432,6.5,6.800000190734863,8230,0.0,0.0
2022-01-20 00:00:00-05:00,6.900000095367432,7.300000190734863,6.800000190734863,6.800000190734863,9270,0.0,0.0
2022-01-21 00:00:00-05:00,6.699999809265137,6.699999809265137,6.400000095367432,6.599999904632568,12180,0.0,0.0
2022-01-24 00:00:00-05:00,6.199999809265137,6.400000095367432,5.699999809265137,6.0,31660,0.0,0.0
2022-01-25 00:00:00-05:00,6.0,6.5,5.800000190734863,6.0,11000,0.0,0.0
2022-01-26 00:00:00-05:00,5.900000095367432,6.099999904632568,5.900000095367432,6.0,3480,0.0,0.0
2022-01-27 00:00:00-05:00,6.099999904632568,6.300000190734863,5.900000095367432,6.0,5750,0.0,0.0
2022-01-28 00:00:00-05:00,6.0,6.099999904632568,5.900000095367432,6.0,10490,0.0,0.0
2022-01-31 00:00:00-05:00,6.0,6.199999809265137,5.900000095367432,6.099999904632568,5550,0.0,0.0
2022-02-01 00:00:00-05:00,6.099999904632568,6.400000095367432,6.0,6.400000095367432,17410,0.0,0.0
2022-02-02 00:00:00-05:00,6.5,6.599999904632568,6.199999809265137,6.599999904632568,17640,0.0,0.0
2022-02-03 00:00:00-05:00,7.400000095367432,7.400000095367432,6.599999904632568,6.699999809265137,3570,0.0,0.0
2022-02-04 00:00:00-05:00,6.699999809265137,6.900000095367432,6.5,6.900000095367432,6030,0.0,0.0
2022-02-07 00:00:00-05:00,6.900000095367432,7.0,6.800000190734863,7.0,3650,0.0,0.0
2022-02-08 00:00:00-05:00,7.0,7.0,6.800000190734863,7.0,6990,0.0,0.0
2022-02-09 00:00:00-05:00,7.199999809265137,7.199999809265137,6.900000095367432,6.900000095367432,9090,0.0,0.0
2022-02-10 00:00:00-05:00,7.199999809265137,8.0,7.099999904632568,7.699999809265137,43960,0.0,0.0
2022-02-11 00:00:00-05:00,8.399999618530273,8.399999618530273,7.300000190734863,7.5,12000,0.0,0.0
2022-02-14 00:00:00-05:00,7.5,7.5,7.099999904632568,7.199999809265137,29040,0.0,0.0
2022-02-15 00:00:00-05:00,7.199999809265137,7.400000095367432,7.199999809265137,7.400000095367432,11290,0.0,0.0
2022-02-16 00:00:00-05:00,7.900000095367432,7.900000095367432,7.199999809265137,7.199999809265137,7410,0.0,0.0
2022-02-17 00:00:00-05:00,7.199999809265137,7.300000190734863,7.099999904632568,7.099999904632568,6130,0.0,0.0
2022-02-18 00:00:00-05:00,7.099999904632568,7.199999809265137,6.900000095367432,6.900000095367432,4310,0.0,0.0
2022-02-22 00:00:00-05:00,6.900000095367432,7.0,6.300000190734863,6.400000095367432,47230,0.0,0.0
2022-02-23 00:00:00-05:00,6.400000095367432,6.599999904632568,6.199999809265137,6.300000190734863,24030,0.0,0.0
2022-02-24 00:00:00-05:00,6.199999809265137,6.199999809265137,5.900000095367432,6.0,43060,0.0,0.0
2022-02-25 00:00:00-05:00,6.300000190734863,6.800000190734863,6.199999809265137,6.599999904632568,18930,0.0,0.0
2022-02-28 00:00:00-05:00,7.070000171661377,8.6899995803833,7.070000171661377,8.109999656677246,9000,0.0,0.1
2022-03-01 00:00:00-05:00,8.079999923706055,8.109999656677246,7.730000019073486,7.760000228881836,15000,0.0,0.0
2022-03-02 00:00:00-05:00,8.199999809265137,8.199999809265137,7.0,7.519999980926514,20800,0.0,0.0
2022-03-03 00:00:00-05:00,7.599999904632568,8.050000190734863,7.599999904632568,7.829999923706055,18300,0.0,0.0
2022-03-04 00:00:00-05:00,8.020000457763672,8.020000457763672,7.809999942779541,7.849999904632568,13400,0.0,0.0
2022-03-07 00:00:00-05:00,8.210000038146973,8.720000267028809,7.809999942779541,8.520000457763672,59200,0.0,0.0
2022-03-08 00:00:00-05:00,8.899999618530273,8.899999618530273,8.210000038146973,8.40999984741211,22900,0.0,0.0
2022-03-09 00:00:00-05:00,8.680000305175781,8.989999771118164,8.4399995803833,8.829999923706055,34600,0.0,0.0
2022-03-10 00:00:00-05:00,8.880000114440918,9.390000343322754,8.600000381469727,9.25,36100,0.0,0.0
2022-03-11 00:00:00-05:00,9.5,10.100000381469727,9.5,9.789999961853027,78000,0.0,0.0
2022-03-14 00:00:00-04:00,11.0,11.0,8.649999618530273,8.850000381469727,100100,0.0,0.0
2022-03-15 00:00:00-04:00,8.84000015258789,8.850000381469727,7.75,8.130000114440918,85300,0.0,0.0
2022-03-16 00:00:00-04:00,8.0600004196167,8.649999618530273,7.940000057220459,8.09000015258789,33700,0.0,0.0
2022-03-17 00:00:00-04:00,8.100000381469727,8.15999984741211,7.860000133514404,8.100000381469727,27100,0.0,0.0
2022-03-18 00:00:00-04:00,8.100000381469727,8.199999809265137,7.880000114440918,8.0,51900,0.0,0.0
2022-03-21 00:00:00-04:00,8.0,8.0,7.480000019073486,7.480000019073486,27200,0.0,0.0
2022-03-22 00:00:00-04:00,7.400000095367432,7.849999904632568,7.28000020980835,7.579999923706055,24900,0.0,0.0
2022-03-23 00:00:00-04:00,7.599999904632568,7.829999923706055,7.380000114440918,7.5,30500,0.0,0.0
2022-03-24 00:00:00-04:00,7.739999771118164,7.739999771118164,7.199999809265137,7.28000020980835,97200,0.0,0.0
2022-03-25 00:00:00-04:00,7.579999923706055,7.599999904632568,7.190000057220459,7.510000228881836,38100,0.0,0.0
2022-03-28 00:00:00-04:00,7.230000019073486,7.360000133514404,6.900000095367432,7.010000228881836,44200,0.0,0.0
2022-03-29 00:00:00-04:00,6.900000095367432,7.349999904632568,6.860000133514404,7.199999809265137,47700,0.0,0.0
2022-03-30 00:00:00-04:00,7.199999809265137,7.329999923706055,6.980000019073486,7.139999866485596,72500,0.0,0.0
2022-03-31 00:00:00-04:00,7.199999809265137,7.829999923706055,7.199999809265137,7.260000228881836,269900,0.0,0.0
2022-04-01 00:00:00-04:00,7.199999809265137,7.25,6.860000133514404,6.900000095367432,32400,0.0,0.0
2022-04-04 00:00:00-04:00,6.820000171661377,7.010000228881836,6.659999847412109,6.909999847412109,31100,0.0,0.0
2022-04-05 00:00:00-04:00,6.920000076293945,7.0,6.860000133514404,6.869999885559082,8700,0.0,0.0
2022-04-06 00:00:00-04:00,6.889999866485596,7.0,6.809999942779541,6.980000019073486,11300,0.0,0.0
2022-04-07 00:00:00-04:00,6.769999980926514,7.0,6.599999904632568,6.889999866485596,21500,0.0,0.0
2022-04-08 00:00:00-04:00,6.909999847412109,6.929999828338623,6.670000076293945,6.789999961853027,6600,0.0,0.0
2022-04-11 00:00:00-04:00,6.78000020980835,6.789999961853027,6.610000133514404,6.659999847412109,8400,0.0,0.0
2022-04-12 00:00:00-04:00,6.699999809265137,6.699999809265137,6.079999923706055,6.349999904632568,45500,0.0,0.0
2022-04-13 00:00:00-04:00,6.400000095367432,6.510000228881836,6.239999771118164,6.300000190734863,16700,0.0,0.0
2022-04-14 00:00:00-04:00,6.25,6.25,5.840000152587891,6.03000020980835,32400,0.0,0.0
2022-04-18 00:00:00-04:00,6.119999885559082,6.389999866485596,5.889999866485596,5.989999771118164,27800,0.0,0.0
2022-04-19 00:00:00-04:00,6.139999866485596,6.25,6.0,6.119999885559082,21800,0.0,0.0
2022-04-20 00:00:00-04:00,6.070000171661377,6.449999809265137,6.070000171661377,6.360000133514404,15100,0.0,0.0
2022-04-21 00:00:00-04:00,6.329999923706055,6.349999904632568,6.139999866485596,6.139999866485596,18900,0.0,0.0
2022-04-22 00:00:00-04:00,6.139999866485596,6.409999847412109,6.139999866485596,6.329999923706055,7700,0.0,0.0
2022-04-25 00:00:00-04:00,6.449999809265137,7.380000114440918,6.269999980926514,7.159999847412109,106400,0.0,0.0
2022-04-26 00:00:00-04:00,7.199999809265137,7.199999809265137,6.679999828338623,7.079999923706055,36200,0.0,0.0
2022-04-27 00:00:00-04:00,7.010000228881836,7.119999885559082,6.360000133514404,6.460000038146973,36700,0.0,0.0
2022-04-28 00:00:00-04:00,6.599999904632568,6.769999980926514,6.28000020980835,6.53000020980835,10100,0.0,0.0
2022-04-29 00:00:00-04:00,6.440000057220459,6.71999979019165,6.420000076293945,6.559999942779541,15200,0.0,0.0
2022-05-02 00:00:00-04:00,6.5,6.5,6.28000020980835,6.329999923706055,19200,0.0,0.0
2022-05-03 00:00:00-04:00,6.28000020980835,6.510000228881836,6.28000020980835,6.420000076293945,9800,0.0,0.0
2022-05-04 00:00:00-04:00,6.400000095367432,6.610000133514404,6.400000095367432,6.559999942779541,22600,0.0,0.0
2022-05-05 00:00:00-04:00,6.610000133514404,6.710000038146973,6.559999942779541,6.599999904632568,11800,0.0,0.0
2022-05-06 00:00:00-04:00,6.5,6.599999904632568,6.320000171661377,6.320000171661377,7200,0.0,0.0
2022-05-09 00:00:00-04:00,6.300000190734863,6.309999942779541,5.929999828338623,6.039999961853027,19200,0.0,0.0
2022-05-10 00:00:00-04:00,6.380000114440918,6.380000114440918,5.949999809265137,6.090000152587891,12700,0.0,0.0
2022-05-11 00:00:00-04:00,5.960000038146973,6.190000057220459,5.820000171661377,5.820000171661377,30500,0.0,0.0
2022-05-12 00:00:00-04:00,5.820000171661377,5.820000171661377,5.480000019073486,5.480000019073486,27300,0.0,0.0
2022-05-13 00:00:00-04:00,5.400000095367432,5.96999979019165,5.340000152587891,5.96999979019165,17400,0.0,0.0
2022-05-16 00:00:00-04:00,6.25,6.25,5.869999885559082,6.0,6400,0.0,0.0
2022-05-17 00:00:00-04:00,6.0,6.190000057220459,5.869999885559082,6.190000057220459,8600,0.0,0.0
2022-05-18 00:00:00-04:00,5.989999771118164,6.099999904632568,5.96999979019165,5.980000019073486,6000,0.0,0.0
2022-05-19 00:00:00-04:00,5.849999904632568,6.170000076293945,5.849999904632568,6.130000114440918,15800,0.0,0.0
2022-05-20 00:00:00-04:00,5.960000038146973,6.190000057220459,5.960000038146973,6.03000020980835,8900,0.0,0.0
2022-05-23 00:00:00-04:00,6.099999904632568,6.190000057220459,6.0,6.050000190734863,4100,0.0,0.0
2022-05-24 00:00:00-04:00,6.039999961853027,6.039999961853027,5.639999866485596,5.670000076293945,8300,0.0,0.0
2022-05-25 00:00:00-04:00,5.960000038146973,5.960000038146973,5.670000076293945,5.71999979019165,31100,0.0,0.0
2022-05-26 00:00:00-04:00,5.769999980926514,5.789999961853027,5.599999904632568,5.670000076293945,12300,0.0,0.0
2022-05-27 00:00:00-04:00,5.699999809265137,5.75,5.570000171661377,5.650000095367432,13600,0.0,0.0
2022-05-31 00:00:00-04:00,5.550000190734863,5.690000057220459,5.539999961853027,5.690000057220459,9700,0.0,0.0
2022-06-01 00:00:00-04:00,5.630000114440918,5.659999847412109,5.329999923706055,5.420000076293945,15300,0.0,0.0
2022-06-02 00:00:00-04:00,5.909999847412109,5.909999847412109,5.320000171661377,5.510000228881836,14900,0.0,0.0
2022-06-03 00:00:00-04:00,5.510000228881836,5.539999961853027,5.340000152587891,5.400000095367432,7100,0.0,0.0
2022-06-06 00:00:00-04:00,5.409999847412109,5.5,5.28000020980835,5.28000020980835,11700,0.0,0.0
2022-06-07 00:00:00-04:00,5.349999904632568,5.369999885559082,5.28000020980835,5.349999904632568,12200,0.0,0.0
2022-06-08 00:00:00-04:00,5.400000095367432,5.409999847412109,5.289999961853027,5.360000133514404,19200,0.0,0.0
2022-06-09 00:00:00-04:00,5.349999904632568,5.699999809265137,5.28000020980835,5.630000114440918,12500,0.0,0.0
2022-06-10 00:00:00-04:00,5.630000114440918,5.690000057220459,5.380000114440918,5.519999980926514,13100,0.0,0.0
2022-06-13 00:00:00-04:00,5.659999847412109,5.659999847412109,4.809999942779541,5.119999885559082,43800,0.0,0.0
2022-06-14 00:00:00-04:00,5.119999885559082,5.289999961853027,4.820000171661377,4.96999979019165,26800,0.0,0.0
2022-06-15 00:00:00-04:00,5.050000190734863,5.440000057220459,4.949999809265137,5.099999904632568,45800,0.0,0.0
2022-06-16 00:00:00-04:00,5.099999904632568,5.210000038146973,5.010000228881836,5.150000095367432,33200,0.0,0.0
2022-06-17 00:00:00-04:00,5.139999866485596,5.199999809265137,5.070000171661377,5.190000057220459,13700,0.0,0.0
2022-06-21 00:00:00-04:00,5.300000190734863,5.300000190734863,5.099999904632568,5.139999866485596,7800,0.0,0.0
2022-06-22 00:00:00-04:00,5.130000114440918,5.179999828338623,5.039999961853027,5.070000171661377,2800,0.0,0.0
2022-06-23 00:00:00-04:00,5.050000190734863,5.099999904632568,4.989999771118164,5.0,9000,0.0,0.0
2022-06-24 00:00:00-04:00,5.0,5.380000114440918,5.0,5.260000228881836,9000,0.0,0.0
2022-06-27 00:00:00-04:00,5.260000228881836,5.28000020980835,5.150000095367432,5.28000020980835,7900,0.0,0.0
2022-06-28 00:00:00-04:00,5.239999771118164,5.25,5.0,5.090000152587891,4200,0.0,0.0
2022-06-29 00:00:00-04:00,5.25,5.369999885559082,5.199999809265137,5.199999809265137,6100,0.0,0.0
2022-06-30 00:00:00-04:00,5.21999979019165,5.340000152587891,5.150000095367432,5.21999979019165,2800,0.0,0.0
2022-07-01 00:00:00-04:00,5.389999866485596,5.389999866485596,5.21999979019165,5.21999979019165,3200,0.0,0.0
2022-07-05 00:00:00-04:00,5.230000019073486,5.230000019073486,5.110000133514404,5.179999828338623,6300,0.0,0.0
2022-07-06 00:00:00-04:00,5.380000114440918,5.380000114440918,5.110000133514404,5.21999979019165,26600,0.0,0.0
2022-07-07 00:00:00-04:00,5.210000038146973,5.349999904632568,5.190000057220459,5.269999980926514,6100,0.0,0.0
2022-07-08 00:00:00-04:00,5.320000171661377,5.329999923706055,5.150000095367432,5.159999847412109,8600,0.0,0.0
2022-07-11 00:00:00-04:00,5.119999885559082,5.139999866485596,4.760000228881836,5.0,48000,0.0,0.0
2022-07-12 00:00:00-04:00,4.849999904632568,4.989999771118164,4.829999923706055,4.900000095367432,12300,0.0,0.0
2022-07-13 00:00:00-04:00,5.03000020980835,5.039999961853027,4.889999866485596,4.920000076293945,11600,0.0,0.0
2022-07-14 00:00:00-04:00,4.900000095367432,5.0,4.699999809265137,4.699999809265137,16800,0.0,0.0
2022-07-15 00:00:00-04:00,4.760000228881836,4.900000095367432,4.699999809265137,4.699999809265137,22200,0.0,0.0
2022-07-18 00:00:00-04:00,4.800000190734863,5.260000228881836,4.699999809265137,4.769999980926514,76400,0.0,0.0
2022-07-19 00:00:00-04:00,4.900000095367432,5.210000038146973,4.900000095367432,5.0,31400,0.0,0.0
2022-07-20 00:00:00-04:00,5.070000171661377,5.159999847412109,4.730000019073486,4.869999885559082,30100,0.0,0.0
2022-07-21 00:00:00-04:00,4.920000076293945,4.920000076293945,4.78000020980835,4.840000152587891,19800,0.0,0.0
2022-07-22 00:00:00-04:00,4.989999771118164,5.010000228881836,4.739999771118164,4.75,33000,0.0,0.0
2022-07-25 00:00:00-04:00,4.849999904632568,4.929999828338623,4.730000019073486,4.730000019073486,10100,0.0,0.0
2022-07-26 00:00:00-04:00,4.730000019073486,4.730000019073486,4.349999904632568,4.539999961853027,42500,0.0,0.0
2022-07-27 00:00:00-04:00,4.5,4.650000095367432,4.400000095367432,4.400000095367432,19700,0.0,0.0
2022-07-28 00:00:00-04:00,4.599999904632568,4.650000095367432,4.380000114440918,4.380000114440918,15800,0.0,0.0
2022-07-29 00:00:00-04:00,4.420000076293945,4.5,4.03000020980835,4.449999809265137,38700,0.0,0.0
2022-08-01 00:00:00-04:00,4.329999923706055,4.869999885559082,4.099999904632568,4.769999980926514,9200,0.0,0.0
2022-08-02 00:00:00-04:00,4.730000019073486,4.730000019073486,4.260000228881836,4.340000152587891,10800,0.0,0.0
2022-08-03 00:00:00-04:00,4.389999866485596,4.510000228881836,4.28000020980835,4.309999942779541,25600,0.0,0.0
2022-08-04 00:00:00-04:00,4.340000152587891,4.429999828338623,4.239999771118164,4.360000133514404,18600,0.0,0.0
2022-08-05 00:00:00-04:00,4.440000057220459,4.440000057220459,4.190000057220459,4.289999961853027,17700,0.0,0.0
2022-08-08 00:00:00-04:00,4.46999979019165,4.489999771118164,4.199999809265137,4.329999923706055,13700,0.0,0.0
2022-08-09 00:00:00-04:00,4.309999942779541,4.309999942779541,3.759999990463257,3.8299999237060547,79600,0.0,0.0
2022-08-10 00:00:00-04:00,3.8299999237060547,4.420000076293945,3.690000057220459,3.869999885559082,99300,0.0,0.0
2022-08-11 00:00:00-04:00,3.7899999618530273,4.0,3.559999942779541,3.559999942779541,181800,0.0,0.0
2022-08-12 00:00:00-04:00,3.5799999237060547,3.950000047683716,3.390000104904175,3.5999999046325684,117300,0.0,0.0
2022-08-15 00:00:00-04:00,3.5999999046325684,3.619999885559082,3.0299999713897705,3.5,72600,0.0,0.0
2022-08-16 00:00:00-04:00,3.450000047683716,3.450000047683716,3.2200000286102295,3.3499999046325684,68100,0.0,0.0
2022-08-17 00:00:00-04:00,3.3499999046325684,3.490000009536743,3.1600000858306885,3.299999952316284,35000,0.0,0.0
2022-08-18 00:00:00-04:00,3.309999942779541,3.440000057220459,3.25,3.380000114440918,25900,0.0,0.0
2022-08-19 00:00:00-04:00,3.3299999237060547,3.4100000858306885,3.299999952316284,3.380000114440918,47600,0.0,0.0
2022-08-22 00:00:00-04:00,3.299999952316284,3.8299999237060547,3.299999952316284,3.740000009536743,53000,0.0,0.0
2022-08-23 00:00:00-04:00,3.990000009536743,4.420000076293945,3.890000104904175,4.400000095367432,39700,0.0,0.0
2022-08-24 00:00:00-04:00,4.420000076293945,4.679999828338623,4.329999923706055,4.460000038146973,32100,0.0,0.0
2022-08-25 00:00:00-04:00,4.400000095367432,4.46999979019165,4.28000020980835,4.380000114440918,24600,0.0,0.0
2022-08-26 00:00:00-04:00,4.389999866485596,4.400000095367432,4.159999847412109,4.159999847412109,26900,0.0,0.0
2022-08-29 00:00:00-04:00,3.990000009536743,4.090000152587891,3.7100000381469727,3.799999952316284,51000,0.0,0.0
2022-08-30 00:00:00-04:00,3.5799999237060547,3.819999933242798,3.5799999237060547,3.809999942779541,23300,0.0,0.0
2022-08-31 00:00:00-04:00,4.019999980926514,4.090000152587891,3.809999942779541,4.0,6900,0.0,0.0
2022-09-01 00:00:00-04:00,3.9800000190734863,4.090000152587891,3.819999933242798,3.9000000953674316,8800,0.0,0.0
2022-09-02 00:00:00-04:00,3.8399999141693115,4.03000020980835,3.8399999141693115,3.859999895095825,2700,0.0,0.0
2022-09-06 00:00:00-04:00,3.950000047683716,4.0,3.7699999809265137,3.7699999809265137,8100,0.0,0.0
2022-09-07 00:00:00-04:00,3.690000057220459,3.8499999046325684,3.690000057220459,3.7100000381469727,10300,0.0,0.0
2022-09-08 00:00:00-04:00,3.680000066757202,4.099999904632568,3.680000066757202,3.9200000762939453,56300,0.0,0.0
2022-09-09 00:00:00-04:00,4.110000133514404,4.110000133514404,3.7100000381469727,4.0,32600,0.0,0.0
2022-09-12 00:00:00-04:00,4.0,4.0,3.759999990463257,3.890000104904175,4500,0.0,0.0
2022-09-13 00:00:00-04:00,3.9600000381469727,3.990000009536743,3.619999885559082,3.75,35700,0.0,0.0
2022-09-14 00:00:00-04:00,3.6500000953674316,3.7899999618530273,3.5399999618530273,3.740000009536743,8400,0.0,0.0
2022-09-15 00:00:00-04:00,3.700000047683716,3.8399999141693115,3.6500000953674316,3.700000047683716,9900,0.0,0.0
2022-09-16 00:00:00-04:00,3.640000104904175,3.740000009536743,3.640000104904175,3.7200000286102295,11000,0.0,0.0
2022-09-19 00:00:00-04:00,3.700000047683716,3.890000104904175,3.609999895095825,3.609999895095825,19400,0.0,0.0
2022-09-20 00:00:00-04:00,3.700000047683716,3.809999942779541,3.609999895095825,3.609999895095825,3400,0.0,0.0
2022-09-21 00:00:00-04:00,3.7200000286102295,3.7200000286102295,3.380000114440918,3.380000114440918,12300,0.0,0.0
2022-09-22 00:00:00-04:00,3.430000066757202,3.4700000286102295,3.25,3.2899999618530273,20300,0.0,0.0
2022-09-23 00:00:00-04:00,3.240000009536743,3.240000009536743,3.0,3.0,36800,0.0,0.0
2022-09-26 00:00:00-04:00,3.0799999237060547,3.200000047683716,3.0,3.0199999809265137,30600,0.0,0.0
2022-09-27 00:00:00-04:00,3.049999952316284,3.2100000381469727,2.869999885559082,2.880000114440918,45000,0.0,0.0
2022-09-28 00:00:00-04:00,2.9100000858306885,3.0199999809265137,2.6500000953674316,2.8499999046325684,89400,0.0,0.0
2022-09-29 00:00:00-04:00,2.7699999809265137,2.799999952316284,2.6600000858306885,2.700000047683716,19500,0.0,0.0
2022-09-30 00:00:00-04:00,2.700000047683716,2.7300000190734863,2.4600000381469727,2.559999942779541,104000,0.0,0.0
2022-10-03 00:00:00-04:00,2.509999990463257,2.880000114440918,2.509999990463257,2.8499999046325684,35100,0.0,0.0
2022-10-04 00:00:00-04:00,2.8299999237060547,2.9800000190734863,2.8299999237060547,2.9200000762939453,11700,0.0,0.0
2022-10-05 00:00:00-04:00,2.9200000762939453,2.9200000762939453,2.75,2.880000114440918,9500,0.0,0.0
2022-10-06 00:00:00-04:00,2.7899999618530273,2.880000114440918,2.7200000286102295,2.880000114440918,8400,0.0,0.0
2022-10-07 00:00:00-04:00,2.9700000286102295,3.059999942779541,2.809999942779541,2.930000066757202,50500,0.0,0.0
2022-10-10 00:00:00-04:00,3.1700000762939453,3.2200000286102295,2.859999895095825,2.9700000286102295,1800,0.0,0.0
2022-10-11 00:00:00-04:00,2.990000009536743,2.990000009536743,2.859999895095825,2.859999895095825,13300,0.0,0.0
2022-10-12 00:00:00-04:00,2.869999885559082,2.9100000858306885,2.809999942779541,2.9000000953674316,20800,0.0,0.0
2022-10-13 00:00:00-04:00,2.9000000953674316,2.9100000858306885,2.759999990463257,2.799999952316284,19100,0.0,0.0
2022-10-14 00:00:00-04:00,2.9100000858306885,2.9200000762939453,2.3399999141693115,2.4100000858306885,140600,0.0,0.0
2022-10-17 00:00:00-04:00,2.559999942779541,2.799999952316284,2.509999990463257,2.7300000190734863,22200,0.0,0.0
2022-10-18 00:00:00-04:00,2.7100000381469727,2.799999952316284,2.5999999046325684,2.7699999809265137,12500,0.0,0.0
2022-10-19 00:00:00-04:00,2.700000047683716,2.880000114440918,2.690000057220459,2.869999885559082,8800,0.0,0.0
2022-10-20 00:00:00-04:00,2.7200000286102295,2.7799999713897705,2.7200000286102295,2.7799999713897705,1800,0.0,0.0
2022-10-21 00:00:00-04:00,2.7799999713897705,2.7799999713897705,2.6500000953674316,2.6500000953674316,18000,0.0,0.0
2022-10-24 00:00:00-04:00,2.690000057220459,2.690000057220459,2.5,2.5,7500,0.0,0.0
2022-10-25 00:00:00-04:00,2.5,2.569999933242798,2.4100000858306885,2.4600000381469727,29200,0.0,0.0
2022-10-26 00:00:00-04:00,2.4600000381469727,2.490000009536743,2.390000104904175,2.4600000381469727,5400,0.0,0.0
2022-10-27 00:00:00-04:00,2.5799999237060547,2.680000066757202,2.4800000190734863,2.609999895095825,13700,0.0,0.0
2022-10-28 00:00:00-04:00,2.549999952316284,2.6500000953674316,2.5,2.619999885559082,25600,0.0,0.0
2022-10-31 00:00:00-04:00,2.6700000762939453,2.690000057220459,2.549999952316284,2.559999942779541,23000,0.0,0.0
2022-11-01 00:00:00-04:00,2.5799999237060547,2.630000114440918,2.5399999618530273,2.549999952316284,6700,0.0,0.0
2022-11-02 00:00:00-04:00,2.5999999046325684,2.5999999046325684,2.509999990463257,2.559999942779541,11600,0.0,0.0
2022-11-03 00:00:00-04:00,2.5899999141693115,2.5899999141693115,2.450000047683716,2.4600000381469727,7200,0.0,0.0
2022-11-04 00:00:00-04:00,2.559999942779541,2.5999999046325684,2.509999990463257,2.549999952316284,10400,0.0,0.0
2022-11-07 00:00:00-05:00,2.5899999141693115,2.809999942779541,2.5899999141693115,2.6600000858306885,108700,0.0,0.0
2022-11-08 00:00:00-05:00,2.7699999809265137,2.7699999809265137,2.609999895095825,2.630000114440918,9100,0.0,0.0
2022-11-09 00:00:00-05:00,2.690000057220459,2.690000057220459,2.559999942779541,2.569999933242798,10900,0.0,0.0
2022-11-10 00:00:00-05:00,2.630000114440918,2.6700000762939453,2.609999895095825,2.619999885559082,4300,0.0,0.0
2022-11-11 00:00:00-05:00,2.680000066757202,2.7100000381469727,2.619999885559082,2.619999885559082,17200,0.0,0.0
2022-11-14 00:00:00-05:00,2.609999895095825,3.0,2.609999895095825,2.8499999046325684,42200,0.0,0.0
2022-11-15 00:00:00-05:00,3.0,3.4200000762939453,2.950000047683716,3.0,48000,0.0,0.0
2022-11-16 00:00:00-05:00,3.130000114440918,3.1500000953674316,2.9000000953674316,3.059999942779541,19400,0.0,0.0
2022-11-17 00:00:00-05:00,3.140000104904175,3.140000104904175,2.809999942779541,2.8499999046325684,19900,0.0,0.0
2022-11-18 00:00:00-05:00,2.9200000762939453,2.9700000286102295,2.75,2.7899999618530273,68500,0.0,0.0
2022-11-21 00:00:00-05:00,2.8399999141693115,2.869999885559082,2.6700000762939453,2.7799999713897705,9600,0.0,0.0
2022-11-22 00:00:00-05:00,2.8399999141693115,3.0399999618530273,2.7899999618530273,2.9000000953674316,9800,0.0,0.0
2022-11-23 00:00:00-05:00,2.9000000953674316,2.9000000953674316,2.75,2.7799999713897705,4300,0.0,0.0
2022-11-25 00:00:00-05:00,2.859999895095825,2.940000057220459,2.799999952316284,2.8499999046325684,12700,0.0,0.0
2022-11-28 00:00:00-05:00,2.990000009536743,3.180000066757202,2.859999895095825,3.069999933242798,25900,0.0,0.0
2022-11-29 00:00:00-05:00,3.0999999046325684,3.1500000953674316,2.9200000762939453,2.9200000762939453,14400,0.0,0.0
2022-11-30 00:00:00-05:00,2.9200000762939453,3.109999895095825,2.9200000762939453,3.109999895095825,3800,0.0,0.0
2022-12-01 00:00:00-05:00,3.109999895095825,3.109999895095825,2.9000000953674316,3.0,8900,0.0,0.0
2022-12-02 00:00:00-05:00,2.990000009536743,3.0299999713897705,2.9600000381469727,3.009999990463257,17000,0.0,0.0
2022-12-05 00:00:00-05:00,3.0399999618530273,3.200000047683716,3.0199999809265137,3.1600000858306885,17100,0.0,0.0
2022-12-06 00:00:00-05:00,3.180000066757202,3.180000066757202,3.109999895095825,3.130000114440918,9500,0.0,0.0
2022-12-07 00:00:00-05:00,3.240000009536743,3.240000009536743,3.1500000953674316,3.2100000381469727,16000,0.0,0.0
2022-12-08 00:00:00-05:00,3.1700000762939453,3.2799999713897705,3.140000104904175,3.200000047683716,27400,0.0,0.0
2022-12-09 00:00:00-05:00,3.299999952316284,3.319999933242798,3.180000066757202,3.2200000286102295,6000,0.0,0.0
2022-12-12 00:00:00-05:00,3.2100000381469727,3.25,3.200000047683716,3.2300000190734863,11800,0.0,0.0
2022-12-13 00:00:00-05:00,3.369999885559082,3.369999885559082,3.009999990463257,3.0999999046325684,9300,0.0,0.0
2022-12-14 00:00:00-05:00,3.0999999046325684,3.109999895095825,2.990000009536743,3.0199999809265137,20000,0.0,0.0
2022-12-15 00:00:00-05:00,3.0399999618530273,3.0399999618530273,2.9100000858306885,2.9600000381469727,24900,0.0,0.0
2022-12-16 00:00:00-05:00,2.9700000286102295,2.9800000190734863,2.859999895095825,2.9600000381469727,36100,0.0,0.0
2022-12-19 00:00:00-05:00,2.990000009536743,3.109999895095825,2.890000104904175,3.109999895095825,40300,0.0,0.0
2022-12-20 00:00:00-05:00,3.0999999046325684,3.109999895095825,3.049999952316284,3.049999952316284,9500,0.0,0.0
2022-12-21 00:00:00-05:00,3.069999933242798,3.0799999237060547,3.009999990463257,3.059999942779541,5400,0.0,0.0
2022-12-22 00:00:00-05:00,3.0999999046325684,3.0999999046325684,2.940000057220459,2.990000009536743,9400,0.0,0.0
2022-12-23 00:00:00-05:00,2.9700000286102295,2.990000009536743,2.930000066757202,2.9700000286102295,4400,0.0,0.0
2022-12-27 00:00:00-05:00,2.9000000953674316,2.930000066757202,2.8499999046325684,2.869999885559082,12900,0.0,0.0
2022-12-28 00:00:00-05:00,2.8399999141693115,2.9200000762939453,2.809999942779541,2.8499999046325684,5800,0.0,0.0
2022-12-29 00:00:00-05:00,2.8499999046325684,3.049999952316284,2.8499999046325684,3.049999952316284,14000,0.0,0.0
2022-12-30 00:00:00-05:00,2.9600000381469727,3.0299999713897705,2.890000104904175,3.0199999809265137,15500,0.0,0.0
2023-01-03 00:00:00-05:00,3.049999952316284,3.2799999713897705,3.0399999618530273,3.0799999237060547,21000,0.0,0.0
2023-01-04 00:00:00-05:00,3.109999895095825,3.1600000858306885,3.0299999713897705,3.059999942779541,13500,0.0,0.0
2023-01-05 00:00:00-05:00,3.0199999809265137,3.140000104904175,3.0199999809265137,3.140000104904175,5800,0.0,0.0
2023-01-06 00:00:00-05:00,3.140000104904175,3.200000047683716,3.140000104904175,3.140000104904175,10100,0.0,0.0
2023-01-09 00:00:00-05:00,3.200000047683716,3.2899999618530273,3.200000047683716,3.259999990463257,8000,0.0,0.0
2023-01-10 00:00:00-05:00,3.4100000858306885,4.789999961853027,3.3299999237060547,4.579999923706055,300800,0.0,0.0
2023-01-11 00:00:00-05:00,4.789999961853027,5.639999866485596,4.420000076293945,4.5,320800,0.0,0.0
2023-01-12 00:00:00-05:00,4.489999771118164,4.559999942779541,4.090000152587891,4.179999828338623,83200,0.0,0.0
2023-01-13 00:00:00-05:00,4.239999771118164,4.349999904632568,4.110000133514404,4.300000190734863,75400,0.0,0.0
2023-01-17 00:00:00-05:00,4.5,5.199999809265137,4.5,5.079999923706055,62600,0.0,0.0
2023-01-18 00:00:00-05:00,5.610000133514404,6.230000019073486,5.449999809265137,5.510000228881836,298600,0.0,0.0
2023-01-19 00:00:00-05:00,5.53000020980835,5.639999866485596,5.260000228881836,5.619999885559082,58200,0.0,0.0
2023-01-20 00:00:00-05:00,5.769999980926514,5.769999980926514,5.400000095367432,5.590000152587891,69000,0.0,0.0
2023-01-23 00:00:00-05:00,5.639999866485596,5.639999866485596,5.130000114440918,5.139999866485596,55800,0.0,0.0
2023-01-24 00:00:00-05:00,5.190000057220459,5.320000171661377,5.019999980926514,5.199999809265137,56300,0.0,0.0
2023-01-25 00:00:00-05:00,5.159999847412109,5.349999904632568,5.070000171661377,5.159999847412109,24100,0.0,0.0
2023-01-26 00:00:00-05:00,5.46999979019165,5.489999771118164,5.199999809265137,5.340000152587891,20500,0.0,0.0
2023-01-27 00:00:00-05:00,5.409999847412109,5.449999809265137,5.090000152587891,5.179999828338623,31500,0.0,0.0
2023-01-30 00:00:00-05:00,5.300000190734863,5.389999866485596,4.760000228881836,4.849999904632568,46200,0.0,0.0
2023-01-31 00:00:00-05:00,4.849999904632568,4.869999885559082,4.590000152587891,4.639999866485596,32500,0.0,0.0
2023-02-01 00:00:00-05:00,4.75,4.940000057220459,4.440000057220459,4.440000057220459,40700,0.0,0.0
2023-02-02 00:00:00-05:00,4.920000076293945,5.0,4.5,4.809999942779541,56100,0.0,0.0
2023-02-03 00:00:00-05:00,4.829999923706055,5.010000228881836,4.730000019073486,4.929999828338623,20000,0.0,0.0
2023-02-06 00:00:00-05:00,5.130000114440918,5.130000114440918,4.869999885559082,4.949999809265137,38300,0.0,0.0
2023-02-07 00:00:00-05:00,4.949999809265137,5.099999904632568,4.599999904632568,4.679999828338623,28900,0.0,0.0
2023-02-08 00:00:00-05:00,4.690000057220459,4.730000019073486,4.409999847412109,4.46999979019165,32400,0.0,0.0
2023-02-09 00:00:00-05:00,4.5,4.550000190734863,4.409999847412109,4.460000038146973,8000,0.0,0.0
2023-02-10 00:00:00-05:00,4.570000171661377,4.570000171661377,4.449999809265137,4.53000020980835,9700,0.0,0.0
2023-02-13 00:00:00-05:00,4.579999923706055,4.690000057220459,4.440000057220459,4.539999961853027,24300,0.0,0.0
2023-02-14 00:00:00-05:00,4.659999847412109,4.840000152587891,4.400000095367432,4.449999809265137,27300,0.0,0.0
2023-02-15 00:00:00-05:00,4.489999771118164,4.489999771118164,4.320000171661377,4.400000095367432,24500,0.0,0.0
2023-02-16 00:00:00-05:00,4.28000020980835,4.28000020980835,4.079999923706055,4.090000152587891,33400,0.0,0.0
2023-02-17 00:00:00-05:00,4.199999809265137,4.199999809265137,3.950000047683716,4.059999942779541,17400,0.0,0.0
2023-02-21 00:00:00-05:00,4.130000114440918,4.340000152587891,4.019999980926514,4.239999771118164,28200,0.0,0.0
2023-02-22 00:00:00-05:00,4.349999904632568,4.449999809265137,4.110000133514404,4.110000133514404,18800,0.0,0.0
2023-02-23 00:00:00-05:00,4.150000095367432,4.300000190734863,4.099999904632568,4.260000228881836,17300,0.0,0.0
2023-02-24 00:00:00-05:00,4.349999904632568,4.349999904632568,4.070000171661377,4.119999885559082,17900,0.0,0.0
2023-02-27 00:00:00-05:00,4.21999979019165,4.25,4.070000171661377,4.119999885559082,12400,0.0,0.0
2023-02-28 00:00:00-05:00,4.150000095367432,4.21999979019165,4.079999923706055,4.099999904632568,23700,0.0,0.0
2023-03-01 00:00:00-05:00,4.28000020980835,4.340000152587891,4.110000133514404,4.130000114440918,38600,0.0,0.0
2023-03-02 00:00:00-05:00,4.380000114440918,4.960000038146973,4.199999809265137,4.800000190734863,94000,0.0,0.0
2023-03-03 00:00:00-05:00,4.800000190734863,4.920000076293945,4.679999828338623,4.820000171661377,52600,0.0,0.0
2023-03-06 00:00:00-05:00,4.869999885559082,5.090000152587891,4.849999904632568,4.880000114440918,31400,0.0,0.0
2023-03-07 00:00:00-05:00,4.980000019073486,4.989999771118164,4.579999923706055,4.679999828338623,35700,0.0,0.0
2023-03-08 00:00:00-05:00,4.610000133514404,4.679999828338623,4.329999923706055,4.449999809265137,33000,0.0,0.0
2023-03-09 00:00:00-05:00,4.349999904632568,4.349999904632568,4.130000114440918,4.130000114440918,53100,0.0,0.0
2023-03-10 00:00:00-05:00,4.130000114440918,4.130000114440918,3.8399999141693115,3.940000057220459,47400,0.0,0.0
2023-03-13 00:00:00-04:00,3.7100000381469727,3.890000104904175,3.5,3.6600000858306885,58400,0.0,0.0
2023-03-14 00:00:00-04:00,3.619999885559082,3.890000104904175,3.619999885559082,3.809999942779541,20000,0.0,0.0
2023-03-15 00:00:00-04:00,3.75,3.809999942779541,3.5199999809265137,3.759999990463257,38700,0.0,0.0
2023-03-16 00:00:00-04:00,3.799999952316284,3.950000047683716,3.619999885559082,3.8499999046325684,18800,0.0,0.0
2023-03-17 00:00:00-04:00,3.8499999046325684,3.990000009536743,3.75,3.9800000190734863,57300,0.0,0.0
2023-03-20 00:00:00-04:00,3.890000104904175,3.9800000190734863,3.8299999237060547,3.8499999046325684,12100,0.0,0.0
2023-03-21 00:00:00-04:00,3.869999885559082,4.050000190734863,3.8499999046325684,4.050000190734863,10200,0.0,0.0
2023-03-22 00:00:00-04:00,4.039999961853027,4.079999923706055,3.8499999046325684,3.940000057220459,5300,0.0,0.0
2023-03-23 00:00:00-04:00,3.950000047683716,4.090000152587891,3.880000114440918,3.930000066757202,13800,0.0,0.0
2023-03-24 00:00:00-04:00,3.9800000190734863,3.9800000190734863,3.7799999713897705,3.799999952316284,27500,0.0,0.0
2023-03-27 00:00:00-04:00,3.799999952316284,3.950000047683716,3.7899999618530273,3.9000000953674316,15000,0.0,0.0
2023-03-28 00:00:00-04:00,3.819999933242798,3.8499999046325684,3.75,3.8499999046325684,12700,0.0,0.0
2023-03-29 00:00:00-04:00,3.880000114440918,3.9100000858306885,3.759999990463257,3.880000114440918,12000,0.0,0.0
2023-03-30 00:00:00-04:00,3.9100000858306885,3.9200000762939453,3.7899999618530273,3.869999885559082,23000,0.0,0.0
2023-03-31 00:00:00-04:00,3.8399999141693115,3.9700000286102295,3.799999952316284,3.880000114440918,10700,0.0,0.0
2023-04-03 00:00:00-04:00,3.890000104904175,3.9600000381469727,3.859999895095825,3.930000066757202,6700,0.0,0.0
2023-04-04 00:00:00-04:00,3.9100000858306885,3.940000057220459,3.8399999141693115,3.9100000858306885,11300,0.0,0.0
2023-04-05 00:00:00-04:00,3.890000104904175,3.890000104904175,3.819999933242798,3.880000114440918,6900,0.0,0.0
2023-04-06 00:00:00-04:00,3.7899999618530273,3.890000104904175,3.7899999618530273,3.869999885559082,10800,0.0,0.0
2023-04-10 00:00:00-04:00,3.8399999141693115,3.9800000190734863,3.680000066757202,3.9200000762939453,29900,0.0,0.0
2023-04-11 00:00:00-04:00,3.950000047683716,3.950000047683716,3.819999933242798,3.9100000858306885,14400,0.0,0.0
2023-04-12 00:00:00-04:00,3.890000104904175,3.930000066757202,3.8499999046325684,3.9000000953674316,11800,0.0,0.0
2023-04-13 00:00:00-04:00,3.9100000858306885,3.9800000190734863,3.9000000953674316,3.9100000858306885,13900,0.0,0.0
2023-04-14 00:00:00-04:00,3.950000047683716,3.950000047683716,3.8499999046325684,3.859999895095825,12800,0.0,0.0
2023-04-17 00:00:00-04:00,3.880000114440918,3.9000000953674316,3.8499999046325684,3.8499999046325684,4500,0.0,0.0
2023-04-18 00:00:00-04:00,3.7699999809265137,3.8399999141693115,3.690000057220459,3.759999990463257,8500,0.0,0.0
2023-04-19 00:00:00-04:00,3.740000009536743,3.7799999713897705,3.6600000858306885,3.6600000858306885,16100,0.0,0.0
2023-04-20 00:00:00-04:00,3.680000066757202,3.7300000190734863,3.630000114440918,3.700000047683716,16100,0.0,0.0
2023-04-21 00:00:00-04:00,3.6500000953674316,3.700000047683716,3.619999885559082,3.700000047683716,7400,0.0,0.0
2023-04-24 00:00:00-04:00,3.619999885559082,3.690000057220459,3.5299999713897705,3.5299999713897705,20300,0.0,0.0
2023-04-25 00:00:00-04:00,3.609999895095825,3.859999895095825,3.559999942779541,3.7100000381469727,63800,0.0,0.0
2023-04-26 00:00:00-04:00,3.6600000858306885,3.8299999237060547,3.640000104904175,3.640000104904175,20800,0.0,0.0
2023-04-27 00:00:00-04:00,3.6700000762939453,3.8499999046325684,3.6600000858306885,3.809999942779541,9100,0.0,0.0
2023-04-28 00:00:00-04:00,3.7899999618530273,4.110000133514404,3.7899999618530273,4.059999942779541,71600,0.0,0.0
2023-05-01 00:00:00-04:00,4.059999942779541,4.480000019073486,4.059999942779541,4.329999923706055,43400,0.0,0.0
2023-05-02 00:00:00-04:00,4.389999866485596,4.389999866485596,4.070000171661377,4.130000114440918,22200,0.0,0.0
2023-05-03 00:00:00-04:00,4.170000076293945,4.170000076293945,4.0,4.019999980926514,11400,0.0,0.0
2023-05-04 00:00:00-04:00,4.019999980926514,4.079999923706055,3.990000009536743,4.0,12800,0.0,0.0
2023-05-05 00:00:00-04:00,4.119999885559082,4.199999809265137,4.039999961853027,4.159999847412109,3100,0.0,0.0
2023-05-08 00:00:00-04:00,4.210000038146973,4.420000076293945,4.139999866485596,4.420000076293945,9900,0.0,0.0
2023-05-09 00:00:00-04:00,4.369999885559082,4.369999885559082,4.28000020980835,4.340000152587891,14800,0.0,0.0
2023-05-10 00:00:00-04:00,4.289999961853027,4.369999885559082,4.269999980926514,4.369999885559082,15700,0.0,0.0
2023-05-11 00:00:00-04:00,4.420000076293945,4.880000114440918,4.420000076293945,4.639999866485596,72500,0.0,0.0
2023-05-12 00:00:00-04:00,4.769999980926514,4.860000133514404,4.5,4.5,36200,0.0,0.0
2023-05-15 00:00:00-04:00,4.610000133514404,4.630000114440918,4.550000190734863,4.550000190734863,7300,0.0,0.0
2023-05-16 00:00:00-04:00,4.610000133514404,4.739999771118164,4.579999923706055,4.579999923706055,4100,0.0,0.0
2023-05-17 00:00:00-04:00,4.690000057220459,4.739999771118164,4.53000020980835,4.730000019073486,20100,0.0,0.0
2023-05-18 00:00:00-04:00,4.550000190734863,4.550000190734863,4.460000038146973,4.510000228881836,39000,0.0,0.0
2023-05-19 00:00:00-04:00,4.539999961853027,4.539999961853027,4.389999866485596,4.480000019073486,15400,0.0,0.0
2023-05-22 00:00:00-04:00,4.449999809265137,4.550000190734863,4.389999866485596,4.489999771118164,14400,0.0,0.0
2023-05-23 00:00:00-04:00,4.449999809265137,4.489999771118164,4.409999847412109,4.409999847412109,8400,0.0,0.0
2023-05-24 00:00:00-04:00,4.389999866485596,4.389999866485596,4.25,4.25,18900,0.0,0.0
2023-05-25 00:00:00-04:00,4.320000171661377,4.380000114440918,4.090000152587891,4.210000038146973,19400,0.0,0.0
2023-05-26 00:00:00-04:00,4.25,4.340000152587891,4.170000076293945,4.179999828338623,21400,0.0,0.0
2023-05-30 00:00:00-04:00,4.28000020980835,4.320000171661377,4.179999828338623,4.179999828338623,15200,0.0,0.0
2023-05-31 00:00:00-04:00,4.230000019073486,4.320000171661377,4.199999809265137,4.260000228881836,3800,0.0,0.0
2023-06-01 00:00:00-04:00,4.440000057220459,4.440000057220459,4.199999809265137,4.349999904632568,36000,0.0,0.0
2023-06-02 00:00:00-04:00,4.400000095367432,4.400000095367432,4.230000019073486,4.369999885559082,32100,0.0,0.0
2023-06-05 00:00:00-04:00,4.440000057220459,4.440000057220459,4.28000020980835,4.289999961853027,26500,0.0,0.0
2023-06-06 00:00:00-04:00,4.320000171661377,4.550000190734863,4.309999942779541,4.510000228881836,22000,0.0,0.0
2023-06-07 00:00:00-04:00,4.510000228881836,4.690000057220459,4.5,4.590000152587891,31000,0.0,0.0
2023-06-08 00:00:00-04:00,4.599999904632568,4.860000133514404,4.599999904632568,4.820000171661377,30100,0.0,0.0
2023-06-09 00:00:00-04:00,4.829999923706055,5.139999866485596,4.739999771118164,5.0,79000,0.0,0.0
2023-06-12 00:00:00-04:00,5.050000190734863,5.179999828338623,5.0,5.079999923706055,42200,0.0,0.0
2023-06-13 00:00:00-04:00,5.179999828338623,5.460000038146973,5.070000171661377,5.449999809265137,40600,0.0,0.0
2023-06-14 00:00:00-04:00,5.480000019073486,5.880000114440918,5.239999771118164,5.329999923706055,97400,0.0,0.0
2023-06-15 00:00:00-04:00,5.360000133514404,5.369999885559082,5.0,5.010000228881836,32800,0.0,0.0
2023-06-16 00:00:00-04:00,5.010000228881836,5.230000019073486,4.840000152587891,5.019999980926514,61700,0.0,0.0
2023-06-20 00:00:00-04:00,5.070000171661377,5.159999847412109,4.75,4.809999942779541,37300,0.0,0.0
2023-06-21 00:00:00-04:00,4.840000152587891,4.980000019073486,4.679999828338623,4.730000019073486,12900,0.0,0.0
2023-06-22 00:00:00-04:00,4.71999979019165,4.71999979019165,4.25,4.320000171661377,72600,0.0,0.0
2023-06-23 00:00:00-04:00,4.309999942779541,4.349999904632568,4.190000057220459,4.320000171661377,55100,0.0,0.0
2023-06-26 00:00:00-04:00,4.320000171661377,4.320000171661377,4.130000114440918,4.159999847412109,63100,0.0,0.0
2023-06-27 00:00:00-04:00,4.329999923706055,4.829999923706055,4.21999979019165,4.650000095367432,58800,0.0,0.0
2023-06-28 00:00:00-04:00,4.699999809265137,4.96999979019165,4.670000076293945,4.730000019073486,29600,0.0,0.0
2023-06-29 00:00:00-04:00,4.860000133514404,4.860000133514404,4.699999809265137,4.769999980926514,22400,0.0,0.0
2023-06-30 00:00:00-04:00,4.699999809265137,4.71999979019165,4.059999942779541,4.409999847412109,115400,0.0,0.0
2023-07-03 00:00:00-04:00,4.630000114440918,4.630000114440918,4.420000076293945,4.420000076293945,20100,0.0,0.0
2023-07-05 00:00:00-04:00,4.539999961853027,4.599999904632568,4.28000020980835,4.480000019073486,84200,0.0,0.0
2023-07-06 00:00:00-04:00,4.420000076293945,4.420000076293945,4.340000152587891,4.380000114440918,5200,0.0,0.0
2023-07-07 00:00:00-04:00,4.440000057220459,4.440000057220459,4.340000152587891,4.340000152587891,68400,0.0,0.0
2023-07-10 00:00:00-04:00,4.389999866485596,4.449999809265137,4.289999961853027,4.400000095367432,9100,0.0,0.0
2023-07-11 00:00:00-04:00,4.480000019073486,4.480000019073486,4.269999980926514,4.28000020980835,36200,0.0,0.0
2023-07-12 00:00:00-04:00,4.320000171661377,4.409999847412109,4.260000228881836,4.360000133514404,22600,0.0,0.0
2023-07-13 00:00:00-04:00,4.389999866485596,4.5,4.300000190734863,4.309999942779541,16400,0.0,0.0
2023-07-14 00:00:00-04:00,4.329999923706055,4.360000133514404,4.260000228881836,4.28000020980835,12200,0.0,0.0
2023-07-17 00:00:00-04:00,4.320000171661377,4.320000171661377,4.21999979019165,4.25,14700,0.0,0.0
2023-07-18 00:00:00-04:00,4.21999979019165,4.269999980926514,4.139999866485596,4.139999866485596,78100,0.0,0.0
2023-07-19 00:00:00-04:00,4.199999809265137,4.329999923706055,4.039999961853027,4.25,57500,0.0,0.0
2023-07-20 00:00:00-04:00,4.300000190734863,4.329999923706055,4.039999961853027,4.159999847412109,15500,0.0,0.0
2023-07-21 00:00:00-04:00,4.159999847412109,4.199999809265137,4.010000228881836,4.050000190734863,42000,0.0,0.0
2023-07-24 00:00:00-04:00,4.150000095367432,4.150000095367432,4.0,4.039999961853027,25900,0.0,0.0
2023-07-25 00:00:00-04:00,4.010000228881836,4.050000190734863,3.869999885559082,3.950000047683716,10000,0.0,0.0
2023-07-26 00:00:00-04:00,4.03000020980835,4.059999942779541,3.9800000190734863,4.039999961853027,21900,0.0,0.0
2023-07-27 00:00:00-04:00,4.059999942779541,4.21999979019165,4.059999942779541,4.070000171661377,8800,0.0,0.0
2023-07-28 00:00:00-04:00,4.070000171661377,4.21999979019165,4.070000171661377,4.179999828338623,14000,0.0,0.0
2023-07-31 00:00:00-04:00,4.099999904632568,4.320000171661377,4.099999904632568,4.21999979019165,14700,0.0,0.0
2023-08-01 00:00:00-04:00,4.170000076293945,4.25,4.159999847412109,4.179999828338623,15700,0.0,0.0
2023-08-02 00:00:00-04:00,4.21999979019165,4.21999979019165,4.0,4.059999942779541,21400,0.0,0.0
2023-08-03 00:00:00-04:00,4.150000095367432,4.170000076293945,4.070000171661377,4.090000152587891,10500,0.0,0.0
2023-08-04 00:00:00-04:00,4.099999904632568,4.5,4.070000171661377,4.070000171661377,90900,0.0,0.0
2023-08-07 00:00:00-04:00,4.070000171661377,4.070000171661377,3.869999885559082,3.9800000190734863,29000,0.0,0.0
2023-08-08 00:00:00-04:00,4.059999942779541,4.170000076293945,4.050000190734863,4.150000095367432,10000,0.0,0.0
2023-08-09 00:00:00-04:00,4.110000133514404,4.289999961853027,4.050000190734863,4.289999961853027,24800,0.0,0.0
2023-08-10 00:00:00-04:00,4.340000152587891,4.360000133514404,3.930000066757202,4.010000228881836,18500,0.0,0.0
2023-08-11 00:00:00-04:00,4.050000190734863,4.170000076293945,3.9600000381469727,4.0,11400,0.0,0.0
2023-08-14 00:00:00-04:00,4.010000228881836,4.079999923706055,3.930000066757202,3.930000066757202,22100,0.0,0.0
2023-08-15 00:00:00-04:00,4.0,4.039999961853027,3.869999885559082,3.869999885559082,14100,0.0,0.0
2023-08-16 00:00:00-04:00,3.9200000762939453,3.9800000190734863,3.880000114440918,3.9100000858306885,7700,0.0,0.0
2023-08-17 00:00:00-04:00,3.880000114440918,4.079999923706055,3.609999895095825,3.7200000286102295,98500,0.0,0.0
2023-08-18 00:00:00-04:00,3.7200000286102295,3.8299999237060547,3.630000114440918,3.700000047683716,17800,0.0,0.0
2023-08-21 00:00:00-04:00,3.740000009536743,3.890000104904175,3.6500000953674316,3.680000066757202,18700,0.0,0.0
2023-08-22 00:00:00-04:00,3.6700000762939453,3.7899999618530273,3.6500000953674316,3.6500000953674316,7300,0.0,0.0
2023-08-23 00:00:00-04:00,3.680000066757202,3.9200000762939453,3.6600000858306885,3.75,9600,0.0,0.0
2023-08-24 00:00:00-04:00,3.799999952316284,3.799999952316284,3.609999895095825,3.609999895095825,21900,0.0,0.0
2023-08-25 00:00:00-04:00,3.609999895095825,3.700000047683716,3.549999952316284,3.549999952316284,24100,0.0,0.0
2023-08-28 00:00:00-04:00,3.559999942779541,3.759999990463257,3.559999942779541,3.759999990463257,2200,0.0,0.0
2023-08-29 00:00:00-04:00,3.740000009536743,3.75,3.5899999141693115,3.6500000953674316,10300,0.0,0.0
2023-08-30 00:00:00-04:00,3.640000104904175,3.7200000286102295,3.640000104904175,3.700000047683716,11500,0.0,0.0
2023-08-31 00:00:00-04:00,3.740000009536743,3.990000009536743,3.700000047683716,3.869999885559082,34000,0.0,0.0
2023-09-01 00:00:00-04:00,3.9100000858306885,4.119999885559082,3.799999952316284,3.809999942779541,42100,0.0,0.0
2023-09-05 00:00:00-04:00,3.759999990463257,3.759999990463257,3.680000066757202,3.680000066757202,3400,0.0,0.0
2023-09-06 00:00:00-04:00,3.7899999618530273,3.7899999618530273,3.509999990463257,3.630000114440918,12600,0.0,0.0
2023-09-07 00:00:00-04:00,3.5399999618530273,3.7300000190734863,3.5299999713897705,3.559999942779541,1500,0.0,0.0
2023-09-08 00:00:00-04:00,3.5999999046325684,3.6500000953674316,3.509999990463257,3.509999990463257,7000,0.0,0.0
2023-09-11 00:00:00-04:00,3.5999999046325684,3.5999999046325684,3.1600000858306885,3.4800000190734863,32200,0.0,0.0
2023-09-12 00:00:00-04:00,3.5199999809265137,3.630000114440918,3.450000047683716,3.5299999713897705,18600,0.0,0.0
2023-09-13 00:00:00-04:00,3.5999999046325684,3.819999933242798,3.4200000762939453,3.4200000762939453,46300,0.0,0.0
2023-09-14 00:00:00-04:00,3.4600000381469727,3.690000057220459,3.4600000381469727,3.4700000286102295,7400,0.0,0.0
2023-09-15 00:00:00-04:00,3.299999952316284,3.6500000953674316,3.299999952316284,3.5399999618530273,7000,0.0,0.0
2023-09-18 00:00:00-04:00,3.4700000286102295,3.5,3.390000104904175,3.4000000953674316,16900,0.0,0.0
2023-09-19 00:00:00-04:00,3.380000114440918,3.440000057220459,3.25,3.4200000762939453,11900,0.0,0.0
2023-09-20 00:00:00-04:00,3.299999952316284,3.440000057220459,3.259999990463257,3.299999952316284,8900,0.0,0.0
2023-09-21 00:00:00-04:00,3.2699999809265137,3.3399999141693115,3.200000047683716,3.2100000381469727,8500,0.0,0.0
2023-09-22 00:00:00-04:00,3.240000009536743,3.2699999809265137,3.1500000953674316,3.259999990463257,26800,0.0,0.0
2023-09-25 00:00:00-04:00,3.259999990463257,3.3499999046325684,3.259999990463257,3.2899999618530273,2200,0.0,0.0
2023-09-26 00:00:00-04:00,3.319999933242798,3.3299999237060547,3.1600000858306885,3.2100000381469727,33200,0.0,0.0
2023-09-27 00:00:00-04:00,3.1600000858306885,3.240000009536743,3.140000104904175,3.1500000953674316,13400,0.0,0.0
2023-09-28 00:00:00-04:00,3.1500000953674316,3.2200000286102295,3.140000104904175,3.180000066757202,7800,0.0,0.0
2023-09-29 00:00:00-04:00,3.1700000762939453,3.1700000762939453,3.059999942779541,3.059999942779541,7200,0.0,0.0
2023-10-02 00:00:00-04:00,3.009999990463257,3.119999885559082,2.930000066757202,2.9800000190734863,46800,0.0,0.0
2023-10-03 00:00:00-04:00,2.9200000762939453,3.0399999618530273,2.799999952316284,2.9100000858306885,24600,0.0,0.0
2023-10-04 00:00:00-04:00,2.819999933242798,2.9100000858306885,2.799999952316284,2.8499999046325684,15100,0.0,0.0
2023-10-05 00:00:00-04:00,2.75,2.990000009536743,2.75,2.869999885559082,24200,0.0,0.0
2023-10-06 00:00:00-04:00,2.950000047683716,3.049999952316284,2.859999895095825,3.0,13400,0.0,0.0
2023-10-09 00:00:00-04:00,3.0,3.490000009536743,2.9200000762939453,3.119999885559082,27900,0.0,0.0
2023-10-10 00:00:00-04:00,3.1500000953674316,3.3299999237060547,3.0899999141693115,3.1600000858306885,36300,0.0,0.0
2023-10-11 00:00:00-04:00,3.009999990463257,3.109999895095825,3.009999990463257,3.0199999809265137,22200,0.0,0.0
2023-10-12 00:00:00-04:00,3.0999999046325684,3.0999999046325684,2.9000000953674316,2.9800000190734863,12200,0.0,0.0
2023-10-13 00:00:00-04:00,2.930000066757202,2.940000057220459,2.799999952316284,2.890000104904175,28200,0.0,0.0
2023-10-16 00:00:00-04:00,2.8399999141693115,3.0399999618530273,2.809999942779541,2.9100000858306885,8000,0.0,0.0
2023-10-17 00:00:00-04:00,2.990000009536743,2.990000009536743,2.809999942779541,2.930000066757202,4500,0.0,0.0
2023-10-18 00:00:00-04:00,2.940000057220459,3.009999990463257,2.869999885559082,2.990000009536743,24100,0.0,0.0
2023-10-19 00:00:00-04:00,3.0399999618530273,3.130000114440918,2.890000104904175,2.940000057220459,10600,0.0,0.0
2023-10-20 00:00:00-04:00,2.950000047683716,2.950000047683716,2.859999895095825,2.930000066757202,11600,0.0,0.0
2023-10-23 00:00:00-04:00,2.930000066757202,2.930000066757202,2.7200000286102295,2.7200000286102295,41000,0.0,0.0
2023-10-24 00:00:00-04:00,2.75,2.9100000858306885,2.690000057220459,2.8299999237060547,10000,0.0,0.0
2023-10-25 00:00:00-04:00,2.799999952316284,2.809999942779541,2.700000047683716,2.700000047683716,19000,0.0,0.0
2023-10-26 00:00:00-04:00,2.700000047683716,2.9600000381469727,2.700000047683716,2.940000057220459,43000,0.0,0.0
2023-10-27 00:00:00-04:00,2.869999885559082,2.869999885559082,2.7699999809265137,2.7699999809265137,22800,0.0,0.0
2023-10-30 00:00:00-04:00,2.700000047683716,2.9200000762939453,2.700000047683716,2.869999885559082,12600,0.0,0.0
2023-10-31 00:00:00-04:00,2.930000066757202,2.930000066757202,2.700000047683716,2.700000047683716,13800,0.0,0.0
2023-11-01 00:00:00-04:00,2.700000047683716,2.799999952316284,2.6700000762939453,2.7200000286102295,11900,0.0,0.0
2023-11-02 00:00:00-04:00,2.5899999141693115,2.5899999141693115,1.5499999523162842,1.690000057220459,603400,0.0,0.0
2023-11-03 00:00:00-04:00,1.7699999809265137,1.7699999809265137,1.4500000476837158,1.5199999809265137,252200,0.0,0.0
2023-11-06 00:00:00-05:00,1.5499999523162842,1.5499999523162842,1.3300000429153442,1.350000023841858,230800,0.0,0.0
2023-11-07 00:00:00-05:00,1.309999942779541,1.3300000429153442,1.1699999570846558,1.2300000190734863,296500,0.0,0.0
2023-11-08 00:00:00-05:00,1.2100000381469727,1.2899999618530273,1.190000057220459,1.2799999713897705,101400,0.0,0.0
2023-11-09 00:00:00-05:00,1.3300000429153442,1.600000023841858,1.3300000429153442,1.4600000381469727,184400,0.0,0.0
2023-11-10 00:00:00-05:00,1.4800000190734863,1.5099999904632568,1.2999999523162842,1.3200000524520874,186200,0.0,0.0
2023-11-13 00:00:00-05:00,1.2999999523162842,1.399999976158142,1.2599999904632568,1.2899999618530273,98900,0.0,0.0
2023-11-14 00:00:00-05:00,1.2899999618530273,1.399999976158142,1.2799999713897705,1.340000033378601,153200,0.0,0.0
2023-11-15 00:00:00-05:00,1.2999999523162842,1.350000023841858,1.2200000286102295,1.2300000190734863,103300,0.0,0.0
2023-11-16 00:00:00-05:00,1.2200000286102295,1.2799999713897705,1.190000057220459,1.190000057220459,106800,0.0,0.0
2023-11-17 00:00:00-05:00,1.2400000095367432,1.2699999809265137,1.100000023841858,1.25,105800,0.0,0.0
2023-11-20 00:00:00-05:00,1.2400000095367432,1.25,1.1699999570846558,1.1699999570846558,47100,0.0,0.0
2023-11-21 00:00:00-05:00,1.149999976158142,1.2400000095367432,0.9300000071525574,1.0,300200,0.0,0.0
2023-11-22 00:00:00-05:00,0.9800000190734863,1.399999976158142,0.9800000190734863,1.350000023841858,188700,0.0,0.0
2023-11-24 00:00:00-05:00,1.399999976158142,1.399999976158142,1.2400000095367432,1.340000033378601,72500,0.0,0.0
2023-11-27 00:00:00-05:00,1.340000033378601,1.3899999856948853,1.2799999713897705,1.309999942779541,81400,0.0,0.0
2023-11-28 00:00:00-05:00,1.309999942779541,1.350000023841858,1.090000033378601,1.1799999475479126,270700,0.0,0.0
2023-11-29 00:00:00-05:00,1.1699999570846558,1.2000000476837158,1.059999942779541,1.1200000047683716,185600,0.0,0.0
2023-11-30 00:00:00-05:00,0.7599999904632568,0.9100000262260437,0.7200000286102295,0.8799999952316284,2493600,0.0,0.0
2023-12-01 00:00:00-05:00,0.9399999976158142,1.1399999856948853,0.8999999761581421,1.1399999856948853,488900,0.0,0.0
2023-12-04 00:00:00-05:00,1.090000033378601,1.1399999856948853,1.0399999618530273,1.0499999523162842,190600,0.0,0.0
2023-12-05 00:00:00-05:00,1.0399999618530273,1.100000023841858,0.8799999952316284,0.9300000071525574,221200,0.0,0.0
2023-12-06 00:00:00-05:00,0.8999999761581421,1.0,0.8899999856948853,0.9900000095367432,74400,0.0,0.0
2023-12-07 00:00:00-05:00,1.0099999904632568,1.059999942779541,0.9599999785423279,1.059999942779541,80500,0.0,0.0
2023-12-08 00:00:00-05:00,1.0800000429153442,1.0800000429153442,1.0099999904632568,1.0499999523162842,110200,0.0,0.0
2023-12-11 00:00:00-05:00,1.0499999523162842,1.0499999523162842,0.8799999952316284,0.8999999761581421,202300,0.0,0.0
2023-12-12 00:00:00-05:00,0.8899999856948853,0.8899999856948853,0.7799999713897705,0.7900000214576721,123300,0.0,0.0
2023-12-13 00:00:00-05:00,0.8100000023841858,0.8299999833106995,0.7799999713897705,0.8100000023841858,212100,0.0,0.0
2023-12-14 00:00:00-05:00,0.7900000214576721,0.8399999737739563,0.7900000214576721,0.7900000214576721,90300,0.0,0.0
2023-12-15 00:00:00-05:00,0.7900000214576721,0.8299999833106995,0.7900000214576721,0.800000011920929,45300,0.0,0.0
2023-12-18 00:00:00-05:00,0.8100000023841858,0.8100000023841858,0.7699999809265137,0.7699999809265137,140000,0.0,0.0
2023-12-19 00:00:00-05:00,0.7699999809265137,0.8399999737739563,0.7699999809265137,0.8299999833106995,62200,0.0,0.0
2023-12-20 00:00:00-05:00,0.8600000143051147,0.8600000143051147,0.8100000023841858,0.8100000023841858,30200,0.0,0.0
2023-12-21 00:00:00-05:00,0.8199999928474426,0.8700000047683716,0.8199999928474426,0.8600000143051147,160900,0.0,0.0
2023-12-22 00:00:00-05:00,0.8299999833106995,0.9100000262260437,0.8299999833106995,0.8799999952316284,93300,0.0,0.0
2023-12-26 00:00:00-05:00,0.8899999856948853,0.9700000286102295,0.8700000047683716,0.8999999761581421,67300,0.0,0.0
2023-12-27 00:00:00-05:00,0.8999999761581421,0.9300000071525574,0.8799999952316284,0.8799999952316284,53500,0.0,0.0
2023-12-28 00:00:00-05:00,0.8999999761581421,0.9300000071525574,0.8999999761581421,0.9200000166893005,38700,0.0,0.0
2023-12-29 00:00:00-05:00,0.9100000262260437,1.0299999713897705,0.9100000262260437,0.9399999976158142,151300,0.0,0.0
2024-01-02 00:00:00-05:00,1.0099999904632568,1.0099999904632568,0.9200000166893005,0.9300000071525574,107900,0.0,0.0
2024-01-03 00:00:00-05:00,0.9300000071525574,0.949999988079071,0.8799999952316284,0.8899999856948853,29000,0.0,0.0
2024-01-04 00:00:00-05:00,0.8700000047683716,0.9100000262260437,0.8399999737739563,0.8899999856948853,20800,0.0,0.0
2024-01-05 00:00:00-05:00,0.9300000071525574,0.9300000071525574,0.8899999856948853,0.9200000166893005,26000,0.0,0.0
2024-01-08 00:00:00-05:00,0.9399999976158142,0.9399999976158142,0.8899999856948853,0.8899999856948853,36700,0.0,0.0
2024-01-09 00:00:00-05:00,0.9399999976158142,0.9399999976158142,0.8999999761581421,0.9399999976158142,39300,0.0,0.0
2024-01-10 00:00:00-05:00,0.949999988079071,1.0,0.9399999976158142,0.9900000095367432,31000,0.0,0.0
2024-01-11 00:00:00-05:00,0.9700000286102295,1.0099999904632568,0.9700000286102295,1.0099999904632568,35100,0.0,0.0
2024-01-12 00:00:00-05:00,1.0399999618530273,1.2899999618530273,1.0299999713897705,1.2400000095367432,248400,0.0,0.0
2024-01-16 00:00:00-05:00,1.1200000047683716,1.1799999475479126,0.9700000286102295,0.9900000095367432,216400,0.0,0.0
2024-01-17 00:00:00-05:00,1.0199999809265137,1.0199999809265137,0.9200000166893005,0.9300000071525574,79900,0.0,0.0
2024-01-18 00:00:00-05:00,0.9200000166893005,1.0099999904632568,0.9200000166893005,0.9399999976158142,99400,0.0,0.0
2024-01-19 00:00:00-05:00,0.949999988079071,0.9599999785423279,0.9300000071525574,0.9399999976158142,36900,0.0,0.0
2024-01-22 00:00:00-05:00,0.9599999785423279,1.1399999856948853,0.9599999785423279,1.1299999952316284,124900,0.0,0.0
2024-01-23 00:00:00-05:00,1.149999976158142,1.2300000190734863,1.100000023841858,1.1100000143051147,111400,0.0,0.0
2024-01-24 00:00:00-05:00,1.090000033378601,1.190000057220459,1.0499999523162842,1.1399999856948853,163600,0.0,0.0
2024-01-25 00:00:00-05:00,1.149999976158142,1.1699999570846558,1.0800000429153442,1.1299999952316284,69600,0.0,0.0
2024-01-26 00:00:00-05:00,1.1200000047683716,1.159999966621399,1.1100000143051147,1.1399999856948853,67500,0.0,0.0
2024-01-29 00:00:00-05:00,1.149999976158142,1.2400000095367432,1.1399999856948853,1.2000000476837158,48900,0.0,0.0
2024-01-30 00:00:00-05:00,1.1699999570846558,1.2999999523162842,1.1699999570846558,1.2999999523162842,119000,0.0,0.0
2024-01-31 00:00:00-05:00,1.2999999523162842,1.4199999570846558,1.2999999523162842,1.340000033378601,304800,0.0,0.0
2024-02-01 00:00:00-05:00,1.3300000429153442,1.4199999570846558,1.3300000429153442,1.409999966621399,202700,0.0,0.0
2024-02-02 00:00:00-05:00,1.409999966621399,1.4800000190734863,1.350000023841858,1.409999966621399,144200,0.0,0.0
2024-02-05 00:00:00-05:00,1.409999966621399,1.409999966621399,1.340000033378601,1.3700000047683716,65200,0.0,0.0
2024-02-06 00:00:00-05:00,1.3700000047683716,1.3899999856948853,1.340000033378601,1.3799999952316284,57400,0.0,0.0
2024-02-07 00:00:00-05:00,1.3799999952316284,1.3799999952316284,1.2799999713897705,1.2999999523162842,125600,0.0,0.0
2024-02-08 00:00:00-05:00,1.2999999523162842,1.340000033378601,1.1799999475479126,1.309999942779541,33000,0.0,0.0
2024-02-09 00:00:00-05:00,1.3200000524520874,1.3899999856948853,1.309999942779541,1.350000023841858,38300,0.0,0.0
2024-02-12 00:00:00-05:00,1.3600000143051147,1.3600000143051147,1.3200000524520874,1.3300000429153442,71800,0.0,0.0
2024-02-13 00:00:00-05:00,1.309999942779541,1.350000023841858,1.2000000476837158,1.2899999618530273,76100,0.0,0.0
2024-02-14 00:00:00-05:00,1.2899999618530273,1.350000023841858,1.2699999809265137,1.2799999713897705,57000,0.0,0.0
2024-02-15 00:00:00-05:00,1.2999999523162842,1.340000033378601,1.2999999523162842,1.3200000524520874,39100,0.0,0.0
2024-02-16 00:00:00-05:00,1.3200000524520874,1.399999976158142,1.309999942779541,1.3799999952316284,93900,0.0,0.0
2024-02-20 00:00:00-05:00,1.399999976158142,1.4299999475479126,1.3799999952316284,1.399999976158142,150200,0.0,0.0
2024-02-21 00:00:00-05:00,1.409999966621399,1.4199999570846558,1.350000023841858,1.3899999856948853,61100,0.0,0.0
2024-02-22 00:00:00-05:00,1.399999976158142,1.409999966621399,1.350000023841858,1.350000023841858,62600,0.0,0.0
2024-02-23 00:00:00-05:00,1.399999976158142,1.399999976158142,1.2999999523162842,1.399999976158142,111700,0.0,0.0
2024-02-26 00:00:00-05:00,1.3799999952316284,1.399999976158142,1.3600000143051147,1.3700000047683716,33900,0.0,0.0
2024-02-27 00:00:00-05:00,1.3799999952316284,1.5399999618530273,1.3700000047683716,1.5199999809265137,257600,0.0,0.0
2024-02-28 00:00:00-05:00,1.4600000381469727,1.4900000095367432,1.3899999856948853,1.4199999570846558,197200,0.0,0.0
2024-02-29 00:00:00-05:00,1.4600000381469727,1.4600000381469727,1.3200000524520874,1.3899999856948853,53100,0.0,0.0
2024-03-01 00:00:00-05:00,1.3700000047683716,1.3899999856948853,1.309999942779541,1.3300000429153442,77500,0.0,0.0
2024-03-04 00:00:00-05:00,1.3700000047683716,1.3700000047683716,1.2200000286102295,1.2899999618530273,105700,0.0,0.0
2024-03-05 00:00:00-05:00,1.2799999713897705,1.350000023841858,1.2599999904632568,1.309999942779541,71700,0.0,0.0
2024-03-06 00:00:00-05:00,1.399999976158142,1.399999976158142,1.3200000524520874,1.3600000143051147,19400,0.0,0.0
2024-03-07 00:00:00-05:00,1.3700000047683716,1.3700000047683716,1.3300000429153442,1.350000023841858,38400,0.0,0.0
2024-03-08 00:00:00-05:00,1.3200000524520874,1.3600000143051147,1.3200000524520874,1.340000033378601,38700,0.0,0.0
2024-03-11 00:00:00-04:00,1.399999976158142,1.399999976158142,1.309999942779541,1.3300000429153442,28500,0.0,0.0
2024-03-12 00:00:00-04:00,1.309999942779541,1.3200000524520874,1.2899999618530273,1.2999999523162842,47200,0.0,0.0
2024-03-13 00:00:00-04:00,1.3200000524520874,1.350000023841858,1.2899999618530273,1.2899999618530273,27900,0.0,0.0
2024-03-14 00:00:00-04:00,1.3200000524520874,1.3300000429153442,1.2899999618530273,1.2899999618530273,10400,0.0,0.0
2024-03-15 00:00:00-04:00,1.2899999618530273,1.3200000524520874,1.2899999618530273,1.2899999618530273,21500,0.0,0.0
2024-03-18 00:00:00-04:00,1.340000033378601,1.340000033378601,1.2799999713897705,1.2799999713897705,47300,0.0,0.0
2024-03-19 00:00:00-04:00,1.309999942779541,1.309999942779541,1.2200000286102295,1.2300000190734863,34100,0.0,0.0
2024-03-20 00:00:00-04:00,1.2599999904632568,1.2599999904632568,1.100000023841858,1.1100000143051147,87800,0.0,0.0
2024-03-21 00:00:00-04:00,1.1799999475479126,1.3899999856948853,1.1100000143051147,1.3799999952316284,121900,0.0,0.0
2024-03-22 00:00:00-04:00,1.4500000476837158,1.5299999713897705,1.3300000429153442,1.3899999856948853,197500,0.0,0.0
2024-03-25 00:00:00-04:00,1.309999942779541,1.4299999475479126,1.25,1.340000033378601,71000,0.0,0.0
2024-03-26 00:00:00-04:00,1.350000023841858,1.4299999475479126,1.309999942779541,1.309999942779541,81100,0.0,0.0
2024-03-27 00:00:00-04:00,1.3600000143051147,1.4700000286102295,1.3200000524520874,1.3700000047683716,49900,0.0,0.0
2024-03-28 00:00:00-04:00,1.399999976158142,1.399999976158142,1.350000023841858,1.3700000047683716,29800,0.0,0.0
2024-04-01 00:00:00-04:00,1.3200000524520874,1.3799999952316284,1.2999999523162842,1.3200000524520874,54900,0.0,0.0
2024-04-02 00:00:00-04:00,1.350000023841858,1.350000023841858,1.2799999713897705,1.2999999523162842,57400,0.0,0.0
2024-04-03 00:00:00-04:00,1.2899999618530273,1.3300000429153442,1.2899999618530273,1.2999999523162842,32300,0.0,0.0
2024-04-04 00:00:00-04:00,1.3700000047683716,1.3700000047683716,1.2599999904632568,1.2999999523162842,23500,0.0,0.0
2024-04-05 00:00:00-04:00,1.340000033378601,1.340000033378601,1.1799999475479126,1.2000000476837158,103800,0.0,0.0
2024-04-08 00:00:00-04:00,1.25,1.25,1.1699999570846558,1.190000057220459,30700,0.0,0.0
2024-04-09 00:00:00-04:00,1.2000000476837158,1.2000000476837158,1.149999976158142,1.2000000476837158,33500,0.0,0.0
2024-04-10 00:00:00-04:00,1.25,1.25,1.1100000143051147,1.1200000047683716,115100,0.0,0.0
2024-04-11 00:00:00-04:00,1.1399999856948853,1.1399999856948853,1.100000023841858,1.1399999856948853,56200,0.0,0.0
2024-04-12 00:00:00-04:00,1.1699999570846558,1.1699999570846558,1.0700000524520874,1.090000033378601,73000,0.0,0.0
2024-04-15 00:00:00-04:00,1.090000033378601,1.1200000047683716,1.0,1.0099999904632568,69700,0.0,0.0
2024-04-16 00:00:00-04:00,1.0299999713897705,1.2000000476837158,1.0199999809265137,1.1100000143051147,75100,0.0,0.0
2024-04-17 00:00:00-04:00,1.1200000047683716,1.1200000047683716,1.059999942779541,1.059999942779541,26100,0.0,0.0
2024-04-18 00:00:00-04:00,1.059999942779541,1.0700000524520874,1.0,1.0,53700,0.0,0.0
2024-04-19 00:00:00-04:00,1.0099999904632568,1.059999942779541,1.0,1.0499999523162842,41600,0.0,0.0
2024-04-22 00:00:00-04:00,1.2699999809265137,1.3799999952316284,1.2000000476837158,1.25,3928600,0.0,0.0
2024-04-23 00:00:00-04:00,1.2999999523162842,1.6699999570846558,1.2799999713897705,1.5800000429153442,4271500,0.0,0.0
2024-04-24 00:00:00-04:00,1.809999942779541,2.3399999141693115,1.6299999952316284,2.2799999713897705,6234600,0.0,0.0
2024-04-25 00:00:00-04:00,2.4000000953674316,2.4200000762939453,1.75,1.9800000190734863,4290400,0.0,0.0
2024-04-26 00:00:00-04:00,2.2200000286102295,2.5999999046325684,2.0899999141693115,2.5,3284500,0.0,0.0
2024-04-29 00:00:00-04:00,2.609999895095825,2.990000009536743,2.509999990463257,2.940000057220459,3761100,0.0,0.0
2024-04-30 00:00:00-04:00,3.059999942779541,3.4100000858306885,2.509999990463257,2.740000009536743,3718000,0.0,0.0
2024-05-01 00:00:00-04:00,2.5399999618530273,2.8499999046325684,2.1700000762939453,2.690000057220459,2127400,0.0,0.0
2024-05-02 00:00:00-04:00,2.859999895095825,2.869999885559082,2.319999933242798,2.369999885559082,1039600,0.0,0.0
2024-05-03 00:00:00-04:00,2.299999952316284,2.319999933242798,1.9900000095367432,2.049999952316284,2365000,0.0,0.0
2024-05-06 00:00:00-04:00,2.0999999046325684,2.3299999237060547,2.0999999046325684,2.119999885559082,960500,0.0,0.0
2024-05-07 00:00:00-04:00,2.25,2.25,2.069999933242798,2.0899999141693115,615600,0.0,0.0
2024-05-08 00:00:00-04:00,2.059999942779541,2.130000114440918,1.9700000286102295,2.0199999809265137,391400,0.0,0.0
2024-05-09 00:00:00-04:00,2.180000066757202,2.259999990463257,2.0399999618530273,2.1500000953674316,729300,0.0,0.0
2024-05-10 00:00:00-04:00,2.240000009536743,2.3299999237060547,2.180000066757202,2.2300000190734863,799900,0.0,0.0
2024-05-13 00:00:00-04:00,2.299999952316284,2.369999885559082,2.109999895095825,2.180000066757202,668400,0.0,0.0
2024-05-14 00:00:00-04:00,2.380000114440918,2.4600000381469727,2.2799999713897705,2.4000000953674316,1158700,0.0,0.0
2024-05-15 00:00:00-04:00,2.5299999713897705,2.5999999046325684,2.380000114440918,2.4800000190734863,800300,0.0,0.0
2024-05-16 00:00:00-04:00,2.369999885559082,2.430000066757202,2.180000066757202,2.2699999809265137,571500,0.0,0.0
2024-05-17 00:00:00-04:00,2.299999952316284,2.319999933242798,2.180000066757202,2.2100000381469727,324400,0.0,0.0
2024-05-20 00:00:00-04:00,2.319999933242798,2.5799999237060547,2.1700000762939453,2.2200000286102295,1041800,0.0,0.0
2024-05-21 00:00:00-04:00,2.200000047683716,2.299999952316284,2.1700000762939453,2.2300000190734863,337200,0.0,0.0
2024-05-22 00:00:00-04:00,2.200000047683716,2.2699999809265137,2.109999895095825,2.130000114440918,469900,0.0,0.0
2024-05-23 00:00:00-04:00,2.1600000858306885,2.1700000762939453,1.909999966621399,1.9700000286102295,637700,0.0,0.0
2024-05-24 00:00:00-04:00,1.9500000476837158,1.9600000381469727,1.7000000476837158,1.75,1161900,0.0,0.0
2024-05-28 00:00:00-04:00,1.75,1.8700000047683716,1.600000023841858,1.8600000143051147,535000,0.0,0.0
2024-05-29 00:00:00-04:00,1.8200000524520874,2.0199999809265137,1.7699999809265137,1.899999976158142,582700,0.0,0.0
2024-05-30 00:00:00-04:00,1.840000033378601,1.899999976158142,1.7799999713897705,1.8200000524520874,326500,0.0,0.0
2024-05-31 00:00:00-04:00,1.8300000429153442,1.840000033378601,1.659999966621399,1.7799999713897705,375300,0.0,0.0
2024-06-03 00:00:00-04:00,1.7899999618530273,1.7999999523162842,1.7100000381469727,1.7300000190734863,193700,0.0,0.0
2024-06-04 00:00:00-04:00,1.7000000476837158,1.8200000524520874,1.6699999570846558,1.7699999809265137,182600,0.0,0.0
2024-06-05 00:00:00-04:00,1.7699999809265137,1.7899999618530273,1.7200000286102295,1.7599999904632568,193000,0.0,0.0
2024-06-06 00:00:00-04:00,1.7899999618530273,1.7899999618530273,1.75,1.7799999713897705,142900,0.0,0.0
2024-06-07 00:00:00-04:00,1.7599999904632568,1.7699999809265137,1.7000000476837158,1.7200000286102295,176900,0.0,0.0
2024-06-10 00:00:00-04:00,1.7000000476837158,1.7899999618530273,1.690000057220459,1.7799999713897705,221500,0.0,0.0
2024-06-11 00:00:00-04:00,1.7599999904632568,1.7599999904632568,1.7200000286102295,1.7599999904632568,130200,0.0,0.0
2024-06-12 00:00:00-04:00,1.7599999904632568,1.809999942779541,1.7200000286102295,1.75,272400,0.0,0.0
2024-06-13 00:00:00-04:00,1.75,1.7899999618530273,1.7400000095367432,1.7699999809265137,133000,0.0,0.0
2024-06-14 00:00:00-04:00,1.7400000095367432,1.7699999809265137,1.649999976158142,1.690000057220459,199000,0.0,0.0
2024-06-17 00:00:00-04:00,1.690000057220459,1.7799999713897705,1.649999976158142,1.7200000286102295,406100,0.0,0.0
2024-06-18 00:00:00-04:00,1.7699999809265137,2.0199999809265137,1.7100000381469727,1.9500000476837158,358500,0.0,0.0
2024-06-20 00:00:00-04:00,2.009999990463257,2.1500000953674316,1.9500000476837158,2.009999990463257,461100,0.0,0.0
2024-06-21 00:00:00-04:00,1.9900000095367432,1.9900000095367432,1.850000023841858,1.8799999952316284,173700,0.0,0.0
2024-06-24 00:00:00-04:00,1.840000033378601,1.899999976158142,1.7699999809265137,1.7899999618530273,183300,0.0,0.0
2024-06-25 00:00:00-04:00,1.7799999713897705,1.809999942779541,1.7100000381469727,1.75,135300,0.0,0.0
2024-06-26 00:00:00-04:00,1.7799999713897705,1.7799999713897705,1.690000057220459,1.7400000095367432,228400,0.0,0.0
2024-06-27 00:00:00-04:00,1.7599999904632568,1.7799999713897705,1.7300000190734863,1.7699999809265137,235900,0.0,0.0
2024-06-28 00:00:00-04:00,1.8799999952316284,2.299999952316284,1.8300000429153442,2.069999933242798,2455100,0.0,0.0
2024-07-01 00:00:00-04:00,2.200000047683716,2.940000057220459,2.190000057220459,2.7699999809265137,11357500,0.0,0.0
2024-07-02 00:00:00-04:00,2.7899999618530273,3.069999933242798,2.4600000381469727,2.859999895095825,2819900,0.0,0.0
2024-07-03 00:00:00-04:00,2.9100000858306885,3.299999952316284,2.9000000953674316,2.9600000381469727,1839100,0.0,0.0
2024-07-05 00:00:00-04:00,2.950000047683716,3.7899999618530273,2.940000057220459,3.5199999809265137,3823700,0.0,0.0
2024-07-08 00:00:00-04:00,3.9100000858306885,3.950000047683716,3.059999942779541,3.2100000381469727,2962000,0.0,0.0
2024-07-09 00:00:00-04:00,3.259999990463257,3.3399999141693115,2.869999885559082,3.0299999713897705,2401700,0.0,0.0
2024-07-10 00:00:00-04:00,3.069999933242798,3.2200000286102295,2.9800000190734863,3.1700000762939453,707000,0.0,0.0
2024-07-11 00:00:00-04:00,3.25,3.25,2.9800000190734863,3.009999990463257,855100,0.0,0.0
2024-07-12 00:00:00-04:00,3.049999952316284,3.2300000190734863,2.990000009536743,3.0999999046325684,1032500,0.0,0.0
2024-07-15 00:00:00-04:00,3.1500000953674316,3.640000104904175,3.109999895095825,3.2799999713897705,1751700,0.0,0.0
2024-07-16 00:00:00-04:00,3.4200000762939453,3.859999895095825,3.299999952316284,3.8299999237060547,1689900,0.0,0.0
2024-07-17 00:00:00-04:00,3.9600000381469727,4.050000190734863,3.4200000762939453,3.5799999237060547,2068000,0.0,0.0
2024-07-18 00:00:00-04:00,3.5999999046325684,3.690000057220459,3.049999952316284,3.119999885559082,1460300,0.0,0.0
2024-07-19 00:00:00-04:00,3.0999999046325684,3.180000066757202,3.0399999618530273,3.069999933242798,452200,0.0,0.0
2024-07-22 00:00:00-04:00,3.0899999141693115,3.3399999141693115,3.0899999141693115,3.1700000762939453,681400,0.0,0.0
2024-07-23 00:00:00-04:00,3.200000047683716,3.25,3.0999999046325684,3.109999895095825,437300,0.0,0.0
2024-07-24 00:00:00-04:00,3.0799999237060547,3.109999895095825,2.740000009536743,2.809999942779541,975400,0.0,0.0
2024-07-25 00:00:00-04:00,2.7100000381469727,2.809999942779541,2.5999999046325684,2.700000047683716,580600,0.0,0.0
2024-07-26 00:00:00-04:00,2.759999990463257,2.890000104904175,2.7300000190734863,2.7699999809265137,462100,0.0,0.0
2024-07-29 00:00:00-04:00,2.809999942779541,2.990000009536743,2.799999952316284,2.9200000762939453,487600,0.0,0.0
2024-07-30 00:00:00-04:00,2.9800000190734863,2.9800000190734863,2.700000047683716,2.75,474600,0.0,0.0
2024-07-31 00:00:00-04:00,2.869999885559082,2.940000057220459,2.75,2.869999885559082,315900,0.0,0.0
2024-08-01 00:00:00-04:00,3.0,3.069999933242798,2.8299999237060547,2.930000066757202,524200,0.0,0.0
2024-08-02 00:00:00-04:00,2.799999952316284,2.8399999141693115,2.6500000953674316,2.7799999713897705,539800,0.0,0.0
2024-08-05 00:00:00-04:00,2.3299999237060547,2.990000009536743,2.299999952316284,2.5999999046325684,691400,0.0,0.0
2024-08-06 00:00:00-04:00,2.859999895095825,2.859999895095825,2.4600000381469727,2.5,425500,0.0,0.0
2024-08-07 00:00:00-04:00,2.509999990463257,2.549999952316284,2.2699999809265137,2.380000114440918,637900,0.0,0.0
2024-08-08 00:00:00-04:00,2.380000114440918,2.630000114440918,2.369999885559082,2.630000114440918,333200,0.0,0.0
2024-08-09 00:00:00-04:00,2.700000047683716,2.700000047683716,2.440000057220459,2.5,430700,0.0,0.0
2024-08-12 00:00:00-04:00,2.609999895095825,2.6500000953674316,2.4600000381469727,2.549999952316284,225300,0.0,0.0
2024-08-13 00:00:00-04:00,2.609999895095825,2.700000047683716,2.4800000190734863,2.5399999618530273,344400,0.0,0.0
2024-08-14 00:00:00-04:00,2.5299999713897705,2.6600000858306885,2.5199999809265137,2.640000104904175,258700,0.0,0.0
2024-08-15 00:00:00-04:00,2.640000104904175,2.9000000953674316,2.640000104904175,2.8299999237060547,483600,0.0,0.0
2024-08-16 00:00:00-04:00,2.890000104904175,2.9200000762939453,2.740000009536743,2.7799999713897705,278700,0.0,0.0
2024-08-19 00:00:00-04:00,3.0799999237060547,3.5199999809265137,3.0,3.140000104904175,3649900,0.0,0.0
2024-08-20 00:00:00-04:00,3.4700000286102295,3.490000009536743,3.0999999046325684,3.2100000381469727,2135200,0.0,0.0
2024-08-21 00:00:00-04:00,3.25,3.380000114440918,3.0399999618530273,3.2200000286102295,1179400,0.0,0.0
2024-08-22 00:00:00-04:00,3.2699999809265137,3.2899999618530273,3.049999952316284,3.059999942779541,848800,0.0,0.0
2024-08-23 00:00:00-04:00,3.109999895095825,3.259999990463257,3.0399999618530273,3.1600000858306885,980500,0.0,0.0
2024-08-26 00:00:00-04:00,3.259999990463257,3.259999990463257,3.140000104904175,3.180000066757202,780900,0.0,0.0
2024-08-27 00:00:00-04:00,3.180000066757202,3.200000047683716,2.930000066757202,3.0799999237060547,1154400,0.0,0.0
2024-08-28 00:00:00-04:00,3.059999942779541,3.059999942779541,2.819999933242798,2.940000057220459,878800,0.0,0.0
2024-08-29 00:00:00-04:00,2.9700000286102295,3.0999999046325684,2.8399999141693115,3.0899999141693115,813200,0.0,0.0
2024-08-30 00:00:00-04:00,3.140000104904175,3.299999952316284,2.9800000190734863,3.1500000953674316,1130800,0.0,0.0
2024-09-03 00:00:00-04:00,3.1600000858306885,3.200000047683716,2.880000114440918,2.9700000286102295,834600,0.0,0.0
2024-09-04 00:00:00-04:00,2.9200000762939453,2.9800000190734863,2.819999933242798,2.930000066757202,601100,0.0,0.0
2024-09-05 00:00:00-04:00,2.9200000762939453,2.990000009536743,2.8399999141693115,2.940000057220459,545500,0.0,0.0
2024-09-06 00:00:00-04:00,2.9000000953674316,2.940000057220459,2.630000114440918,2.759999990463257,854500,0.0,0.0
2024-09-09 00:00:00-04:00,2.809999942779541,2.9600000381469727,2.75,2.9600000381469727,440900,0.0,0.0
2024-09-10 00:00:00-04:00,2.9600000381469727,2.9600000381469727,2.7799999713897705,2.9200000762939453,479100,0.0,0.0
2024-09-11 00:00:00-04:00,2.8299999237060547,3.0199999809265137,2.8299999237060547,3.0199999809265137,328900,0.0,0.0
2024-09-12 00:00:00-04:00,3.0199999809265137,3.0799999237060547,2.9100000858306885,3.049999952316284,546600,0.0,0.0
2024-09-13 00:00:00-04:00,3.059999942779541,3.109999895095825,3.0199999809265137,3.069999933242798,442500,0.0,0.0
2024-09-16 00:00:00-04:00,3.0799999237060547,3.200000047683716,3.0299999713897705,3.1700000762939453,441800,0.0,0.0
2024-09-17 00:00:00-04:00,3.200000047683716,3.5399999618530273,3.0299999713897705,3.0999999046325684,1346200,0.0,0.0
2024-09-18 00:00:00-04:00,3.130000114440918,3.130000114440918,2.9800000190734863,3.049999952316284,446500,0.0,0.0
2024-09-19 00:00:00-04:00,3.2899999618530273,3.369999885559082,3.049999952316284,3.140000104904175,1317000,0.0,0.0
2024-09-20 00:00:00-04:00,3.2100000381469727,3.240000009536743,3.0,3.140000104904175,783100,0.0,0.0
2024-09-23 00:00:00-04:00,3.4800000190734863,4.559999942779541,3.380000114440918,4.400000095367432,13717200,0.0,0.0
2024-09-24 00:00:00-04:00,4.599999904632568,5.599999904632568,4.309999942779541,4.75,16566100,0.0,0.0
2024-09-25 00:00:00-04:00,4.900000095367432,5.349999904632568,4.449999809265137,4.619999885559082,7402300,0.0,0.0
2024-09-26 00:00:00-04:00,4.269999980926514,4.71999979019165,4.0,4.510000228881836,3103700,0.0,0.0
2024-09-27 00:00:00-04:00,4.590000152587891,4.949999809265137,4.239999771118164,4.389999866485596,2555800,0.0,0.0
2024-09-30 00:00:00-04:00,4.320000171661377,4.449999809265137,4.099999904632568,4.440000057220459,1709500,0.0,0.0
2024-10-01 00:00:00-04:00,4.630000114440918,4.900000095367432,4.28000020980835,4.579999923706055,2122900,0.0,0.0
2024-10-02 00:00:00-04:00,4.599999904632568,4.599999904632568,4.340000152587891,4.440000057220459,951500,0.0,0.0
2024-10-03 00:00:00-04:00,4.440000057220459,4.480000019073486,4.25,4.349999904632568,1348200,0.0,0.0
2024-10-04 00:00:00-04:00,4.449999809265137,4.809999942779541,4.340000152587891,4.460000038146973,2555000,0.0,0.0
2024-10-07 00:00:00-04:00,4.5,4.75,4.349999904632568,4.440000057220459,1969300,0.0,0.0
2024-10-08 00:00:00-04:00,4.440000057220459,4.480000019073486,4.159999847412109,4.210000038146973,1800900,0.0,0.0
2024-10-09 00:00:00-04:00,4.230000019073486,4.239999771118164,3.950000047683716,3.9600000381469727,1666100,0.0,0.0
2024-10-10 00:00:00-04:00,3.9000000953674316,3.930000066757202,3.680000066757202,3.8499999046325684,1536300,0.0,0.0
2024-10-11 00:00:00-04:00,3.890000104904175,3.950000047683716,3.6600000858306885,3.8499999046325684,1081900,0.0,0.0
2024-10-14 00:00:00-04:00,3.8499999046325684,3.930000066757202,3.7100000381469727,3.75,886500,0.0,0.0
2024-10-15 00:00:00-04:00,3.7799999713897705,3.819999933242798,3.630000114440918,3.6600000858306885,777900,0.0,0.0
2024-10-16 00:00:00-04:00,3.7100000381469727,4.170000076293945,3.6600000858306885,4.170000076293945,2294400,0.0,0.0
2024-10-17 00:00:00-04:00,4.340000152587891,4.449999809265137,3.8399999141693115,4.119999885559082,2919300,0.0,0.0
2024-10-18 00:00:00-04:00,4.150000095367432,4.260000228881836,3.9600000381469727,4.039999961853027,1015100,0.0,0.0
2024-10-21 00:00:00-04:00,4.110000133514404,4.150000095367432,3.930000066757202,4.0,1285100,0.0,0.0
2024-10-22 00:00:00-04:00,4.0,4.03000020980835,3.799999952316284,3.890000104904175,900000,0.0,0.0
2024-10-23 00:00:00-04:00,3.9200000762939453,3.930000066757202,3.7200000286102295,3.809999942779541,858000,0.0,0.0
2024-10-24 00:00:00-04:00,3.869999885559082,4.079999923706055,3.869999885559082,3.950000047683716,737000,0.0,0.0
2024-10-25 00:00:00-04:00,4.03000020980835,4.130000114440918,3.809999942779541,3.8399999141693115,876900,0.0,0.0
2024-10-28 00:00:00-04:00,3.930000066757202,3.950000047683716,3.7699999809265137,3.819999933242798,776900,0.0,0.0
2024-10-29 00:00:00-04:00,3.859999895095825,3.880000114440918,3.6600000858306885,3.7899999618530273,973700,0.0,0.0
2024-10-30 00:00:00-04:00,3.75,4.010000228881836,3.75,3.890000104904175,1159000,0.0,0.0
2024-10-31 00:00:00-04:00,3.880000114440918,3.880000114440918,3.6700000762939453,3.759999990463257,841200,0.0,0.0
2024-11-01 00:00:00-04:00,3.7899999618530273,3.819999933242798,3.6500000953674316,3.680000066757202,670500,0.0,0.0
2024-11-04 00:00:00-05:00,3.6500000953674316,3.680000066757202,3.4600000381469727,3.5999999046325684,954000,0.0,0.0
2024-11-05 00:00:00-05:00,3.5899999141693115,3.680000066757202,3.559999942779541,3.640000104904175,570900,0.0,0.0
2024-11-06 00:00:00-05:00,3.6700000762939453,3.809999942779541,3.6500000953674316,3.7699999809265137,1081700,0.0,0.0
2024-11-07 00:00:00-05:00,3.9000000953674316,4.260000228881836,3.8399999141693115,4.230000019073486,2130700,0.0,0.0
2024-11-08 00:00:00-05:00,4.289999961853027,4.320000171661377,3.9200000762939453,4.039999961853027,1436400,0.0,0.0
2024-11-11 00:00:00-05:00,4.03000020980835,4.039999961853027,3.7300000190734863,3.819999933242798,1635100,0.0,0.0
2024-11-12 00:00:00-05:00,3.8499999046325684,4.03000020980835,3.7699999809265137,4.010000228881836,1026200,0.0,0.0
2024-11-13 00:00:00-05:00,3.950000047683716,4.0,3.7799999713897705,3.880000114440918,1176400,0.0,0.0
2024-11-14 00:00:00-05:00,3.9000000953674316,3.990000009536743,3.7300000190734863,3.8399999141693115,983400,0.0,0.0
2024-11-15 00:00:00-05:00,3.75,3.7799999713897705,3.5299999713897705,3.640000104904175,1612000,0.0,0.0
2024-11-18 00:00:00-05:00,3.7899999618530273,3.8299999237060547,3.5799999237060547,3.6500000953674316,983900,0.0,0.0
2024-11-19 00:00:00-05:00,3.740000009536743,4.159999847412109,3.6500000953674316,4.070000171661377,1968700,0.0,0.0
2024-11-20 00:00:00-05:00,4.059999942779541,4.179999828338623,3.8399999141693115,3.930000066757202,915200,0.0,0.0
2024-11-21 00:00:00-05:00,3.9800000190734863,4.130000114440918,3.8499999046325684,4.039999961853027,921100,0.0,0.0
2024-11-22 00:00:00-05:00,4.010000228881836,4.079999923706055,3.869999885559082,4.010000228881836,1012400,0.0,0.0
2024-11-25 00:00:00-05:00,4.119999885559082,4.679999828338623,4.099999904632568,4.25,3213500,0.0,0.0
2024-11-26 00:00:00-05:00,4.369999885559082,5.349999904632568,4.329999923706055,5.059999942779541,5363200,0.0,0.0
2024-11-27 00:00:00-05:00,4.760000228881836,5.159999847412109,4.610000133514404,4.920000076293945,2612000,0.0,0.0
2024-11-29 00:00:00-05:00,5.099999904632568,5.519999980926514,5.010000228881836,5.409999847412109,2138200,0.0,0.0
2024-12-02 00:00:00-05:00,5.610000133514404,5.829999923706055,4.889999866485596,4.949999809265137,3647800,0.0,0.0
2024-12-03 00:00:00-05:00,5.090000152587891,5.389999866485596,4.71999979019165,5.320000171661377,3383100,0.0,0.0
2024-12-04 00:00:00-05:00,5.690000057220459,5.789999961853027,4.96999979019165,5.130000114440918,3147200,0.0,0.0
2024-12-05 00:00:00-05:00,5.079999923706055,5.139999866485596,4.699999809265137,4.809999942779541,3968100,0.0,0.0
2024-12-06 00:00:00-05:00,4.869999885559082,5.289999961853027,4.739999771118164,5.130000114440918,2344600,0.0,0.0
2024-12-09 00:00:00-05:00,5.300000190734863,5.679999828338623,5.119999885559082,5.190000057220459,2831600,0.0,0.0
2024-12-10 00:00:00-05:00,5.210000038146973,5.300000190734863,4.949999809265137,5.019999980926514,1573200,0.0,0.0
2024-12-11 00:00:00-05:00,4.989999771118164,5.170000076293945,4.659999847412109,4.809999942779541,2210800,0.0,0.0
2024-12-12 00:00:00-05:00,4.800000190734863,4.860000133514404,4.199999809265137,4.349999904632568,3407500,0.0,0.0
2024-12-13 00:00:00-05:00,4.420000076293945,4.440000057220459,4.110000133514404,4.25,1801900,0.0,0.0
2024-12-16 00:00:00-05:00,4.329999923706055,4.829999923706055,4.329999923706055,4.579999923706055,3181000,0.0,0.0
2024-12-17 00:00:00-05:00,4.690000057220459,4.690000057220459,4.369999885559082,4.440000057220459,1496500,0.0,0.0
2024-12-18 00:00:00-05:00,4.449999809265137,5.339900016784668,4.449999809265137,4.829999923706055,5073093,0.0,0.0
