Date,Open,High,Low,Close,Volume,Dividends,Stock Splits
2022-01-03 00:00:00-05:00,80.66404867416152,80.79668806412994,79.36606923997957,80.74932098388672,785500,0.0,0.0
2022-01-04 00:00:00-05:00,80.62615626677864,81.27040787488215,79.88716326331095,80.67353057861328,695800,0.0,0.0
2022-01-05 00:00:00-05:00,81.43146522655937,82.9663017828034,80.7777445687835,81.0240707397461,1498100,0.0,0.0
2022-01-06 00:00:00-05:00,79.52714864472993,79.74505314651286,76.27746868061992,76.5427474975586,1553700,0.0,0.0
2022-01-07 00:00:00-05:00,75.63321033378708,77.26278832597,75.48161832134913,76.73222351074219,669700,0.0,0.0
2022-01-10 00:00:00-05:00,76.13535230100513,78.53234516959488,75.55742035700061,78.27654266357422,1002700,0.0,0.0
2022-01-11 00:00:00-05:00,78.23863618230513,81.5925334646229,78.21021448786,81.43146514892578,2057100,0.0,0.0
2022-01-12 00:00:00-05:00,80.88196342929614,81.72517410950807,79.27133084578537,79.48924255371094,934300,0.0,0.0
2022-01-13 00:00:00-05:00,79.68820146425797,79.73557577448732,77.94492948974788,78.17231750488281,461200,0.0,0.0
2022-01-14 00:00:00-05:00,78.57970754875524,80.58825097062301,78.43759185441633,80.465087890625,745900,0.0,0.0
2022-01-18 00:00:00-05:00,77.85966345783318,78.068098855018,76.11639150453681,76.3532485961914,951700,0.0,0.0
2022-01-19 00:00:00-05:00,75.79426331799766,76.82695668611935,75.12159009844694,75.2163314819336,671700,0.0,0.0
2022-01-20 00:00:00-05:00,76.59010765093528,77.74597144436459,73.94678880122696,73.99415588378906,911900,0.0,0.0
2022-01-21 00:00:00-05:00,73.25517256391888,73.27411795378322,70.65922045414874,70.72554016113281,2152300,0.0,0.0
2022-01-24 00:00:00-05:00,69.10542958478806,70.69710958075474,67.37163388362158,70.53604125976562,2190400,0.0,0.0
2022-01-25 00:00:00-05:00,73.3593805131292,74.86578818336142,71.22766663602738,73.69097900390625,3415700,0.0,0.0
2022-01-26 00:00:00-05:00,78.01125398023049,78.36180510387332,74.79000307925345,75.47215270996094,2175300,0.0,0.0
2022-01-27 00:00:00-05:00,77.33858232965625,77.43333095798462,75.47215434145812,76.56169128417969,1471500,0.0,0.0
2022-01-28 00:00:00-05:00,76.41957745947458,77.5943866399561,75.48161814835076,77.54701232910156,812600,0.0,0.0
2022-01-31 00:00:00-05:00,77.25331655525807,79.0913300583385,77.25331655525807,79.00605773925781,946100,0.0,0.0
2022-02-01 00:00:00-05:00,77.24383960789027,77.54701641975907,75.81322063861614,76.988037109375,844200,0.0,0.0
2022-02-02 00:00:00-05:00,78.15336269061527,78.55128809175329,77.34805003750836,78.20073699951172,728300,0.0,0.0
2022-02-03 00:00:00-05:00,76.46694635432105,76.6280074497557,75.16896682617713,75.2921371459961,726800,0.0,0.0
2022-02-04 00:00:00-05:00,75.19739269513751,75.53846748826219,74.1457466210539,75.13107299804688,517300,0.0,0.0
2022-02-07 00:00:00-05:00,74.38260490562732,75.11212158530445,74.0699518022064,74.40155029296875,401700,0.0,0.0
2022-02-08 00:00:00-05:00,72.84776722464709,74.8373653678288,72.51616873883428,74.72367858886719,541100,0.0,0.0
2022-02-09 00:00:00-05:00,75.86059203505027,76.48589825140779,75.56689154280633,76.4195785522461,539100,0.0,0.0
2022-02-10 00:00:00-05:00,75.85111000133755,77.7459666666984,75.59530753196783,75.98374938964844,529300,0.0,0.0
2022-02-11 00:00:00-05:00,76.02165240883254,76.41957782833835,73.81414974147289,74.49629211425781,464000,0.0,0.0
2022-02-14 00:00:00-05:00,73.87099732292297,75.02686118719842,73.50150080608809,74.54367065429688,389000,0.0,0.0
2022-02-15 00:00:00-05:00,76.05955427562367,76.32483308323286,75.55741835717693,76.17324829101562,550300,0.0,0.0
2022-02-16 00:00:00-05:00,76.70380829887084,77.1964751526318,75.87007384490578,77.05435943603516,398500,0.0,0.0
2022-02-17 00:00:00-05:00,72.29826196741854,72.37405797743708,69.62651405486103,71.51190185546875,2119400,0.0,0.0
2022-02-18 00:00:00-05:00,70.06232117841263,71.31292626821283,69.53176363374116,70.82026672363281,1226900,0.0,0.0
2022-02-22 00:00:00-05:00,70.24234281646669,71.72032884567743,69.30439070010642,69.9012680053711,724900,0.0,0.0
2022-02-23 00:00:00-05:00,71.22766103047782,71.32240241634307,68.66960747059403,68.68855285644531,599600,0.0,0.0
2022-02-24 00:00:00-05:00,66.37683951421526,70.78238355903176,66.24420010024711,70.72554016113281,939800,0.0,0.0
2022-02-25 00:00:00-05:00,70.93396496071702,71.3697811453429,70.02443458911017,70.86764526367188,689200,0.0,0.0
2022-02-28 00:00:00-05:00,69.95810364735928,71.36030074077476,69.67387948847137,70.71604919433594,650800,0.0,0.0
2022-03-01 00:00:00-05:00,72.46879875437108,73.44464888299906,69.96758827165102,70.60236358642578,826500,0.0,0.0
2022-03-02 00:00:00-05:00,71.1708247920713,73.82362000423184,70.26129438547582,73.67203521728516,887400,0.0,0.0
2022-03-03 00:00:00-05:00,73.95626103173446,74.3541864663791,71.21819344363391,72.02350616455078,1279200,0.0,0.0
2022-03-04 00:00:00-05:00,69.52229767540076,73.50150153767544,68.83067894861786,69.36123657226562,1948100,0.0,0.0
2022-03-07 00:00:00-05:00,68.96330737382986,69.30438214281156,66.01680475909062,66.05470275878906,975900,0.0,0.0
2022-03-08 00:00:00-05:00,65.33465848810606,66.77475363543994,63.81877456588991,65.70415496826172,1526800,0.0,0.0
2022-03-09 00:00:00-05:00,67.65586892465036,69.90126971974344,67.61797091934302,69.47492980957031,707100,0.0,0.0
2022-03-10 00:00:00-05:00,68.03482782694745,68.22431783483964,66.49052221122588,67.5326919555664,732300,0.0,0.0
2022-03-11 00:00:00-05:00,68.67908506072642,68.68856136897867,66.34841198374116,66.44315338134766,617800,0.0,0.0
2022-03-14 00:00:00-04:00,66.67053260435627,67.20109014352586,65.65678460441187,66.05470275878906,570900,0.0,0.0
2022-03-15 00:00:00-04:00,66.41472558933727,66.98318115110857,65.78942663988023,66.83159637451172,640000,0.0,0.0
2022-03-16 00:00:00-04:00,68.53696792630237,69.96758685384673,67.31479163445037,69.71178436279297,700600,0.0,0.0
2022-03-17 00:00:00-04:00,68.12010526991725,69.60756760949272,68.06325464911397,69.4938735961914,644700,0.0,0.0
2022-03-18 00:00:00-04:00,68.5464462510286,70.84869765146635,68.35696345417745,70.80133056640625,601000,0.0,0.0
2022-03-21 00:00:00-04:00,70.33708456783843,70.50762197424592,69.20964965221049,69.69283294677734,689700,0.0,0.0
2022-03-22 00:00:00-04:00,69.57914528838356,70.55499540179734,69.32333556782925,70.21392059326172,665900,0.0,0.0
2022-03-23 00:00:00-04:00,68.73592694519084,69.60755925766946,68.03482478974534,68.08219909667969,465300,0.0,0.0
2022-03-24 00:00:00-04:00,70.82026697552624,73.30253177806205,70.34655281515482,73.25515747070312,1738600,0.0,0.0
2022-03-25 00:00:00-04:00,72.75302726881739,73.22674146598773,72.15614998257256,72.77197265625,821100,0.0,0.0
2022-03-28 00:00:00-04:00,73.8994185773537,74.3731327990034,71.90034398372752,73.4351806640625,742000,0.0,0.0
2022-03-29 00:00:00-04:00,74.62892791244693,74.80894161191614,73.27410508347916,73.93730926513672,530900,0.0,0.0
2022-03-30 00:00:00-04:00,73.47307330953073,73.62465809068215,72.09929782997655,72.28878784179688,414600,0.0,0.0
2022-03-31 00:00:00-04:00,71.43610465530126,71.54979144012962,69.83494830478612,69.9012680053711,947900,0.0,0.0
2022-04-01 00:00:00-04:00,68.88751892695147,69.38965482847526,67.39058030211464,67.68428802490234,1493700,0.0,0.0
2022-04-04 00:00:00-04:00,70.97186065718628,72.46879194589889,70.4697175635251,72.42142486572266,1431800,0.0,0.0
2022-04-05 00:00:00-04:00,70.8297500807287,71.14239596306946,69.57914486645026,70.11917877197266,869600,0.0,0.0
2022-04-06 00:00:00-04:00,67.67480324990207,68.20536078086026,66.6326335733895,67.58953094482422,1317600,0.0,0.0
2022-04-07 00:00:00-04:00,69.1338474350709,69.55071821959005,67.38110644390432,68.3569564819336,686700,0.0,0.0
2022-04-08 00:00:00-04:00,68.46117946322809,68.55592085930427,67.3053156375054,67.7790298461914,521700,0.0,0.0
2022-04-11 00:00:00-04:00,66.90739711300128,67.61796842258933,66.33893428268671,67.27689361572266,546400,0.0,0.0
2022-04-12 00:00:00-04:00,67.7600776087475,68.27168982438474,66.44315267950365,66.86002349853516,775300,0.0,0.0
2022-04-13 00:00:00-04:00,66.07366208227397,66.90740379490329,65.01254678009974,66.57579803466797,917100,0.0,0.0
2022-04-14 00:00:00-04:00,67.30531406995918,67.30531406995918,65.4578243621288,65.666259765625,596000,0.0,0.0
2022-04-18 00:00:00-04:00,65.41994045717027,66.1399809088371,64.96517159921237,66.08313751220703,517100,0.0,0.0
2022-04-19 00:00:00-04:00,66.26314451726522,67.36215770102416,65.94101510299282,67.28636169433594,804400,0.0,0.0
2022-04-20 00:00:00-04:00,66.94529724121094,67.49480024455056,66.16839897890259,66.94529724121094,765600,0.0,0.0
2022-04-21 00:00:00-04:00,67.96850818166891,68.6032906731976,66.18734547598967,66.41472625732422,1195900,0.0,0.0
2022-04-22 00:00:00-04:00,62.710289389059035,63.13662928643919,61.611268953040124,61.83864974975586,1791600,0.0,0.0
2022-04-25 00:00:00-04:00,62.312358356086676,64.72830349947142,62.22709327560005,64.40618133544922,1410600,0.0,0.0
2022-04-26 00:00:00-04:00,62.82397287759535,63.51559876788474,61.49757894274691,61.73443603515625,2413300,0.0,0.0
2022-04-27 00:00:00-04:00,61.061755025321155,62.46395218120786,60.62594246045186,60.720680236816406,2326900,0.0,0.0
2022-04-28 00:00:00-04:00,60.796477757394314,63.364007814476885,59.96274338041742,62.5302734375,1619200,0.0,0.0
2022-04-29 00:00:00-04:00,62.55869555191922,63.80930073992092,61.69653947412884,61.8670768737793,1091700,0.0,0.0
2022-05-02 00:00:00-04:00,61.76285726968015,63.58191799104156,61.412306173335644,62.852394104003906,1946500,0.0,0.0
2022-05-03 00:00:00-04:00,59.13848212004025,61.876549762545906,59.04374072069199,60.900699615478516,2911600,0.0,0.0
2022-05-04 00:00:00-04:00,60.10485253890073,62.66290977762003,59.034261117773944,62.41657638549805,1644400,0.0,0.0
2022-05-05 00:00:00-04:00,60.682791020704,61.20387229607326,58.9774170344111,59.839576721191406,1304400,0.0,0.0
2022-05-06 00:00:00-04:00,58.26684737548634,59.07216008054342,57.186779563375886,57.73628616333008,1133200,0.0,0.0
2022-05-09 00:00:00-04:00,55.33929189139911,56.173029883188015,53.965520008627685,54.155006408691406,1350800,0.0,0.0
2022-05-10 00:00:00-04:00,55.62352171123994,56.75096384491722,54.39186548717508,55.651947021484375,1621600,0.0,0.0
2022-05-11 00:00:00-04:00,55.56667503163282,56.64674278905484,53.92762078035636,54.06973648071289,1205200,0.0,0.0
2022-05-12 00:00:00-04:00,53.359167781330775,56.12566061888882,53.27389907983389,54.84663009643555,1413600,0.0,0.0
2022-05-13 00:00:00-04:00,55.74668473854884,56.7130620975677,55.46245695393209,56.10670852661133,864500,0.0,0.0
2022-05-16 00:00:00-04:00,55.59509790229169,55.97407070182561,54.90347561517188,55.272972106933594,791600,0.0,0.0
2022-05-17 00:00:00-04:00,56.83623076688493,58.29526774228361,55.87932606803998,58.05841064453125,1579200,0.0,0.0
2022-05-18 00:00:00-04:00,55.77510825289138,56.476206851034085,54.79925816867277,55.47193145751953,1447400,0.0,0.0
2022-05-19 00:00:00-04:00,54.96979456195909,56.665692214767375,54.543451071846334,55.43403244018555,984500,0.0,0.0
2022-05-20 00:00:00-04:00,56.32462133371788,56.40041372936052,53.98447193650119,55.58562469482422,961700,0.0,0.0
2022-05-23 00:00:00-04:00,55.557200958822676,55.99301715668971,54.86557865851563,55.462459564208984,880300,0.0,0.0
2022-05-24 00:00:00-04:00,55.48140763863012,55.5950980330968,53.65287056275879,54.30659484863281,1162700,0.0,0.0
2022-05-25 00:00:00-04:00,53.81393169583824,54.78030908494221,53.57707459892509,54.45818328857422,1022600,0.0,0.0
2022-05-26 00:00:00-04:00,54.20237735372068,55.99301643352151,54.20237735372068,55.775108337402344,685400,0.0,0.0
2022-05-27 00:00:00-04:00,56.22040395642539,57.18678140205658,56.20145495386564,57.054141998291016,594300,0.0,0.0
2022-05-31 00:00:00-04:00,57.44258503162569,58.44685682480001,56.949921828832466,57.594173431396484,721300,0.0,0.0
2022-06-01 00:00:00-04:00,58.276317448960285,58.53212354256071,56.87412389504685,57.11098098754883,614300,0.0,0.0
2022-06-02 00:00:00-04:00,57.42363729692037,58.702664222323264,57.30994689812186,58.69319152832031,542400,0.0,0.0
2022-06-03 00:00:00-04:00,57.85944901915525,58.07735710585825,56.73201058426086,57.02571105957031,586000,0.0,0.0
2022-06-06 00:00:00-04:00,57.319418769274876,57.75523497020664,56.64674546599075,56.97834396362305,478400,0.0,0.0
2022-06-07 00:00:00-04:00,55.111905761967,57.110980172415736,55.111905761967,57.07308578491211,565800,0.0,0.0
2022-06-08 00:00:00-04:00,56.99729379481285,57.26257259677846,56.14460676827678,56.25830078125,349400,0.0,0.0
2022-06-09 00:00:00-04:00,55.87932451260385,56.011963905388676,54.06973648071289,54.06973648071289,563700,0.0,0.0
2022-06-10 00:00:00-04:00,53.198102741641385,53.30231682316322,52.23172540105264,52.26014709472656,713000,0.0,0.0
2022-06-13 00:00:00-04:00,50.16633684851453,50.857959179155195,49.133639699661444,49.19048309326172,935200,0.0,0.0
2022-06-14 00:00:00-04:00,49.23785641771819,50.05264544171328,48.716767892498574,49.256805419921875,855900,0.0,0.0
2022-06-15 00:00:00-04:00,49.40839199588649,51.075864372455115,49.40839199588649,50.64952087402344,1107400,0.0,0.0
2022-06-16 00:00:00-04:00,49.61682357616222,49.61682357616222,48.36621839543906,48.470436096191406,832100,0.0,0.0
2022-06-17 00:00:00-04:00,49.02942006097616,50.53583137263312,48.59360386116409,50.2326545715332,1237900,0.0,0.0
2022-06-21 00:00:00-04:00,50.924275673376606,51.83380605521614,50.78215997002248,51.009544372558594,845700,0.0,0.0
2022-06-22 00:00:00-04:00,50.34634039687098,51.12323133091552,50.07158531639975,50.39371109008789,972900,0.0,0.0
2022-06-23 00:00:00-04:00,49.95789570934273,51.151657436287756,49.47470884834745,50.94322204589844,2050700,0.0,0.0
2022-06-24 00:00:00-04:00,52.165405625731125,53.520228439095604,52.10855862431887,53.226524353027344,765100,0.0,0.0
2022-06-27 00:00:00-04:00,52.80965927310191,52.99914205699659,51.89065259177247,52.184356689453125,583400,0.0,0.0
2022-06-28 00:00:00-04:00,52.21277889857689,52.42121429989735,50.412663520624236,50.4505615234375,432900,0.0,0.0
2022-06-29 00:00:00-04:00,49.73051876713645,50.21370566538758,49.275749950467365,49.825260162353516,577800,0.0,0.0
2022-06-30 00:00:00-04:00,49.446287022011546,49.957899226723306,48.67887232909645,49.323123931884766,579600,0.0,0.0
2022-07-01 00:00:00-04:00,48.74519393861522,49.54103397241863,48.328323112147494,48.99152374267578,625000,0.0,0.0
2022-07-05 00:00:00-04:00,47.24825384379965,48.72624346602931,47.087192748725634,48.70729446411133,842500,0.0,0.0
2022-07-06 00:00:00-04:00,49.09574225200951,49.68314688218314,48.697824035678174,48.982051849365234,718600,0.0,0.0
2022-07-07 00:00:00-04:00,49.3041753192045,50.914804338885,49.266277315411415,50.83900833129883,753600,0.0,0.0
2022-07-08 00:00:00-04:00,50.60215004653637,51.805384532709866,50.47898334416283,51.61589813232422,682000,0.0,0.0
2022-07-11 00:00:00-04:00,51.265353145345436,51.30325115010454,50.308448403017586,50.36529541015625,509700,0.0,0.0
2022-07-12 00:00:00-04:00,50.79163486393844,51.18955303960946,50.0905362886079,50.31792068481445,618500,0.0,0.0
2022-07-13 00:00:00-04:00,49.010472913510114,49.92000335122308,48.54623500045259,49.74946594238281,619700,0.0,0.0
2022-07-14 00:00:00-04:00,49.10521750829357,49.787363523695426,48.43254057285946,49.65472412109375,595200,0.0,0.0
2022-07-15 00:00:00-04:00,50.346343024263916,50.49793141896023,49.47471065829821,50.46003341674805,519000,0.0,0.0
2022-07-18 00:00:00-04:00,51.540104496536955,52.04224037340827,50.535829128641936,50.8200569152832,852100,0.0,0.0
2022-07-19 00:00:00-04:00,51.78643925254817,53.29285064192606,51.66327254132407,53.037044525146484,951100,0.0,0.0
2022-07-20 00:00:00-04:00,52.847552673949444,53.880249729150556,52.695964281174625,53.56760025024414,714500,0.0,0.0
2022-07-21 00:00:00-04:00,53.614971725504276,54.24027430656849,53.416012634745755,54.16447830200195,654600,0.0,0.0
2022-07-22 00:00:00-04:00,52.77176014733544,53.112834933729474,51.5022060058423,51.84328079223633,1394600,0.0,0.0
2022-07-25 00:00:00-04:00,51.6348492955209,51.78643769934532,50.19475765211265,50.57373046875,1704700,0.0,0.0
2022-07-26 00:00:00-04:00,50.213704509544364,52.73386387432521,50.128435810150734,52.17488098144531,2446800,0.0,0.0
2022-07-27 00:00:00-04:00,49.73052231389182,51.82433837923088,49.70209700197737,51.65380096435547,2102400,0.0,0.0
2022-07-28 00:00:00-04:00,52.32646946373255,52.49700686279663,51.23692898543705,52.478057861328125,681900,0.0,0.0
2022-07-29 00:00:00-04:00,52.84755568555562,54.297123614107825,52.108562680434645,53.72866439819336,984800,0.0,0.0
2022-08-01 00:00:00-04:00,52.72439516878421,54.32554796278497,52.72439516878421,53.794986724853516,730600,0.0,0.0
2022-08-02 00:00:00-04:00,52.52542679450952,53.57707284871403,52.373838402003166,53.26442337036133,1107700,0.0,0.0
2022-08-03 00:00:00-04:00,53.501285591314534,55.67089398951437,53.463387586014726,55.52878189086914,921400,0.0,0.0
2022-08-04 00:00:00-04:00,55.75616056186873,55.94564696696782,55.38666405970941,55.86037826538086,528200,0.0,0.0
2022-08-05 00:00:00-04:00,54.609773689925085,55.367715705029184,54.28764788173677,55.24455261230469,599200,0.0,0.0
2022-08-08 00:00:00-04:00,54.382393342889436,55.47193386920295,54.23080493861309,54.62872314453125,623200,0.0,0.0
2022-08-09 00:00:00-04:00,53.823402929845344,53.93709331368366,52.013815024580175,52.54437255859375,799700,0.0,0.0
2022-08-10 00:00:00-04:00,54.230800937815154,55.0455862918455,53.776032144383386,54.58134841918945,623700,0.0,0.0
2022-08-11 00:00:00-04:00,55.83195714720318,56.400412754229095,54.931899424284964,54.941375732421875,552800,0.0,0.0
2022-08-12 00:00:00-04:00,55.46245951167271,56.19197981479521,55.111908400798534,56.02144241333008,782700,0.0,0.0
2022-08-15 00:00:00-04:00,55.53825297158914,55.76563738262919,54.884528662846975,55.50035858154297,466700,0.0,0.0
2022-08-16 00:00:00-04:00,54.770840564030145,55.46246290600977,54.59082684360414,55.11191177368164,375900,0.0,0.0
2022-08-17 00:00:00-04:00,54.01289014438004,54.24027454492645,53.25494816614605,53.605499267578125,670600,0.0,0.0
2022-08-18 00:00:00-04:00,53.38758565280623,53.67181704687058,52.98966748375983,53.273895263671875,587100,0.0,0.0
2022-08-19 00:00:00-04:00,52.73386288187213,52.90440027744986,51.39798902594814,51.577999114990234,413600,0.0,0.0
2022-08-22 00:00:00-04:00,50.45055998150678,50.848478156426935,49.71156701999656,50.01474380493164,519600,0.0,0.0
2022-08-23 00:00:00-04:00,49.24732742244542,50.251602819875686,49.22837842089174,49.683143615722656,528700,0.0,0.0
2022-08-24 00:00:00-04:00,49.67367096355184,50.223177552458104,49.66419465569083,49.83473205566406,404700,0.0,0.0
2022-08-25 00:00:00-04:00,50.08106657337817,51.05691668387483,50.01474687348923,51.037967681884766,291200,0.0,0.0
2022-08-26 00:00:00-04:00,50.6684685052414,50.67794481281277,48.025142500603955,48.12936019897461,616500,0.0,0.0
2022-08-29 00:00:00-04:00,48.186205901773675,48.91572615653176,47.95882151017737,48.45148468017578,520300,0.0,0.0
2022-08-30 00:00:00-04:00,48.52728481617937,48.82098531324454,47.71249579692902,48.09146499633789,486100,0.0,0.0
2022-08-31 00:00:00-04:00,47.437741373682705,47.90198289630011,47.3051019712642,47.627227783203125,674300,0.0,0.0
2022-09-01 00:00:00-04:00,46.31029974570125,47.18193211146127,45.87447994866883,47.05876541137695,864400,0.0,0.0
2022-09-02 00:00:00-04:00,47.07771538837006,47.636698282921756,45.96922590709012,46.23450469970703,483300,0.0,0.0
2022-09-06 00:00:00-04:00,46.26292871454325,46.329248410841785,45.02179625753046,45.28707504272461,595700,0.0,0.0
2022-09-07 00:00:00-04:00,45.14496534230402,46.04501944367473,45.08811833640744,46.016597747802734,556700,0.0,0.0
2022-09-08 00:00:00-04:00,44.21648068089269,45.74184094823473,44.00804889528834,45.68499755859375,760600,0.0,0.0
2022-09-09 00:00:00-04:00,47.144034952415524,48.11988864876352,47.12508956512748,47.91145324707031,613400,0.0,0.0
2022-09-12 00:00:00-04:00,49.36101713483407,50.109486422165226,49.18100704379279,49.389442443847656,814400,0.0,0.0
2022-09-13 00:00:00-04:00,48.05356671323197,48.470433883054916,47.030342368004334,47.22930145263672,779700,0.0,0.0
2022-09-14 00:00:00-04:00,47.10613810385486,47.45668557681802,46.556627933232136,47.03034210205078,564100,0.0,0.0
2022-09-15 00:00:00-04:00,46.945080078472984,47.71249844211201,46.13029101405069,46.28187942504883,512300,0.0,0.0
2022-09-16 00:00:00-04:00,46.291348902691404,46.84085545616414,45.92185243129292,46.27239990234375,581600,0.0,0.0
2022-09-19 00:00:00-04:00,45.495511203752244,45.94080369851354,45.3628718089261,45.836585998535156,629000,0.0,0.0
2022-09-20 00:00:00-04:00,45.372344669816556,45.8934295574777,45.00284817882324,45.02179718017578,500200,0.0,0.0
2022-09-21 00:00:00-04:00,45.1165408848172,45.77974150953236,44.55755796580548,44.58598327636719,360200,0.0,0.0
2022-09-22 00:00:00-04:00,44.3017497547889,44.5575558527976,43.619603774251516,44.207008361816406,591300,0.0,0.0
2022-09-23 00:00:00-04:00,43.2406334080313,43.733296630355255,43.022725300606744,43.66697692871094,773600,0.0,0.0
2022-09-26 00:00:00-04:00,43.46369495998792,44.257463676957364,43.086167571768804,43.13457107543945,669500,0.98,0.0
2022-09-27 00:00:00-04:00,43.9670569603703,45.00283210672627,43.9670569603703,44.36394500732422,837100,0.0,0.0
2022-09-28 00:00:00-04:00,44.847951538338144,46.07732226251361,44.702748410830715,45.903079986572266,684900,0.0,0.0
2022-09-29 00:00:00-04:00,44.170341449099475,44.78986787702543,43.87993889759279,44.78018569946289,735900,0.0,0.0
2022-09-30 00:00:00-04:00,44.431707607053916,45.573960914088,44.402664765235066,44.528507232666016,788900,0.0,0.0
2022-10-03 00:00:00-04:00,43.715379391305135,44.60595148810715,43.395937661185876,44.228424072265625,1103700,0.0,0.0
2022-10-04 00:00:00-04:00,46.27092371113181,46.96789279244606,45.90307850791942,46.6097297668457,1182200,0.0,0.0
2022-10-05 00:00:00-04:00,45.63203710057839,46.658130070857496,45.27387407118625,46.396766662597656,452700,0.0,0.0
2022-10-06 00:00:00-04:00,46.03860250001217,46.29028372436259,45.2835514416234,45.53523635864258,459500,0.0,0.0
2022-10-07 00:00:00-04:00,43.124887738766844,43.666975208358544,42.35047970554212,42.61184310913086,1251000,0.0,0.0
2022-10-10 00:00:00-04:00,42.92161012220168,43.12489155654395,42.18592334867622,42.88288879394531,818100,0.0,0.0
2022-10-11 00:00:00-04:00,42.47632375331078,43.04745039154681,41.87615427403298,42.176239013671875,698300,0.0,0.0
2022-10-12 00:00:00-04:00,42.050397154303646,42.38920322509109,41.5954344883544,42.09880065917969,571600,0.0,0.0
2022-10-13 00:00:00-04:00,40.6855012947081,43.65729477998532,40.472541384956855,43.39593505859375,785400,0.0,0.0
2022-10-14 00:00:00-04:00,43.88962010893267,43.947702099909606,42.495685559507336,42.63120651245117,579100,0.0,0.0
2022-10-17 00:00:00-04:00,44.054176345551724,44.44138219941837,43.60889219847316,43.71537399291992,565400,0.0,0.0
2022-10-18 00:00:00-04:00,44.9253905013389,45.138354103652084,43.27977105771187,43.59921646118164,652300,0.0,0.0
2022-10-19 00:00:00-04:00,42.418242274916885,42.78608749363657,41.67287335212627,41.89551544189453,571400,0.0,0.0
2022-10-20 00:00:00-04:00,42.24399950262998,43.27009249328924,41.80839381354497,42.04071807861328,571700,0.0,0.0
2022-10-21 00:00:00-04:00,42.089117890723884,43.33785296856192,41.837436655176234,43.192649841308594,848100,0.0,0.0
2022-10-24 00:00:00-04:00,43.97673962923239,44.48010578781789,43.38625233372499,44.15098190307617,1186600,0.0,0.0
2022-10-25 00:00:00-04:00,48.44895011047742,49.87192747091363,48.071426408974496,49.020076751708984,4017100,0.0,0.0
2022-10-26 00:00:00-04:00,48.60382852506034,50.06552711578023,48.284386834299454,49.21367645263672,934000,0.0,0.0
2022-10-27 00:00:00-04:00,49.9009671534872,50.443054651995105,49.32016202075435,49.620243072509766,518500,0.0,0.0
2022-10-28 00:00:00-04:00,48.64255311870706,49.74608507624473,48.5457534950409,49.49440383911133,573300,0.0,0.0
2022-10-31 00:00:00-04:00,48.72967139211266,48.90391365860269,47.848781574932445,48.05206298828125,586100,0.0,0.0
2022-11-01 00:00:00-04:00,49.271758342345066,49.48471823821368,48.35214721045153,48.60382843017578,407700,0.0,0.0
2022-11-02 00:00:00-04:00,48.74903316458407,49.72672262200786,47.75198304459056,47.761661529541016,404500,0.0,0.0
2022-11-03 00:00:00-04:00,46.69685362865903,47.19053762830384,46.3870867023562,46.76461410522461,617100,0.0,0.0
2022-11-04 00:00:00-04:00,48.19726835246657,49.59120285663389,48.042386740892425,49.571842193603516,608400,0.0,0.0
2022-11-07 00:00:00-05:00,51.023859304815545,51.836988698594915,50.59793579099548,51.730506896972656,758800,0.0,0.0
2022-11-08 00:00:00-05:00,53.25996666539161,53.81173265036149,52.21451299323669,52.80500030517578,1118400,0.0,0.0
2022-11-09 00:00:00-05:00,52.42747440503027,53.14380415330945,52.04995071455065,52.098350524902344,482400,0.0,0.0
2022-11-10 00:00:00-05:00,55.35086939951273,56.90936770383398,55.05078465947911,56.68672561645508,1078700,0.0,0.0
2022-11-11 00:00:00-05:00,59.1938743352492,61.3041386180844,59.048671207670964,60.54908752441406,1365100,0.0,0.0
2022-11-14 00:00:00-05:00,59.81339742623848,60.66524440265535,59.319709774343366,59.38747024536133,523100,0.0,0.0
2022-11-15 00:00:00-05:00,60.18124069077021,60.47164693811704,59.42619331007365,60.036041259765625,633700,0.0,0.0
2022-11-16 00:00:00-05:00,59.06802950524122,59.18418978705034,57.42241012682537,57.47080993652344,869100,0.0,0.0
2022-11-17 00:00:00-05:00,56.435037462066354,57.38368774684642,56.38663765325824,57.1513671875,469400,0.0,0.0
2022-11-18 00:00:00-05:00,56.890005933099445,57.122326501202764,56.30919712750345,57.04488754272461,548000,0.0,0.0
2022-11-21 00:00:00-05:00,55.56383342464698,56.42536263231029,55.486390771402704,55.99943542480469,563600,0.0,0.0
2022-11-22 00:00:00-05:00,55.75743052871692,56.34791781266074,55.41862816547152,56.10591506958008,573900,0.0,0.0
2022-11-23 00:00:00-05:00,56.144635387787666,57.248167285617185,56.10591406334869,57.07392501831055,387000,0.0,0.0
2022-11-25 00:00:00-05:00,57.31592894748053,57.664413489331686,57.015847908517785,57.19009017944336,268800,0.0,0.0
2022-11-28 00:00:00-05:00,57.81929222207197,58.051616469308016,56.31887602387293,56.49311828613281,319900,0.0,0.0
2022-11-29 00:00:00-05:00,56.599602235047456,56.98680440496624,56.11559675314739,56.38663864135742,239000,0.0,0.0
2022-11-30 00:00:00-05:00,56.90936670133622,58.67114639883773,56.42536120877715,58.60338592529297,566800,0.0,0.0
2022-12-01 00:00:00-05:00,59.71659527955886,60.307082560796644,59.34875377048351,59.91019821166992,490000,0.0,0.0
2022-12-02 00:00:00-05:00,59.813398186585275,61.023411888243004,59.803716009077505,60.733009338378906,543200,0.0,0.0
2022-12-05 00:00:00-05:00,59.687556649415676,60.2296441254905,58.99058756484358,59.35843276977539,371700,0.0,0.0
2022-12-06 00:00:00-05:00,59.4455543727318,59.4455543727318,57.79993496159185,58.06129837036133,322100,0.0,0.0
2022-12-07 00:00:00-05:00,57.441771371146835,57.82897723799151,57.112647492129504,57.66441345214844,315500,0.0,0.0
2022-12-08 00:00:00-05:00,57.286890892457365,58.29362321196802,57.11264861820864,58.25490188598633,451000,0.0,0.0
2022-12-09 00:00:00-05:00,58.28394211726886,58.903468573813456,58.07098220574975,58.167781829833984,340600,0.0,0.0
2022-12-12 00:00:00-05:00,58.322662872602805,59.077710272535974,58.25490239787388,59.058349609375,330900,0.0,0.0
2022-12-13 00:00:00-05:00,62.417351622924706,62.5335082146213,60.423243969859776,60.771728515625,965300,0.0,0.0
2022-12-14 00:00:00-05:00,60.30708208180806,60.95565134532855,58.8647478190074,59.91987991333008,597500,0.0,0.0
2022-12-15 00:00:00-05:00,59.80371962964209,60.01668323568084,58.73890898478631,58.90346908569336,593000,0.0,0.0
2022-12-16 00:00:00-05:00,57.10296944368472,57.712813703524155,56.173676094687245,56.63832092285156,802000,0.0,0.0
2022-12-19 00:00:00-05:00,57.76121473437679,57.91610003970593,56.43504069518189,56.61896514892578,781900,0.0,0.0
2022-12-20 00:00:00-05:00,57.00616572030799,57.62569215340909,56.725441651350046,57.32561111450195,623200,0.0,0.0
2022-12-21 00:00:00-05:00,58.81634690099148,60.10380330710108,58.68082595143657,59.80371856689453,945500,0.0,0.0
2022-12-22 00:00:00-05:00,59.764999321832086,59.84243827977459,58.225861721285646,59.0873908996582,657000,0.0,0.0
2022-12-23 00:00:00-05:00,59.68755507704502,59.794036872457205,58.95186837923069,59.65851593017578,509300,0.0,0.0
2022-12-27 00:00:00-05:00,59.803719650272726,59.987644107431095,59.387474616145575,59.71659851074219,312400,0.0,0.0
2022-12-28 00:00:00-05:00,59.98764529609001,60.2877263550099,58.835709795841694,58.951873779296875,341900,0.0,0.0
2022-12-29 00:00:00-05:00,60.0554030651424,60.80077197502209,59.82307880137813,60.55876922607422,359900,0.0,0.0
2022-12-30 00:00:00-05:00,60.30708206043556,60.45228518148132,59.71659478409698,60.25868225097656,233800,0.0,0.0
2023-01-03 00:00:00-05:00,60.82013428416557,61.47837838186386,60.11348298856354,60.80077362060547,456700,0.0,0.0
2023-01-04 00:00:00-05:00,62.38830682636873,62.814234035346715,61.275096377151186,61.62358093261719,589400,0.0,0.0
2023-01-05 00:00:00-05:00,61.623578877927294,62.04950238003492,61.178294713087205,62.00110626220703,422100,0.0,0.0
2023-01-06 00:00:00-05:00,62.949753439678304,64.03392840619463,62.397987471303416,63.88872528076172,768300,0.0,0.0
2023-01-09 00:00:00-05:00,65.00194372854126,65.36010309176909,63.995211346522076,64.08232879638672,649400,0.0,0.0
2023-01-10 00:00:00-05:00,64.51793710586486,65.05033874511719,63.96617111007937,65.05033874511719,507400,0.0,0.0
2023-01-11 00:00:00-05:00,65.4181818680572,65.98930478442091,64.9148120375405,65.9699478149414,517400,0.0,0.0
2023-01-12 00:00:00-05:00,54.63454005832048,56.0187960976104,53.73428952388245,54.847503662109375,5048100,0.0,0.0
2023-01-13 00:00:00-05:00,52.340356617101335,53.443888611446596,52.28227462536298,52.98892593383789,2104800,0.0,0.0
2023-01-17 00:00:00-05:00,53.10508286752904,53.49228504329998,52.679155673711534,53.11476135253906,968800,0.0,0.0
2023-01-18 00:00:00-05:00,54.37317493622709,55.002383549856134,53.97629058241042,53.99565124511719,859800,0.0,0.0
2023-01-19 00:00:00-05:00,54.22797286484713,54.518375405972776,53.56004665099129,54.24733352661133,629000,0.0,0.0
2023-01-20 00:00:00-05:00,53.14380482450538,54.20861543636646,52.68883847758183,54.053733825683594,1120800,0.0,0.0
2023-01-23 00:00:00-05:00,53.83109079137772,55.728391411935974,53.82140861375462,55.6993522644043,1336400,0.0,0.0
2023-01-24 00:00:00-05:00,55.39927021653514,56.94809006371873,55.370231067597054,56.057518005371094,1515100,0.0,0.0
2023-01-25 00:00:00-05:00,54.86686433129851,55.91231430170267,54.5861402522138,55.863914489746094,674400,0.0,0.0
2023-01-26 00:00:00-05:00,56.53184289738666,57.19009066139293,55.66063153541695,57.112648010253906,952200,0.0,0.0
2023-01-27 00:00:00-05:00,56.58024597614589,57.799938260685295,56.55120313395679,57.393375396728516,750500,0.0,0.0
2023-01-30 00:00:00-05:00,56.648002053813954,56.98680441413097,56.14463590943668,56.25111770629883,529100,0.0,0.0
2023-01-31 00:00:00-05:00,55.91231269792087,56.54152131331514,55.86391288735258,56.50279998779297,481900,0.0,0.0
2023-02-01 00:00:00-05:00,56.17367615183649,57.674096129354474,55.93167340612957,57.383689880371094,574400,0.0,0.0
2023-02-02 00:00:00-05:00,57.82897893608722,59.09707098653572,57.538572681091786,58.58402633666992,882400,0.0,0.0
2023-02-03 00:00:00-05:00,58.03226200017994,59.38747522688553,58.03226200017994,58.69050979614258,708400,0.0,0.0
2023-02-06 00:00:00-05:00,57.7224953961546,57.76121302867462,56.589920636728465,56.64800262451172,587400,0.0,0.0
2023-02-07 00:00:00-05:00,56.29952133724073,57.286893030612845,55.82519430793362,57.13201141357422,870500,0.0,0.0
2023-02-08 00:00:00-05:00,57.11264736183078,57.28688963224648,55.93167279405077,56.173675537109375,461900,0.0,0.0
2023-02-09 00:00:00-05:00,56.47376027300995,56.74480216360627,55.951033461715205,56.10591506958008,642900,0.0,0.0
2023-02-10 00:00:00-05:00,55.079829076288014,55.389592310430736,54.68294470175083,55.234710693359375,577000,0.0,0.0
2023-02-13 00:00:00-05:00,55.34118666308995,56.47376144438706,55.31214751497196,56.42536163330078,533200,0.0,0.0
2023-02-14 00:00:00-05:00,56.11560005840866,56.90936880006498,55.76711550008754,56.53184509277344,345000,0.0,0.0
2023-02-15 00:00:00-05:00,56.20272010110889,56.841607214672436,56.16399877479136,56.82224655151367,328100,0.0,0.0
2023-02-16 00:00:00-05:00,56.18335723423542,56.94808678200101,56.096236099772646,56.25111770629883,315700,0.0,0.0
2023-02-17 00:00:00-05:00,55.786472904794,56.115596780352355,55.41862770442437,55.98007583618164,323800,0.0,0.0
2023-02-21 00:00:00-05:00,54.80878168066877,55.09918424157662,52.99860214809661,53.02764129638672,1195600,0.0,0.0
2023-02-22 00:00:00-05:00,52.72756245659132,53.017965029650696,52.24355693726933,52.51459884643555,538900,0.0,0.0
2023-02-23 00:00:00-05:00,53.7342889487255,53.879492075694436,53.06636268854001,53.56972885131836,457000,0.0,0.0
2023-02-24 00:00:00-05:00,52.90180203777874,53.463246491336804,52.69851692361481,53.17284393310547,440500,0.0,0.0
2023-02-27 00:00:00-05:00,53.59876478087842,53.75364638376535,53.29868375241112,53.5600471496582,269700,0.0,0.0
2023-02-28 00:00:00-05:00,52.93084277149124,53.240606001907004,52.79532181976797,52.80500030517578,396600,0.0,0.0
2023-03-01 00:00:00-05:00,52.53395565847499,52.5436341433774,51.16906034176954,51.29490280151367,717300,0.0,0.0
2023-03-02 00:00:00-05:00,50.75281740444541,52.17579476672653,50.69473541465083,51.730506896972656,454100,0.0,0.0
2023-03-03 00:00:00-05:00,51.91442763496968,52.35971178017559,51.604664430246544,52.001548767089844,375100,0.0,0.0
2023-03-06 00:00:00-05:00,52.175794293416764,52.38875420206047,51.55626415256813,51.672428131103516,276600,0.0,0.0
2023-03-07 00:00:00-05:00,51.29490154359381,51.391701160919276,49.76544247970436,50.02680587768555,526100,0.0,0.0
2023-03-08 00:00:00-05:00,48.65223008239537,51.91442973381812,48.65223008239537,51.01417922973633,1662800,0.0,0.0
2023-03-09 00:00:00-05:00,51.47882462788825,52.67915618489531,51.31426083977038,51.34330368041992,778500,0.0,0.0
2023-03-10 00:00:00-05:00,51.8950706565196,51.8950706565196,50.6076142452142,50.91737747192383,652300,0.0,0.0
2023-03-13 00:00:00-04:00,50.3946500761931,51.91442693276822,50.317207429725485,51.4013786315918,768100,0.0,0.0
2023-03-14 00:00:00-04:00,51.69178604521238,51.98218859076934,51.25618038054259,51.7885856628418,629100,0.0,0.0
2023-03-15 00:00:00-04:00,49.99776948865788,51.246500868772614,49.99776948865788,51.06258010864258,723000,0.0,0.0
2023-03-16 00:00:00-04:00,50.54953492945217,51.933790936458,50.52049208882352,51.7498664855957,540900,0.0,0.0
2023-03-17 00:00:00-04:00,52.00154866309737,52.011227147683066,51.13033734363788,51.5272216796875,769300,0.0,0.0
2023-03-20 00:00:00-04:00,51.17874259369295,51.711147926564514,51.06258230297003,51.565948486328125,563000,0.0,0.0
2023-03-21 00:00:00-04:00,52.17579258625774,52.282270690761244,51.67242644041431,51.97250747680664,322200,0.0,0.0
2023-03-22 00:00:00-04:00,51.982187402093075,52.717874080192345,51.362661001026616,51.4013786315918,264800,0.0,0.0
2023-03-23 00:00:00-04:00,52.25323165629119,52.86307960062432,51.653065889541246,52.1080322265625,299600,0.0,0.0
2023-03-24 00:00:00-04:00,51.34330639049708,51.61434829974026,50.84961869275378,51.565948486328125,415700,0.0,0.0
2023-03-27 00:00:00-04:00,51.7885884239433,51.93379155079762,51.33362207295741,51.60466766357422,327800,0.0,0.0
2023-03-28 00:00:00-04:00,51.875706795775756,51.93378878195463,51.08193811467467,51.7885856628418,371600,0.0,0.0
2023-03-29 00:00:00-04:00,53.163161256706296,53.53100646310607,52.98892267753676,53.45356750488281,324100,0.0,0.0
2023-03-30 00:00:00-04:00,55.14758349693435,55.176622642987226,54.55709624273506,54.59581756591797,395600,0.0,0.0
2023-03-31 00:00:00-04:00,55.65095088384847,56.6867223001624,55.51542624963121,56.20271682739258,547800,0.0,0.0
2023-04-03 00:00:00-04:00,55.41862868686965,55.592870958940566,55.12822613097441,55.48638916015625,372900,0.0,0.0
2023-04-04 00:00:00-04:00,56.134956862630794,56.454398557350665,55.49606978052231,55.65095138549805,469000,0.0,0.0
2023-04-05 00:00:00-04:00,55.0314227468192,55.176625870915466,54.605499244895725,54.87654113769531,265800,0.0,0.0
2023-04-06 00:00:00-04:00,55.15726637514861,55.68967168698421,54.8765422987133,55.195987701416016,401700,0.0,0.0
2023-04-10 00:00:00-04:00,55.002384755677305,55.27342665417646,54.40221896928535,55.26374816894531,408200,0.0,0.0
2023-04-11 00:00:00-04:00,55.437989882977604,55.49607187178299,54.828141924862166,54.86686325073242,422500,0.0,0.0
2023-04-12 00:00:00-04:00,55.85423487198812,55.89295619783589,54.93462369278222,55.205665588378906,595900,0.0,0.0
2023-04-13 00:00:00-04:00,55.62191075649364,56.309197675097195,55.350868860181,56.22208023071289,497600,0.0,0.0
2023-04-14 00:00:00-04:00,56.822245959818744,57.38369041490086,56.347918949040526,56.764163970947266,335400,0.0,0.0
2023-04-17 00:00:00-04:00,56.89968285259376,57.46113097995506,56.744801247230086,57.4127311706543,357200,0.0,0.0
2023-04-18 00:00:00-04:00,57.42241287231445,57.55793382301611,56.928728881519994,57.42241287231445,439700,0.0,0.0
2023-04-19 00:00:00-04:00,55.39927017049723,55.90263634346341,55.37990950699827,55.447669982910156,720300,0.0,0.0
2023-04-20 00:00:00-04:00,54.54741511991492,55.225023518038505,54.460293987403766,54.9830207824707,348500,0.0,0.0
2023-04-21 00:00:00-04:00,55.128226159750795,55.37022890523463,54.924944739784905,55.147586822509766,282900,0.0,0.0
2023-04-24 00:00:00-04:00,55.67999208920568,55.834873698511686,55.25406858678139,55.55414962768555,328300,0.0,0.0
2023-04-25 00:00:00-04:00,54.86685981995383,55.01206293655342,53.81172775831362,53.90852737426758,599400,0.0,0.0
2023-04-26 00:00:00-04:00,54.56677687789197,55.37022774859591,54.40221678688153,54.48933792114258,578300,0.0,0.0
2023-04-27 00:00:00-04:00,54.73134177629485,55.77679171605149,54.59582082972166,55.48638916015625,404300,0.0,0.0
2023-04-28 00:00:00-04:00,57.00616782671257,57.59665513403984,56.812564886047554,57.55793380737305,907200,0.0,0.0
2023-05-01 00:00:00-04:00,57.89674100179358,59.619799452591096,57.848337496185,59.02931213378906,928800,0.0,0.0
2023-05-02 00:00:00-04:00,60.984692782253255,61.71070102966103,60.53940861008369,61.30413818359375,1303500,0.0,0.0
2023-05-03 00:00:00-04:00,60.500688294807205,61.681662911975906,60.11348241265285,60.674930572509766,986700,0.0,0.0
2023-05-04 00:00:00-04:00,60.6555688555293,62.068867715974974,60.568447718191344,61.71070098876953,668100,0.0,0.0
2023-05-05 00:00:00-04:00,62.0107810318661,62.67871097155053,61.73006065402029,62.27214813232422,465800,0.0,0.0
2023-05-08 00:00:00-04:00,62.0785419612369,62.47543001102021,61.9623853693688,62.46574783325195,238600,0.0,0.0
2023-05-09 00:00:00-04:00,61.207336462014,62.010783689877066,61.09117617335154,61.884944915771484,359300,0.0,0.0
2023-05-10 00:00:00-04:00,62.53350836311992,62.53350836311992,61.27509481694404,61.85590362548828,342900,0.0,0.0
2023-05-11 00:00:00-04:00,61.71070213738405,62.14630413951276,61.31381776938371,62.09790802001953,372600,0.0,0.0
2023-05-12 00:00:00-04:00,61.20733538072105,61.3525385084857,60.76205120482389,60.95565414428711,337300,0.0,0.0
2023-05-15 00:00:00-04:00,61.38157543462159,61.88494158193378,61.342854109597084,61.807498931884766,274400,0.0,0.0
2023-05-16 00:00:00-04:00,61.5654945498518,61.972057373775,61.013728607288186,61.29445266723633,599200,0.0,0.0
2023-05-17 00:00:00-04:00,61.12989636183045,61.584859022562824,60.849172284511816,61.497737884521484,351900,0.0,0.0
2023-05-18 00:00:00-04:00,61.59453963115204,62.243108907305995,61.5461398207331,61.73006057739258,224200,0.0,0.0
2023-05-19 00:00:00-04:00,63.395032646492744,63.772556311866886,63.10463380369419,63.29823303222656,505500,0.0,0.0
2023-05-22 00:00:00-04:00,63.51119993756444,64.15976551095012,63.40471814069962,63.714481353759766,403400,0.0,0.0
2023-05-23 00:00:00-04:00,63.27888304648859,63.34664352248617,62.56254957412788,62.69807052612305,350700,0.0,0.0
2023-05-24 00:00:00-04:00,61.99142280131949,62.001104978819725,61.2944537280531,61.47837448120117,511200,0.0,0.0
2023-05-25 00:00:00-04:00,63.25951873324883,63.30792223842482,62.0688693134346,62.35926818847656,554600,0.0,0.0
2023-05-26 00:00:00-04:00,63.62736391196358,64.17912986601876,63.48216079029904,63.714481353759766,429400,0.0,0.0
2023-05-30 00:00:00-04:00,63.462796485515504,63.63703875458349,62.74647043949712,62.9691162109375,386600,0.0,0.0
2023-05-31 00:00:00-04:00,61.836542370321055,62.291505019420455,61.488057827066136,61.797821044921875,486300,0.0,0.0
2023-06-01 00:00:00-04:00,61.58485687668958,61.981741226677904,61.16861186418123,61.46869659423828,482400,0.0,0.0
2023-06-02 00:00:00-04:00,61.662299516847575,61.943023584339436,61.17829403193146,61.604217529296875,385400,0.0,0.0
2023-06-05 00:00:00-04:00,60.98469272805911,61.323495099480766,60.42324457808162,60.626529693603516,453300,0.0,0.0
2023-06-06 00:00:00-04:00,60.41356391860491,61.459017528798086,60.249003827742335,61.207332611083984,373200,0.0,0.0
2023-06-07 00:00:00-04:00,61.081490646588556,61.62357811840966,60.713649137212,60.92660903930664,659500,0.0,0.0
2023-06-08 00:00:00-04:00,61.158933399068516,61.41061462657266,60.9362913190194,61.197654724121094,290600,0.0,0.0
2023-06-09 00:00:00-04:00,61.294455910560536,61.5364586593207,60.93629287634279,61.0330924987793,314500,0.0,0.0
2023-06-12 00:00:00-04:00,61.42997633050665,61.58485794067383,61.052452636515966,61.58485794067383,327700,0.0,0.0
2023-06-13 00:00:00-04:00,61.884942773481384,62.233427320074156,61.468697753125454,61.85590362548828,376800,0.0,0.0
2023-06-14 00:00:00-04:00,54.944302794640656,55.82519265788646,53.88917065579291,54.992706298828125,5196000,0.0,0.0
2023-06-15 00:00:00-04:00,54.74101929090202,56.028475645861356,54.673258818816656,55.98007583618164,1086600,0.0,0.0
2023-06-16 00:00:00-04:00,55.76711266054662,56.27047880886136,54.973343959307286,55.08950424194336,868300,0.0,0.0
2023-06-20 00:00:00-04:00,54.59582129023109,55.0120663111705,53.91821285898075,54.257015228271484,652200,0.0,0.0
2023-06-21 00:00:00-04:00,52.92115736949609,53.04699982814532,52.18547066524341,52.795318603515625,830700,0.0,0.0
2023-06-22 00:00:00-04:00,53.521327938709966,54.431256930009724,53.482606613292404,53.92789077758789,792800,0.0,0.0
2023-06-23 00:00:00-04:00,53.80205093353814,54.12149263017566,53.67620847478093,54.015010833740234,476100,0.0,0.0
2023-06-26 00:00:00-04:00,53.62781132510304,54.024695690712065,53.45356904823381,53.492286682128906,386900,0.0,0.0
2023-06-27 00:00:00-04:00,54.61518108545561,55.699356108602885,54.47966013072947,55.49607467651367,664600,0.0,0.0
2023-06-28 00:00:00-04:00,55.93167442432713,56.49312257706901,55.854235464479,56.48344039916992,739000,0.0,0.0
2023-06-29 00:00:00-04:00,56.6189634769545,56.85128404274988,56.270478935592614,56.64800262451172,364500,0.0,0.0
2023-06-30 00:00:00-04:00,57.102970678075664,57.71281495109806,57.073927836977745,57.499855041503906,403700,0.0,0.0
2023-07-03 00:00:00-04:00,57.14168874097368,57.38369149348354,56.77384721588034,56.812564849853516,240700,0.0,0.0
2023-07-05 00:00:00-04:00,57.65473438771424,57.896737128892696,57.32561051200481,57.40304946899414,760000,0.0,0.0
2023-07-06 00:00:00-04:00,56.53184450221013,56.59960497754592,55.921996531518985,56.47376251220703,390400,0.0,0.0
2023-07-07 00:00:00-04:00,57.43209347000662,58.15810170821906,57.25785119742213,57.79025650024414,531900,0.0,0.0
2023-07-10 00:00:00-04:00,57.84833204906207,58.01289582876372,57.47080837394535,57.838653564453125,478000,0.0,0.0
2023-07-11 00:00:00-04:00,58.75826751119074,58.9325097838543,58.43882211375125,58.874427795410156,525600,0.0,0.0
2023-07-12 00:00:00-04:00,60.03603841426004,60.08443822230092,59.232587568640646,59.47459030151367,487000,0.0,0.0
2023-07-13 00:00:00-04:00,60.36516460732181,60.81044876674498,60.14252252761022,60.79108810424805,424800,0.0,0.0
2023-07-14 00:00:00-04:00,60.97501254674966,61.25573292126078,60.75236677438711,60.858848571777344,582900,0.0,0.0
2023-07-17 00:00:00-04:00,61.35253688638854,61.95270265945474,61.09117347892371,61.73006057739258,444600,0.0,0.0
2023-07-18 00:00:00-04:00,62.010780354211064,62.04950167923866,61.44933591198608,61.73973846435547,484000,0.0,0.0
2023-07-19 00:00:00-04:00,61.40093398285983,61.62357605508111,61.13957058694737,61.37189483642578,376700,0.0,0.0
2023-07-20 00:00:00-04:00,61.236374536631146,61.488059465764536,60.723329885759995,60.88789367675781,370500,0.0,0.0
2023-07-21 00:00:00-04:00,61.21701703261696,61.5654978894535,60.907250116536304,61.439659118652344,465600,0.0,0.0
2023-07-24 00:00:00-04:00,61.31381382349359,61.73005882810488,60.936290143187705,60.94596862792969,836300,0.0,0.0
2023-07-25 00:00:00-04:00,66.00866875105511,69.63870979745563,65.99898657370356,69.23213958740234,4143300,0.0,0.0
2023-07-26 00:00:00-04:00,68.73846583580591,70.23887851261969,68.41902042097283,70.06463623046875,1326600,0.0,0.0
2023-07-27 00:00:00-04:00,70.8971181348907,71.3424022745006,69.096617222147,69.26118469238281,868500,0.0,0.0
2023-07-28 00:00:00-04:00,68.25445620811637,69.2127850095853,68.24477403043028,69.19342803955078,761700,0.0,0.0
2023-07-31 00:00:00-04:00,67.98341399151215,69.28054515243406,67.00572083933194,67.16059875488281,1002000,0.0,0.0
2023-08-01 00:00:00-04:00,66.53139922840505,66.88955857151352,65.99899022467919,66.7249984741211,1022200,0.0,0.0
2023-08-02 00:00:00-04:00,66.04739374267326,66.85083725936794,65.87315146735703,66.5894775390625,512700,0.0,0.0
2023-08-03 00:00:00-04:00,66.13450742733325,66.59915593020311,65.9699473392629,65.97962951660156,499300,0.0,0.0
2023-08-04 00:00:00-04:00,66.77339866969976,67.24772196793856,66.02802610141562,66.10546875,600000,0.0,0.0
2023-08-07 00:00:00-04:00,66.62819938719042,66.63787417981757,65.94091245843106,66.17323303222656,556300,0.0,0.0
2023-08-08 00:00:00-04:00,65.5053007469737,65.93122793824924,65.0793809410358,65.66986083984375,573400,0.0,0.0
2023-08-09 00:00:00-04:00,65.46657347615256,65.76666187245067,65.21489596356312,65.3697738647461,217400,0.0,0.0
2023-08-10 00:00:00-04:00,66.58947351244937,67.03475765903424,65.6698586873685,65.84410095214844,711800,0.0,0.0
2023-08-11 00:00:00-04:00,65.36009933009018,65.71826605804263,65.06970046191651,65.23426055908203,324000,0.0,0.0
2023-08-14 00:00:00-04:00,64.79865804062285,65.8247473268211,64.65345491504026,65.78602600097656,326700,0.0,0.0
2023-08-15 00:00:00-04:00,65.5827374410425,65.98930024015186,65.3697738647461,65.3697738647461,311800,0.0,0.0
2023-08-16 00:00:00-04:00,65.29233675341439,65.47626120040566,64.49856805608971,64.59537506103516,285600,0.0,0.0
2023-08-17 00:00:00-04:00,64.43081170202225,64.60505398258842,63.966170544071204,63.97584533691406,399500,0.0,0.0
2023-08-18 00:00:00-04:00,63.39503876594546,64.24689317852565,63.31760349826007,64.14041137695312,263800,0.0,0.0
2023-08-21 00:00:00-04:00,64.15008445139924,64.85673571696852,64.14040965903386,64.71153259277344,346900,0.0,0.0
2023-08-22 00:00:00-04:00,65.19554307806244,65.52467067714278,64.95354031430918,65.0309829711914,327900,0.0,0.0
2023-08-23 00:00:00-04:00,65.29233572500944,66.34747150252751,65.27297875552779,65.83442687988281,327400,0.0,0.0
2023-08-24 00:00:00-04:00,65.65051102674624,65.74731065749656,64.32433319091797,64.32433319091797,252100,0.0,0.0
2023-08-25 00:00:00-04:00,64.9632127281697,65.35041856904188,64.28560804564623,65.06969451904297,251000,0.0,0.0
2023-08-28 00:00:00-04:00,65.64082551441301,65.86347130063592,65.49562976833073,65.60210418701172,197300,0.0,0.0
2023-08-29 00:00:00-04:00,65.19553769951881,66.70563984278782,65.19553769951881,66.61851501464844,341400,0.0,0.0
2023-08-30 00:00:00-04:00,66.53139802419156,66.9573178341253,66.13450997671815,66.87987518310547,375500,0.0,0.0
2023-08-31 00:00:00-04:00,67.17996315271849,67.41228371886078,66.47331189130789,66.61851501464844,572800,0.0,0.0
2023-09-01 00:00:00-04:00,67.36387873397919,67.71236326819488,67.0541155241583,67.32516479492188,370700,0.0,0.0
2023-09-05 00:00:00-04:00,68.15766176432061,69.35799340175191,67.94469815107638,69.09662628173828,796200,0.0,0.0
2023-09-06 00:00:00-04:00,69.57095807875169,70.14208106360448,69.33863010511207,69.89039611816406,772400,0.0,0.0
2023-09-07 00:00:00-04:00,68.44805144936116,68.7094185342465,67.93500684204794,68.58357238769531,447100,0.0,0.0
2023-09-08 00:00:00-04:00,68.39965751367265,68.75781683982235,67.72204541507564,67.86724853515625,300600,0.0,0.0
2023-09-11 00:00:00-04:00,68.50613355720377,68.78685762662866,67.7704505325085,68.51581573486328,252200,0.0,0.0
2023-09-12 00:00:00-04:00,68.2447738647461,68.77718285612386,68.2350916870835,68.2447738647461,493000,0.0,0.0
2023-09-13 00:00:00-04:00,68.24477719422916,68.44805862303524,67.91565699102065,68.32221984863281,269000,0.0,0.0
2023-09-14 00:00:00-04:00,67.84789059004486,68.17701818567683,67.33484591791733,68.02213287353516,285400,0.0,0.0
2023-09-15 00:00:00-04:00,68.45774233473477,69.77423794773645,68.45774233473477,69.24182891845703,1013100,0.0,0.0
2023-09-18 00:00:00-04:00,69.24182629277766,69.61934999546423,68.89334173870729,69.29022979736328,356700,0.0,0.0
2023-09-19 00:00:00-04:00,69.6193428032674,69.84198856188725,69.27085828519809,69.68710327148438,374700,0.0,0.0
2023-09-20 00:00:00-04:00,69.61934567416904,69.93879105979511,69.34830379012416,69.50318908691406,473100,0.0,0.0
2023-09-21 00:00:00-04:00,69.25150060159125,69.53222464854531,68.60293507173381,68.61260986328125,314000,0.0,0.0
2023-09-22 00:00:00-04:00,68.6997461545068,69.10630902748987,68.4577433893495,68.54486083984375,339000,0.0,0.0
2023-09-25 00:00:00-04:00,67.1767171459767,67.76728019043165,66.73379673998961,67.71807098388672,396600,1.17,0.0
2023-09-26 00:00:00-04:00,65.76919944939942,65.91684207613245,64.2829433566079,65.37548828125,675100,0.0,0.0
2023-09-27 00:00:00-04:00,67.78696463860514,67.78696463860514,66.01526813282936,66.51725006103516,497300,0.0,0.0
2023-09-28 00:00:00-04:00,67.1963989200722,67.71807057409065,66.65505259485467,67.18656158447266,405300,0.0,0.0
2023-09-29 00:00:00-04:00,68.79092296099411,68.84997700974378,67.78696658516895,67.85586547851562,335700,0.0,0.0
2023-10-02 00:00:00-04:00,67.67869395523036,68.21020290755865,67.61963239869435,68.14130401611328,302100,0.0,0.0
2023-10-03 00:00:00-04:00,67.57042401541855,68.05271626138558,67.3342003146574,67.58026885986328,209700,0.0,0.0
2023-10-04 00:00:00-04:00,68.90903855579732,69.28306004683975,68.4464284822298,68.99761962890625,342900,0.0,0.0
2023-10-05 00:00:00-04:00,69.34211641171443,69.47007686747853,68.64328261043146,69.24369049072266,307700,0.0,0.0
2023-10-06 00:00:00-04:00,69.41101133574878,70.56261782465016,69.08620656600243,70.11968994140625,336200,0.0,0.0
2023-10-09 00:00:00-04:00,69.302748085444,70.18858883309983,69.00746282994805,70.11968994140625,296400,0.0,0.0
2023-10-10 00:00:00-04:00,70.39528819624526,70.85789827645968,70.13938230842066,70.23780822753906,325800,0.0,0.0
2023-10-11 00:00:00-04:00,70.3657624422534,70.6413580245287,69.40117790428988,70.20828247070312,268000,0.0,0.0
2023-10-12 00:00:00-04:00,70.86774235714962,71.16302762073757,70.04095563416932,70.3165512084961,379800,0.0,0.0
2023-10-13 00:00:00-04:00,71.48783028866434,71.6551626047789,68.62359635786083,69.94252014160156,776000,0.0,0.0
2023-10-16 00:00:00-04:00,70.6905750588723,71.31066512179157,70.53309508661096,71.22208404541016,320600,0.0,0.0
2023-10-17 00:00:00-04:00,69.85393870284119,71.23192403594699,69.7850398116567,71.03506469726562,486800,0.0,0.0
2023-10-18 00:00:00-04:00,69.7555168113031,70.21811938769868,69.44054936066334,69.67677307128906,420900,0.0,0.0
2023-10-19 00:00:00-04:00,69.63740296038303,70.06064118687932,68.93856914629221,69.21416473388672,712900,0.0,0.0
2023-10-20 00:00:00-04:00,69.18463468466778,69.18463468466778,67.72790555893359,68.08224487304688,1023400,0.0,0.0
2023-10-23 00:00:00-04:00,67.0389151538767,69.01730836283794,66.75347473989395,67.27513885498047,1039700,0.0,0.0
2023-10-24 00:00:00-04:00,74.27333120018872,76.10408183683458,72.8362917505643,75.94660186767578,2301300,0.0,0.0
2023-10-25 00:00:00-04:00,76.51747143874132,76.97023665324087,75.13948610668155,75.55288696289062,1042500,0.0,0.0
2023-10-26 00:00:00-04:00,75.3757226264579,75.7989608473674,74.30285980672228,75.30682373046875,814300,0.0,0.0
2023-10-27 00:00:00-04:00,76.43873755304587,76.82260388816593,75.60209848014793,75.79895782470703,429100,0.0,0.0
2023-10-30 00:00:00-04:00,76.28125432985831,76.89150706788715,76.17298356166906,76.41905212402344,297600,0.0,0.0
2023-10-31 00:00:00-04:00,77.07851094687523,77.60017507643032,76.77338834492782,77.39347839355469,614800,0.0,0.0
2023-11-01 00:00:00-04:00,77.55096957939023,78.28917527184733,77.07851463207436,77.78719329833984,635200,0.0,0.0
2023-11-02 00:00:00-04:00,78.53523724790826,78.64350800780612,78.08247202897905,78.54508209228516,431600,0.0,0.0
2023-11-03 00:00:00-04:00,78.62381878108503,78.88957701491096,77.91514767952003,78.11199951171875,468000,0.0,0.0
2023-11-06 00:00:00-05:00,77.76750663825396,77.89545958085363,77.2556798490229,77.47222137451172,372500,0.0,0.0
2023-11-07 00:00:00-05:00,78.42696924107905,79.6277849770693,78.32854332210299,79.49982452392578,627500,0.0,0.0
2023-11-08 00:00:00-05:00,79.39156242578457,79.89353687269738,78.87973562458953,79.77542877197266,430900,0.0,0.0
2023-11-09 00:00:00-05:00,80.05102460408065,80.43489095147329,79.51951562090245,79.64746856689453,366400,0.0,0.0
2023-11-10 00:00:00-05:00,80.31677665597145,80.5628452165041,79.61794284518874,80.27740478515625,250200,0.0,0.0
2023-11-13 00:00:00-05:00,80.43488640614883,80.9171786470057,80.27739893436605,80.29708862304688,604300,0.0,0.0
2023-11-14 00:00:00-05:00,82.78730416134965,82.78730416134965,82.09831522013437,82.57076263427734,436800,0.0,0.0
2023-11-15 00:00:00-05:00,83.4861356613542,84.20465911701888,83.47629081691603,83.94874572753906,590500,0.0,0.0
2023-11-16 00:00:00-05:00,83.92905574348968,84.21449615586404,83.23022197915908,83.59440612792969,465800,0.0,0.0
2023-11-17 00:00:00-05:00,83.76173361882444,84.23418854291988,83.53535475620374,83.7125244140625,326400,0.0,0.0
2023-11-20 00:00:00-05:00,84.03732791436026,85.01176477243494,84.03732791436026,84.88380432128906,337400,0.0,0.0
2023-11-21 00:00:00-05:00,84.45073102776313,84.7263266076868,84.1160738882727,84.47041320800781,329500,0.0,0.0
2023-11-22 00:00:00-05:00,84.7755379860927,85.16924918582569,84.27356352811427,84.53931427001953,357800,0.0,0.0
2023-11-24 00:00:00-05:00,83.44676410814846,83.55503486912895,82.9939988846919,83.33849334716797,228500,0.0,0.0
2023-11-27 00:00:00-05:00,83.55503794279845,83.68299088802044,83.17117159771615,83.50582122802734,293600,0.0,0.0
2023-11-28 00:00:00-05:00,83.0530563560141,83.6337820533383,82.95463043545199,83.37786865234375,181300,0.0,0.0
2023-11-29 00:00:00-05:00,84.23419155620712,85.04129613545464,84.11607594360387,85.0216064453125,431100,0.0,0.0
2023-11-30 00:00:00-05:00,85.88777100487542,86.35038109228684,85.41531607257413,86.32084655761719,368200,0.0,0.0
2023-12-01 00:00:00-05:00,84.78538037237242,85.90745237795024,84.65742742767189,85.74012756347656,255000,0.0,0.0
2023-12-04 00:00:00-05:00,84.97239398434472,85.7007547939605,84.38183096278014,85.6417007446289,346200,0.0,0.0
2023-12-05 00:00:00-05:00,84.47041161280761,85.2676713124474,84.47041161280761,85.11019134521484,221500,0.0,0.0
2023-12-06 00:00:00-05:00,85.62201266531268,85.75981045595508,84.87396966165862,85.00192260742188,170500,0.0,0.0
2023-12-07 00:00:00-05:00,85.31688532689736,86.01571908622925,85.20861456748099,85.9566650390625,235100,0.0,0.0
2023-12-08 00:00:00-05:00,86.52754557389488,87.91536824364105,86.5078558852937,87.70867156982422,429400,0.0,0.0
2023-12-11 00:00:00-05:00,87.8760006644523,88.93901861831655,87.75789256474492,88.81106567382812,293700,0.0,0.0
2023-12-12 00:00:00-05:00,89.46068113338718,90.6122801412158,89.42130926439097,90.59259796142578,215600,0.0,0.0
2023-12-13 00:00:00-05:00,91.75403953529386,92.1182161729868,90.60244055606334,91.9705810546875,323300,0.0,0.0
2023-12-14 00:00:00-05:00,92.03948200495007,93.73243482052979,92.03948200495007,93.48636627197266,512700,0.0,0.0
2023-12-15 00:00:00-05:00,92.35444872631155,93.61431848358986,92.27570498912762,92.60051727294922,510000,0.0,0.0
2023-12-18 00:00:00-05:00,91.76388729880362,92.27570658049362,91.0945805400298,91.96073913574219,382700,0.0,0.0
2023-12-19 00:00:00-05:00,92.46272406413743,92.97454336233382,92.2166555053203,92.61035919189453,220600,0.0,0.0
2023-12-20 00:00:00-05:00,91.19301008003319,92.17728432264678,91.10442149330137,91.21269226074219,312300,0.0,0.0
2023-12-21 00:00:00-05:00,92.10837996063718,92.17727885315524,91.15363280044684,91.76388549804688,219500,0.0,0.0
2023-12-22 00:00:00-05:00,90.73039617842699,91.5571829030194,90.37605686519703,91.12410736083984,220600,0.0,0.0
2023-12-26 00:00:00-05:00,91.14378795596825,92.01979137916192,91.14378795596825,91.76388549804688,140500,0.0,0.0
2023-12-27 00:00:00-05:00,92.25602563658212,93.08281237410057,92.0394841073988,93.07296752929688,281400,0.0,0.0
2023-12-28 00:00:00-05:00,93.25013679819303,93.3879345872024,92.80721640629379,93.02375793457031,163900,0.0,0.0
2023-12-29 00:00:00-05:00,93.6635350495685,93.98833982346382,93.06312719596232,93.56510162353516,275300,0.0,0.0
2024-01-02 00:00:00-05:00,92.86627141532985,92.86627141532985,91.64577348174657,92.1575927734375,204500,0.0,0.0
2024-01-03 00:00:00-05:00,89.56895386236373,92.19696422287865,89.54927168214155,91.62608337402344,485000,0.0,0.0
2024-01-04 00:00:00-05:00,91.47844937761077,91.98042382834166,91.05521115815647,91.41938781738281,221600,0.0,0.0
2024-01-05 00:00:00-05:00,90.55322475458341,91.49812706828392,90.53354257508417,91.10441589355469,273300,0.0,0.0
2024-01-08 00:00:00-05:00,92.30523333954571,93.38793345842551,92.30523333954571,93.23045349121094,198500,0.0,0.0
2024-01-09 00:00:00-05:00,92.77768641462785,93.17139758895746,92.36428555140294,92.55130004882812,473600,0.0,0.0
2024-01-10 00:00:00-05:00,93.84069627193406,94.64780830474827,93.73243302130993,94.43126678466797,389300,0.0,0.0
2024-01-11 00:00:00-05:00,93.86039136686597,94.30331176751163,92.74816418806518,93.88007354736328,200700,0.0,0.0
2024-01-12 00:00:00-05:00,94.87418882576127,95.13010221847865,94.22457176352934,94.4509506225586,234800,0.0,0.0
2024-01-16 00:00:00-05:00,93.1812396593938,93.3288822959475,91.95089687047368,92.56114959716797,350100,0.0,0.0
2024-01-17 00:00:00-05:00,91.66545074143447,92.34460232169367,90.82881919888408,92.27570343017578,387000,0.0,0.0
2024-01-18 00:00:00-05:00,92.994229785681,93.4273053275832,92.00011074034386,93.23045349121094,321800,0.0,0.0
2024-01-19 00:00:00-05:00,92.68909916943826,93.26982484956353,92.35444954755495,93.18123626708984,478600,0.0,0.0
2024-01-22 00:00:00-05:00,93.60447547262322,95.13994834012227,92.93516871228164,94.42142486572266,838100,0.0,0.0
2024-01-23 00:00:00-05:00,83.33849818650184,85.77950160842151,82.58061032504516,83.5255126953125,2813800,0.0,0.0
2024-01-24 00:00:00-05:00,86.14367187537536,86.27163232323586,85.22829659879955,85.77949523925781,816100,0.0,0.0
2024-01-25 00:00:00-05:00,84.79522160643025,85.56295426077449,83.51566217624584,83.89952850341797,722800,0.0,0.0
2024-01-26 00:00:00-05:00,84.56883681166005,84.56883681166005,83.80110414306819,84.2243423461914,340100,0.0,0.0
2024-01-29 00:00:00-05:00,83.74205186068468,83.80110591046302,81.91130122339317,82.61997985839844,637800,0.0,0.0
2024-01-30 00:00:00-05:00,83.35818249701623,83.41723654465419,82.47233423536679,83.11211395263672,389600,0.0,0.0
2024-01-31 00:00:00-05:00,83.09242980903267,83.56488474991393,82.03925666918092,82.07862854003906,418200,0.0,0.0
2024-02-01 00:00:00-05:00,82.52154728309576,84.10622938348004,81.93098425095506,83.86016082763672,550900,0.0,0.0
2024-02-02 00:00:00-05:00,83.21054189602903,83.2695959451059,82.51170811409322,83.00384521484375,307700,0.0,0.0
2024-02-05 00:00:00-05:00,82.7479304108002,83.0825875385085,82.22626629439404,82.856201171875,384500,0.0,0.0
2024-02-06 00:00:00-05:00,83.4073950590168,84.43104114598721,83.39755772362501,83.63378143310547,344100,0.0,0.0
2024-02-07 00:00:00-05:00,82.18689879837488,82.7479348131488,81.94083023909832,82.02941131591797,318300,0.0,0.0
2024-02-08 00:00:00-05:00,82.846361687353,83.51566847665609,82.65935468655624,83.26959991455078,313100,0.0,0.0
2024-02-09 00:00:00-05:00,83.70267793670587,84.54915434002966,83.57472499552107,83.87000274658203,369600,0.0,0.0
2024-02-12 00:00:00-05:00,83.85032565690233,84.59836867919806,83.51566850741924,83.92906188964844,206700,0.0,0.0
2024-02-13 00:00:00-05:00,82.81682855957565,84.12591501578412,82.72824748826423,84.07669830322266,389500,0.0,0.0
2024-02-14 00:00:00-05:00,85.38579115902942,85.75981267051475,84.80507295624302,85.73028564453125,330500,0.0,0.0
2024-02-15 00:00:00-05:00,85.86808332004453,86.68503274840293,85.70075850009158,86.03541564941406,435600,0.0,0.0
2024-02-16 00:00:00-05:00,86.00587781532013,86.07477670968267,84.54915618896484,84.54915618896484,482400,0.0,0.0
2024-02-20 00:00:00-05:00,86.2421066486097,86.59644595536938,85.37594056123449,86.40943145751953,466700,0.0,0.0
2024-02-21 00:00:00-05:00,85.38579089002423,85.85824583252153,84.9330256377316,85.37594604492188,512400,0.0,0.0
2024-02-22 00:00:00-05:00,86.45864116812773,87.88584324800712,86.41927680884896,87.60040283203125,364000,0.0,0.0
2024-02-23 00:00:00-05:00,88.58467836450428,88.58467836450428,87.71851976833008,88.23033905029297,288400,0.0,0.0
2024-02-26 00:00:00-05:00,88.6634209751282,88.78152907208528,88.19096605905153,88.4370346069336,397000,0.0,0.0
2024-02-27 00:00:00-05:00,88.95870269340983,89.36225873444985,88.46656557570238,88.52562713623047,251900,0.0,0.0
2024-02-28 00:00:00-05:00,88.40750670268929,88.40750670268929,86.88187871724004,87.37401580810547,380300,0.0,0.0
2024-02-29 00:00:00-05:00,87.7381988169559,87.8464695762906,86.23226054001177,86.43895721435547,335200,0.0,0.0
2024-03-01 00:00:00-05:00,86.3897473665534,86.95078338704145,86.29132144372359,86.51770782470703,318500,0.0,0.0
2024-03-04 00:00:00-05:00,85.67123065910859,85.67123065910859,83.55503954348846,84.97239685058594,630700,0.0,0.0
2024-03-05 00:00:00-05:00,85.09050590961247,85.09050590961247,83.11212007387196,83.44676971435547,455000,0.0,0.0
2024-03-06 00:00:00-05:00,85.5728057144436,87.55119155054354,85.42516307503195,86.8720474243164,538100,0.0,0.0
2024-03-07 00:00:00-05:00,87.62008835426033,88.54530853034592,87.33465543681169,88.1220703125,351000,0.0,0.0
2024-03-08 00:00:00-05:00,88.97839152687375,89.9725105977099,88.8898029416426,89.08666229248047,458900,0.0,0.0
2024-03-11 00:00:00-04:00,89.03744626400047,90.01187565255863,86.88188328955634,89.9725112915039,556400,0.0,0.0
2024-03-12 00:00:00-04:00,89.70675085419286,91.07489140466159,89.14571485514753,91.04536437988281,311000,0.0,0.0
2024-03-13 00:00:00-04:00,92.2658590451594,92.7481587976016,91.55718043778114,91.84262084960938,329200,0.0,0.0
2024-03-14 00:00:00-04:00,92.80721825103316,93.21076678132019,91.8524710443361,92.078857421875,367000,0.0,0.0
2024-03-15 00:00:00-04:00,92.6694174971922,94.0769299045608,92.32492302883266,93.23045349121094,578500,0.0,0.0
2024-03-18 00:00:00-04:00,85.67123075324643,88.08269963755066,84.59836792671834,86.77362060546875,1386000,0.0,0.0
2024-03-19 00:00:00-04:00,87.61025220139798,89.15556245775714,87.32481177067986,89.05713653564453,515700,0.0,0.0
2024-03-20 00:00:00-04:00,87.34448933797059,89.31303771391396,87.16731968375905,89.04728698730469,513000,0.0,0.0
2024-03-21 00:00:00-04:00,88.25002722675562,88.65357573860157,87.53150376597377,88.38782501220703,311400,0.0,0.0
2024-03-22 00:00:00-04:00,88.48625582512305,89.51973927319285,88.39766723847906,89.41146850585938,195400,0.0,0.0
2024-03-25 00:00:00-04:00,90.20872923340019,90.32683732784076,89.45083391679863,89.68706512451172,219400,0.0,0.0
2024-03-26 00:00:00-04:00,89.82486260854198,90.04140412684997,89.19492774223652,89.33272552490234,303100,0.0,0.0
2024-03-27 00:00:00-04:00,88.38782474433269,88.42718910341428,86.15351814094069,87.06889343261719,446900,0.0,0.0
2024-03-28 00:00:00-04:00,87.31496737375359,88.33861348969451,87.28544034790991,87.96459197998047,322400,0.0,0.0
2024-04-01 00:00:00-04:00,88.26971063290819,88.60436025667856,86.95077929886823,87.8759994506836,313100,0.0,0.0
2024-04-02 00:00:00-04:00,87.6397795231013,87.72836060047689,86.98031758236125,87.30512237548828,204600,0.0,0.0
2024-04-03 00:00:00-04:00,87.22638485165291,89.21461548950349,87.17716813645085,88.95870208740234,208200,0.0,0.0
2024-04-04 00:00:00-04:00,88.53545911309962,88.6142028494267,86.17320709861488,86.18304443359375,393000,0.0,0.0
2024-04-05 00:00:00-04:00,85.65154127794739,86.57676146890788,85.39563538167806,85.98619842529297,323400,0.0,0.0
2024-04-08 00:00:00-04:00,86.79329727452253,87.04921066331549,86.30116018576008,86.36021423339844,229900,0.0,0.0
2024-04-09 00:00:00-04:00,86.99999544067977,87.18700994062553,86.09446498410811,87.16732025146484,269700,0.0,0.0
2024-04-10 00:00:00-04:00,85.17909454257935,85.88777320447247,84.57868664899861,84.58853149414062,234800,0.0,0.0
2024-04-11 00:00:00-04:00,85.6515417839094,86.60628900627805,85.05114140110273,86.03541564941406,312800,0.0,0.0
2024-04-12 00:00:00-04:00,86.64565389853833,87.12794613872842,85.41531118724609,85.474365234375,243100,0.0,0.0
2024-04-15 00:00:00-04:00,82.47233687595877,82.47233687595877,79.08643119387395,79.98212432861328,1224300,0.0,0.0
2024-04-16 00:00:00-04:00,78.9683223233069,79.05690339673458,77.94467625478407,78.43681335449219,1005700,0.0,0.0
2024-04-17 00:00:00-04:00,79.19469930808933,79.27344304443739,77.26552282405805,77.75765991210938,625700,0.0,0.0
2024-04-18 00:00:00-04:00,77.30489995529224,77.74782036092687,76.46826835052876,76.85213470458984,659600,0.0,0.0
2024-04-19 00:00:00-04:00,76.91118769401231,77.36395293846198,75.90723128404419,76.09423828125,362000,0.0,0.0
2024-04-22 00:00:00-04:00,76.68480368620672,77.30489370584951,76.44857248017678,76.99977111816406,445500,0.0,0.0
2024-04-23 00:00:00-04:00,76.64543743257444,77.78719164101875,76.54700400147739,77.76750946044922,349700,0.0,0.0
2024-04-24 00:00:00-04:00,78.64350898447329,78.64350898447329,77.59033590554616,78.16121673583984,232900,0.0,0.0
2024-04-25 00:00:00-04:00,76.6355869127358,78.13168033597802,76.58637020083177,77.48206329345703,565700,0.0,0.0
2024-04-26 00:00:00-04:00,77.99388300422943,78.76161565410294,77.7871863299878,78.0135726928711,538300,0.0,0.0
2024-04-29 00:00:00-04:00,78.18089764833617,79.02737403555861,76.79306746367521,78.19074249267578,1248000,0.0,0.0
2024-04-30 00:00:00-04:00,74.51940181625424,77.79703683802138,73.54497242119953,77.15725708007812,1650200,0.0,0.0
2024-05-01 00:00:00-04:00,76.07455657364405,79.20454894335172,75.99581283253299,77.76750946044922,655300,0.0,0.0
2024-05-02 00:00:00-04:00,80.17897773404528,80.68095969310146,79.50967095844251,80.48410034179688,772900,0.0,0.0
2024-05-03 00:00:00-04:00,80.08054868294889,80.808909480765,79.82463529096417,80.79906463623047,444800,0.0,0.0
2024-05-06 00:00:00-04:00,82.33454069956669,82.9251037346662,81.80303171515222,82.5904541015625,450800,0.0,0.0
2024-05-07 00:00:00-04:00,82.69871675749255,83.2991246331518,82.57076381213199,83.02352905273438,370300,0.0,0.0
2024-05-08 00:00:00-04:00,83.2105393561174,83.6337775502206,82.79714600636522,83.06289672851562,265300,0.0,0.0
2024-05-09 00:00:00-04:00,82.92509974893174,83.48613573172295,82.68887604812915,83.4664535522461,163200,0.0,0.0
2024-05-10 00:00:00-04:00,83.93890517216106,84.0767029636722,83.26959839507128,83.42708587646484,350700,0.0,0.0
2024-05-13 00:00:00-04:00,83.69283608690269,85.06097665786395,83.6042550112396,85.00192260742188,357500,0.0,0.0
2024-05-14 00:00:00-04:00,86.82282835939971,87.97442739870898,86.78345648932721,87.76773071289062,397200,0.0,0.0
2024-05-15 00:00:00-04:00,87.91537253481069,88.01379845437299,87.13779500426068,87.18701171875,414500,0.0,0.0
2024-05-16 00:00:00-04:00,88.58467768310268,88.96854401897616,87.8071001667544,87.82678985595703,424600,0.0,0.0
2024-05-17 00:00:00-04:00,90.28747282918098,90.28747282918098,88.41735040614253,88.54530334472656,605100,0.0,0.0
2024-05-20 00:00:00-04:00,87.74804908472574,88.57483583320179,87.64962316363332,88.47640991210938,304300,0.0,0.0
2024-05-21 00:00:00-04:00,89.80517338292877,91.19300357046737,89.80517338292877,91.00598907470703,520300,0.0,0.0
2024-05-22 00:00:00-04:00,91.53749942024653,93.54541966349801,91.45875568300151,93.25997924804688,497300,0.0,0.0
2024-05-23 00:00:00-04:00,94.21472837305105,95.14978586670377,93.55526645607846,93.63400268554688,597100,0.0,0.0
2024-05-24 00:00:00-04:00,93.4469947552625,95.13010273260682,93.34856132793573,94.50016784667969,525800,0.0,0.0
2024-05-28 00:00:00-04:00,94.24425822706239,94.30331227829062,93.4469984978154,93.92929077148438,361100,0.0,0.0
2024-05-29 00:00:00-04:00,92.8072152049026,94.31315352916516,92.37413215395581,93.7127456665039,346100,0.0,0.0
2024-05-30 00:00:00-04:00,95.55334185917911,97.30534874689086,95.52381483446294,96.22264862060547,611100,0.0,0.0
2024-05-31 00:00:00-04:00,96.42934324729652,98.486472692442,96.2817006174469,98.43726348876953,654100,0.0,0.0
2024-06-03 00:00:00-04:00,97.70889524010637,97.78763897732685,94.79544454769366,95.36632537841797,664600,0.0,0.0
2024-06-04 00:00:00-04:00,96.09468578298193,96.71478332429875,95.84861723723172,96.45886993408203,374600,0.0,0.0
2024-06-05 00:00:00-04:00,96.69509972219952,98.51600557349155,96.66557269635737,98.4175796508789,314100,0.0,0.0
2024-06-06 00:00:00-04:00,100.86842138988834,100.97668464115368,99.54949008223147,100.49439239501953,542800,0.0,0.0
2024-06-07 00:00:00-04:00,99.71681669388798,100.20895379336928,99.34279520167202,99.54949188232422,244600,0.0,0.0
2024-06-10 00:00:00-04:00,99.15577883242203,100.13021567781294,98.89987295229356,99.83493041992188,266000,0.0,0.0
2024-06-11 00:00:00-04:00,98.78176051841406,99.04751125151449,97.47267401417638,98.55537414550781,405300,0.0,0.0
2024-06-12 00:00:00-04:00,99.90383468281605,100.8881089161443,99.6183942540209,100.24832916259766,262400,0.0,0.0
2024-06-13 00:00:00-04:00,99.92351372358748,100.76015280316115,99.81525046998631,100.56329345703125,239500,0.0,0.0
2024-06-14 00:00:00-04:00,97.30534731028422,98.14197887236115,96.94116315552353,97.21675872802734,469100,0.0,0.0
2024-06-17 00:00:00-04:00,96.91163818442307,97.68921571441334,96.09468878475295,97.59078979492188,337600,0.0,0.0
2024-06-18 00:00:00-04:00,97.89591149509143,98.70301604254206,96.97069133969086,97.49236297607422,269000,0.0,0.0
2024-06-20 00:00:00-04:00,96.26201954770487,96.61635885966284,94.89387901352897,95.64192199707031,404900,0.0,0.0
2024-06-21 00:00:00-04:00,95.03167771975791,95.82893742466757,94.41158016312482,94.59859466552734,662700,0.0,0.0
2024-06-24 00:00:00-04:00,96.03563436594263,96.60651520998245,95.5139702361676,96.09468841552734,513500,0.0,0.0
2024-06-25 00:00:00-04:00,95.11041698731925,96.46872024282504,94.76592250563898,96.38997650146484,342500,0.0,0.0
2024-06-26 00:00:00-04:00,94.40174119819419,95.15962902059817,93.76196147260241,94.75607299804688,330800,0.0,0.0
2024-06-27 00:00:00-04:00,95.0415139264813,95.1891565577082,94.37220717308004,94.80529022216797,260800,0.0,0.0
2024-06-28 00:00:00-04:00,95.27774722925264,95.7994113628649,94.81513714565946,95.35648345947266,275800,0.0,0.0
2024-07-01 00:00:00-04:00,95.57302777084828,95.85846820327686,94.54938165402685,94.9923095703125,234600,0.0,0.0
2024-07-02 00:00:00-04:00,93.18123648986183,93.57494767080759,92.15759042316934,92.87611389160156,458600,0.0,0.0
2024-07-03 00:00:00-04:00,93.60447782638377,93.89976309932469,93.26982819250607,93.7029037475586,141200,0.0,0.0
2024-07-05 00:00:00-04:00,93.33872224912695,93.53557408127084,92.34460322514346,92.37413024902344,316400,0.0,0.0
2024-07-08 00:00:00-04:00,92.89579991628725,93.51589749250236,92.53162325410783,93.4469985961914,425600,0.0,0.0
2024-07-09 00:00:00-04:00,93.0926530257736,93.72258789534226,92.80721261465405,93.11233520507812,315100,0.0,0.0
2024-07-10 00:00:00-04:00,91.99027035169169,92.16744001677526,88.15159928115864,88.9783935546875,1106900,0.0,0.0
2024-07-11 00:00:00-04:00,90.36621130358353,90.53354362363731,89.80517531365672,90.2382583618164,544200,0.0,0.0
2024-07-12 00:00:00-04:00,90.30715975268197,91.88199700397898,90.0709360423415,91.32096099853516,324400,0.0,0.0
2024-07-15 00:00:00-04:00,90.73039311717112,91.1142594419825,90.02171451462212,90.95677947998047,448700,0.0,0.0
2024-07-16 00:00:00-04:00,89.1260355395179,91.14379322821686,89.06697397864592,91.0355224609375,595700,0.0,0.0
2024-07-17 00:00:00-04:00,88.71263159345123,89.50005396299464,88.41735383693465,88.58467864990234,634600,0.0,0.0
2024-07-18 00:00:00-04:00,88.68310646055639,88.87996581184983,87.5315074158013,88.29924011230469,497000,0.0,0.0
2024-07-19 00:00:00-04:00,87.75789106528528,88.50593404870506,87.3838620641592,87.52165985107422,679700,0.0,0.0
2024-07-22 00:00:00-04:00,88.46656668497711,90.66150156161771,88.46656668497711,90.60244750976562,1472200,0.0,0.0
2024-07-23 00:00:00-04:00,87.9941177368164,89.19493349991832,86.44880749481224,87.9941177368164,1402500,0.0,0.0
2024-07-24 00:00:00-04:00,89.42130828200627,90.05124316019287,87.17716433978947,87.24606323242188,589300,0.0,0.0
2024-07-25 00:00:00-04:00,86.85235444036746,87.49213418061147,85.42515983548307,87.00984191894531,540500,0.0,0.0
2024-07-26 00:00:00-04:00,87.72835653144676,88.48625186889556,87.1870102283995,87.52165985107422,317600,0.0,0.0
2024-07-29 00:00:00-04:00,87.35433970427236,87.59056342168108,86.63581619749111,86.8720474243164,301800,0.0,0.0
2024-07-30 00:00:00-04:00,87.71851702110592,88.3681340705374,87.20669024575652,87.4527587890625,403800,0.0,0.0
2024-07-31 00:00:00-04:00,89.16539598596782,89.38193751101903,88.2008114772694,89.14571380615234,487800,0.0,0.0
2024-08-01 00:00:00-04:00,88.57483543475136,89.04729036705267,85.58264088862018,86.32084655761719,517000,0.0,0.0
2024-08-02 00:00:00-04:00,84.3719831709923,86.261787777755,83.38770899962638,86.13383483886719,1430200,0.0,0.0
2024-08-05 00:00:00-04:00,82.53138896136446,84.47041030851919,82.4821797577337,83.51566314697266,424100,0.0,0.0
2024-08-06 00:00:00-04:00,82.43296830527608,83.54519550260207,82.1081560010371,83.26959991455078,501600,0.0,0.0
2024-08-07 00:00:00-04:00,83.55503966458554,84.49994203421448,82.37391357990349,82.38375091552734,499400,0.0,0.0
2024-08-08 00:00:00-04:00,83.27944378617714,84.26371802309268,82.738089952107,84.1357650756836,344000,0.0,0.0
2024-08-09 00:00:00-04:00,84.42119929817824,84.84443752695643,83.86016327485987,84.76570129394531,485700,0.0,0.0
2024-08-12 00:00:00-04:00,84.66726359144351,85.90745118917933,84.42119504082858,85.28736114501953,402400,0.0,0.0
2024-08-13 00:00:00-04:00,85.26767105115458,86.81298124130817,85.26767105115458,86.3799057006836,418700,0.0,0.0
2024-08-14 00:00:00-04:00,87.37402188513285,87.4133937562704,86.36022060894484,86.8720474243164,367200,0.0,0.0
2024-08-15 00:00:00-04:00,87.33465059954162,88.28939023862347,87.19684530677708,87.75788879394531,412700,0.0,0.0
2024-08-16 00:00:00-04:00,88.2401848271881,89.02759969309709,88.11222437328337,88.81106567382812,288400,0.0,0.0
2024-08-19 00:00:00-04:00,89.27366857998321,89.86423911839003,89.09649892034443,89.82486724853516,312900,0.0,0.0
2024-08-20 00:00:00-04:00,90.06109123821273,90.73039800899359,90.03156421308387,90.17920684814453,324300,0.0,0.0
2024-08-21 00:00:00-04:00,90.76976552371012,91.27174745506406,90.43510839966883,91.18315887451172,251000,0.0,0.0
2024-08-22 00:00:00-04:00,90.90756763925634,91.12410916935187,89.61817081294478,89.69690704345703,357700,0.0,0.0
2024-08-23 00:00:00-04:00,89.50990137597242,90.87804196251197,89.35241389377852,90.80914306640625,222400,0.0,0.0
2024-08-26 00:00:00-04:00,89.6083219960278,90.1693579766715,89.35240860731186,89.43115234375,234300,0.0,0.0
2024-08-27 00:00:00-04:00,88.79137427293033,89.67722255074365,88.69294835526577,89.45083618164062,330300,0.0,0.0
2024-08-28 00:00:00-04:00,89.1653956971551,89.56895172151907,88.36813600242728,88.79137420654297,296600,0.0,0.0
2024-08-29 00:00:00-04:00,89.54927263216136,90.15951784793494,88.80122211570531,88.95870208740234,341300,0.0,0.0
2024-08-30 00:00:00-04:00,89.04728742149251,89.64769527983607,88.62404921822436,89.57879638671875,285900,0.0,0.0
2024-09-03 00:00:00-04:00,88.69294929449707,88.80122005789947,87.1377942469135,87.26575469970703,328800,0.0,0.0
2024-09-04 00:00:00-04:00,84.00780139520005,85.39563162051522,83.31881245956454,84.93302154541016,558600,0.0,0.0
2024-09-05 00:00:00-04:00,84.1652876880323,84.99207439916843,84.12591581949019,84.48025512695312,278000,0.0,0.0
2024-09-06 00:00:00-04:00,84.7558512418336,84.86412200366597,83.2105410613544,83.56488037109375,379100,0.0,0.0
2024-09-09 00:00:00-04:00,83.68299125891116,84.46056879735954,83.0235293307871,83.37786865234375,352300,0.0,0.0
2024-09-10 00:00:00-04:00,84.05701558317122,84.05701558317122,83.26959324374873,83.8503189086914,229200,0.0,0.0
2024-09-11 00:00:00-04:00,83.44676613659973,83.58456392493979,81.99988184961288,83.230224609375,459900,0.0,0.0
2024-09-12 00:00:00-04:00,82.708557867012,83.61408830732073,82.2754748262487,83.59440612792969,373900,0.0,0.0
2024-09-13 00:00:00-04:00,84.03733243693479,84.8444370184399,83.91922433341772,84.71648406982422,229000,0.0,0.0
2024-09-16 00:00:00-04:00,84.8247545659524,84.91333564330648,84.18497480609017,84.36214447021484,319500,0.0,0.0
2024-09-17 00:00:00-04:00,85.75981050311589,85.94682500884043,85.12003826453137,85.66138458251953,378700,0.0,0.0
2024-09-18 00:00:00-04:00,85.92714273324313,85.97635193877858,84.0767023866506,84.34246063232422,535100,0.0,0.0
2024-09-19 00:00:00-04:00,85.43500228853809,85.95666640524497,85.23814294582675,85.62200927734375,335600,0.0,0.0
2024-09-20 00:00:00-04:00,85.09050320390593,85.82870886794011,84.77553575429467,85.43500518798828,337900,0.0,0.0
2024-09-23 00:00:00-04:00,87.01000213623047,87.56999969482422,86.86000061035156,86.94999694824219,285600,1.365,0.0
2024-09-24 00:00:00-04:00,85.6500015258789,85.98999786376953,85.22000122070312,85.31999969482422,451600,0.0,0.0
2024-09-25 00:00:00-04:00,85.5,85.7699966430664,85.23999786376953,85.73999786376953,460000,0.0,0.0
2024-09-26 00:00:00-04:00,88.22000122070312,88.83000183105469,87.55000305175781,87.76000213623047,432100,0.0,0.0
2024-09-27 00:00:00-04:00,88.62000274658203,89.43000030517578,88.37999725341797,89.08999633789062,327600,0.0,0.0
2024-09-30 00:00:00-04:00,88.86000061035156,89.83999633789062,88.77999877929688,89.7300033569336,507000,0.0,0.0
2024-10-01 00:00:00-04:00,88.63999938964844,88.80999755859375,85.6500015258789,86.61000061035156,713000,0.0,0.0
2024-10-02 00:00:00-04:00,85.73999786376953,86.98999786376953,85.58999633789062,86.54000091552734,467200,0.0,0.0
2024-10-03 00:00:00-04:00,84.75,86.05000305175781,84.68000030517578,85.61000061035156,564800,0.0,0.0
2024-10-04 00:00:00-04:00,85.36000061035156,85.72000122070312,84.76000213623047,85.66000366210938,473000,0.0,0.0
2024-10-07 00:00:00-04:00,85.83999633789062,86.30999755859375,85.55999755859375,85.61000061035156,265700,0.0,0.0
2024-10-08 00:00:00-04:00,85.83999633789062,85.86000061035156,85.2699966430664,85.72000122070312,286200,0.0,0.0
2024-10-09 00:00:00-04:00,84.81999969482422,85.4800033569336,84.55999755859375,85.2699966430664,363800,0.0,0.0
2024-10-10 00:00:00-04:00,85.12000274658203,85.44000244140625,84.81999969482422,85.19000244140625,256600,0.0,0.0
2024-10-11 00:00:00-04:00,84.69000244140625,86.33999633789062,84.66000366210938,86.27999877929688,508200,0.0,0.0
2024-10-14 00:00:00-04:00,86.56999969482422,88.23999786376953,86.56999969482422,88.19000244140625,470900,0.0,0.0
2024-10-15 00:00:00-04:00,88.91000366210938,89.73999786376953,86.87999725341797,87.41000366210938,1220400,0.0,0.0
2024-10-16 00:00:00-04:00,86.05999755859375,87.30999755859375,85.91999816894531,86.12999725341797,1029900,0.0,0.0
2024-10-17 00:00:00-04:00,86.44000244140625,88.0,85.87999725341797,87.5999984741211,656300,0.0,0.0
2024-10-18 00:00:00-04:00,88.27999877929688,88.6500015258789,87.75,88.62999725341797,513400,0.0,0.0
2024-10-21 00:00:00-04:00,87.87999725341797,92.16999816894531,87.48999786376953,91.80999755859375,1825800,0.0,0.0
2024-10-22 00:00:00-04:00,82.33999633789062,84.73999786376953,81.91000366210938,83.98999786376953,4129600,0.0,0.0
2024-10-23 00:00:00-04:00,84.16999816894531,84.23999786376953,80.08999633789062,80.44000244140625,1639600,0.0,0.0
2024-10-24 00:00:00-04:00,81.47000122070312,81.62000274658203,80.95999908447266,80.95999908447266,588200,0.0,0.0
2024-10-25 00:00:00-04:00,80.91999816894531,81.30999755859375,80.55999755859375,80.70999908447266,446500,0.0,0.0
2024-10-28 00:00:00-04:00,82.20999908447266,83.83999633789062,82.06999969482422,83.72000122070312,637000,0.0,0.0
2024-10-29 00:00:00-04:00,84.55999755859375,84.95999908447266,83.95999908447266,84.62000274658203,392900,0.0,0.0
2024-10-30 00:00:00-04:00,84.01000213623047,84.4800033569336,82.58999633789062,82.69999694824219,644300,0.0,0.0
2024-10-31 00:00:00-04:00,82.87999725341797,82.87999725341797,81.05999755859375,81.69999694824219,433100,0.0,0.0
2024-11-01 00:00:00-04:00,82.80000305175781,83.48999786376953,82.52999877929688,83.44999694824219,423900,0.0,0.0
2024-11-04 00:00:00-05:00,82.9800033569336,84.13999938964844,82.9800033569336,83.5199966430664,697400,0.0,0.0
2024-11-05 00:00:00-05:00,83.5,84.06999969482422,83.30000305175781,83.62999725341797,679400,0.0,0.0
2024-11-06 00:00:00-05:00,77.41999816894531,78.86000061035156,77.16000366210938,78.62000274658203,1258100,0.0,0.0
2024-11-07 00:00:00-05:00,81.69999694824219,82.4800033569336,80.81999969482422,81.11000061035156,764100,0.0,0.0
2024-11-08 00:00:00-05:00,80.27999877929688,80.31999969482422,79.13999938964844,79.4000015258789,494400,0.0,0.0
2024-11-11 00:00:00-05:00,79.41000366210938,79.47000122070312,78.75,78.77999877929688,396300,0.0,0.0
2024-11-12 00:00:00-05:00,78.12000274658203,78.16000366210938,76.94999694824219,77.29000091552734,580500,0.0,0.0
2024-11-13 00:00:00-05:00,76.8499984741211,77.4800033569336,76.33999633789062,77.08000183105469,487700,0.0,0.0
2024-11-14 00:00:00-05:00,79.6500015258789,79.87999725341797,78.19000244140625,78.23999786376953,840400,0.0,0.0
2024-11-15 00:00:00-05:00,78.25,78.30999755859375,77.44999694824219,77.5999984741211,330800,0.0,0.0
2024-11-18 00:00:00-05:00,77.70999908447266,78.77999877929688,77.66999816894531,78.48999786376953,422300,0.0,0.0
2024-11-19 00:00:00-05:00,77.58000183105469,78.26000213623047,77.37000274658203,77.93000030517578,313300,0.0,0.0
2024-11-20 00:00:00-05:00,77.75,78.19999694824219,77.08999633789062,78.0999984741211,651400,0.0,0.0
2024-11-21 00:00:00-05:00,79.05999755859375,79.70999908447266,78.68000030517578,79.45999908447266,479400,0.0,0.0
2024-11-22 00:00:00-05:00,79.41000366210938,79.73999786376953,79.22000122070312,79.58000183105469,344800,0.0,0.0
2024-11-25 00:00:00-05:00,80.8499984741211,81.94999694824219,80.33000183105469,81.76000213623047,681100,0.0,0.0
2024-11-26 00:00:00-05:00,81.9000015258789,81.91999816894531,80.88999938964844,81.01000213623047,335000,0.0,0.0
2024-11-27 00:00:00-05:00,80.08999633789062,80.63999938964844,78.73999786376953,79.25,476300,0.0,0.0
2024-11-29 00:00:00-05:00,80.30000305175781,81.08999633789062,80.30000305175781,80.88999938964844,284700,0.0,0.0
2024-12-02 00:00:00-05:00,81.2699966430664,82.31999969482422,81.01000213623047,82.2300033569336,283700,0.0,0.0
2024-12-03 00:00:00-05:00,81.0,82.0199966430664,80.87999725341797,81.76000213623047,311100,0.0,0.0
2024-12-04 00:00:00-05:00,83.33000183105469,84.04000091552734,83.0199966430664,83.66000366210938,397800,0.0,0.0
2024-12-05 00:00:00-05:00,84.44000244140625,84.58999633789062,83.9000015258789,84.30999755859375,294700,0.0,0.0
2024-12-06 00:00:00-05:00,85.05999755859375,85.44000244140625,84.80000305175781,84.88999938964844,303600,0.0,0.0
2024-12-09 00:00:00-05:00,85.4800033569336,85.80000305175781,85.25,85.36000061035156,296900,0.0,0.0
2024-12-10 00:00:00-05:00,85.16000366210938,85.30999755859375,84.22000122070312,84.44999694824219,405600,0.0,0.0
2024-12-11 00:00:00-05:00,84.77999877929688,85.16999816894531,84.5999984741211,85.01000213623047,251200,0.0,0.0
2024-12-12 00:00:00-05:00,84.62000274658203,85.23999786376953,84.58000183105469,84.62999725341797,194200,0.0,0.0
2024-12-13 00:00:00-05:00,85.33999633789062,85.47000122070312,84.29000091552734,84.38999938964844,273300,0.0,0.0
2024-12-16 00:00:00-05:00,80.29000091552734,83.31999969482422,80.16999816894531,82.41000366210938,717800,0.0,0.0
2024-12-17 00:00:00-05:00,84.12999725341797,84.29000091552734,83.41000366210938,83.66000366210938,529620,0.0,0.0
