Date,Open,High,Low,Close,Volume,Dividends,Stock Splits
2022-01-03 00:00:00-05:00,21.65852089339852,22.835614420213656,21.394851296795142,21.856271743774414,6500,0.0,0.0
2022-01-04 00:00:00-05:00,21.60202395010578,21.663231528928932,21.23476949665469,21.649106979370117,4800,0.0,0.0
2022-01-05 00:00:00-05:00,21.59260648091257,21.639689509077666,21.59260648091257,21.616147994995117,900,0.0,0.0
2022-01-06 00:00:00-05:00,21.16508573433005,21.658523559570312,21.16508573433005,21.658523559570312,2900,0.0,0.0
2022-01-07 00:00:00-05:00,21.055851507699117,21.65852287378204,20.952266693115234,20.952266693115234,2000,0.0,0.0
2022-01-10 00:00:00-05:00,20.952266693115234,20.952266693115234,20.952266693115234,20.952266693115234,1200,0.0,0.0
2022-01-11 00:00:00-05:00,20.999349846555223,21.187685547641873,20.905183792114258,20.905183792114258,6500,0.0,0.0
2022-01-12 00:00:00-05:00,20.773346330935794,20.952265052268274,20.76392936706543,20.76392936706543,2700,0.0,0.0
2022-01-13 00:00:00-05:00,21.281853413462624,21.281853413462624,20.745098999913427,20.85809898376465,1000,0.0,0.0
2022-01-14 00:00:00-05:00,20.773345688497646,21.18768310546875,20.716845703125,21.18768310546875,1400,0.0,0.0
2022-01-18 00:00:00-05:00,20.71684519037464,21.19239016468695,20.246007799684307,20.2930908203125,6400,0.0,0.0
2022-01-19 00:00:00-05:00,20.246011226279208,21.159435272216797,20.246011226279208,21.159435272216797,2900,0.0,0.0
2022-01-20 00:00:00-05:00,20.264843879984692,20.740388904834656,20.19892692565918,20.19892692565918,8300,0.0,0.0
2022-01-21 00:00:00-05:00,20.26484394354972,20.26484394354972,19.563295364379883,19.563295364379883,7900,0.0,0.0
2022-01-24 00:00:00-05:00,20.151840209960938,20.151840209960938,20.151840209960938,20.151840209960938,600,0.0,0.0
2022-01-25 00:00:00-05:00,19.351420448594894,19.53975616622846,19.210169558420972,19.374963760375977,6700,0.0,0.0
2022-01-26 00:00:00-05:00,19.775172510563333,21.658522273474127,19.775172510563333,20.19892692565918,6600,0.0,0.0
2022-01-27 00:00:00-05:00,19.77517238883085,20.589720940743277,19.77517238883085,20.246009826660156,11400,0.0,0.0
2022-01-28 00:00:00-05:00,19.869342657121134,20.594432830810547,19.869342657121134,20.594432830810547,900,0.0,0.0
2022-01-31 00:00:00-05:00,20.688594554567466,20.688594554567466,20.151840209960938,20.151840209960938,1400,0.0,0.0
2022-02-01 00:00:00-05:00,20.48142854557481,20.48142854557481,19.935257189536905,20.246009826660156,1900,0.0,0.0
2022-02-02 00:00:00-05:00,20.646220930374152,20.646220930374152,20.246009826660156,20.246009826660156,800,0.0,0.0
2022-02-03 00:00:00-05:00,20.246009826660156,20.246009826660156,20.246009826660156,20.246009826660156,0,0.0,0.0
2022-02-04 00:00:00-05:00,20.236592862371296,20.246009826660156,20.208341969504716,20.246009826660156,9600,0.0,0.0
2022-02-07 00:00:00-05:00,20.246006039118544,20.472007751464844,20.246006039118544,20.472007751464844,6100,0.0,0.0
2022-02-08 00:00:00-05:00,20.47671865545054,20.66976191137647,20.269549056631046,20.481426239013672,28500,0.0,0.0
2022-02-09 00:00:00-05:00,20.613264965581077,20.613264965581077,20.481431041674824,20.594432830810547,8600,0.0,0.0
2022-02-10 00:00:00-05:00,20.481431677682114,21.230063390158733,20.481431677682114,20.622682571411133,14500,0.0,0.0
2022-02-11 00:00:00-05:00,20.104756690390158,20.646218605254557,20.104756690390158,20.481426239013672,3300,0.0,0.0
2022-02-14 00:00:00-05:00,20.481426239013672,20.679177078502736,20.481426239013672,20.481426239013672,6100,0.0,0.0
2022-02-15 00:00:00-05:00,20.594432188645868,20.702724593635363,20.48143040303371,20.698015213012695,3500,0.0,0.0
2022-02-16 00:00:00-05:00,20.48142813576055,20.707429885864258,20.48142813576055,20.707429885864258,900,0.0,0.0
2022-02-17 00:00:00-05:00,21.423104121726933,22.01165093825789,20.85715766100777,21.00594139099121,8700,0.0,0.0
2022-02-18 00:00:00-05:00,21.09351526577957,21.37601878484711,20.952264404296873,21.18768310546875,8200,0.0,0.0
2022-02-22 00:00:00-05:00,20.829850877153458,21.658524050541264,20.829850877153458,21.185802459716797,21400,0.0,0.0
2022-02-23 00:00:00-05:00,21.649104811640175,21.658521775770605,21.18768434586255,21.611438751220703,11100,0.0,0.0
2022-02-24 00:00:00-05:00,21.423104275949004,21.423104275949004,20.481429362720476,20.905183792114258,3300,0.0,0.0
2022-02-25 00:00:00-05:00,20.54734533378567,21.206518459871557,20.54734533378567,20.79218101501465,6800,0.0,0.0
2022-02-28 00:00:00-05:00,20.79218358498981,20.79218358498981,20.480300903320312,20.480300903320312,6200,0.08,0.0
2022-03-01 00:00:00-05:00,20.782731891156928,20.782731891156928,20.31963348388672,20.31963348388672,1600,0.0,0.0
2022-03-02 00:00:00-05:00,20.319631187346456,20.603160203790903,20.08335640609824,20.508651733398438,12100,0.0,0.0
2022-03-03 00:00:00-05:00,20.09280988456868,20.437770887862804,20.09280988456868,20.31963348388672,1700,0.0,0.0
2022-03-04 00:00:00-05:00,20.319631415752525,20.744926747833322,20.13061086757583,20.735475540161133,6300,0.0,0.0
2022-03-07 00:00:00-05:00,20.88669242321606,23.627479708924586,20.792182143853633,23.154930114746094,43900,0.0,0.0
2022-03-08 00:00:00-05:00,22.682379290613635,23.296693369207713,21.42539751036414,22.020809173583984,14800,0.0,0.0
2022-03-09 00:00:00-05:00,22.30434016502755,23.287242337686948,21.87432012649527,22.13422203063965,16000,0.0,0.0
2022-03-10 00:00:00-05:00,22.11532112225604,22.564243606899094,21.737281799316406,21.737281799316406,17600,0.0,0.0
2022-03-11 00:00:00-05:00,21.926303303004296,22.63512773992081,20.990653459956793,21.359243392944336,22500,0.0,0.0
2022-03-14 00:00:00-04:00,21.501010543052406,21.855422804751072,20.32908754735156,20.75438117980957,19200,0.0,0.0
2022-03-15 00:00:00-04:00,21.359242907222146,21.359242907222146,19.988848305960325,20.555908203125,39700,0.0,0.0
2022-03-16 00:00:00-04:00,20.952846921865223,21.737279095375616,20.272376225218903,21.586063385009766,55900,0.0,0.0
2022-03-17 00:00:00-04:00,21.311986171782287,22.597321656574355,20.612612982302387,22.389400482177734,50300,0.0,0.0
2022-03-18 00:00:00-04:00,22.682382688734883,22.682382688734883,20.225124203595172,21.746734619140625,146100,0.0,0.0
2022-03-21 00:00:00-04:00,21.415949533532526,22.294892152064318,20.669322039948135,21.80344009399414,23400,0.0,0.0
2022-03-22 00:00:00-04:00,21.501008076113813,22.2098325181835,21.501008076113813,21.935752868652344,19400,0.0,0.0
2022-03-23 00:00:00-04:00,22.039714269446062,22.172027587890625,21.225983755744462,22.172027587890625,3400,0.0,0.0
2022-03-24 00:00:00-04:00,21.652223611788166,22.285440179594925,21.51045908521759,21.70892906188965,9300,0.0,0.0
2022-03-25 00:00:00-04:00,21.548259735107422,21.548259735107422,21.264730713316624,21.548259735107422,1600,0.0,0.0
2022-03-28 00:00:00-04:00,21.64276885986328,21.64276885986328,21.07570904378052,21.64276885986328,12300,0.0,0.0
2022-03-29 00:00:00-04:00,21.642773336848595,22.030263900756836,21.642773336848595,22.030263900756836,3200,0.0,0.0
2022-03-30 00:00:00-04:00,22.16257722199769,22.16257722199769,20.945289337117746,21.44430160522461,8500,0.0,0.0
2022-03-31 00:00:00-04:00,21.642769943882833,22.115319513848107,20.846050979552533,21.784534454345703,5600,0.0,0.0
2022-04-01 00:00:00-04:00,22.200380298510154,22.200380298510154,20.8252610156103,22.143674850463867,9400,0.0,0.0
2022-04-04 00:00:00-04:00,22.24763452103839,22.24763452103839,20.85172197267855,21.96410369873047,4800,0.0,0.0
2022-04-05 00:00:00-04:00,22.105869449135174,22.105869449135174,21.444301098556977,21.633319854736328,2300,0.0,0.0
2022-04-06 00:00:00-04:00,21.69002879175392,21.69002879175392,21.264733402647455,21.34979248046875,1200,0.0,0.0
2022-04-07 00:00:00-04:00,21.2836331613337,22.14367323839826,21.01711559202165,22.13422203063965,6500,0.0,0.0
2022-04-08 00:00:00-04:00,22.115317188904104,22.115317188904104,21.69002370222584,21.75050926208496,2500,0.0,0.0
2022-04-11 00:00:00-04:00,21.453753718912466,22.11532211303711,21.453753718912466,22.11532211303711,2000,0.0,0.0
2022-04-12 00:00:00-04:00,21.765637102231523,21.765637102231523,21.47549057006836,21.47549057006836,2100,0.0,0.0
2022-04-13 00:00:00-04:00,21.831790924072266,21.831790924072266,21.831790924072266,21.831790924072266,500,0.0,0.0
2022-04-14 00:00:00-04:00,22.030260053852427,22.08696729913232,21.501005049674742,21.973554611206055,2100,0.0,0.0
2022-04-18 00:00:00-04:00,21.973554611206055,21.973554611206055,21.973554611206055,21.973554611206055,500,0.0,0.0
2022-04-19 00:00:00-04:00,21.87904736944753,21.92630341372752,21.822341918945312,21.822341918945312,1400,0.0,0.0
2022-04-20 00:00:00-04:00,21.83179237805278,21.83179237805278,21.72783088684082,21.72783088684082,900,0.0,0.0
2022-04-21 00:00:00-04:00,21.831792593013564,21.831792593013564,20.88669336216998,20.905595779418945,2100,0.0,0.0
2022-04-22 00:00:00-04:00,21.64276885986328,21.64276885986328,21.64276885986328,21.64276885986328,700,0.0,0.0
2022-04-25 00:00:00-04:00,21.64277044186437,21.64277044186437,21.004829228786193,21.595516204833984,2500,0.0,0.0
2022-04-26 00:00:00-04:00,21.538808822631836,21.538808822631836,21.538808822631836,21.538808822631836,500,0.0,0.0
2022-04-27 00:00:00-04:00,21.42539938604276,21.42539938604276,21.028457641601562,21.028457641601562,9400,0.0,0.0
2022-04-28 00:00:00-04:00,21.17022134818227,21.17022134818227,20.697671756470015,20.82053565979004,1800,0.0,0.0
2022-04-29 00:00:00-04:00,20.792183482884372,21.359243392944336,20.65041895602782,21.359243392944336,1200,0.0,0.0
2022-05-02 00:00:00-04:00,21.359242209039934,21.359242209039934,20.13061217157181,20.225122451782227,10100,0.0,0.0
2022-05-03 00:00:00-04:00,19.60135840337389,19.894338668747515,18.90198516845703,18.90198516845703,7700,0.0,0.0
2022-05-04 00:00:00-04:00,18.52394425757777,18.52394425757777,16.605392276435094,17.021236419677734,12800,0.0,0.0
2022-05-05 00:00:00-04:00,17.41817754691451,18.46062251050052,16.11393971613095,16.161195755004883,7200,0.0,0.0
2022-05-06 00:00:00-04:00,16.32186182963159,16.539234189200478,15.688645362854004,15.688645362854004,17700,0.0,0.0
2022-05-09 00:00:00-04:00,15.811506231662529,16.032660499178533,15.461820602416992,15.461820602416992,5200,0.0,0.0
2022-05-10 00:00:00-04:00,15.594137592137592,15.71321957822812,15.008176166530447,15.131983757019043,3700,0.0,0.0
2022-05-11 00:00:00-04:00,15.301156997680664,15.301156997680664,15.301156997680664,15.301156997680664,200,0.0,0.0
2022-05-12 00:00:00-04:00,15.121588706970215,15.594138354063034,14.82860752919322,15.121588706970215,7600,0.0,0.0
2022-05-13 00:00:00-04:00,15.509077991677112,15.59413706533509,14.598002585322758,15.131038665771484,4900,0.0,0.0
2022-05-16 00:00:00-04:00,15.575233362822553,15.594135778216078,15.140488624572754,15.140488624572754,6700,0.0,0.0
2022-05-17 00:00:00-04:00,15.594136274497927,15.594136274497927,15.475998878479004,15.475998878479004,500,0.0,0.0
2022-05-18 00:00:00-04:00,15.499624920477572,15.499624920477572,15.35786041562923,15.460875511169434,2400,0.0,0.0
2022-05-19 00:00:00-04:00,15.37676363917363,15.421182333116148,15.357861223497267,15.36731243133545,1800,0.0,0.0
2022-05-20 00:00:00-04:00,15.560113404692787,15.560113404692787,15.357861518859863,15.357861518859863,500,0.0,0.0
2022-05-23 00:00:00-04:00,15.594137994235336,15.594137994235336,15.310608933575487,15.480725288391113,1300,0.0,0.0
2022-05-24 00:00:00-04:00,15.499624739520803,15.499624739520803,15.310606002807617,15.310606002807617,2700,0.0,0.0
2022-05-25 00:00:00-04:00,15.452371723733062,15.594136238098145,15.452371723733062,15.594136238098145,800,0.0,0.0
2022-05-26 00:00:00-04:00,15.395666350939653,15.475998915158787,15.357861518859863,15.357861518859863,1700,0.0,0.0
2022-05-27 00:00:00-04:00,15.556333943626363,15.575236362660553,15.540268870344587,15.546884536743164,1500,0.0,0.0
2022-05-31 00:00:00-04:00,15.603863244903751,15.603863244903751,15.11950696501769,15.508891105651855,4100,0.08,0.0
2022-06-01 00:00:00-04:00,15.423418175481936,15.490849144973204,15.119508743286133,15.119508743286133,3300,0.0,0.0
2022-06-02 00:00:00-04:00,15.24297046661377,15.24297046661377,15.24297046661377,15.24297046661377,800,0.0,0.0
2022-06-03 00:00:00-04:00,15.24297046661377,15.24297046661377,15.24297046661377,15.24297046661377,500,0.0,0.0
2022-06-06 00:00:00-04:00,15.508892929717396,15.508892929717396,15.119508743286133,15.119508743286133,2800,0.0,0.0
2022-06-07 00:00:00-04:00,15.119507529264194,15.67034378375043,15.119507529264194,15.147998809814453,2500,0.0,0.0
2022-06-08 00:00:00-04:00,15.147998809814453,15.147998809814453,15.147998809814453,15.147998809814453,0,0.0,0.0
2022-06-09 00:00:00-04:00,15.129006432267774,15.163195610046387,15.119509035897462,15.163195610046387,1100,0.0,0.0
2022-06-10 00:00:00-04:00,15.138502629937594,15.157497422310607,15.119508743286133,15.119508743286133,1700,0.0,0.0
2022-06-13 00:00:00-04:00,15.185987966119733,15.20498275756836,15.147999288943982,15.20498275756836,1300,0.0,0.0
2022-06-14 00:00:00-04:00,15.11950902345812,15.133755118001867,15.05302906036377,15.05302906036377,6900,0.0,0.0
2022-06-15 00:00:00-04:00,15.124257721639369,15.185988986552472,15.05302906036377,15.05302906036377,600,0.0,0.0
2022-06-16 00:00:00-04:00,15.05302780438626,15.19548511505127,15.05302780438626,15.19548511505127,700,0.0,0.0
2022-06-17 00:00:00-04:00,15.242970360179061,15.660846710205078,15.16224521458109,15.660846710205078,4900,0.0,0.0
2022-06-21 00:00:00-04:00,15.670343363330236,15.670343363330236,15.632353782653809,15.632353782653809,500,0.0,0.0
2022-06-22 00:00:00-04:00,15.66084580387773,15.66084580387773,15.508891105651855,15.508891105651855,400,0.0,0.0
2022-06-23 00:00:00-04:00,15.537385556867918,15.537385556867918,15.176491737365723,15.176491737365723,1700,0.0,0.0
2022-06-24 00:00:00-04:00,15.461407697199057,18.547990798950195,15.361685943368807,18.547990798950195,12400,0.0,0.0
2022-06-27 00:00:00-04:00,18.28206794276772,18.396034877627677,17.106316461521338,18.07977867126465,6000,0.0,0.0
2022-06-28 00:00:00-04:00,18.396038055419922,18.396038055419922,18.396038055419922,18.396038055419922,200,0.0,0.0
2022-06-29 00:00:00-04:00,17.094924030729317,17.683749988822836,16.904979705810547,16.904979705810547,2400,0.0,0.0
2022-06-30 00:00:00-04:00,17.531793666084777,18.09212743916876,16.52509307861328,16.52509307861328,2700,0.0,0.0
2022-07-01 00:00:00-04:00,17.22788295278396,18.168103501514487,17.09492302006749,18.10162353515625,3800,0.0,0.0
2022-07-05 00:00:00-04:00,17.569782066744487,17.987658471752244,17.284867406455653,17.949668884277344,3800,0.0,0.0
2022-07-06 00:00:00-04:00,17.921175762503733,17.930671346476046,17.759723663330078,17.759723663330078,1400,0.0,0.0
2022-07-07 00:00:00-04:00,16.952463150024414,16.952463150024414,16.952463150024414,16.952463150024414,600,0.0,0.0
2022-07-08 00:00:00-04:00,17.560280676800378,17.560280676800378,16.62006033791436,17.094919204711914,2200,0.0,0.0
2022-07-11 00:00:00-04:00,17.113916397094727,17.113916397094727,17.113916397094727,17.113916397094727,600,0.0,0.0
2022-07-12 00:00:00-04:00,17.379837036132812,17.379837036132812,17.379837036132812,17.379837036132812,600,0.0,0.0
2022-07-13 00:00:00-04:00,17.474807739257812,17.474807739257812,17.474807739257812,17.474807739257812,300,0.0,0.0
2022-07-14 00:00:00-04:00,17.66475184021131,17.66475184021131,16.62006187438965,16.62006187438965,400,0.0,0.0
2022-07-15 00:00:00-04:00,16.914474487304688,16.914474487304688,16.914474487304688,16.914474487304688,500,0.0,0.0
2022-07-18 00:00:00-04:00,17.3133602142334,17.3133602142334,17.3133602142334,17.3133602142334,300,0.0,0.0
2022-07-19 00:00:00-04:00,16.914472328124855,17.094919204711914,16.857489771313137,17.094919204711914,1500,0.0,0.0
2022-07-20 00:00:00-04:00,17.512797093111285,17.56977965505879,17.10441814102769,17.437768936157227,5000,0.0,0.0
2022-07-21 00:00:00-04:00,17.0949213869263,17.511846742652935,16.914474487304688,16.914474487304688,2300,0.0,0.0
2022-07-22 00:00:00-04:00,17.360841751098633,17.360841751098633,17.360841751098633,17.360841751098633,300,0.0,0.0
2022-07-25 00:00:00-04:00,17.360841751098633,17.360841751098633,17.360841751098633,17.360841751098633,300,0.0,0.0
2022-07-26 00:00:00-04:00,17.75972557074234,17.75972557074234,17.104419708251953,17.104419708251953,600,0.0,0.0
2022-07-27 00:00:00-04:00,17.67425082181541,18.187097549438477,17.51279870523269,18.187097549438477,18100,0.0,0.0
2022-07-28 00:00:00-04:00,17.750228252978474,17.759725649455866,17.379837036132812,17.379837036132812,3300,0.0,0.0
2022-07-29 00:00:00-04:00,17.702739715576172,17.702739715576172,17.702739715576172,17.702739715576172,200,0.0,0.0
2022-08-01 00:00:00-04:00,17.69324209921517,17.75022647236313,16.92397117614746,16.92397117614746,3400,0.0,0.0
2022-08-02 00:00:00-04:00,17.094921292476883,17.094921292476883,15.90777398049932,16.639057159423828,1500,0.0,0.0
2022-08-03 00:00:00-04:00,16.71503257751465,16.71503257751465,16.71503257751465,16.71503257751465,300,0.0,0.0
2022-08-04 00:00:00-04:00,16.828998463602172,17.436819076538086,16.828998463602172,17.436819076538086,1800,0.0,0.0
2022-08-05 00:00:00-04:00,17.750224552003782,17.807207107543945,17.750224552003782,17.807207107543945,800,0.0,0.0
2022-08-08 00:00:00-04:00,17.9401681454022,18.37703926276433,17.9401681454022,18.04463768005371,17200,0.0,0.0
2022-08-09 00:00:00-04:00,18.17760401645824,18.17760401645824,18.03514666247641,18.11112403869629,15800,0.0,0.0
2022-08-10 00:00:00-04:00,18.396032596230746,18.500500311166846,18.04463625114728,18.13960838317871,12500,0.0,0.0
2022-08-11 00:00:00-04:00,18.50999917127142,18.50999917127142,17.010394359043858,18.04463768005371,19600,0.0,0.0
2022-08-12 00:00:00-04:00,18.45301661211737,18.45301661211737,17.569778793736507,18.04463768005371,8900,0.0,0.0
2022-08-15 00:00:00-04:00,18.04463768005371,18.47201140231635,18.04463768005371,18.04463768005371,23100,0.0,0.0
2022-08-16 00:00:00-04:00,18.044642245066942,18.05413964256913,17.783470153808594,17.783470153808594,4900,0.0,0.0
2022-08-17 00:00:00-04:00,18.367539708263145,18.367539708263145,17.61726188659668,17.61726188659668,1100,0.0,0.0
2022-08-18 00:00:00-04:00,17.740729112464283,17.740729112464283,17.64575696846994,17.655254364013672,1100,0.0,0.0
2022-08-19 00:00:00-04:00,17.579278730382036,17.693243865166796,17.579278730382036,17.607770919799805,600,0.0,0.0
2022-08-22 00:00:00-04:00,17.607770919799805,17.607770919799805,17.607770919799805,17.607770919799805,0,0.0,0.0
2022-08-23 00:00:00-04:00,17.607770919799805,17.607770919799805,17.607770919799805,17.607770919799805,0,0.0,0.0
2022-08-24 00:00:00-04:00,18.044638386682347,18.044638386682347,17.987655825296855,18.035140991210938,11200,0.0,0.0
2022-08-25 00:00:00-04:00,18.035140991210938,18.035140991210938,18.035140991210938,18.035140991210938,0,0.0,0.0
2022-08-26 00:00:00-04:00,17.617267922381313,17.617267922381313,17.588777542114258,17.588777542114258,300,0.0,0.0
2022-08-29 00:00:00-04:00,17.569779036814133,17.598271222506796,17.094920143927265,17.28486442565918,5400,0.0,0.0
2022-08-30 00:00:00-04:00,17.93067126740811,17.987655639648438,17.93067126740811,17.987655639648438,900,0.0,0.0
2022-08-31 00:00:00-04:00,18.016268686413202,18.311931376451646,17.930431365966797,17.930431365966797,1600,0.08,0.0
2022-09-01 00:00:00-04:00,18.12118148803711,18.12118148803711,17.930431481564913,18.12118148803711,4900,0.0,0.0
2022-09-02 00:00:00-04:00,17.83505815371253,18.12118134198791,17.701532422607404,17.739683151245117,4700,0.0,0.0
2022-09-06 00:00:00-04:00,17.119747161865234,17.119747161865234,17.119747161865234,17.119747161865234,200,0.0,0.0
2022-09-07 00:00:00-04:00,18.226094859665952,18.226094859665952,17.348648071289062,17.348648071289062,600,0.0,0.0
2022-09-08 00:00:00-04:00,17.491709013456497,18.254705401091517,17.167435093929893,18.12118148803711,3400,0.0,0.0
2022-09-09 00:00:00-04:00,18.121180290003373,18.121180290003373,17.691993713378906,17.691993713378906,7500,0.0,0.0
2022-09-12 00:00:00-04:00,18.121183515729264,19.046316966646533,18.121183515729264,18.578981399536133,6400,0.0,0.0
2022-09-13 00:00:00-04:00,18.35008050285282,18.35008050285282,18.02675980407581,18.28904151916504,1800,0.0,0.0
2022-09-14 00:00:00-04:00,17.758756536895618,17.758756536895618,17.644306182861328,17.644306182861328,1300,0.0,0.0
2022-09-15 00:00:00-04:00,17.64430712130129,17.64430712130129,17.41540822018502,17.634769439697266,4800,0.0,0.0
2022-09-16 00:00:00-04:00,17.515550770244403,21.363916986748425,17.515550770244403,20.64860725402832,29400,0.0,0.0
2022-09-19 00:00:00-04:00,20.124050640347807,20.124050640347807,17.482172513427134,18.970016479492188,22500,0.0,0.0
2022-09-20 00:00:00-04:00,18.56943982143495,18.831721509452706,18.12117971495073,18.31192970275879,7000,0.0,0.0
2022-09-21 00:00:00-04:00,18.311932368275787,18.359618962605794,17.88274574279785,17.88274574279785,6000,0.0,0.0
2022-09-22 00:00:00-04:00,17.31049919128418,17.31049919128418,17.31049919128418,17.31049919128418,1200,0.0,0.0
2022-09-23 00:00:00-04:00,17.310493416004814,18.111640381097324,16.213685634000665,17.176969528198242,14700,0.0,0.0
2022-09-26 00:00:00-04:00,16.59518629476141,17.16743447440011,16.576110930977197,16.690561294555664,7500,0.0,0.0
2022-09-27 00:00:00-04:00,16.289990322741613,16.29952800613962,15.841730117797852,15.841730117797852,6300,0.0,0.0
2022-09-28 00:00:00-04:00,16.213688750765215,16.213688750765215,15.975252151489258,15.975252151489258,1700,0.0,0.0
2022-09-29 00:00:00-04:00,15.498376846313477,15.498376846313477,15.498376846313477,15.498376846313477,1800,0.0,0.0
2022-09-30 00:00:00-04:00,15.498378840023113,16.213688632639563,15.498378840023113,15.784502029418945,3100,0.0,0.0
2022-10-03 00:00:00-04:00,15.832190499004541,15.832190499004541,15.81311513454038,15.822652816772461,800,0.0,0.0
2022-10-04 00:00:00-04:00,16.213689286072373,17.329572680290667,16.213689286072373,17.272348403930664,8000,0.0,0.0
2022-10-05 00:00:00-04:00,16.881310748714693,17.548932087450208,15.422078210652343,17.501245498657227,8900,0.0,0.0
2022-10-06 00:00:00-04:00,17.38679425062917,17.835056166542927,16.938534153842074,17.644306182861328,6800,0.0,0.0
2022-10-07 00:00:00-04:00,17.482168907671824,17.548930854943837,17.072057723999023,17.072057723999023,4900,0.0,0.0
2022-10-10 00:00:00-04:00,17.27234753756974,17.27234753756974,15.785456915421737,16.432096481323242,3100,0.0,0.0
2022-10-11 00:00:00-04:00,16.404436111450195,16.404436111450195,16.404436111450195,16.404436111450195,600,0.0,0.0
2022-10-12 00:00:00-04:00,16.499813079833984,16.499813079833984,16.499813079833984,16.499813079833984,500,0.0,0.0
2022-10-13 00:00:00-04:00,16.42351188398337,16.566575295198334,16.218456268310547,16.218456268310547,5100,0.0,0.0
2022-10-14 00:00:00-04:00,16.223227034904774,16.223227034904774,15.6700541768272,16.212736129760742,2900,0.0,0.0
2022-10-17 00:00:00-04:00,16.49980987101895,16.80977813881803,15.755888938903809,15.755888938903809,3900,0.0,0.0
2022-10-18 00:00:00-04:00,16.070626308523916,16.565619803919724,16.070626308523916,16.213687896728516,5800,0.0,0.0
2022-10-19 00:00:00-04:00,16.213687532281583,16.213687532281583,15.54511115441413,15.546064376831055,2500,0.0,0.0
2022-10-20 00:00:00-04:00,16.022937735883488,16.404437726030956,15.650024024100547,15.832189559936523,13700,0.0,0.0
2022-10-21 00:00:00-04:00,16.45212448344511,16.46166216520899,16.166001307035913,16.213687896728516,5700,0.0,0.0
2022-10-24 00:00:00-04:00,16.04201134399138,16.194610595703125,15.860799050411218,16.194610595703125,8600,0.0,0.0
2022-10-25 00:00:00-04:00,15.860800743103027,15.860800743103027,15.860800743103027,15.860800743103027,500,0.0,0.0
2022-10-26 00:00:00-04:00,15.860800743103027,15.860800743103027,15.860800743103027,15.860800743103027,0,0.0,0.0
2022-10-27 00:00:00-04:00,15.860800743103027,15.860800743103027,15.860800743103027,15.860800743103027,400,0.0,0.0
2022-10-28 00:00:00-04:00,15.860800743103027,15.860800743103027,15.860800743103027,15.860800743103027,0,0.0,0.0
2022-10-31 00:00:00-04:00,15.727277770369808,16.16600205620577,15.727277770369808,15.736815452575684,9900,0.0,0.0
2022-11-01 00:00:00-04:00,15.975251228061794,16.042013180939676,15.975251228061794,15.9943265914917,5600,0.0,0.0
2022-11-02 00:00:00-04:00,15.9943265914917,15.9943265914917,15.9943265914917,15.9943265914917,0,0.0,0.0
2022-11-03 00:00:00-04:00,15.975252151489258,15.975252151489258,15.92756555928482,15.975252151489258,7100,0.0,0.0
2022-11-04 00:00:00-04:00,15.975252151489258,16.22322643303148,15.498378952937339,15.975252151489258,11100,0.0,0.0
2022-11-07 00:00:00-05:00,15.975251167495768,15.975251167495768,15.021504829137811,15.956175804138184,3200,0.0,0.0
2022-11-08 00:00:00-05:00,15.975251010232785,15.975251010232785,15.021504681263663,15.52699089050293,1000,0.0,0.0
2022-11-09 00:00:00-05:00,15.536528464786526,15.96571321838246,15.021504577519313,15.460227012634277,2600,0.0,0.0
2022-11-10 00:00:00-05:00,15.403003677443841,15.612829045343185,15.250404402131695,15.279017448425293,6100,0.0,0.0
2022-11-11 00:00:00-05:00,15.26089437686862,15.403002738952637,15.26089437686862,15.403002738952637,2900,0.0,0.0
2022-11-14 00:00:00-05:00,15.403002738952637,15.546064323450302,15.403002738952637,15.403002738952637,7100,0.0,0.0
2022-11-15 00:00:00-05:00,15.393464088439941,15.393464088439941,15.393464088439941,15.393464088439941,200,0.0,0.0
2022-11-16 00:00:00-05:00,15.68912896000886,15.975252151489258,15.366761484440527,15.975252151489258,2900,0.0,0.0
2022-11-17 00:00:00-05:00,15.975249980046199,15.975249980046199,15.403001855741604,15.498376846313477,4900,0.0,0.0
2022-11-18 00:00:00-05:00,15.498376846313477,15.498376846313477,15.498376846313477,15.498376846313477,300,0.0,0.0
2022-11-21 00:00:00-05:00,15.574679423259967,15.727278709411621,15.546066374933913,15.727278709411621,1800,0.0,0.0
2022-11-22 00:00:00-05:00,15.555603056858782,15.555603056858782,15.498378783015477,15.517454147338867,1500,0.0,0.0
2022-11-23 00:00:00-05:00,15.517454147338867,15.517454147338867,15.517454147338867,15.517454147338867,100,0.0,0.0
2022-11-25 00:00:00-05:00,15.62236401010025,15.62236401010025,15.546064376831055,15.546064376831055,1700,0.0,0.0
2022-11-28 00:00:00-05:00,15.602334476369567,15.975249980046199,15.317164546139582,15.498376846313477,5800,0.0,0.0
2022-11-29 00:00:00-05:00,15.39346506907846,15.39346506907846,15.355316162109375,15.355316162109375,300,0.0,0.0
2022-11-30 00:00:00-05:00,15.513470306616115,15.575773914171922,15.336146623184662,15.384071350097656,8300,0.08,0.0
2022-12-01 00:00:00-05:00,15.384071350097656,15.71954992312205,15.384071350097656,15.384071350097656,2700,0.0,0.0
2022-12-02 00:00:00-05:00,15.575773788220955,15.815401077270508,15.575773788220955,15.815401077270508,3600,0.0,0.0
2022-12-05 00:00:00-05:00,15.575774192810059,15.623698920580388,15.575774192810059,15.575774192810059,1800,0.0,0.0
2022-12-06 00:00:00-05:00,15.575773072621178,15.659163262999394,14.7706252721488,15.096518516540527,11000,0.0,0.0
2022-12-07 00:00:00-05:00,15.096518516540527,15.096518516540527,15.096518516540527,15.096518516540527,0,0.0,0.0
2022-12-08 00:00:00-05:00,15.336146354675293,15.336146354675293,15.336146354675293,15.336146354675293,100,0.0,0.0
2022-12-09 00:00:00-05:00,15.336146354675293,15.336146354675293,15.336146354675293,15.336146354675293,0,0.0,0.0
2022-12-12 00:00:00-05:00,15.264257431030273,15.264257431030273,15.264257431030273,15.264257431030273,300,0.0,0.0
2022-12-13 00:00:00-05:00,15.264257431030273,15.264257431030273,15.264257431030273,15.264257431030273,0,0.0,0.0
2022-12-14 00:00:00-05:00,15.240294675035452,15.240294675035452,14.818551063537598,14.818551063537598,600,0.0,0.0
2022-12-15 00:00:00-05:00,15.2402946823886,15.336145960282579,14.856891399023748,14.971912384033203,10800,0.0,0.0
2022-12-16 00:00:00-05:00,14.981496980631743,15.336145229368224,14.856890690950467,15.307390213012695,5100,0.0,0.0
2022-12-19 00:00:00-05:00,15.326559066772461,15.326559066772461,15.326559066772461,15.326559066772461,300,0.0,0.0
2022-12-20 00:00:00-05:00,15.326561586339755,15.575774192810059,15.326561586339755,15.575774192810059,2400,0.0,0.0
2022-12-21 00:00:00-05:00,15.695587432745732,15.815401077270508,15.527849061695497,15.815401077270508,4400,0.0,0.0
2022-12-22 00:00:00-05:00,15.604530126398961,15.911252771835894,15.431998181287893,15.575774192810059,35200,0.0,0.0
2022-12-23 00:00:00-05:00,15.575773855652093,16.055028435826003,15.336146565565137,15.671625137329102,24600,0.0,0.0
2022-12-27 00:00:00-05:00,15.863325942419776,16.055028506619088,15.345731944219462,15.527849197387695,6500,0.0,0.0
2022-12-28 00:00:00-05:00,15.815401077270508,15.815401077270508,15.815401077270508,15.815401077270508,400,0.0,0.0
2022-12-29 00:00:00-05:00,15.815401077270508,15.815401077270508,15.815401077270508,15.815401077270508,400,0.0,0.0
2022-12-30 00:00:00-05:00,16.026273727416992,16.026273727416992,16.026273727416992,16.026273727416992,400,0.0,0.0
2023-01-03 00:00:00-05:00,15.911249122164715,16.055025100708008,15.911249122164715,16.055025100708008,3600,0.0,0.0
2023-01-04 00:00:00-05:00,16.055025100708008,16.055025100708008,16.055025100708008,16.055025100708008,0,0.0,0.0
2023-01-05 00:00:00-05:00,15.815401077270508,15.815401077270508,15.815401077270508,15.815401077270508,700,0.0,0.0
2023-01-06 00:00:00-05:00,16.055028178008047,17.34901588934047,16.055028178008047,16.390506744384766,11000,0.0,0.0
2023-01-09 00:00:00-05:00,16.582206686589334,16.869760513305664,16.486357239228244,16.869760513305664,1800,0.0,0.0
2023-01-10 00:00:00-05:00,16.783495038390658,17.29150553401511,16.773909727732338,17.253164291381836,3800,0.0,0.0
2023-01-11 00:00:00-05:00,17.25316543761698,17.895366668701172,17.25316543761698,17.895366668701172,1600,0.0,0.0
2023-01-12 00:00:00-05:00,17.847442489024246,17.847442489024246,17.40652729695154,17.828271865844727,1200,0.0,0.0
2023-01-13 00:00:00-05:00,17.349016319122878,17.492792328785736,17.224409103393555,17.224409103393555,3200,0.0,0.0
2023-01-17 00:00:00-05:00,17.224409103393555,17.224409103393555,17.224409103393555,17.224409103393555,0,0.0,0.0
2023-01-18 00:00:00-05:00,17.33943025909563,17.33943025909563,17.253164291381836,17.253164291381836,1500,0.0,0.0
2023-01-19 00:00:00-05:00,17.15731369443872,17.20524024963379,16.725985666949963,17.20524024963379,1300,0.0,0.0
2023-01-20 00:00:00-05:00,17.25316682334364,17.25316682334364,16.821836921475512,17.123767852783203,8500,0.0,0.0
2023-01-23 00:00:00-05:00,17.123767852783203,17.123767852783203,17.123767852783203,17.123767852783203,0,0.0,0.0
2023-01-24 00:00:00-05:00,17.243580730891214,17.713250031552306,17.19565600094649,17.54071807861328,7100,0.0,0.0
2023-01-25 00:00:00-05:00,17.54071807861328,17.54071807861328,17.54071807861328,17.54071807861328,0,0.0,0.0
2023-01-26 00:00:00-05:00,16.90810213664436,17.54071807861328,16.90810213664436,17.54071807861328,400,0.0,0.0
2023-01-27 00:00:00-05:00,17.684495924869974,17.684495924869974,17.406527372199044,17.54071807861328,900,0.0,0.0
2023-01-30 00:00:00-05:00,17.01353484358417,17.95287322998047,17.01353484358417,17.95287322998047,800,0.0,0.0
2023-01-31 00:00:00-05:00,17.943289287052412,18.690927026258713,17.44965769677104,18.019969940185547,22200,0.0,0.0
2023-02-01 00:00:00-05:00,18.432130946972933,18.432130946972933,17.69407844543457,17.69407844543457,1200,0.0,0.0
2023-02-02 00:00:00-05:00,17.895366866176932,18.43213150714909,17.895366866176932,17.933706283569336,2600,0.0,0.0
2023-02-03 00:00:00-05:00,17.78992890370676,18.067897428366916,17.559886932373047,17.559886932373047,2100,0.0,0.0
2023-02-06 00:00:00-05:00,18.154163360595703,18.154163360595703,18.154163360595703,18.154163360595703,700,0.0,0.0
2023-02-07 00:00:00-05:00,18.154163360595703,18.154163360595703,18.154163360595703,18.154163360595703,500,0.0,0.0
2023-02-08 00:00:00-05:00,18.154164729407086,18.154164729407086,17.828271455697568,17.91453742980957,1700,0.0,0.0
2023-02-09 00:00:00-05:00,17.904949046573503,18.02955441657333,17.492789869464165,17.885778427124023,2300,0.0,0.0
2023-02-10 00:00:00-05:00,18.14457893371582,18.15416424482921,18.14457893371582,18.14457893371582,1000,0.0,0.0
2023-02-13 00:00:00-05:00,18.01997070082692,18.144577910059926,18.010387218465358,18.134992599487305,5900,0.0,0.0
2023-02-14 00:00:00-05:00,17.435282365225326,18.14457893371582,17.435282365225326,18.14457893371582,4900,0.0,0.0
2023-02-15 00:00:00-05:00,18.19250608778238,18.480059974907636,18.163751978817835,18.38420867919922,4800,0.0,0.0
2023-02-16 00:00:00-05:00,18.326693526546382,18.33627700805664,18.211671638103464,18.33627700805664,3100,0.0,0.0
2023-02-17 00:00:00-05:00,18.307524750958965,18.7388527625869,18.307524750958965,18.317110061645508,5800,0.0,0.0
2023-02-21 00:00:00-05:00,18.432130813598633,18.432130813598633,18.432130813598633,18.432130813598633,700,0.0,0.0
2023-02-22 00:00:00-05:00,17.69407844543457,17.69407844543457,17.69407844543457,17.69407844543457,300,0.0,0.0
2023-02-23 00:00:00-05:00,18.163749417316616,18.451301435679103,18.163749417316616,18.432130813598633,6500,0.0,0.0
2023-02-24 00:00:00-05:00,18.432130813598633,18.432130813598633,18.432130813598633,18.432130813598633,0,0.0,0.0
2023-02-27 00:00:00-05:00,18.432128023540567,18.4512986427192,18.432128023540567,18.441713333129883,2200,0.0,0.0
2023-02-28 00:00:00-05:00,18.124085906054887,18.499464688313854,17.95179557800293,17.95179557800293,1700,0.08,0.0
2023-03-01 00:00:00-05:00,18.047089146411544,18.27809166718423,17.998964309692383,17.998964309692383,1200,0.0,0.0
2023-03-02 00:00:00-05:00,18.422464651754126,18.422464651754126,17.56583023071289,17.56583023071289,2400,0.0,0.0
2023-03-03 00:00:00-05:00,18.1433373451929,18.1433373451929,17.56583023071289,17.56583023071289,2600,0.0,0.0
2023-03-06 00:00:00-05:00,17.710206985473633,17.710206985473633,17.710206985473633,17.710206985473633,400,0.0,0.0
2023-03-07 00:00:00-05:00,17.710206985473633,17.710206985473633,17.710206985473633,17.710206985473633,200,0.0,0.0
2023-03-08 00:00:00-05:00,17.710206985473633,17.710206985473633,17.710206985473633,17.710206985473633,100,0.0,0.0
2023-03-09 00:00:00-05:00,17.565830540224386,17.565830540224386,16.997948748494775,17.0075740814209,3500,0.0,0.0
2023-03-10 00:00:00-05:00,16.74769455986693,17.007573025199456,16.74769455986693,16.997947692871094,600,0.0,0.0
2023-03-13 00:00:00-04:00,17.036450514521515,17.036450514521515,15.660059080353461,16.36269187927246,3800,0.0,0.0
2023-03-14 00:00:00-04:00,16.949823469800283,17.541767660210642,16.372316360473633,16.372316360473633,2700,0.0,0.0
2023-03-15 00:00:00-04:00,16.28569174679127,17.267453742170858,16.28569174679127,17.228952407836914,3800,0.0,0.0
2023-03-16 00:00:00-04:00,16.72844419888952,17.228950473983776,16.651443374709206,16.930572509765625,3400,0.0,0.0
2023-03-17 00:00:00-04:00,16.31456756591797,16.31456756591797,16.31456756591797,16.31456756591797,2300,0.0,0.0
2023-03-20 00:00:00-04:00,16.167302536933988,16.324190139770508,16.00656149640464,16.324190139770508,4000,0.0,0.0
2023-03-21 00:00:00-04:00,15.987315673835111,16.843950271606445,15.833313989648014,16.843950271606445,4700,0.0,0.0
2023-03-22 00:00:00-04:00,16.699573922161655,16.843950271606445,16.699573922161655,16.843950271606445,400,0.0,0.0
2023-03-23 00:00:00-04:00,16.487819076653285,16.487819076653285,15.149928850384512,16.025814056396484,10100,0.0,0.0
2023-03-24 00:00:00-04:00,15.640808593819598,15.833311587773682,14.45692013778242,15.198053359985352,10400,0.0,0.0
2023-03-27 00:00:00-04:00,15.688933048000418,15.688933048000418,14.822673267678262,15.063301086425781,5100,0.0,0.0
2023-03-28 00:00:00-04:00,15.024801479592469,16.516694219587507,15.005551730377752,15.640809059143066,2900,0.0,0.0
2023-03-29 00:00:00-04:00,15.602306365966797,15.602306365966797,15.602306365966797,15.602306365966797,300,0.0,0.0
2023-03-30 00:00:00-04:00,15.361679117389455,15.361679117389455,14.918923919199546,15.072925567626953,1100,0.0,0.0
2023-03-31 00:00:00-04:00,14.92373631603133,14.947798728942871,14.41841738358904,14.947798728942871,4400,0.0,0.0
2023-04-03 00:00:00-04:00,14.755297864355837,14.774548530578613,14.726422782943962,14.774548530578613,700,0.0,0.0
2023-04-04 00:00:00-04:00,14.43766975402832,14.43766975402832,14.43766975402832,14.43766975402832,3400,0.0,0.0
2023-04-05 00:00:00-04:00,14.341418313570877,14.341418313570877,13.796636920653691,14.24516773223877,1300,0.0,0.0
2023-04-06 00:00:00-04:00,14.197042465209961,14.197042465209961,14.197042465209961,14.197042465209961,200,0.0,0.0
2023-04-10 00:00:00-04:00,13.95641462681657,14.197042465209961,13.95641462681657,14.197042465209961,4700,0.0,0.0
2023-04-11 00:00:00-04:00,14.12966537475586,14.12966537475586,14.12966537475586,14.12966537475586,200,0.0,0.0
2023-04-12 00:00:00-04:00,14.12966537475586,14.12966537475586,14.12966537475586,14.12966537475586,100,0.0,0.0
2023-04-13 00:00:00-04:00,14.08154010772705,14.08154010772705,14.08154010772705,14.08154010772705,300,0.0,0.0
2023-04-14 00:00:00-04:00,14.08154010772705,14.08154010772705,14.08154010772705,14.08154010772705,0,0.0,0.0
2023-04-17 00:00:00-04:00,14.08154010772705,14.08154010772705,14.08154010772705,14.08154010772705,0,0.0,0.0
2023-04-18 00:00:00-04:00,14.08154010772705,14.08154010772705,14.08154010772705,14.08154010772705,0,0.0,0.0
2023-04-19 00:00:00-04:00,14.08154010772705,14.08154010772705,14.08154010772705,14.08154010772705,0,0.0,0.0
2023-04-20 00:00:00-04:00,13.667659753765145,13.763911247253418,13.475157684710872,13.763911247253418,2400,0.0,0.0
2023-04-21 00:00:00-04:00,13.686910629272461,13.686910629272461,13.686910629272461,13.686910629272461,200,0.0,0.0
2023-04-24 00:00:00-04:00,13.475157737731934,13.475157737731934,13.475157737731934,13.475157737731934,1600,0.0,0.0
2023-04-25 00:00:00-04:00,13.475157737731934,13.475157737731934,13.475157737731934,13.475157737731934,0,0.0,0.0
2023-04-26 00:00:00-04:00,13.86016261112913,14.148916190094804,13.783161779127926,14.04304027557373,1400,0.0,0.0
2023-04-27 00:00:00-04:00,14.437668899009969,14.437668899009969,13.956413269042969,13.956413269042969,1400,0.0,0.0
2023-04-28 00:00:00-04:00,13.956414234808133,14.04304040106417,13.860162734985352,13.860162734985352,1200,0.0,0.0
2023-05-01 00:00:00-04:00,13.720599069956883,13.860162734985352,13.720599069956883,13.860162734985352,400,0.0,0.0
2023-05-02 00:00:00-04:00,13.927539152030231,13.927539152030231,13.860162734985352,13.860162734985352,600,0.0,0.0
2023-05-03 00:00:00-04:00,13.946788699236455,13.946788699236455,13.542533874511719,13.542533874511719,600,0.0,0.0
2023-05-04 00:00:00-04:00,13.47612063819796,13.95641337122236,13.475157737731934,13.475157737731934,1500,0.0,0.0
2023-05-05 00:00:00-04:00,13.70616043207073,14.038227081298828,13.70616043207073,14.038227081298828,300,0.0,0.0
2023-05-08 00:00:00-04:00,14.004540292130093,14.050740242004395,14.004540292130093,14.050740242004395,300,0.0,0.0
2023-05-09 00:00:00-04:00,14.050740242004395,14.050740242004395,14.050740242004395,14.050740242004395,1200,0.0,0.0
2023-05-10 00:00:00-04:00,13.792786801429395,13.879412964956956,13.792786801429395,13.812037467956543,1400,0.0,0.0
2023-05-11 00:00:00-04:00,13.812037467956543,13.812037467956543,13.812037467956543,13.812037467956543,0,0.0,0.0
2023-05-12 00:00:00-04:00,13.561784744262695,13.561784744262695,13.561784744262695,13.561784744262695,100,0.0,0.0
2023-05-15 00:00:00-04:00,13.956413269042969,13.956413269042969,13.956413269042969,13.956413269042969,300,0.0,0.0
2023-05-16 00:00:00-04:00,13.956413269042969,13.956413269042969,13.956413269042969,13.956413269042969,0,0.0,0.0
2023-05-17 00:00:00-04:00,14.43766975402832,14.43766975402832,14.43766975402832,14.43766975402832,500,0.0,0.0
2023-05-18 00:00:00-04:00,13.581034068212478,13.763911728651962,12.993902507581208,13.71578598022461,5600,0.0,0.0
2023-05-19 00:00:00-04:00,13.475157737731934,13.475157737731934,13.475157737731934,13.475157737731934,500,0.0,0.0
2023-05-22 00:00:00-04:00,14.148915337445315,14.148915337445315,13.956413269042969,13.956413269042969,600,0.0,0.0
2023-05-23 00:00:00-04:00,13.956413269042969,13.956413269042969,13.956413269042969,13.956413269042969,0,0.0,0.0
2023-05-24 00:00:00-04:00,13.884224595395219,14.14891481493329,13.884224595395219,14.100789070129395,1600,0.0,0.0
2023-05-25 00:00:00-04:00,14.100789070129395,14.100789070129395,14.100789070129395,14.100789070129395,0,0.0,0.0
2023-05-26 00:00:00-04:00,14.100789070129395,14.100789070129395,14.100789070129395,14.100789070129395,300,0.0,0.0
2023-05-30 00:00:00-04:00,14.100789070129395,14.100789070129395,14.100789070129395,14.100789070129395,100,0.0,0.0
2023-05-31 00:00:00-04:00,14.178213119506836,14.178213119506836,14.178213119506836,14.178213119506836,200,0.08,0.0
2023-06-01 00:00:00-04:00,13.77173900604248,13.77173900604248,13.77173900604248,13.77173900604248,300,0.0,0.0
2023-06-02 00:00:00-04:00,13.742705184000318,13.858840611570974,13.694315191771961,13.839485168457031,3300,0.0,0.0
2023-06-05 00:00:00-04:00,14.013687133789062,14.013687133789062,14.013687133789062,14.013687133789062,300,0.0,0.0
2023-06-06 00:00:00-04:00,14.013687133789062,14.013687133789062,14.013687133789062,14.013687133789062,0,0.0,0.0
2023-06-07 00:00:00-04:00,14.149181508984997,14.168537877615377,14.023367881774902,14.023367881774902,500,0.0,0.0
2023-06-08 00:00:00-04:00,14.178213874999875,14.178213874999875,14.033044815063477,14.033044815063477,1300,0.0,0.0
2023-06-09 00:00:00-04:00,14.033044815063477,14.033044815063477,14.033044815063477,14.033044815063477,0,0.0,0.0
2023-06-12 00:00:00-04:00,13.626570701599121,13.626570701599121,13.626570701599121,13.626570701599121,400,0.0,0.0
2023-06-13 00:00:00-04:00,14.03304330763848,14.03304330763848,13.471721649169922,13.471721649169922,1500,0.0,0.0
2023-06-14 00:00:00-04:00,13.61689123383351,14.226602905597112,13.607213973999023,13.607213973999023,15700,0.0,0.0
2023-06-15 00:00:00-04:00,13.684637871583412,13.771738749657045,12.532959938049316,12.532959938049316,10400,0.0,0.0
2023-06-16 00:00:00-04:00,12.91040147707143,13.452366833110739,12.784587860107422,12.784587860107422,8500,0.0,0.0
2023-06-20 00:00:00-04:00,13.065247687719665,13.752382973399712,13.065247687719665,13.365264892578125,5700,0.0,0.0
2023-06-21 00:00:00-04:00,14.168536862647054,14.168536862647054,13.08460521697998,13.08460521697998,1000,0.0,0.0
2023-06-22 00:00:00-04:00,13.49107757662341,13.49107757662341,13.258806728130459,13.365264892578125,5000,0.0,0.0
2023-06-23 00:00:00-04:00,13.258808530005457,13.762063026428223,13.258808530005457,13.762063026428223,3100,0.0,0.0
2023-06-26 00:00:00-04:00,13.791095039802705,13.791095039802705,13.113637924194336,13.113637924194336,1000,0.0,0.0
2023-06-27 00:00:00-04:00,13.50075626373291,13.50075626373291,13.50075626373291,13.50075626373291,400,0.0,0.0
2023-06-28 00:00:00-04:00,13.09428117752879,13.694314658073692,13.065247552508216,13.278162956237793,2200,0.0,0.0
2023-06-29 00:00:00-04:00,13.307196901313286,13.452365952869958,13.113637858250284,13.389459609985352,3000,0.0,0.0
2023-06-30 00:00:00-04:00,13.394299339749354,13.394299339749354,13.065248489379883,13.065248489379883,2100,0.0,0.0
2023-07-03 00:00:00-04:00,13.065248489379883,13.065248489379883,13.065248489379883,13.065248489379883,400,0.0,0.0
2023-07-05 00:00:00-04:00,13.210417547854712,13.210417547854712,13.065248489379883,13.065248489379883,1500,0.0,0.0
2023-07-06 00:00:00-04:00,13.000406326747935,13.065249050455895,13.000406326747935,13.01685905456543,700,0.0,0.0
2023-07-07 00:00:00-04:00,13.065248418808737,13.065248418808737,12.794265747070312,12.794265747070312,1700,0.0,0.0
2023-07-10 00:00:00-04:00,12.697484794780884,12.968467445920815,12.116807685195313,12.58134937286377,9100,0.0,0.0
2023-07-11 00:00:00-04:00,12.610382841996252,12.987823650791146,12.145841160060023,12.678129196166992,4900,0.0,0.0
2023-07-12 00:00:00-04:00,12.542637410787787,12.900721854687532,12.542637410787787,12.678129196166992,3100,0.0,0.0
2023-07-13 00:00:00-04:00,12.58134937286377,12.58134937286377,12.58134937286377,12.58134937286377,900,0.0,0.0
2023-07-14 00:00:00-04:00,12.465214413600986,12.687807083129883,12.378112613189739,12.687807083129883,1400,0.0,0.0
2023-07-17 00:00:00-04:00,12.436180920109589,12.862010820808253,12.436180920109589,12.774909019470215,1500,0.0,0.0
2023-07-18 00:00:00-04:00,12.794265780936463,12.823299407958984,12.387791310771718,12.823299407958984,3200,0.0,0.0
2023-07-19 00:00:00-04:00,12.823299443280254,13.065248489379883,12.823299443280254,13.065248489379883,2700,0.0,0.0
2023-07-20 00:00:00-04:00,12.823300726145186,12.963631629943848,12.745877097484701,12.963631629943848,2300,0.0,0.0
2023-07-21 00:00:00-04:00,12.920078996021054,12.929756256087911,12.581349973698096,12.774909019470215,2700,0.0,0.0
2023-07-24 00:00:00-04:00,12.784587860107422,12.784587860107422,12.784587860107422,12.784587860107422,1200,0.0,0.0
2023-07-25 00:00:00-04:00,13.06524832626656,13.442689165736263,13.045891959798311,13.162028312683105,9200,0.0,0.0
2023-07-26 00:00:00-04:00,13.084605277362849,13.471723394400994,13.074927093696298,13.35558795928955,3100,0.0,0.0
2023-07-27 00:00:00-04:00,13.278163703201,13.394299132778798,12.920079231262207,12.920079231262207,10700,0.0,0.0
2023-07-28 00:00:00-04:00,13.045892157297665,13.389460283611498,12.953952184068674,13.307197570800781,19300,0.0,0.0
2023-07-31 00:00:00-04:00,13.549146717992322,14.033044815063477,13.510434907145125,14.033044815063477,10000,0.0,0.0
2023-08-01 00:00:00-04:00,14.013688248182053,14.03304461481062,13.549146524644737,13.8878755569458,1200,0.0,0.0
2023-08-02 00:00:00-04:00,13.771738015957249,14.304026053848267,13.742704391479492,13.742704391479492,18000,0.0,0.0
2023-08-03 00:00:00-04:00,13.549145541653855,14.294348989466718,13.549145541653855,13.645925521850586,5500,0.0,0.0
2023-08-04 00:00:00-04:00,13.607215896439675,14.120147658627417,13.597537712275534,13.849164962768555,3300,0.0,0.0
2023-08-07 00:00:00-04:00,13.55882453918457,13.55882453918457,13.55882453918457,13.55882453918457,300,0.0,0.0
2023-08-08 00:00:00-04:00,13.742704391479492,14.516941453597129,13.44752720953737,13.742704391479492,4300,0.0,0.0
2023-08-09 00:00:00-04:00,13.723350068464034,14.066917267857916,13.515273742988933,13.858840942382812,7700,0.0,0.0
2023-08-10 00:00:00-04:00,14.284670595821149,14.284670595821149,13.868517979270415,13.926586151123047,1100,0.0,0.0
2023-08-11 00:00:00-04:00,13.771739784273665,13.849164331092934,13.771739784273665,13.801741600036621,2000,0.0,0.0
2023-08-14 00:00:00-04:00,13.626569622742236,14.037883168204457,13.626569622742236,13.7523832321167,1700,0.0,0.0
2023-08-15 00:00:00-04:00,13.7523832321167,13.7523832321167,13.7523832321167,13.7523832321167,600,0.0,0.0
2023-08-16 00:00:00-04:00,14.013688248182053,14.013688248182053,13.834646471679598,13.8878755569458,3500,0.0,0.0
2023-08-17 00:00:00-04:00,14.086273193359375,14.086273193359375,14.086273193359375,14.086273193359375,200,0.0,0.0
2023-08-18 00:00:00-04:00,14.013687133789062,14.013687133789062,14.013687133789062,14.013687133789062,500,0.0,0.0
2023-08-21 00:00:00-04:00,14.013687133789062,14.013687133789062,14.013687133789062,14.013687133789062,100,0.0,0.0
2023-08-22 00:00:00-04:00,13.82980774140838,13.999172261984567,13.645926868443803,13.936264991760254,2800,0.0,0.0
2023-08-23 00:00:00-04:00,13.70399322964063,13.91690863941254,13.539467811584473,13.539467811584473,5200,0.0,0.0
2023-08-24 00:00:00-04:00,13.645926640351068,13.645926640351068,13.539468468816267,13.54914665222168,2200,0.0,0.0
2023-08-25 00:00:00-04:00,13.54914665222168,13.54914665222168,13.54914665222168,13.54914665222168,0,0.0,0.0
2023-08-28 00:00:00-04:00,13.491079330444336,13.491079330444336,13.491079330444336,13.491079330444336,200,0.0,0.0
2023-08-29 00:00:00-04:00,13.491079330444336,13.491079330444336,13.491079330444336,13.491079330444336,100,0.0,0.0
2023-08-30 00:00:00-04:00,13.694314999533749,13.694314999533749,13.297518730163574,13.297518730163574,1200,0.0,0.0
2023-08-31 00:00:00-04:00,13.141764633596853,13.385130645330129,13.140790775922033,13.258580207824707,9100,0.08,0.0
2023-09-01 00:00:00-04:00,14.115230080209692,14.115230080209692,14.056821823120117,14.056821823120117,500,0.0,0.0
2023-09-05 00:00:00-04:00,14.475410798811568,14.475410798811568,13.278050422668457,13.278050422668457,5300,0.0,0.0
2023-09-06 00:00:00-04:00,12.995746412719855,13.141765659815153,12.494412055188597,12.674503326416016,11500,0.0,0.0
2023-09-07 00:00:00-04:00,12.947072017598027,12.947072017598027,12.382462944309829,12.657953262329102,2300,0.0,0.0
2023-09-08 00:00:00-04:00,12.528482453517615,12.77671590245515,12.333789825439453,12.333789825439453,4000,0.0,0.0
2023-09-11 00:00:00-04:00,12.168301098910366,12.168301098910366,12.109892845153809,12.109892845153809,2000,0.0,0.0
2023-09-12 00:00:00-04:00,12.178036446410552,12.314320829977369,12.168301582336426,12.168301582336426,1800,0.0,0.0
2023-09-13 00:00:00-04:00,12.255912283106621,13.093091014480315,12.16830037189019,13.015213966369629,3600,0.0,0.0
2023-09-14 00:00:00-04:00,12.168301050132708,12.849725723266602,12.168301050132708,12.849725723266602,4300,0.0,0.0
2023-09-15 00:00:00-04:00,12.168301476372614,13.141765594482422,12.168301476372614,13.141765594482422,8400,0.0,0.0
2023-09-18 00:00:00-04:00,13.093091727063586,13.793986126573138,12.655033075508001,13.278050422668457,4800,0.0,0.0
2023-09-19 00:00:00-04:00,13.063888854353973,13.063888854353973,12.528483390808105,12.528483390808105,13700,0.0,0.0
2023-09-20 00:00:00-04:00,12.187770830367182,12.470075378821747,11.876261690840707,12.070954322814941,3000,0.0,0.0
2023-09-21 00:00:00-04:00,12.070954322814941,12.070954322814941,12.070954322814941,12.070954322814941,900,0.0,0.0
2023-09-22 00:00:00-04:00,12.070954322814941,12.070954322814941,12.070954322814941,12.070954322814941,200,0.0,0.0
2023-09-25 00:00:00-04:00,12.528482467001856,12.528482467001856,12.070954094249984,12.178035736083984,2100,0.0,0.0
2023-09-26 00:00:00-04:00,12.168301582336426,12.168301582336426,12.168301582336426,12.168301582336426,200,0.0,0.0
2023-09-27 00:00:00-04:00,12.168301892273426,12.168301892273426,10.74704419412118,11.632896423339844,11600,0.0,0.0
2023-09-28 00:00:00-04:00,11.71077231920337,11.71077231920337,10.961205479764809,11.000144004821777,8600,0.0,0.0
2023-09-29 00:00:00-04:00,11.048817522123443,11.048817522123443,10.86385882966948,10.92713451385498,8300,0.0,0.0
2023-10-02 00:00:00-04:00,10.562085748030697,10.610758209837382,10.318719725526465,10.469606399536133,2600,0.0,0.0
2023-10-03 00:00:00-04:00,10.36739231950631,10.41606571030123,10.036415304509822,10.162964820861816,6700,0.0,0.0
2023-10-04 00:00:00-04:00,10.489076177358067,10.489076177358067,10.318720688402792,10.352791786193848,1900,0.0,0.0
2023-10-05 00:00:00-04:00,10.226239815580259,10.226239815580259,9.744375228881836,9.744375228881836,1900,0.0,0.0
2023-10-06 00:00:00-04:00,9.978006626279749,10.124025864097748,9.978006626279749,10.121106147766113,9200,0.0,0.0
2023-10-09 00:00:00-04:00,10.57181958304391,10.57181958304391,10.231107711791992,10.231107711791992,1600,0.0,0.0
2023-10-10 00:00:00-04:00,10.45987167395679,10.678901468450102,10.12402629852295,10.12402629852295,1700,0.0,0.0
2023-10-11 00:00:00-04:00,10.143495335337034,10.143495335337034,9.637293590703752,9.744375228881836,4600,0.0,0.0
2023-10-12 00:00:00-04:00,9.744376420560636,9.831988343105243,9.63729476928711,9.63729476928711,3100,0.0,0.0
2023-10-13 00:00:00-04:00,9.637293355059038,9.637293355059038,9.501008987426758,9.501008987426758,1000,0.0,0.0
2023-10-16 00:00:00-04:00,9.73464109976163,9.831987882106334,9.539948463439941,9.539948463439941,8300,0.0,0.0
2023-10-17 00:00:00-04:00,9.710304644876446,9.75897710656088,9.296582221984863,9.296582221984863,4800,0.0,0.0
2023-10-18 00:00:00-04:00,9.121358871459961,9.121358871459961,9.121358871459961,9.121358871459961,1200,0.0,0.0
2023-10-19 00:00:00-04:00,9.004543573360497,9.147643110868803,8.64436194183021,8.741707801818848,9400,0.0,0.0
2023-10-20 00:00:00-04:00,8.741707335009576,8.858523846146353,8.741707335009576,8.761177062988281,2500,0.0,0.0
2023-10-23 00:00:00-04:00,8.644361683669755,9.00454330444336,8.644361683669755,9.00454330444336,2500,0.0,0.0
2023-10-24 00:00:00-04:00,8.741707540751197,9.00454330444336,8.741707540751197,9.00454330444336,1700,0.0,0.0
2023-10-25 00:00:00-04:00,9.00454330444336,9.00454330444336,9.00454330444336,9.00454330444336,4900,0.0,0.0
2023-10-26 00:00:00-04:00,9.228439104564798,9.68596748566653,9.038613904565947,9.296582221984863,11000,0.0,0.0
2023-10-27 00:00:00-04:00,9.491275517291271,9.831988343105243,9.345256265295435,9.63729476928711,10000,0.0,0.0
2023-10-30 00:00:00-04:00,9.578886966470963,10.231107992774378,9.539948439305135,9.734641075134277,10500,0.0,0.0
2023-10-31 00:00:00-04:00,9.831988322727915,10.098716735839844,9.447469536438575,10.098716735839844,23200,0.0,0.0
2023-11-01 00:00:00-04:00,10.075352889923986,10.318718892788164,9.836853390153582,10.007209777832031,8000,0.0,0.0
2023-11-02 00:00:00-04:00,10.124026446292623,10.124026446292623,9.816411800148991,9.93420124053955,3100,0.0,0.0
2023-11-03 00:00:00-04:00,10.464739334726882,10.464739334726882,10.289515495300293,10.289515495300293,2300,0.0,0.0
2023-11-06 00:00:00-05:00,10.260310882436494,10.552350278344498,10.102609998560583,10.25057601928711,4600,0.0,0.0
2023-11-07 00:00:00-05:00,10.328453562849244,10.425800342274187,10.13376093236705,10.231107711791992,3500,0.0,0.0
2023-11-08 00:00:00-05:00,10.12402629852295,10.240842807831191,10.12402629852295,10.12402629852295,5300,0.0,0.0
2023-11-09 00:00:00-05:00,9.837827499595464,9.837827499595464,9.491274354635317,9.783313751220703,6400,0.0,0.0
2023-11-10 00:00:00-05:00,9.510744334672237,9.793048875615952,9.247908592224121,9.247908592224121,6900,0.0,0.0
2023-11-13 00:00:00-05:00,9.247908592224121,9.257643455655757,9.199235203433618,9.247908592224121,6300,0.0,0.0
2023-11-14 00:00:00-05:00,9.345255116771094,9.890394457034946,9.345255116771094,9.861190795898438,9400,0.0,0.0
2023-11-15 00:00:00-05:00,10.065618518571194,10.552350548069857,9.67623233795166,9.67623233795166,4300,0.0,0.0
2023-11-16 00:00:00-05:00,9.75411008038805,10.085087072597384,9.685966966619606,9.978006362915039,1500,0.0,0.0
2023-11-17 00:00:00-05:00,10.42580058101695,10.42580058101695,10.124026300583383,10.318719863891602,6100,0.0,0.0
2023-11-20 00:00:00-05:00,10.542616377271182,10.56208610534668,10.542616377271182,10.56208610534668,700,0.0,0.0
2023-11-21 00:00:00-05:00,10.36739184453708,10.416065233102088,9.987741456138885,10.18243408203125,4200,0.0,0.0
2023-11-22 00:00:00-05:00,10.340136528015137,10.340136528015137,10.340136528015137,10.340136528015137,500,0.0,0.0
2023-11-24 00:00:00-05:00,10.026679992675781,10.026679992675781,10.026679992675781,10.026679992675781,500,0.0,0.0
2023-11-27 00:00:00-05:00,10.56208610534668,10.56208610534668,10.56208610534668,10.56208610534668,4200,0.0,0.0
2023-11-28 00:00:00-05:00,10.552351465244042,10.552351465244042,10.318720293586503,10.532881736755371,2400,0.0,0.0
2023-11-29 00:00:00-05:00,10.2213716506958,10.562084410399361,10.2213716506958,10.2213716506958,2400,0.0,0.0
2023-11-30 00:00:00-05:00,10.201754574526124,10.201754574526124,9.956520080566406,9.956520080566406,3600,0.08,0.0
2023-12-01 00:00:00-05:00,10.152707747076112,10.260610580444336,10.152707747076112,10.260610580444336,5100,0.0,0.0
2023-12-04 00:00:00-05:00,10.407750129699707,10.407750129699707,10.407750129699707,10.407750129699707,500,0.0,0.0
2023-12-05 00:00:00-05:00,10.643176233253449,11.123835563659668,10.643176233253449,11.123835563659668,3600,0.0,0.0
2023-12-06 00:00:00-05:00,11.192500695545553,11.280785251541198,10.790316327561147,10.976694107055664,6400,0.0,0.0
2023-12-07 00:00:00-05:00,10.908028610492797,11.317079507980925,10.66279415179783,10.8246488571167,5800,0.0,0.0
2023-12-08 00:00:00-05:00,10.976693343649387,10.986502945965606,10.692221424945197,10.711840629577637,24400,0.0,0.0
2023-12-11 00:00:00-05:00,10.359684944152832,10.359684944152832,10.359684944152832,10.359684944152832,200,0.0,0.0
2023-12-12 00:00:00-05:00,10.682414592676226,11.555448767857209,10.682414592676226,11.290596008300781,6600,0.0,0.0
2023-12-13 00:00:00-05:00,11.22192927397586,11.869349080114622,11.22192927397586,11.575067520141602,1500,0.0,0.0
2023-12-14 00:00:00-05:00,11.437735557556152,11.437735557556152,11.437735557556152,11.437735557556152,800,0.0,0.0
2023-12-15 00:00:00-05:00,11.839919716530838,12.506957763263364,11.771254365424342,11.869348526000977,13200,0.0,0.0
2023-12-18 00:00:00-05:00,11.869348526000977,11.869348526000977,11.869348526000977,11.869348526000977,0,0.0,0.0
2023-12-19 00:00:00-05:00,11.967441495793922,12.055726051330566,11.673159955836853,12.055726051330566,3200,0.0,0.0
2023-12-20 00:00:00-05:00,12.457911691580245,12.928762390775299,11.820302402696361,12.359818458557129,11400,0.0,0.0
2023-12-21 00:00:00-05:00,12.408863067626953,12.408863067626953,12.408863067626953,12.408863067626953,1000,0.0,0.0
2023-12-22 00:00:00-05:00,12.399056122911134,12.399056122911134,11.89877753993278,12.261724472045898,1500,0.0,0.0
2023-12-26 00:00:00-05:00,12.752192497253418,12.752192497253418,12.752192497253418,12.752192497253418,500,0.0,0.0
2023-12-27 00:00:00-05:00,12.556005867212248,12.850287437438965,12.556005867212248,12.850287437438965,1600,0.0,0.0
2023-12-28 00:00:00-05:00,12.752192606681946,12.752192606681946,12.742383003234863,12.742383003234863,6500,0.0,0.0
2023-12-29 00:00:00-05:00,12.928762063839468,12.928762063839468,12.752192939169397,12.796335220336914,4400,0.0,0.0
2024-01-02 00:00:00-05:00,12.796335220336914,12.796335220336914,12.796335220336914,12.796335220336914,300,0.0,0.0
2024-01-03 00:00:00-05:00,12.605051281692965,13.144566330893865,12.605051281692965,12.99742603302002,5100,0.0,0.0
2024-01-04 00:00:00-05:00,12.752192497253418,12.752192497253418,12.752192497253418,12.752192497253418,1000,0.0,0.0
2024-01-05 00:00:00-05:00,12.752192832342933,12.879714872925799,12.369626710594341,12.477530479431152,11100,0.0,0.0
2024-01-08 00:00:00-05:00,12.742382893890513,13.173996086905671,12.742382893890513,12.752192497253418,3000,0.0,0.0
2024-01-09 00:00:00-05:00,12.752192497253418,12.752192497253418,12.408863863513874,12.752192497253418,31300,0.0,0.0
2024-01-10 00:00:00-05:00,12.428482273094415,12.457910145800401,12.408863067626953,12.408863067626953,1800,0.0,0.0
2024-01-11 00:00:00-05:00,12.438292546718875,12.516767501831055,12.438292546718875,12.516767501831055,1100,0.0,0.0
2024-01-12 00:00:00-05:00,12.516767501831055,12.516767501831055,12.516767501831055,12.516767501831055,300,0.0,0.0
2024-01-16 00:00:00-05:00,12.516767330103685,12.516767330103685,12.408863566683412,12.448101043701172,3200,0.0,0.0
2024-01-17 00:00:00-05:00,12.438292434175569,12.840476809360288,11.643732351484958,11.70258903503418,13800,0.0,0.0
2024-01-18 00:00:00-05:00,11.722207627629617,11.741826834516267,10.898219648295806,11.015932083129883,60700,0.0,0.0
2024-01-19 00:00:00-05:00,11.035551091899043,11.28078556060791,11.035551091899043,11.28078556060791,47800,0.0,0.0
2024-01-22 00:00:00-05:00,11.526019676791247,11.575066756131957,11.310213088989258,11.310213088989258,1400,0.0,0.0
2024-01-23 00:00:00-05:00,11.476973533630371,11.486783137397731,11.476973533630371,11.476973533630371,1900,0.0,0.0
2024-01-24 00:00:00-05:00,11.447544711637146,12.467720031738281,11.427925505724033,12.467720031738281,4500,0.0,0.0
2024-01-25 00:00:00-05:00,11.771254359502688,12.108696849763781,11.045360565185547,11.045360565185547,55100,0.0,0.0
2024-01-26 00:00:00-05:00,11.084597977700408,11.481877548079753,11.055170103911815,11.133645057678223,129000,0.0,0.0
2024-01-29 00:00:00-05:00,11.653541431538589,12.408863067626953,11.653541431538589,12.408863067626953,3600,0.0,0.0
2024-01-30 00:00:00-05:00,12.60505160666007,12.60505160666007,11.604494561738221,11.977251052856445,1300,0.0,0.0
2024-01-31 00:00:00-05:00,12.448101237185728,12.634479957538463,12.320580136517343,12.350008010864258,10400,0.0,0.0
2024-02-01 00:00:00-05:00,11.812453438358748,12.457910537719727,11.812453438358748,12.457910537719727,2300,0.0,0.0
2024-02-02 00:00:00-05:00,12.605051956697919,13.183804512023926,12.595242353515635,13.183804512023926,6600,0.0,0.0
2024-02-05 00:00:00-05:00,12.75219208803577,12.997426551267226,12.75219208803577,12.869904518127441,8300,0.0,0.0
2024-02-06 00:00:00-05:00,12.894428939529742,12.977807761628636,12.28624662796336,12.752192497253418,12300,0.0,0.0
2024-02-07 00:00:00-05:00,12.707070587457725,12.850287437438965,12.707070587457725,12.850287437438965,2200,0.0,0.0
2024-02-08 00:00:00-05:00,12.457910537719727,12.60505177686906,12.457910537719727,12.457910537719727,4400,0.0,0.0
2024-02-09 00:00:00-05:00,12.556005065305543,12.673717498779297,12.556005065305543,12.673717498779297,1900,0.0,0.0
2024-02-12 00:00:00-05:00,12.712955474853516,12.712955474853516,12.712955474853516,12.712955474853516,300,0.0,0.0
2024-02-13 00:00:00-05:00,12.511863577814918,12.806145147874911,12.359818458557129,12.359818458557129,27200,0.0,0.0
2024-02-14 00:00:00-05:00,12.379436492919922,12.379436492919922,12.379436492919922,12.379436492919922,100,0.0,0.0
2024-02-15 00:00:00-05:00,12.38924541185548,12.521672248840332,12.38924541185548,12.521672248840332,1100,0.0,0.0
2024-02-16 00:00:00-05:00,12.506957054138184,12.506957054138184,12.49714745153766,12.506957054138184,1500,0.0,0.0
2024-02-20 00:00:00-05:00,12.359818458557129,12.359818458557129,12.359818458557129,12.359818458557129,600,0.0,0.0
2024-02-21 00:00:00-05:00,12.359818458557129,12.72767018725829,12.359818458557129,12.359818458557129,900,0.0,0.0
2024-02-22 00:00:00-05:00,12.506957054138184,12.506957054138184,12.506957054138184,12.506957054138184,300,0.0,0.0
2024-02-23 00:00:00-05:00,12.487339716427366,12.75709821531317,12.423579160978916,12.428483963012695,23700,0.0,0.0
2024-02-26 00:00:00-05:00,12.438293567080251,12.438293567080251,12.428483963012695,12.428483963012695,400,0.0,0.0
2024-02-27 00:00:00-05:00,12.752192322711347,12.752192322711347,12.428482900128294,12.438292503356934,4000,0.0,0.0
2024-02-28 00:00:00-05:00,12.428483283705473,12.732573509216309,12.428483283705473,12.732573509216309,900,0.0,0.0
2024-02-29 00:00:00-05:00,13.81829709298237,13.81829709298237,12.633871816128954,12.929978370666504,6700,0.08,0.0
2024-03-01 00:00:00-05:00,12.929978370666504,12.929978370666504,12.929978370666504,12.929978370666504,300,0.0,0.0
2024-03-04 00:00:00-05:00,12.505558719018795,12.58452033996582,12.371324151668208,12.58452033996582,2200,0.0,0.0
2024-03-05 00:00:00-05:00,13.768944696129116,13.768944696129116,12.387115478515625,12.387115478515625,600,0.0,0.0
2024-03-06 00:00:00-05:00,12.40685567798571,12.841145515441895,12.40685567798571,12.841145515441895,700,0.0,0.0
2024-03-07 00:00:00-05:00,12.81844503237323,12.831275848869268,12.81844503237323,12.821405410766602,2500,0.0,0.0
2024-03-08 00:00:00-05:00,12.821405410766602,12.821405410766602,12.821405410766602,12.821405410766602,0,0.0,0.0
2024-03-11 00:00:00-04:00,12.821405410766602,12.821405410766602,12.821405410766602,12.821405410766602,0,0.0,0.0
2024-03-12 00:00:00-04:00,13.571541801267491,13.571541801267491,12.396986961364746,12.396986961364746,2300,0.0,0.0
2024-03-13 00:00:00-04:00,12.396986961364746,12.396986961364746,12.396986961364746,12.396986961364746,500,0.0,0.0
2024-03-14 00:00:00-04:00,12.436467395734658,12.806600342735132,12.436467395734658,12.63288402557373,4700,0.0,0.0
2024-03-15 00:00:00-04:00,12.633870763182085,12.83127480265591,12.387115478515625,12.387115478515625,11800,0.0,0.0
2024-03-18 00:00:00-04:00,12.729612204005505,12.729612204005505,12.416726112365723,12.416726112365723,1000,0.0,0.0
2024-03-19 00:00:00-04:00,12.387116002516866,12.44633674621582,12.385142103233132,12.44633674621582,11100,0.0,0.0
2024-03-20 00:00:00-04:00,12.387115478515625,12.387115478515625,12.387115478515625,12.387115478515625,2100,0.0,0.0
2024-03-21 00:00:00-04:00,12.564779824565669,12.781924759048286,12.564779824565669,12.732573509216309,6600,0.0,0.0
2024-03-22 00:00:00-04:00,12.73454715262575,12.81153392791748,12.663481133637937,12.81153392791748,7100,0.0,0.0
2024-03-25 00:00:00-04:00,12.81153392791748,12.81153392791748,12.81153392791748,12.81153392791748,0,0.0,0.0
2024-03-26 00:00:00-04:00,13.27543420187297,13.27543420187297,12.683222080102347,12.7128324508667,1400,0.0,0.0
2024-03-27 00:00:00-04:00,12.781923629749093,12.870755683338865,12.633870834630615,12.7128324508667,14500,0.0,0.0
2024-03-28 00:00:00-04:00,12.722703503349733,12.7819242477417,12.722703503349733,12.7819242477417,700,0.0,0.0
2024-04-01 00:00:00-04:00,12.831275703204685,13.01880931854248,12.831275703204685,13.01880931854248,900,0.0,0.0
2024-04-02 00:00:00-04:00,12.78192459965272,12.821405410766602,12.574650105980654,12.821405410766602,1000,0.0,0.0
2024-04-03 00:00:00-04:00,12.821405410766602,12.821405410766602,12.821405410766602,12.821405410766602,0,0.0,0.0
2024-04-04 00:00:00-04:00,12.683223020405535,12.683223020405535,12.60426139831543,12.60426139831543,15200,0.0,0.0
2024-04-05 00:00:00-04:00,12.60426139831543,12.60426139831543,12.60426139831543,12.60426139831543,0,0.0,0.0
2024-04-08 00:00:00-04:00,12.60426139831543,12.60426139831543,12.60426139831543,12.60426139831543,0,0.0,0.0
2024-04-09 00:00:00-04:00,12.821405410766602,12.821405410766602,12.821405410766602,12.821405410766602,1100,0.0,0.0
2024-04-10 00:00:00-04:00,12.5746488571167,12.5746488571167,12.5746488571167,12.5746488571167,300,0.0,0.0
2024-04-11 00:00:00-04:00,12.564779975175828,12.584520851863964,12.53516960144043,12.53516960144043,20800,0.0,0.0
2024-04-12 00:00:00-04:00,12.804625646563876,12.804625646563876,12.58452033996582,12.58452033996582,21600,0.0,0.0
2024-04-15 00:00:00-04:00,12.58452049842365,12.58452049842365,12.495688438415527,12.495688438415527,3000,0.0,0.0
2024-04-16 00:00:00-04:00,12.624001593876242,12.633872032165527,12.584520782015908,12.633872032165527,8300,0.0,0.0
2024-04-17 00:00:00-04:00,12.53516953186629,12.633872032165527,12.50457173794759,12.633872032165527,23700,0.0,0.0
2024-04-18 00:00:00-04:00,12.574650060356795,12.594390936490504,12.485818000348672,12.495688438415527,10700,0.0,0.0
2024-04-19 00:00:00-04:00,12.594390869140625,12.594390869140625,12.594390869140625,12.594390869140625,500,0.0,0.0
2024-04-22 00:00:00-04:00,12.633872032165527,12.683223282315147,12.633872032165527,12.633872032165527,5100,0.0,0.0
2024-04-23 00:00:00-04:00,12.683222770690918,12.683222770690918,12.683222770690918,12.683222770690918,1100,0.0,0.0
2024-04-24 00:00:00-04:00,12.72171616065083,12.732573077553008,12.59439071226433,12.683222770690918,7000,0.0,0.0
2024-04-25 00:00:00-04:00,12.683223282315147,12.683223282315147,12.633872032165527,12.633872032165527,1200,0.0,0.0
2024-04-26 00:00:00-04:00,12.658547105116744,12.732573509216309,12.633871950849155,12.732573509216309,2900,0.0,0.0
2024-04-29 00:00:00-04:00,12.683222140650548,12.683222140650548,12.614130020141602,12.614130020141602,7900,0.0,0.0
2024-04-30 00:00:00-04:00,12.594390026512574,12.7128324508667,12.594390026512574,12.7128324508667,800,0.0,0.0
2024-05-01 00:00:00-04:00,12.707898436741555,12.707898436741555,12.470026145231897,12.633872032165527,14700,0.0,0.0
2024-05-02 00:00:00-04:00,12.732573591167961,12.732573591167961,12.45620790814562,12.633872032165527,19700,0.0,0.0
2024-05-03 00:00:00-04:00,12.633872032165527,12.633872032165527,12.633872032165527,12.633872032165527,0,0.0,0.0
2024-05-06 00:00:00-04:00,12.643741920862718,12.643741920862718,12.46607780456543,12.46607780456543,2300,0.0,0.0
2024-05-07 00:00:00-04:00,12.456207536553007,12.584520406595477,12.456207536553007,12.485817909240723,12200,0.0,0.0
2024-05-08 00:00:00-04:00,12.51542854309082,12.51542854309082,12.51542854309082,12.51542854309082,500,0.0,0.0
2024-05-09 00:00:00-04:00,12.643741607666016,12.643741607666016,12.643741607666016,12.643741607666016,100,0.0,0.0
2024-05-10 00:00:00-04:00,12.643741607666016,12.643741607666016,12.643741607666016,12.643741607666016,100,0.0,0.0
2024-05-13 00:00:00-04:00,12.545039687453016,12.631897848107124,12.495688438415527,12.495688438415527,2700,0.0,0.0
2024-05-14 00:00:00-04:00,12.63387174746114,12.63387174746114,12.46903938519116,12.495688438415527,1200,0.0,0.0
2024-05-15 00:00:00-04:00,12.545039687453016,12.545039687453016,12.456207627444893,12.495688438415527,18600,0.0,0.0
2024-05-16 00:00:00-04:00,12.456206427948464,12.456206427948464,12.091008726313378,12.150230407714844,6300,0.0,0.0
2024-05-17 00:00:00-04:00,12.189711570739746,12.337764366620505,12.189711570739746,12.189711570739746,2800,0.0,0.0
2024-05-20 00:00:00-04:00,12.189711570739746,12.189711570739746,12.189711570739746,12.189711570739746,1100,0.0,0.0
2024-05-21 00:00:00-04:00,12.10383989487658,12.189711570739746,12.10383989487658,12.189711570739746,600,0.0,0.0
2024-05-22 00:00:00-04:00,12.140360740782091,12.140360740782091,12.091009493366144,12.13049030303955,2300,0.0,0.0
2024-05-23 00:00:00-04:00,12.140360028869978,12.140360028869978,12.051527976989746,12.051527976989746,4100,0.0,0.0
2024-05-24 00:00:00-04:00,11.558018435072956,11.646850494798109,10.265020232634086,11.636980056762695,24800,0.0,0.0
2024-05-28 00:00:00-04:00,11.103987566418837,11.558017317897608,11.103987566418837,11.3013916015625,11100,0.0,0.0
2024-05-29 00:00:00-04:00,11.31126210919374,11.332976882648822,10.373592230440446,11.202690124511719,15800,0.0,0.0
2024-05-30 00:00:00-04:00,10.857233332679858,11.587628803694367,10.857233332679858,10.995416641235352,19600,0.0,0.0
2024-05-31 00:00:00-04:00,11.61179571298498,11.691328482407721,11.134598148343136,11.19424819946289,10000,0.08,0.0
2024-06-03 00:00:00-04:00,11.183312529717943,11.532263692238008,11.14454070505208,11.31354808807373,2100,0.0,0.0
2024-06-04 00:00:00-04:00,11.30360602984705,11.48255524316617,11.283723310647948,11.432847023010254,6600,0.0,0.0
2024-06-05 00:00:00-04:00,11.412962917599097,11.412962917599097,11.194248274277522,11.283722877502441,16100,0.0,0.0
2024-06-06 00:00:00-04:00,11.283723310647948,11.532263463322085,11.283723310647948,11.432847023010254,18600,0.0,0.0
2024-06-07 00:00:00-04:00,11.581970888104127,11.631679108915545,11.353314399719238,11.353314399719238,13200,0.0,0.0
2024-06-10 00:00:00-04:00,11.466648290020636,11.502437372364358,11.363255500793457,11.363255500793457,6000,0.0,0.0
2024-06-11 00:00:00-04:00,11.37319682309166,11.383138656616211,11.308576801392947,11.383138656616211,9400,0.0,0.0
2024-06-12 00:00:00-04:00,11.442788561364114,11.442788561364114,11.333430290222168,11.333430290222168,13000,0.0,0.0
2024-06-13 00:00:00-04:00,11.134598871202462,11.333430807667506,11.124657037352845,11.31354808807373,9600,0.0,0.0
2024-06-14 00:00:00-04:00,11.209160588723645,11.209160588723645,11.035183239057757,11.134598731994629,21200,0.0,0.0
2024-06-17 00:00:00-04:00,11.065007714229912,11.303606033325195,11.065007714229912,11.303606033325195,8800,0.0,0.0
2024-06-18 00:00:00-04:00,11.209159851824369,11.214130768360238,11.08488978274381,11.144539833068848,32200,0.0,0.0
2024-06-20 00:00:00-04:00,11.134598807546858,11.234015249263754,11.030212397039026,11.159453392028809,21600,0.0,0.0
2024-06-21 00:00:00-04:00,11.13459829055212,11.373196601867676,11.13459829055212,11.373196601867676,12500,0.0,0.0
2024-06-24 00:00:00-04:00,11.253897364953968,11.55214572599769,11.253897364953968,11.4855375289917,8000,0.0,0.0
2024-06-25 00:00:00-04:00,11.482555168243163,11.482555168243163,11.43284694841159,11.472613334655762,900,0.0,0.0
2024-06-26 00:00:00-04:00,11.472613334655762,11.472613334655762,11.472613334655762,11.472613334655762,0,0.0,0.0
2024-06-27 00:00:00-04:00,11.243957135592838,11.572030067443848,11.243957135592838,11.572030067443848,3100,0.0,0.0
2024-06-28 00:00:00-04:00,11.552145957946777,11.552145957946777,11.552145957946777,11.552145957946777,500,0.0,0.0
2024-07-01 00:00:00-04:00,11.572029846344593,11.581970731888433,11.434835196679755,11.562088012695312,12800,0.0,0.0
2024-07-02 00:00:00-04:00,11.581970145120591,11.84343485783874,11.572029260080377,11.750977516174316,8200,0.0,0.0
2024-07-03 00:00:00-04:00,11.910043441381395,11.910043441381395,11.673433303833008,11.673433303833008,800,0.0,0.0
2024-07-05 00:00:00-04:00,11.701270178213235,11.919984817504883,11.591911910462025,11.919984817504883,4600,0.0,0.0
2024-07-08 00:00:00-04:00,11.919984817504883,11.919984817504883,11.919984817504883,11.919984817504883,0,0.0,0.0
2024-07-09 00:00:00-04:00,11.954780431805409,11.969693181619462,11.820569475900529,11.840452194213867,3400,0.0,0.0
2024-07-10 00:00:00-04:00,11.929927232065426,12.118817329406738,11.929927232065426,12.118817329406738,1300,0.0,0.0
2024-07-11 00:00:00-04:00,12.118817588971755,12.983738166154447,12.118817588971755,12.8644380569458,4600,0.0,0.0
2024-07-12 00:00:00-04:00,12.8644380569458,12.8644380569458,12.8644380569458,12.8644380569458,300,0.0,0.0
2024-07-15 00:00:00-04:00,12.894263383783466,12.924087936629242,12.184432010073763,12.450867652893066,11900,0.0,0.0
2024-07-16 00:00:00-04:00,12.854496513664115,13.169644854060557,12.337532560558007,13.15771484375,24000,0.0,0.0
2024-07-17 00:00:00-04:00,12.963854488304463,13.321751971330237,12.963854488304463,13.122920036315918,22100,0.0,0.0
2024-07-18 00:00:00-04:00,13.421167589583487,13.421167589583487,13.132861064472205,13.172627449035645,8100,0.0,0.0
2024-07-19 00:00:00-04:00,13.093095198205141,13.093095198205141,12.89426326751709,12.89426326751709,500,0.0,0.0
2024-07-22 00:00:00-04:00,12.89426326751709,12.89426326751709,12.89426326751709,12.89426326751709,0,0.0,0.0
2024-07-23 00:00:00-04:00,12.526423386873379,13.073210934277732,12.526423386873379,12.953911781311035,2200,0.0,0.0
2024-07-24 00:00:00-04:00,12.874379009041116,12.874379009041116,12.824670791625977,12.824670791625977,4100,0.0,0.0
2024-07-25 00:00:00-04:00,12.68548971578079,13.325729206995671,12.68548971578079,12.968825340270996,3900,0.0,0.0
2024-07-26 00:00:00-04:00,12.95888277079298,12.963853687374408,12.914145469665527,12.914145469665527,4400,0.0,0.0
2024-07-29 00:00:00-04:00,12.891280278581688,13.052333997109306,12.824671132738963,12.835607528686523,7900,0.0,0.0
2024-07-30 00:00:00-04:00,12.924088155917412,13.023504597897421,12.849526298485134,12.90519905090332,6900,0.0,0.0
2024-07-31 00:00:00-04:00,12.799817452063929,13.132861283886507,12.792858358351694,12.924087524414062,8300,0.0,0.0
2024-08-01 00:00:00-04:00,12.924087672489936,13.023504110751258,12.844554901123047,12.844554901123047,6900,0.0,0.0
2024-08-02 00:00:00-04:00,12.685489433298404,12.685489433298404,12.67554759979248,12.67554759979248,1100,0.0,0.0
2024-08-05 00:00:00-04:00,12.894262972519545,12.924087524414062,12.825665649867286,12.924087524414062,3200,0.0,0.0
2024-08-06 00:00:00-04:00,12.69543141342972,12.924087898074271,12.571161337486698,12.725255966186523,1600,0.0,0.0
2024-08-07 00:00:00-04:00,12.87437908195039,12.924087299647034,12.526423454284668,12.526423454284668,8900,0.0,0.0
2024-08-08 00:00:00-04:00,12.486657831255886,12.576131490839986,12.397183223566334,12.50057601928711,2400,0.0,0.0
2024-08-09 00:00:00-04:00,12.844554676757959,12.87437922847322,12.576130867004395,12.576130867004395,4000,0.0,0.0
2024-08-12 00:00:00-04:00,12.914145691080753,12.924087524414062,12.904203857747444,12.924087524414062,5800,0.0,0.0
2024-08-13 00:00:00-04:00,12.894263548075815,13.122920036315918,12.685489779284417,13.122920036315918,4700,0.0,0.0
2024-08-14 00:00:00-04:00,13.21239405434216,13.22233588767547,12.924087524414062,12.924087524414062,6700,0.0,0.0
2024-08-15 00:00:00-04:00,13.013562423643135,13.22233618785526,12.973796037512512,13.023504257202148,8200,0.0,0.0
2024-08-16 00:00:00-04:00,13.023503962203076,13.147774034559575,12.973795743639396,13.053328514099121,4000,0.0,0.0
2024-08-19 00:00:00-04:00,13.093094973226652,13.42116789025102,13.07321130644679,13.27204418182373,8500,0.0,0.0
2024-08-20 00:00:00-04:00,13.420173697070092,13.420173697070092,13.023504394189585,13.202452659606934,11900,0.0,0.0
2024-08-21 00:00:00-04:00,13.162685910745331,13.364500577654917,13.07321130644679,13.27204418182373,6500,0.0,0.0
2024-08-22 00:00:00-04:00,13.32175137557228,13.32175137557228,13.24718952178955,13.24718952178955,4500,0.0,0.0
2024-08-23 00:00:00-04:00,13.242219229591864,14.415329071193044,13.083153681192814,13.987839698791504,22700,0.0,0.0
2024-08-26 00:00:00-04:00,13.545437957559312,14.007722780835268,13.545437957559312,13.918248176574707,3000,0.0,0.0
2024-08-27 00:00:00-04:00,13.91824868825436,13.91824868825436,13.272044664113302,13.898365020751953,1700,0.0,0.0
2024-08-28 00:00:00-04:00,13.281985061495625,13.66970803059032,13.073211300922393,13.65976619720459,9600,0.0,0.0
2024-08-29 00:00:00-04:00,13.848657314142619,13.848657314142619,13.619999885559082,13.619999885559082,2000,0.0,0.0
2024-08-30 00:00:00-04:00,13.795000076293945,13.970000267028809,13.795000076293945,13.890000343322754,1900,0.08,0.0
2024-09-03 00:00:00-04:00,13.420000076293945,14.010000228881836,13.399999618530273,13.890000343322754,8000,0.0,0.0
2024-09-04 00:00:00-04:00,13.539999961853027,13.989999771118164,13.539999961853027,13.720000267028809,11700,0.0,0.0
2024-09-05 00:00:00-04:00,13.420000076293945,13.90999984741211,13.265000343322754,13.699999809265137,13400,0.0,0.0
2024-09-06 00:00:00-04:00,13.699999809265137,13.75,13.510000228881836,13.510000228881836,2900,0.0,0.0
2024-09-09 00:00:00-04:00,13.539999961853027,13.779999732971191,13.180000305175781,13.300000190734863,2000,0.0,0.0
2024-09-10 00:00:00-04:00,13.550000190734863,13.550000190734863,13.170000076293945,13.170000076293945,1400,0.0,0.0
2024-09-11 00:00:00-04:00,13.380000114440918,13.380000114440918,13.069999694824219,13.079999923706055,6100,0.0,0.0
2024-09-12 00:00:00-04:00,13.069999694824219,13.28499984741211,12.800000190734863,12.899999618530273,6000,0.0,0.0
2024-09-13 00:00:00-04:00,12.710000038146973,12.710000038146973,12.710000038146973,12.710000038146973,3100,0.0,0.0
2024-09-16 00:00:00-04:00,13.029999732971191,13.579999923706055,13.029999732971191,13.460000038146973,4200,0.0,0.0
2024-09-17 00:00:00-04:00,13.569999694824219,13.949999809265137,13.53499984741211,13.949999809265137,16900,0.0,0.0
2024-09-18 00:00:00-04:00,13.699999809265137,13.951000213623047,13.324999809265137,13.369999885559082,7400,0.0,0.0
2024-09-19 00:00:00-04:00,13.210000038146973,13.949999809265137,12.979999542236328,13.0,26700,0.0,0.0
2024-09-20 00:00:00-04:00,13.300000190734863,13.550000190734863,13.25,13.350000381469727,8600,0.0,0.0
2024-09-23 00:00:00-04:00,13.699999809265137,13.699999809265137,13.039999961853027,13.100000381469727,8700,0.0,0.0
2024-09-24 00:00:00-04:00,13.3100004196167,13.699999809265137,13.15999984741211,13.15999984741211,18800,0.0,0.0
2024-09-25 00:00:00-04:00,13.300000190734863,13.5,13.130000114440918,13.489999771118164,10200,0.0,0.0
2024-09-26 00:00:00-04:00,13.260000228881836,13.598999977111816,13.260000228881836,13.5,6500,0.0,0.0
2024-09-27 00:00:00-04:00,13.5,13.5,13.5,13.5,200,0.0,0.0
2024-09-30 00:00:00-04:00,13.149999618530273,13.149999618530273,13.149999618530273,13.149999618530273,1200,0.0,0.0
2024-10-01 00:00:00-04:00,13.149999618530273,13.390000343322754,13.149999618530273,13.390000343322754,11700,0.0,0.0
2024-10-02 00:00:00-04:00,13.149999618530273,13.149999618530273,13.149999618530273,13.149999618530273,8100,0.0,0.0
2024-10-03 00:00:00-04:00,13.25,13.25,13.25,13.25,600,0.0,0.0
2024-10-04 00:00:00-04:00,13.25,13.25,13.25,13.25,0,0.0,0.0
2024-10-07 00:00:00-04:00,13.199999809265137,13.25,13.149999618530273,13.149999618530273,6100,0.0,0.0
2024-10-08 00:00:00-04:00,13.149999618530273,13.246000289916992,13.119999885559082,13.119999885559082,5500,0.0,0.0
2024-10-09 00:00:00-04:00,13.0600004196167,13.0600004196167,13.0,13.0,1800,0.0,0.0
2024-10-10 00:00:00-04:00,12.75,12.75,12.75,12.75,1000,0.0,0.0
2024-10-11 00:00:00-04:00,12.949999809265137,13.0,12.619999885559082,12.619999885559082,1400,0.0,0.0
2024-10-14 00:00:00-04:00,12.949999809265137,13.0,12.65999984741211,12.65999984741211,5000,0.0,0.0
2024-10-15 00:00:00-04:00,13.0,13.5,13.0,13.5,12200,0.0,0.0
2024-10-16 00:00:00-04:00,13.550000190734863,13.699999809265137,13.25,13.699999809265137,6600,0.0,0.0
2024-10-17 00:00:00-04:00,13.125,13.600000381469727,13.125,13.600000381469727,1300,0.0,0.0
2024-10-18 00:00:00-04:00,13.149999618530273,13.75,13.140000343322754,13.75,4000,0.0,0.0
2024-10-21 00:00:00-04:00,13.100000381469727,13.449999809265137,13.100000381469727,13.449999809265137,2700,0.0,0.0
2024-10-22 00:00:00-04:00,13.010000228881836,13.010000228881836,13.010000228881836,13.010000228881836,1100,0.0,0.0
2024-10-23 00:00:00-04:00,13.100000381469727,13.449999809265137,12.949999809265137,12.949999809265137,6100,0.0,0.0
2024-10-24 00:00:00-04:00,12.770000457763672,13.100000381469727,12.505000114440918,13.09000015258789,5500,0.0,0.0
2024-10-25 00:00:00-04:00,12.90999984741211,13.09000015258789,12.890000343322754,13.0,6900,0.0,0.0
2024-10-28 00:00:00-04:00,12.989999771118164,13.0,12.5,12.8100004196167,7600,0.0,0.0
2024-10-29 00:00:00-04:00,12.989999771118164,13.119999885559082,12.875,12.875,8800,0.0,0.0
2024-10-30 00:00:00-04:00,13.0,13.199999809265137,12.600000381469727,12.8100004196167,1700,0.0,0.0
2024-10-31 00:00:00-04:00,13.180000305175781,13.699999809265137,12.9399995803833,13.479999542236328,13700,0.0,0.0
2024-11-01 00:00:00-04:00,13.720000267028809,13.720000267028809,12.972000122070312,13.4399995803833,8700,0.0,0.0
2024-11-04 00:00:00-05:00,13.039999961853027,13.75,12.887999534606934,13.75,25000,0.0,0.0
2024-11-05 00:00:00-05:00,13.652000427246094,13.666999816894531,13.449999809265137,13.449999809265137,500,0.0,0.0
2024-11-06 00:00:00-05:00,13.649999618530273,14.5,13.649999618530273,13.869999885559082,11200,0.0,0.0
2024-11-07 00:00:00-05:00,13.729999542236328,14.055000305175781,13.710000038146973,13.710000038146973,6900,0.0,0.0
2024-11-08 00:00:00-05:00,13.649999618530273,13.789999961853027,13.619999885559082,13.6899995803833,7300,0.0,0.0
2024-11-11 00:00:00-05:00,13.85099983215332,13.85099983215332,13.430000305175781,13.430000305175781,9600,0.0,0.0
2024-11-12 00:00:00-05:00,13.890000343322754,15.050000190734863,13.225000381469727,13.710000038146973,22900,0.0,0.0
2024-11-13 00:00:00-05:00,13.65999984741211,13.75,13.65999984741211,13.699999809265137,4200,0.0,0.0
2024-11-14 00:00:00-05:00,13.725000381469727,13.725000381469727,13.461999893188477,13.725000381469727,4900,0.0,0.0
2024-11-15 00:00:00-05:00,13.515999794006348,13.725000381469727,13.515999794006348,13.725000381469727,1100,0.0,0.0
2024-11-18 00:00:00-05:00,13.519000053405762,13.949999809265137,13.5,13.510000228881836,3900,0.0,0.0
2024-11-19 00:00:00-05:00,13.576000213623047,13.949999809265137,13.350000381469727,13.489999771118164,14300,0.0,0.0
2024-11-20 00:00:00-05:00,13.489999771118164,13.5,13.0,13.489999771118164,10100,0.0,0.0
2024-11-21 00:00:00-05:00,11.979999542236328,13.170000076293945,11.979999542236328,12.850000381469727,4900,0.0,0.0
2024-11-22 00:00:00-05:00,13.0,13.40999984741211,12.774999618530273,13.100000381469727,9400,0.0,0.0
2024-11-25 00:00:00-05:00,13.210000038146973,13.34000015258789,12.899999618530273,12.989999771118164,6000,0.0,0.0
2024-11-26 00:00:00-05:00,13.489999771118164,13.5,13.0,13.430000305175781,7000,0.0,0.0
2024-11-27 00:00:00-05:00,13.220000267028809,13.25,13.149999618530273,13.25,1500,0.0,0.0
2024-11-29 00:00:00-05:00,13.149999618530273,13.25,13.149999618530273,13.25,1500,0.0,0.0
2024-12-02 00:00:00-05:00,13.25,13.25,13.1899995803833,13.199999809265137,4600,0.0,0.0
2024-12-03 00:00:00-05:00,13.1899995803833,13.1899995803833,12.829999923706055,12.829999923706055,1700,0.0,0.0
2024-12-04 00:00:00-05:00,13.079999923706055,13.199999809265137,12.850000381469727,13.161999702453613,8000,0.0,0.0
2024-12-05 00:00:00-05:00,13.109999656677246,13.130000114440918,12.420000076293945,12.829999923706055,5500,0.0,0.0
2024-12-06 00:00:00-05:00,13.0,13.199999809265137,12.843000411987305,13.199999809265137,3500,0.0,0.0
2024-12-09 00:00:00-05:00,13.59000015258789,13.600000381469727,13.100000381469727,13.199999809265137,6600,0.0,0.0
2024-12-10 00:00:00-05:00,13.199999809265137,13.300000190734863,13.010000228881836,13.210000038146973,15200,0.0,0.0
2024-12-11 00:00:00-05:00,13.199999809265137,13.5,13.100000381469727,13.260000228881836,11600,0.0,0.0
2024-12-12 00:00:00-05:00,13.46500015258789,13.5,13.100000381469727,13.5,12200,0.0,0.0
2024-12-13 00:00:00-05:00,13.5,13.510000228881836,13.149999618530273,13.220000267028809,13100,0.0,0.0
2024-12-16 00:00:00-05:00,13.5,13.75,13.177000045776367,13.279999732971191,11600,0.0,0.0
2024-12-17 00:00:00-05:00,13.149999618530273,13.670000076293945,13.149999618530273,13.25,5300,0.0,0.0
2024-12-18 00:00:00-05:00,13.199999809265137,13.390000343322754,13.0600004196167,13.0600004196167,5300,0.0,0.0
2024-12-19 00:00:00-05:00,13.149999618530273,13.449999809265137,13.149999618530273,13.449999809265137,1400,0.0,0.0
2024-12-20 00:00:00-05:00,13.656000137329102,13.656000137329102,12.487000465393066,13.40999984741211,4900,0.0,0.0
2024-12-23 00:00:00-05:00,13.100000381469727,13.300000190734863,13.0,13.300000190734863,1600,0.0,0.0
2024-12-24 00:00:00-05:00,13.229999542236328,13.34000015258789,13.229999542236328,13.34000015258789,600,0.0,0.0
2024-12-26 00:00:00-05:00,13.300000190734863,13.3100004196167,13.289999961853027,13.3100004196167,1000,0.0,0.0
2024-12-27 00:00:00-05:00,12.9399995803833,13.489999771118164,12.9399995803833,13.489999771118164,2900,0.0,0.0
2024-12-30 00:00:00-05:00,12.960000038146973,13.489999771118164,12.960000038146973,13.489999771118164,2300,0.0,0.0
2024-12-31 00:00:00-05:00,13.239999771118164,13.359999656677246,13.175000190734863,13.300000190734863,1600,0.0,0.0
2025-01-02 00:00:00-05:00,13.095000267028809,13.270000457763672,13.0,13.130000114440918,3786,0.0,0.0
