Date,Open,High,Low,Close,Volume,Dividends,Stock Splits
2022-01-03 00:00:00-05:00,14.739999771118164,14.739999771118164,14.579999923706055,14.680000305175781,51300,0.0,0.0
2022-01-04 00:00:00-05:00,14.720000267028809,14.760000228881836,14.6899995803833,14.760000228881836,48600,0.0,0.0
2022-01-05 00:00:00-05:00,14.75,14.779999732971191,14.550000190734863,14.579999923706055,58800,0.0,0.0
2022-01-06 00:00:00-05:00,14.609999656677246,14.760000228881836,14.600000381469727,14.75,57900,0.0,0.0
2022-01-07 00:00:00-05:00,14.779999732971191,14.8100004196167,14.579999923706055,14.729999542236328,41700,0.0,0.0
2022-01-10 00:00:00-05:00,14.75,14.84000015258789,14.729999542236328,14.84000015258789,38900,0.0,0.0
2022-01-11 00:00:00-05:00,14.890000343322754,15.0,14.710000038146973,14.729999542236328,104300,0.0,0.0
2022-01-12 00:00:00-05:00,14.789999961853027,14.90999984741211,14.779999732971191,14.84000015258789,44500,0.0,0.0
2022-01-13 00:00:00-05:00,14.829999923706055,14.949999809265137,14.770000457763672,14.770000457763672,36700,0.0,0.0
2022-01-14 00:00:00-05:00,14.739999771118164,14.760000228881836,14.670000076293945,14.739999771118164,33100,0.0,0.0
2022-01-18 00:00:00-05:00,14.710000038146973,14.770000457763672,14.640000343322754,14.65999984741211,48700,0.0,0.0
2022-01-19 00:00:00-05:00,14.670000076293945,14.789999961853027,14.670000076293945,14.699999809265137,66800,0.0,0.0
2022-01-20 00:00:00-05:00,14.680000305175781,14.760000228881836,14.680000305175781,14.729999542236328,41700,0.0,0.0
2022-01-21 00:00:00-05:00,14.670000076293945,14.729999542236328,14.430000305175781,14.430000305175781,62900,0.0,0.0
2022-01-24 00:00:00-05:00,14.430000305175781,14.569999694824219,13.850000381469727,14.149999618530273,132500,0.0,0.0
2022-01-25 00:00:00-05:00,14.079999923706055,14.210000038146973,13.989999771118164,14.180000305175781,52000,0.0,0.0
2022-01-26 00:00:00-05:00,14.229999542236328,14.40999984741211,14.1899995803833,14.3100004196167,32100,0.0,0.0
2022-01-27 00:00:00-05:00,14.279999732971191,14.489999771118164,14.270000457763672,14.40999984741211,36800,0.0,0.0
2022-01-28 00:00:00-05:00,14.359999656677246,14.4399995803833,14.329999923706055,14.380000114440918,49400,0.0,0.0
2022-01-31 00:00:00-05:00,14.380000114440918,14.470000267028809,14.34000015258789,14.420000076293945,58200,0.0,0.0
2022-02-01 00:00:00-05:00,14.380000114440918,14.5600004196167,14.380000114440918,14.550000190734863,43100,0.0,0.0
2022-02-02 00:00:00-05:00,14.529999732971191,14.600000381469727,14.529999732971191,14.529999732971191,38600,0.0,0.0
2022-02-03 00:00:00-05:00,14.479999542236328,14.569999694824219,14.479999542236328,14.489999771118164,53700,0.0,0.0
2022-02-04 00:00:00-05:00,14.520000457763672,14.550000190734863,14.399999618530273,14.430000305175781,29000,0.0,0.0
2022-02-07 00:00:00-05:00,14.399999618530273,14.470000267028809,14.350000381469727,14.369999885559082,27700,0.0,0.0
2022-02-08 00:00:00-05:00,14.359999656677246,14.40999984741211,14.34000015258789,14.34000015258789,70900,0.0,0.0
2022-02-09 00:00:00-05:00,14.350000381469727,14.4399995803833,14.34000015258789,14.420000076293945,63300,0.0,0.0
2022-02-10 00:00:00-05:00,14.350000381469727,14.420000076293945,14.260000228881836,14.319999694824219,47100,0.0,0.0
2022-02-11 00:00:00-05:00,14.300000190734863,14.34000015258789,14.15999984741211,14.1899995803833,55800,0.0,0.0
2022-02-14 00:00:00-05:00,14.15999984741211,14.1899995803833,13.899999618530273,13.9399995803833,56100,0.0,0.0
2022-02-15 00:00:00-05:00,14.039999961853027,14.220000267028809,14.010000228881836,14.220000267028809,32100,0.0,0.0
2022-02-16 00:00:00-05:00,14.210000038146973,14.319999694824219,14.170000076293945,14.270000457763672,50100,0.0,0.0
2022-02-17 00:00:00-05:00,14.199999809265137,14.199999809265137,14.0600004196167,14.09000015258789,22800,0.0,0.0
2022-02-18 00:00:00-05:00,14.050000190734863,14.100000381469727,13.960000038146973,13.960000038146973,35100,0.0,0.0
2022-02-22 00:00:00-05:00,13.930000305175781,13.930000305175781,13.850000381469727,13.869999885559082,35300,0.0,0.0
2022-02-23 00:00:00-05:00,13.869999885559082,13.869999885559082,13.539999961853027,13.619999885559082,170900,0.0,0.0
2022-02-24 00:00:00-05:00,13.449999809265137,13.59000015258789,13.399999618530273,13.5600004196167,146700,0.0,0.0
2022-02-25 00:00:00-05:00,13.5600004196167,13.760000228881836,13.520000457763672,13.720000267028809,67300,0.0,0.0
2022-02-28 00:00:00-05:00,13.600000381469727,13.760000228881836,13.600000381469727,13.739999771118164,47500,0.0,0.0
2022-03-01 00:00:00-05:00,13.710000038146973,13.859999656677246,13.710000038146973,13.729999542236328,52200,0.0,0.0
2022-03-02 00:00:00-05:00,13.720000267028809,13.899999618530273,13.720000267028809,13.779999732971191,37900,0.0,0.0
2022-03-03 00:00:00-05:00,13.800000190734863,13.880000114440918,13.760000228881836,13.770000457763672,38300,0.0,0.0
2022-03-04 00:00:00-05:00,13.699999809265137,13.779999732971191,13.65999984741211,13.65999984741211,57400,0.0,0.0
2022-03-07 00:00:00-05:00,13.619999885559082,13.640000343322754,13.449999809265137,13.479999542236328,71500,0.0,0.0
2022-03-08 00:00:00-05:00,13.4399995803833,13.550000190734863,13.390000343322754,13.4399995803833,50500,0.0,0.0
2022-03-09 00:00:00-05:00,13.5,13.539999961853027,13.470000267028809,13.520000457763672,22100,0.0,0.0
2022-03-10 00:00:00-05:00,13.5,13.550000190734863,13.449999809265137,13.460000038146973,53300,0.0,0.0
2022-03-11 00:00:00-05:00,13.510000228881836,13.529999732971191,13.300000190734863,13.3100004196167,49400,0.0,0.0
2022-03-14 00:00:00-04:00,13.300000190734863,13.34000015258789,13.109999656677246,13.130000114440918,66000,0.0,0.0
2022-03-15 00:00:00-04:00,13.109999656677246,13.220000267028809,13.050000190734863,13.109999656677246,51300,0.0,0.0
2022-03-16 00:00:00-04:00,13.170000076293945,13.329999923706055,13.119999885559082,13.220000267028809,70300,0.0,0.0
2022-03-17 00:00:00-04:00,13.260000228881836,13.350000381469727,13.210000038146973,13.279999732971191,60500,0.0,0.0
2022-03-18 00:00:00-04:00,13.279999732971191,13.350000381469727,13.279999732971191,13.289999961853027,72300,0.0,0.0
2022-03-21 00:00:00-04:00,13.329999923706055,13.390000343322754,13.3100004196167,13.319999694824219,55300,0.0,0.0
2022-03-22 00:00:00-04:00,13.380000114440918,13.5,13.380000114440918,13.460000038146973,55200,0.0,0.0
2022-03-23 00:00:00-04:00,13.350000381469727,13.430000305175781,13.25,13.25,54600,0.0,0.0
2022-03-24 00:00:00-04:00,13.270000457763672,13.3100004196167,13.260000228881836,13.270000457763672,44300,0.0,0.0
2022-03-25 00:00:00-04:00,13.270000457763672,13.3100004196167,13.210000038146973,13.220000267028809,68200,0.0,0.0
2022-03-28 00:00:00-04:00,13.1899995803833,13.279999732971191,13.170000076293945,13.229999542236328,33100,0.0,0.0
2022-03-29 00:00:00-04:00,13.300000190734863,13.40999984741211,13.300000190734863,13.369999885559082,64500,0.0,0.0
2022-03-30 00:00:00-04:00,13.369999885559082,13.430000305175781,13.359999656677246,13.380000114440918,43000,0.0,0.0
2022-03-31 00:00:00-04:00,13.40999984741211,13.539999961853027,13.399999618530273,13.4399995803833,28400,0.0,0.0
2022-04-01 00:00:00-04:00,13.529999732971191,13.670000076293945,13.529999732971191,13.65999984741211,33100,0.0,0.0
2022-04-04 00:00:00-04:00,13.65999984741211,13.729999542236328,13.619999885559082,13.720000267028809,25700,0.0,0.0
2022-04-05 00:00:00-04:00,13.680000305175781,13.739999771118164,13.550000190734863,13.569999694824219,46100,0.0,0.0
2022-04-06 00:00:00-04:00,13.550000190734863,13.579999923706055,13.420000076293945,13.470000267028809,41200,0.0,0.0
2022-04-07 00:00:00-04:00,13.4399995803833,13.59000015258789,13.4399995803833,13.5600004196167,122000,0.0,0.0
2022-04-08 00:00:00-04:00,13.569999694824219,13.609999656677246,13.529999732971191,13.600000381469727,53300,0.0,0.0
2022-04-11 00:00:00-04:00,13.520000457763672,13.550000190734863,13.460000038146973,13.470000267028809,98200,0.0,0.0
2022-04-12 00:00:00-04:00,13.529999732971191,13.529999732971191,13.449999809265137,13.470000267028809,17300,0.0,0.0
2022-04-13 00:00:00-04:00,13.470000267028809,13.479999542236328,13.40999984741211,13.420000076293945,39700,0.0,0.0
2022-04-14 00:00:00-04:00,13.420000076293945,13.460000038146973,13.369999885559082,13.369999885559082,13700,0.0,0.0
2022-04-18 00:00:00-04:00,13.350000381469727,13.4399995803833,13.350000381469727,13.369999885559082,27200,0.0,0.0
2022-04-19 00:00:00-04:00,13.350000381469727,13.470000267028809,13.350000381469727,13.390000343322754,32500,0.0,0.0
2022-04-20 00:00:00-04:00,13.4399995803833,13.4399995803833,13.359999656677246,13.390000343322754,27400,0.0,0.0
2022-04-21 00:00:00-04:00,13.359999656677246,13.359999656677246,13.260000228881836,13.260000228881836,26800,0.0,0.0
2022-04-22 00:00:00-04:00,13.279999732971191,13.289999961853027,13.15999984741211,13.1899995803833,69300,0.0,0.0
2022-04-25 00:00:00-04:00,13.199999809265137,13.199999809265137,13.039999961853027,13.140000343322754,38500,0.0,0.0
2022-04-26 00:00:00-04:00,13.0600004196167,13.149999618530273,13.0,13.010000228881836,60900,0.0,0.0
2022-04-27 00:00:00-04:00,13.039999961853027,13.149999618530273,13.020000457763672,13.09000015258789,29000,0.0,0.0
2022-04-28 00:00:00-04:00,13.130000114440918,13.170000076293945,13.020000457763672,13.079999923706055,35600,0.0,0.0
2022-04-29 00:00:00-04:00,13.0,13.100000381469727,12.970000267028809,12.970000267028809,27400,0.0,0.0
2022-05-02 00:00:00-04:00,12.989999771118164,13.010000228881836,12.829999923706055,12.84000015258789,71100,0.0,0.0
2022-05-03 00:00:00-04:00,12.84000015258789,12.84000015258789,12.760000228881836,12.779999732971191,51500,0.0,0.0
2022-05-04 00:00:00-04:00,12.760000228881836,12.850000381469727,12.720000267028809,12.850000381469727,56300,0.0,0.0
2022-05-05 00:00:00-04:00,12.770000457763672,12.819999694824219,12.619999885559082,12.619999885559082,29500,0.0,0.0
2022-05-06 00:00:00-04:00,12.550000190734863,12.649999618530273,12.520000457763672,12.630000114440918,91000,0.0,0.0
2022-05-09 00:00:00-04:00,12.510000228881836,12.729999542236328,12.460000038146973,12.5,61900,0.0,0.0
2022-05-10 00:00:00-04:00,12.510000228881836,12.579999923706055,12.34000015258789,12.40999984741211,62500,0.0,0.0
2022-05-11 00:00:00-04:00,12.34000015258789,12.449999809265137,12.170000076293945,12.199999809265137,35400,0.0,0.0
2022-05-12 00:00:00-04:00,12.09000015258789,12.210000038146973,11.930000305175781,12.010000228881836,69700,0.0,0.0
2022-05-13 00:00:00-04:00,12.029999732971191,12.180000305175781,12.029999732971191,12.0600004196167,62100,0.0,0.0
2022-05-16 00:00:00-04:00,12.069999694824219,12.100000381469727,11.979999542236328,12.0600004196167,44300,0.0,0.0
2022-05-17 00:00:00-04:00,12.109999656677246,12.229999542236328,12.109999656677246,12.199999809265137,31700,0.0,0.0
2022-05-18 00:00:00-04:00,12.1899995803833,12.210000038146973,12.109999656677246,12.15999984741211,31100,0.0,0.0
2022-05-19 00:00:00-04:00,12.140000343322754,12.170000076293945,12.09000015258789,12.149999618530273,22500,0.0,0.0
2022-05-20 00:00:00-04:00,12.100000381469727,12.170000076293945,12.010000228881836,12.149999618530273,51300,0.0,0.0
2022-05-23 00:00:00-04:00,12.119999885559082,12.15999984741211,12.100000381469727,12.109999656677246,41000,0.0,0.0
2022-05-24 00:00:00-04:00,12.0600004196167,12.100000381469727,12.010000228881836,12.0600004196167,33300,0.0,0.0
2022-05-25 00:00:00-04:00,12.0600004196167,12.100000381469727,12.039999961853027,12.0600004196167,16500,0.0,0.0
2022-05-26 00:00:00-04:00,12.0600004196167,12.279999732971191,12.050000190734863,12.239999771118164,28300,0.0,0.0
2022-05-27 00:00:00-04:00,12.279999732971191,12.40999984741211,12.279999732971191,12.390000343322754,28200,0.0,0.0
2022-05-31 00:00:00-04:00,12.390000343322754,12.390000343322754,12.289999961853027,12.289999961853027,37200,0.0,0.0
2022-06-01 00:00:00-04:00,12.300000190734863,12.359999656677246,12.239999771118164,12.300000190734863,32300,0.0,0.0
2022-06-02 00:00:00-04:00,12.239999771118164,12.319999694824219,12.229999542236328,12.279999732971191,34200,0.0,0.0
2022-06-03 00:00:00-04:00,12.15999984741211,12.229999542236328,12.109999656677246,12.199999809265137,47700,0.0,0.0
2022-06-06 00:00:00-04:00,12.1899995803833,12.270000457763672,12.180000305175781,12.210000038146973,71900,0.0,0.0
2022-06-07 00:00:00-04:00,12.130000114440918,12.329999923706055,12.130000114440918,12.319999694824219,43600,0.0,0.0
2022-06-08 00:00:00-04:00,12.25,12.3100004196167,12.229999542236328,12.239999771118164,33000,0.0,0.0
2022-06-09 00:00:00-04:00,12.239999771118164,12.270000457763672,12.1899995803833,12.270000457763672,34400,0.0,0.0
2022-06-10 00:00:00-04:00,12.180000305175781,12.180000305175781,12.0600004196167,12.149999618530273,38200,0.0,0.0
2022-06-13 00:00:00-04:00,12.0600004196167,12.0600004196167,11.65999984741211,11.8100004196167,53800,0.0,0.0
2022-06-14 00:00:00-04:00,11.800000190734863,11.960000038146973,11.779999732971191,11.920000076293945,32100,0.0,0.0
2022-06-15 00:00:00-04:00,11.920000076293945,12.050000190734863,11.869999885559082,11.930000305175781,54800,0.0,0.0
2022-06-16 00:00:00-04:00,11.779999732971191,11.779999732971191,11.479999542236328,11.5,88100,0.0,0.0
2022-06-17 00:00:00-04:00,11.5,11.609999656677246,11.5,11.609999656677246,16900,0.0,0.0
2022-06-21 00:00:00-04:00,11.609999656677246,11.710000038146973,11.569999694824219,11.59000015258789,43900,0.0,0.0
2022-06-22 00:00:00-04:00,11.390000343322754,11.5,11.359999656677246,11.5,65900,0.0,0.0
2022-06-23 00:00:00-04:00,11.479999542236328,11.510000228881836,11.420000076293945,11.470000267028809,32700,0.0,0.0
2022-06-24 00:00:00-04:00,11.539999961853027,11.649999618530273,11.529999732971191,11.630000114440918,27400,0.0,0.0
2022-06-27 00:00:00-04:00,11.65999984741211,11.65999984741211,11.550000190734863,11.600000381469727,19200,0.0,0.0
2022-06-28 00:00:00-04:00,11.600000381469727,11.699999809265137,11.600000381469727,11.6899995803833,26300,0.0,0.0
2022-06-29 00:00:00-04:00,11.6899995803833,11.710000038146973,11.619999885559082,11.670000076293945,58500,0.0,0.0
2022-06-30 00:00:00-04:00,11.699999809265137,11.699999809265137,11.470000267028809,11.5,49200,0.0,0.0
2022-07-01 00:00:00-04:00,11.5,11.640000343322754,11.470000267028809,11.640000343322754,36800,0.0,0.0
2022-07-05 00:00:00-04:00,11.539999961853027,11.539999961853027,11.430000305175781,11.460000038146973,42000,0.0,0.0
2022-07-06 00:00:00-04:00,11.470000267028809,11.5,11.399999618530273,11.4399995803833,56800,0.0,0.0
2022-07-07 00:00:00-04:00,11.4399995803833,11.479999542236328,11.40999984741211,11.460000038146973,50900,0.0,0.0
2022-07-08 00:00:00-04:00,11.449999809265137,11.479999542236328,11.420000076293945,11.479999542236328,58700,0.0,0.0
2022-07-11 00:00:00-04:00,11.520000457763672,11.600000381469727,11.430000305175781,11.479999542236328,35800,0.0,0.0
2022-07-12 00:00:00-04:00,11.5,11.770000457763672,11.470000267028809,11.649999618530273,106900,0.0,0.0
2022-07-13 00:00:00-04:00,11.5600004196167,11.699999809265137,11.5600004196167,11.670000076293945,35400,0.0,0.0
2022-07-14 00:00:00-04:00,11.59000015258789,11.59000015258789,11.479999542236328,11.550000190734863,19800,0.0,0.0
2022-07-15 00:00:00-04:00,11.569999694824219,11.59000015258789,11.470000267028809,11.579999923706055,30800,0.0,0.0
2022-07-18 00:00:00-04:00,11.600000381469727,11.609999656677246,11.449999809265137,11.449999809265137,26900,0.0,0.0
2022-07-19 00:00:00-04:00,11.470000267028809,11.600000381469727,11.470000267028809,11.569999694824219,30800,0.0,0.0
2022-07-20 00:00:00-04:00,11.600000381469727,11.6899995803833,11.569999694824219,11.649999618530273,40900,0.0,0.0
2022-07-21 00:00:00-04:00,11.609999656677246,11.760000228881836,11.550000190734863,11.760000228881836,55900,0.0,0.0
2022-07-22 00:00:00-04:00,11.75,11.859999656677246,11.680000305175781,11.710000038146973,51900,0.0,0.0
2022-07-25 00:00:00-04:00,11.760000228881836,11.760000228881836,11.699999809265137,11.710000038146973,32100,0.0,0.0
2022-07-26 00:00:00-04:00,11.699999809265137,11.729999542236328,11.680000305175781,11.6899995803833,67600,0.0,0.0
2022-07-27 00:00:00-04:00,11.75,11.8100004196167,11.699999809265137,11.779999732971191,53400,0.0,0.0
2022-07-28 00:00:00-04:00,11.789999961853027,12.0,11.729999542236328,11.9399995803833,65900,0.0,0.0
2022-07-29 00:00:00-04:00,11.949999809265137,12.100000381469727,11.949999809265137,12.079999923706055,64200,0.0,0.0
2022-08-01 00:00:00-04:00,12.079999923706055,12.149999618530273,12.020000457763672,12.09000015258789,55400,0.0,0.0
2022-08-02 00:00:00-04:00,12.09000015258789,12.149999618530273,12.0600004196167,12.09000015258789,48000,0.0,0.0
2022-08-03 00:00:00-04:00,12.140000343322754,12.239999771118164,12.140000343322754,12.180000305175781,59600,0.0,0.0
2022-08-04 00:00:00-04:00,12.149999618530273,12.25,12.149999618530273,12.170000076293945,50800,0.0,0.0
2022-08-05 00:00:00-04:00,12.130000114440918,12.239999771118164,12.130000114440918,12.1899995803833,51200,0.0,0.0
2022-08-08 00:00:00-04:00,12.239999771118164,12.34000015258789,12.199999809265137,12.329999923706055,76900,0.0,0.0
2022-08-09 00:00:00-04:00,12.319999694824219,12.34000015258789,12.300000190734863,12.3100004196167,25900,0.0,0.0
2022-08-10 00:00:00-04:00,12.40999984741211,12.539999961853027,12.369999885559082,12.539999961853027,82500,0.0,0.0
2022-08-11 00:00:00-04:00,12.5600004196167,12.670000076293945,12.5600004196167,12.630000114440918,47400,0.0,0.0
2022-08-12 00:00:00-04:00,12.6899995803833,12.829999923706055,12.640000343322754,12.8100004196167,71200,0.0,0.0
2022-08-15 00:00:00-04:00,12.789999961853027,12.84000015258789,12.720000267028809,12.770000457763672,41100,0.0,0.0
2022-08-16 00:00:00-04:00,12.760000228881836,12.760000228881836,12.65999984741211,12.65999984741211,48400,0.0,0.0
2022-08-17 00:00:00-04:00,12.65999984741211,12.680000305175781,12.470000267028809,12.470000267028809,71900,0.0,0.0
2022-08-18 00:00:00-04:00,12.510000228881836,12.569999694824219,12.460000038146973,12.569999694824219,43200,0.0,0.0
2022-08-19 00:00:00-04:00,12.529999732971191,12.539999961853027,12.4399995803833,12.449999809265137,34200,0.0,0.0
2022-08-22 00:00:00-04:00,12.420000076293945,12.489999771118164,12.260000228881836,12.289999961853027,34100,0.0,0.0
2022-08-23 00:00:00-04:00,12.180000305175781,12.260000228881836,12.180000305175781,12.229999542236328,19200,0.0,0.0
2022-08-24 00:00:00-04:00,12.220000267028809,12.329999923706055,12.220000267028809,12.300000190734863,25700,0.0,0.0
2022-08-25 00:00:00-04:00,12.289999961853027,12.359999656677246,12.289999961853027,12.300000190734863,12100,0.0,0.0
2022-08-26 00:00:00-04:00,12.270000457763672,12.270000457763672,12.130000114440918,12.149999618530273,18100,0.0,0.0
2022-08-29 00:00:00-04:00,12.079999923706055,12.149999618530273,12.069999694824219,12.069999694824219,24300,0.0,0.0
2022-08-30 00:00:00-04:00,12.050000190734863,12.09000015258789,12.020000457763672,12.020000457763672,64100,0.0,0.0
2022-08-31 00:00:00-04:00,12.0600004196167,12.0600004196167,11.9399995803833,12.0,40300,0.0,0.0
2022-09-01 00:00:00-04:00,11.850000381469727,11.880000114440918,11.65999984741211,11.6899995803833,79500,0.0,0.0
2022-09-02 00:00:00-04:00,11.720000267028809,11.760000228881836,11.609999656677246,11.670000076293945,40500,0.0,0.0
2022-09-06 00:00:00-04:00,11.630000114440918,11.649999618530273,11.460000038146973,11.5,71700,0.0,0.0
2022-09-07 00:00:00-04:00,11.5,11.75,11.5,11.739999771118164,101500,0.0,0.0
2022-09-08 00:00:00-04:00,11.65999984741211,11.819999694824219,11.65999984741211,11.760000228881836,49500,0.0,0.0
2022-09-09 00:00:00-04:00,11.75,11.880000114440918,11.75,11.850000381469727,34400,0.0,0.0
2022-09-12 00:00:00-04:00,11.850000381469727,11.920000076293945,11.789999961853027,11.829999923706055,45700,0.0,0.0
2022-09-13 00:00:00-04:00,11.770000457763672,11.779999732971191,11.65999984741211,11.6899995803833,76200,0.0,0.0
2022-09-14 00:00:00-04:00,11.720000267028809,11.770000457763672,11.649999618530273,11.699999809265137,28600,0.0,0.0
2022-09-15 00:00:00-04:00,11.6899995803833,11.6899995803833,11.529999732971191,11.529999732971191,34500,0.0,0.0
2022-09-16 00:00:00-04:00,11.460000038146973,11.489999771118164,11.390000343322754,11.460000038146973,40000,0.0,0.0
2022-09-19 00:00:00-04:00,11.430000305175781,11.470000267028809,11.40999984741211,11.460000038146973,51300,0.0,0.0
2022-09-20 00:00:00-04:00,11.399999618530273,11.430000305175781,11.300000190734863,11.34000015258789,85600,0.0,0.0
2022-09-21 00:00:00-04:00,11.380000114440918,11.460000038146973,11.34000015258789,11.359999656677246,34200,0.0,0.0
2022-09-22 00:00:00-04:00,11.289999961853027,11.289999961853027,11.149999618530273,11.170000076293945,49400,0.0,0.0
2022-09-23 00:00:00-04:00,11.109999656677246,11.109999656677246,10.970000267028809,11.0,53900,0.0,0.0
2022-09-26 00:00:00-04:00,10.949999809265137,11.039999961853027,10.869999885559082,10.899999618530273,79300,0.0,0.0
2022-09-27 00:00:00-04:00,10.899999618530273,10.9399995803833,10.8100004196167,10.869999885559082,56000,0.0,0.0
2022-09-28 00:00:00-04:00,10.90999984741211,11.109999656677246,10.869999885559082,11.100000381469727,32500,0.0,0.0
2022-09-29 00:00:00-04:00,11.029999732971191,11.029999732971191,10.859999656677246,10.960000038146973,33500,0.0,0.0
2022-09-30 00:00:00-04:00,10.90999984741211,10.949999809265137,10.8100004196167,10.899999618530273,81600,0.0,0.0
2022-10-03 00:00:00-04:00,10.90999984741211,10.989999771118164,10.869999885559082,10.949999809265137,49500,0.0,0.0
2022-10-04 00:00:00-04:00,11.0,11.1899995803833,10.989999771118164,11.130000114440918,55400,0.0,0.0
2022-10-05 00:00:00-04:00,11.069999694824219,11.069999694824219,10.869999885559082,10.979999542236328,48500,0.0,0.0
2022-10-06 00:00:00-04:00,10.920000076293945,11.069999694824219,10.920000076293945,10.960000038146973,28200,0.0,0.0
2022-10-07 00:00:00-04:00,10.949999809265137,10.949999809265137,10.850000381469727,10.859999656677246,21200,0.0,0.0
2022-10-10 00:00:00-04:00,10.850000381469727,10.850000381469727,10.680000305175781,10.770000457763672,99400,0.0,0.0
2022-10-11 00:00:00-04:00,10.789999961853027,10.859999656677246,10.739999771118164,10.8100004196167,53000,0.0,0.0
2022-10-12 00:00:00-04:00,10.760000228881836,10.850000381469727,10.720000267028809,10.720000267028809,58000,0.0,0.0
2022-10-13 00:00:00-04:00,10.630000114440918,10.760000228881836,10.579999923706055,10.729999542236328,29900,0.0,0.0
2022-10-14 00:00:00-04:00,10.760000228881836,10.779999732971191,10.6899995803833,10.710000038146973,78900,0.0,0.0
2022-10-17 00:00:00-04:00,10.75,10.800000190734863,10.729999542236328,10.729999542236328,43900,0.0,0.0
2022-10-18 00:00:00-04:00,10.890000343322754,10.90999984741211,10.789999961853027,10.829999923706055,67100,0.0,0.0
2022-10-19 00:00:00-04:00,10.800000190734863,10.869999885559082,10.75,10.760000228881836,32900,0.0,0.0
2022-10-20 00:00:00-04:00,10.789999961853027,10.930000305175781,10.779999732971191,10.899999618530273,124300,0.0,0.0
2022-10-21 00:00:00-04:00,10.770000457763672,10.779999732971191,10.579999923706055,10.680000305175781,61800,0.0,0.0
2022-10-24 00:00:00-04:00,10.640000343322754,10.699999809265137,10.630000114440918,10.680000305175781,83800,0.0,0.0
2022-10-25 00:00:00-04:00,10.640000343322754,10.739999771118164,10.640000343322754,10.699999809265137,46900,0.0,0.0
2022-10-26 00:00:00-04:00,10.729999542236328,10.819999694824219,10.680000305175781,10.8100004196167,88600,0.0,0.0
2022-10-27 00:00:00-04:00,10.800000190734863,10.859999656677246,10.6899995803833,10.729999542236328,63300,0.0,0.0
2022-10-28 00:00:00-04:00,10.710000038146973,10.90999984741211,10.710000038146973,10.880000114440918,62100,0.0,0.0
2022-10-31 00:00:00-04:00,10.819999694824219,10.970000267028809,10.779999732971191,10.960000038146973,41300,0.0,0.0
2022-11-01 00:00:00-04:00,10.949999809265137,11.0,10.779999732971191,10.869999885559082,62700,0.0,0.0
2022-11-02 00:00:00-04:00,10.819999694824219,10.890000343322754,10.760000228881836,10.800000190734863,61800,0.0,0.0
2022-11-03 00:00:00-04:00,10.800000190734863,10.84000015258789,10.729999542236328,10.819999694824219,39000,0.0,0.0
2022-11-04 00:00:00-04:00,10.9399995803833,11.350000381469727,10.90999984741211,11.09000015258789,119500,0.0,0.0
2022-11-07 00:00:00-05:00,11.170000076293945,11.199999809265137,11.0600004196167,11.130000114440918,24700,0.0,0.0
2022-11-08 00:00:00-05:00,11.199999809265137,11.25,11.050000190734863,11.220000267028809,83800,0.0,0.0
2022-11-09 00:00:00-05:00,11.229999542236328,11.25,11.100000381469727,11.1899995803833,32800,0.0,0.0
2022-11-10 00:00:00-05:00,11.350000381469727,11.4399995803833,11.289999961853027,11.420000076293945,43200,0.0,0.0
2022-11-11 00:00:00-05:00,11.489999771118164,11.489999771118164,11.270000457763672,11.289999961853027,35000,0.0,0.0
2022-11-14 00:00:00-05:00,11.319999694824219,11.319999694824219,11.069999694824219,11.100000381469727,51100,0.0,0.0
2022-11-15 00:00:00-05:00,11.220000267028809,11.3100004196167,11.170000076293945,11.229999542236328,47200,0.0,0.0
2022-11-16 00:00:00-05:00,11.210000038146973,11.369999885559082,11.199999809265137,11.300000190734863,54900,0.0,0.0
2022-11-17 00:00:00-05:00,11.210000038146973,11.260000228881836,11.149999618530273,11.220000267028809,52200,0.0,0.0
2022-11-18 00:00:00-05:00,11.260000228881836,11.270000457763672,11.119999885559082,11.180000305175781,39400,0.0,0.0
2022-11-21 00:00:00-05:00,11.079999923706055,11.140000343322754,11.039999961853027,11.119999885559082,39200,0.0,0.0
2022-11-22 00:00:00-05:00,11.119999885559082,11.170000076293945,11.079999923706055,11.170000076293945,41000,0.0,0.0
2022-11-23 00:00:00-05:00,11.210000038146973,11.220000267028809,11.130000114440918,11.149999618530273,34600,0.0,0.0
2022-11-25 00:00:00-05:00,11.109999656677246,11.15999984741211,11.100000381469727,11.130000114440918,35200,0.0,0.0
2022-11-28 00:00:00-05:00,11.119999885559082,11.180000305175781,11.09000015258789,11.130000114440918,44300,0.0,0.0
2022-11-29 00:00:00-05:00,11.079999923706055,11.15999984741211,11.079999923706055,11.109999656677246,65400,0.0,0.0
2022-11-30 00:00:00-05:00,11.100000381469727,11.430000305175781,11.079999923706055,11.319999694824219,115400,0.0,0.0
2022-12-01 00:00:00-05:00,11.319999694824219,11.390000343322754,11.229999542236328,11.270000457763672,45700,0.0,0.0
2022-12-02 00:00:00-05:00,11.119999885559082,11.229999542236328,11.109999656677246,11.140000343322754,54000,0.0,0.0
2022-12-05 00:00:00-05:00,11.100000381469727,11.130000114440918,11.010000228881836,11.050000190734863,63200,0.0,0.0
2022-12-06 00:00:00-05:00,11.020000457763672,11.069999694824219,10.90999984741211,10.949999809265137,69100,0.0,0.0
2022-12-07 00:00:00-05:00,10.90999984741211,11.0600004196167,10.829999923706055,11.010000228881836,59800,0.0,0.0
2022-12-08 00:00:00-05:00,11.0,11.050000190734863,10.930000305175781,10.930000305175781,52400,0.0,0.0
2022-12-09 00:00:00-05:00,10.859999656677246,10.9399995803833,10.84000015258789,10.84000015258789,62300,0.0,0.0
2022-12-12 00:00:00-05:00,10.880000114440918,10.90999984741211,10.84000015258789,10.899999618530273,33700,0.0,0.0
2022-12-13 00:00:00-05:00,11.039999961853027,11.100000381469727,11.020000457763672,11.09000015258789,148800,0.0,0.0
2022-12-14 00:00:00-05:00,11.039999961853027,11.109999656677246,10.989999771118164,11.050000190734863,160200,0.0,0.0
2022-12-15 00:00:00-05:00,10.949999809265137,11.100000381469727,10.949999809265137,11.039999961853027,79800,0.0,0.0
2022-12-16 00:00:00-05:00,10.989999771118164,11.050000190734863,10.960000038146973,10.989999771118164,77100,0.0,0.0
2022-12-19 00:00:00-05:00,10.949999809265137,11.0600004196167,10.789999961853027,10.8100004196167,62800,0.0,0.0
2022-12-20 00:00:00-05:00,10.789999961853027,10.949999809265137,10.789999961853027,10.84000015258789,46500,0.0,0.0
2022-12-21 00:00:00-05:00,10.779999732971191,10.880000114440918,10.779999732971191,10.819999694824219,115900,0.0,0.0
2022-12-22 00:00:00-05:00,10.729999542236328,10.850000381469727,10.729999542236328,10.800000190734863,92000,0.0,0.0
2022-12-23 00:00:00-05:00,10.8100004196167,10.899999618530273,10.8100004196167,10.859999656677246,66200,0.0,0.0
2022-12-27 00:00:00-05:00,10.84000015258789,10.84000015258789,10.720000267028809,10.729999542236328,32300,0.0,0.0
2022-12-28 00:00:00-05:00,10.710000038146973,10.739999771118164,10.65999984741211,10.670000076293945,51400,0.0,0.0
2022-12-29 00:00:00-05:00,10.6899995803833,10.779999732971191,10.670000076293945,10.75,115800,0.0,0.0
2022-12-30 00:00:00-05:00,10.739999771118164,10.869999885559082,10.739999771118164,10.84000015258789,47500,0.0,0.0
2023-01-03 00:00:00-05:00,10.819999694824219,10.960000038146973,10.800000190734863,10.9399995803833,28500,0.0,0.0
2023-01-04 00:00:00-05:00,10.960000038146973,10.989999771118164,10.920000076293945,10.989999771118164,15500,0.0,0.0
2023-01-05 00:00:00-05:00,10.920000076293945,10.960000038146973,10.869999885559082,10.899999618530273,58900,0.0,0.0
2023-01-06 00:00:00-05:00,10.930000305175781,11.039999961853027,10.90999984741211,11.020000457763672,42700,0.0,0.0
2023-01-09 00:00:00-05:00,11.050000190734863,11.09000015258789,11.0,11.010000228881836,74600,0.0,0.0
2023-01-10 00:00:00-05:00,11.039999961853027,11.100000381469727,11.020000457763672,11.079999923706055,44000,0.0,0.0
2023-01-11 00:00:00-05:00,11.09000015258789,11.1899995803833,11.09000015258789,11.1899995803833,60300,0.0,0.0
2023-01-12 00:00:00-05:00,11.1899995803833,11.25,11.130000114440918,11.25,47900,0.0,0.0
2023-01-13 00:00:00-05:00,11.15999984741211,11.289999961853027,11.15999984741211,11.260000228881836,55000,0.0,0.0
2023-01-17 00:00:00-05:00,11.260000228881836,11.329999923706055,11.1899995803833,11.220000267028809,70700,0.0,0.0
2023-01-18 00:00:00-05:00,11.270000457763672,11.300000190734863,11.220000267028809,11.260000228881836,57700,0.0,0.0
2023-01-19 00:00:00-05:00,11.25,11.289999961853027,11.229999542236328,11.260000228881836,44000,0.0,0.0
2023-01-20 00:00:00-05:00,11.260000228881836,11.319999694824219,11.260000228881836,11.319999694824219,12800,0.0,0.0
2023-01-23 00:00:00-05:00,11.270000457763672,11.380000114440918,11.270000457763672,11.300000190734863,76700,0.0,0.0
2023-01-24 00:00:00-05:00,11.350000381469727,11.479999542236328,11.329999923706055,11.40999984741211,43800,0.0,0.0
2023-01-25 00:00:00-05:00,11.40999984741211,11.40999984741211,11.329999923706055,11.350000381469727,30900,0.0,0.0
2023-01-26 00:00:00-05:00,11.380000114440918,11.420000076293945,11.369999885559082,11.420000076293945,19100,0.0,0.0
2023-01-27 00:00:00-05:00,11.420000076293945,11.510000228881836,11.420000076293945,11.470000267028809,53800,0.0,0.0
2023-01-30 00:00:00-05:00,11.489999771118164,11.550000190734863,11.460000038146973,11.539999961853027,75900,0.0,0.0
2023-01-31 00:00:00-05:00,11.619999885559082,11.6899995803833,11.579999923706055,11.670000076293945,51900,0.0,0.0
2023-02-01 00:00:00-05:00,11.6899995803833,11.6899995803833,11.569999694824219,11.649999618530273,30800,0.0,0.0
2023-02-02 00:00:00-05:00,11.710000038146973,11.75,11.670000076293945,11.699999809265137,26800,0.0,0.0
2023-02-03 00:00:00-05:00,11.699999809265137,11.770000457763672,11.680000305175781,11.680000305175781,57900,0.0,0.0
2023-02-06 00:00:00-05:00,11.710000038146973,11.75,11.680000305175781,11.729999542236328,78600,0.0,0.0
2023-02-07 00:00:00-05:00,11.680000305175781,11.800000190734863,11.680000305175781,11.75,44900,0.0,0.0
2023-02-08 00:00:00-05:00,11.699999809265137,11.789999961853027,11.699999809265137,11.720000267028809,23400,0.0,0.0
2023-02-09 00:00:00-05:00,11.779999732971191,11.779999732971191,11.699999809265137,11.699999809265137,14000,0.0,0.0
2023-02-10 00:00:00-05:00,11.699999809265137,11.699999809265137,11.630000114440918,11.699999809265137,18700,0.0,0.0
2023-02-13 00:00:00-05:00,11.699999809265137,11.770000457763672,11.630000114440918,11.680000305175781,31400,0.0,0.0
2023-02-14 00:00:00-05:00,11.739999771118164,11.779999732971191,11.680000305175781,11.779999732971191,31000,0.0,0.0
2023-02-15 00:00:00-05:00,11.720000267028809,11.75,11.699999809265137,11.75,17300,0.0,0.0
2023-02-16 00:00:00-05:00,11.729999542236328,11.739999771118164,11.5600004196167,11.720000267028809,90000,0.0,0.0
2023-02-17 00:00:00-05:00,11.619999885559082,11.619999885559082,11.4399995803833,11.460000038146973,43000,0.0,0.0
2023-02-21 00:00:00-05:00,11.449999809265137,11.460000038146973,11.260000228881836,11.289999961853027,40700,0.0,0.0
2023-02-22 00:00:00-05:00,11.34000015258789,11.34000015258789,11.199999809265137,11.25,64100,0.0,0.0
2023-02-23 00:00:00-05:00,11.300000190734863,11.300000190734863,11.229999542236328,11.25,32400,0.0,0.0
2023-02-24 00:00:00-05:00,11.25,11.34000015258789,11.199999809265137,11.3100004196167,55900,0.0,0.0
2023-02-27 00:00:00-05:00,11.369999885559082,11.390000343322754,11.3100004196167,11.390000343322754,32800,0.0,0.0
2023-02-28 00:00:00-05:00,11.460000038146973,11.460000038146973,11.359999656677246,11.460000038146973,43300,0.0,0.0
2023-03-01 00:00:00-05:00,11.489999771118164,11.489999771118164,11.390000343322754,11.40999984741211,46400,0.0,0.0
2023-03-02 00:00:00-05:00,11.40999984741211,11.489999771118164,11.40999984741211,11.460000038146973,22800,0.0,0.0
2023-03-03 00:00:00-05:00,11.4399995803833,11.449999809265137,11.390000343322754,11.430000305175781,21300,0.0,0.0
2023-03-06 00:00:00-05:00,11.489999771118164,11.539999961853027,11.430000305175781,11.539999961853027,58200,0.0,0.0
2023-03-07 00:00:00-05:00,11.5600004196167,11.5600004196167,11.390000343322754,11.4399995803833,38400,0.0,0.0
2023-03-08 00:00:00-05:00,11.4399995803833,11.460000038146973,11.350000381469727,11.369999885559082,25400,0.0,0.0
2023-03-09 00:00:00-05:00,11.390000343322754,11.390000343322754,11.199999809265137,11.199999809265137,25400,0.0,0.0
2023-03-10 00:00:00-05:00,11.229999542236328,11.229999542236328,10.920000076293945,10.949999809265137,74600,0.0,0.0
2023-03-13 00:00:00-04:00,10.949999809265137,11.0,10.739999771118164,10.770000457763672,99900,0.0,0.0
2023-03-14 00:00:00-04:00,10.800000190734863,10.949999809265137,10.800000190734863,10.90999984741211,84000,0.0,0.0
2023-03-15 00:00:00-04:00,10.770000457763672,11.170000076293945,10.699999809265137,11.15999984741211,278500,0.0,0.0
2023-03-16 00:00:00-04:00,11.140000343322754,11.170000076293945,10.920000076293945,11.0,152800,0.0,0.0
2023-03-17 00:00:00-04:00,11.020000457763672,11.15999984741211,10.720000267028809,10.739999771118164,39700,0.0,0.0
2023-03-20 00:00:00-04:00,10.800000190734863,10.869999885559082,10.779999732971191,10.8100004196167,65500,0.0,0.0
2023-03-21 00:00:00-04:00,10.859999656677246,10.989999771118164,10.859999656677246,10.920000076293945,20800,0.0,0.0
2023-03-22 00:00:00-04:00,10.989999771118164,11.119999885559082,10.9399995803833,10.989999771118164,56900,0.0,0.0
2023-03-23 00:00:00-04:00,10.899999618530273,10.979999542236328,10.770000457763672,10.800000190734863,31800,0.0,0.0
2023-03-24 00:00:00-04:00,10.8100004196167,10.84000015258789,10.680000305175781,10.6899995803833,40600,0.0,0.0
2023-03-27 00:00:00-04:00,10.720000267028809,10.779999732971191,10.699999809265137,10.75,68900,0.0,0.0
2023-03-28 00:00:00-04:00,10.789999961853027,10.829999923706055,10.699999809265137,10.739999771118164,42500,0.0,0.0
2023-03-29 00:00:00-04:00,10.770000457763672,10.850000381469727,10.770000457763672,10.819999694824219,46700,0.0,0.0
2023-03-30 00:00:00-04:00,10.869999885559082,10.930000305175781,10.819999694824219,10.890000343322754,30600,0.0,0.0
2023-03-31 00:00:00-04:00,10.949999809265137,11.0,10.90999984741211,10.90999984741211,58300,0.0,0.0
2023-04-03 00:00:00-04:00,10.890000343322754,11.100000381469727,10.890000343322754,11.039999961853027,74200,0.0,0.0
2023-04-04 00:00:00-04:00,11.0,11.039999961853027,10.859999656677246,10.859999656677246,59300,0.0,0.0
2023-04-05 00:00:00-04:00,10.850000381469727,10.880000114440918,10.770000457763672,10.8100004196167,74700,0.0,0.0
2023-04-06 00:00:00-04:00,10.779999732971191,10.899999618530273,10.779999732971191,10.829999923706055,40700,0.0,0.0
2023-04-10 00:00:00-04:00,10.829999923706055,11.039999961853027,10.829999923706055,11.010000228881836,114800,0.0,0.0
2023-04-11 00:00:00-04:00,11.15999984741211,11.180000305175781,11.09000015258789,11.109999656677246,98100,0.0,0.0
2023-04-12 00:00:00-04:00,11.140000343322754,11.170000076293945,11.100000381469727,11.130000114440918,32600,0.0,0.0
2023-04-13 00:00:00-04:00,11.130000114440918,11.170000076293945,11.079999923706055,11.09000015258789,28400,0.0,0.0
2023-04-14 00:00:00-04:00,11.09000015258789,11.15999984741211,10.989999771118164,11.0,77500,0.0,0.0
2023-04-17 00:00:00-04:00,11.020000457763672,11.079999923706055,10.9399995803833,11.039999961853027,68900,0.0,0.0
2023-04-18 00:00:00-04:00,11.050000190734863,11.119999885559082,11.020000457763672,11.039999961853027,54900,0.0,0.0
2023-04-19 00:00:00-04:00,11.069999694824219,11.119999885559082,10.970000267028809,11.119999885559082,90300,0.0,0.0
2023-04-20 00:00:00-04:00,11.029999732971191,11.069999694824219,10.90999984741211,11.069999694824219,45700,0.0,0.0
2023-04-21 00:00:00-04:00,11.029999732971191,11.029999732971191,10.930000305175781,10.949999809265137,43200,0.0,0.0
2023-04-24 00:00:00-04:00,10.949999809265137,11.010000228881836,10.90999984741211,10.960000038146973,33400,0.0,0.0
2023-04-25 00:00:00-04:00,10.949999809265137,10.960000038146973,10.869999885559082,10.899999618530273,56700,0.0,0.0
2023-04-26 00:00:00-04:00,10.890000343322754,10.960000038146973,10.850000381469727,10.9399995803833,47100,0.0,0.0
2023-04-27 00:00:00-04:00,10.930000305175781,10.949999809265137,10.859999656677246,10.949999809265137,56800,0.0,0.0
2023-04-28 00:00:00-04:00,10.90999984741211,10.970000267028809,10.90999984741211,10.920000076293945,62500,0.0,0.0
2023-05-01 00:00:00-04:00,10.880000114440918,10.970000267028809,10.880000114440918,10.930000305175781,58500,0.0,0.0
2023-05-02 00:00:00-04:00,10.890000343322754,10.930000305175781,10.789999961853027,10.829999923706055,54700,0.0,0.0
2023-05-03 00:00:00-04:00,10.800000190734863,10.90999984741211,10.800000190734863,10.84000015258789,68500,0.0,0.0
2023-05-04 00:00:00-04:00,10.84000015258789,10.84000015258789,10.789999961853027,10.819999694824219,29400,0.0,0.0
2023-05-05 00:00:00-04:00,10.880000114440918,10.899999618530273,10.859999656677246,10.890000343322754,36200,0.0,0.0
2023-05-08 00:00:00-04:00,10.890000343322754,10.890000343322754,10.800000190734863,10.829999923706055,18900,0.0,0.0
2023-05-09 00:00:00-04:00,10.859999656677246,10.880000114440918,10.84000015258789,10.869999885559082,21200,0.0,0.0
2023-05-10 00:00:00-04:00,10.899999618530273,10.899999618530273,10.859999656677246,10.859999656677246,23300,0.0,0.0
2023-05-11 00:00:00-04:00,10.859999656677246,10.920000076293945,10.829999923706055,10.829999923706055,53800,0.0,0.0
2023-05-12 00:00:00-04:00,10.859999656677246,10.90999984741211,10.829999923706055,10.859999656677246,23500,0.0,0.0
2023-05-15 00:00:00-04:00,10.890000343322754,10.899999618530273,10.859999656677246,10.899999618530273,29500,0.0,0.0
2023-05-16 00:00:00-04:00,10.859999656677246,10.899999618530273,10.859999656677246,10.859999656677246,30500,0.0,0.0
2023-05-17 00:00:00-04:00,10.890000343322754,10.9399995803833,10.859999656677246,10.920000076293945,86700,0.0,0.0
2023-05-18 00:00:00-04:00,10.890000343322754,10.970000267028809,10.869999885559082,10.899999618530273,51500,0.0,0.0
2023-05-19 00:00:00-04:00,10.899999618530273,10.930000305175781,10.8100004196167,10.84000015258789,37300,0.0,0.0
2023-05-22 00:00:00-04:00,10.779999732971191,10.84000015258789,10.720000267028809,10.819999694824219,46200,0.0,0.0
2023-05-23 00:00:00-04:00,10.760000228881836,10.8100004196167,10.720000267028809,10.729999542236328,37900,0.0,0.0
2023-05-24 00:00:00-04:00,10.75,10.770000457763672,10.6899995803833,10.699999809265137,46200,0.0,0.0
2023-05-25 00:00:00-04:00,10.720000267028809,10.829999923706055,10.710000038146973,10.829999923706055,74600,0.0,0.0
2023-05-26 00:00:00-04:00,10.800000190734863,10.84000015258789,10.770000457763672,10.800000190734863,21200,0.0,0.0
2023-05-30 00:00:00-04:00,10.779999732971191,10.829999923706055,10.739999771118164,10.789999961853027,37800,0.0,0.0
2023-05-31 00:00:00-04:00,10.8100004196167,10.829999923706055,10.75,10.819999694824219,37900,0.0,0.0
2023-06-01 00:00:00-04:00,10.789999961853027,10.84000015258789,10.739999771118164,10.739999771118164,51500,0.0,0.0
2023-06-02 00:00:00-04:00,10.770000457763672,10.90999984741211,10.770000457763672,10.829999923706055,64100,0.0,0.0
2023-06-05 00:00:00-04:00,10.829999923706055,10.850000381469727,10.729999542236328,10.800000190734863,30800,0.0,0.0
2023-06-06 00:00:00-04:00,10.789999961853027,10.890000343322754,10.789999961853027,10.869999885559082,20900,0.0,0.0
2023-06-07 00:00:00-04:00,10.890000343322754,10.949999809265137,10.869999885559082,10.869999885559082,23900,0.0,0.0
2023-06-08 00:00:00-04:00,10.899999618530273,10.899999618530273,10.829999923706055,10.869999885559082,44900,0.0,0.0
2023-06-09 00:00:00-04:00,10.84000015258789,10.890000343322754,10.829999923706055,10.869999885559082,34500,0.0,0.0
2023-06-12 00:00:00-04:00,10.850000381469727,10.9399995803833,10.850000381469727,10.920000076293945,87100,0.0,0.0
2023-06-13 00:00:00-04:00,10.970000267028809,11.010000228881836,10.930000305175781,10.949999809265137,29700,0.0,0.0
2023-06-14 00:00:00-04:00,10.979999542236328,11.0,10.920000076293945,10.930000305175781,24300,0.0,0.0
2023-06-15 00:00:00-04:00,10.920000076293945,11.069999694824219,10.920000076293945,11.010000228881836,32600,0.0,0.0
2023-06-16 00:00:00-04:00,11.010000228881836,11.130000114440918,11.010000228881836,11.010000228881836,72200,0.0,0.0
2023-06-20 00:00:00-04:00,11.069999694824219,11.109999656677246,11.029999732971191,11.069999694824219,55800,0.0,0.0
2023-06-21 00:00:00-04:00,11.079999923706055,11.109999656677246,11.020000457763672,11.069999694824219,29200,0.0,0.0
2023-06-22 00:00:00-04:00,10.930000305175781,11.09000015258789,10.930000305175781,11.050000190734863,61600,0.0,0.0
2023-06-23 00:00:00-04:00,11.050000190734863,11.09000015258789,11.039999961853027,11.0600004196167,22500,0.0,0.0
2023-06-26 00:00:00-04:00,11.09000015258789,11.140000343322754,11.020000457763672,11.069999694824219,24200,0.0,0.0
2023-06-27 00:00:00-04:00,11.100000381469727,11.1899995803833,11.100000381469727,11.149999618530273,60100,0.0,0.0
2023-06-28 00:00:00-04:00,11.180000305175781,11.260000228881836,11.119999885559082,11.25,59500,0.0,0.0
2023-06-29 00:00:00-04:00,11.25,11.300000190734863,11.100000381469727,11.279999732971191,55500,0.0,0.0
2023-06-30 00:00:00-04:00,11.319999694824219,11.390000343322754,11.3100004196167,11.34000015258789,49200,0.0,0.0
2023-07-03 00:00:00-04:00,11.380000114440918,11.539999961853027,11.380000114440918,11.529999732971191,52100,0.0,0.0
2023-07-05 00:00:00-04:00,11.550000190734863,11.550000190734863,11.399999618530273,11.430000305175781,22800,0.0,0.0
2023-07-06 00:00:00-04:00,11.420000076293945,11.430000305175781,11.34000015258789,11.359999656677246,43700,0.0,0.0
2023-07-07 00:00:00-04:00,11.359999656677246,11.420000076293945,11.359999656677246,11.369999885559082,33800,0.0,0.0
2023-07-10 00:00:00-04:00,11.350000381469727,11.489999771118164,11.350000381469727,11.430000305175781,33900,0.0,0.0
2023-07-11 00:00:00-04:00,11.489999771118164,11.539999961853027,11.4399995803833,11.470000267028809,28700,0.0,0.0
2023-07-12 00:00:00-04:00,11.479999542236328,11.5600004196167,11.460000038146973,11.479999542236328,31500,0.0,0.0
2023-07-13 00:00:00-04:00,11.529999732971191,11.550000190734863,11.40999984741211,11.489999771118164,38900,0.0,0.0
2023-07-14 00:00:00-04:00,11.460000038146973,11.5,11.369999885559082,11.369999885559082,48900,0.0,0.0
2023-07-17 00:00:00-04:00,11.40999984741211,11.470000267028809,11.369999885559082,11.470000267028809,53900,0.0,0.0
2023-07-18 00:00:00-04:00,11.479999542236328,11.619999885559082,11.4399995803833,11.569999694824219,71500,0.0,0.0
2023-07-19 00:00:00-04:00,11.539999961853027,11.5600004196167,11.5,11.520000457763672,36000,0.0,0.0
2023-07-20 00:00:00-04:00,11.550000190734863,11.600000381469727,11.420000076293945,11.600000381469727,52000,0.0,0.0
2023-07-21 00:00:00-04:00,11.5,11.520000457763672,11.460000038146973,11.460000038146973,27700,0.0,0.0
2023-07-24 00:00:00-04:00,11.539999961853027,11.59000015258789,11.470000267028809,11.510000228881836,36600,0.0,0.0
2023-07-25 00:00:00-04:00,11.5,11.539999961853027,11.460000038146973,11.460000038146973,22400,0.0,0.0
2023-07-26 00:00:00-04:00,11.460000038146973,11.529999732971191,11.460000038146973,11.489999771118164,34900,0.0,0.0
2023-07-27 00:00:00-04:00,11.529999732971191,11.550000190734863,11.4399995803833,11.479999542236328,37900,0.0,0.0
2023-07-28 00:00:00-04:00,11.479999542236328,11.569999694824219,11.420000076293945,11.510000228881836,43900,0.0,0.0
2023-07-31 00:00:00-04:00,11.569999694824219,11.619999885559082,11.510000228881836,11.59000015258789,43500,0.0,0.0
2023-08-01 00:00:00-04:00,11.529999732971191,11.5600004196167,11.5,11.510000228881836,42700,0.0,0.0
2023-08-02 00:00:00-04:00,11.520000457763672,11.550000190734863,11.449999809265137,11.5,47400,0.0,0.0
2023-08-03 00:00:00-04:00,11.520000457763672,11.539999961853027,11.470000267028809,11.479999542236328,66500,0.0,0.0
2023-08-04 00:00:00-04:00,11.520000457763672,11.59000015258789,11.5,11.550000190734863,32400,0.0,0.0
2023-08-07 00:00:00-04:00,11.600000381469727,11.670000076293945,11.550000190734863,11.550000190734863,59400,0.0,0.0
2023-08-08 00:00:00-04:00,11.5600004196167,11.600000381469727,11.510000228881836,11.550000190734863,32900,0.0,0.0
2023-08-09 00:00:00-04:00,11.59000015258789,11.619999885559082,11.539999961853027,11.579999923706055,53000,0.0,0.0
2023-08-10 00:00:00-04:00,11.59000015258789,11.600000381469727,11.529999732971191,11.550000190734863,45900,0.0,0.0
2023-08-11 00:00:00-04:00,11.489999771118164,11.579999923706055,11.479999542236328,11.529999732971191,31100,0.0,0.0
2023-08-14 00:00:00-04:00,11.5600004196167,11.59000015258789,11.5,11.529999732971191,60600,0.0,0.0
2023-08-15 00:00:00-04:00,11.550000190734863,11.5600004196167,11.460000038146973,11.520000457763672,59600,0.0,0.0
2023-08-16 00:00:00-04:00,11.479999542236328,11.529999732971191,11.479999542236328,11.510000228881836,29200,0.0,0.0
2023-08-17 00:00:00-04:00,11.510000228881836,11.520000457763672,11.390000343322754,11.390000343322754,78800,0.0,0.0
2023-08-18 00:00:00-04:00,11.359999656677246,11.479999542236328,11.359999656677246,11.420000076293945,36900,0.0,0.0
2023-08-21 00:00:00-04:00,11.420000076293945,11.539999961853027,11.420000076293945,11.510000228881836,94800,0.0,0.0
2023-08-22 00:00:00-04:00,11.539999961853027,11.579999923706055,11.510000228881836,11.539999961853027,51600,0.0,0.0
2023-08-23 00:00:00-04:00,11.460000038146973,11.539999961853027,11.430000305175781,11.479999542236328,40000,0.0,0.0
2023-08-24 00:00:00-04:00,11.479999542236328,11.5600004196167,11.479999542236328,11.520000457763672,208000,0.0,0.0
2023-08-25 00:00:00-04:00,11.550000190734863,11.579999923706055,11.460000038146973,11.5,24600,0.0,0.0
2023-08-28 00:00:00-04:00,11.5,11.579999923706055,11.5,11.510000228881836,24900,0.0,0.0
2023-08-29 00:00:00-04:00,11.489999771118164,11.670000076293945,11.489999771118164,11.609999656677246,34400,0.0,0.0
2023-08-30 00:00:00-04:00,11.600000381469727,11.699999809265137,11.550000190734863,11.579999923706055,46300,0.0,0.0
2023-08-31 00:00:00-04:00,11.59000015258789,11.65999984741211,11.520000457763672,11.550000190734863,44800,0.0,0.0
2023-09-01 00:00:00-04:00,11.5600004196167,11.59000015258789,11.5,11.579999923706055,39600,0.0,0.0
2023-09-05 00:00:00-04:00,11.5600004196167,11.59000015258789,11.520000457763672,11.59000015258789,34700,0.0,0.0
2023-09-06 00:00:00-04:00,11.59000015258789,11.630000114440918,11.529999732971191,11.569999694824219,32400,0.0,0.0
2023-09-07 00:00:00-04:00,11.59000015258789,11.630000114440918,11.520000457763672,11.579999923706055,41200,0.0,0.0
2023-09-08 00:00:00-04:00,11.600000381469727,11.649999618530273,11.5600004196167,11.5600004196167,24300,0.0,0.0
2023-09-11 00:00:00-04:00,11.529999732971191,11.649999618530273,11.529999732971191,11.539999961853027,52700,0.0,0.0
2023-09-12 00:00:00-04:00,11.550000190734863,11.609999656677246,11.489999771118164,11.520000457763672,36200,0.0,0.0
2023-09-13 00:00:00-04:00,11.5600004196167,11.680000305175781,11.550000190734863,11.619999885559082,70300,0.0,0.0
2023-09-14 00:00:00-04:00,11.600000381469727,11.65999984741211,11.600000381469727,11.640000343322754,46300,0.0,0.0
2023-09-15 00:00:00-04:00,11.609999656677246,11.65999984741211,11.579999923706055,11.59000015258789,35200,0.0,0.0
2023-09-18 00:00:00-04:00,11.609999656677246,11.699999809265137,11.609999656677246,11.699999809265137,36900,0.0,0.0
2023-09-19 00:00:00-04:00,11.699999809265137,11.800000190734863,11.680000305175781,11.800000190734863,62500,0.0,0.0
2023-09-20 00:00:00-04:00,11.819999694824219,11.84000015258789,11.770000457763672,11.800000190734863,62400,0.0,0.0
2023-09-21 00:00:00-04:00,11.630000114440918,11.710000038146973,11.619999885559082,11.649999618530273,30200,0.0,0.0
2023-09-22 00:00:00-04:00,11.6899995803833,11.8100004196167,11.6899995803833,11.800000190734863,58700,0.0,0.0
2023-09-25 00:00:00-04:00,11.789999961853027,11.800000190734863,11.710000038146973,11.720000267028809,59600,0.0,0.0
2023-09-26 00:00:00-04:00,11.699999809265137,11.720000267028809,11.579999923706055,11.609999656677246,53300,0.0,0.0
2023-09-27 00:00:00-04:00,11.649999618530273,11.670000076293945,11.460000038146973,11.529999732971191,56100,0.0,0.0
2023-09-28 00:00:00-04:00,11.539999961853027,11.640000343322754,11.510000228881836,11.609999656677246,42400,0.0,0.0
2023-09-29 00:00:00-04:00,11.670000076293945,11.770000457763672,11.640000343322754,11.649999618530273,91000,0.0,0.0
2023-10-02 00:00:00-04:00,11.640000343322754,11.710000038146973,11.40999984741211,11.40999984741211,76300,0.0,0.0
2023-10-03 00:00:00-04:00,11.420000076293945,11.430000305175781,11.140000343322754,11.25,87900,0.0,0.0
2023-10-04 00:00:00-04:00,11.300000190734863,11.420000076293945,11.15999984741211,11.40999984741211,116600,0.0,0.0
2023-10-05 00:00:00-04:00,11.40999984741211,11.420000076293945,11.3100004196167,11.399999618530273,53800,0.0,0.0
2023-10-06 00:00:00-04:00,11.369999885559082,11.399999618530273,11.270000457763672,11.350000381469727,61700,0.0,0.0
2023-10-09 00:00:00-04:00,11.34000015258789,11.479999542236328,11.300000190734863,11.40999984741211,64600,0.0,0.0
2023-10-10 00:00:00-04:00,11.430000305175781,11.520000457763672,11.369999885559082,11.479999542236328,40100,0.0,0.0
2023-10-11 00:00:00-04:00,11.529999732971191,11.529999732971191,11.420000076293945,11.470000267028809,21200,0.0,0.0
2023-10-12 00:00:00-04:00,11.529999732971191,11.539999961853027,11.390000343322754,11.420000076293945,28600,0.0,0.0
2023-10-13 00:00:00-04:00,11.479999542236328,11.479999542236328,11.34000015258789,11.359999656677246,25800,0.0,0.0
2023-10-16 00:00:00-04:00,11.420000076293945,11.520000457763672,11.329999923706055,11.350000381469727,37600,0.0,0.0
2023-10-17 00:00:00-04:00,11.319999694824219,11.369999885559082,11.3100004196167,11.319999694824219,42100,0.0,0.0
2023-10-18 00:00:00-04:00,11.329999923706055,11.329999923706055,11.210000038146973,11.220000267028809,24000,0.0,0.0
2023-10-19 00:00:00-04:00,11.239999771118164,11.289999961853027,11.100000381469727,11.119999885559082,41700,0.0,0.0
2023-10-20 00:00:00-04:00,11.130000114440918,11.180000305175781,11.079999923706055,11.079999923706055,36800,0.0,0.0
2023-10-23 00:00:00-04:00,10.920000076293945,11.029999732971191,10.920000076293945,11.010000228881836,35800,0.0,0.0
2023-10-24 00:00:00-04:00,11.010000228881836,11.180000305175781,11.010000228881836,11.100000381469727,38000,0.0,0.0
2023-10-25 00:00:00-04:00,11.050000190734863,11.09000015258789,10.899999618530273,10.90999984741211,39400,0.0,0.0
2023-10-26 00:00:00-04:00,10.949999809265137,11.010000228881836,10.920000076293945,10.930000305175781,26600,0.0,0.0
2023-10-27 00:00:00-04:00,10.930000305175781,11.0600004196167,10.90999984741211,10.9399995803833,29800,0.0,0.0
2023-10-30 00:00:00-04:00,10.960000038146973,11.039999961853027,10.960000038146973,11.039999961853027,42400,0.0,0.0
2023-10-31 00:00:00-04:00,11.119999885559082,11.1899995803833,11.069999694824219,11.1899995803833,65700,0.0,0.0
2023-11-01 00:00:00-04:00,11.25,11.380000114440918,11.229999542236328,11.34000015258789,54900,0.0,0.0
2023-11-02 00:00:00-04:00,11.359999656677246,11.460000038146973,11.359999656677246,11.430000305175781,72600,0.0,0.0
2023-11-03 00:00:00-04:00,11.5,11.619999885559082,11.470000267028809,11.529999732971191,78300,0.0,0.0
2023-11-06 00:00:00-05:00,11.529999732971191,11.529999732971191,11.369999885559082,11.420000076293945,55700,0.0,0.0
2023-11-07 00:00:00-05:00,11.479999542236328,11.479999542236328,11.350000381469727,11.449999809265137,41600,0.0,0.0
2023-11-08 00:00:00-05:00,11.5,11.550000190734863,11.399999618530273,11.449999809265137,36100,0.0,0.0
2023-11-09 00:00:00-05:00,11.430000305175781,11.520000457763672,11.40999984741211,11.430000305175781,26700,0.0,0.0
2023-11-10 00:00:00-05:00,11.40999984741211,11.470000267028809,11.399999618530273,11.399999618530273,113100,0.0,0.0
2023-11-13 00:00:00-05:00,11.460000038146973,11.510000228881836,11.430000305175781,11.5,30300,0.0,0.0
2023-11-14 00:00:00-05:00,11.6899995803833,11.739999771118164,11.520000457763672,11.550000190734863,80800,0.0,0.0
2023-11-15 00:00:00-05:00,11.630000114440918,11.630000114440918,11.520000457763672,11.569999694824219,48400,0.0,0.0
2023-11-16 00:00:00-05:00,11.59000015258789,11.59000015258789,11.5,11.5600004196167,35800,0.0,0.0
2023-11-17 00:00:00-05:00,11.529999732971191,11.630000114440918,11.5,11.520000457763672,86000,0.0,0.0
2023-11-20 00:00:00-05:00,11.520000457763672,11.539999961853027,11.489999771118164,11.510000228881836,64300,0.0,0.0
2023-11-21 00:00:00-05:00,11.399999618530273,11.430000305175781,11.380000114440918,11.390000343322754,44300,0.0,0.0
2023-11-22 00:00:00-05:00,11.399999618530273,11.470000267028809,11.390000343322754,11.460000038146973,40500,0.0,0.0
2023-11-24 00:00:00-05:00,11.460000038146973,11.5,11.4399995803833,11.489999771118164,51800,0.0,0.0
2023-11-27 00:00:00-05:00,11.539999961853027,11.539999961853027,11.420000076293945,11.479999542236328,34800,0.0,0.0
2023-11-28 00:00:00-05:00,11.460000038146973,11.470000267028809,11.329999923706055,11.380000114440918,56000,0.0,0.0
2023-11-29 00:00:00-05:00,11.40999984741211,11.449999809265137,11.359999656677246,11.449999809265137,76900,0.0,0.0
2023-11-30 00:00:00-05:00,11.449999809265137,11.460000038146973,11.350000381469727,11.359999656677246,47300,0.0,0.0
2023-12-01 00:00:00-05:00,11.390000343322754,11.489999771118164,11.390000343322754,11.479999542236328,61200,0.0,0.0
2023-12-04 00:00:00-05:00,11.479999542236328,11.479999542236328,11.380000114440918,11.390000343322754,42700,0.0,0.0
2023-12-05 00:00:00-05:00,11.390000343322754,11.449999809265137,11.369999885559082,11.449999809265137,32400,0.0,0.0
2023-12-06 00:00:00-05:00,11.470000267028809,11.5600004196167,11.4399995803833,11.489999771118164,97100,0.0,0.0
2023-12-07 00:00:00-05:00,11.460000038146973,11.5,11.40999984741211,11.5,83500,0.0,0.0
2023-12-08 00:00:00-05:00,11.479999542236328,11.579999923706055,11.479999542236328,11.520000457763672,42300,0.0,0.0
2023-12-11 00:00:00-05:00,11.539999961853027,11.579999923706055,11.489999771118164,11.5,51200,0.0,0.0
2023-12-12 00:00:00-05:00,11.489999771118164,11.550000190734863,11.479999542236328,11.520000457763672,48000,0.0,0.0
2023-12-13 00:00:00-05:00,11.5600004196167,11.579999923706055,11.529999732971191,11.579999923706055,58700,0.0,0.0
2023-12-14 00:00:00-05:00,11.609999656677246,11.729999542236328,11.609999656677246,11.670000076293945,122000,0.0,0.0
2023-12-15 00:00:00-05:00,11.670000076293945,11.75,11.65999984741211,11.720000267028809,51800,0.0,0.0
2023-12-18 00:00:00-05:00,11.760000228881836,11.789999961853027,11.510000228881836,11.65999984741211,85700,0.0,0.0
2023-12-19 00:00:00-05:00,11.720000267028809,11.729999542236328,11.59000015258789,11.670000076293945,118900,0.0,0.0
2023-12-20 00:00:00-05:00,11.59000015258789,11.59000015258789,11.470000267028809,11.510000228881836,53400,0.0,0.0
2023-12-21 00:00:00-05:00,11.569999694824219,11.569999694824219,11.470000267028809,11.5,75800,0.0,0.0
2023-12-22 00:00:00-05:00,11.5600004196167,11.59000015258789,11.470000267028809,11.550000190734863,85600,0.0,0.0
2023-12-26 00:00:00-05:00,11.579999923706055,11.579999923706055,11.479999542236328,11.550000190734863,107400,0.0,0.0
2023-12-27 00:00:00-05:00,11.59000015258789,11.59000015258789,11.529999732971191,11.569999694824219,110100,0.0,0.0
2023-12-28 00:00:00-05:00,11.5,11.5,11.40999984741211,11.449999809265137,117500,0.0,0.0
2023-12-29 00:00:00-05:00,11.460000038146973,11.5,11.449999809265137,11.449999809265137,177000,0.0,0.0
2024-01-02 00:00:00-05:00,11.449999809265137,11.529999732971191,11.40999984741211,11.510000228881836,65900,0.0,0.0
2024-01-03 00:00:00-05:00,11.539999961853027,11.550000190734863,11.40999984741211,11.430000305175781,66600,0.0,0.0
2024-01-04 00:00:00-05:00,11.460000038146973,11.510000228881836,11.4399995803833,11.479999542236328,57200,0.0,0.0
2024-01-05 00:00:00-05:00,11.520000457763672,11.569999694824219,11.489999771118164,11.550000190734863,88800,0.0,0.0
2024-01-08 00:00:00-05:00,11.579999923706055,11.600000381469727,11.550000190734863,11.600000381469727,63400,0.0,0.0
2024-01-09 00:00:00-05:00,11.579999923706055,11.600000381469727,11.539999961853027,11.600000381469727,56800,0.0,0.0
2024-01-10 00:00:00-05:00,11.600000381469727,11.600000381469727,11.550000190734863,11.600000381469727,53500,0.0,0.0
2024-01-11 00:00:00-05:00,11.630000114440918,11.630000114440918,11.539999961853027,11.600000381469727,170900,0.0,0.0
2024-01-12 00:00:00-05:00,11.630000114440918,11.699999809265137,11.569999694824219,11.609999656677246,64800,0.0,0.0
2024-01-16 00:00:00-05:00,11.649999618530273,11.680000305175781,11.59000015258789,11.600000381469727,70400,0.0,0.0
2024-01-17 00:00:00-05:00,11.609999656677246,11.670000076293945,11.5600004196167,11.59000015258789,70500,0.0,0.0
2024-01-18 00:00:00-05:00,11.649999618530273,11.680000305175781,11.59000015258789,11.619999885559082,41300,0.0,0.0
2024-01-19 00:00:00-05:00,11.619999885559082,11.65999984741211,11.550000190734863,11.59000015258789,50900,0.0,0.0
2024-01-22 00:00:00-05:00,11.6899995803833,11.6899995803833,11.569999694824219,11.609999656677246,112400,0.0,0.0
2024-01-23 00:00:00-05:00,11.65999984741211,11.75,11.630000114440918,11.710000038146973,119600,0.0,0.0
2024-01-24 00:00:00-05:00,11.800000190734863,11.829999923706055,11.739999771118164,11.8100004196167,106100,0.0,0.0
2024-01-25 00:00:00-05:00,11.800000190734863,11.880000114440918,11.800000190734863,11.880000114440918,54300,0.0,0.0
2024-01-26 00:00:00-05:00,11.930000305175781,11.930000305175781,11.819999694824219,11.859999656677246,45400,0.0,0.0
2024-01-29 00:00:00-05:00,11.880000114440918,11.949999809265137,11.869999885559082,11.899999618530273,17600,0.0,0.0
2024-01-30 00:00:00-05:00,11.949999809265137,11.989999771118164,11.890000343322754,11.960000038146973,54900,0.0,0.0
2024-01-31 00:00:00-05:00,11.989999771118164,12.039999961853027,11.920000076293945,12.010000228881836,131000,0.0,0.0
2024-02-01 00:00:00-05:00,12.020000457763672,12.09000015258789,12.0,12.020000457763672,65400,0.0,0.0
2024-02-02 00:00:00-05:00,12.0600004196167,12.0600004196167,11.880000114440918,11.90999984741211,63600,0.0,0.0
2024-02-05 00:00:00-05:00,11.90999984741211,11.9399995803833,11.800000190734863,11.869999885559082,41000,0.0,0.0
2024-02-06 00:00:00-05:00,11.899999618530273,11.979999542236328,11.84000015258789,11.979999542236328,60800,0.0,0.0
2024-02-07 00:00:00-05:00,12.0600004196167,12.149999618530273,12.0,12.039999961853027,65200,0.0,0.0
2024-02-08 00:00:00-05:00,12.069999694824219,12.09000015258789,11.890000343322754,11.930000305175781,72900,0.0,0.0
2024-02-09 00:00:00-05:00,11.90999984741211,11.949999809265137,11.890000343322754,11.90999984741211,64900,0.0,0.0
2024-02-12 00:00:00-05:00,11.960000038146973,12.029999732971191,11.930000305175781,11.970000267028809,45600,0.0,0.0
2024-02-13 00:00:00-05:00,11.930000305175781,11.960000038146973,11.890000343322754,11.960000038146973,70900,0.0,0.0
2024-02-14 00:00:00-05:00,12.039999961853027,12.039999961853027,11.930000305175781,12.020000457763672,113800,0.0,0.0
2024-02-15 00:00:00-05:00,12.010000228881836,12.039999961853027,11.979999542236328,12.0,32900,0.0,0.0
2024-02-16 00:00:00-05:00,12.029999732971191,12.029999732971191,11.9399995803833,12.0,60800,0.0,0.0
2024-02-20 00:00:00-05:00,12.039999961853027,12.079999923706055,11.989999771118164,12.029999732971191,66600,0.0,0.0
2024-02-21 00:00:00-05:00,11.970000267028809,12.020000457763672,11.949999809265137,11.960000038146973,56800,0.0,0.0
2024-02-22 00:00:00-05:00,11.960000038146973,12.010000228881836,11.949999809265137,11.970000267028809,71400,0.0,0.0
2024-02-23 00:00:00-05:00,12.029999732971191,12.069999694824219,11.850000381469727,11.90999984741211,124700,0.0,0.0
2024-02-26 00:00:00-05:00,11.9399995803833,11.979999542236328,11.930000305175781,11.979999542236328,67200,0.0,0.0
2024-02-27 00:00:00-05:00,12.050000190734863,12.0600004196167,11.970000267028809,12.029999732971191,62000,0.0,0.0
2024-02-28 00:00:00-05:00,12.0600004196167,12.0600004196167,12.029999732971191,12.0600004196167,27000,0.0,0.0
2024-02-29 00:00:00-05:00,12.140000343322754,12.149999618530273,12.0,12.109999656677246,67200,0.0,0.0
2024-03-01 00:00:00-05:00,12.170000076293945,12.239999771118164,12.140000343322754,12.220000267028809,43500,0.0,0.0
2024-03-04 00:00:00-05:00,12.210000038146973,12.260000228881836,12.210000038146973,12.210000038146973,51800,0.0,0.0
2024-03-05 00:00:00-05:00,12.210000038146973,12.279999732971191,12.170000076293945,12.199999809265137,52700,0.0,0.0
2024-03-06 00:00:00-05:00,12.199999809265137,12.25,12.1899995803833,12.220000267028809,29400,0.0,0.0
2024-03-07 00:00:00-05:00,12.210000038146973,12.239999771118164,12.210000038146973,12.210000038146973,52100,0.0,0.0
2024-03-08 00:00:00-05:00,12.210000038146973,12.260000228881836,12.109999656677246,12.119999885559082,37300,0.0,0.0
2024-03-11 00:00:00-04:00,12.130000114440918,12.220000267028809,12.119999885559082,12.220000267028809,51100,0.0,0.0
2024-03-12 00:00:00-04:00,12.260000228881836,12.300000190734863,12.210000038146973,12.300000190734863,89100,0.0,0.0
2024-03-13 00:00:00-04:00,12.329999923706055,12.359999656677246,12.279999732971191,12.329999923706055,48500,0.0,0.0
2024-03-14 00:00:00-04:00,12.390000343322754,12.4399995803833,12.260000228881836,12.279999732971191,47100,0.0,0.0
2024-03-15 00:00:00-04:00,12.289999961853027,12.34000015258789,12.289999961853027,12.3100004196167,53500,0.0,0.0
2024-03-18 00:00:00-04:00,12.34000015258789,12.399999618530273,12.3100004196167,12.390000343322754,31400,0.0,0.0
2024-03-19 00:00:00-04:00,12.430000305175781,12.4399995803833,12.359999656677246,12.390000343322754,39000,0.0,0.0
2024-03-20 00:00:00-04:00,12.380000114440918,12.380000114440918,12.270000457763672,12.3100004196167,79600,0.0,0.0
2024-03-21 00:00:00-04:00,12.399999618530273,12.399999618530273,12.329999923706055,12.34000015258789,30800,0.0,0.0
2024-03-22 00:00:00-04:00,12.399999618530273,12.399999618530273,12.270000457763672,12.279999732971191,28700,0.0,0.0
2024-03-25 00:00:00-04:00,12.3100004196167,12.359999656677246,12.25,12.300000190734863,45400,0.0,0.0
2024-03-26 00:00:00-04:00,12.359999656677246,12.359999656677246,12.289999961853027,12.300000190734863,31800,0.0,0.0
2024-03-27 00:00:00-04:00,12.350000381469727,12.350000381469727,12.289999961853027,12.319999694824219,36500,0.0,0.0
2024-03-28 00:00:00-04:00,12.350000381469727,12.350000381469727,12.300000190734863,12.3100004196167,57300,0.0,0.0
2024-04-01 00:00:00-04:00,12.329999923706055,12.359999656677246,12.289999961853027,12.3100004196167,45100,0.0,0.0
2024-04-02 00:00:00-04:00,12.300000190734863,12.34000015258789,12.270000457763672,12.300000190734863,43300,0.0,0.0
2024-04-03 00:00:00-04:00,12.300000190734863,12.319999694824219,12.25,12.270000457763672,38500,0.0,0.0
2024-04-04 00:00:00-04:00,12.369999885559082,12.369999885559082,12.199999809265137,12.229999542236328,46400,0.0,0.0
2024-04-05 00:00:00-04:00,12.319999694824219,12.319999694824219,12.229999542236328,12.260000228881836,51000,0.0,0.0
2024-04-08 00:00:00-04:00,12.229999542236328,12.420000076293945,12.229999542236328,12.279999732971191,90000,0.0,0.0
2024-04-09 00:00:00-04:00,12.34000015258789,12.40999984741211,12.319999694824219,12.34000015258789,37900,0.0,0.0
2024-04-10 00:00:00-04:00,12.34000015258789,12.359999656677246,12.260000228881836,12.279999732971191,55500,0.0,0.0
2024-04-11 00:00:00-04:00,12.329999923706055,12.329999923706055,12.25,12.25,39800,0.0,0.0
2024-04-12 00:00:00-04:00,12.260000228881836,12.319999694824219,12.210000038146973,12.239999771118164,50200,0.0,0.0
2024-04-15 00:00:00-04:00,12.300000190734863,12.300000190734863,12.109999656677246,12.109999656677246,45600,0.0,0.0
2024-04-16 00:00:00-04:00,12.140000343322754,12.170000076293945,12.100000381469727,12.149999618530273,97400,0.0,0.0
2024-04-17 00:00:00-04:00,12.149999618530273,12.199999809265137,12.130000114440918,12.180000305175781,55400,0.0,0.0
2024-04-18 00:00:00-04:00,12.220000267028809,12.260000228881836,12.220000267028809,12.25,28400,0.0,0.0
2024-04-19 00:00:00-04:00,12.199999809265137,12.270000457763672,12.15999984741211,12.180000305175781,105100,0.0,0.0
2024-04-22 00:00:00-04:00,12.130000114440918,12.199999809265137,12.100000381469727,12.109999656677246,46900,0.0,0.0
2024-04-23 00:00:00-04:00,12.170000076293945,12.170000076293945,12.130000114440918,12.149999618530273,32100,0.0,0.0
2024-04-24 00:00:00-04:00,12.199999809265137,12.220000267028809,12.130000114440918,12.149999618530273,43600,0.0,0.0
2024-04-25 00:00:00-04:00,12.130000114440918,12.140000343322754,12.09000015258789,12.109999656677246,33600,0.0,0.0
2024-04-26 00:00:00-04:00,12.140000343322754,12.220000267028809,12.119999885559082,12.149999618530273,42400,0.0,0.0
2024-04-29 00:00:00-04:00,12.170000076293945,12.170000076293945,12.109999656677246,12.140000343322754,35600,0.0,0.0
2024-04-30 00:00:00-04:00,12.180000305175781,12.1899995803833,12.149999618530273,12.180000305175781,50800,0.0,0.0
2024-05-01 00:00:00-04:00,12.220000267028809,12.300000190734863,12.199999809265137,12.300000190734863,58300,0.0,0.0
2024-05-02 00:00:00-04:00,12.319999694824219,12.319999694824219,12.229999542236328,12.289999961853027,62000,0.0,0.0
2024-05-03 00:00:00-04:00,12.359999656677246,12.399999618530273,12.3100004196167,12.34000015258789,31200,0.0,0.0
2024-05-06 00:00:00-04:00,12.350000381469727,12.4399995803833,12.329999923706055,12.380000114440918,50400,0.0,0.0
2024-05-07 00:00:00-04:00,12.489999771118164,12.65999984741211,12.449999809265137,12.630000114440918,81800,0.0,0.0
2024-05-08 00:00:00-04:00,12.649999618530273,12.8100004196167,12.609999656677246,12.710000038146973,113400,0.0,0.0
2024-05-09 00:00:00-04:00,12.729999542236328,12.75,12.510000228881836,12.550000190734863,56700,0.0,0.0
2024-05-10 00:00:00-04:00,12.65999984741211,12.65999984741211,12.529999732971191,12.5600004196167,69600,0.0,0.0
2024-05-13 00:00:00-04:00,12.550000190734863,12.619999885559082,12.4399995803833,12.5600004196167,23300,0.0,0.0
2024-05-14 00:00:00-04:00,12.609999656677246,12.619999885559082,12.550000190734863,12.600000381469727,54600,0.0,0.0
2024-05-15 00:00:00-04:00,12.670000076293945,12.6899995803833,12.630000114440918,12.680000305175781,51700,0.0,0.0
2024-05-16 00:00:00-04:00,12.739999771118164,12.739999771118164,12.6899995803833,12.739999771118164,44200,0.0,0.0
2024-05-17 00:00:00-04:00,12.779999732971191,12.8100004196167,12.729999542236328,12.729999542236328,53600,0.0,0.0
2024-05-20 00:00:00-04:00,12.729999542236328,12.8100004196167,12.670000076293945,12.699999809265137,44300,0.0,0.0
2024-05-21 00:00:00-04:00,12.739999771118164,12.739999771118164,12.680000305175781,12.729999542236328,32300,0.0,0.0
2024-05-22 00:00:00-04:00,12.65999984741211,12.699999809265137,12.529999732971191,12.5600004196167,56000,0.0,0.0
2024-05-23 00:00:00-04:00,12.600000381469727,12.600000381469727,12.420000076293945,12.489999771118164,67100,0.0,0.0
2024-05-24 00:00:00-04:00,12.569999694824219,12.569999694824219,12.460000038146973,12.5,48400,0.0,0.0
2024-05-28 00:00:00-04:00,12.5,12.510000228881836,12.390000343322754,12.399999618530273,40900,0.0,0.0
2024-05-29 00:00:00-04:00,12.399999618530273,12.449999809265137,12.350000381469727,12.4399995803833,44600,0.0,0.0
2024-05-30 00:00:00-04:00,12.479999542236328,12.529999732971191,12.40999984741211,12.529999732971191,47400,0.0,0.0
2024-05-31 00:00:00-04:00,12.609999656677246,12.609999656677246,12.5600004196167,12.579999923706055,35700,0.0,0.0
2024-06-03 00:00:00-04:00,12.670000076293945,12.75,12.609999656677246,12.670000076293945,31900,0.0,0.0
2024-06-04 00:00:00-04:00,12.729999542236328,12.739999771118164,12.569999694824219,12.579999923706055,45200,0.0,0.0
2024-06-05 00:00:00-04:00,12.609999656677246,12.670000076293945,12.600000381469727,12.670000076293945,31900,0.0,0.0
2024-06-06 00:00:00-04:00,12.720000267028809,12.789999961853027,12.670000076293945,12.710000038146973,33200,0.0,0.0
2024-06-07 00:00:00-04:00,12.630000114440918,12.789999961853027,12.630000114440918,12.760000228881836,36200,0.0,0.0
2024-06-10 00:00:00-04:00,12.800000190734863,12.819999694824219,12.699999809265137,12.699999809265137,20300,0.0,0.0
2024-06-11 00:00:00-04:00,12.75,12.760000228881836,12.670000076293945,12.720000267028809,21800,0.0,0.0
2024-06-12 00:00:00-04:00,12.800000190734863,12.829999923706055,12.569999694824219,12.6899995803833,66800,0.0,0.0
2024-06-13 00:00:00-04:00,12.720000267028809,12.720000267028809,12.619999885559082,12.65999984741211,25100,0.0,0.0
2024-06-14 00:00:00-04:00,12.6899995803833,12.829999923706055,12.609999656677246,12.670000076293945,37800,0.0,0.0
2024-06-17 00:00:00-04:00,12.670000076293945,12.710000038146973,12.479999542236328,12.5,67600,0.0,0.0
2024-06-18 00:00:00-04:00,12.609999656677246,12.640000343322754,12.479999542236328,12.5,82600,0.0,0.0
2024-06-20 00:00:00-04:00,12.5600004196167,12.680000305175781,12.5,12.5600004196167,68400,0.0,0.0
2024-06-21 00:00:00-04:00,12.510000228881836,12.510000228881836,12.399999618530273,12.5,40700,0.0,0.0
2024-06-24 00:00:00-04:00,12.479999542236328,12.479999542236328,12.369999885559082,12.40999984741211,46300,0.0,0.0
2024-06-25 00:00:00-04:00,12.479999542236328,12.479999542236328,12.369999885559082,12.430000305175781,41800,0.0,0.0
2024-06-26 00:00:00-04:00,12.470000267028809,12.470000267028809,12.319999694824219,12.399999618530273,66100,0.0,0.0
2024-06-27 00:00:00-04:00,12.4399995803833,12.449999809265137,12.369999885559082,12.40999984741211,64200,0.0,0.0
2024-06-28 00:00:00-04:00,12.470000267028809,12.529999732971191,12.399999618530273,12.430000305175781,86800,0.0,0.0
2024-07-01 00:00:00-04:00,12.399999618530273,12.529999732971191,12.399999618530273,12.460000038146973,55000,0.0,0.0
2024-07-02 00:00:00-04:00,12.460000038146973,12.550000190734863,12.449999809265137,12.529999732971191,20900,0.0,0.0
2024-07-03 00:00:00-04:00,12.539999961853027,12.600000381469727,12.5,12.59000015258789,27400,0.0,0.0
2024-07-05 00:00:00-04:00,12.529999732971191,12.600000381469727,12.529999732971191,12.600000381469727,36300,0.0,0.0
2024-07-08 00:00:00-04:00,12.630000114440918,12.640000343322754,12.569999694824219,12.640000343322754,22300,0.0,0.0
2024-07-09 00:00:00-04:00,12.649999618530273,12.739999771118164,12.630000114440918,12.739999771118164,63000,0.0,0.0
2024-07-10 00:00:00-04:00,12.710000038146973,12.779999732971191,12.630000114440918,12.6899995803833,70000,0.0,0.0
2024-07-11 00:00:00-04:00,12.65999984741211,12.739999771118164,12.640000343322754,12.65999984741211,53600,0.0,0.0
2024-07-12 00:00:00-04:00,12.720000267028809,12.729999542236328,12.539999961853027,12.670000076293945,45400,0.0,0.0
2024-07-15 00:00:00-04:00,12.710000038146973,12.729999542236328,12.579999923706055,12.670000076293945,75200,0.0,0.0
2024-07-16 00:00:00-04:00,12.710000038146973,12.729999542236328,12.640000343322754,12.720000267028809,66300,0.0,0.0
2024-07-17 00:00:00-04:00,12.720000267028809,12.729999542236328,12.609999656677246,12.670000076293945,39700,0.0,0.0
2024-07-18 00:00:00-04:00,12.670000076293945,12.6899995803833,12.5,12.529999732971191,50500,0.0,0.0
2024-07-19 00:00:00-04:00,12.579999923706055,12.619999885559082,12.399999618530273,12.479999542236328,71100,0.0,0.0
2024-07-22 00:00:00-04:00,12.449999809265137,12.59000015258789,12.380000114440918,12.5600004196167,58600,0.0,0.0
2024-07-23 00:00:00-04:00,12.470000267028809,12.529999732971191,12.470000267028809,12.529999732971191,100700,0.0,0.0
2024-07-24 00:00:00-04:00,12.4399995803833,12.5,12.369999885559082,12.40999984741211,65800,0.0,0.0
2024-07-25 00:00:00-04:00,12.460000038146973,12.470000267028809,12.390000343322754,12.40999984741211,52900,0.0,0.0
2024-07-26 00:00:00-04:00,12.420000076293945,12.5,12.390000343322754,12.5,50000,0.0,0.0
2024-07-29 00:00:00-04:00,12.510000228881836,12.619999885559082,12.4399995803833,12.619999885559082,141700,0.0,0.0
2024-07-30 00:00:00-04:00,12.630000114440918,12.6899995803833,12.630000114440918,12.6899995803833,83600,0.0,0.0
2024-07-31 00:00:00-04:00,12.75,12.84000015258789,12.739999771118164,12.779999732971191,46200,0.0,0.0
2024-08-01 00:00:00-04:00,12.800000190734863,12.859999656677246,12.75,12.819999694824219,141900,0.0,0.0
2024-08-02 00:00:00-04:00,12.760000228881836,12.770000457763672,12.600000381469727,12.640000343322754,56700,0.0,0.0
2024-08-05 00:00:00-04:00,12.5,12.600000381469727,12.3100004196167,12.319999694824219,166400,0.0,0.0
2024-08-06 00:00:00-04:00,12.369999885559082,12.489999771118164,12.369999885559082,12.449999809265137,42900,0.0,0.0
2024-08-07 00:00:00-04:00,12.489999771118164,12.640000343322754,12.489999771118164,12.510000228881836,38500,0.0,0.0
2024-08-08 00:00:00-04:00,12.609999656677246,12.649999618530273,12.5600004196167,12.630000114440918,37900,0.0,0.0
2024-08-09 00:00:00-04:00,12.670000076293945,12.789999961853027,12.65999984741211,12.699999809265137,33400,0.0,0.0
2024-08-12 00:00:00-04:00,12.800000190734863,12.850000381469727,12.720000267028809,12.75,57800,0.0,0.0
2024-08-13 00:00:00-04:00,12.779999732971191,12.829999923706055,12.75,12.75,27600,0.0,0.0
2024-08-14 00:00:00-04:00,12.819999694824219,12.829999923706055,12.760000228881836,12.8100004196167,24700,0.0,0.0
2024-08-15 00:00:00-04:00,12.890000343322754,13.020000457763672,12.890000343322754,12.920000076293945,33100,0.0,0.0
2024-08-16 00:00:00-04:00,12.949999809265137,13.239999771118164,12.920000076293945,13.069999694824219,72600,0.0,0.0
2024-08-19 00:00:00-04:00,13.069999694824219,13.100000381469727,12.850000381469727,12.869999885559082,57000,0.0,0.0
2024-08-20 00:00:00-04:00,12.869999885559082,12.970000267028809,12.800000190734863,12.850000381469727,32300,0.0,0.0
2024-08-21 00:00:00-04:00,12.850000381469727,12.920000076293945,12.8100004196167,12.899999618530273,54500,0.0,0.0
2024-08-22 00:00:00-04:00,12.920000076293945,12.9399995803833,12.859999656677246,12.890000343322754,58700,0.0,0.0
2024-08-23 00:00:00-04:00,12.859999656677246,12.920000076293945,12.8100004196167,12.880000114440918,51300,0.0,0.0
2024-08-26 00:00:00-04:00,12.90999984741211,12.920000076293945,12.729999542236328,12.75,98300,0.0,0.0
2024-08-27 00:00:00-04:00,12.819999694824219,12.930000305175781,12.75,12.760000228881836,102900,0.0,0.0
2024-08-28 00:00:00-04:00,12.829999923706055,12.850000381469727,12.699999809265137,12.729999542236328,79500,0.0,0.0
2024-08-29 00:00:00-04:00,12.779999732971191,12.869999885559082,12.739999771118164,12.84000015258789,53300,0.0,0.0
2024-08-30 00:00:00-04:00,12.880000114440918,12.979999542236328,12.84000015258789,12.979999542236328,150600,0.0,0.0
2024-09-03 00:00:00-04:00,13.0,13.069999694824219,12.819999694824219,12.90999984741211,51100,0.0,0.0
2024-09-04 00:00:00-04:00,12.899999618530273,12.90999984741211,12.630000114440918,12.720000267028809,47400,0.0,0.0
2024-09-05 00:00:00-04:00,12.760000228881836,12.819999694824219,12.680000305175781,12.75,58100,0.0,0.0
2024-09-06 00:00:00-04:00,12.8100004196167,12.850000381469727,12.720000267028809,12.819999694824219,41400,0.0,0.0
2024-09-09 00:00:00-04:00,12.90999984741211,12.960000038146973,12.859999656677246,12.930000305175781,43600,0.0,0.0
2024-09-10 00:00:00-04:00,12.970000267028809,12.970000267028809,12.829999923706055,12.920000076293945,50200,0.0,0.0
2024-09-11 00:00:00-04:00,12.979999542236328,13.050000190734863,12.890000343322754,13.029999732971191,45500,0.0,0.0
2024-09-12 00:00:00-04:00,13.029999732971191,13.0600004196167,13.0,13.039999961853027,39700,0.0,0.0
2024-09-13 00:00:00-04:00,13.149999618530273,13.1899995803833,12.979999542236328,13.0,76900,0.0,0.0
2024-09-16 00:00:00-04:00,13.029999732971191,13.069999694824219,13.0,13.020000457763672,54300,0.0,0.0
2024-09-17 00:00:00-04:00,13.109999656677246,13.15999984741211,13.050000190734863,13.09000015258789,67100,0.0,0.0
2024-09-18 00:00:00-04:00,13.140000343322754,13.170000076293945,13.029999732971191,13.149999618530273,50200,0.0,0.0
2024-09-19 00:00:00-04:00,13.199999809265137,13.199999809265137,13.079999923706055,13.130000114440918,67500,0.0,0.0
2024-09-20 00:00:00-04:00,13.100000381469727,13.149999618530273,13.09000015258789,13.130000114440918,75300,0.0,0.0
2024-09-23 00:00:00-04:00,12.979999542236328,13.069999694824219,12.960000038146973,13.050000190734863,41500,0.0,0.0
2024-09-24 00:00:00-04:00,13.010000228881836,13.100000381469727,12.960000038146973,13.010000228881836,58400,0.0,0.0
2024-09-25 00:00:00-04:00,13.010000228881836,13.079999923706055,12.970000267028809,13.079999923706055,75600,0.0,0.0
2024-09-26 00:00:00-04:00,13.010000228881836,13.069999694824219,12.850000381469727,12.90999984741211,112300,0.0,0.0
2024-09-27 00:00:00-04:00,12.890000343322754,12.90999984741211,12.75,12.869999885559082,80000,0.0,0.0
2024-09-30 00:00:00-04:00,12.869999885559082,12.899999618530273,12.789999961853027,12.789999961853027,179900,0.0,0.0
2024-10-01 00:00:00-04:00,12.8100004196167,12.819999694824219,12.680000305175781,12.699999809265137,181500,0.0,0.0
2024-10-02 00:00:00-04:00,12.640000343322754,12.710000038146973,12.569999694824219,12.640000343322754,116100,0.0,0.0
2024-10-03 00:00:00-04:00,12.640000343322754,12.680000305175781,12.600000381469727,12.670000076293945,81200,0.0,0.0
2024-10-04 00:00:00-04:00,12.6899995803833,12.75,12.65999984741211,12.75,104500,0.0,0.0
2024-10-07 00:00:00-04:00,12.770000457763672,12.970000267028809,12.760000228881836,12.84000015258789,63500,0.0,0.0
2024-10-08 00:00:00-04:00,12.869999885559082,12.90999984741211,12.850000381469727,12.90999984741211,30800,0.0,0.0
2024-10-09 00:00:00-04:00,12.90999984741211,12.970000267028809,12.859999656677246,12.949999809265137,63800,0.0,0.0
2024-10-10 00:00:00-04:00,12.979999542236328,13.010000228881836,12.9399995803833,12.949999809265137,26300,0.0,0.0
2024-10-11 00:00:00-04:00,12.949999809265137,13.010000228881836,12.850000381469727,12.890000343322754,50900,0.0,0.0
2024-10-14 00:00:00-04:00,12.970000267028809,12.970000267028809,12.84000015258789,12.899999618530273,66100,0.0,0.0
2024-10-15 00:00:00-04:00,12.949999809265137,12.949999809265137,12.760000228881836,12.770000457763672,70600,0.0,0.0
2024-10-16 00:00:00-04:00,12.770000457763672,12.800000190734863,12.729999542236328,12.739999771118164,55400,0.0,0.0
2024-10-17 00:00:00-04:00,12.760000228881836,12.789999961853027,12.699999809265137,12.710000038146973,74300,0.0,0.0
2024-10-18 00:00:00-04:00,12.699999809265137,12.800000190734863,12.579999923706055,12.600000381469727,106000,0.0,0.0
2024-10-21 00:00:00-04:00,12.65999984741211,12.670000076293945,12.600000381469727,12.670000076293945,84000,0.0,0.0
2024-10-22 00:00:00-04:00,12.670000076293945,12.770000457763672,12.670000076293945,12.729999542236328,88900,0.0,0.0
2024-10-23 00:00:00-04:00,12.729999542236328,12.760000228881836,12.630000114440918,12.670000076293945,32000,0.0,0.0
2024-10-24 00:00:00-04:00,12.619999885559082,12.65999984741211,12.609999656677246,12.65999984741211,59700,0.0,0.0
2024-10-25 00:00:00-04:00,12.680000305175781,12.710000038146973,12.600000381469727,12.609999656677246,47300,0.0,0.0
2024-10-28 00:00:00-04:00,12.59000015258789,12.699999809265137,12.59000015258789,12.600000381469727,57200,0.0,0.0
2024-10-29 00:00:00-04:00,12.630000114440918,12.670000076293945,12.609999656677246,12.619999885559082,43700,0.0,0.0
2024-10-30 00:00:00-04:00,12.649999618530273,12.710000038146973,12.649999618530273,12.680000305175781,40600,0.0,0.0
2024-10-31 00:00:00-04:00,12.6899995803833,12.729999542236328,12.609999656677246,12.630000114440918,55100,0.0,0.0
2024-11-01 00:00:00-04:00,12.680000305175781,12.710000038146973,12.619999885559082,12.640000343322754,48600,0.0,0.0
2024-11-04 00:00:00-05:00,12.649999618530273,12.680000305175781,12.579999923706055,12.579999923706055,44300,0.0,0.0
2024-11-05 00:00:00-05:00,12.649999618530273,12.65999984741211,12.59000015258789,12.649999618530273,57200,0.0,0.0
2024-11-06 00:00:00-05:00,12.670000076293945,12.760000228881836,12.65999984741211,12.680000305175781,48400,0.0,0.0
2024-11-07 00:00:00-05:00,12.75,12.800000190734863,12.680000305175781,12.770000457763672,57800,0.0,0.0
2024-11-08 00:00:00-05:00,12.779999732971191,12.930000305175781,12.75,12.850000381469727,83400,0.0,0.0
2024-11-11 00:00:00-05:00,12.899999618530273,12.989999771118164,12.84000015258789,12.880000114440918,43200,0.0,0.0
2024-11-12 00:00:00-05:00,12.84000015258789,12.850000381469727,12.600000381469727,12.640000343322754,86200,0.0,0.0
2024-11-13 00:00:00-05:00,12.680000305175781,12.710000038146973,12.640000343322754,12.670000076293945,58400,0.0,0.0
2024-11-14 00:00:00-05:00,12.710000038146973,12.75,12.65999984741211,12.680000305175781,24300,0.0,0.0
2024-11-15 00:00:00-05:00,12.710000038146973,12.779999732971191,12.619999885559082,12.779999732971191,40200,0.0,0.0
2024-11-18 00:00:00-05:00,12.829999923706055,12.880000114440918,12.729999542236328,12.880000114440918,58300,0.0,0.0
2024-11-19 00:00:00-05:00,12.850000381469727,12.880000114440918,12.789999961853027,12.859999656677246,61600,0.0,0.0
2024-11-20 00:00:00-05:00,12.869999885559082,12.869999885559082,12.800000190734863,12.829999923706055,37500,0.0,0.0
2024-11-21 00:00:00-05:00,12.75,12.829999923706055,12.710000038146973,12.739999771118164,38900,0.0,0.0
2024-11-22 00:00:00-05:00,12.779999732971191,12.819999694824219,12.710000038146973,12.8100004196167,42700,0.0,0.0
2024-11-25 00:00:00-05:00,12.869999885559082,12.979999542236328,12.739999771118164,12.880000114440918,97600,0.0,0.0
2024-11-26 00:00:00-05:00,12.880000114440918,12.880000114440918,12.710000038146973,12.770000457763672,61800,0.0,0.0
2024-11-27 00:00:00-05:00,12.729999542236328,12.890000343322754,12.729999542236328,12.880000114440918,46100,0.0,0.0
2024-11-29 00:00:00-05:00,12.880000114440918,12.970000267028809,12.770000457763672,12.869999885559082,85100,0.0,0.0
2024-12-02 00:00:00-05:00,12.890000343322754,12.949999809265137,12.869999885559082,12.9399995803833,114100,0.0,0.0
2024-12-03 00:00:00-05:00,12.9399995803833,13.119999885559082,12.930000305175781,13.0600004196167,51300,0.0,0.0
2024-12-04 00:00:00-05:00,13.069999694824219,13.079999923706055,12.989999771118164,13.0600004196167,38500,0.0,0.0
2024-12-05 00:00:00-05:00,13.069999694824219,13.079999923706055,13.020000457763672,13.039999961853027,67400,0.0,0.0
2024-12-06 00:00:00-05:00,13.09000015258789,13.119999885559082,12.989999771118164,13.0,69800,0.0,0.0
2024-12-09 00:00:00-05:00,13.039999961853027,13.050000190734863,13.0,13.029999732971191,35000,0.0,0.0
2024-12-10 00:00:00-05:00,13.079999923706055,13.079999923706055,12.979999542236328,13.039999961853027,40100,0.0,0.0
2024-12-11 00:00:00-05:00,13.079999923706055,13.220000267028809,12.979999542236328,13.15999984741211,100600,0.0,0.0
2024-12-12 00:00:00-05:00,13.149999618530273,13.199999809265137,13.079999923706055,13.100000381469727,45800,0.0,0.0
2024-12-13 00:00:00-05:00,13.130000114440918,13.1899995803833,13.09000015258789,13.1899995803833,85100,0.0,0.0
2024-12-16 00:00:00-05:00,13.210000038146973,13.210000038146973,12.949999809265137,13.039999961853027,110400,0.0,0.0
2024-12-17 00:00:00-05:00,13.029999732971191,13.029999732971191,12.869999885559082,12.899999618530273,67100,0.0,0.0
2024-12-18 00:00:00-05:00,12.899999618530273,12.970000267028809,12.779999732971191,12.8100004196167,47600,0.0,0.0
2024-12-19 00:00:00-05:00,12.859999656677246,12.859999656677246,12.649999618530273,12.680000305175781,41000,0.0,0.0
2024-12-20 00:00:00-05:00,12.75,12.850000381469727,12.6899995803833,12.770000457763672,43600,0.0,0.0
2024-12-23 00:00:00-05:00,12.619999885559082,12.779999732971191,12.619999885559082,12.760000228881836,54100,0.0,0.0
2024-12-24 00:00:00-05:00,12.760000228881836,12.859999656677246,12.619999885559082,12.739999771118164,49200,0.0,0.0
2024-12-26 00:00:00-05:00,12.739999771118164,12.920000076293945,12.65999984741211,12.770000457763672,29000,0.0,0.0
2024-12-27 00:00:00-05:00,12.800000190734863,12.8100004196167,12.609999656677246,12.680000305175781,34500,0.0,0.0
2024-12-30 00:00:00-05:00,12.670000076293945,12.800000190734863,12.609999656677246,12.800000190734863,69200,0.0,0.0
2024-12-31 00:00:00-05:00,12.859999656677246,12.880000114440918,12.4399995803833,12.4399995803833,447700,0.0,0.0
2025-01-02 00:00:00-05:00,12.529999732971191,12.619999885559082,12.489999771118164,12.619999885559082,52701,0.0,0.0
