Date,Open,High,Low,Close,Volume,Dividends,Stock Splits
2022-01-03 00:00:00-05:00,21.49883270263672,21.49883270263672,21.49883270263672,21.49883270263672,0,0.0,0.0
2022-01-04 00:00:00-05:00,20.91926628188699,21.94959152496892,20.91926628188699,21.204444885253906,2000,0.0,0.0
2022-01-05 00:00:00-05:00,21.793204301301802,21.90359523332154,21.3884334564209,21.3884334564209,800,0.0,0.0
2022-01-06 00:00:00-05:00,21.61842155456543,21.61842155456543,21.158455138510845,21.61842155456543,29800,0.0,0.0
2022-01-07 00:00:00-05:00,21.186054094394567,21.314844131469727,21.186054094394567,21.314844131469727,700,0.0,0.0
2022-01-10 00:00:00-05:00,21.314844131469727,21.314844131469727,21.314844131469727,21.314844131469727,0,0.0,0.0
2022-01-11 00:00:00-05:00,21.388438873970003,21.480432510375977,21.388438873970003,21.480432510375977,900,0.0,0.0
2022-01-12 00:00:00-05:00,21.480432510375977,21.498831588583705,21.278046159356297,21.480432510375977,18500,0.0,0.0
2022-01-13 00:00:00-05:00,21.526429016434935,21.526429016434935,21.489632613686066,21.50802993774414,1200,0.0,0.0
2022-01-14 00:00:00-05:00,21.885203457782666,21.885203457782666,21.480432510375977,21.480432510375977,6200,0.0,0.0
2022-01-18 00:00:00-05:00,22.00479507446289,22.00479507446289,22.00479507446289,22.00479507446289,400,0.0,0.0
2022-01-19 00:00:00-05:00,22.179576254499583,22.179576254499583,22.0231876373291,22.0231876373291,700,0.0,0.0
2022-01-20 00:00:00-05:00,21.93119660824586,21.93119660824586,21.9219970703125,21.9219970703125,400,0.0,0.0
2022-01-21 00:00:00-05:00,21.977195106162533,22.326770569866284,21.52642822265625,21.52642822265625,1900,0.0,0.0
2022-01-24 00:00:00-05:00,21.52642822265625,21.52642822265625,21.52642822265625,21.52642822265625,0,0.0,0.0
2022-01-25 00:00:00-05:00,21.6184207887261,22.51075497259303,21.6184207887261,22.483158111572266,3200,0.0,0.0
2022-01-26 00:00:00-05:00,22.115182876586914,22.115182876586914,22.115182876586914,22.115182876586914,200,0.0,0.0
2022-01-27 00:00:00-05:00,21.719614028930664,21.719614028930664,21.719614028930664,21.719614028930664,200,0.0,0.0
2022-01-28 00:00:00-05:00,22.492357358588116,22.538353296114924,21.894399642944336,21.894399642944336,11000,0.0,0.0
2022-01-31 00:00:00-05:00,22.30836649260838,22.400360107421875,22.30836649260838,22.400360107421875,1000,0.0,0.0
2022-02-01 00:00:00-05:00,22.225572414739457,22.400360107421875,22.05078472205704,22.400360107421875,1400,0.0,0.0
2022-02-02 00:00:00-05:00,22.400360107421875,22.400360107421875,22.3911605704773,22.400360107421875,5600,0.0,0.0
2022-02-03 00:00:00-05:00,22.400360107421875,22.400360107421875,22.400360107421875,22.400360107421875,0,0.0,0.0
2022-02-04 00:00:00-05:00,22.400363281007493,23.01671830655847,22.400363281007493,23.007518768310547,3100,0.0,0.0
2022-02-07 00:00:00-05:00,22.538353489894494,23.45828628540039,22.538353489894494,23.45828628540039,2800,0.0,0.0
2022-02-08 00:00:00-05:00,22.409560576869207,23.01671600341797,22.409560576869207,23.01671600341797,600,0.0,0.0
2022-02-09 00:00:00-05:00,23.01671600341797,23.01671600341797,23.01671600341797,23.01671600341797,0,0.0,0.0
2022-02-10 00:00:00-05:00,22.409559644366453,22.556748726215144,22.400360107421875,22.400360107421875,7100,0.0,0.0
2022-02-11 00:00:00-05:00,22.409564971923828,22.409564971923828,22.409564971923828,22.409564971923828,24000,0.0,0.0
2022-02-14 00:00:00-05:00,22.979916897872066,22.979916897872066,22.400360107421875,22.400360107421875,2800,0.0,0.0
2022-02-15 00:00:00-05:00,22.538351280092225,22.538351280092225,22.492355346679688,22.492355346679688,400,0.0,0.0
2022-02-16 00:00:00-05:00,22.492355346679688,22.492355346679688,22.492355346679688,22.492355346679688,100,0.0,0.0
2022-02-17 00:00:00-05:00,22.492355346679688,22.492355346679688,22.492355346679688,22.492355346679688,0,0.0,0.0
2022-02-18 00:00:00-05:00,22.492355346679688,22.492355346679688,22.492355346679688,22.492355346679688,0,0.0,0.0
2022-02-22 00:00:00-05:00,22.446359634399414,22.446359634399414,22.446359634399414,22.446359634399414,500,0.0,0.0
2022-02-23 00:00:00-05:00,22.446358532093157,22.97071991378316,22.446358532093157,22.768335342407227,1600,0.0,0.0
2022-02-24 00:00:00-05:00,22.768335342407227,22.768335342407227,22.768335342407227,22.768335342407227,300,0.0,0.0
2022-02-25 00:00:00-05:00,22.768335342407227,22.768335342407227,22.768335342407227,22.768335342407227,0,0.0,0.0
2022-02-28 00:00:00-05:00,22.87872804337839,22.87872804337839,22.768335342407227,22.768335342407227,500,0.0,0.0
2022-03-01 00:00:00-05:00,23.092012567240292,23.119756910536022,22.888559341430664,22.888559341430664,7600,0.13,0.0
2022-03-02 00:00:00-05:00,22.92555303531973,23.5821533203125,22.92555303531973,23.5821533203125,1800,0.0,0.0
2022-03-03 00:00:00-05:00,23.175243377685547,23.175243377685547,23.175243377685547,23.175243377685547,900,0.0,0.0
2022-03-04 00:00:00-05:00,23.397195003669474,23.397195003669474,23.11975860595703,23.11975860595703,8200,0.0,0.0
2022-03-07 00:00:00-05:00,22.888559341430664,23.1012606816722,22.888559341430664,22.888559341430664,1800,0.0,0.0
2022-03-08 00:00:00-05:00,22.759091215900177,22.860816955566406,22.759091215900177,22.860816955566406,700,0.0,0.0
2022-03-09 00:00:00-05:00,23.239977362970308,23.582150519167175,23.129003524780273,23.129003524780273,2900,0.0,0.0
2022-03-10 00:00:00-05:00,23.443435579219948,23.526666851313202,23.11975860595703,23.11975860595703,79300,0.0,0.0
2022-03-11 00:00:00-05:00,23.202989878050282,23.202989878050282,23.11975860595703,23.11975860595703,400,0.0,0.0
2022-03-14 00:00:00-04:00,23.11975860595703,23.11975860595703,23.11975860595703,23.11975860595703,300,0.0,0.0
2022-03-15 00:00:00-04:00,23.11975860595703,23.11975860595703,23.11975860595703,23.11975860595703,0,0.0,0.0
2022-03-16 00:00:00-04:00,23.129003524780273,23.129003524780273,23.129003524780273,23.129003524780273,600,0.0,0.0
2022-03-17 00:00:00-04:00,23.129003524780273,23.129003524780273,23.129003524780273,23.129003524780273,0,0.0,0.0
2022-03-18 00:00:00-04:00,23.119755354549003,23.480422973632812,23.119755354549003,23.480422973632812,4700,0.0,0.0
2022-03-21 00:00:00-04:00,23.147499084472656,23.147499084472656,23.147499084472656,23.147499084472656,300,0.0,0.0
2022-03-22 00:00:00-04:00,23.11975662290762,23.471176147460938,23.11975662290762,23.471176147460938,600,0.0,0.0
2022-03-23 00:00:00-04:00,23.471178160652634,23.471178160652634,23.11975860595703,23.11975860595703,71800,0.0,0.0
2022-03-24 00:00:00-04:00,23.350953195623262,23.40644011526615,23.350953195623262,23.397192001342773,4000,0.0,0.0
2022-03-25 00:00:00-04:00,23.572904864116285,25.884880646362657,23.572904864116285,24.36822509765625,21800,0.0,0.0
2022-03-28 00:00:00-04:00,24.414462944746546,25.431732601589626,24.414462944746546,24.969337463378906,6600,0.0,0.0
2022-03-29 00:00:00-04:00,24.923100702719697,24.923100702719697,24.414464950561523,24.414464950561523,3300,0.0,0.0
2022-03-30 00:00:00-04:00,24.414464950561523,24.414464950561523,24.414464950561523,24.414464950561523,200,0.0,0.0
2022-03-31 00:00:00-04:00,24.43295734532371,24.43295734532371,22.657360076904297,22.657360076904297,42900,0.0,0.0
2022-04-01 00:00:00-04:00,22.99953400960024,23.582151083790805,22.99953400960024,23.48967170715332,30000,0.0,0.0
2022-04-04 00:00:00-04:00,23.350953899000384,23.554407119750977,23.350953899000384,23.554407119750977,3000,0.0,0.0
2022-04-05 00:00:00-04:00,23.53590965270996,23.53590965270996,23.53590965270996,23.53590965270996,500,0.0,0.0
2022-04-06 00:00:00-04:00,23.582153868332455,23.582153868332455,23.443435668945312,23.443435668945312,5300,0.0,0.0
2022-04-07 00:00:00-04:00,23.915073513779088,23.915073513779088,23.360199078648556,23.50816535949707,6800,0.0,0.0
2022-04-08 00:00:00-04:00,23.81334815048314,23.81334815048314,23.58215059562408,23.804100036621094,8900,0.0,0.0
2022-04-11 00:00:00-04:00,23.563652227879192,23.58214845392348,23.53590965270996,23.53590965270996,2800,0.0,0.0
2022-04-12 00:00:00-04:00,23.54515880145456,23.78560447692871,23.54515880145456,23.78560447692871,1100,0.0,0.0
2022-04-13 00:00:00-04:00,23.711622779315313,23.711622779315313,23.572904586791992,23.572904586791992,3100,0.0,0.0
2022-04-14 00:00:00-04:00,23.95206749250444,23.95206749250444,23.674631118774414,23.674631118774414,4200,0.0,0.0
2022-04-18 00:00:00-04:00,23.5821533203125,23.5821533203125,23.5821533203125,23.5821533203125,1100,0.0,0.0
2022-04-19 00:00:00-04:00,23.693130047619043,23.77635955810547,23.656137586160497,23.77635955810547,1000,0.0,0.0
2022-04-20 00:00:00-04:00,23.794854891273594,24.026052474975586,23.794854891273594,24.026052474975586,600,0.0,0.0
2022-04-21 00:00:00-04:00,23.582152322512975,24.04454746609166,23.582152322512975,24.00755500793457,5800,0.0,0.0
2022-04-22 00:00:00-04:00,23.813349844362847,24.03529930114746,23.674631654359647,24.03529930114746,6900,0.0,0.0
2022-04-25 00:00:00-04:00,23.683879398506754,23.989060117300316,23.61914436177743,23.970563888549805,1600,0.0,0.0
2022-04-26 00:00:00-04:00,24.04454755326287,25.20053541640051,23.90582936246585,24.534687042236328,7900,0.0,0.0
2022-04-27 00:00:00-04:00,24.73814051436202,24.876858706522864,24.053795904324005,24.100034713745117,4100,0.0,0.0
2022-04-28 00:00:00-04:00,24.57167625427246,24.57167625427246,24.57167625427246,24.57167625427246,500,0.0,0.0
2022-04-29 00:00:00-04:00,24.275744986971834,24.53468690183596,24.026051186627583,24.03529930114746,2900,0.0,0.0
2022-05-02 00:00:00-04:00,24.04454579658281,24.05379391047995,23.859587046434765,23.95206642150879,3000,0.0,0.0
2022-05-03 00:00:00-04:00,23.720869064331055,23.720869064331055,23.720869064331055,23.720869064331055,600,0.0,0.0
2022-05-04 00:00:00-04:00,24.22025806375005,24.23875252889232,23.73011857758143,24.03529930114746,1600,0.0,0.0
2022-05-05 00:00:00-04:00,24.03529930114746,24.03529930114746,24.03529930114746,24.03529930114746,100,0.0,0.0
2022-05-06 00:00:00-04:00,23.67463270572069,24.044548483455884,23.5821533203125,23.5821533203125,3800,0.0,0.0
2022-05-09 00:00:00-04:00,23.665383004463756,23.674631118774414,23.665383004463756,23.674631118774414,300,0.0,0.0
2022-05-10 00:00:00-04:00,23.674631118774414,23.674631118774414,23.674631118774414,23.674631118774414,0,0.0,0.0
2022-05-11 00:00:00-04:00,23.07352066040039,23.07352066040039,23.07352066040039,23.07352066040039,400,0.0,0.0
2022-05-12 00:00:00-04:00,23.2307306701746,23.767108917236328,23.2307306701746,23.767108917236328,700,0.0,0.0
2022-05-13 00:00:00-04:00,23.443436632942486,23.443436632942486,23.165998458862305,23.165998458862305,500,0.0,0.0
2022-05-16 00:00:00-04:00,23.027277530114386,23.19374006209384,22.888559341430664,22.888559341430664,7100,0.0,0.0
2022-05-17 00:00:00-04:00,22.962541093733055,23.27696990966797,22.962541093733055,23.27696990966797,900,0.0,0.0
2022-05-18 00:00:00-04:00,23.822597765015143,24.284992903861173,23.06427001953125,23.06427001953125,3900,0.0,0.0
2022-05-19 00:00:00-04:00,23.628388210352007,23.628388210352007,23.43418312072754,23.43418312072754,800,0.0,0.0
2022-05-20 00:00:00-04:00,23.859588292647835,23.859588292647835,23.027277401303834,23.267723083496094,6800,0.0,0.0
2022-05-23 00:00:00-04:00,23.933568954467773,23.933568954467773,23.933568954467773,23.933568954467773,200,0.0,0.0
2022-05-24 00:00:00-04:00,23.933568954467773,23.933568954467773,23.933568954467773,23.933568954467773,300,0.0,0.0
2022-05-25 00:00:00-04:00,23.3971927061127,23.554407119750977,23.3971927061127,23.554407119750977,900,0.0,0.0
2022-05-26 00:00:00-04:00,23.5821533203125,23.628392131067812,23.535914509557188,23.5821533203125,1400,0.0,0.0
2022-05-27 00:00:00-04:00,23.489674390872825,23.489674390872825,23.027279218753684,23.11975860595703,5500,0.0,0.0
2022-05-31 00:00:00-04:00,23.147645794432766,23.184831619262695,23.147645794432766,23.184831619262695,1500,0.13,0.0
2022-06-01 00:00:00-04:00,23.519495216693006,23.519495216693006,23.14764583335702,23.175535202026367,2200,0.0,0.0
2022-06-02 00:00:00-04:00,23.305681228637695,23.305681228637695,23.305681228637695,23.305681228637695,300,0.0,0.0
2022-06-03 00:00:00-04:00,23.194128231667822,23.194128231667822,23.147645950317383,23.147645950317383,1100,0.0,0.0
2022-06-06 00:00:00-04:00,23.147645950317383,23.147645950317383,23.147645950317383,23.147645950317383,500,0.0,0.0
2022-06-07 00:00:00-04:00,23.184831619262695,23.184831619262695,23.184831619262695,23.184831619262695,1100,0.0,0.0
2022-06-08 00:00:00-04:00,23.147645950317383,23.147645950317383,23.147645950317383,23.147645950317383,200,0.0,0.0
2022-06-09 00:00:00-04:00,23.147645950317383,23.147645950317383,23.147645950317383,23.147645950317383,500,0.0,0.0
2022-06-10 00:00:00-04:00,23.5009041961098,23.5009041961098,23.147645950317383,23.147645950317383,1900,0.0,0.0
2022-06-13 00:00:00-04:00,23.03608699912581,23.04538345336914,23.008197636395813,23.04538345336914,1100,0.0,0.0
2022-06-14 00:00:00-04:00,23.101164920663578,23.24060821533203,23.082572008543067,23.24060821533203,800,0.0,0.0
2022-06-15 00:00:00-04:00,23.147644081251865,23.147644081251865,23.138347625732422,23.138347625732422,3900,0.0,0.0
2022-06-16 00:00:00-04:00,23.14764628037985,23.14764628037985,23.101165771484375,23.101165771484375,3300,0.0,0.0
2022-06-17 00:00:00-04:00,23.5287908562561,23.556680223957436,22.348169326782227,22.348169326782227,15200,0.0,0.0
2022-06-21 00:00:00-04:00,22.86875968116911,23.56597795331989,22.77579689025879,22.77579689025879,3800,0.0,0.0
2022-06-22 00:00:00-04:00,22.87806079080932,22.961727142333984,22.87806079080932,22.961727142333984,3000,0.0,0.0
2022-06-23 00:00:00-04:00,23.054681739493436,23.556679708425374,23.054681739493436,23.06397819519043,25700,0.0,0.0
2022-06-24 00:00:00-04:00,23.32427453496241,23.565977073053762,22.90594287805089,22.915239334106445,3500,0.0,0.0
2022-06-27 00:00:00-04:00,23.463718453373026,23.463718453373026,23.4172379449772,23.454421997070312,1300,0.0,0.0
2022-06-28 00:00:00-04:00,23.147645950317383,23.147645950317383,23.147645950317383,23.147645950317383,600,0.0,0.0
2022-06-29 00:00:00-04:00,23.147645950317383,23.147645950317383,23.147645950317383,23.147645950317383,0,0.0,0.0
2022-06-30 00:00:00-04:00,23.500904083251953,23.500904083251953,23.500904083251953,23.500904083251953,700,0.0,0.0
2022-07-01 00:00:00-04:00,23.30568224246238,23.510200734886592,23.30568224246238,23.454421997070312,400,0.0,0.0
2022-07-05 00:00:00-04:00,23.156940460205078,23.156940460205078,23.156940460205078,23.156940460205078,500,0.0,0.0
2022-07-06 00:00:00-04:00,23.129051862572073,23.129051862572073,23.036090850830078,23.036090850830078,1100,0.0,0.0
2022-07-07 00:00:00-04:00,23.036090850830078,23.036090850830078,23.036090850830078,23.036090850830078,0,0.0,0.0
2022-07-08 00:00:00-04:00,23.036090850830078,23.036090850830078,23.036090850830078,23.036090850830078,0,0.0,0.0
2022-07-11 00:00:00-04:00,23.008202652501527,23.147645950317383,23.008202652501527,23.147645950317383,700,0.0,0.0
2022-07-12 00:00:00-04:00,23.05468206655528,23.05468206655528,23.017498016357422,23.017498016357422,400,0.0,0.0
2022-07-13 00:00:00-04:00,23.017498016357422,23.017498016357422,23.017498016357422,23.017498016357422,0,0.0,0.0
2022-07-14 00:00:00-04:00,22.961723272132854,23.008203782648653,22.329578399658203,22.329578399658203,56800,0.0,0.0
2022-07-15 00:00:00-04:00,22.310986076433636,22.543392181396484,22.310986076433636,22.543392181396484,700,0.0,0.0
2022-07-18 00:00:00-04:00,21.90195083618164,21.90195083618164,21.90195083618164,21.90195083618164,400,0.0,0.0
2022-07-19 00:00:00-04:00,21.90195083618164,21.90195083618164,21.90195083618164,21.90195083618164,0,0.0,0.0
2022-07-20 00:00:00-04:00,21.90195083618164,21.90195083618164,21.90195083618164,21.90195083618164,300,0.0,0.0
2022-07-21 00:00:00-04:00,20.74921443097608,22.822276228264986,20.74921443097608,22.004207611083984,2200,0.0,0.0
2022-07-22 00:00:00-04:00,21.148954255240305,23.259201984498258,21.148954255240305,22.77579689025879,3600,0.0,0.0
2022-07-25 00:00:00-04:00,22.77579689025879,22.77579689025879,22.77579689025879,22.77579689025879,300,0.0,0.0
2022-07-26 00:00:00-04:00,22.77579689025879,22.77579689025879,22.77579689025879,22.77579689025879,0,0.0,0.0
2022-07-27 00:00:00-04:00,22.77579689025879,22.77579689025879,22.77579689025879,22.77579689025879,0,0.0,0.0
2022-07-28 00:00:00-04:00,22.292390823364258,22.292390823364258,22.292390823364258,22.292390823364258,300,0.0,0.0
2022-07-29 00:00:00-04:00,22.292390823364258,22.292390823364258,22.292390823364258,22.292390823364258,0,0.0,0.0
2022-08-01 00:00:00-04:00,21.94843292236328,21.94843292236328,21.94843292236328,21.94843292236328,500,0.0,0.0
2022-08-02 00:00:00-04:00,21.94843292236328,21.94843292236328,21.94843292236328,21.94843292236328,400,0.0,0.0
2022-08-03 00:00:00-04:00,21.94843292236328,21.94843292236328,21.94843292236328,21.94843292236328,0,0.0,0.0
2022-08-04 00:00:00-04:00,21.846168518066406,21.846168518066406,21.61376247000187,21.846168518066406,5000,0.0,0.0
2022-08-05 00:00:00-04:00,21.846168518066406,21.846168518066406,21.846168518066406,21.846168518066406,500,0.0,0.0
2022-08-08 00:00:00-04:00,21.762502670288086,21.762502670288086,21.762502670288086,21.762502670288086,400,0.0,0.0
2022-08-09 00:00:00-04:00,21.76250219891378,22.03209406576501,21.76250219891378,21.846168518066406,4200,0.0,0.0
2022-08-10 00:00:00-04:00,22.07857977257231,22.07857977257231,21.94843292236328,21.94843292236328,1000,0.0,0.0
2022-08-11 00:00:00-04:00,22.078574566130943,22.078574566130943,21.846168518066406,21.846168518066406,1200,0.0,0.0
2022-08-12 00:00:00-04:00,21.967018882888297,21.967018882888297,21.846168518066406,21.846168518066406,7600,0.0,0.0
2022-08-15 00:00:00-04:00,21.892650604248047,21.892650604248047,21.892650604248047,21.892650604248047,200,0.0,0.0
2022-08-16 00:00:00-04:00,21.939131291915707,21.939131291915707,21.846168518066406,21.846168518066406,400,0.0,0.0
2022-08-17 00:00:00-04:00,21.846168518066406,21.846168518066406,21.846168518066406,21.846168518066406,0,0.0,0.0
2022-08-18 00:00:00-04:00,22.05998595741106,22.21802217182937,21.846172777056225,22.097171783447266,1800,0.0,0.0
2022-08-19 00:00:00-04:00,21.948429371778104,22.218019485473633,21.948429371778104,22.218019485473633,1100,0.0,0.0
2022-08-22 00:00:00-04:00,22.218019485473633,22.218019485473633,22.218019485473633,22.218019485473633,0,0.0,0.0
2022-08-23 00:00:00-04:00,22.218019485473633,22.218019485473633,22.218019485473633,22.218019485473633,0,0.0,0.0
2022-08-24 00:00:00-04:00,22.20872662278134,22.20872662278134,21.94843292236328,21.94843292236328,700,0.0,0.0
2022-08-25 00:00:00-04:00,21.94843292236328,21.94843292236328,21.94843292236328,21.94843292236328,0,0.0,0.0
2022-08-26 00:00:00-04:00,21.94843292236328,21.94843292236328,21.94843292236328,21.94843292236328,300,0.0,0.0
2022-08-29 00:00:00-04:00,21.86476707458496,22.01350684191265,21.86476707458496,21.86476707458496,1500,0.0,0.0
2022-08-30 00:00:00-04:00,21.86476707458496,21.86476707458496,21.86476707458496,21.86476707458496,400,0.0,0.0
2022-08-31 00:00:00-04:00,21.846172215662193,21.994911969749197,21.75320942607838,21.874061584472656,2800,0.0,0.0
2022-09-01 00:00:00-04:00,21.762504175273467,22.218019858073475,21.762504175273467,21.827577590942383,1100,0.0,0.0
2022-09-02 00:00:00-04:00,21.827577590942383,21.827577590942383,21.827577590942383,21.827577590942383,200,0.0,0.0
2022-09-06 00:00:00-04:00,21.967798530716312,21.967798530716312,21.9210592470382,21.958450317382812,1500,0.13,0.0
2022-09-07 00:00:00-04:00,21.967796325683594,21.967796325683594,21.967796325683594,21.967796325683594,800,0.0,0.0
2022-09-08 00:00:00-04:00,21.874315984721143,22.061276666646044,21.126476822999933,21.967796325683594,8800,0.0,0.0
2022-09-09 00:00:00-04:00,21.967799425291282,22.285631559615503,21.87431907113896,21.93040657043457,20700,0.0,0.0
2022-09-12 00:00:00-04:00,22.1267147064209,22.1267147064209,22.1267147064209,22.1267147064209,700,0.0,0.0
2022-09-13 00:00:00-04:00,21.96779721681902,21.96779721681902,21.883665084838867,21.883665084838867,1700,0.0,0.0
2022-09-14 00:00:00-04:00,21.930408901200483,21.96780176003131,21.921062469482422,21.921062469482422,3000,0.0,0.0
2022-09-15 00:00:00-04:00,21.921059218768328,23.267169843247295,21.921059218768328,22.986730575561523,5300,0.0,0.0
2022-09-16 00:00:00-04:00,22.6875962762283,27.165287319135935,22.2108480654571,26.473535537719727,72400,0.0,0.0
2022-09-19 00:00:00-04:00,25.061983108520508,25.847215113543687,24.099140418376958,25.061983108520508,14300,0.0,0.0
2022-09-20 00:00:00-04:00,24.837635936474037,25.379819869995117,24.342193073163966,25.379819869995117,6300,0.0,0.0
2022-09-21 00:00:00-04:00,25.239600426064655,25.71634864807129,24.97785577976998,25.71634864807129,1800,0.0,0.0
2022-09-22 00:00:00-04:00,25.622866423637895,26.791366358254688,25.56677892601332,26.342662811279297,10300,0.0,0.0
2022-09-23 00:00:00-04:00,25.716347231159446,26.632450768231323,25.473299026489258,25.473299026489258,2900,0.0,0.0
2022-09-26 00:00:00-04:00,25.482646942138672,25.74439157095141,25.23959874031029,25.482646942138672,3200,0.0,0.0
2022-09-27 00:00:00-04:00,25.529387015491135,25.529387015491135,25.286338806152344,25.286338806152344,1000,0.0,0.0
2022-09-28 00:00:00-04:00,25.239599638314363,25.41721213500622,25.239599638314363,25.34242820739746,1700,0.0,0.0
2022-09-29 00:00:00-04:00,25.576128084396366,25.576128084396366,25.23959952023658,25.286338806152344,1400,0.0,0.0
2022-09-30 00:00:00-04:00,25.66025994134481,26.277227780147484,25.28633852620062,25.9220027923584,4500,0.0,0.0
2022-10-03 00:00:00-04:00,26.06222375704762,26.127661256118564,25.29568802639762,25.884613037109375,5700,0.0,0.0
2022-10-04 00:00:00-04:00,24.800244389700833,25.566780096628175,24.800244389700833,25.510692596435547,900,0.0,0.0
2022-10-05 00:00:00-04:00,25.56678009033203,25.56678009033203,25.56678009033203,25.56678009033203,300,0.0,0.0
2022-10-06 00:00:00-04:00,25.56678009033203,25.56678009033203,25.56678009033203,25.56678009033203,400,0.0,0.0
2022-10-07 00:00:00-04:00,25.566778477860836,25.61351776123047,25.566778477860836,25.61351776123047,2500,0.0,0.0
2022-10-10 00:00:00-04:00,25.819177118373567,25.819177118373567,25.52003961679435,25.548084259033203,1900,0.0,0.0
2022-10-11 00:00:00-04:00,25.53873522927218,25.53873522927218,25.286338806152344,25.286338806152344,1800,0.0,0.0
2022-10-12 00:00:00-04:00,25.286338806152344,25.286338806152344,25.286338806152344,25.286338806152344,100,0.0,0.0
2022-10-13 00:00:00-04:00,24.91241758826516,25.613517530428282,24.91241758826516,25.164813995361328,4200,0.0,0.0
2022-10-14 00:00:00-04:00,25.164813995361328,25.164813995361328,25.164813995361328,25.164813995361328,100,0.0,0.0
2022-10-17 00:00:00-04:00,25.164813995361328,25.164813995361328,25.164813995361328,25.164813995361328,0,0.0,0.0
2022-10-18 00:00:00-04:00,25.164813995361328,25.164813995361328,25.164813995361328,25.164813995361328,600,0.0,0.0
2022-10-19 00:00:00-04:00,25.45460249295991,25.45460249295991,25.248947143554688,25.248947143554688,1000,0.0,0.0
2022-10-20 00:00:00-04:00,25.146119787423647,25.3050358596534,25.043292999267578,25.043292999267578,1000,0.0,0.0
2022-10-21 00:00:00-04:00,25.379818041586383,25.379818041586383,24.865678787231445,24.865678787231445,1100,0.0,0.0
2022-10-24 00:00:00-04:00,24.865678787231445,24.865678787231445,24.865678787231445,24.865678787231445,0,0.0,0.0
2022-10-25 00:00:00-04:00,24.73480796813965,24.73480796813965,24.73480796813965,24.73480796813965,300,0.0,0.0
2022-10-26 00:00:00-04:00,24.63197898864746,24.63197898864746,24.63197898864746,24.63197898864746,600,0.0,0.0
2022-10-27 00:00:00-04:00,24.63197898864746,24.63197898864746,24.63197898864746,24.63197898864746,0,0.0,0.0
2022-10-28 00:00:00-04:00,24.63197898864746,24.63197898864746,24.63197898864746,24.63197898864746,0,0.0,0.0
2022-10-31 00:00:00-04:00,24.332846366799536,25.37047322792267,24.31414993755669,24.538501739501953,8800,0.0,0.0
2022-11-01 00:00:00-04:00,24.63198029942084,24.996551728017938,24.63198029942084,24.650676727294922,1000,0.0,0.0
2022-11-02 00:00:00-04:00,24.98720590470731,25.837873841480352,24.65067908572446,25.09003448486328,3700,0.0,0.0
2022-11-03 00:00:00-04:00,25.09003448486328,25.09003448486328,25.09003448486328,25.09003448486328,0,0.0,0.0
2022-11-04 00:00:00-04:00,25.024594243780577,25.052637100219727,24.9591585347701,25.052637100219727,700,0.0,0.0
2022-11-07 00:00:00-05:00,24.9030704498291,24.9030704498291,24.9030704498291,24.9030704498291,400,0.0,0.0
2022-11-08 00:00:00-05:00,24.9030704498291,24.9030704498291,24.9030704498291,24.9030704498291,800,0.0,0.0
2022-11-09 00:00:00-05:00,24.575892394967696,24.77219953545142,24.49176025390625,24.49176025390625,400,0.0,0.0
2022-11-10 00:00:00-05:00,24.445019969661956,24.445019969661956,24.351539611816406,24.351539611816406,800,0.0,0.0
2022-11-11 00:00:00-05:00,24.351539611816406,24.351539611816406,24.351539611816406,24.351539611816406,0,0.0,0.0
2022-11-14 00:00:00-05:00,24.3141507056966,24.3141507056966,23.9495792388916,23.9495792388916,1000,0.0,0.0
2022-11-15 00:00:00-05:00,23.6036980302153,23.650437313118992,21.500398205740666,22.42584991455078,5700,0.0,0.0
2022-11-16 00:00:00-05:00,23.257822215301218,23.257822215301218,21.509747288949853,22.229543685913086,3000,0.0,0.0
2022-11-17 00:00:00-05:00,22.977379778662645,22.977379778662645,22.033231735229492,22.033231735229492,1200,0.0,0.0
2022-11-18 00:00:00-05:00,22.201498929353452,22.893250682035628,22.117366790771484,22.117366790771484,1000,0.0,0.0
2022-11-21 00:00:00-05:00,22.192150115966797,22.192150115966797,22.192150115966797,22.192150115966797,500,0.0,0.0
2022-11-22 00:00:00-05:00,22.136062990389917,22.136062990389917,21.780838012695312,21.780838012695312,400,0.0,0.0
2022-11-23 00:00:00-05:00,21.565835654475578,21.575183868408203,21.565835654475578,21.575183868408203,400,0.0,0.0
2022-11-25 00:00:00-05:00,21.687358856201172,21.687358856201172,21.687358856201172,21.687358856201172,400,0.0,0.0
2022-11-28 00:00:00-05:00,21.416265964001045,21.649965943340202,21.229305267333984,21.229305267333984,800,0.0,0.0
2022-11-29 00:00:00-05:00,21.500398824503133,21.500398824503133,21.266698837280273,21.266698837280273,1400,0.0,0.0
2022-11-30 00:00:00-05:00,21.03300099744809,21.03300099744809,19.63080093095155,19.836456298828125,6000,0.0,0.0
2022-12-01 00:00:00-05:00,20.191681515982243,20.331901167435603,20.098201154016802,20.116897583007812,2000,0.0,0.0
2022-12-02 00:00:00-05:00,20.57494610090195,20.57494610090195,19.649494409905024,20.154285430908203,4000,0.0,0.0
2022-12-05 00:00:00-05:00,20.163637793528103,21.472357571855017,20.163637793528103,20.883434295654297,3400,0.0,0.0
2022-12-06 00:00:00-05:00,21.626247849187372,21.626247849187372,20.66717034023599,20.883432388305664,2200,0.13,0.0
2022-12-07 00:00:00-05:00,21.616845296912018,22.519507025128018,21.391180313214488,21.908329010009766,3900,0.0,0.0
2022-12-08 00:00:00-05:00,22.773376664878086,24.268408597109904,22.566517566154914,23.15888786315918,4100,0.0,0.0
2022-12-09 00:00:00-05:00,23.130677877769823,25.415537773310415,22.91441587610293,23.121274948120117,7900,0.0,0.0
2022-12-12 00:00:00-05:00,22.068172671208817,22.641738891601562,22.068172671208817,22.641738891601562,1800,0.0,0.0
2022-12-13 00:00:00-05:00,22.82979206698704,23.224706158368566,22.472487902038008,22.707555770874023,5000,0.0,0.0
2022-12-14 00:00:00-05:00,23.365749249263025,23.553802490234375,20.845821114156006,23.553802490234375,16400,0.0,0.0
2022-12-15 00:00:00-05:00,23.224706716276444,23.732452392578125,23.036651699319936,23.732452392578125,15800,0.0,0.0
2022-12-16 00:00:00-05:00,23.901702156648312,25.01122283935547,23.58200969575216,25.01122283935547,24700,0.0,0.0
2022-12-19 00:00:00-05:00,24.494071177943482,24.503474107893627,23.497383917759727,24.465864181518555,14400,0.0,0.0
2022-12-20 00:00:00-05:00,24.60690608346773,26.76952989139288,24.60690608346773,26.280590057373047,24500,0.0,0.0
2022-12-21 00:00:00-05:00,26.10193900690124,27.145641023836948,25.810455322265625,25.810455322265625,7800,0.0,0.0
2022-12-22 00:00:00-05:00,25.387333631299402,25.462555288840296,24.841976165771484,24.841976165771484,2400,0.0,0.0
2022-12-23 00:00:00-05:00,25.349719860712142,25.848064422607422,25.349719860712142,25.848064422607422,2200,0.0,0.0
2022-12-27 00:00:00-05:00,25.754035243924005,26.23357391357422,25.754035243924005,26.23357391357422,1100,0.0,0.0
2022-12-28 00:00:00-05:00,26.2335772303534,26.2335772303534,25.14286231994629,25.14286231994629,61600,0.0,0.0
2022-12-29 00:00:00-05:00,25.01122516522905,25.660013077783578,24.92660057692082,25.340320587158203,3000,0.0,0.0
2022-12-30 00:00:00-05:00,25.660012538056538,25.669413675736806,25.29330539862551,25.387332916259766,3300,0.0,0.0
2023-01-03 00:00:00-05:00,24.898391662393546,25.274499945593828,24.550492172967946,24.83257293701172,4300,0.0,0.0
2023-01-04 00:00:00-05:00,24.917194922857437,24.917194922857437,23.04605484008789,23.04605484008789,6400,0.0,0.0
2023-01-05 00:00:00-05:00,23.149484634399414,23.149484634399414,23.149484634399414,23.149484634399414,400,0.0,0.0
2023-01-06 00:00:00-05:00,23.450371955472708,23.74185562133789,23.19649821741646,23.74185562133789,2500,0.0,0.0
2023-01-09 00:00:00-05:00,22.989640465634814,23.03665332648185,22.61353040515579,22.839197158813477,4800,0.0,0.0
2023-01-10 00:00:00-05:00,23.168291174141252,23.168291174141252,22.28443717956543,22.28443717956543,2200,0.0,0.0
2023-01-11 00:00:00-05:00,21.814301289076262,23.31873437652232,21.438191223789044,22.660545349121094,8200,0.0,0.0
2023-01-12 00:00:00-05:00,21.955341569342377,23.290527273590467,21.955341569342377,23.036653518676758,8300,0.0,0.0
2023-01-13 00:00:00-05:00,20.723583565615264,22.773373814872947,20.309863626518784,22.6229305267334,4000,0.0,0.0
2023-01-17 00:00:00-05:00,23.39395677925204,23.647830543414457,22.95202976985602,23.506790161132812,7100,0.0,0.0
2023-01-18 00:00:00-05:00,23.318734208485935,23.318734208485935,22.970834732055664,22.970834732055664,3100,0.0,0.0
2023-01-19 00:00:00-05:00,23.13068060536053,23.177693465727412,22.632336035713553,22.895612716674805,2700,0.0,0.0
2023-01-20 00:00:00-05:00,23.19649613940305,23.826478066240846,23.083662779233038,23.234106063842773,2700,0.0,0.0
2023-01-23 00:00:00-05:00,21.69206455286457,22.59472618099079,21.69206455286457,22.143394470214844,4700,0.0,0.0
2023-01-24 00:00:00-05:00,22.40667036178093,22.56651659271636,22.05876910853595,22.11518669128418,2400,0.0,0.0
2023-01-25 00:00:00-05:00,22.46308708190918,22.46308708190918,22.46308708190918,22.46308708190918,700,0.0,0.0
2023-01-26 00:00:00-05:00,21.804895401000977,21.804895401000977,21.804895401000977,21.804895401000977,2100,0.0,0.0
2023-01-27 00:00:00-05:00,22.848598326220745,23.788869891800623,22.519504713008338,23.346942901611328,3800,0.0,0.0
2023-01-30 00:00:00-05:00,22.810990831599934,22.810990831599934,22.3596608623574,22.41607666015625,800,0.0,0.0
2023-01-31 00:00:00-05:00,23.140081955709235,23.591411840738964,22.340850830078125,22.340850830078125,2400,0.0,0.0
2023-02-01 00:00:00-05:00,23.036650828837963,23.704242706298828,23.036650828837963,23.704242706298828,2100,0.0,0.0
2023-02-02 00:00:00-05:00,22.95202732463742,23.54439937790741,22.95202732463742,23.48798179626465,4800,0.0,0.0
2023-02-03 00:00:00-05:00,23.79827288769958,24.20258994895189,23.412761688232422,23.412761688232422,2100,0.0,0.0
2023-02-06 00:00:00-05:00,23.412761688232422,23.412761688232422,23.412761688232422,23.412761688232422,500,0.0,0.0
2023-02-07 00:00:00-05:00,24.14617569458899,24.14617569458899,23.0836677506041,23.2717227935791,1800,0.0,0.0
2023-02-08 00:00:00-05:00,24.43765846230287,24.43765846230287,23.431568145751953,23.431568145751953,4300,0.0,0.0
2023-02-09 00:00:00-05:00,24.16497973125673,24.16497973125673,23.74185681325421,23.779468536376953,1500,0.0,0.0
2023-02-10 00:00:00-05:00,23.901702671321253,23.901702671321253,23.516191482543945,23.516191482543945,1100,0.0,0.0
2023-02-13 00:00:00-05:00,23.835884016654322,23.835884016654322,23.58201026916504,23.58201026916504,700,0.0,0.0
2023-02-14 00:00:00-05:00,23.929911008732244,23.929911008732244,23.27172022440902,23.81707763671875,1300,0.0,0.0
2023-02-15 00:00:00-05:00,24.164977658330027,24.164977658330027,23.835882282939245,24.08975601196289,1300,0.0,0.0
2023-02-16 00:00:00-05:00,23.95811653137207,23.95811653137207,23.95811653137207,23.95811653137207,1100,0.0,0.0
2023-02-17 00:00:00-05:00,24.306019245133555,24.40004675618405,24.259004592895508,24.259004592895508,1100,0.0,0.0
2023-02-21 00:00:00-05:00,23.55380147727867,24.400047302246094,23.55380147727867,24.400047302246094,1700,0.0,0.0
2023-02-22 00:00:00-05:00,24.40004715732385,25.011223299061452,24.080354690551758,24.080354690551758,3200,0.0,0.0
2023-02-23 00:00:00-05:00,24.343630980384123,24.823169708251953,24.343630980384123,24.823169708251953,2600,0.0,0.0
2023-02-24 00:00:00-05:00,24.823169708251953,24.823169708251953,24.823169708251953,24.823169708251953,1000,0.0,0.0
2023-02-27 00:00:00-05:00,25.048834276352878,25.3779296875,24.860781036715743,25.3779296875,1100,0.0,0.0
2023-02-28 00:00:00-05:00,25.857465680542344,26.23357391357422,25.62239781071923,26.23357391357422,2500,0.0,0.0
2023-03-01 00:00:00-05:00,26.242977664022973,26.91997250464551,25.810453630870523,26.63789176940918,5600,0.0,0.0
2023-03-02 00:00:00-05:00,26.327601076882758,26.788333880517147,26.092533210124877,26.346406936645508,29200,0.0,0.0
2023-03-03 00:00:00-05:00,26.778933649432584,26.778933649432584,25.866870880126953,25.866870880126953,4200,0.0,0.0
2023-03-06 00:00:00-05:00,25.763440667694915,26.299395175821136,25.763440667694915,25.810455322265625,4200,0.0,0.0
2023-03-07 00:00:00-05:00,27.14303189208018,27.14303189208018,25.46076988687696,25.914413452148438,4900,0.14,0.0
2023-03-08 00:00:00-05:00,26.254647698213976,26.254647698213976,25.74429732227972,25.88606071472168,3600,0.0,0.0
2023-03-09 00:00:00-05:00,26.02782744803848,26.05617904663086,25.895513378336076,26.05617904663086,1600,0.0,0.0
2023-03-10 00:00:00-05:00,27.13358504864707,27.13358504864707,25.404067105341014,25.441871643066406,2100,0.0,0.0
2023-03-13 00:00:00-04:00,24.572385855359023,24.60073925721207,24.184898376464844,24.184898376464844,3100,0.0,0.0
2023-03-14 00:00:00-04:00,25.79155404247943,25.79155404247943,23.220903396606445,23.220903396606445,7000,0.0,0.0
2023-03-15 00:00:00-04:00,23.30596142306229,23.74070454699959,23.05078622874818,23.391019821166992,4700,0.0,0.0
2023-03-16 00:00:00-04:00,22.880666062984446,23.995874404907227,22.880666062984446,23.995874404907227,5200,0.0,0.0
2023-03-17 00:00:00-04:00,23.816310173104586,23.816310173104586,22.209653655687966,22.682199478149414,10900,0.0,0.0
2023-03-20 00:00:00-04:00,21.992284774780273,22.445928368117787,21.92612864274598,21.992284774780273,6100,0.0,0.0
2023-03-21 00:00:00-04:00,22.370320842094817,22.49318197121093,21.926128387451172,21.926128387451172,5100,0.0,0.0
2023-03-22 00:00:00-04:00,21.992284269290572,21.992284269290572,21.54809001706536,21.62369728088379,1700,0.0,0.0
2023-03-23 00:00:00-04:00,21.377974989736256,21.5480899810791,21.217309329062992,21.5480899810791,1400,0.0,0.0
2023-03-24 00:00:00-04:00,21.5480899810791,21.5480899810791,21.5480899810791,21.5480899810791,0,0.0,0.0
2023-03-27 00:00:00-04:00,21.43467751865488,21.59534316082755,21.037738979323525,21.340167999267578,7300,0.0,0.0
2023-03-28 00:00:00-04:00,21.274014326177273,21.737109041619185,21.274014326177273,21.5480899810791,8700,0.0,0.0
2023-03-29 00:00:00-04:00,21.264562502012147,21.548089280991256,21.264562502012147,21.500835418701172,1600,0.0,0.0
2023-03-30 00:00:00-04:00,21.954478958370427,22.10569348065076,21.888322830200195,21.888322830200195,1300,0.0,0.0
2023-03-31 00:00:00-04:00,22.14349809993475,22.871219117918358,21.859969517575514,22.50263214111328,8600,0.0,0.0
2023-04-03 00:00:00-04:00,22.20965576171875,22.65384822801013,22.20965576171875,22.20965576171875,5300,0.0,0.0
2023-04-04 00:00:00-04:00,22.22855840996084,22.672750883864182,21.576444597218924,22.5782413482666,6100,0.0,0.0
2023-04-05 00:00:00-04:00,22.682200110294513,23.060236418275558,22.323066068367343,23.04133415222168,5300,0.0,0.0
2023-04-06 00:00:00-04:00,23.19255033395771,23.20199966430664,23.19255033395771,23.20199966430664,700,0.0,0.0
2023-04-10 00:00:00-04:00,22.767257771716388,22.98462841647783,22.710552778000196,22.918472290039062,3200,0.0,0.0
2023-04-11 00:00:00-04:00,22.909024748803425,23.012985422430578,22.682202935760166,22.927927017211914,1500,0.0,0.0
2023-04-12 00:00:00-04:00,22.701101743676492,23.06023577559472,21.292915409055695,22.682199478149414,3000,0.0,0.0
2023-04-13 00:00:00-04:00,22.351419161376047,22.351419161376047,22.20965576171875,22.20965576171875,1300,0.0,0.0
2023-04-14 00:00:00-04:00,21.841069295945278,21.841069295945278,21.444130718343967,21.64259910583496,1500,0.0,0.0
2023-04-17 00:00:00-04:00,22.44592785220115,22.44592785220115,21.500836153161103,21.62369728088379,2300,0.0,0.0
2023-04-18 00:00:00-04:00,22.30416622761815,22.30416622761815,21.708757400512695,21.708757400512695,900,0.0,0.0
2023-04-19 00:00:00-04:00,22.115144228548928,22.568787787491026,22.105693095743558,22.445926666259766,4000,0.0,0.0
2023-04-20 00:00:00-04:00,21.756012405470678,22.351419411748637,21.718207870408232,21.737110137939453,2000,0.0,0.0
2023-04-21 00:00:00-04:00,22.398673009511672,22.398673009511672,21.548089075449262,21.97338104248047,3200,0.0,0.0
2023-04-24 00:00:00-04:00,21.878873539184735,21.878873539184735,21.48193493412628,21.737110137939453,3700,0.0,0.0
2023-04-25 00:00:00-04:00,21.58589703272423,21.58589703272423,21.066097259521484,21.066097259521484,1700,0.0,0.0
2023-04-26 00:00:00-04:00,21.831619091123752,21.831619091123752,21.359073231154056,21.453582763671875,1300,0.0,0.0
2023-04-27 00:00:00-04:00,21.963932466069803,21.963932466069803,20.79201889038086,20.79201889038086,3100,0.0,0.0
2023-04-28 00:00:00-04:00,20.99993843034165,20.99993843034165,20.79201889038086,20.79201889038086,1800,0.0,0.0
2023-05-01 00:00:00-04:00,20.725859129361453,20.725859129361453,20.319469451904297,20.319469451904297,900,0.0,0.0
2023-05-02 00:00:00-04:00,20.224960111946398,20.34782303082535,19.591748660563358,19.846923828125,5200,0.0,0.0
2023-05-03 00:00:00-04:00,19.657907494804252,19.657907494804252,16.066559599494447,16.26502799987793,15900,0.0,0.0
2023-05-04 00:00:00-04:00,16.302832861708136,16.53910580173289,16.057108787768055,16.255578994750977,16800,0.0,0.0
2023-05-05 00:00:00-04:00,16.520204238595266,16.954947404147536,15.650719710110275,16.302833557128906,7500,0.0,0.0
2023-05-08 00:00:00-04:00,16.416242859309698,16.491850119691545,16.359536062058854,16.482398986816406,2600,0.0,0.0
2023-05-09 00:00:00-04:00,16.066558215711648,16.198870471238163,15.35773947090084,16.17051887512207,3000,0.0,0.0
2023-05-10 00:00:00-04:00,15.990951429801418,15.990951429801418,15.41444492340088,15.414444923400879,7200,0.0,0.0
2023-05-11 00:00:00-04:00,15.121467177760817,15.197074441544846,14.36539363861084,14.36539363861084,5700,0.0,0.0
2023-05-12 00:00:00-04:00,14.677274345043452,14.998605678120969,14.677274345043452,14.885194778442383,10300,0.0,0.0
2023-05-15 00:00:00-04:00,14.932449146979195,15.215976839267409,14.535510558037632,14.630019187927246,9700,0.0,0.0
2023-05-16 00:00:00-04:00,14.705627133535078,14.705627133535078,14.176375389099121,14.176375389099121,6900,0.0,0.0
2023-05-17 00:00:00-04:00,14.497706807502222,15.21597671508789,14.412648410378962,15.21597671508789,6800,0.0,0.0
2023-05-18 00:00:00-04:00,15.121467179922414,15.688522559693377,15.083663548024996,15.679071426391602,4000,0.0,0.0
2023-05-19 00:00:00-04:00,14.176375317636005,15.962598030819953,14.176375317636005,15.87753963470459,6700,0.0,0.0
2023-05-22 00:00:00-04:00,15.972048987259614,17.19121811634178,15.972048987259614,16.77537727355957,5800,0.0,0.0
2023-05-23 00:00:00-04:00,16.661965245819978,17.65431257474953,16.661965245819978,17.63541030883789,3600,0.0,0.0
2023-05-24 00:00:00-04:00,17.342432539527863,17.49364706281917,17.24792301181597,17.47474479675293,4100,0.0,0.0
2023-05-25 00:00:00-04:00,16.803730193510365,17.465293267236735,15.508953839274795,15.86808967590332,8000,0.0,0.0
2023-05-26 00:00:00-04:00,15.508954075012525,15.622365867939948,14.828487823996227,15.121466636657715,8100,0.0,0.0
2023-05-30 00:00:00-04:00,15.1403698912797,15.197074890136719,15.1403698912797,15.197074890136719,800,0.0,0.0
2023-05-31 00:00:00-04:00,15.093114264161704,15.130917895014253,14.847390212965315,14.92299747467041,10100,0.0,0.0
2023-06-01 00:00:00-04:00,15.33883779347355,15.499503453898557,14.686724919808865,14.752881050109863,3900,0.0,0.0
2023-06-02 00:00:00-04:00,15.093114256691711,15.697973251342773,15.093114256691711,15.697973251342773,1000,0.0,0.0
2023-06-05 00:00:00-04:00,15.688524518294818,16.907692024518443,15.083665431114053,15.329388618469238,9300,0.0,0.0
2023-06-06 00:00:00-04:00,15.253121918178048,15.786980676186408,14.318868637084961,14.318868637084961,6700,0.14,0.0
2023-06-07 00:00:00-04:00,14.919457975228184,15.253120346469942,14.614395859228967,15.091055870056152,6400,0.0,0.0
2023-06-08 00:00:00-04:00,15.281722949623935,15.443787450937608,14.843194726763565,14.93852710723877,1400,0.0,0.0
2023-06-09 00:00:00-04:00,14.967126769145514,15.45331937404597,14.824129104614258,14.824129104614258,2400,0.0,0.0
2023-06-12 00:00:00-04:00,15.720247999981098,15.720247999981098,15.253121376037598,15.253121376037598,1200,0.0,0.0
2023-06-13 00:00:00-04:00,15.682116113818381,15.682116113818381,15.06245751353882,15.272188186645508,2200,0.0,0.0
2023-06-14 00:00:00-04:00,15.910914168850645,15.910914168850645,15.100591659545898,15.100591659545898,4700,0.0,0.0
2023-06-15 00:00:00-04:00,15.052925675431169,15.148258057534727,15.02432632446289,15.02432632446289,3300,0.0,0.0
2023-06-16 00:00:00-04:00,15.224522028021454,15.253121376037598,14.87179370529941,15.253121376037598,19200,0.0,0.0
2023-06-20 00:00:00-04:00,15.82511379130176,15.82511379130176,15.17685584188996,15.253121376037598,5800,0.0,0.0
2023-06-21 00:00:00-04:00,15.25312128270095,15.25312128270095,15.062457448498565,15.110123634338379,6000,0.0,0.0
2023-06-22 00:00:00-04:00,15.739314960891814,15.739314960891814,15.377052307128906,15.377052307128906,500,0.0,0.0
2023-06-23 00:00:00-04:00,15.100592324642673,15.739316940307617,15.100592324642673,15.739316940307617,3500,0.0,0.0
2023-06-26 00:00:00-04:00,15.357988895921416,15.510519981384277,14.871795379140805,15.510519981384277,1500,0.0,0.0
2023-06-27 00:00:00-04:00,15.46285195841595,15.49145221710205,15.46285195841595,15.49145221710205,500,0.0,0.0
2023-06-28 00:00:00-04:00,15.558184249665922,15.663050045954392,15.348454475402832,15.348454475402832,700,0.0,0.0
2023-06-29 00:00:00-04:00,15.472384464744477,15.70118106578734,14.871793614296177,15.110123634338379,1200,0.0,0.0
2023-06-30 00:00:00-04:00,15.415187693721396,16.54010581970215,15.415187693721396,16.54010581970215,3000,0.0,0.0
2023-07-03 00:00:00-04:00,15.99671272964762,18.4848770781699,15.99671272964762,17.97008514404297,3800,0.0,0.0
2023-07-05 00:00:00-04:00,16.826098413604406,17.15976079268037,16.4829044342041,16.4829044342041,2700,0.0,0.0
2023-07-06 00:00:00-04:00,16.33990712557204,16.540105306717265,16.082512061690927,16.368507385253906,3900,0.0,0.0
2023-07-07 00:00:00-04:00,16.254108447364434,17.026299107371532,16.206443165380072,16.435239791870117,4500,0.0,0.0
2023-07-10 00:00:00-04:00,15.462855016380265,17.379029087762714,15.462855016380265,16.606840133666992,10900,0.0,0.0
2023-07-11 00:00:00-04:00,16.292240121594148,17.1120959626395,16.27317328382246,16.87376594543457,6200,0.0,0.0
2023-07-12 00:00:00-04:00,16.873766383079573,17.04536247253418,16.206441590272266,17.04536247253418,2600,0.0,0.0
2023-07-13 00:00:00-04:00,17.04536247253418,17.04536247253418,17.04536247253418,17.04536247253418,0,0.0,0.0
2023-07-14 00:00:00-04:00,16.034842475195084,16.96909566013172,16.034842475195084,16.416170120239258,900,0.0,0.0
2023-07-17 00:00:00-04:00,16.43523968327686,16.892832933233475,16.43523968327686,16.835634231567383,2500,0.0,0.0
2023-07-18 00:00:00-04:00,16.759368483522064,17.636423110961914,16.759368483522064,17.636423110961914,1900,0.0,0.0
2023-07-19 00:00:00-04:00,17.541088583834178,18.30374571601791,16.76889985125155,18.113080978393555,6600,0.0,0.0
2023-07-20 00:00:00-04:00,17.903353038068687,18.780407647158945,17.903353038068687,18.694608688354492,7700,0.0,0.0
2023-07-21 00:00:00-04:00,18.88527305685851,18.88527305685851,18.704143524169922,18.704143524169922,1800,0.0,0.0
2023-07-24 00:00:00-04:00,19.066402435302734,19.066402435302734,18.399077622741604,19.066402435302734,1900,0.0,0.0
2023-07-25 00:00:00-04:00,19.371463975166044,19.43819609066432,19.218932905937475,19.295198440551758,2000,0.0,0.0
2023-07-26 00:00:00-04:00,19.33333235207417,19.40006446838379,19.323798932842255,19.40006446838379,700,0.0,0.0
2023-07-27 00:00:00-04:00,20.019724946415053,20.14365577697754,20.019724946415053,20.14365577697754,1300,0.0,0.0
2023-07-28 00:00:00-04:00,19.83859206096399,20.305718722119757,19.83859206096399,20.02925682067871,2000,0.0,0.0
2023-07-31 00:00:00-04:00,20.973039628045438,20.973039628045438,20.019719644952463,20.210384368896484,2300,0.0,0.0
2023-08-01 00:00:00-04:00,20.067387262263637,20.067387262263637,20.01972198486328,20.01972198486328,4500,0.0,0.0
2023-08-02 00:00:00-04:00,19.676526224966352,19.676526224966352,19.07593536376953,19.07593536376953,1400,0.0,0.0
2023-08-03 00:00:00-04:00,19.352398064812526,21.287638598619324,18.637407961654716,19.314266204833984,7200,0.0,0.0
2023-08-04 00:00:00-04:00,19.333329366885938,19.333329366885938,18.656471252441406,18.656471252441406,4000,0.0,0.0
2023-08-07 00:00:00-04:00,18.904338290930824,18.913871710522166,18.256080305230505,18.55160903930664,2100,0.0,0.0
2023-08-08 00:00:00-04:00,18.113083525359883,18.12261694541301,17.97008586119089,18.065418243408203,2700,0.0,0.0
2023-08-09 00:00:00-04:00,17.75082040538031,18.06541595400954,17.75082040538031,17.998682022094727,4400,0.0,0.0
2023-08-10 00:00:00-04:00,17.78895253518508,18.284679412841797,17.78895253518508,18.284679412841797,900,0.0,0.0
2023-08-11 00:00:00-04:00,18.1798152923584,18.1798152923584,18.1798152923584,18.1798152923584,200,0.0,0.0
2023-08-14 00:00:00-04:00,18.523011574944327,18.523011574944327,18.06541832032955,18.208415985107422,2600,0.0,0.0
2023-08-15 00:00:00-04:00,17.92241816759439,17.92241816759439,17.731755227785705,17.750822067260742,900,0.0,0.0
2023-08-16 00:00:00-04:00,17.693622589111328,17.693622589111328,17.693622589111328,17.693622589111328,300,0.0,0.0
2023-08-17 00:00:00-04:00,17.788951824987343,18.29421210146343,17.245559692382812,17.245559692382812,1500,0.0,0.0
2023-08-18 00:00:00-04:00,17.493426252342644,17.493426252342644,16.92143376152955,16.969099044799805,1300,0.0,0.0
2023-08-21 00:00:00-04:00,16.740300368526967,18.094014976924086,16.740300368526967,17.22649383544922,2700,0.0,0.0
2023-08-22 00:00:00-04:00,17.19789908413361,17.19789908413361,16.892835060761364,16.940502166748047,2700,0.0,0.0
2023-08-23 00:00:00-04:00,16.54010508267029,16.9881649017334,16.54010508267029,16.9881649017334,1700,0.0,0.0
2023-08-24 00:00:00-04:00,17.48388980161265,17.48388980161265,16.52103633626621,17.026296615600586,1400,0.0,0.0
2023-08-25 00:00:00-04:00,17.026296615600586,17.026296615600586,17.026296615600586,17.026296615600586,400,0.0,0.0
2023-08-28 00:00:00-04:00,17.893822466711615,17.893822466711615,16.549640989228116,16.940502166748047,1900,0.0,0.0
2023-08-29 00:00:00-04:00,17.131160736083984,17.131160736083984,17.131160736083984,17.131160736083984,500,0.0,0.0
2023-08-30 00:00:00-04:00,16.930968109556797,18.656477278545964,16.930968109556797,17.35042953491211,6900,0.0,0.0
2023-08-31 00:00:00-04:00,17.502959054391187,18.017751005118843,17.255095589850487,17.379026412963867,7800,0.0,0.0
2023-09-01 00:00:00-04:00,17.47435839985578,18.618343315239496,16.9881649017334,16.9881649017334,6900,0.0,0.0
2023-09-05 00:00:00-04:00,17.48781692303597,18.27572922737124,17.39172965435094,17.58390235900879,7700,0.14,0.0
2023-09-06 00:00:00-04:00,17.295642852783203,17.295642852783203,17.247600133499265,17.295642852783203,1000,0.0,0.0
2023-09-07 00:00:00-04:00,17.7760795048305,17.7760795048305,16.815210342407227,16.815210342407227,2400,0.0,0.0
2023-09-08 00:00:00-04:00,17.247599390995045,17.247599390995045,16.430860369342657,16.728729248046875,2400,0.0,0.0
2023-09-11 00:00:00-04:00,16.57499223004662,16.62303495270093,16.363601684570312,16.363601684570312,5600,0.0,0.0
2023-09-12 00:00:00-04:00,16.38281744742898,16.920905463819878,16.38281744742898,16.478904724121094,1100,0.0,0.0
2023-09-13 00:00:00-04:00,16.81521105524419,16.911298342102388,16.498124291510948,16.59421157836914,1200,0.0,0.0
2023-09-14 00:00:00-04:00,16.968948364257812,16.968948364257812,16.968948364257812,16.968948364257812,1100,0.0,0.0
2023-09-15 00:00:00-04:00,16.62303333233896,16.805598959511705,16.37320899963379,16.37320899963379,33800,0.0,0.0
2023-09-18 00:00:00-04:00,16.334774725439104,16.671079277505324,16.334774725439104,16.478904724121094,1800,0.0,0.0
2023-09-19 00:00:00-04:00,16.671079277505324,16.728730910435647,16.478904724121094,16.478904724121094,1000,0.0,0.0
2023-09-20 00:00:00-04:00,16.55577488417228,17.151514558870716,16.334775421264975,16.623035430908203,1600,0.0,0.0
2023-09-21 00:00:00-04:00,17.007384907976874,17.314862746718322,16.555775228701947,16.815210342407227,2100,0.0,0.0
2023-09-22 00:00:00-04:00,16.815210342407227,16.815210342407227,16.815210342407227,16.815210342407227,800,0.0,0.0
2023-09-25 00:00:00-04:00,16.64225321272757,16.680688858032227,16.603819400135357,16.680688858032227,900,0.0,0.0
2023-09-26 00:00:00-04:00,17.334078545486136,17.487817446902717,16.63264274597168,16.63264274597168,2200,0.0,0.0
2023-09-27 00:00:00-04:00,17.20916619425687,17.430165657164174,16.603819440921114,16.623035430908203,3000,0.0,0.0
2023-09-28 00:00:00-04:00,16.834427191301256,17.679991198907597,16.632643725859054,16.844036102294922,5000,0.0,0.0
2023-09-29 00:00:00-04:00,17.045815383000274,17.59351040508018,16.77677141043816,17.555076599121094,9200,0.0,0.0
2023-10-02 00:00:00-04:00,17.00738262330303,17.487817139975856,16.728729723930915,17.468599319458008,4600,0.0,0.0
2023-10-03 00:00:00-04:00,16.91129500053523,17.093860626220703,16.91129500053523,17.093860626220703,400,0.0,0.0
2023-10-04 00:00:00-04:00,16.65186092507956,17.430164359334672,16.55577365144888,17.247600555419922,4300,0.0,0.0
2023-10-05 00:00:00-04:00,16.853643620859614,17.34368521206319,16.853643620859614,16.9209041595459,3700,0.0,0.0
2023-10-06 00:00:00-04:00,17.055427472855193,17.603122597059365,16.719122902622598,16.93051528930664,3400,0.0,0.0
2023-10-09 00:00:00-04:00,17.48781698343838,17.48781698343838,16.968946830374374,17.161121368408203,1500,0.0,0.0
2023-10-10 00:00:00-04:00,17.18994779604247,17.728035817339705,17.103469429502287,17.39173126220703,2400,0.0,0.0
2023-10-11 00:00:00-04:00,17.72803450156989,17.72803450156989,16.9881649017334,16.9881649017334,6000,0.0,0.0
2023-10-12 00:00:00-04:00,16.623034748854725,17.391731130883983,16.623034748854725,17.084253311157227,3800,0.0,0.0
2023-10-13 00:00:00-04:00,17.05542684564966,17.05542684564966,16.911296844482422,16.911296844482422,800,0.0,0.0
2023-10-16 00:00:00-04:00,17.266817142451952,17.266817142451952,16.661470413208008,16.661470413208008,2800,0.0,0.0
2023-10-17 00:00:00-04:00,17.247599390995045,17.26681537825402,16.555772533730817,16.728729248046875,5300,0.0,0.0
2023-10-18 00:00:00-04:00,16.738340612802922,16.901688441089263,16.267514950733453,16.3828182220459,4300,0.0,0.0
2023-10-19 00:00:00-04:00,16.853643806764637,17.084252155966592,16.14259910583496,16.14259910583496,8500,0.0,0.0
2023-10-20 00:00:00-04:00,15.854340647070991,15.854340647070991,14.69168896296487,15.585296630859375,13100,0.0,0.0
2023-10-23 00:00:00-04:00,16.07533908576522,16.07533908576522,15.373905105191795,15.642949104309082,3200,0.0,0.0
2023-10-24 00:00:00-04:00,15.806297302246094,15.806297302246094,15.806297302246094,15.806297302246094,200,0.0,0.0
2023-10-25 00:00:00-04:00,15.854340244190444,15.854340244190444,14.941514777038597,15.450775146484375,2000,0.0,0.0
2023-10-26 00:00:00-04:00,15.373904247546388,15.5660787837256,14.893469739810564,14.951122283935547,3300,0.0,0.0
2023-10-27 00:00:00-04:00,14.797384316769797,14.797384316769797,13.452167893920258,14.585993766784668,10500,0.0,0.0
2023-10-30 00:00:00-04:00,15.450775146484375,15.450775146484375,15.450775146484375,15.450775146484375,800,0.0,0.0
2023-10-31 00:00:00-04:00,15.469992637634277,15.469992637634277,15.469992637634277,15.469992637634277,400,0.0,0.0
2023-11-01 00:00:00-04:00,15.354687949655775,15.354687949655775,14.999166488647461,14.999166488647461,2000,0.0,0.0
2023-11-02 00:00:00-04:00,15.037601216422516,15.32586213291353,14.682079755414202,14.999166488647461,3200,0.0,0.0
2023-11-03 00:00:00-04:00,15.777470451651817,15.854339905156204,15.469992637634277,15.469992637634277,2900,0.0,0.0
2023-11-06 00:00:00-05:00,15.61412182567879,16.478903591020092,15.61412182567879,15.777469635009766,1400,0.0,0.0
2023-11-07 00:00:00-05:00,15.662165685457097,16.536556424783253,15.662165685457097,16.23868751525879,6700,0.0,0.0
2023-11-08 00:00:00-05:00,15.066425134578779,16.517337440628634,15.066425134578779,15.873555183410645,2400,0.0,0.0
2023-11-09 00:00:00-05:00,15.873555183410645,15.873555183410645,15.873555183410645,15.873555183410645,0,0.0,0.0
2023-11-10 00:00:00-05:00,15.873555183410645,15.873555183410645,15.873555183410645,15.873555183410645,0,0.0,0.0
2023-11-13 00:00:00-05:00,15.229775047106287,15.93120902471979,14.855035781860352,14.855035781860352,9600,0.0,0.0
2023-11-14 00:00:00-05:00,14.855035781860352,14.855035781860352,14.855035781860352,14.855035781860352,400,0.0,0.0
2023-11-15 00:00:00-05:00,15.537252484075822,16.113774275878654,15.373904673610223,15.719818115234375,4000,0.0,0.0
2023-11-16 00:00:00-05:00,15.777471054068132,15.854340510507551,15.671774864196777,15.671774864196777,1700,0.0,0.0
2023-11-17 00:00:00-05:00,15.806296696262846,16.18103504144473,15.758252143859862,15.758252143859863,3300,0.0,0.0
2023-11-20 00:00:00-05:00,15.652555769083644,16.027294065786997,15.652555769083644,15.873555183410645,2700,0.0,0.0
2023-11-21 00:00:00-05:00,17.0554256439209,17.0554256439209,17.0554256439209,17.0554256439209,300,0.0,0.0
2023-11-22 00:00:00-05:00,17.0554256439209,17.0554256439209,17.0554256439209,17.0554256439209,600,0.0,0.0
2023-11-24 00:00:00-05:00,16.488514337436357,16.623035430908203,16.488514337436357,16.623035430908203,700,0.0,0.0
2023-11-27 00:00:00-05:00,16.949729534454804,16.949729534454804,16.190643934430668,16.209861755371094,3400,0.0,0.0
2023-11-28 00:00:00-05:00,16.623033113906192,16.623033113906192,16.19064315971004,16.48851203918457,4700,0.0,0.0
2023-11-29 00:00:00-05:00,16.47890329967046,16.747947284609516,16.430860581833443,16.613426208496094,2400,0.0,0.0
2023-11-30 00:00:00-05:00,16.142599968411137,16.17142670086882,15.62373161315918,15.62373161315918,14300,0.0,0.0
2023-12-01 00:00:00-05:00,15.806297932180353,16.49812304646763,15.36429717907361,16.190645217895508,9300,0.0,0.0
2023-12-04 00:00:00-05:00,15.98886020636699,16.238686376180507,15.863948037816355,16.14259910583496,3300,0.0,0.0
2023-12-05 00:00:00-05:00,16.229806350974094,16.307321770069137,15.997260093688965,15.997260093688965,8500,0.14,0.0
2023-12-06 00:00:00-05:00,16.171668895248345,16.375146160300982,16.132910264887908,16.22980499267578,3800,0.0,0.0
2023-12-07 00:00:00-05:00,16.60769271850586,16.60769271850586,16.60769271850586,16.60769271850586,300,0.0,0.0
2023-12-08 00:00:00-05:00,17.00495719909668,17.00495719909668,17.00495719909668,17.00495719909668,300,0.0,0.0
2023-12-11 00:00:00-05:00,16.32669840965444,16.820859818396332,15.900362750484621,16.26856231689453,6000,0.0,0.0
2023-12-12 00:00:00-05:00,16.08446502685547,16.08446502685547,16.08446502685547,16.08446502685547,1000,0.0,0.0
2023-12-13 00:00:00-05:00,16.229804499624546,16.33638888176456,16.132909774780273,16.132909774780273,2300,0.0,0.0
2023-12-14 00:00:00-05:00,16.229804776594662,16.278251215786984,16.181358337402344,16.181358337402344,2000,0.0,0.0
2023-12-15 00:00:00-05:00,16.336388939378256,16.568935170956735,16.297630310058594,16.297630310058594,2700,0.0,0.0
2023-12-18 00:00:00-05:00,16.29763020090974,16.35576629638672,16.29763020090974,16.35576629638672,500,0.0,0.0
2023-12-19 00:00:00-05:00,16.346078495207315,16.578624725341797,16.08446329326359,16.578624725341797,4900,0.0,0.0
2023-12-20 00:00:00-05:00,16.47204066779509,16.76272299915796,16.355766626382024,16.56893539428711,4800,0.0,0.0
2023-12-21 00:00:00-05:00,16.90806527043103,17.42160415649414,16.90806527043103,17.42160415649414,600,0.0,0.0
2023-12-22 00:00:00-05:00,16.539867888661842,17.18906021118164,16.539867888661842,17.18906021118164,400,0.0,0.0
2023-12-26 00:00:00-05:00,17.18906021118164,17.18906021118164,17.18906021118164,17.18906021118164,0,0.0,0.0
2023-12-27 00:00:00-05:00,16.95651090465235,17.39253621001719,16.656138943241583,16.72396469116211,2300,0.0,0.0
2023-12-28 00:00:00-05:00,17.004959819550145,17.004959819550145,16.714277472320326,16.98558235168457,5200,0.0,0.0
2023-12-29 00:00:00-05:00,17.189059603231158,17.440985166295693,16.636762035329923,17.373159408569336,3700,0.0,0.0
2024-01-02 00:00:00-05:00,17.440983651370914,17.925455419464548,17.315021804836345,17.9157657623291,3400,0.0,0.0
2024-01-03 00:00:00-05:00,16.84992854106531,17.44098472595215,16.84992854106531,17.44098472595215,1100,0.0,0.0
2024-01-04 00:00:00-05:00,17.906078338623047,17.906078338623047,17.906078338623047,17.906078338623047,100,0.0,0.0
2024-01-05 00:00:00-05:00,17.906078338623047,17.906078338623047,17.906078338623047,17.906078338623047,0,0.0,0.0
2024-01-08 00:00:00-05:00,17.906078338623047,17.906078338623047,17.906078338623047,17.906078338623047,0,0.0,0.0
2024-01-09 00:00:00-05:00,17.906078338623047,17.906078338623047,17.906078338623047,17.906078338623047,300,0.0,0.0
2024-01-10 00:00:00-05:00,17.01464950039518,17.6832211176578,17.01464950039518,17.537879943847656,2700,0.0,0.0
2024-01-11 00:00:00-05:00,17.34408950805664,17.34408950805664,17.34408950805664,17.34408950805664,600,0.0,0.0
2024-01-12 00:00:00-05:00,17.906077683321193,17.906077683321193,16.98558235168457,16.98558235168457,8000,0.0,0.0
2024-01-16 00:00:00-05:00,17.10185432434082,17.10185432434082,17.05340788314997,17.10185432434082,1300,0.0,0.0
2024-01-17 00:00:00-05:00,17.295644160849264,17.295644160849264,17.24719587049325,17.256885528564453,2700,0.0,0.0
2024-01-18 00:00:00-05:00,17.295642852783203,17.295642852783203,17.295642852783203,17.295642852783203,800,0.0,0.0
2024-01-19 00:00:00-05:00,17.440984510629615,17.731666846561488,17.39253807067871,17.39253807067871,2400,0.0,0.0
2024-01-22 00:00:00-05:00,17.460363388061523,17.460363388061523,17.460363388061523,17.460363388061523,400,0.0,0.0
2024-01-23 00:00:00-05:00,17.489431381225586,17.489431381225586,17.489431381225586,17.489431381225586,300,0.0,0.0
2024-01-24 00:00:00-05:00,17.5572566986084,17.5572566986084,17.5572566986084,17.5572566986084,300,0.0,0.0
2024-01-25 00:00:00-05:00,17.5572566986084,17.5572566986084,17.5572566986084,17.5572566986084,0,0.0,0.0
2024-01-26 00:00:00-05:00,17.683220074989134,17.98359206290082,17.683220074989134,17.789804458618164,3500,0.0,0.0
2024-01-29 00:00:00-05:00,17.780115734807453,17.83825183433361,17.59601593017578,17.59601593017578,1200,0.0,0.0
2024-01-30 00:00:00-05:00,17.896387045516846,17.896387045516846,17.731666564941406,17.731666564941406,400,0.0,0.0
2024-01-31 00:00:00-05:00,17.528189141537446,17.547568456277187,17.392537634585604,17.460363388061523,2200,0.0,0.0
2024-02-01 00:00:00-05:00,17.57663738380967,17.57663738380967,17.440985862938643,17.51850128173828,2900,0.0,0.0
2024-02-02 00:00:00-05:00,17.42160415649414,17.42160415649414,17.42160415649414,17.42160415649414,200,0.0,0.0
2024-02-05 00:00:00-05:00,17.295642357382924,17.295642357382924,16.627070805090266,17.198747634887695,2000,0.0,0.0
2024-02-06 00:00:00-05:00,17.18906061937804,17.18906061937804,16.956514358520508,16.956514358520508,900,0.0,0.0
2024-02-07 00:00:00-05:00,16.995271081984086,17.20843800177598,16.32669950211365,16.56893539428711,6700,0.0,0.0
2024-02-08 00:00:00-05:00,16.181357533527095,16.9565116107744,16.181357533527095,16.48172950744629,2300,0.0,0.0
2024-02-09 00:00:00-05:00,16.878999710083008,16.878999710083008,16.878999710083008,16.878999710083008,400,0.0,0.0
2024-02-12 00:00:00-05:00,16.878996817364747,16.878996817364747,16.68520736694336,16.68520736694336,1100,0.0,0.0
2024-02-13 00:00:00-05:00,16.423594063996468,17.34408933616182,16.423594063996468,16.462350845336914,4600,0.0,0.0
2024-02-14 00:00:00-05:00,16.452660465010258,17.150300979614258,16.22011424284662,17.150300979614258,3800,0.0,0.0
2024-02-15 00:00:00-05:00,16.95651399151307,16.95651399151307,16.530178265111857,16.801483154296875,600,0.0,0.0
2024-02-16 00:00:00-05:00,16.423593521118164,16.423593521118164,16.423593521118164,16.423593521118164,1100,0.0,0.0
2024-02-20 00:00:00-05:00,16.481730325255608,16.801481629000044,16.481730325255608,16.56893539428711,1700,0.0,0.0
2024-02-21 00:00:00-05:00,16.36545595365174,16.36545595365174,16.35576629638672,16.35576629638672,1300,0.0,0.0
2024-02-22 00:00:00-05:00,16.462351724678474,16.462351724678474,16.287941579047367,16.32670021057129,3300,0.0,0.0
2024-02-23 00:00:00-05:00,16.23949508999959,16.326700162558694,16.142600359588,16.16197967529297,4000,0.0,0.0
2024-02-26 00:00:00-05:00,16.065083436004677,16.31700897216797,16.065083436004677,16.31700897216797,1100,0.0,0.0
2024-02-27 00:00:00-05:00,16.317011247271747,16.472042083740234,16.317011247271747,16.472042083740234,1400,0.0,0.0
2024-02-28 00:00:00-05:00,16.210425677495564,16.811171511289796,16.210425677495564,16.22980499267578,2400,0.0,0.0
2024-02-29 00:00:00-05:00,16.733657836914062,16.733657836914062,16.733657836914062,16.733657836914062,300,0.0,0.0
2024-03-01 00:00:00-05:00,16.782102584838867,16.782102584838867,16.782102584838867,16.782102584838867,300,0.0,0.0
2024-03-04 00:00:00-05:00,16.384836196899414,16.384836196899414,16.384836196899414,16.384836196899414,500,0.0,0.0
2024-03-05 00:00:00-05:00,17.000367030886032,17.000367030886032,16.37506675720215,16.37506675720215,6400,0.14,0.0
2024-03-06 00:00:00-05:00,16.326213577831574,16.980825483400306,16.228511810302734,16.228511810302734,7200,0.0,0.0
2024-03-07 00:00:00-05:00,16.394605283162043,16.609551752615054,16.277360568479434,16.41414451599121,4600,0.0,0.0
2024-03-08 00:00:00-05:00,16.462998283179,16.462998283179,16.121036529541016,16.121036529541016,5200,0.0,0.0
2024-03-11 00:00:00-04:00,16.033104073735785,16.521620351091638,16.033104073735785,16.081954956054688,2000,0.0,0.0
2024-03-12 00:00:00-04:00,16.36529541015625,16.51184992171796,16.36529541015625,16.36529541015625,1400,0.0,0.0
2024-03-13 00:00:00-04:00,16.365294658776484,16.365294658776484,16.121036529541016,16.121036529541016,3900,0.0,0.0
2024-03-14 00:00:00-04:00,16.121036397532425,16.169887277562843,15.837696075439453,15.837696075439453,6300,0.0,0.0
2024-03-15 00:00:00-04:00,16.56070267603721,17.0003662109375,16.56070267603721,17.0003662109375,10300,0.0,0.0
2024-03-18 00:00:00-04:00,16.941745728283646,16.941745728283646,16.423917770385742,16.423917770385742,2200,0.0,0.0
2024-03-19 00:00:00-04:00,16.521620031360182,16.521620031360182,16.10149574279785,16.10149574279785,1600,0.0,0.0
2024-03-20 00:00:00-04:00,16.052645656583405,16.218741270439185,15.739995527805878,16.11126708984375,9100,0.0,0.0
2024-03-21 00:00:00-04:00,16.130807149207556,16.130807149207556,15.827927589416504,15.827927589416504,1200,0.0,0.0
2024-03-22 00:00:00-04:00,15.876779970715504,16.179659559134365,15.876779970715504,16.140579223632812,900,0.0,0.0
2024-03-25 00:00:00-04:00,16.140579223632812,16.140579223632812,16.140579223632812,16.140579223632812,0,0.0,0.0
2024-03-26 00:00:00-04:00,16.072187737090356,16.072187737090356,16.05264663696289,16.05264663696289,600,0.0,0.0
2024-03-27 00:00:00-04:00,16.550932727985195,16.883123960309728,15.925630598205123,16.56070327758789,900,0.0,0.0
2024-03-28 00:00:00-04:00,16.971057449193044,17.342329025268555,16.208971333827307,17.342329025268555,6700,0.0,0.0
2024-04-01 00:00:00-04:00,16.82449948515055,17.391178277652717,16.62909409739836,16.804960250854492,2800,0.0,0.0
2024-04-02 00:00:00-04:00,16.88312283292941,16.88312283292941,16.248050195953983,16.453227996826172,8500,0.0,0.0
2024-04-03 00:00:00-04:00,15.837697768488072,16.511850793516167,15.564129829406738,15.564129829406738,6300,0.0,0.0
2024-04-04 00:00:00-04:00,15.661832783536857,15.808387296474129,15.38826299279001,15.720454216003418,1500,0.0,0.0
2024-04-05 00:00:00-04:00,15.622750777163239,16.111267068620034,15.4859668118887,15.534817695617676,9300,0.0,0.0
2024-04-08 00:00:00-04:00,15.54458877187322,15.63252185639881,15.251478800711562,15.388263702392578,3100,0.0,0.0
2024-04-09 00:00:00-04:00,15.15377537109382,15.15377537109382,15.12446372314439,15.144004821777344,2100,0.0,0.0
2024-04-10 00:00:00-04:00,14.95836963642387,15.046301788444346,14.655489118005883,14.704340934753418,4600,0.0,0.0
2024-04-11 00:00:00-04:00,14.56755579953961,14.58709689863219,14.372149467468262,14.372149467468262,5300,0.0,0.0
2024-04-12 00:00:00-04:00,14.528474849302052,14.528474849302052,14.352608680725098,14.352608680725098,3500,0.0,0.0
2024-04-15 00:00:00-04:00,14.430771763903822,14.66525936126709,14.430771763903822,14.66525936126709,1100,0.0,0.0
2024-04-16 00:00:00-04:00,14.264675916183593,14.274445533752441,14.264675916183593,14.274445533752441,700,0.0,0.0
2024-04-17 00:00:00-04:00,14.323297500610352,14.323297500610352,14.323297500610352,14.323297500610352,400,0.0,0.0
2024-04-18 00:00:00-04:00,14.323297500610352,14.323297500610352,14.323297500610352,14.323297500610352,0,0.0,0.0
2024-04-19 00:00:00-04:00,14.44054126739502,14.44054126739502,14.44054126739502,14.44054126739502,300,0.0,0.0
2024-04-22 00:00:00-04:00,14.811814108633325,15.046301709668732,14.36237907409668,14.36237907409668,3200,0.0,0.0
2024-04-23 00:00:00-04:00,14.75319247556786,14.75319247556786,14.36237888066799,14.548015594482422,1300,0.0,0.0
2024-04-24 00:00:00-04:00,14.41123104095459,14.704341011192595,14.166972887718071,14.41123104095459,3500,0.0,0.0
2024-04-25 00:00:00-04:00,13.991106033325195,13.991106033325195,13.991106033325195,13.991106033325195,300,0.0,0.0
2024-04-26 00:00:00-04:00,14.215824127197266,14.215824127197266,14.215824127197266,14.215824127197266,100,0.0,0.0
2024-04-29 00:00:00-04:00,14.460082567466412,14.460082567466412,13.67845630645752,13.67845630645752,3200,0.0,0.0
2024-04-30 00:00:00-04:00,13.92271475967205,13.92271475967205,13.483050269405009,13.77616024017334,4600,0.0,0.0
2024-05-01 00:00:00-04:00,13.727307319641113,13.727307319641113,13.727307319641113,13.727307319641113,600,0.0,0.0
2024-05-02 00:00:00-04:00,13.668685514713006,13.668685514713006,13.180169226709502,13.346264839172363,5800,0.0,0.0
2024-05-03 00:00:00-04:00,13.346265444096197,13.717537951619411,13.336494894268263,13.483050346374512,3200,0.0,0.0
2024-05-06 00:00:00-04:00,13.67845621395326,14.479622636889552,13.453739166259766,13.453739166259766,13100,0.0,0.0
2024-05-07 00:00:00-04:00,13.395116262750555,14.2353639181163,13.395116262750555,13.658914566040039,3200,0.0,0.0
2024-05-08 00:00:00-04:00,13.658914566040039,13.658914566040039,13.658914566040039,13.658914566040039,0,0.0,0.0
2024-05-09 00:00:00-04:00,13.688226699829102,13.688226699829102,13.688226699829102,13.688226699829102,100,0.0,0.0
2024-05-10 00:00:00-04:00,13.688226699829102,13.688226699829102,13.688226699829102,13.688226699829102,300,0.0,0.0
2024-05-13 00:00:00-04:00,13.580752693965032,14.196283340454102,13.580752693965032,14.196283340454102,700,0.0,0.0
2024-05-14 00:00:00-04:00,13.893403516960813,14.19628309428165,13.580752458466266,13.922714233398438,22800,0.0,0.0
2024-05-15 00:00:00-04:00,13.717537359163256,13.9129436884278,13.717537359163256,13.864091873168945,2800,0.0,0.0
2024-05-16 00:00:00-04:00,13.854321947248215,13.854321947248215,13.825010299682617,13.825010299682617,600,0.0,0.0
2024-05-17 00:00:00-04:00,14.655489007133639,14.889976607622762,14.166972706895852,14.479622840881348,4100,0.0,0.0
2024-05-20 00:00:00-04:00,14.479622840881348,14.479622840881348,14.479622840881348,14.479622840881348,0,0.0,0.0
2024-05-21 00:00:00-04:00,14.67503028708105,14.850895523727804,14.430772133954703,14.469853401184082,1500,0.0,0.0
2024-05-22 00:00:00-04:00,14.802043490566403,15.134234723049971,14.596866607666016,14.596866607666016,600,0.0,0.0
2024-05-23 00:00:00-04:00,14.655489921569824,14.655489921569824,14.460083575636418,14.655489921569824,1400,0.0,0.0
2024-05-24 00:00:00-04:00,14.411230701599486,14.48939323425293,14.411230701599486,14.48939323425293,1400,0.0,0.0
2024-05-28 00:00:00-04:00,14.411231464315106,14.655489624727227,14.411231464315106,14.557785987854004,2200,0.0,0.0
2024-05-29 00:00:00-04:00,14.557785987854004,14.557785987854004,14.557785987854004,14.557785987854004,100,0.0,0.0
2024-05-30 00:00:00-04:00,14.655488196917393,14.655488196917393,14.528473854064941,14.528473854064941,2000,0.0,0.0
2024-05-31 00:00:00-04:00,14.440541574133162,15.124464208111885,14.440541574133162,14.479622840881348,1400,0.0,0.0
2024-06-03 00:00:00-04:00,14.421001449430207,15.085382986120544,14.421001449430207,14.938828468322754,8900,0.0,0.0
2024-06-04 00:00:00-04:00,14.567556109942617,14.694570461438115,14.41123104095459,14.41123104095459,6900,0.0,0.0
2024-06-05 00:00:00-04:00,14.559189746727359,14.618372917175293,14.549325571419526,14.618372917175293,3100,0.14,0.0
2024-06-06 00:00:00-04:00,14.647965261220804,14.884699821472168,14.549325390766308,14.884699821472168,4900,0.0,0.0
2024-06-07 00:00:00-04:00,14.559189736073902,15.081978797912598,14.559189736073902,15.081978797912598,800,0.0,0.0
2024-06-10 00:00:00-04:00,14.559189746727359,14.835380070449963,14.559189746727359,14.618372917175293,1600,0.0,0.0
2024-06-11 00:00:00-04:00,14.549325227272597,14.845243894611263,14.549325227272597,14.657828330993652,4800,0.0,0.0
2024-06-12 00:00:00-04:00,14.569053649902344,14.569053649902344,14.569053649902344,14.569053649902344,500,0.0,0.0
2024-06-13 00:00:00-04:00,14.569054332578125,14.845244664083525,14.322455587130557,14.490141868591309,86500,0.0,0.0
2024-06-14 00:00:00-04:00,14.352046012878418,14.352046012878418,14.352046012878418,14.352046012878418,1300,0.0,0.0
2024-06-17 00:00:00-04:00,14.509870092927626,15.111570687908198,14.34218287223312,14.667693138122559,4400,0.0,0.0
2024-06-18 00:00:00-04:00,14.68742182048881,14.697285055511356,13.8193941116333,13.8193941116333,41500,0.0,0.0
2024-06-20 00:00:00-04:00,13.977217321363852,14.075857198321934,13.513611404780198,13.612251281738281,47400,0.0,0.0
2024-06-21 00:00:00-04:00,13.661570382178414,14.332318305969238,13.562930511271176,14.332318305969238,40600,0.0,0.0
2024-06-24 00:00:00-04:00,14.33231825102888,14.33231825102888,13.81939337009622,13.957488059997559,37900,0.0,0.0
2024-06-25 00:00:00-04:00,14.21395097081365,14.233679321199283,13.809529194903403,13.957488059997559,29500,0.0,0.0
2024-06-26 00:00:00-04:00,13.829257545289035,14.154767801055797,13.829257545289035,13.957488059997559,1000,0.0,0.0
2024-06-27 00:00:00-04:00,14.164631224737334,14.391502553704681,14.115312229513576,14.154767990112305,6700,0.0,0.0
2024-06-28 00:00:00-04:00,14.391502640011433,14.539461507969103,14.28299859218957,14.470414161682129,9400,0.0,0.0
2024-07-01 00:00:00-04:00,14.500006044177105,14.736740614038876,14.164631599856483,14.490141868591309,11500,0.0,0.0
2024-07-02 00:00:00-04:00,14.717013229716597,14.934020389491922,14.460550308227539,14.460550308227539,8500,0.0,0.0
2024-07-03 00:00:00-04:00,14.51973354972955,14.815652215172447,14.51973354972955,14.805788040161133,1200,0.0,0.0
2024-07-05 00:00:00-04:00,14.490140880539263,15.032658271670712,14.490140880539263,14.549324989318848,4400,0.0,0.0
2024-07-08 00:00:00-04:00,14.549324989318848,14.549324989318848,14.549324989318848,14.549324989318848,0,0.0,0.0
2024-07-09 00:00:00-04:00,14.49014085700716,15.032658247257558,14.421093514126026,14.578916549682617,3500,0.0,0.0
2024-07-10 00:00:00-04:00,14.51973394984506,14.795924272876213,14.490141423995645,14.677556991577148,3400,0.0,0.0
2024-07-11 00:00:00-04:00,14.677556870277371,15.269393271881587,14.677556870277371,14.855108261108398,17800,0.0,0.0
2024-07-12 00:00:00-04:00,14.855108980976729,15.160890901448672,14.855108980976729,15.151026725769043,5700,0.0,0.0
2024-07-15 00:00:00-04:00,15.180619285059828,16.423476261646936,15.180619285059828,15.959871292114258,15900,0.0,0.0
2024-07-16 00:00:00-04:00,15.97959888879424,16.40374713549193,15.506128825223534,16.1275577545166,7100,0.0,0.0
2024-07-17 00:00:00-04:00,14.924156076088664,16.374156951904297,14.924156076088664,16.374156951904297,7500,0.0,0.0
2024-07-18 00:00:00-04:00,16.571434628405253,16.808171075193087,16.571434628405253,16.640483856201172,4300,0.0,0.0
2024-07-19 00:00:00-04:00,16.78844204939935,16.985719905258694,16.64048318715509,16.66020965576172,3200,0.0,0.0
2024-07-22 00:00:00-04:00,16.3544272256853,16.748984806002404,16.3544272256853,16.531978607177734,2100,0.0,0.0
2024-07-23 00:00:00-04:00,16.522117288368868,16.946267466049385,16.522117288368868,16.906810760498047,1300,0.0,0.0
2024-07-24 00:00:00-04:00,16.808170839842944,17.16327174225436,16.768714138797755,16.965993881225586,5700,0.0,0.0
2024-07-25 00:00:00-04:00,16.985720435872032,16.985720435872032,16.81803321838379,16.81803321838379,1600,0.0,0.0
2024-07-26 00:00:00-04:00,17.36055215539807,17.991844345318288,17.36055215539807,17.78470230102539,3000,0.0,0.0
2024-07-29 00:00:00-04:00,16.985719922255353,17.557828903198242,16.768713716173224,17.557828903198242,2500,0.0,0.0
2024-07-30 00:00:00-04:00,17.557830020659974,19.984362667645964,17.31123127384509,19.461572647094727,25200,0.0,0.0
2024-07-31 00:00:00-04:00,18.98810317187244,19.234701914364287,18.26803529533202,19.067014694213867,4500,0.0,0.0
2024-08-01 00:00:00-04:00,19.086743488286714,19.0966076639833,18.475177764892578,18.475177764892578,2600,0.0,0.0
2024-08-02 00:00:00-04:00,18.4949059871785,18.731640558046493,17.873477973824922,18.652729034423828,2400,0.0,0.0
2024-08-05 00:00:00-04:00,17.63674042731145,18.494904839688566,17.63674042731145,18.48504066467285,3500,0.0,0.0
2024-08-06 00:00:00-04:00,18.001708799747473,18.248307550428947,17.56769447175632,18.23844337463379,2200,0.0,0.0
2024-08-07 00:00:00-04:00,17.646606621155108,18.22857984386882,17.646606621155108,18.21871566772461,2200,0.0,0.0
2024-08-08 00:00:00-04:00,17.893204054302938,18.494905584706427,17.567693791268066,18.346946716308594,2300,0.0,0.0
2024-08-09 00:00:00-04:00,18.189123925452822,18.26803544845569,17.725517081586744,17.991844177246094,2400,0.0,0.0
2024-08-12 00:00:00-04:00,17.78470214737622,18.662593076574456,17.78470214737622,17.962251663208008,6900,0.0,0.0
2024-08-13 00:00:00-04:00,18.139803060438915,18.139803060438915,17.962251663208008,17.962251663208008,900,0.0,0.0
2024-08-14 00:00:00-04:00,17.962251663208008,17.962251663208008,17.962251663208008,17.962251663208008,400,0.0,0.0
2024-08-15 00:00:00-04:00,18.238442870098787,18.248307045621072,18.001708301761326,18.051027297973633,2300,0.0,0.0
2024-08-16 00:00:00-04:00,17.96225037762165,18.001707077026367,17.96225037762165,18.001707077026367,700,0.0,0.0
2024-08-19 00:00:00-04:00,18.149667275045942,18.613274120235026,17.804428655398507,17.932661056518555,9700,0.0,0.0
2024-08-20 00:00:00-04:00,17.824158360590054,17.824158360590054,17.80443000793457,17.80443000793457,800,0.0,0.0
2024-08-21 00:00:00-04:00,18.23844142098045,18.297624588012695,17.9523878791588,18.297624588012695,4600,0.0,0.0
2024-08-22 00:00:00-04:00,18.741503336212332,18.84014320373535,18.741503336212332,18.84014320373535,1500,0.0,0.0
2024-08-23 00:00:00-04:00,19.086742293229737,19.23470115661621,19.037421417834896,19.23470115661621,800,0.0,0.0
2024-08-26 00:00:00-04:00,19.244565633112977,19.68844223022461,19.244565633112977,19.68844223022461,1100,0.0,0.0
2024-08-27 00:00:00-04:00,18.840144083555206,18.840144083555206,18.32721825360146,18.494905471801758,1900,0.0,0.0
2024-08-28 00:00:00-04:00,18.494905471801758,18.494905471801758,18.494905471801758,18.494905471801758,300,0.0,0.0
2024-08-29 00:00:00-04:00,18.494905471801758,18.494905471801758,18.494905471801758,18.494905471801758,0,0.0,0.0
2024-08-30 00:00:00-04:00,18.49490636354917,19.36293314106278,18.49490636354917,18.98810386657715,2300,0.0,0.0
2024-09-03 00:00:00-04:00,18.938783904657654,18.958510373911132,18.554088592529297,18.554088592529297,4800,0.0,0.0
2024-09-04 00:00:00-04:00,18.444770255940405,18.58390235900879,18.444770255940405,18.58390235900879,400,0.14,0.0
2024-09-05 00:00:00-04:00,18.236075875774986,18.28576469658219,17.888248443603516,17.888248443603516,10000,0.0,0.0
2024-09-06 00:00:00-04:00,17.888248443603516,17.888248443603516,17.888248443603516,17.888248443603516,600,0.0,0.0
2024-09-09 00:00:00-04:00,17.540421198470742,17.898186777720017,17.301911444140238,17.709365844726562,11700,0.0,0.0
2024-09-10 00:00:00-04:00,17.639799793320897,17.937936496413688,17.4907314417745,17.808744430541992,2500,0.0,0.0
2024-09-11 00:00:00-04:00,17.68948918267905,17.977689647739023,17.669614791870117,17.669614791870117,2100,0.0,0.0
2024-09-12 00:00:00-04:00,17.500670807602248,17.500670807602248,17.411229411322637,17.441041946411133,1500,0.0,0.0
2024-09-13 00:00:00-04:00,17.500670710925803,17.53048324584961,17.500670710925803,17.53048324584961,1200,0.0,0.0
2024-09-16 00:00:00-04:00,17.460917275153484,17.78886841167717,16.983897784847574,17.14290428161621,2800,0.0,0.0
2024-09-17 00:00:00-04:00,17.142905235688797,17.59011221743133,17.01371316068932,17.04352569580078,18800,0.0,0.0
2024-09-18 00:00:00-04:00,17.04352569580078,17.17271966630732,16.914333620801308,17.04352569580078,4600,0.0,0.0
2024-09-19 00:00:00-04:00,17.103151808286036,17.450979232788086,17.103151808286036,17.450979232788086,400,0.0,0.0
2024-09-20 00:00:00-04:00,17.142905034045047,17.619924545288086,17.103152460354604,17.619924545288086,9500,0.0,0.0
2024-09-23 00:00:00-04:00,17.391353607177734,17.391353607177734,17.391353607177734,17.391353607177734,800,0.0,0.0
2024-09-24 00:00:00-04:00,17.63980008478034,18.136695861816406,17.63980008478034,18.136695861816406,1800,0.0,0.0
2024-09-25 00:00:00-04:00,18.096942901611328,18.096942901611328,18.096942901611328,18.096942901611328,700,0.0,0.0
2024-09-26 00:00:00-04:00,18.305640033557555,18.385143280029297,18.226136787085814,18.385143280029297,1400,0.0,0.0
2024-09-27 00:00:00-04:00,18.554088786204655,18.673344609260738,17.88824835495012,18.573965072631836,3200,0.0,0.0
2024-09-30 00:00:00-04:00,18.69321834817933,19.20005226135254,18.45470860589316,19.20005226135254,2800,0.0,0.0
2024-10-01 00:00:00-04:00,19.22986745597518,19.37893581390381,18.703157236086554,18.88204002380371,1900,0.0,0.0
2024-10-02 00:00:00-04:00,18.88204002380371,18.88204002380371,18.88204002380371,18.88204002380371,600,0.0,0.0
2024-10-03 00:00:00-04:00,18.72303400173822,19.080799586327824,18.63359260559082,18.63359260559082,1900,0.0,0.0
2024-10-04 00:00:00-04:00,18.63359260559082,18.63359260559082,18.63359260559082,18.63359260559082,300,0.0,0.0
2024-10-07 00:00:00-04:00,18.802537622707614,19.07086181640625,18.802537622707614,19.07086181640625,600,0.0,0.0
2024-10-08 00:00:00-04:00,19.06092203857721,19.06092203857721,18.802536010742188,18.802536010742188,800,0.0,0.0
2024-10-09 00:00:00-04:00,18.802536010742188,18.802536010742188,18.802536010742188,18.802536010742188,0,0.0,0.0
2024-10-10 00:00:00-04:00,18.822412600012143,19.329246520996094,18.822412600012143,19.329246520996094,800,0.0,0.0
2024-10-11 00:00:00-04:00,18.802536304545168,19.309370225275014,18.802536304545168,19.1304874420166,1500,0.0,0.0
2024-10-14 00:00:00-04:00,18.92179193319748,18.92179193319748,18.901915647368927,18.911853790283203,1100,0.0,0.0
2024-10-15 00:00:00-04:00,18.901917070397516,18.961544036865234,18.6832817008374,18.961544036865234,4100,0.0,0.0
2024-10-16 00:00:00-04:00,18.911854552333892,18.991357803344727,18.882040122389697,18.991357803344727,3100,0.0,0.0
2024-10-17 00:00:00-04:00,19.080799573754238,19.080799573754238,18.991358177665777,19.031108856201172,2400,0.0,0.0
2024-10-18 00:00:00-04:00,19.080798622447915,19.180176261585288,18.99135723081871,19.1304874420166,2700,0.0,0.0
2024-10-21 00:00:00-04:00,19.180177688598633,19.378936772675065,19.130488865333078,19.180177688598633,8800,0.0,0.0
2024-10-22 00:00:00-04:00,19.08079844000163,19.528003498364622,19.08079844000163,19.508127212524414,2500,0.0,0.0
2024-10-23 00:00:00-04:00,19.418688189392277,19.468377009693956,19.1404258673847,19.259679794311523,5800,0.0,0.0
2024-10-24 00:00:00-04:00,19.468376264123386,19.726762289912216,19.150363277154646,19.577693939208984,7200,0.0,0.0
2024-10-25 00:00:00-04:00,19.875831884996163,20.20378303527832,19.776452346469775,20.20378303527832,4700,0.0,0.0
2024-10-28 00:00:00-04:00,20.521794882674506,20.521794882674506,20.28328514099121,20.28328514099121,500,0.0,0.0
2024-10-29 00:00:00-04:00,20.869622393775135,20.869622393775135,20.193843841552734,20.193843841552734,1200,0.0,0.0
2024-10-30 00:00:00-04:00,19.47831535102523,20.273347856982582,19.47831535102523,19.875831604003906,2900,0.0,0.0
2024-10-31 00:00:00-04:00,19.696949005126953,19.696949005126953,19.696949005126953,19.696949005126953,400,0.0,0.0
2024-11-01 00:00:00-04:00,19.7168244228327,20.144155090862434,19.35905885973675,19.508127212524414,2100,0.0,0.0
2024-11-04 00:00:00-05:00,19.93545866320541,20.849746997172826,19.498191730595746,19.78639030456543,27400,0.0,0.0
2024-11-05 00:00:00-05:00,19.79632911266195,20.164032845461747,19.756576538085938,19.756576538085938,1200,0.0,0.0
2024-11-06 00:00:00-05:00,19.905646517297363,20.551610681016452,19.528004646164504,19.826143264770508,11900,0.0,0.0
2024-11-07 00:00:00-05:00,19.875831416848108,20.074590489219386,19.677072344476827,20.05471420288086,6600,0.0,0.0
2024-11-08 00:00:00-05:00,19.88576927608099,20.66092737265259,19.875831133053627,20.124279022216797,109900,0.0,0.0
2024-11-11 00:00:00-05:00,20.183906929849904,20.869623666786286,20.183906929849904,20.62117576599121,137700,0.0,0.0
2024-11-12 00:00:00-05:00,20.78018207806727,20.859685329763806,20.46216907128113,20.800058364868164,8000,0.0,0.0
2024-11-13 00:00:00-05:00,20.62117528442879,21.754097079035166,20.37272738943567,20.67086410522461,21800,0.0,0.0
2024-11-14 00:00:00-05:00,20.909375957191777,21.664655897319772,20.49198341369629,20.49198341369629,10000,0.0,0.0
2024-11-15 00:00:00-05:00,20.621175668847304,20.85968542502614,20.183906834765917,20.511857986450195,8200,0.0,0.0
2024-11-18 00:00:00-05:00,20.79011993601348,20.829870613562438,20.432354360537776,20.47210693359375,14900,0.0,0.0
2024-11-19 00:00:00-05:00,20.650990690318253,20.650990690318253,20.173969268798828,20.173969268798828,26000,0.0,0.0
2024-11-20 00:00:00-05:00,20.3329750126357,20.352851299348668,20.293224334716797,20.293224334716797,1600,0.0,0.0
2024-11-21 00:00:00-05:00,20.392603496490956,20.859684852584927,20.392603496490956,20.650989532470703,9900,0.0,0.0
2024-11-22 00:00:00-05:00,20.978940397335332,21.515586853027344,20.978940397335332,21.515586853027344,4500,0.0,0.0
2024-11-25 00:00:00-05:00,21.446022411663073,22.37024889257902,21.446022411663073,21.684532165527344,8500,0.0,0.0
2024-11-26 00:00:00-05:00,21.863415150855346,22.05223608517289,21.41620817365776,21.903167724609375,3800,0.0,0.0
2024-11-27 00:00:00-05:00,21.764035231955514,22.380186845835006,21.764035231955514,22.06217384338379,3000,0.0,0.0
2024-11-29 00:00:00-05:00,22.698199072514893,22.708137215440207,22.380186080932617,22.380186080932617,1000,0.0,0.0
2024-12-02 00:00:00-05:00,21.287016263705404,22.53919391398302,21.277078120190453,22.519317626953125,8500,0.0,0.0
2024-12-03 00:00:00-05:00,22.111863125274155,23.284537517895664,22.111863125274155,22.40999984741211,3500,0.0,0.0
2024-12-04 00:00:00-05:00,22.68000030517578,22.979999542236328,22.40999984741211,22.40999984741211,10900,0.14,0.0
2024-12-05 00:00:00-05:00,22.459999084472656,22.81999969482422,21.899999618530273,22.790000915527344,10100,0.0,0.0
2024-12-06 00:00:00-05:00,22.989999771118164,23.229999542236328,22.8799991607666,22.979999542236328,1200,0.0,0.0
2024-12-09 00:00:00-05:00,23.06999969482422,23.329999923706055,22.700000762939453,23.329999923706055,4200,0.0,0.0
2024-12-10 00:00:00-05:00,23.450000762939453,24.75,23.049999237060547,23.940000534057617,6300,0.0,0.0
2024-12-11 00:00:00-05:00,23.920000076293945,24.3700008392334,23.920000076293945,24.0,1700,0.0,0.0
2024-12-12 00:00:00-05:00,24.25,24.469999313354492,24.25,24.469999313354492,700,0.0,0.0
2024-12-13 00:00:00-05:00,24.139999389648438,25.0,24.139999389648438,24.639999389648438,4200,0.0,0.0
2024-12-16 00:00:00-05:00,24.309999465942383,24.75,24.25,24.31999969482422,5500,0.0,0.0
2024-12-17 00:00:00-05:00,24.219999313354492,25.5,24.020000457763672,25.18000030517578,5600,0.0,0.0
2024-12-18 00:00:00-05:00,24.829999923706055,25.469999313354492,23.360000610351562,23.360000610351562,3800,0.0,0.0
2024-12-19 00:00:00-05:00,23.200000762939453,25.200000762939453,23.200000762939453,24.850000381469727,7500,0.0,0.0
2024-12-20 00:00:00-05:00,24.0,25.020000457763672,23.43000030517578,24.8799991607666,10000,0.0,0.0
2024-12-23 00:00:00-05:00,24.520000457763672,24.8700008392334,24.25,24.649999618530273,4700,0.0,0.0
2024-12-24 00:00:00-05:00,24.510000228881836,24.84000015258789,24.510000228881836,24.81999969482422,1400,0.0,0.0
2024-12-26 00:00:00-05:00,24.81999969482422,25.239999771118164,24.670000076293945,25.040000915527344,8400,0.0,0.0
2024-12-27 00:00:00-05:00,25.200000762939453,25.729999542236328,25.149999618530273,25.149999618530273,3700,0.0,0.0
2024-12-30 00:00:00-05:00,24.760000228881836,25.739999771118164,24.5,25.690000534057617,7400,0.0,0.0
2024-12-31 00:00:00-05:00,25.799999237060547,28.0,25.700000762939453,26.059999465942383,5200,0.0,0.0
2025-01-02 00:00:00-05:00,26.0,26.0,25.5049991607666,25.889999389648438,5391,0.0,0.0
