Date,Open,High,Low,Close,Volume,Dividends,Stock Splits
2022-01-03 00:00:00-05:00,91.30185625225354,92.29250847555355,89.77777870385931,90.46361541748047,322000,0.0,0.0
2022-01-04 00:00:00-05:00,90.49219222076397,91.33043306929073,87.98698993659154,89.44438934326172,283500,0.0,0.0
2022-01-05 00:00:00-05:00,88.79665630651832,90.8732142909845,86.00568627144277,86.80582427978516,377500,0.0,0.0
2022-01-06 00:00:00-05:00,85.81517309096978,88.77760234548283,85.19602178669317,87.64407348632812,548900,0.0,0.0
2022-01-07 00:00:00-05:00,86.04378856107402,88.7109225056122,84.07201160488547,87.68217468261719,607700,0.0,0.0
2022-01-10 00:00:00-05:00,87.0630165898679,88.24417581068256,85.28174659609581,86.51053619384766,867100,0.0,0.0
2022-01-11 00:00:00-05:00,86.51053026781788,87.4249767568447,84.41492463888657,86.81534576416016,594400,0.0,0.0
2022-01-12 00:00:00-05:00,87.24400158950057,89.32055970386294,86.25335654597735,88.01557159423828,420500,0.0,0.0
2022-01-13 00:00:00-05:00,88.19653590681875,89.93018260376158,86.02472467278517,86.2057113647461,490500,0.0,0.0
2022-01-14 00:00:00-05:00,85.53894605668282,88.06319636022977,84.77690356710683,87.63455200195312,379500,0.0,0.0
2022-01-18 00:00:00-05:00,86.15808797981335,88.58709179070195,85.44367594924317,85.66276550292969,569000,0.0,0.0
2022-01-19 00:00:00-05:00,87.15827134595878,87.84410808654309,82.96705247256877,83.13851165771484,563800,0.0,0.0
2022-01-20 00:00:00-05:00,83.62430839726255,84.9197760960263,80.3189609864775,80.60472869873047,368500,0.0,0.0
2022-01-21 00:00:00-05:00,81.01431860896236,83.82433605851988,80.0236664925495,82.47171783447266,558400,0.0,0.0
2022-01-24 00:00:00-05:00,82.56698667898075,83.23376838753352,78.94729585929996,83.10993957519531,451200,0.0,0.0
2022-01-25 00:00:00-05:00,82.36693094503555,82.36693094503555,79.46165296192231,79.5473861694336,408800,0.0,0.0
2022-01-26 00:00:00-05:00,81.11911737802328,85.11029476591382,81.11911737802328,82.14786529541016,771600,0.0,0.0
2022-01-27 00:00:00-05:00,79.69028750062361,80.68093249635385,75.2609312699896,75.29903411865234,1262800,0.0,0.0
2022-01-28 00:00:00-05:00,74.72748341850769,75.8991221570102,73.27008427436654,74.95610046386719,859600,0.0,0.0
2022-01-31 00:00:00-05:00,75.91819318934915,76.93742087635852,74.44174580637122,75.25141143798828,773500,0.0,0.0
2022-02-01 00:00:00-05:00,76.42303681935618,76.50876277169877,74.58461630069282,75.89913177490234,565800,0.0,0.0
2022-02-02 00:00:00-05:00,78.15667711683025,79.16637710281782,75.81339931926979,76.73737335205078,499000,0.0,0.0
2022-02-03 00:00:00-05:00,75.96581567066772,76.28015872106124,73.57491460967881,73.58444213867188,276100,0.0,0.0
2022-02-04 00:00:00-05:00,72.98433063918988,75.01325805019754,72.5556790899069,74.41315460205078,347600,0.0,0.0
2022-02-07 00:00:00-05:00,74.88944085950489,75.82293525681074,74.7370294581791,74.87991333007812,377500,0.0,0.0
2022-02-08 00:00:00-05:00,74.56555891410666,77.59466601426126,74.56555891410666,77.4994125366211,442900,0.0,0.0
2022-02-09 00:00:00-05:00,78.83299644946591,80.17608742785666,78.118584344452,79.64266204833984,518900,0.0,0.0
2022-02-10 00:00:00-05:00,78.37576141306185,79.06159812584922,76.20395000081852,76.35636138916016,817000,0.0,0.0
2022-02-11 00:00:00-05:00,76.67265176693435,77.39154775844489,71.62121248430174,72.3592758178711,699500,0.5,0.0
2022-02-14 00:00:00-05:00,72.36888100995506,74.53515684676444,71.43910746133817,71.83210754394531,389700,0.0,0.0
2022-02-15 00:00:00-05:00,73.19321144536134,74.54473235859753,72.80021138650493,74.3338623046875,368100,0.0,0.0
2022-02-16 00:00:00-05:00,73.63413736903759,76.16465127796496,73.63413736903759,75.71414184570312,335400,0.0,0.0
2022-02-17 00:00:00-05:00,75.62788352053005,76.33719240727636,73.7779236288747,73.91211700439453,224800,0.0,0.0
2022-02-18 00:00:00-05:00,74.12299078987444,74.19967480443576,72.47432104175668,72.69477844238281,218400,0.0,0.0
2022-02-22 00:00:00-05:00,72.36887731976303,74.5543203919239,71.23781377906703,72.16758728027344,449600,0.0,0.0
2022-02-23 00:00:00-05:00,73.05902453708207,73.85460474135496,70.25053646621923,70.499755859375,542900,0.0,0.0
2022-02-24 00:00:00-05:00,67.65291796687723,70.35596703277594,66.33014445159338,70.09716033935547,570300,0.0,0.0
2022-02-25 00:00:00-05:00,70.59561165574988,71.0077791225133,68.68814236211949,70.86399841308594,270900,0.0,0.0
2022-02-28 00:00:00-05:00,70.37513359195954,70.97901099453716,68.53476133636616,69.53163146972656,271500,0.0,0.0
2022-03-01 00:00:00-05:00,69.63708420360108,69.69459356288603,67.45164079488418,68.16094970703125,340800,0.0,0.0
2022-03-02 00:00:00-05:00,68.24720611633245,70.36555991105823,68.24720611633245,69.84795379638672,444400,0.0,0.0
2022-03-03 00:00:00-05:00,70.37514493241949,70.41348694137989,67.7679468270359,68.28555297851562,252500,0.0,0.0
2022-03-04 00:00:00-05:00,67.97881785444875,68.11301121674938,64.76774986284413,66.52185821533203,679500,0.0,0.0
2022-03-07 00:00:00-05:00,66.4835148954358,67.48997240578039,65.19908333639614,65.41954803466797,468600,0.0,0.0
2022-03-08 00:00:00-05:00,65.66876949078033,68.17052869538752,65.40038276297402,67.2215805053711,440100,0.0,0.0
2022-03-09 00:00:00-05:00,68.44850097050225,68.72646770778493,67.48997278873125,67.77752685546875,252500,0.0,0.0
2022-03-10 00:00:00-05:00,67.49955018381426,68.04591093368593,66.28222265795614,67.12572479248047,233600,0.0,0.0
2022-03-11 00:00:00-05:00,67.42286847546245,68.38139665268307,65.52498677983985,65.55374145507812,343800,0.0,0.0
2022-03-14 00:00:00-04:00,65.3812043717281,65.89881045137766,61.738801781845616,62.22764587402344,503400,0.0,0.0
2022-03-15 00:00:00-04:00,62.26599265807568,63.8379783630371,61.86341255843703,63.83797836303711,434400,0.0,0.0
2022-03-16 00:00:00-04:00,65.10323892911717,67.27910221687138,64.56646543324389,66.43559265136719,518500,0.0,0.0
2022-03-17 00:00:00-04:00,65.70711388692335,66.34932605367818,63.9625927797297,65.7837905883789,884700,0.0,0.0
2022-03-18 00:00:00-04:00,66.83818317361775,68.68814312933672,64.9402938765574,67.89256286621094,496700,0.0,0.0
2022-03-21 00:00:00-04:00,67.99800282798452,68.390995644908,66.19596486719227,67.03947448730469,417000,0.0,0.0
2022-03-22 00:00:00-04:00,67.81586459608174,70.39430758307164,67.81586459608174,68.86065673828125,329600,0.0,0.0
2022-03-23 00:00:00-04:00,67.09697696459692,67.86380248367408,65.72628128551483,65.91798400878906,429800,0.0,0.0
2022-03-24 00:00:00-04:00,66.88610321086595,67.52831541297425,65.2757753838094,67.26951599121094,404500,0.0,0.0
2022-03-25 00:00:00-04:00,67.35577170611165,67.35577170611165,65.75503140739693,66.46434020996094,307000,0.0,0.0
2022-03-28 00:00:00-04:00,66.68480735500752,70.20260413469552,66.56020132023845,68.40057373046875,625300,0.0,0.0
2022-03-29 00:00:00-04:00,69.72334148395032,70.73938638176958,67.6049949707364,68.21845245361328,557500,0.0,0.0
2022-03-30 00:00:00-04:00,68.27596010473222,69.68499027550826,66.16719388693123,66.20553588867188,347400,0.0,0.0
2022-03-31 00:00:00-04:00,66.61770676064607,66.80940946641617,63.99134166405045,64.0488510131836,310600,0.0,0.0
2022-04-01 00:00:00-04:00,64.23097194833218,65.12240340049429,62.33308303589408,63.18617248535156,521400,0.0,0.0
2022-04-04 00:00:00-04:00,62.8698633679488,65.98508012895044,62.8698633679488,65.75503540039062,473600,0.0,0.0
2022-04-05 00:00:00-04:00,65.47705502179805,67.81586602778937,64.18304349305295,66.72314453125,927600,0.0,0.0
2022-04-06 00:00:00-04:00,65.65917960661105,67.624165279158,65.03613483387741,66.56977844238281,668700,0.0,0.0
2022-04-07 00:00:00-04:00,67.09695896477282,69.01401493519491,66.97235295937114,68.61143493652344,938300,0.0,0.0
2022-04-08 00:00:00-04:00,68.95651828732974,69.78085309136485,65.08406363681327,69.00444030761719,1083600,0.0,0.0
2022-04-11 00:00:00-04:00,68.0459100272021,68.8127354578193,65.75502837729455,67.33660125732422,955600,0.0,0.0
2022-04-12 00:00:00-04:00,68.46767357379427,74.34344914655267,67.48997797102977,71.17072296142578,1575600,0.0,0.0
2022-04-13 00:00:00-04:00,72.24426797610577,76.15505719866636,72.22509331818259,73.54786682128906,1037100,0.0,0.0
2022-04-14 00:00:00-04:00,73.80667570513396,74.76520396104479,71.44869707315213,73.1261215209961,680000,0.0,0.0
2022-04-18 00:00:00-04:00,72.80022133393675,75.50327084274372,72.80022133393675,74.98567199707031,575500,0.0,0.0
2022-04-19 00:00:00-04:00,75.24446083100133,76.6822530761797,73.04943045913694,73.2890625,827600,0.0,0.0
2022-04-20 00:00:00-04:00,73.34658170677761,76.19341190489773,71.7937705536143,73.00151824951172,704800,0.0,0.0
2022-04-21 00:00:00-04:00,73.95045604237889,74.96649364848992,72.02381220983743,73.49994659423828,646000,0.0,0.0
2022-04-22 00:00:00-04:00,73.64371703191925,75.60869528524827,72.88647894144016,73.89292907714844,863800,0.0,0.0
2022-04-25 00:00:00-04:00,78.40761385586914,84.75306619708422,78.1200524553772,83.41112518310547,3356700,0.0,0.0
2022-04-26 00:00:00-04:00,82.44300422160514,83.3727776519874,80.18087731252736,80.4205093383789,886000,0.0,0.0
2022-04-27 00:00:00-04:00,79.9795938963425,80.78475405949187,76.34677120672784,77.39156341552734,875700,0.0,0.0
2022-04-28 00:00:00-04:00,78.61846971016884,80.08502381186591,76.92187823046434,79.7974624633789,667500,0.0,0.0
2022-04-29 00:00:00-04:00,78.60890525661507,78.81978264552019,68.72647384695004,72.78105163574219,2029700,0.0,0.0
2022-05-02 00:00:00-04:00,72.4263875990182,76.58640374078846,72.4263875990182,76.2413330078125,1034000,0.0,0.0
2022-05-03 00:00:00-04:00,76.24133462263426,80.29590485149457,76.08796659895667,78.1488037109375,808200,0.0,0.0
2022-05-04 00:00:00-04:00,77.70788297698802,78.4363664762698,74.2859375032298,77.83248901367188,961200,0.0,0.0
2022-05-05 00:00:00-04:00,93.67696392713692,94.55880811341575,89.50736041905571,91.21354675292969,7083400,0.0,0.0
2022-05-06 00:00:00-04:00,90.40838095132031,91.21354845471996,87.87786704861844,88.83639526367188,2873700,0.0,0.0
2022-05-09 00:00:00-04:00,87.70532236273147,89.9099399484111,86.37296887034769,86.92891693115234,1404300,0.0,0.0
2022-05-10 00:00:00-04:00,87.95455314996921,90.08248700800728,86.57427014735208,89.59363555908203,1051400,0.0,0.0
2022-05-11 00:00:00-04:00,88.64922742601293,90.56696254547417,87.09769667726303,87.93610382080078,1104000,0.5,0.0
2022-05-12 00:00:00-04:00,88.12882274779655,89.58398638971515,87.24223599804338,88.51429748535156,866000,0.0,0.0
2022-05-13 00:00:00-04:00,88.8034163090302,89.20816152474684,87.86864234488462,88.60104370117188,961000,0.0,0.0
2022-05-16 00:00:00-04:00,88.20593004866635,89.35271551249576,87.85900347729476,88.6974105834961,1012900,0.0,0.0
2022-05-17 00:00:00-04:00,89.46835043071478,90.72114161106295,88.82268441033955,89.4298095703125,1130600,0.0,0.0
2022-05-18 00:00:00-04:00,89.14070051655246,89.34307311652789,87.70481453444886,88.3697509765625,695500,0.0,0.0
2022-05-19 00:00:00-04:00,87.9360957998356,88.84196039972139,87.41570596707054,87.55062103271484,428500,0.0,0.0
2022-05-20 00:00:00-04:00,88.17701414998618,88.2348327901292,86.4134721024298,86.51947784423828,920600,0.0,0.0
2022-05-23 00:00:00-04:00,86.57730367836874,86.82786339367402,85.363068020554,85.84490966796875,624800,0.0,0.0
2022-05-24 00:00:00-04:00,85.45943227237747,85.48834159396918,83.89826273554661,84.47647857666016,542100,0.0,0.0
2022-05-25 00:00:00-04:00,84.27410487367462,86.4327608420704,84.2259251182203,84.7463150024414,552600,0.0,0.0
2022-05-26 00:00:00-04:00,84.7077651982184,87.17479214175637,84.7077651982184,86.6351318359375,512300,0.0,0.0
2022-05-27 00:00:00-04:00,86.78931015197867,87.43498350987441,86.55802823326715,87.21333312988281,733300,0.0,0.0
2022-05-31 00:00:00-04:00,87.21333746778775,87.40607118424712,86.24965418085087,87.03023529052734,906400,0.0,0.0
2022-06-01 00:00:00-04:00,86.89532453954034,87.30970866762186,86.24001957774446,86.75077056884766,507300,0.0,0.0
2022-06-02 00:00:00-04:00,86.55803216867399,88.6203138057202,86.40384666662939,88.4083023071289,690600,0.0,0.0
2022-06-03 00:00:00-04:00,88.11920173367531,88.65886201931134,87.31934284437908,88.4083023071289,277000,0.0,0.0
2022-06-06 00:00:00-04:00,88.59140756329447,89.09251965275942,87.9842897208488,88.25411987304688,608500,0.0,0.0
2022-06-07 00:00:00-04:00,87.93609450760098,89.81527386026025,87.19406165746155,89.3912582397461,355200,0.0,0.0
2022-06-08 00:00:00-04:00,89.46834579646266,89.62253863936412,88.59139789749862,89.51653289794922,167400,0.0,0.0
2022-06-09 00:00:00-04:00,89.16961335952165,90.47058432635859,88.79377746582031,88.79377746582031,222400,0.0,0.0
2022-06-10 00:00:00-04:00,88.22520703183878,88.79377663668085,87.56026321735169,87.73372650146484,229300,0.0,0.0
2022-06-13 00:00:00-04:00,86.39420556101636,86.71222280075305,85.56543737084667,85.75817108154297,349100,0.0,0.0
2022-06-14 00:00:00-04:00,86.24964934845214,86.3556550922615,84.44755905601255,84.87158203125,390900,0.0,0.0
2022-06-15 00:00:00-04:00,84.81377060967004,85.16069719124695,83.53207003619538,84.29338073730469,553700,0.0,0.0
2022-06-16 00:00:00-04:00,83.62842572954669,83.62842572954669,81.80706509565128,81.96125793457031,681900,0.0,0.0
2022-06-17 00:00:00-04:00,82.39491616499387,82.62619808154439,80.59282587805897,81.15176391601562,683200,0.0,0.0
2022-06-21 00:00:00-04:00,81.80706585079365,82.39491318804005,81.19030919406286,81.25776672363281,323100,0.0,0.0
2022-06-22 00:00:00-04:00,80.66992536752329,81.71070506004308,78.5305473392281,79.42677307128906,535200,0.0,0.0
2022-06-23 00:00:00-04:00,79.44605418351382,80.01462380554226,77.8463363647461,77.8463363647461,446800,0.0,0.0
2022-06-24 00:00:00-04:00,78.37634914636504,79.30148405022399,77.46084577994228,78.74254608154297,362500,0.0,0.0
2022-06-27 00:00:00-04:00,79.52313780032193,81.39268564032264,79.11839260371961,80.40009307861328,377000,0.0,0.0
2022-06-28 00:00:00-04:00,80.40009504900671,80.6892029692763,78.79074576189494,79.28221893310547,279600,0.0,0.0
2022-06-29 00:00:00-04:00,78.66546815209475,81.1903211418579,78.16435605187814,80.97830963134766,159400,0.0,0.0
2022-06-30 00:00:00-04:00,80.0049810385816,80.93012343855145,79.45568187427938,80.66028594970703,234700,0.0,0.0
2022-07-01 00:00:00-04:00,79.38822289464713,79.98570915201535,76.64172712314428,78.97383880615234,405800,0.0,0.0
2022-07-05 00:00:00-04:00,77.79814785429312,80.16880764045789,77.58613637424011,79.97606658935547,255700,0.0,0.0
2022-07-06 00:00:00-04:00,80.01461453652063,80.15916848629237,77.71141228773386,77.92342376708984,230000,0.0,0.0
2022-07-07 00:00:00-04:00,78.73291227459484,79.9375162405606,78.46308216258956,79.13766479492188,288000,0.0,0.0
2022-07-08 00:00:00-04:00,78.99311700548233,80.71811090147436,78.99311700548233,79.45568084716797,151400,0.0,0.0
2022-07-11 00:00:00-04:00,79.45567613297591,79.81224156037293,77.57649685202233,77.63431549072266,304800,0.0,0.0
2022-07-12 00:00:00-04:00,77.48013066608011,81.52759716074428,77.3644860353711,80.07243347167969,597900,0.0,0.0
2022-07-13 00:00:00-04:00,79.38821159290153,80.94938087081627,78.00051292040706,79.7833251953125,268800,0.0,0.0
2022-07-14 00:00:00-04:00,80.19772291011776,83.91754092070495,79.73515170547195,83.29114532470703,510200,0.0,0.0
2022-07-15 00:00:00-04:00,83.77298519628104,83.8404427296719,81.53724035091591,83.07913208007812,585200,0.0,0.0
2022-07-18 00:00:00-04:00,84.21628138784273,84.21628138784273,82.21181839762923,82.73220825195312,364100,0.0,0.0
2022-07-19 00:00:00-04:00,83.24295510315147,83.25259399414062,81.96126198973954,83.25259399414062,308500,0.0,0.0
2022-07-20 00:00:00-04:00,83.08877659358494,84.99686543993771,83.08877659358494,84.29338073730469,373200,0.0,0.0
2022-07-21 00:00:00-04:00,84.98722458729652,85.43051798132952,84.03317291634785,84.12954711914062,221800,0.0,0.0
2022-07-22 00:00:00-04:00,83.87899368475654,83.96572165095802,82.35637233577975,82.6358413696289,195800,0.0,0.0
2022-07-25 00:00:00-04:00,82.68402456731276,83.83080261826454,82.35636844395539,83.30078125,216500,0.0,0.0
2022-07-26 00:00:00-04:00,82.85749236311084,82.85749236311084,81.14212993398687,81.59506225585938,284700,0.0,0.0
2022-07-27 00:00:00-04:00,81.91307602439666,83.70552745264551,81.91307602439666,82.83821105957031,334100,0.0,0.0
2022-07-28 00:00:00-04:00,82.90566540681012,84.79448361674422,82.39491448171562,82.60692596435547,498900,0.0,0.0
2022-07-29 00:00:00-04:00,82.2985501952076,83.44532825163077,81.6721546185249,82.2118148803711,444300,0.0,0.0
2022-08-01 00:00:00-04:00,81.79743584427793,83.53206872493269,81.1806791205607,82.79966735839844,430300,0.0,0.0
2022-08-02 00:00:00-04:00,82.29855449089392,82.98276874496804,81.29632298635268,81.83598327636719,398100,0.0,0.0
2022-08-03 00:00:00-04:00,81.4794262854093,81.49869671646638,79.07984956503559,79.27259063720703,647600,0.0,0.0
2022-08-04 00:00:00-04:00,79.65806830416956,80.50610699537015,76.89229447533071,77.16212463378906,807200,0.0,0.0
2022-08-05 00:00:00-04:00,77.19103120692604,77.76923971906419,76.93083994977592,77.50904846191406,639800,0.0,0.0
2022-08-08 00:00:00-04:00,77.42232059559407,79.85080687363887,76.80556380962224,79.56169891357422,493900,0.0,0.0
2022-08-09 00:00:00-04:00,79.36896051377333,79.36896051377333,76.70919243527634,77.21031188964844,481100,0.0,0.0
2022-08-10 00:00:00-04:00,78.0248897889721,79.29524047622218,76.25027267728468,78.0442886352539,426500,0.5,0.0
2022-08-11 00:00:00-04:00,77.98608948229072,78.92673364690222,77.57880254456961,78.19943237304688,244900,0.0,0.0
2022-08-12 00:00:00-04:00,78.82975995651006,80.79832084569335,78.30610216258839,80.10980987548828,444800,0.0,0.0
2022-08-15 00:00:00-04:00,79.50857757014695,80.97287962049035,79.22735350759812,79.26614379882812,246000,0.0,0.0
2022-08-16 00:00:00-04:00,79.44068770698104,79.58614943353457,78.4903515706807,78.5970230102539,373500,0.0,0.0
2022-08-17 00:00:00-04:00,78.54854492753404,78.54854492753404,77.46243892680737,77.99579620361328,180100,0.0,0.0
2022-08-18 00:00:00-04:00,77.96670565495485,79.25645514891492,77.96670565495485,78.22853088378906,416600,0.0,0.0
2022-08-19 00:00:00-04:00,78.18004455576873,78.82976528159254,77.33637237548828,77.33637237548828,171600,0.0,0.0
2022-08-22 00:00:00-04:00,77.09394719203007,77.16182835902676,76.16300230243596,76.33755493164062,235500,0.0,0.0
2022-08-23 00:00:00-04:00,76.42481535375917,77.45273951662698,76.42481535375917,76.64785766601562,190400,0.0,0.0
2022-08-24 00:00:00-04:00,76.56056969425296,76.97755600971215,76.20177250551416,76.44420623779297,143800,0.0,0.0
2022-08-25 00:00:00-04:00,76.31814604979327,77.54971371571426,76.12420199773062,76.46360778808594,375900,0.0,0.0
2022-08-26 00:00:00-04:00,76.46361146512193,77.04545104778113,75.44539404509125,75.65872955322266,319600,0.0,0.0
2022-08-29 00:00:00-04:00,75.5132679107828,76.17268801368509,74.6889872332867,75.8332748413086,245500,0.0,0.0
2022-08-30 00:00:00-04:00,75.84298311294086,76.24057806480909,74.24291867963996,75.0090103149414,417500,0.0,0.0
2022-08-31 00:00:00-04:00,75.75571017675333,75.75571017675333,74.03927487258237,74.77627563476562,293400,0.0,0.0
2022-09-01 00:00:00-04:00,74.02956451600762,74.69868401695962,66.78565046007431,70.04396057128906,1556200,0.0,0.0
2022-09-02 00:00:00-04:00,70.66459618919001,71.41128892692113,68.75421694524621,69.02574157714844,378200,0.0,0.0
2022-09-06 00:00:00-04:00,68.8705762243693,69.67545804743256,68.85118477976732,69.5396957397461,176100,0.0,0.0
2022-09-07 00:00:00-04:00,69.33605863875846,70.28640227823438,68.85119109583007,70.21852111816406,113500,0.0,0.0
2022-09-08 00:00:00-04:00,69.85971107205921,70.95550897090384,69.5784870310833,70.15062713623047,235200,0.0,0.0
2022-09-09 00:00:00-04:00,70.79065618981818,72.2161678475361,70.36397041512954,71.70220947265625,411700,0.0,0.0
2022-09-12 00:00:00-04:00,71.47917905364007,71.65373168154913,70.89733942677393,71.18826293945312,177900,0.0,0.0
2022-09-13 00:00:00-04:00,70.3251892250182,70.33488864801355,69.4524335162288,69.70455932617188,275600,0.0,0.0
2022-09-14 00:00:00-04:00,70.3154870063369,71.02338941403531,69.49121373504148,69.6851577758789,187700,0.0,0.0
2022-09-15 00:00:00-04:00,69.62698400701122,70.06336184805221,68.09480075428084,68.42450714111328,251700,0.0,0.0
2022-09-16 00:00:00-04:00,68.42450620557322,68.72512911718329,67.02809269423958,67.84266662597656,694300,0.0,0.0
2022-09-19 00:00:00-04:00,67.8814502472573,68.9869475594048,67.8814502472573,68.36631774902344,153600,0.0,0.0
2022-09-20 00:00:00-04:00,67.94933320514605,68.51178129776164,67.60992742459909,67.97842407226562,160000,0.0,0.0
2022-09-21 00:00:00-04:00,67.72629846136483,68.65725070417028,67.59053613397487,67.89115905761719,228800,0.0,0.0
2022-09-22 00:00:00-04:00,67.85236115348935,68.4439001129767,67.542046240192,67.92024230957031,814100,0.0,0.0
2022-09-23 00:00:00-04:00,67.67780633625311,67.76507893471755,66.69837191759272,66.75655364990234,625100,0.0,0.0
2022-09-26 00:00:00-04:00,66.46563956618735,66.59170245610359,64.87527471551448,64.99163818359375,485300,0.0,0.0
2022-09-27 00:00:00-04:00,65.21468141343858,66.10683587423732,64.61344302542663,65.45711517333984,115900,0.0,0.0
2022-09-28 00:00:00-04:00,65.53469637837536,66.271689688604,64.7686048019479,65.80622100830078,158000,0.0,0.0
2022-09-29 00:00:00-04:00,65.17589417279488,65.97107664652793,65.10801301278687,65.7674331665039,545300,0.0,0.0
2022-09-30 00:00:00-04:00,65.94198664323507,66.01956722668864,62.88731960579864,63.21703338623047,590900,0.0,0.0
2022-10-03 00:00:00-04:00,63.21703222915284,65.17589383530613,63.03278019644595,64.0994873046875,206600,0.0,0.0
2022-10-04 00:00:00-04:00,65.36984776608895,67.42568147839738,64.51647612838346,67.10566711425781,353900,0.0,0.0
2022-10-05 00:00:00-04:00,67.91054177912179,68.12388466574818,64.72011269841587,65.87409973144531,440600,0.0,0.0
2022-10-06 00:00:00-04:00,65.83531092983246,67.17354261458543,64.40979924471998,65.28256225585938,403200,0.0,0.0
2022-10-07 00:00:00-04:00,63.55643653843609,64.00251377694126,61.62666214688749,62.42184829711914,340900,0.0,0.0
2022-10-10 00:00:00-04:00,61.95637165375193,62.03395223326604,59.83265322936935,59.978111267089844,278100,0.0,0.0
2022-10-11 00:00:00-04:00,59.37687939772943,59.58052287977397,56.409488676560876,57.8737907409668,492000,0.0,0.0
2022-10-12 00:00:00-04:00,57.81560029016729,57.82529971184976,54.04333169120509,56.487064361572266,856900,0.0,0.0
2022-10-13 00:00:00-04:00,56.12827024258705,58.42654146008277,54.6542724041659,57.54408264160156,367000,0.0,0.0
2022-10-14 00:00:00-04:00,57.57317228590504,58.26168702353036,56.87496552412055,57.5634765625,335900,0.0,0.0
2022-10-17 00:00:00-04:00,57.65074927882007,58.06773564493226,56.09917098421208,56.244632720947266,259000,0.0,0.0
2022-10-18 00:00:00-04:00,57.18527597730776,57.28224800073578,56.32221239136343,56.43857955932617,200300,0.0,0.0
2022-10-19 00:00:00-04:00,56.27372115607311,57.291945870713725,55.7694585095665,56.3125114440918,157100,0.0,0.0
2022-10-20 00:00:00-04:00,56.13796304165797,56.43858224739571,54.12091600417131,54.3051643371582,539500,0.0,0.0
2022-10-21 00:00:00-04:00,54.05303256531764,55.400963674251635,53.616651059018174,54.43122863769531,185000,0.0,0.0
2022-10-24 00:00:00-04:00,54.01424311799477,54.819121287275024,50.49410384463564,50.532894134521484,591600,0.0,0.0
2022-10-25 00:00:00-04:00,50.62016974671062,52.24932490723892,50.25166939631252,51.58990478515625,601900,0.0,0.0
2022-10-26 00:00:00-04:00,52.09416707959543,54.043332865379206,52.02628592332531,52.821468353271484,221300,0.0,0.0
2022-10-27 00:00:00-04:00,52.68570923665278,53.53907345274104,52.3075094440333,52.47236633300781,275600,0.0,0.0
2022-10-28 00:00:00-04:00,52.33660052349063,53.33542641625464,52.11356191147758,52.646915435791016,265200,0.0,0.0
2022-10-31 00:00:00-04:00,52.530548358746465,52.530548358746465,51.22140745924193,51.871131896972656,1496000,0.0,0.0
2022-11-01 00:00:00-04:00,52.82147306658973,55.98280792392299,52.20084318288597,54.896705627441406,453300,0.0,0.0
2022-11-02 00:00:00-04:00,52.850562202225056,59.629012082985916,52.56933813938505,56.80708312988281,744000,0.0,0.0
2022-11-03 00:00:00-04:00,56.82647643756091,57.71863466976739,55.81795472622415,57.22406768798828,200300,0.0,0.0
2022-11-04 00:00:00-04:00,57.94167342876579,58.97928971138309,56.96224258508581,58.02894973754883,165900,0.0,0.0
2022-11-07 00:00:00-05:00,57.582865810232526,58.39744336491391,56.81677426610154,57.86408615112305,192000,0.0,0.0
2022-11-08 00:00:00-05:00,58.36835196168668,58.36835196168668,56.2737243789076,56.710105895996094,304900,0.0,0.0
2022-11-09 00:00:00-05:00,56.2834205741509,56.302815718159025,54.10151681305085,54.87730407714844,198000,0.0,0.0
2022-11-10 00:00:00-05:00,55.585212398798014,57.84469682584447,55.27489748081031,57.62165451049805,407800,0.0,0.0
2022-11-11 00:00:00-05:00,58.00955441664295,60.569654534245686,57.854396945856294,60.210853576660156,492500,0.0,0.0
2022-11-14 00:00:00-05:00,59.87144547880485,60.95754773283257,59.09565445525357,59.61931228637695,201200,0.0,0.0
2022-11-15 00:00:00-05:00,61.1611911038325,62.37335995193326,60.13327058891458,61.05451965332031,250900,0.0,0.0
2022-11-16 00:00:00-05:00,60.72481031150609,60.83148176330561,58.89201158293848,59.25081253051758,237400,0.0,0.0
2022-11-17 00:00:00-05:00,58.55260399353973,60.3563117980957,58.55260399353973,60.3563117980957,79300,0.0,0.0
2022-11-18 00:00:00-05:00,60.734509445529085,61.326048439610894,60.40479936846279,60.56965255737305,198300,0.0,0.0
2022-11-21 00:00:00-05:00,60.48237214325012,60.48237214325012,58.29077262638347,58.95988845825195,104600,0.0,0.0
2022-11-22 00:00:00-05:00,58.979289406913956,59.04717056903413,57.621658766018705,58.630184173583984,158900,0.0,0.0
2022-11-23 00:00:00-05:00,58.95019399260487,60.64723031327234,58.79503653411367,59.65810012817383,122700,0.0,0.0
2022-11-25 00:00:00-05:00,59.79386196738413,60.39509665186004,57.51498612027273,59.396270751953125,253700,0.0,0.0
2022-11-28 00:00:00-05:00,59.72598570383267,59.72598570383267,58.25198788949109,59.231422424316406,198300,0.0,0.0
2022-11-29 00:00:00-05:00,59.425361373103506,60.60843929183878,58.950193280633,59.99750518798828,78000,0.0,0.0
2022-11-30 00:00:00-05:00,59.68719230850272,61.713938735449894,59.25081079088334,61.19028091430664,294300,0.0,0.0
2022-12-01 00:00:00-05:00,61.190285933102146,61.61697176276906,60.821789242884705,61.112709045410156,165700,0.0,0.0
2022-12-02 00:00:00-05:00,59.900538477047505,61.801218413980806,59.08596083275525,61.646060943603516,143600,0.0,0.0
2022-12-05 00:00:00-05:00,61.364837623864226,62.373363043287675,60.30782618796283,61.30665588378906,380400,0.0,0.0
2022-12-06 00:00:00-05:00,61.20968015158723,61.57818053546232,60.84118346695807,61.30665588378906,181800,0.0,0.0
2022-12-07 00:00:00-05:00,61.10300238324771,62.35396515431603,60.9284534818089,62.06304168701172,223400,0.0,0.0
2022-12-08 00:00:00-05:00,62.06305014909589,64.67164009319255,61.85940665361323,64.19646453857422,244400,0.0,0.0
2022-12-09 00:00:00-05:00,64.70072139259831,65.44741409890504,63.97342013125793,64.46798706054688,221600,0.0,0.0
2022-12-12 00:00:00-05:00,64.02190972261981,64.9722534008341,64.02190972261981,64.29344177246094,247900,0.0,0.0
2022-12-13 00:00:00-05:00,65.26317258435701,66.02925677210538,64.49708099811726,64.77830505371094,157500,0.0,0.0
2022-12-14 00:00:00-05:00,64.37100672290562,65.26316854695565,62.50911729604546,64.03160095214844,1337700,0.0,0.0
2022-12-15 00:00:00-05:00,63.7115935922705,64.00251708386659,62.57700529233089,63.62432098388672,260300,0.0,0.0
2022-12-16 00:00:00-05:00,63.52735265356668,64.00252081226174,62.08244193255733,62.761260986328125,207200,0.0,0.0
2022-12-19 00:00:00-05:00,62.68367614165241,63.40127804258115,61.23877291723747,61.781822204589844,261500,0.0,0.0
2022-12-20 00:00:00-05:00,61.277551603053446,62.499416041184276,61.277551603053446,61.57817077636719,166500,0.0,0.0
2022-12-21 00:00:00-05:00,61.452110009119785,62.5479116679281,61.374533127558024,62.024253845214844,186400,0.0,0.0
2022-12-22 00:00:00-05:00,61.927281632785075,62.130925107925556,60.61813707992694,61.19028091430664,147600,0.0,0.0
2022-12-23 00:00:00-05:00,60.899361247594086,61.47150508302556,60.220545963298925,60.50177001953125,85900,0.0,0.0
2022-12-27 00:00:00-05:00,60.54055977168987,62.353966987760124,60.46297919166208,61.675148010253906,142400,0.0,0.0
2022-12-28 00:00:00-05:00,61.22906842316504,62.0727405519859,60.49207143741156,61.02542495727539,224600,0.0,0.0
2022-12-29 00:00:00-05:00,61.12239871951093,62.30547665849703,61.12239871951093,62.014556884765625,148700,0.0,0.0
2022-12-30 00:00:00-05:00,61.60727036024229,63.19763534891012,61.38423172883115,63.0230827331543,289700,0.0,0.0
2023-01-03 00:00:00-05:00,63.12975041635362,63.284911575976125,61.60726668039157,62.218204498291016,187600,0.0,0.0
2023-01-04 00:00:00-05:00,62.916408329026424,62.93580717347399,61.80121522426195,62.024253845214844,156100,0.0,0.0
2023-01-05 00:00:00-05:00,61.878793407062176,62.014555718968296,60.27872913275024,60.656925201416016,134500,0.0,0.0
2023-01-06 00:00:00-05:00,60.870272513938275,60.94784939813039,59.435065013548865,60.230247497558594,423000,0.0,0.0
2023-01-09 00:00:00-05:00,60.84118073193274,61.626663781604705,60.540561524489846,61.17089080810547,453600,0.0,0.0
2023-01-10 00:00:00-05:00,61.248466864166616,62.256988525390625,60.7345084609013,62.256988525390625,514300,0.0,0.0
2023-01-11 00:00:00-05:00,62.68367752121432,63.78917496536417,62.28608996950729,63.372188568115234,346300,0.0,0.0
2023-01-12 00:00:00-05:00,63.604918052965175,63.866750658281354,62.26668635426541,63.53703689575195,178400,0.0,0.0
2023-01-13 00:00:00-05:00,62.88732232861477,63.56614136548666,62.88732232861477,63.323707580566406,341700,0.0,0.0
2023-01-17 00:00:00-05:00,63.62431610332501,64.29343564357343,63.62431610332501,63.730987548828125,84400,0.0,0.0
2023-01-18 00:00:00-05:00,64.26434694087538,64.61345219656397,62.79035272679532,63.28491973876953,114700,0.0,0.0
2023-01-19 00:00:00-05:00,62.95520184869345,63.41097853620191,62.72246749282445,63.13945388793945,104000,0.0,0.0
2023-01-20 00:00:00-05:00,63.67280994182253,64.06069806135116,63.052172673895114,63.934635162353516,615600,0.0,0.0
2023-01-23 00:00:00-05:00,64.40979648303707,65.9225881036455,64.39040503850595,65.08861541748047,262900,0.0,0.0
2023-01-24 00:00:00-05:00,65.08862394646721,66.33958313963609,64.58435754069014,65.6122817993164,183600,0.0,0.0
2023-01-25 00:00:00-05:00,65.1855929721179,66.53352413545755,64.71042485660394,65.38923645019531,83300,0.0,0.0
2023-01-26 00:00:00-05:00,65.88380679501361,66.3104852192658,65.40863125659708,65.9031982421875,184300,0.0,0.0
2023-01-27 00:00:00-05:00,65.80622217904609,65.90319420596019,64.82678769068336,64.98194885253906,136400,0.0,0.0
2023-01-30 00:00:00-05:00,64.97224772387177,65.16619177260625,62.52851867675781,62.52851867675781,478000,0.0,0.0
2023-01-31 00:00:00-05:00,62.25698713131712,62.54791060515621,61.78181902930511,62.16001510620117,301100,0.0,0.0
2023-02-01 00:00:00-05:00,62.004863531496554,63.469161965502856,61.46181422051217,63.410980224609375,439200,0.0,0.0
2023-02-02 00:00:00-05:00,63.420671624717215,66.5238207213462,63.110356715054316,66.01956176757812,468100,0.0,0.0
2023-02-03 00:00:00-05:00,65.34073876794581,65.99046681227445,64.83647984541984,65.18558502197266,156200,0.0,0.0
2023-02-06 00:00:00-05:00,64.63284180103884,65.05952018703991,63.983121100828285,64.02190399169922,938500,0.0,0.0
2023-02-07 00:00:00-05:00,63.78917025041687,64.81708703340477,63.28491128097694,64.31282806396484,322400,0.0,0.0
2023-02-08 00:00:00-05:00,63.03277844255395,66.5335225756274,62.256987440787526,64.57465362548828,711900,0.0,0.0
2023-02-09 00:00:00-05:00,64.5940600913012,65.78683020402741,64.40011601722136,64.54557037353516,267200,0.0,0.0
2023-02-10 00:00:00-05:00,64.97225502851754,64.9819544515921,63.81826783288163,63.84735870361328,177800,0.0,0.0
2023-02-13 00:00:00-05:00,64.27404176613466,64.64254584216151,63.30430665826059,63.71159362792969,1212800,0.0,0.0
2023-02-14 00:00:00-05:00,63.5176478354265,63.789172474475784,62.65458420480919,63.3527946472168,225300,0.0,0.0
2023-02-15 00:00:00-05:00,62.906713666874346,63.53703551364678,62.906713666874346,63.469154357910156,120700,0.0,0.0
2023-02-16 00:00:00-05:00,63.1491531480527,65.63167266690765,63.11036285575912,65.32135772705078,1706300,0.0,0.0
2023-02-17 00:00:00-05:00,65.55408321589798,69.05482708811898,65.26316716078121,67.52264404296875,1227900,0.0,0.0
2023-02-21 00:00:00-05:00,67.21233701814087,68.09479950522623,66.53352541153029,67.63902282714844,383500,0.0,0.0
2023-02-22 00:00:00-05:00,67.6390190808958,67.6487185028792,65.95168218185314,66.89232635498047,287400,0.0,0.0
2023-02-23 00:00:00-05:00,67.54204705653541,67.561438502011,66.89232635498047,66.89232635498047,143000,0.0,0.0
2023-02-24 00:00:00-05:00,66.67898255822891,67.66810903087979,66.20380706787059,66.45594024658203,199600,0.0,0.0
2023-02-27 00:00:00-05:00,66.46564359874237,66.85353911235327,65.46681764517608,65.73834228515625,679900,0.0,0.0
2023-02-28 00:00:00-05:00,65.4571096262936,65.80621480284641,64.97224214758032,65.18558502197266,291700,0.0,0.0
2023-03-01 00:00:00-05:00,65.64136686810023,67.22203231124631,65.20498166337896,65.25347137451172,267800,0.0,0.0
2023-03-02 00:00:00-05:00,64.76859661676015,65.58317040359395,64.34191088166226,65.42801666259766,267800,0.0,0.0
2023-03-03 00:00:00-05:00,65.8353155295767,65.84501495218124,64.84618898017177,64.94316101074219,164400,0.0,0.0
2023-03-06 00:00:00-05:00,65.9710766072754,66.21351037837283,64.22555789446879,64.24494934082031,127300,0.0,0.0
2023-03-07 00:00:00-05:00,64.37101297141528,65.18559429879504,63.41097729851383,63.8764533996582,190700,0.0,0.0
2023-03-08 00:00:00-05:00,63.81825805307987,64.97224507187352,63.604915169085324,64.00251007080078,139200,0.0,0.0
2023-03-09 00:00:00-05:00,63.86675568217863,64.47768614515473,62.51882445541971,62.62549591064453,231600,0.0,0.0
2023-03-10 00:00:00-05:00,62.76125358931776,62.867925036645325,61.19028014562286,61.442413330078125,450100,0.0,0.0
2023-03-13 00:00:00-04:00,61.09330817142229,61.64605685417645,59.15383807074221,59.31869125366211,673800,0.0,0.0
2023-03-14 00:00:00-04:00,59.86174619771266,60.210851419285554,59.30899749663751,59.67749786376953,357900,0.0,0.0
2023-03-15 00:00:00-04:00,59.18292630818371,59.38657347113097,57.020417685944864,57.77681350708008,809700,0.0,0.0
2023-03-16 00:00:00-04:00,57.39861450891906,63.595224394824534,57.39861450891906,62.57699966430664,1586000,0.0,0.0
2023-03-17 00:00:00-04:00,63.178241840081455,63.68250082553413,61.53938719000013,62.46063995361328,544400,0.0,0.0
2023-03-20 00:00:00-04:00,62.57700514610548,63.20733444409626,60.30782485228283,62.790348052978516,777400,0.0,0.0
2023-03-21 00:00:00-04:00,63.527343490320895,64.34191735916033,63.04247597834758,63.469154357910156,198500,0.0,0.0
2023-03-22 00:00:00-04:00,63.391582644198465,64.38070913615245,62.71276367264969,62.819435119628906,91200,0.0,0.0
2023-03-23 00:00:00-04:00,63.0327758347434,64.10918229087753,62.39274717499186,62.94550323486328,104300,0.0,0.0
2023-03-24 00:00:00-04:00,62.402446926699184,63.88614032043538,62.160013172206575,63.149147033691406,207000,0.0,0.0
2023-03-27 00:00:00-04:00,63.09096326310583,63.17824326935556,62.470333390742944,62.61579513549805,845500,0.0,0.0
2023-03-28 00:00:00-04:00,62.6157923625927,62.6157923625927,60.22054558697138,62.4509391784668,234700,0.0,0.0
2023-03-29 00:00:00-04:00,62.48002846851162,63.90554015069766,62.14062268667951,63.730987548828125,264000,0.0,0.0
2023-03-30 00:00:00-04:00,63.750376532318874,64.04129999036397,63.20732730235828,63.740684509277344,170800,0.0,0.0
2023-03-31 00:00:00-04:00,63.75037978941958,63.89584152587398,63.00368706007414,63.53703689575195,208800,0.0,0.0
2023-04-03 00:00:00-04:00,63.643718985944695,64.35162894254702,63.236431974553355,63.76008987426758,298300,0.0,0.0
2023-04-04 00:00:00-04:00,63.59522965845797,64.18676866156817,61.15149676159473,62.61579513549805,267500,0.0,0.0
2023-04-05 00:00:00-04:00,62.10183362857415,62.2763862339038,61.384228062302704,62.218204498291016,127500,0.0,0.0
2023-04-06 00:00:00-04:00,62.218202364104556,62.67397160825657,61.7042402885989,61.801212310791016,59700,0.0,0.0
2023-04-10 00:00:00-04:00,61.500599491880536,63.517650315712174,61.490903768355494,63.372188568115234,350900,0.0,0.0
2023-04-11 00:00:00-04:00,63.37218087849456,63.37218087849456,61.86909236577749,63.25581741333008,209500,0.0,0.0
2023-04-12 00:00:00-04:00,63.53703203678898,63.77946577950924,62.39274447520974,62.897010803222656,163100,0.0,0.0
2023-04-13 00:00:00-04:00,63.03278846885768,63.90555163504805,62.92611700418483,63.76008987426758,107500,0.0,0.0
2023-04-14 00:00:00-04:00,63.36248416640178,64.56496094678837,63.32370127534913,64.16736602783203,184500,0.0,0.0
2023-04-17 00:00:00-04:00,64.27404547437318,64.42920665186097,62.247302533261134,62.761260986328125,200300,0.0,0.0
2023-04-18 00:00:00-04:00,63.081267381984084,63.12974969494361,62.4606375475689,62.586700439453125,71500,0.0,0.0
2023-04-19 00:00:00-04:00,62.276384083063796,62.547908704534215,61.42301623084109,61.77212142944336,261600,0.0,0.0
2023-04-20 00:00:00-04:00,61.675146795145054,62.73216183134756,61.675146795145054,62.353965759277344,168600,0.0,0.0
2023-04-21 00:00:00-04:00,62.1794128153643,62.625490041548446,61.32604495278704,61.49089813232422,234900,0.0,0.0
2023-04-24 00:00:00-04:00,60.59874247446946,61.84969782742717,60.59874247446946,61.510292053222656,105400,0.0,0.0
2023-04-25 00:00:00-04:00,61.31634407928386,61.31634407928386,60.4241896480367,60.67631912231445,151800,0.0,0.0
2023-04-26 00:00:00-04:00,60.89935913116579,61.05451658796288,60.51146733879583,60.773292541503906,382400,0.0,0.0
2023-04-27 00:00:00-04:00,60.77329771691666,60.77329771691666,59.42536650259446,60.03630065917969,730300,0.0,0.0
2023-04-28 00:00:00-04:00,60.152665601952485,62.741856480157,60.152665601952485,61.71393966674805,376500,0.0,0.0
2023-05-01 00:00:00-04:00,61.61696946223865,61.723640915672696,59.454460621902705,59.774471282958984,319100,0.0,0.0
2023-05-02 00:00:00-04:00,60.327215390300516,60.327215390300516,59.27020405854754,60.05569076538086,122300,0.0,0.0
2023-05-03 00:00:00-04:00,60.0556891470929,60.075084291099614,59.134440152624144,59.15383529663086,200600,0.0,0.0
2023-05-04 00:00:00-04:00,58.843519794981454,58.843519794981454,56.2931157222369,56.68101119995117,427200,0.0,0.0
2023-05-05 00:00:00-04:00,53.96575702824861,57.204672244181744,53.839690435922336,57.07860565185547,717600,0.0,0.0
2023-05-08 00:00:00-04:00,57.1367883825188,58.84352417233055,56.56464824415937,58.43623352050781,324700,0.0,0.0
2023-05-09 00:00:00-04:00,58.19379953058227,58.339261269799586,57.447106787054075,57.51498794555664,135500,0.0,0.0
2023-05-10 00:00:00-04:00,57.38891673527296,57.41800760107814,55.19731359656317,55.701576232910156,253400,0.0,0.0
2023-05-11 00:00:00-04:00,55.333079719846836,55.37186630792129,52.38508446995503,52.94752883911133,855200,0.0,0.0
2023-05-12 00:00:00-04:00,53.14148529463039,53.33543306380251,51.735368592190035,52.782684326171875,310000,0.0,0.0
2023-05-15 00:00:00-04:00,52.840863603143646,53.471189155372016,51.9874957378739,52.16204833984375,185200,0.0,0.0
2023-05-16 00:00:00-04:00,51.89052657255071,52.76328969269385,51.221410646605,51.522029876708984,461800,0.0,0.0
2023-05-17 00:00:00-04:00,51.52202622740483,52.608128489462985,50.95957810109609,51.63839340209961,443100,0.0,0.0
2023-05-18 00:00:00-04:00,52.01658776860131,53.94636215610081,51.46383908308172,53.60695266723633,466000,0.0,0.0
2023-05-19 00:00:00-04:00,53.57786265378466,53.6651389581136,51.357168454161766,51.89052200317383,979600,0.0,0.0
2023-05-22 00:00:00-04:00,51.86143075602398,52.11356394413079,50.15469867180198,50.88199996948242,476100,0.0,0.0
2023-05-23 00:00:00-04:00,51.13413191566505,51.13413191566505,49.97044904360481,50.06742477416992,385100,0.0,0.0
2023-05-24 00:00:00-04:00,50.911088074133666,53.90756940589535,50.688049465527875,53.6457405090332,1324100,0.0,0.0
2023-05-25 00:00:00-04:00,53.800899645084726,56.50646129801351,53.43239929361791,56.04098892211914,926800,0.0,0.0
2023-05-26 00:00:00-04:00,56.147659858797134,61.01572646638117,56.147659858797134,59.36717987060547,1050400,0.0,0.0
2023-05-30 00:00:00-04:00,59.65810410355562,62.547914272548354,59.65810410355562,60.52116775512695,1185500,0.0,0.0
2023-05-31 00:00:00-04:00,60.22054666313159,61.277558042593924,59.289601879177354,59.38657760620117,315000,0.0,0.0
2023-06-01 00:00:00-04:00,59.221718433709164,61.49089856902757,59.221718433709164,61.03512191772461,371800,0.0,0.0
2023-06-02 00:00:00-04:00,61.25816556707316,62.68367737286423,60.50177335954937,62.509124755859375,533000,0.0,0.0
2023-06-05 00:00:00-04:00,62.509115213083604,64.35161313385704,62.402443774615776,64.21585083007812,650100,0.0,0.0
2023-06-06 00:00:00-04:00,64.380707516088,66.26199582620879,64.380707516088,66.16502380371094,895900,0.0,0.0
2023-06-07 00:00:00-04:00,66.42685756342432,67.8717608607444,66.24260551799372,66.71778106689453,681500,0.0,0.0
2023-06-08 00:00:00-04:00,66.96020826855248,68.91906981733644,66.71777450566633,68.85118865966797,802700,0.0,0.0
2023-06-09 00:00:00-04:00,68.79300478225954,71.49856637965179,68.75421449358652,69.03543853759766,1009800,0.0,0.0
2023-06-12 00:00:00-04:00,69.53969935611707,70.06335716949349,68.60875459850054,68.70572662353516,390300,0.0,0.0
2023-06-13 00:00:00-04:00,68.70573450453108,69.49122501394221,68.35662925556882,68.76392364501953,616000,0.0,0.0
2023-06-14 00:00:00-04:00,68.76391669010006,70.81975028328878,68.58936408327352,69.22938537597656,605700,0.0,0.0
2023-06-15 00:00:00-04:00,68.85119715129449,69.63668027240442,68.2790569515952,69.34576416015625,222800,0.0,0.0
2023-06-16 00:00:00-04:00,69.19059783384145,69.19059783384145,67.53235170237309,67.87175750732422,491400,0.0,0.0
2023-06-20 00:00:00-04:00,68.18207497567099,68.24026411474664,64.7589111328125,64.7589111328125,565200,0.0,0.0
2023-06-21 00:00:00-04:00,65.10800882515211,69.69485873736275,64.90436535822607,66.2522964477539,1274800,0.0,0.0
2023-06-22 00:00:00-04:00,66.42684499881693,69.82091737101925,66.42684499881693,69.66575622558594,844100,0.0,0.0
2023-06-23 00:00:00-04:00,69.55910284078088,71.53735595863604,69.38455022467699,69.94699096679688,529100,0.0,0.0
2023-06-26 00:00:00-04:00,74.30111116353993,77.190917818221,73.23439656098097,73.85503387451172,1295500,0.0,0.0
2023-06-27 00:00:00-04:00,75.89147806978927,81.06016101159732,75.85268777435546,78.1800537109375,1356800,0.0,0.0
2023-06-28 00:00:00-04:00,77.54971512668808,77.68547744530032,72.5943683018668,72.79801177978516,1677200,0.0,0.0
2023-06-29 00:00:00-04:00,73.84532864523541,74.03927270400172,71.76039672028556,71.97373962402344,611200,0.0,0.0
2023-06-30 00:00:00-04:00,72.24525758708562,72.73012508767009,69.39423431613186,69.6851577758789,733900,0.0,0.0
2023-07-03 00:00:00-04:00,70.59670767131028,70.59670767131028,65.62196261797799,67.8814468383789,611400,0.0,0.0
2023-07-05 00:00:00-04:00,68.3663237745967,68.40511406597574,64.17706848605043,64.41950225830078,1172300,0.0,0.0
2023-07-06 00:00:00-04:00,64.10918302499066,64.7298128484372,63.372182335213715,63.469154357910156,580500,0.0,0.0
2023-07-07 00:00:00-04:00,63.03277323565145,63.85704648288106,60.65692181230475,61.57817077636719,580400,0.0,0.0
2023-07-10 00:00:00-04:00,61.67514279395466,62.19880056711588,61.38422304194688,61.57817077636719,235600,0.0,0.0
2023-07-11 00:00:00-04:00,61.898193055402075,62.450941765094015,61.4812066674947,61.72364044189453,335100,0.0,0.0
2023-07-12 00:00:00-04:00,62.48003263426333,63.7406912205391,61.35514006901796,61.72364044189453,449500,0.0,0.0
2023-07-13 00:00:00-04:00,61.79151947254299,62.431540767678335,60.99633701586489,61.277557373046875,568100,0.0,0.0
2023-07-14 00:00:00-04:00,61.219371970799074,61.72363461787985,60.637528747592576,61.33573913574219,461300,0.0,0.0
2023-07-17 00:00:00-04:00,61.23876711483051,62.31517356347933,60.12357037811882,61.33573913574219,288000,0.0,0.0
2023-07-18 00:00:00-04:00,61.384228749172706,61.56848077866332,59.4641537683071,59.75507354736328,542700,0.0,0.0
2023-07-19 00:00:00-04:00,58.57199699263383,58.87261248288174,54.50880487016303,55.54642105102539,2107600,0.0,0.0
2023-07-20 00:00:00-04:00,55.52702554146209,55.61430184111234,52.831163373313885,53.189964294433594,1479400,0.0,0.0
2023-07-21 00:00:00-04:00,53.432398866213035,53.74271378099374,51.64808625660116,52.16204833984375,1317500,0.0,0.0
2023-07-24 00:00:00-04:00,52.42388124968885,52.50145813469063,50.53289704997984,50.78502655029297,1130400,0.0,0.0
2023-07-25 00:00:00-04:00,51.39596177030305,51.686881568776336,49.88317363929767,50.620174407958984,1051400,0.0,0.0
2023-07-26 00:00:00-04:00,91.34904528090995,92.44485070078066,54.8288245343895,63.372188568115234,17771600,0.0,0.0
2023-07-27 00:00:00-04:00,57.43740447942573,57.68953765483687,50.5619830769152,50.92078399658203,9116600,0.0,0.0
2023-07-28 00:00:00-04:00,54.809424077132284,59.15383654682576,54.790028932715664,57.69923400878906,3676200,0.0,0.0
2023-07-31 00:00:00-04:00,57.46649868490841,61.80121563642298,57.214369194094076,61.481204986572266,1978200,0.0,0.0
2023-08-01 00:00:00-04:00,60.12357682675403,61.97577073909226,58.668974161590626,61.5005989074707,1777700,0.0,0.0
2023-08-02 00:00:00-04:00,60.385400648114704,61.723636022779374,59.774466544578246,61.43271255493164,687700,0.0,0.0
2023-08-03 00:00:00-04:00,61.3842307818341,61.558783394897034,60.33691880270231,60.88966751098633,624800,0.0,0.0
2023-08-04 00:00:00-04:00,60.0072034423553,61.578173122446294,60.0072034423553,60.73450469970703,440300,0.0,0.0
2023-08-07 00:00:00-04:00,60.93814743820737,60.93814743820737,56.87495912725439,59.638702392578125,867200,0.0,0.0
2023-08-08 00:00:00-04:00,58.8629191482057,59.182929795846,57.621655750301876,58.31986618041992,608900,0.0,0.0
2023-08-09 00:00:00-04:00,58.43623439769422,58.47502468878262,56.797383441290236,57.437408447265625,917200,0.0,0.0
2023-08-10 00:00:00-04:00,57.951360939734265,57.951360939734265,56.71010134561001,56.99132537841797,337000,0.0,0.0
2023-08-11 00:00:00-04:00,57.233761843056975,57.233761843056975,56.24463166978237,56.380393981933594,308500,0.0,0.0
2023-08-14 00:00:00-04:00,56.30281983076896,56.729501932378035,56.031291494067055,56.457977294921875,437400,0.0,0.0
2023-08-15 00:00:00-04:00,56.30281939420545,56.50646287071855,55.5658186707594,56.254329681396484,249100,0.0,0.0
2023-08-16 00:00:00-04:00,55.03246290637756,55.03246290637756,52.171743830425996,52.79237365722656,2258100,0.0,0.0
2023-08-17 00:00:00-04:00,52.86995394860091,53.606950939120054,51.890519502853586,53.30633544921875,981200,0.0,0.0
2023-08-18 00:00:00-04:00,52.55964355916996,53.69423185915197,52.27841949021437,53.025115966796875,723700,0.0,0.0
2023-08-21 00:00:00-04:00,53.025110761995805,54.50880414687415,52.88934845216975,54.39243698120117,988800,0.0,0.0
2023-08-22 00:00:00-04:00,54.82881921609507,54.86760950492446,53.33542638937368,54.082122802734375,355600,0.0,0.0
2023-08-23 00:00:00-04:00,54.0627311785803,54.508808431427624,53.69423080919757,53.93666458129883,555000,0.0,0.0
2023-08-24 00:00:00-04:00,54.237280315642714,54.411832916312314,52.637216042586545,52.70509719848633,437500,0.0,0.0
2023-08-25 00:00:00-04:00,52.27841358626411,52.763281085190414,51.83233637507082,52.5499382019043,315800,0.0,0.0
2023-08-28 00:00:00-04:00,52.365691809060046,53.01541250586791,52.074772038858825,52.16204833984375,277100,0.0,0.0
2023-08-29 00:00:00-04:00,51.86143309069135,52.50145811349258,51.44444669864326,52.24932861328125,678400,0.0,0.0
2023-08-30 00:00:00-04:00,52.084470040425664,52.99602337931792,51.50263047456547,52.006893157958984,282000,0.0,0.0
2023-08-31 00:00:00-04:00,51.67717920949404,53.054201138430784,51.67717920949404,52.66630935668945,375700,0.0,0.0
2023-09-01 00:00:00-04:00,53.32573226298534,53.32573226298534,52.44327351155275,52.8311653137207,249200,0.0,0.0
2023-09-05 00:00:00-04:00,51.86143417015763,52.520854352738404,51.842039023699854,52.171749114990234,303100,0.0,0.0
2023-09-06 00:00:00-04:00,51.34747377983129,52.20084169522699,51.21171145904589,51.7547607421875,407200,0.0,0.0
2023-09-07 00:00:00-04:00,50.53289628062861,52.04568065796735,50.43592055179548,51.78385543823242,478100,0.0,0.0
2023-09-08 00:00:00-04:00,50.75593475843601,51.87113159163139,50.63956758342514,51.69657897949219,410600,0.0,0.0
2023-09-11 00:00:00-04:00,51.23110249806946,52.239624099880224,51.23110249806946,51.55111312866211,375600,0.0,0.0
2023-09-12 00:00:00-04:00,51.851734132810435,52.30750708929001,51.03715654558115,51.13412857055664,250000,0.0,0.0
2023-09-13 00:00:00-04:00,51.395958166424926,51.82264026098378,49.757107247186234,50.01893615722656,326500,0.0,0.0
2023-09-14 00:00:00-04:00,50.19348601056923,50.406828911491935,49.543765283934796,49.88317108154297,263100,0.0,0.0
2023-09-15 00:00:00-04:00,49.46618453654671,49.99954178706893,48.971621276080164,49.76680374145508,483200,0.0,0.0
2023-09-18 00:00:00-04:00,49.7183197037742,50.62986937856554,49.233452147114704,50.18379211425781,325600,0.0,0.0
2023-09-19 00:00:00-04:00,49.999540763450284,51.163219869958844,49.941355328426596,50.649261474609375,349700,0.0,0.0
2023-09-20 00:00:00-04:00,50.58138033887109,52.01658777687351,50.56198519385469,51.36686706542969,518000,0.0,0.0
2023-09-21 00:00:00-04:00,50.54259215091293,50.95957853799384,49.10738465322,49.660133361816406,458800,0.0,0.0
2023-09-22 00:00:00-04:00,49.708618928792255,50.581381986735096,49.679528059942754,50.14500045776367,182800,0.0,0.0
2023-09-25 00:00:00-04:00,49.70861322385383,50.53289017269862,49.65043149283221,50.47470474243164,209600,0.0,0.0
2023-09-26 00:00:00-04:00,50.00923747590566,50.10620950361835,48.91343580637271,48.99101638793945,316500,0.0,0.0
2023-09-27 00:00:00-04:00,48.99101592315389,49.45648831040112,48.38978121869859,48.72918701171875,307600,0.0,0.0
2023-09-28 00:00:00-04:00,48.496449288607664,49.31102689647895,48.00188602990705,48.932830810546875,600000,0.0,0.0
2023-09-29 00:00:00-04:00,49.5534632702659,50.048030254220954,49.35951920520094,49.69892501831055,283400,0.0,0.0
2023-10-02 00:00:00-04:00,49.631037923217264,49.98014311739861,48.923131812458635,49.912261962890625,384200,0.0,0.0
2023-10-03 00:00:00-04:00,49.55345499150144,49.98983646348435,48.90373434373989,49.32072067260742,556500,0.0,0.0
2023-10-04 00:00:00-04:00,49.31102608463955,51.41535307834785,49.31102608463955,51.36686706542969,505100,0.0,0.0
2023-10-05 00:00:00-04:00,51.07594243886569,52.627520712014814,51.07594243886569,52.16204833984375,672100,0.0,0.0
2023-10-06 00:00:00-04:00,52.88935244701979,54.11121702698995,52.62752353004495,53.82029724121094,640700,0.0,0.0
2023-10-09 00:00:00-04:00,53.15117956270527,54.508806416746054,52.850560364682316,54.20819091796875,505300,0.0,0.0
2023-10-10 00:00:00-04:00,53.752415506755526,55.09065094613311,53.752415506755526,54.96458435058594,541000,0.0,0.0
2023-10-11 00:00:00-04:00,55.06155642397572,55.80825287630288,54.52820287209796,55.76946258544922,423600,0.0,0.0
2023-10-12 00:00:00-04:00,55.75976650271795,56.46767265962558,54.702755128870514,54.79003143310547,362800,0.0,0.0
2023-10-13 00:00:00-04:00,54.790031551422786,54.790031551422786,53.45179611667888,54.10152053833008,265000,0.0,0.0
2023-10-16 00:00:00-04:00,53.936663665440854,54.4215312014102,53.665139029056654,54.130611419677734,352500,0.0,0.0
2023-10-17 00:00:00-04:00,53.7233233673261,54.33425378670688,53.16087526145671,53.49058532714844,395100,0.0,0.0
2023-10-18 00:00:00-04:00,53.267546539786686,54.26637245654078,53.01541335545835,53.37421798706055,326700,0.0,0.0
2023-10-19 00:00:00-04:00,53.3354286256301,54.04333477984262,53.02511370047518,53.89787673950195,545400,0.0,0.0
2023-10-20 00:00:00-04:00,53.96575572174748,54.10151803362177,53.32573075202184,53.393611907958984,414500,0.0,0.0
2023-10-23 00:00:00-04:00,53.03480940913458,53.383914624650956,52.26872151869111,53.18027114868164,327800,0.0,0.0
2023-10-24 00:00:00-04:00,53.32573487687751,53.67483640616704,52.850563049316406,52.850563049316406,241200,0.0,0.0
2023-10-25 00:00:00-04:00,52.60812707054082,52.81177054557556,50.911090713426596,51.541419982910156,284100,0.0,0.0
2023-10-26 00:00:00-04:00,51.473540658873986,51.473540658873986,50.28076323574602,50.406829833984375,458100,0.0,0.0
2023-10-27 00:00:00-04:00,50.68805118141279,51.298985294772386,50.629865747058574,51.046852111816406,271200,0.0,0.0
2023-10-30 00:00:00-04:00,51.60929856115418,51.83233717017221,51.05654989983874,51.55111312866211,234400,0.0,0.0
2023-10-31 00:00:00-04:00,51.85173690299354,52.13295727014494,51.395960222918426,51.95840835571289,252300,0.0,0.0
2023-11-01 00:00:00-04:00,51.95840687215787,52.899047375402105,51.32807759640251,52.60812759399414,692600,0.0,0.0
2023-11-02 00:00:00-04:00,56.05068564745721,56.11856680561983,54.101519807331435,54.44092559814453,1198500,0.0,0.0
2023-11-03 00:00:00-04:00,54.57668989993327,55.06155744687439,53.286944148677726,54.1112174987793,722700,0.0,0.0
2023-11-06 00:00:00-05:00,54.30516525740491,54.30516525740491,53.44210161572905,54.1112174987793,425600,0.0,0.0
2023-11-07 00:00:00-05:00,53.80089808474379,55.633696667687055,53.80089808474379,55.110042572021484,438600,0.0,0.0
2023-11-08 00:00:00-05:00,54.86761215584982,55.85673867406989,54.47001722500716,54.84821701049805,390300,0.0,0.0
2023-11-09 00:00:00-05:00,54.86761293386805,55.92462062618473,54.314860531619004,55.313690185546875,281500,0.0,0.0
2023-11-10 00:00:00-05:00,55.45914659451483,56.24463332264574,55.032464501037,55.87613296508789,250700,0.0,0.0
2023-11-13 00:00:00-05:00,55.478539640093786,56.14765917181753,55.28459189612682,56.11856460571289,113900,0.0,0.0
2023-11-14 00:00:00-05:00,56.72949891060176,57.16588041130165,56.09916966523019,56.92344665527344,326800,0.0,0.0
2023-11-15 00:00:00-05:00,57.19730397287425,57.82326566779077,56.48331618142097,56.82563781738281,244500,0.5,0.0
2023-11-16 00:00:00-05:00,56.44418859278369,57.49071892594963,55.72042183410248,57.45159912109375,582000,0.0,0.0
2023-11-17 00:00:00-05:00,57.7352409295998,57.86239056781681,57.07015568034693,57.79392623901367,309500,0.0,0.0
2023-11-20 00:00:00-05:00,57.93085479736328,58.13624778342079,57.5591886337644,57.93085479736328,275300,0.0,0.0
2023-11-21 00:00:00-05:00,57.392921564460465,57.98954250859997,57.11906423837397,57.1777458190918,278200,0.0,0.0
2023-11-22 00:00:00-05:00,57.392917244789345,58.60571708134223,57.392917244789345,58.07756423950195,468500,0.0,0.0
2023-11-24 00:00:00-05:00,57.76458514166484,58.96760599553584,57.76458514166484,58.32208251953125,115700,0.0,0.0
2023-11-27 00:00:00-05:00,57.901511956157925,58.89913979297144,57.901511956157925,58.19493103027344,368400,0.0,0.0
2023-11-28 00:00:00-05:00,57.999317260679945,58.16559043287366,57.40269636044092,57.901512145996094,199100,0.0,0.0
2023-11-29 00:00:00-05:00,58.54703758913058,59.39795405502103,57.62765306340825,57.77436447143555,230900,0.0,0.0
2023-11-30 00:00:00-05:00,57.70589838489738,58.35142184470774,57.20708632864546,57.510284423828125,206300,0.0,0.0
2023-12-01 00:00:00-05:00,57.392915676399696,58.40032250631695,57.207084471481,57.53962707519531,197400,0.0,0.0
2023-12-04 00:00:00-05:00,57.22664651647584,57.656997993199,56.326827485193064,57.14840316772461,565500,0.0,0.0
2023-12-05 00:00:00-05:00,56.747396318377184,57.03103638656543,55.7497684354926,56.952789306640625,339200,0.0,0.0
2023-12-06 00:00:00-05:00,57.216867909924055,57.46138443945364,56.395292221463585,56.5420036315918,448200,0.0,0.0
2023-12-07 00:00:00-05:00,56.4930953924511,57.246206725151005,56.434413815244625,56.551780700683594,229000,0.0,0.0
2023-12-08 00:00:00-05:00,56.20945848033702,57.598310514861296,56.20945848033702,57.5689697265625,960100,0.0,0.0
2023-12-11 00:00:00-05:00,57.41247920456631,58.05800266320463,57.1581799363302,57.764583587646484,164700,0.0,0.0
2023-12-12 00:00:00-05:00,57.9797520197945,58.038437323706404,56.854978344176125,57.255985260009766,246800,0.0,0.0
2023-12-13 00:00:00-05:00,57.02125271698302,58.683965828324084,57.02125271698302,58.49813461303711,236400,0.0,0.0
2023-12-14 00:00:00-05:00,58.44922803277829,59.290365469100045,58.24383504884652,58.88935852050781,1196400,0.0,0.0
2023-12-15 00:00:00-05:00,58.664403958268025,58.97738481033474,58.27317975869766,58.654624938964844,399900,0.0,0.0
2023-12-18 00:00:00-05:00,58.879580110618555,58.879580110618555,57.67655925239105,57.93085479736328,301500,0.0,0.0
2023-12-19 00:00:00-05:00,57.90151176112734,58.948042151597406,57.90151176112734,58.586158752441406,372000,0.0,0.0
2023-12-20 00:00:00-05:00,58.19493372512512,58.8404572104821,56.80608163551888,56.89410400390625,313600,0.0,0.0
2023-12-21 00:00:00-05:00,58.51769433023881,58.87957772880006,57.70589770719431,58.762210845947266,692700,0.0,0.0
2023-12-22 00:00:00-05:00,58.19493593740955,60.64010131293096,57.31467490981133,59.35883331298828,816800,0.0,0.0
2023-12-26 00:00:00-05:00,59.1632175964425,59.91632517915373,58.987165407203904,59.01650619506836,217200,0.0,0.0
2023-12-27 00:00:00-05:00,59.437078838673244,59.437078838673244,58.723091015450294,58.918704986572266,145100,0.0,0.0
2023-12-28 00:00:00-05:00,58.8306765380216,59.84786243140999,58.8306765380216,59.6326904296875,271800,0.0,0.0
2023-12-29 00:00:00-05:00,59.583783946522985,60.943298935066245,59.583783946522985,59.926109313964844,529700,0.0,0.0
2024-01-02 00:00:00-05:00,59.65225491759639,59.847865158799195,57.85261308893677,58.33186340332031,390500,0.0,0.0
2024-01-03 00:00:00-05:00,58.928482560288735,59.446856399670814,57.61787383626285,58.14603042602539,323700,0.0,0.0
2024-01-04 00:00:00-05:00,60.64009448336037,61.79421270910639,60.07281438923653,61.10956573486328,1031000,0.0,0.0
2024-01-05 00:00:00-05:00,63.07547925499519,63.80902881319455,62.57666719707105,63.57429504394531,1082600,0.0,0.0
2024-01-08 00:00:00-05:00,63.994867688707636,63.994867688707636,62.96789525929341,63.51561737060547,551900,0.0,0.0
2024-01-09 00:00:00-05:00,63.10482568336874,63.574300725878395,62.94833897723396,63.564517974853516,396700,0.0,0.0
2024-01-10 00:00:00-05:00,63.57430084089327,63.57430084089327,62.43974423666608,63.388465881347656,880500,0.0,0.0
2024-01-11 00:00:00-05:00,63.57429515357724,63.57429515357724,62.606011824458854,63.2808723449707,213500,0.0,0.0
2024-01-12 00:00:00-05:00,63.43736687941285,63.486273168490875,62.576667679798724,62.811405181884766,272100,0.0,0.0
2024-01-16 00:00:00-05:00,63.06570674600641,63.06570674600641,61.38342809344876,62.175662994384766,289100,0.0,0.0
2024-01-17 00:00:00-05:00,61.73553249132467,62.664696052156195,60.70856381083769,62.19522476196289,1383900,0.0,0.0
2024-01-18 00:00:00-05:00,62.90920872658154,62.96789030236773,61.334521771869376,62.156097412109375,392400,0.0,0.0
2024-01-19 00:00:00-05:00,62.13653893782473,62.97767639160156,62.00939302952907,62.97767639160156,402800,0.0,0.0
2024-01-22 00:00:00-05:00,63.51561347393599,64.5328030901941,62.98745689652975,63.49604797363281,288800,0.0,0.0
2024-01-23 00:00:00-05:00,63.49604834823628,63.926399812821465,62.97767451792341,63.065704345703125,166200,0.0,0.0
2024-01-24 00:00:00-05:00,63.57429347129753,63.867716272139624,62.75272156822255,62.8994255065918,618700,0.0,0.0
2024-01-25 00:00:00-05:00,63.55474001764364,63.55474001764364,61.49101616811652,61.88224411010742,746600,0.0,0.0
2024-01-26 00:00:00-05:00,61.28561801327376,61.38342312501681,60.77702322395303,60.93351364135742,615100,0.0,0.0
2024-01-29 00:00:00-05:00,60.894392742265914,61.31496145682709,59.446855385809826,59.80874252319336,1343200,0.0,0.0
2024-01-30 00:00:00-05:00,59.93588947565409,61.58882357420913,59.5935678327128,61.16825485229492,915800,0.0,0.0
2024-01-31 00:00:00-05:00,60.80636741377945,62.674477239426835,60.7770266248199,61.598602294921875,555000,0.0,0.0
2024-02-01 00:00:00-05:00,62.01917070644826,62.56688906080177,61.60838473895266,62.14632034301758,357600,0.0,0.0
2024-02-02 00:00:00-05:00,62.07785766780823,62.74294292614913,61.715970518016825,62.488643646240234,202200,0.0,0.0
2024-02-05 00:00:00-05:00,62.54732494339911,63.28087075338799,61.862677958913466,62.91899108886719,460200,0.0,0.0
2024-02-06 00:00:00-05:00,63.07548119686985,63.51561542257087,62.36149338596439,63.50583267211914,532900,0.0,0.0
2024-02-07 00:00:00-05:00,66.29331825037367,66.70410421643908,63.35911998638863,65.48152160644531,1539500,0.0,0.0
2024-02-08 00:00:00-05:00,65.55977010626764,67.52568507514985,65.36415986924698,66.41069030761719,864200,0.0,0.0
2024-02-09 00:00:00-05:00,67.26161030914412,67.34964014874456,66.03902754063228,66.95841217041016,464100,0.0,0.0
2024-02-12 00:00:00-05:00,67.04643602914255,67.77998562481346,66.21507385107363,67.26160430908203,898400,0.0,0.0
2024-02-13 00:00:00-05:00,66.64543010859717,66.68455365194816,65.84341612503408,66.06837463378906,347000,0.0,0.0
2024-02-14 00:00:00-05:00,66.86059533792594,67.4669989713008,66.54761450245384,67.44743347167969,417100,0.0,0.0
2024-02-15 00:00:00-05:00,67.44743717551836,67.95603572487227,66.74322839152194,67.70173645019531,304900,0.0,0.0
2024-02-16 00:00:00-05:00,67.70174434878115,68.3421144935668,66.62789148758439,67.44559478759766,268100,0.5,0.0
2024-02-20 00:00:00-05:00,67.4849980929347,67.4849980929347,65.10085835839193,66.33233642578125,390800,0.0,0.0
2024-02-21 00:00:00-05:00,66.33233655868317,66.79537351556458,65.88899994372737,66.70670318603516,184000,0.0,0.0
2024-02-22 00:00:00-05:00,67.41603404511392,68.47017894549141,67.06136776869295,68.24358367919922,530100,0.0,0.0
2024-02-23 00:00:00-05:00,68.36181141146122,68.46032815579657,67.23870399007748,68.06625366210938,112000,0.0,0.0
2024-02-26 00:00:00-05:00,67.88891888430396,68.8149851758868,67.6721775661639,68.78543090820312,313000,0.0,0.0
2024-02-27 00:00:00-05:00,68.96277066539008,69.11054953437073,68.20418349526281,68.36180877685547,340100,0.0,0.0
2024-02-28 00:00:00-05:00,67.97758492060233,69.60313736762488,67.74114325154208,68.98246765136719,401700,0.0,0.0
2024-02-29 00:00:00-05:00,69.37654576953841,69.81988237829572,68.73617567889711,69.7410659790039,356900,0.0,0.0
2024-03-01 00:00:00-05:00,69.9479567487281,71.72128823622013,69.78047752944994,71.13017272949219,648900,0.0,0.0
2024-03-04 00:00:00-05:00,71.81979576607836,71.81979576607836,70.92327620790142,71.21883392333984,369400,0.0,0.0
2024-03-05 00:00:00-05:00,70.01691548594795,71.2286931904598,69.4553617975999,69.81002807617188,569600,0.0,0.0
2024-03-06 00:00:00-05:00,70.24350423203317,71.24838691712765,70.24350423203317,71.05135345458984,322700,0.0,0.0
2024-03-07 00:00:00-05:00,70.77550036216608,71.89861521882139,70.61787508587717,71.6720199584961,204000,0.0,0.0
2024-03-08 00:00:00-05:00,71.34691105943443,71.94787295384685,70.67698669433594,70.67698669433594,169800,0.0,0.0
2024-03-11 00:00:00-04:00,70.18438988622773,70.89372239475786,70.18438988622773,70.70653533935547,162700,0.0,0.0
2024-03-12 00:00:00-04:00,71.05136283056781,71.40602912301367,70.14498924079187,71.33706665039062,146700,0.0,0.0
2024-03-13 00:00:00-04:00,71.51438749265914,71.51438749265914,70.44054227422646,70.78535461425781,220600,0.0,0.0
2024-03-14 00:00:00-04:00,70.8346191198296,70.95283620246981,70.01691588862232,70.7459487915039,156600,0.0,0.0
2024-03-15 00:00:00-04:00,70.9331302758003,71.98727510563408,70.69668861279087,71.40602111816406,351600,0.0,0.0
2024-03-18 00:00:00-04:00,71.80009387181812,72.93305518661793,71.20898590820164,72.75572204589844,461200,0.0,0.0
2024-03-19 00:00:00-04:00,72.09565150262917,73.50446269722703,72.056243302935,73.38623809814453,342200,0.0,0.0
2024-03-20 00:00:00-04:00,73.79016334182688,75.12015807997378,73.00201441444973,75.01178741455078,547800,0.0,0.0
2024-03-21 00:00:00-04:00,77.08066720076386,79.40569821567836,76.52896747395197,76.99200439453125,1116300,0.0,0.0
2024-03-22 00:00:00-04:00,76.99200775621135,77.57326177714657,75.68171333147703,76.55852508544922,273700,0.0,0.0
2024-03-25 00:00:00-04:00,75.95756063308502,76.61763102930949,75.26793596782738,75.4058609008789,222900,0.0,0.0
2024-03-26 00:00:00-04:00,75.7506785054519,76.49941927723036,74.38127549174595,74.62757110595703,176900,0.0,0.0
2024-03-27 00:00:00-04:00,75.02163947521404,75.16941833496094,73.55371983877689,75.16941833496094,138900,0.0,0.0
2024-03-28 00:00:00-04:00,74.91326874585928,76.02652212445172,74.87386054887216,75.79993438720703,235300,0.0,0.0
2024-04-01 00:00:00-04:00,75.87874617085981,78.6175595937691,75.87874617085981,78.51903533935547,508800,0.0,0.0
2024-04-02 00:00:00-04:00,77.996894706267,78.67667301893773,77.09052863360321,78.62741088867188,320300,0.0,0.0
2024-04-03 00:00:00-04:00,78.57815366842348,80.17414441379775,78.34170447060501,79.74066925048828,309400,0.0,0.0
2024-04-04 00:00:00-04:00,80.39088266944424,80.62732434184615,78.61755885191212,78.6569595336914,276700,0.0,0.0
2024-04-05 00:00:00-04:00,78.82444341797493,79.61258480306508,78.82444341797493,79.20866394042969,250200,0.0,0.0
2024-04-08 00:00:00-04:00,79.31704333764603,82.42036964384859,78.86386030013153,81.64207458496094,640300,0.0,0.0
2024-04-09 00:00:00-04:00,81.47458878575847,82.71592082574395,79.10030289716721,79.23822784423828,492200,0.0,0.0
2024-04-10 00:00:00-04:00,79.69140557113741,79.7603680400728,78.26289406475622,78.38111114501953,332000,0.0,0.0
2024-04-11 00:00:00-04:00,78.33185491473361,78.44022558029877,76.55852358398117,76.6471939086914,472400,0.0,0.0
2024-04-12 00:00:00-04:00,76.25311723129447,76.25311723129447,73.49460357826457,74.1645278930664,360700,0.0,0.0
2024-04-15 00:00:00-04:00,74.66697505955597,74.66697505955597,72.32224365150601,72.74586486816406,392500,0.0,0.0
2024-04-16 00:00:00-04:00,72.36165018111545,72.94291175306954,71.87891287028111,72.27298736572266,347900,0.0,0.0
2024-04-17 00:00:00-04:00,72.41090238681943,74.1349714912675,71.9281651421505,73.13008880615234,347600,0.0,0.0
2024-04-18 00:00:00-04:00,72.77542849894063,72.98231590639493,71.45528013988333,72.21387481689453,260000,0.0,0.0
2024-04-19 00:00:00-04:00,71.92816651506352,72.7951242896783,70.38143050391805,70.77549743652344,396900,0.0,0.0
2024-04-22 00:00:00-04:00,71.1301757067879,72.17447430039813,70.62773802792286,71.39617919921875,140800,0.0,0.0
2024-04-23 00:00:00-04:00,71.87891049476862,72.55868878903078,71.17943185874108,71.49468994140625,138900,0.0,0.0
2024-04-24 00:00:00-04:00,71.92817201852178,73.62268701721959,71.888763818977,72.63750457763672,157900,0.0,0.0
2024-04-25 00:00:00-04:00,70.97253827453936,72.98231119537998,70.61787202284131,71.84934997558594,382500,0.0,0.0
2024-04-26 00:00:00-04:00,71.06120641327574,73.29757475247904,71.06120641327574,72.26313018798828,158600,0.0,0.0
2024-04-29 00:00:00-04:00,72.3222478809244,74.47979235376306,71.76068666392955,73.99705505371094,326000,0.0,0.0
2024-04-30 00:00:00-04:00,74.0857192648858,75.08075567124638,72.71631622314453,72.71631622314453,193600,0.0,0.0
2024-05-01 00:00:00-04:00,72.71631650751779,72.93305785592372,70.4996559255684,70.63758087158203,361100,0.0,0.0
2024-05-02 00:00:00-04:00,71.4158735529258,72.55868880048341,70.80506524561001,72.31239318847656,422000,0.0,0.0
2024-05-03 00:00:00-04:00,77.6520770681747,80.39088295875082,71.71142835282451,72.86408996582031,1200100,0.0,0.0
2024-05-06 00:00:00-04:00,76.89348869020967,79.57317848230404,75.87874451287715,77.41563415527344,1001600,0.0,0.0
2024-05-07 00:00:00-04:00,77.80970729842244,79.27762693285487,77.2678539855388,78.06584930419922,482400,0.0,0.0
2024-05-08 00:00:00-04:00,78.53183081085932,78.81934884010333,77.36193325507216,78.04602813720703,317700,0.5,0.0
2024-05-09 00:00:00-04:00,78.04602509035546,78.04602509035546,76.02349002723706,76.24160766601562,346000,0.0,0.0
2024-05-10 00:00:00-04:00,77.25286892629936,77.4809030587858,74.8436736044567,75.55751037597656,472300,0.0,0.0
2024-05-13 00:00:00-04:00,75.69631128485781,75.95408735600601,74.33804568011769,74.48675537109375,364800,0.0,0.0
2024-05-14 00:00:00-04:00,73.96129941459108,75.15102997331566,73.80267321187239,74.24881744384766,256800,0.0,0.0
2024-05-15 00:00:00-04:00,74.64539153369276,75.9739152430733,73.72335359954282,75.34931182861328,421600,0.0,0.0
2024-05-16 00:00:00-04:00,75.48811315703512,77.40158941915902,75.38897083774833,76.6480941772461,412100,0.0,0.0
2024-05-17 00:00:00-04:00,77.1537281339721,77.29252889072121,76.12263139521156,76.72740936279297,174300,0.0,0.0
2024-05-20 00:00:00-04:00,76.8364713975815,79.62241071420296,76.8364713975815,77.46107482910156,251000,0.0,0.0
2024-05-21 00:00:00-04:00,76.94552930964248,78.11542684028598,76.94552930964248,77.85765075683594,211100,0.0,0.0
2024-05-22 00:00:00-04:00,78.7995179805064,80.71299416730393,78.3731992166891,79.62240600585938,684000,0.0,0.0
2024-05-23 00:00:00-04:00,80.89145148058245,81.26820289521801,76.9455310768866,77.51065063476562,236000,0.0,0.0
2024-05-24 00:00:00-04:00,77.39167016688586,78.46242533089772,76.86620908567832,78.01628112792969,239600,0.0,0.0
2024-05-28 00:00:00-04:00,78.02619288836627,78.5714869909044,76.38040920774284,76.55886840820312,206300,0.0,0.0
2024-05-29 00:00:00-04:00,76.43989580014573,76.83647265569971,75.3493151204281,75.81529235839844,173900,0.0,0.0
2024-05-30 00:00:00-04:00,75.60708753904306,77.63953153342399,75.04196800564972,77.4908218383789,272400,0.0,0.0
2024-05-31 00:00:00-04:00,77.3321914154506,77.82791059119066,76.14246841930417,77.42141723632812,320100,0.0,0.0
2024-06-03 00:00:00-04:00,78.33354280874188,78.34345174568553,76.66792614925517,77.75850677490234,158400,0.0,0.0
2024-06-04 00:00:00-04:00,76.58861024931028,77.82790814978455,76.35066717035996,77.09424591064453,279700,0.0,0.0
2024-06-05 00:00:00-04:00,77.08432647473482,79.43403792764218,76.46963201643564,79.26548767089844,377000,0.0,0.0
2024-06-06 00:00:00-04:00,79.31506774413789,83.68731448428916,78.81934857073702,83.00321960449219,613500,0.0,0.0
2024-06-07 00:00:00-04:00,82.74544206536059,83.58816313254925,81.68460335544856,81.83332061767578,396100,0.0,0.0
2024-06-10 00:00:00-04:00,81.84323588898995,84.02439715529725,81.52597593090753,83.65756225585938,263400,0.0,0.0
2024-06-11 00:00:00-04:00,84.00457021698584,84.00457021698584,81.16905608298056,82.48766326904297,501400,0.0,0.0
2024-06-12 00:00:00-04:00,82.8148399627982,83.5683351885028,80.91128024277242,81.41691589355469,643100,0.0,0.0
2024-06-13 00:00:00-04:00,82.80492435511621,82.8941577363693,81.00050693277949,81.19879913330078,417700,0.0,0.0
2024-06-14 00:00:00-04:00,81.52597542016039,82.4579222863973,80.9013644449205,82.00186157226562,613900,0.0,0.0
2024-06-17 00:00:00-04:00,82.28938455117209,84.66883814739437,81.77383992795993,82.56698608398438,624300,0.0,0.0
2024-06-18 00:00:00-04:00,82.94373376482457,84.76797664909036,82.14066357931543,84.15328216552734,388600,0.0,0.0
2024-06-20 00:00:00-04:00,84.27225954052297,85.13481362594567,81.33760293950662,82.55706787109375,469200,0.0,0.0
2024-06-21 00:00:00-04:00,82.33895541419251,82.91398389048557,80.10821919656136,81.78374481201172,475900,0.0,0.0
2024-06-24 00:00:00-04:00,80.80222376837038,81.32768487219504,77.94688410551184,78.0361099243164,469500,0.0,0.0
2024-06-25 00:00:00-04:00,77.90722860763664,79.86036339870746,77.90722860763664,79.84053039550781,189700,0.0,0.0
2024-06-26 00:00:00-04:00,79.19608811179057,80.12804252759675,78.01628168683953,79.40428924560547,394600,0.0,0.0
2024-06-27 00:00:00-04:00,79.40428837357045,79.80086519917995,78.49216696952028,79.62240600585938,128200,0.0,0.0
2024-06-28 00:00:00-04:00,79.66206518179212,80.91127954659284,79.33488873033198,80.29658508300781,206000,0.0,0.0
2024-07-01 00:00:00-04:00,80.30650267592384,80.31641917691096,78.2046507470182,79.1861801147461,219200,0.0,0.0
2024-07-02 00:00:00-04:00,78.67063024454612,80.72290729217518,78.67063024454612,80.31642150878906,163800,0.0,0.0
2024-07-03 00:00:00-04:00,80.31641970368557,81.51605915248047,80.0784690628778,80.84188079833984,73600,0.0,0.0
2024-07-05 00:00:00-04:00,81.32768575905051,82.28938215838228,80.70308232838494,81.97212219238281,111200,0.0,0.0
2024-07-08 00:00:00-04:00,82.88424343264309,84.27225861679337,82.50749958777591,83.04287719726562,611700,0.0,0.0
2024-07-09 00:00:00-04:00,82.19023517008574,82.70577974903176,78.75985961873772,79.08702850341797,672700,0.0,0.0
2024-07-10 00:00:00-04:00,79.31506842829263,80.92120128703233,79.16635116217472,79.88018798828125,158500,0.0,0.0
2024-07-11 00:00:00-04:00,79.48361211383073,80.68325163091842,78.53183218863903,79.3943862915039,242100,0.0,0.0
2024-07-12 00:00:00-04:00,79.91984388532109,81.93246247234991,79.75130118565566,79.99916076660156,150100,0.0,0.0
2024-07-15 00:00:00-04:00,80.41556061578144,80.69316212779549,78.95814511363389,79.13660430908203,123300,0.0,0.0
2024-07-16 00:00:00-04:00,79.76120773936574,79.77112424024801,77.91713190710631,78.95814514160156,284700,0.0,0.0
2024-07-17 00:00:00-04:00,77.45116299734488,77.82790682963189,74.62555778093346,74.85359191894531,685000,0.0,0.0
2024-07-18 00:00:00-04:00,74.40745244831238,76.72741459569225,71.59176355349575,76.04331970214844,891800,0.0,0.0
2024-07-19 00:00:00-04:00,75.5971707069425,76.34074943520751,73.63411953613033,74.49667358398438,345200,0.0,0.0
2024-07-22 00:00:00-04:00,74.80401519079201,75.7260530936369,74.72470587709824,75.3790512084961,139600,0.0,0.0
2024-07-23 00:00:00-04:00,74.78419409787482,75.29973870516622,74.12984116438943,74.8238525390625,118200,0.0,0.0
2024-07-24 00:00:00-04:00,74.34795918812131,74.35787568948737,72.87071817569763,73.12849426269531,165400,0.0,0.0
2024-07-25 00:00:00-04:00,72.13705797815008,72.85089481538593,68.01267072482052,68.09198760986328,841900,0.0,0.0
2024-07-26 00:00:00-04:00,69.64854606584315,70.46152523337258,67.74498619515103,69.4800033569336,625400,0.0,0.0
2024-07-29 00:00:00-04:00,69.47008374386367,71.38356003057967,67.9135258624265,68.2109603881836,337300,0.0,0.0
2024-07-30 00:00:00-04:00,67.86394959517571,68.26052643375125,66.03970672743189,66.05953216552734,599400,0.0,0.0
2024-07-31 00:00:00-04:00,68.557963841582,70.13434719712767,67.81438507445871,68.8454818725586,389600,0.0,0.0
2024-08-01 00:00:00-04:00,68.17129830806621,69.07350321030651,63.947769113773965,64.3046875,797900,0.0,0.0
2024-08-02 00:00:00-04:00,59.54578893233417,63.660255834254436,56.24429739649734,61.96489715576172,739300,0.0,0.0
2024-08-05 00:00:00-04:00,58.58408915541852,59.198779840949186,57.265474404256345,58.147857666015625,589100,0.0,0.0
2024-08-06 00:00:00-04:00,58.147859136714054,58.395718717378585,56.31369597057428,57.017616271972656,640600,0.0,0.0
2024-08-07 00:00:00-04:00,57.800855421017786,58.91126532120203,57.6620546562494,57.900001525878906,437500,0.0,0.0
2024-08-08 00:00:00-04:00,58.560001373291016,61.040000915527344,58.040000915527344,60.61000061035156,432100,0.5,0.0
2024-08-09 00:00:00-04:00,60.61000061035156,61.119998931884766,59.400001525878906,59.91999816894531,211300,0.0,0.0
2024-08-12 00:00:00-04:00,59.91999816894531,61.45000076293945,59.90999984741211,60.86000061035156,302400,0.0,0.0
2024-08-13 00:00:00-04:00,62.0,63.779998779296875,61.86000061035156,63.709999084472656,378800,0.0,0.0
2024-08-14 00:00:00-04:00,64.33000183105469,64.5199966430664,62.650001525878906,63.119998931884766,269800,0.0,0.0
2024-08-15 00:00:00-04:00,64.26000213623047,67.1500015258789,64.16000366210938,66.68000030517578,430100,0.0,0.0
2024-08-16 00:00:00-04:00,63.709999084472656,64.29000091552734,62.290000915527344,63.869998931884766,599700,0.0,0.0
2024-08-19 00:00:00-04:00,64.26000213623047,65.2300033569336,63.869998931884766,65.04000091552734,217800,0.0,0.0
2024-08-20 00:00:00-04:00,65.16999816894531,65.91999816894531,64.19000244140625,64.75,162800,0.0,0.0
2024-08-21 00:00:00-04:00,65.0199966430664,65.75,64.2699966430664,65.5,236200,0.0,0.0
2024-08-22 00:00:00-04:00,65.7300033569336,65.87000274658203,64.5,64.80000305175781,275700,0.0,0.0
2024-08-23 00:00:00-04:00,65.05999755859375,65.58000183105469,63.63999938964844,64.06999969482422,672200,0.0,0.0
2024-08-26 00:00:00-04:00,64.06999969482422,64.06999969482422,62.11000061035156,62.36000061035156,118700,0.0,0.0
2024-08-27 00:00:00-04:00,62.0099983215332,62.939998626708984,61.529998779296875,62.099998474121094,134700,0.0,0.0
2024-08-28 00:00:00-04:00,61.560001373291016,62.5,60.459999084472656,62.099998474121094,424200,0.0,0.0
2024-08-29 00:00:00-04:00,62.5,64.87000274658203,62.5,62.939998626708984,348200,0.0,0.0
2024-08-30 00:00:00-04:00,63.779998779296875,63.97999954223633,62.79999923706055,63.56999969482422,176300,0.0,0.0
2024-09-03 00:00:00-04:00,62.650001525878906,62.650001525878906,58.7599983215332,59.349998474121094,358900,0.0,0.0
2024-09-04 00:00:00-04:00,59.22999954223633,60.130001068115234,58.810001373291016,58.91999816894531,147400,0.0,0.0
2024-09-05 00:00:00-04:00,58.380001068115234,59.099998474121094,58.09000015258789,58.5,210200,0.0,0.0
2024-09-06 00:00:00-04:00,58.0099983215332,58.400001525878906,56.400001525878906,56.91999816894531,377300,0.0,0.0
2024-09-09 00:00:00-04:00,57.08000183105469,58.65999984741211,57.029998779296875,57.95000076293945,122000,0.0,0.0
2024-09-10 00:00:00-04:00,57.83000183105469,58.0,56.880001068115234,57.38999938964844,124400,0.0,0.0
2024-09-11 00:00:00-04:00,57.27000045776367,58.349998474121094,56.34000015258789,58.33000183105469,175900,0.0,0.0
2024-09-12 00:00:00-04:00,58.06999969482422,58.599998474121094,57.369998931884766,58.099998474121094,227700,0.0,0.0
2024-09-13 00:00:00-04:00,58.59000015258789,60.15999984741211,58.349998474121094,59.63999938964844,243400,0.0,0.0
2024-09-16 00:00:00-04:00,58.369998931884766,59.060001373291016,55.04999923706055,55.90999984741211,554700,0.0,0.0
2024-09-17 00:00:00-04:00,56.599998474121094,57.63999938964844,56.099998474121094,56.5,287700,0.0,0.0
2024-09-18 00:00:00-04:00,56.5,56.7599983215332,55.130001068115234,55.189998626708984,265200,0.0,0.0
2024-09-19 00:00:00-04:00,56.5,56.689998626708984,55.43000030517578,55.86000061035156,776800,0.0,0.0
2024-09-20 00:00:00-04:00,55.209999084472656,56.040000915527344,54.7599983215332,54.970001220703125,253200,0.0,0.0
2024-09-23 00:00:00-04:00,55.099998474121094,55.9900016784668,54.63999938964844,54.939998626708984,187700,0.0,0.0
2024-09-24 00:00:00-04:00,55.68000030517578,57.11000061035156,55.54999923706055,56.95000076293945,214500,0.0,0.0
2024-09-25 00:00:00-04:00,56.5,57.380001068115234,56.220001220703125,57.09000015258789,187900,0.0,0.0
2024-09-26 00:00:00-04:00,61.130001068115234,62.34000015258789,60.150001525878906,61.470001220703125,414800,0.0,0.0
2024-09-27 00:00:00-04:00,61.470001220703125,61.599998474121094,59.88999938964844,60.59000015258789,278000,0.0,0.0
2024-09-30 00:00:00-04:00,60.439998626708984,61.36000061035156,60.0,60.7400016784668,252400,0.0,0.0
2024-10-01 00:00:00-04:00,60.56999969482422,60.70000076293945,58.310001373291016,59.56999969482422,233700,0.0,0.0
2024-10-02 00:00:00-04:00,59.790000915527344,61.0,59.47999954223633,60.08000183105469,189400,0.0,0.0
2024-10-03 00:00:00-04:00,59.720001220703125,61.029998779296875,59.720001220703125,60.9900016784668,161400,0.0,0.0
2024-10-04 00:00:00-04:00,62.09000015258789,62.29999923706055,60.59000015258789,61.13999938964844,228900,0.0,0.0
2024-10-07 00:00:00-04:00,61.13999938964844,61.58000183105469,59.79999923706055,60.20000076293945,167000,0.0,0.0
2024-10-08 00:00:00-04:00,61.27000045776367,62.29999923706055,60.130001068115234,60.189998626708984,254500,0.0,0.0
2024-10-09 00:00:00-04:00,60.189998626708984,60.560001373291016,59.40999984741211,59.790000915527344,173400,0.0,0.0
2024-10-10 00:00:00-04:00,59.099998474121094,60.439998626708984,59.0,60.25,288700,0.0,0.0
2024-10-11 00:00:00-04:00,59.75,60.7599983215332,59.5,59.93000030517578,111800,0.0,0.0
2024-10-14 00:00:00-04:00,60.130001068115234,60.630001068115234,59.20000076293945,59.20000076293945,93700,0.0,0.0
2024-10-15 00:00:00-04:00,59.189998626708984,59.27000045776367,57.25,57.27000045776367,182900,0.0,0.0
2024-10-16 00:00:00-04:00,58.099998474121094,58.099998474121094,56.0,56.31999969482422,391000,0.0,0.0
2024-10-17 00:00:00-04:00,57.0,57.66999816894531,56.0,56.209999084472656,313000,0.0,0.0
2024-10-18 00:00:00-04:00,56.68000030517578,57.02000045776367,55.560001373291016,55.939998626708984,218800,0.0,0.0
2024-10-21 00:00:00-04:00,55.900001525878906,57.380001068115234,55.709999084472656,57.150001525878906,209700,0.0,0.0
2024-10-22 00:00:00-04:00,57.060001373291016,57.220001220703125,56.369998931884766,57.0,136400,0.0,0.0
2024-10-23 00:00:00-04:00,56.59000015258789,57.130001068115234,55.560001373291016,55.7599983215332,134500,0.0,0.0
2024-10-24 00:00:00-04:00,56.13999938964844,56.439998626708984,55.790000915527344,56.2400016784668,87900,0.0,0.0
2024-10-25 00:00:00-04:00,56.939998626708984,57.40999984741211,56.0,56.060001373291016,187100,0.0,0.0
2024-10-28 00:00:00-04:00,55.900001525878906,57.650001525878906,55.65999984741211,56.70000076293945,233000,0.0,0.0
2024-10-29 00:00:00-04:00,56.41999816894531,58.0,56.29999923706055,57.83000183105469,241000,0.0,0.0
2024-10-30 00:00:00-04:00,56.81999969482422,57.25,55.97999954223633,56.0099983215332,231400,0.0,0.0
2024-10-31 00:00:00-04:00,55.29999923706055,56.560001373291016,52.43000030517578,53.810001373291016,677600,0.0,0.0
2024-11-01 00:00:00-04:00,53.5099983215332,54.060001373291016,52.150001525878906,52.779998779296875,242600,0.0,0.0
2024-11-04 00:00:00-05:00,52.7599983215332,53.2599983215332,51.91999816894531,52.290000915527344,161500,0.0,0.0
2024-11-05 00:00:00-05:00,52.09000015258789,54.68000030517578,52.0099983215332,53.939998626708984,226200,0.0,0.0
2024-11-06 00:00:00-05:00,53.779998779296875,55.880001068115234,53.5099983215332,55.33000183105469,288100,0.0,0.0
2024-11-07 00:00:00-05:00,55.95000076293945,56.77000045776367,55.36000061035156,56.09000015258789,228100,0.0,0.0
2024-11-08 00:00:00-05:00,55.709999084472656,55.939998626708984,53.93000030517578,54.119998931884766,229800,0.0,0.0
2024-11-11 00:00:00-05:00,54.220001220703125,54.220001220703125,51.0,51.7400016784668,388100,0.0,0.0
2024-11-12 00:00:00-05:00,51.72999954223633,52.060001373291016,50.5,51.130001068115234,176300,0.0,0.0
2024-11-13 00:00:00-05:00,51.310001373291016,53.400001525878906,51.310001373291016,52.59000015258789,301200,0.0,0.0
2024-11-14 00:00:00-05:00,52.599998474121094,54.15999984741211,52.29999923706055,54.02000045776367,351100,0.0,0.0
2024-11-15 00:00:00-05:00,53.880001068115234,53.880001068115234,51.029998779296875,51.20000076293945,329000,0.0,0.0
2024-11-18 00:00:00-05:00,51.310001373291016,53.0,51.0,52.79999923706055,542100,0.0,0.0
2024-11-19 00:00:00-05:00,52.79999923706055,54.34000015258789,52.2599983215332,53.560001373291016,438000,0.0,0.0
2024-11-20 00:00:00-05:00,53.630001068115234,54.119998931884766,52.459999084472656,53.06999969482422,298900,0.0,0.0
2024-11-21 00:00:00-05:00,53.790000915527344,55.20000076293945,53.18000030517578,54.79999923706055,448500,0.0,0.0
2024-11-22 00:00:00-05:00,54.15999984741211,55.56999969482422,54.15999984741211,54.93000030517578,278600,0.0,0.0
2024-11-25 00:00:00-05:00,55.02000045776367,56.70000076293945,55.02000045776367,55.810001373291016,405400,0.0,0.0
2024-11-26 00:00:00-05:00,56.20000076293945,56.349998474121094,52.81999969482422,53.40999984741211,573900,0.0,0.0
2024-11-27 00:00:00-05:00,52.29999923706055,53.41999816894531,51.650001525878906,52.43000030517578,344800,0.0,0.0
2024-11-29 00:00:00-05:00,52.65999984741211,53.36000061035156,51.779998779296875,53.06999969482422,218800,0.0,0.0
2024-12-02 00:00:00-05:00,53.310001373291016,54.310001373291016,53.310001373291016,53.95000076293945,233100,0.0,0.0
2024-12-03 00:00:00-05:00,53.91999816894531,57.5099983215332,53.31999969482422,57.15999984741211,527900,0.0,0.0
2024-12-04 00:00:00-05:00,57.939998626708984,57.939998626708984,55.72999954223633,56.20000076293945,386800,0.0,0.0
2024-12-05 00:00:00-05:00,56.0,56.61000061035156,55.560001373291016,56.20000076293945,262400,0.0,0.0
2024-12-06 00:00:00-05:00,56.25,57.31999969482422,55.81999969482422,56.97999954223633,210200,0.0,0.0
2024-12-09 00:00:00-05:00,56.97999954223633,57.31999969482422,56.5099983215332,57.029998779296875,203200,0.0,0.0
2024-12-10 00:00:00-05:00,57.0,57.470001220703125,55.7599983215332,56.119998931884766,308700,0.0,0.0
2024-12-11 00:00:00-05:00,56.689998626708984,57.439998626708984,55.66999816894531,56.150001525878906,357700,0.0,0.0
2024-12-12 00:00:00-05:00,56.20000076293945,57.380001068115234,55.619998931884766,56.27000045776367,171600,0.0,0.0
2024-12-13 00:00:00-05:00,56.9900016784668,59.599998474121094,56.31999969482422,59.31999969482422,316000,0.0,0.0
2024-12-16 00:00:00-05:00,59.380001068115234,60.970001220703125,59.029998779296875,60.31999969482422,488400,0.0,0.0
2024-12-17 00:00:00-05:00,59.900001525878906,60.880001068115234,59.400001525878906,60.150001525878906,277600,0.0,0.0
2024-12-18 00:00:00-05:00,60.16999816894531,60.91999816894531,55.18000030517578,55.18000030517578,375700,0.0,0.0
2024-12-19 00:00:00-05:00,54.900001525878906,54.9900016784668,52.060001373291016,53.22999954223633,345900,0.0,0.0
2024-12-20 00:00:00-05:00,53.209999084472656,54.45000076293945,52.52000045776367,53.900001525878906,251300,0.0,0.0
2024-12-23 00:00:00-05:00,54.189998626708984,56.11000061035156,54.189998626708984,56.06999969482422,234500,0.0,0.0
2024-12-24 00:00:00-05:00,56.279998779296875,56.4900016784668,55.849998474121094,56.4900016784668,82300,0.0,0.0
2024-12-26 00:00:00-05:00,56.22999954223633,56.849998474121094,55.41999816894531,56.75,122400,0.0,0.0
2024-12-27 00:00:00-05:00,56.2599983215332,56.290000915527344,53.38999938964844,54.86000061035156,333800,0.0,0.0
2024-12-30 00:00:00-05:00,54.04999923706055,55.189998626708984,53.619998931884766,54.599998474121094,157600,0.0,0.0
2024-12-31 00:00:00-05:00,54.459999084472656,55.06999969482422,53.70000076293945,54.04999923706055,227400,0.0,0.0
2025-01-02 00:00:00-05:00,54.5,55.47999954223633,54.27000045776367,54.650001525878906,171312,0.0,0.0
