Date,Open,High,Low,Close,Volume,Dividends,Stock Splits
2022-01-03 00:00:00-05:00,21.7630805287471,22.3963565826416,21.701297535026242,22.3963565826416,112400,0.0,0.0
2022-01-04 00:00:00-05:00,22.42724947788337,22.79022439257764,22.35002036519743,22.666658401489258,96100,0.0,0.0
2022-01-05 00:00:00-05:00,22.844283495870595,22.913789547449106,22.40407948455521,22.458139419555664,99300,0.0,0.0
2022-01-06 00:00:00-05:00,22.682101717039405,22.70526941686765,22.334571489389454,22.628040313720703,91000,0.0,0.0
2022-01-07 00:00:00-05:00,22.628045297148294,22.89062342186254,22.60487759221777,22.767057418823242,77500,0.0,0.0
2022-01-10 00:00:00-05:00,22.8751793158116,22.8751793158116,22.411806056973077,22.63576889038086,36300,0.0,0.0
2022-01-11 00:00:00-05:00,22.736166614436005,22.929238677971924,22.52764843229171,22.712997436523438,85400,0.0,0.0
2022-01-12 00:00:00-05:00,22.913790315458982,22.944681076627724,22.496753992009975,22.83656120300293,32000,0.0,0.0
2022-01-13 00:00:00-05:00,22.859731957870338,23.02963483859285,22.674382958984985,22.682106018066406,49200,0.0,0.0
2022-01-14 00:00:00-05:00,22.597152683974198,22.913790724982565,22.597152683974198,22.821115493774414,39500,0.0,0.0
2022-01-18 00:00:00-05:00,22.875177758379326,22.882899344330617,22.39635841314073,22.566261291503906,50000,0.0,0.0
2022-01-19 00:00:00-05:00,22.882900916043496,23.400334118669996,22.743890264029066,22.92923927307129,214700,0.0,0.0
2022-01-20 00:00:00-05:00,23.045077645177198,23.74013665937299,22.767053450289804,22.82883644104004,208900,0.0,0.0
2022-01-21 00:00:00-05:00,22.712994196655647,22.82111406544579,22.0951642706795,22.411802291870117,85000,0.0,0.0
2022-01-24 00:00:00-05:00,22.110608914061853,22.434969993455013,21.10663491609493,22.411802291870117,155800,0.0,0.0
2022-01-25 00:00:00-05:00,22.172396566384368,22.82111886150541,21.817144652544442,22.78250503540039,139200,0.0,0.0
2022-01-26 00:00:00-05:00,23.130033841646256,23.400333552655376,22.489034648496297,22.767057418823242,148200,0.0,0.0
2022-01-27 00:00:00-05:00,22.98329327767096,23.2690390403904,22.543089310817017,22.93695640563965,115900,0.0,0.0
2022-01-28 00:00:00-05:00,22.944683181051293,23.122310597898558,22.465865291348937,23.06825065612793,50800,0.0,0.0
2022-01-31 00:00:00-05:00,22.92923315101968,23.647461289932437,22.89061786380671,23.57795524597168,101500,0.0,0.0
2022-02-01 00:00:00-05:00,23.732415833481735,24.134006047639943,23.516176082029492,24.09539222717285,171900,0.0,0.0
2022-02-02 00:00:00-05:00,24.12628336798204,24.37341535810883,23.809645321504235,24.303909301757812,87500,0.0,0.0
2022-02-03 00:00:00-05:00,24.087669533140918,24.195789410503878,23.693802371717894,24.02588653564453,94100,0.0,0.0
2022-02-04 00:00:00-05:00,24.095392958855523,24.342524952604133,23.655187437840077,23.95638084411621,92500,0.0,0.0
2022-02-07 00:00:00-05:00,23.855980025899743,24.02588435838497,23.647463348884802,23.740137100219727,114900,0.0,0.0
2022-02-08 00:00:00-05:00,23.8019206243416,23.84053591578021,23.292210561533953,23.384885787963867,75500,0.0,0.0
2022-02-09 00:00:00-05:00,23.408055207085024,23.848259250620533,23.408055207085024,23.67063331604004,57200,0.0,0.0
2022-02-10 00:00:00-05:00,23.678357397632194,23.88687557663643,23.17637033460279,23.35399627685547,50300,0.0,0.0
2022-02-11 00:00:00-05:00,23.408051337391264,23.910038295752575,23.369437522526013,23.78647232055664,100700,0.0,0.0
2022-02-14 00:00:00-05:00,23.832817201449863,23.832817201449863,23.338551692106176,23.423503875732422,81800,0.0,0.0
2022-02-15 00:00:00-05:00,23.230425824228856,23.493003894207334,23.060522973722694,23.323101043701172,174500,0.0,0.0
2022-02-16 00:00:00-05:00,23.593403453256954,23.832813851089174,23.292211532592773,23.292211532592773,249700,0.0,0.0
2022-02-17 00:00:00-05:00,23.489938430209104,23.489938430209104,23.07866642944232,23.236846923828125,85900,0.71,0.0
2022-02-18 00:00:00-05:00,23.10239415866701,23.458302933845797,22.81766864705946,22.975849151611328,53600,0.0,0.0
2022-02-22 00:00:00-05:00,23.134031389816005,23.197303893959553,22.208670073881947,22.469669342041016,128700,0.0,0.0
2022-02-23 00:00:00-05:00,22.461758683310396,22.841393684388954,22.453849432221002,22.540849685668945,32100,0.0,0.0
2022-02-24 00:00:00-05:00,22.706939384889417,22.809758140298573,22.177033139839896,22.667394638061523,77400,0.0,0.0
2022-02-25 00:00:00-05:00,22.72275837176755,23.371301888206585,22.72275837176755,23.27639389038086,52500,0.0,0.0
2022-02-28 00:00:00-05:00,23.482032549455074,23.932849361387696,23.347578280235204,23.92494010925293,88800,0.0,0.0
2022-03-01 00:00:00-05:00,24.01984900888663,24.280848288482424,23.727212721565017,24.106847763061523,95500,0.0,0.0
2022-03-02 00:00:00-05:00,24.27293509774757,25.119205306125576,24.27293509774757,25.024295806884766,88800,0.0,0.0
2022-03-03 00:00:00-05:00,24.953114814284007,25.190387815294585,24.73166182358323,24.937297821044922,53800,0.0,0.0
2022-03-04 00:00:00-05:00,25.008478879473586,25.43556785583496,24.71584263887378,25.43556785583496,47200,0.0,0.0
2022-03-07 00:00:00-05:00,25.49093116443454,25.878476905472667,25.08756843055562,25.245750427246094,96600,0.0,0.0
2022-03-08 00:00:00-05:00,25.57002352657677,26.0999297428591,25.261568785629876,25.688657760620117,140600,0.0,0.0
2022-03-09 00:00:00-05:00,25.332750383037535,25.688659138397526,25.008480140482888,25.35647964477539,129800,0.0,0.0
2022-03-10 00:00:00-05:00,25.087568615800556,26.00502209143027,25.087568615800556,25.878477096557617,113300,0.0,0.0
2022-03-11 00:00:00-05:00,25.94174913841557,26.084112640559564,25.34856888517251,25.35647964477539,88300,0.0,0.0
2022-03-14 00:00:00-04:00,25.11920577305443,25.174569020084306,24.494388537065024,24.620933532714844,150500,0.0,0.0
2022-03-15 00:00:00-04:00,24.146391960102225,24.66839047470401,24.027754699800106,24.486480712890625,63100,0.0,0.0
2022-03-16 00:00:00-04:00,24.53393602086316,24.992662030222338,24.38366326529546,24.66839027404785,85400,0.0,0.0
2022-03-17 00:00:00-04:00,24.79493641658856,25.39602595797358,24.79493641658856,25.229934692382812,35200,0.0,0.0
2022-03-18 00:00:00-04:00,25.261570197492215,25.34856894236007,24.961024690391202,25.016387939453125,73000,0.0,0.0
2022-03-21 00:00:00-04:00,25.127117540348507,25.641205316693735,25.103389785587062,25.45138931274414,80000,0.0,0.0
2022-03-22 00:00:00-04:00,25.570025713577532,25.617478204425225,25.30902494563168,25.467206954956055,71400,0.0,0.0
2022-03-23 00:00:00-04:00,25.74402146693504,25.965477471836426,25.672839718407925,25.886384963989258,46600,0.0,0.0
2022-03-24 00:00:00-04:00,25.941749350615915,26.297658108887198,25.87847835862925,26.186931610107422,37500,0.0,0.0
2022-03-25 00:00:00-04:00,26.210657479575257,26.732655978540052,26.210657479575257,26.661474227905273,45200,0.0,0.0
2022-03-28 00:00:00-04:00,26.661476066416494,26.685205329644912,26.368841301214463,26.527023315429688,49100,0.0,0.0
2022-03-29 00:00:00-04:00,26.313476678574023,26.875019933579313,26.28975043365208,26.859201431274414,21500,0.0,0.0
2022-03-30 00:00:00-04:00,27.041111613377865,27.333749401311703,26.96992985645761,27.270475387573242,47300,0.0,0.0
2022-03-31 00:00:00-04:00,27.333744049072266,27.673834263645613,27.28628854806071,27.333744049072266,60700,0.0,0.0
2022-04-01 00:00:00-04:00,27.404931534235573,27.776655810300586,27.365383766570908,27.74502182006836,38600,0.0,0.0
2022-04-04 00:00:00-04:00,27.91111251021243,27.95065726211998,27.523566700547626,27.863656997680664,54300,0.0,0.0
2022-04-05 00:00:00-04:00,27.974376166046518,28.085102649148325,27.37328825046368,27.38910675048828,38400,0.0,0.0
2022-04-06 00:00:00-04:00,27.4602934372748,27.602656946063462,27.19929266547194,27.539382934570312,59700,0.0,0.0
2022-04-07 00:00:00-04:00,27.59474358120254,27.72128857517232,26.977837112733695,27.436561584472656,36800,0.0,0.0
2022-04-08 00:00:00-04:00,27.515653507100083,27.65801699942694,27.373290014773225,27.61846923828125,26400,0.0,0.0
2022-04-11 00:00:00-04:00,27.578925037074743,27.578925037074743,27.15183756875788,27.17556381225586,22300,0.0,0.0
2022-04-12 00:00:00-04:00,27.45238335096778,27.68965486574774,27.23883808254451,27.491928100585938,86900,0.0,0.0
2022-04-13 00:00:00-04:00,27.69756357844315,27.76083456974086,27.31001781986309,27.484018325805664,24500,0.0,0.0
2022-04-14 00:00:00-04:00,27.460291034035997,27.855744520046557,27.325835279915662,27.468198776245117,26900,0.0,0.0
2022-04-18 00:00:00-04:00,27.491926518035015,27.919017030296423,27.491926518035015,27.681745529174805,43700,0.0,0.0
2022-04-19 00:00:00-04:00,27.784561142799504,28.346104335912777,27.784561142799504,28.298648834228516,49300,0.0,0.0
2022-04-20 00:00:00-04:00,28.607109178544057,29.026292005164144,28.298655883436695,28.915565490722656,50400,0.0,0.0
2022-04-21 00:00:00-04:00,29.03419137191074,29.144917854405335,28.013920753947062,28.021831512451172,96800,0.0,0.0
2022-04-22 00:00:00-04:00,27.887377793223045,28.061378288083294,26.914562604548234,26.97783660888672,62000,0.0,0.0
2022-04-25 00:00:00-04:00,26.376743982141942,26.440017982513176,25.040112403538878,25.815200805664062,130300,0.0,0.0
2022-04-26 00:00:00-04:00,25.76775304370357,26.337204066029237,25.66493428279675,25.672842025756836,35500,0.0,0.0
2022-04-27 00:00:00-04:00,25.672838240072032,26.17111045106947,25.475111507445963,25.82311248779297,52400,0.0,0.0
2022-04-28 00:00:00-04:00,26.060389542674503,26.70102236260787,25.74402549591572,26.614025115966797,32600,0.0,0.0
2022-04-29 00:00:00-04:00,26.637748266863316,26.701019258617134,26.36883976350028,26.440021514892578,54400,0.0,0.0
2022-05-02 00:00:00-04:00,26.155294703712702,26.31347670987908,25.316932182980477,25.933841705322266,68800,0.0,0.0
2022-05-03 00:00:00-04:00,25.93384422856732,26.732659062675882,25.93384422856732,26.424205780029297,46700,0.0,0.0
2022-05-04 00:00:00-04:00,26.7484724088496,27.571016348683486,26.629835161290096,27.44447135925293,46300,0.0,0.0
2022-05-05 00:00:00-04:00,27.59474412528831,27.59474412528831,26.337201902950248,26.455839157104492,30000,0.0,0.0
2022-05-06 00:00:00-04:00,26.550747143166973,26.954111393528223,25.90220365932212,26.843381881713867,28400,0.0,0.0
2022-05-09 00:00:00-04:00,26.558658205458674,26.558658205458674,24.874025469881552,24.881933212280273,80800,0.0,0.0
2022-05-10 00:00:00-04:00,25.055932634555816,25.47511235622677,24.083117439671717,24.54184341430664,52300,0.0,0.0
2022-05-11 00:00:00-04:00,24.89775209154595,25.9496598536942,24.36784433921253,24.407390594482422,64600,0.0,0.0
2022-05-12 00:00:00-04:00,24.130575361903222,24.42321013878589,23.679758564491426,23.750940322875977,159700,0.0,0.0
2022-05-13 00:00:00-04:00,24.439026417819754,25.071752933802536,24.439026417819754,24.921480178833008,89100,0.0,0.0
2022-05-16 00:00:00-04:00,25.03220695037241,25.744022968629668,25.03220695037241,25.562114715576172,41200,0.0,0.0
2022-05-17 00:00:00-04:00,25.886385152392595,26.052474894474443,25.577931912220393,25.91802215576172,23900,0.0,0.0
2022-05-18 00:00:00-04:00,26.020842479055926,26.052476467264093,25.174570690266595,25.467206954956055,44500,0.0,0.0
2022-05-19 00:00:00-04:00,25.09548006156411,25.807297605652217,25.09548006156411,25.641204833984375,46700,0.0,0.0
2022-05-20 00:00:00-04:00,25.91802173596663,26.06038523175112,25.44347574432812,25.981292724609375,59100,0.0,0.0
2022-05-23 00:00:00-04:00,25.86812301273151,26.19147578387888,25.706446627157824,25.876205444335938,106200,0.71,0.0
2022-05-24 00:00:00-04:00,25.617526347626967,25.924709634119896,25.415431633869424,25.85195541381836,39700,0.0,0.0
2022-05-25 00:00:00-04:00,25.924708378781652,26.36931611077512,25.924708378781652,26.25614356994629,43000,0.0,0.0
2022-05-26 00:00:00-04:00,26.46632289592365,26.8300908838218,26.42590148951687,26.52290916442871,41000,0.0,0.0
2022-05-27 00:00:00-04:00,26.749259856648514,27.41213035583496,26.555247549796405,27.41213035583496,30300,0.0,0.0
2022-05-31 00:00:00-04:00,27.953744902116007,27.953744902116007,26.983689568589988,27.35554313659668,54900,0.0,0.0
2022-06-01 00:00:00-04:00,27.379787223734315,28.05074306212361,27.193860482471305,28.002239227294922,34400,0.0,0.0
2022-06-02 00:00:00-04:00,28.06691484963471,28.21242329032176,27.630389527573566,28.16391944885254,47300,0.0,0.0
2022-06-03 00:00:00-04:00,28.091163598175676,28.382180462659957,27.994159004587726,28.042659759521484,85400,0.0,0.0
2022-06-06 00:00:00-04:00,28.28517719603222,28.471103960681802,28.180087082544862,28.23667335510254,19300,0.0,0.0
2022-06-07 00:00:00-04:00,28.293255246018795,28.689362176299902,28.28517281564249,28.543853759765625,64500,0.0,0.0
2022-06-08 00:00:00-04:00,28.47110037947831,28.786367596564293,27.98607128235203,28.002239227294922,214900,0.0,0.0
2022-06-09 00:00:00-04:00,27.977990109308557,28.155834427954044,27.654637363356823,27.986072540283203,34500,0.0,0.0
2022-06-10 00:00:00-04:00,27.986071897946,27.986071897946,27.242364916535056,27.630386352539062,56200,0.0,0.0
2022-06-13 00:00:00-04:00,27.0645233677465,27.0645233677465,25.132498421078314,25.261838912963867,60500,0.0,0.0
2022-06-14 00:00:00-04:00,25.383097070773452,25.62561166511719,24.413043318979664,24.671724319458008,48500,0.0,0.0
2022-06-15 00:00:00-04:00,24.70405706992753,25.399263369979156,24.186695102555316,24.324119567871094,93900,0.0,0.0
2022-06-16 00:00:00-04:00,24.008852283503952,24.008852283503952,22.59418930650632,22.699277877807617,118500,0.0,0.0
2022-06-17 00:00:00-04:00,22.53759955181934,23.006459179296225,21.85856279983571,22.287002563476562,56400,0.0,0.0
2022-06-21 00:00:00-04:00,22.763948772095397,23.63699788680876,22.626524303026613,23.402568817138672,43300,0.0,0.0
2022-06-22 00:00:00-04:00,22.966043489151883,23.240892427293044,22.432513560256766,22.85287094116211,60000,0.0,0.0
2022-06-23 00:00:00-04:00,22.96603928438722,23.176217936359084,22.25466669005634,22.73969268798828,64500,0.0,0.0
2022-06-24 00:00:00-04:00,23.1923869696887,23.442983952633956,23.054962519326445,23.394481658935547,42400,0.0,0.0
2022-06-27 00:00:00-04:00,23.515739769678127,24.12202387881347,23.515739769678127,23.96843147277832,97600,0.0,0.0
2022-06-28 00:00:00-04:00,24.429208772312773,25.08399676382811,24.17052778192365,24.453460693359375,87300,0.0,0.0
2022-06-29 00:00:00-04:00,24.647468524505832,24.768725031693968,23.952262288565656,24.00885009765625,56600,0.0,0.0
2022-06-30 00:00:00-04:00,23.67741709772893,24.12202484550171,23.523824685538578,23.911846160888672,63000,0.0,0.0
2022-07-01 00:00:00-04:00,23.831007344344734,24.396873137482107,23.491488176834356,24.307950973510742,59000,0.0,0.0
2022-07-05 00:00:00-04:00,24.089689586119402,24.089689586119402,22.917541155727136,23.49148941040039,59000,0.0,0.0
2022-07-06 00:00:00-04:00,23.289395366127785,23.636998535181394,22.561854674219962,22.98221206665039,88300,0.0,0.0
2022-07-07 00:00:00-04:00,23.337898877142838,23.984601362545543,23.337898877142838,23.879512786865234,66400,0.0,0.0
2022-07-08 00:00:00-04:00,24.162440587694633,24.162440587694633,23.66933059368829,23.895675659179688,59100,0.0,0.0
2022-07-11 00:00:00-04:00,23.69358475557178,23.879513071468814,23.34598158732735,23.758255004882812,49300,0.0,0.0
2022-07-12 00:00:00-04:00,23.467239064826316,23.693584160802907,23.273228321763384,23.402568817138672,58800,0.0,0.0
2022-07-13 00:00:00-04:00,23.265140258223948,23.847172385095647,23.208552452317207,23.588491439819336,54400,0.0,0.0
2022-07-14 00:00:00-04:00,23.08730219557077,23.345983210803535,22.715448621638792,23.305564880371094,52100,0.0,0.0
2022-07-15 00:00:00-04:00,23.645080246936587,23.66124819322026,23.208554948438696,23.58041000366211,64700,0.0,0.0
2022-07-18 00:00:00-04:00,24.501962021830337,24.574716240224348,23.750169459665766,23.84717559814453,62700,0.0,0.0
2022-07-19 00:00:00-04:00,23.766336484630475,24.485794667305356,23.766336484630475,24.3160343170166,47300,0.0,0.0
2022-07-20 00:00:00-04:00,24.46154371238962,24.78489493775671,24.1705268386291,24.647470474243164,76900,0.0,0.0
2022-07-21 00:00:00-04:00,24.25136504257975,24.534297943115234,24.049270333891588,24.534297943115234,27800,0.0,0.0
2022-07-22 00:00:00-04:00,24.63130446005633,24.946573278652643,24.267534881174967,24.396875381469727,56900,0.0,0.0
2022-07-25 00:00:00-04:00,24.615137374007833,25.31842613220215,24.615137374007833,25.31842613220215,21800,0.0,0.0
2022-07-26 00:00:00-04:00,25.46393554229778,25.82770666678905,25.439683620044896,25.698366165161133,48300,0.0,0.0
2022-07-27 00:00:00-04:00,25.77920147473721,26.151055012014623,25.577106758775056,26.00554656982422,34100,0.0,0.0
2022-07-28 00:00:00-04:00,26.159141510462838,26.749257733199393,26.06213690659785,26.547163009643555,58500,0.0,0.0
2022-07-29 00:00:00-04:00,26.838181454860926,27.420212195383826,26.716923380236484,27.0079402923584,67800,0.0,0.0
2022-08-01 00:00:00-04:00,26.733087542166196,27.274702959385124,26.587579106717556,27.121109008789062,31800,0.0,0.0
2022-08-02 00:00:00-04:00,27.040274949504468,27.072610845750237,26.684586258242604,26.910934448242188,44400,0.0,0.0
2022-08-03 00:00:00-04:00,27.064527191689017,27.064527191689017,26.6441697627386,26.813928604125977,42300,0.0,0.0
2022-08-04 00:00:00-04:00,27.00793482521879,27.00793482521879,26.1348873493025,26.159137725830078,51100,0.0,0.0
2022-08-05 00:00:00-04:00,25.868120566906853,26.49865501893472,25.358842621664333,26.345064163208008,38100,0.0,0.0
2022-08-08 00:00:00-04:00,26.256141438108443,26.99176597748811,26.256141438108443,26.65224838256836,15200,0.0,0.0
2022-08-09 00:00:00-04:00,26.813923595740352,27.121108406388945,26.73308694838461,27.040271759033203,18800,0.0,0.0
2022-08-10 00:00:00-04:00,27.210032194119936,27.581885728121925,27.153445920846615,27.54955291748047,36800,0.0,0.0
2022-08-11 00:00:00-04:00,27.889069277624692,28.38218085100116,27.87290133118541,28.066913604736328,25900,0.0,0.0
2022-08-12 00:00:00-04:00,28.212421401894357,28.560024533188397,27.99415875547342,28.438766479492188,32500,0.0,0.0
2022-08-15 00:00:00-04:00,27.929489447022316,28.46301937988437,27.80014895068366,28.40643310546875,39300,0.0,0.0
2022-08-16 00:00:00-04:00,28.309427601929293,28.883375843407936,28.309427601929293,28.673198699951172,28000,0.0,0.0
2022-08-17 00:00:00-04:00,28.681280182821688,28.754034400019385,28.414516775577123,28.61661148071289,40500,0.0,0.0
2022-08-18 00:00:00-04:00,28.818703390169027,29.416901932456664,28.818703390169027,29.22289276123047,56400,0.0,0.0
2022-08-19 00:00:00-04:00,29.142054863016327,29.279480861323716,29.020799894331375,29.125886917114258,67100,0.0,0.0
2022-08-22 00:00:00-04:00,28.82679143504249,29.028886159933062,28.59236081407644,28.737869262695312,40700,0.0,0.0
2022-08-23 00:00:00-04:00,28.869843309898695,29.414245943594256,28.869843309898695,29.001819610595703,94800,0.71,0.0
2022-08-24 00:00:00-04:00,28.96882478017913,29.78543030488917,28.95232734925372,29.595714569091797,84600,0.0,0.0
2022-08-25 00:00:00-04:00,29.777176045106305,29.84316576000765,29.537971194995908,29.57096290588379,79900,0.0,0.0
2022-08-26 00:00:00-04:00,29.57096852474109,29.587465956601147,28.977076710596,28.993574142456055,73800,0.0,0.0
2022-08-29 00:00:00-04:00,28.80385571171679,29.175040068117973,28.663632258500474,29.010068893432617,63400,0.0,0.0
2022-08-30 00:00:00-04:00,28.869846374969175,28.869846374969175,28.23470937713223,28.275951385498047,96600,0.0,0.0
2022-08-31 00:00:00-04:00,28.127474193897957,28.44091908291097,27.756293017493483,28.16046905517578,42000,0.0,0.0
2022-09-01 00:00:00-04:00,27.723298145886254,28.13572447201592,27.525332124856227,28.011995315551758,24900,0.0,0.0
2022-09-02 00:00:00-04:00,28.449167874207795,28.7873573180984,28.12747271352484,28.259449005126953,20800,0.0,0.0
2022-09-06 00:00:00-04:00,28.226460325490933,28.37493406281934,27.96250771392117,27.979001998901367,62400,0.0,0.0
2022-09-07 00:00:00-04:00,27.6408143876611,28.358438548793227,27.6408143876611,28.275951385498047,40600,0.0,0.0
2022-09-08 00:00:00-04:00,28.38318423396664,28.68013174030955,28.176971037513365,28.589397430419922,34500,0.0,0.0
2022-09-09 00:00:00-04:00,28.81210648356968,29.150295981384673,28.81210648356968,29.067811965942383,9300,0.0,0.0
2022-09-12 00:00:00-04:00,29.33176255188565,29.645204306024507,29.32351226297694,29.488483428955078,40500,0.0,0.0
2022-09-13 00:00:00-04:00,29.307013011503457,29.43074216494323,28.300694940008107,28.39142608642578,48400,0.0,0.0
2022-09-14 00:00:00-04:00,28.399673447186878,29.24102342278112,28.399673447186878,28.968820571899414,33300,0.0,0.0
2022-09-15 00:00:00-04:00,28.803852770867067,28.927581925889296,28.416174168486112,28.424421310424805,17200,0.0,0.0
2022-09-16 00:00:00-04:00,28.325440183001245,28.325440183001245,27.58307153790467,27.71504783630371,40200,0.0,0.0
2022-09-19 00:00:00-04:00,27.393356534135087,28.119227767915735,27.12940393031726,28.077985763549805,41100,0.0,0.0
2022-09-20 00:00:00-04:00,27.987254347900443,27.987254347900443,27.459349085905515,27.558330535888672,46300,0.0,0.0
2022-09-21 00:00:00-04:00,27.83053054990935,28.061488291269875,27.187143325805664,27.187143325805664,75700,0.0,0.0
2022-09-22 00:00:00-04:00,27.418103353429533,27.451095067900685,26.80771101054774,26.84070587158203,96800,0.0,0.0
2022-09-23 00:00:00-04:00,26.395283140975366,26.395283140975366,24.97653723852927,25.331222534179688,128300,0.0,0.0
2022-09-26 00:00:00-04:00,25.207495749427473,25.248739324597217,24.415637985546702,24.564111709594727,128700,0.0,0.0
2022-09-27 00:00:00-04:00,24.745573812293735,25.18274618269216,24.613597544490663,24.729076385498047,92600,0.0,0.0
2022-09-28 00:00:00-04:00,25.017780031990203,25.735402507372278,24.82806430598951,25.61167335510254,44000,0.0,0.0
2022-09-29 00:00:00-04:00,25.430206811707,25.430206811707,24.77857404463779,25.1085147857666,34700,0.0,0.0
2022-09-30 00:00:00-04:00,24.902304448192602,25.223996510591828,24.646598968216146,24.7043399810791,49200,0.0,0.0
2022-10-03 00:00:00-04:00,25.256987307234084,25.933366187589126,25.256987307234084,25.776643753051758,70500,0.0,0.0
2022-10-04 00:00:00-04:00,26.156077417613012,26.865451217455366,26.156077417613012,26.824209213256836,40400,0.0,0.0
2022-10-05 00:00:00-04:00,26.799461770097924,26.93143805733783,26.065341902384326,26.749969482421875,60300,0.0,0.0
2022-10-06 00:00:00-04:00,26.56850405605431,26.81595923063389,26.08184242248535,26.08184242248535,37500,0.0,0.0
2022-10-07 00:00:00-04:00,26.024100602043756,26.024100602043756,25.388965254214956,25.504444122314453,42400,0.0,0.0
2022-10-10 00:00:00-04:00,25.504444241888578,25.79314298677242,24.844562744966872,24.968290328979492,25200,0.0,0.0
2022-10-11 00:00:00-04:00,24.745577025613585,25.512690165132636,24.745577025613585,25.405458450317383,185400,0.0,0.0
2022-10-12 00:00:00-04:00,25.45495509997113,25.45495509997113,24.90230372207975,24.9352970123291,33600,0.0,0.0
2022-10-13 00:00:00-04:00,24.745578002929687,25.933366187589126,24.242417413420043,25.776643753051758,51000,0.0,0.0
2022-10-14 00:00:00-04:00,25.718907715092683,26.255061661218544,24.90230372207975,24.9352970123291,31600,0.0,0.0
2022-10-17 00:00:00-04:00,25.191002512175565,25.933369636330635,25.191002512175565,25.71065902709961,43300,0.0,0.0
2022-10-18 00:00:00-04:00,26.18082046508789,26.494263750426768,25.867377179749013,26.18082046508789,22700,0.0,0.0
2022-10-19 00:00:00-04:00,26.2055698312884,26.362290706589945,26.024101236103174,26.13958168029785,167400,0.0,0.0
2022-10-20 00:00:00-04:00,26.164324723080995,26.164324723080995,25.842632702480316,26.05709457397461,91500,0.0,0.0
2022-10-21 00:00:00-04:00,25.900371993596487,26.552004746302828,25.751898270040694,26.411781311035156,53300,0.0,0.0
2022-10-24 00:00:00-04:00,26.708731439738173,26.708731439738173,26.032350900821022,26.065345764160156,74300,0.0,0.0
2022-10-25 00:00:00-04:00,25.99935449003366,26.626241085414573,25.842632054547686,26.584999084472656,49100,0.0,0.0
2022-10-26 00:00:00-04:00,26.716976891268015,26.92319005424052,26.617995454078894,26.78296661376953,26000,0.0,0.0
2022-10-27 00:00:00-04:00,26.96443154247537,27.376857860542643,26.96443154247537,27.104658126831055,31000,0.0,0.0
2022-10-28 00:00:00-04:00,27.228383799448952,27.45934467438909,26.94793378074976,27.368610382080078,31100,0.0,0.0
2022-10-31 00:00:00-04:00,27.220136312460802,27.673804621689214,27.187141452664516,27.484088897705078,48000,0.0,0.0
2022-11-01 00:00:00-04:00,27.739800506739098,27.929516272889522,27.64906619541417,27.731550216674805,38800,0.0,0.0
2022-11-02 00:00:00-04:00,27.72329668132065,28.04498869525735,27.096406936645504,27.096406936645508,36300,0.0,0.0
2022-11-03 00:00:00-04:00,26.84895164994618,27.624315112056873,26.84895164994618,27.451093673706055,17300,0.0,0.0
2022-11-04 00:00:00-04:00,27.954256177838054,28.069735046927935,27.40160640531842,27.830530166625977,25500,0.0,0.0
2022-11-07 00:00:00-05:00,27.838781356811523,27.987255109106275,27.574828718634993,27.838781356811523,48900,0.0,0.0
2022-11-08 00:00:00-05:00,27.80578535201449,28.152225142040027,27.63256703028348,27.97075653076172,69300,0.0,0.0
2022-11-09 00:00:00-05:00,27.880019198213414,28.044990359049873,26.8077113726212,26.873701095581055,98700,0.0,0.0
2022-11-10 00:00:00-05:00,27.508832990580697,28.01199358074788,27.434596130612377,27.954254150390625,72200,0.0,0.0
2022-11-11 00:00:00-05:00,28.28419715362882,28.333686297131106,27.682055117367707,27.723297119140625,33500,0.0,0.0
2022-11-14 00:00:00-05:00,27.64081436178005,28.08623560346633,27.64081436178005,27.764543533325195,21600,0.0,0.0
2022-11-15 00:00:00-05:00,27.814033737799456,28.07798634710309,27.64081228136126,27.67380714416504,161300,0.0,0.0
2022-11-16 00:00:00-05:00,27.451095956405954,27.995498594839763,27.451095956405954,27.781038284301758,133300,0.0,0.0
2022-11-17 00:00:00-05:00,27.426352317187852,27.484091754551603,26.931441955051906,27.11290740966797,31300,0.0,0.0
2022-11-18 00:00:00-05:00,26.865450601685097,27.607819246496085,26.865450601685097,27.566574096679688,67900,0.0,0.0
2022-11-21 00:00:00-05:00,27.368610556730307,27.368610556730307,26.824207945965238,27.310871124267578,32100,0.0,0.0
2022-11-22 00:00:00-05:00,27.546892823730946,28.16223000131879,27.546892823730946,28.035789489746094,55600,0.71,0.0
2022-11-23 00:00:00-05:00,27.875634124024092,28.052648266726244,27.496315807151074,27.81662940979004,35400,0.0,0.0
2022-11-25 00:00:00-05:00,27.83348761771025,28.187515893686598,27.83348761771025,27.993642807006836,10300,0.0,0.0
2022-11-28 00:00:00-05:00,27.7660509280729,27.799768824369387,27.454168426119335,27.471027374267578,53000,0.0,0.0
2022-11-29 00:00:00-05:00,27.572177724917168,27.94306815149653,27.513173014418733,27.93463706970215,43200,0.0,0.0
2022-11-30 00:00:00-05:00,28.204376639900662,28.305530338496933,27.698621008982848,28.271812438964844,62900,0.0,0.0
2022-12-01 00:00:00-05:00,28.440395487972538,28.743846902716996,28.21280451527756,28.263378143310547,37700,0.0,0.0
2022-12-02 00:00:00-05:00,27.985215186965586,28.263379804038223,27.858774678422577,28.128511428833008,30600,0.0,0.0
2022-12-05 00:00:00-05:00,28.06107474517972,28.195943100661033,27.327725047704554,27.51317024230957,38600,0.0,0.0
2022-12-06 00:00:00-05:00,27.353019797174966,27.673333402559365,26.796687332831425,26.97370147705078,84900,0.0,0.0
2022-12-07 00:00:00-05:00,26.94841527007181,27.294017327815215,26.87255159980594,27.024280548095703,54000,0.0,0.0
2022-12-08 00:00:00-05:00,27.167572021484375,27.479454515205138,27.049562603077355,27.167572021484375,78500,0.0,0.0
2022-12-09 00:00:00-05:00,27.18442879398232,27.310869283881352,26.847257905686,27.03270149230957,103100,0.0,0.0
2022-12-12 00:00:00-05:00,26.93155274150491,27.816626580508924,26.93155274150491,27.77448081970215,76600,0.0,0.0
2022-12-13 00:00:00-05:00,28.356102593034652,28.51626100026401,27.707047528433517,28.061079025268555,56700,0.0,0.0
2022-12-14 00:00:00-05:00,28.069503676629093,28.431962998659657,27.85877166221669,28.052644729614258,47000,0.0,0.0
2022-12-15 00:00:00-05:00,28.002077322442975,28.002077322442975,27.3193042865394,27.639617919921875,53400,0.0,0.0
2022-12-16 00:00:00-05:00,27.159141982208606,27.18442879398232,26.636525899531097,27.03270149230957,31700,0.0,0.0
2022-12-19 00:00:00-05:00,26.97369923968611,27.16757231710949,26.29935740179706,26.392078399658203,41800,0.0,0.0
2022-12-20 00:00:00-05:00,26.316214058015447,26.65338657595523,26.299356718324635,26.43422508239746,54200,0.0,0.0
2022-12-21 00:00:00-05:00,26.619668448923115,26.931552542970337,26.476370612375643,26.830400466918945,72900,0.0,0.0
2022-12-22 00:00:00-05:00,26.90626654923022,26.90626654923022,25.987474739263643,26.569095611572266,54800,0.0,0.0
2022-12-23 00:00:00-05:00,26.459514706992152,27.083282966798112,26.459514706992152,27.057992935180664,25300,0.0,0.0
2022-12-27 00:00:00-05:00,27.142284993896457,27.310871254085225,26.998985547305594,27.133853912353516,40300,0.0,0.0
2022-12-28 00:00:00-05:00,27.05799194167522,27.226578212366398,26.434226920288218,26.518518447875977,70200,0.0,0.0
2022-12-29 00:00:00-05:00,26.417368565646754,27.142287295057237,26.417368565646754,26.80511474609375,37900,0.0,0.0
2022-12-30 00:00:00-05:00,26.661816086259712,26.880977593334027,26.476372476161977,26.779827117919922,61200,0.0,0.0
2023-01-03 00:00:00-05:00,26.6955317478585,26.796683822560347,26.07176517584387,26.248779296875,37800,0.0,0.0
2023-01-04 00:00:00-05:00,26.198205553581385,26.67024484427212,26.198205553581385,26.47637176513672,34800,0.0,0.0
2023-01-05 00:00:00-05:00,26.240351063826818,26.510089406530838,26.240351063826818,26.341503143310547,44400,0.0,0.0
2023-01-06 00:00:00-05:00,26.543806702583634,27.243436988329755,26.543806702583634,27.17600440979004,33500,0.0,0.0
2023-01-09 00:00:00-05:00,27.336160023911663,27.766051963417226,27.235009546766065,27.530033111572266,33100,0.0,0.0
2023-01-10 00:00:00-05:00,27.589035719893538,27.86720353021841,27.251866416624065,27.791339874267578,25200,0.0,0.0
2023-01-11 00:00:00-05:00,27.89249194916,28.372960725998755,27.89249194916,28.322383880615234,15400,0.0,0.0
2023-01-12 00:00:00-05:00,28.465682398300327,28.88714644941727,28.347672978470065,28.760705947875977,50600,0.0,0.0
2023-01-13 00:00:00-05:00,28.752279175598744,28.828142836306746,28.415106635670803,28.73542022705078,36200,0.0,0.0
2023-01-17 00:00:00-05:00,28.684844579902236,28.904007704667055,28.592121966772183,28.726993560791016,56300,0.0,0.0
2023-01-18 00:00:00-05:00,28.861858968336605,28.861858968336605,27.825054596895125,27.89249038696289,40200,0.0,0.0
2023-01-19 00:00:00-05:00,27.681760328599097,27.97678389227079,27.513174056994266,27.80820083618164,22500,0.0,0.0
2023-01-20 00:00:00-05:00,27.757622171144792,28.035786767876875,27.61432272424032,28.010499954223633,12400,0.0,0.0
2023-01-23 00:00:00-05:00,28.03578706469579,28.49096900836606,28.03578706469579,28.246519088745117,16800,0.0,0.0
2023-01-24 00:00:00-05:00,28.32238192885218,28.490968186330612,27.99364049530272,28.22123146057129,12300,0.0,0.0
2023-01-25 00:00:00-05:00,28.044219157361866,28.052647023800848,27.59746827923654,28.018932342529297,17700,0.0,0.0
2023-01-26 00:00:00-05:00,28.162229887288895,28.39824874471878,27.959925712694872,28.31395721435547,27900,0.0,0.0
2023-01-27 00:00:00-05:00,28.549973825721015,28.549973825721015,28.15379980556207,28.263378143310547,16000,0.0,0.0
2023-01-30 00:00:00-05:00,28.052646235643742,28.162227789365467,27.715476923791897,27.799768447875977,25400,0.0,0.0
2023-01-31 00:00:00-05:00,27.648039407483285,28.398244857788086,27.648039407483285,28.398244857788086,26800,0.0,0.0
2023-02-01 00:00:00-05:00,28.38139078917031,28.507831304657707,27.867207291127414,28.271812438964844,18800,0.0,0.0
2023-02-02 00:00:00-05:00,28.35609963447023,28.575262732386186,28.162226565092507,28.482540130615234,13300,0.0,0.0
2023-02-03 00:00:00-05:00,28.372961363741116,28.490970790106218,28.077937797828366,28.128511428833008,31200,0.0,0.0
2023-02-06 00:00:00-05:00,27.968355429354006,28.111651667077673,27.723905501514746,28.10322380065918,43100,0.0,0.0
2023-02-07 00:00:00-05:00,28.035786425198065,28.17065478889266,27.75762183186596,28.153799057006836,40300,0.0,0.0
2023-02-08 00:00:00-05:00,28.17065701546103,28.17065701546103,27.766051892397833,27.909351348876953,15400,0.0,0.0
2023-02-09 00:00:00-05:00,27.951493201502643,27.993638959681448,27.428878725951964,27.51317024230957,11600,0.0,0.0
2023-02-10 00:00:00-05:00,27.51317322393689,28.035787756123774,27.51317322393689,27.968355178833008,28500,0.0,0.0
2023-02-13 00:00:00-05:00,27.89249254110172,28.263379768571724,27.749193083898415,28.027360916137695,28100,0.0,0.0
2023-02-14 00:00:00-05:00,27.825056676094892,28.364533390402535,27.825056676094892,28.111652374267578,18300,0.0,0.0
2023-02-15 00:00:00-05:00,27.95149554128226,28.246519088745117,27.690186673875512,28.246519088745117,21100,0.0,0.0
2023-02-16 00:00:00-05:00,28.33924286051731,28.33924286051731,27.943068825544888,28.13694190979004,36800,0.0,0.0
2023-02-17 00:00:00-05:00,27.878564765667438,28.016364155712573,27.594354961060365,27.895790100097656,36100,0.71,0.0
2023-02-21 00:00:00-05:00,27.689092473697258,27.69770349815683,27.1551186087976,27.17234230041504,62700,0.0,0.0
2023-02-22 00:00:00-05:00,27.10344226941675,27.292917659141274,26.793394469073636,26.870906829833984,62900,0.0,0.0
2023-02-23 00:00:00-05:00,27.068995824044503,27.258469589130808,26.879520416259766,26.879520416259766,57400,0.0,0.0
2023-02-24 00:00:00-05:00,26.879521441846634,26.93981011925018,26.69866033773147,26.758947372436523,38300,0.0,0.0
2023-02-27 00:00:00-05:00,26.707269978403257,27.103442814525565,26.69865731117908,26.8020076751709,44600,0.0,0.0
2023-02-28 00:00:00-05:00,27.000096402970374,27.000096402970374,26.60392189025879,26.60392189025879,56100,0.0,0.0
2023-03-01 00:00:00-05:00,26.474732003449812,26.569469697039835,26.181907898442702,26.29387092590332,95400,0.0,0.0
2023-03-02 00:00:00-05:00,26.130236047486378,26.741720674297998,26.09578537643864,26.690046310424805,47100,0.0,0.0
2023-03-03 00:00:00-05:00,26.629757276349135,27.284305192751305,26.629757276349135,27.2067928314209,52400,0.0,0.0
2023-03-06 00:00:00-05:00,27.172344309035733,27.33598171173493,27.01732121682948,27.04315757751465,17500,0.0,0.0
2023-03-07 00:00:00-05:00,26.93119532063825,26.93119532063825,26.526408160727875,26.53502082824707,23200,0.0,0.0
2023-03-08 00:00:00-05:00,26.4488962683945,26.586697308465766,26.2680351753545,26.483346939086914,12000,0.0,0.0
2023-03-09 00:00:00-05:00,26.379997638005886,26.733110456109404,25.97521209716797,25.97521209716797,30900,0.0,0.0
2023-03-10 00:00:00-05:00,25.98382278402824,26.018271810790733,25.088125090426875,25.122575759887695,71200,0.0,0.0
2023-03-13 00:00:00-04:00,24.717792581838882,25.346502574527637,24.364681400043914,24.7005672454834,84400,0.0,0.0
2023-03-14 00:00:00-04:00,24.829751941420916,25.535974246950108,24.709177882242276,24.941713333129883,26700,0.0,0.0
2023-03-15 00:00:00-04:00,24.588600400982344,24.588600400982344,24.114915223317894,24.31300163269043,65100,0.0,0.0
2023-03-16 00:00:00-04:00,24.114915841344533,24.5455393385114,23.839317065989462,24.502477645874023,66300,0.0,0.0
2023-03-17 00:00:00-04:00,24.476640584016472,24.476640584016472,23.882379675164636,24.1235294342041,33600,0.0,0.0
2023-03-20 00:00:00-04:00,24.07185437383427,24.493865207880777,24.07185437383427,24.33884048461914,29200,0.0,0.0
2023-03-21 00:00:00-04:00,24.6402793971498,24.735015458579163,24.45080398889421,24.562767028808594,24500,0.0,0.0
2023-03-22 00:00:00-04:00,24.597214739901187,24.597214739901187,23.97711746909133,23.994342803955078,43900,0.0,0.0
2023-03-23 00:00:00-04:00,24.114918526867278,24.14075653094608,23.227833432543214,23.51204490661621,36400,0.0,0.0
2023-03-24 00:00:00-04:00,23.219221354269482,23.79625698509806,23.046972917464515,23.701520919799805,30900,0.0,0.0
2023-03-27 00:00:00-04:00,23.830703788179576,24.519700708909365,23.830703788179576,24.31300163269043,35900,0.0,0.0
2023-03-28 00:00:00-04:00,24.32161830569787,24.631667792445523,24.32161830569787,24.536930084228516,62800,0.0,0.0
2023-03-29 00:00:00-04:00,24.666114058799973,24.91587648240321,24.666114058799973,24.78668975830078,27800,0.0,0.0
2023-03-30 00:00:00-04:00,24.950325672663727,25.251762459346722,24.950325672663727,25.23453712463379,51700,0.0,0.0
2023-03-31 00:00:00-04:00,25.225925491560243,25.415399240737656,25.225925491560243,25.320661544799805,56300,0.0,0.0
2023-04-03 00:00:00-04:00,25.67377410584683,26.026885265003887,25.613487075166123,25.759899139404297,73000,0.0,0.0
2023-04-04 00:00:00-04:00,25.716838335639185,25.725451003563393,25.268989459771085,25.398176193237305,43900,0.0,0.0
2023-04-05 00:00:00-04:00,25.363726950465693,25.99243691934785,25.363726950465693,25.93214988708496,27500,0.0,0.0
2023-04-06 00:00:00-04:00,26.044112790541423,26.07856346394103,25.84602634658923,25.96660041809082,22700,0.0,0.0
2023-04-10 00:00:00-04:00,25.8460221702119,26.113008275123345,25.8460221702119,25.889083862304688,14400,0.0,0.0
2023-04-11 00:00:00-04:00,26.02688716582249,26.39722368727746,26.001050803757217,26.242198944091797,33900,0.0,0.0
2023-04-12 00:00:00-04:00,26.362771297982224,26.543632380189,26.17329590591993,26.190521240234375,31000,0.0,0.0
2023-04-13 00:00:00-04:00,26.09578293968507,26.345545353363786,26.078559248467915,26.27664566040039,29800,0.0,0.0
2023-04-14 00:00:00-04:00,26.2508098739105,26.379996603777112,26.001049081861506,26.09578514099121,29100,0.0,0.0
2023-04-17 00:00:00-04:00,26.00966191942261,26.31970974458781,25.794350154005862,25.949373245239258,19600,0.0,0.0
2023-04-18 00:00:00-04:00,26.121622276222695,26.121622276222695,25.794349128586834,25.863248825073242,25800,0.0,0.0
2023-04-19 00:00:00-04:00,25.708225289113077,25.871862691866255,25.708225289113077,25.802961349487305,38800,0.0,0.0
2023-04-20 00:00:00-04:00,25.47568828721235,25.74267441919071,25.47568828721235,25.67377471923828,30200,0.0,0.0
2023-04-21 00:00:00-04:00,25.923536398698516,25.923536398698516,25.66516129942342,25.794349670410156,19900,0.0,0.0
2023-04-24 00:00:00-04:00,25.734061780346668,26.078561923195288,25.54458801593867,26.044111251831055,32100,0.0,0.0
2023-04-25 00:00:00-04:00,25.820185056140367,25.820185056140367,25.39817421688357,25.4153995513916,57500,0.0,0.0
2023-04-26 00:00:00-04:00,25.268989538802455,25.28621487470474,24.890040362444363,24.898653030395508,50200,0.0,0.0
2023-04-27 00:00:00-04:00,24.958939649060333,25.320663483511865,24.958939649060333,25.208702087402344,32100,0.0,0.0
2023-04-28 00:00:00-04:00,25.036451146900596,25.665161090771484,25.036451146900596,25.570425033569336,29700,0.0,0.0
2023-05-01 00:00:00-04:00,25.561813937655188,25.751287706407098,25.561813937655188,25.587650299072266,22900,0.0,0.0
2023-05-02 00:00:00-04:00,25.380951315030085,25.415401987348087,24.597216589478695,24.976165771484375,35400,0.0,0.0
2023-05-03 00:00:00-04:00,24.795301119899516,24.83836281143329,24.295776298997627,24.31300163269043,63400,0.0,0.0
2023-05-04 00:00:00-04:00,24.080467526414196,24.51109106566508,24.037405829568485,24.17520523071289,37600,0.0,0.0
2023-05-05 00:00:00-04:00,24.519704428863054,24.950327980324847,24.519704428863054,24.717792510986328,16000,0.0,0.0
2023-05-08 00:00:00-04:00,24.898652181439243,25.088125941808677,24.71779108872729,24.872814178466797,23500,0.0,0.0
2023-05-09 00:00:00-04:00,24.70056521477261,25.096738062187192,24.70056521477261,24.941713333129883,27900,0.0,0.0
2023-05-10 00:00:00-04:00,25.131188732065862,25.131188732065862,24.717790549711946,24.941713333129883,17500,0.0,0.0
2023-05-11 00:00:00-04:00,24.855591166386837,24.855591166386837,24.5541543609153,24.562767028808594,29200,0.0,0.0
2023-05-12 00:00:00-04:00,24.640279193140223,25.045064724582982,24.640279193140223,24.82114028930664,28600,0.0,0.0
2023-05-15 00:00:00-04:00,24.898652346189206,25.079515082796284,24.54554118338792,25.002002716064453,58000,0.0,0.0
2023-05-16 00:00:00-04:00,25.002002229030403,25.062289259158916,24.424966644988622,24.571378707885742,27700,0.0,0.0
2023-05-17 00:00:00-04:00,24.64027755299436,24.64027755299436,24.244103073045967,24.54553985595703,28100,0.0,0.0
2023-05-18 00:00:00-04:00,24.390517291644652,24.769466470666945,24.226879884819365,24.752241134643555,27000,0.0,0.0
2023-05-19 00:00:00-04:00,24.86420380156094,24.958939862865638,24.614441361079397,24.674728393554688,25000,0.0,0.0
2023-05-22 00:00:00-04:00,24.93310260201966,24.93310260201966,24.511090104527277,24.554153442382812,79400,0.0,0.0
2023-05-23 00:00:00-04:00,24.421665607141936,24.84562179064296,24.421665607141936,24.677806854248047,51100,0.71,0.0
2023-05-24 00:00:00-04:00,24.52765649630335,24.739634596704573,24.44816449807137,24.651309967041016,20900,0.0,0.0
2023-05-25 00:00:00-04:00,24.554154319196495,24.554154319196495,23.962381451618015,24.20969009399414,29800,0.0,0.0
2023-05-26 00:00:00-04:00,24.359839607619058,24.359839607619058,23.84755878263738,24.086034774780273,88200,0.0,0.0
2023-05-30 00:00:00-04:00,24.077201731430545,24.298012457120862,23.7592337473478,23.829893112182617,34900,0.0,0.0
2023-05-31 00:00:00-04:00,23.723904231220104,23.9093844268815,23.600249082793745,23.803396224975586,40800,0.0,0.0
2023-06-01 00:00:00-04:00,23.794564032164782,24.23618547909244,23.62674741062968,24.1920223236084,25800,0.0,0.0
2023-06-02 00:00:00-04:00,24.30684442518957,25.057601208985616,24.30684442518957,24.792627334594727,53300,0.0,0.0
2023-06-05 00:00:00-04:00,24.995770162311082,25.128257927892186,24.70430011040611,24.82795524597168,14700,0.0,0.0
2023-06-06 00:00:00-04:00,24.845622338295666,24.960444860099045,24.766132026207686,24.81912612915039,21300,0.0,0.0
2023-06-07 00:00:00-04:00,25.004603728601268,25.446225138002607,24.995771098255002,25.41089630126953,36200,0.0,0.0
2023-06-08 00:00:00-04:00,25.52571905313161,26.082163014382434,25.30490833176429,25.905513763427734,145800,0.0,0.0
2023-06-09 00:00:00-04:00,25.79952399848768,25.817189260597495,25.22541645713572,25.29607582092285,24100,0.0,0.0
2023-06-12 00:00:00-04:00,25.207754605249157,25.29607755254004,25.00460744638432,25.03993797302246,25900,0.0,0.0
2023-06-13 00:00:00-04:00,25.21658434265209,25.225416973887935,24.960444775421166,25.004606246948242,39100,0.0,0.0
2023-06-14 00:00:00-04:00,25.03993490884642,25.25191298877847,24.75729746893702,24.880950927734375,45500,0.0,0.0
2023-06-15 00:00:00-04:00,25.022273574585068,25.28724579492081,24.92511630762423,25.128263473510742,48900,0.0,0.0
2023-06-16 00:00:00-04:00,25.322574478782034,25.41973173866785,25.11942901234093,25.13709259033203,63900,0.0,0.0
2023-06-20 00:00:00-04:00,25.137092431458782,25.137092431458782,24.68664002946755,24.81912612915039,57000,0.0,0.0
2023-06-21 00:00:00-04:00,24.66897344413087,24.98694141404127,24.518822089967856,24.898616790771484,78900,0.0,0.0
2023-06-22 00:00:00-04:00,24.836791917414136,24.836791917414136,24.51882392372301,24.52765655517578,43400,0.0,0.0
2023-06-23 00:00:00-04:00,24.509992062968635,24.62481290616078,24.33334279766292,24.36867332458496,108300,0.0,0.0
2023-06-26 00:00:00-04:00,24.386336688319094,24.951611597818154,24.386336688319094,24.8632869720459,19900,0.0,0.0
2023-06-27 00:00:00-04:00,24.81912447433621,25.101761917388675,24.81912447433621,24.951610565185547,32700,0.0,0.0
2023-06-28 00:00:00-04:00,24.951612116247727,25.110596109010643,24.880952751092227,25.06643295288086,16100,0.0,0.0
2023-06-29 00:00:00-04:00,25.172425479403834,25.357905700618957,25.048771998593754,25.269582748413086,18900,0.0,0.0
2023-06-30 00:00:00-04:00,25.446226942958166,25.711200818185326,25.349071371561767,25.658205032348633,23900,0.0,0.0
2023-07-03 00:00:00-04:00,25.976171647274175,26.205814986573937,25.843685558930627,26.161653518676758,44100,0.0,0.0
2023-07-05 00:00:00-04:00,26.17048590190807,26.17048590190807,25.896681079672824,26.02916717529297,26300,0.0,0.0
2023-07-06 00:00:00-04:00,25.89668206138799,25.949676164714575,25.587546703453928,25.87018585205078,28600,0.0,0.0
2023-07-07 00:00:00-04:00,25.861353404135468,26.302974865844153,25.861353404135468,26.126325607299805,44600,0.0,0.0
2023-07-10 00:00:00-04:00,26.24997743779452,26.285307961157354,26.011503143703695,26.196983337402344,42500,0.0,0.0
2023-07-11 00:00:00-04:00,26.373634221828393,26.656271687665047,26.241146435646804,26.620941162109375,35800,0.0,0.0
2023-07-12 00:00:00-04:00,26.726932693502782,27.044900704398653,26.718100061572088,26.98307228088379,22700,0.0,0.0
2023-07-13 00:00:00-04:00,27.0713917369458,27.318700329739766,26.965403543356928,27.124385833740234,27800,0.0,0.0
2023-07-14 00:00:00-04:00,27.12439160719192,27.142056871434118,26.550283996538983,26.629776000976562,45000,0.0,0.0
2023-07-17 00:00:00-04:00,26.585614092948806,26.709267571329924,26.249980816411064,26.302976608276367,42300,0.0,0.0
2023-07-18 00:00:00-04:00,26.364800374835394,26.69159929789671,26.24997785672577,26.453125,39800,0.0,0.0
2023-07-19 00:00:00-04:00,26.514954148900696,26.735764889611758,26.506121517113982,26.656272888183594,28200,0.0,0.0
2023-07-20 00:00:00-04:00,26.859418803158633,26.98307228088379,26.665105954640204,26.98307228088379,36000,0.0,0.0
2023-07-21 00:00:00-04:00,27.15088420435844,27.327533442998135,26.983067596115927,27.256874084472656,18500,0.0,0.0
2023-07-24 00:00:00-04:00,27.362866017187997,27.59250938492377,27.239212544042665,27.442358016967773,31800,0.0,0.0
2023-07-25 00:00:00-04:00,27.292204804733842,27.389362061155303,27.24804333435251,27.318702697753906,23500,0.0,0.0
2023-07-26 00:00:00-04:00,27.22154814565285,27.389364782147425,27.071396772926608,27.0978946685791,28000,0.0,0.0
2023-07-27 00:00:00-04:00,27.13322317968221,27.22154781279156,26.656272856335345,26.71809959411621,50300,0.0,0.0
2023-07-28 00:00:00-04:00,26.709265655772434,26.80642291590519,26.665104183704184,26.735763549804688,21100,0.0,0.0
2023-07-31 00:00:00-04:00,26.762258891899236,27.150886235183822,26.762258891899236,27.142053604125977,13900,0.0,0.0
2023-08-01 00:00:00-04:00,27.02723443129256,27.17738579920288,26.99190390488908,27.00956916809082,32500,0.0,0.0
2023-08-02 00:00:00-04:00,26.79759264197282,26.90358085812138,26.54145136441788,26.629776000976562,42100,0.0,0.0
2023-08-03 00:00:00-04:00,26.56794638141082,26.682767217236474,26.497287016752235,26.594444274902344,13800,0.0,0.0
2023-08-04 00:00:00-04:00,26.779924305857378,26.921243034279943,26.453125378124753,26.470788955688477,33200,0.0,0.0
2023-08-07 00:00:00-04:00,26.532616341187317,26.832917363912895,26.497285818130152,26.559112548828125,33600,0.0,0.0
2023-08-08 00:00:00-04:00,26.47962205338318,26.6032772064209,26.267643957014158,26.6032772064209,21200,0.0,0.0
2023-08-09 00:00:00-04:00,26.629772280847423,27.027232247510913,26.629772280847423,26.938907623291016,19500,0.0,0.0
2023-08-10 00:00:00-04:00,27.018401362881,27.477688090787478,27.018401362881,27.115558624267578,45800,0.0,0.0
2023-08-11 00:00:00-04:00,27.00073614413651,27.627839501467836,26.779925411280107,27.486520767211914,35700,0.0,0.0
2023-08-14 00:00:00-04:00,27.327533398692697,27.5306788435426,27.318700768309835,27.38052749633789,81800,0.0,0.0
2023-08-15 00:00:00-04:00,27.38052964309074,27.42469111381552,26.983069667959217,27.018400192260742,26000,0.0,0.0
2023-08-16 00:00:00-04:00,27.080226322480886,27.124387792222876,26.81525413472476,27.000734329223633,30400,0.0,0.0
2023-08-17 00:00:00-04:00,27.20388024705833,27.20388024705833,26.806421958680325,26.832918167114258,29000,0.0,0.0
2023-08-18 00:00:00-04:00,26.762258374851225,27.089058979069215,26.762258374851225,26.938907623291016,165200,0.0,0.0
2023-08-21 00:00:00-04:00,27.062563745904697,27.062563745904697,26.779926268347296,26.841753005981445,27600,0.0,0.0
2023-08-22 00:00:00-04:00,26.974239349365234,27.09789281799437,26.86824945864586,26.974239349365234,61800,0.0,0.0
2023-08-23 00:00:00-04:00,26.84764236960806,27.21839107546569,26.793385199421934,27.001367568969727,23000,0.71,0.0
2023-08-24 00:00:00-04:00,27.028494429313277,27.543925472834882,26.87476922995161,27.001367568969727,28400,0.0,0.0
2023-08-25 00:00:00-04:00,26.974237830893077,27.191261328112617,26.88381094253091,27.073707580566406,27800,0.0,0.0
2023-08-28 00:00:00-04:00,27.07370895771486,27.26360388066023,27.001367788295262,27.227434158325195,21900,0.0,0.0
2023-08-29 00:00:00-04:00,27.209347786985507,27.462542736300822,27.12796375773235,27.390201568603516,24500,0.0,0.0
2023-08-30 00:00:00-04:00,27.516797118016605,27.58009542171309,27.22743245840444,27.326900482177734,25800,0.0,0.0
2023-08-31 00:00:00-04:00,27.580094781239513,27.580094781239513,27.236474687117074,27.245515823364258,31800,0.0,0.0
2023-09-01 00:00:00-04:00,27.471583729255894,27.534883759815376,27.16413506171437,27.272645950317383,33500,0.0,0.0
2023-09-05 00:00:00-04:00,27.344989152681546,27.435416049746713,27.26360511779785,27.26360511779785,33200,0.0,0.0
2023-09-06 00:00:00-04:00,27.14604945436683,27.14604945436683,26.54923439025879,26.54923439025879,43900,0.0,0.0
2023-09-07 00:00:00-04:00,26.540192901252386,26.766259277370803,26.540192901252386,26.702960968017578,22300,0.0,0.0
2023-09-08 00:00:00-04:00,26.739128502074838,26.89285369423918,26.721042779526226,26.838598251342773,43900,0.0,0.0
2023-09-11 00:00:00-04:00,26.947109503196593,27.01040953297663,26.73912886531055,26.81147003173828,55700,0.0,0.0
2023-09-12 00:00:00-04:00,26.86572455755677,27.209346379911416,26.86572455755677,27.10987663269043,56600,0.0,0.0
2023-09-13 00:00:00-04:00,27.182220259266266,27.209348844988675,26.974239609643114,27.082752227783203,21700,0.0,0.0
2023-09-14 00:00:00-04:00,27.173176038985893,27.41732812403389,27.173176038985893,27.399242401123047,15200,0.0,0.0
2023-09-15 00:00:00-04:00,27.471583995196738,27.471583995196738,27.38115882873535,27.38115882873535,21600,0.0,0.0
2023-09-18 00:00:00-04:00,27.41732966611214,27.462543975932313,27.236477601080136,27.426372528076172,14900,0.0,0.0
2023-09-19 00:00:00-04:00,27.453499192123626,27.670522689819336,27.40828488546862,27.670522689819336,23800,0.0,0.0
2023-09-20 00:00:00-04:00,27.562011353107017,27.751908000340283,27.381159292372434,27.589139938354492,24900,0.0,0.0
2023-09-21 00:00:00-04:00,27.534885808993362,27.534885808993362,27.26360511779785,27.26360511779785,21600,0.0,0.0
2023-09-22 00:00:00-04:00,27.3811570135633,27.489667896023278,27.20934610412739,27.245515823364258,35800,0.0,0.0
2023-09-25 00:00:00-04:00,27.308815726505667,27.58009465617485,26.965193909192035,27.49871063232422,33700,0.0,0.0
2023-09-26 00:00:00-04:00,27.344986995713324,27.41732816270928,27.281688690185547,27.281688690185547,42200,0.0,0.0
2023-09-27 00:00:00-04:00,27.30881576116982,27.30881576116982,26.865724197532018,27.137004852294922,16500,0.0,0.0
2023-09-28 00:00:00-04:00,27.09178981199276,27.09178981199276,26.41359078062079,26.458805084228516,33000,0.0,0.0
2023-09-29 00:00:00-04:00,26.45880829753376,26.648703221500135,26.124229309200746,26.133272171020508,44200,0.0,0.0
2023-10-02 00:00:00-04:00,26.115185981983633,26.115185981983633,25.681138970867448,25.925291061401367,57900,0.0,0.0
2023-10-03 00:00:00-04:00,25.608798578993923,25.608798578993923,24.505595294429057,24.912513732910156,103800,0.0,0.0
2023-10-04 00:00:00-04:00,24.704532665998666,24.98485448219058,24.369955403874336,24.586978912353516,28000,0.0,0.0
2023-10-05 00:00:00-04:00,24.58697801608753,24.596020877538216,24.207186458906076,24.39708137512207,45100,0.0,0.0
2023-10-06 00:00:00-04:00,24.415168041356964,25.11145287721703,24.415168041356964,24.93964195251465,33400,0.0,0.0
2023-10-09 00:00:00-04:00,25.03911209453878,25.527414566042747,25.03911209453878,25.509328842163086,19600,0.0,0.0
2023-10-10 00:00:00-04:00,25.563584650928682,25.64496867929877,25.319432565818417,25.482200622558594,23400,0.0,0.0
2023-10-11 00:00:00-04:00,25.545501657908076,25.717312594466385,25.509330208211736,25.663055419921875,19100,0.0,0.0
2023-10-12 00:00:00-04:00,25.61783878274852,25.82581941137485,25.61783878274852,25.681137084960938,29400,0.0,0.0
2023-10-13 00:00:00-04:00,25.889116928206295,26.21465301513672,25.771563188342157,26.21465301513672,29900,0.0,0.0
2023-10-16 00:00:00-04:00,26.458807478263523,26.522105784292346,26.124228500290407,26.422636032104492,16900,0.0,0.0
2023-10-17 00:00:00-04:00,26.449764008781493,26.666787506499,26.449764008781493,26.467849731445312,26000,0.0,0.0
2023-10-18 00:00:00-04:00,26.395508984453546,26.612532485615358,26.079015731811523,26.079015731811523,22500,0.0,0.0
2023-10-19 00:00:00-04:00,25.925291183234307,26.37742391979246,25.8800785994783,25.916248321533203,58600,0.0,0.0
2023-10-20 00:00:00-04:00,25.81677822309269,25.81677822309269,25.690181610465455,25.6992244720459,26500,0.0,0.0
2023-10-23 00:00:00-04:00,25.427943912271076,25.4731564925587,25.08432209298735,25.31943130493164,29300,0.0,0.0
2023-10-24 00:00:00-04:00,25.27421970536452,25.7173095634242,25.27421970536452,25.617839813232422,14900,0.0,0.0
2023-10-25 00:00:00-04:00,25.436986842390873,25.934333884375462,25.2199633371565,25.328475952148438,49500,0.0,0.0
2023-10-26 00:00:00-04:00,25.12049621626533,25.446030623505028,25.011983597352387,25.274221420288086,29100,0.0,0.0
2023-10-27 00:00:00-04:00,25.22900473617115,25.22900473617115,24.776872028624176,24.822086334228516,42800,0.0,0.0
2023-10-30 00:00:00-04:00,24.804000854492188,25.102408375400703,24.64123280222401,24.804000854492188,25200,0.0,0.0
2023-10-31 00:00:00-04:00,24.66836221528764,25.09336635791733,24.65027649226098,24.984853744506836,113800,0.0,0.0
2023-11-01 00:00:00-04:00,24.89442804598776,25.608796842754504,24.89442804598776,25.38273048400879,56700,0.0,0.0
2023-11-02 00:00:00-04:00,25.464116037974105,26.449765559185245,25.464116037974105,26.124229431152344,50000,0.0,0.0
2023-11-03 00:00:00-04:00,26.223698875523276,26.992324877169555,26.223698875523276,26.50402069091797,35900,0.0,0.0
2023-11-06 00:00:00-05:00,26.66678832400797,26.66678832400797,26.115185839097403,26.178485870361328,23300,0.0,0.0
2023-11-07 00:00:00-05:00,26.08805708059056,26.31412343011951,25.889117589165487,25.9343318939209,29600,0.0,0.0
2023-11-08 00:00:00-05:00,25.861990521322117,25.907203100961485,25.319430941902898,25.346559524536133,22800,0.0,0.0
2023-11-09 00:00:00-05:00,25.45507177165858,25.63592554942059,25.16570710703893,25.373687744140625,91200,0.0,0.0
2023-11-10 00:00:00-05:00,25.42794748639463,25.59975669543642,25.174752516846738,25.210922241210938,53600,0.0,0.0
2023-11-13 00:00:00-05:00,25.120494441243707,25.33751793898508,25.120494441243707,25.26517677307129,29400,0.0,0.0
2023-11-14 00:00:00-05:00,25.482199194863004,26.006673056780187,25.482199194863004,25.9343318939209,60000,0.0,0.0
2023-11-15 00:00:00-05:00,26.060930659251852,26.205612996970498,25.86199287607609,25.916248321533203,60400,0.0,0.0
2023-11-16 00:00:00-05:00,25.925290960134685,26.223698494705143,25.68113887055445,25.690181732177734,54500,0.0,0.0
2023-11-17 00:00:00-05:00,25.97954779202786,25.97954779202786,25.672097379421054,25.843908309936523,59900,0.0,0.0
2023-11-20 00:00:00-05:00,25.84390613556305,25.84390613556305,25.69922380353851,25.735393524169922,50300,0.0,0.0
2023-11-21 00:00:00-05:00,25.73539491136384,25.93014840217208,25.494270278307297,25.791038513183594,80200,0.71,0.0
2023-11-22 00:00:00-05:00,25.689027038515544,25.92087745666504,25.549915372523195,25.92087745666504,113300,0.0,0.0
2023-11-24 00:00:00-05:00,25.791036599739357,26.05070967043,25.791036599739357,25.8652286529541,37400,0.0,0.0
2023-11-27 00:00:00-05:00,25.828134042439665,25.828134042439665,25.605557878213858,25.66120147705078,52300,0.0,0.0
2023-11-28 00:00:00-05:00,25.735394541812184,25.85595597217013,25.679750940791454,25.772491455078125,88600,0.0,0.0
2023-11-29 00:00:00-05:00,25.95796967308459,26.059984411593913,25.753941964944055,25.883777618408203,102900,0.0,0.0
2023-11-30 00:00:00-05:00,26.226916068040083,26.226916068040083,25.902325176749077,26.069257736206055,63100,0.0,0.0
2023-12-01 00:00:00-05:00,26.26401377433968,26.486589952390904,26.19909594351785,26.430946350097656,88600,0.0,0.0
2023-12-04 00:00:00-05:00,26.36602871008627,26.48659014407385,26.25473973581615,26.40312385559082,82400,0.0,0.0
2023-12-05 00:00:00-05:00,26.31965640050938,26.31965640050938,26.06925931503718,26.09708023071289,84400,0.0,0.0
2023-12-06 00:00:00-05:00,25.97651882104881,26.19909499100792,25.818860479551333,25.94869613647461,67500,0.0,0.0
2023-12-07 00:00:00-05:00,26.106355525978966,26.21764449986516,25.82813574458083,25.83740997314453,75100,0.0,0.0
2023-12-08 00:00:00-05:00,25.791036593678623,26.097079034227285,25.791036593678623,25.939420700073242,82100,0.0,0.0
2023-12-11 00:00:00-05:00,25.791037615219327,26.032162239880655,25.781763387092568,25.902326583862305,40200,0.0,0.0
2023-12-12 00:00:00-05:00,25.893052766802512,25.893052766802512,25.531366708507623,25.62410545349121,28100,0.0,0.0
2023-12-13 00:00:00-05:00,25.74466700421341,26.46804084337693,25.44789879395496,26.412395477294922,111400,0.0,0.0
2023-12-14 00:00:00-05:00,26.64424894836462,26.913196275607174,26.64424894836462,26.718441009521484,82400,0.0,0.0
2023-12-15 00:00:00-05:00,26.839002527021055,26.839002527021055,26.20836916239793,26.393848419189453,45400,0.0,0.0
2023-12-18 00:00:00-05:00,26.49586137569434,26.70916330263384,26.440217779292304,26.542232513427734,38700,0.0,0.0
2023-12-19 00:00:00-05:00,26.45876829507019,26.7648107524339,26.45876829507019,26.736988067626953,56700,0.0,0.0
2023-12-20 00:00:00-05:00,26.570056792492288,26.9131961796685,26.226919174194336,26.226919174194336,62700,0.0,0.0
2023-12-21 00:00:00-05:00,26.477314703852993,26.54223430105209,26.226917618740526,26.393848419189453,49000,0.0,0.0
2023-12-22 00:00:00-05:00,26.254739019091414,26.829728794180365,26.254739019091414,26.560781478881836,61900,0.0,0.0
2023-12-26 00:00:00-05:00,26.65352106900988,26.97811197422762,26.65352106900988,26.89464569091797,73100,0.0,0.0
2023-12-27 00:00:00-05:00,26.922468076340937,26.922468076340937,26.62569808959961,26.62569808959961,61400,0.0,0.0
2023-12-28 00:00:00-05:00,26.57005529809568,26.913194665972487,26.57005529809568,26.83900260925293,68600,0.0,0.0
2023-12-29 00:00:00-05:00,26.783356046507816,26.94101438112092,26.64424616746757,26.68134307861328,66200,0.0,0.0
2024-01-02 00:00:00-05:00,26.792632154948585,27.08012792987377,26.792632154948585,26.903921127319336,47200,0.0,0.0
2024-01-03 00:00:00-05:00,26.996660884577285,27.386169623617715,26.94101551551568,27.358346939086914,88800,0.0,0.0
2024-01-04 00:00:00-05:00,27.543826741873445,27.627293022881638,27.404715094274405,27.423263549804688,90200,0.0,0.0
2024-01-05 00:00:00-05:00,27.478907343554706,27.57164785298966,27.200687584127937,27.32124900817871,63800,0.0,0.0
2024-01-08 00:00:00-05:00,27.107947392453497,27.441812522781674,26.968837511109463,27.36762046813965,39600,0.0,0.0
2024-01-09 00:00:00-05:00,27.358347649797558,27.395444563468992,27.08012787277463,27.27488136291504,22300,0.0,0.0
2024-01-10 00:00:00-05:00,27.274881351600296,27.441813925296085,27.107948777904504,27.34907341003418,31500,0.0,0.0
2024-01-11 00:00:00-05:00,27.488183526396842,27.488183526396842,26.88537282551376,27.098674774169922,47800,0.0,0.0
2024-01-12 00:00:00-05:00,27.25633312075887,27.395444779244226,27.080128086066328,27.098674774169922,35500,0.0,0.0
2024-01-16 00:00:00-05:00,27.27488233834671,27.27488233834671,26.727715224272167,26.792633056640625,45200,0.0,0.0
2024-01-17 00:00:00-05:00,26.792631719956884,26.866823777373437,26.217643717198143,26.36602783203125,29100,0.0,0.0
2024-01-18 00:00:00-05:00,26.560780824393866,26.62569865231367,26.0136137478153,26.199094772338867,39000,0.0,0.0
2024-01-19 00:00:00-05:00,26.44949344180876,26.44949344180876,25.976518424535957,26.152725219726562,41400,0.0,0.0
2024-01-22 00:00:00-05:00,26.152725562248285,26.570055216687834,26.152725562248285,26.393848419189453,58400,0.0,0.0
2024-01-23 00:00:00-05:00,26.54223551564803,26.60715334693967,26.25473973581615,26.40312385559082,39400,0.0,0.0
2024-01-24 00:00:00-05:00,26.59787892585563,26.607153154384207,26.34748006221867,26.430946350097656,23300,0.0,0.0
2024-01-25 00:00:00-05:00,26.662797201289056,26.85755069700213,26.486590394064194,26.82045555114746,35500,0.0,0.0
2024-01-26 00:00:00-05:00,26.801908266850003,27.03375868744365,26.801908266850003,26.97811508178711,38100,0.0,0.0
2024-01-29 00:00:00-05:00,27.089398456433457,27.089398456433457,26.74626087312524,27.052303314208984,44000,0.0,0.0
2024-01-30 00:00:00-05:00,26.931742398164417,27.200687933211427,26.89464548636311,27.070852279663086,31500,0.0,0.0
2024-01-31 00:00:00-05:00,27.0615784484671,27.339798215543464,26.866823196411133,26.866823196411133,45000,0.0,0.0
2024-02-01 00:00:00-05:00,26.931743755845304,27.451088165097936,26.931743755845304,27.27488136291504,54300,0.0,0.0
2024-02-02 00:00:00-05:00,27.339798723192114,27.339798723192114,26.85754946701902,26.959564208984375,22300,0.0,0.0
2024-02-05 00:00:00-05:00,26.690620120339418,26.876099388988436,26.542235997868897,26.570056915283203,50200,0.0,0.0
2024-02-06 00:00:00-05:00,26.82045489839375,26.82045489839375,26.44949460448421,26.532960891723633,20100,0.0,0.0
2024-02-07 00:00:00-05:00,26.690620120339418,26.690620120339418,26.48659062528375,26.570056915283203,17900,0.0,0.0
2024-02-08 00:00:00-05:00,26.366029012492266,26.625700340637128,26.366029012492266,26.5236873626709,16500,0.0,0.0
2024-02-09 00:00:00-05:00,26.588603983628456,26.690618725826294,26.42167141235133,26.51441192626953,19700,0.0,0.0
2024-02-12 00:00:00-05:00,26.672070188665938,27.154319444480716,26.653521732162716,27.107948303222656,43500,0.0,0.0
2024-02-13 00:00:00-05:00,27.080127941483074,27.080127941483074,26.616427132682873,26.829729080200195,22100,0.0,0.0
2024-02-14 00:00:00-05:00,27.024482239500305,27.024482239500305,26.774085150165632,26.8575496673584,13200,0.0,0.0
2024-02-15 00:00:00-05:00,26.848276762285074,27.469635898901053,26.848276762285074,27.432538986206055,65100,0.0,0.0
2024-02-16 00:00:00-05:00,27.488184454197825,27.77568024048499,27.36762301750322,27.65511703491211,50200,0.0,0.0
2024-02-20 00:00:00-05:00,27.747855841040238,27.784950985087608,27.54382812658428,27.5531005859375,34300,0.0,0.0
2024-02-21 00:00:00-05:00,28.04715631289312,28.04715631289312,27.78112572670461,27.876136779785156,44400,0.71,0.0
2024-02-22 00:00:00-05:00,27.95214683112662,27.95214683112662,27.667115468047207,27.857135772705078,72700,0.0,0.0
2024-02-23 00:00:00-05:00,27.781126464707018,27.942644715579128,27.752622604370117,27.752622604370117,22500,0.0,0.0
2024-02-26 00:00:00-05:00,27.838132134373893,27.838132134373893,27.46759101409885,27.505596160888672,46900,0.0,0.0
2024-02-27 00:00:00-05:00,27.75262358628682,27.83813335813778,27.581605854770114,27.69561767578125,37100,0.0,0.0
2024-02-28 00:00:00-05:00,27.81913087651452,27.81913087651452,27.64811134338379,27.64811134338379,15700,0.0,0.0
2024-02-29 00:00:00-05:00,28.04715616566962,28.066158738623006,27.790626867354234,27.809629440307617,63900,0.0,0.0
2024-03-01 00:00:00-05:00,28.018654957590893,28.11366601916343,27.619609948734464,27.914142608642578,126900,0.0,0.0
2024-03-04 00:00:00-05:00,27.91414060793561,28.10416271746111,27.657613115916867,27.73362159729004,56500,0.0,0.0
2024-03-05 00:00:00-05:00,27.88563821689279,28.05665775092425,27.657612775579217,27.714618682861328,73200,0.0,0.0
2024-03-06 00:00:00-05:00,27.885638696420372,28.18967262340004,27.885638696420372,28.028154373168945,73500,0.0,0.0
2024-03-07 00:00:00-05:00,28.123163663733074,28.256178045394048,28.028152614467363,28.09465980529785,35900,0.0,0.0
2024-03-08 00:00:00-05:00,28.037656300591504,28.19917455451341,27.92364266927626,27.952146530151367,24500,0.0,0.0
2024-03-11 00:00:00-04:00,28.047157730649445,28.170670837368046,27.952146672766183,28.018653869628906,29000,0.0,0.0
2024-03-12 00:00:00-04:00,28.123166214519017,28.123166214519017,27.971149246779877,28.018653869628906,65300,0.0,0.0
2024-03-13 00:00:00-04:00,28.20867612863745,28.389195146128593,28.037656586016187,28.085161209106445,43000,0.0,0.0
2024-03-14 00:00:00-04:00,28.151667139892513,28.294184627122494,27.781126022338867,27.781126022338867,49100,0.0,0.0
2024-03-15 00:00:00-04:00,27.88563742929305,28.01865181325617,27.724119186401367,27.724119186401367,53800,0.0,0.0
2024-03-18 00:00:00-04:00,28.303686857632226,28.303686857632226,27.74312361320148,27.838132858276367,67100,0.0,0.0
2024-03-19 00:00:00-04:00,27.999650555891623,28.142168045043945,27.88563873919195,28.142168045043945,62000,0.0,0.0
2024-03-20 00:00:00-04:00,28.104163132215856,28.46520297102028,28.104163132215856,28.38919448852539,42200,0.0,0.0
2024-03-21 00:00:00-04:00,28.50320846025867,28.598219517563237,28.341690206496462,28.4081974029541,52100,0.0,0.0
2024-03-22 00:00:00-04:00,28.617223022837628,28.617223022837628,28.4652042388916,28.4652042388916,29800,0.0,0.0
2024-03-25 00:00:00-04:00,28.45570241579999,28.693229141099874,28.370192649717225,28.49370574951172,75200,0.0,0.0
2024-03-26 00:00:00-04:00,28.588718230614262,28.67422800096985,28.398696116005127,28.4081974029541,29000,0.0,0.0
2024-03-27 00:00:00-04:00,28.579217889402354,28.80724334716797,28.512710690743873,28.80724334716797,50100,0.0,0.0
2024-03-28 00:00:00-04:00,28.835746099966364,29.443813963955698,28.835746099966364,29.36780548095703,65000,0.0,0.0
2024-04-01 00:00:00-04:00,29.75734853605236,29.75734853605236,29.367804842628036,29.44381332397461,29800,0.0,0.0
2024-04-02 00:00:00-04:00,29.728846779296685,29.728846779296685,29.44381361231687,29.576828002929688,30800,0.0,0.0
2024-04-03 00:00:00-04:00,29.576826487711525,30.023377882780906,29.576826487711525,29.937868118286133,66600,0.0,0.0
2024-04-04 00:00:00-04:00,30.15639336086952,30.15639336086952,29.491319605558285,29.605331420898438,60500,0.0,0.0
2024-04-05 00:00:00-04:00,29.652835596641893,29.861860275268555,29.415308870700763,29.861860275268555,31900,0.0,0.0
2024-04-08 00:00:00-04:00,29.91886511058345,30.21339773279038,29.909363824423867,30.19439697265625,58800,0.0,0.0
2024-04-09 00:00:00-04:00,30.298909564974764,30.298909564974764,29.899864579949035,30.032880783081055,45600,0.0,0.0
2024-04-10 00:00:00-04:00,29.890363405730113,29.947371126795066,29.595830762301862,29.757349014282227,27900,0.0,0.0
2024-04-11 00:00:00-04:00,29.671838615211048,29.842858150406407,29.38680726467554,29.605331420898438,39900,0.0,0.0
2024-04-12 00:00:00-04:00,29.7193432167562,29.956869931624883,29.04476640419293,29.10177230834961,29000,0.0,0.0
2024-04-15 00:00:00-04:00,29.310797510026337,29.377304701448892,28.484203729896592,28.617219924926758,32600,0.0,0.0
2024-04-16 00:00:00-04:00,28.598218137712532,28.598218137712532,28.06615877953784,28.37969398498535,39900,0.0,0.0
2024-04-17 00:00:00-04:00,28.436700810737353,28.835745795310658,28.436700810737353,28.66472625732422,29200,0.0,0.0
2024-04-18 00:00:00-04:00,28.883248989189525,29.016265185594705,28.721730745985788,28.978260040283203,23400,0.0,0.0
2024-04-19 00:00:00-04:00,29.139779100090266,29.852359284984367,29.139779100090266,29.766849517822266,38900,0.0,0.0
2024-04-22 00:00:00-04:00,29.823856820532413,30.175397192222025,29.662338565245598,30.137392044067383,15000,0.0,0.0
2024-04-23 00:00:00-04:00,30.213399488438554,30.62194575611536,30.08038509884523,30.35591697692871,58500,0.0,0.0
2024-04-24 00:00:00-04:00,30.36541689417564,30.517433859408712,30.222901215792785,30.32741355895996,40500,0.0,0.0
2024-04-25 00:00:00-04:00,30.31791271496921,30.422425059663016,30.061383402821797,30.29891014099121,23200,0.0,0.0
2024-04-26 00:00:00-04:00,30.184896764473795,30.403420917393134,29.899863606062173,30.089885711669922,112500,0.0,0.0
2024-04-29 00:00:00-04:00,29.985373326279216,30.1753954315949,29.91886613307426,29.975872039794922,49500,0.0,0.0
2024-04-30 00:00:00-04:00,29.947370298408888,29.947370298408888,29.386807075405656,29.4248104095459,23100,0.0,0.0
2024-05-01 00:00:00-04:00,29.453314420856486,29.453314420856486,29.196785118395564,29.26329231262207,19800,0.0,0.0
2024-05-02 00:00:00-04:00,29.36780435276651,29.795353185825075,29.36780435276651,29.586328506469727,61000,0.0,0.0
2024-05-03 00:00:00-04:00,29.85236041214883,29.994876092071728,29.709844732225932,29.776351928710938,49500,0.0,0.0
2024-05-06 00:00:00-04:00,29.956872783015378,30.118391036987305,29.79535452904345,30.118391036987305,72200,0.0,0.0
2024-05-07 00:00:00-04:00,30.165894765189908,30.63144875156458,30.165894765189908,30.583940505981445,54400,0.0,0.0
2024-05-08 00:00:00-04:00,30.669449434901253,31.01148849726925,30.545938148000726,30.982986450195312,37500,0.0,0.0
2024-05-09 00:00:00-04:00,31.049496690732013,31.942595955626167,31.020994640860344,31.857086181640625,75300,0.0,0.0
2024-05-10 00:00:00-04:00,32.018603107054204,32.018603107054204,31.61005685199072,31.89508819580078,65300,0.0,0.0
2024-05-13 00:00:00-04:00,31.980601385345395,32.227627609929634,31.83808388599681,31.990100860595703,67200,0.0,0.0
2024-05-14 00:00:00-04:00,32.018606127035916,32.161120000197705,31.88559172900337,32.13261795043945,41000,0.0,0.0
2024-05-15 00:00:00-04:00,32.30363464355469,32.51265932163498,32.208625403174665,32.30363464355469,48700,0.0,0.0
2024-05-16 00:00:00-04:00,32.29413477601939,32.67417535728193,32.29413477601939,32.44615173339844,43900,0.0,0.0
2024-05-17 00:00:00-04:00,32.607667387380516,32.63616943359375,32.36064119666903,32.63616943359375,18600,0.0,0.0
2024-05-20 00:00:00-04:00,32.63616715313527,33.39625549316406,32.63616715313527,33.39625549316406,99900,0.0,0.0
2024-05-21 00:00:00-04:00,33.55777820960276,33.55777820960276,33.149231918667624,33.32025146484375,68100,0.0,0.0
2024-05-22 00:00:00-04:00,33.32024913110518,33.396259423802164,32.59816947233502,32.664676666259766,47600,0.0,0.0
2024-05-23 00:00:00-04:00,32.76169030655793,32.76169030655793,31.975874085653906,32.101993560791016,36700,0.71,0.0
2024-05-24 00:00:00-04:00,32.2669149063544,32.41243765787614,32.034082944876374,32.09229278564453,29900,0.0,0.0
2024-05-28 00:00:00-04:00,32.24751801211915,32.50945306539371,32.11169503901692,32.189308166503906,37700,0.0,0.0
2024-05-29 00:00:00-04:00,32.26691717197467,32.30572373521157,31.529610974461267,31.684833526611328,44100,0.0,0.0
2024-05-30 00:00:00-04:00,31.907966068119006,32.02438205832406,31.67513408770889,31.72364044189453,45300,0.0,0.0
2024-05-31 00:00:00-04:00,32.34452668101149,32.50944900512695,31.859455797193558,32.50944900512695,68100,0.0,0.0
2024-06-03 00:00:00-04:00,32.557961370116914,32.557961370116914,31.91766790596265,32.208709716796875,28900,0.0,0.0
2024-06-04 00:00:00-04:00,31.98557879774479,32.02438166013226,31.655730412267136,31.791549682617188,67700,0.0,0.0
2024-06-05 00:00:00-04:00,31.83035338048603,31.92736607891813,31.69453042156498,31.907962799072266,33500,0.0,0.0
2024-06-06 00:00:00-04:00,31.907963331488187,32.034082802192124,31.772144071098083,31.96617317199707,21300,0.0,0.0
2024-06-07 00:00:00-04:00,31.83035338209374,32.03408226928977,31.626620794100486,31.67513084411621,22900,0.0,0.0
2024-06-10 00:00:00-04:00,31.68483227447378,32.16020340334601,31.68483227447378,32.101993560791016,19100,0.0,0.0
2024-06-11 00:00:00-04:00,32.12139883597066,32.35423081905168,31.92736971620471,32.33483123779297,39600,0.0,0.0
2024-06-12 00:00:00-04:00,32.5870650398403,32.5870650398403,32.13109718398195,32.286319732666016,17500,0.0,0.0
2024-06-13 00:00:00-04:00,32.101993560791016,32.131096631669806,31.849758311314215,32.101993560791016,21700,0.0,0.0
2024-06-14 00:00:00-04:00,32.10199264587147,32.17960206626881,31.762444492638146,31.878860473632812,15400,0.0,0.0
2024-06-17 00:00:00-04:00,31.781846718443237,31.995279118702587,31.762447137326586,31.849760055541992,11300,0.0,0.0
2024-06-18 00:00:00-04:00,31.70423465174216,32.09229285612079,31.70423465174216,31.878860473632812,32700,0.0,0.0
2024-06-20 00:00:00-04:00,31.917669970048085,32.30572450932304,31.917669970048085,32.22811508178711,19300,0.0,0.0
2024-06-21 00:00:00-04:00,32.33482915360843,32.39303529522811,32.15049983635303,32.315425872802734,19900,0.0,0.0
2024-06-24 00:00:00-04:00,32.31542564705901,32.800496561420644,32.31542564705901,32.63557052612305,73600,0.0,0.0
2024-06-25 00:00:00-04:00,32.77138897294777,32.96541807401429,32.674376272813156,32.87810516357422,29200,0.0,0.0
2024-06-26 00:00:00-04:00,32.96541898646569,33.1788513736262,32.85870279288544,33.10123825073242,65500,0.0,0.0
2024-06-27 00:00:00-04:00,33.1497469492976,33.440792479959256,33.13034736799796,33.37288284301758,45700,0.0,0.0
2024-06-28 00:00:00-04:00,33.353478533829964,33.945265666781886,33.353478533829964,33.8288459777832,71800,0.0,0.0
2024-07-01 00:00:00-04:00,33.95496362401785,34.09078288638634,33.34377324256227,33.3825798034668,56100,0.0,0.0
2024-07-02 00:00:00-04:00,33.54750670969198,33.85795180341011,33.39228046203548,33.71242904663086,42100,0.0,0.0
2024-07-03 00:00:00-04:00,33.56690768490234,34.26541102519686,33.56690768490234,34.22660446166992,31100,0.0,0.0
2024-07-05 00:00:00-04:00,34.284812014249994,34.284812014249994,33.94526385808969,34.06167984008789,43600,0.0,0.0
2024-07-08 00:00:00-04:00,34.139286371769415,34.47883819998903,34.100483514919,34.28480911254883,90300,0.0,0.0
2024-07-09 00:00:00-04:00,34.08108237590499,34.35272089489811,33.96466269565314,34.090782165527344,38000,0.0,0.0
2024-07-10 00:00:00-04:00,34.21690337253851,34.38182571007224,33.916158067815445,34.071380615234375,28000,0.0,0.0
2024-07-11 00:00:00-04:00,34.35272209287303,34.83779300844638,34.29451225071716,34.56615447998047,72200,0.0,0.0
2024-07-12 00:00:00-04:00,34.740780508218606,34.915406334907026,34.56615468153019,34.711673736572266,33500,0.0,0.0
2024-07-15 00:00:00-04:00,34.896003054075265,34.896003054075265,34.41093213567354,34.711673736572266,27400,0.0,0.0
2024-07-16 00:00:00-04:00,34.59525963551587,34.67287276306765,34.45944036309787,34.5855598449707,31500,0.0,0.0
2024-07-17 00:00:00-04:00,34.58555862782534,34.76988424807755,34.12959077149924,34.21690368652344,18600,0.0,0.0
2024-07-18 00:00:00-04:00,34.129591710612644,34.507946452529204,34.129591710612644,34.33332061767578,15900,0.0,0.0
2024-07-19 00:00:00-04:00,34.39152837492954,34.59525726962398,34.29451197212455,34.31391525268555,15600,0.0,0.0
2024-07-22 00:00:00-04:00,34.55645181357111,35.0221194595344,34.47884238964263,35.00271987915039,26400,0.0,0.0
2024-07-23 00:00:00-04:00,34.9639151379696,34.9639151379696,34.67287330668259,34.7698860168457,12900,0.0,0.0
2024-07-24 00:00:00-04:00,34.595258458824595,34.77958407929417,33.867652066364066,34.11018753051758,45800,0.0,0.0
2024-07-25 00:00:00-04:00,34.02287445639078,34.187800495659104,33.74153243109611,33.85795211791992,19300,0.0,0.0
2024-07-26 00:00:00-04:00,33.780337896699024,34.081083193367355,33.712428265321876,33.84824752807617,14200,0.0,0.0
2024-07-29 00:00:00-04:00,33.925863931890405,33.945267214274736,33.55720896818345,33.66392517089844,18700,0.0,0.0
2024-07-30 00:00:00-04:00,33.848246509318635,33.98406576798507,33.683324181165744,33.94526290893555,16500,0.0,0.0
2024-07-31 00:00:00-04:00,34.22660106800311,34.343020747040576,33.96466234136465,34.05197525024414,29600,0.0,0.0
2024-08-01 00:00:00-04:00,34.17809574997469,34.41093141427717,34.003469926947155,34.27511215209961,29200,0.0,0.0
2024-08-02 00:00:00-04:00,34.34302493987969,34.34302493987969,33.21766047737232,33.518402099609375,38600,0.0,0.0
2024-08-05 00:00:00-04:00,32.60646732600721,32.742286589361434,32.101993132979146,32.27661895751953,42400,0.0,0.0
2024-08-06 00:00:00-04:00,32.383332863580385,33.60570984824554,32.383332863580385,33.46989059448242,49700,0.0,0.0
2024-08-07 00:00:00-04:00,33.634815845750815,34.449735140093416,33.634815845750815,33.92586135864258,59200,0.0,0.0
2024-08-08 00:00:00-04:00,33.88705550363202,34.43033627812463,33.88705550363202,34.362422943115234,16800,0.0,0.0
2024-08-09 00:00:00-04:00,34.45943757933201,34.70197303214195,34.343021598206484,34.48854064941406,41000,0.0,0.0
2024-08-12 00:00:00-04:00,34.66316611466157,34.89600177531301,34.34302124466278,34.44973373413086,41100,0.0,0.0
2024-08-13 00:00:00-04:00,34.362423337383646,34.537049170445705,34.22660406740151,34.29451370239258,28900,0.0,0.0
2024-08-14 00:00:00-04:00,34.15869361090776,34.76018422178814,34.14899382076983,34.53704833984375,51000,0.0,0.0
2024-08-15 00:00:00-04:00,34.789284109129504,35.051222828450776,34.7116709919393,34.82809066772461,35700,0.0,0.0
2024-08-16 00:00:00-04:00,34.96391481302292,35.8952501448048,34.80869225772594,35.87584686279297,71700,0.0,0.0
2024-08-19 00:00:00-04:00,35.66241203777179,36.00196389870568,35.575099125051345,35.81763458251953,26400,0.0,0.0
2024-08-20 00:00:00-04:00,35.83703804089883,36.25419932587627,34.876599697009325,34.925106048583984,51800,0.0,0.0
2024-08-21 00:00:00-04:00,34.84749288768937,35.351967085273856,34.84749288768937,35.031822204589844,39000,0.0,0.0
2024-08-22 00:00:00-04:00,35.322864178904766,35.4004773023393,35.157941842802515,35.2840576171875,20100,0.0,0.0
2024-08-23 00:00:00-04:00,35.58147679170883,36.037521568156826,35.44268088425986,35.90864181518555,20700,0.78,0.0
2024-08-26 00:00:00-04:00,36.18623441000048,36.42417295783043,35.90864258911964,35.96812438964844,20500,0.0,0.0
2024-08-27 00:00:00-04:00,35.958212462837906,36.18623485880452,35.700445384333065,35.85906982421875,13800,0.0,0.0
2024-08-28 00:00:00-04:00,35.67070301494375,36.01769656296574,35.442680628366055,35.46250915527344,18500,0.0,0.0
2024-08-29 00:00:00-04:00,35.40302468442718,36.23580393112065,35.40302468442718,36.11683654785156,29000,0.0,0.0
2024-08-30 00:00:00-04:00,36.54313906336719,37.038840887271995,35.928469860658566,36.44399642944336,62100,0.0,0.0
2024-09-03 00:00:00-04:00,36.38451771337802,36.38451771337802,35.66079344299388,35.958213806152344,18600,0.0,0.0
2024-09-04 00:00:00-04:00,35.8095015075208,36.08709712236706,35.44268318800494,35.512081146240234,20400,0.0,0.0
2024-09-05 00:00:00-04:00,35.44268367572404,36.07718146369512,35.44268367572404,35.97804260253906,31700,0.0,0.0
2024-09-06 00:00:00-04:00,35.78967306610473,35.83924627802613,35.492252704101816,35.66079330444336,52900,0.0,0.0
2024-09-09 00:00:00-04:00,35.710362830843636,36.13666673756363,35.22457333880047,35.38319778442383,49100,0.0,0.0
2024-09-10 00:00:00-04:00,35.521995720133496,35.76984664048529,35.293969545333525,35.39311218261719,40100,0.0,0.0
2024-09-11 00:00:00-04:00,35.59139412378238,35.59139412378238,35.165090232852855,35.2840576171875,33000,0.0,0.0
2024-09-12 00:00:00-04:00,35.571565185805085,36.07717939982446,35.43276927536466,35.96812438964844,25600,0.0,0.0
2024-09-13 00:00:00-04:00,36.186233852293086,36.47374182343422,35.938382935496556,36.35477066040039,24400,0.0,0.0
2024-09-16 00:00:00-04:00,36.62245098266145,37.38583227853101,36.62245098266145,36.98927307128906,60400,0.0,0.0
2024-09-17 00:00:00-04:00,37.23712455880753,37.60394287109375,37.17763897496179,37.60394287109375,20300,0.0,0.0
2024-09-18 00:00:00-04:00,37.8121374631442,38.030247492835066,37.33626412901372,37.51471710205078,25600,0.0,0.0
2024-09-19 00:00:00-04:00,37.91128064599347,37.91128064599347,37.47506058038433,37.55437469482422,35200,0.0,0.0
2024-09-20 00:00:00-04:00,37.633683682096226,37.673340737898585,37.385832756189,37.455230712890625,18300,0.0,0.0
2024-09-23 00:00:00-04:00,37.544457885303075,38.863026650599934,37.544457885303075,38.79362869262695,30300,0.0,0.0
2024-09-24 00:00:00-04:00,39.081133574637086,39.37855772185032,38.91259675432771,39.130706787109375,25300,0.0,0.0
2024-09-25 00:00:00-04:00,39.34881219106877,39.606579275518214,39.180275374386866,39.49752426147461,63100,0.0,0.0
2024-09-26 00:00:00-04:00,39.63631936794623,39.63631936794623,38.3673238454927,38.43672180175781,46100,0.0,0.0
2024-09-27 00:00:00-04:00,38.278097539091185,38.43672198013402,38.01041808572422,38.307838439941406,23600,0.0,0.0
2024-09-30 00:00:00-04:00,38.32766552807231,39.08113064924641,38.31775315546292,38.912593841552734,35800,0.0,0.0
2024-10-01 00:00:00-04:00,39.11087768215233,39.63632044585041,38.76388410948533,39.51735305786133,29400,0.0,0.0
2024-10-02 00:00:00-04:00,39.68588735076082,40.12210738214237,39.39838316323779,40.04279327392578,26100,0.0,0.0
2024-10-03 00:00:00-04:00,40.221248358422976,40.419529857525085,39.89408709952378,40.201419830322266,31800,0.0,0.0
2024-10-04 00:00:00-04:00,40.44927045574839,40.68720900926971,40.34021544296383,40.60789489746094,17300,0.0,0.0
2024-10-07 00:00:00-04:00,40.7962645608875,41.10359729344321,40.647552490234375,40.647552490234375,36100,0.0,0.0
2024-10-08 00:00:00-04:00,40.39969913282948,40.558323567105504,39.70571581465758,39.89408493041992,35900,0.0,0.0
2024-10-09 00:00:00-04:00,39.65614728766928,40.67729187011719,39.65614728766928,40.67729187011719,19100,0.0,0.0
2024-10-10 00:00:00-04:00,40.59798328235024,40.707038297170726,40.02296730671683,40.09236526489258,22700,0.0,0.0
2024-10-11 00:00:00-04:00,39.98331469763229,40.03288412831092,39.70571907840273,39.85443115234375,36400,0.0,0.0
2024-10-14 00:00:00-04:00,39.94365435702402,40.23116232599457,39.8643402489336,39.89408493041992,21300,0.0,0.0
2024-10-15 00:00:00-04:00,39.70571774140067,40.0031380973626,39.65614831239118,39.755287170410156,16900,0.0,0.0
2024-10-16 00:00:00-04:00,39.65614618426793,40.21133359233342,39.65614618426793,40.02296447753906,11400,0.0,0.0
2024-10-17 00:00:00-04:00,40.08245140429952,40.36995938144735,40.013053448699004,40.122108459472656,21900,0.0,0.0
2024-10-18 00:00:00-04:00,40.01305510536592,40.56823877315642,39.824685976446915,40.38978958129883,24300,0.0,0.0
2024-10-21 00:00:00-04:00,40.70703726800055,40.86566170866401,40.58806610107422,40.58806610107422,17000,0.0,0.0
2024-10-22 00:00:00-04:00,40.44927084734112,40.60789529058932,40.24107697468506,40.35013198852539,22400,0.0,0.0
2024-10-23 00:00:00-04:00,40.15185133407515,40.72686731664303,39.834602440901534,39.983314514160156,21300,0.0,0.0
2024-10-24 00:00:00-04:00,39.913912251860154,40.588067086524106,39.913912251860154,40.51866912841797,22500,0.0,0.0
2024-10-25 00:00:00-04:00,40.76652086732742,40.816090298113544,40.429443443314625,40.578155517578125,15000,0.0,0.0
2024-10-28 00:00:00-04:00,40.211334228515625,40.597981054824594,40.151848646812375,40.211334228515625,15700,0.0,0.0
2024-10-29 00:00:00-04:00,39.903999959574314,40.280734434275146,39.54709401321616,39.66606140136719,22600,0.0,0.0
2024-10-30 00:00:00-04:00,39.695804864600824,40.04279464516876,39.695804864600824,39.715633392333984,17800,0.0,0.0
2024-10-31 00:00:00-04:00,39.93374130180387,40.22124929308781,39.78503301045037,39.983314514160156,24200,0.0,0.0
2024-11-01 00:00:00-04:00,40.38978799447488,40.38978799447488,39.65614759983967,39.844512939453125,15600,0.0,0.0
2024-11-04 00:00:00-05:00,39.576832087087695,40.05270916950143,39.557007342066534,39.59666061401367,22100,0.0,0.0
2024-11-05 00:00:00-05:00,39.57683289385313,40.290644750119824,39.57683289385313,39.65614700317383,39200,0.0,0.0
2024-11-06 00:00:00-05:00,40.09236268735659,40.84583158754575,39.68588733764304,40.46909713745117,33300,0.0,0.0
2024-11-07 00:00:00-05:00,40.63764074546062,41.50016093563276,40.63764074546062,41.41093444824219,36400,0.0,0.0
2024-11-08 00:00:00-05:00,41.83723734863214,42.709673672996374,41.83723734863214,42.48164749145508,36800,0.0,0.0
2024-11-11 00:00:00-05:00,42.441995242838196,43.51270930969441,42.441995242838196,42.987266540527344,27700,0.0,0.0
2024-11-12 00:00:00-05:00,43.02692261203426,43.52262446801666,42.79889643020593,43.056663513183594,25700,0.0,0.0
2024-11-13 00:00:00-05:00,42.8187240061715,43.07649108341755,42.5411321832034,42.69975662231445,30400,0.0,0.0
2024-11-14 00:00:00-05:00,42.63035982998213,42.63035982998213,42.392421273869594,42.5014762878418,21600,0.0,0.0
2024-11-15 00:00:00-05:00,42.134657471729554,42.898038778575376,41.896718918439234,42.461822509765625,27600,0.0,0.0
2024-11-18 00:00:00-05:00,42.66009866470467,43.373910516558155,42.66009866470467,43.34416961669922,26600,0.0,0.0
2024-11-19 00:00:00-05:00,43.42347984802397,43.75064487337149,43.195457458496094,43.195457458496094,32400,0.0,0.0
2024-11-20 00:00:00-05:00,43.195458565514876,44.02823781821812,43.195458565514876,43.84978485107422,54800,0.0,0.0
2024-11-21 00:00:00-05:00,43.84978634416287,44.950245085052686,43.84978634416287,44.82136154174805,57900,0.0,0.0
2024-11-22 00:00:00-05:00,44.04806823692061,44.7519639809267,44.04806823692061,44.5635986328125,38400,0.0,0.0
2024-11-25 00:00:00-05:00,44.43471255291699,44.92050201925724,44.018324823400974,44.08772277832031,35000,0.0,0.0
2024-11-26 00:00:00-05:00,44.018326485565034,44.37522864638212,43.879526788580286,44.355403900146484,29000,0.0,0.0
2024-11-27 00:00:00-05:00,44.59333674343121,45.138608007025624,44.55367968886674,45.069210052490234,24500,0.0,0.0
2024-11-29 00:00:00-05:00,45.475684946368744,45.95155825060742,45.08903812304387,45.60456848144531,34400,0.0,0.0
2024-12-02 00:00:00-05:00,45.66405711993963,45.92182042544542,44.81144930788149,45.11878204345703,44500,0.0,0.0
2024-12-03 00:00:00-05:00,44.81144948050526,44.92050449622188,44.414886474609375,44.414886474609375,27400,0.0,0.0
2024-12-04 00:00:00-05:00,44.53385367991701,44.53385367991701,43.39374166100316,43.542449951171875,49100,0.0,0.0
2024-12-05 00:00:00-05:00,44.00840917258774,44.40497216115681,43.37391141640118,44.127376556396484,26300,0.0,0.0
2024-12-06 00:00:00-05:00,44.613167666959455,45.5946590196708,44.41488616539195,44.82136154174805,57800,0.0,0.0
2024-12-09 00:00:00-05:00,45.118779864286516,45.43603252160133,44.61316565094727,44.81144714355469,45900,0.0,0.0
2024-12-10 00:00:00-05:00,44.97998392549009,45.09895509012199,43.37391102200852,43.38382339477539,47500,0.0,0.0
2024-12-11 00:00:00-05:00,43.16571867047725,43.70107758437982,43.16571867047725,43.35408401489258,26000,0.0,0.0
2024-12-12 00:00:00-05:00,43.3739117068889,43.63167500385165,42.422165066234925,42.71958541870117,61300,0.0,0.0
2024-12-13 00:00:00-05:00,42.53122178194765,43.29459933049755,42.53122178194765,43.1359748840332,34700,0.0,0.0
2024-12-16 00:00:00-05:00,43.41356813189939,43.41356813189939,42.79889512623705,42.957523345947266,92300,0.0,0.0
2024-12-17 00:00:00-05:00,42.87820961511279,43.25494407644485,42.24371185828296,42.27345275878906,45400,0.0,0.0
2024-12-18 00:00:00-05:00,42.5708732567943,42.63035883991718,41.371275694770105,41.569557189941406,40700,0.0,0.0
2024-12-19 00:00:00-05:00,41.90663581319111,41.92646434147411,40.67729353298043,40.94497299194336,45400,0.0,0.0
2024-12-20 00:00:00-05:00,41.36136190572913,41.797578154646764,41.12342336328916,41.748008728027344,52300,0.0,0.0
2024-12-23 00:00:00-05:00,42.05534416407901,42.313111250230676,41.68852584506864,42.095001220703125,44500,0.0,0.0
2024-12-24 00:00:00-05:00,42.310001373291016,43.52000045776367,42.099998474121094,43.25,31900,0.365,0.0
2024-12-26 00:00:00-05:00,43.06999969482422,43.06999969482422,42.36000061035156,42.529998779296875,110300,0.0,0.0
2024-12-27 00:00:00-05:00,42.5099983215332,43.0,41.54999923706055,41.63999938964844,78400,0.0,0.0
2024-12-30 00:00:00-05:00,41.349998474121094,42.130001068115234,41.15999984741211,41.970001220703125,94700,0.0,0.0
2024-12-31 00:00:00-05:00,42.290000915527344,42.4900016784668,41.900001525878906,42.0,77400,0.0,0.0
2025-01-02 00:00:00-05:00,42.099998474121094,42.5,41.95000076293945,42.029998779296875,193799,0.0,0.0
