Date,Open,High,Low,Close,Volume,Dividends,Stock Splits
2022-01-03 00:00:00-05:00,154.0,159.0,150.5,157.0,9491,0.0,0.0
2022-01-04 00:00:00-05:00,156.0,156.0,141.0,145.0,8167,0.0,0.0
2022-01-05 00:00:00-05:00,144.0,146.0,136.0,137.0,5622,0.0,0.0
2022-01-06 00:00:00-05:00,139.0,140.1999969482422,128.0,136.0,7473,0.0,0.0
2022-01-07 00:00:00-05:00,135.0,140.8000030517578,127.5,128.0,8791,0.0,0.0
2022-01-10 00:00:00-05:00,128.0,128.0,120.0,125.0,12092,0.0,0.0
2022-01-11 00:00:00-05:00,125.0,135.0,125.0,128.0,11255,0.0,0.0
2022-01-12 00:00:00-05:00,132.0,134.0,126.0,128.0,7761,0.0,0.0
2022-01-13 00:00:00-05:00,129.5,132.0,123.0,124.0,9122,0.0,0.0
2022-01-14 00:00:00-05:00,128.0,128.0,120.0,124.0,7273,0.0,0.0
2022-01-18 00:00:00-05:00,122.0,135.0,121.0,133.0,9774,0.0,0.0
2022-01-19 00:00:00-05:00,133.0,134.0,127.0,130.0,4179,0.0,0.0
2022-01-20 00:00:00-05:00,132.0,136.89999389648438,123.0,123.0,8395,0.0,0.0
2022-01-21 00:00:00-05:00,125.0,126.0,113.0,115.0,11046,0.0,0.0
2022-01-24 00:00:00-05:00,110.0,111.0,100.0,107.0,46131,0.0,0.0
2022-01-25 00:00:00-05:00,106.0,112.0,106.0,109.0,5938,0.0,0.0
2022-01-26 00:00:00-05:00,112.0,112.0,97.0,99.0,17267,0.0,0.0
2022-01-27 00:00:00-05:00,101.0,106.0,99.0,99.69999694824219,10098,0.0,0.0
2022-01-28 00:00:00-05:00,99.9000015258789,101.0,90.0,100.0,8385,0.0,0.0
2022-01-31 00:00:00-05:00,104.0,120.0,101.80000305175781,120.0,10548,0.0,0.0
2022-02-01 00:00:00-05:00,120.0,127.0,117.0,126.0,7734,0.0,0.0
2022-02-02 00:00:00-05:00,128.0,129.0,114.0,116.0,6755,0.0,0.0
2022-02-03 00:00:00-05:00,116.0,119.0,112.0,118.0,4280,0.0,0.0
2022-02-04 00:00:00-05:00,119.0,125.0,116.0,125.0,5088,0.0,0.0
2022-02-07 00:00:00-05:00,124.0,126.0,115.0,116.0,5406,0.0,0.0
2022-02-08 00:00:00-05:00,114.0,125.0,114.0,124.0,4982,0.0,0.0
2022-02-09 00:00:00-05:00,126.0,129.0,120.0,124.0,11391,0.0,0.0
2022-02-10 00:00:00-05:00,120.0,127.0,118.0,118.0,8186,0.0,0.0
2022-02-11 00:00:00-05:00,118.0,121.0,107.0,114.0,6785,0.0,0.0
2022-02-14 00:00:00-05:00,107.19999694824219,113.9000015258789,106.0,110.0,5255,0.0,0.0
2022-02-15 00:00:00-05:00,111.0,114.5,110.0,113.0,4889,0.0,0.0
2022-02-16 00:00:00-05:00,112.0,117.0,111.0,115.0,4033,0.0,0.0
2022-02-17 00:00:00-05:00,111.0,117.0,109.0,111.0,6355,0.0,0.0
2022-02-18 00:00:00-05:00,109.0,110.0,101.0,103.0,11442,0.0,0.0
2022-02-22 00:00:00-05:00,100.19999694824219,110.0,99.0,100.0,9942,0.0,0.0
2022-02-23 00:00:00-05:00,101.0,103.0,96.0,97.5,5744,0.0,0.0
2022-02-24 00:00:00-05:00,91.5,109.0,81.9000015258789,108.0,19861,0.0,0.0
2022-02-25 00:00:00-05:00,106.0,108.0,102.5,106.0,3186,0.0,0.0
2022-02-28 00:00:00-05:00,101.0,106.0,100.0,103.0,4693,0.0,0.0
2022-03-01 00:00:00-05:00,103.0,104.5,97.0999984741211,98.19999694824219,7336,0.0,0.0
2022-03-02 00:00:00-05:00,97.0,100.0,96.5,97.9000015258789,3500,0.0,0.0
2022-03-03 00:00:00-05:00,95.9000015258789,100.0,94.0,95.0,5409,0.0,0.0
2022-03-04 00:00:00-05:00,94.0,96.5,88.0999984741211,95.0,8338,0.0,0.0
2022-03-07 00:00:00-05:00,90.0,93.0,86.0,90.0,6891,0.0,0.0
2022-03-08 00:00:00-05:00,90.0,92.80000305175781,86.0,89.0999984741211,8347,0.0,0.0
2022-03-09 00:00:00-05:00,91.0,93.0,88.0,91.0,6875,0.0,0.0
2022-03-10 00:00:00-05:00,91.0,91.0999984741211,82.0,82.5,9312,0.0,0.0
2022-03-11 00:00:00-05:00,84.9000015258789,84.9000015258789,70.0,71.0,19823,0.0,0.0
2022-03-14 00:00:00-04:00,71.0,71.0,66.0,68.0,14173,0.0,0.0
2022-03-15 00:00:00-04:00,65.0,74.80000305175781,61.0,74.80000305175781,10397,0.0,0.0
2022-03-16 00:00:00-04:00,83.0,96.0,81.4000015258789,94.0,22489,0.0,0.0
2022-03-17 00:00:00-04:00,98.0,102.0,94.0,98.69999694824219,7138,0.0,0.0
2022-03-18 00:00:00-04:00,96.4000015258789,121.0,96.0,121.0,26378,0.0,0.0
2022-03-21 00:00:00-04:00,121.0,125.0,100.0,110.0,18132,0.0,0.0
2022-03-22 00:00:00-04:00,112.0,166.0,111.5,146.0,66144,0.0,0.0
2022-03-23 00:00:00-04:00,149.0,170.0,131.0,158.0,46771,0.0,0.0
2022-03-24 00:00:00-04:00,160.0,175.0,149.0,157.0,18547,0.0,0.0
2022-03-25 00:00:00-04:00,156.0,161.0,138.0,145.0,19452,0.0,0.0
2022-03-28 00:00:00-04:00,147.0,149.0,133.0,149.0,13644,0.0,0.0
2022-03-29 00:00:00-04:00,146.0,150.0,117.5,121.0,34885,0.0,0.0
2022-03-30 00:00:00-04:00,122.0,122.0,107.0999984741211,108.0,32514,0.0,0.0
2022-03-31 00:00:00-04:00,107.0,107.0,98.0,102.0,14688,0.0,0.0
2022-04-01 00:00:00-04:00,111.0,112.0,99.0999984741211,99.30000305175781,27134,0.0,0.0
2022-04-04 00:00:00-04:00,102.0,103.0,96.0,101.0,19375,0.0,0.0
2022-04-05 00:00:00-04:00,99.0,102.0,92.0,92.80000305175781,16608,0.0,0.0
2022-04-06 00:00:00-04:00,90.5,92.5,88.0,90.0,11640,0.0,0.0
2022-04-07 00:00:00-04:00,93.0,94.0,88.0,90.0,6055,0.0,0.0
2022-04-08 00:00:00-04:00,93.0,95.69999694824219,90.0,92.0999984741211,6972,0.0,0.0
2022-04-11 00:00:00-04:00,89.9000015258789,92.9000015258789,88.0,91.0999984741211,2979,0.0,0.0
2022-04-12 00:00:00-04:00,89.0,96.0999984741211,89.0,91.4000015258789,6891,0.0,0.0
2022-04-13 00:00:00-04:00,94.0,95.0,90.0,91.0,6263,0.0,0.0
2022-04-14 00:00:00-04:00,91.0,94.0,87.0,87.19999694824219,5816,0.0,0.0
2022-04-18 00:00:00-04:00,86.0999984741211,89.9000015258789,80.0,80.19999694824219,6131,0.0,0.0
2022-04-19 00:00:00-04:00,81.9000015258789,82.69999694824219,78.4000015258789,80.0,7518,0.0,0.0
2022-04-20 00:00:00-04:00,80.0,92.0,78.0,82.4000015258789,11700,0.0,0.0
2022-04-21 00:00:00-04:00,82.30000305175781,86.0,76.5,76.5,9240,0.0,0.0
2022-04-22 00:00:00-04:00,78.0,87.69999694824219,77.0,77.80000305175781,10527,0.0,0.0
2022-04-25 00:00:00-04:00,76.0,82.0999984741211,76.0,80.0,5952,0.0,0.0
2022-04-26 00:00:00-04:00,78.30000305175781,84.0,71.0,77.0999984741211,10580,0.0,0.0
2022-04-27 00:00:00-04:00,80.0,81.30000305175781,74.5,78.0,4485,0.0,0.0
2022-04-28 00:00:00-04:00,76.0,79.0999984741211,70.0,75.0,6084,0.0,0.0
2022-04-29 00:00:00-04:00,78.0,82.19999694824219,77.0,79.0999984741211,13459,0.0,0.0
2022-05-02 00:00:00-04:00,78.0,79.9000015258789,73.5,74.69999694824219,4595,0.0,0.0
2022-05-03 00:00:00-04:00,73.9000015258789,74.5,71.5,73.0,6816,0.0,0.0
2022-05-04 00:00:00-04:00,72.5,74.19999694824219,70.0,72.5999984741211,6906,0.0,0.0
2022-05-05 00:00:00-04:00,74.0,74.0,64.0,68.5,11527,0.0,0.0
2022-05-06 00:00:00-04:00,68.19999694824219,68.5999984741211,64.0,66.19999694824219,6672,0.0,0.0
2022-05-09 00:00:00-04:00,65.0,65.0999984741211,59.0,59.20000076293945,14236,0.0,0.0
2022-05-10 00:00:00-04:00,61.5,61.5,49.0,50.599998474121094,29683,0.0,0.0
2022-05-11 00:00:00-04:00,53.099998474121094,54.599998474121094,48.0,49.0,20358,0.0,0.0
2022-05-12 00:00:00-04:00,48.0,51.79999923706055,42.5,43.599998474121094,31998,0.0,0.0
2022-05-13 00:00:00-04:00,47.0,47.0,41.0,42.0,47131,0.0,0.0
2022-05-16 00:00:00-04:00,51.0,54.5,44.099998474121094,44.900001525878906,116045,0.0,0.0
2022-05-17 00:00:00-04:00,48.0,48.70000076293945,42.0,45.0,43181,0.0,0.0
2022-05-18 00:00:00-04:00,45.20000076293945,46.099998474121094,41.0,42.0,33623,0.0,0.0
2022-05-19 00:00:00-04:00,41.70000076293945,42.79999923706055,39.0,41.5,38350,0.0,0.0
2022-05-20 00:00:00-04:00,42.29999923706055,42.400001525878906,39.0,39.900001525878906,43352,0.0,0.0
2022-05-23 00:00:00-04:00,40.0,40.099998474121094,39.0,40.0,15408,0.0,0.0
2022-05-24 00:00:00-04:00,40.0,40.0,36.29999923706055,39.29999923706055,10466,0.0,0.0
2022-05-25 00:00:00-04:00,40.0,40.79999923706055,38.0,39.0,18978,0.0,0.0
2022-05-26 00:00:00-04:00,39.099998474121094,42.0,39.0,42.0,28341,0.0,0.0
2022-05-27 00:00:00-04:00,42.0,46.0,41.0,44.29999923706055,32147,0.0,0.0
2022-05-31 00:00:00-04:00,45.29999923706055,46.900001525878906,42.0,42.0,117426,0.0,0.0
2022-06-01 00:00:00-04:00,43.400001525878906,45.79999923706055,43.29999923706055,44.29999923706055,10887,0.0,0.0
2022-06-02 00:00:00-04:00,43.5,46.900001525878906,43.0,45.900001525878906,10659,0.0,0.0
2022-06-03 00:00:00-04:00,45.900001525878906,46.0,43.0,43.29999923706055,5196,0.0,0.0
2022-06-06 00:00:00-04:00,44.0,45.5,41.79999923706055,42.0,18164,0.0,0.0
2022-06-07 00:00:00-04:00,42.0,43.70000076293945,41.29999923706055,43.400001525878906,6057,0.0,0.0
2022-06-08 00:00:00-04:00,44.099998474121094,46.70000076293945,43.400001525878906,44.70000076293945,20089,0.0,0.0
2022-06-09 00:00:00-04:00,45.0,46.79999923706055,42.0,44.29999923706055,11771,0.0,0.0
2022-06-10 00:00:00-04:00,44.29999923706055,44.79999923706055,41.5,41.599998474121094,7695,0.0,0.0
2022-06-13 00:00:00-04:00,40.0,40.70000076293945,38.099998474121094,40.0,8856,0.0,0.0
2022-06-14 00:00:00-04:00,40.900001525878906,43.0,39.0,40.70000076293945,9405,0.0,0.0
2022-06-15 00:00:00-04:00,41.099998474121094,43.0,41.099998474121094,42.900001525878906,10680,0.0,0.0
2022-06-16 00:00:00-04:00,41.400001525878906,50.0,41.400001525878906,41.900001525878906,21708,0.0,0.0
2022-06-17 00:00:00-04:00,43.599998474121094,44.900001525878906,40.900001525878906,40.900001525878906,11503,0.0,0.0
2022-06-21 00:00:00-04:00,43.5,44.79999923706055,41.0,44.29999923706055,21486,0.0,0.0
2022-06-22 00:00:00-04:00,49.5,52.20000076293945,46.099998474121094,50.900001525878906,47246,0.0,0.0
2022-06-23 00:00:00-04:00,54.0,56.0,51.0,52.5,34886,0.0,0.0
2022-06-24 00:00:00-04:00,54.0,55.79999923706055,50.79999923706055,50.900001525878906,33072,0.0,0.0
2022-06-27 00:00:00-04:00,52.0,54.0,51.0,51.900001525878906,13826,0.0,0.0
2022-06-28 00:00:00-04:00,52.0,54.599998474121094,48.5,49.5,27243,0.0,0.0
2022-06-29 00:00:00-04:00,49.5,49.5,43.0,43.5,35364,0.0,0.0
2022-06-30 00:00:00-04:00,42.0,45.0,41.0,42.0,35350,0.0,0.0
2022-07-01 00:00:00-04:00,42.099998474121094,47.400001525878906,42.099998474121094,45.0,19908,0.0,0.0
2022-07-05 00:00:00-04:00,45.0,56.70000076293945,45.0,55.900001525878906,86986,0.0,0.0
2022-07-06 00:00:00-04:00,60.0,71.5999984741211,58.79999923706055,66.0,136780,0.0,0.0
2022-07-07 00:00:00-04:00,68.9000015258789,81.5,62.0,80.0,81233,0.0,0.0
2022-07-08 00:00:00-04:00,81.9000015258789,105.0,81.0,97.5,156138,0.0,0.0
2022-07-11 00:00:00-04:00,105.0,107.0,77.0,79.80000305175781,135478,0.0,0.0
2022-07-12 00:00:00-04:00,77.0,89.0,75.0999984741211,80.0,58229,0.0,0.0
2022-07-13 00:00:00-04:00,76.0,86.0,75.0,80.19999694824219,40715,0.0,0.0
2022-07-14 00:00:00-04:00,80.0,81.80000305175781,75.0999984741211,76.69999694824219,15045,0.0,0.0
2022-07-15 00:00:00-04:00,75.0,81.80000305175781,75.0,79.80000305175781,15462,0.0,0.0
2022-07-18 00:00:00-04:00,81.5999984741211,86.0,73.69999694824219,74.69999694824219,31255,0.0,0.0
2022-07-19 00:00:00-04:00,76.5999984741211,86.0,76.5999984741211,79.19999694824219,34838,0.0,0.0
2022-07-20 00:00:00-04:00,79.19999694824219,81.5999984741211,73.5,75.0,24366,0.0,0.0
2022-07-21 00:00:00-04:00,75.0999984741211,79.19999694824219,73.19999694824219,75.80000305175781,11498,0.0,0.0
2022-07-22 00:00:00-04:00,73.0999984741211,78.4000015258789,69.30000305175781,69.69999694824219,17405,0.0,0.0
2022-07-25 00:00:00-04:00,69.0,78.19999694824219,69.0,78.19999694824219,17649,0.0,0.0
2022-07-26 00:00:00-04:00,77.9000015258789,82.0,72.0,72.9000015258789,10411,0.0,0.0
2022-07-27 00:00:00-04:00,76.9000015258789,76.9000015258789,69.0,72.69999694824219,14284,0.0,0.0
2022-07-28 00:00:00-04:00,70.0999984741211,75.0,67.0999984741211,71.0,14755,0.0,0.0
2022-07-29 00:00:00-04:00,70.0,73.0,68.0,70.5,8278,0.0,0.0
2022-08-01 00:00:00-04:00,69.0,69.5,48.0,59.099998474121094,51037,0.0,0.0
2022-08-02 00:00:00-04:00,57.599998474121094,63.0,50.5,62.79999923706055,23758,0.0,0.0
2022-08-03 00:00:00-04:00,61.599998474121094,62.599998474121094,59.099998474121094,61.599998474121094,11821,0.0,0.0
2022-08-04 00:00:00-04:00,63.0,65.0,60.400001525878906,64.9000015258789,8023,0.0,0.0
2022-08-05 00:00:00-04:00,62.0,65.0,62.0,63.900001525878906,5562,0.0,0.0
2022-08-08 00:00:00-04:00,65.30000305175781,66.0,60.0,61.599998474121094,9712,0.0,0.0
2022-08-09 00:00:00-04:00,64.0,64.0,57.400001525878906,58.099998474121094,7894,0.0,0.0
2022-08-10 00:00:00-04:00,60.0,61.0,57.0,60.5,6115,0.0,0.0
2022-08-11 00:00:00-04:00,61.70000076293945,64.4000015258789,60.599998474121094,61.5,6758,0.0,0.0
2022-08-12 00:00:00-04:00,60.70000076293945,63.79999923706055,60.0,63.29999923706055,3615,0.0,0.0
2022-08-15 00:00:00-04:00,64.0,64.0,60.599998474121094,61.900001525878906,4566,0.0,0.0
2022-08-16 00:00:00-04:00,60.0,63.900001525878906,59.0,59.79999923706055,6267,0.0,0.0
2022-08-17 00:00:00-04:00,59.0,65.0,59.0,62.70000076293945,6391,0.0,0.0
2022-08-18 00:00:00-04:00,64.0,64.0,59.099998474121094,62.20000076293945,3796,0.0,0.0
2022-08-19 00:00:00-04:00,61.0,64.0,59.0,63.0,5238,0.0,0.0
2022-08-22 00:00:00-04:00,63.0,63.0,57.5,61.599998474121094,3714,0.0,0.0
2022-08-23 00:00:00-04:00,59.20000076293945,62.79999923706055,59.099998474121094,59.900001525878906,4283,0.0,0.0
2022-08-24 00:00:00-04:00,59.400001525878906,62.0,58.0,61.20000076293945,11382,0.0,0.0
2022-08-25 00:00:00-04:00,62.900001525878906,76.0,61.20000076293945,70.5,38112,0.0,0.0
2022-08-26 00:00:00-04:00,76.0,81.80000305175781,65.0,67.5,26924,0.0,0.0
2022-08-29 00:00:00-04:00,67.5,79.9000015258789,67.5,74.80000305175781,16221,0.0,0.0
2022-08-30 00:00:00-04:00,73.0,75.80000305175781,70.0,73.0,11304,0.0,0.0
2022-08-31 00:00:00-04:00,72.0,75.80000305175781,72.0,74.5999984741211,6513,0.0,0.0
2022-09-01 00:00:00-04:00,75.0,75.0,66.19999694824219,69.69999694824219,10703,0.0,0.0
2022-09-02 00:00:00-04:00,70.0,71.80000305175781,69.0,69.5,2504,0.0,0.0
2022-09-06 00:00:00-04:00,68.0,68.5,63.400001525878906,67.69999694824219,6676,0.0,0.0
2022-09-07 00:00:00-04:00,67.69999694824219,72.0,66.0999984741211,70.9000015258789,9510,0.0,0.0
2022-09-08 00:00:00-04:00,70.0,70.9000015258789,68.0,69.0999984741211,2712,0.0,0.0
2022-09-09 00:00:00-04:00,68.0,72.0,68.0,70.0,4755,0.0,0.0
2022-09-12 00:00:00-04:00,71.0999984741211,72.0,70.0,71.69999694824219,3923,0.0,0.0
2022-09-13 00:00:00-04:00,70.0,72.0,69.0999984741211,72.0,3085,0.0,0.0
2022-09-14 00:00:00-04:00,70.0,72.0,67.0,69.0,7278,0.0,0.0
2022-09-15 00:00:00-04:00,70.0,70.4000015258789,68.0,68.5,2760,0.0,0.0
2022-09-16 00:00:00-04:00,69.0,70.5,66.0,69.0,6621,0.0,0.0
2022-09-19 00:00:00-04:00,67.19999694824219,74.0,65.0,74.0,13034,0.0,0.0
2022-09-20 00:00:00-04:00,74.0,74.0,68.0,68.80000305175781,6859,0.0,0.0
2022-09-21 00:00:00-04:00,69.0,70.0,66.0,66.9000015258789,5480,0.0,0.0
2022-09-22 00:00:00-04:00,66.9000015258789,70.0,61.20000076293945,62.0,7353,0.0,0.0
2022-09-23 00:00:00-04:00,61.0,63.099998474121094,55.599998474121094,58.29999923706055,6892,0.0,0.0
2022-09-26 00:00:00-04:00,58.29999923706055,60.5,55.0,56.599998474121094,6207,0.0,0.0
2022-09-27 00:00:00-04:00,56.29999923706055,61.29999923706055,56.0,56.79999923706055,2058,0.0,0.0
2022-09-28 00:00:00-04:00,57.0,57.79999923706055,55.70000076293945,55.70000076293945,5409,0.0,0.0
2022-09-29 00:00:00-04:00,56.099998474121094,60.79999923706055,55.0,60.29999923706055,8121,0.0,0.0
2022-09-30 00:00:00-04:00,59.5,65.19999694824219,59.5,60.0,9067,0.0,0.0
2022-10-03 00:00:00-04:00,60.0,62.0,57.79999923706055,59.599998474121094,4758,0.0,0.0
2022-10-04 00:00:00-04:00,60.0,68.0,60.0,66.0,5411,0.0,0.0
2022-10-05 00:00:00-04:00,64.0,69.4000015258789,62.0,68.5999984741211,4926,0.0,0.0
2022-10-06 00:00:00-04:00,67.0,71.4000015258789,66.4000015258789,69.0,6328,0.0,0.0
2022-10-07 00:00:00-04:00,68.0,69.0,62.5,65.9000015258789,7830,0.0,0.0
2022-10-10 00:00:00-04:00,63.099998474121094,68.0,60.0,61.79999923706055,6442,0.0,0.0
2022-10-11 00:00:00-04:00,60.099998474121094,63.0,59.400001525878906,60.900001525878906,3016,0.0,0.0
2022-10-12 00:00:00-04:00,59.0,59.0,40.0,44.79999923706055,40866,0.0,0.0
2022-10-13 00:00:00-04:00,40.099998474121094,45.79999923706055,40.099998474121094,41.0,12904,0.0,0.0
2022-10-14 00:00:00-04:00,41.0,44.5,41.0,44.099998474121094,5480,0.0,0.0
2022-10-17 00:00:00-04:00,44.20000076293945,47.0,43.0,46.5,10565,0.0,0.0
2022-10-18 00:00:00-04:00,46.0,47.0,44.0,46.5,2952,0.0,0.0
2022-10-19 00:00:00-04:00,44.0,46.0,41.79999923706055,44.0,7149,0.0,0.0
2022-10-20 00:00:00-04:00,43.70000076293945,45.0,42.29999923706055,42.70000076293945,2656,0.0,0.0
2022-10-21 00:00:00-04:00,42.0,42.70000076293945,40.5,41.5,5391,0.0,0.0
2022-10-24 00:00:00-04:00,41.0,42.0,34.400001525878906,41.70000076293945,16752,0.0,0.0
2022-10-25 00:00:00-04:00,40.0,45.0,40.0,43.70000076293945,7836,0.0,0.0
2022-10-26 00:00:00-04:00,43.20000076293945,48.0,43.0,48.0,11469,0.0,0.0
2022-10-27 00:00:00-04:00,46.0,47.900001525878906,43.20000076293945,45.0,4432,0.0,0.0
2022-10-28 00:00:00-04:00,40.5,44.400001525878906,33.900001525878906,40.70000076293945,53250,0.0,0.1
2022-10-31 00:00:00-04:00,37.20000076293945,43.400001525878906,37.20000076293945,41.20000076293945,13850,0.0,0.0
2022-11-01 00:00:00-04:00,42.70000076293945,42.70000076293945,36.0,36.0,21140,0.0,0.0
2022-11-02 00:00:00-04:00,33.599998474121094,36.5,33.599998474121094,34.20000076293945,27780,0.0,0.0
2022-11-03 00:00:00-04:00,34.29999923706055,34.599998474121094,30.700000762939453,30.75,15680,0.0,0.0
2022-11-04 00:00:00-04:00,32.5,32.70000076293945,31.200000762939453,31.200000762939453,9740,0.0,0.0
2022-11-07 00:00:00-05:00,30.600000381469727,32.599998474121094,30.399999618530273,30.399999618530273,16930,0.0,0.0
2022-11-08 00:00:00-05:00,30.5,30.899999618530273,28.799999237060547,28.899999618530273,15230,0.0,0.0
2022-11-09 00:00:00-05:00,28.200000762939453,29.700000762939453,25.940000534057617,26.5,16950,0.0,0.0
2022-11-10 00:00:00-05:00,27.200000762939453,29.200000762939453,27.0,27.399999618530273,12750,0.0,0.0
2022-11-11 00:00:00-05:00,28.299999237060547,29.299999237060547,27.8799991607666,27.899999618530273,14460,0.0,0.0
2022-11-14 00:00:00-05:00,28.5,28.700000762939453,27.0,27.200000762939453,15240,0.0,0.0
2022-11-15 00:00:00-05:00,28.899999618530273,33.54999923706055,28.899999618530273,33.29999923706055,46120,0.0,0.0
2022-11-16 00:00:00-05:00,32.0,32.0,29.200000762939453,29.799999237060547,15570,0.0,0.0
2022-11-17 00:00:00-05:00,29.600000381469727,30.899999618530273,29.5,30.0,5780,0.0,0.0
2022-11-18 00:00:00-05:00,31.100000381469727,32.5,28.200000762939453,28.5,11810,0.0,0.0
2022-11-21 00:00:00-05:00,27.700000762939453,28.200000762939453,24.200000762939453,26.700000762939453,17240,0.0,0.0
2022-11-22 00:00:00-05:00,26.299999237060547,26.700000762939453,25.799999237060547,26.100000381469727,5280,0.0,0.0
2022-11-23 00:00:00-05:00,26.0,26.15999984741211,24.0,24.200000762939453,7450,0.0,0.0
2022-11-25 00:00:00-05:00,24.299999237060547,25.5,23.100000381469727,24.5,2420,0.0,0.0
2022-11-28 00:00:00-05:00,24.200000762939453,24.600000381469727,22.100000381469727,22.100000381469727,14360,0.0,0.0
2022-11-29 00:00:00-05:00,22.700000762939453,24.34000015258789,22.100000381469727,22.200000762939453,8190,0.0,0.0
2022-11-30 00:00:00-05:00,22.700000762939453,27.899999618530273,22.700000762939453,27.299999237060547,38270,0.0,0.0
2022-12-01 00:00:00-05:00,27.0,27.799999237060547,25.0,25.299999237060547,9000,0.0,0.0
2022-12-02 00:00:00-05:00,26.5,33.0,25.399999618530273,32.900001525878906,50090,0.0,0.0
2022-12-05 00:00:00-05:00,35.599998474121094,37.900001525878906,31.0,32.20000076293945,61230,0.0,0.0
2022-12-06 00:00:00-05:00,32.099998474121094,33.099998474121094,30.299999237060547,31.700000762939453,12690,0.0,0.0
2022-12-07 00:00:00-05:00,30.399999618530273,31.100000381469727,28.5,29.899999618530273,16700,0.0,0.0
2022-12-08 00:00:00-05:00,30.299999237060547,34.70000076293945,29.81999969482422,33.900001525878906,70620,0.0,0.0
2022-12-09 00:00:00-05:00,34.29999923706055,34.5,31.100000381469727,32.0,18930,0.0,0.0
2022-12-12 00:00:00-05:00,31.600000381469727,32.0,28.799999237060547,29.399999618530273,14810,0.0,0.0
2022-12-13 00:00:00-05:00,30.5,31.350000381469727,26.700000762939453,29.299999237060547,54700,0.0,0.0
2022-12-14 00:00:00-05:00,30.100000381469727,30.5,27.700000762939453,28.5,10330,0.0,0.0
2022-12-15 00:00:00-05:00,28.299999237060547,28.399999618530273,26.200000762939453,26.700000762939453,11980,0.0,0.0
2022-12-16 00:00:00-05:00,26.799999237060547,27.229999542236328,25.5,26.700000762939453,11610,0.0,0.0
2022-12-19 00:00:00-05:00,26.799999237060547,27.0,23.600000381469727,26.0,31520,0.0,0.0
2022-12-20 00:00:00-05:00,26.399999618530273,29.899999618530273,26.200000762939453,26.600000381469727,19940,0.0,0.0
2022-12-21 00:00:00-05:00,26.700000762939453,28.5,26.299999237060547,27.700000762939453,21860,0.0,0.0
2022-12-22 00:00:00-05:00,25.600000381469727,27.899999618530273,25.600000381469727,26.600000381469727,13220,0.0,0.0
2022-12-23 00:00:00-05:00,26.600000381469727,26.700000762939453,25.1299991607666,25.799999237060547,8790,0.0,0.0
2022-12-27 00:00:00-05:00,25.299999237060547,27.0,25.299999237060547,26.0,9210,0.0,0.0
2022-12-28 00:00:00-05:00,25.399999618530273,26.700000762939453,25.100000381469727,26.399999618530273,11930,0.0,0.0
2022-12-29 00:00:00-05:00,27.299999237060547,32.0,26.950000762939453,31.600000381469727,38560,0.0,0.0
2022-12-30 00:00:00-05:00,31.0,32.79999923706055,27.399999618530273,28.799999237060547,42860,0.0,0.0
2023-01-03 00:00:00-05:00,29.299999237060547,31.5,29.0,30.0,10560,0.0,0.0
2023-01-04 00:00:00-05:00,30.299999237060547,33.31999969482422,30.100000381469727,32.599998474121094,27100,0.0,0.0
2023-01-05 00:00:00-05:00,32.099998474121094,36.70000076293945,31.399999618530273,36.29999923706055,73430,0.0,0.0
2023-01-06 00:00:00-05:00,36.099998474121094,36.5,33.900001525878906,35.0,17540,0.0,0.0
2023-01-09 00:00:00-05:00,35.400001525878906,36.900001525878906,34.400001525878906,34.79999923706055,26720,0.0,0.0
2023-01-10 00:00:00-05:00,35.099998474121094,36.900001525878906,33.599998474121094,34.900001525878906,20420,0.0,0.0
2023-01-11 00:00:00-05:00,34.900001525878906,35.70000076293945,34.400001525878906,35.400001525878906,25010,0.0,0.0
2023-01-12 00:00:00-05:00,35.400001525878906,39.20000076293945,33.599998474121094,38.29999923706055,58990,0.0,0.0
2023-01-13 00:00:00-05:00,38.20000076293945,38.5,35.5,37.099998474121094,34460,0.0,0.0
2023-01-17 00:00:00-05:00,36.29999923706055,36.29999923706055,31.700000762939453,32.099998474121094,53160,0.0,0.0
2023-01-18 00:00:00-05:00,32.599998474121094,34.70000076293945,28.899999618530273,29.799999237060547,67660,0.0,0.0
2023-01-19 00:00:00-05:00,29.899999618530273,30.799999237060547,28.399999618530273,30.5,17560,0.0,0.0
2023-01-20 00:00:00-05:00,31.100000381469727,32.5,30.100000381469727,31.5,51120,0.0,0.0
2023-01-23 00:00:00-05:00,31.5,32.900001525878906,31.350000381469727,32.599998474121094,12820,0.0,0.0
2023-01-24 00:00:00-05:00,32.5,33.900001525878906,31.700000762939453,32.099998474121094,15130,0.0,0.0
2023-01-25 00:00:00-05:00,31.899999618530273,31.950000762939453,29.5,31.600000381469727,19440,0.0,0.0
2023-01-26 00:00:00-05:00,32.5,32.5,30.700000762939453,31.799999237060547,17030,0.0,0.0
2023-01-27 00:00:00-05:00,31.799999237060547,33.29999923706055,31.5,33.20000076293945,10590,0.0,0.0
2023-01-30 00:00:00-05:00,32.0,33.849998474121094,30.799999237060547,30.899999618530273,14070,0.0,0.0
2023-01-31 00:00:00-05:00,30.600000381469727,32.79999923706055,30.600000381469727,31.899999618530273,15180,0.0,0.0
2023-02-01 00:00:00-05:00,32.20000076293945,34.79999923706055,32.20000076293945,34.70000076293945,19520,0.0,0.0
2023-02-02 00:00:00-05:00,34.70000076293945,36.400001525878906,32.599998474121094,34.20000076293945,36870,0.0,0.0
2023-02-03 00:00:00-05:00,33.5,35.70000076293945,32.29999923706055,34.70000076293945,23170,0.0,0.0
2023-02-06 00:00:00-05:00,33.79999923706055,34.150001525878906,31.700000762939453,31.700000762939453,14110,0.0,0.0
2023-02-07 00:00:00-05:00,32.400001525878906,33.79999923706055,30.600000381469727,31.100000381469727,9920,0.0,0.0
2023-02-08 00:00:00-05:00,31.100000381469727,31.600000381469727,30.200000762939453,31.399999618530273,4990,0.0,0.0
2023-02-09 00:00:00-05:00,31.600000381469727,32.599998474121094,31.299999237060547,31.399999618530273,7550,0.0,0.0
2023-02-10 00:00:00-05:00,31.200000762939453,31.200000762939453,28.799999237060547,29.600000381469727,23350,0.0,0.0
2023-02-13 00:00:00-05:00,29.100000381469727,29.700000762939453,28.299999237060547,29.200000762939453,4950,0.0,0.0
2023-02-14 00:00:00-05:00,29.0,31.100000381469727,29.0,31.100000381469727,9080,0.0,0.0
2023-02-15 00:00:00-05:00,30.5,31.0,30.0,31.0,5930,0.0,0.0
2023-02-16 00:00:00-05:00,30.0,30.860000610351562,29.600000381469727,30.0,5130,0.0,0.0
2023-02-17 00:00:00-05:00,29.100000381469727,30.200000762939453,29.100000381469727,29.5,6430,0.0,0.0
2023-02-21 00:00:00-05:00,29.600000381469727,29.600000381469727,26.5,27.899999618530273,27170,0.0,0.0
2023-02-22 00:00:00-05:00,27.5,29.100000381469727,27.5,28.700000762939453,3180,0.0,0.0
2023-02-23 00:00:00-05:00,29.0,29.100000381469727,27.5,28.399999618530273,4230,0.0,0.0
2023-02-24 00:00:00-05:00,27.399999618530273,28.200000762939453,27.0,27.5,14900,0.0,0.0
2023-02-27 00:00:00-05:00,28.0,28.280000686645508,26.700000762939453,27.100000381469727,13050,0.0,0.0
2023-02-28 00:00:00-05:00,26.200000762939453,29.0,26.110000610351562,28.200000762939453,7650,0.0,0.0
2023-03-01 00:00:00-05:00,29.299999237060547,29.780000686645508,28.200000762939453,28.700000762939453,6240,0.0,0.0
2023-03-02 00:00:00-05:00,28.200000762939453,28.200000762939453,27.100000381469727,27.399999618530273,7070,0.0,0.0
2023-03-03 00:00:00-05:00,27.299999237060547,29.5,27.299999237060547,28.700000762939453,10140,0.0,0.0
2023-03-06 00:00:00-05:00,28.5,30.299999237060547,28.299999237060547,29.100000381469727,8430,0.0,0.0
2023-03-07 00:00:00-05:00,28.700000762939453,29.100000381469727,27.799999237060547,28.5,7280,0.0,0.0
2023-03-08 00:00:00-05:00,28.200000762939453,29.100000381469727,27.0,27.5,7630,0.0,0.0
2023-03-09 00:00:00-05:00,27.200000762939453,27.700000762939453,25.700000762939453,25.799999237060547,7470,0.0,0.0
2023-03-10 00:00:00-05:00,26.0,26.0,24.5,24.899999618530273,17880,0.0,0.0
2023-03-13 00:00:00-04:00,24.5,24.5,21.850000381469727,22.200000762939453,33180,0.0,0.0
2023-03-14 00:00:00-04:00,22.100000381469727,23.06999969482422,22.100000381469727,22.600000381469727,5160,0.0,0.0
2023-03-15 00:00:00-04:00,22.600000381469727,23.0,21.540000915527344,23.0,8850,0.0,0.0
2023-03-16 00:00:00-04:00,22.700000762939453,24.0,22.5,23.399999618530273,5050,0.0,0.0
2023-03-17 00:00:00-04:00,23.700000762939453,24.200000762939453,23.399999618530273,23.5,15100,0.0,0.0
2023-03-20 00:00:00-04:00,23.399999618530273,25.899999618530273,23.0,25.899999618530273,15950,0.0,0.0
2023-03-21 00:00:00-04:00,25.799999237060547,27.200000762939453,25.200000762939453,26.0,8680,0.0,0.0
2023-03-22 00:00:00-04:00,26.399999618530273,27.299999237060547,25.399999618530273,25.799999237060547,19700,0.0,0.0
2023-03-23 00:00:00-04:00,26.399999618530273,26.399999618530273,24.700000762939453,25.5,6450,0.0,0.0
2023-03-24 00:00:00-04:00,25.200000762939453,25.399999618530273,24.200000762939453,25.0,3860,0.0,0.0
2023-03-27 00:00:00-04:00,24.299999237060547,25.299999237060547,23.399999618530273,25.0,8370,0.0,0.0
2023-03-28 00:00:00-04:00,25.0,25.399999618530273,22.799999237060547,24.149999618530273,18560,0.0,0.0
2023-03-29 00:00:00-04:00,24.5,24.600000381469727,23.200000762939453,24.100000381469727,12980,0.0,0.0
2023-03-30 00:00:00-04:00,24.0,24.5,22.600000381469727,22.899999618530273,21850,0.0,0.0
2023-03-31 00:00:00-04:00,22.899999618530273,23.5,22.100000381469727,22.399999618530273,20300,0.0,0.0
2023-04-03 00:00:00-04:00,22.299999237060547,23.0,21.700000762939453,22.799999237060547,17620,0.0,0.0
2023-04-04 00:00:00-04:00,22.5,23.799999237060547,21.799999237060547,23.700000762939453,30640,0.0,0.0
2023-04-05 00:00:00-04:00,24.5,24.5,20.799999237060547,22.200000762939453,53300,0.0,0.0
2023-04-06 00:00:00-04:00,21.899999618530273,23.079999923706055,21.600000381469727,22.799999237060547,18640,0.0,0.0
2023-04-10 00:00:00-04:00,22.899999618530273,24.899999618530273,22.799999237060547,24.399999618530273,29490,0.0,0.0
2023-04-11 00:00:00-04:00,23.200000762939453,24.0,17.5,18.899999618530273,173580,0.0,0.0
2023-04-12 00:00:00-04:00,19.299999237060547,19.299999237060547,16.5,16.5,95740,0.0,0.0
2023-04-13 00:00:00-04:00,16.5,16.899999618530273,15.5,15.600000381469727,53200,0.0,0.0
2023-04-14 00:00:00-04:00,15.5,15.5,11.5,12.050000190734863,199080,0.0,0.0
2023-04-17 00:00:00-04:00,12.5,13.0,12.0,12.800000190734863,35500,0.0,0.0
2023-04-18 00:00:00-04:00,12.699999809265137,12.970000267028809,12.399999618530273,12.699999809265137,31670,0.0,0.0
2023-04-19 00:00:00-04:00,12.399999618530273,12.529999732971191,11.100000381469727,11.300000190734863,78980,0.0,0.0
2023-04-20 00:00:00-04:00,11.100000381469727,11.300000190734863,9.25,9.25,202720,0.0,0.0
2023-04-21 00:00:00-04:00,9.300000190734863,9.789999961853027,9.100000381469727,9.40999984741211,40090,0.0,0.0
2023-04-24 00:00:00-04:00,9.699999809265137,9.699999809265137,9.100000381469727,9.109999656677246,30550,0.0,0.0
2023-04-25 00:00:00-04:00,9.109999656677246,9.300000190734863,8.3100004196167,8.430000305175781,40990,0.0,0.0
2023-04-26 00:00:00-04:00,8.300000190734863,8.5,8.0,8.1899995803833,56750,0.0,0.0
2023-04-27 00:00:00-04:00,8.050000190734863,8.699999809265137,8.050000190734863,8.34000015258789,23540,0.0,0.0
2023-04-28 00:00:00-04:00,8.5,11.699999809265137,8.5,11.199999809265137,242030,0.0,0.0
2023-05-01 00:00:00-04:00,11.600000381469727,12.300000190734863,9.699999809265137,10.0,85300,0.0,0.0
2023-05-02 00:00:00-04:00,10.0,10.699999809265137,9.0,10.199999809265137,143250,0.0,0.0
2023-05-03 00:00:00-04:00,10.100000381469727,11.779999732971191,9.869999885559082,10.899999618530273,45930,0.0,0.0
2023-05-04 00:00:00-04:00,11.300000190734863,12.0,10.800000190734863,11.300000190734863,55020,0.0,0.0
2023-05-05 00:00:00-04:00,11.300000190734863,11.600000381469727,10.800000190734863,11.100000381469727,44640,0.0,0.0
2023-05-08 00:00:00-04:00,10.899999618530273,12.75,10.399999618530273,12.199999809265137,82700,0.0,0.0
2023-05-09 00:00:00-04:00,12.5,16.600000381469727,11.600000381469727,16.200000762939453,154540,0.0,0.0
2023-05-10 00:00:00-04:00,15.600000381469727,18.799999237060547,14.800000190734863,17.100000381469727,156530,0.0,0.0
2023-05-11 00:00:00-04:00,16.799999237060547,18.5,16.700000762939453,18.0,74470,0.0,0.0
2023-05-12 00:00:00-04:00,18.200000762939453,18.5,16.200000762939453,16.700000762939453,43800,0.0,0.0
2023-05-15 00:00:00-04:00,16.5,17.299999237060547,15.5,15.550000190734863,18380,0.0,0.0
2023-05-16 00:00:00-04:00,15.0,16.670000076293945,13.199999809265137,16.0,31090,0.0,0.0
2023-05-17 00:00:00-04:00,16.0,18.799999237060547,15.720000267028809,17.5,43060,0.0,0.0
2023-05-18 00:00:00-04:00,17.5,17.719999313354492,15.800000190734863,16.0,25350,0.0,0.0
2023-05-19 00:00:00-04:00,15.899999618530273,16.450000762939453,15.300000190734863,16.200000762939453,18630,0.0,0.0
2023-05-22 00:00:00-04:00,16.200000762939453,16.5,15.5,16.0,12040,0.0,0.0
2023-05-23 00:00:00-04:00,15.699999809265137,16.229999542236328,14.800000190734863,15.0,11400,0.0,0.0
2023-05-24 00:00:00-04:00,14.699999809265137,15.430000305175781,14.5,14.899999618530273,19130,0.0,0.0
2023-05-25 00:00:00-04:00,14.899999618530273,15.010000228881836,13.600000381469727,13.899999618530273,38750,0.0,0.0
2023-05-26 00:00:00-04:00,13.899999618530273,14.199999809265137,13.300000190734863,13.699999809265137,14790,0.0,0.0
2023-05-30 00:00:00-04:00,13.399999618530273,14.470000267028809,13.399999618530273,13.699999809265137,20610,0.0,0.0
2023-05-31 00:00:00-04:00,13.399999618530273,14.199999809265137,13.399999618530273,14.0,12900,0.0,0.0
2023-06-01 00:00:00-04:00,14.0,14.399999618530273,13.300000190734863,13.600000381469727,24060,0.0,0.0
2023-06-02 00:00:00-04:00,14.0,14.399999618530273,13.800000190734863,14.100000381469727,28610,0.0,0.0
2023-06-05 00:00:00-04:00,13.800000190734863,14.199999809265137,13.5,13.699999809265137,31010,0.0,0.0
2023-06-06 00:00:00-04:00,13.699999809265137,14.5,13.699999809265137,14.399999618530273,16160,0.0,0.0
2023-06-07 00:00:00-04:00,14.199999809265137,14.699999809265137,13.800000190734863,14.5,22470,0.0,0.0
2023-06-08 00:00:00-04:00,14.600000381469727,14.899999618530273,14.100000381469727,14.300000190734863,23220,0.0,0.0
2023-06-09 00:00:00-04:00,14.399999618530273,14.5,13.800000190734863,14.100000381469727,49740,0.0,0.0
2023-06-12 00:00:00-04:00,13.800000190734863,14.300000190734863,13.800000190734863,14.199999809265137,13680,0.0,0.0
2023-06-13 00:00:00-04:00,14.300000190734863,14.460000038146973,14.0,14.0,10650,0.0,0.0
2023-06-14 00:00:00-04:00,14.0,14.369999885559082,13.199999809265137,14.0,10330,0.0,0.0
2023-06-15 00:00:00-04:00,14.0,14.300000190734863,13.699999809265137,14.199999809265137,10090,0.0,0.0
2023-06-16 00:00:00-04:00,14.0,14.319999694824219,13.399999618530273,13.800000190734863,13100,0.0,0.0
2023-06-20 00:00:00-04:00,13.5,14.0,13.100000381469727,14.0,15040,0.0,0.0
2023-06-21 00:00:00-04:00,14.0,15.199999809265137,13.829999923706055,14.699999809265137,58990,0.0,0.0
2023-06-22 00:00:00-04:00,14.699999809265137,16.899999618530273,13.920000076293945,14.5,166400,0.0,0.0
2023-06-23 00:00:00-04:00,14.399999618530273,14.699999809265137,13.699999809265137,14.199999809265137,26210,0.0,0.0
2023-06-26 00:00:00-04:00,14.199999809265137,16.5,14.199999809265137,16.0,56960,0.0,0.0
2023-06-27 00:00:00-04:00,16.899999618530273,17.5,16.5,17.0,73690,0.0,0.0
2023-06-28 00:00:00-04:00,16.899999618530273,17.399999618530273,15.899999618530273,17.0,31250,0.0,0.0
2023-06-29 00:00:00-04:00,17.0,17.899999618530273,16.600000381469727,17.0,30960,0.0,0.0
2023-06-30 00:00:00-04:00,16.799999237060547,16.899999618530273,15.899999618530273,16.399999618530273,11710,0.0,0.0
2023-07-03 00:00:00-04:00,16.700000762939453,17.5,16.399999618530273,17.100000381469727,36690,0.0,0.0
2023-07-05 00:00:00-04:00,16.899999618530273,17.5,16.1200008392334,16.299999237060547,8460,0.0,0.0
2023-07-06 00:00:00-04:00,17.200000762939453,17.200000762939453,16.0,16.799999237060547,10740,0.0,0.0
2023-07-07 00:00:00-04:00,16.799999237060547,17.5,16.709999084472656,16.899999618530273,31300,0.0,0.0
2023-07-10 00:00:00-04:00,17.0,17.299999237060547,16.399999618530273,17.100000381469727,9670,0.0,0.0
2023-07-11 00:00:00-04:00,16.899999618530273,17.600000381469727,16.700000762939453,17.200000762939453,16330,0.0,0.0
2023-07-12 00:00:00-04:00,17.299999237060547,17.600000381469727,16.700000762939453,17.200000762939453,21360,0.0,0.0
2023-07-13 00:00:00-04:00,17.200000762939453,18.200000762939453,17.0,17.600000381469727,36120,0.0,0.0
2023-07-14 00:00:00-04:00,17.700000762939453,18.100000381469727,15.399999618530273,16.600000381469727,33600,0.0,0.0
2023-07-17 00:00:00-04:00,16.299999237060547,16.799999237060547,16.0,16.450000762939453,5220,0.0,0.0
2023-07-18 00:00:00-04:00,16.100000381469727,16.799999237060547,16.0,16.299999237060547,9430,0.0,0.0
2023-07-19 00:00:00-04:00,16.5,17.0,16.299999237060547,16.850000381469727,8970,0.0,0.0
2023-07-20 00:00:00-04:00,16.600000381469727,17.299999237060547,16.200000762939453,17.0,9100,0.0,0.0
2023-07-21 00:00:00-04:00,17.0,17.399999618530273,16.700000762939453,16.899999618530273,10810,0.0,0.0
2023-07-24 00:00:00-04:00,16.899999618530273,17.799999237060547,16.799999237060547,17.399999618530273,18730,0.0,0.0
2023-07-25 00:00:00-04:00,17.5,17.700000762939453,16.700000762939453,16.899999618530273,22160,0.0,0.0
2023-07-26 00:00:00-04:00,16.899999618530273,17.700000762939453,16.600000381469727,17.100000381469727,13830,0.0,0.0
2023-07-27 00:00:00-04:00,17.0,17.399999618530273,16.600000381469727,16.799999237060547,11740,0.0,0.0
2023-07-28 00:00:00-04:00,16.899999618530273,17.200000762939453,16.700000762939453,16.700000762939453,17380,0.0,0.0
2023-07-31 00:00:00-04:00,17.299999237060547,18.899999618530273,17.0,17.5,77790,0.0,0.0
2023-08-01 00:00:00-04:00,17.0,18.299999237060547,17.0,17.0,49020,0.0,0.0
2023-08-02 00:00:00-04:00,17.0,17.0,16.299999237060547,16.700000762939453,19510,0.0,0.0
2023-08-03 00:00:00-04:00,16.600000381469727,17.299999237060547,16.219999313354492,17.0,10850,0.0,0.0
2023-08-04 00:00:00-04:00,16.899999618530273,17.0,16.399999618530273,16.700000762939453,11240,0.0,0.0
2023-08-07 00:00:00-04:00,16.5,16.799999237060547,15.920000076293945,16.299999237060547,13820,0.0,0.0
2023-08-08 00:00:00-04:00,16.0,16.600000381469727,15.800000190734863,16.600000381469727,8170,0.0,0.0
2023-08-09 00:00:00-04:00,16.639999389648438,16.700000762939453,15.800000190734863,15.899999618530273,10000,0.0,0.0
2023-08-10 00:00:00-04:00,16.0,16.389999389648438,15.5,15.800000190734863,9800,0.0,0.0
2023-08-11 00:00:00-04:00,15.600000381469727,15.699999809265137,14.800000190734863,15.199999809265137,14860,0.0,0.0
2023-08-14 00:00:00-04:00,15.199999809265137,15.25,13.699999809265137,14.75,27330,0.0,0.0
2023-08-15 00:00:00-04:00,14.800000190734863,16.200000762939453,14.800000190734863,15.600000381469727,12350,0.0,0.0
2023-08-16 00:00:00-04:00,15.600000381469727,16.299999237060547,15.020000457763672,16.100000381469727,13490,0.0,0.0
2023-08-17 00:00:00-04:00,17.0,17.0,15.699999809265137,16.100000381469727,10290,0.0,0.0
2023-08-18 00:00:00-04:00,15.5,16.299999237060547,15.5,15.649999618530273,12090,0.0,0.0
2023-08-21 00:00:00-04:00,15.600000381469727,16.100000381469727,15.199999809265137,15.5,4200,0.0,0.0
2023-08-22 00:00:00-04:00,15.199999809265137,15.699999809265137,14.300000190734863,14.399999618530273,12080,0.0,0.0
2023-08-23 00:00:00-04:00,14.5,15.199999809265137,14.300000190734863,14.699999809265137,10730,0.0,0.0
2023-08-24 00:00:00-04:00,14.699999809265137,14.899999618530273,14.0,14.0,7150,0.0,0.0
2023-08-25 00:00:00-04:00,14.5,14.699999809265137,14.100000381469727,14.300000190734863,9460,0.0,0.0
2023-08-28 00:00:00-04:00,14.600000381469727,17.399999618530273,14.399999618530273,17.0,51550,0.0,0.0
2023-08-29 00:00:00-04:00,17.200000762939453,17.399999618530273,16.0,16.600000381469727,8800,0.0,0.0
2023-08-30 00:00:00-04:00,16.399999618530273,16.5,15.300000190734863,16.200000762939453,4960,0.0,0.0
2023-08-31 00:00:00-04:00,16.0,16.5,15.800000190734863,16.399999618530273,3340,0.0,0.0
2023-09-01 00:00:00-04:00,16.600000381469727,17.100000381469727,16.5,17.0,6390,0.0,0.0
2023-09-05 00:00:00-04:00,16.700000762939453,17.399999618530273,16.299999237060547,16.399999618530273,8880,0.0,0.0
2023-09-06 00:00:00-04:00,16.399999618530273,17.0,16.0,16.399999618530273,6230,0.0,0.0
2023-09-07 00:00:00-04:00,16.399999618530273,16.899999618530273,15.699999809265137,16.100000381469727,10470,0.0,0.0
2023-09-08 00:00:00-04:00,16.200000762939453,16.5,15.800000190734863,16.5,7730,0.0,0.0
2023-09-11 00:00:00-04:00,16.399999618530273,17.0,15.0,15.0,9870,0.0,0.0
2023-09-12 00:00:00-04:00,15.100000381469727,16.280000686645508,15.100000381469727,15.600000381469727,10510,0.0,0.0
2023-09-13 00:00:00-04:00,15.720000267028809,16.700000762939453,15.399999618530273,16.100000381469727,6260,0.0,0.0
2023-09-14 00:00:00-04:00,16.5,17.0,16.200000762939453,16.299999237060547,4230,0.0,0.0
2023-09-15 00:00:00-04:00,16.299999237060547,17.0,15.899999618530273,16.200000762939453,10970,0.0,0.0
2023-09-18 00:00:00-04:00,15.800000190734863,16.5,15.5,15.5,3900,0.0,0.0
2023-09-19 00:00:00-04:00,16.0,16.639999389648438,15.600000381469727,16.200000762939453,14210,0.0,0.0
2023-09-20 00:00:00-04:00,18.0,18.200000762939453,15.800000190734863,15.899999618530273,43630,0.0,0.0
2023-09-21 00:00:00-04:00,16.5,16.5,15.600000381469727,16.200000762939453,11520,0.0,0.0
2023-09-22 00:00:00-04:00,16.100000381469727,16.799999237060547,16.0,16.700000762939453,6110,0.0,0.0
2023-09-25 00:00:00-04:00,16.399999618530273,16.700000762939453,15.800000190734863,16.299999237060547,3710,0.0,0.0
2023-09-26 00:00:00-04:00,16.200000762939453,16.350000381469727,16.0,16.200000762939453,2450,0.0,0.0
2023-09-27 00:00:00-04:00,16.1299991607666,16.399999618530273,15.600000381469727,15.800000190734863,4900,0.0,0.0
2023-09-28 00:00:00-04:00,15.699999809265137,16.209999084472656,15.699999809265137,16.200000762939453,6480,0.0,0.0
2023-09-29 00:00:00-04:00,15.800000190734863,16.899999618530273,15.600000381469727,16.299999237060547,6340,0.0,0.0
2023-10-02 00:00:00-04:00,16.0,16.399999618530273,15.800000190734863,16.0,1860,0.0,0.0
2023-10-03 00:00:00-04:00,15.800000190734863,16.200000762939453,15.5,16.0,2700,0.0,0.0
2023-10-04 00:00:00-04:00,16.0,16.200000762939453,15.600000381469727,15.899999618530273,1300,0.0,0.0
2023-10-05 00:00:00-04:00,15.5,16.100000381469727,15.5,15.699999809265137,5230,0.0,0.0
2023-10-06 00:00:00-04:00,15.5,16.0,15.100000381469727,15.199999809265137,6320,0.0,0.0
2023-10-09 00:00:00-04:00,15.100000381469727,15.899999618530273,15.0,15.100000381469727,4860,0.0,0.0
2023-10-10 00:00:00-04:00,15.399999618530273,15.800000190734863,15.0,15.0,2830,0.0,0.0
2023-10-11 00:00:00-04:00,15.100000381469727,16.0,15.100000381469727,15.800000190734863,4330,0.0,0.0
2023-10-12 00:00:00-04:00,15.300000190734863,15.600000381469727,14.800000190734863,14.800000190734863,10070,0.0,0.0
2023-10-13 00:00:00-04:00,14.800000190734863,15.199999809265137,14.699999809265137,15.100000381469727,3680,0.0,0.0
2023-10-16 00:00:00-04:00,14.600000381469727,15.300000190734863,14.5,14.800000190734863,4080,0.0,0.0
2023-10-17 00:00:00-04:00,14.699999809265137,15.300000190734863,14.699999809265137,15.0,3830,0.0,0.0
2023-10-18 00:00:00-04:00,14.800000190734863,15.0,14.199999809265137,14.399999618530273,4200,0.0,0.0
2023-10-19 00:00:00-04:00,14.300000190734863,14.5,13.5,13.899999618530273,7580,0.0,0.0
2023-10-20 00:00:00-04:00,13.899999618530273,13.899999618530273,12.199999809265137,12.5,24800,0.0,0.0
2023-10-23 00:00:00-04:00,12.199999809265137,12.600000381469727,11.300000190734863,12.199999809265137,8730,0.0,0.0
2023-10-24 00:00:00-04:00,13.100000381469727,13.399999618530273,12.300000190734863,12.800000190734863,2520,0.0,0.0
2023-10-25 00:00:00-04:00,12.600000381469727,13.0,12.0,12.199999809265137,1480,0.0,0.0
2023-10-26 00:00:00-04:00,12.050000190734863,12.180000305175781,10.899999618530273,12.0,10450,0.0,0.0
2023-10-27 00:00:00-04:00,11.800000190734863,12.699999809265137,11.800000190734863,11.800000190734863,930,0.0,0.0
2023-10-30 00:00:00-04:00,11.899999618530273,12.770000457763672,9.5,11.199999809265137,9480,0.0,0.0
2023-10-31 00:00:00-04:00,11.199999809265137,12.300000190734863,11.199999809265137,12.199999809265137,2240,0.0,0.0
2023-11-01 00:00:00-04:00,12.699999809265137,12.699999809265137,11.100000381469727,11.5,4760,0.0,0.0
2023-11-02 00:00:00-04:00,11.5,12.699999809265137,11.5,12.199999809265137,6660,0.0,0.0
2023-11-03 00:00:00-04:00,12.399999618530273,13.0,12.010000228881836,13.0,5440,0.0,0.0
2023-11-06 00:00:00-05:00,12.899999618530273,13.0,12.359999656677246,12.5,2370,0.0,0.0
2023-11-07 00:00:00-05:00,12.800000190734863,13.300000190734863,12.5,13.300000190734863,2040,0.0,0.0
2023-11-08 00:00:00-05:00,13.100000381469727,13.399999618530273,12.800000190734863,13.0,4040,0.0,0.0
2023-11-09 00:00:00-05:00,12.899999618530273,13.199999809265137,11.699999809265137,12.199999809265137,12300,0.0,0.0
2023-11-10 00:00:00-05:00,11.699999809265137,12.800000190734863,11.699999809265137,12.600000381469727,2770,0.0,0.0
2023-11-13 00:00:00-05:00,12.800000190734863,13.079999923706055,10.899999618530273,11.600000381469727,6770,0.0,0.0
2023-11-14 00:00:00-05:00,11.5,12.350000381469727,11.5,11.899999618530273,4300,0.0,0.0
2023-11-15 00:00:00-05:00,12.0,13.09000015258789,11.800000190734863,11.899999618530273,6290,0.0,0.0
2023-11-16 00:00:00-05:00,11.800000190734863,12.0,11.5,11.600000381469727,2120,0.0,0.0
2023-11-17 00:00:00-05:00,11.800000190734863,12.100000381469727,11.199999809265137,11.600000381469727,5770,0.0,0.0
2023-11-20 00:00:00-05:00,11.5,12.100000381469727,11.0,11.5,5350,0.0,0.0
2023-11-21 00:00:00-05:00,11.199999809265137,11.600000381469727,11.0,11.0,4340,0.0,0.0
2023-11-22 00:00:00-05:00,11.699999809265137,12.0,11.199999809265137,11.399999618530273,7060,0.0,0.0
2023-11-24 00:00:00-05:00,11.399999618530273,11.869999885559082,10.800000190734863,11.699999809265137,6580,0.0,0.0
2023-11-27 00:00:00-05:00,11.300000190734863,11.699999809265137,10.800000190734863,11.649999618530273,15840,0.0,0.0
2023-11-28 00:00:00-05:00,11.600000381469727,11.699999809265137,10.699999809265137,10.800000190734863,19330,0.0,0.0
2023-11-29 00:00:00-05:00,11.199999809265137,11.199999809265137,9.600000381469727,10.0,21970,0.0,0.0
2023-11-30 00:00:00-05:00,10.0,11.0,9.800000190734863,10.899999618530273,18640,0.0,0.0
2023-12-01 00:00:00-05:00,11.0,11.109999656677246,9.800000190734863,10.100000381469727,23350,0.0,0.0
2023-12-04 00:00:00-05:00,9.699999809265137,10.300000190734863,9.300000190734863,9.699999809265137,26790,0.0,0.0
2023-12-05 00:00:00-05:00,9.579999923706055,10.0,9.579999923706055,9.949999809265137,7170,0.0,0.0
2023-12-06 00:00:00-05:00,10.0,10.0,9.5,9.600000381469727,16030,0.0,0.0
2023-12-07 00:00:00-05:00,9.899999618530273,9.899999618530273,8.899999618530273,9.100000381469727,27090,0.0,0.0
2023-12-08 00:00:00-05:00,8.800000190734863,9.100000381469727,8.699999809265137,8.899999618530273,18360,0.0,0.0
2023-12-11 00:00:00-05:00,8.699999809265137,8.699999809265137,7.900000095367432,8.0,48280,0.0,0.0
2023-12-12 00:00:00-05:00,8.0,8.399999618530273,7.809999942779541,8.140000343322754,25420,0.0,0.0
2023-12-13 00:00:00-05:00,8.100000381469727,8.5,7.800000190734863,8.380000114440918,14190,0.0,0.0
2023-12-14 00:00:00-05:00,8.399999618530273,8.399999618530273,7.300000190734863,7.599999904632568,66370,0.0,0.0
2023-12-15 00:00:00-05:00,7.599999904632568,7.900000095367432,7.0,7.380000114440918,46660,0.0,0.0
2023-12-18 00:00:00-05:00,7.0,7.579999923706055,6.300000190734863,6.539999961853027,99240,0.0,0.0
2023-12-19 00:00:00-05:00,5.699999809265137,6.769999980926514,5.699999809265137,6.199999809265137,134330,0.0,0.0
2023-12-20 00:00:00-05:00,6.110000133514404,6.400000095367432,5.199999809265137,6.050000190734863,94140,0.0,0.0
2023-12-21 00:00:00-05:00,5.880000114440918,6.590000152587891,5.800000190734863,6.409999847412109,42010,0.0,0.0
2023-12-22 00:00:00-05:00,6.389999866485596,6.570000171661377,5.880000114440918,6.400000095367432,47660,0.0,0.0
2023-12-26 00:00:00-05:00,6.110000133514404,8.399999618530273,6.110000133514404,7.949999809265137,173890,0.0,0.0
2023-12-27 00:00:00-05:00,8.300000190734863,8.399999618530273,7.0,7.599999904632568,60810,0.0,0.0
2023-12-28 00:00:00-05:00,7.599999904632568,8.0,7.0,7.489999771118164,43290,0.0,0.0
2023-12-29 00:00:00-05:00,7.179999828338623,7.480000019073486,6.949999809265137,7.010000228881836,40880,0.0,0.0
2024-01-02 00:00:00-05:00,7.400000095367432,8.0,7.019999980926514,7.099999904632568,78190,0.0,0.0
2024-01-03 00:00:00-05:00,7.099999904632568,7.300000190734863,6.699999809265137,6.96999979019165,24670,0.0,0.0
2024-01-04 00:00:00-05:00,7.099999904632568,7.099999904632568,6.550000190734863,6.550000190734863,32920,0.0,0.0
2024-01-05 00:00:00-05:00,6.53000020980835,6.900000095367432,6.300000190734863,6.489999771118164,20280,0.0,0.0
2024-01-08 00:00:00-05:00,6.300000190734863,6.380000114440918,5.199999809265137,5.300000190734863,74790,0.0,0.0
2024-01-09 00:00:00-05:00,5.28000020980835,5.699999809265137,4.829999923706055,5.400000095367432,44470,0.0,0.0
2024-01-10 00:00:00-05:00,5.5,5.5,4.800000190734863,4.800000190734863,34070,0.0,0.0
2024-01-11 00:00:00-05:00,4.900000095367432,4.900000095367432,4.690000057220459,4.699999809265137,22750,0.0,0.0
2024-01-12 00:00:00-05:00,4.599999904632568,4.75,3.950000047683716,4.059999942779541,51690,0.0,0.0
2024-01-16 00:00:00-05:00,3.9000000953674316,4.011000156402588,3.4100000858306885,3.8610000610351562,100000,0.0,0.1
2024-01-17 00:00:00-05:00,3.819999933242798,4.159999847412109,3.6700000762939453,3.7300000190734863,38900,0.0,0.0
2024-01-18 00:00:00-05:00,3.7300000190734863,3.7300000190734863,3.0899999141693115,3.109999895095825,58500,0.0,0.0
2024-01-19 00:00:00-05:00,3.119999885559082,3.180000066757202,2.680000066757202,2.690000057220459,98100,0.0,0.0
2024-01-22 00:00:00-05:00,2.690000057220459,2.690000057220459,2.450000047683716,2.509999990463257,51900,0.0,0.0
2024-01-23 00:00:00-05:00,2.5299999713897705,2.765000104904175,2.4100000858306885,2.5,71600,0.0,0.0
2024-01-24 00:00:00-05:00,2.619999885559082,2.8299999237060547,2.549999952316284,2.619999885559082,68700,0.0,0.0
2024-01-25 00:00:00-05:00,3.130000114440918,3.180000066757202,2.5799999237060547,2.680000066757202,77300,0.0,0.0
2024-01-26 00:00:00-05:00,2.7799999713897705,2.7799999713897705,2.4700000286102295,2.4800000190734863,33700,0.0,0.0
2024-01-29 00:00:00-05:00,2.6619999408721924,2.700000047683716,2.4100000858306885,2.690999984741211,52800,0.0,0.0
2024-01-30 00:00:00-05:00,2.700000047683716,2.700000047683716,2.5399999618530273,2.640000104904175,40200,0.0,0.0
2024-01-31 00:00:00-05:00,2.558000087738037,2.688999891281128,2.558000087738037,2.5999999046325684,9700,0.0,0.0
2024-02-01 00:00:00-05:00,2.609999895095825,2.690000057220459,2.4000000953674316,2.4700000286102295,29400,0.0,0.0
2024-02-02 00:00:00-05:00,2.4800000190734863,2.5199999809265137,2.2899999618530273,2.299999952316284,31900,0.0,0.0
2024-02-05 00:00:00-05:00,2.2799999713897705,2.690000057220459,2.25,2.5799999237060547,121600,0.0,0.0
2024-02-06 00:00:00-05:00,2.700000047683716,2.8499999046325684,2.50600004196167,2.559999942779541,60800,0.0,0.0
2024-02-07 00:00:00-05:00,2.559999942779541,2.614000082015991,2.309999942779541,2.319999933242798,21900,0.0,0.0
2024-02-08 00:00:00-05:00,2.369999885559082,2.569999933242798,2.369999885559082,2.4600000381469727,24200,0.0,0.0
2024-02-09 00:00:00-05:00,2.4700000286102295,2.684999942779541,2.4600000381469727,2.5799999237060547,50000,0.0,0.0
2024-02-12 00:00:00-05:00,2.6500000953674316,2.7100000381469727,2.549999952316284,2.609999895095825,142000,0.0,0.0
2024-02-13 00:00:00-05:00,2.5999999046325684,2.630000114440918,2.3399999141693115,2.430000066757202,57000,0.0,0.0
2024-02-14 00:00:00-05:00,2.549999952316284,2.549999952316284,2.359999895095825,2.5,32400,0.0,0.0
2024-02-15 00:00:00-05:00,2.5399999618530273,2.5799999237060547,2.369999885559082,2.4649999141693115,44400,0.0,0.0
2024-02-16 00:00:00-05:00,2.5299999713897705,2.5899999141693115,2.4100000858306885,2.450000047683716,54200,0.0,0.0
2024-02-20 00:00:00-05:00,2.559999942779541,2.559999942779541,2.2699999809265137,2.2699999809265137,59700,0.0,0.0
2024-02-21 00:00:00-05:00,2.3299999237060547,2.380000114440918,1.9199999570846558,2.0999999046325684,111600,0.0,0.0
2024-02-22 00:00:00-05:00,2.1700000762939453,2.1700000762939453,1.9199999570846558,1.9700000286102295,52600,0.0,0.0
2024-02-23 00:00:00-05:00,2.059999942779541,2.130000114440918,1.9149999618530273,1.9529999494552612,49700,0.0,0.0
2024-02-26 00:00:00-05:00,2.0199999809265137,2.140000104904175,1.9500000476837158,2.109999895095825,40500,0.0,0.0
2024-02-27 00:00:00-05:00,2.0899999141693115,2.740000009536743,2.0899999141693115,2.630000114440918,345800,0.0,0.0
2024-02-28 00:00:00-05:00,2.6700000762939453,2.680000066757202,2.384999990463257,2.4200000762939453,55900,0.0,0.0
2024-02-29 00:00:00-05:00,2.509999990463257,2.630000114440918,2.3940000534057617,2.450000047683716,21200,0.0,0.0
2024-03-01 00:00:00-05:00,2.450000047683716,2.509999990463257,2.3399999141693115,2.3399999141693115,34000,0.0,0.0
2024-03-04 00:00:00-05:00,2.309999942779541,2.430000066757202,2.0,2.0,121000,0.0,0.0
2024-03-05 00:00:00-05:00,2.140000104904175,2.180000066757202,2.0199999809265137,2.059999942779541,25500,0.0,0.0
2024-03-06 00:00:00-05:00,2.069999933242798,2.1449999809265137,2.0199999809265137,2.059999942779541,22000,0.0,0.0
2024-03-07 00:00:00-05:00,2.140000104904175,2.259999990463257,2.059999942779541,2.2200000286102295,47600,0.0,0.0
2024-03-08 00:00:00-05:00,2.2300000190734863,2.302000045776367,2.0199999809265137,2.059999942779541,84300,0.0,0.0
2024-03-11 00:00:00-04:00,2.1700000762939453,2.1700000762939453,2.0199999809265137,2.0199999809265137,20500,0.0,0.0
2024-03-12 00:00:00-04:00,2.0299999713897705,2.140000104904175,2.0299999713897705,2.049999952316284,9600,0.0,0.0
2024-03-13 00:00:00-04:00,2.1500000953674316,2.1500000953674316,2.0810000896453857,2.140000104904175,7600,0.0,0.0
2024-03-14 00:00:00-04:00,2.069999933242798,2.184000015258789,2.049999952316284,2.049999952316284,35900,0.0,0.0
2024-03-15 00:00:00-04:00,2.072999954223633,2.2269999980926514,2.072999954223633,2.109999895095825,24500,0.0,0.0
2024-03-18 00:00:00-04:00,2.119999885559082,2.2200000286102295,1.9600000381469727,2.180000066757202,67600,0.0,0.0
2024-03-19 00:00:00-04:00,2.0999999046325684,2.200000047683716,2.069999933242798,2.119999885559082,35900,0.0,0.0
2024-03-20 00:00:00-04:00,2.109999895095825,2.259999990463257,2.0799999237060547,2.109999895095825,85100,0.0,0.0
2024-03-21 00:00:00-04:00,2.190000057220459,2.2100000381469727,2.11299991607666,2.180000066757202,29600,0.0,0.0
2024-03-22 00:00:00-04:00,2.190000057220459,2.2899999618530273,2.130000114440918,2.2799999713897705,36200,0.0,0.0
2024-03-25 00:00:00-04:00,2.3499999046325684,2.6419999599456787,2.244999885559082,2.549999952316284,241900,0.0,0.0
2024-03-26 00:00:00-04:00,2.549999952316284,2.5899999141693115,2.2799999713897705,2.299999952316284,88300,0.0,0.0
2024-03-27 00:00:00-04:00,2.369999885559082,2.372999906539917,2.121000051498413,2.2300000190734863,62500,0.0,0.0
2024-03-28 00:00:00-04:00,2.200000047683716,2.2799999713897705,2.0999999046325684,2.119999885559082,91300,0.0,0.0
2024-04-01 00:00:00-04:00,2.119999885559082,2.200000047683716,1.9609999656677246,2.0899999141693115,71500,0.0,0.0
2024-04-02 00:00:00-04:00,2.0299999713897705,2.0899999141693115,1.9900000095367432,1.9900000095367432,26600,0.0,0.0
2024-04-03 00:00:00-04:00,2.0199999809265137,2.0450000762939453,1.7599999904632568,1.8799999952316284,116300,0.0,0.0
2024-04-04 00:00:00-04:00,1.909999966621399,2.200000047683716,1.8799999952316284,2.015000104904175,124900,0.0,0.0
2024-04-05 00:00:00-04:00,1.9600000381469727,2.059999942779541,1.840000033378601,1.8600000143051147,59500,0.0,0.0
2024-04-08 00:00:00-04:00,1.940000057220459,1.940000057220459,1.8450000286102295,1.8700000047683716,16700,0.0,0.0
2024-04-09 00:00:00-04:00,1.8899999856948853,1.9170000553131104,1.8200000524520874,1.850000023841858,20500,0.0,0.0
2024-04-10 00:00:00-04:00,1.8700000047683716,2.0299999713897705,1.809999942779541,1.8700000047683716,57100,0.0,0.0
2024-04-11 00:00:00-04:00,1.8700000047683716,1.9249999523162842,1.8200000524520874,1.8600000143051147,19700,0.0,0.0
2024-04-12 00:00:00-04:00,1.9800000190734863,1.9800000190734863,1.8300000429153442,1.8700000047683716,27000,0.0,0.0
2024-04-15 00:00:00-04:00,1.8700000047683716,1.8700000047683716,1.6299999952316284,1.7200000286102295,32200,0.0,0.0
2024-04-16 00:00:00-04:00,1.7400000095367432,1.8259999752044678,1.590000033378601,1.590000033378601,52700,0.0,0.0
2024-04-17 00:00:00-04:00,1.6299999952316284,1.690000057220459,1.600000023841858,1.6399999856948853,13100,0.0,0.0
2024-04-18 00:00:00-04:00,1.6399999856948853,1.781999945640564,1.6200000047683716,1.659999966621399,12000,0.0,0.0
2024-04-19 00:00:00-04:00,1.6299999952316284,1.7000000476837158,1.621000051498413,1.659999966621399,9200,0.0,0.0
2024-04-22 00:00:00-04:00,1.7000000476837158,1.7000000476837158,1.5,1.5199999809265137,59100,0.0,0.0
2024-04-23 00:00:00-04:00,1.6100000143051147,1.7000000476837158,1.5299999713897705,1.659999966621399,35100,0.0,0.0
2024-04-24 00:00:00-04:00,1.7200000286102295,2.0899999141693115,1.6799999475479126,1.9299999475479126,261200,0.0,0.0
2024-04-25 00:00:00-04:00,2.0,2.0399999618530273,1.7999999523162842,1.9500000476837158,171300,0.0,0.0
2024-04-26 00:00:00-04:00,1.8600000143051147,1.9600000381469727,1.809999942779541,1.8200000524520874,83900,0.0,0.0
2024-04-29 00:00:00-04:00,1.8200000524520874,2.0,1.7999999523162842,1.840000033378601,66600,0.0,0.0
2024-04-30 00:00:00-04:00,1.8799999952316284,2.0199999809265137,1.8300000429153442,1.850000023841858,85500,0.0,0.0
2024-05-01 00:00:00-04:00,1.8700000047683716,2.0999999046325684,1.8600000143051147,1.9500000476837158,132300,0.0,0.0
2024-05-02 00:00:00-04:00,1.9299999475479126,2.0999999046325684,1.9299999475479126,1.940000057220459,101500,0.0,0.0
2024-05-03 00:00:00-04:00,1.9800000190734863,2.180000066757202,1.9609999656677246,2.0199999809265137,91100,0.0,0.0
2024-05-06 00:00:00-04:00,2.0,2.0850000381469727,2.0,2.0199999809265137,37400,0.0,0.0
2024-05-07 00:00:00-04:00,2.0299999713897705,2.700000047683716,2.0299999713897705,2.2100000381469727,516000,0.0,0.0
2024-05-08 00:00:00-04:00,2.25,2.5,2.1080000400543213,2.3399999141693115,169700,0.0,0.0
2024-05-09 00:00:00-04:00,2.299999952316284,2.490000009536743,2.1500000953674316,2.25,152100,0.0,0.0
2024-05-10 00:00:00-04:00,2.4200000762939453,2.7200000286102295,2.2100000381469727,2.5399999618530273,394500,0.0,0.0
2024-05-13 00:00:00-04:00,2.549999952316284,3.5,2.5399999618530273,3.240000009536743,556600,0.0,0.0
2024-05-14 00:00:00-04:00,3.140000104904175,4.0,3.069999933242798,3.359999895095825,417500,0.0,0.0
2024-05-15 00:00:00-04:00,3.369999885559082,3.5899999141693115,3.3299999237060547,3.5399999618530273,145100,0.0,0.0
2024-05-16 00:00:00-04:00,3.559999942779541,3.880000114440918,3.4000000953674316,3.5199999809265137,186200,0.0,0.0
2024-05-17 00:00:00-04:00,3.630000114440918,3.6500000953674316,2.880000114440918,3.190000057220459,198400,0.0,0.0
2024-05-20 00:00:00-04:00,3.140000104904175,3.25,2.9000000953674316,3.069999933242798,105000,0.0,0.0
2024-05-21 00:00:00-04:00,3.0399999618530273,3.200000047683716,3.0,3.069999933242798,103300,0.0,0.0
2024-05-22 00:00:00-04:00,2.880000114440918,3.0,2.75,2.7899999618530273,113000,0.0,0.0
2024-05-23 00:00:00-04:00,2.75,2.869999885559082,2.5399999618530273,2.549999952316284,91800,0.0,0.0
2024-05-24 00:00:00-04:00,2.5,2.6630001068115234,2.4509999752044678,2.4600000381469727,43400,0.0,0.0
2024-05-28 00:00:00-04:00,2.4600000381469727,2.7009999752044678,2.2799999713897705,2.299999952316284,29400,0.0,0.0
2024-05-29 00:00:00-04:00,2.299999952316284,2.450000047683716,2.259999990463257,2.380000114440918,23300,0.0,0.0
2024-05-30 00:00:00-04:00,2.430000066757202,2.6500000953674316,2.3420000076293945,2.5899999141693115,47200,0.0,0.0
2024-05-31 00:00:00-04:00,2.5799999237060547,2.5799999237060547,2.3299999237060547,2.450000047683716,20700,0.0,0.0
2024-06-03 00:00:00-04:00,2.380000114440918,2.5409998893737793,2.259999990463257,2.2799999713897705,75300,0.0,0.0
2024-06-04 00:00:00-04:00,2.299999952316284,2.390000104904175,2.2100000381469727,2.2100000381469727,22600,0.0,0.0
2024-06-05 00:00:00-04:00,2.25,2.490000009536743,2.2100000381469727,2.2100000381469727,89900,0.0,0.0
2024-06-06 00:00:00-04:00,2.259999990463257,2.3499999046325684,2.1500000953674316,2.299999952316284,19200,0.0,0.0
2024-06-07 00:00:00-04:00,2.259999990463257,2.450000047683716,2.109999895095825,2.109999895095825,49300,0.0,0.0
2024-06-10 00:00:00-04:00,2.049999952316284,2.4000000953674316,2.0399999618530273,2.2799999713897705,32600,0.0,0.0
2024-06-11 00:00:00-04:00,2.2249999046325684,2.259999990463257,2.1610000133514404,2.190000057220459,9500,0.0,0.0
2024-06-12 00:00:00-04:00,2.25,2.2799999713897705,2.1619999408721924,2.2200000286102295,26600,0.0,0.0
2024-06-13 00:00:00-04:00,2.25,2.36899995803833,2.2100000381469727,2.259999990463257,15300,0.0,0.0
2024-06-14 00:00:00-04:00,2.25,2.25,2.0999999046325684,2.1500000953674316,12900,0.0,0.0
2024-06-17 00:00:00-04:00,2.180000066757202,2.180000066757202,2.068000078201294,2.130000114440918,13300,0.0,0.0
2024-06-18 00:00:00-04:00,2.109999895095825,2.3399999141693115,2.0999999046325684,2.0999999046325684,6800,0.0,0.0
2024-06-20 00:00:00-04:00,2.0799999237060547,2.180000066757202,2.0799999237060547,2.0999999046325684,4700,0.0,0.0
2024-06-21 00:00:00-04:00,2.0799999237060547,2.0999999046325684,2.0199999809265137,2.0199999809265137,7000,0.0,0.0
2024-06-24 00:00:00-04:00,2.0399999618530273,2.0959999561309814,2.0199999809265137,2.069999933242798,3800,0.0,0.0
2024-06-25 00:00:00-04:00,2.0899999141693115,2.1070001125335693,2.069999933242798,2.069999933242798,4600,0.0,0.0
2024-06-26 00:00:00-04:00,2.059999942779541,2.0999999046325684,2.0199999809265137,2.069999933242798,12800,0.0,0.0
2024-06-27 00:00:00-04:00,2.0199999809265137,2.0999999046325684,2.0199999809265137,2.0799999237060547,9600,0.0,0.0
2024-06-28 00:00:00-04:00,2.0299999713897705,2.0929999351501465,2.0299999713897705,2.059999942779541,3700,0.0,0.0
2024-07-01 00:00:00-04:00,2.0299999713897705,2.2300000190734863,2.0299999713897705,2.065000057220459,13300,0.0,0.0
2024-07-02 00:00:00-04:00,2.0299999713897705,2.249000072479248,2.0299999713897705,2.0299999713897705,8000,0.0,0.0
2024-07-03 00:00:00-04:00,2.052000045776367,2.1700000762939453,2.0350000858306885,2.0999999046325684,2700,0.0,0.0
2024-07-05 00:00:00-04:00,2.2200000286102295,2.2200000286102295,1.899999976158142,1.9550000429153442,27800,0.0,0.0
2024-07-08 00:00:00-04:00,1.9500000476837158,1.9900000095367432,1.5399999618530273,1.8600000143051147,377500,0.0,0.0
2024-07-09 00:00:00-04:00,1.8300000429153442,1.9199999570846558,1.75,1.850000023841858,39600,0.0,0.0
2024-07-10 00:00:00-04:00,1.7799999713897705,1.8630000352859497,1.725000023841858,1.840000033378601,38000,0.0,0.0
2024-07-11 00:00:00-04:00,1.6799999475479126,1.9600000381469727,1.6799999475479126,1.8899999856948853,91000,0.0,0.0
2024-07-12 00:00:00-04:00,1.909999966621399,1.9600000381469727,1.815000057220459,1.850000023841858,33000,0.0,0.0
2024-07-15 00:00:00-04:00,1.8300000429153442,1.9600000381469727,1.7999999523162842,1.7999999523162842,17100,0.0,0.0
2024-07-16 00:00:00-04:00,1.8600000143051147,1.899999976158142,1.7999999523162842,1.840000033378601,24800,0.0,0.0
2024-07-17 00:00:00-04:00,1.850000023841858,1.8899999856948853,1.75,1.8200000524520874,33900,0.0,0.0
2024-07-18 00:00:00-04:00,1.7999999523162842,1.871000051498413,1.75,1.75,14400,0.0,0.0
2024-07-19 00:00:00-04:00,1.75,1.8259999752044678,1.7100000381469727,1.7400000095367432,5600,0.0,0.0
2024-07-22 00:00:00-04:00,1.7200000286102295,1.8289999961853027,1.7200000286102295,1.8200000524520874,7800,0.0,0.0
2024-07-23 00:00:00-04:00,1.7999999523162842,1.8200000524520874,1.7300000190734863,1.7400000095367432,10000,0.0,0.0
2024-07-24 00:00:00-04:00,1.7400000095367432,1.8200000524520874,1.7100000381469727,1.7100000381469727,8800,0.0,0.0
2024-07-25 00:00:00-04:00,1.7200000286102295,1.75,1.7000000476837158,1.7300000190734863,17600,0.0,0.0
2024-07-26 00:00:00-04:00,1.7200000286102295,1.7999999523162842,1.7200000286102295,1.7799999713897705,7100,0.0,0.0
2024-07-29 00:00:00-04:00,1.7400000095367432,1.8300000429153442,1.7100000381469727,1.7799999713897705,13300,0.0,0.0
2024-07-30 00:00:00-04:00,1.75,1.8300000429153442,1.7000000476837158,1.7100000381469727,15700,0.0,0.0
2024-07-31 00:00:00-04:00,1.690000057220459,1.75,1.600000023841858,1.600000023841858,48500,0.0,0.0
2024-08-01 00:00:00-04:00,1.6100000143051147,1.9500000476837158,1.6100000143051147,1.659999966621399,35600,0.0,0.0
2024-08-02 00:00:00-04:00,1.649999976158142,1.6799999475479126,1.6100000143051147,1.6299999952316284,11400,0.0,0.0
2024-08-05 00:00:00-04:00,1.6100000143051147,1.6200000047683716,1.5299999713897705,1.590000033378601,41600,0.0,0.0
2024-08-06 00:00:00-04:00,1.5800000429153442,1.649999976158142,1.5499999523162842,1.590000033378601,22400,0.0,0.0
2024-08-07 00:00:00-04:00,1.6399999856948853,1.6640000343322754,1.5499999523162842,1.600000023841858,11100,0.0,0.0
2024-08-08 00:00:00-04:00,1.6100000143051147,1.6699999570846558,1.5809999704360962,1.600000023841858,7000,0.0,0.0
2024-08-09 00:00:00-04:00,1.6699999570846558,1.6699999570846558,1.600000023841858,1.600000023841858,5300,0.0,0.0
2024-08-12 00:00:00-04:00,1.6200000047683716,1.659999966621399,1.600000023841858,1.659999966621399,3900,0.0,0.0
2024-08-13 00:00:00-04:00,1.6200000047683716,1.659999966621399,1.5800000429153442,1.600000023841858,17100,0.0,0.0
2024-08-14 00:00:00-04:00,1.6100000143051147,1.659999966621399,1.600000023841858,1.600000023841858,3700,0.0,0.0
2024-08-15 00:00:00-04:00,1.6200000047683716,1.659999966621399,1.600000023841858,1.600000023841858,7500,0.0,0.0
2024-08-16 00:00:00-04:00,1.6399999856948853,1.659999966621399,1.600000023841858,1.659999966621399,5400,0.0,0.0
2024-08-19 00:00:00-04:00,1.6299999952316284,1.690000057220459,1.600000023841858,1.6100000143051147,19600,0.0,0.0
2024-08-20 00:00:00-04:00,1.6200000047683716,1.7100000381469727,1.6200000047683716,1.6699999570846558,15900,0.0,0.0
2024-08-21 00:00:00-04:00,1.6399999856948853,1.6929999589920044,1.6299999952316284,1.690000057220459,9200,0.0,0.0
2024-08-22 00:00:00-04:00,1.6419999599456787,1.690000057220459,1.621999979019165,1.621999979019165,11100,0.0,0.0
2024-08-23 00:00:00-04:00,1.649999976158142,1.7000000476837158,1.6349999904632568,1.690000057220459,9100,0.0,0.0
2024-08-26 00:00:00-04:00,1.6399999856948853,1.7000000476837158,1.6399999856948853,1.649999976158142,6800,0.0,0.0
2024-08-27 00:00:00-04:00,1.7000000476837158,1.7000000476837158,1.6100000143051147,1.6100000143051147,3800,0.0,0.0
2024-08-28 00:00:00-04:00,1.649999976158142,1.649999976158142,1.524999976158142,1.5299999713897705,22300,0.0,0.0
2024-08-29 00:00:00-04:00,1.5099999904632568,1.6299999952316284,1.5099999904632568,1.5499999523162842,11100,0.0,0.0
2024-08-30 00:00:00-04:00,1.5399999618530273,1.600000023841858,1.409999966621399,1.409999966621399,17000,0.0,0.0
2024-09-03 00:00:00-04:00,1.4900000095367432,1.7699999809265137,1.4299999475479126,1.6799999475479126,196000,0.0,0.0
2024-09-04 00:00:00-04:00,1.590000033378601,1.7100000381469727,1.4900000095367432,1.6549999713897705,69000,0.0,0.0
2024-09-05 00:00:00-04:00,1.600000023841858,1.6759999990463257,1.5399999618530273,1.565000057220459,14600,0.0,0.0
2024-09-06 00:00:00-04:00,1.6200000047683716,1.6699999570846558,1.5499999523162842,1.562000036239624,28200,0.0,0.0
2024-09-09 00:00:00-04:00,1.5800000429153442,1.659999966621399,1.5299999713897705,1.6200000047683716,24100,0.0,0.0
2024-09-10 00:00:00-04:00,1.600000023841858,1.6649999618530273,1.5299999713897705,1.5449999570846558,16200,0.0,0.0
2024-09-11 00:00:00-04:00,1.6200000047683716,1.6200000047683716,1.5199999809265137,1.600000023841858,21800,0.0,0.0
2024-09-12 00:00:00-04:00,1.5499999523162842,1.6080000400543213,1.5199999809265137,1.5199999809265137,11300,0.0,0.0
2024-09-13 00:00:00-04:00,1.5299999713897705,1.5850000381469727,1.5,1.5299999713897705,85300,0.0,0.0
2024-09-16 00:00:00-04:00,1.5700000524520874,1.6130000352859497,1.4900000095367432,1.5099999904632568,10800,0.0,0.0
2024-09-17 00:00:00-04:00,1.5099999904632568,1.5499999523162842,1.5,1.5199999809265137,15100,0.0,0.0
2024-09-18 00:00:00-04:00,1.5199999809265137,1.5700000524520874,1.5049999952316284,1.5199999809265137,27400,0.0,0.0
2024-09-19 00:00:00-04:00,1.5299999713897705,1.5700000524520874,1.4600000381469727,1.4800000190734863,32000,0.0,0.0
2024-09-20 00:00:00-04:00,1.4900000095367432,1.659999966621399,1.4900000095367432,1.5850000381469727,118000,0.0,0.0
2024-09-23 00:00:00-04:00,1.6100000143051147,2.640000104904175,1.5700000524520874,2.4800000190734863,18242400,0.0,0.0
2024-09-24 00:00:00-04:00,2.3499999046325684,2.5299999713897705,2.1600000858306885,2.509999990463257,1462700,0.0,0.0
2024-09-25 00:00:00-04:00,2.4100000858306885,2.490000009536743,2.25,2.3499999046325684,526300,0.0,0.0
2024-09-26 00:00:00-04:00,2.4600000381469727,3.0799999237060547,2.3499999046325684,2.8299999237060547,2378200,0.0,0.0
2024-09-27 00:00:00-04:00,2.9600000381469727,5.96999979019165,2.9200000762939453,5.199999809265137,46686400,0.0,0.0
2024-09-30 00:00:00-04:00,5.75,7.840000152587891,5.659999847412109,6.710000038146973,24830500,0.0,0.0
2024-10-01 00:00:00-04:00,6.150000095367432,6.369999885559082,4.800000190734863,6.019999980926514,5678100,0.0,0.0
2024-10-02 00:00:00-04:00,6.440000057220459,6.579999923706055,5.010000228881836,5.550000190734863,1993000,0.0,0.0
2024-10-03 00:00:00-04:00,5.400000095367432,5.739999771118164,5.010000228881836,5.489999771118164,1069300,0.0,0.0
2024-10-04 00:00:00-04:00,5.590000152587891,7.349999904632568,5.309999942779541,7.349999904632568,7334900,0.0,0.0
2024-10-07 00:00:00-04:00,7.340000152587891,7.389999866485596,5.820000171661377,6.230000019073486,2110300,0.0,0.0
2024-10-08 00:00:00-04:00,5.659999847412109,6.21999979019165,5.449999809265137,5.949999809265137,576900,0.0,0.0
2024-10-09 00:00:00-04:00,5.579999923706055,6.53000020980835,5.550000190734863,5.980000019073486,511000,0.0,0.0
2024-10-10 00:00:00-04:00,5.900000095367432,6.179999828338623,5.5,5.639999866485596,372100,0.0,0.0
2024-10-11 00:00:00-04:00,5.570000171661377,5.849999904632568,5.260000228881836,5.53000020980835,311300,0.0,0.0
2024-10-14 00:00:00-04:00,5.639999866485596,5.789999961853027,5.400000095367432,5.650000095367432,198000,0.0,0.0
2024-10-15 00:00:00-04:00,5.5,5.75,5.079999923706055,5.159999847412109,301600,0.0,0.0
2024-10-16 00:00:00-04:00,5.300000190734863,5.949999809265137,5.21999979019165,5.940000057220459,500600,0.0,0.0
2024-10-17 00:00:00-04:00,5.730000019073486,6.170000076293945,5.559999942779541,5.71999979019165,260000,0.0,0.0
2024-10-18 00:00:00-04:00,6.099999904632568,6.880000114440918,5.75,5.949999809265137,777900,0.0,0.0
2024-10-21 00:00:00-04:00,5.639999866485596,5.75,5.309999942779541,5.460000038146973,231500,0.0,0.0
2024-10-22 00:00:00-04:00,5.369999885559082,5.699999809265137,5.340000152587891,5.5,124000,0.0,0.0
2024-10-23 00:00:00-04:00,5.5,5.639999866485596,4.380000114440918,4.71999979019165,320100,0.0,0.0
2024-10-24 00:00:00-04:00,4.840000152587891,4.840000152587891,4.420000076293945,4.429999828338623,115500,0.0,0.0
2024-10-25 00:00:00-04:00,4.420000076293945,4.739999771118164,4.150000095367432,4.179999828338623,149100,0.0,0.0
2024-10-28 00:00:00-04:00,4.269999980926514,4.78000020980835,4.079999923706055,4.449999809265137,250100,0.0,0.0
2024-10-29 00:00:00-04:00,4.400000095367432,4.550000190734863,4.019999980926514,4.059999942779541,162400,0.0,0.0
2024-10-30 00:00:00-04:00,4.199999809265137,4.382999897003174,3.940000057220459,4.230000019073486,119900,0.0,0.0
2024-10-31 00:00:00-04:00,4.079999923706055,4.230000019073486,3.930000066757202,4.03000020980835,108100,0.0,0.0
2024-11-01 00:00:00-04:00,3.880000114440918,4.150000095367432,3.7100000381469727,3.9600000381469727,124800,0.0,0.0
2024-11-04 00:00:00-05:00,3.9600000381469727,4.940000057220459,3.9100000858306885,3.930000066757202,591000,0.0,0.0
2024-11-05 00:00:00-05:00,4.099999904632568,4.170000076293945,3.7699999809265137,4.099999904632568,86400,0.0,0.0
2024-11-06 00:00:00-05:00,3.930000066757202,4.199999809265137,3.799999952316284,4.0,143300,0.0,0.0
2024-11-07 00:00:00-05:00,4.179999828338623,4.349999904632568,4.050000190734863,4.139999866485596,242700,0.0,0.0
2024-11-08 00:00:00-05:00,4.119999885559082,5.107999801635742,4.119999885559082,4.710000038146973,342800,0.0,0.0
2024-11-11 00:00:00-05:00,4.699999809265137,5.190000057220459,4.420000076293945,4.670000076293945,255600,0.0,0.0
2024-11-12 00:00:00-05:00,4.510000228881836,4.739999771118164,4.179999828338623,4.519999980926514,217900,0.0,0.0
2024-11-13 00:00:00-05:00,4.440000057220459,5.0,4.361999988555908,4.809999942779541,158200,0.0,0.0
2024-11-14 00:00:00-05:00,4.730000019073486,4.840000152587891,4.409999847412109,4.440000057220459,79100,0.0,0.0
2024-11-15 00:00:00-05:00,4.449999809265137,4.840000152587891,4.269999980926514,4.519999980926514,69300,0.0,0.0
2024-11-18 00:00:00-05:00,4.429999828338623,4.78000020980835,4.210000038146973,4.610000133514404,105300,0.0,0.0
2024-11-19 00:00:00-05:00,4.46999979019165,5.797999858856201,4.38100004196167,5.260000228881836,295700,0.0,0.0
2024-11-20 00:00:00-05:00,5.579999923706055,5.679999828338623,5.021999835968018,5.679999828338623,222300,0.0,0.0
2024-11-21 00:00:00-05:00,5.449999809265137,6.079999923706055,5.380000114440918,5.889999866485596,199400,0.0,0.0
2024-11-22 00:00:00-05:00,5.639999866485596,6.380000114440918,5.510000228881836,6.309999942779541,284500,0.0,0.0
2024-11-25 00:00:00-05:00,7.349999904632568,7.480000019073486,5.03000020980835,5.079999923706055,626300,0.0,0.0
2024-11-26 00:00:00-05:00,5.059999942779541,5.1479997634887695,4.179999828338623,4.260000228881836,264900,0.0,0.0
2024-11-27 00:00:00-05:00,4.340000152587891,4.639999866485596,4.099999904632568,4.269999980926514,209700,0.0,0.0
2024-11-29 00:00:00-05:00,4.210000038146973,4.360000133514404,3.8269999027252197,4.019999980926514,138700,0.0,0.0
2024-12-02 00:00:00-05:00,3.9800000190734863,4.260000228881836,3.9800000190734863,4.21999979019165,172000,0.0,0.0
2024-12-03 00:00:00-05:00,4.190000057220459,5.309999942779541,4.170000076293945,5.110000133514404,524700,0.0,0.0
2024-12-04 00:00:00-05:00,5.309999942779541,5.840000152587891,4.4120001792907715,4.510000228881836,376100,0.0,0.0
2024-12-05 00:00:00-05:00,4.440000057220459,4.650000095367432,4.230000019073486,4.309999942779541,143800,0.0,0.0
2024-12-06 00:00:00-05:00,4.349999904632568,4.618000030517578,4.210000038146973,4.289999961853027,80800,0.0,0.0
2024-12-09 00:00:00-05:00,4.869999885559082,4.869999885559082,4.5,4.690000057220459,159600,0.0,0.0
2024-12-10 00:00:00-05:00,4.510000228881836,4.675000190734863,4.420000076293945,4.480000019073486,72100,0.0,0.0
2024-12-11 00:00:00-05:00,4.409999847412109,4.639999866485596,4.361999988555908,4.460000038146973,41100,0.0,0.0
2024-12-12 00:00:00-05:00,4.449999809265137,4.568999767303467,4.119999885559082,4.449999809265137,91900,0.0,0.0
2024-12-13 00:00:00-05:00,4.400000095367432,4.400000095367432,4.159999847412109,4.199999809265137,52600,0.0,0.0
2024-12-16 00:00:00-05:00,4.150000095367432,4.489999771118164,3.9100000858306885,4.119999885559082,88100,0.0,0.0
2024-12-17 00:00:00-05:00,4.130000114440918,4.289999961853027,4.0,4.28000020980835,50200,0.0,0.0
2024-12-18 00:00:00-05:00,4.079999923706055,4.199999809265137,3.7100000381469727,3.859999895095825,75100,0.0,0.0
2024-12-19 00:00:00-05:00,3.7100000381469727,4.03000020980835,3.609999895095825,3.7799999713897705,133200,0.0,0.0
2024-12-20 00:00:00-05:00,3.7799999713897705,4.25,3.740000009536743,4.03000020980835,72200,0.0,0.0
2024-12-23 00:00:00-05:00,4.019999980926514,4.190000057220459,3.88700008392334,4.099999904632568,87000,0.0,0.0
2024-12-24 00:00:00-05:00,4.099999904632568,4.349999904632568,4.099999904632568,4.239999771118164,56200,0.0,0.0
2024-12-26 00:00:00-05:00,4.239999771118164,4.550000190734863,4.110000133514404,4.460000038146973,63900,0.0,0.0
2024-12-27 00:00:00-05:00,4.380000114440918,4.710000038146973,4.13100004196167,4.679999828338623,68200,0.0,0.0
2024-12-30 00:00:00-05:00,4.599999904632568,4.929999828338623,4.260000228881836,4.730000019073486,151200,0.0,0.0
2024-12-31 00:00:00-05:00,4.840000152587891,4.900000095367432,4.480000019073486,4.630000114440918,71900,0.0,0.0
2025-01-02 00:00:00-05:00,4.53000020980835,4.800000190734863,4.449999809265137,4.690000057220459,58560,0.0,0.0
