Date,Open,High,Low,Close,Volume,Dividends,Stock Splits
2022-01-03 00:00:00-05:00,58.0297897177011,58.1607968512364,57.269915025003705,58.0123176574707,185700,0.0,0.0
2022-01-04 00:00:00-05:00,58.16952785835075,58.45775685451658,57.56687510521248,57.61927795410156,180700,0.0,0.0
2022-01-05 00:00:00-05:00,57.68042088312513,59.339913405414116,57.540671058089316,58.38788604736328,281800,0.0,0.0
2022-01-06 00:00:00-05:00,58.64117746731146,59.40978151225558,58.43155939389732,59.165225982666016,286400,0.0,0.0
2022-01-07 00:00:00-05:00,59.13902455644405,59.357378659811644,58.789656658328205,59.165225982666016,205100,0.0,0.0
2022-01-10 00:00:00-05:00,59.52331816759399,59.92508883888988,58.67610334748952,58.859519958496094,320000,0.0,0.0
2022-01-11 00:00:00-05:00,58.94687371364435,58.94687371364435,57.40966557592029,57.95117950439453,156600,0.0,0.0
2022-01-12 00:00:00-05:00,57.75028982623914,58.32674113583048,57.287373576386514,57.33104705810547,216200,0.0,0.0
2022-01-13 00:00:00-05:00,57.427132178661516,58.10839595049234,57.234979491501285,57.724090576171875,202600,0.0,0.0
2022-01-14 00:00:00-05:00,57.7502953085779,58.12586463064607,56.93801778241362,57.514469146728516,351400,0.0,0.0
2022-01-18 00:00:00-05:00,57.22623705913887,57.365986875490094,55.540546547139776,55.592952728271484,388300,0.0,0.0
2022-01-19 00:00:00-05:00,55.85497533772598,56.83320070085931,55.4095311406737,56.029659271240234,240400,0.0,0.0
2022-01-20 00:00:00-05:00,56.09080070381867,56.9642170793658,55.802571700614976,55.83750915527344,160600,0.0,0.0
2022-01-21 00:00:00-05:00,56.02093182871173,56.99042464308754,55.62789375101621,55.65409851074219,206900,0.0,0.0
2022-01-24 00:00:00-05:00,55.21737728542581,55.99471722742384,54.34396102128086,55.88117218017578,298600,0.0,0.0
2022-01-25 00:00:00-05:00,55.130035404440775,55.36585820304046,54.14307739363535,54.71953201293945,207400,0.0,0.0
2022-01-26 00:00:00-05:00,55.04269995559907,56.04712678051825,54.012068373981805,54.80687713623047,260100,0.0,0.0
2022-01-27 00:00:00-05:00,55.339656780468964,55.95104551926215,54.509910636911265,54.71953201293945,202500,0.0,0.0
2022-01-28 00:00:00-05:00,54.571054711687495,55.64535645314885,54.18675270613175,55.62788772583008,180100,0.0,0.0
2022-01-31 00:00:00-05:00,55.05143209336728,55.7851019688901,54.65839739690281,55.75016784667969,210900,0.0,0.0
2022-02-01 00:00:00-05:00,55.47940121732731,55.898640622175385,54.902946619183865,55.3658561706543,222400,0.0,0.0
2022-02-02 00:00:00-05:00,55.13877422959935,56.13446498781988,55.05143059690006,56.073326110839844,206600,0.0,0.0
2022-02-03 00:00:00-05:00,56.23927486284354,56.44889290842469,55.26978223952909,56.06459426879883,188400,0.0,0.0
2022-02-04 00:00:00-05:00,55.636626906924,56.003463537759416,54.71954032756433,55.278526306152344,158900,0.0,0.0
2022-02-07 00:00:00-05:00,55.10383580201651,56.00345687790545,54.89421441906427,55.57548141479492,181600,0.0,0.0
2022-02-08 00:00:00-05:00,55.66282026939223,56.17813601846341,55.592948698100905,55.697757720947266,149800,0.0,0.0
2022-02-09 00:00:00-05:00,56.06460407853023,56.12574296350722,55.27852794051274,55.671566009521484,168500,0.0,0.0
2022-02-10 00:00:00-05:00,55.1999198384042,55.75890582857428,54.178020868021335,54.37890625,243500,0.0,0.0
2022-02-11 00:00:00-05:00,54.58851587510623,55.19990791927114,54.02079397727769,54.23041534423828,257200,0.0,0.0
2022-02-14 00:00:00-05:00,54.43343412067705,54.85711227671931,53.7008308502843,54.274559020996094,610200,0.65,0.0
2022-02-15 00:00:00-05:00,54.68056645237317,54.98949485570996,53.480153170149535,53.78908157348633,240900,0.0,0.0
2022-02-16 00:00:00-05:00,54.54817876774671,54.82180353372219,52.10321951172424,52.65929412841797,504400,0.0,0.0
2022-02-17 00:00:00-05:00,52.332715332465014,53.72731113511473,51.520669436499084,53.541954040527344,378500,0.0,0.0
2022-02-18 00:00:00-05:00,53.347760683783896,54.724706114287706,53.21536422148985,54.10684585571289,846600,0.0,0.0
2022-02-22 00:00:00-05:00,54.08036647264598,54.459909053248474,53.43602760412876,53.93031311035156,270500,0.0,0.0
2022-02-23 00:00:00-05:00,54.33634001659069,54.33634001659069,53.09179437943666,53.127098083496094,194400,0.0,0.0
2022-02-24 00:00:00-05:00,52.959397657998,53.7979221276632,52.48276227097974,53.67435073852539,303900,0.0,0.0
2022-02-25 00:00:00-05:00,54.062717464558915,55.37787729745147,53.97445315021939,55.23665237426758,161300,0.0,0.0
2022-02-28 00:00:00-05:00,54.75118408124442,55.766240448747084,54.73353054640196,55.55440139770508,248400,0.0,0.0
2022-03-01 00:00:00-05:00,55.57206224086711,55.969258409389234,53.9391487744703,54.65409851074219,253200,0.0,0.0
2022-03-02 00:00:00-05:00,54.768835746367834,55.58970656964775,54.45107886418627,55.22781753540039,209600,0.0,0.0
2022-03-03 00:00:00-05:00,55.492617604531056,56.58711323267138,55.22782130698557,56.56063461303711,224500,0.0,0.0
2022-03-04 00:00:00-05:00,56.14578339084773,57.372675450205946,56.14578339084773,57.29323959350586,175000,0.0,0.0
2022-03-07 00:00:00-05:00,57.31089526759499,57.805180825577914,56.72833865928454,57.54920959472656,205900,0.0,0.0
2022-03-08 00:00:00-05:00,57.67278259877297,58.16707490472928,56.825433018165384,57.24911117553711,190100,0.0,0.0
2022-03-09 00:00:00-05:00,57.814011710381344,57.96406172763551,56.79012674388857,56.97549057006836,179400,0.0,0.0
2022-03-10 00:00:00-05:00,56.569460417099506,57.522731197614796,56.384106699200885,57.41681671142578,166800,0.0,0.0
2022-03-11 00:00:00-05:00,57.363854933810345,58.43186869336191,57.363854933810345,57.96406173706055,259800,0.0,0.0
2022-03-14 00:00:00-04:00,58.26416027011574,58.502474573629144,56.90486838623982,57.67277526855469,285000,0.0,0.0
2022-03-15 00:00:00-04:00,58.237682688012264,58.74961837395705,57.73456871907445,58.661354064941406,201900,0.0,0.0
2022-03-16 00:00:00-04:00,58.511305277212806,58.79375511238982,57.33737041401589,58.4053840637207,330000,0.0,0.0
2022-03-17 00:00:00-04:00,57.99936678218344,58.90850204040866,57.91993091727556,58.49365234375,168200,0.0,0.0
2022-03-18 00:00:00-04:00,58.67901596688519,58.705494588432444,57.346202564542644,57.41681671142578,505600,0.0,0.0
2022-03-21 00:00:00-04:00,57.372681463932295,58.696666420792276,57.372681463932295,58.520137786865234,274500,0.0,0.0
2022-03-22 00:00:00-04:00,58.50248575321104,58.50248575321104,57.372686240098595,57.40799331665039,261800,0.0,0.0
2022-03-23 00:00:00-04:00,57.116709855061224,57.30206693970584,56.59594567450766,57.1431884765625,318500,0.0,0.0
2022-03-24 00:00:00-04:00,57.31972899233904,57.990543244414376,56.81661493621439,57.40799331665039,187200,0.0,0.0
2022-03-25 00:00:00-04:00,57.619822270840096,58.45835008860213,57.41681502219327,58.370079040527344,209400,0.0,0.0
2022-03-28 00:00:00-04:00,58.36125732302826,58.670185788883536,57.699264867280306,58.370079040527344,217600,0.0,0.0
2022-03-29 00:00:00-04:00,58.59074618223589,59.702895450201595,58.59074618223589,59.57049560546875,278600,0.0,0.0
2022-03-30 00:00:00-04:00,59.5704964173127,59.8706031850728,59.19095378211181,59.791160583496094,234100,0.0,0.0
2022-03-31 00:00:00-04:00,59.7205528676995,60.42667415545107,59.067382090506044,59.12034606933594,337900,0.0,0.0
2022-04-01 00:00:00-04:00,56.66655333762599,56.93135302208065,55.316089762005795,56.331146240234375,3157600,0.0,0.0
2022-04-04 00:00:00-04:00,56.23405209813561,56.86956593799703,55.775070254576555,56.49885177612305,1638400,0.0,0.0
2022-04-05 00:00:00-04:00,56.59594469318098,57.672780108996946,56.445891317450595,56.58711624145508,529200,0.0,0.0
2022-04-06 00:00:00-04:00,56.58711292060132,57.637476387869384,56.490020159720984,57.53155517578125,485300,0.0,0.0
2022-04-07 00:00:00-04:00,57.63748088162116,58.27298800129229,57.107881514025,57.66395950317383,595300,0.0,0.0
2022-04-08 00:00:00-04:00,58.01701301528064,58.02583473144629,57.15200670749932,57.3197135925293,324400,0.0,0.0
2022-04-11 00:00:00-04:00,57.44329146833479,57.840484233092866,56.392927990054886,56.490020751953125,380500,0.0,0.0
2022-04-12 00:00:00-04:00,56.61359149767778,56.922519948367786,55.85450631361938,56.15460968017578,348800,0.0,0.0
2022-04-13 00:00:00-04:00,56.16343357274252,56.339965544694294,55.3866949163951,55.775062561035156,255100,0.0,0.0
2022-04-14 00:00:00-04:00,55.87215616692996,56.675373452858835,55.61618497204549,55.9957275390625,404300,0.0,0.0
2022-04-18 00:00:00-04:00,56.225220116223525,56.666545002239445,55.70445264290256,55.9957275390625,247100,0.0,0.0
2022-04-19 00:00:00-04:00,56.428236880307374,56.78130086821654,56.163440572909366,56.32231903076172,281000,0.0,0.0
2022-04-20 00:00:00-04:00,57.010790389653856,57.284418533238956,56.47237265583822,56.93135452270508,350000,0.0,0.0
2022-04-21 00:00:00-04:00,56.80778080256604,57.29324463893485,56.039870483232896,56.11048126220703,231200,0.0,0.0
2022-04-22 00:00:00-04:00,56.12813478391078,56.454716791599076,55.8103778609415,55.863338470458984,243300,0.0,0.0
2022-04-25 00:00:00-04:00,55.83685694008688,56.07517463426829,53.868533058960175,54.93655014038086,307600,0.0,0.0
2022-04-26 00:00:00-04:00,54.53052630213129,55.43966493361153,54.380476289082516,54.433433532714844,202400,0.0,0.0
2022-04-27 00:00:00-04:00,54.30985838381128,54.80414728160999,53.50664102930565,53.53312301635742,282200,0.0,0.0
2022-04-28 00:00:00-04:00,53.99210982242776,54.380480933261026,53.61257053140059,53.91267395019531,228700,0.0,0.0
2022-04-29 00:00:00-04:00,53.886188393242364,53.965627627286246,52.235621382628324,52.37684631347656,279200,0.0,0.0
2022-05-02 00:00:00-04:00,52.518073529278404,52.98588050174128,51.49419189431469,51.979652404785156,345100,0.0,0.0
2022-05-03 00:00:00-04:00,52.31506215633338,53.462515174128995,52.01495874856517,52.774044036865234,356500,0.0,0.0
2022-05-04 00:00:00-04:00,52.80933746148888,54.230411529541016,52.6063235132714,54.230411529541016,339600,0.0,0.0
2022-05-05 00:00:00-04:00,51.864898731407884,54.018582923763404,51.864898731407884,52.791690826416016,379700,0.0,0.0
2022-05-06 00:00:00-04:00,52.7563791902954,53.100614685137266,52.16499758687253,53.0653076171875,311200,0.0,0.0
2022-05-09 00:00:00-04:00,52.87995607052034,53.84205188645278,52.54454562418644,53.30363082885742,291600,0.0,0.0
2022-05-10 00:00:00-04:00,53.65669725901783,54.11567910992367,51.63541277149056,52.29740524291992,279400,0.0,0.0
2022-05-11 00:00:00-04:00,52.368013919699145,52.685767444459756,51.60892875968037,51.65306091308594,375200,0.0,0.0
2022-05-12 00:00:00-04:00,51.79428871205373,51.970820702586174,51.07051058123161,51.83842086791992,411100,0.0,0.0
2022-05-13 00:00:00-04:00,52.525672567957024,54.05190969116704,51.96337808520872,53.900177001953125,435100,0.65,0.0
2022-05-16 00:00:00-04:00,53.971570908841265,54.471388129484424,53.39142202945249,54.39105987548828,327000,0.0,0.0
2022-05-17 00:00:00-04:00,54.76593611988631,55.33715784970389,53.91802737511019,55.24790573120117,303400,0.0,0.0
2022-05-18 00:00:00-04:00,55.78342980238148,56.515308129008694,55.256834088856984,55.426414489746094,398400,0.0,0.0
2022-05-19 00:00:00-04:00,55.069400136117416,55.399637072550924,54.1411630882906,54.85519027709961,380000,0.0,0.0
2022-05-20 00:00:00-04:00,54.75700351399604,55.07831655680526,53.69488842670975,54.54279708862305,236500,0.0,0.0
2022-05-23 00:00:00-04:00,55.04261545965797,55.10509602346246,53.93587429518956,54.22148513793945,250100,0.0,0.0
2022-05-24 00:00:00-04:00,54.20363643571497,55.01584294415364,53.49853314686437,54.91766357421875,225900,0.0,0.0
2022-05-25 00:00:00-04:00,54.93551854863751,55.355011011641025,54.560655551294104,54.85519027709961,269300,0.0,0.0
2022-05-26 00:00:00-04:00,55.39071004035003,55.84590128308288,54.76593500925101,55.06939697265625,167300,0.0,0.0
2022-05-27 00:00:00-04:00,55.01584092930254,55.35500508445183,54.72130623503462,55.31037902832031,156500,0.0,0.0
2022-05-31 00:00:00-04:00,54.76593058203168,55.56920978157989,54.47139249220586,55.355003356933594,302300,0.0,0.0
2022-06-01 00:00:00-04:00,55.64061569072835,55.854825525890604,55.131871162561545,55.622764587402344,245700,0.0,0.0
2022-06-02 00:00:00-04:00,55.765571841752,55.765571841752,54.20363599927339,55.45318603515625,254400,0.0,0.0
2022-06-03 00:00:00-04:00,55.06046855857881,55.62276641520109,54.97121644376572,55.45318603515625,266200,0.0,0.0
2022-06-06 00:00:00-04:00,56.202919142715295,56.70273646676856,55.703098413911874,56.54207992553711,252400,0.0,0.0
2022-06-07 00:00:00-04:00,56.506379852322674,56.56885701642763,55.68524605947886,56.52423095703125,203100,0.0,0.0
2022-06-08 00:00:00-04:00,56.52423466053895,56.52423466053895,54.48032900161563,54.81056594848633,290800,0.0,0.0
2022-06-09 00:00:00-04:00,54.50710331464534,55.631699138444056,54.50710331464534,54.59635543823242,216800,0.0,0.0
2022-06-10 00:00:00-04:00,53.9983550485016,54.881965992839824,53.87340072207499,54.471397399902344,168500,0.0,0.0
2022-06-13 00:00:00-04:00,53.90017158577324,54.18578242585842,51.84734239587991,52.106178283691406,308200,0.0,0.0
2022-06-14 00:00:00-04:00,52.04370617790853,52.632779018368346,50.47284300018228,51.16009521484375,332500,0.0,0.0
2022-06-15 00:00:00-04:00,51.46355585673504,52.605999298448886,50.68705154274204,51.73131561279297,295600,0.0,0.0
2022-06-16 00:00:00-04:00,51.177942018336125,51.22256807429072,50.48176601214498,50.69597244262695,298500,0.0,0.0
2022-06-17 00:00:00-04:00,52.7398827150373,52.76665767015028,50.56209897726136,51.124393463134766,1118400,0.0,0.0
2022-06-21 00:00:00-04:00,51.12439142894835,51.606361030305756,50.68705129067033,51.01728820800781,303800,0.0,0.0
2022-06-22 00:00:00-04:00,50.660276446160125,51.72239509372843,50.61565038473504,51.32967758178711,258400,0.0,0.0
2022-06-23 00:00:00-04:00,51.29397588168216,51.82949539807163,51.05299107788188,51.23149871826172,376100,0.0,0.0
2022-06-24 00:00:00-04:00,51.320750579173435,52.19543426743108,51.320750579173435,51.54388427734375,1162700,0.0,0.0
2022-06-27 00:00:00-04:00,51.802720481736124,52.695255279541016,51.63313669111316,52.695255279541016,496600,0.0,0.0
2022-06-28 00:00:00-04:00,53.0701187658249,53.55208837837025,52.766656795490796,53.09689712524414,349400,0.0,0.0
2022-06-29 00:00:00-04:00,52.73988298323465,53.01657000489298,51.75809603693114,52.27576446533203,224500,0.0,0.0
2022-06-30 00:00:00-04:00,52.00800075759078,52.92731046881719,52.00800075759078,52.463191986083984,518500,0.0,0.0
2022-07-01 00:00:00-04:00,52.83806219341883,53.97158182700296,52.240062091642095,53.92695236206055,269400,0.0,0.0
2022-07-05 00:00:00-04:00,53.53423343985443,53.69488996586424,50.53531616067122,51.472476959228516,317500,0.0,0.0
2022-07-06 00:00:00-04:00,51.392152648964704,53.18614600220363,51.097614546556144,52.373939514160156,346300,0.0,0.0
2022-07-07 00:00:00-04:00,52.48104343485503,52.891608609097204,51.95444778797924,52.02585220336914,192500,0.0,0.0
2022-07-08 00:00:00-04:00,51.97229990513252,52.01692596324633,51.47247920190796,51.82949447631836,210600,0.0,0.0
2022-07-11 00:00:00-04:00,51.65098764606119,52.40071701023613,51.65098764606119,52.38286590576172,215900,0.0,0.0
2022-07-12 00:00:00-04:00,52.14188247555767,52.64170319975298,51.89197381583509,52.24898910522461,183200,0.0,0.0
2022-07-13 00:00:00-04:00,51.75809832052055,52.34717119524284,51.650991685298095,52.07048416137695,195300,0.0,0.0
2022-07-14 00:00:00-04:00,51.392154340153105,51.89197163862769,51.24934550658895,51.82949447631836,206900,0.0,0.0
2022-07-15 00:00:00-04:00,52.213283294788795,52.68632562657204,51.28504633018591,52.52566909790039,303400,0.0,0.0
2022-07-18 00:00:00-04:00,52.65954563579524,52.65954563579524,51.70453380935654,51.82056427001953,216300,0.0,0.0
2022-07-19 00:00:00-04:00,52.21328643778136,52.820210381574896,52.097255959034044,52.284690856933594,230700,0.0,0.0
2022-07-20 00:00:00-04:00,52.36501444490267,52.36501444490267,51.48140691030836,51.793792724609375,262200,0.0,0.0
2022-07-21 00:00:00-04:00,51.43678246588379,52.01692805418346,51.18687040185073,51.874122619628906,292500,0.0,0.0
2022-07-22 00:00:00-04:00,52.159731139509475,52.29361271795264,51.543883369120884,52.14188003540039,229800,0.0,0.0
2022-07-25 00:00:00-04:00,52.10617539523379,52.66846979030945,51.86519062388011,52.597068786621094,284600,0.0,0.0
2022-07-26 00:00:00-04:00,52.65062755532708,53.328952482114204,52.132955754693526,53.177223205566406,341800,0.0,0.0
2022-07-27 00:00:00-04:00,53.10581878972042,53.320028632508425,52.570299289875315,53.177223205566406,239800,0.0,0.0
2022-07-28 00:00:00-04:00,53.88231802316893,54.89088317135461,53.36464967592514,54.83732986450195,252500,0.0,0.0
2022-07-29 00:00:00-04:00,54.837337432015566,55.53351689817379,54.72131035828094,55.399635314941406,272900,0.0,0.0
2022-08-01 00:00:00-04:00,55.21219753156149,55.381777900217784,54.23040731080217,55.32822799682617,327500,0.0,0.0
2022-08-02 00:00:00-04:00,55.44426553871665,55.91731133818361,55.03370031293431,55.4888916015625,244700,0.0,0.0
2022-08-03 00:00:00-04:00,56.229690958071856,56.36357253653868,54.6231290402198,56.256465911865234,417200,0.0,0.0
2022-08-04 00:00:00-04:00,56.45282516177425,56.720584916374165,55.47996210975288,55.63169479370117,382000,0.0,0.0
2022-08-05 00:00:00-04:00,55.20327468238741,55.479961689402636,54.24826274187512,54.60527801513672,304400,0.0,0.0
2022-08-08 00:00:00-04:00,54.846267812166495,55.283607986780474,54.39107312703732,54.7213134765625,225300,0.0,0.0
2022-08-09 00:00:00-04:00,54.6677611499978,55.50674270765091,54.6677611499978,55.4888916015625,210800,0.0,0.0
2022-08-10 00:00:00-04:00,56.033327464108496,56.15828177754396,55.35500258913755,55.82804489135742,239300,0.0,0.0
2022-08-11 00:00:00-04:00,56.08688701072352,56.55100551564549,55.45318811938297,55.4978141784668,259700,0.0,0.0
2022-08-12 00:00:00-04:00,55.858602786763434,57.130371251447386,55.69624907291289,57.10331344604492,231800,0.65,0.0
2022-08-15 00:00:00-04:00,56.71546135622455,57.12134558725561,56.22840027898728,56.86879348754883,315200,0.0,0.0
2022-08-16 00:00:00-04:00,56.54408553631139,57.34683586996149,56.54408553631139,57.31977462768555,230800,0.0,0.0
2022-08-17 00:00:00-04:00,56.83271781188638,57.49115418534298,56.81468156997476,57.085269927978516,184000,0.0,0.0
2022-08-18 00:00:00-04:00,56.98605312449148,57.491153913570386,56.76958037468119,57.17546463012695,154000,0.0,0.0
2022-08-19 00:00:00-04:00,57.13037127097867,57.55429523959088,56.8417432108608,57.12135314941406,291800,0.0,0.0
2022-08-22 00:00:00-04:00,56.78762208802844,57.15742699161095,55.4978139861075,55.6601676940918,269300,0.0,0.0
2022-08-23 00:00:00-04:00,55.80448661648347,55.8586056708005,54.884483337402344,54.884483337402344,263600,0.0,0.0
2022-08-24 00:00:00-04:00,54.82134288166139,54.96565691048925,54.208007398963524,54.68605041503906,184600,0.0,0.0
2022-08-25 00:00:00-04:00,54.61388734792944,55.091930326083435,54.52369237733609,55.037811279296875,169100,0.0,0.0
2022-08-26 00:00:00-04:00,55.03781618569057,55.245267389122766,54.12683107418629,54.14487075805664,217600,0.0,0.0
2022-08-29 00:00:00-04:00,53.946437471543085,54.3793795330222,53.36917794885328,54.1178092956543,136500,0.0,0.0
2022-08-30 00:00:00-04:00,54.13585006872032,54.13585006872032,53.08055097702585,53.26094436645508,206000,0.0,0.0
2022-08-31 00:00:00-04:00,53.170749337625985,53.93741694101761,53.09859060564113,53.37820053100586,422100,0.0,0.0
2022-09-01 00:00:00-04:00,53.35114562323782,54.13585295222644,53.21584971378003,54.090755462646484,311400,0.0,0.0
2022-09-02 00:00:00-04:00,54.47859229345869,55.11898549999101,53.95545185496135,54.17192459106445,435900,0.0,0.0
2022-09-06 00:00:00-04:00,54.53271241861113,54.776242976650806,53.233886216450585,53.450355529785156,335500,0.0,0.0
2022-09-07 00:00:00-04:00,53.540553162028104,54.30722075002316,53.540553162028104,54.23506546020508,214300,0.0,0.0
2022-09-08 00:00:00-04:00,53.95545921737897,54.64997156288514,53.83820299262653,54.2982063293457,233100,0.0,0.0
2022-09-09 00:00:00-04:00,54.60486920620935,55.45271362790138,54.496631112677754,55.019771575927734,280500,0.0,0.0
2022-09-12 00:00:00-04:00,55.028789562579355,55.4617350542154,54.66800624050608,55.06486892700195,340900,0.0,0.0
2022-09-13 00:00:00-04:00,54.3703589692423,54.48761518826926,53.06251463983415,53.34212112426758,298300,0.0,0.0
2022-09-14 00:00:00-04:00,53.39624017321488,53.8382003637725,53.03545339500164,53.34212112426758,222200,0.0,0.0
2022-09-15 00:00:00-04:00,53.071526175289385,53.13466333753432,52.3228949076462,52.65662384033203,289800,0.0,0.0
2022-09-16 00:00:00-04:00,52.44015902103159,52.6476102197976,52.061335990428745,52.4311408996582,642900,0.0,0.0
2022-09-19 00:00:00-04:00,52.17859149984829,53.21585098862564,51.98016185279927,53.18879318237305,220800,0.0,0.0
2022-09-20 00:00:00-04:00,52.77388049730893,52.77388049730893,52.13348726688614,52.557411193847656,224800,0.0,0.0
2022-09-21 00:00:00-04:00,52.809957277276354,53.08054561372086,51.36681718909411,51.43897247314453,365000,0.0,0.0
2022-09-22 00:00:00-04:00,51.41191885942769,51.48407759007312,50.90681806706268,51.1142692565918,199200,0.0,0.0
2022-09-23 00:00:00-04:00,50.96093776403766,51.024074933797635,50.095053629571396,50.69936752319336,266300,0.0,0.0
2022-09-26 00:00:00-04:00,50.30250690748699,50.50093998679915,49.057796262132456,49.202110290527344,217400,0.0,0.0
2022-09-27 00:00:00-04:00,49.49073272617722,49.626028617744616,47.73190333938825,47.7950439453125,283900,0.0,0.0
2022-09-28 00:00:00-04:00,48.37229921580872,48.778183443269434,47.50641171698672,48.237003326416016,363000,0.0,0.0
2022-09-29 00:00:00-04:00,47.90328046244231,48.32720439455094,45.9460179425427,46.18954849243164,367700,0.0,0.0
2022-09-30 00:00:00-04:00,46.523278891932236,46.649553231174174,44.998958377809025,45.143272399902344,588500,0.0,0.0
2022-10-03 00:00:00-04:00,45.71150876528914,46.622490352694086,45.00797836232854,46.5052375793457,465600,0.0,0.0
2022-10-04 00:00:00-04:00,46.5052361125895,47.60562916751365,46.5052361125895,47.4613151550293,341200,0.0,0.0
2022-10-05 00:00:00-04:00,46.82092735629534,46.85700672376974,45.97308286495399,46.42406463623047,271100,0.0,0.0
2022-10-06 00:00:00-04:00,46.198568166658944,46.198568166658944,44.67424776192673,44.84562301635742,292900,0.0,0.0
2022-10-07 00:00:00-04:00,44.890717992825095,45.07111135760081,43.46561419588593,43.66404724121094,473500,0.0,0.0
2022-10-10 00:00:00-04:00,44.01581657629893,44.37660333999943,43.24914900433235,43.456600189208984,288800,0.0,0.0
2022-10-11 00:00:00-04:00,43.600920279764495,45.089161586430784,43.357389696452664,44.46680450439453,431900,0.0,0.0
2022-10-12 00:00:00-04:00,44.29543025778013,44.32248806310794,43.26719236670912,43.51974105834961,337900,0.0,0.0
2022-10-13 00:00:00-04:00,43.17698879256702,44.89072070021684,43.08679382509806,44.70130920410156,363100,0.0,0.0
2022-10-14 00:00:00-04:00,44.89973927662233,45.296605395237705,43.99777582990372,44.14208984375,310800,0.0,0.0
2022-10-17 00:00:00-04:00,44.83660337646912,46.396999770460454,44.83660337646912,46.10837173461914,441300,0.0,0.0
2022-10-18 00:00:00-04:00,46.66759428453306,47.53347844252176,46.406024036583,46.947200775146484,402900,0.0,0.0
2022-10-19 00:00:00-04:00,46.0993531142757,46.902100045305545,45.55817297239933,46.47817611694336,619600,0.0,0.0
2022-10-20 00:00:00-04:00,46.351906622019676,46.4240653580905,45.18837280826198,45.702491760253906,467100,0.0,0.0
2022-10-21 00:00:00-04:00,46.000139498099834,47.524456607515724,45.783666739487074,47.208770751953125,549500,0.0,0.0
2022-10-24 00:00:00-04:00,47.4072034823426,48.02053894644525,47.226810091597514,47.569557189941406,512000,0.0,0.0
2022-10-25 00:00:00-04:00,47.34406554998576,48.54367521381262,47.21778776999342,48.0475959777832,384300,0.0,0.0
2022-10-26 00:00:00-04:00,48.52563114898873,48.90445757332154,47.85818014717564,48.53465270996094,421100,0.0,0.0
2022-10-27 00:00:00-04:00,49.05778848494533,49.84249567489713,49.05778848494533,49.36445617675781,341700,0.0,0.0
2022-10-28 00:00:00-04:00,49.635045728035934,51.547210649067125,49.626027607783115,51.511131286621094,342700,0.0,0.0
2022-10-31 00:00:00-04:00,51.51113611205528,51.51113611205528,50.374660173564685,50.75348663330078,358600,0.0,0.0
2022-11-01 00:00:00-04:00,51.00603556567845,51.00603556567845,50.347602619319844,50.6452522277832,221500,0.0,0.0
2022-11-02 00:00:00-04:00,50.50995379553,51.105249541920045,49.49975568302031,49.50877380371094,330000,0.0,0.0
2022-11-03 00:00:00-04:00,49.14799525353159,49.64407451687982,48.55269944937013,48.868385314941406,387300,0.0,0.0
2022-11-04 00:00:00-04:00,48.877401922682324,49.96878039710785,48.70603009249675,49.86054229736328,262200,0.0,0.0
2022-11-07 00:00:00-05:00,49.78838039701362,49.86955724068938,48.128767602422585,49.02170944213867,287800,0.0,0.0
2022-11-08 00:00:00-05:00,49.48171660928547,49.698185915697344,48.74210683772932,49.22916793823242,239500,0.0,0.0
2022-11-09 00:00:00-05:00,48.80524080812249,51.78171938167012,48.40837470450457,51.61936569213867,490600,0.0,0.0
2022-11-10 00:00:00-05:00,53.360154894762836,55.18212138549596,52.57544769592264,55.11898422241211,551200,0.0,0.0
2022-11-11 00:00:00-05:00,55.290364017414156,55.36252275177184,54.15389147702327,54.74016571044922,561700,0.0,0.0
2022-11-14 00:00:00-05:00,55.961879410719796,57.65769446528209,55.38748965527869,56.87360763549805,576500,0.65,0.0
2022-11-15 00:00:00-05:00,56.96478297648724,58.2503197225369,56.3448074628495,57.90386199951172,518700,0.0,0.0
2022-11-16 00:00:00-05:00,57.69416400035345,58.46913164118781,57.28388905989253,58.377960205078125,303900,0.0,0.0
2022-11-17 00:00:00-05:00,58.678830738202485,58.678830738202485,57.34770832764859,58.4144287109375,352300,0.0,0.0
2022-11-18 00:00:00-05:00,59.61791403245342,60.05554668478659,58.91588628967786,59.2623405456543,461700,0.0,0.0
2022-11-21 00:00:00-05:00,59.11645636180509,60.05554230182392,59.11645636180509,59.900543212890625,344500,0.0,0.0
2022-11-22 00:00:00-05:00,60.055538751371564,60.67551420264855,59.782017510303966,60.310821533203125,296900,0.0,0.0
2022-11-23 00:00:00-05:00,60.092015773707324,60.57523066122011,59.654383127771546,60.055545806884766,435100,0.0,0.0
2022-11-25 00:00:00-05:00,60.50228026241073,61.41400840746702,60.50228026241073,61.02196502685547,144200,0.0,0.0
2022-11-28 00:00:00-05:00,60.639042195882475,61.12225701033581,60.028179038882456,60.48404312133789,270400,0.0,0.0
2022-11-29 00:00:00-05:00,60.23788930187435,60.648164259943066,59.99172571822012,60.44758987426758,219700,0.0,0.0
2022-11-30 00:00:00-05:00,60.14671356405282,61.14961324450778,59.51761884776025,60.356407165527344,576700,0.0,0.0
2022-12-01 00:00:00-05:00,60.967265120298336,61.49606217141941,59.918776335533174,60.164939880371094,583100,0.0,0.0
2022-12-02 00:00:00-05:00,59.49939162274106,60.693753486243544,59.28969105024998,60.0828971862793,261300,0.0,0.0
2022-12-05 00:00:00-05:00,59.37174764038281,60.14671528122611,59.335277674751566,60.00083541870117,224300,0.0,0.0
2022-12-06 00:00:00-05:00,60.3108238766885,60.365525344653896,59.089104429964344,59.25321578979492,307400,0.0,0.0
2022-12-07 00:00:00-05:00,59.2896896673499,60.11024652066619,59.02528762817383,59.02528762817383,287700,0.0,0.0
2022-12-08 00:00:00-05:00,59.00705376803791,59.563208559982456,58.54207041039331,58.98881530761719,281600,0.0,0.0
2022-12-09 00:00:00-05:00,58.815595618433484,60.1102481578526,58.7517749145448,59.2623405456543,311800,0.0,0.0
2022-12-12 00:00:00-05:00,59.30792527860608,59.71820020758208,58.879411889357876,59.59967803955078,413600,0.0,0.0
2022-12-13 00:00:00-05:00,61.003744758400735,61.021976264048355,59.41733248559278,59.718204498291016,858800,0.0,0.0
2022-12-14 00:00:00-05:00,59.95525002620084,60.58433777144214,58.99793260753656,59.271453857421875,440900,0.0,0.0
2022-12-15 00:00:00-05:00,59.162046596286594,59.3443894670265,58.06797198201053,58.259437561035156,549500,0.0,0.0
2022-12-16 00:00:00-05:00,57.73063341747723,58.51472028125324,57.429764898799995,58.122676849365234,1176700,0.0,0.0
2022-12-19 00:00:00-05:00,58.095326109941624,58.64236167729511,57.81268909596084,58.305023193359375,367600,0.0,0.0
2022-12-20 00:00:00-05:00,58.532951131777885,59.07999364899423,58.02238553537281,58.460018157958984,265300,0.0,0.0
2022-12-21 00:00:00-05:00,58.469132501112725,59.28057011951197,58.469132501112725,59.1802864074707,286900,0.0,0.0
2022-12-22 00:00:00-05:00,58.84293837108365,59.171161076816105,57.79444955865687,58.91587829589844,185400,0.0,0.0
2022-12-23 00:00:00-05:00,58.6241261956455,59.15292326651809,58.259433523505194,58.94322967529297,129300,0.0,0.0
2022-12-27 00:00:00-05:00,58.95235524720387,59.83672585567391,58.70618471075356,59.78202438354492,140300,0.0,0.0
2022-12-28 00:00:00-05:00,60.06465618738339,60.247006015745434,58.87941360473633,58.87941360473633,186800,0.0,0.0
2022-12-29 00:00:00-05:00,59.280567588197776,60.082892897746575,59.016172517661374,59.59967803955078,197600,0.0,0.0
2022-12-30 00:00:00-05:00,59.36263315046296,59.51762529982176,58.46913631098325,58.81559753417969,195300,0.0,0.0
2023-01-03 00:00:00-05:00,59.344385597345926,59.61790684155488,58.50559731714194,59.380855560302734,525000,0.0,0.0
2023-01-04 00:00:00-05:00,59.93701562883753,60.53875963699699,59.56321064832149,59.709083557128906,325300,0.0,0.0
2023-01-05 00:00:00-05:00,59.38086130095284,59.38086130095284,58.05885805665122,58.56942367553711,283800,0.0,0.0
2023-01-06 00:00:00-05:00,59.39909590194032,60.13759354639757,59.31703674370373,59.66349792480469,261100,0.0,0.0
2023-01-09 00:00:00-05:00,59.9005417490525,60.31082362488315,59.3899761676821,59.57231903076172,273700,0.0,0.0
2023-01-10 00:00:00-05:00,59.289690830852365,59.82761415033503,59.05263952281246,59.67261505126953,174100,0.0,0.0
2023-01-11 00:00:00-05:00,59.736431207252764,60.39287665281616,59.417327714530124,60.237884521484375,216900,0.0,0.0
2023-01-12 00:00:00-05:00,60.274362942542545,60.7575778644532,60.000841649870075,60.174072265625,222400,0.0,0.0
2023-01-13 00:00:00-05:00,59.97348813576083,60.11936800668316,59.63615310713937,59.65438461303711,148200,0.0,0.0
2023-01-17 00:00:00-05:00,59.56321270559428,60.0464276013569,58.74265582791481,59.53586196899414,231400,0.0,0.0
2023-01-18 00:00:00-05:00,59.69085150325908,59.69085150325908,57.78533926217389,58.01327133178711,179300,0.0,0.0
2023-01-19 00:00:00-05:00,58.12267375817281,58.222964418387136,57.675925402118175,57.92209243774414,369100,0.0,0.0
2023-01-20 00:00:00-05:00,58.15914156452859,58.53294650206315,57.24741338252802,58.523834228515625,370600,0.0,0.0
2023-01-23 00:00:00-05:00,57.76710201727304,58.286786837404584,57.30211866580761,57.56652069091797,250700,0.0,0.0
2023-01-24 00:00:00-05:00,57.26565645096351,57.7306363591459,56.37216312377388,56.79155731201172,414500,0.0,0.0
2023-01-25 00:00:00-05:00,56.55450483792843,56.55450483792843,55.679246512349735,56.144229888916016,310800,0.0,0.0
2023-01-26 00:00:00-05:00,56.12599320434766,56.27186958752209,55.48778272372178,55.770416259765625,243400,0.0,0.0
2023-01-27 00:00:00-05:00,55.6974821699933,56.02570491555166,55.08662239843359,55.624542236328125,288100,0.0,0.0
2023-01-30 00:00:00-05:00,55.4968995697082,55.98923367686182,54.986333957519896,55.02280044555664,247600,0.0,0.0
2023-01-31 00:00:00-05:00,55.1413234860819,56.45421089838127,54.94986139057376,56.39950942993164,350500,0.0,0.0
2023-02-01 00:00:00-05:00,55.99835404018592,57.338595838468166,55.661015521790304,56.90096664428711,298200,0.0,0.0
2023-02-02 00:00:00-05:00,56.95566684476545,58.09532719637054,56.71861554396986,57.73975372314453,394700,0.0,0.0
2023-02-03 00:00:00-05:00,57.72151820034461,57.72151820034461,56.02570305654091,57.11977767944336,300100,0.0,0.0
2023-02-06 00:00:00-05:00,56.95567004544474,57.192717881594085,55.97100177689921,56.9830207824707,284700,0.0,0.0
2023-02-07 00:00:00-05:00,56.673024771215715,57.05595242374734,55.87070298140852,56.7733154296875,349200,0.0,0.0
2023-02-08 00:00:00-05:00,56.28098568530851,56.47244778728126,55.578954500107756,55.58807373046875,342000,0.0,0.0
2023-02-09 00:00:00-05:00,55.67924611411695,55.97099888722315,54.26606796726489,54.56693649291992,445200,0.0,0.0
2023-02-10 00:00:00-05:00,54.70369693793895,55.56983950171646,54.530469816370406,55.02280044555664,372600,0.0,0.0
2023-02-13 00:00:00-05:00,54.94985954333529,55.45130936241399,54.76751320604292,55.177791595458984,264100,0.0,0.0
2023-02-14 00:00:00-05:00,54.908556071763975,55.44335142810669,54.299997900592246,54.31843948364258,360000,0.678,0.0
2023-02-15 00:00:00-05:00,53.9403909176776,54.22623015289699,53.368715964610814,54.07870101928711,467300,0.0,0.0
2023-02-16 00:00:00-05:00,54.08792241210685,55.50789258343803,53.396378908618935,55.27737808227539,679700,0.0,0.0
2023-02-17 00:00:00-05:00,55.812167450072955,57.25979817254479,55.43412382542819,56.927860260009766,371800,0.0,0.0
2023-02-21 00:00:00-05:00,56.53137835531773,57.029287011883156,56.46683457544124,56.983184814453125,287500,0.0,0.0
2023-02-22 00:00:00-05:00,57.04773310960986,57.813043013536394,56.88176237182754,57.103057861328125,385500,0.0,0.0
2023-02-23 00:00:00-05:00,57.287464057097516,57.58252233329852,56.57747898081006,56.59592056274414,284200,0.0,0.0
2023-02-24 00:00:00-05:00,56.01502412225922,56.97396529708121,55.79372865215716,56.605140686035156,301800,0.0,0.0
2023-02-27 00:00:00-05:00,56.91864279487245,57.75771547658855,56.393069989697096,56.6512451171875,218300,0.0,0.0
2023-02-28 00:00:00-05:00,56.39306234933433,57.361222463625346,56.199431029950496,56.42072296142578,332700,0.0,0.0
2023-03-01 00:00:00-05:00,56.061124778004924,56.5405953522338,55.55399358978833,56.44839096069336,379000,0.0,0.0
2023-03-02 00:00:00-05:00,56.24554266776928,57.139940127553636,55.79373266263022,56.80799865722656,291000,0.0,0.0
2023-03-03 00:00:00-05:00,57.09383240781152,57.46265703243583,56.36540922610558,57.39811325073242,251300,0.0,0.0
2023-03-06 00:00:00-05:00,57.42577363968517,57.69317131561304,56.84487960664884,56.992408752441406,206800,0.0,0.0
2023-03-07 00:00:00-05:00,57.07539216808415,57.25980095599945,55.747626383912085,55.913597106933594,235300,0.0,0.0
2023-03-08 00:00:00-05:00,56.144112137076036,56.826436617843356,55.9135976326424,56.75267028808594,244600,0.0,0.0
2023-03-09 00:00:00-05:00,56.97396552060984,57.37966978045448,56.273199460347435,56.34696578979492,219100,0.0,0.0
2023-03-10 00:00:00-05:00,56.14410957640221,56.14410957640221,55.09296404690604,55.609317779541016,308100,0.0,0.0
2023-03-13 00:00:00-04:00,55.31426292058793,57.45343727472458,55.31426292058793,56.38385009765625,247300,0.0,0.0
2023-03-14 00:00:00-04:00,57.32434828342656,58.51380403291324,57.2505854671692,58.07121658325195,338200,0.0,0.0
2023-03-15 00:00:00-04:00,57.72083089764615,59.01171353824413,57.25980188562862,58.3386116027832,403400,0.0,0.0
2023-03-16 00:00:00-04:00,57.91446399914019,59.334430639878555,57.656285368428755,58.8734016418457,302000,0.0,0.0
2023-03-17 00:00:00-04:00,58.61522677199866,59.09469383665709,57.988227050679605,58.845741271972656,1036800,0.0,0.0
2023-03-20 00:00:00-04:00,59.05782270114681,59.84157066038303,58.661333928902664,59.57417297363281,316900,0.0,0.0
2023-03-21 00:00:00-04:00,59.75857844423825,59.85078987468057,56.85409777128908,57.82225799560547,372800,0.0,0.0
2023-03-22 00:00:00-04:00,57.656287139419625,57.78537470005438,55.766068892898765,55.775291442871094,253400,0.0,0.0
2023-03-23 00:00:00-04:00,55.72918658857308,56.642025594461074,55.47101146331567,56.042686462402344,429500,0.0,0.0
2023-03-24 00:00:00-04:00,56.144115954227,58.366275787353516,56.144115954227,58.366275787353516,325900,0.0,0.0
2023-03-27 00:00:00-04:00,58.64288872760457,58.91028639785913,58.09887435452939,58.39393615722656,293800,0.0,0.0
2023-03-28 00:00:00-04:00,58.025112432885,58.76275815752427,57.80381695680709,58.45848083496094,259800,0.0,0.0
2023-03-29 00:00:00-04:00,58.6613274479066,59.01171046364868,58.4492545355125,58.91950607299805,215500,0.0,0.0
2023-03-30 00:00:00-04:00,59.15002758273928,59.389764654661235,58.624454755474346,59.057823181152344,130100,0.0,0.0
2023-03-31 00:00:00-04:00,59.380535369723965,59.592604765848606,58.83652102036391,59.352874755859375,236700,0.0,0.0
2023-04-03 00:00:00-04:00,58.95638955330706,59.44508270418132,58.60601003214864,59.1500244140625,184400,0.0,0.0
2023-04-04 00:00:00-04:00,59.03937528925218,59.20534601816134,58.46770028821633,58.808860778808594,166300,0.0,0.0
2023-04-05 00:00:00-04:00,59.076259248571596,59.93377352032917,59.01171546617026,59.6479377746582,215500,0.0,0.0
2023-04-06 00:00:00-04:00,60.85583226693707,61.49205458266428,60.14585065244383,60.43168640136719,762400,0.0,0.0
2023-04-10 00:00:00-04:00,60.33947483225917,60.92036881145856,59.629486267382674,60.145843505859375,368800,0.0,0.0
2023-04-11 00:00:00-04:00,60.339483931497575,60.65298030682685,59.011718024820716,60.477787017822266,1159700,0.0,0.0
2023-04-12 00:00:00-04:00,60.9388106933493,60.96647834292042,59.44508121474982,59.684818267822266,380200,0.0,0.0
2023-04-13 00:00:00-04:00,59.389765305810236,59.59261217762754,58.33861612238313,59.38054275512695,289300,0.0,0.0
2023-04-14 00:00:00-04:00,58.808855121192856,59.131573997818286,58.163417367941996,58.44925308227539,255700,0.0,0.0
2023-04-17 00:00:00-04:00,58.50458157380503,59.27911044469814,58.21874232378741,59.22378921508789,285800,0.0,0.0
2023-04-18 00:00:00-04:00,59.1131355376398,59.205339925379626,58.26484039747129,58.762752532958984,253500,0.0,0.0
2023-04-19 00:00:00-04:00,58.79964001820425,59.50962511159222,58.75353782094471,59.371315002441406,154800,0.0,0.0
2023-04-20 00:00:00-04:00,59.16846555926921,59.52806764923338,58.910290421320056,59.463523864746094,190800,0.0,0.0
2023-04-21 00:00:00-04:00,59.89688818885692,60.025975748993375,58.63366968518595,58.827301025390625,198500,0.0,0.0
2023-04-24 00:00:00-04:00,58.85496788350748,59.23300803148782,58.62445336762479,58.818084716796875,148200,0.0,0.0
2023-04-25 00:00:00-04:00,58.48614229528421,58.8734049872992,58.3017299821175,58.495361328125,167000,0.0,0.0
2023-04-26 00:00:00-04:00,58.08966289893361,58.430823426332836,57.20448792750025,57.44422149658203,245900,0.0,0.0
2023-04-27 00:00:00-04:00,57.48109368359593,58.01588547430716,57.038506282443606,57.591739654541016,185300,0.0,0.0
2023-04-28 00:00:00-04:00,57.52719770051199,57.96978511568299,57.259800038000726,57.51797866821289,271600,0.0,0.0
2023-05-01 00:00:00-04:00,57.785376245454266,58.523025498589945,57.51798208443352,58.292510986328125,251400,0.0,0.0
2023-05-02 00:00:00-04:00,58.23718703650564,58.23718703650564,57.056953843084166,57.40733337402344,244300,0.0,0.0
2023-05-03 00:00:00-04:00,57.969782844075915,58.513797180079756,56.605137488097384,57.67472457885742,380700,0.0,0.0
2023-05-04 00:00:00-04:00,57.44421069242939,58.74431228637695,56.890977318679276,58.74431228637695,298100,0.0,0.0
2023-05-05 00:00:00-04:00,57.702393668685836,58.31095183267342,57.57330258885745,57.711612701416016,311600,0.0,0.0
2023-05-08 00:00:00-04:00,57.71161314179352,57.96056923587527,57.33356948427064,57.62862777709961,164400,0.0,0.0
2023-05-09 00:00:00-04:00,57.59174352118599,57.89602435842903,57.17681670556921,57.619407653808594,213400,0.0,0.0
2023-05-10 00:00:00-04:00,58.089657517480234,58.15420129999876,57.462657758123996,57.97901153564453,210200,0.0,0.0
2023-05-11 00:00:00-04:00,57.78537325187492,58.080435048266864,57.27824205464538,57.434993743896484,192200,0.0,0.0
2023-05-12 00:00:00-04:00,57.78737124561122,58.19754003575054,57.58228507250219,57.73143768310547,159700,0.678,0.0
2023-05-15 00:00:00-04:00,58.05770277145922,58.05770277145922,56.939060068934594,57.33990478515625,209600,0.0,0.0
2023-05-16 00:00:00-04:00,57.46109522426996,57.46109522426996,56.22126486374536,56.78058624267578,202500,0.0,0.0
2023-05-17 00:00:00-04:00,56.89245327763183,57.544997296907624,56.426350914731806,57.38652420043945,252000,0.0,0.0
2023-05-18 00:00:00-04:00,56.920418797193896,57.4890606624523,56.48228146152531,57.31194305419922,273500,0.0,0.0
2023-05-19 00:00:00-04:00,57.71278992603364,58.01109513051277,57.554316841938466,57.59160232543945,342000,0.0,0.0
2023-05-22 00:00:00-04:00,57.76872396106418,58.04838464805624,57.33990711452588,57.955162048339844,156600,0.0,0.0
2023-05-23 00:00:00-04:00,57.80601275324625,58.58906485528707,57.731438225283625,57.759403228759766,179100,0.0,0.0
2023-05-24 00:00:00-04:00,57.69414792736551,57.88058957733174,56.85516583663554,56.90177536010742,177000,0.0,0.0
2023-05-25 00:00:00-04:00,56.84584183518855,56.84584183518855,55.44753479365236,55.997535705566406,133900,0.0,0.0
2023-05-26 00:00:00-04:00,55.99753829437876,56.26787852169936,55.42889283555917,56.17465591430664,115200,0.0,0.0
2023-05-30 00:00:00-04:00,56.128038443651704,56.47295670806285,55.73651421625963,55.8763427734375,151200,0.0,0.0
2023-05-31 00:00:00-04:00,55.98821496829811,56.295840666874064,55.47549954387372,55.53143310546875,346000,0.0,0.0
2023-06-01 00:00:00-04:00,55.643296484867946,55.76448408987567,53.90939875421553,53.99329376220703,711000,0.0,0.0
2023-06-02 00:00:00-04:00,53.788209721177296,57.0136369989917,53.732276161255946,56.98567199707031,433800,0.0,0.0
2023-06-05 00:00:00-04:00,56.435672711839594,56.715333407256075,55.63397611052133,55.867027282714844,231800,0.0,0.0
2023-06-06 00:00:00-04:00,55.96024868908995,57.535676955446654,55.60601345279382,56.88313293457031,247500,0.0,0.0
2023-06-07 00:00:00-04:00,57.17211311229559,58.672959617487976,56.59414366668613,58.32804489135742,250100,0.0,0.0
2023-06-08 00:00:00-04:00,58.523810809790234,58.523810809790234,57.36787895577874,57.759403228759766,215900,0.0,0.0
2023-06-09 00:00:00-04:00,57.79668707840296,57.79668707840296,56.83651744714234,57.23736572265625,223700,0.0,0.0
2023-06-12 00:00:00-04:00,56.93906329891182,57.153469947594274,56.230585753972825,56.57550048828125,201300,0.0,0.0
2023-06-13 00:00:00-04:00,56.39838572140291,57.22804735560466,56.0721154909007,56.75262451171875,227200,0.0,0.0
2023-06-14 00:00:00-04:00,56.74330278017587,56.93906848251551,55.96957467806406,56.06279373168945,310800,0.0,0.0
2023-06-15 00:00:00-04:00,55.9975341184848,56.39838241018396,55.67126390713831,56.21194076538086,395600,0.0,0.0
2023-06-16 00:00:00-04:00,56.54753342432053,57.0695693038704,56.11872014258947,56.42634582519531,815600,0.0,0.0
2023-06-20 00:00:00-04:00,56.28652340185767,56.30516792345503,55.512791757922436,55.83906555175781,308600,0.0,0.0
2023-06-21 00:00:00-04:00,55.494142444386334,56.19329594156,55.037364150970205,55.91363525390625,234000,0.0,0.0
2023-06-22 00:00:00-04:00,55.93228148793941,56.19329766360462,55.02804179927254,55.195838928222656,292400,0.0,0.0
2023-06-23 00:00:00-04:00,55.01871867795636,55.885669283920805,54.13312355232748,54.28227615356445,592200,0.0,0.0
2023-06-26 00:00:00-04:00,54.60855066302823,55.42888820305073,54.31956593838119,55.1119384765625,242100,0.0,0.0
2023-06-27 00:00:00-04:00,54.11448502669572,54.89753715894483,53.881433839193946,53.928043365478516,432600,0.0,0.0
2023-06-28 00:00:00-04:00,54.0865146976695,54.0865146976695,52.837360313388096,53.17295455932617,378900,0.0,0.0
2023-06-29 00:00:00-04:00,52.92126017606064,54.095836509644926,52.88397113535545,53.86278533935547,224100,0.0,0.0
2023-06-30 00:00:00-04:00,54.03990936279297,54.38482411736162,53.68567056951556,54.03990936279297,213700,0.0,0.0
2023-07-03 00:00:00-04:00,53.75091938905229,54.79498758993462,53.75091938905229,54.487361907958984,109400,0.0,0.0
2023-07-05 00:00:00-04:00,53.94668624147684,54.841605476802656,53.68567005738283,54.310245513916016,197000,0.0,0.0
2023-07-06 00:00:00-04:00,54.011936685226274,54.04922572506098,53.46193579393939,53.741600036621094,176000,0.0,0.0
2023-07-07 00:00:00-04:00,53.56448083272493,53.85346556788571,52.71617470391992,52.75346374511719,310700,0.0,0.0
2023-07-10 00:00:00-04:00,52.762784812512905,53.639059509973045,52.3526160230303,52.61363220214844,352700,0.0,0.0
2023-07-11 00:00:00-04:00,52.63227258819539,53.44329317716272,52.48311998954826,53.387359619140625,244900,0.0,0.0
2023-07-12 00:00:00-04:00,53.74160010616446,53.928038193422104,53.331427779609086,53.406005859375,495200,0.0,0.0
2023-07-13 00:00:00-04:00,53.415324813426196,54.36617396677227,53.415324813426196,54.35685348510742,239800,0.0,0.0
2023-07-14 00:00:00-04:00,54.011938282675814,54.310243498018934,53.57380449793485,53.99329376220703,206100,0.0,0.0
2023-07-17 00:00:00-04:00,53.75092119439305,54.27295709040717,53.35939693944143,54.00261688232422,299100,0.0,0.0
2023-07-18 00:00:00-04:00,54.011937061432185,54.561937956549954,53.16363095771615,53.70431137084961,187000,0.0,0.0
2023-07-19 00:00:00-04:00,53.713631985856374,54.43143000709813,53.40600629451197,53.93736267089844,253400,0.0,0.0
2023-07-20 00:00:00-04:00,54.11447997633743,55.03736415738887,53.73227620674772,55.009395599365234,243800,0.0,0.0
2023-07-21 00:00:00-04:00,55.12126558711506,55.205164153393845,54.310244927727204,54.450077056884766,272800,0.0,0.0
2023-07-24 00:00:00-04:00,54.42210686505669,54.96278369702345,54.06786811275393,54.56193542480469,164700,0.0,0.0
2023-07-25 00:00:00-04:00,54.45007541479602,54.48736445559065,53.806855463442524,54.0958366394043,241400,0.0,0.0
2023-07-26 00:00:00-04:00,54.1704151838736,54.86024466407557,54.15177066331697,54.45939636230469,346300,0.0,0.0
2023-07-27 00:00:00-04:00,54.41278504366482,54.4314295636063,53.30346277773615,53.406005859375,338800,0.0,0.0
2023-07-28 00:00:00-04:00,53.80685490281338,54.095836075764176,52.995834276334286,53.33142852783203,217900,0.0,0.0
2023-07-31 00:00:00-04:00,53.480584532759366,53.83482332697662,53.26617787091386,53.53651809692383,269700,0.0,0.0
2023-08-01 00:00:00-04:00,53.68567009466959,53.78821318308597,52.93058298948616,53.107704162597656,166100,0.0,0.0
2023-08-02 00:00:00-04:00,52.9771937750758,53.98397298228672,52.893295211468335,53.69498825073242,302200,0.0,0.0
2023-08-03 00:00:00-04:00,53.38735880896328,53.38735880896328,52.38057611631468,52.725494384765625,223400,0.0,0.0
2023-08-04 00:00:00-04:00,52.69753442661659,53.05177323435716,51.51363394386388,51.979736328125,182100,0.0,0.0
2023-08-07 00:00:00-04:00,51.89583545294344,52.52973495188467,51.80261640266101,52.100921630859375,241400,0.0,0.0
2023-08-08 00:00:00-04:00,51.87718758562873,53.657698235330024,51.625491916059026,53.60176467895508,371500,0.0,0.0
2023-08-09 00:00:00-04:00,53.10770465684666,53.9839758236965,52.97719656349443,53.303466796875,246800,0.0,0.0
2023-08-10 00:00:00-04:00,53.52718875714039,53.7975289563773,52.97719143301346,53.247528076171875,329600,0.0,0.0
2023-08-11 00:00:00-04:00,53.5644801642494,53.98397298228672,53.33142899379296,53.69498825073242,299800,0.0,0.0
2023-08-14 00:00:00-04:00,53.45727425445369,53.485575947541946,52.35360538176273,52.561134338378906,243000,0.678,0.0
2023-08-15 00:00:00-04:00,52.35360809612732,52.63659985263551,51.7593228885553,51.83478927612305,284000,0.0,0.0
2023-08-16 00:00:00-04:00,51.99514568751947,52.45736827737282,51.82534992785375,52.15550994873047,352100,0.0,0.0
2023-08-17 00:00:00-04:00,52.004581690564414,52.80639221528524,51.9291153078713,52.58943176269531,340600,0.0,0.0
2023-08-18 00:00:00-04:00,52.61773075882052,53.24031403296864,52.2687077289708,53.023353576660156,419200,0.0,0.0
2023-08-21 00:00:00-04:00,52.73093394036836,53.00449060493643,51.92911974864436,52.438507080078125,261400,0.0,0.0
2023-08-22 00:00:00-04:00,52.334740345483056,52.976190231926026,52.14607797915829,52.8441276550293,230400,0.0,0.0
2023-08-23 00:00:00-04:00,53.09882063574854,53.334647691051984,52.37247287360169,52.8724250793457,190400,0.0,0.0
2023-08-24 00:00:00-04:00,52.598863478113685,53.35351291441457,52.22154235839844,52.22154235839844,175600,0.0,0.0
2023-08-25 00:00:00-04:00,52.41020159474361,53.04221632178812,52.30643712351302,52.60829544067383,208000,0.0,0.0
2023-08-28 00:00:00-04:00,52.787524721343615,53.42897456957901,52.59886236625642,52.69319534301758,163200,0.0,0.0
2023-08-29 00:00:00-04:00,52.85355623227216,52.85355623227216,52.33473745238621,52.61772918701172,179200,0.0,0.0
2023-08-30 00:00:00-04:00,52.54227021899965,53.061089036558926,52.17438057742917,52.32530975341797,269700,0.0,0.0
2023-08-31 00:00:00-04:00,52.46680385212602,52.66490131941687,51.76875776232052,51.78762435913086,327900,0.0,0.0
2023-09-01 00:00:00-04:00,52.06117630004883,52.372469721563114,51.5989573145965,52.06117630004883,248300,0.0,0.0
2023-09-05 00:00:00-04:00,51.68386060958751,51.7310253030652,50.27832971396555,50.731117248535156,284400,0.0,0.0
2023-09-06 00:00:00-04:00,51.04240376016203,51.54235592020856,50.86317291151519,51.48575973510742,424500,0.0,0.0
2023-09-07 00:00:00-04:00,51.721585659483985,51.95741268817373,51.31596288226283,51.58951950073242,294400,0.0,0.0
2023-09-08 00:00:00-04:00,51.749885329579136,51.947979176095174,51.46689360620837,51.702720642089844,284400,0.0,0.0
2023-09-11 00:00:00-04:00,51.93855173248249,52.664899491510944,51.88195194401595,52.41020584106445,291000,0.0,0.0
2023-09-12 00:00:00-04:00,52.5139667250741,52.5139667250741,52.00458302258916,52.287574768066406,238300,0.0,0.0
2023-09-13 00:00:00-04:00,52.31586884319189,52.77809141742179,52.07061030887307,52.53282928466797,347900,0.0,0.0
2023-09-14 00:00:00-04:00,52.7686625864762,53.74970403710802,52.75923108722041,53.49501037597656,349100,0.0,0.0
2023-09-15 00:00:00-04:00,53.381809904126094,53.78743270829143,52.881857721592816,53.353511810302734,998500,0.0,0.0
2023-09-18 00:00:00-04:00,53.57990624189776,53.617639434368414,52.825260384661085,52.99505615234375,241600,0.0,0.0
2023-09-19 00:00:00-04:00,52.957325921209495,53.212019586975785,52.30644450765266,52.31587600708008,210200,0.0,0.0
2023-09-20 00:00:00-04:00,52.50453298307294,52.82525790716097,52.21210615279308,52.447933197021484,233400,0.0,0.0
2023-09-21 00:00:00-04:00,52.2121090535357,52.6649001702328,51.90081920904618,52.25927734375,224000,0.0,0.0
2023-09-22 00:00:00-04:00,52.04231105774649,52.749792199467464,51.88195039287194,52.41963577270508,356100,0.0,0.0
2023-09-25 00:00:00-04:00,52.07061475504531,52.580002060320034,51.8253526013492,52.50453567504883,240400,0.0,0.0
2023-09-26 00:00:00-04:00,52.26870887382441,52.28757547023429,50.71224885514497,50.81601333618164,361000,0.0,0.0
2023-09-27 00:00:00-04:00,50.85374697589174,50.9858095534861,49.95760342994168,50.74055099487305,362500,0.0,0.0
2023-09-28 00:00:00-04:00,50.92920970889966,51.278232724424846,49.52367895153513,49.5897102355957,695600,0.0,0.0
2023-09-29 00:00:00-04:00,50.099101810663996,50.514156145868604,49.33502083154658,49.80667495727539,314300,0.0,0.0
2023-10-02 00:00:00-04:00,49.61801525416435,49.61801525416435,47.354077488045235,47.54273986816406,562800,0.0,0.0
2023-10-03 00:00:00-04:00,47.193708977149264,47.67479818327063,46.49566291121765,47.61819839477539,1026200,0.0,0.0
2023-10-04 00:00:00-04:00,47.703098022595114,48.89166843540912,47.43897286349663,48.85393524169922,542400,0.0,0.0
2023-10-05 00:00:00-04:00,48.7312963841923,49.80666704425511,48.49546935879484,49.34444808959961,545200,0.0,0.0
2023-10-06 00:00:00-04:00,48.882231321532245,50.353793429602575,48.40114571609815,50.25946044921875,432200,0.0,0.0
2023-10-09 00:00:00-04:00,49.89156858713896,50.54245352811045,49.797239209415466,50.12739562988281,389800,0.0,0.0
2023-10-10 00:00:00-04:00,50.382088135072735,50.6367817673218,49.93873215318344,50.061363220214844,356100,0.0,0.0
2023-10-11 00:00:00-04:00,50.33492991879864,51.24994009321325,50.174565641534265,51.19334030151367,208800,0.0,0.0
2023-10-12 00:00:00-04:00,51.01410989393566,51.15560396684571,49.97646870041896,50.504722595214844,245300,0.0,0.0
2023-10-13 00:00:00-04:00,50.74997957588855,51.10843769334479,50.44812124490492,50.75941467285156,200200,0.0,0.0
2023-10-16 00:00:00-04:00,51.16504154150977,51.193339637774926,50.65565421812445,51.09900665283203,263700,0.0,0.0
2023-10-17 00:00:00-04:00,50.72168305083813,51.65555616669515,50.72168305083813,51.1650390625,279100,0.0,0.0
2023-10-18 00:00:00-04:00,50.89147613031174,51.127303171139474,50.49528483053491,50.86317443847656,227200,0.0,0.0
2023-10-19 00:00:00-04:00,50.693389251818544,50.872616532061244,50.10853551925394,50.30663299560547,414200,0.0,0.0
2023-10-20 00:00:00-04:00,50.49528659092937,50.75941533280048,49.81610713660342,49.825538635253906,327000,0.0,0.0
2023-10-23 00:00:00-04:00,49.391618614491534,50.004766793955625,49.18408965610678,49.429351806640625,224500,0.0,0.0
2023-10-24 00:00:00-04:00,49.97646937211877,50.25946112017764,49.84440679625366,50.231163024902344,210800,0.0,0.0
2023-10-25 00:00:00-04:00,49.78780656349416,50.58962070735533,49.76893996733369,50.429256439208984,257900,0.0,0.0
2023-10-26 00:00:00-04:00,50.825450233925984,51.372567155450966,50.58018807034529,50.731117248535156,295400,0.0,0.0
2023-10-27 00:00:00-04:00,50.56132130236531,50.7877168681026,49.33502128391319,49.60858154296875,226400,0.0,0.0
2023-10-30 00:00:00-04:00,50.08022981502237,50.39151963325899,49.419913390499055,50.061363220214844,278700,0.0,0.0
2023-10-31 00:00:00-04:00,50.26889554192949,50.58962047833498,49.89157081729883,50.504722595214844,239100,0.0,0.0
2023-11-01 00:00:00-04:00,50.551886173151715,51.287665411702605,50.089663575577966,50.85374450683594,337000,0.0,0.0
2023-11-02 00:00:00-04:00,51.81592065897377,53.249749580938385,51.79705406281742,53.24031448364258,483500,0.0,0.0
2023-11-03 00:00:00-04:00,54.03268870822721,54.1458882750635,52.60829501066941,52.80638885498047,324900,0.0,0.0
2023-11-06 00:00:00-05:00,52.73093367244476,53.42897977632755,52.334742328308586,53.22145080566406,316700,0.0,0.0
2023-11-07 00:00:00-05:00,53.33464631849426,53.33464631849426,51.95741721458935,52.344173431396484,443000,0.0,0.0
2023-11-08 00:00:00-05:00,52.28757546120216,52.28757546120216,51.108440174053335,51.35369873046875,564800,0.0,0.0
2023-11-09 00:00:00-05:00,51.42916738906031,51.61782976302931,50.78771747662699,50.94807815551758,341600,0.0,0.0
2023-11-10 00:00:00-05:00,51.089572228365995,51.136736918919254,50.429255765314615,50.82544708251953,262000,0.0,0.0
2023-11-13 00:00:00-05:00,50.787717050173065,50.787717050173065,50.12740054604383,50.43869400024414,272900,0.0,0.0
2023-11-14 00:00:00-05:00,51.61194703488799,53.13106963698778,51.55462034710431,53.12151336669922,361200,0.678,0.0
2023-11-15 00:00:00-05:00,52.853996113007184,53.713878206516206,52.72023748616116,53.12151336669922,343800,0.0,0.0
2023-11-16 00:00:00-05:00,53.51323987079283,53.61833698245287,52.96864906005395,53.33171081542969,347500,0.0,0.0
2023-11-17 00:00:00-05:00,53.69477324561783,53.79987035859868,52.997314894057936,53.255279541015625,226600,0.0,0.0
2023-11-20 00:00:00-05:00,53.02597034437452,53.331705377310705,52.299850552313366,53.22660827636719,418200,0.0,0.0
2023-11-21 00:00:00-05:00,53.06419115453942,53.46546704136138,52.3571765727326,52.51004409790039,182900,0.0,0.0
2023-11-22 00:00:00-05:00,52.93043244112254,53.02597327745644,52.366732759594235,52.643802642822266,175800,0.0,0.0
2023-11-24 00:00:00-05:00,52.796674023294614,52.98775935456596,52.39539810780936,52.84444808959961,87700,0.0,0.0
2023-11-27 00:00:00-05:00,52.72023926105451,52.97820389779192,52.27118930325427,52.9590950012207,229000,0.0,0.0
2023-11-28 00:00:00-05:00,52.87310451735502,53.36036860271371,52.55781320445001,53.19794845581055,282600,0.0,0.0
2023-11-29 00:00:00-05:00,53.322159105145154,53.67566459572439,52.4527243182722,52.65336227416992,510400,0.0,0.0
2023-11-30 00:00:00-05:00,52.777566981046036,53.02597535202237,52.46227564844012,53.006866455078125,392000,0.0,0.0
2023-12-01 00:00:00-05:00,52.968647859708135,53.60878314138132,52.58648086055417,53.551456451416016,347100,0.0,0.0
2023-12-04 00:00:00-05:00,53.26483078002929,54.02916843000566,53.12151587612461,53.7425422668457,333800,0.0,0.0
2023-12-05 00:00:00-05:00,53.73298976923148,58.510104648817695,53.33171022412854,58.05149841308594,2356800,0.0,0.0
2023-12-06 00:00:00-05:00,58.39545362338449,59.28399731840564,58.00373033324126,58.873165130615234,684400,0.0,0.0
2023-12-07 00:00:00-05:00,58.87316292947786,59.04513935722307,58.26169280622795,58.9782600402832,609300,0.0,0.0
2023-12-08 00:00:00-05:00,58.978261806017386,59.20756493142586,58.31902124302352,58.61520004272461,372900,0.0,0.0
2023-12-11 00:00:00-05:00,58.28080036087534,58.90182674061326,57.83175040492179,58.471885681152344,360800,0.0,0.0
2023-12-12 00:00:00-05:00,58.185259610818186,58.443220602234454,57.6884392352084,58.07060623168945,424700,0.0,0.0
2023-12-13 00:00:00-05:00,58.03239026691287,58.65341298350041,57.392255009752745,58.56742477416992,868700,0.0,0.0
2023-12-14 00:00:00-05:00,58.86361358531631,59.331768829997706,57.88908165530755,57.994178771972656,623300,0.0,0.0
2023-12-15 00:00:00-05:00,57.51646248899325,58.481438067700765,57.019642116166345,57.612003326416016,1121000,0.0,0.0
2023-12-18 00:00:00-05:00,57.61200783523746,57.850863592136996,57.14385259271816,57.2680549621582,297500,0.0,0.0
2023-12-19 00:00:00-05:00,57.41136623328377,58.24258319407872,57.3253780204671,58.1948127746582,570400,0.0,0.0
2023-12-20 00:00:00-05:00,58.42411548071719,58.99736779904248,57.850859517742556,57.86996841430664,558800,0.0,0.0
2023-12-21 00:00:00-05:00,57.92729911693736,58.49099884835582,57.5928988708741,58.46233367919922,282000,0.0,0.0
2023-12-22 00:00:00-05:00,58.94960026618975,59.38909397473382,58.739406038342786,58.882720947265625,223700,0.0,0.0
2023-12-26 00:00:00-05:00,58.97825838116928,59.2075614932622,58.88271754384267,58.940040588378906,195200,0.0,0.0
2023-12-27 00:00:00-05:00,58.93048817667432,58.968705969603576,58.42411517663421,58.60564422607422,208600,0.0,0.0
2023-12-28 00:00:00-05:00,58.366789517202896,58.76806541609325,58.30946282679739,58.65341567993164,296800,0.0,0.0
2023-12-29 00:00:00-05:00,58.443222670219384,58.634307997546045,58.27124988473981,58.43367004394531,316800,0.0,0.0
2024-01-02 00:00:00-05:00,58.00372798353896,59.66616556500324,58.00372798353896,59.51329803466797,273300,0.0,0.0
2024-01-03 00:00:00-05:00,59.45597222966606,60.85088892033433,58.96870810841737,60.02922821044922,412000,0.0,0.0
2024-01-04 00:00:00-05:00,60.31585221390964,60.459163470475204,59.65660804190034,59.799922943115234,356800,0.0,0.0
2024-01-05 00:00:00-05:00,59.7139342775158,60.37317479986582,59.47507854040573,59.54195785522461,296300,0.0,0.0
2024-01-08 00:00:00-05:00,59.58017784172513,59.81903358763029,59.131127873135625,59.704383850097656,228500,0.0,0.0
2024-01-09 00:00:00-05:00,59.23622499368101,59.733045382598846,58.94959882748019,59.43686294555664,286300,0.0,0.0
2024-01-10 00:00:00-05:00,58.84450149536133,59.1788980805662,58.42411669615385,58.84450149536133,314500,0.0,0.0
2024-01-11 00:00:00-05:00,58.538763956518046,58.71074037724698,57.49735280639252,58.156593322753906,355500,0.0,0.0
2024-01-12 00:00:00-05:00,58.68207964279685,58.806285654848544,58.0610568718375,58.213924407958984,186400,0.0,0.0
2024-01-16 00:00:00-05:00,58.089717299398174,58.089717299398174,56.92410372521771,57.10563278198242,245900,0.0,0.0
2024-01-17 00:00:00-05:00,56.733012529724206,57.411361910507715,56.13109508532872,56.7425651550293,245900,0.0,0.0
2024-01-18 00:00:00-05:00,56.561038638392645,56.561038638392645,55.79670101719462,56.10243606567383,236200,0.0,0.0
2024-01-19 00:00:00-05:00,56.18842427584919,56.26485621564436,55.58650680462169,56.10243606567383,203400,0.0,0.0
2024-01-22 00:00:00-05:00,56.64702709770591,57.05785925427845,56.30307425549175,56.69479751586914,233300,0.0,0.0
2024-01-23 00:00:00-05:00,57.00053581919088,57.01964471647673,56.331738992783876,56.637474060058594,271600,0.0,0.0
2024-01-24 00:00:00-05:00,57.038754801632884,57.22984013382143,55.09924360019602,55.357208251953125,308300,0.0,0.0
2024-01-25 00:00:00-05:00,56.035559041916436,56.84766711426039,55.97823235124003,56.790340423583984,360900,0.0,0.0
2024-01-26 00:00:00-05:00,57.076967099478416,57.20116945548595,56.350843636030376,56.3795051574707,248600,0.0,0.0
2024-01-29 00:00:00-05:00,56.341296226600086,57.35404228751141,56.140654623994465,57.01964569091797,252400,0.0,0.0
2024-01-30 00:00:00-05:00,56.876327471682195,57.20117142289249,56.20753431741042,56.943206787109375,269400,0.0,0.0
2024-01-31 00:00:00-05:00,57.32537773311343,57.602451266872656,56.40817256409946,56.47505187988281,509000,0.0,0.0
2024-02-01 00:00:00-05:00,56.293518547831965,57.793535934628004,55.97823086908327,57.74576187133789,327800,0.0,0.0
2024-02-02 00:00:00-05:00,57.143850405418185,57.34448835881805,55.90179760136308,56.44639205932617,246700,0.0,0.0
2024-02-05 00:00:00-05:00,55.882693826634025,55.978234670403516,55.19478808861508,55.357208251953125,259400,0.0,0.0
2024-02-06 00:00:00-05:00,55.20433736152608,55.78714594920383,55.1756758390663,55.615169525146484,177700,0.0,0.0
2024-02-07 00:00:00-05:00,55.701162183482595,55.77759777567588,55.414536002057055,55.605621337890625,215300,0.0,0.0
2024-02-08 00:00:00-05:00,55.424082797670785,55.47185686009016,54.898600912900854,55.17567443847656,600300,0.0,0.0
2024-02-09 00:00:00-05:00,54.975041167577835,55.92090791159204,54.975041167577835,55.69160842895508,236300,0.0,0.0
2024-02-12 00:00:00-05:00,55.70115690554499,56.78078585275274,55.52918048405529,56.49415969848633,257300,0.0,0.0
2024-02-13 00:00:00-05:00,55.634277851450804,56.0068922182062,54.28713163990859,54.564205169677734,386500,0.0,0.0
2024-02-14 00:00:00-05:00,54.781864182968995,55.61379841826739,54.443284322680576,55.536407470703125,366100,0.705,0.0
2024-02-15 00:00:00-05:00,55.84596269840178,56.94875784642407,55.84596269840178,56.79397964477539,333200,0.0,0.0
2024-02-16 00:00:00-05:00,56.79397936958178,57.238966235890146,56.310297030497885,56.68756866455078,365200,0.0,0.0
2024-02-20 00:00:00-05:00,54.8979465150082,57.10353684170642,54.84957901823391,55.7975959777832,496900,0.0,0.0
2024-02-21 00:00:00-05:00,56.06845606634474,56.52311864761419,55.12043912109196,55.28489303588867,324700,0.0,0.0
2024-02-22 00:00:00-05:00,54.89794934738535,55.12044279618908,54.162753763955784,55.09142303466797,393700,0.0,0.0
2024-02-23 00:00:00-05:00,55.2558708190918,55.43967247444854,54.92696667236253,55.2558708190918,221600,0.0,0.0
2024-02-26 00:00:00-05:00,54.78186182585086,54.84957705695424,54.17242105571711,54.3852424621582,191200,0.0,0.0
2024-02-27 00:00:00-05:00,54.752843169799704,54.878601620087906,54.19177353579728,54.81088638305664,268300,0.0,0.0
2024-02-28 00:00:00-05:00,54.75283768495189,54.926963617076034,54.0853574052782,54.259483337402344,203200,0.0,0.0
2024-02-29 00:00:00-05:00,54.723819192014055,55.11076653684018,54.28850435163551,54.791534423828125,255700,0.0,0.0
2024-03-01 00:00:00-05:00,54.714148117403454,55.014028809148655,54.03699209732155,54.743167877197266,220600,0.0,0.0
2024-03-04 00:00:00-05:00,54.607738906938586,56.1265012144711,54.607738906938586,55.94270324707031,344500,0.0,0.0
2024-03-05 00:00:00-05:00,56.290949229778064,56.83267477740613,55.32358455271583,55.45901870727539,246600,0.0,0.0
2024-03-06 00:00:00-05:00,55.720207076577154,56.029763495542305,55.57510458092676,55.80727005004883,156400,0.0,0.0
2024-03-07 00:00:00-05:00,56.28127749447411,56.55213842457142,55.4590189908482,55.478363037109375,225700,0.0,0.0
2024-03-08 00:00:00-05:00,55.797593672912186,56.32964349585857,55.507385014050826,55.87498092651367,164300,0.0,0.0
2024-03-11 00:00:00-04:00,55.71053275977299,56.6005065051135,55.71053275977299,56.44572830200195,206200,0.0,0.0
2024-03-12 00:00:00-04:00,56.126497781383875,56.126497781383875,55.24619609207217,55.68151092529297,225200,0.0,0.0
2024-03-13 00:00:00-04:00,55.77824769951544,56.20388683328179,55.58477402409313,55.86531066894531,288500,0.0,0.0
2024-03-14 00:00:00-04:00,55.55575344151118,55.710531641515914,54.897945168940204,55.546077728271484,369700,0.0,0.0
2024-03-15 00:00:00-04:00,55.652493032671536,56.45540754857621,55.54608231945972,56.426387786865234,839200,0.0,0.0
2024-03-18 00:00:00-04:00,56.22323690319938,56.3102998762425,55.594452044735554,55.98139572143555,340600,0.0,0.0
2024-03-19 00:00:00-04:00,56.08780220049381,56.58116024058635,55.68151081707954,55.96204376220703,192700,0.0,0.0
2024-03-20 00:00:00-04:00,55.75890254527097,56.20388943620822,55.58477659834707,56.087806701660156,248000,0.0,0.0
2024-03-21 00:00:00-04:00,56.136173920459285,57.30668804454877,55.98139571176531,56.5424690246582,370700,0.0,0.0
2024-03-22 00:00:00-04:00,56.900394451985214,56.97778540348999,56.54247052678484,56.61985778808594,218800,0.0,0.0
2024-03-25 00:00:00-04:00,56.590835978644215,57.08419036092233,56.484425269277445,56.61018371582031,181300,0.0,0.0
2024-03-26 00:00:00-04:00,56.590832788534335,56.590832788534335,55.67183562059439,55.70085906982422,192000,0.0,0.0
2024-03-27 00:00:00-04:00,56.145847349595655,56.977781571299644,56.145847349595655,56.900390625,422400,0.0,0.0
2024-03-28 00:00:00-04:00,57.14223263375743,57.80971294945198,56.82300420110473,57.69363021850586,277600,0.0,0.0
2024-04-01 00:00:00-04:00,57.84841019396152,57.88710566886256,56.70691951580606,57.6839599609375,222000,0.0,0.0
2024-04-02 00:00:00-04:00,57.56787245052708,58.235356464268925,57.56787245052708,58.09992599487305,334300,0.0,0.0
2024-04-03 00:00:00-04:00,57.76134396050418,58.07090036183403,57.53885052768606,57.80971145629883,271500,0.0,0.0
2024-04-04 00:00:00-04:00,58.28372630601039,58.28372630601039,57.23897060258829,57.46146774291992,270300,0.0,0.0
2024-04-05 00:00:00-04:00,57.103536469990225,57.606566551616005,56.71659280811123,57.3744010925293,420300,0.0,0.0
2024-04-08 00:00:00-04:00,57.59689228842139,58.496541710352105,57.548524793842994,58.48686599731445,226500,0.0,0.0
2024-04-09 00:00:00-04:00,58.77707807948894,59.0189192566745,58.506217141906234,58.7480583190918,249600,0.0,0.0
2024-04-10 00:00:00-04:00,57.664608238599335,57.664608238599335,56.561813111553086,56.92940902709961,280400,0.0,0.0
2024-04-11 00:00:00-04:00,57.50015515120051,57.50015515120051,56.668224627611345,56.96810531616211,246200,0.0,0.0
2024-04-12 00:00:00-04:00,56.919742186970225,57.34538134961382,56.40704004899003,56.426387786865234,247700,0.0,0.0
2024-04-15 00:00:00-04:00,56.56181691078088,56.784310355725914,55.623471942366244,55.89433288574219,237400,0.0,0.0
2024-04-16 00:00:00-04:00,55.59445244930513,55.88466113149291,54.810885686214874,55.526737213134766,180900,0.0,0.0
2024-04-17 00:00:00-04:00,56.02976321974759,56.29095213887697,55.43967383601485,55.98139572143555,226900,0.0,0.0
2024-04-18 00:00:00-04:00,56.21356567895553,56.94876125828224,55.96204877983066,56.5811653137207,265500,0.0,0.0
2024-04-19 00:00:00-04:00,56.68756951044624,57.82906014293389,56.1942151409083,57.76134490966797,243800,0.0,0.0
2024-04-22 00:00:00-04:00,57.62591742769188,58.24503027259019,57.316361005242726,58.00318908691406,175000,0.0,0.0
2024-04-23 00:00:00-04:00,57.78069251225256,58.35143782717185,57.39374885023146,57.84840774536133,220800,0.0,0.0
2024-04-24 00:00:00-04:00,57.238970054528615,58.01286480085514,57.238970054528615,58.00318908691406,274200,0.0,0.0
2024-04-25 00:00:00-04:00,57.80004147050465,57.84840896800412,57.422769823723876,57.62591552734375,193100,0.0,0.0
2024-04-26 00:00:00-04:00,57.6259104320782,57.829056117735995,57.07451289089094,57.0938606262207,159700,0.0,0.0
2024-04-29 00:00:00-04:00,57.39375250549853,57.92580238103963,57.39375250549853,57.46146774291992,219400,0.0,0.0
2024-04-30 00:00:00-04:00,57.190599573487304,57.62591442304753,57.0745168436724,57.28733825683594,240000,0.0,0.0
2024-05-01 00:00:00-04:00,57.42276781885774,59.038265058198085,57.21962212233052,58.370784759521484,247200,0.0,0.0
2024-05-02 00:00:00-04:00,58.51589312577425,58.93185655746739,58.370786942711305,58.854469299316406,176600,0.0,0.0
2024-05-03 00:00:00-04:00,59.976608966028834,63.710637146927034,59.83150279083615,62.172523498535156,1472400,0.0,0.0
2024-05-06 00:00:00-04:00,62.39502262815999,62.82066545433036,60.895608093741025,60.95364761352539,3440100,0.0,0.0
2024-05-07 00:00:00-04:00,61.32124709490461,61.456677561041666,60.88593224646162,61.04071044921875,1504700,0.0,0.0
2024-05-08 00:00:00-04:00,61.13745008282874,61.21483734030873,60.48931381169179,60.71180725097656,1387200,0.0,0.0
2024-05-09 00:00:00-04:00,60.71180874203036,61.23418658111275,60.479643273685014,60.87626266479492,1279700,0.0,0.0
2024-05-10 00:00:00-04:00,61.137447357177734,61.350265073412416,60.87625845569563,61.137447357177734,661800,0.0,0.0
2024-05-13 00:00:00-04:00,61.18581690750723,61.71786675127095,61.18581690750723,61.42765808105469,397800,0.0,0.0
2024-05-14 00:00:00-04:00,61.931445748525,62.029266786917496,61.44233309329568,61.55971908569336,350900,0.705,0.0
2024-05-15 00:00:00-04:00,61.95101372433009,62.05861537915698,61.559722088407135,61.774932861328125,450800,0.0,0.0
2024-05-16 00:00:00-04:00,61.67710696469693,61.921663299792186,61.51081044801625,61.61841583251953,760400,0.0,0.0
2024-05-17 00:00:00-04:00,61.73579971145628,61.76514527653866,61.33472748491902,61.43254852294922,678300,0.0,0.0
2024-05-20 00:00:00-04:00,61.432551919568255,62.32273684874183,61.432551919568255,62.26404571533203,349000,0.0,0.0
2024-05-21 00:00:00-04:00,62.215127064930364,62.45968338787684,62.0879604637742,62.1270866394043,188900,0.0,0.0
2024-05-22 00:00:00-04:00,62.097743526836155,62.12708909262583,61.442334346643364,61.59885025024414,566600,0.0,0.0
2024-05-23 00:00:00-04:00,61.45211783698038,61.45211783698038,60.972789492336744,61.20756149291992,674200,0.0,0.0
2024-05-24 00:00:00-04:00,61.45211334937979,61.57928368386192,61.33472735766043,61.54993438720703,224800,0.0,0.0
2024-05-28 00:00:00-04:00,61.45211314648696,61.530372961797084,61.060821533203125,61.060821533203125,457500,0.0,0.0
2024-05-29 00:00:00-04:00,60.894527435302734,61.10973820429722,60.7477921416004,60.894527435302734,505300,0.0,0.0
2024-05-30 00:00:00-04:00,61.236904368851256,61.36407470703125,60.8162671770227,61.36407470703125,527900,0.0,0.0
2024-05-31 00:00:00-04:00,61.324946360526646,61.94122938103354,61.24669027232221,61.774932861328125,438500,0.0,0.0
2024-06-03 00:00:00-04:00,61.83362173948395,62.01948693900392,61.37385837542082,61.46189880371094,315600,0.0,0.0
2024-06-04 00:00:00-04:00,61.38363845768877,62.234693436069485,61.38363845768877,61.6868896484375,410200,0.0,0.0
2024-06-05 00:00:00-04:00,61.82383918719601,62.29338687945724,61.50102304972265,62.1270866394043,677900,0.0,0.0
2024-06-06 00:00:00-04:00,61.892317733703486,62.13687406879874,61.383640108909326,61.61841583251953,420600,0.0,0.0
2024-06-07 00:00:00-04:00,61.18799532047184,61.82384329503446,61.139084798959395,61.53037643432617,396700,0.0,0.0
2024-06-10 00:00:00-04:00,61.44233384946497,61.73580069988757,61.39341959803332,61.46189880371094,434600,0.0,0.0
2024-06-11 00:00:00-04:00,61.403203411766114,61.96079154225349,61.354292892389466,61.6868896484375,460900,0.0,0.0
2024-06-12 00:00:00-04:00,62.21512939003877,62.21512939003877,61.54015525686931,61.71623611450195,446600,0.0,0.0
2024-06-13 00:00:00-04:00,61.647762570702035,61.823843433849085,61.56950275079952,61.65754318237305,383800,0.0,0.0
2024-06-14 00:00:00-04:00,61.54015628601996,61.68689158037887,61.54015628601996,61.628196716308594,195600,0.0,0.0
2024-06-17 00:00:00-04:00,61.59885011995802,62.03904853240613,61.59885011995802,61.71623611450195,342700,0.0,0.0
2024-06-18 00:00:00-04:00,61.65754331659093,61.83362418012128,61.540157318115234,61.540157318115234,342500,0.0,0.0
2024-06-20 00:00:00-04:00,61.54015619496224,61.90209852710952,61.1977788174761,61.38364028930664,490500,0.0,0.0
2024-06-21 00:00:00-04:00,61.45211688635006,61.68689261493506,61.35429584289259,61.540157318115234,724600,0.0,0.0
2024-06-24 00:00:00-04:00,61.60863167045947,61.79449314229001,61.3542947231317,61.38364028930664,417600,0.0,0.0
2024-06-25 00:00:00-04:00,61.4227709600163,61.54015695780471,61.22712514261322,61.28582000732422,419600,0.0,0.0
2024-06-26 00:00:00-04:00,61.1879939792649,61.30537997464846,60.98256755443529,61.24668884277344,392400,0.0,0.0
2024-06-27 00:00:00-04:00,61.285819918814525,61.39342157317891,60.88474767295256,61.041263580322266,621400,0.0,0.0
2024-06-28 00:00:00-04:00,61.28581830103592,61.3542937754755,60.953221540200744,60.992347717285156,857600,0.0,0.0
2024-07-01 00:00:00-04:00,61.20755581140629,61.2369013758468,60.65974830817228,60.78691864013672,606500,0.0,0.0
2024-07-02 00:00:00-04:00,60.79670367841866,60.845614196923655,60.17063635400126,60.327152252197266,584100,0.0,0.0
2024-07-03 00:00:00-04:00,60.37606695942931,60.64018823931593,60.20976671729326,60.58149337768555,242200,0.0,0.0
2024-07-05 00:00:00-04:00,60.4054159231266,60.835833737733246,60.20977010498408,60.68910217285156,192800,0.0,0.0
2024-07-08 00:00:00-04:00,60.82605182868792,61.16842920440948,60.65975158074208,61.01191329956055,354300,0.0,0.0
2024-07-09 00:00:00-04:00,60.8358337779197,61.29560089111328,60.8358337779197,61.29560089111328,175600,0.0,0.0
2024-07-10 00:00:00-04:00,61.54015485600673,61.89231656897808,61.266252959977216,61.8238410949707,644300,0.0,0.0
2024-07-11 00:00:00-04:00,62.215128150240986,62.45968447745362,61.9118806927427,62.40099334716797,754300,0.0,0.0
2024-07-12 00:00:00-04:00,62.60641867429806,62.91945046913889,62.0879604637742,62.1270866394043,447000,0.0,0.0
2024-07-15 00:00:00-04:00,62.10752743050442,62.459685412389874,61.9020972765294,62.068397521972656,390100,0.0,0.0
2024-07-16 00:00:00-04:00,62.518380870273454,62.79228650096951,62.25425958262021,62.44990539550781,427200,0.0,0.0
2024-07-17 00:00:00-04:00,62.48903165228549,63.2031356557015,61.9412241545431,62.215126037597656,650800,0.0,0.0
2024-07-18 00:00:00-04:00,61.97057539252218,62.665114506219375,61.97057539252218,62.273826599121094,367400,0.0,0.0
2024-07-19 00:00:00-04:00,62.42055933178622,62.42055933178622,61.696670949365775,62.31295394897461,624300,0.0,0.0
2024-07-22 00:00:00-04:00,62.33252158528501,63.193357221550585,62.23469680959553,63.124881744384766,556300,0.0,0.0
2024-07-23 00:00:00-04:00,63.056403568858585,63.22270008296395,62.802062894583536,63.036842346191406,453400,0.0,0.0
2024-07-24 00:00:00-04:00,62.9487978309439,63.173792938315565,62.723810186839145,63.02705764770508,376200,0.0,0.0
2024-07-25 00:00:00-04:00,63.075973155362625,63.48682600664194,62.870539266455914,63.06618881225586,534900,0.0,0.0
2024-07-26 00:00:00-04:00,63.369435160699936,63.4281262917705,62.919452408202766,63.15422439575195,243500,0.0,0.0
2024-07-29 00:00:00-04:00,63.27161412116001,63.379219503634005,63.066187699146106,63.15422439575195,160200,0.0,0.0
2024-07-30 00:00:00-04:00,63.19335470716218,63.33030565604469,62.958582718116006,63.0466194152832,208500,0.0,0.0
2024-07-31 00:00:00-04:00,63.330307273362045,63.3498759598547,62.93901563944772,63.09553527832031,327700,0.0,0.0
2024-08-01 00:00:00-04:00,63.09553287953228,63.14444713063712,62.420558754906715,62.65533447265625,480500,0.0,0.0
2024-08-02 00:00:00-04:00,62.58685848747566,63.28140133358354,62.35208648928076,63.242271423339844,508400,0.0,0.0
2024-08-05 00:00:00-04:00,62.684679582326645,63.09553242085983,62.2249124930442,62.40099334716797,687800,0.0,0.0
2024-08-06 00:00:00-04:00,62.322732525761516,62.997710366223686,62.322732525761516,62.733585357666016,316900,0.0,0.0
2024-08-07 00:00:00-04:00,62.76293863877349,63.07597043528724,62.42055754583864,62.49881362915039,408100,0.0,0.0
2024-08-08 00:00:00-04:00,62.508598971635976,62.85097633841365,62.42055854423123,62.7727165222168,289700,0.0,0.0
2024-08-09 00:00:00-04:00,62.655332105611244,62.85097417610571,62.51837743197849,62.70423889160156,256700,0.0,0.0
2024-08-12 00:00:00-04:00,62.93901645108331,62.93901645108331,62.6162077524633,62.88032531738281,191600,0.0,0.0
2024-08-13 00:00:00-04:00,63.066187958783765,63.085749181465516,62.77271737568889,62.91945266723633,278900,0.0,0.0
2024-08-14 00:00:00-04:00,62.91945086473825,63.08574737420342,62.811845484903905,62.86075973510742,142200,0.0,0.0
2024-08-15 00:00:00-04:00,63.30089826295892,63.30089826295892,62.79647089005809,62.98439407348633,357700,0.705,0.0
2024-08-16 00:00:00-04:00,63.004177181110315,63.08330134337646,62.697562091388406,62.78657913208008,380100,0.0,0.0
2024-08-19 00:00:00-04:00,62.9052679701062,62.9843959062907,62.67778081311727,62.72723388671875,222100,0.0,0.0
2024-08-20 00:00:00-04:00,62.75690779762511,62.90526701617975,62.559091733191316,62.598655700683594,433700,0.0,0.0
2024-08-21 00:00:00-04:00,62.85581252771253,62.85581252771253,62.509637252520534,62.608543395996094,787800,0.0,0.0
2024-08-22 00:00:00-04:00,62.74701699538479,62.85581602307465,62.57887578752062,62.638221740722656,200600,0.0,0.0
2024-08-23 00:00:00-04:00,62.59865429085955,62.925047582750935,62.559090324258314,62.608543395996094,187800,0.0,0.0
2024-08-26 00:00:00-04:00,62.76679865091905,62.84592658810717,62.46018732688436,62.5590934753418,182000,0.0,0.0
2024-08-27 00:00:00-04:00,62.37116859043908,62.55909177661645,62.37116859043908,62.4898567199707,187200,0.0,0.0
2024-08-28 00:00:00-04:00,62.559092151002325,62.69756226512249,62.44040402076041,62.46018600463867,153300,0.0,0.0
2024-08-29 00:00:00-04:00,62.65799646773388,62.66788934589795,62.31182119254188,62.608543395996094,245400,0.0,0.0
2024-08-30 00:00:00-04:00,62.65799981689895,62.94483293054829,62.33160650756135,62.85581588745117,265500,0.0,0.0
2024-09-03 00:00:00-04:00,62.86570852585079,62.97450377986233,62.62832848748993,62.66789245605469,233600,0.0,0.0
2024-09-04 00:00:00-04:00,62.677779691514765,63.023958746585656,62.61843751346597,62.925048828125,175300,0.0,0.0
2024-09-05 00:00:00-04:00,62.94483094013075,63.01406599668054,62.65799783555154,62.707454681396484,137400,0.0,0.0
2024-09-06 00:00:00-04:00,62.71734407521184,62.92504924581655,62.55909197765193,62.78657913208008,210200,0.0,0.0
2024-09-09 00:00:00-04:00,62.657999724030226,63.20199486049948,62.578875559743246,63.07341384887695,229200,0.0,0.0
2024-09-10 00:00:00-04:00,63.03384842694923,63.2811175658152,62.934942280613896,63.192100524902344,187800,0.0,0.0
2024-09-11 00:00:00-04:00,62.99428487684619,63.093194796864914,62.796472582864055,63.05363082885742,164600,0.0,0.0
2024-09-12 00:00:00-04:00,63.00417775536189,63.10308390235296,62.85581476184763,63.05363082885742,281500,0.0,0.0
2024-09-13 00:00:00-04:00,63.30089983514888,63.38002777099609,63.06351980063491,63.380027770996094,214100,0.0,0.0
2024-09-16 00:00:00-04:00,63.44926395828849,63.538277228160325,63.15253796660485,63.182212829589844,305500,0.0,0.0
2024-09-17 00:00:00-04:00,63.38002861635477,63.38002861635477,62.92505052522016,62.994285583496094,216600,0.0,0.0
2024-09-18 00:00:00-04:00,62.85581476184763,63.37013502686202,62.85581476184763,63.05363082885742,247600,0.0,0.0
2024-09-19 00:00:00-04:00,63.2910094061716,63.32067672195244,62.89537728126412,63.17231750488281,252100,0.0,0.0
2024-09-20 00:00:00-04:00,63.00417907596426,63.241555342929416,62.92505113829071,63.15253829956055,739700,0.0,0.0
2024-09-23 00:00:00-04:00,63.18221062970659,63.42947599245413,63.132757557157085,63.3602409362793,205000,0.0,0.0
2024-09-24 00:00:00-04:00,63.211882883030775,63.54816906480063,63.16242980957031,63.16242980957031,201200,0.0,0.0
2024-09-25 00:00:00-04:00,63.340462310414324,63.49871063232422,63.21188130420653,63.49871063232422,274200,0.0,0.0
2024-09-26 00:00:00-04:00,63.617402533297984,63.62729541155957,63.37013339914399,63.49871063232422,229800,0.0,0.0
2024-09-27 00:00:00-04:00,63.65696716308594,63.97347135625629,63.54816813924095,63.65696716308594,187800,0.0,0.0
2024-09-30 00:00:00-04:00,63.64707507723703,63.785545191844804,63.38002772650927,63.488826751708984,410300,0.0,0.0
2024-10-01 00:00:00-04:00,63.42947707135912,63.58773294305354,63.32067804608304,63.380027770996094,239600,0.0,0.0
2024-10-02 00:00:00-04:00,63.251445972702896,63.68663829535061,63.251445972702896,63.54816818237305,176900,0.0,0.0
2024-10-03 00:00:00-04:00,63.58773078080275,63.686636924220885,63.32067589291324,63.55805969238281,238300,0.0,0.0
2024-10-04 00:00:00-04:00,63.597626772704565,63.72620401083778,63.32067899309735,63.50860595703125,212200,0.0,0.0
2024-10-07 00:00:00-04:00,63.49871038395581,63.69653021813833,63.36024027305559,63.41958999633789,206500,0.0,0.0
2024-10-08 00:00:00-04:00,63.57784115007702,63.57784115007702,63.22177297874043,63.291011810302734,213600,0.0,0.0
2024-10-09 00:00:00-04:00,63.21188200527285,63.69653117372192,63.11297585972533,63.54816818237305,260700,0.0,0.0
2024-10-10 00:00:00-04:00,63.36024118058958,63.68663825212453,63.36024118058958,63.65696716308594,298100,0.0,0.0
2024-10-11 00:00:00-04:00,63.5481670627612,63.775657984962166,63.5481670627612,63.63718032836914,311000,0.0,0.0
2024-10-14 00:00:00-04:00,63.78554647313722,63.87456728920487,63.64707635574792,63.696533203125,243200,0.0,0.0
2024-10-15 00:00:00-04:00,63.82510836500811,63.963578477891694,63.62729607404734,63.65696716308594,237700,0.0,0.0
2024-10-16 00:00:00-04:00,63.74598250444664,63.87456728920487,63.627298144430355,63.696533203125,220300,0.0,0.0
2024-10-17 00:00:00-04:00,63.69653038330801,63.7756583171862,63.55806027204873,63.71630859375,162600,0.0,0.0
2024-10-18 00:00:00-04:00,63.716310336429395,63.795438272471785,63.587733099902,63.6767463684082,191900,0.0,0.0
2024-10-21 00:00:00-04:00,63.67674674275267,63.72620358958374,63.597626352300466,63.64707565307617,247300,0.0,0.0
2024-10-22 00:00:00-04:00,63.5976264434839,63.666861501513445,63.34046442249328,63.42947769165039,224200,0.0,0.0
2024-10-23 00:00:00-04:00,63.35035551888851,63.57783889770508,63.35035551888851,63.57783889770508,345700,0.0,0.0
2024-10-24 00:00:00-04:00,63.49871021783119,63.696530051496175,63.49871021783119,63.63718032836914,145000,0.0,0.0
2024-10-25 00:00:00-04:00,63.69653187906463,63.74598117935836,63.52839067516642,63.597625732421875,163500,0.0,0.0
2024-10-28 00:00:00-04:00,63.69653324987719,63.84489624606188,63.558063132386266,63.58773422241211,166200,0.0,0.0
2024-10-29 00:00:00-04:00,63.5679481830894,63.5679481830894,63.39980697631836,63.39980697631836,291000,0.0,0.0
2024-10-30 00:00:00-04:00,63.51849618211172,63.60750944801099,63.28111615396436,63.310791015625,336100,0.0,0.0
2024-10-31 00:00:00-04:00,63.340464555687575,63.449263582256414,63.182212455140444,63.211883544921875,234000,0.0,0.0
2024-11-01 00:00:00-04:00,63.11297701974831,63.597626197105285,63.10308414119516,63.35035705566406,207500,0.0,0.0
2024-11-04 00:00:00-05:00,63.251445065331275,63.44926112661614,63.172317131606306,63.310791015625,177400,0.0,0.0
2024-11-05 00:00:00-05:00,63.300900363424766,63.68663962132996,63.300900363424766,63.64707565307617,179100,0.0,0.0
2024-11-06 00:00:00-05:00,63.69652984660967,64.25041028697987,63.6272947915634,64.1811752319336,436000,0.0,0.0
2024-11-07 00:00:00-05:00,64.15150460002835,64.27019650069022,63.86467149963679,63.93390655517578,258900,0.0,0.0
2024-11-08 00:00:00-05:00,64.09216114321814,64.53724255621835,64.04270429908257,64.45811462402344,251800,0.0,0.0
2024-11-11 00:00:00-05:00,64.39877414572918,64.95265459358629,64.39877414572918,64.52735137939453,353000,0.0,0.0
2024-11-12 00:00:00-05:00,64.52735599554921,64.81418911829614,64.28008684277313,64.35921478271484,251500,0.0,0.0
2024-11-13 00:00:00-05:00,64.31964996592163,64.37899214706877,63.963581786927556,64.0130386352539,264100,0.0,0.0
2024-11-14 00:00:00-05:00,64.01303698407467,64.23063503740885,63.79543893074049,63.83500289916992,212300,0.0,0.0
2024-11-15 00:00:00-05:00,64.19000244140625,64.38999938964844,63.79999923706055,64.36000061035156,293800,0.705,0.0
2024-11-18 00:00:00-05:00,64.30000305175781,64.55000305175781,64.18000030517578,64.44999694824219,196800,0.0,0.0
2024-11-19 00:00:00-05:00,64.26000213623047,64.5999984741211,64.0,64.54000091552734,174000,0.0,0.0
2024-11-20 00:00:00-05:00,64.33000183105469,64.41000366210938,63.970001220703125,64.37000274658203,274400,0.0,0.0
2024-11-21 00:00:00-05:00,64.48999786376953,64.54000091552734,64.29000091552734,64.3499984741211,384100,0.0,0.0
2024-11-22 00:00:00-05:00,64.4000015258789,64.97000122070312,64.4000015258789,64.93000030517578,444700,0.0,0.0
2024-11-25 00:00:00-05:00,64.9000015258789,65.19000244140625,64.87000274658203,65.0,451300,0.0,0.0
2024-11-26 00:00:00-05:00,64.91000366210938,65.0,64.69999694824219,64.87000274658203,184100,0.0,0.0
2024-11-27 00:00:00-05:00,64.83000183105469,65.0,64.7300033569336,64.87999725341797,233600,0.0,0.0
2024-11-29 00:00:00-05:00,64.93000030517578,65.08999633789062,64.80000305175781,64.87999725341797,138800,0.0,0.0
2024-12-02 00:00:00-05:00,65.05999755859375,65.11000061035156,64.77999877929688,64.83999633789062,201600,0.0,0.0
2024-12-03 00:00:00-05:00,65.0,65.0,64.52999877929688,64.58999633789062,287500,0.0,0.0
2024-12-04 00:00:00-05:00,64.56999969482422,64.7699966430664,64.5199966430664,64.75,242100,0.0,0.0
2024-12-05 00:00:00-05:00,64.75,64.80000305175781,64.63999938964844,64.76000213623047,257300,0.0,0.0
2024-12-06 00:00:00-05:00,64.6500015258789,64.77999877929688,64.3499984741211,64.54000091552734,354500,0.0,0.0
2024-12-09 00:00:00-05:00,64.51000213623047,64.81999969482422,64.51000213623047,64.76000213623047,294200,0.0,0.0
2024-12-10 00:00:00-05:00,64.58999633789062,64.86499786376953,64.52999877929688,64.81999969482422,272056,0.0,0.0
