Date,Open,High,Low,Close,Volume,Dividends,Stock Splits
2022-01-03 00:00:00-05:00,35.853823983974294,37.91728485523426,35.853823983974294,37.76228332519531,1290300,0.0,0.0
2022-01-04 00:00:00-05:00,38.37260341153277,42.276706984470025,38.34354177954461,41.90857696533203,2579000,0.0,0.0
2022-01-05 00:00:00-05:00,42.567346425306795,43.03235114622052,39.49637659275289,39.66106414794922,1652300,0.0,0.0
2022-01-06 00:00:00-05:00,41.5404534099589,41.98608237593784,40.02918562188849,40.765445709228516,1261800,0.0,0.0
2022-01-07 00:00:00-05:00,41.01732982284393,41.065767120671325,39.94200481164255,39.95169448852539,1106300,0.0,0.0
2022-01-10 00:00:00-05:00,39.680436229637536,39.87418910310149,37.878540788821454,39.47699737548828,1802500,0.0,0.0
2022-01-11 00:00:00-05:00,40.25199687607108,40.910754292731845,38.004472876473606,40.57168960571289,2063900,0.0,0.0
2022-01-12 00:00:00-05:00,41.19170343556312,42.45109154616882,41.0367018788044,41.91827392578125,1947300,0.0,0.0
2022-01-13 00:00:00-05:00,41.68577254716295,43.43923077857159,41.34670777379638,41.40483474731445,2176700,0.0,0.0
2022-01-14 00:00:00-05:00,41.41451387103731,43.90422821044922,41.41451387103731,43.90422821044922,1429600,0.0,0.0
2022-01-18 00:00:00-05:00,44.89236784644998,46.00644405175296,42.412339297490654,42.56734085083008,3150400,0.0,0.0
2022-01-19 00:00:00-05:00,43.05171885787018,43.67172873350207,41.346701862585405,43.07109451293945,1527700,0.0,0.0
2022-01-20 00:00:00-05:00,41.86014731170705,44.291738642452145,41.37576698078095,41.55014419555664,1578800,0.0,0.0
2022-01-21 00:00:00-05:00,40.59106559030893,41.31763595031068,38.70198191519879,39.0313606262207,2097000,0.0,0.0
2022-01-24 00:00:00-05:00,37.78166476295982,40.91076117037743,36.328523810538286,40.59107208251953,1830000,0.0,0.0
2022-01-25 00:00:00-05:00,40.14543959452498,44.059233467375044,39.43824477073001,43.45860290527344,1391400,0.0,0.0
2022-01-26 00:00:00-05:00,44.20454421390068,45.638309361170286,42.63514948758835,43.390785217285156,2130700,0.0,0.0
2022-01-27 00:00:00-05:00,44.46612157856991,45.84176012154619,41.87952835693929,42.85797882080078,1494300,0.0,0.0
2022-01-28 00:00:00-05:00,43.20672226925277,43.894545119574154,41.986085511388346,43.83641815185547,1397400,0.0,0.0
2022-01-31 00:00:00-05:00,43.322976891800764,43.82673286676688,42.27671362944147,43.37141418457031,1315500,0.0,0.0
2022-02-01 00:00:00-05:00,43.400478304286054,45.66737847357008,42.50922024064164,44.388614654541016,1260800,0.0,0.0
2022-02-02 00:00:00-05:00,44.32079311021707,45.08611479620547,42.61577624720062,44.86330032348633,1414000,0.0,0.0
2022-02-03 00:00:00-05:00,44.07860911782948,45.06674541404425,43.13891011450661,44.17548370361328,1339600,0.0,0.0
2022-02-04 00:00:00-05:00,44.89236272896428,47.25613707181519,43.91391622795835,44.572669982910156,2313000,0.0,0.0
2022-02-07 00:00:00-05:00,43.78798895177701,44.44674659221174,42.3832850509815,43.10985565185547,1457900,0.0,0.0
2022-02-08 00:00:00-05:00,43.032345752957056,43.109848377827085,40.08731622293866,40.678260803222656,1656300,0.0,0.0
2022-02-09 00:00:00-05:00,40.7267030558751,41.86984104322433,40.678265757196705,41.724525451660156,972700,0.0,0.0
2022-02-10 00:00:00-05:00,41.162637106117785,43.855790233613185,40.95919458344674,41.49201583862305,1389600,0.0,0.0
2022-02-11 00:00:00-05:00,42.092645795695326,43.2939067842012,41.60826553037208,42.94515609741211,1490400,0.0,0.0
2022-02-14 00:00:00-05:00,42.70297788922005,43.90423921316867,41.676090109594334,43.10985565185547,2312100,0.0,0.0
2022-02-15 00:00:00-05:00,41.37576308377294,42.31546201983248,40.79450821961901,41.82139205932617,1491500,0.0,0.0
2022-02-16 00:00:00-05:00,42.89671307292523,44.43704239116721,42.19920803701443,42.45108413696289,1495300,0.0,0.0
2022-02-17 00:00:00-05:00,42.19921343592892,43.94298179209343,41.78264607863877,42.41233825683594,1276900,0.0,0.0
2022-02-18 00:00:00-05:00,41.588897571535234,43.72017187241516,41.35639337512719,43.293914794921875,1666200,0.0,0.0
2022-02-22 00:00:00-05:00,44.669561098507266,45.26050577804623,41.017332437472106,41.94734191894531,2355200,0.0,0.0
2022-02-23 00:00:00-05:00,44.14642244117353,46.50051111185339,41.724520820764496,42.373592376708984,4599700,0.0,0.0
2022-02-24 00:00:00-05:00,43.87517150313027,45.21205856304648,42.02483877665359,45.134559631347656,3534500,0.0,0.0
2022-02-25 00:00:00-05:00,44.9601778652594,45.77393689114534,42.9548437828134,44.25298309326172,2292200,0.0,0.0
2022-02-28 00:00:00-05:00,44.43705249453151,48.166783425337485,44.43705249453151,48.05052947998047,2412000,0.0,0.0
2022-03-01 00:00:00-05:00,48.42834485541023,50.598366567346694,48.021463474716846,49.23241424560547,2550000,0.0,0.0
2022-03-02 00:00:00-05:00,49.794301344852784,50.763062042647356,48.97085253441012,49.85242462158203,1887300,0.0,0.0
2022-03-03 00:00:00-05:00,48.873020738217036,50.43423907949174,48.02937667098071,49.726356506347656,1688900,0.05,0.0
2022-03-04 00:00:00-05:00,50.405151898323716,52.179709826004554,50.21121059542793,51.94697952270508,1659500,0.0,0.0
2022-03-07 00:00:00-05:00,51.53000590498034,55.757910680622835,50.97727560807615,52.42213439941406,2769500,0.0,0.0
2022-03-08 00:00:00-05:00,53.61487000616234,54.16760031970029,48.785750388391364,50.68636703491211,2343100,0.0,0.0
2022-03-09 00:00:00-05:00,48.86331891388936,51.44272797182429,48.087557486525895,51.132423400878906,2164000,0.0,0.0
2022-03-10 00:00:00-05:00,51.65607362913825,52.78092883868942,50.909401956547455,52.6160774230957,1362200,0.0,0.0
2022-03-11 00:00:00-05:00,51.617274084189624,53.16880061786425,51.21000072729045,51.656063079833984,1368200,0.0,0.0
2022-03-14 00:00:00-04:00,50.075451563661645,50.73484975784387,46.98210099030874,49.36756896972656,2001900,0.0,0.0
2022-03-15 00:00:00-04:00,46.54573302323569,50.03666152032936,46.54573302323569,48.9021110534668,1639600,0.0,0.0
2022-03-16 00:00:00-04:00,48.91180547147176,49.513023840984964,47.24391925369841,48.62089538574219,1519400,0.0,0.0
2022-03-17 00:00:00-04:00,50.05605240360664,51.539700051947044,49.93968911520893,51.08393859863281,1120600,0.0,0.0
2022-03-18 00:00:00-04:00,51.15182702396195,51.57849496034486,50.11424523618298,51.21001052856445,2224800,0.0,0.0
2022-03-21 00:00:00-04:00,52.170018099188,54.41003325091174,51.97607676888376,53.32396697998047,1119300,0.0,0.0
2022-03-22 00:00:00-04:00,52.79062439452105,53.285174943626636,50.79303879362797,52.363956451416016,1062600,0.0,0.0
2022-03-23 00:00:00-04:00,53.3336495378737,54.26456326019996,52.42213031381952,52.99425506591797,949800,0.0,0.0
2022-03-24 00:00:00-04:00,53.10092180124284,54.15789796340521,52.57728511930378,53.2851676940918,867700,0.0,0.0
2022-03-25 00:00:00-04:00,53.13971010354901,55.32154129693569,52.8488000175886,54.68153762817383,1960200,0.0,0.0
2022-03-28 00:00:00-04:00,53.33365708187239,53.80881310894311,52.65486434282399,53.6827507019043,1694500,0.0,0.0
2022-03-29 00:00:00-04:00,51.976072760368076,54.02214642398961,50.91909647580579,53.82820510864258,1592700,0.0,0.0
2022-03-30 00:00:00-04:00,51.48151627884137,52.965160220009075,50.53120808065167,52.34455108642578,5975100,0.0,0.0
2022-03-31 00:00:00-04:00,51.41364404215511,52.64516706941066,50.98697613235995,51.374855041503906,4953600,0.0,0.0
2022-04-01 00:00:00-04:00,51.394247263950035,54.468203296422566,51.229399567172784,54.07062530517578,24424100,0.0,0.0
2022-04-04 00:00:00-04:00,55.273054088245736,55.94214762184049,51.142122199790634,53.333648681640625,3133600,0.0,0.0
2022-04-05 00:00:00-04:00,53.333646492642096,54.3906225438248,51.44272555898764,51.462120056152344,2175000,0.0,0.0
2022-04-06 00:00:00-04:00,52.23789380170071,52.58698743498388,50.57970274272861,51.626983642578125,1623500,0.0,0.0
2022-04-07 00:00:00-04:00,52.160316827194016,53.09123066894216,50.96758277386868,52.024559020996094,1776400,0.0,0.0
2022-04-08 00:00:00-04:00,51.48151912110554,54.12880718345824,51.37485122679642,53.876686096191406,1693800,0.0,0.0
2022-04-11 00:00:00-04:00,53.139718050519804,53.323963968508984,51.59789029531679,52.98456573486328,1588300,0.0,0.0
2022-04-12 00:00:00-04:00,54.13850622486716,56.34942730774977,53.905775937611004,54.31304931640625,2207400,0.0,0.0
2022-04-13 00:00:00-04:00,55.59306741752238,56.33973537360239,54.17729841331898,55.457305908203125,1618500,0.0,0.0
2022-04-14 00:00:00-04:00,55.05003132607898,56.36882779603923,54.88517991777255,55.49609375,1636700,0.0,0.0
2022-04-18 00:00:00-04:00,56.03912084975152,57.2221556479596,55.176086024304524,56.94094467163086,2413800,0.0,0.0
2022-04-19 00:00:00-04:00,56.21367568138572,57.32883174502944,55.71912515388574,55.86458206176758,1608100,0.0,0.0
2022-04-20 00:00:00-04:00,56.59185520208818,57.144585494366574,55.80639461347663,56.36882400512695,1192000,0.0,0.0
2022-04-21 00:00:00-04:00,56.72761294905651,57.47428453775076,52.557891711429,53.062137603759766,1868200,0.0,0.0
2022-04-22 00:00:00-04:00,52.96516658549853,53.77971709600193,50.51181965347685,50.70576095581055,1806300,0.0,0.0
2022-04-25 00:00:00-04:00,49.2415035186344,49.81362827814692,46.01239534649395,49.53241729736328,2911100,0.0,0.0
2022-04-26 00:00:00-04:00,50.017273663054766,50.9869764914277,48.89241483098434,49.05726623535156,1823500,0.0,0.0
2022-04-27 00:00:00-04:00,50.249993907196284,51.11302872330241,47.67058485831989,48.446346282958984,1989000,0.0,0.0
2022-04-28 00:00:00-04:00,48.86332470846368,49.862117433443224,46.36149334614057,48.94090270996094,1707700,0.0,0.0
2022-04-29 00:00:00-04:00,49.07666177922911,49.493634300224514,46.380889042757005,47.34089279174805,1833200,0.0,0.0
2022-05-02 00:00:00-04:00,46.361491805115925,47.87422579280304,45.36269541421299,47.80634689331055,1717900,0.0,0.0
2022-05-03 00:00:00-04:00,47.89362148794658,51.326370344201585,47.6027113829859,50.637882232666016,1587100,0.0,0.0
2022-05-04 00:00:00-04:00,52.034250586390556,53.01364875828651,49.71666155366742,52.89728546142578,1684100,0.0,0.0
2022-05-05 00:00:00-04:00,53.81850975792716,53.84759966056346,49.79424133241497,50.841522216796875,1391700,0.0,0.0
2022-05-06 00:00:00-04:00,51.200310661654456,51.74334559911195,49.18333062089766,50.86091613769531,1703600,0.0,0.0
2022-05-09 00:00:00-04:00,49.23181456757852,49.23181456757852,44.392995676281544,44.77117919921875,2520300,0.0,0.0
2022-05-10 00:00:00-04:00,44.70329647934418,46.943311222856366,43.112984519083426,45.02330017089844,1680200,0.0,0.0
2022-05-11 00:00:00-04:00,46.20633918713491,48.746959448203526,44.121476719635,44.19905471801758,1943100,0.0,0.0
2022-05-12 00:00:00-04:00,43.57844637381042,45.314215427884655,42.39541136805907,44.29602813720703,1699100,0.0,0.0
2022-05-13 00:00:00-04:00,45.65360761762335,47.84513422286887,45.605119520430264,46.92391586303711,1820800,0.0,0.0
2022-05-16 00:00:00-04:00,47.505746091245285,49.17363254251744,46.97240654376572,47.903324127197266,1430000,0.0,0.0
2022-05-17 00:00:00-04:00,48.91283099769397,49.48553546488382,48.01980231142941,49.15550231933594,1203000,0.05,0.0
2022-05-18 00:00:00-04:00,49.57290430968001,49.59231846250541,46.98117600486154,47.777137756347656,1486400,0.0,0.0
2022-05-19 00:00:00-04:00,46.408464970530765,49.631139831726166,46.30168899634957,48.456607818603516,1205600,0.0,0.0
2022-05-20 00:00:00-04:00,49.00990110188242,49.94175807601218,47.485921815423566,48.9128303527832,1247400,0.0,0.0
2022-05-23 00:00:00-04:00,49.3302269819028,50.98039274358721,48.05862789730793,50.912445068359375,1341100,0.0,0.0
2022-05-24 00:00:00-04:00,50.30091725569387,52.12580684899361,49.69909334301505,51.650169372558594,1466900,0.0,0.0
2022-05-25 00:00:00-04:00,52.203453538567224,54.24189486254539,51.81518164557413,54.096290588378906,1116900,0.0,0.0
2022-05-26 00:00:00-04:00,55.037853653383785,57.581047936360726,54.71752574794206,56.425933837890625,1835100,0.0,0.0
2022-05-27 00:00:00-04:00,56.45505639401076,60.09512623639334,55.74645657570475,60.046592712402344,1975800,0.0,0.0
2022-05-31 00:00:00-04:00,61.230824891310625,62.376233736596056,58.260526812420736,59.11473083496094,2212000,0.0,0.0
2022-06-01 00:00:00-04:00,60.24072874263494,62.02678977430869,59.47388649633107,61.405548095703125,1360300,0.0,0.0
2022-06-02 00:00:00-04:00,60.54164428999102,61.99767231612846,60.00776808764811,60.74549102783203,1474900,0.0,0.0
2022-06-03 00:00:00-04:00,60.85225712459125,61.958841422459564,59.93010909733988,60.910499572753906,1287500,0.0,0.0
2022-06-06 00:00:00-04:00,61.70645848390311,62.52183791102958,60.133949481005416,61.84235382080078,1236900,0.0,0.0
2022-06-07 00:00:00-04:00,61.54144876450595,64.79324299943421,61.54144876450595,64.60881042480469,1499700,0.0,0.0
2022-06-08 00:00:00-04:00,65.50183371376707,65.79303479991094,63.17218799591821,64.24964904785156,1598800,0.0,0.0
2022-06-09 00:00:00-04:00,63.2789769831897,65.37565337710141,62.90041030920924,64.22054290771484,1072700,0.0,0.0
2022-06-10 00:00:00-04:00,63.57988418946957,65.71538878773559,62.05590863566153,63.31780242919922,1644000,0.0,0.0
2022-06-13 00:00:00-04:00,60.55134893234357,60.6484159794024,56.68802195404859,58.8526496887207,1656800,0.0,0.0
2022-06-14 00:00:00-04:00,60.260145407349135,61.667636134863535,58.24111819907016,59.590370178222656,1484900,0.0,0.0
2022-06-15 00:00:00-04:00,59.250624963512024,60.0562917467696,56.833617207999,58.309059143066406,1322000,0.0,0.0
2022-06-16 00:00:00-04:00,56.32886308496928,57.09570531043588,53.727426355113955,54.39720153808594,1861100,0.0,0.0
2022-06-17 00:00:00-04:00,54.55251145581266,54.79518276682351,48.980776525740644,49.6990852355957,4289200,0.0,0.0
2022-06-21 00:00:00-04:00,50.79595920879779,52.455830042022335,50.34944119456953,52.06755447387695,1430500,0.0,0.0
2022-06-22 00:00:00-04:00,48.835179816544105,49.83498451192795,47.23354755627057,47.29179000854492,1611800,0.0,0.0
2022-06-23 00:00:00-04:00,47.80625222159276,48.11687122913792,44.554457866348415,45.263057708740234,2096000,0.0,0.0
2022-06-24 00:00:00-04:00,46.16579208426257,48.107162595247814,45.4377781426431,45.63191223144531,3496700,0.0,0.0
2022-06-27 00:00:00-04:00,46.59289752812258,48.6507494654775,45.99107363852149,47.95185852050781,2101500,0.0,0.0
2022-06-28 00:00:00-04:00,49.26227997305559,49.9805887388716,47.85478551896559,49.825279235839844,1566500,0.0,0.0
2022-06-29 00:00:00-04:00,50.73772938192212,51.04834843254578,47.26267366162206,47.49563980102539,1458000,0.0,0.0
2022-06-30 00:00:00-04:00,45.90370835029079,47.437389186255736,44.70976588539926,45.22422790527344,1495700,0.0,0.0
2022-07-01 00:00:00-04:00,45.57367666081889,45.864881517179235,43.535235260555204,45.389244079589844,1358800,0.0,0.0
2022-07-05 00:00:00-04:00,44.0108737120198,44.04970201452784,41.166765353543965,42.525726318359375,1885900,0.0,0.0
2022-07-06 00:00:00-04:00,42.32187195372131,43.29255712424584,40.56493416490876,42.65190505981445,2019700,0.0,0.0
2022-07-07 00:00:00-04:00,44.5738668436298,46.04930893222365,44.28266199652311,45.47660446166992,1133700,0.0,0.0
2022-07-08 00:00:00-04:00,46.36963838597871,46.60260079020226,44.564163090328286,45.263057708740234,1165900,0.0,0.0
2022-07-11 00:00:00-04:00,44.282660931969126,44.768003566436164,42.554842338185,44.54474639892578,1365000,0.0,0.0
2022-07-12 00:00:00-04:00,42.62278926399671,43.72936985873415,42.10832726539396,42.59366989135742,1133300,0.0,0.0
2022-07-13 00:00:00-04:00,41.80741533809707,43.81673360149261,41.38031514154831,43.19549560546875,1184100,0.0,0.0
2022-07-14 00:00:00-04:00,41.19588750019876,42.380124886261285,39.96311658417174,42.224815368652344,1173300,0.0,0.0
2022-07-15 00:00:00-04:00,43.331387235415995,43.399334903970235,41.78799760149649,42.62278747558594,1354000,0.0,0.0
2022-07-18 00:00:00-04:00,43.933208666053766,45.70956428435999,43.506108529136924,44.437965393066406,1269900,0.0,0.0
2022-07-19 00:00:00-04:00,44.137071437692896,46.602609825227084,44.00117605840416,46.50554275512695,884500,0.0,0.0
2022-07-20 00:00:00-04:00,46.10755235353788,48.660455762758595,45.806638573565586,48.563385009765625,1003500,0.0,0.0
2022-07-21 00:00:00-04:00,46.75789913533426,47.524741247212596,45.43777051974761,47.4762077331543,1027500,0.0,0.0
2022-07-22 00:00:00-04:00,47.495631853489606,48.37895532518076,45.80663780833381,46.359928131103516,1053800,0.0,0.0
2022-07-25 00:00:00-04:00,47.72859782901358,50.15531125215735,47.068535184559636,49.84469223022461,1276800,0.0,0.0
2022-07-26 00:00:00-04:00,50.41738878635803,50.73771668501798,48.33041779366563,49.78644561767578,2085000,0.0,0.0
2022-07-27 00:00:00-04:00,49.98057753694635,54.58162284734432,49.98057753694635,54.076866149902344,3037000,0.0,0.0
2022-07-28 00:00:00-04:00,55.40671074625219,55.93087791881225,52.92175540200106,54.911659240722656,1456700,0.0,0.0
2022-07-29 00:00:00-04:00,56.629778162834874,56.862744254277025,55.17375027421506,56.0861930847168,1352300,0.0,0.0
2022-08-01 00:00:00-04:00,54.75635887051186,55.67851066706357,53.28091673660325,55.20287322998047,1138900,0.0,0.0
2022-08-02 00:00:00-04:00,55.22229129270551,56.09590962561426,54.35838188731292,55.455257415771484,1009100,0.0,0.0
2022-08-03 00:00:00-04:00,56.18326317121184,56.21238254372305,52.56260764179432,53.56241226196289,1058900,0.0,0.0
2022-08-04 00:00:00-04:00,53.01882626370558,53.669187293763144,50.145598869540045,50.407684326171875,1169800,0.0,0.0
2022-08-05 00:00:00-04:00,49.456410716596224,52.99940940581589,49.35933997676617,52.16462326049805,656900,0.0,0.0
2022-08-08 00:00:00-04:00,51.98019396611418,53.212964667741424,51.47543719595316,52.55289840698242,773000,0.0,0.0
2022-08-09 00:00:00-04:00,53.52358330622661,54.16423541369999,52.62084574075909,53.319740295410156,896400,0.0,0.0
2022-08-10 00:00:00-04:00,53.669185036442734,55.83381256550203,52.47524269725058,55.5814323425293,1456200,0.0,0.0
2022-08-11 00:00:00-04:00,57.2413078418786,59.03707399368585,56.94039409467443,58.48378372192383,1473400,0.0,0.0
2022-08-12 00:00:00-04:00,58.202287435148904,59.143853324439064,56.74625954179072,58.99824905395508,743300,0.0,0.0
2022-08-15 00:00:00-04:00,55.99882461327891,57.31895700131766,54.843710625179995,56.95980453491211,947300,0.0,0.0
2022-08-16 00:00:00-04:00,57.475156273054324,58.40860402863415,55.09291679978341,55.35544967651367,968600,0.1,0.0
2022-08-17 00:00:00-04:00,55.31655229168686,56.76534393601595,54.68453202862111,56.25,853000,0.0,0.0
2022-08-18 00:00:00-04:00,56.95981620612718,59.050350017062975,56.95981620612718,58.894775390625,1052000,0.0,0.0
2022-08-19 00:00:00-04:00,58.38915585158006,58.904499805878835,57.43626081855565,57.94187927246094,1042400,0.0,0.0
2022-08-22 00:00:00-04:00,56.677832950754556,57.9321553945393,55.09291398013952,57.81547164916992,777300,0.0,0.0
2022-08-23 00:00:00-04:00,59.060070743777445,61.65622280808616,58.972559791655165,59.72126007080078,1262800,0.0,0.0
2022-08-24 00:00:00-04:00,60.051854354492676,61.14088032020301,59.507345080828756,60.9464111328125,1428300,0.0,0.0
2022-08-25 00:00:00-04:00,61.56871153052293,61.967371708263556,60.187987303437836,60.99502944946289,705400,0.0,0.0
2022-08-26 00:00:00-04:00,60.58664984552109,60.86862629259174,59.205921855362895,59.808773040771484,880900,0.0,0.0
2022-08-29 00:00:00-04:00,59.30315963675982,62.07433376078018,58.70030472867798,60.956138610839844,1121000,0.0,0.0
2022-08-30 00:00:00-04:00,59.4198341422269,59.4198341422269,56.833403964302754,57.89325714111328,850100,0.0,0.0
2022-08-31 00:00:00-04:00,56.18193274813291,58.57389744805079,54.93733588320677,57.951595306396484,1047400,0.0,0.0
2022-09-01 00:00:00-04:00,56.82368176920112,57.09594013110331,55.18042464375334,55.95829772949219,1064500,0.0,0.0
2022-09-02 00:00:00-04:00,58.30164345543817,58.51555994851757,56.055535114870466,56.755619049072266,1248800,0.0,0.0
2022-09-06 00:00:00-04:00,57.42653246703076,57.718234389254775,55.433227961919094,55.763824462890625,1093200,0.0,0.0
2022-09-07 00:00:00-04:00,54.02333507842941,54.78176082308711,52.7592872250783,54.49005889892578,1156300,0.0,0.0
2022-09-08 00:00:00-04:00,54.908174513416796,55.04430185098395,53.74136293411129,54.93734359741211,817100,0.0,0.0
2022-09-09 00:00:00-04:00,56.15277349162147,57.16401047587577,55.41379490109218,56.707008361816406,1013900,0.0,0.0
2022-09-12 00:00:00-04:00,57.79602435827503,58.84615581145057,57.00842947758484,57.81547164916992,949300,0.0,0.0
2022-09-13 00:00:00-04:00,56.6972865698796,58.04884190980031,56.41530638421779,56.707008361816406,927600,0.0,0.0
2022-09-14 00:00:00-04:00,57.786299342224,60.829731577371334,57.75713026210539,59.828216552734375,1688300,0.0,0.0
2022-09-15 00:00:00-04:00,57.93216018654725,58.67113875572245,56.69728493151151,56.95009231567383,1027100,0.0,0.0
2022-09-16 00:00:00-04:00,57.339030739361185,57.387647116017334,53.45938305145526,55.22904586791992,2629100,0.0,0.0
2022-09-19 00:00:00-04:00,52.90514774427616,55.19987631103556,52.68150944621967,54.781768798828125,986200,0.0,0.0
2022-09-20 00:00:00-04:00,54.597022087312006,54.597022087312006,52.93431392135909,53.85803985595703,1006500,0.0,0.0
2022-09-21 00:00:00-04:00,55.25820994122599,55.656870101602564,52.86624526977539,52.86624526977539,1309800,0.0,0.0
2022-09-22 00:00:00-04:00,54.023337993037444,54.655358244619855,52.10782252935528,52.22450256347656,916700,0.0,0.0
2022-09-23 00:00:00-04:00,49.38525970880668,49.492217940986556,47.29472255944821,48.02397918701172,1966700,0.0,0.0
2022-09-26 00:00:00-04:00,47.38224035310541,47.49892039181035,44.144342387404535,44.1540641784668,1766700,0.0,0.0
2022-09-27 00:00:00-04:00,45.21392549893511,45.55424388460505,43.93043371699105,44.426326751708984,1253200,0.0,0.0
2022-09-28 00:00:00-04:00,44.844419280698986,47.68366031035157,44.28046275793497,47.557254791259766,1893000,0.0,0.0
2022-09-29 00:00:00-04:00,47.13915708878056,47.83924477374988,45.81677088792371,47.800350189208984,1822300,0.0,0.0
2022-09-30 00:00:00-04:00,47.14887850387382,48.76296653053683,46.86689835417457,47.56698226928711,1865000,0.0,0.0
2022-10-03 00:00:00-04:00,50.260372699941904,52.798186724095565,50.02701262254361,52.33146286010742,1562900,0.0,0.0
2022-10-04 00:00:00-04:00,54.130294938775734,55.92913044847421,53.39131641083112,55.87078857421875,1310300,0.0,0.0
2022-10-05 00:00:00-04:00,55.93885331805681,58.79754215543146,55.44296035949538,58.4474983215332,1471600,0.0,0.0
2022-10-06 00:00:00-04:00,58.000220647337635,61.44230962783838,58.000220647337635,60.820011138916016,1581300,0.0,0.0
2022-10-07 00:00:00-04:00,60.771392457746,62.53132960943981,59.90600842261833,60.460243225097656,1405500,0.0,0.0
2022-10-10 00:00:00-04:00,60.7519520013169,61.977105488235296,59.20592745490493,59.74071502685547,1041900,0.0,0.0
2022-10-11 00:00:00-04:00,58.46694557843668,59.98379724550175,57.329303118946235,58.42805099487305,1166700,0.0,0.0
2022-10-12 00:00:00-04:00,58.04883418339085,60.36300982147693,57.416810225057525,59.935176849365234,1449200,0.0,0.0
2022-10-13 00:00:00-04:00,58.641969277554395,62.093783926115165,58.14607259502573,61.74374008178711,1376700,0.0,0.0
2022-10-14 00:00:00-04:00,60.62553900430105,61.45203215868166,58.20440883100614,58.38915252685547,950500,0.0,0.0
2022-10-17 00:00:00-04:00,59.925459253697845,61.17977804914526,59.2739879592824,60.265777587890625,1401900,0.0,0.0
2022-10-18 00:00:00-04:00,60.66443391865549,61.7048398557393,59.46845336600377,60.18798828125,1389700,0.0,0.0
2022-10-19 00:00:00-04:00,60.18798284132493,63.727307807496366,59.95461908446929,63.40643310546875,1611400,0.0,0.0
2022-10-20 00:00:00-04:00,64.11625120600048,64.6510349997034,62.0937775182364,62.81330871582031,1027600,0.0,0.0
2022-10-21 00:00:00-04:00,63.445335818590856,65.50670418936836,62.541057172257226,65.45808410644531,1482500,0.0,0.0
2022-10-24 00:00:00-04:00,65.39974330445844,66.4693183201878,64.29127370763565,64.86495208740234,1175600,0.0,0.0
2022-10-25 00:00:00-04:00,64.79690666167798,66.45961152486771,64.2037771152414,65.9248275756836,1176300,0.0,0.0
2022-10-26 00:00:00-04:00,65.63310315268441,68.79321552670255,65.59420857172132,66.25540161132812,2129000,0.0,0.0
2022-10-27 00:00:00-04:00,67.66530443554129,68.0639683826065,64.07736600387346,64.21349334716797,1508900,0.0,0.0
2022-10-28 00:00:00-04:00,65.2830527639145,65.57475838255144,61.977091608209136,64.09679412841797,1006500,0.0,0.0
2022-10-31 00:00:00-04:00,63.63980214609794,65.74006512701439,63.396716565068715,64.61214447021484,919500,0.0,0.0
2022-11-01 00:00:00-04:00,66.15816923370122,67.19857517046884,65.42891252797486,66.5665512084961,1512700,0.0,0.0
2022-11-02 00:00:00-04:00,65.8372914052837,68.05423049944893,65.06914015451899,65.50669860839844,1412900,0.0,0.0
2022-11-03 00:00:00-04:00,64.56352493576343,67.52916425775905,64.21348114285381,66.58599853515625,1012800,0.0,0.0
2022-11-04 00:00:00-04:00,68.18064730965298,70.699010400499,66.98466297160522,68.6765365600586,1547400,0.0,0.0
2022-11-07 00:00:00-05:00,69.40578528088736,71.73940810224404,69.14325614448661,71.34075164794922,1432100,0.0,0.0
2022-11-08 00:00:00-05:00,70.98099238717928,71.39909989934594,68.744601988449,70.27117919921875,1009400,0.0,0.0
2022-11-09 00:00:00-05:00,68.39195554309954,68.39195554309954,63.601404485634276,63.747459411621094,1365600,0.1,0.0
2022-11-10 00:00:00-05:00,66.08431498485355,67.42800394142573,64.65299010249295,66.53221130371094,1227800,0.0,0.0
2022-11-11 00:00:00-05:00,68.33353696737107,69.94985785329223,67.85643113961065,68.4211654663086,1100200,0.0,0.0
2022-11-14 00:00:00-05:00,67.96354089640406,69.7940747736455,67.44747913913244,67.46695709228516,763100,0.0,0.0
2022-11-15 00:00:00-05:00,68.14853382317608,69.9206486188118,67.12616418838367,69.424072265625,880200,0.0,0.0
2022-11-16 00:00:00-05:00,68.08037741613182,68.62564866257998,66.69773991893935,67.26248168945312,768600,0.0,0.0
2022-11-17 00:00:00-05:00,66.01616714867713,67.0385369154626,64.90616144264537,66.96063995361328,657200,0.0,0.0
2022-11-18 00:00:00-05:00,65.5974658758479,66.02588421471985,62.55955188805532,65.89930725097656,879100,0.0,0.0
2022-11-21 00:00:00-05:00,64.03954681164512,64.79903076287385,60.62189874575735,64.40955352783203,1279600,0.0,0.0
2022-11-22 00:00:00-05:00,65.91878308151944,67.1845825355379,65.07167788215423,67.11642456054688,586500,0.0,0.0
2022-11-23 00:00:00-05:00,65.76300164877756,66.14274002835724,64.21483120008428,64.98404693603516,556700,0.0,0.0
2022-11-25 00:00:00-05:00,65.77272746788604,66.43483661266487,64.72114104465005,64.78929901123047,237100,0.0,0.0
2022-11-28 00:00:00-05:00,62.432971865788005,63.56244779486962,61.24506951666583,62.78350067138672,798800,0.0,0.0
2022-11-29 00:00:00-05:00,64.28299375853918,64.67247114264899,62.80298861331777,63.922733306884766,576600,0.0,0.0
2022-11-30 00:00:00-05:00,65.13009850275738,65.33457243282157,62.96850634398974,64.61404418945312,929700,0.0,0.0
2022-12-01 00:00:00-05:00,65.24694411289761,65.78246895159754,63.70851271634997,63.932464599609375,768900,0.0,0.0
2022-12-02 00:00:00-05:00,63.64034500168219,64.58482498578768,63.211919253347034,64.10771179199219,920900,0.0,0.0
2022-12-05 00:00:00-05:00,65.50009440837091,65.62667880740024,58.93742875622946,59.842960357666016,1040000,0.0,0.0
2022-12-06 00:00:00-05:00,59.57032949605749,60.9724411704451,57.00952483078923,57.73005676269531,1117700,0.0,0.0
2022-12-07 00:00:00-05:00,57.98321725128667,59.2003292998625,56.86347639519562,57.476898193359375,651200,0.0,0.0
2022-12-08 00:00:00-05:00,58.888748847854856,59.44375164424899,55.2179384676646,55.471099853515625,990300,0.0,0.0
2022-12-09 00:00:00-05:00,55.50030727376277,56.0358358116083,53.260821933652586,53.29003143310547,1105900,0.0,0.0
2022-12-12 00:00:00-05:00,53.79635125965347,55.55873080097508,53.358190189785546,55.24715042114258,1107200,0.0,0.0
2022-12-13 00:00:00-05:00,57.09715709395575,57.4768954406317,55.5684647313043,56.37662887573242,1062100,0.0,0.0
2022-12-14 00:00:00-05:00,56.84400185189247,57.622952815937914,55.62688980984297,56.162418365478516,1123600,0.0,0.0
2022-12-15 00:00:00-05:00,55.266616614325095,56.01635800527816,54.088453163254925,55.28609085083008,1086500,0.0,0.0
2022-12-16 00:00:00-05:00,53.74767057792009,54.65320226902674,52.296871333936224,53.630828857421875,2428900,0.0,0.0
2022-12-19 00:00:00-05:00,54.78951634699356,55.03293875636478,52.267660037334494,53.114768981933594,1078300,0.0,0.0
2022-12-20 00:00:00-05:00,52.79345014602793,54.662932354264676,52.69607895955874,54.07872009277344,761300,0.0,0.0
2022-12-21 00:00:00-05:00,55.70478283151624,56.23057612306752,54.565567747486305,55.84109878540039,811800,0.0,0.0
2022-12-22 00:00:00-05:00,55.54898617350902,55.880040757692555,51.97554743082955,53.367923736572266,898900,0.0,0.0
2022-12-23 00:00:00-05:00,54.059243907965886,55.90925181226125,53.932663227281566,55.6074104309082,797100,0.0,0.0
2022-12-27 00:00:00-05:00,56.065051877690024,56.22084207324963,55.1205717277986,56.07478713989258,779500,0.0,0.0
2022-12-28 00:00:00-05:00,55.8605767383199,55.8605767383199,53.630830160612476,53.84503936767578,826500,0.0,0.0
2022-12-29 00:00:00-05:00,53.38740893614612,55.948210216105984,53.114773289793106,55.743736267089844,768000,0.0,0.0
2022-12-30 00:00:00-05:00,55.36399044762505,56.1429413734656,54.88688091623653,55.73399353027344,1414400,0.0,0.0
2023-01-03 00:00:00-05:00,55.169258899582275,55.4126813274333,51.35239701375736,51.76134490966797,1275300,0.0,0.0
2023-01-04 00:00:00-05:00,50.72922577064194,52.92976630746971,50.37870064092383,52.36502456665039,930000,0.0,0.0
2023-01-05 00:00:00-05:00,52.16054787785274,52.96871197145113,51.3718580205938,51.93659973144531,658000,0.0,0.0
2023-01-06 00:00:00-05:00,53.09529178809851,53.69898200405526,52.355289339105404,53.377662658691406,584600,0.0,0.0
2023-01-09 00:00:00-05:00,54.6824094233909,55.88004722150157,54.6824094233909,54.838199615478516,641400,0.0,0.0
2023-01-10 00:00:00-05:00,54.93557219328133,55.89952664992677,54.02030519407784,55.39320755004883,640000,0.0,0.0
2023-01-11 00:00:00-05:00,56.29873312040635,56.90241964038815,55.12056958024362,56.26952362060547,695500,0.0,0.0
2023-01-12 00:00:00-05:00,57.145840728146744,59.08348464750877,56.9608410431146,58.41164016723633,1076500,0.0,0.0
2023-01-13 00:00:00-05:00,58.47006282906368,58.65506624001864,57.661902349779844,58.42137908935547,804100,0.0,0.0
2023-01-17 00:00:00-05:00,58.664798035415046,59.19059130758684,57.96374033918598,58.39216613769531,610500,0.0,0.0
2023-01-18 00:00:00-05:00,59.13216384346385,60.612172353065624,57.42820719096803,57.44768142700195,998800,0.0,0.0
2023-01-19 00:00:00-05:00,56.88294191574422,59.17111459439006,56.62004900498825,58.947166442871094,791200,0.0,0.0
2023-01-20 00:00:00-05:00,59.53138146184562,60.105858473571,58.29479522595095,60.04743576049805,641200,0.0,0.0
2023-01-23 00:00:00-05:00,60.6608609287561,61.887711896522156,60.28112258160552,60.75823211669922,766200,0.0,0.0
2023-01-24 00:00:00-05:00,60.884808960636974,62.296659611009545,60.12533226794361,61.78060531616211,1741900,0.0,0.0
2023-01-25 00:00:00-05:00,62.12140891200588,64.37063370218658,61.49824803013725,64.24405670166016,1523600,0.0,0.0
2023-01-26 00:00:00-05:00,65.09115408788217,67.10669144275334,64.47773225941278,66.93142700195312,1458400,0.0,0.0
2023-01-27 00:00:00-05:00,67.09695307227382,67.58379786625522,65.11062542139028,65.50983428955078,1591100,0.0,0.0
2023-01-30 00:00:00-05:00,64.20509592325213,64.66273123326147,62.43298111190808,62.627716064453125,975200,0.0,0.0
2023-01-31 00:00:00-05:00,62.69586923851078,64.57509035841406,62.462185827623294,64.41930389404297,857800,0.0,0.0
2023-02-01 00:00:00-05:00,63.65008465298348,64.55561617607698,60.95296060489732,62.686126708984375,1269700,0.0,0.0
2023-02-02 00:00:00-05:00,62.705610463056956,62.861396933015655,58.898484352292634,59.813751220703125,1344100,0.0,0.0
2023-02-03 00:00:00-05:00,59.54112627965792,62.617981850094274,59.25875537693075,60.53428649902344,1149700,0.0,0.0
2023-02-06 00:00:00-05:00,60.37848756034718,61.01138725566709,58.47005692749181,58.947166442871094,894400,0.0,0.0
2023-02-07 00:00:00-05:00,59.63848610702971,62.30639716065388,59.1224318239956,62.23823547363281,986800,0.0,0.0
2023-02-08 00:00:00-05:00,61.64428871806688,62.452449138946996,61.128230714326534,61.498233795166016,666900,0.0,0.0
2023-02-09 00:00:00-05:00,61.770867176455155,61.770867176455155,59.132169239523,59.34638214111328,1041700,0.0,0.0
2023-02-10 00:00:00-05:00,60.446648062128034,63.338507167101945,60.08638026017902,63.12429428100586,961800,0.0,0.0
2023-02-13 00:00:00-05:00,62.64719451271547,63.44562723366871,61.85850819788329,62.9295654296875,658100,0.0,0.0
2023-02-14 00:00:00-05:00,62.29666405194242,63.97140774276449,62.04350637444149,63.73772430419922,804900,0.0,0.0
2023-02-15 00:00:00-05:00,62.033766863287966,62.60824762111147,60.31033573281123,62.111663818359375,978400,0.0,0.0
2023-02-16 00:00:00-05:00,61.74165716061563,62.549817594194664,60.35901971657373,60.39796447753906,779300,0.0,0.0
2023-02-17 00:00:00-05:00,59.49243993661465,59.49243993661465,56.6882162394708,57.437957763671875,1634500,0.0,0.0
2023-02-21 00:00:00-05:00,56.931629923054636,58.0221611933311,56.347413956801205,56.52267837524414,1396100,0.0,0.0
2023-02-22 00:00:00-05:00,53.056347193726474,53.056347193726474,49.51211397942725,51.001861572265625,5253100,0.0,0.0
2023-02-23 00:00:00-05:00,51.61528342512536,53.066082545538386,50.972648445624195,52.676605224609375,1942100,0.0,0.0
2023-02-24 00:00:00-05:00,52.002893466259636,53.76041073793515,51.27059584461427,53.75064468383789,1789500,0.15,0.0
2023-02-27 00:00:00-05:00,53.94592134952763,55.00043164519138,53.145276298964305,54.13143539428711,1160300,0.0,0.0
2023-02-28 00:00:00-05:00,55.30311920086509,55.34217597034586,52.47157045736307,52.520389556884766,1552200,0.0,0.0
2023-03-01 00:00:00-05:00,52.25675586593128,54.21931174561935,52.25675586593128,54.04356002807617,1032100,0.0,0.0
2023-03-02 00:00:00-05:00,53.653002426765255,55.771781597065505,53.0573998103301,55.3128776550293,1063300,0.0,0.0
2023-03-03 00:00:00-05:00,54.21931131036868,57.52929575643057,53.701822215455785,56.46502685546875,1523800,0.0,0.0
2023-03-06 00:00:00-05:00,55.75225640503798,55.859660650167875,54.531760391576924,55.79131317138672,1831200,0.0,0.0
2023-03-07 00:00:00-05:00,55.35193619225571,55.76202480686809,53.916635352758384,54.346248626708984,958900,0.0,0.0
2023-03-08 00:00:00-05:00,53.945921155481095,54.73680387438405,51.749028438742045,52.73518753051758,1127100,0.0,0.0
2023-03-09 00:00:00-05:00,53.194099976246626,54.31695784435313,51.387767292414495,51.475643157958984,1077100,0.0,0.0
2023-03-10 00:00:00-05:00,51.251062997581734,52.0028851579897,49.454492970522125,49.79623031616211,1021600,0.0,0.0
2023-03-13 00:00:00-04:00,48.17541750605417,50.137973404450356,47.33571567526739,47.73603820800781,1916500,0.0,0.0
2023-03-14 00:00:00-04:00,48.243768467162454,49.161580170187065,45.89065219508183,47.27713394165039,1606000,0.0,0.0
2023-03-15 00:00:00-04:00,44.69944516917906,45.00212952385969,42.1901056430375,43.27390670776367,2753600,0.0,0.0
2023-03-16 00:00:00-04:00,41.98505926918764,44.66038794053885,41.92647412467936,44.52368927001953,1637600,0.0,0.0
2023-03-17 00:00:00-04:00,44.3772359182484,44.3772359182484,42.06317651317118,42.424442291259766,3141300,0.0,0.0
2023-03-20 00:00:00-04:00,43.23484410732001,44.933775981504255,42.93216351813903,44.48463439941406,1862400,0.0,0.0
2023-03-21 00:00:00-04:00,46.037108714700445,47.11114366062346,45.91993842176997,46.6717643737793,1778100,0.0,0.0
2023-03-22 00:00:00-04:00,46.93538935278175,46.93538935278175,44.640858583870745,44.699440002441406,1620600,0.0,0.0
2023-03-23 00:00:00-04:00,45.07047878710307,45.86136158244788,43.41060338464643,43.93785858154297,1967900,0.0,0.0
2023-03-24 00:00:00-04:00,42.72711608862022,43.947611910360095,42.30726895262675,43.57658386230469,3415000,0.0,0.0
2023-03-27 00:00:00-04:00,44.572511491321066,46.007812128370645,43.61563943374418,45.70513153076172,1269700,0.0,0.0
2023-03-28 00:00:00-04:00,45.43173743482177,46.45695695351318,45.22669502094663,45.793006896972656,1054300,0.0,0.0
2023-03-29 00:00:00-04:00,46.62294721596813,46.92563156494875,45.705135564530735,46.47648620605469,1135200,0.0,0.0
2023-03-30 00:00:00-04:00,46.97445504093337,47.02327414057138,45.812540356392475,46.46672821044922,2076100,0.0,0.0
2023-03-31 00:00:00-04:00,46.84751953396832,47.08185641240578,46.19333544462171,46.52531051635742,1271700,0.0,0.0
2023-04-03 00:00:00-04:00,49.444733021447924,50.69451972509963,48.68314471449244,50.05986404418945,2489000,0.0,0.0
2023-04-04 00:00:00-04:00,50.635937524253926,50.635937524253926,47.902027289639385,48.98582458496094,1443300,0.0,0.0
2023-04-05 00:00:00-04:00,48.624558832833,49.347094087898355,48.02895620189902,49.298274993896484,1067600,0.0,0.0
2023-04-06 00:00:00-04:00,48.95653482760323,49.84505576428561,48.40975500481911,49.27874755859375,1092100,0.0,0.0
2023-04-10 00:00:00-04:00,49.893871665930504,51.944307044114055,49.591191061878014,50.89956283569336,1402900,0.0,0.0
2023-04-11 00:00:00-04:00,51.319412747178696,51.38776021934383,50.255140177475695,51.075313568115234,1474900,0.0,0.0
2023-04-12 00:00:00-04:00,51.45611112978999,51.70021032516408,50.59688091916891,50.61640930175781,903600,0.0,0.0
2023-04-13 00:00:00-04:00,50.70428265229866,51.82714038532523,50.509002560729954,51.13389587402344,885200,0.0,0.0
2023-04-14 00:00:00-04:00,51.29989135719639,52.19817467073486,50.99720699303013,51.55375289916992,1160500,0.0,0.0
2023-04-17 00:00:00-04:00,51.534217019560316,51.905248811239645,50.391834659851604,50.538291931152344,935300,0.0,0.0
2023-04-18 00:00:00-04:00,50.2844358118569,50.50900663163047,49.57166658614297,50.04033660888672,789200,0.0,0.0
2023-04-19 00:00:00-04:00,49.09322782652474,49.72788720942634,48.360930257634294,49.6302490234375,1374800,0.0,0.0
2023-04-20 00:00:00-04:00,48.52692163586573,48.90771579137845,48.15588980948951,48.888187408447266,1320400,0.0,0.0
2023-04-21 00:00:00-04:00,49.12252747093158,49.22016566727383,47.86297462496087,47.97037887573242,761700,0.0,0.0
2023-04-24 00:00:00-04:00,47.84344158056075,49.99151521278285,47.84344158056075,49.6204833984375,1198900,0.0,0.0
2023-04-25 00:00:00-04:00,48.65385256732616,49.09322813166494,47.745803278285365,47.91178894042969,1773300,0.0,0.0
2023-04-26 00:00:00-04:00,48.40975280167644,49.28850764458345,45.47079648933184,46.212860107421875,2416400,0.0,0.0
2023-04-27 00:00:00-04:00,46.48625232598516,46.73035152641595,45.304813089818104,46.39837646484375,1203800,0.0,0.0
2023-04-28 00:00:00-04:00,46.30073462070002,48.60503167223675,45.97852561246078,47.87273406982422,1197000,0.0,0.0
2023-05-01 00:00:00-04:00,46.906097768044255,48.155884336330324,46.64247021542308,47.3650016784668,1146800,0.0,0.0
2023-05-02 00:00:00-04:00,46.10545980162079,46.41790649126171,43.76210590465554,43.9573860168457,1168300,0.0,0.0
2023-05-03 00:00:00-04:00,42.961455961264036,43.60587765169668,42.1119918522069,42.26821517944336,2153400,0.0,0.0
2023-05-04 00:00:00-04:00,42.46350027783335,43.264145389931194,41.04772411265504,41.389461517333984,1426000,0.0,0.0
2023-05-05 00:00:00-04:00,43.36177965559707,44.16242469515558,43.02980461056125,43.644935607910156,1074200,0.0,0.0
2023-05-08 00:00:00-04:00,45.73442348278983,45.84182772021073,43.50824010591283,44.045257568359375,989300,0.0,0.0
2023-05-09 00:00:00-04:00,43.43989036762055,44.08431203389585,42.86381617165795,43.07862091064453,1058400,0.0,0.0
2023-05-10 00:00:00-04:00,43.43132727432166,43.43132727432166,42.19686837775933,43.01004409790039,728200,0.15,0.0
2023-05-11 00:00:00-04:00,41.99113508153914,42.539780270371985,41.29552922434604,42.48099899291992,1162500,0.0,0.0
2023-05-12 00:00:00-04:00,42.912066318472505,43.37253946696312,41.59923124047642,42.75531005859375,885100,0.0,0.0
2023-05-15 00:00:00-04:00,43.21579034010034,43.94078676019292,42.7651164857331,43.431331634521484,883700,0.0,0.0
2023-05-16 00:00:00-04:00,43.019845300637016,43.509709175040705,41.73640060424805,41.73640060424805,760800,0.0,0.0
2023-05-17 00:00:00-04:00,42.49078963372658,43.45092233872645,41.65802257718152,43.28437042236328,1182700,0.0,0.0
2023-05-18 00:00:00-04:00,42.66713768488464,43.87220222542044,42.24585450355534,43.77423095703125,774300,0.0,0.0
2023-05-19 00:00:00-04:00,44.51882010997454,44.77355137495855,43.813418790292666,44.42084884643555,1037900,0.0,0.0
2023-05-22 00:00:00-04:00,44.47963807841318,46.48807907094266,44.43064870461909,46.00801086425781,1831200,0.0,0.0
2023-05-23 00:00:00-04:00,46.3901023950451,47.57557568331717,46.027604213644466,46.3215217590332,1064700,0.0,0.0
2023-05-24 00:00:00-04:00,47.02693486598143,48.525917218877794,46.68403162752965,47.702945709228516,1727300,0.0,0.0
2023-05-25 00:00:00-04:00,46.43909239164319,46.43909239164319,44.84213526582216,44.95970153808594,1141800,0.0,0.0
2023-05-26 00:00:00-04:00,45.5083481863369,45.62591445295702,44.49922620764117,45.33199691772461,723600,0.0,0.0
2023-05-30 00:00:00-04:00,44.40125386896387,44.65598513407816,43.32355502002717,44.077945709228516,896200,0.0,0.0
2023-05-31 00:00:00-04:00,43.13740217083261,43.656660305798994,42.33402589110796,43.07862091064453,1598200,0.0,0.0
2023-06-01 00:00:00-04:00,43.29416223218918,44.969499304714674,43.068825327813485,44.107337951660156,878000,0.0,0.0
2023-06-02 00:00:00-04:00,45.59652438366991,46.76239890734588,45.19483620850723,46.37051010131836,1261100,0.0,0.0
2023-06-05 00:00:00-04:00,47.33063928580432,47.71273243232489,45.65530233491287,45.90023422241211,1082200,0.0,0.0
2023-06-06 00:00:00-04:00,44.969502334866256,47.87929102427675,44.78335168239555,47.8694953918457,1301300,0.0,0.0
2023-06-07 00:00:00-04:00,48.25158472540042,50.93604001750763,48.18300409178493,50.68130874633789,2640600,0.0,0.0
2023-06-08 00:00:00-04:00,50.044486971280435,50.62252266012648,49.50563380817964,50.455970764160156,1369800,0.0,0.0
2023-06-09 00:00:00-04:00,50.20125090074345,50.93604670367529,49.33908944550798,49.77016830444336,1103100,0.0,0.0
2023-06-12 00:00:00-04:00,48.48672050042,49.91712189744594,48.12421859802632,48.819828033447266,1168100,0.0,0.0
2023-06-13 00:00:00-04:00,50.01509859740692,51.239758228770285,49.6232097577894,50.289424896240234,1531700,0.0,0.0
2023-06-14 00:00:00-04:00,50.94583620189175,51.26914811018476,48.33976088413571,48.77083969116211,1161900,0.0,0.0
2023-06-15 00:00:00-04:00,48.956990352562165,50.08367487280312,48.956990352562165,49.319488525390625,1338000,0.0,0.0
2023-06-16 00:00:00-04:00,49.887734173726095,49.9171285470082,48.5944938702543,48.937400817871094,2115800,0.0,0.0
2023-06-20 00:00:00-04:00,48.20260408651474,48.212399719175735,46.79179379199528,47.751930236816406,1315900,0.0,0.0
2023-06-21 00:00:00-04:00,47.84010354834597,49.3978669436732,47.43841161889699,49.15293502807617,980900,0.0,0.0
2023-06-22 00:00:00-04:00,48.06543834546289,48.241789615915586,47.2620619966736,48.016448974609375,1154400,0.0,0.0
2023-06-23 00:00:00-04:00,47.14449570397526,49.26070737868984,47.03672505939369,48.63368225097656,5789000,0.0,0.0
2023-06-26 00:00:00-04:00,48.692463996727,49.66239225826499,48.682664627495285,48.91780090332031,1113100,0.0,0.0
2023-06-27 00:00:00-04:00,48.868816338835074,49.69178771618838,48.251586871479,49.14313888549805,1243400,0.0,0.0
2023-06-28 00:00:00-04:00,49.221519991248805,49.8485451046948,48.66307177863621,49.16273498535156,2585200,0.0,0.0
2023-06-29 00:00:00-04:00,49.51543853835514,50.78908379273827,49.13334533577666,50.69111251831055,1272200,0.0,0.0
2023-06-30 00:00:00-04:00,51.02421348513618,51.90596605304955,50.27961844126543,51.25934600830078,2278400,0.0,0.0
2023-07-03 00:00:00-04:00,51.23975431119406,52.00394440414596,50.965431770698885,51.24955368041992,595600,0.0,0.0
2023-07-05 00:00:00-04:00,51.59245794825631,51.62184858182747,50.64212093090171,50.78908157348633,1421300,0.0,0.0
2023-07-06 00:00:00-04:00,50.25022991846566,50.612728087015455,48.12421906537256,49.24110794067383,884400,0.0,0.0
2023-07-07 00:00:00-04:00,49.0549648019068,51.112391441809834,49.0549648019068,50.40699005126953,3210100,0.0,0.0
2023-07-10 00:00:00-04:00,50.06408141377195,51.22016033961603,49.96611014373,51.200565338134766,1285300,0.0,0.0
2023-07-11 00:00:00-04:00,51.680635639517625,52.8269152427056,51.39651371249402,52.748538970947266,1313400,0.0,0.0
2023-07-12 00:00:00-04:00,53.375560751234,53.44414138623862,52.2194818506357,52.758331298828125,2647300,0.0,0.0
2023-07-13 00:00:00-04:00,52.92488744973831,55.06069399942599,52.787726178405684,54.0711669921875,1925600,0.0,0.0
2023-07-14 00:00:00-04:00,53.41474625839694,53.64987877652188,51.09279302075221,51.17116928100586,1724800,0.0,0.0
2023-07-17 00:00:00-04:00,50.94583673922667,51.96475437097864,50.847865471212344,51.52387619018555,1370000,0.0,0.0
2023-07-18 00:00:00-04:00,51.65124693207613,54.41407882155161,51.48469127515749,54.227928161621094,1650200,0.0,0.0
2023-07-19 00:00:00-04:00,54.27691866509127,55.07049574804819,53.836040431579235,54.453269958496094,1398200,0.0,0.0
2023-07-20 00:00:00-04:00,55.30562594571143,55.30562594571143,53.25799503156993,54.4140739440918,1015300,0.0,0.0
2023-07-21 00:00:00-04:00,54.8647483174473,54.99211395821769,53.82623566455873,54.69819641113281,1334800,0.0,0.0
2023-07-24 00:00:00-04:00,54.79617032082279,56.43231377874659,54.69819904619623,55.57015609741211,1263200,0.0,0.0
2023-07-25 00:00:00-04:00,55.550558918501665,56.618462214493974,54.766777540104655,55.393802642822266,1719200,0.0,0.0
2023-07-26 00:00:00-04:00,54.37488110703154,54.37488110703154,51.249551448312715,51.690425872802734,5261700,0.0,0.0
2023-07-27 00:00:00-04:00,52.807325713464955,54.25732229361586,51.357325395949395,52.16070556640625,2633900,0.0,0.0
2023-07-28 00:00:00-04:00,52.67015515969336,52.905291432723516,51.87657818011564,52.679954528808594,1433000,0.0,0.0
2023-07-31 00:00:00-04:00,53.395157371173745,54.512046303528244,53.08164481954316,54.50225067138672,1384100,0.0,0.0
2023-08-01 00:00:00-04:00,53.796848702366304,55.26644027544573,52.61137906371641,55.109683990478516,1647200,0.0,0.0
2023-08-02 00:00:00-04:00,53.953602891054075,54.786369921830754,52.94448457937053,54.247520446777344,1219200,0.0,0.0
2023-08-03 00:00:00-04:00,55.050897257954944,56.71643506942127,54.13975021219291,56.24616622924805,1393800,0.0,0.0
2023-08-04 00:00:00-04:00,56.8242116139882,57.24549486115006,55.81509318990345,57.17691421508789,1362700,0.0,0.0
2023-08-07 00:00:00-04:00,57.314069437126435,57.686367003009146,56.59886867724945,57.41204071044922,895700,0.0,0.0
2023-08-08 00:00:00-04:00,55.726910597938314,57.99987848037365,55.46238368006466,57.7353515625,1035400,0.0,0.0
2023-08-09 00:00:00-04:00,58.48974667802606,59.46947441555626,57.6373845928369,57.8137321472168,1299800,0.0,0.0
2023-08-10 00:00:00-04:00,57.81373069996469,58.35395338849474,56.448439338208956,56.91990661621094,1053800,0.15,0.0
2023-08-11 00:00:00-04:00,56.782398191510545,58.20662068131666,56.48772785179575,57.58782196044922,936000,0.0,0.0
2023-08-14 00:00:00-04:00,56.96901510795182,58.32448582689055,56.487723504098426,58.226261138916016,880800,0.0,0.0
2023-08-15 00:00:00-04:00,57.66639253999519,57.686037477252306,56.49754687486207,56.792213439941406,839200,0.0,0.0
2023-08-16 00:00:00-04:00,57.568176836702435,58.98257872586314,57.46995214148287,57.73515319824219,2492000,0.0,0.0
2023-08-17 00:00:00-04:00,58.92364765760913,59.86658225041476,58.59951178370713,59.29689025878906,1887900,0.0,0.0
2023-08-18 00:00:00-04:00,58.50128732150859,59.95497900149057,58.50128732150859,59.90586853027344,1501100,0.0,0.0
2023-08-21 00:00:00-04:00,60.328224068003315,61.330093459079684,59.778180772667305,60.47555923461914,1479500,0.0,0.0
2023-08-22 00:00:00-04:00,60.52467270685086,61.1925856673301,59.621027964372544,59.797828674316406,1330800,0.0,0.0
2023-08-23 00:00:00-04:00,59.14955618592704,59.88622450608964,58.31466317494279,59.679954528808594,889200,0.0,0.0
2023-08-24 00:00:00-04:00,58.87453310948037,60.14160356914889,58.76649156566892,58.88435745239258,990900,0.0,0.0
2023-08-25 00:00:00-04:00,59.797824919613554,59.98444621421898,58.697730849729005,59.748714447021484,1600900,0.0,0.0
2023-08-28 00:00:00-04:00,60.426453834606974,60.9470316390816,59.70943037378122,60.00409698486328,910900,0.0,0.0
2023-08-29 00:00:00-04:00,59.91569079153112,60.81933547709345,59.42457857192841,60.50502395629883,801500,0.0,0.0
2023-08-30 00:00:00-04:00,60.84880304520716,61.82120311438885,60.416621906114166,61.565826416015625,1278700,0.0,0.0
2023-08-31 00:00:00-04:00,61.6640473770502,62.567695784336,60.95684834840129,62.37125015258789,1131500,0.0,0.0
2023-09-01 00:00:00-04:00,62.86236674123078,63.5793939091353,62.75432144889204,63.39276885986328,1065700,0.0,0.0
2023-09-05 00:00:00-04:00,63.59903060767858,64.27676784922868,62.37125009401683,62.42036056518555,1214100,0.0,0.0
2023-09-06 00:00:00-04:00,62.21409784743419,63.343653735584226,61.85067584401974,62.76414489746094,922300,0.0,0.0
2023-09-07 00:00:00-04:00,62.420361188622024,62.92129399456813,61.07471478133768,61.73280334472656,1348300,0.0,0.0
2023-09-08 00:00:00-04:00,62.09623018587349,62.63645287753934,61.664049035029706,62.21409606933594,1268500,0.0,0.0
2023-09-11 00:00:00-04:00,62.44000856604987,62.646274803210204,59.434400372284664,60.0335578918457,1709600,0.0,0.0
2023-09-12 00:00:00-04:00,60.89791528208567,62.25338605846098,60.721114583128504,62.0667610168457,1470500,0.0,0.0
2023-09-13 00:00:00-04:00,62.47929465403532,62.58733993748656,60.62289113841305,61.546180725097656,1071200,0.0,0.0
2023-09-14 00:00:00-04:00,62.74449629000897,63.04898720564962,61.457780965462874,61.762271881103516,1068700,0.0,0.0
2023-09-15 00:00:00-04:00,61.01578351343108,61.70334139728718,60.161249266851264,60.46574020385742,2692300,0.0,0.0
2023-09-18 00:00:00-04:00,61.880136049655036,61.880136049655036,60.03355316285397,60.21035385131836,1220200,0.0,0.0
2023-09-19 00:00:00-04:00,60.976500168277255,61.241697492146166,58.51111451801989,59.2281379699707,1307100,0.0,0.0
2023-09-20 00:00:00-04:00,58.776309295104625,59.55226748420973,56.929726341012014,56.99848175048828,1620700,0.0,0.0
2023-09-21 00:00:00-04:00,57.07706049722395,57.46012741381384,56.10465669235913,56.418968200683594,1043200,0.0,0.0
2023-09-22 00:00:00-04:00,57.02794708904009,57.40118964414394,55.8492771200931,56.242164611816406,1005600,0.0,0.0
2023-09-25 00:00:00-04:00,56.242169696436925,57.548529998068645,56.00643792946913,57.33243942260742,750900,0.0,0.0
2023-09-26 00:00:00-04:00,56.70381542024202,57.951240885540486,56.70381542024202,57.60746383666992,1206300,0.0,0.0
2023-09-27 00:00:00-04:00,58.74684387355205,60.83897918912687,58.520932706715335,60.17106628417969,2723700,0.0,0.0
2023-09-28 00:00:00-04:00,59.62102127075195,60.59342131938325,59.277240485839805,59.62102127075195,1622800,0.0,0.0
2023-09-29 00:00:00-04:00,59.85675723074168,59.85675723074168,58.0199985400627,58.42271041870117,1099900,0.0,0.0
2023-10-02 00:00:00-04:00,58.47182127055731,58.55040102635555,55.22066068562909,55.71177291870117,1433300,0.0,0.0
2023-10-03 00:00:00-04:00,55.40727578664403,56.055543711898835,54.857228798259605,55.84927749633789,727000,0.0,0.0
2023-10-04 00:00:00-04:00,55.28941779815089,55.47603910357514,52.47043079589907,53.236568450927734,1354800,0.0,0.0
2023-10-05 00:00:00-04:00,52.431140671953976,53.44283062715543,52.19540516214871,52.67669677734375,1117300,0.0,0.0
2023-10-06 00:00:00-04:00,53.442831212909255,55.525145960308656,52.352561493526665,54.45452117919922,1575700,0.0,0.0
2023-10-09 00:00:00-04:00,56.693997861610285,58.93346846424719,56.47790727823689,58.295021057128906,1304100,0.0,0.0
2023-10-10 00:00:00-04:00,58.295021509515095,59.18884563828362,58.13786574226642,58.658447265625,1026900,0.0,0.0
2023-10-11 00:00:00-04:00,57.754795370743274,58.72719919894782,56.89043682866021,58.26555252075195,1184300,0.0,0.0
2023-10-12 00:00:00-04:00,60.55413677154538,60.55413677154538,58.72719875748698,59.56208801269531,1952000,0.0,0.0
2023-10-13 00:00:00-04:00,60.86844647467498,63.186496628002935,60.85862213254517,62.38106918334961,1614500,0.0,0.0
2023-10-16 00:00:00-04:00,63.03916567164862,63.08827989179291,61.958720272475134,62.84272003173828,980800,0.0,0.0
2023-10-17 00:00:00-04:00,62.89183272350785,64.4535735550967,62.89183272350785,63.756195068359375,1586400,0.0,0.0
2023-10-18 00:00:00-04:00,64.1392509001572,64.60089003439298,63.255247516066724,64.16871643066406,1557700,0.0,0.0
2023-10-19 00:00:00-04:00,63.569561509152145,66.15280886725901,62.98022839440188,65.59294128417969,2034200,0.0,0.0
2023-10-20 00:00:00-04:00,65.73045445102393,66.5064126192122,63.824944228142094,63.84458541870117,1964600,0.0,0.0
2023-10-23 00:00:00-04:00,62.88200407933461,64.36516505198567,62.11587397752797,62.636451721191406,1632500,0.0,0.0
2023-10-24 00:00:00-04:00,62.881997940025876,63.235599296251294,61.713156089958915,61.72297668457031,1621000,0.0,0.0
2023-10-25 00:00:00-04:00,63.31418821151176,63.31418821151176,58.088754349468424,60.347869873046875,3695300,0.0,0.0
2023-10-26 00:00:00-04:00,59.21830840801927,59.591550972381384,58.285194503336726,59.041507720947266,1539700,0.0,0.0
2023-10-27 00:00:00-04:00,59.336177825927734,59.71924475515525,57.4797742477397,59.336177825927734,1354800,0.0,0.0
2023-10-30 00:00:00-04:00,59.21831211418469,59.945156098180185,57.98070722722542,59.139732360839844,1193500,0.0,0.0
2023-10-31 00:00:00-04:00,59.48351106089905,60.996133790484706,58.66826300973433,60.593421936035156,1940800,0.0,0.0
2023-11-01 00:00:00-04:00,60.681827651167076,60.96667365185376,59.08080443397448,59.827293395996094,1218100,0.0,0.0
2023-11-02 00:00:00-04:00,60.11213206571254,62.18462608151319,59.62101988175556,62.09622573852539,922400,0.0,0.0
2023-11-03 00:00:00-04:00,62.2337387207143,62.48911541664631,60.1612446326427,61.349735260009766,1202200,0.0,0.0
2023-11-06 00:00:00-05:00,61.67387790249105,61.82120933090614,58.953115559267154,59.257606506347656,1173700,0.0,0.0
2023-11-07 00:00:00-05:00,57.92177622257523,58.069107639924965,56.38950475267149,56.67435073852539,1689500,0.0,0.0
2023-11-08 00:00:00-05:00,55.937682170267216,56.546660269179625,54.27772048162967,54.45452117919922,1733600,0.0,0.0
2023-11-09 00:00:00-05:00,55.09527993139369,55.7754709866411,54.40523272424554,54.631961822509766,1337100,0.2,0.0
2023-11-10 00:00:00-05:00,55.312148725411845,56.02191194353347,54.365800274886,55.667030334472656,1072600,0.0,0.0
2023-11-13 00:00:00-05:00,55.86418267352888,57.056980012134936,55.44030049125926,56.948543548583984,1414100,0.0,0.0
2023-11-14 00:00:00-05:00,57.27385483468159,57.806177293524414,56.554235404225835,57.43157958984375,1237100,0.0,0.0
2023-11-15 00:00:00-05:00,57.15556367677505,58.575086509702615,56.780965963470805,57.480873107910156,1109600,0.0,0.0
2023-11-16 00:00:00-05:00,56.3176510241575,56.90911792506463,54.15878893889133,55.36144256591797,1665500,0.0,0.0
2023-11-17 00:00:00-05:00,56.40637011574915,57.54987552175159,56.27821757805054,57.283714294433594,1446400,0.0,0.0
2023-11-20 00:00:00-05:00,57.92447214975127,58.55537495514309,57.510446061682025,57.55973434448242,803600,0.0,0.0
2023-11-21 00:00:00-05:00,56.87954504449038,57.66816882331656,56.090921265664186,57.64845275878906,1277200,0.0,0.0
2023-11-22 00:00:00-05:00,55.5191662391751,57.747032627352674,54.967127718110135,57.500587463378906,1192500,0.0,0.0
2023-11-24 00:00:00-05:00,57.35271840214088,58.545512083725555,57.086557175923225,57.747032165527344,314200,0.0,0.0
2023-11-27 00:00:00-05:00,57.204853085878625,57.29357349971282,56.33736877333869,56.810543060302734,844000,0.0,0.0
2023-11-28 00:00:00-05:00,57.056986395179905,58.01319109069648,56.297934825861496,57.11613082885742,841400,0.0,0.0
2023-11-29 00:00:00-05:00,57.490727616214066,57.76674499683243,56.6626717139042,57.2147102355957,962200,0.0,0.0
2023-11-30 00:00:00-05:00,58.03290854606477,59.07783743804719,55.9331983701907,57.05698776245117,1093200,0.0,0.0
2023-12-01 00:00:00-05:00,56.73167679125445,58.34835648794982,56.4162272777751,57.29357147216797,1003200,0.0,0.0
2023-12-04 00:00:00-05:00,56.59367010194027,57.175280868085544,56.012059335794994,56.810543060302734,917700,0.0,0.0
2023-12-05 00:00:00-05:00,56.948548771048564,57.214709998594365,55.1149961549251,55.13471221923828,1048500,0.0,0.0
2023-12-06 00:00:00-05:00,54.43481114931996,55.36144364831272,52.709694934081725,52.71955108642578,1640600,0.0,0.0
2023-12-07 00:00:00-05:00,53.40959059700975,53.75461228595574,51.97035189390025,52.03935623168945,1347600,0.0,0.0
2023-12-08 00:00:00-05:00,52.57168473995002,53.587037622915744,52.335095725432716,53.35044860839844,1454800,0.0,0.0
2023-12-11 00:00:00-05:00,52.96599828668271,54.07993156692949,52.719553103647456,53.025146484375,1199500,0.0,0.0
2023-12-12 00:00:00-05:00,51.74362941850721,51.83234982990372,50.98457784554928,51.34931564331055,1239800,0.0,0.0
2023-12-13 00:00:00-05:00,51.67462082941037,53.52788953881857,51.39860344562047,53.458885192871094,1321400,0.0,0.0
2023-12-14 00:00:00-05:00,55.0657085447873,56.564095606738874,55.04599248023408,55.49945068359375,1548900,0.0,0.0
2023-12-15 00:00:00-05:00,55.814897329851505,56.29793148546817,54.50381106824277,55.40087127685547,2415200,0.0,0.0
2023-12-18 00:00:00-05:00,56.79082107543945,57.79631774060204,56.593664202974416,56.79082107543945,1178600,0.0,0.0
2023-12-19 00:00:00-05:00,56.4852285352489,57.55972955692713,55.71632085824316,57.26399612426758,1415100,0.0,0.0
2023-12-20 00:00:00-05:00,57.45129441164849,58.1019094826767,55.952907389790106,56.130348205566406,1327900,0.0,0.0
2023-12-21 00:00:00-05:00,56.31764994326339,56.88940076843946,55.943052240969216,56.820396423339844,780800,0.0,0.0
2023-12-22 00:00:00-05:00,57.36257186908804,57.894894296607276,56.67252845614226,56.79082107543945,804000,0.0,0.0
2023-12-26 00:00:00-05:00,57.50058962825458,58.96940075498378,57.10627584686887,58.417362213134766,982300,0.0,0.0
2023-12-27 00:00:00-05:00,58.348354166957684,58.77224013891942,55.529024722440695,58.13148498535156,1222500,0.0,0.0
2023-12-28 00:00:00-05:00,57.58930367127178,58.131486036225084,56.62323908714866,56.67253112792969,985900,0.0,0.0
2023-12-29 00:00:00-05:00,56.820394653557734,56.99783546698851,55.972622713933944,56.05148696899414,1353800,0.0,0.0
2024-01-02 00:00:00-05:00,56.702103232280514,57.8653246958709,56.26836110162747,56.56409454345703,922500,0.0,0.0
2024-01-03 00:00:00-05:00,56.39651245502011,57.76674701445492,55.952910391779184,57.12599182128906,1104300,0.0,0.0
2024-01-04 00:00:00-05:00,58.11176825743367,58.13148432107341,54.54324346864187,54.651676177978516,1261900,0.0,0.0
2024-01-05 00:00:00-05:00,55.09527702227684,55.44030248786041,54.2475051062975,55.21356964111328,912000,0.0,0.0
2024-01-08 00:00:00-05:00,53.31102228897543,54.83898162841797,52.049220430470626,54.83898162841797,1284000,0.0,0.0
2024-01-09 00:00:00-05:00,54.90798146651376,55.114994494884876,53.143433248406495,53.79404830932617,1115400,0.0,0.0
2024-01-10 00:00:00-05:00,53.82362347778216,54.05035634276726,53.05471575281394,54.00106430053711,1158900,0.0,0.0
2024-01-11 00:00:00-05:00,54.139068021598746,54.572813886478116,53.27158381274903,53.88276672363281,892700,0.0,0.0
2024-01-12 00:00:00-05:00,55.48959294290273,55.726178189858445,54.208078867270956,54.5531005859375,906900,0.0,0.0
2024-01-16 00:00:00-05:00,54.22779123967891,54.424948119362206,52.63082765910809,52.79841232299805,1319000,0.0,0.0
2024-01-17 00:00:00-05:00,52.00978463965627,52.591395364631154,51.566186362341185,52.29566192626953,1037700,0.0,0.0
2024-01-18 00:00:00-05:00,52.295660004906324,52.90684292312586,51.69433323807302,52.77869415283203,878100,0.0,0.0
2024-01-19 00:00:00-05:00,52.68012003476314,52.788556515042565,51.72391529870504,52.72941207885742,1149900,0.0,0.0
2024-01-22 00:00:00-05:00,52.66040292104312,53.62647131132807,52.01964772557628,53.11386489868164,1209800,0.0,0.0
2024-01-23 00:00:00-05:00,52.906848064602165,53.72504784599066,52.295665086987995,52.71955108642578,1112500,0.0,0.0
2024-01-24 00:00:00-05:00,53.40959509176644,53.902485409143054,52.90684486218767,53.37016296386719,860500,0.0,0.0
2024-01-25 00:00:00-05:00,54.04049628922671,54.66153916724965,53.00542733282504,54.572818756103516,1095000,0.0,0.0
2024-01-26 00:00:00-05:00,54.65167583361743,55.09527786157995,53.79404775319296,54.612247467041016,724000,0.0,0.0
2024-01-29 00:00:00-05:00,54.38551823676077,54.83898020689095,53.557466076721404,54.78969192504883,862100,0.0,0.0
2024-01-30 00:00:00-05:00,54.020778075640244,56.02191532290079,54.020778075640244,55.91347885131836,1171300,0.0,0.0
2024-01-31 00:00:00-05:00,55.85432920091509,55.85432920091509,54.079924855363934,54.1094970703125,935200,0.0,0.0
2024-02-01 00:00:00-05:00,54.53338470505393,54.91783855298886,52.335094329064546,53.3011589050293,1363400,0.0,0.0
2024-02-02 00:00:00-05:00,52.96599288538728,53.15328985163033,52.108364788810064,52.47310256958008,916500,0.0,0.0
2024-02-05 00:00:00-05:00,51.990073584870785,52.75898129516976,51.18172998526714,52.128082275390625,983600,0.0,0.0
2024-02-06 00:00:00-05:00,52.34495020128375,53.646180338323354,52.246373641990175,52.975852966308594,824200,0.0,0.0
2024-02-07 00:00:00-05:00,53.1237214192572,53.66590005316568,52.71955148193034,53.547607421875,608000,0.0,0.0
2024-02-08 00:00:00-05:00,53.47860026693245,54.710826079534584,53.47860026693245,54.631961822509766,1100000,0.0,0.0
2024-02-09 00:00:00-05:00,54.582672862710986,55.19385956568168,53.65604041693161,53.8729133605957,1008200,0.0,0.0
2024-02-12 00:00:00-05:00,54.13906954128015,56.23878330301326,54.13906954128015,55.79518127441406,1399200,0.0,0.0
2024-02-13 00:00:00-05:00,55.02627727215106,55.9331974534412,54.55310299687333,55.29243850708008,1951600,0.0,0.0
2024-02-14 00:00:00-05:00,55.84447789291345,57.155564262225575,55.16428680646547,55.479736328125,1566300,0.0,0.0
2024-02-15 00:00:00-05:00,55.647321978255526,58.86096544672524,55.647321978255526,58.1413459777832,1607100,0.0,0.0
2024-02-16 00:00:00-05:00,58.29906554657746,59.462286984629515,57.707598675903895,58.486366271972656,1546700,0.0,0.0
2024-02-20 00:00:00-05:00,58.269500088598,58.77224661092775,57.47101633618065,57.904762268066406,2939100,0.0,0.0
2024-02-21 00:00:00-05:00,58.54551283359037,60.97053235624956,58.27935160396366,59.68901824951172,3107300,0.0,0.0
2024-02-22 00:00:00-05:00,58.670297423698145,61.03412034606012,58.670297423698145,60.025291442871094,1955000,0.2,0.0
2024-02-23 00:00:00-05:00,59.35273937387041,60.183539432611134,58.52193931512969,60.05496597290039,949900,0.0,0.0
2024-02-26 00:00:00-05:00,59.797810360095085,60.7077360131191,59.18460197250468,60.579158782958984,1054900,0.0,0.0
2024-02-27 00:00:00-05:00,61.123136346922585,61.726455941397035,60.64839398723373,61.51875686645508,1575600,0.0,0.0
2024-02-28 00:00:00-05:00,61.32094495708283,62.240759433272416,61.00445005913768,62.01327896118164,1302300,0.0,0.0
2024-02-29 00:00:00-05:00,62.5275879773475,62.80452008693281,61.696787875674545,62.45835494995117,1313600,0.0,0.0
2024-03-01 00:00:00-05:00,63.29904289225553,64.2584202184247,63.09134381326539,63.73422622680664,1203700,0.0,0.0
2024-03-04 00:00:00-05:00,64.28808676932925,64.28808676932925,62.05284110481748,62.122074127197266,1021300,0.0,0.0
2024-03-05 00:00:00-05:00,61.93415479708628,63.21002700649912,61.55831945506949,62.17152786254883,1119800,0.0,0.0
2024-03-06 00:00:00-05:00,63.33860665041031,64.04082951253805,62.35944790588802,62.90342330932617,1170300,0.0,0.0
2024-03-07 00:00:00-05:00,63.13090612873259,64.63425506554444,62.59681955299008,63.70455551147461,1418800,0.0,0.0
2024-03-08 00:00:00-05:00,63.63531212392438,64.78261083863931,63.55619405926029,63.763893127441406,1062700,0.0,0.0
2024-03-11 00:00:00-04:00,62.99243539692487,64.12983778490108,62.73528470096582,64.02104949951172,949000,0.0,0.0
2024-03-12 00:00:00-04:00,64.03093263609817,64.23863170429719,63.3979428437297,64.2089614868164,750500,0.0,0.0
2024-03-13 00:00:00-04:00,64.89140414393128,65.593626931673,64.61447206378901,65.53428649902344,1353500,0.0,0.0
2024-03-14 00:00:00-04:00,65.89035659216168,66.11783332403559,65.1090080498892,65.66287231445312,983500,0.0,0.0
2024-03-15 00:00:00-04:00,65.54417659210425,66.44421346776628,65.25735944830404,65.83100128173828,2854400,0.0,0.0
2024-03-18 00:00:00-04:00,66.17717295486298,66.22662080319063,65.06943701981844,65.77165985107422,1151400,0.0,0.0
2024-03-19 00:00:00-04:00,65.56395929985189,67.08709334650898,65.56395929985189,66.57278442382812,1110200,0.0,0.0
2024-03-20 00:00:00-04:00,66.34530411489894,67.47281759332002,66.0189166485578,66.94862365722656,1008000,0.0,0.0
2024-03-21 00:00:00-04:00,67.077198235679,68.12558612549132,66.7705959386584,67.89810943603516,1283900,0.0,0.0
2024-03-22 00:00:00-04:00,67.84866096331913,68.24428149564913,66.85961340541118,67.11676788330078,792700,0.0,0.0
2024-03-25 00:00:00-04:00,67.54205513018108,68.63989846615698,67.54205513018108,67.79920959472656,836400,0.0,0.0
2024-03-26 00:00:00-04:00,65.67275323992955,66.47387927258092,64.32764808274122,64.39688110351562,4254000,0.0,0.0
2024-03-27 00:00:00-04:00,64.08038861055604,65.09910633108511,63.793563929250084,64.68370819091797,2308700,0.0,0.0
2024-03-28 00:00:00-04:00,65.37603629478794,66.2266177231354,64.79250190915809,66.0386962890625,2727500,0.0,0.0
2024-04-01 00:00:00-04:00,66.5035518167964,66.78048390958641,65.37603826996074,66.74092864990234,1274700,0.0,0.0
2024-04-02 00:00:00-04:00,67.35413664226273,67.37392181892871,65.59363321068949,66.19695281982422,1973100,0.0,0.0
2024-04-03 00:00:00-04:00,66.27606919846473,67.92777656569203,66.27606919846473,67.72007751464844,1926200,0.0,0.0
2024-04-04 00:00:00-04:00,68.11569995415843,68.89704833777297,67.92777852576808,68.42230224609375,2342100,0.0,0.0
2024-04-05 00:00:00-04:00,68.51132123734558,69.75752327716722,67.96734960624009,69.20365905761719,1716300,0.0,0.0
2024-04-08 00:00:00-04:00,69.21355456526125,69.44103128824177,68.16515897510845,68.18494415283203,1265900,0.0,0.0
2024-04-09 00:00:00-04:00,68.67946437198556,68.98606669819958,67.63106883651606,67.97724151611328,1257600,0.0,0.0
2024-04-10 00:00:00-04:00,67.71019811239073,69.57949748161053,67.29479992941619,69.3816909790039,1818700,0.0,0.0
2024-04-11 00:00:00-04:00,69.77731167254187,69.77731167254187,68.1948294651198,68.79814910888672,1294100,0.0,0.0
2024-04-12 00:00:00-04:00,69.54982257330286,70.30150081504851,67.36402841972938,67.77942657470703,1492900,0.0,0.0
2024-04-15 00:00:00-04:00,67.65086027315759,68.2343947603785,66.81017128598839,66.859619140625,1214500,0.0,0.0
2024-04-16 00:00:00-04:00,66.16728309638168,66.97830179158146,64.84195544568898,66.22662353515625,2582200,0.0,0.0
2024-04-17 00:00:00-04:00,65.9892575046635,66.45411108699318,64.49579350620384,64.93097686767578,1578700,0.0,0.0
2024-04-18 00:00:00-04:00,65.63320478566875,65.9793699652254,63.63532424222473,64.03094482421875,1690500,0.0,0.0
2024-04-19 00:00:00-04:00,63.872692604313116,65.04965405790976,63.516634882566606,63.90236282348633,1494800,0.0,0.0
2024-04-22 00:00:00-04:00,63.922136556633795,64.49578591178388,62.95287424218496,63.97159194946289,1378200,0.0,0.0
2024-04-23 00:00:00-04:00,63.46717456223831,64.8221723174065,62.92319920640742,64.42655181884766,1410400,0.0,0.0
2024-04-24 00:00:00-04:00,66.7508145350217,66.77059971094722,63.74410919020502,64.57491302490234,3107300,0.0,0.0
2024-04-25 00:00:00-04:00,64.63425585573488,65.19801265716079,63.43750922624595,64.86174011230469,1275000,0.0,0.0
2024-04-26 00:00:00-04:00,64.28808365565325,65.17822786159046,63.91224834462783,64.89140319824219,892700,0.0,0.0
2024-04-29 00:00:00-04:00,64.63425787963044,65.62330546017822,64.52546204210346,65.42549896240234,1192200,0.0,0.0
2024-04-30 00:00:00-04:00,65.05954548293907,65.13867109654213,61.55832008517555,61.61766052246094,1594100,0.0,0.0
2024-05-01 00:00:00-04:00,61.677005654205836,61.90448613733816,59.718691963272946,60.41102600097656,1272000,0.0,0.0
2024-05-02 00:00:00-04:00,61.004453966681965,61.88470569378235,60.23299807514087,61.429744720458984,1317300,0.0,0.0
2024-05-03 00:00:00-04:00,61.86492127379875,62.70561392482504,61.30116449239984,62.5869255065918,1402600,0.0,0.0
2024-05-06 00:00:00-04:00,63.180359745103914,63.96170445696158,63.180359745103914,63.378170013427734,943000,0.0,0.0
2024-05-07 00:00:00-04:00,63.35838259720277,64.55512920753728,63.328712378523754,63.397945404052734,1209800,0.0,0.0
2024-05-08 00:00:00-04:00,62.77485177558919,63.645210938718044,62.339668421107625,63.536415100097656,939300,0.0,0.0
2024-05-09 00:00:00-04:00,63.68477393129231,64.55513309692839,63.44740462172508,64.28809356689453,837200,0.0,0.0
2024-05-10 00:00:00-04:00,64.7133795057525,64.99031160389208,62.7155030635188,63.269371032714844,754500,0.0,0.0
2024-05-13 00:00:00-04:00,63.7737903292386,63.7737903292386,62.102297529253285,62.181419372558594,1025200,0.0,0.0
2024-05-14 00:00:00-04:00,62.55725615457961,62.98254689351129,61.983606777260825,62.78473663330078,905700,0.0,0.0
2024-05-15 00:00:00-04:00,62.557258518878115,63.14079673344915,61.36051187010401,62.62649154663086,999200,0.0,0.0
2024-05-16 00:00:00-04:00,62.646332155559605,62.745552565160345,61.148139926868915,61.16798400878906,1167400,0.2,0.0
2024-05-17 00:00:00-04:00,61.49540315404698,61.9021973795378,61.27712203333962,61.59462356567383,1014500,0.0,0.0
2024-05-20 00:00:00-04:00,61.69383777150307,62.09071183269333,61.515244822454605,61.92203903198242,1037300,0.0,0.0
2024-05-21 00:00:00-04:00,61.525166730652565,62.67609699917957,61.296965463645755,62.01133728027344,1160800,0.0,0.0
2024-05-22 00:00:00-04:00,61.19774980887045,61.27712235371521,59.72932177296103,60.15596008300781,1187200,0.0,0.0
2024-05-23 00:00:00-04:00,60.60244143181601,61.31680946260322,59.253074128847786,59.590415954589844,1001700,0.0,0.0
2024-05-24 00:00:00-04:00,60.1956406978391,60.572670670666234,59.86822282041746,60.116268157958984,1133600,0.0,0.0
2024-05-28 00:00:00-04:00,60.62227875266702,61.97164598938553,60.53298228009384,61.554931640625,1310500,0.0,0.0
2024-05-29 00:00:00-04:00,61.61446441484725,62.34868032797357,61.06876539306414,61.2374382019043,1686600,0.0,0.0
2024-05-30 00:00:00-04:00,61.34657615099788,62.77531596653459,61.33665221773307,61.68391418457031,1692400,0.0,0.0
2024-05-31 00:00:00-04:00,61.96172942384377,62.99359899215764,61.69383999063507,62.95391082763672,1409300,0.0,0.0
2024-06-03 00:00:00-04:00,63.34086385144125,63.360707934604584,58.57839365352491,58.74706268310547,2207400,0.0,0.0
2024-06-04 00:00:00-04:00,57.77471979364876,58.23112230815446,56.53449310105402,57.39768981933594,1921100,0.0,0.0
2024-06-05 00:00:00-04:00,57.70526940151931,58.06245530694487,57.13972631288605,57.34808349609375,1465400,0.0,0.0
2024-06-06 00:00:00-04:00,57.358008378776354,58.09222049886081,57.34808444519939,57.97315979003906,932600,0.0,0.0
2024-06-07 00:00:00-04:00,57.66558276733872,58.30057826721942,56.91152655744831,57.59613037109375,1167600,0.0,0.0
2024-06-10 00:00:00-04:00,57.49691463316633,59.808695397242275,57.27863350737815,59.46143341064453,1794300,0.0,0.0
2024-06-11 00:00:00-04:00,59.06455601582691,59.75908373498651,58.31049983651209,59.1439323425293,1265400,0.0,0.0
2024-06-12 00:00:00-04:00,61.06876742500956,61.31681278724345,58.221207726328615,58.74706268310547,2922300,0.0,0.0
2024-06-13 00:00:00-04:00,58.86612670373918,58.86612670373918,56.24676452054187,56.643638610839844,2308500,0.0,0.0
2024-06-14 00:00:00-04:00,56.82222769035792,56.93136824697594,55.333955630741016,55.42325210571289,1472300,0.0,0.0
2024-06-17 00:00:00-04:00,55.5125499976071,55.86973590661155,54.70888170234709,55.73082733154297,1212600,0.0,0.0
2024-06-18 00:00:00-04:00,56.286450846552924,57.67550633231603,56.12770197259757,56.61387252807617,2132200,0.0,0.0
2024-06-20 00:00:00-04:00,56.4451988248632,57.54652077633458,56.3062940354653,57.189334869384766,1135700,0.0,0.0
2024-06-21 00:00:00-04:00,57.685426395342866,57.923551598357925,56.494807950011,56.65355682373047,3434300,0.0,0.0
2024-06-24 00:00:00-04:00,57.07027543671988,59.40190024768353,57.05043135423815,58.81651306152344,1300700,0.0,0.0
2024-06-25 00:00:00-04:00,58.508939163828806,58.985185788112595,57.754879170059006,58.87604522705078,1590700,0.0,0.0
2024-06-26 00:00:00-04:00,58.75698169626512,58.75698169626512,57.74495624892268,58.2212028503418,1336600,0.0,0.0
2024-06-27 00:00:00-04:00,58.44940459718985,59.17369654610264,57.993002073470265,59.16377639770508,1964900,0.0,0.0
2024-06-28 00:00:00-04:00,60.155959737374914,60.43376932004297,58.95541735897717,59.134010314941406,15904500,0.0,0.0
2024-07-01 00:00:00-04:00,59.441587804542316,60.24525610490799,58.58831119091567,59.21338653564453,1425800,0.0,0.0
2024-07-02 00:00:00-04:00,59.87814779456182,60.50322315530954,59.10424749021726,59.46143341064453,1403200,0.0,0.0
2024-07-03 00:00:00-04:00,59.89798715357131,60.394077829514124,59.441584640073074,60.03689193725586,1068000,0.0,0.0
2024-07-05 00:00:00-04:00,59.69955565544389,59.97736903341485,57.32824261039157,57.74496078491211,1851400,0.0,0.0
2024-07-08 00:00:00-04:00,57.44730207293355,58.707369065388434,57.44730207293355,58.57838821411133,1068800,0.0,0.0
2024-07-09 00:00:00-04:00,57.744960254325775,59.4614336821071,57.57628744229983,58.08230209350586,1602500,0.0,0.0
2024-07-10 00:00:00-04:00,58.06245567149408,59.64994438905081,58.042611589415664,59.610260009765625,1243900,0.0,0.0
2024-07-11 00:00:00-04:00,59.729320240987185,61.27712078204244,59.62017968286219,61.16798400878906,1623800,0.0,0.0
2024-07-12 00:00:00-04:00,61.7632908371429,61.89227547616524,61.257279999242336,61.48548126220703,1302000,0.0,0.0
2024-07-15 00:00:00-04:00,62.09071069828397,64.71006885664319,61.78313311723744,63.95600891113281,2210300,0.0,0.0
2024-07-16 00:00:00-04:00,63.618675968073376,64.571169231776,63.360706676942385,64.34296417236328,1418900,0.0,0.0
2024-07-17 00:00:00-04:00,65.03748940564972,66.36700875838503,64.21397708252647,64.71006774902344,1899800,0.0,0.0
2024-07-18 00:00:00-04:00,64.84897470716925,65.51373440585418,64.24374346814473,64.52155303955078,1582000,0.0,0.0
2024-07-19 00:00:00-04:00,64.35288355213127,64.43225987759185,63.281325867642785,63.55913543701172,1503900,0.0,0.0
2024-07-22 00:00:00-04:00,63.1325010769542,63.311094024771336,61.92203860505396,62.19984817504883,1340500,0.0,0.0
2024-07-23 00:00:00-04:00,62.02125988801721,62.18993270024064,60.354398557914884,60.44369125366211,1764600,0.0,0.0
2024-07-24 00:00:00-04:00,63.420230392442654,63.75757598939615,60.632203207316756,61.19774627685547,2722100,0.0,0.0
2024-07-25 00:00:00-04:00,61.41602927188548,61.852587718919615,60.15595845820848,61.20766830444336,2048200,0.0,0.0
2024-07-26 00:00:00-04:00,61.10845397148458,61.39618749241795,60.1063523999668,60.959625244140625,1675600,0.0,0.0
2024-07-29 00:00:00-04:00,61.406105798088326,61.86250833043148,58.87604400328769,59.6697883605957,1987700,0.0,0.0
2024-07-30 00:00:00-04:00,59.65986978676766,60.32462952078745,59.11417076326883,59.87814712524414,1303400,0.0,0.0
2024-07-31 00:00:00-04:00,61.16798616432158,61.723605338178984,60.64212743708571,60.99931335449219,1502100,0.0,0.0
2024-08-01 00:00:00-04:00,60.91001272199508,61.40610339903999,58.10214145805405,58.67760467529297,1363900,0.0,0.0
2024-08-02 00:00:00-04:00,57.37785266962866,57.75487887974666,53.339670854998474,54.153263092041016,2139500,0.0,0.0
2024-08-05 00:00:00-04:00,51.99030415428411,52.843576934356356,50.39289157826689,52.51615905761719,1815500,0.0,0.0
2024-08-06 00:00:00-04:00,52.704673660933075,53.66709080731556,52.238350987681756,52.78404998779297,1517000,0.0,0.0
2024-08-07 00:00:00-04:00,54.27232331240761,55.284348794134104,52.793971361733256,53.230533599853516,1396300,0.0,0.0
2024-08-08 00:00:00-04:00,53.92505666396683,55.45301690249222,53.92505666396683,55.04622268676758,1294400,0.0,0.0
2024-08-09 00:00:00-04:00,55.046222391275364,55.86973475166426,54.81802112854475,55.244659423828125,1267700,0.0,0.0
2024-08-12 00:00:00-04:00,55.61176678814992,56.14754565324289,55.066067774387086,55.63161087036133,1243500,0.0,0.0
2024-08-13 00:00:00-04:00,55.085912539506005,55.542315081411424,54.35169662806846,55.19505310058594,1125200,0.0,0.0
2024-08-14 00:00:00-04:00,55.46294061822451,55.54231316043729,54.63942825664627,55.18512725830078,1716900,0.0,0.0
2024-08-15 00:00:00-04:00,55.683007231095125,57.296144348514,55.683007231095125,57.15673828125,1590700,0.2,0.0
2024-08-16 00:00:00-04:00,56.41987362889642,56.638942480003024,55.742755178685535,56.2705078125,873200,0.0,0.0
2024-08-19 00:00:00-04:00,56.60906883549891,57.59487489825717,56.509494153759164,56.858009338378906,880100,0.0,0.0
2024-08-20 00:00:00-04:00,56.61902926157714,56.8679697674416,54.96606445457837,55.692970275878906,1090700,0.0,0.0
2024-08-21 00:00:00-04:00,56.728560661091635,56.728560661091635,55.41415516423435,55.71288299560547,974700,0.0,0.0
2024-08-22 00:00:00-04:00,55.712882659589575,56.230679336824124,55.24487332086153,55.523685455322266,835400,0.0,0.0
2024-08-23 00:00:00-04:00,56.00165669709884,57.23639945313515,55.70292505749692,57.02729034423828,1145300,0.0,0.0
2024-08-26 00:00:00-04:00,58.15250029044707,59.128346560575714,57.555040832174335,57.883644104003906,1062100,0.0,0.0
2024-08-27 00:00:00-04:00,57.69444911264846,57.69444911264846,56.519449644690404,56.93767166137695,659000,0.0,0.0
2024-08-28 00:00:00-04:00,56.35017059630919,57.17665106441712,56.021567319636894,57.0870361328125,1042600,0.0,0.0
2024-08-29 00:00:00-04:00,57.58491627413276,58.351649644674204,56.897838087045635,57.883644104003906,739600,0.0,0.0
2024-08-30 00:00:00-04:00,57.017330480625375,57.236399336278026,55.76267203127514,56.47962188720703,1185600,0.0,0.0
2024-09-03 00:00:00-04:00,55.055680362451135,55.07559605772164,52.9844936366846,53.08407211303711,1797900,0.0,0.0
2024-09-04 00:00:00-04:00,53.30313697168032,53.552077463867924,51.57051327323164,51.80949401855469,1865800,0.0,0.0
2024-09-05 00:00:00-04:00,52.29741849801463,52.307374446242775,51.08258769353834,51.251869201660156,1493800,0.0,0.0
2024-09-06 00:00:00-04:00,51.221994174016885,52.00864703896465,49.94742007280665,50.4453010559082,1595900,0.0,0.0
2024-09-09 00:00:00-04:00,50.664371183011454,50.664371183011454,49.48937172934679,49.65864944458008,2371000,0.0,0.0
2024-09-10 00:00:00-04:00,49.95737635251261,50.00716748997742,48.62305895553835,49.00144577026367,1795000,0.0,0.0
2024-09-11 00:00:00-04:00,49.2802619934082,49.56903008032571,48.01564382473327,49.2802619934082,1223100,0.0,0.0
2024-09-12 00:00:00-04:00,49.330048811985236,50.07687028807029,48.44382126812918,49.44953918457031,1505500,0.0,0.0
2024-09-13 00:00:00-04:00,50.07687019481563,51.15229114313959,49.57898921168611,49.62877655029297,1830300,0.0,0.0
2024-09-16 00:00:00-04:00,50.21627682567791,50.69424211902066,49.52920242872218,50.186405181884766,2159000,0.0,0.0
2024-09-17 00:00:00-04:00,50.046995734564284,51.958860722521244,50.046995734564284,51.73979187011719,1436300,0.0,0.0
2024-09-18 00:00:00-04:00,51.779623835438244,52.50652963730438,50.9630993019157,51.48089599609375,1122400,0.0,0.0
2024-09-19 00:00:00-04:00,52.95462128850255,53.42263062480648,51.80949351613226,51.97877502441406,1312300,0.0,0.0
2024-09-20 00:00:00-04:00,51.67008744962396,52.1082251426848,50.78385991379515,51.97877502441406,2146900,0.0,0.0
2024-09-23 00:00:00-04:00,51.97877737544432,53.3529300047363,51.73979282309895,52.307376861572266,1172000,0.0,0.0
2024-09-24 00:00:00-04:00,53.2135187301089,53.45250327615205,51.71987576329809,51.729835510253906,1074700,0.0,0.0
2024-09-25 00:00:00-04:00,51.36140366716047,51.79953756163796,50.10674147167651,50.345726013183594,1090800,0.0,0.0
2024-09-26 00:00:00-04:00,48.941703040124324,49.75822756324054,46.95017907183492,47.199119567871094,2394300,0.0,0.0
2024-09-27 00:00:00-04:00,48.17496772981216,49.32009177698887,47.95589886925198,49.150814056396484,1694800,0.0,0.0
2024-09-30 00:00:00-04:00,48.80229376376134,49.539159312323214,48.344244157143976,49.21055603027344,1542600,0.0,0.0
2024-10-01 00:00:00-04:00,48.43386192910618,50.803776496760364,48.25462446945407,50.276023864746094,1521000,0.0,0.0
2024-10-02 00:00:00-04:00,51.54063873233315,51.81945467145895,50.295936249632064,50.92326736450195,1464000,0.0,0.0
2024-10-03 00:00:00-04:00,51.062673881786765,53.333013813108174,50.68428705867533,53.20356369018555,1546700,0.0,0.0
2024-10-04 00:00:00-04:00,54.19932618665895,54.488098079493234,53.532163668680795,53.85081100463867,1425900,0.0,0.0
2024-10-07 00:00:00-04:00,54.01013056833396,55.16521429398304,53.90059614459071,54.79677963256836,2895700,0.0,0.0
2024-10-08 00:00:00-04:00,53.50229209193502,53.69148550548157,52.15801490411714,52.944664001464844,1077500,0.0,0.0
2024-10-09 00:00:00-04:00,52.16796966765339,52.96457849413424,51.83937018858713,52.825172424316406,976800,0.0,0.0
2024-10-10 00:00:00-04:00,52.92474947314735,54.089789138204026,52.51648722318769,53.970298767089844,1214800,0.0,0.0
2024-10-11 00:00:00-04:00,53.522205265689664,55.045719846560026,53.502289570697386,54.517967224121094,1329100,0.0,0.0
2024-10-14 00:00:00-04:00,53.801017946234744,54.27898323532405,52.89487470677849,53.442543029785156,884000,0.0,0.0
2024-10-15 00:00:00-04:00,51.391275683507246,51.7099192088098,50.42538536076049,50.4453010559082,1900800,0.0,0.0
2024-10-16 00:00:00-04:00,50.83364913064068,51.90907390949998,50.53492129157883,51.57051467895508,1265800,0.0,0.0
2024-10-17 00:00:00-04:00,51.560556234931845,52.426871928195695,51.16225370562643,52.237674713134766,1022700,0.0,0.0
2024-10-18 00:00:00-04:00,52.07835262484215,52.38704021696346,51.012887572673606,51.32157516479492,875900,0.0,0.0
2024-10-21 00:00:00-04:00,52.08831236431724,52.24763413475215,50.56479389859466,50.594669342041016,1144500,0.0,0.0
2024-10-22 00:00:00-04:00,51.012886549861165,51.17220831712567,50.056955946274115,50.116703033447266,1986500,0.0,0.0
2024-10-23 00:00:00-04:00,50.734073304639075,51.18216695237696,49.130895919693785,50.54487609863281,3530800,0.0,0.0
2024-10-24 00:00:00-04:00,51.22199454323192,52.25758790719515,50.74402925183284,52.17792892456055,2382300,0.0,0.0
2024-10-25 00:00:00-04:00,52.8749582728116,53.63173948552704,49.78809773279073,51.61034393310547,5064900,0.0,0.0
2024-10-28 00:00:00-04:00,49.97729254742453,50.77390517245967,49.618821424395335,50.46521759033203,2128800,0.0,0.0
2024-10-29 00:00:00-04:00,50.554836002635824,51.082588634650094,49.83788616402738,50.276023864746094,1382300,0.0,0.0
2024-10-30 00:00:00-04:00,50.395516088266284,51.69996189430324,49.99720976363371,51.50081253051758,1597800,0.0,0.0
2024-10-31 00:00:00-04:00,51.91902798482196,52.80525552142614,51.67008749483065,51.889156341552734,2420500,0.0,0.0
2024-11-01 00:00:00-04:00,52.40695415124177,53.31309740248817,51.0925486395114,51.371360778808594,1665800,0.0,0.0
2024-11-04 00:00:00-05:00,51.899114867160336,53.07411434215337,51.61034677131303,52.5861930847168,1480800,0.0,0.0
2024-11-05 00:00:00-05:00,52.606107796818534,53.18364777624182,52.11818274997718,52.83513259887695,1256600,0.0,0.0
2024-11-06 00:00:00-05:00,55.015850991685,58.00313701838283,54.44826695049486,57.12686538696289,2181000,0.0,0.0
2024-11-07 00:00:00-05:00,57.16669639989366,57.46542424087645,55.912037948353685,56.300384521484375,1371300,0.0,0.0
2024-11-08 00:00:00-05:00,56.091273284505654,56.3900011141545,55.24487333554842,56.340213775634766,938800,0.0,0.0
2024-11-11 00:00:00-05:00,56.29042519677399,57.05716240012064,55.9419100127667,57.03724670410156,1349800,0.0,0.0
2024-11-12 00:00:00-05:00,57.00737339840533,57.93343234439287,56.89783897275705,56.99741744995117,1337800,0.0,0.0
2024-11-13 00:00:00-05:00,57.20652741775577,58.35165143379422,56.14106238614452,57.744239807128906,1565500,0.0,0.0
2024-11-14 00:00:00-05:00,58.37156700586363,58.86944800270304,57.53512677923221,58.7400016784668,1662000,0.0,0.0
2024-11-15 00:00:00-05:00,58.810001373291016,59.209999084472656,57.02000045776367,57.529998779296875,1402800,0.25,0.0
2024-11-18 00:00:00-05:00,58.22999954223633,59.119998931884766,57.939998626708984,58.81999969482422,933900,0.0,0.0
2024-11-19 00:00:00-05:00,58.11000061035156,58.869998931884766,57.630001068115234,57.77000045776367,1117300,0.0,0.0
2024-11-20 00:00:00-05:00,57.86000061035156,59.279998779296875,57.86000061035156,59.18000030517578,971700,0.0,0.0
2024-11-21 00:00:00-05:00,59.869998931884766,60.689998626708984,59.58000183105469,60.15999984741211,1004000,0.0,0.0
2024-11-22 00:00:00-05:00,59.900001525878906,61.16999816894531,59.720001220703125,60.90999984741211,1449800,0.0,0.0
2024-11-25 00:00:00-05:00,61.060001373291016,61.189998626708984,59.029998779296875,59.189998626708984,1243900,0.0,0.0
2024-11-26 00:00:00-05:00,59.189998626708984,59.470001220703125,58.349998474121094,58.849998474121094,933200,0.0,0.0
2024-11-27 00:00:00-05:00,59.060001373291016,60.16999816894531,58.810001373291016,59.560001373291016,947700,0.0,0.0
2024-11-29 00:00:00-05:00,59.88999938964844,60.459999084472656,59.70000076293945,60.0099983215332,589700,0.0,0.0
2024-12-02 00:00:00-05:00,60.20000076293945,60.31999969482422,58.33000183105469,58.88999938964844,1053800,0.0,0.0
2024-12-03 00:00:00-05:00,59.81999969482422,59.849998474121094,58.59000015258789,59.43000030517578,936000,0.0,0.0
2024-12-04 00:00:00-05:00,59.31999969482422,59.349998474121094,57.119998931884766,57.540000915527344,1401100,0.0,0.0
2024-12-05 00:00:00-05:00,58.08000183105469,59.04999923706055,57.90999984741211,58.099998474121094,1054600,0.0,0.0
2024-12-06 00:00:00-05:00,57.68000030517578,57.68000030517578,54.560001373291016,55.29999923706055,1449000,0.0,0.0
2024-12-09 00:00:00-05:00,56.279998779296875,57.369998931884766,55.619998931884766,56.40999984741211,1204300,0.0,0.0
2024-12-10 00:00:00-05:00,57.619998931884766,57.334999084472656,56.029998779296875,56.22999954223633,1078388,0.0,0.0
