Date,Open,High,Low,Close,Volume,Dividends,Stock Splits
2022-09-16 00:00:00-04:00,2.700000047683716,2.950000047683716,1.9500000476837158,2.25,3301100,0.0,0.0
2022-09-19 00:00:00-04:00,1.8799999952316284,1.9299999475479126,1.5099999904632568,1.690000057220459,844200,0.0,0.0
2022-09-20 00:00:00-04:00,1.649999976158142,1.850000023841858,1.5499999523162842,1.600000023841858,1148100,0.0,0.0
2022-09-21 00:00:00-04:00,1.6200000047683716,1.6799999475479126,1.350000023841858,1.399999976158142,546600,0.0,0.0
2022-09-22 00:00:00-04:00,1.3700000047683716,1.3899999856948853,1.2599999904632568,1.2899999618530273,169900,0.0,0.0
2022-09-23 00:00:00-04:00,1.2400000095367432,1.2799999713897705,1.2300000190734863,1.2300000190734863,92000,0.0,0.0
2022-09-26 00:00:00-04:00,1.2200000286102295,1.2599999904632568,1.1200000047683716,1.149999976158142,124300,0.0,0.0
2022-09-27 00:00:00-04:00,1.1399999856948853,1.2200000286102295,1.090000033378601,1.100000023841858,120400,0.0,0.0
2022-09-28 00:00:00-04:00,1.1299999952316284,1.1890000104904175,1.090000033378601,1.149999976158142,344300,0.0,0.0
2022-09-29 00:00:00-04:00,1.1200000047683716,1.1799999475479126,1.0800000429153442,1.1399999856948853,127500,0.0,0.0
2022-09-30 00:00:00-04:00,1.1299999952316284,1.2300000190734863,1.0399999618530273,1.0800000429153442,328600,0.0,0.0
2022-10-03 00:00:00-04:00,1.100000023841858,1.1200000047683716,1.0399999618530273,1.090000033378601,127500,0.0,0.0
2022-10-04 00:00:00-04:00,1.090000033378601,1.156000018119812,1.0800000429153442,1.1200000047683716,146900,0.0,0.0
2022-10-05 00:00:00-04:00,1.1200000047683716,1.1699999570846558,1.100000023841858,1.1100000143051147,95800,0.0,0.0
2022-10-06 00:00:00-04:00,1.100000023841858,1.1799999475479126,1.0700000524520874,1.100000023841858,196600,0.0,0.0
2022-10-07 00:00:00-04:00,1.0700000524520874,1.2000000476837158,1.0700000524520874,1.1100000143051147,280900,0.0,0.0
2022-10-10 00:00:00-04:00,1.0700000524520874,1.1449999809265137,1.0700000524520874,1.1200000047683716,146500,0.0,0.0
2022-10-11 00:00:00-04:00,1.1399999856948853,1.649999976158142,1.1230000257492065,1.25,2632900,0.0,0.0
2022-10-12 00:00:00-04:00,1.2599999904632568,1.3300000429153442,1.1699999570846558,1.25,278700,0.0,0.0
2022-10-13 00:00:00-04:00,1.190000057220459,1.3799999952316284,1.1200000047683716,1.3250000476837158,118900,0.0,0.0
2022-10-14 00:00:00-04:00,1.2899999618530273,1.3530000448226929,1.2100000381469727,1.2799999713897705,93400,0.0,0.0
2022-10-17 00:00:00-04:00,1.25,1.4329999685287476,1.2300000190734863,1.309999942779541,224500,0.0,0.0
2022-10-18 00:00:00-04:00,1.3650000095367432,1.3799999952316284,1.2699999809265137,1.3049999475479126,191400,0.0,0.0
2022-10-19 00:00:00-04:00,1.2799999713897705,1.3300000429153442,1.2799999713897705,1.309999942779541,65500,0.0,0.0
2022-10-20 00:00:00-04:00,1.2999999523162842,1.350000023841858,1.2200000286102295,1.3200000524520874,84400,0.0,0.0
2022-10-21 00:00:00-04:00,1.2740000486373901,1.399999976158142,1.2740000486373901,1.350000023841858,106200,0.0,0.0
2022-10-24 00:00:00-04:00,1.340000033378601,1.3650000095367432,1.2300000190734863,1.25,75300,0.0,0.0
2022-10-25 00:00:00-04:00,1.25,1.350000023841858,1.25,1.2899999618530273,18900,0.0,0.0
2022-10-26 00:00:00-04:00,1.2899999618530273,1.350000023841858,1.2699999809265137,1.309999942779541,35000,0.0,0.0
2022-10-27 00:00:00-04:00,1.2999999523162842,1.399999976158142,1.2200000286102295,1.3799999952316284,166600,0.0,0.0
2022-10-28 00:00:00-04:00,1.340000033378601,1.4800000190734863,1.340000033378601,1.4780000448226929,141000,0.0,0.0
2022-10-31 00:00:00-04:00,1.3700000047683716,1.590000033378601,1.3600000143051147,1.4700000286102295,373900,0.0,0.0
2022-11-01 00:00:00-04:00,1.4739999771118164,1.9700000286102295,1.4240000247955322,1.4850000143051147,1108800,0.0,0.0
2022-11-02 00:00:00-04:00,1.440000057220459,1.5099999904632568,1.3300000429153442,1.4210000038146973,69000,0.0,0.0
2022-11-03 00:00:00-04:00,1.340000033378601,1.6619999408721924,1.340000033378601,1.590000033378601,303800,0.0,0.0
2022-11-04 00:00:00-04:00,1.590000033378601,1.659999966621399,1.5399999618530273,1.6100000143051147,134900,0.0,0.0
2022-11-07 00:00:00-05:00,1.715000033378601,1.7599999904632568,1.6200000047683716,1.6449999809265137,75900,0.0,0.0
2022-11-08 00:00:00-05:00,1.649999976158142,1.8700000047683716,1.5,1.7200000286102295,173500,0.0,0.0
2022-11-09 00:00:00-05:00,1.7599999904632568,1.8899999856948853,1.649999976158142,1.7599999904632568,155400,0.0,0.0
2022-11-10 00:00:00-05:00,1.840000033378601,1.8700000047683716,1.6670000553131104,1.850000023841858,56700,0.0,0.0
2022-11-11 00:00:00-05:00,1.7899999618530273,1.899999976158142,1.7899999618530273,1.8200000524520874,31200,0.0,0.0
2022-11-14 00:00:00-05:00,1.8200000524520874,1.8899999856948853,1.6699999570846558,1.8899999856948853,82800,0.0,0.0
2022-11-15 00:00:00-05:00,1.8799999952316284,1.8899999856948853,1.809999942779541,1.8200000524520874,26500,0.0,0.0
2022-11-16 00:00:00-05:00,1.75,1.878999948501587,1.7000000476837158,1.7999999523162842,13300,0.0,0.0
2022-11-17 00:00:00-05:00,1.7200000286102295,1.809999942779541,1.7100000381469727,1.7400000095367432,28000,0.0,0.0
2022-11-18 00:00:00-05:00,1.7039999961853027,1.843000054359436,1.659999966621399,1.7999999523162842,46800,0.0,0.0
2022-11-21 00:00:00-05:00,1.7999999523162842,3.2300000190734863,1.6150000095367432,2.049999952316284,3991400,0.0,0.0
2022-11-22 00:00:00-05:00,2.049999952316284,2.4700000286102295,2.049999952316284,2.240000009536743,589200,0.0,0.0
2022-11-23 00:00:00-05:00,2.049999952316284,2.2799999713897705,2.0,2.180000066757202,157600,0.0,0.0
2022-11-25 00:00:00-05:00,2.190000057220459,2.4100000858306885,2.140000104904175,2.2899999618530273,190200,0.0,0.0
2022-11-28 00:00:00-05:00,2.2300000190734863,2.3499999046325684,2.1700000762939453,2.2100000381469727,156500,0.0,0.0
2022-11-29 00:00:00-05:00,2.1689999103546143,2.2170000076293945,2.002000093460083,2.2100000381469727,28400,0.0,0.0
2022-11-30 00:00:00-05:00,2.299999952316284,2.359999895095825,2.2200000286102295,2.3399999141693115,101000,0.0,0.0
2022-12-01 00:00:00-05:00,2.3420000076293945,2.4000000953674316,2.319999933242798,2.390000104904175,29800,0.0,0.0
2022-12-02 00:00:00-05:00,2.4200000762939453,2.4200000762939453,2.2799999713897705,2.3499999046325684,150700,0.0,0.0
2022-12-05 00:00:00-05:00,2.390000104904175,2.4100000858306885,2.299999952316284,2.369999885559082,45500,0.0,0.0
2022-12-06 00:00:00-05:00,2.390000104904175,2.3959999084472656,2.2200000286102295,2.2869999408721924,40200,0.0,0.0
2022-12-07 00:00:00-05:00,2.200000047683716,2.365999937057495,2.109999895095825,2.119999885559082,23300,0.0,0.0
2022-12-08 00:00:00-05:00,2.180000066757202,2.250999927520752,1.649999976158142,2.2100000381469727,149000,0.0,0.0
2022-12-09 00:00:00-05:00,2.319999933242798,2.319999933242798,2.055000066757202,2.2200000286102295,147100,0.0,0.0
2022-12-12 00:00:00-05:00,2.240000009536743,2.240000009536743,1.7000000476837158,2.140000104904175,36400,0.0,0.0
2022-12-13 00:00:00-05:00,2.013000011444092,2.194999933242798,1.8200000524520874,1.9500000476837158,55900,0.0,0.0
2022-12-14 00:00:00-05:00,2.059999942779541,2.183000087738037,1.350000023841858,1.559999942779541,255000,0.0,0.0
2022-12-15 00:00:00-05:00,1.600000023841858,2.2899999618530273,1.0199999809265137,1.2000000476837158,1987900,0.0,0.0
2022-12-16 00:00:00-05:00,1.1799999475479126,1.1990000009536743,0.699999988079071,0.7400000095367432,706300,0.0,0.0
2022-12-19 00:00:00-05:00,0.8899999856948853,0.8989999890327454,0.7929999828338623,0.800000011920929,114900,0.0,0.0
2022-12-20 00:00:00-05:00,0.7900000214576721,0.8899999856948853,0.7699999809265137,0.8199999928474426,62300,0.0,0.0
2022-12-21 00:00:00-05:00,0.828000009059906,0.8410000205039978,0.7599999904632568,0.7599999904632568,97200,0.0,0.0
2022-12-22 00:00:00-05:00,0.699999988079071,0.7730000019073486,0.699999988079071,0.7400000095367432,63700,0.0,0.0
2022-12-23 00:00:00-05:00,0.7400000095367432,0.800000011920929,0.7400000095367432,0.781000018119812,57300,0.0,0.0
2022-12-27 00:00:00-05:00,0.8399999737739563,0.8399999737739563,0.7400000095367432,0.7950000166893005,57900,0.0,0.0
2022-12-28 00:00:00-05:00,0.7900000214576721,0.7900000214576721,0.6510000228881836,0.746999979019165,69000,0.0,0.0
2022-12-29 00:00:00-05:00,0.7300000190734863,0.7789999842643738,0.6800000071525574,0.7490000128746033,77000,0.0,0.0
2022-12-30 00:00:00-05:00,0.7269999980926514,0.800000011920929,0.6909999847412109,0.7490000128746033,121600,0.0,0.0
2023-01-03 00:00:00-05:00,0.75,0.800000011920929,0.7210000157356262,0.7850000262260437,15300,0.0,0.0
2023-01-04 00:00:00-05:00,0.7490000128746033,0.7960000038146973,0.7490000128746033,0.7900000214576721,17600,0.0,0.0
2023-01-05 00:00:00-05:00,0.7900000214576721,0.796999990940094,0.746999979019165,0.7680000066757202,110800,0.0,0.0
2023-01-06 00:00:00-05:00,0.7689999938011169,0.796999990940094,0.75,0.753000020980835,47800,0.0,0.0
2023-01-09 00:00:00-05:00,0.7609999775886536,0.777999997138977,0.75,0.7699999809265137,31300,0.0,0.0
2023-01-10 00:00:00-05:00,0.7599999904632568,0.9769999980926514,0.7599999904632568,0.9089999794960022,171500,0.0,0.0
2023-01-11 00:00:00-05:00,0.8989999890327454,1.0299999713897705,0.8799999952316284,0.9300000071525574,93200,0.0,0.0
2023-01-12 00:00:00-05:00,0.8870000243186951,1.0,0.8799999952316284,0.9760000109672546,45800,0.0,0.0
2023-01-13 00:00:00-05:00,1.0,1.0199999809265137,0.8999999761581421,0.9300000071525574,26900,0.0,0.0
2023-01-17 00:00:00-05:00,0.9020000100135803,0.9900000095367432,0.8610000014305115,0.925000011920929,31700,0.0,0.0
2023-01-18 00:00:00-05:00,0.9300000071525574,1.0199999809265137,0.8999999761581421,0.9900000095367432,26300,0.0,0.0
2023-01-19 00:00:00-05:00,1.0199999809265137,1.0199999809265137,0.9300000071525574,1.0,28100,0.0,0.0
2023-01-20 00:00:00-05:00,0.9950000047683716,1.1399999856948853,0.9549999833106995,1.1390000581741333,130700,0.0,0.0
2023-01-23 00:00:00-05:00,1.1399999856948853,1.1399999856948853,0.9559999704360962,1.0199999809265137,96900,0.0,0.0
2023-01-24 00:00:00-05:00,1.0099999904632568,1.090000033378601,1.0,1.059999942779541,28000,0.0,0.0
2023-01-25 00:00:00-05:00,1.0099999904632568,1.1200000047683716,0.949999988079071,1.0499999523162842,45600,0.0,0.0
2023-01-26 00:00:00-05:00,1.0499999523162842,1.1200000047683716,1.0399999618530273,1.0499999523162842,14100,0.0,0.0
2023-01-27 00:00:00-05:00,1.1100000143051147,1.1399999856948853,1.0399999618530273,1.1180000305175781,12900,0.0,0.0
2023-01-30 00:00:00-05:00,1.100000023841858,1.1200000047683716,1.0299999713897705,1.059999942779541,67300,0.0,0.0
2023-01-31 00:00:00-05:00,1.0399999618530273,1.0800000429153442,1.0399999618530273,1.059999942779541,20800,0.0,0.0
2023-02-01 00:00:00-05:00,1.0640000104904175,1.100000023841858,0.9990000128746033,1.100000023841858,32300,0.0,0.0
2023-02-02 00:00:00-05:00,1.100000023841858,1.100000023841858,1.0399999618530273,1.0700000524520874,15900,0.0,0.0
2023-02-03 00:00:00-05:00,1.0850000381469727,1.090000033378601,1.0299999713897705,1.0800000429153442,10900,0.0,0.0
2023-02-06 00:00:00-05:00,1.0700000524520874,1.1299999952316284,1.0499999523162842,1.059999942779541,110400,0.0,0.0
2023-02-07 00:00:00-05:00,1.0800000429153442,1.0950000286102295,0.9599999785423279,1.0499999523162842,26500,0.0,0.0
2023-02-08 00:00:00-05:00,1.0199999809265137,1.1299999952316284,1.0199999809265137,1.090000033378601,268800,0.0,0.0
2023-02-09 00:00:00-05:00,1.090000033378601,1.1799999475479126,1.0160000324249268,1.1399999856948853,201200,0.0,0.0
2023-02-10 00:00:00-05:00,1.1200000047683716,1.25,1.1200000047683716,1.2200000286102295,80300,0.0,0.0
2023-02-13 00:00:00-05:00,1.2000000476837158,1.3700000047683716,1.149999976158142,1.1950000524520874,114500,0.0,0.0
2023-02-14 00:00:00-05:00,1.1799999475479126,1.2699999809265137,1.0299999713897705,1.1399999856948853,159500,0.0,0.0
2023-02-15 00:00:00-05:00,1.1200000047683716,1.1399999856948853,1.0499999523162842,1.1399999856948853,22000,0.0,0.0
2023-02-16 00:00:00-05:00,1.159999966621399,1.2100000381469727,1.0700000524520874,1.1399999856948853,16700,0.0,0.0
2023-02-17 00:00:00-05:00,1.0700000524520874,1.1100000143051147,1.0399999618530273,1.100000023841858,76300,0.0,0.0
2023-02-21 00:00:00-05:00,1.0499999523162842,1.090000033378601,0.9729999899864197,1.0499999523162842,23700,0.0,0.0
2023-02-22 00:00:00-05:00,1.0099999904632568,1.0499999523162842,0.8759999871253967,0.9869999885559082,472500,0.0,0.0
2023-02-23 00:00:00-05:00,0.8999999761581421,0.949999988079071,0.8100000023841858,0.8840000033378601,89100,0.0,0.0
2023-02-24 00:00:00-05:00,0.8140000104904175,0.9010000228881836,0.8140000104904175,0.878000020980835,25600,0.0,0.0
2023-02-27 00:00:00-05:00,0.878000020980835,0.8799999952316284,0.8600000143051147,0.8600000143051147,29200,0.0,0.0
2023-02-28 00:00:00-05:00,0.875,0.8999999761581421,0.8600000143051147,0.8899999856948853,30200,0.0,0.0
2023-03-01 00:00:00-05:00,0.8889999985694885,0.8999999761581421,0.8399999737739563,0.8489999771118164,37200,0.0,0.0
2023-03-02 00:00:00-05:00,0.8510000109672546,0.9929999709129333,0.8510000109672546,0.9649999737739563,45000,0.0,0.0
2023-03-03 00:00:00-05:00,0.9599999785423279,1.1399999856948853,0.8939999938011169,0.9599999785423279,59000,0.0,0.0
2023-03-06 00:00:00-05:00,0.9309999942779541,1.0499999523162842,0.9300000071525574,0.9710000157356262,76500,0.0,0.0
2023-03-07 00:00:00-05:00,0.9419999718666077,0.9700000286102295,0.8799999952316284,0.9700000286102295,95900,0.0,0.0
2023-03-08 00:00:00-05:00,0.9419999718666077,1.0499999523162842,0.9200000166893005,0.9900000095367432,40200,0.0,0.0
2023-03-09 00:00:00-05:00,0.9800000190734863,1.0499999523162842,0.9649999737739563,1.0160000324249268,50800,0.0,0.0
2023-03-10 00:00:00-05:00,1.0800000429153442,1.0800000429153442,0.9399999976158142,1.0199999809265137,45900,0.0,0.0
2023-03-13 00:00:00-04:00,0.9800000190734863,1.0399999618530273,0.9700000286102295,0.9850000143051147,8000,0.0,0.0
2023-03-14 00:00:00-04:00,0.9890000224113464,1.0299999713897705,0.9100000262260437,0.9459999799728394,27500,0.0,0.0
2023-03-15 00:00:00-04:00,1.0,1.0,0.921999990940094,0.9990000128746033,12800,0.0,0.0
2023-03-16 00:00:00-04:00,0.9620000123977661,1.0399999618530273,0.9300000071525574,1.0399999618530273,73200,0.0,0.0
2023-03-17 00:00:00-04:00,1.0199999809265137,1.0800000429153442,0.9599999785423279,1.0800000429153442,94500,0.0,0.0
2023-03-20 00:00:00-04:00,1.090000033378601,1.090000033378601,1.0399999618530273,1.090000033378601,31200,0.0,0.0
2023-03-21 00:00:00-04:00,1.100000023841858,1.1299999952316284,1.0499999523162842,1.100000023841858,31400,0.0,0.0
2023-03-22 00:00:00-04:00,1.0950000286102295,1.0950000286102295,1.059999942779541,1.090000033378601,3700,0.0,0.0
2023-03-23 00:00:00-04:00,1.059999942779541,1.1100000143051147,1.0399999618530273,1.0399999618530273,86900,0.0,0.0
2023-03-24 00:00:00-04:00,1.0099999904632568,1.0399999618530273,1.0049999952316284,1.0299999713897705,17900,0.0,0.0
2023-03-27 00:00:00-04:00,1.0,1.0199999809265137,0.8299999833106995,0.843999981880188,78500,0.0,0.0
2023-03-28 00:00:00-04:00,0.7860000133514404,0.9240000247955322,0.75,0.8379999995231628,46200,0.0,0.0
2023-03-29 00:00:00-04:00,0.8500000238418579,0.8899999856948853,0.7210000157356262,0.8399999737739563,64000,0.0,0.0
2023-03-30 00:00:00-04:00,0.8149999976158142,0.8460000157356262,0.7799999713897705,0.8299999833106995,32300,0.0,0.0
2023-03-31 00:00:00-04:00,0.8199999928474426,0.8500000238418579,0.7799999713897705,0.800000011920929,10900,0.0,0.0
2023-04-03 00:00:00-04:00,0.8500000238418579,0.8500000238418579,0.8109999895095825,0.8399999737739563,20000,0.0,0.0
2023-04-04 00:00:00-04:00,0.800000011920929,0.8320000171661377,0.75,0.7789999842643738,50600,0.0,0.0
2023-04-05 00:00:00-04:00,0.7699999809265137,0.7850000262260437,0.7699999809265137,0.7739999890327454,10300,0.0,0.0
2023-04-06 00:00:00-04:00,0.7350000143051147,0.7900000214576721,0.7210000157356262,0.7210000157356262,19500,0.0,0.0
2023-04-10 00:00:00-04:00,0.7900000214576721,0.8130000233650208,0.7570000290870667,0.8130000233650208,7000,0.0,0.0
2023-04-11 00:00:00-04:00,0.8299999833106995,0.8399999737739563,0.7950000166893005,0.8370000123977661,13800,0.0,0.0
2023-04-12 00:00:00-04:00,0.8399999737739563,0.8399999737739563,0.8069999814033508,0.8399999737739563,1300,0.0,0.0
2023-04-13 00:00:00-04:00,0.8399999737739563,0.8399999737739563,0.800000011920929,0.8399999737739563,17600,0.0,0.0
2023-04-14 00:00:00-04:00,0.8199999928474426,0.8399999737739563,0.75,0.7599999904632568,97900,0.0,0.0
2023-04-17 00:00:00-04:00,0.8100000023841858,0.8399999737739563,0.7400000095367432,0.7900000214576721,12300,0.0,0.0
2023-04-18 00:00:00-04:00,0.7900000214576721,0.8399999737739563,0.7630000114440918,0.8399999737739563,2800,0.0,0.0
2023-04-19 00:00:00-04:00,0.7749999761581421,0.800000011920929,0.7749999761581421,0.800000011920929,4700,0.0,0.0
2023-04-20 00:00:00-04:00,0.8399999737739563,0.8399999737739563,0.7549999952316284,0.7799999713897705,139100,0.0,0.0
2023-04-21 00:00:00-04:00,0.8100000023841858,0.8399999737739563,0.7919999957084656,0.8399999737739563,22800,0.0,0.0
2023-04-24 00:00:00-04:00,0.8100000023841858,0.8399999737739563,0.8100000023841858,0.824999988079071,12900,0.0,0.0
2023-04-25 00:00:00-04:00,0.8199999928474426,0.8999999761581421,0.8100000023841858,0.875,74700,0.0,0.0
2023-04-26 00:00:00-04:00,0.875,0.8799999952316284,0.8199999928474426,0.8289999961853027,22900,0.0,0.0
2023-04-27 00:00:00-04:00,0.8560000061988831,0.8560000061988831,0.8199999928474426,0.8299999833106995,11600,0.0,0.0
2023-04-28 00:00:00-04:00,0.8100000023841858,0.8199999928474426,0.7509999871253967,0.8199999928474426,36900,0.0,0.0
2023-05-01 00:00:00-04:00,0.8799999952316284,0.8799999952316284,0.8009999990463257,0.8700000047683716,4600,0.0,0.0
2023-05-02 00:00:00-04:00,0.8100000023841858,0.8799999952316284,0.7860000133514404,0.8659999966621399,30900,0.0,0.0
2023-05-03 00:00:00-04:00,0.8109999895095825,0.8399999737739563,0.7910000085830688,0.7910000085830688,5400,0.0,0.0
2023-05-04 00:00:00-04:00,0.8700000047683716,0.8700000047683716,0.8199999928474426,0.8700000047683716,9400,0.0,0.0
2023-05-05 00:00:00-04:00,0.8209999799728394,0.8700000047683716,0.7739999890327454,0.8399999737739563,6000,0.0,0.0
2023-05-08 00:00:00-04:00,0.7900000214576721,0.8709999918937683,0.7799999713897705,0.8600000143051147,3200,0.0,0.0
2023-05-09 00:00:00-04:00,0.8199999928474426,0.8600000143051147,0.7799999713897705,0.8600000143051147,2300,0.0,0.0
2023-05-10 00:00:00-04:00,0.7900000214576721,0.8500000238418579,0.7900000214576721,0.8500000238418579,10600,0.0,0.0
2023-05-11 00:00:00-04:00,0.8700000047683716,0.8700000047683716,0.7900000214576721,0.8500000238418579,400,0.0,0.0
2023-05-12 00:00:00-04:00,0.8610000014305115,0.8610000014305115,0.7739999890327454,0.8500000238418579,6900,0.0,0.0
2023-05-15 00:00:00-04:00,0.8610000014305115,0.8700000047683716,0.7710000276565552,0.8700000047683716,2800,0.0,0.0
2023-05-16 00:00:00-04:00,0.8709999918937683,0.8709999918937683,0.7710000276565552,0.7799999713897705,7800,0.0,0.0
2023-05-17 00:00:00-04:00,0.8399999737739563,0.8399999737739563,0.7200000286102295,0.7699999809265137,14800,0.0,0.0
2023-05-18 00:00:00-04:00,0.8190000057220459,0.8190000057220459,0.7310000061988831,0.7940000295639038,1500,0.0,0.0
2023-05-19 00:00:00-04:00,0.8100000023841858,0.8100000023841858,0.7549999952316284,0.7900000214576721,600,0.0,0.0
2023-05-22 00:00:00-04:00,0.7400000095367432,0.8100000023841858,0.7400000095367432,0.7860000133514404,11000,0.0,0.0
2023-05-23 00:00:00-04:00,0.7599999904632568,0.800000011920929,0.7300000190734863,0.7900000214576721,144500,0.0,0.0
2023-05-24 00:00:00-04:00,0.8100000023841858,0.8100000023841858,0.7900000214576721,0.8050000071525574,5900,0.0,0.0
2023-05-25 00:00:00-04:00,0.781000018119812,0.800000011920929,0.7099999785423279,0.7799999713897705,9600,0.0,0.0
2023-05-26 00:00:00-04:00,0.800000011920929,0.800000011920929,0.7310000061988831,0.7960000038146973,2700,0.0,0.0
2023-05-30 00:00:00-04:00,0.75,0.7900000214576721,0.75,0.7900000214576721,10800,0.0,0.0
2023-05-31 00:00:00-04:00,0.7950000166893005,0.890999972820282,0.7870000004768372,0.8600000143051147,137900,0.0,0.0
2023-06-01 00:00:00-04:00,0.8939999938011169,0.949999988079071,0.8600000143051147,0.921999990940094,45200,0.0,0.0
2023-06-02 00:00:00-04:00,0.8820000290870667,0.8899999856948853,0.800000011920929,0.8899999856948853,21400,0.0,0.0
2023-06-05 00:00:00-04:00,0.8899999856948853,0.921999990940094,0.8119999766349792,0.921999990940094,8500,0.0,0.0
2023-06-06 00:00:00-04:00,0.8999999761581421,0.9020000100135803,0.8349999785423279,0.8999999761581421,10300,0.0,0.0
2023-06-07 00:00:00-04:00,0.8700000047683716,0.8999999761581421,0.8399999737739563,0.8799999952316284,5600,0.0,0.0
2023-06-08 00:00:00-04:00,0.8420000076293945,0.921999990940094,0.8420000076293945,0.9160000085830688,39900,0.0,0.0
2023-06-09 00:00:00-04:00,0.9070000052452087,0.9100000262260437,0.8519999980926514,0.8799999952316284,13900,0.0,0.0
2023-06-12 00:00:00-04:00,0.8519999980926514,0.9240000247955322,0.8299999833106995,0.8550000190734863,13800,0.0,0.0
2023-06-13 00:00:00-04:00,0.875,0.9100000262260437,0.8299999833106995,0.8920000195503235,8400,0.0,0.0
2023-06-14 00:00:00-04:00,0.8500000238418579,0.8500000238418579,0.7799999713897705,0.7799999713897705,76900,0.0,0.0
2023-06-15 00:00:00-04:00,0.8489999771118164,0.9399999976158142,0.7799999713897705,0.9200000166893005,135400,0.0,0.0
2023-06-16 00:00:00-04:00,0.8920000195503235,0.9190000295639038,0.8349999785423279,0.9150000214576721,14700,0.0,0.0
2023-06-20 00:00:00-04:00,0.8149999976158142,0.9049999713897705,0.8149999976158142,0.8920000195503235,16900,0.0,0.0
2023-06-21 00:00:00-04:00,0.8999999761581421,0.9399999976158142,0.8209999799728394,0.8999999761581421,28200,0.0,0.0
2023-06-22 00:00:00-04:00,0.8410000205039978,0.9390000104904175,0.8349999785423279,0.8519999980926514,6000,0.0,0.0
2023-06-23 00:00:00-04:00,0.8309999704360962,0.8999999761581421,0.8309999704360962,0.8999999761581421,8900,0.0,0.0
2023-06-26 00:00:00-04:00,0.8510000109672546,0.8999999761581421,0.8500000238418579,0.8989999890327454,17600,0.0,0.0
2023-06-27 00:00:00-04:00,0.8399999737739563,0.8999999761581421,0.8399999737739563,0.8500000238418579,9500,0.0,0.0
2023-06-28 00:00:00-04:00,0.8999999761581421,0.8999999761581421,0.8500000238418579,0.8999999761581421,7100,0.0,0.0
2023-06-29 00:00:00-04:00,0.8500000238418579,0.9340000152587891,0.8500000238418579,0.9100000262260437,22800,0.0,0.0
2023-06-30 00:00:00-04:00,0.9020000100135803,0.9300000071525574,0.8510000109672546,0.8939999938011169,13600,0.0,0.0
2023-07-03 00:00:00-04:00,0.8650000095367432,0.9449999928474426,0.8650000095367432,0.9399999976158142,3000,0.0,0.0
2023-07-05 00:00:00-04:00,0.9449999928474426,0.9449999928474426,0.8700000047683716,0.9300000071525574,4100,0.0,0.0
2023-07-06 00:00:00-04:00,0.8830000162124634,0.9449999928474426,0.8700000047683716,0.925000011920929,6300,0.0,0.0
2023-07-07 00:00:00-04:00,0.925000011920929,0.949999988079071,0.8799999952316284,0.9399999976158142,37600,0.0,0.0
2023-07-10 00:00:00-04:00,0.9399999976158142,0.949999988079071,0.9100000262260437,0.949999988079071,20000,0.0,0.0
2023-07-11 00:00:00-04:00,0.8870000243186951,0.9350000023841858,0.8410000205039978,0.8429999947547913,38600,0.0,0.0
2023-07-12 00:00:00-04:00,0.8479999899864197,0.8799999952316284,0.8320000171661377,0.8349999785423279,19600,0.0,0.0
2023-07-13 00:00:00-04:00,0.8199999928474426,0.8830000162124634,0.781000018119812,0.800000011920929,32200,0.0,0.0
2023-07-14 00:00:00-04:00,0.7900000214576721,0.8500000238418579,0.7799999713897705,0.8149999976158142,12200,0.0,0.0
2023-07-17 00:00:00-04:00,0.8190000057220459,0.8199999928474426,0.7630000114440918,0.8199999928474426,7300,0.0,0.0
2023-07-18 00:00:00-04:00,0.8180000185966492,0.8299999833106995,0.7799999713897705,0.8199999928474426,92800,0.0,0.0
2023-07-19 00:00:00-04:00,0.800000011920929,0.8289999961853027,0.7699999809265137,0.7910000085830688,109700,0.0,0.0
2023-07-20 00:00:00-04:00,0.7680000066757202,0.8100000023841858,0.7680000066757202,0.8100000023841858,6600,0.0,0.0
2023-07-21 00:00:00-04:00,0.8199999928474426,0.8199999928474426,0.7699999809265137,0.7799999713897705,8600,0.0,0.0
2023-07-24 00:00:00-04:00,0.7799999713897705,0.8100000023841858,0.7799999713897705,0.7979999780654907,5300,0.0,0.0
2023-07-25 00:00:00-04:00,0.7900000214576721,0.800000011920929,0.777999997138977,0.7900000214576721,3900,0.0,0.0
2023-07-26 00:00:00-04:00,0.7609999775886536,0.8289999961853027,0.7609999775886536,0.8289999961853027,4200,0.0,0.0
2023-07-27 00:00:00-04:00,0.7960000038146973,0.7960000038146973,0.7599999904632568,0.7860000133514404,5400,0.0,0.0
2023-07-28 00:00:00-04:00,0.8100000023841858,0.8100000023841858,0.7149999737739563,0.7649999856948853,12700,0.0,0.0
2023-07-31 00:00:00-04:00,0.7979999780654907,0.8100000023841858,0.7429999709129333,0.8100000023841858,11700,0.0,0.0
2023-08-01 00:00:00-04:00,0.7599999904632568,0.7699999809265137,0.7429999709129333,0.7429999709129333,12200,0.0,0.0
2023-08-02 00:00:00-04:00,0.765999972820282,0.7699999809265137,0.7570000290870667,0.7599999904632568,3400,0.0,0.0
2023-08-03 00:00:00-04:00,0.7200000286102295,0.7680000066757202,0.7110000252723694,0.7310000061988831,23300,0.0,0.0
2023-08-04 00:00:00-04:00,0.7099999785423279,0.75,0.6710000038146973,0.75,21300,0.0,0.0
2023-08-07 00:00:00-04:00,0.800000011920929,0.800000011920929,0.7300000190734863,0.7440000176429749,62600,0.0,0.0
2023-08-08 00:00:00-04:00,0.7149999737739563,0.7250000238418579,0.6899999976158142,0.6899999976158142,13200,0.0,0.0
2023-08-09 00:00:00-04:00,0.7179999947547913,0.7599999904632568,0.6110000014305115,0.7599999904632568,14100,0.0,0.0
2023-08-10 00:00:00-04:00,0.7599999904632568,0.7599999904632568,0.6299999952316284,0.6439999938011169,55400,0.0,0.0
2023-08-11 00:00:00-04:00,0.675000011920929,0.675000011920929,0.6299999952316284,0.6399999856948853,8400,0.0,0.0
2023-08-14 00:00:00-04:00,0.6299999952316284,0.699999988079071,0.6299999952316284,0.6639999747276306,7500,0.0,0.0
2023-08-15 00:00:00-04:00,0.6610000133514404,0.6650000214576721,0.6110000014305115,0.6129999756813049,7600,0.0,0.0
2023-08-16 00:00:00-04:00,0.6129999756813049,0.6800000071525574,0.5879999995231628,0.6100000143051147,17700,0.0,0.0
2023-08-17 00:00:00-04:00,0.6100000143051147,0.6100000143051147,0.5109999775886536,0.5950000286102295,27300,0.0,0.0
2023-08-18 00:00:00-04:00,0.5640000104904175,0.5899999737739563,0.5249999761581421,0.5899999737739563,10500,0.0,0.0
2023-08-21 00:00:00-04:00,0.5630000233650208,0.6200000047683716,0.550000011920929,0.6000000238418579,38400,0.0,0.0
2023-08-22 00:00:00-04:00,0.5830000042915344,0.6000000238418579,0.4560000002384186,0.47200000286102295,134100,0.0,0.0
2023-08-23 00:00:00-04:00,0.4429999887943268,0.5,0.4230000078678131,0.4230000078678131,41000,0.0,0.0
2023-08-24 00:00:00-04:00,0.4230000078678131,0.5,0.3610000014305115,0.41999998688697815,9300,0.0,0.0
2023-08-25 00:00:00-04:00,0.41100001335144043,0.48100000619888306,0.3610000014305115,0.43299999833106995,45400,0.0,0.0
2023-08-28 00:00:00-04:00,0.42500001192092896,0.5199999809265137,0.42500001192092896,0.47999998927116394,76600,0.0,0.0
2023-08-29 00:00:00-04:00,0.47999998927116394,0.5350000262260437,0.42500001192092896,0.5099999904632568,54400,0.0,0.0
2023-08-30 00:00:00-04:00,0.4970000088214874,0.5080000162124634,0.4970000088214874,0.5080000162124634,500,0.0,0.0
2023-08-31 00:00:00-04:00,0.44600000977516174,0.4830000102519989,0.44600000977516174,0.44600000977516174,24400,0.0,0.0
2023-09-01 00:00:00-04:00,0.45899999141693115,0.46000000834465027,0.3799999952316284,0.4009999930858612,114700,0.0,0.0
2023-09-05 00:00:00-04:00,0.4129999876022339,0.4519999921321869,0.38999998569488525,0.38999998569488525,37000,0.0,0.0
2023-09-06 00:00:00-04:00,0.44999998807907104,0.4519999921321869,0.41499999165534973,0.4519999921321869,29300,0.0,0.0
2023-09-07 00:00:00-04:00,0.44999998807907104,0.44999998807907104,0.41999998688697815,0.41999998688697815,6500,0.0,0.0
2023-09-08 00:00:00-04:00,0.4059999883174896,0.41999998688697815,0.4000000059604645,0.4000000059604645,11400,0.0,0.0
2023-09-11 00:00:00-04:00,0.4009999930858612,0.4300000071525574,0.38999998569488525,0.4000000059604645,10500,0.0,0.0
2023-09-12 00:00:00-04:00,0.4169999957084656,0.44999998807907104,0.4000000059604645,0.4050000011920929,21100,0.0,0.0
2023-09-13 00:00:00-04:00,0.42500001192092896,0.44999998807907104,0.4000000059604645,0.41999998688697815,7500,0.0,0.0
2023-09-14 00:00:00-04:00,0.43700000643730164,0.4399999976158142,0.4020000100135803,0.4300000071525574,12300,0.0,0.0
2023-09-15 00:00:00-04:00,0.375,0.48500001430511475,0.375,0.48500001430511475,70100,0.0,0.0
2023-09-18 00:00:00-04:00,0.47999998927116394,0.47999998927116394,0.44999998807907104,0.45500001311302185,2300,0.0,0.0
2023-09-19 00:00:00-04:00,0.45500001311302185,0.45500001311302185,0.45500001311302185,0.45500001311302185,100,0.0,0.0
2023-09-20 00:00:00-04:00,0.4050000011920929,0.4399999976158142,0.3779999911785126,0.4390000104904175,62300,0.0,0.0
2023-09-21 00:00:00-04:00,0.414000004529953,0.4300000071525574,0.4000000059604645,0.4300000071525574,1900,0.0,0.0
2023-09-22 00:00:00-04:00,0.4000000059604645,0.4300000071525574,0.38100001215934753,0.382999986410141,28400,0.0,0.0
2023-09-25 00:00:00-04:00,0.3799999952316284,0.47600001096725464,0.3799999952316284,0.43799999356269836,15700,0.0,0.0
2023-09-26 00:00:00-04:00,0.4659999907016754,0.4659999907016754,0.39100000262260437,0.4659999907016754,3200,0.0,0.0
2023-09-27 00:00:00-04:00,0.42500001192092896,0.4690000116825104,0.41499999165534973,0.4690000116825104,1500,0.0,0.0
2023-09-28 00:00:00-04:00,0.4699999988079071,0.4819999933242798,0.4580000042915344,0.4819999933242798,1600,0.0,0.0
2023-09-29 00:00:00-04:00,0.4000000059604645,0.4729999899864197,0.4000000059604645,0.4399999976158142,3100,0.0,0.0
2023-10-02 00:00:00-04:00,0.41499999165534973,0.41499999165534973,0.40799999237060547,0.41499999165534973,4000,0.0,0.0
2023-10-03 00:00:00-04:00,0.382999986410141,0.4560000002384186,0.382999986410141,0.39500001072883606,1600,0.0,0.0
2023-10-04 00:00:00-04:00,0.39399999380111694,0.4099999964237213,0.3889999985694885,0.3889999985694885,1100,0.0,0.0
2023-10-05 00:00:00-04:00,0.40400001406669617,0.4099999964237213,0.38999998569488525,0.38999998569488525,4800,0.0,0.0
2023-10-06 00:00:00-04:00,0.3799999952316284,0.38999998569488525,0.3799999952316284,0.3799999952316284,9700,0.0,0.0
2023-10-09 00:00:00-04:00,0.38100001215934753,0.38999998569488525,0.375,0.38999998569488525,5900,0.0,0.0
2023-10-10 00:00:00-04:00,0.4000000059604645,0.4090000092983246,0.3799999952316284,0.4090000092983246,12800,0.0,0.0
2023-10-11 00:00:00-04:00,0.4090000092983246,0.4090000092983246,0.3799999952316284,0.3799999952316284,1100,0.0,0.0
2023-10-12 00:00:00-04:00,0.4090000092983246,0.4699999988079071,0.39899998903274536,0.4359999895095825,13300,0.0,0.0
2023-10-13 00:00:00-04:00,0.4099999964237213,0.4699999988079071,0.4099999964237213,0.4699999988079071,1200,0.0,0.0
2023-10-16 00:00:00-04:00,0.41200000047683716,0.4300000071525574,0.3199999928474426,0.33399999141693115,848000,0.0,0.0
2023-10-17 00:00:00-04:00,0.3240000009536743,0.38999998569488525,0.3240000009536743,0.38499999046325684,147700,0.0,0.0
2023-10-18 00:00:00-04:00,0.35499998927116394,0.37700000405311584,0.33000001311302185,0.36500000953674316,44500,0.0,0.0
2023-10-19 00:00:00-04:00,0.3330000042915344,0.36399999260902405,0.3310000002384186,0.3310000002384186,11100,0.0,0.0
2023-10-20 00:00:00-04:00,0.34700000286102295,0.3499999940395355,0.28999999165534973,0.30300000309944153,19700,0.0,0.0
2023-10-23 00:00:00-04:00,0.3089999854564667,0.36000001430511475,0.2639999985694885,0.29100000858306885,24200,0.0,0.0
2023-10-24 00:00:00-04:00,0.2919999957084656,0.2939999997615814,0.2809999883174896,0.2849999964237213,4500,0.0,0.0
2023-10-25 00:00:00-04:00,0.2849999964237213,0.3400000035762787,0.2800000011920929,0.3400000035762787,62200,0.0,0.0
2023-10-26 00:00:00-04:00,0.31299999356269836,0.3400000035762787,0.29499998688697815,0.3400000035762787,9800,0.0,0.0
2023-10-27 00:00:00-04:00,0.3400000035762787,0.3400000035762787,0.30000001192092896,0.3140000104904175,5000,0.0,0.0
2023-10-30 00:00:00-04:00,0.3140000104904175,0.3140000104904175,0.3140000104904175,0.3140000104904175,1700,0.0,0.0
2023-10-31 00:00:00-04:00,0.3009999990463257,0.3009999990463257,0.2669999897480011,0.28999999165534973,20300,0.0,0.0
2023-11-01 00:00:00-04:00,0.28999999165534973,0.36399999260902405,0.28999999165534973,0.3199999928474426,10200,0.0,0.0
2023-11-02 00:00:00-04:00,0.3100000023841858,0.33000001311302185,0.2849999964237213,0.30300000309944153,24100,0.0,0.0
2023-11-03 00:00:00-04:00,0.29499998688697815,0.3230000138282776,0.29499998688697815,0.3100000023841858,5600,0.0,0.0
2023-11-06 00:00:00-05:00,0.3499999940395355,0.3499999940395355,0.30000001192092896,0.32499998807907104,7800,0.0,0.0
2023-11-07 00:00:00-05:00,0.3160000145435333,0.31700000166893005,0.30000001192092896,0.31700000166893005,1000,0.0,0.0
2023-11-08 00:00:00-05:00,0.30799999833106995,0.3190000057220459,0.2930000126361847,0.3190000057220459,17700,0.0,0.0
2023-11-09 00:00:00-05:00,0.3059999942779541,0.36500000953674316,0.3059999942779541,0.36000001430511475,38900,0.0,0.0
2023-11-10 00:00:00-05:00,0.36500000953674316,0.36500000953674316,0.33799999952316284,0.36500000953674316,6500,0.0,0.0
2023-11-13 00:00:00-05:00,0.3100000023841858,0.36000001430511475,0.3100000023841858,0.3400000035762787,21700,0.0,0.0
2023-11-14 00:00:00-05:00,0.3400000035762787,0.3400000035762787,0.2849999964237213,0.28600001335144043,67000,0.0,0.0
2023-11-15 00:00:00-05:00,0.30399999022483826,0.3199999928474426,0.3019999861717224,0.30300000309944153,14600,0.0,0.0
2023-11-16 00:00:00-05:00,0.2879999876022339,0.3190000057220459,0.2879999876022339,0.2879999876022339,28400,0.0,0.0
2023-11-17 00:00:00-05:00,0.30300000309944153,0.3199999928474426,0.2930000126361847,0.30399999022483826,16700,0.0,0.0
2023-11-20 00:00:00-05:00,0.30399999022483826,0.30399999022483826,0.30399999022483826,0.30399999022483826,0,0.0,0.0
2023-11-21 00:00:00-05:00,0.33000001311302185,0.3700000047683716,0.28999999165534973,0.3700000047683716,412800,0.0,0.0
2023-11-22 00:00:00-05:00,0.3659999966621399,0.3659999966621399,0.3400000035762787,0.3490000069141388,94700,0.0,0.0
2023-11-24 00:00:00-05:00,0.3499999940395355,0.3499999940395355,0.3199999928474426,0.32600000500679016,4500,0.0,0.0
2023-11-27 00:00:00-05:00,0.31700000166893005,0.3499999940395355,0.31700000166893005,0.335999995470047,64600,0.0,0.0
2023-11-28 00:00:00-05:00,0.335999995470047,0.3799999952316284,0.335999995470047,0.3700000047683716,45100,0.0,0.0
2023-11-29 00:00:00-05:00,0.3799999952316284,0.3799999952316284,0.35600000619888306,0.3700000047683716,11200,0.0,0.0
2023-11-30 00:00:00-05:00,0.3700000047683716,0.45500001311302185,0.3700000047683716,0.38999998569488525,316800,0.0,0.0
2023-12-01 00:00:00-05:00,0.38999998569488525,0.43700000643730164,0.3700000047683716,0.41999998688697815,181100,0.0,0.0
2023-12-04 00:00:00-05:00,0.40700000524520874,0.43700000643730164,0.38999998569488525,0.43700000643730164,50100,0.0,0.0
2023-12-05 00:00:00-05:00,0.4050000011920929,0.4099999964237213,0.38199999928474426,0.3889999985694885,32600,0.0,0.0
2023-12-06 00:00:00-05:00,0.41999998688697815,0.421999990940094,0.38100001215934753,0.41999998688697815,9800,0.0,0.0
2023-12-07 00:00:00-05:00,0.4000000059604645,0.4000000059604645,0.4000000059604645,0.4000000059604645,100,0.0,0.0
2023-12-08 00:00:00-05:00,0.41200000047683716,0.4180000126361847,0.3799999952316284,0.3799999952316284,6200,0.0,0.0
2023-12-11 00:00:00-05:00,0.39899998903274536,0.5509999990463257,0.3580000102519989,0.5170000195503235,356200,0.0,0.0
2023-12-12 00:00:00-05:00,0.4740000069141388,0.4819999933242798,0.3700000047683716,0.4009999930858612,163300,0.0,0.0
2023-12-13 00:00:00-05:00,0.39100000262260437,0.46799999475479126,0.38499999046325684,0.4000000059604645,72800,0.0,0.0
2023-12-14 00:00:00-05:00,0.44600000977516174,0.4880000054836273,0.3700000047683716,0.38499999046325684,83600,0.0,0.0
2023-12-15 00:00:00-05:00,0.34599998593330383,0.4000000059604645,0.34599998593330383,0.3799999952316284,47100,0.0,0.0
2023-12-18 00:00:00-05:00,0.4000000059604645,0.44200000166893005,0.3149999976158142,0.38999998569488525,190900,0.0,0.0
2023-12-19 00:00:00-05:00,0.3840000033378601,0.3840000033378601,0.32199999690055847,0.33000001311302185,37300,0.0,0.0
2023-12-20 00:00:00-05:00,0.30799999833106995,0.3499999940395355,0.2809999883174896,0.28999999165534973,57600,0.0,0.0
2023-12-21 00:00:00-05:00,0.28600001335144043,0.33000001311302185,0.2809999883174896,0.29899999499320984,38700,0.0,0.0
2023-12-22 00:00:00-05:00,0.29899999499320984,0.3840000033378601,0.2879999876022339,0.36000001430511475,112800,0.0,0.0
2023-12-26 00:00:00-05:00,0.3779999911785126,0.38999998569488525,0.3400000035762787,0.38999998569488525,53500,0.0,0.0
2023-12-27 00:00:00-05:00,0.38199999928474426,0.39399999380111694,0.3540000021457672,0.38999998569488525,42300,0.0,0.0
2023-12-28 00:00:00-05:00,0.3700000047683716,0.41999998688697815,0.35100001096725464,0.4020000100135803,55600,0.0,0.0
2023-12-29 00:00:00-05:00,0.4000000059604645,0.4189999997615814,0.3700000047683716,0.4050000011920929,111400,0.0,0.0
2024-01-02 00:00:00-05:00,0.4189999997615814,0.421999990940094,0.39800000190734863,0.39800000190734863,39300,0.0,0.0
2024-01-03 00:00:00-05:00,0.39800000190734863,0.421999990940094,0.3790000081062317,0.38999998569488525,18300,0.0,0.0
2024-01-04 00:00:00-05:00,0.4000000059604645,0.4000000059604645,0.3799999952316284,0.38999998569488525,2700,0.0,0.0
2024-01-05 00:00:00-05:00,0.3709999918937683,0.38999998569488525,0.3700000047683716,0.38999998569488525,2200,0.0,0.0
2024-01-08 00:00:00-05:00,0.3659999966621399,0.37599998712539673,0.3610000014305115,0.3610000014305115,3900,0.0,0.0
2024-01-09 00:00:00-05:00,0.3610000014305115,0.44999998807907104,0.3610000014305115,0.44999998807907104,57300,0.0,0.0
2024-01-10 00:00:00-05:00,0.41100001335144043,0.4230000078678131,0.4000000059604645,0.4230000078678131,23900,0.0,0.0
2024-01-11 00:00:00-05:00,0.4009999930858612,0.46399998664855957,0.38999998569488525,0.46399998664855957,62500,0.0,0.0
2024-01-12 00:00:00-05:00,0.41999998688697815,0.4580000042915344,0.39500001072883606,0.4399999976158142,14100,0.0,0.0
2024-01-16 00:00:00-05:00,0.42500001192092896,0.42500001192092896,0.3799999952316284,0.40400001406669617,40300,0.0,0.0
2024-01-17 00:00:00-05:00,0.3799999952316284,0.42899999022483826,0.3799999952316284,0.42899999022483826,2300,0.0,0.0
2024-01-18 00:00:00-05:00,0.38999998569488525,0.4699999988079071,0.38999998569488525,0.44999998807907104,1700,0.0,0.0
2024-01-19 00:00:00-05:00,0.41499999165534973,0.4480000138282776,0.35199999809265137,0.4480000138282776,50200,0.0,0.0
2024-01-22 00:00:00-05:00,0.4009999930858612,0.4009999930858612,0.38499999046325684,0.38600000739097595,2300,0.0,0.0
2024-01-23 00:00:00-05:00,0.3700000047683716,0.38999998569488525,0.36800000071525574,0.3709999918937683,18300,0.0,0.0
2024-01-24 00:00:00-05:00,0.3790000081062317,0.3790000081062317,0.36800000071525574,0.36800000071525574,1500,0.0,0.0
2024-01-25 00:00:00-05:00,0.3700000047683716,0.3700000047683716,0.2879999876022339,0.3269999921321869,13700,0.0,0.0
2024-01-26 00:00:00-05:00,0.3109999895095825,0.35100001096725464,0.2879999876022339,0.35100001096725464,12600,0.0,0.0
2024-01-29 00:00:00-05:00,0.3569999933242798,0.3569999933242798,0.3009999990463257,0.3499999940395355,2800,0.0,0.0
2024-01-30 00:00:00-05:00,0.30000001192092896,0.3919999897480011,0.30000001192092896,0.3919999897480011,36500,0.0,0.0
2024-01-31 00:00:00-05:00,0.37700000405311584,0.3869999945163727,0.335999995470047,0.3499999940395355,7300,0.0,0.0
2024-02-01 00:00:00-05:00,0.33399999141693115,0.3880000114440918,0.3230000138282776,0.3880000114440918,19300,0.0,0.0
2024-02-02 00:00:00-05:00,0.33000001311302185,0.3880000114440918,0.33000001311302185,0.382999986410141,27300,0.0,0.0
2024-02-05 00:00:00-05:00,0.3630000054836273,0.3720000088214874,0.3019999861717224,0.3720000088214874,28600,0.0,0.0
2024-02-06 00:00:00-05:00,0.3310000002384186,0.3479999899864197,0.3310000002384186,0.3319999873638153,3400,0.0,0.0
2024-02-07 00:00:00-05:00,0.30300000309944153,0.3190000057220459,0.30300000309944153,0.3190000057220459,600,0.0,0.0
2024-02-08 00:00:00-05:00,0.3330000042915344,0.3330000042915344,0.30300000309944153,0.30300000309944153,24300,0.0,0.0
2024-02-09 00:00:00-05:00,0.3179999887943268,0.3179999887943268,0.3050000071525574,0.3050000071525574,4900,0.0,0.0
2024-02-12 00:00:00-05:00,0.2879999876022339,0.31700000166893005,0.2879999876022339,0.2980000078678131,12600,0.0,0.0
2024-02-13 00:00:00-05:00,0.26499998569488525,0.32100000977516174,0.2529999911785126,0.3100000023841858,61200,0.0,0.0
2024-02-14 00:00:00-05:00,0.3050000071525574,0.3149999976158142,0.30000001192092896,0.3149999976158142,5300,0.0,0.0
2024-02-15 00:00:00-05:00,0.3019999861717224,0.33000001311302185,0.2849999964237213,0.3179999887943268,46800,0.0,0.0
2024-02-16 00:00:00-05:00,0.3009999990463257,0.3700000047683716,0.3009999990463257,0.3400000035762787,26000,0.0,0.0
2024-02-20 00:00:00-05:00,0.36800000071525574,0.36899998784065247,0.33000001311302185,0.33000001311302185,21500,0.0,0.0
2024-02-21 00:00:00-05:00,0.3199999928474426,0.36899998784065247,0.3199999928474426,0.3449999988079071,12200,0.0,0.0
2024-02-22 00:00:00-05:00,0.3199999928474426,0.35499998927116394,0.3100000023841858,0.3100000023841858,19200,0.0,0.0
2024-02-23 00:00:00-05:00,0.35899999737739563,0.36899998784065247,0.31200000643730164,0.31200000643730164,21200,0.0,0.0
2024-02-26 00:00:00-05:00,0.31299999356269836,0.3499999940395355,0.3100000023841858,0.31700000166893005,13300,0.0,0.0
2024-02-27 00:00:00-05:00,0.31200000643730164,0.3409999907016754,0.3059999942779541,0.3059999942779541,9500,0.0,0.0
2024-02-28 00:00:00-05:00,0.3100000023841858,0.3199999928474426,0.3100000023841858,0.31299999356269836,13800,0.0,0.0
2024-02-29 00:00:00-05:00,0.3240000009536743,0.3240000009536743,0.3100000023841858,0.3100000023841858,5400,0.0,0.0
2024-03-01 00:00:00-05:00,0.32899999618530273,0.3479999899864197,0.3019999861717224,0.33000001311302185,8300,0.0,0.0
2024-03-04 00:00:00-05:00,0.3409999907016754,0.3409999907016754,0.3179999887943268,0.32100000977516174,7900,0.0,0.0
2024-03-05 00:00:00-05:00,0.3479999899864197,0.3479999899864197,0.32899999618530273,0.3479999899864197,1500,0.0,0.0
2024-03-06 00:00:00-05:00,0.34200000762939453,0.6700000166893005,0.30399999022483826,0.5199999809265137,16188000,0.0,0.0
2024-03-07 00:00:00-05:00,0.4359999895095825,0.546999990940094,0.35199999809265137,0.5450000166893005,682600,0.0,0.0
2024-03-08 00:00:00-05:00,0.4449999928474426,0.5400000214576721,0.3930000066757202,0.49000000953674316,337000,0.0,0.0
2024-03-11 00:00:00-04:00,0.4749999940395355,0.4749999940395355,0.4000000059604645,0.421999990940094,160300,0.0,0.0
2024-03-12 00:00:00-04:00,0.43299999833106995,0.44999998807907104,0.4000000059604645,0.41600000858306885,257800,0.0,0.0
2024-03-13 00:00:00-04:00,0.42500001192092896,0.44999998807907104,0.41999998688697815,0.44999998807907104,80500,0.0,0.0
2024-03-14 00:00:00-04:00,0.44999998807907104,0.5400000214576721,0.4320000112056732,0.5400000214576721,251500,0.0,0.0
2024-03-15 00:00:00-04:00,0.5350000262260437,0.5350000262260437,0.4339999854564667,0.47099998593330383,92700,0.0,0.0
2024-03-18 00:00:00-04:00,0.45899999141693115,0.4690000116825104,0.35199999809265137,0.42500001192092896,165300,0.0,0.0
2024-03-19 00:00:00-04:00,0.41200000047683716,0.44999998807907104,0.38499999046325684,0.4169999957084656,58600,0.0,0.0
2024-03-20 00:00:00-04:00,0.41999998688697815,0.46299999952316284,0.41999998688697815,0.46299999952316284,68400,0.0,0.0
2024-03-21 00:00:00-04:00,0.4399999976158142,0.48899999260902405,0.4399999976158142,0.44600000977516174,67500,0.0,0.0
2024-03-22 00:00:00-04:00,0.4699999988079071,0.48500001430511475,0.45500001311302185,0.48399999737739563,64600,0.0,0.0
2024-03-25 00:00:00-04:00,0.5,0.5370000004768372,0.47999998927116394,0.5,93300,0.0,0.0
2024-03-26 00:00:00-04:00,0.550000011920929,0.699999988079071,0.5,0.6200000047683716,516400,0.0,0.0
2024-03-27 00:00:00-04:00,0.6399999856948853,0.7950000166893005,0.625,0.7799999713897705,501300,0.0,0.0
2024-03-28 00:00:00-04:00,0.8700000047683716,1.899999976158142,0.8100000023841858,1.399999976158142,11604800,0.0,0.0
2024-04-01 00:00:00-04:00,1.440000057220459,2.1600000858306885,1.25,1.899999976158142,3273200,0.0,0.0
2024-04-02 00:00:00-04:00,1.8300000429153442,3.4000000953674316,1.8200000524520874,2.869999885559082,9258000,0.0,0.0
2024-04-03 00:00:00-04:00,2.8299999237060547,3.1500000953674316,2.2100000381469727,2.4000000953674316,1456700,0.0,0.0
2024-04-04 00:00:00-04:00,2.5799999237060547,2.880000114440918,2.130000114440918,2.1500000953674316,1007100,0.0,0.0
2024-04-05 00:00:00-04:00,2.549999952316284,2.5799999237060547,2.200000047683716,2.490000009536743,524100,0.0,0.0
2024-04-08 00:00:00-04:00,2.4800000190734863,2.5450000762939453,2.25,2.3299999237060547,314200,0.0,0.0
2024-04-09 00:00:00-04:00,2.2699999809265137,2.890000104904175,2.2699999809265137,2.440000057220459,761300,0.0,0.0
2024-04-10 00:00:00-04:00,2.200000047683716,2.609999895095825,2.1619999408721924,2.4800000190734863,241500,0.0,0.0
2024-04-11 00:00:00-04:00,2.5199999809265137,2.549999952316284,2.3499999046325684,2.4600000381469727,157600,0.0,0.0
2024-04-12 00:00:00-04:00,2.4100000858306885,2.6489999294281006,2.25,2.2899999618530273,248900,0.0,0.0
2024-04-15 00:00:00-04:00,2.359999895095825,2.4600000381469727,1.7999999523162842,1.9800000190734863,369200,0.0,0.0
2024-04-16 00:00:00-04:00,1.9500000476837158,1.9500000476837158,0.7910000085830688,1.4800000190734863,750000,0.0,0.0
2024-04-17 00:00:00-04:00,1.4700000286102295,1.4700000286102295,1.100000023841858,1.3200000524520874,150600,0.0,0.0
2024-04-18 00:00:00-04:00,1.340000033378601,1.7400000095367432,1.3200000524520874,1.4700000286102295,316700,0.0,0.0
2024-04-19 00:00:00-04:00,1.090000033378601,1.4800000190734863,1.0800000429153442,1.4299999475479126,260300,0.0,0.0
2024-04-22 00:00:00-04:00,1.440000057220459,1.7400000095367432,1.340000033378601,1.6299999952316284,120400,0.0,0.0
2024-04-23 00:00:00-04:00,1.590000033378601,1.7699999809265137,1.590000033378601,1.625,64900,0.0,0.0
2024-04-24 00:00:00-04:00,1.6100000143051147,1.6100000143051147,1.4199999570846558,1.4199999570846558,76600,0.0,0.0
2024-04-25 00:00:00-04:00,1.3799999952316284,1.4600000381469727,1.350000023841858,1.3849999904632568,53100,0.0,0.0
2024-04-26 00:00:00-04:00,1.4500000476837158,1.5399999618530273,1.409999966621399,1.440000057220459,72600,0.0,0.0
2024-04-29 00:00:00-04:00,1.4299999475479126,1.6299999952316284,1.409999966621399,1.5499999523162842,74500,0.0,0.0
2024-04-30 00:00:00-04:00,1.5099999904632568,1.690000057220459,1.4600000381469727,1.5299999713897705,343600,0.0,0.0
2024-05-01 00:00:00-04:00,1.5299999713897705,1.7100000381469727,1.4700000286102295,1.690000057220459,105200,0.0,0.0
2024-05-02 00:00:00-04:00,1.649999976158142,1.7100000381469727,1.600000023841858,1.649999976158142,71100,0.0,0.0
2024-05-03 00:00:00-04:00,1.6100000143051147,1.6399999856948853,1.4299999475479126,1.434999942779541,51500,0.0,0.0
2024-05-06 00:00:00-04:00,1.409999966621399,1.4700000286102295,1.3700000047683716,1.3799999952316284,75000,0.0,0.0
2024-05-07 00:00:00-04:00,1.2899999618530273,1.4299999475479126,1.2619999647140503,1.2999999523162842,36100,0.0,0.0
2024-05-08 00:00:00-04:00,1.2599999904632568,1.2970000505447388,1.2100000381469727,1.2100000381469727,40900,0.0,0.0
2024-05-09 00:00:00-04:00,1.2400000095367432,1.2400000095367432,1.1399999856948853,1.159999966621399,31400,0.0,0.0
2024-05-10 00:00:00-04:00,1.190000057220459,1.3200000524520874,1.190000057220459,1.2799999713897705,66000,0.0,0.0
2024-05-13 00:00:00-04:00,1.2599999904632568,1.2799999713897705,1.190000057220459,1.2380000352859497,37600,0.0,0.0
2024-05-14 00:00:00-04:00,1.2300000190734863,1.4079999923706055,1.190000057220459,1.3700000047683716,81600,0.0,0.0
2024-05-15 00:00:00-04:00,1.399999976158142,1.399999976158142,1.2000000476837158,1.3600000143051147,20600,0.0,0.0
2024-05-16 00:00:00-04:00,1.3600000143051147,1.3600000143051147,1.2949999570846558,1.3300000429153442,17200,0.0,0.0
2024-05-17 00:00:00-04:00,1.340000033378601,1.378999948501587,1.2899999618530273,1.309999942779541,6000,0.0,0.0
2024-05-20 00:00:00-04:00,1.3899999856948853,1.3899999856948853,1.149999976158142,1.2300000190734863,50200,0.0,0.0
2024-05-21 00:00:00-04:00,1.2300000190734863,1.2599999904632568,1.149999976158142,1.149999976158142,16100,0.0,0.0
2024-05-22 00:00:00-04:00,1.2000000476837158,1.2000000476837158,1.100000023841858,1.149999976158142,30800,0.0,0.0
2024-05-23 00:00:00-04:00,1.1100000143051147,1.184999942779541,1.059999942779541,1.059999942779541,15600,0.0,0.0
2024-05-24 00:00:00-04:00,1.0499999523162842,1.0800000429153442,1.0099999904632568,1.0099999904632568,66400,0.0,0.0
2024-05-28 00:00:00-04:00,0.9200000166893005,0.9750000238418579,0.8999999761581421,0.9150000214576721,46900,0.0,0.0
2024-05-29 00:00:00-04:00,0.9100000262260437,0.9350000023841858,0.6370000243186951,0.675000011920929,162500,0.0,0.0
2024-05-30 00:00:00-04:00,0.7699999809265137,0.8040000200271606,0.699999988079071,0.7239999771118164,100600,0.0,0.0
2024-05-31 00:00:00-04:00,0.7200000286102295,0.75,0.675000011920929,0.699999988079071,39000,0.0,0.0
2024-06-03 00:00:00-04:00,0.7300000190734863,0.75,0.699999988079071,0.7200000286102295,41200,0.0,0.0
2024-06-04 00:00:00-04:00,0.75,0.7900000214576721,0.6209999918937683,0.7099999785423279,72900,0.0,0.0
2024-06-05 00:00:00-04:00,0.7099999785423279,0.7490000128746033,0.6510000228881836,0.6850000023841858,21000,0.0,0.0
2024-06-06 00:00:00-04:00,0.6830000281333923,0.7440000176429749,0.6830000281333923,0.7440000176429749,24200,0.0,0.0
2024-06-07 00:00:00-04:00,0.7440000176429749,0.75,0.7009999752044678,0.7200000286102295,19500,0.0,0.0
2024-06-10 00:00:00-04:00,0.7020000219345093,0.7200000286102295,0.6600000262260437,0.6600000262260437,37200,0.0,0.0
2024-06-11 00:00:00-04:00,0.6499999761581421,0.6589999794960022,0.6150000095367432,0.6150000095367432,21600,0.0,0.0
2024-06-12 00:00:00-04:00,0.6039999723434448,0.6499999761581421,0.5299999713897705,0.6129999756813049,73700,0.0,0.0
2024-06-13 00:00:00-04:00,0.6370000243186951,1.5,0.5699999928474426,1.3799999952316284,8957200,0.0,0.0
2024-06-14 00:00:00-04:00,1.0099999904632568,1.4500000476837158,0.8009999990463257,0.8989999890327454,3929500,0.0,0.0
2024-06-17 00:00:00-04:00,0.8899999856948853,0.9449999928474426,0.6759999990463257,0.7549999952316284,440800,0.0,0.0
2024-06-18 00:00:00-04:00,0.7319999933242798,1.2000000476837158,0.7099999785423279,1.0399999618530273,9745100,0.0,0.0
2024-06-20 00:00:00-04:00,1.2699999809265137,1.350000023841858,1.0,1.100000023841858,11046700,0.0,0.0
2024-06-21 00:00:00-04:00,1.100000023841858,2.7200000286102295,1.0299999713897705,1.6399999856948853,57581000,0.0,0.0
2024-06-24 00:00:00-04:00,1.7999999523162842,3.130000114440918,1.7699999809265137,2.309999942779541,33406500,0.0,0.0
2024-06-25 00:00:00-04:00,2.200000047683716,2.4600000381469727,1.8300000429153442,2.259999990463257,3265000,0.0,0.0
2024-06-26 00:00:00-04:00,2.130000114440918,4.050000190734863,2.0999999046325684,2.7300000190734863,20354100,0.0,0.0
2024-06-27 00:00:00-04:00,2.6500000953674316,3.5999999046325684,2.365000009536743,2.9600000381469727,8073500,0.0,0.0
2024-06-28 00:00:00-04:00,2.049999952316284,2.2200000286102295,1.649999976158142,1.690000057220459,4512900,0.0,0.0
2024-07-01 00:00:00-04:00,1.659999966621399,1.899999976158142,1.600000023841858,1.659999966621399,1298700,0.0,0.0
2024-07-02 00:00:00-04:00,1.6399999856948853,1.7200000286102295,1.440000057220459,1.5099999904632568,960200,0.0,0.0
2024-07-03 00:00:00-04:00,1.5399999618530273,1.559999942779541,1.350000023841858,1.399999976158142,455000,0.0,0.0
2024-07-05 00:00:00-04:00,1.4299999475479126,1.4600000381469727,1.2599999904632568,1.2899999618530273,595400,0.0,0.0
2024-07-08 00:00:00-04:00,1.2400000095367432,1.600000023841858,1.2000000476837158,1.4800000190734863,2710300,0.0,0.0
2024-07-09 00:00:00-04:00,1.5499999523162842,1.649999976158142,1.5099999904632568,1.6100000143051147,1410300,0.0,0.0
2024-07-10 00:00:00-04:00,1.5099999904632568,1.6399999856948853,1.409999966621399,1.4500000476837158,700600,0.0,0.0
2024-07-11 00:00:00-04:00,1.4700000286102295,1.5099999904632568,1.3600000143051147,1.3899999856948853,428100,0.0,0.0
2024-07-12 00:00:00-04:00,1.350000023841858,1.5199999809265137,1.350000023841858,1.4199999570846558,338800,0.0,0.0
2024-07-15 00:00:00-04:00,1.4299999475479126,1.4900000095367432,1.3899999856948853,1.4299999475479126,154700,0.0,0.0
2024-07-16 00:00:00-04:00,1.4299999475479126,1.4800000190734863,1.3899999856948853,1.4299999475479126,209200,0.0,0.0
2024-07-17 00:00:00-04:00,1.4299999475479126,1.4600000381469727,1.3309999704360962,1.350000023841858,177100,0.0,0.0
2024-07-18 00:00:00-04:00,1.409999966621399,1.409999966621399,1.2300000190734863,1.25,281200,0.0,0.0
2024-07-19 00:00:00-04:00,1.2400000095367432,1.3070000410079956,1.2200000286102295,1.2400000095367432,116400,0.0,0.0
2024-07-22 00:00:00-04:00,1.2400000095367432,1.3799999952316284,1.2100000381469727,1.340000033378601,320500,0.0,0.0
2024-07-23 00:00:00-04:00,1.340000033378601,1.340000033378601,1.2400000095367432,1.2400000095367432,169400,0.0,0.0
2024-07-24 00:00:00-04:00,1.2300000190734863,1.2799999713897705,1.159999966621399,1.1799999475479126,190400,0.0,0.0
2024-07-25 00:00:00-04:00,1.2200000286102295,1.2400000095367432,1.1100000143051147,1.1699999570846558,144600,0.0,0.0
2024-07-26 00:00:00-04:00,1.149999976158142,1.2999999523162842,1.1299999952316284,1.2400000095367432,258100,0.0,0.0
2024-07-29 00:00:00-04:00,1.2999999523162842,1.2999999523162842,1.159000039100647,1.190000057220459,103400,0.0,0.0
2024-07-30 00:00:00-04:00,1.1799999475479126,1.2000000476837158,1.100000023841858,1.1100000143051147,146200,0.0,0.0
2024-07-31 00:00:00-04:00,1.1100000143051147,1.187999963760376,1.100000023841858,1.149999976158142,107900,0.0,0.0
2024-08-01 00:00:00-04:00,1.1100000143051147,1.187999963760376,1.1100000143051147,1.1399999856948853,67100,0.0,0.0
2024-08-02 00:00:00-04:00,1.1100000143051147,1.190000057220459,1.0800000429153442,1.090000033378601,90400,0.0,0.0
2024-08-05 00:00:00-04:00,1.0499999523162842,1.0800000429153442,0.949999988079071,1.0299999713897705,139900,0.0,0.0
2024-08-06 00:00:00-04:00,1.0700000524520874,1.1100000143051147,1.0399999618530273,1.0499999523162842,28000,0.0,0.0
2024-08-07 00:00:00-04:00,1.1100000143051147,1.1200000047683716,1.0,1.0399999618530273,365300,0.0,0.0
2024-08-08 00:00:00-04:00,1.0399999618530273,1.059000015258789,0.8949999809265137,0.9070000052452087,224900,0.0,0.0
2024-08-09 00:00:00-04:00,0.8799999952316284,0.9900000095367432,0.8799999952316284,0.9480000138282776,69400,0.0,0.0
2024-08-12 00:00:00-04:00,0.9399999976158142,0.9700000286102295,0.9200000166893005,0.9210000038146973,142400,0.0,0.0
2024-08-13 00:00:00-04:00,0.9210000038146973,0.9769999980926514,0.9210000038146973,0.9599999785423279,110400,0.0,0.0
2024-08-14 00:00:00-04:00,0.9700000286102295,0.9900000095367432,0.9490000009536743,0.984000027179718,91900,0.0,0.0
2024-08-15 00:00:00-04:00,1.0,1.0299999713897705,0.9350000023841858,0.9800000190734863,240800,0.0,0.0
2024-08-16 00:00:00-04:00,1.0,1.0,0.9610000252723694,0.9760000109672546,66800,0.0,0.0
2024-08-19 00:00:00-04:00,0.9760000109672546,1.0,0.9210000038146973,0.984000027179718,173500,0.0,0.0
2024-08-20 00:00:00-04:00,1.0,1.0479999780654907,0.9800000190734863,0.9850000143051147,206900,0.0,0.0
2024-08-21 00:00:00-04:00,0.9819999933242798,1.0299999713897705,0.9739999771118164,0.9850000143051147,91700,0.0,0.0
2024-08-22 00:00:00-04:00,1.0,1.0119999647140503,0.9419999718666077,0.9549999833106995,153900,0.0,0.0
2024-08-23 00:00:00-04:00,0.9599999785423279,1.0099999904632568,0.9419999718666077,0.9639999866485596,310300,0.0,0.0
2024-08-26 00:00:00-04:00,0.9629999995231628,1.0,0.9279999732971191,0.9589999914169312,101300,0.0,0.0
2024-08-27 00:00:00-04:00,0.9599999785423279,0.9670000076293945,0.8999999761581421,0.9269999861717224,160400,0.0,0.0
2024-08-28 00:00:00-04:00,0.9300000071525574,0.984000027179718,0.9139999747276306,0.9300000071525574,109000,0.0,0.0
2024-08-29 00:00:00-04:00,0.9599999785423279,0.9599999785423279,0.8999999761581421,0.9399999976158142,85100,0.0,0.0
2024-08-30 00:00:00-04:00,0.9490000009536743,0.9490000009536743,0.8999999761581421,0.9210000038146973,31100,0.0,0.0
2024-09-03 00:00:00-04:00,0.9129999876022339,0.9300000071525574,0.8730000257492065,0.8999999761581421,51200,0.0,0.0
2024-09-04 00:00:00-04:00,0.9079999923706055,1.0499999523162842,0.871999979019165,0.9470000267028809,270100,0.0,0.0
2024-09-05 00:00:00-04:00,0.972000002861023,0.9900000095367432,0.8100000023841858,0.8500000238418579,560100,0.0,0.0
2024-09-06 00:00:00-04:00,0.8700000047683716,0.8700000047683716,0.7739999890327454,0.8270000219345093,149200,0.0,0.0
2024-09-09 00:00:00-04:00,0.8230000138282776,0.8500000238418579,0.7749999761581421,0.8100000023841858,89600,0.0,0.0
2024-09-10 00:00:00-04:00,0.800000011920929,0.824999988079071,0.7590000033378601,0.800000011920929,78600,0.0,0.0
2024-09-11 00:00:00-04:00,0.800000011920929,0.8299999833106995,0.7609999775886536,0.8199999928474426,87800,0.0,0.0
2024-09-12 00:00:00-04:00,0.8320000171661377,0.8399999737739563,0.7200000286102295,0.7400000095367432,290600,0.0,0.0
2024-09-13 00:00:00-04:00,0.7400000095367432,0.800000011920929,0.652999997138977,0.6700000166893005,261200,0.0,0.0
2024-09-16 00:00:00-04:00,0.7160000205039978,0.7160000205039978,0.621999979019165,0.6600000262260437,240100,0.0,0.0
2024-09-17 00:00:00-04:00,0.7099999785423279,0.7400000095367432,0.625,0.652999997138977,106000,0.0,0.0
2024-09-18 00:00:00-04:00,0.6850000023841858,0.699999988079071,0.6520000100135803,0.6620000004768372,74600,0.0,0.0
2024-09-19 00:00:00-04:00,0.6729999780654907,0.75,0.6669999957084656,0.7009999752044678,90900,0.0,0.0
2024-09-20 00:00:00-04:00,0.7009999752044678,0.7350000143051147,0.6769999861717224,0.6940000057220459,132200,0.0,0.0
2024-09-23 00:00:00-04:00,0.6800000071525574,0.7480000257492065,0.6800000071525574,0.7070000171661377,49800,0.0,0.0
2024-09-24 00:00:00-04:00,0.75,0.7599999904632568,0.699999988079071,0.7009999752044678,88100,0.0,0.0
2024-09-25 00:00:00-04:00,0.6959999799728394,0.7009999752044678,0.6620000004768372,0.6620000004768372,69300,0.0,0.0
2024-09-26 00:00:00-04:00,0.6620000004768372,0.7300000190734863,0.6600000262260437,0.6700000166893005,132600,0.0,0.0
2024-09-27 00:00:00-04:00,0.6959999799728394,0.7059999704360962,0.6710000038146973,0.7059999704360962,80100,0.0,0.0
2024-09-30 00:00:00-04:00,0.6990000009536743,0.7170000076293945,0.6610000133514404,0.6690000295639038,52500,0.0,0.0
2024-10-01 00:00:00-04:00,0.6600000262260437,0.6899999976158142,0.6100000143051147,0.6359999775886536,143800,0.0,0.0
2024-10-02 00:00:00-04:00,0.6449999809265137,0.6449999809265137,0.6100000143051147,0.6240000128746033,45000,0.0,0.0
2024-10-03 00:00:00-04:00,0.6100000143051147,0.6499999761581421,0.6100000143051147,0.6299999952316284,74000,0.0,0.0
2024-10-04 00:00:00-04:00,0.699999988079071,0.699999988079071,0.6499999761581421,0.6579999923706055,45400,0.0,0.0
2024-10-07 00:00:00-04:00,0.6269999742507935,0.699999988079071,0.6269999742507935,0.699999988079071,72500,0.0,0.0
2024-10-08 00:00:00-04:00,0.6790000200271606,0.699999988079071,0.6499999761581421,0.6800000071525574,884800,0.0,0.0
2024-10-09 00:00:00-04:00,0.6510000228881836,0.6800000071525574,0.6019999980926514,0.6230000257492065,266700,0.0,0.0
2024-10-10 00:00:00-04:00,0.6449999809265137,0.6660000085830688,0.5910000205039978,0.6359999775886536,125700,0.0,0.0
2024-10-11 00:00:00-04:00,0.6539999842643738,0.8899999856948853,0.6370000243186951,0.781000018119812,540700,0.0,0.0
2024-10-14 00:00:00-04:00,0.800000011920929,0.9700000286102295,0.7670000195503235,0.8999999761581421,217600,0.0,0.0
2024-10-15 00:00:00-04:00,0.8999999761581421,0.8999999761581421,0.7749999761581421,0.7919999957084656,139400,0.0,0.0
2024-10-16 00:00:00-04:00,0.8500000238418579,1.0800000429153442,0.8399999737739563,1.0499999523162842,859200,0.0,0.0
2024-10-17 00:00:00-04:00,1.2200000286102295,1.4199999570846558,1.0800000429153442,1.3200000524520874,2585300,0.0,0.0
2024-10-18 00:00:00-04:00,1.309999942779541,1.3700000047683716,1.2100000381469727,1.2599999904632568,441200,0.0,0.0
2024-10-21 00:00:00-04:00,1.2599999904632568,1.4800000190734863,1.25,1.4800000190734863,565600,0.0,0.0
2024-10-22 00:00:00-04:00,1.5199999809265137,1.850000023841858,1.5199999809265137,1.7899999618530273,1077600,0.0,0.0
2024-10-23 00:00:00-04:00,1.8300000429153442,1.8509999513626099,1.25,1.3650000095367432,1069700,0.0,0.0
2024-10-24 00:00:00-04:00,1.3700000047683716,2.559999942779541,1.1299999952316284,2.1500000953674316,31354600,0.0,0.0
2024-10-25 00:00:00-04:00,2.5199999809265137,2.9000000953674316,2.200000047683716,2.2899999618530273,17948800,0.0,0.0
2024-10-28 00:00:00-04:00,2.2300000190734863,2.3499999046325684,2.069000005722046,2.200000047683716,2920300,0.0,0.0
2024-10-29 00:00:00-04:00,2.3499999046325684,2.8299999237060547,2.1500000953674316,2.609999895095825,8309400,0.0,0.0
2024-10-30 00:00:00-04:00,2.549999952316284,2.630000114440918,2.25,2.2799999713897705,1335200,0.0,0.0
2024-10-31 00:00:00-04:00,2.7300000190734863,2.7300000190734863,2.3499999046325684,2.490000009536743,1674500,0.0,0.0
2024-11-01 00:00:00-04:00,2.549999952316284,3.4000000953674316,2.509999990463257,3.1600000858306885,6252600,0.0,0.0
2024-11-04 00:00:00-05:00,3.069999933242798,3.109999895095825,2.611999988555908,2.7100000381469727,2071000,0.0,0.0
2024-11-05 00:00:00-05:00,2.690000057220459,3.049999952316284,2.6600000858306885,2.8499999046325684,1232000,0.0,0.0
2024-11-06 00:00:00-05:00,2.940000057220459,3.127000093460083,2.75,2.990000009536743,1049700,0.0,0.0
2024-11-07 00:00:00-05:00,3.0,3.5199999809265137,2.8320000171661377,3.4000000953674316,1548000,0.0,0.0
2024-11-08 00:00:00-05:00,3.369999885559082,4.0,3.3329999446868896,3.799999952316284,1416000,0.0,0.0
2024-11-11 00:00:00-05:00,3.819999933242798,3.8399999141693115,2.4000000953674316,3.3399999141693115,2315400,0.0,0.0
2024-11-12 00:00:00-05:00,3.440000057220459,3.7799999713897705,3.0299999713897705,3.7799999713897705,1338400,0.0,0.0
2024-11-13 00:00:00-05:00,3.880000114440918,4.199999809265137,3.621999979019165,3.9200000762939453,1629400,0.0,0.0
2024-11-14 00:00:00-05:00,3.869999885559082,4.360000133514404,3.634999990463257,4.099999904632568,1388300,0.0,0.0
2024-11-15 00:00:00-05:00,4.099999904632568,4.300000190734863,3.803999900817871,4.21999979019165,989100,0.0,0.0
2024-11-18 00:00:00-05:00,4.269999980926514,4.269999980926514,3.6500000953674316,3.890000104904175,1285200,0.0,0.0
2024-11-19 00:00:00-05:00,3.869999885559082,4.159999847412109,3.8299999237060547,3.880000114440918,883000,0.0,0.0
2024-11-20 00:00:00-05:00,3.869999885559082,4.034999847412109,3.6500000953674316,3.799999952316284,635000,0.0,0.0
2024-11-21 00:00:00-05:00,3.7100000381469727,3.950000047683716,3.700000047683716,3.9000000953674316,481700,0.0,0.0
2024-11-22 00:00:00-05:00,3.9000000953674316,3.9000000953674316,3.5,3.819999933242798,832200,0.0,0.0
2024-11-25 00:00:00-05:00,3.809999942779541,4.079999923706055,3.6500000953674316,3.9000000953674316,464700,0.0,0.0
2024-11-26 00:00:00-05:00,3.930000066757202,4.21999979019165,3.7200000286102295,3.8499999046325684,769200,0.0,0.0
2024-11-27 00:00:00-05:00,3.9200000762939453,4.269999980926514,3.9000000953674316,4.269999980926514,475500,0.0,0.0
2024-11-29 00:00:00-05:00,4.179999828338623,4.25,3.9609999656677246,4.179999828338623,359100,0.0,0.0
2024-12-02 00:00:00-05:00,4.190000057220459,4.190000057220459,3.9000000953674316,4.105000019073486,315500,0.0,0.0
2024-12-03 00:00:00-05:00,4.099999904632568,4.335000038146973,3.9600000381469727,4.309999942779541,578800,0.0,0.0
2024-12-04 00:00:00-05:00,4.340000152587891,4.489999771118164,4.105000019073486,4.150000095367432,351000,0.0,0.0
2024-12-05 00:00:00-05:00,4.110000133514404,4.239999771118164,3.759999990463257,4.170000076293945,686900,0.0,0.0
2024-12-06 00:00:00-05:00,4.199999809265137,4.389999866485596,4.03000020980835,4.360000133514404,454400,0.0,0.0
2024-12-09 00:00:00-05:00,4.389999866485596,4.389999866485596,4.099999904632568,4.349999904632568,402700,0.0,0.0
2024-12-10 00:00:00-05:00,4.369999885559082,4.389900207519531,3.9700000286102295,3.9800000190734863,365469,0.0,0.0
