Date,Open,High,Low,Close,Volume,Dividends,Stock Splits
2022-05-17 00:00:00-04:00,4.5,6.110000133514404,3.5199999809265137,3.619999885559082,2081200,0.0,0.0
2022-05-18 00:00:00-04:00,3.5899999141693115,3.687999963760376,2.869999885559082,3.0399999618530273,462400,0.0,0.0
2022-05-19 00:00:00-04:00,2.940000057220459,3.6700000762939453,2.700000047683716,3.3299999237060547,693300,0.0,0.0
2022-05-20 00:00:00-04:00,3.3299999237060547,3.559999942779541,2.799999952316284,3.0,135300,0.0,0.0
2022-05-23 00:00:00-04:00,2.9000000953674316,3.140000104904175,2.5199999809265137,2.6500000953674316,108300,0.0,0.0
2022-05-24 00:00:00-04:00,2.5799999237060547,2.630000114440918,2.0999999046325684,2.2200000286102295,150700,0.0,0.0
2022-05-25 00:00:00-04:00,2.200000047683716,2.374000072479248,2.0999999046325684,2.200000047683716,92200,0.0,0.0
2022-05-26 00:00:00-04:00,2.200000047683716,2.4700000286102295,2.0799999237060547,2.1110000610351562,92600,0.0,0.0
2022-05-27 00:00:00-04:00,2.0399999618530273,2.1500000953674316,1.9199999570846558,2.0299999713897705,85300,0.0,0.0
2022-05-31 00:00:00-04:00,1.9800000190734863,2.1500000953674316,1.9800000190734863,2.049999952316284,21000,0.0,0.0
2022-06-01 00:00:00-04:00,2.0899999141693115,2.0959999561309814,1.9299999475479126,1.9700000286102295,51600,0.0,0.0
2022-06-02 00:00:00-04:00,1.9700000286102295,2.075000047683716,1.9199999570846558,1.9199999570846558,15200,0.0,0.0
2022-06-03 00:00:00-04:00,1.8799999952316284,2.049999952316284,1.8799999952316284,1.9199999570846558,6200,0.0,0.0
2022-06-06 00:00:00-04:00,1.9299999475479126,2.200000047683716,1.909999966621399,1.9299999475479126,33400,0.0,0.0
2022-06-07 00:00:00-04:00,1.940000057220459,2.049999952316284,1.940000057220459,1.9600000381469727,15800,0.0,0.0
2022-06-08 00:00:00-04:00,2.009999990463257,2.1700000762939453,2.009999990463257,2.0799999237060547,6600,0.0,0.0
2022-06-09 00:00:00-04:00,2.1500000953674316,2.1500000953674316,2.0299999713897705,2.0299999713897705,8900,0.0,0.0
2022-06-10 00:00:00-04:00,2.0399999618530273,2.0920000076293945,2.0399999618530273,2.0899999141693115,8900,0.0,0.0
2022-06-13 00:00:00-04:00,1.9800000190734863,2.140000104904175,1.9500000476837158,2.0,11000,0.0,0.0
2022-06-14 00:00:00-04:00,2.109999895095825,2.11299991607666,2.0,2.009999990463257,3300,0.0,0.0
2022-06-15 00:00:00-04:00,1.9900000095367432,2.5999999046325684,1.9900000095367432,2.2100000381469727,284600,0.0,0.0
2022-06-16 00:00:00-04:00,2.0999999046325684,2.369999885559082,2.0999999046325684,2.2100000381469727,34300,0.0,0.0
2022-06-17 00:00:00-04:00,2.049999952316284,2.2890000343322754,2.049999952316284,2.1500000953674316,8600,0.0,0.0
2022-06-21 00:00:00-04:00,2.140000104904175,2.253999948501587,2.140000104904175,2.1500000953674316,9100,0.0,0.0
2022-06-22 00:00:00-04:00,2.200000047683716,2.325000047683716,2.1700000762939453,2.180000066757202,30300,0.0,0.0
2022-06-23 00:00:00-04:00,2.2799999713897705,2.2799999713897705,2.1700000762939453,2.1700000762939453,6300,0.0,0.0
2022-06-24 00:00:00-04:00,2.1700000762939453,2.240000009536743,2.009999990463257,2.069999933242798,16400,0.0,0.0
2022-06-27 00:00:00-04:00,2.3499999046325684,2.3499999046325684,2.0999999046325684,2.0999999046325684,5800,0.0,0.0
2022-06-28 00:00:00-04:00,2.0999999046325684,2.380000114440918,2.0999999046325684,2.0999999046325684,26100,0.0,0.0
2022-06-29 00:00:00-04:00,2.0999999046325684,2.2699999809265137,2.0999999046325684,2.109999895095825,9700,0.0,0.0
2022-06-30 00:00:00-04:00,2.119999885559082,2.140000104904175,2.0999999046325684,2.0999999046325684,3700,0.0,0.0
2022-07-01 00:00:00-04:00,2.0199999809265137,2.200000047683716,2.009999990463257,2.200000047683716,12400,0.0,0.0
2022-07-05 00:00:00-04:00,2.140000104904175,2.240000009536743,2.0999999046325684,2.200000047683716,3100,0.0,0.0
2022-07-06 00:00:00-04:00,2.0999999046325684,2.299999952316284,2.0999999046325684,2.1600000858306885,11700,0.0,0.0
2022-07-07 00:00:00-04:00,2.2200000286102295,2.2200000286102295,2.0999999046325684,2.121000051498413,2100,0.0,0.0
2022-07-08 00:00:00-04:00,2.140000104904175,2.319999933242798,2.059999942779541,2.1600000858306885,8500,0.0,0.0
2022-07-11 00:00:00-04:00,2.259999990463257,2.305000066757202,2.109999895095825,2.130000114440918,3400,0.0,0.0
2022-07-12 00:00:00-04:00,1.9900000095367432,2.200000047683716,1.9900000095367432,2.0999999046325684,12000,0.0,0.0
2022-07-13 00:00:00-04:00,2.0799999237060547,2.0920000076293945,2.069999933242798,2.069999933242798,6300,0.0,0.0
2022-07-14 00:00:00-04:00,2.0899999141693115,2.109999895095825,2.069999933242798,2.109999895095825,5100,0.0,0.0
2022-07-15 00:00:00-04:00,2.0999999046325684,2.1429998874664307,2.059999942779541,2.1429998874664307,3800,0.0,0.0
2022-07-18 00:00:00-04:00,2.0999999046325684,2.0999999046325684,2.0999999046325684,2.0999999046325684,1100,0.0,0.0
2022-07-19 00:00:00-04:00,2.0399999618530273,2.115000009536743,2.0399999618530273,2.0799999237060547,6200,0.0,0.0
2022-07-20 00:00:00-04:00,2.1029999256134033,2.130000114440918,2.0,2.0799999237060547,11700,0.0,0.0
2022-07-21 00:00:00-04:00,2.0799999237060547,2.0799999237060547,2.0799999237060547,2.0799999237060547,0,0.0,0.0
2022-07-22 00:00:00-04:00,2.0799999237060547,2.0799999237060547,1.909999966621399,2.009999990463257,8700,0.0,0.0
2022-07-25 00:00:00-04:00,2.075000047683716,2.075000047683716,2.075000047683716,2.075000047683716,1000,0.0,0.0
2022-07-26 00:00:00-04:00,2.0450000762939453,2.0450000762939453,1.9900000095367432,2.005000114440918,3200,0.0,0.0
2022-07-27 00:00:00-04:00,2.0,2.0899999141693115,1.809999942779541,1.9500000476837158,22400,0.0,0.0
2022-07-28 00:00:00-04:00,1.9199999570846558,2.0999999046325684,1.9199999570846558,2.055000066757202,22300,0.0,0.0
2022-07-29 00:00:00-04:00,2.0799999237060547,2.9700000286102295,2.0789999961853027,2.3499999046325684,868400,0.0,0.0
2022-08-01 00:00:00-04:00,2.1440000534057617,2.4700000286102295,2.0399999618530273,2.369999885559082,286000,0.0,0.0
2022-08-02 00:00:00-04:00,2.319999933242798,2.8399999141693115,2.200000047683716,2.3380000591278076,302700,0.0,0.0
2022-08-03 00:00:00-04:00,2.2899999618530273,2.490000009536743,1.909999966621399,1.9600000381469727,99000,0.0,0.0
2022-08-04 00:00:00-04:00,2.0,2.130000114440918,1.909999966621399,2.119999885559082,34000,0.0,0.0
2022-08-05 00:00:00-04:00,2.075000047683716,2.180000066757202,1.9299999475479126,2.119999885559082,40200,0.0,0.0
2022-08-08 00:00:00-04:00,2.119999885559082,2.380000114440918,2.11899995803833,2.259999990463257,27900,0.0,0.0
2022-08-09 00:00:00-04:00,2.259999990463257,2.259999990463257,2.0799999237060547,2.0899999141693115,6300,0.0,0.0
2022-08-10 00:00:00-04:00,2.200000047683716,2.259999990463257,2.119999885559082,2.25,11400,0.0,0.0
2022-08-11 00:00:00-04:00,2.2100000381469727,2.299999952316284,2.069999933242798,2.0799999237060547,30300,0.0,0.0
2022-08-12 00:00:00-04:00,2.1089999675750732,2.299999952316284,2.0999999046325684,2.299999952316284,13200,0.0,0.0
2022-08-15 00:00:00-04:00,2.259999990463257,2.3499999046325684,1.9600000381469727,2.119999885559082,46700,0.0,0.0
2022-08-16 00:00:00-04:00,2.0899999141693115,2.0899999141693115,1.875,2.049999952316284,38900,0.0,0.0
2022-08-17 00:00:00-04:00,2.0299999713897705,2.3499999046325684,2.009999990463257,2.259999990463257,32800,0.0,0.0
2022-08-18 00:00:00-04:00,2.299999952316284,2.3499999046325684,2.0799999237060547,2.319999933242798,33200,0.0,0.0
2022-08-19 00:00:00-04:00,2.059999942779541,2.140000104904175,2.059999942779541,2.069999933242798,8700,0.0,0.0
2022-08-22 00:00:00-04:00,2.075000047683716,2.299999952316284,2.0,2.0299999713897705,6300,0.0,0.0
2022-08-23 00:00:00-04:00,2.0299999713897705,2.0799999237060547,2.0299999713897705,2.0299999713897705,2900,0.0,0.0
2022-08-24 00:00:00-04:00,2.049999952316284,2.1600000858306885,2.0299999713897705,2.109999895095825,20400,0.0,0.0
2022-08-25 00:00:00-04:00,2.200000047683716,2.200000047683716,2.049999952316284,2.049999952316284,14100,0.0,0.0
2022-08-26 00:00:00-04:00,2.240000009536743,2.240000009536743,2.0,2.0,2900,0.0,0.0
2022-08-29 00:00:00-04:00,2.0899999141693115,2.0899999141693115,1.9900000095367432,1.9900000095367432,6500,0.0,0.0
2022-08-30 00:00:00-04:00,2.2200000286102295,2.4600000381469727,2.0999999046325684,2.436000108718872,84100,0.0,0.0
2022-08-31 00:00:00-04:00,2.440000057220459,2.619999885559082,2.4000000953674316,2.619999885559082,25300,0.0,0.0
2022-09-01 00:00:00-04:00,2.5399999618530273,2.8499999046325684,2.5399999618530273,2.7200000286102295,86700,0.0,0.0
2022-09-02 00:00:00-04:00,2.8499999046325684,2.950000047683716,2.7200000286102295,2.799999952316284,31100,0.0,0.0
2022-09-06 00:00:00-04:00,2.7799999713897705,2.950000047683716,2.7200000286102295,2.940000057220459,16100,0.0,0.0
2022-09-07 00:00:00-04:00,2.7799999713897705,3.240000009536743,2.7799999713897705,3.109999895095825,45300,0.0,0.0
2022-09-08 00:00:00-04:00,3.1059999465942383,3.194999933242798,2.5299999713897705,3.1700000762939453,22400,0.0,0.0
2022-09-09 00:00:00-04:00,3.180000066757202,3.3499999046325684,2.989000082015991,3.2799999713897705,19600,0.0,0.0
2022-09-12 00:00:00-04:00,3.309999942779541,3.450000047683716,3.299999952316284,3.4000000953674316,13900,0.0,0.0
2022-09-13 00:00:00-04:00,3.2200000286102295,3.2200000286102295,3.009999990463257,3.1489999294281006,1900,0.0,0.0
2022-09-14 00:00:00-04:00,3.0899999141693115,3.200000047683716,3.0199999809265137,3.0199999809265137,6900,0.0,0.0
2022-09-15 00:00:00-04:00,3.0199999809265137,3.200000047683716,3.0199999809265137,3.075000047683716,3800,0.0,0.0
2022-09-16 00:00:00-04:00,3.0999999046325684,3.308000087738037,3.0999999046325684,3.0999999046325684,2100,0.0,0.0
2022-09-19 00:00:00-04:00,3.1500000953674316,3.1500000953674316,3.1500000953674316,3.1500000953674316,300,0.0,0.0
2022-09-20 00:00:00-04:00,2.9140000343322754,3.0199999809265137,2.9140000343322754,3.009999990463257,900,0.0,0.0
2022-09-21 00:00:00-04:00,2.9000000953674316,3.0,2.799999952316284,2.9100000858306885,4900,0.0,0.0
2022-09-22 00:00:00-04:00,3.0,3.2100000381469727,2.5199999809265137,2.6700000762939453,16600,0.0,0.0
2022-09-23 00:00:00-04:00,2.5799999237060547,2.740000009536743,2.390000104904175,2.740000009536743,9600,0.0,0.0
2022-09-26 00:00:00-04:00,2.5199999809265137,2.7200000286102295,2.4800000190734863,2.7200000286102295,600,0.0,0.0
2022-09-27 00:00:00-04:00,2.6500000953674316,2.799999952316284,2.4700000286102295,2.75,2800,0.0,0.0
2022-09-28 00:00:00-04:00,2.430000066757202,2.7669999599456787,2.430000066757202,2.7669999599456787,1300,0.0,0.0
2022-09-29 00:00:00-04:00,2.440000057220459,2.5,2.440000057220459,2.5,700,0.0,0.0
2022-09-30 00:00:00-04:00,2.630000114440918,2.630000114440918,2.630000114440918,2.630000114440918,200,0.0,0.0
2022-10-03 00:00:00-04:00,2.700000047683716,2.700000047683716,2.700000047683716,2.700000047683716,200,0.0,0.0
2022-10-04 00:00:00-04:00,2.6700000762939453,2.6700000762939453,2.6700000762939453,2.6700000762939453,100,0.0,0.0
2022-10-05 00:00:00-04:00,2.8499999046325684,2.8499999046325684,2.509999990463257,2.680000066757202,700,0.0,0.0
2022-10-06 00:00:00-04:00,2.5999999046325684,2.5999999046325684,2.5299999713897705,2.5299999713897705,2500,0.0,0.0
2022-10-07 00:00:00-04:00,2.680000066757202,2.680000066757202,2.509999990463257,2.5950000286102295,1100,0.0,0.0
2022-10-10 00:00:00-04:00,2.799999952316284,2.799999952316284,2.509999990463257,2.6500000953674316,1500,0.0,0.0
2022-10-11 00:00:00-04:00,2.680000066757202,2.680000066757202,2.4100000858306885,2.450000047683716,900,0.0,0.0
2022-10-12 00:00:00-04:00,2.450000047683716,2.7899999618530273,2.4000000953674316,2.4000000953674316,1900,0.0,0.0
2022-10-13 00:00:00-04:00,2.0799999237060547,2.450000047683716,1.9900000095367432,2.319999933242798,14300,0.0,0.0
2022-10-14 00:00:00-04:00,2.0899999141693115,2.4189999103546143,2.049999952316284,2.200000047683716,17000,0.0,0.0
2022-10-17 00:00:00-04:00,2.1500000953674316,2.1500000953674316,2.055000066757202,2.0880000591278076,1200,0.0,0.0
2022-10-18 00:00:00-04:00,2.200000047683716,2.200000047683716,2.200000047683716,2.200000047683716,300,0.0,0.0
2022-10-19 00:00:00-04:00,2.200000047683716,2.200000047683716,2.200000047683716,2.200000047683716,400,0.0,0.0
2022-10-20 00:00:00-04:00,2.009999990463257,2.190000057220459,2.009999990463257,2.190000057220459,1200,0.0,0.0
2022-10-21 00:00:00-04:00,2.1500000953674316,2.299999952316284,2.049999952316284,2.299999952316284,1300,0.0,0.0
2022-10-24 00:00:00-04:00,2.2200000286102295,2.2200000286102295,2.2200000286102295,2.2200000286102295,300,0.0,0.0
2022-10-25 00:00:00-04:00,2.1700000762939453,2.1700000762939453,2.1700000762939453,2.1700000762939453,300,0.0,0.0
2022-10-26 00:00:00-04:00,2.1500000953674316,2.1500000953674316,2.1500000953674316,2.1500000953674316,200,0.0,0.0
2022-10-27 00:00:00-04:00,2.1500000953674316,2.1500000953674316,2.059999942779541,2.059999942779541,600,0.0,0.0
2022-10-28 00:00:00-04:00,2.1500000953674316,2.200000047683716,2.1500000953674316,2.200000047683716,500,0.0,0.0
2022-10-31 00:00:00-04:00,2.1500000953674316,2.299999952316284,2.0999999046325684,2.2699999809265137,2000,0.0,0.0
2022-11-01 00:00:00-04:00,2.2799999713897705,2.380000114440918,2.1600000858306885,2.1600000858306885,2900,0.0,0.0
2022-11-02 00:00:00-04:00,2.200000047683716,2.200000047683716,2.200000047683716,2.200000047683716,400,0.0,0.0
2022-11-03 00:00:00-04:00,2.200000047683716,2.200000047683716,2.200000047683716,2.200000047683716,0,0.0,0.0
2022-11-04 00:00:00-04:00,2.369999885559082,2.390000104904175,2.3499999046325684,2.3499999046325684,2000,0.0,0.0
2022-11-07 00:00:00-05:00,2.390000104904175,2.5,2.390000104904175,2.4000000953674316,7700,0.0,0.0
2022-11-08 00:00:00-05:00,2.187000036239624,2.25,2.187000036239624,2.25,1100,0.0,0.0
2022-11-09 00:00:00-05:00,2.4000000953674316,2.440000057220459,2.140000104904175,2.2799999713897705,2200,0.0,0.0
2022-11-10 00:00:00-05:00,2.0899999141693115,2.1500000953674316,2.009999990463257,2.009999990463257,10000,0.0,0.0
2022-11-11 00:00:00-05:00,2.009999990463257,2.0899999141693115,1.9500000476837158,2.0199999809265137,10400,0.0,0.0
2022-11-14 00:00:00-05:00,2.0399999618530273,2.240000009536743,1.8270000219345093,2.240000009536743,2900,0.0,0.0
2022-11-15 00:00:00-05:00,1.8200000524520874,2.25,1.8200000524520874,2.200000047683716,3200,0.0,0.0
2022-11-16 00:00:00-05:00,2.0,2.200000047683716,2.0,2.200000047683716,600,0.0,0.0
2022-11-17 00:00:00-05:00,2.0199999809265137,2.200000047683716,1.909999966621399,2.200000047683716,2000,0.0,0.0
2022-11-18 00:00:00-05:00,2.049999952316284,2.1500000953674316,1.8600000143051147,2.130000114440918,6800,0.0,0.0
2022-11-21 00:00:00-05:00,2.1500000953674316,2.1500000953674316,1.899999976158142,2.0999999046325684,3400,0.0,0.0
2022-11-22 00:00:00-05:00,2.0999999046325684,2.119999885559082,2.0999999046325684,2.119999885559082,200,0.0,0.0
2022-11-23 00:00:00-05:00,2.0999999046325684,2.140000104904175,2.0999999046325684,2.140000104904175,300,0.0,0.0
2022-11-25 00:00:00-05:00,2.1500000953674316,2.1500000953674316,2.1500000953674316,2.1500000953674316,300,0.0,0.0
2022-11-28 00:00:00-05:00,2.190000057220459,2.190000057220459,2.190000057220459,2.190000057220459,100,0.0,0.0
2022-11-29 00:00:00-05:00,1.9550000429153442,2.0799999237060547,1.8700000047683716,2.0799999237060547,4800,0.0,0.0
2022-11-30 00:00:00-05:00,1.9700000286102295,1.9700000286102295,1.9700000286102295,1.9700000286102295,800,0.0,0.0
2022-12-01 00:00:00-05:00,1.9199999570846558,2.0199999809265137,1.850000023841858,2.009999990463257,3800,0.0,0.0
2022-12-02 00:00:00-05:00,2.1110000610351562,2.2339999675750732,2.109999895095825,2.2339999675750732,1100,0.0,0.0
2022-12-05 00:00:00-05:00,2.200000047683716,2.2799999713897705,2.190000057220459,2.2300000190734863,7800,0.0,0.0
2022-12-06 00:00:00-05:00,2.0999999046325684,2.1649999618530273,1.9500000476837158,2.0,10900,0.0,0.0
2022-12-07 00:00:00-05:00,1.8300000429153442,1.9299999475479126,1.7999999523162842,1.899999976158142,12600,0.0,0.0
2022-12-08 00:00:00-05:00,1.899999976158142,1.899999976158142,1.8700000047683716,1.899999976158142,2000,0.0,0.0
2022-12-09 00:00:00-05:00,1.899999976158142,2.0899999141693115,1.7999999523162842,1.7999999523162842,2200,0.0,0.0
2022-12-12 00:00:00-05:00,1.75,1.8380000591278076,1.75,1.8380000591278076,2100,0.0,0.0
2022-12-13 00:00:00-05:00,1.840000033378601,1.840000033378601,1.6640000343322754,1.690000057220459,17800,0.0,0.0
2022-12-14 00:00:00-05:00,1.7100000381469727,2.190000057220459,1.6100000143051147,2.0899999141693115,38300,0.0,0.0
2022-12-15 00:00:00-05:00,2.009999990463257,2.0899999141693115,2.0,2.0899999141693115,10100,0.0,0.0
2022-12-16 00:00:00-05:00,2.200000047683716,2.259999990463257,2.009999990463257,2.259999990463257,15400,0.0,0.0
2022-12-19 00:00:00-05:00,2.200000047683716,2.200000047683716,2.0999999046325684,2.0999999046325684,1100,0.0,0.0
2022-12-20 00:00:00-05:00,2.0399999618530273,2.2300000190734863,1.9500000476837158,2.2149999141693115,25000,0.0,0.0
2022-12-21 00:00:00-05:00,2.200000047683716,2.200000047683716,2.109999895095825,2.1500000953674316,1700,0.0,0.0
2022-12-22 00:00:00-05:00,2.25,2.490000009536743,2.2200000286102295,2.2200000286102295,5900,0.0,0.0
2022-12-23 00:00:00-05:00,2.5899999141693115,2.5899999141693115,2.0999999046325684,2.4800000190734863,5700,0.0,0.0
2022-12-27 00:00:00-05:00,2.4000000953674316,2.4000000953674316,2.049999952316284,2.049999952316284,2000,0.0,0.0
2022-12-28 00:00:00-05:00,2.049999952316284,2.2929999828338623,2.049999952316284,2.109999895095825,1500,0.0,0.0
2022-12-29 00:00:00-05:00,2.109999895095825,2.200000047683716,2.109999895095825,2.200000047683716,2400,0.0,0.0
2022-12-30 00:00:00-05:00,2.0999999046325684,2.0999999046325684,1.909999966621399,1.909999966621399,17400,0.0,0.0
2023-01-03 00:00:00-05:00,1.7799999713897705,2.049999952316284,1.7799999713897705,2.0,6200,0.0,0.0
2023-01-04 00:00:00-05:00,2.4800000190734863,2.4800000190734863,1.9900000095367432,2.0199999809265137,19600,0.0,0.0
2023-01-05 00:00:00-05:00,1.7799999713897705,2.200000047683716,1.7799999713897705,2.0,17300,0.0,0.0
2023-01-06 00:00:00-05:00,1.8480000495910645,1.899999976158142,1.7799999713897705,1.8289999961853027,2100,0.0,0.0
2023-01-09 00:00:00-05:00,1.8700000047683716,1.9700000286102295,1.8600000143051147,1.9700000286102295,14000,0.0,0.0
2023-01-10 00:00:00-05:00,2.2100000381469727,2.2100000381469727,1.9700000286102295,1.9700000286102295,3600,0.0,0.0
2023-01-11 00:00:00-05:00,1.9900000095367432,2.0299999713897705,1.9900000095367432,2.0299999713897705,900,0.0,0.0
2023-01-12 00:00:00-05:00,2.0,3.0199999809265137,2.0,2.7300000190734863,11700,0.0,0.0
2023-01-13 00:00:00-05:00,2.9000000953674316,3.0,1.9900000095367432,1.9900000095367432,14100,0.0,0.0
2023-01-17 00:00:00-05:00,2.819999933242798,2.819999933242798,2.299999952316284,2.368000030517578,10200,0.0,0.0
2023-01-18 00:00:00-05:00,2.509999990463257,2.509999990463257,2.380000114440918,2.4509999752044678,1100,0.0,0.0
2023-01-19 00:00:00-05:00,2.4600000381469727,2.4600000381469727,2.200000047683716,2.309999942779541,1600,0.0,0.0
2023-01-20 00:00:00-05:00,2.4000000953674316,2.4000000953674316,2.200000047683716,2.200000047683716,5600,0.0,0.0
2023-01-23 00:00:00-05:00,2.2320001125335693,2.25600004196167,2.200000047683716,2.25600004196167,1700,0.0,0.0
2023-01-24 00:00:00-05:00,2.2200000286102295,2.2200000286102295,2.2200000286102295,2.2200000286102295,500,0.0,0.0
2023-01-25 00:00:00-05:00,2.200000047683716,2.200000047683716,2.200000047683716,2.200000047683716,2800,0.0,0.0
2023-01-26 00:00:00-05:00,2.200000047683716,2.2149999141693115,2.200000047683716,2.2149999141693115,1000,0.0,0.0
2023-01-27 00:00:00-05:00,2.2149999141693115,2.2149999141693115,2.2149999141693115,2.2149999141693115,0,0.0,0.0
2023-01-30 00:00:00-05:00,2.7300000190734863,2.7300000190734863,2.200000047683716,2.25,39500,0.0,0.0
2023-01-31 00:00:00-05:00,2.250999927520752,2.5199999809265137,2.2200000286102295,2.5199999809265137,10100,0.0,0.0
2023-02-01 00:00:00-05:00,2.450000047683716,2.5,2.25,2.25,16800,0.0,0.0
2023-02-02 00:00:00-05:00,2.4600000381469727,2.4600000381469727,2.240000009536743,2.2699999809265137,7900,0.0,0.0
2023-02-03 00:00:00-05:00,2.2200000286102295,2.4800000190734863,2.200000047683716,2.319999933242798,5600,0.0,0.0
2023-02-06 00:00:00-05:00,2.2100000381469727,2.430000066757202,2.2100000381469727,2.2200000286102295,3400,0.0,0.0
2023-02-07 00:00:00-05:00,2.2200000286102295,2.384999990463257,2.2049999237060547,2.2149999141693115,5900,0.0,0.0
2023-02-08 00:00:00-05:00,2.2149999141693115,2.2149999141693115,2.2149999141693115,2.2149999141693115,0,0.0,0.0
2023-02-09 00:00:00-05:00,2.2149999141693115,2.2149999141693115,2.2149999141693115,2.2149999141693115,0,0.0,0.0
2023-02-10 00:00:00-05:00,2.2130000591278076,2.2130000591278076,2.200000047683716,2.200000047683716,2400,0.0,0.0
2023-02-13 00:00:00-05:00,2.200000047683716,2.2799999713897705,2.0999999046325684,2.1500000953674316,7200,0.0,0.0
2023-02-14 00:00:00-05:00,2.1500000953674316,2.3499999046325684,2.140000104904175,2.140000104904175,2900,0.0,0.0
2023-02-15 00:00:00-05:00,2.309999942779541,2.309999942779541,2.109999895095825,2.2100000381469727,3400,0.0,0.0
2023-02-16 00:00:00-05:00,2.6600000858306885,2.6600000858306885,2.1600000858306885,2.2950000762939453,11600,0.0,0.0
2023-02-17 00:00:00-05:00,2.5,7.0,2.4000000953674316,3.740000009536743,20025100,0.0,0.0
2023-02-21 00:00:00-05:00,3.200000047683716,3.450000047683716,2.7200000286102295,3.0899999141693115,878500,0.0,0.0
2023-02-22 00:00:00-05:00,2.9100000858306885,3.0850000381469727,2.5399999618530273,2.7699999809265137,273300,0.0,0.0
2023-02-23 00:00:00-05:00,2.700000047683716,2.7200000286102295,2.180000066757202,2.180000066757202,327800,0.0,0.0
2023-02-24 00:00:00-05:00,2.25,2.259999990463257,1.899999976158142,2.0799999237060547,172600,0.0,0.0
2023-02-27 00:00:00-05:00,2.069999933242798,2.9800000190734863,2.0299999713897705,2.4000000953674316,1223500,0.0,0.0
2023-02-28 00:00:00-05:00,2.569999933242798,2.700000047683716,2.0,2.2300000190734863,1062600,0.0,0.0
2023-03-01 00:00:00-05:00,2.75,3.0299999713897705,2.1500000953674316,2.2300000190734863,6845500,0.0,0.0
2023-03-02 00:00:00-05:00,2.190000057220459,2.75,2.1700000762939453,2.259999990463257,927500,0.0,0.0
2023-03-03 00:00:00-05:00,2.490000009536743,2.6600000858306885,2.25,2.359999895095825,349800,0.0,0.0
2023-03-06 00:00:00-05:00,2.2899999618530273,2.4649999141693115,2.1600000858306885,2.259999990463257,206800,0.0,0.0
2023-03-07 00:00:00-05:00,2.200000047683716,2.4800000190734863,2.109999895095825,2.369999885559082,180500,0.0,0.0
2023-03-08 00:00:00-05:00,2.309999942779541,2.440000057220459,2.25,2.3399999141693115,65800,0.0,0.0
2023-03-09 00:00:00-05:00,2.4000000953674316,2.740000009536743,2.2699999809265137,2.569999933242798,232200,0.0,0.0
2023-03-10 00:00:00-05:00,2.5299999713897705,2.5299999713897705,2.2799999713897705,2.3299999237060547,63500,0.0,0.0
2023-03-13 00:00:00-04:00,2.2300000190734863,2.369999885559082,2.059999942779541,2.109999895095825,67100,0.0,0.0
2023-03-14 00:00:00-04:00,1.9199999570846558,1.9900000095367432,1.7400000095367432,1.7799999713897705,177100,0.0,0.0
2023-03-15 00:00:00-04:00,1.75,1.8300000429153442,1.6200000047683716,1.75,49200,0.0,0.0
2023-03-16 00:00:00-04:00,1.9199999570846558,2.2300000190734863,1.840000033378601,1.9900000095367432,6316600,0.0,0.0
2023-03-17 00:00:00-04:00,1.9800000190734863,2.0399999618530273,1.5399999618530273,1.5499999523162842,261200,0.0,0.0
2023-03-20 00:00:00-04:00,1.5399999618530273,1.6480000019073486,1.3600000143051147,1.559999942779541,137000,0.0,0.0
2023-03-21 00:00:00-04:00,1.5,1.590000033378601,1.5,1.5700000524520874,43900,0.0,0.0
2023-03-22 00:00:00-04:00,1.5499999523162842,1.600000023841858,1.4500000476837158,1.4900000095367432,72000,0.0,0.0
2023-03-23 00:00:00-04:00,1.4800000190734863,1.5240000486373901,1.309999942779541,1.4700000286102295,84000,0.0,0.0
2023-03-24 00:00:00-04:00,1.4700000286102295,1.496999979019165,1.3799999952316284,1.3799999952316284,41900,0.0,0.0
2023-03-27 00:00:00-04:00,1.4299999475479126,1.4299999475479126,1.284999966621399,1.309999942779541,53000,0.0,0.0
2023-03-28 00:00:00-04:00,1.309999942779541,1.465999960899353,1.2999999523162842,1.3200000524520874,50400,0.0,0.0
2023-03-29 00:00:00-04:00,1.3200000524520874,1.409000039100647,1.309999942779541,1.3600000143051147,32700,0.0,0.0
2023-03-30 00:00:00-04:00,1.4600000381469727,1.5399999618530273,1.409999966621399,1.5,56900,0.0,0.0
2023-03-31 00:00:00-04:00,1.600000023841858,1.6799999475479126,1.5499999523162842,1.6799999475479126,32700,0.0,0.0
2023-04-03 00:00:00-04:00,1.7300000190734863,1.7300000190734863,1.5520000457763672,1.6299999952316284,32100,0.0,0.0
2023-04-04 00:00:00-04:00,1.600000023841858,1.600000023841858,1.4299999475479126,1.4299999475479126,27900,0.0,0.0
2023-04-05 00:00:00-04:00,1.350000023841858,1.4359999895095825,1.350000023841858,1.4199999570846558,22600,0.0,0.0
2023-04-06 00:00:00-04:00,1.3300000429153442,1.4299999475479126,1.2899999618530273,1.2899999618530273,20100,0.0,0.0
2023-04-10 00:00:00-04:00,1.350000023841858,1.3799999952316284,1.3200000524520874,1.3700000047683716,17600,0.0,0.0
2023-04-11 00:00:00-04:00,1.3700000047683716,1.3899999856948853,1.100000023841858,1.2999999523162842,87000,0.0,0.0
2023-04-12 00:00:00-04:00,1.3200000524520874,1.3200000524520874,1.1200000047683716,1.2100000381469727,19700,0.0,0.0
2023-04-13 00:00:00-04:00,1.2999999523162842,1.3040000200271606,1.190000057220459,1.2100000381469727,14300,0.0,0.0
2023-04-14 00:00:00-04:00,1.2000000476837158,1.309999942779541,1.1299999952316284,1.2000000476837158,23200,0.0,0.0
2023-04-17 00:00:00-04:00,1.2200000286102295,1.2799999713897705,1.149999976158142,1.25,14700,0.0,0.0
2023-04-18 00:00:00-04:00,1.1699999570846558,1.3600000143051147,1.1699999570846558,1.2799999713897705,16200,0.0,0.0
2023-04-19 00:00:00-04:00,1.190000057220459,1.2899999618530273,1.1799999475479126,1.25,8900,0.0,0.0
2023-04-20 00:00:00-04:00,1.1820000410079956,1.4900000095367432,1.159999966621399,1.399999976158142,39400,0.0,0.0
2023-04-21 00:00:00-04:00,1.399999976158142,1.4900000095367432,1.3300000429153442,1.3600000143051147,26000,0.0,0.0
2023-04-24 00:00:00-04:00,1.38100004196167,1.4800000190734863,1.3700000047683716,1.3700000047683716,16600,0.0,0.0
2023-04-25 00:00:00-04:00,1.309999942779541,1.399999976158142,1.2000000476837158,1.2799999713897705,12400,0.0,0.0
2023-04-26 00:00:00-04:00,1.2799999713897705,1.3799999952316284,1.2000000476837158,1.2699999809265137,8200,0.0,0.0
2023-04-27 00:00:00-04:00,1.2899999618530273,1.3799999952316284,1.2200000286102295,1.2699999809265137,9700,0.0,0.0
2023-04-28 00:00:00-04:00,1.3389999866485596,1.4800000190734863,1.25,1.2599999904632568,5600,0.0,0.0
2023-05-01 00:00:00-04:00,1.2599999904632568,1.5,1.2599999904632568,1.409999966621399,19300,0.0,0.0
2023-05-02 00:00:00-04:00,1.350000023841858,1.600000023841858,1.2999999523162842,1.5499999523162842,65900,0.0,0.0
2023-05-03 00:00:00-04:00,1.600000023841858,1.7699999809265137,1.600000023841858,1.649999976158142,44300,0.0,0.0
2023-05-04 00:00:00-04:00,1.75,1.899999976158142,1.6299999952316284,1.75,16100,0.0,0.0
2023-05-05 00:00:00-04:00,1.6649999618530273,1.8700000047683716,1.6649999618530273,1.7200000286102295,9400,0.0,0.0
2023-05-08 00:00:00-04:00,1.7999999523162842,3.25,1.7630000114440918,2.130000114440918,2085900,0.0,0.0
2023-05-09 00:00:00-04:00,2.4000000953674316,2.609999895095825,1.899999976158142,1.940000057220459,1346300,0.0,0.0
2023-05-10 00:00:00-04:00,1.7999999523162842,1.8300000429153442,1.4500000476837158,1.7000000476837158,211700,0.0,0.0
2023-05-11 00:00:00-04:00,1.649999976158142,1.649999976158142,1.4299999475479126,1.5,90100,0.0,0.0
2023-05-12 00:00:00-04:00,1.4600000381469727,1.5950000286102295,1.4600000381469727,1.5199999809265137,55400,0.0,0.0
2023-05-15 00:00:00-04:00,1.5399999618530273,1.7300000190734863,1.4800000190734863,1.6100000143051147,60000,0.0,0.0
2023-05-16 00:00:00-04:00,1.559999942779541,1.6950000524520874,1.3200000524520874,1.5499999523162842,32700,0.0,0.0
2023-05-17 00:00:00-04:00,1.5499999523162842,1.7599999904632568,1.5499999523162842,1.7400000095367432,49000,0.0,0.0
2023-05-18 00:00:00-04:00,1.649999976158142,1.8200000524520874,1.5800000429153442,1.7100000381469727,143600,0.0,0.0
2023-05-19 00:00:00-04:00,1.7000000476837158,1.7300000190734863,1.4800000190734863,1.5579999685287476,179000,0.0,0.0
2023-05-22 00:00:00-04:00,1.5390000343322754,1.8200000524520874,1.409999966621399,1.559999942779541,50300,0.0,0.0
2023-05-23 00:00:00-04:00,1.5,1.6100000143051147,1.399999976158142,1.5269999504089355,24500,0.0,0.0
2023-05-24 00:00:00-04:00,1.5399999618530273,1.5700000524520874,1.399999976158142,1.399999976158142,16600,0.0,0.0
2023-05-25 00:00:00-04:00,1.340000033378601,1.409999966621399,1.284000039100647,1.3300000429153442,29200,0.0,0.0
2023-05-26 00:00:00-04:00,1.4700000286102295,1.5399999618530273,1.2899999618530273,1.3700000047683716,12700,0.0,0.0
2023-05-30 00:00:00-04:00,1.309999942779541,1.5729999542236328,1.309999942779541,1.559999942779541,71000,0.0,0.0
2023-05-31 00:00:00-04:00,1.5149999856948853,1.6100000143051147,1.5010000467300415,1.559999942779541,15000,0.0,0.0
2023-06-01 00:00:00-04:00,1.559000015258789,1.590000033378601,1.5099999904632568,1.5399999618530273,22300,0.0,0.0
2023-06-02 00:00:00-04:00,1.5499999523162842,1.649999976158142,1.5499999523162842,1.628999948501587,5900,0.0,0.0
2023-06-05 00:00:00-04:00,1.7000000476837158,1.8300000429153442,1.5800000429153442,1.75,269700,0.0,0.0
2023-06-06 00:00:00-04:00,1.7100000381469727,1.8300000429153442,1.4420000314712524,1.4600000381469727,437900,0.0,0.0
2023-06-07 00:00:00-04:00,1.3799999952316284,1.6299999952316284,1.309999942779541,1.4739999771118164,67400,0.0,0.0
2023-06-08 00:00:00-04:00,1.4800000190734863,1.5099999904632568,1.399999976158142,1.4509999752044678,16300,0.0,0.0
2023-06-09 00:00:00-04:00,1.3300000429153442,1.4259999990463257,1.2999999523162842,1.309999942779541,31100,0.0,0.0
2023-06-12 00:00:00-04:00,1.2999999523162842,1.399999976158142,1.2300000190734863,1.2999999523162842,32100,0.0,0.0
2023-06-13 00:00:00-04:00,1.350000023841858,1.3600000143051147,1.2799999713897705,1.340000033378601,23300,0.0,0.0
2023-06-14 00:00:00-04:00,1.2899999618530273,1.3300000429153442,1.2899999618530273,1.2899999618530273,10600,0.0,0.0
2023-06-15 00:00:00-04:00,1.2400000095367432,1.3049999475479126,1.2200000286102295,1.2949999570846558,40100,0.0,0.0
2023-06-16 00:00:00-04:00,1.2580000162124634,1.3359999656677246,1.2580000162124634,1.284000039100647,4500,0.0,0.0
2023-06-20 00:00:00-04:00,1.2699999809265137,1.3200000524520874,1.1100000143051147,1.1799999475479126,57100,0.0,0.0
2023-06-21 00:00:00-04:00,1.2200000286102295,1.2200000286102295,1.1699999570846558,1.2200000286102295,10100,0.0,0.0
2023-06-22 00:00:00-04:00,1.1699999570846558,1.2200000286102295,1.1699999570846558,1.2100000381469727,3100,0.0,0.0
2023-06-23 00:00:00-04:00,1.2400000095367432,1.2999999523162842,1.2200000286102295,1.2300000190734863,9500,0.0,0.0
2023-06-26 00:00:00-04:00,1.2300000190734863,1.2899999618530273,1.2200000286102295,1.2699999809265137,7000,0.0,0.0
2023-06-27 00:00:00-04:00,1.2100000381469727,1.3200000524520874,1.159999966621399,1.1970000267028809,10000,0.0,0.0
2023-06-28 00:00:00-04:00,1.25,1.25,1.093000054359436,1.149999976158142,18000,0.0,0.0
2023-06-29 00:00:00-04:00,1.149999976158142,1.2000000476837158,1.100000023841858,1.159999966621399,8400,0.0,0.0
2023-06-30 00:00:00-04:00,1.190000057220459,1.190000057220459,1.1080000400543213,1.1460000276565552,20300,0.0,0.0
2023-07-03 00:00:00-04:00,1.1100000143051147,1.190000057220459,1.0700000524520874,1.1200000047683716,13500,0.0,0.0
2023-07-05 00:00:00-04:00,1.1799999475479126,1.1799999475479126,1.0800000429153442,1.149999976158142,13000,0.0,0.0
2023-07-06 00:00:00-04:00,1.1100000143051147,1.187999963760376,1.0199999809265137,1.1699999570846558,7800,0.0,0.0
2023-07-07 00:00:00-04:00,1.1100000143051147,1.1699999570846558,1.0800000429153442,1.0800000429153442,14100,0.0,0.0
2023-07-10 00:00:00-04:00,1.090000033378601,1.1019999980926514,0.9800000190734863,1.0800000429153442,12700,0.0,0.0
2023-07-11 00:00:00-04:00,1.0839999914169312,1.100000023841858,1.0299999713897705,1.065000057220459,4900,0.0,0.0
2023-07-12 00:00:00-04:00,1.0299999713897705,1.090000033378601,0.9200000166893005,1.090000033378601,22400,0.0,0.0
2023-07-13 00:00:00-04:00,1.0399999618530273,1.1200000047683716,1.0099999904632568,1.0770000219345093,16700,0.0,0.0
2023-07-14 00:00:00-04:00,1.1100000143051147,1.1770000457763672,1.1100000143051147,1.1699999570846558,9400,0.0,0.0
2023-07-17 00:00:00-04:00,1.1399999856948853,1.190000057220459,1.1399999856948853,1.190000057220459,3500,0.0,0.0
2023-07-18 00:00:00-04:00,1.1200000047683716,1.2200000286102295,1.1200000047683716,1.2200000286102295,13900,0.0,0.0
2023-07-19 00:00:00-04:00,1.1710000038146973,1.340000033378601,1.1710000038146973,1.2699999809265137,60700,0.0,0.0
2023-07-20 00:00:00-04:00,1.2300000190734863,1.3200000524520874,1.1799999475479126,1.2200000286102295,23300,0.0,0.0
2023-07-21 00:00:00-04:00,1.1699999570846558,1.340000033378601,1.1699999570846558,1.2300000190734863,22000,0.0,0.0
2023-07-24 00:00:00-04:00,1.159999966621399,1.409999966621399,1.1200000047683716,1.2999999523162842,29200,0.0,0.0
2023-07-25 00:00:00-04:00,1.2999999523162842,1.5399999618530273,1.2999999523162842,1.5,74700,0.0,0.0
2023-07-26 00:00:00-04:00,1.4600000381469727,1.5800000429153442,1.4500000476837158,1.524999976158142,41500,0.0,0.0
2023-07-27 00:00:00-04:00,1.5,1.9199999570846558,1.4299999475479126,1.8799999952316284,269200,0.0,0.0
2023-07-28 00:00:00-04:00,2.200000047683716,2.75,2.009999990463257,2.200000047683716,3988400,0.0,0.0
2023-07-31 00:00:00-04:00,1.9800000190734863,2.0,1.6100000143051147,1.8700000047683716,450700,0.0,0.0
2023-08-01 00:00:00-04:00,1.5299999713897705,1.7790000438690186,1.5,1.6200000047683716,200600,0.0,0.0
2023-08-02 00:00:00-04:00,1.649999976158142,1.649999976158142,1.5,1.5499999523162842,44200,0.0,0.0
2023-08-03 00:00:00-04:00,1.5299999713897705,1.590000033378601,1.4600000381469727,1.5800000429153442,47700,0.0,0.0
2023-08-04 00:00:00-04:00,1.5099999904632568,1.5700000524520874,1.4800000190734863,1.5700000524520874,26600,0.0,0.0
2023-08-07 00:00:00-04:00,1.559999942779541,1.5700000524520874,1.3300000429153442,1.409999966621399,136400,0.0,0.0
2023-08-08 00:00:00-04:00,1.3600000143051147,1.3799999952316284,1.2699999809265137,1.309999942779541,28000,0.0,0.0
2023-08-09 00:00:00-04:00,1.309999942779541,1.309999942779541,1.2300000190734863,1.2910000085830688,13000,0.0,0.0
2023-08-10 00:00:00-04:00,1.2699999809265137,1.281999945640564,1.2100000381469727,1.25,18900,0.0,0.0
2023-08-11 00:00:00-04:00,1.2000000476837158,1.4500000476837158,1.2000000476837158,1.350000023841858,25700,0.0,0.0
2023-08-14 00:00:00-04:00,1.3600000143051147,1.649999976158142,1.3600000143051147,1.6399999856948853,97300,0.0,0.0
2023-08-15 00:00:00-04:00,1.5399999618530273,1.7000000476837158,1.4900000095367432,1.7000000476837158,44400,0.0,0.0
2023-08-16 00:00:00-04:00,1.6349999904632568,1.774999976158142,1.5800000429153442,1.7000000476837158,29800,0.0,0.0
2023-08-17 00:00:00-04:00,1.6399999856948853,1.7400000095367432,1.5,1.5499999523162842,72800,0.0,0.0
2023-08-18 00:00:00-04:00,1.5,1.6990000009536743,1.3799999952316284,1.6299999952316284,41100,0.0,0.0
2023-08-21 00:00:00-04:00,1.5299999713897705,1.6959999799728394,1.5299999713897705,1.6200000047683716,7100,0.0,0.0
2023-08-22 00:00:00-04:00,1.5460000038146973,1.6299999952316284,1.5460000038146973,1.600000023841858,4400,0.0,0.0
2023-08-23 00:00:00-04:00,1.559999942779541,1.9700000286102295,1.559999942779541,1.9700000286102295,65900,0.0,0.0
2023-08-24 00:00:00-04:00,1.909999966621399,2.049999952316284,1.8980000019073486,1.9630000591278076,57000,0.0,0.0
2023-08-25 00:00:00-04:00,2.0199999809265137,2.2899999618530273,1.7999999523162842,2.180000066757202,151700,0.0,0.0
2023-08-28 00:00:00-04:00,2.299999952316284,2.950000047683716,2.1700000762939453,2.7990000247955322,1189300,0.0,0.0
2023-08-29 00:00:00-04:00,3.049999952316284,3.069999933242798,2.359999895095825,3.0399999618530273,5332900,0.0,0.0
2023-08-30 00:00:00-04:00,3.0,3.0,2.359999895095825,2.5,754500,0.0,0.0
2023-08-31 00:00:00-04:00,2.0299999713897705,2.1700000762939453,1.909999966621399,2.009999990463257,380900,0.0,0.0
2023-09-01 00:00:00-04:00,1.840000033378601,2.0,1.7899999618530273,1.9900000095367432,176500,0.0,0.0
2023-09-05 00:00:00-04:00,1.899999976158142,2.1500000953674316,1.850000023841858,1.9900000095367432,139600,0.0,0.0
2023-09-06 00:00:00-04:00,2.0,2.0399999618530273,1.909999966621399,1.9800000190734863,83000,0.0,0.0
2023-09-07 00:00:00-04:00,1.8799999952316284,1.9700000286102295,1.8200000524520874,1.940000057220459,91600,0.0,0.0
2023-09-08 00:00:00-04:00,2.0999999046325684,2.200000047683716,1.899999976158142,1.9299999475479126,361900,0.0,0.0
2023-09-11 00:00:00-04:00,1.9299999475479126,1.9850000143051147,1.8799999952316284,1.9199999570846558,61600,0.0,0.0
2023-09-12 00:00:00-04:00,1.8799999952316284,2.0,1.8799999952316284,1.9299999475479126,55000,0.0,0.0
2023-09-13 00:00:00-04:00,1.9299999475479126,1.9980000257492065,1.9299999475479126,1.9800000190734863,110500,0.0,0.0
2023-09-14 00:00:00-04:00,1.7999999523162842,1.840000033378601,1.6100000143051147,1.7699999809265137,889500,0.0,0.0
2023-09-15 00:00:00-04:00,1.840000033378601,2.0969998836517334,1.75,1.9900000095367432,190700,0.0,0.0
2023-09-18 00:00:00-04:00,1.9500000476837158,1.9800000190734863,1.7999999523162842,1.8700000047683716,46300,0.0,0.0
2023-09-19 00:00:00-04:00,1.840000033378601,1.940000057220459,1.7999999523162842,1.940000057220459,38300,0.0,0.0
2023-09-20 00:00:00-04:00,1.909999966621399,2.059999942779541,1.899999976158142,2.0,52800,0.0,0.0
2023-09-21 00:00:00-04:00,1.9900000095367432,2.0399999618530273,1.909999966621399,1.9450000524520874,42800,0.0,0.0
2023-09-22 00:00:00-04:00,1.899999976158142,2.0299999713897705,1.8899999856948853,1.9859999418258667,50100,0.0,0.0
2023-09-25 00:00:00-04:00,1.9199999570846558,1.9600000381469727,1.899999976158142,1.9199999570846558,20100,0.0,0.0
2023-09-26 00:00:00-04:00,1.8600000143051147,1.9170000553131104,1.8600000143051147,1.8799999952316284,20400,0.0,0.0
2023-09-27 00:00:00-04:00,1.8700000047683716,1.9900000095367432,1.8700000047683716,1.899999976158142,30300,0.0,0.0
2023-09-28 00:00:00-04:00,1.9500000476837158,1.9500000476837158,1.8700000047683716,1.8700000047683716,28000,0.0,0.0
2023-09-29 00:00:00-04:00,1.8700000047683716,1.899999976158142,1.8220000267028809,1.850000023841858,41100,0.0,0.0
2023-10-02 00:00:00-04:00,1.899999976158142,1.9900000095367432,1.7999999523162842,1.899999976158142,166200,0.0,0.0
2023-10-03 00:00:00-04:00,1.940000057220459,2.309999942779541,1.9010000228881836,2.2899999618530273,762700,0.0,0.0
2023-10-04 00:00:00-04:00,2.3299999237060547,2.8399999141693115,2.1600000858306885,2.75,1376700,0.0,0.0
2023-10-05 00:00:00-04:00,2.9200000762939453,2.950000047683716,2.190000057220459,2.5,1652200,0.0,0.0
2023-10-06 00:00:00-04:00,2.25,2.299999952316284,2.0299999713897705,2.259999990463257,394800,0.0,0.0
2023-10-09 00:00:00-04:00,2.069999933242798,2.200000047683716,2.0,2.0199999809265137,183500,0.0,0.0
2023-10-10 00:00:00-04:00,2.0,2.049999952316284,1.75,1.850000023841858,271000,0.0,0.0
2023-10-11 00:00:00-04:00,1.8300000429153442,1.8300000429153442,1.7100000381469727,1.7400000095367432,134600,0.0,0.0
2023-10-12 00:00:00-04:00,1.809999942779541,1.809999942779541,1.7100000381469727,1.7200000286102295,50500,0.0,0.0
2023-10-13 00:00:00-04:00,1.7699999809265137,1.7699999809265137,1.649999976158142,1.6799999475479126,65700,0.0,0.0
2023-10-16 00:00:00-04:00,1.649999976158142,1.725000023841858,1.600000023841858,1.659999966621399,107200,0.0,0.0
2023-10-17 00:00:00-04:00,1.659999966621399,1.6950000524520874,1.600000023841858,1.600000023841858,111200,0.0,0.0
2023-10-18 00:00:00-04:00,1.600000023841858,1.6790000200271606,1.5199999809265137,1.5700000524520874,64700,0.0,0.0
2023-10-19 00:00:00-04:00,1.600000023841858,1.6799999475479126,1.5499999523162842,1.600000023841858,143800,0.0,0.0
2023-10-20 00:00:00-04:00,1.690000057220459,1.690000057220459,1.5499999523162842,1.590000033378601,34200,0.0,0.0
2023-10-23 00:00:00-04:00,1.590000033378601,1.6299999952316284,1.5199999809265137,1.6299999952316284,36900,0.0,0.0
2023-10-24 00:00:00-04:00,1.600000023841858,1.6390000581741333,1.5399999618530273,1.590000033378601,21700,0.0,0.0
2023-10-25 00:00:00-04:00,1.590000033378601,1.6030000448226929,1.5499999523162842,1.590000033378601,20900,0.0,0.0
2023-10-26 00:00:00-04:00,1.562999963760376,1.6390000581741333,1.559999942779541,1.6200000047683716,19400,0.0,0.0
2023-10-27 00:00:00-04:00,1.590000033378601,1.6200000047683716,1.5800000429153442,1.6059999465942383,10800,0.0,0.0
2023-10-30 00:00:00-04:00,1.6699999570846558,1.690000057220459,1.5800000429153442,1.600000023841858,14700,0.0,0.0
2023-10-31 00:00:00-04:00,1.5499999523162842,1.659999966621399,1.5399999618530273,1.659999966621399,43700,0.0,0.0
2023-11-01 00:00:00-04:00,1.6200000047683716,1.659999966621399,1.600000023841858,1.600000023841858,10700,0.0,0.0
2023-11-02 00:00:00-04:00,1.6299999952316284,1.649999976158142,1.5800000429153442,1.6200000047683716,10000,0.0,0.0
2023-11-03 00:00:00-04:00,1.6100000143051147,1.850000023841858,1.6100000143051147,1.7999999523162842,93600,0.0,0.0
2023-11-06 00:00:00-05:00,1.7400000095367432,1.7699999809265137,1.649999976158142,1.7100000381469727,41000,0.0,0.0
2023-11-07 00:00:00-05:00,1.7699999809265137,1.8880000114440918,1.7100000381469727,1.7699999809265137,52500,0.0,0.0
2023-11-08 00:00:00-05:00,1.75,1.8300000429153442,1.6950000524520874,1.75,52400,0.0,0.0
2023-11-09 00:00:00-05:00,1.7100000381469727,1.7599999904632568,1.7000000476837158,1.75,48800,0.0,0.0
2023-11-10 00:00:00-05:00,1.9500000476837158,1.9500000476837158,1.7000000476837158,1.7200000286102295,44700,0.0,0.0
2023-11-13 00:00:00-05:00,1.809999942779541,1.809999942779541,1.6799999475479126,1.690000057220459,23900,0.0,0.0
2023-11-14 00:00:00-05:00,1.6799999475479126,1.7200000286102295,1.659999966621399,1.7000000476837158,35200,0.0,0.0
2023-11-15 00:00:00-05:00,1.7000000476837158,1.7200000286102295,1.6449999809265137,1.690000057220459,14400,0.0,0.0
2023-11-16 00:00:00-05:00,1.7200000286102295,1.7200000286102295,1.649999976158142,1.690000057220459,12600,0.0,0.0
2023-11-17 00:00:00-05:00,1.6699999570846558,1.7200000286102295,1.649999976158142,1.7000000476837158,9100,0.0,0.0
2023-11-20 00:00:00-05:00,1.6720000505447388,1.7899999618530273,1.6720000505447388,1.7300000190734863,21400,0.0,0.0
2023-11-21 00:00:00-05:00,1.7289999723434448,1.7300000190734863,1.600000023841858,1.6799999475479126,4400,0.0,0.0
2023-11-22 00:00:00-05:00,1.649999976158142,1.7200000286102295,1.6399999856948853,1.7000000476837158,19100,0.0,0.0
2023-11-24 00:00:00-05:00,1.6299999952316284,1.7000000476837158,1.6299999952316284,1.649999976158142,1900,0.0,0.0
2023-11-27 00:00:00-05:00,1.6200000047683716,1.7899999618530273,1.600000023841858,1.6299999952316284,19600,0.0,0.0
2023-11-28 00:00:00-05:00,1.6790000200271606,1.7699999809265137,1.600000023841858,1.649999976158142,5400,0.0,0.0
2023-11-29 00:00:00-05:00,1.649999976158142,1.6979999542236328,1.6399999856948853,1.6950000524520874,6100,0.0,0.0
2023-11-30 00:00:00-05:00,1.7200000286102295,1.7300000190734863,1.6299999952316284,1.6299999952316284,21200,0.0,0.0
2023-12-01 00:00:00-05:00,1.6399999856948853,1.7350000143051147,1.6299999952316284,1.6649999618530273,6100,0.0,0.0
2023-12-04 00:00:00-05:00,1.75,1.7549999952316284,1.649999976158142,1.7300000190734863,63700,0.0,0.0
2023-12-05 00:00:00-05:00,1.7999999523162842,1.7999999523162842,1.6519999504089355,1.725000023841858,21200,0.0,0.0
2023-12-06 00:00:00-05:00,1.75,1.75,1.649999976158142,1.7000000476837158,142500,0.0,0.0
2023-12-07 00:00:00-05:00,1.6799999475479126,1.7100000381469727,1.659999966621399,1.7000000476837158,9300,0.0,0.0
2023-12-08 00:00:00-05:00,1.659999966621399,1.7200000286102295,1.659999966621399,1.6699999570846558,11500,0.0,0.0
2023-12-11 00:00:00-05:00,1.6699999570846558,1.6699999570846558,1.5700000524520874,1.649999976158142,31600,0.0,0.0
2023-12-12 00:00:00-05:00,1.6349999904632568,1.7200000286102295,1.600000023841858,1.7000000476837158,14600,0.0,0.0
2023-12-13 00:00:00-05:00,1.7100000381469727,1.7100000381469727,1.6200000047683716,1.649999976158142,11400,0.0,0.0
2023-12-14 00:00:00-05:00,1.7400000095367432,1.7400000095367432,1.6349999904632568,1.690000057220459,29600,0.0,0.0
2023-12-15 00:00:00-05:00,1.690000057220459,1.75,1.6799999475479126,1.75,11200,0.0,0.0
2023-12-18 00:00:00-05:00,1.75,1.7999999523162842,1.7139999866485596,1.7999999523162842,24700,0.0,0.0
2023-12-19 00:00:00-05:00,1.899999976158142,2.119999885559082,1.774999976158142,2.009999990463257,238400,0.0,0.0
2023-12-20 00:00:00-05:00,2.009999990463257,2.009999990463257,1.7100000381469727,1.7400000095367432,39600,0.0,0.0
2023-12-21 00:00:00-05:00,1.8200000524520874,1.8200000524520874,1.5829999446868896,1.7200000286102295,45600,0.0,0.0
2023-12-22 00:00:00-05:00,1.9600000381469727,1.9600000381469727,1.7649999856948853,1.7799999713897705,36100,0.0,0.0
2023-12-26 00:00:00-05:00,1.7300000190734863,1.8600000143051147,1.7300000190734863,1.8200000524520874,12600,0.0,0.0
2023-12-27 00:00:00-05:00,1.8200000524520874,1.934999942779541,1.7799999713897705,1.840000033378601,29100,0.0,0.0
2023-12-28 00:00:00-05:00,1.840000033378601,1.9249999523162842,1.840000033378601,1.8899999856948853,43900,0.0,0.0
2023-12-29 00:00:00-05:00,1.9500000476837158,1.9500000476837158,1.7300000190734863,1.7699999809265137,18100,0.0,0.0
2024-01-02 00:00:00-05:00,1.7400000095367432,1.940000057220459,1.7300000190734863,1.940000057220459,18800,0.0,0.0
2024-01-03 00:00:00-05:00,1.8700000047683716,1.940000057220459,1.75,1.8020000457763672,41900,0.0,0.0
2024-01-04 00:00:00-05:00,1.809999942779541,1.809999942779541,1.7000000476837158,1.7000000476837158,20100,0.0,0.0
2024-01-05 00:00:00-05:00,1.75,1.8799999952316284,1.75,1.8639999628067017,61900,0.0,0.0
2024-01-08 00:00:00-05:00,1.850000023841858,1.9500000476837158,1.7200000286102295,1.8899999856948853,1136100,0.0,0.0
2024-01-09 00:00:00-05:00,1.8600000143051147,1.8600000143051147,1.7100000381469727,1.7699999809265137,78400,0.0,0.0
2024-01-10 00:00:00-05:00,1.7999999523162842,1.7999999523162842,1.7000000476837158,1.7000000476837158,83900,0.0,0.0
2024-01-11 00:00:00-05:00,1.690000057220459,1.7269999980926514,1.5800000429153442,1.690000057220459,45200,0.0,0.0
2024-01-12 00:00:00-05:00,1.7000000476837158,1.7999999523162842,1.7000000476837158,1.7300000190734863,25500,0.0,0.0
2024-01-16 00:00:00-05:00,1.7300000190734863,1.75,1.7000000476837158,1.7000000476837158,15700,0.0,0.0
2024-01-17 00:00:00-05:00,1.7419999837875366,1.7419999837875366,1.5850000381469727,1.6399999856948853,58100,0.0,0.0
2024-01-18 00:00:00-05:00,1.6100000143051147,1.7000000476837158,1.6100000143051147,1.6699999570846558,39000,0.0,0.0
2024-01-19 00:00:00-05:00,1.6200000047683716,1.6729999780654907,1.559999942779541,1.6200000047683716,12100,0.0,0.0
2024-01-22 00:00:00-05:00,1.600000023841858,1.6200000047683716,1.5750000476837158,1.6100000143051147,14800,0.0,0.0
2024-01-23 00:00:00-05:00,1.5809999704360962,1.625,1.5800000429153442,1.6200000047683716,19700,0.0,0.0
2024-01-24 00:00:00-05:00,1.625,1.6339999437332153,1.590000033378601,1.6100000143051147,10600,0.0,0.0
2024-01-25 00:00:00-05:00,1.5800000429153442,1.6100000143051147,1.5700000524520874,1.5800000429153442,5600,0.0,0.0
2024-01-26 00:00:00-05:00,1.5800000429153442,1.6059999465942383,1.5800000429153442,1.5850000381469727,3900,0.0,0.0
2024-01-29 00:00:00-05:00,1.559999942779541,1.600000023841858,1.5,1.5399999618530273,10300,0.0,0.0
2024-01-30 00:00:00-05:00,1.5199999809265137,1.5299999713897705,1.4199999570846558,1.5,28200,0.0,0.0
2024-01-31 00:00:00-05:00,1.4500000476837158,1.5099999904632568,1.4199999570846558,1.4800000190734863,21000,0.0,0.0
2024-02-01 00:00:00-05:00,1.5399999618530273,1.5399999618530273,1.4199999570846558,1.4900000095367432,9700,0.0,0.0
2024-02-02 00:00:00-05:00,1.4529999494552612,1.5299999713897705,1.190000057220459,1.440000057220459,25900,0.0,0.0
2024-02-05 00:00:00-05:00,1.4600000381469727,1.4600000381469727,1.309999942779541,1.3200000524520874,9100,0.0,0.0
2024-02-06 00:00:00-05:00,1.2699999809265137,1.399999976158142,1.2400000095367432,1.3200000524520874,28400,0.0,0.0
2024-02-07 00:00:00-05:00,1.2699999809265137,1.4299999475479126,1.2699999809265137,1.4299999475479126,6100,0.0,0.0
2024-02-08 00:00:00-05:00,1.409000039100647,1.5,1.350000023841858,1.4299999475479126,18500,0.0,0.0
2024-02-09 00:00:00-05:00,1.6100000143051147,1.850000023841858,1.5199999809265137,1.7100000381469727,5750300,0.0,0.0
2024-02-12 00:00:00-05:00,1.690000057220459,1.7000000476837158,1.4299999475479126,1.4500000476837158,297100,0.0,0.0
2024-02-13 00:00:00-05:00,1.409999966621399,1.4800000190734863,1.3600000143051147,1.4700000286102295,115600,0.0,0.0
2024-02-14 00:00:00-05:00,1.5,1.5099999904632568,1.399999976158142,1.399999976158142,32800,0.0,0.0
2024-02-15 00:00:00-05:00,1.3600000143051147,1.4500000476837158,1.3600000143051147,1.399999976158142,33500,0.0,0.0
2024-02-16 00:00:00-05:00,1.3700000047683716,1.4500000476837158,1.3700000047683716,1.409999966621399,26200,0.0,0.0
2024-02-20 00:00:00-05:00,1.4500000476837158,1.468000054359436,1.3700000047683716,1.4600000381469727,52100,0.0,0.0
2024-02-21 00:00:00-05:00,1.409999966621399,1.5499999523162842,1.3919999599456787,1.5499999523162842,31900,0.0,0.0
2024-02-22 00:00:00-05:00,1.5299999713897705,1.6299999952316284,1.4500000476837158,1.4919999837875366,34100,0.0,0.0
2024-02-23 00:00:00-05:00,1.4600000381469727,1.4800000190734863,1.4119999408721924,1.4800000190734863,22600,0.0,0.0
2024-02-26 00:00:00-05:00,1.5,1.5,1.399999976158142,1.409999966621399,24700,0.0,0.0
2024-02-27 00:00:00-05:00,1.3899999856948853,1.496000051498413,1.3899999856948853,1.4600000381469727,5400,0.0,0.0
2024-02-28 00:00:00-05:00,1.4500000476837158,1.5,1.3200000524520874,1.4199999570846558,17600,0.0,0.0
2024-02-29 00:00:00-05:00,1.3899999856948853,1.4249999523162842,1.2999999523162842,1.3300000429153442,53800,0.0,0.0
2024-03-01 00:00:00-05:00,1.4299999475479126,1.4900000095367432,1.3450000286102295,1.4600000381469727,34900,0.0,0.0
2024-03-04 00:00:00-05:00,1.440000057220459,1.440000057220459,1.309999942779541,1.3700000047683716,34200,0.0,0.0
2024-03-05 00:00:00-05:00,1.3880000114440918,1.399999976158142,1.3389999866485596,1.350000023841858,27800,0.0,0.0
2024-03-06 00:00:00-05:00,1.4539999961853027,1.4539999961853027,1.3300000429153442,1.3799999952316284,90900,0.0,0.0
2024-03-07 00:00:00-05:00,1.3799999952316284,1.440000057220459,1.3799999952316284,1.409999966621399,8900,0.0,0.0
2024-03-08 00:00:00-05:00,1.3899999856948853,1.4900000095367432,1.3899999856948853,1.440000057220459,28700,0.0,0.0
2024-03-11 00:00:00-04:00,1.4800000190734863,1.4800000190734863,1.4199999570846558,1.4630000591278076,13000,0.0,0.0
2024-03-12 00:00:00-04:00,1.440000057220459,1.5,1.4220000505447388,1.4700000286102295,45500,0.0,0.0
2024-03-13 00:00:00-04:00,1.4900000095367432,1.5,1.4450000524520874,1.4500000476837158,62900,0.0,0.0
2024-03-14 00:00:00-04:00,1.4299999475479126,1.465000033378601,1.4199999570846558,1.4199999570846558,18500,0.0,0.0
2024-03-15 00:00:00-04:00,1.4550000429153442,1.5,1.4199999570846558,1.475000023841858,54600,0.0,0.0
2024-03-18 00:00:00-04:00,1.4700000286102295,1.4800000190734863,1.440000057220459,1.4700000286102295,3800,0.0,0.0
2024-03-19 00:00:00-04:00,1.4700000286102295,1.4809999465942383,1.4299999475479126,1.475000023841858,8000,0.0,0.0
2024-03-20 00:00:00-04:00,1.5,1.8300000429153442,1.4500000476837158,1.7699999809265137,274700,0.0,0.0
2024-03-21 00:00:00-04:00,1.809999942779541,1.899999976158142,1.7009999752044678,1.7599999904632568,258900,0.0,0.0
2024-03-22 00:00:00-04:00,1.7599999904632568,1.7999999523162842,1.4900000095367432,1.534999966621399,2118700,0.0,0.0
2024-03-25 00:00:00-04:00,1.5,1.600000023841858,1.3600000143051147,1.4600000381469727,169600,0.0,0.0
2024-03-26 00:00:00-04:00,1.399999976158142,1.4900000095367432,1.350000023841858,1.440000057220459,90200,0.0,0.0
2024-03-27 00:00:00-04:00,1.4700000286102295,1.5049999952316284,1.4700000286102295,1.5,43200,0.0,0.0
2024-03-28 00:00:00-04:00,1.5149999856948853,1.5240000486373901,1.4500000476837158,1.4900000095367432,18600,0.0,0.0
2024-04-01 00:00:00-04:00,1.5399999618530273,1.5700000524520874,1.409999966621399,1.4700000286102295,31900,0.0,0.0
2024-04-02 00:00:00-04:00,1.4199999570846558,1.5,1.3830000162124634,1.4500000476837158,19800,0.0,0.0
2024-04-03 00:00:00-04:00,1.5099999904632568,1.559999942779541,1.4199999570846558,1.5,85000,0.0,0.0
2024-04-04 00:00:00-04:00,1.4800000190734863,1.5,1.4299999475479126,1.5,19200,0.0,0.0
2024-04-05 00:00:00-04:00,1.4600000381469727,1.4709999561309814,1.3899999856948853,1.399999976158142,39600,0.0,0.0
2024-04-08 00:00:00-04:00,1.3899999856948853,1.4299999475479126,1.350000023841858,1.3799999952316284,20100,0.0,0.0
2024-04-09 00:00:00-04:00,1.409999966621399,1.409999966621399,1.2999999523162842,1.3279999494552612,38900,0.0,0.0
2024-04-10 00:00:00-04:00,1.2999999523162842,1.3849999904632568,1.2999999523162842,1.3650000095367432,10300,0.0,0.0
2024-04-11 00:00:00-04:00,1.399999976158142,1.399999976158142,1.2999999523162842,1.3600000143051147,39000,0.0,0.0
2024-04-12 00:00:00-04:00,1.3300000429153442,1.399999976158142,1.2999999523162842,1.3849999904632568,8700,0.0,0.0
2024-04-15 00:00:00-04:00,1.399999976158142,1.399999976158142,1.3300000429153442,1.399999976158142,14000,0.0,0.0
2024-04-16 00:00:00-04:00,1.3799999952316284,1.4500000476837158,1.3170000314712524,1.4500000476837158,21800,0.0,0.0
2024-04-17 00:00:00-04:00,1.4299999475479126,1.5,1.375,1.409999966621399,8800,0.0,0.0
2024-04-18 00:00:00-04:00,1.3799999952316284,1.465000033378601,1.3799999952316284,1.465000033378601,8200,0.0,0.0
2024-04-19 00:00:00-04:00,1.409999966621399,1.4520000219345093,1.3899999856948853,1.402999997138977,13200,0.0,0.0
2024-04-22 00:00:00-04:00,1.399999976158142,1.4299999475479126,1.3200000524520874,1.3600000143051147,62600,0.0,0.0
2024-04-23 00:00:00-04:00,1.4299999475479126,1.4500000476837158,1.2999999523162842,1.399999976158142,28500,0.0,0.0
2024-04-24 00:00:00-04:00,1.3799999952316284,1.4600000381469727,1.3799999952316284,1.409999966621399,50200,0.0,0.0
2024-04-25 00:00:00-04:00,1.38100004196167,1.4470000267028809,1.3799999952316284,1.4470000267028809,3400,0.0,0.0
2024-04-26 00:00:00-04:00,1.4600000381469727,1.5499999523162842,1.434999942779541,1.4700000286102295,11800,0.0,0.0
2024-04-29 00:00:00-04:00,1.5700000524520874,1.5700000524520874,1.4609999656677246,1.4609999656677246,13900,0.0,0.0
2024-04-30 00:00:00-04:00,1.4700000286102295,1.5,1.4600000381469727,1.5,2900,0.0,0.0
2024-05-01 00:00:00-04:00,1.4850000143051147,1.5,1.4850000143051147,1.5,1800,0.0,0.0
2024-05-02 00:00:00-04:00,1.5,1.5449999570846558,1.4800000190734863,1.5449999570846558,29800,0.0,0.0
2024-05-03 00:00:00-04:00,1.5570000410079956,1.5570000410079956,1.5199999809265137,1.5199999809265137,10100,0.0,0.0
2024-05-06 00:00:00-04:00,1.5099999904632568,1.5099999904632568,1.440000057220459,1.4900000095367432,11700,0.0,0.0
2024-05-07 00:00:00-04:00,1.4550000429153442,1.4700000286102295,1.4199999570846558,1.4240000247955322,3300,0.0,0.0
2024-05-08 00:00:00-04:00,1.402999997138977,1.4900000095367432,1.399999976158142,1.4800000190734863,4900,0.0,0.0
2024-05-09 00:00:00-04:00,1.409999966621399,1.5180000066757202,1.409999966621399,1.5099999904632568,3200,0.0,0.0
2024-05-10 00:00:00-04:00,1.409999966621399,1.4950000047683716,1.409999966621399,1.4600000381469727,1900,0.0,0.0
2024-05-13 00:00:00-04:00,1.4900000095367432,1.4900000095367432,1.3569999933242798,1.4800000190734863,9100,0.0,0.0
2024-05-14 00:00:00-04:00,1.4600000381469727,1.5099999904632568,1.399999976158142,1.5099999904632568,248800,0.0,0.0
2024-05-15 00:00:00-04:00,1.409999966621399,1.5,1.409999966621399,1.4900000095367432,10900,0.0,0.0
2024-05-16 00:00:00-04:00,1.440000057220459,1.5700000524520874,1.440000057220459,1.5499999523162842,34700,0.0,0.0
2024-05-17 00:00:00-04:00,1.5099999904632568,1.5800000429153442,1.4639999866485596,1.5199999809265137,11900,0.0,0.0
2024-05-20 00:00:00-04:00,1.4800000190734863,1.5499999523162842,1.4800000190734863,1.4900000095367432,2400,0.0,0.0
2024-05-21 00:00:00-04:00,1.4700000286102295,1.4700000286102295,1.4600000381469727,1.4700000286102295,1100,0.0,0.0
2024-05-22 00:00:00-04:00,1.399999976158142,1.5290000438690186,1.399999976158142,1.4930000305175781,4600,0.0,0.0
2024-05-23 00:00:00-04:00,1.4550000429153442,1.5399999618530273,1.399999976158142,1.4839999675750732,6500,0.0,0.0
2024-05-24 00:00:00-04:00,1.3300000429153442,1.4780000448226929,1.2699999809265137,1.3200000524520874,40300,0.0,0.0
2024-05-28 00:00:00-04:00,1.3200000524520874,1.4199999570846558,1.2100000381469727,1.3109999895095825,19500,0.0,0.0
2024-05-29 00:00:00-04:00,1.2599999904632568,1.4900000095367432,1.2599999904632568,1.440000057220459,17200,0.0,0.0
2024-05-30 00:00:00-04:00,1.4600000381469727,1.4800000190734863,1.3899999856948853,1.3899999856948853,6200,0.0,0.0
2024-05-31 00:00:00-04:00,1.4479999542236328,1.4900000095367432,1.350000023841858,1.4900000095367432,14700,0.0,0.0
2024-06-03 00:00:00-04:00,1.4800000190734863,1.4800000190734863,1.409999966621399,1.4299999475479126,13700,0.0,0.0
2024-06-04 00:00:00-04:00,1.3899999856948853,1.4800000190734863,1.3899999856948853,1.440000057220459,2800,0.0,0.0
2024-06-05 00:00:00-04:00,1.4299999475479126,1.4299999475479126,1.3309999704360962,1.3309999704360962,10200,0.0,0.0
2024-06-06 00:00:00-04:00,1.3830000162124634,1.409999966621399,1.340000033378601,1.340000033378601,800,0.0,0.0
2024-06-07 00:00:00-04:00,1.3799999952316284,1.3799999952316284,1.2300000190734863,1.2699999809265137,8500,0.0,0.0
2024-06-10 00:00:00-04:00,1.3899999856948853,1.3899999856948853,1.2999999523162842,1.3589999675750732,3600,0.0,0.0
2024-06-11 00:00:00-04:00,1.340000033378601,1.4800000190734863,1.3300000429153442,1.4129999876022339,14800,0.0,0.0
2024-06-12 00:00:00-04:00,1.3300000429153442,1.4800000190734863,1.2899999618530273,1.3200000524520874,46400,0.0,0.0
2024-06-13 00:00:00-04:00,1.340000033378601,1.3600000143051147,1.2400000095367432,1.3600000143051147,7900,0.0,0.0
2024-06-14 00:00:00-04:00,1.2999999523162842,1.3300000429153442,1.2799999713897705,1.3079999685287476,2500,0.0,0.0
2024-06-17 00:00:00-04:00,1.2799999713897705,1.3350000381469727,1.2799999713897705,1.2999999523162842,5900,0.0,0.0
2024-06-18 00:00:00-04:00,1.3799999952316284,1.3799999952316284,1.2599999904632568,1.2799999713897705,3200,0.0,0.0
2024-06-20 00:00:00-04:00,1.2400000095367432,1.284999966621399,1.2300000190734863,1.2400000095367432,4900,0.0,0.0
2024-06-21 00:00:00-04:00,1.2300000190734863,1.2599999904632568,1.2200000286102295,1.25,3200,0.0,0.0
2024-06-24 00:00:00-04:00,1.2300000190734863,1.2300000190734863,1.2100000381469727,1.2100000381469727,5200,0.0,0.0
2024-06-25 00:00:00-04:00,1.2000000476837158,1.2200000286102295,1.090000033378601,1.159999966621399,23600,0.0,0.0
2024-06-26 00:00:00-04:00,1.190000057220459,1.190000057220459,1.1109999418258667,1.1799999475479126,2800,0.0,0.0
2024-06-27 00:00:00-04:00,1.1299999952316284,1.1549999713897705,1.1100000143051147,1.13100004196167,12300,0.0,0.0
2024-06-28 00:00:00-04:00,1.1200000047683716,1.2100000381469727,1.1200000047683716,1.190000057220459,5200,0.0,0.0
2024-07-01 00:00:00-04:00,1.149999976158142,1.2799999713897705,1.149999976158142,1.2400000095367432,6700,0.0,0.0
2024-07-02 00:00:00-04:00,1.2200000286102295,1.2200000286102295,1.190000057220459,1.2100000381469727,7000,0.0,0.0
2024-07-03 00:00:00-04:00,1.2050000429153442,1.2050000429153442,1.1799999475479126,1.1799999475479126,500,0.0,0.0
2024-07-05 00:00:00-04:00,1.190000057220459,1.2000000476837158,1.1649999618530273,1.2000000476837158,2700,0.0,0.0
2024-07-08 00:00:00-04:00,1.1699999570846558,1.2000000476837158,1.1699999570846558,1.2000000476837158,2000,0.0,0.0
2024-07-09 00:00:00-04:00,1.1779999732971191,1.190000057220459,1.152999997138977,1.190000057220459,3700,0.0,0.0
2024-07-10 00:00:00-04:00,1.2000000476837158,1.2000000476837158,1.149999976158142,1.1699999570846558,15500,0.0,0.0
2024-07-11 00:00:00-04:00,1.2799999713897705,1.6399999856948853,1.2799999713897705,1.4700000286102295,242200,0.0,0.0
2024-07-12 00:00:00-04:00,1.5299999713897705,1.600000023841858,1.4199999570846558,1.590000033378601,65300,0.0,0.0
2024-07-15 00:00:00-04:00,1.600000023841858,1.600000023841858,1.4199999570846558,1.590000033378601,30700,0.0,0.0
2024-07-16 00:00:00-04:00,1.590000033378601,1.600000023841858,1.5290000438690186,1.565000057220459,57100,0.0,0.0
2024-07-17 00:00:00-04:00,1.600000023841858,1.659999966621399,1.5,1.600000023841858,35200,0.0,0.0
2024-07-18 00:00:00-04:00,1.5269999504089355,1.590000033378601,1.5219999551773071,1.5850000381469727,9600,0.0,0.0
2024-07-19 00:00:00-04:00,1.6399999856948853,1.7400000095367432,1.5700000524520874,1.659999966621399,48800,0.0,0.0
2024-07-22 00:00:00-04:00,1.7000000476837158,1.7000000476837158,1.6009999513626099,1.6799999475479126,30000,0.0,0.0
2024-07-23 00:00:00-04:00,1.6799999475479126,1.7000000476837158,1.600000023841858,1.6399999856948853,13400,0.0,0.0
2024-07-24 00:00:00-04:00,1.5850000381469727,1.7000000476837158,1.5099999904632568,1.5499999523162842,16300,0.0,0.0
2024-07-25 00:00:00-04:00,1.5099999904632568,1.5199999809265137,1.284999966621399,1.350000023841858,48500,0.0,0.0
2024-07-26 00:00:00-04:00,1.3799999952316284,1.4700000286102295,1.350000023841858,1.3609999418258667,28600,0.0,0.0
2024-07-29 00:00:00-04:00,1.350000023841858,1.350000023841858,1.2000000476837158,1.25,8100,0.0,0.0
2024-07-30 00:00:00-04:00,1.2999999523162842,1.2999999523162842,0.9610000252723694,0.9800000190734863,125100,0.0,0.0
2024-07-31 00:00:00-04:00,1.1200000047683716,1.25,1.0299999713897705,1.2300000190734863,30700,0.0,0.0
2024-08-01 00:00:00-04:00,1.2300000190734863,1.3200000524520874,0.9700000286102295,0.9950000047683716,108700,0.0,0.0
2024-08-02 00:00:00-04:00,1.100000023841858,1.1480000019073486,0.8799999952316284,0.9380000233650208,94800,0.0,0.0
2024-08-05 00:00:00-04:00,0.9900000095367432,1.350000023841858,0.8080000281333923,0.949999988079071,578800,0.0,0.0
2024-08-06 00:00:00-04:00,0.9860000014305115,1.1130000352859497,0.9620000123977661,1.0,200200,0.0,0.0
2024-08-07 00:00:00-04:00,1.0,1.0,0.9810000061988831,1.0,156300,0.0,0.0
2024-08-08 00:00:00-04:00,1.0,1.0,0.9800000190734863,0.9900000095367432,54300,0.0,0.0
2024-08-09 00:00:00-04:00,1.0,1.0,0.9800000190734863,0.9950000047683716,58400,0.0,0.0
2024-08-12 00:00:00-04:00,1.0,1.0,0.9599999785423279,0.9769999980926514,40600,0.0,0.0
2024-08-13 00:00:00-04:00,1.0,1.0,0.9700000286102295,1.0,29100,0.0,0.0
2024-08-14 00:00:00-04:00,1.0399999618530273,1.0399999618530273,0.9700000286102295,1.0,143500,0.0,0.0
2024-08-15 00:00:00-04:00,1.0,1.0,0.9599999785423279,0.9800000190734863,88900,0.0,0.0
2024-08-16 00:00:00-04:00,0.9800000190734863,1.0,0.9800000190734863,0.9900000095367432,77200,0.0,0.0
2024-08-19 00:00:00-04:00,1.0,1.0,0.9800000190734863,1.0,41600,0.0,0.0
2024-08-20 00:00:00-04:00,1.0,1.0299999713897705,1.0,1.0299999713897705,128400,0.0,0.0
2024-08-21 00:00:00-04:00,1.0399999618530273,1.0399999618530273,0.8989999890327454,1.0299999713897705,135600,0.0,0.0
2024-08-22 00:00:00-04:00,1.0099999904632568,1.059999942779541,0.9900000095367432,1.0399999618530273,116700,0.0,0.0
2024-08-23 00:00:00-04:00,1.0399999618530273,1.0499999523162842,0.8500000238418579,1.0399999618530273,7381900,0.0,0.0
2024-08-26 00:00:00-04:00,0.9570000171661377,1.0,0.8999999761581421,0.949999988079071,212000,0.0,0.0
2024-08-27 00:00:00-04:00,0.9449999928474426,1.1299999952316284,0.9079999923706055,1.090000033378601,483000,0.0,0.0
2024-08-28 00:00:00-04:00,0.9900000095367432,1.090000033378601,0.9900000095367432,1.090000033378601,111000,0.0,0.0
2024-08-29 00:00:00-04:00,1.059999942779541,1.350000023841858,1.0299999713897705,1.3300000429153442,309600,0.0,0.0
2024-08-30 00:00:00-04:00,1.350000023841858,1.350000023841858,1.149999976158142,1.2000000476837158,65600,0.0,0.0
2024-09-03 00:00:00-04:00,1.1699999570846558,1.2200000286102295,1.149999976158142,1.149999976158142,35700,0.0,0.0
2024-09-04 00:00:00-04:00,1.149999976158142,1.149999976158142,1.0399999618530273,1.100000023841858,225900,0.0,0.0
2024-09-05 00:00:00-04:00,1.1100000143051147,1.1100000143051147,1.0099999904632568,1.0499999523162842,27500,0.0,0.0
2024-09-06 00:00:00-04:00,1.059999942779541,1.059999942779541,1.0,1.0199999809265137,19900,0.0,0.0
2024-09-09 00:00:00-04:00,1.0199999809265137,1.059999942779541,1.0,1.0299999713897705,69300,0.0,0.0
2024-09-10 00:00:00-04:00,1.1200000047683716,1.1349999904632568,1.0,1.100000023841858,38800,0.0,0.0
2024-09-11 00:00:00-04:00,1.059999942779541,1.059999942779541,0.9729999899864197,1.0399999618530273,29900,0.0,0.0
2024-09-12 00:00:00-04:00,1.0,1.0700000524520874,0.9900000095367432,1.034999966621399,51600,0.0,0.0
2024-09-13 00:00:00-04:00,1.0199999809265137,1.090000033378601,1.0099999904632568,1.0299999713897705,26200,0.0,0.0
2024-09-16 00:00:00-04:00,1.0499999523162842,1.0509999990463257,1.034999966621399,1.0449999570846558,2800,0.0,0.0
2024-09-17 00:00:00-04:00,1.090000033378601,1.090000033378601,1.0499999523162842,1.0609999895095825,13700,0.0,0.0
2024-09-18 00:00:00-04:00,1.0299999713897705,1.0579999685287476,1.0299999713897705,1.034999966621399,2800,0.0,0.0
2024-09-19 00:00:00-04:00,1.0449999570846558,1.059999942779541,1.0,1.0199999809265137,29600,0.0,0.0
2024-09-20 00:00:00-04:00,1.0399999618530273,1.0800000429153442,0.968999981880188,1.0099999904632568,51100,0.0,0.0
2024-09-23 00:00:00-04:00,1.059999942779541,1.059999942779541,0.9900000095367432,1.0099999904632568,20300,0.0,0.0
2024-09-24 00:00:00-04:00,0.9900000095367432,1.0099999904632568,0.9800000190734863,1.0099999904632568,4900,0.0,0.0
2024-09-25 00:00:00-04:00,0.9950000047683716,1.0299999713897705,0.9800000190734863,0.9900000095367432,5800,0.0,0.0
2024-09-26 00:00:00-04:00,1.0199999809265137,1.0399999618530273,0.9900000095367432,1.0,7600,0.0,0.0
2024-09-27 00:00:00-04:00,0.9900000095367432,1.0299999713897705,0.9900000095367432,1.0149999856948853,7400,0.0,0.0
2024-09-30 00:00:00-04:00,1.0,1.0399999618530273,1.0,1.0199999809265137,25400,0.0,0.0
2024-10-01 00:00:00-04:00,1.0019999742507935,1.0399999618530273,1.0,1.034999966621399,10000,0.0,0.0
2024-10-02 00:00:00-04:00,1.0299999713897705,1.0399999618530273,1.0,1.0,8800,0.0,0.0
2024-10-03 00:00:00-04:00,1.0199999809265137,1.0399999618530273,1.0,1.0299999713897705,11200,0.0,0.0
2024-10-04 00:00:00-04:00,1.0700000524520874,1.090000033378601,1.0269999504089355,1.0700000524520874,13000,0.0,0.0
2024-10-07 00:00:00-04:00,1.0509999990463257,1.0700000524520874,1.0299999713897705,1.0299999713897705,12800,0.0,0.0
2024-10-08 00:00:00-04:00,1.0399999618530273,1.0609999895095825,1.0199999809265137,1.0290000438690186,15400,0.0,0.0
2024-10-09 00:00:00-04:00,1.0299999713897705,1.034999966621399,0.9900000095367432,1.0299999713897705,19000,0.0,0.0
2024-10-10 00:00:00-04:00,0.9800000190734863,1.0379999876022339,0.9800000190734863,1.0,8500,0.0,0.0
2024-10-11 00:00:00-04:00,0.9900000095367432,1.0499999523162842,0.9900000095367432,1.0299999713897705,3200,0.0,0.0
2024-10-14 00:00:00-04:00,0.9900000095367432,1.0199999809265137,0.9800000190734863,0.9959999918937683,4500,0.0,0.0
2024-10-15 00:00:00-04:00,1.0099999904632568,1.0299999713897705,0.9900000095367432,1.0199999809265137,4900,0.0,0.0
2024-10-16 00:00:00-04:00,1.0499999523162842,1.0789999961853027,1.0,1.0499999523162842,27900,0.0,0.0
2024-10-17 00:00:00-04:00,1.0499999523162842,1.0700000524520874,1.0099999904632568,1.0099999904632568,13200,0.0,0.0
2024-10-18 00:00:00-04:00,1.0399999618530273,1.0420000553131104,0.9509999752044678,1.0199999809265137,68400,0.0,0.0
2024-10-21 00:00:00-04:00,1.0399999618530273,1.0399999618530273,0.9700000286102295,0.9800000190734863,11800,0.0,0.0
2024-10-22 00:00:00-04:00,0.9700000286102295,1.0499999523162842,0.9700000286102295,1.0299999713897705,31500,0.0,0.0
2024-10-23 00:00:00-04:00,1.2200000286102295,1.350000023841858,1.059999942779541,1.2300000190734863,1010600,0.0,0.0
2024-10-24 00:00:00-04:00,1.190000057220459,1.2200000286102295,1.0499999523162842,1.100000023841858,162000,0.0,0.0
2024-10-25 00:00:00-04:00,1.159999966621399,1.3200000524520874,1.100000023841858,1.2599999904632568,276800,0.0,0.0
2024-10-28 00:00:00-04:00,1.149999976158142,1.2200000286102295,1.100000023841858,1.1399999856948853,266700,0.0,0.0
2024-10-29 00:00:00-04:00,1.159999966621399,1.159999966621399,1.100000023841858,1.1200000047683716,36900,0.0,0.0
2024-10-30 00:00:00-04:00,1.159999966621399,1.2999999523162842,1.1260000467300415,1.1649999618530273,139300,0.0,0.0
2024-10-31 00:00:00-04:00,1.159999966621399,1.2000000476837158,1.1299999952316284,1.1799999475479126,121200,0.0,0.0
2024-11-01 00:00:00-04:00,1.190000057220459,1.2200000286102295,1.1699999570846558,1.2000000476837158,120300,0.0,0.0
2024-11-04 00:00:00-05:00,1.190000057220459,1.2200000286102295,1.159999966621399,1.159999966621399,37000,0.0,0.0
2024-11-05 00:00:00-05:00,1.149999976158142,1.1660000085830688,1.100000023841858,1.1200000047683716,28400,0.0,0.0
2024-11-06 00:00:00-05:00,1.1469999551773071,1.1699999570846558,1.1200000047683716,1.1200000047683716,28300,0.0,0.0
2024-11-07 00:00:00-05:00,1.100000023841858,1.1699999570846558,1.0700000524520874,1.1299999952316284,32300,0.0,0.0
2024-11-08 00:00:00-05:00,1.1299999952316284,1.1699999570846558,1.1200000047683716,1.1299999952316284,42300,0.0,0.0
2024-11-11 00:00:00-05:00,1.159999966621399,1.1619999408721924,1.0700000524520874,1.090000033378601,52200,0.0,0.0
2024-11-12 00:00:00-05:00,1.0700000524520874,1.1399999856948853,1.0499999523162842,1.0800000429153442,29600,0.0,0.0
2024-11-13 00:00:00-05:00,1.0700000524520874,1.100000023841858,1.0499999523162842,1.100000023841858,34600,0.0,0.0
2024-11-14 00:00:00-05:00,1.059999942779541,1.1100000143051147,1.059999942779541,1.059999942779541,42900,0.0,0.0
2024-11-15 00:00:00-05:00,1.1200000047683716,1.1200000047683716,1.0399999618530273,1.065000057220459,119400,0.0,0.0
2024-11-18 00:00:00-05:00,1.0499999523162842,1.059999942779541,1.0099999904632568,1.0199999809265137,54900,0.0,0.0
2024-11-19 00:00:00-05:00,1.059999942779541,1.059999942779541,1.0199999809265137,1.0299999713897705,64700,0.0,0.0
2024-11-20 00:00:00-05:00,1.059999942779541,1.100000023841858,1.0199999809265137,1.0700000524520874,55500,0.0,0.0
2024-11-21 00:00:00-05:00,1.0800000429153442,1.0800000429153442,1.0299999713897705,1.0700000524520874,35100,0.0,0.0
2024-11-22 00:00:00-05:00,1.059999942779541,1.100000023841858,1.0399999618530273,1.0499999523162842,59500,0.0,0.0
2024-11-25 00:00:00-05:00,1.059999942779541,1.100000023841858,1.0399999618530273,1.0499999523162842,28500,0.0,0.0
2024-11-26 00:00:00-05:00,1.0499999523162842,1.100000023841858,1.0399999618530273,1.0499999523162842,23900,0.0,0.0
2024-11-27 00:00:00-05:00,1.090000033378601,1.090000033378601,1.0299999713897705,1.0399999618530273,12800,0.0,0.0
2024-11-29 00:00:00-05:00,1.0399999618530273,1.059999942779541,1.0210000276565552,1.0210000276565552,13800,0.0,0.0
2024-12-02 00:00:00-05:00,1.0299999713897705,1.0579999685287476,1.0210000276565552,1.0399999618530273,17900,0.0,0.0
2024-12-03 00:00:00-05:00,1.0299999713897705,1.0399999618530273,1.0099999904632568,1.0099999904632568,28400,0.0,0.0
2024-12-04 00:00:00-05:00,1.0399999618530273,1.0399999618530273,1.0099999904632568,1.0110000371932983,6800,0.0,0.0
2024-12-05 00:00:00-05:00,1.0099999904632568,1.0299999713897705,1.0099999904632568,1.0119999647140503,29500,0.0,0.0
2024-12-06 00:00:00-05:00,1.0099999904632568,1.0399999618530273,1.0099999904632568,1.0399999618530273,5000,0.0,0.0
2024-12-09 00:00:00-05:00,1.0499999523162842,1.0700000524520874,1.0199999809265137,1.0700000524520874,32900,0.0,0.0
2024-12-10 00:00:00-05:00,1.059999942779541,1.100000023841858,1.059999942779541,1.0700000524520874,22955,0.0,0.0
