Date,Open,High,Low,Close,Volume,Dividends,Stock Splits
2022-11-15 00:00:00-05:00,162.60000610351562,183.0,154.5,177.0,11140,0.0,0.0
2022-11-16 00:00:00-05:00,174.89999389648438,174.89999389648438,151.8000030517578,166.5,3617,0.0,0.0
2022-11-17 00:00:00-05:00,159.0,168.0,146.39999389648438,159.89999389648438,1660,0.0,0.0
2022-11-18 00:00:00-05:00,160.5,180.0,159.0,174.3000030517578,6883,0.0,0.0
2022-11-21 00:00:00-05:00,175.5,183.0,154.5,154.5,4430,0.0,0.0
2022-11-22 00:00:00-05:00,141.89999389648438,150.0,126.5999984741211,135.0,2687,0.0,0.0
2022-11-23 00:00:00-05:00,125.4000015258789,150.83999633789062,125.4000015258789,138.3000030517578,2477,0.0,0.0
2022-11-25 00:00:00-05:00,157.1999969482422,168.0,135.0,136.8000030517578,2230,0.0,0.0
2022-11-28 00:00:00-05:00,131.39999389648438,137.6999969482422,114.0,117.30000305175781,1573,0.0,0.0
2022-11-29 00:00:00-05:00,118.19999694824219,118.19999694824219,94.80000305175781,99.0,1510,0.0,0.0
2022-11-30 00:00:00-05:00,95.69999694824219,147.0,90.0,116.0999984741211,4357,0.0,0.0
2022-12-01 00:00:00-05:00,117.9000015258789,125.0999984741211,108.0,108.0,920,0.0,0.0
2022-12-02 00:00:00-05:00,114.0,115.5,108.30000305175781,111.0,1923,0.0,0.0
2022-12-05 00:00:00-05:00,119.69999694824219,119.69999694824219,100.52999877929688,111.0,5130,0.0,0.0
2022-12-06 00:00:00-05:00,105.0,115.5,102.5999984741211,105.5999984741211,630,0.0,0.0
2022-12-07 00:00:00-05:00,102.30000305175781,109.19999694824219,93.0,95.61000061035156,2127,0.0,0.0
2022-12-08 00:00:00-05:00,95.69999694824219,102.0,91.19999694824219,92.4000015258789,407,0.0,0.0
2022-12-09 00:00:00-05:00,95.4000015258789,99.0,90.0,90.0,930,0.0,0.0
2022-12-12 00:00:00-05:00,92.4000015258789,100.19999694824219,90.9000015258789,90.9000015258789,230,0.0,0.0
2022-12-13 00:00:00-05:00,99.30000305175781,119.69999694824219,97.19999694824219,101.69999694824219,3603,0.0,0.0
2022-12-14 00:00:00-05:00,121.19999694824219,121.19999694824219,95.4000015258789,95.4000015258789,700,0.0,0.0
2022-12-15 00:00:00-05:00,117.0,153.0,109.5,120.93000030517578,43003,0.0,0.0
2022-12-16 00:00:00-05:00,125.69999694824219,133.5,116.4000015258789,124.19999694824219,4190,0.0,0.0
2022-12-19 00:00:00-05:00,122.0999984741211,122.0999984741211,108.0,117.2699966430664,1973,0.0,0.0
2022-12-20 00:00:00-05:00,117.5999984741211,119.0999984741211,111.30000305175781,116.4000015258789,1350,0.0,0.0
2022-12-21 00:00:00-05:00,121.19999694824219,121.19999694824219,113.4000015258789,117.0,873,0.0,0.0
2022-12-22 00:00:00-05:00,120.0,120.0,114.0,115.80000305175781,800,0.0,0.0
2022-12-23 00:00:00-05:00,120.0,120.0,108.9000015258789,117.54000091552734,1553,0.0,0.0
2022-12-27 00:00:00-05:00,112.80000305175781,118.5,107.0999984741211,113.4000015258789,1137,0.0,0.0
2022-12-28 00:00:00-05:00,106.5,109.19999694824219,99.9000015258789,100.5,1523,0.0,0.0
2022-12-29 00:00:00-05:00,105.30000305175781,106.80000305175781,93.30000305175781,99.0,910,0.0,0.0
2022-12-30 00:00:00-05:00,97.80000305175781,105.0,93.30000305175781,94.80000305175781,597,0.0,0.0
2023-01-03 00:00:00-05:00,94.80000305175781,98.5199966430664,91.80000305175781,93.9000015258789,547,0.0,0.0
2023-01-04 00:00:00-05:00,93.5999984741211,102.0,93.5999984741211,97.80000305175781,590,0.0,0.0
2023-01-05 00:00:00-05:00,107.0999984741211,107.4000015258789,101.91000366210938,105.0,1843,0.0,0.0
2023-01-06 00:00:00-05:00,97.80000305175781,105.0,97.80000305175781,105.0,480,0.0,0.0
2023-01-09 00:00:00-05:00,112.5,142.5,107.0999984741211,107.4000015258789,14817,0.0,0.0
2023-01-10 00:00:00-05:00,123.9000015258789,138.0,110.0999984741211,130.1999969482422,6850,0.0,0.0
2023-01-11 00:00:00-05:00,134.6999969482422,153.0,128.6999969482422,147.0,9547,0.0,0.0
2023-01-12 00:00:00-05:00,150.0,150.0,130.5,138.3000030517578,2177,0.0,0.0
2023-01-13 00:00:00-05:00,140.6999969482422,148.8000030517578,132.0,142.8000030517578,1437,0.0,0.0
2023-01-17 00:00:00-05:00,144.0,144.3000030517578,120.9000015258789,126.9000015258789,3627,0.0,0.0
2023-01-18 00:00:00-05:00,135.89999389648438,142.5,121.5,136.5,1027,0.0,0.0
2023-01-19 00:00:00-05:00,135.0,136.6199951171875,124.19999694824219,134.39999389648438,590,0.0,0.0
2023-01-20 00:00:00-05:00,135.0,141.3000030517578,126.0,140.10000610351562,1467,0.0,0.0
2023-01-23 00:00:00-05:00,138.0,138.0,112.80000305175781,119.55000305175781,2033,0.0,0.0
2023-01-24 00:00:00-05:00,118.5,122.4000015258789,118.5,118.80000305175781,523,0.0,0.0
2023-01-25 00:00:00-05:00,126.30000305175781,141.89999389648438,105.0,117.0,6613,0.0,0.0
2023-01-26 00:00:00-05:00,110.0999984741211,117.0,110.0999984741211,113.69999694824219,693,0.0,0.0
2023-01-27 00:00:00-05:00,112.19999694824219,123.30000305175781,111.0,117.5999984741211,2643,0.0,0.0
2023-01-30 00:00:00-05:00,114.0,117.5999984741211,104.69999694824219,108.9000015258789,3020,0.0,0.0
2023-01-31 00:00:00-05:00,111.30000305175781,115.80000305175781,100.5,107.0999984741211,4230,0.0,0.0
2023-02-01 00:00:00-05:00,104.0999984741211,107.0999984741211,100.19999694824219,100.80000305175781,880,0.0,0.0
2023-02-02 00:00:00-05:00,107.0999984741211,111.5999984741211,104.69999694824219,110.4000015258789,917,0.0,0.0
2023-02-03 00:00:00-05:00,108.44999694824219,117.0,106.80000305175781,111.0,1187,0.0,0.0
2023-02-06 00:00:00-05:00,107.0999984741211,121.80000305175781,107.0999984741211,121.80000305175781,1930,0.0,0.0
2023-02-07 00:00:00-05:00,118.5,121.80000305175781,114.33000183105469,119.4000015258789,1177,0.0,0.0
2023-02-08 00:00:00-05:00,122.69999694824219,122.69999694824219,114.0,115.80000305175781,110,0.0,0.0
2023-02-09 00:00:00-05:00,116.4000015258789,121.80000305175781,112.5,117.9000015258789,847,0.0,0.0
2023-02-10 00:00:00-05:00,111.30000305175781,120.0,111.30000305175781,120.0,473,0.0,0.0
2023-02-13 00:00:00-05:00,116.4000015258789,120.0,112.80000305175781,116.0999984741211,1080,0.0,0.0
2023-02-14 00:00:00-05:00,115.80000305175781,115.80000305175781,108.5999984741211,108.5999984741211,527,0.0,0.0
2023-02-15 00:00:00-05:00,108.9000015258789,115.80000305175781,105.9000015258789,109.5,593,0.0,0.0
2023-02-16 00:00:00-05:00,106.80000305175781,110.8499984741211,105.5999984741211,109.5,300,0.0,0.0
2023-02-17 00:00:00-05:00,105.5999984741211,111.0,105.5999984741211,111.0,170,0.0,0.0
2023-02-21 00:00:00-05:00,108.0,112.5,106.19999694824219,112.5,203,0.0,0.0
2023-02-22 00:00:00-05:00,110.4000015258789,111.30000305175781,97.5,107.0999984741211,3807,0.0,0.0
2023-02-23 00:00:00-05:00,102.9000015258789,111.0,97.5,99.0,1237,0.0,0.0
2023-02-24 00:00:00-05:00,99.0,105.0,97.5,102.5999984741211,483,0.0,0.0
2023-02-27 00:00:00-05:00,97.80000305175781,101.25,87.0,87.0,1117,0.0,0.0
2023-02-28 00:00:00-05:00,89.4000015258789,103.6500015258789,88.19999694824219,97.19999694824219,1143,0.0,0.0
2023-03-01 00:00:00-05:00,94.19999694824219,97.83000183105469,90.5999984741211,93.0,673,0.0,0.0
2023-03-02 00:00:00-05:00,90.30000305175781,92.69999694824219,90.30000305175781,92.69999694824219,90,0.0,0.0
2023-03-03 00:00:00-05:00,90.5999984741211,94.5,90.5999984741211,94.5,97,0.0,0.0
2023-03-06 00:00:00-05:00,99.9000015258789,99.9000015258789,90.9000015258789,91.19999694824219,147,0.0,0.0
2023-03-07 00:00:00-05:00,94.3499984741211,97.5,92.0999984741211,92.4000015258789,240,0.0,0.0
2023-03-08 00:00:00-05:00,91.80000305175781,98.66999816894531,91.80000305175781,96.0,660,0.0,0.0
2023-03-09 00:00:00-05:00,96.44999694824219,100.5,96.18000030517578,100.5,803,0.0,0.0
2023-03-10 00:00:00-05:00,97.5,105.0,96.0,105.0,907,0.0,0.0
2023-03-13 00:00:00-04:00,123.0,151.25999450683594,121.80000305175781,127.5,330180,0.0,0.0
2023-03-14 00:00:00-04:00,129.89999389648438,130.1999969482422,111.18000030517578,114.5999984741211,12433,0.0,0.0
2023-03-15 00:00:00-04:00,113.4000015258789,113.69999694824219,105.5999984741211,107.0999984741211,3857,0.0,0.0
2023-03-16 00:00:00-04:00,117.0,124.5,94.05000305175781,100.80000305175781,9653,0.0,0.0
2023-03-17 00:00:00-04:00,103.5,108.18000030517578,90.0,106.5,11347,0.0,0.0
2023-03-20 00:00:00-04:00,103.5,108.0,92.0999984741211,96.0,4277,0.0,0.0
2023-03-21 00:00:00-04:00,92.0999984741211,94.5,87.0,88.11000061035156,2707,0.0,0.0
2023-03-22 00:00:00-04:00,85.80000305175781,88.19999694824219,83.0999984741211,85.5,2320,0.0,0.0
2023-03-23 00:00:00-04:00,84.30000305175781,86.4000015258789,75.0,76.3499984741211,1880,0.0,0.0
2023-03-24 00:00:00-04:00,75.0,80.0999984741211,74.4000015258789,74.66999816894531,1317,0.0,0.0
2023-03-27 00:00:00-04:00,69.9000015258789,72.30000305175781,64.5,67.5,3003,0.0,0.0
2023-03-28 00:00:00-04:00,66.0,68.69999694824219,45.0,47.70000076293945,5097,0.0,0.0
2023-03-29 00:00:00-04:00,48.29999923706055,50.099998474121094,37.79999923706055,42.29999923706055,7173,0.0,0.0
2023-03-30 00:00:00-04:00,42.29999923706055,46.20000076293945,37.5,38.70000076293945,6483,0.0,0.0
2023-03-31 00:00:00-04:00,38.099998474121094,39.599998474121094,33.29999923706055,34.5,4213,0.0,0.0
2023-04-03 00:00:00-04:00,34.5,36.0,27.56999969482422,30.899999618530273,8093,0.0,0.0
2023-04-04 00:00:00-04:00,12.0,13.470000267028809,11.100000381469727,11.670000076293945,152297,0.0,0.0
2023-04-05 00:00:00-04:00,12.149999618530273,12.899999618530273,11.430000305175781,11.489999771118164,30537,0.0,0.0
2023-04-06 00:00:00-04:00,11.699999809265137,12.239999771118164,10.979999542236328,11.520000457763672,26143,0.0,0.0
2023-04-10 00:00:00-04:00,12.0,13.260000228881836,11.550000190734863,12.869999885559082,41957,0.0,0.0
2023-04-11 00:00:00-04:00,18.6299991607666,20.06999969482422,15.0600004196167,16.049999237060547,704497,0.0,0.0
2023-04-12 00:00:00-04:00,14.640000343322754,17.100000381469727,14.399999618530273,16.200000762939453,67453,0.0,0.0
2023-04-13 00:00:00-04:00,16.200000762939453,17.100000381469727,14.699999809265137,15.899999618530273,28373,0.0,0.0
2023-04-14 00:00:00-04:00,14.670000076293945,18.899999618530273,14.130000114440918,18.0,52593,0.0,0.0
2023-04-17 00:00:00-04:00,17.399999618530273,19.200000762939453,16.049999237060547,17.399999618530273,36980,0.0,0.0
2023-04-18 00:00:00-04:00,17.25,17.399999618530273,14.430000305175781,15.029999732971191,18563,0.0,0.0
2023-04-19 00:00:00-04:00,20.90999984741211,24.479999542236328,16.59000015258789,16.829999923706055,776033,0.0,0.0
2023-04-20 00:00:00-04:00,17.34000015258789,20.969999313354492,16.799999237060547,19.049999237060547,117723,0.0,0.0
2023-04-21 00:00:00-04:00,18.270000457763672,20.399999618530273,18.0,18.209999084472656,52413,0.0,0.0
2023-04-24 00:00:00-04:00,18.299999237060547,18.600000381469727,15.899999618530273,17.100000381469727,23010,0.0,0.0
2023-04-25 00:00:00-04:00,16.5,17.520000457763672,15.989999771118164,16.559999465942383,10613,0.0,0.0
2023-04-26 00:00:00-04:00,21.18000030517578,24.65999984741211,17.790000915527344,20.850000381469727,574480,0.0,0.0
2023-04-27 00:00:00-04:00,17.670000076293945,19.5,17.399999618530273,17.700000762939453,29637,0.0,0.0
2023-04-28 00:00:00-04:00,17.25,17.399999618530273,16.3799991607666,16.649999618530273,20667,0.0,0.0
2023-05-01 00:00:00-04:00,16.440000534057617,17.700000762939453,16.3799991607666,17.100000381469727,11043,0.0,0.0
2023-05-02 00:00:00-04:00,17.700000762939453,18.0,16.5,16.829999923706055,9793,0.0,0.0
2023-05-03 00:00:00-04:00,17.399999618530273,18.299999237060547,16.350000381469727,18.299999237060547,9250,0.0,0.0
2023-05-04 00:00:00-04:00,19.020000457763672,19.139999389648438,16.799999237060547,18.299999237060547,12553,0.0,0.0
2023-05-05 00:00:00-04:00,17.760000228881836,18.420000076293945,17.100000381469727,17.639999389648438,6243,0.0,0.0
2023-05-08 00:00:00-04:00,18.18000030517578,18.18000030517578,16.829999923706055,17.700000762939453,5883,0.0,0.0
2023-05-09 00:00:00-04:00,18.299999237060547,18.299999237060547,17.399999618530273,17.700000762939453,5690,0.0,0.0
2023-05-10 00:00:00-04:00,17.700000762939453,18.0,16.889999389648438,17.399999618530273,6100,0.0,0.0
2023-05-11 00:00:00-04:00,17.399999618530273,17.700000762939453,16.950000762939453,17.700000762939453,6123,0.0,0.0
2023-05-12 00:00:00-04:00,21.299999237060547,23.700000762939453,18.450000762939453,19.3799991607666,382153,0.0,0.0
2023-05-15 00:00:00-04:00,18.600000381469727,20.639999389648438,18.0,18.209999084472656,30570,0.0,0.0
2023-05-16 00:00:00-04:00,18.209999084472656,18.600000381469727,17.399999618530273,17.549999237060547,14653,0.0,0.0
2023-05-17 00:00:00-04:00,18.030000686645508,18.510000228881836,17.399999618530273,18.030000686645508,7620,0.0,0.0
2023-05-18 00:00:00-04:00,17.90999984741211,18.299999237060547,17.399999618530273,17.969999313354492,6593,0.0,0.0
2023-05-19 00:00:00-04:00,19.709999084472656,19.709999084472656,18.059999465942383,18.510000228881836,89397,0.0,0.0
2023-05-22 00:00:00-04:00,18.030000686645508,18.600000381469727,17.489999771118164,18.0,15973,0.0,0.0
2023-05-23 00:00:00-04:00,18.0,18.600000381469727,17.700000762939453,18.479999542236328,5720,0.0,0.0
2023-05-24 00:00:00-04:00,18.299999237060547,18.479999542236328,17.700000762939453,18.299999237060547,5607,0.0,0.0
2023-05-25 00:00:00-04:00,18.030000686645508,18.299999237060547,17.940000534057617,18.270000457763672,6430,0.0,0.0
2023-05-26 00:00:00-04:00,17.90999984741211,18.299999237060547,16.440000534057617,18.18000030517578,9353,0.0,0.0
2023-05-30 00:00:00-04:00,18.149999618530273,18.299999237060547,17.219999313354492,18.299999237060547,7203,0.0,0.0
2023-05-31 00:00:00-04:00,18.0,18.059999465942383,17.280000686645508,17.399999618530273,3397,0.0,0.0
2023-06-01 00:00:00-04:00,17.670000076293945,17.670000076293945,16.829999923706055,16.829999923706055,4330,0.0,0.0
2023-06-02 00:00:00-04:00,17.399999618530273,17.399999618530273,16.5,16.799999237060547,5433,0.0,0.0
2023-06-05 00:00:00-04:00,16.5,17.100000381469727,15.899999618530273,17.100000381469727,6017,0.0,0.0
2023-06-06 00:00:00-04:00,15.6899995803833,16.799999237060547,15.300000190734863,16.200000762939453,4880,0.0,0.0
2023-06-07 00:00:00-04:00,16.200000762939453,16.5,15.899999618530273,16.31999969482422,2900,0.0,0.0
2023-06-08 00:00:00-04:00,16.020000457763672,16.770000457763672,16.020000457763672,16.5,2340,0.0,0.0
2023-06-09 00:00:00-04:00,15.930000305175781,17.040000915527344,15.300000190734863,16.260000228881836,7470,0.0,0.0
2023-06-12 00:00:00-04:00,16.5,17.100000381469727,15.65999984741211,16.440000534057617,3530,0.0,0.0
2023-06-13 00:00:00-04:00,16.139999389648438,16.440000534057617,15.300000190734863,15.600000381469727,8607,0.0,0.0
2023-06-14 00:00:00-04:00,15.600000381469727,16.799999237060547,15.510000228881836,16.139999389648438,2360,0.0,0.0
2023-06-15 00:00:00-04:00,15.899999618530273,16.5,15.899999618530273,16.350000381469727,3130,0.0,0.0
2023-06-16 00:00:00-04:00,16.5,16.5,15.899999618530273,16.170000076293945,10493,0.0,0.0
2023-06-20 00:00:00-04:00,15.869999885559082,15.989999771118164,15.600000381469727,15.630000114440918,3767,0.0,0.0
2023-06-21 00:00:00-04:00,15.630000114440918,15.84000015258789,15.0,15.0,8530,0.0,0.0
2023-06-22 00:00:00-04:00,15.029999732971191,15.149999618530273,12.899999618530273,13.59000015258789,10190,0.0,0.0
2023-06-23 00:00:00-04:00,14.699999809265137,20.399999618530273,14.399999618530273,15.569999694824219,175417,0.0,0.0
2023-06-26 00:00:00-04:00,15.300000190734863,17.100000381469727,13.710000038146973,16.5,23047,0.0,0.0
2023-06-27 00:00:00-04:00,16.200000762939453,16.200000762939453,14.399999618530273,14.579999923706055,7067,0.0,0.0
2023-06-28 00:00:00-04:00,14.850000381469727,14.850000381469727,14.399999618530273,14.399999618530273,2647,0.0,0.0
2023-06-29 00:00:00-04:00,14.3100004196167,15.0,14.010000228881836,15.0,2643,0.0,0.0
2023-06-30 00:00:00-04:00,14.399999618530273,15.0,14.100000381469727,14.25,2283,0.0,0.0
2023-07-03 00:00:00-04:00,14.25,14.699999809265137,14.100000381469727,14.550000190734863,1103,0.0,0.0
2023-07-05 00:00:00-04:00,14.550000190734863,15.0,14.100000381469727,14.3100004196167,1607,0.0,0.0
2023-07-06 00:00:00-04:00,14.100000381469727,14.520000457763672,13.5,13.59000015258789,4690,0.0,0.0
2023-07-07 00:00:00-04:00,14.850000381469727,14.850000381469727,13.59000015258789,13.979999542236328,1903,0.0,0.0
2023-07-10 00:00:00-04:00,14.699999809265137,14.699999809265137,13.649999618530273,14.130000114440918,2143,0.0,0.0
2023-07-11 00:00:00-04:00,13.979999542236328,14.850000381469727,13.529999732971191,13.829999923706055,673,0.0,0.0
2023-07-12 00:00:00-04:00,14.130000114440918,14.279999732971191,13.050000190734863,13.890000343322754,1827,0.0,0.0
2023-07-13 00:00:00-04:00,13.890000343322754,13.890000343322754,13.5,13.890000343322754,1723,0.0,0.0
2023-07-14 00:00:00-04:00,13.5,14.399999618530273,12.600000381469727,13.4399995803833,7083,0.0,0.0
2023-07-17 00:00:00-04:00,13.829999923706055,13.829999923706055,12.600000381469727,12.899999618530273,3477,0.0,0.0
2023-07-18 00:00:00-04:00,12.899999618530273,13.5,12.899999618530273,13.140000343322754,3737,0.0,0.0
2023-07-19 00:00:00-04:00,12.84000015258789,13.109999656677246,12.600000381469727,12.65999984741211,3677,0.0,0.0
2023-07-20 00:00:00-04:00,12.600000381469727,13.260000228881836,12.329999923706055,12.600000381469727,2007,0.0,0.0
2023-07-21 00:00:00-04:00,14.399999618530273,14.399999618530273,12.329999923706055,13.470000267028809,22433,0.0,0.0
2023-07-24 00:00:00-04:00,12.930000305175781,13.5,12.600000381469727,12.75,4070,0.0,0.0
2023-07-25 00:00:00-04:00,12.600000381469727,13.710000038146973,12.300000190734863,12.930000305175781,3047,0.0,0.0
2023-07-26 00:00:00-04:00,12.420000076293945,13.350000381469727,12.420000076293945,13.199999809265137,1410,0.0,0.0
2023-07-27 00:00:00-04:00,13.199999809265137,13.529999732971191,12.300000190734863,12.600000381469727,3617,0.0,0.0
2023-07-28 00:00:00-04:00,12.600000381469727,13.079999923706055,12.390000343322754,12.84000015258789,2113,0.0,0.0
2023-07-31 00:00:00-04:00,12.84000015258789,13.5,12.420000076293945,13.199999809265137,483,0.0,0.0
2023-08-01 00:00:00-04:00,13.529999732971191,15.0,12.600000381469727,13.199999809265137,8390,0.0,0.0
2023-08-02 00:00:00-04:00,12.899999618530273,14.670000076293945,12.600000381469727,14.100000381469727,6057,0.0,0.0
2023-08-03 00:00:00-04:00,13.5,13.949999809265137,13.199999809265137,13.949999809265137,1337,0.0,0.0
2023-08-04 00:00:00-04:00,13.890000343322754,14.100000381469727,12.300000190734863,12.8100004196167,5233,0.0,0.0
2023-08-07 00:00:00-04:00,12.600000381469727,13.5,12.479999542236328,12.479999542236328,823,0.0,0.0
2023-08-08 00:00:00-04:00,12.84000015258789,13.5,12.300000190734863,13.199999809265137,2770,0.0,0.0
2023-08-09 00:00:00-04:00,13.050000190734863,13.5,12.029999732971191,13.199999809265137,3473,0.0,0.0
2023-08-10 00:00:00-04:00,12.270000457763672,12.600000381469727,11.699999809265137,12.569999694824219,1530,0.0,0.0
2023-08-11 00:00:00-04:00,13.380000114440918,13.380000114440918,11.699999809265137,12.300000190734863,2593,0.0,0.0
2023-08-14 00:00:00-04:00,12.149999618530273,12.300000190734863,11.100000381469727,11.25,2537,0.0,0.0
2023-08-15 00:00:00-04:00,11.3100004196167,13.319999694824219,11.3100004196167,13.020000457763672,7610,0.0,0.0
2023-08-16 00:00:00-04:00,13.170000076293945,14.100000381469727,12.300000190734863,14.100000381469727,6900,0.0,0.0
2023-08-17 00:00:00-04:00,12.75,13.050000190734863,11.399999618530273,12.0,2777,0.0,0.0
2023-08-18 00:00:00-04:00,11.850000381469727,12.449999809265137,11.550000190734863,12.300000190734863,563,0.0,0.0
2023-08-21 00:00:00-04:00,12.930000305175781,13.199999809265137,12.600000381469727,12.75,1693,0.0,0.0
2023-08-22 00:00:00-04:00,12.390000343322754,13.109999656677246,11.579999923706055,12.869999885559082,563,0.0,0.0
2023-08-23 00:00:00-04:00,12.630000114440918,13.109999656677246,12.029999732971191,12.600000381469727,840,0.0,0.0
2023-08-24 00:00:00-04:00,13.109999656677246,13.109999656677246,11.729999542236328,12.300000190734863,1060,0.0,0.0
2023-08-25 00:00:00-04:00,12.449999809265137,12.869999885559082,11.399999618530273,12.0,960,0.0,0.0
2023-08-28 00:00:00-04:00,12.300000190734863,12.869999885559082,11.399999618530273,12.0,883,0.0,0.0
2023-08-29 00:00:00-04:00,11.699999809265137,12.84000015258789,11.550000190734863,12.0,1033,0.0,0.0
2023-08-30 00:00:00-04:00,12.149999618530273,12.149999618530273,11.609999656677246,11.789999961853027,430,0.0,0.0
2023-08-31 00:00:00-04:00,11.850000381469727,12.600000381469727,11.699999809265137,11.729999542236328,287,0.0,0.0
2023-09-01 00:00:00-04:00,12.270000457763672,12.300000190734863,11.699999809265137,12.119999885559082,703,0.0,0.0
2023-09-05 00:00:00-04:00,11.399999618530273,13.739999771118164,11.399999618530273,13.470000267028809,5790,0.0,0.0
2023-09-06 00:00:00-04:00,16.200000762939453,16.200000762939453,12.359999656677246,14.970000267028809,78450,0.0,0.0
2023-09-07 00:00:00-04:00,14.399999618530273,14.399999618530273,12.6899995803833,13.350000381469727,6703,0.0,0.0
2023-09-08 00:00:00-04:00,13.770000457763672,13.770000457763672,12.029999732971191,12.569999694824219,4057,0.0,0.0
2023-09-11 00:00:00-04:00,12.180000305175781,12.75,11.850000381469727,12.180000305175781,2423,0.0,0.0
2023-09-12 00:00:00-04:00,11.970000267028809,12.600000381469727,11.850000381469727,12.300000190734863,2103,0.0,0.0
2023-09-13 00:00:00-04:00,12.09000015258789,12.329999923706055,11.789999961853027,12.0,11773,0.0,0.0
2023-09-14 00:00:00-04:00,6.75,6.900000095367432,5.159999847412109,5.519999980926514,213733,0.0,0.0
2023-09-15 00:00:00-04:00,5.699999809265137,5.699999809265137,5.130000114440918,5.400000095367432,73907,0.0,0.0
2023-09-18 00:00:00-04:00,5.130000114440918,5.699999809265137,5.099999904632568,5.309999942779541,46030,0.0,0.0
2023-09-19 00:00:00-04:00,5.400000095367432,5.519999980926514,4.980000019073486,5.309999942779541,36533,0.0,0.0
2023-09-20 00:00:00-04:00,5.190000057220459,5.28000020980835,4.980000019073486,5.010000228881836,23213,0.0,0.0
2023-09-21 00:00:00-04:00,5.010000228881836,5.070000171661377,4.590000152587891,4.860000133514404,15900,0.0,0.0
2023-09-22 00:00:00-04:00,4.829999923706055,4.829999923706055,4.53000020980835,4.679999828338623,24733,0.0,0.0
2023-09-25 00:00:00-04:00,4.739999771118164,4.739999771118164,4.5,4.590000152587891,9360,0.0,0.0
2023-09-26 00:00:00-04:00,4.679999828338623,5.190000057220459,4.679999828338623,4.980000019073486,60093,0.0,0.0
2023-09-27 00:00:00-04:00,5.099999904632568,5.369999885559082,4.53000020980835,4.829999923706055,84900,0.0,0.0
2023-09-28 00:00:00-04:00,4.800000190734863,4.920000076293945,4.679999828338623,4.800000190734863,15780,0.0,0.0
2023-09-29 00:00:00-04:00,4.800000190734863,5.010000228881836,4.679999828338623,4.800000190734863,19690,0.0,0.0
2023-10-02 00:00:00-04:00,4.829999923706055,5.099999904632568,4.590000152587891,4.829999923706055,9277,0.0,0.0
2023-10-03 00:00:00-04:00,4.53000020980835,5.400000095367432,4.53000020980835,5.400000095367432,40343,0.0,0.0
2023-10-04 00:00:00-04:00,5.25,5.460000038146973,4.920000076293945,5.099999904632568,22140,0.0,0.0
2023-10-05 00:00:00-04:00,5.039999961853027,5.25,4.619999885559082,4.829999923706055,10483,0.0,0.0
2023-10-06 00:00:00-04:00,4.800000190734863,4.980000019073486,4.440000057220459,4.5,21267,0.0,0.0
2023-10-09 00:00:00-04:00,4.739999771118164,4.739999771118164,4.230000019073486,4.380000114440918,18257,0.0,0.0
2023-10-10 00:00:00-04:00,4.650000095367432,4.769999980926514,4.349999904632568,4.590000152587891,29387,0.0,0.0
2023-10-11 00:00:00-04:00,4.710000038146973,10.350000381469727,4.650000095367432,6.78000020980835,2125657,0.0,0.0
2023-10-12 00:00:00-04:00,5.550000190734863,5.940000057220459,4.440000057220459,5.699999809265137,322420,0.0,0.0
2023-10-13 00:00:00-04:00,5.099999904632568,5.579999923706055,4.650000095367432,5.369999885559082,150747,0.0,0.0
2023-10-16 00:00:00-04:00,4.889999866485596,5.340000152587891,4.889999866485596,4.980000019073486,74163,0.0,0.0
2023-10-17 00:00:00-04:00,5.130000114440918,5.21999979019165,4.920000076293945,5.070000171661377,89410,0.0,0.0
2023-10-18 00:00:00-04:00,5.099999904632568,5.309999942779541,4.800000190734863,4.889999866485596,59287,0.0,0.0
2023-10-19 00:00:00-04:00,5.099999904632568,5.099999904632568,4.349999904632568,4.46999979019165,65273,0.0,0.0
2023-10-20 00:00:00-04:00,4.409999847412109,4.619999885559082,4.230000019073486,4.349999904632568,22703,0.0,0.0
2023-10-23 00:00:00-04:00,4.289999961853027,4.46999979019165,4.289999961853027,4.380000114440918,34380,0.0,0.0
2023-10-24 00:00:00-04:00,4.349999904632568,4.380000114440918,3.75,4.199999809265137,38380,0.0,0.0
2023-10-25 00:00:00-04:00,3.990000009536743,4.170000076293945,3.630000114440918,3.9000000953674316,31400,0.0,0.0
2023-10-26 00:00:00-04:00,4.079999923706055,4.110000133514404,3.690000057220459,3.9600000381469727,70070,0.0,0.0
2023-10-27 00:00:00-04:00,3.990000009536743,4.260000228881836,3.809999942779541,3.9600000381469727,33123,0.0,0.0
2023-10-30 00:00:00-04:00,4.019999980926514,4.019999980926514,3.6600000858306885,3.7799999713897705,13810,0.0,0.0
2023-10-31 00:00:00-04:00,3.8399999141693115,3.9000000953674316,3.5999999046325684,3.6600000858306885,15900,0.0,0.0
2023-11-01 00:00:00-04:00,3.7799999713897705,4.409999847412109,3.4800000190734863,4.230000019073486,63340,0.0,0.0
2023-11-02 00:00:00-04:00,4.110000133514404,4.320000171661377,4.050000190734863,4.170000076293945,31277,0.0,0.0
2023-11-03 00:00:00-04:00,4.170000076293945,4.260000228881836,4.050000190734863,4.170000076293945,19903,0.0,0.0
2023-11-06 00:00:00-05:00,4.199999809265137,4.46999979019165,4.050000190734863,4.260000228881836,34113,0.0,0.0
2023-11-07 00:00:00-05:00,4.349999904632568,4.380000114440918,4.139999866485596,4.199999809265137,8447,0.0,0.0
2023-11-08 00:00:00-05:00,4.260000228881836,4.800000190734863,4.050000190734863,4.590000152587891,57363,0.0,0.0
2023-11-09 00:00:00-05:00,4.590000152587891,4.650000095367432,3.990000009536743,4.289999961853027,60830,0.0,0.0
2023-11-10 00:00:00-05:00,4.199999809265137,4.349999904632568,3.75,3.990000009536743,13367,0.0,0.0
2023-11-13 00:00:00-05:00,3.9600000381469727,4.110000133514404,3.7200000286102295,4.110000133514404,13693,0.0,0.0
2023-11-14 00:00:00-05:00,3.869999885559082,4.199999809265137,3.630000114440918,3.9600000381469727,24890,0.0,0.0
2023-11-15 00:00:00-05:00,3.869999885559082,4.139999866485596,3.630000114440918,3.809999942779541,13493,0.0,0.0
2023-11-16 00:00:00-05:00,3.869999885559082,3.869999885559082,3.509999990463257,3.630000114440918,20137,0.0,0.0
2023-11-17 00:00:00-05:00,3.6600000858306885,4.050000190734863,3.5399999618530273,3.9000000953674316,24193,0.0,0.0
2023-11-20 00:00:00-05:00,3.9000000953674316,3.9000000953674316,3.2699999809265137,3.569999933242798,38567,0.0,0.0
2023-11-21 00:00:00-05:00,3.450000047683716,3.630000114440918,3.3299999237060547,3.630000114440918,45493,0.0,0.0
2023-11-22 00:00:00-05:00,3.6600000858306885,3.690000057220459,3.450000047683716,3.569999933242798,20207,0.0,0.0
2023-11-24 00:00:00-05:00,3.450000047683716,3.6600000858306885,3.450000047683716,3.5999999046325684,32810,0.0,0.0
2023-11-27 00:00:00-05:00,3.569999933242798,3.569999933242798,3.0,3.0,63870,0.0,0.0
2023-11-28 00:00:00-05:00,3.2699999809265137,4.75,2.5209999084472656,3.319999933242798,3718100,0.0,0.03333333333333333
2023-11-29 00:00:00-05:00,3.319999933242798,4.800000190734863,3.009999990463257,4.050000190734863,2100500,0.0,0.0
2023-11-30 00:00:00-05:00,6.0,6.480000019073486,3.1500000953674316,3.5,6395400,0.0,0.0
2023-12-01 00:00:00-05:00,4.230000019073486,5.150000095367432,3.799999952316284,4.139999866485596,10828400,0.0,0.0
2023-12-04 00:00:00-05:00,4.139999866485596,4.71999979019165,3.5,3.8299999237060547,1181500,0.0,0.0
2023-12-05 00:00:00-05:00,5.860000133514404,6.800000190734863,4.329999923706055,4.369999885559082,40355000,0.0,0.0
2023-12-06 00:00:00-05:00,4.230000019073486,4.389999866485596,3.878999948501587,4.019999980926514,1130000,0.0,0.0
2023-12-07 00:00:00-05:00,3.890000104904175,3.890000104904175,3.5999999046325684,3.759999990463257,442000,0.0,0.0
2023-12-08 00:00:00-05:00,3.6600000858306885,3.7200000286102295,3.2100000381469727,3.299999952316284,323100,0.0,0.0
2023-12-11 00:00:00-05:00,3.140000104904175,3.140000104904175,2.8499999046325684,3.0399999618530273,287700,0.0,0.0
2023-12-12 00:00:00-05:00,2.6500000953674316,2.880000114440918,2.559999942779541,2.6600000858306885,175100,0.0,0.0
2023-12-13 00:00:00-05:00,2.5399999618530273,2.8499999046325684,2.5399999618530273,2.7899999618530273,130300,0.0,0.0
2023-12-14 00:00:00-05:00,2.9000000953674316,3.0999999046325684,2.680000066757202,2.809999942779541,233600,0.0,0.0
2023-12-15 00:00:00-05:00,2.930000066757202,2.9800000190734863,2.609999895095825,2.7899999618530273,301900,0.0,0.0
2023-12-18 00:00:00-05:00,2.7300000190734863,2.8459999561309814,2.690000057220459,2.7699999809265137,110500,0.0,0.0
2023-12-19 00:00:00-05:00,2.7100000381469727,2.8499999046325684,2.700000047683716,2.75,103700,0.0,0.0
2023-12-20 00:00:00-05:00,2.7100000381469727,3.119999885559082,2.7100000381469727,3.0,246800,0.0,0.0
2023-12-21 00:00:00-05:00,2.9200000762939453,3.309999942779541,2.9000000953674316,3.119999885559082,271900,0.0,0.0
2023-12-22 00:00:00-05:00,3.1700000762939453,3.299999952316284,2.9000000953674316,3.0299999713897705,119300,0.0,0.0
2023-12-26 00:00:00-05:00,3.0,3.0,2.75,2.759999990463257,120100,0.0,0.0
2023-12-27 00:00:00-05:00,2.690000057220459,2.799999952316284,2.569999933242798,2.569999933242798,108100,0.0,0.0
2023-12-28 00:00:00-05:00,2.549999952316284,2.6989998817443848,2.5299999713897705,2.5999999046325684,60600,0.0,0.0
2023-12-29 00:00:00-05:00,2.680000066757202,3.0799999237060547,2.619999885559082,2.809999942779541,696500,0.0,0.0
2024-01-02 00:00:00-05:00,2.890000104904175,2.940000057220459,2.700000047683716,2.7799999713897705,136600,0.0,0.0
2024-01-03 00:00:00-05:00,2.75,2.7950000762939453,2.549999952316284,2.609999895095825,130700,0.0,0.0
2024-01-04 00:00:00-05:00,2.609999895095825,2.6710000038146973,2.299999952316284,2.440000057220459,163100,0.0,0.0
2024-01-05 00:00:00-05:00,2.4000000953674316,2.4000000953674316,2.240000009536743,2.2799999713897705,46400,0.0,0.0
2024-01-08 00:00:00-05:00,2.1600000858306885,2.1689999103546143,1.9190000295639038,2.009999990463257,169700,0.0,0.0
2024-01-09 00:00:00-05:00,2.0799999237060547,2.0999999046325684,1.9600000381469727,2.069999933242798,90800,0.0,0.0
2024-01-10 00:00:00-05:00,3.509999990463257,3.5799999237060547,2.6600000858306885,2.930000066757202,47831200,0.0,0.0
2024-01-11 00:00:00-05:00,1.7000000476837158,1.9800000190734863,1.399999976158142,1.6699999570846558,5666400,0.0,0.0
2024-01-12 00:00:00-05:00,1.649999976158142,1.6699999570846558,1.2949999570846558,1.3600000143051147,1187500,0.0,0.0
2024-01-16 00:00:00-05:00,1.3799999952316284,1.4700000286102295,1.2200000286102295,1.2799999713897705,545700,0.0,0.0
2024-01-17 00:00:00-05:00,1.2400000095367432,1.2599999904632568,1.100000023841858,1.1200000047683716,283600,0.0,0.0
2024-01-18 00:00:00-05:00,1.100000023841858,1.2000000476837158,1.100000023841858,1.1399999856948853,163500,0.0,0.0
2024-01-19 00:00:00-05:00,1.159999966621399,1.1699999570846558,1.0099999904632568,1.034000039100647,205600,0.0,0.0
2024-01-22 00:00:00-05:00,1.0399999618530273,1.0800000429153442,1.0,1.0099999904632568,285500,0.0,0.0
2024-01-23 00:00:00-05:00,1.0,1.0299999713897705,0.9210000038146973,0.9900000095367432,150700,0.0,0.0
2024-01-24 00:00:00-05:00,1.0,1.2000000476837158,0.9700000286102295,1.149999976158142,639100,0.0,0.0
2024-01-25 00:00:00-05:00,1.1799999475479126,1.687999963760376,1.1469999551773071,1.4800000190734863,2456800,0.0,0.0
2024-01-26 00:00:00-05:00,1.340000033378601,1.5499999523162842,1.309999942779541,1.4600000381469727,315900,0.0,0.0
2024-01-29 00:00:00-05:00,1.4700000286102295,1.4900000095367432,1.440000057220459,1.4800000190734863,136000,0.0,0.0
2024-01-30 00:00:00-05:00,1.4900000095367432,1.5099999904632568,1.409999966621399,1.440999984741211,112300,0.0,0.0
2024-01-31 00:00:00-05:00,1.3799999952316284,1.4800000190734863,1.3600000143051147,1.4299999475479126,62400,0.0,0.0
2024-02-01 00:00:00-05:00,1.5399999618530273,2.25,1.5399999618530273,1.7200000286102295,12726100,0.0,0.0
2024-02-02 00:00:00-05:00,1.75,1.8700000047683716,1.649999976158142,1.8300000429153442,814200,0.0,0.0
2024-02-05 00:00:00-05:00,1.9199999570846558,2.0999999046325684,1.7100000381469727,1.7549999952316284,2156700,0.0,0.0
2024-02-06 00:00:00-05:00,1.7400000095367432,1.75,1.4500000476837158,1.559999942779541,450500,0.0,0.0
2024-02-07 00:00:00-05:00,1.4900000095367432,1.5499999523162842,1.3799999952316284,1.4900000095367432,179000,0.0,0.0
2024-02-08 00:00:00-05:00,1.399999976158142,1.5,1.3799999952316284,1.4800000190734863,74700,0.0,0.0
2024-02-09 00:00:00-05:00,1.4900000095367432,1.5099999904632568,1.3899999856948853,1.4500000476837158,97200,0.0,0.0
2024-02-12 00:00:00-05:00,1.4199999570846558,1.5499999523162842,1.4149999618530273,1.5199999809265137,97600,0.0,0.0
2024-02-13 00:00:00-05:00,1.5299999713897705,1.5299999713897705,1.4199999570846558,1.4199999570846558,68000,0.0,0.0
2024-02-14 00:00:00-05:00,1.4500000476837158,1.4900000095367432,1.3799999952316284,1.3899999856948853,98900,0.0,0.0
2024-02-15 00:00:00-05:00,1.3899999856948853,1.399999976158142,1.2599999904632568,1.350000023841858,115100,0.0,0.0
2024-02-16 00:00:00-05:00,1.340000033378601,1.3899999856948853,1.2699999809265137,1.350000023841858,73400,0.0,0.0
2024-02-20 00:00:00-05:00,1.659999966621399,1.75,1.4500000476837158,1.5399999618530273,11541400,0.0,0.0
2024-02-21 00:00:00-05:00,1.409999966621399,1.7899999618530273,1.371999979019165,1.7899999618530273,771100,0.0,0.0
2024-02-22 00:00:00-05:00,1.659999966621399,1.899999976158142,1.628000020980835,1.8600000143051147,382200,0.0,0.0
2024-02-23 00:00:00-05:00,1.899999976158142,1.899999976158142,1.659999966621399,1.8799999952316284,3537700,0.0,0.0
2024-02-26 00:00:00-05:00,1.7200000286102295,2.0799999237060547,1.7100000381469727,1.7300000190734863,375900,0.0,0.0
2024-02-27 00:00:00-05:00,1.7200000286102295,1.840000033378601,1.7000000476837158,1.7200000286102295,353300,0.0,0.0
2024-02-28 00:00:00-05:00,1.7400000095367432,1.7400000095367432,1.6200000047683716,1.649999976158142,216700,0.0,0.0
2024-02-29 00:00:00-05:00,1.6200000047683716,1.6200000047683716,1.4600000381469727,1.5399999618530273,136500,0.0,0.0
2024-03-01 00:00:00-05:00,1.565000057220459,1.593999981880188,1.4500000476837158,1.590000033378601,77000,0.0,0.0
2024-03-04 00:00:00-05:00,1.5199999809265137,1.600000023841858,1.4220000505447388,1.4900000095367432,156300,0.0,0.0
2024-03-05 00:00:00-05:00,1.5099999904632568,1.5099999904632568,1.3600000143051147,1.3600000143051147,105200,0.0,0.0
2024-03-06 00:00:00-05:00,1.399999976158142,1.4589999914169312,1.340000033378601,1.3600000143051147,125000,0.0,0.0
2024-03-07 00:00:00-05:00,1.5199999809265137,1.5499999523162842,1.340000033378601,1.3799999952316284,199300,0.0,0.0
2024-03-08 00:00:00-05:00,1.3899999856948853,1.4199999570846558,1.350000023841858,1.3600000143051147,103300,0.0,0.0
2024-03-11 00:00:00-04:00,1.3799999952316284,1.440000057220459,1.340000033378601,1.4199999570846558,104700,0.0,0.0
2024-03-12 00:00:00-04:00,1.4199999570846558,1.5,1.3799999952316284,1.4700000286102295,106700,0.0,0.0
2024-03-13 00:00:00-04:00,1.4299999475479126,1.4500000476837158,1.340000033378601,1.3600000143051147,306000,0.0,0.0
2024-03-14 00:00:00-04:00,1.3700000047683716,1.399999976158142,1.149999976158142,1.2000000476837158,209800,0.0,0.0
2024-03-15 00:00:00-04:00,1.2300000190734863,1.2699999809265137,1.2100000381469727,1.2699999809265137,22400,0.0,0.0
2024-03-18 00:00:00-04:00,1.2699999809265137,1.309999942779541,1.2300000190734863,1.2999999523162842,67000,0.0,0.0
2024-03-19 00:00:00-04:00,1.3200000524520874,1.340000033378601,1.0499999523162842,1.2899999618530273,4639400,0.0,0.0
2024-03-20 00:00:00-04:00,1.2200000286102295,1.2799999713897705,1.2100000381469727,1.2200000286102295,151700,0.0,0.0
2024-03-21 00:00:00-04:00,1.2400000095367432,1.2799999713897705,1.2000000476837158,1.2400000095367432,115600,0.0,0.0
2024-03-22 00:00:00-04:00,1.2100000381469727,1.2100000381469727,1.159999966621399,1.1799999475479126,80900,0.0,0.0
2024-03-25 00:00:00-04:00,1.149999976158142,1.2200000286102295,1.1200000047683716,1.159999966621399,73200,0.0,0.0
2024-03-26 00:00:00-04:00,1.149999976158142,1.190000057220459,1.1200000047683716,1.1399999856948853,57200,0.0,0.0
2024-03-27 00:00:00-04:00,1.1399999856948853,1.190000057220459,1.1100000143051147,1.1699999570846558,96100,0.0,0.0
2024-03-28 00:00:00-04:00,1.159999966621399,1.1770000457763672,1.1299999952316284,1.149999976158142,37600,0.0,0.0
2024-04-01 00:00:00-04:00,1.149999976158142,1.1699999570846558,1.1100000143051147,1.149999976158142,39300,0.0,0.0
2024-04-02 00:00:00-04:00,1.1299999952316284,1.1399999856948853,1.0700000524520874,1.0800000429153442,81100,0.0,0.0
2024-04-03 00:00:00-04:00,1.0800000429153442,1.1150000095367432,1.059999942779541,1.1150000095367432,76800,0.0,0.0
2024-04-04 00:00:00-04:00,1.100000023841858,1.2599999904632568,1.100000023841858,1.149999976158142,214200,0.0,0.0
2024-04-05 00:00:00-04:00,1.159999966621399,1.1699999570846558,1.100000023841858,1.149999976158142,65900,0.0,0.0
2024-04-08 00:00:00-04:00,1.1299999952316284,1.1699999570846558,1.100000023841858,1.1200000047683716,35100,0.0,0.0
2024-04-09 00:00:00-04:00,1.1399999856948853,1.340000033378601,1.1200000047683716,1.3200000524520874,279900,0.0,0.0
2024-04-10 00:00:00-04:00,1.2799999713897705,1.3700000047683716,1.1729999780654907,1.2699999809265137,928500,0.0,0.0
2024-04-11 00:00:00-04:00,1.2400000095367432,1.3300000429153442,1.2000000476837158,1.2799999713897705,92500,0.0,0.0
2024-04-12 00:00:00-04:00,1.2599999904632568,1.2899999618530273,1.2000000476837158,1.2400000095367432,78800,0.0,0.0
2024-04-15 00:00:00-04:00,1.2899999618530273,1.2899999618530273,1.2000000476837158,1.2549999952316284,25300,0.0,0.0
2024-04-16 00:00:00-04:00,1.2400000095367432,1.2599999904632568,1.2100000381469727,1.2200000286102295,46600,0.0,0.0
2024-04-17 00:00:00-04:00,1.190000057220459,1.2699999809265137,1.1299999952316284,1.190000057220459,1004700,0.0,0.0
2024-04-18 00:00:00-04:00,1.159999966621399,1.2000000476837158,1.149999976158142,1.1779999732971191,35400,0.0,0.0
2024-04-19 00:00:00-04:00,1.1799999475479126,1.2400000095367432,1.1299999952316284,1.184999942779541,111400,0.0,0.0
2024-04-22 00:00:00-04:00,1.2200000286102295,1.2200000286102295,1.1399999856948853,1.190000057220459,47400,0.0,0.0
2024-04-23 00:00:00-04:00,1.1699999570846558,1.2200000286102295,1.149999976158142,1.2100000381469727,32300,0.0,0.0
2024-04-24 00:00:00-04:00,1.190000057220459,1.2100000381469727,1.159999966621399,1.2100000381469727,30700,0.0,0.0
2024-04-25 00:00:00-04:00,1.1510000228881836,1.2000000476837158,1.149999976158142,1.2000000476837158,19400,0.0,0.0
2024-04-26 00:00:00-04:00,1.1619999408721924,1.2000000476837158,1.149999976158142,1.159999966621399,23000,0.0,0.0
2024-04-29 00:00:00-04:00,1.190000057220459,1.2699999809265137,1.149999976158142,1.2000000476837158,84100,0.0,0.0
2024-04-30 00:00:00-04:00,1.1699999570846558,1.2100000381469727,1.159999966621399,1.187999963760376,52500,0.0,0.0
2024-05-01 00:00:00-04:00,1.1759999990463257,1.1890000104904175,1.159999966621399,1.1799999475479126,15400,0.0,0.0
2024-05-02 00:00:00-04:00,1.1699999570846558,1.2100000381469727,1.149999976158142,1.1699999570846558,47900,0.0,0.0
2024-05-03 00:00:00-04:00,1.190000057220459,1.2300000190734863,1.149999976158142,1.190000057220459,72600,0.0,0.0
2024-05-06 00:00:00-04:00,1.1699999570846558,1.190000057220459,1.1399999856948853,1.1699999570846558,45200,0.0,0.0
2024-05-07 00:00:00-04:00,1.75,1.7999999523162842,1.3600000143051147,1.4800000190734863,49529500,0.0,0.0
2024-05-08 00:00:00-04:00,1.3899999856948853,1.5499999523162842,1.3799999952316284,1.4700000286102295,1513500,0.0,0.0
2024-05-09 00:00:00-04:00,1.3600000143051147,1.5299999713897705,1.3509999513626099,1.5,407600,0.0,0.0
2024-05-10 00:00:00-04:00,1.4500000476837158,1.4600000381469727,1.350000023841858,1.399999976158142,438800,0.0,0.0
2024-05-13 00:00:00-04:00,1.340000033378601,1.3700000047683716,1.2699999809265137,1.2899999618530273,332100,0.0,0.0
2024-05-14 00:00:00-04:00,1.2699999809265137,1.340000033378601,1.2300000190734863,1.2899999618530273,144500,0.0,0.0
2024-05-15 00:00:00-04:00,1.2699999809265137,1.3300000429153442,1.2699999809265137,1.2799999713897705,73500,0.0,0.0
2024-05-16 00:00:00-04:00,1.2999999523162842,1.3700000047683716,1.2799999713897705,1.2899999618530273,107700,0.0,0.0
2024-05-17 00:00:00-04:00,1.2799999713897705,1.309999942779541,1.190000057220459,1.2200000286102295,198100,0.0,0.0
2024-05-20 00:00:00-04:00,1.2300000190734863,1.2300000190734863,1.1699999570846558,1.2000000476837158,52000,0.0,0.0
2024-05-21 00:00:00-04:00,1.1799999475479126,1.2200000286102295,1.1799999475479126,1.2000000476837158,30000,0.0,0.0
2024-05-22 00:00:00-04:00,1.2300000190734863,1.2300000190734863,1.149999976158142,1.159999966621399,97700,0.0,0.0
2024-05-23 00:00:00-04:00,1.149999976158142,1.218000054359436,1.1100000143051147,1.125,95200,0.0,0.0
2024-05-24 00:00:00-04:00,1.1399999856948853,1.1799999475479126,1.1100000143051147,1.149999976158142,79300,0.0,0.0
2024-05-28 00:00:00-04:00,1.1399999856948853,1.1799999475479126,1.13100004196167,1.1399999856948853,48100,0.0,0.0
2024-05-29 00:00:00-04:00,1.1399999856948853,1.187999963760376,1.1100000143051147,1.1299999952316284,36500,0.0,0.0
2024-05-30 00:00:00-04:00,1.1200000047683716,1.1699999570846558,1.1100000143051147,1.1399999856948853,52600,0.0,0.0
2024-05-31 00:00:00-04:00,1.1200000047683716,1.1490000486373901,1.1150000095367432,1.1299999952316284,18600,0.0,0.0
2024-06-03 00:00:00-04:00,1.1200000047683716,1.1200000047683716,1.0800000429153442,1.090000033378601,47300,0.0,0.0
2024-06-04 00:00:00-04:00,1.0800000429153442,1.100000023841858,1.059999942779541,1.0700000524520874,47500,0.0,0.0
2024-06-05 00:00:00-04:00,1.059999942779541,1.090000033378601,1.0499999523162842,1.0700000524520874,80800,0.0,0.0
2024-06-06 00:00:00-04:00,1.0499999523162842,1.0700000524520874,1.0199999809265137,1.0420000553131104,63400,0.0,0.0
2024-06-07 00:00:00-04:00,1.0399999618530273,1.0399999618530273,1.0199999809265137,1.0329999923706055,35600,0.0,0.0
2024-06-10 00:00:00-04:00,1.0199999809265137,1.0299999713897705,1.0099999904632568,1.0199999809265137,48100,0.0,0.0
2024-06-11 00:00:00-04:00,1.0399999618530273,1.1200000047683716,0.9509999752044678,1.0199999809265137,5389200,0.0,0.0
2024-06-12 00:00:00-04:00,1.0199999809265137,1.1200000047683716,1.0110000371932983,1.090000033378601,212900,0.0,0.0
2024-06-13 00:00:00-04:00,1.090000033378601,1.1100000143051147,1.0399999618530273,1.0800000429153442,104500,0.0,0.0
2024-06-14 00:00:00-04:00,1.100000023841858,1.1399999856948853,1.0499999523162842,1.1100000143051147,90600,0.0,0.0
2024-06-17 00:00:00-04:00,1.1399999856948853,1.149999976158142,1.090000033378601,1.1100000143051147,182300,0.0,0.0
2024-06-18 00:00:00-04:00,1.1299999952316284,1.2699999809265137,1.1100000143051147,1.2300000190734863,365200,0.0,0.0
2024-06-20 00:00:00-04:00,1.4299999475479126,1.4600000381469727,1.149999976158142,1.2799999713897705,14910800,0.0,0.0
2024-06-21 00:00:00-04:00,1.2799999713897705,1.7000000476837158,1.2799999713897705,1.4500000476837158,1466600,0.0,0.0
2024-06-24 00:00:00-04:00,1.399999976158142,1.4199999570846558,1.2899999618530273,1.340000033378601,271600,0.0,0.0
2024-06-25 00:00:00-04:00,1.3600000143051147,1.3609999418258667,1.2100000381469727,1.2400000095367432,230300,0.0,0.0
2024-06-26 00:00:00-04:00,1.2599999904632568,1.350000023841858,1.2400000095367432,1.2799999713897705,124200,0.0,0.0
2024-06-27 00:00:00-04:00,1.2400000095367432,1.3600000143051147,1.2300000190734863,1.340000033378601,92100,0.0,0.0
2024-06-28 00:00:00-04:00,1.590000033378601,2.2300000190734863,1.4500000476837158,1.6799999475479126,76827800,0.0,0.0
2024-07-01 00:00:00-04:00,1.7000000476837158,1.7999999523162842,1.559999942779541,1.659999966621399,2114900,0.0,0.0
2024-07-02 00:00:00-04:00,1.6100000143051147,1.7699999809265137,1.5499999523162842,1.5800000429153442,702000,0.0,0.0
2024-07-03 00:00:00-04:00,1.5700000524520874,1.600000023841858,1.5,1.5199999809265137,250000,0.0,0.0
2024-07-05 00:00:00-04:00,1.5700000524520874,1.6399999856948853,1.5099999904632568,1.600000023841858,267900,0.0,0.0
2024-07-08 00:00:00-04:00,1.600000023841858,1.690000057220459,1.590000033378601,1.659999966621399,242400,0.0,0.0
2024-07-09 00:00:00-04:00,1.659999966621399,1.659999966621399,1.559999942779541,1.5800000429153442,173100,0.0,0.0
2024-07-10 00:00:00-04:00,1.600000023841858,1.6469999551773071,1.5299999713897705,1.559999942779541,149800,0.0,0.0
2024-07-11 00:00:00-04:00,1.559999942779541,1.6299999952316284,1.5299999713897705,1.6100000143051147,160900,0.0,0.0
2024-07-12 00:00:00-04:00,1.6399999856948853,1.7879999876022339,1.5800000429153442,1.7000000476837158,3521300,0.0,0.0
2024-07-15 00:00:00-04:00,1.7300000190734863,2.299999952316284,1.7300000190734863,2.2200000286102295,3013900,0.0,0.0
2024-07-16 00:00:00-04:00,2.119999885559082,2.125,1.7699999809265137,1.8300000429153442,2348300,0.0,0.0
2024-07-17 00:00:00-04:00,1.850000023841858,1.8760000467300415,1.6699999570846558,1.7599999904632568,545100,0.0,0.0
2024-07-18 00:00:00-04:00,1.7300000190734863,1.7799999713897705,1.6799999475479126,1.7100000381469727,212200,0.0,0.0
2024-07-19 00:00:00-04:00,1.690000057220459,1.725000023841858,1.5729999542236328,1.6399999856948853,676600,0.0,0.0
2024-07-22 00:00:00-04:00,1.690000057220459,1.690000057220459,1.600000023841858,1.6699999570846558,123200,0.0,0.0
2024-07-23 00:00:00-04:00,1.6699999570846558,1.6799999475479126,1.6100000143051147,1.659999966621399,95500,0.0,0.0
2024-07-24 00:00:00-04:00,1.6299999952316284,1.6699999570846558,1.6200000047683716,1.659999966621399,57100,0.0,0.0
2024-07-25 00:00:00-04:00,1.649999976158142,1.6699999570846558,1.6100000143051147,1.649999976158142,40900,0.0,0.0
2024-07-26 00:00:00-04:00,1.6699999570846558,1.8300000429153442,1.6299999952316284,1.7899999618530273,341100,0.0,0.0
2024-07-29 00:00:00-04:00,1.75,1.8899999856948853,1.7200000286102295,1.840000033378601,359100,0.0,0.0
2024-07-30 00:00:00-04:00,1.840000033378601,1.840000033378601,1.6299999952316284,1.690000057220459,142400,0.0,0.0
2024-07-31 00:00:00-04:00,1.690000057220459,1.7450000047683716,1.6399999856948853,1.659999966621399,64700,0.0,0.0
2024-08-01 00:00:00-04:00,1.6399999856948853,1.659999966621399,1.4500000476837158,1.5,169200,0.0,0.0
2024-08-02 00:00:00-04:00,1.4500000476837158,1.5299999713897705,1.399999976158142,1.4800000190734863,131200,0.0,0.0
2024-08-05 00:00:00-04:00,1.3300000429153442,1.4500000476837158,1.1299999952316284,1.2599999904632568,460200,0.0,0.0
2024-08-06 00:00:00-04:00,1.3200000524520874,1.3200000524520874,1.2300000190734863,1.2799999713897705,345100,0.0,0.0
2024-08-07 00:00:00-04:00,1.2799999713897705,1.2999999523162842,1.2599999904632568,1.2899999618530273,84600,0.0,0.0
2024-08-08 00:00:00-04:00,1.2699999809265137,1.2699999809265137,1.159999966621399,1.190000057220459,118600,0.0,0.0
2024-08-09 00:00:00-04:00,1.2400000095367432,1.2599999904632568,1.1799999475479126,1.1799999475479126,162900,0.0,0.0
2024-08-12 00:00:00-04:00,1.1699999570846558,1.1799999475479126,1.1200000047683716,1.1299999952316284,44400,0.0,0.0
2024-08-13 00:00:00-04:00,1.149999976158142,1.2200000286102295,1.149999976158142,1.190000057220459,60100,0.0,0.0
2024-08-14 00:00:00-04:00,1.2000000476837158,1.2300000190734863,1.1100000143051147,1.1299999952316284,142200,0.0,0.0
2024-08-15 00:00:00-04:00,1.1699999570846558,1.2000000476837158,1.1100000143051147,1.1399999856948853,154500,0.0,0.0
2024-08-16 00:00:00-04:00,1.1200000047683716,1.190000057220459,1.1039999723434448,1.1399999856948853,3467600,0.0,0.0
2024-08-19 00:00:00-04:00,1.2599999904632568,1.350000023841858,1.149999976158142,1.190000057220459,1815600,0.0,0.0
2024-08-20 00:00:00-04:00,1.1699999570846558,1.25,1.059999942779541,1.2200000286102295,288400,0.0,0.0
2024-08-21 00:00:00-04:00,1.2400000095367432,1.3899999856948853,1.1699999570846558,1.2999999523162842,1505900,0.0,0.0
2024-08-22 00:00:00-04:00,1.350000023841858,1.409999966621399,1.2799999713897705,1.3799999952316284,958300,0.0,0.0
2024-08-23 00:00:00-04:00,1.309999942779541,1.3799999952316284,1.2799999713897705,1.309999942779541,167100,0.0,0.0
2024-08-26 00:00:00-04:00,1.309999942779541,1.399999976158142,1.2699999809265137,1.3799999952316284,146100,0.0,0.0
2024-08-27 00:00:00-04:00,1.3799999952316284,1.4500000476837158,1.350000023841858,1.440000057220459,101100,0.0,0.0
2024-08-28 00:00:00-04:00,1.4299999475479126,1.4299999475479126,1.3680000305175781,1.409999966621399,56100,0.0,0.0
2024-08-29 00:00:00-04:00,1.3899999856948853,1.3899999856948853,1.309999942779541,1.3200000524520874,206100,0.0,0.0
2024-08-30 00:00:00-04:00,1.3600000143051147,1.3600000143051147,1.309999942779541,1.309999942779541,51800,0.0,0.0
2024-09-03 00:00:00-04:00,1.2999999523162842,1.3200000524520874,1.2100000381469727,1.2300000190734863,84000,0.0,0.0
2024-09-04 00:00:00-04:00,1.2799999713897705,1.2799999713897705,1.25,1.2599999904632568,48600,0.0,0.0
2024-09-05 00:00:00-04:00,1.2400000095367432,1.312000036239624,1.2100000381469727,1.2899999618530273,62500,0.0,0.0
2024-09-06 00:00:00-04:00,1.2899999618530273,1.2899999618530273,1.1820000410079956,1.2799999713897705,92600,0.0,0.0
2024-09-09 00:00:00-04:00,1.2699999809265137,1.3700000047683716,1.2690000534057617,1.3700000047683716,94200,0.0,0.0
2024-09-10 00:00:00-04:00,1.3700000047683716,1.3799999952316284,1.3220000267028809,1.3300000429153442,52400,0.0,0.0
2024-09-11 00:00:00-04:00,1.3200000524520874,1.3300000429153442,1.2899999618530273,1.2999999523162842,87000,0.0,0.0
2024-09-12 00:00:00-04:00,1.3200000524520874,1.399999976158142,1.2799999713897705,1.3200000524520874,166100,0.0,0.0
2024-09-13 00:00:00-04:00,1.3300000429153442,1.3600000143051147,1.309999942779541,1.340000033378601,16100,0.0,0.0
2024-09-16 00:00:00-04:00,1.3700000047683716,1.3700000047683716,1.2999999523162842,1.3300000429153442,125700,0.0,0.0
2024-09-17 00:00:00-04:00,1.3600000143051147,1.3600000143051147,1.2599999904632568,1.340000033378601,57300,0.0,0.0
2024-09-18 00:00:00-04:00,1.3300000429153442,1.340000033378601,1.3049999475479126,1.3200000524520874,60700,0.0,0.0
2024-09-19 00:00:00-04:00,1.2999999523162842,1.343000054359436,1.2699999809265137,1.2899999618530273,60100,0.0,0.0
2024-09-20 00:00:00-04:00,1.2599999904632568,1.2899999618530273,1.2100000381469727,1.2100000381469727,30600,0.0,0.0
2024-09-23 00:00:00-04:00,1.2300000190734863,1.274999976158142,1.2000000476837158,1.2100000381469727,35600,0.0,0.0
2024-09-24 00:00:00-04:00,1.2100000381469727,1.2599999904632568,1.2050000429153442,1.2300000190734863,38900,0.0,0.0
2024-09-25 00:00:00-04:00,1.2100000381469727,1.2599999904632568,1.2100000381469727,1.2599999904632568,22500,0.0,0.0
2024-09-26 00:00:00-04:00,1.2400000095367432,1.2599999904632568,1.2200000286102295,1.2400000095367432,33000,0.0,0.0
2024-09-27 00:00:00-04:00,1.2200000286102295,1.25,1.2200000286102295,1.25,25700,0.0,0.0
2024-09-30 00:00:00-04:00,1.2300000190734863,1.25,1.2200000286102295,1.2200000286102295,23300,0.0,0.0
2024-10-01 00:00:00-04:00,1.2350000143051147,1.2350000143051147,1.2000000476837158,1.2100000381469727,21500,0.0,0.0
2024-10-02 00:00:00-04:00,1.2000000476837158,1.25,1.190000057220459,1.2000000476837158,54300,0.0,0.0
2024-10-03 00:00:00-04:00,1.2000000476837158,1.2599999904632568,1.2000000476837158,1.2400000095367432,28800,0.0,0.0
2024-10-04 00:00:00-04:00,1.2200000286102295,1.25,1.2120000123977661,1.2300000190734863,7900,0.0,0.0
2024-10-07 00:00:00-04:00,1.2100000381469727,1.340000033378601,1.2100000381469727,1.3300000429153442,109200,0.0,0.0
2024-10-08 00:00:00-04:00,1.2899999618530273,1.4500000476837158,1.2799999713897705,1.3200000524520874,99900,0.0,0.0
2024-10-09 00:00:00-04:00,1.3200000524520874,1.409999966621399,1.3200000524520874,1.399999976158142,28200,0.0,0.0
2024-10-10 00:00:00-04:00,1.2999999523162842,1.3799999952316284,1.25,1.3600000143051147,4669100,0.0,0.0
2024-10-11 00:00:00-04:00,1.2899999618530273,1.3799999952316284,1.2400000095367432,1.3600000143051147,359200,0.0,0.0
2024-10-14 00:00:00-04:00,1.3300000429153442,1.4700000286102295,1.309999942779541,1.409999966621399,328200,0.0,0.0
2024-10-15 00:00:00-04:00,1.4199999570846558,1.6799999475479126,1.350000023841858,1.590000033378601,2657200,0.0,0.0
2024-10-16 00:00:00-04:00,1.600000023841858,1.6019999980926514,1.3200000524520874,1.4299999475479126,806600,0.0,0.0
2024-10-17 00:00:00-04:00,1.3899999856948853,1.4500000476837158,1.3200000524520874,1.3200000524520874,130500,0.0,0.0
2024-10-18 00:00:00-04:00,1.3899999856948853,1.809999942779541,1.350000023841858,1.7549999952316284,2314100,0.0,0.0
2024-10-21 00:00:00-04:00,1.7799999713897705,1.7799999713897705,1.5299999713897705,1.5399999618530273,567500,0.0,0.0
2024-10-22 00:00:00-04:00,1.5199999809265137,1.5399999618530273,1.409999966621399,1.4800000190734863,171100,0.0,0.0
2024-10-23 00:00:00-04:00,1.4800000190734863,1.5199999809265137,1.3899999856948853,1.4299999475479126,201300,0.0,0.0
2024-10-24 00:00:00-04:00,1.4299999475479126,1.5740000009536743,1.4199999570846558,1.5399999618530273,162900,0.0,0.0
2024-10-25 00:00:00-04:00,1.5399999618530273,1.590000033378601,1.4500000476837158,1.4600000381469727,110100,0.0,0.0
2024-10-28 00:00:00-04:00,1.4700000286102295,1.5,1.4199999570846558,1.4199999570846558,40100,0.0,0.0
2024-10-29 00:00:00-04:00,1.4600000381469727,1.5199999809265137,1.3700000047683716,1.4700000286102295,83100,0.0,0.0
2024-10-30 00:00:00-04:00,1.4500000476837158,1.4800000190734863,1.4500000476837158,1.4600000381469727,23000,0.0,0.0
2024-10-31 00:00:00-04:00,1.4700000286102295,1.5,1.3600000143051147,1.3899999856948853,51600,0.0,0.0
2024-11-01 00:00:00-04:00,1.399999976158142,1.4199999570846558,1.340000033378601,1.3600000143051147,63700,0.0,0.0
2024-11-04 00:00:00-05:00,1.3700000047683716,1.4500000476837158,1.3300000429153442,1.399999976158142,87800,0.0,0.0
2024-11-05 00:00:00-05:00,1.4299999475479126,1.4500000476837158,1.3799999952316284,1.409999966621399,73500,0.0,0.0
2024-11-06 00:00:00-05:00,1.409999966621399,1.409999966621399,1.350000023841858,1.350000023841858,163100,0.0,0.0
2024-11-07 00:00:00-05:00,1.399999976158142,1.399999976158142,1.350000023841858,1.399999976158142,43800,0.0,0.0
2024-11-08 00:00:00-05:00,1.399999976158142,1.5700000524520874,1.350000023841858,1.5399999618530273,500400,0.0,0.0
2024-11-11 00:00:00-05:00,1.4900000095367432,1.5800000429153442,1.4550000429153442,1.559999942779541,188500,0.0,0.0
2024-11-12 00:00:00-05:00,1.5399999618530273,1.559999942779541,1.4500000476837158,1.5299999713897705,103500,0.0,0.0
2024-11-13 00:00:00-05:00,1.5,1.5299999713897705,1.4500000476837158,1.4700000286102295,89100,0.0,0.0
2024-11-14 00:00:00-05:00,1.5,1.5199999809265137,1.3899999856948853,1.4700000286102295,207400,0.0,0.0
2024-11-15 00:00:00-05:00,1.4700000286102295,1.5299999713897705,1.340000033378601,1.340000033378601,284500,0.0,0.0
2024-11-18 00:00:00-05:00,1.3799999952316284,1.3899999856948853,1.309999942779541,1.3300000429153442,94600,0.0,0.0
2024-11-19 00:00:00-05:00,1.3300000429153442,1.3459999561309814,1.309999942779541,1.340000033378601,40200,0.0,0.0
2024-11-20 00:00:00-05:00,1.3200000524520874,1.3890000581741333,1.2899999618530273,1.3600000143051147,72600,0.0,0.0
2024-11-21 00:00:00-05:00,1.3600000143051147,1.3700000047683716,1.2999999523162842,1.340000033378601,35000,0.0,0.0
2024-11-22 00:00:00-05:00,1.3300000429153442,1.3600000143051147,1.3300000429153442,1.3300000429153442,18400,0.0,0.0
2024-11-25 00:00:00-05:00,1.350000023841858,1.3600000143051147,1.309999942779541,1.3300000429153442,31100,0.0,0.0
2024-11-26 00:00:00-05:00,1.3300000429153442,1.350000023841858,1.3200000524520874,1.3300000429153442,13700,0.0,0.0
2024-11-27 00:00:00-05:00,1.350000023841858,1.350000023841858,1.2699999809265137,1.2799999713897705,61200,0.0,0.0
2024-11-29 00:00:00-05:00,1.2999999523162842,1.3250000476837158,1.2799999713897705,1.2999999523162842,19100,0.0,0.0
2024-12-02 00:00:00-05:00,1.2899999618530273,1.2999999523162842,1.25,1.25,55300,0.0,0.0
2024-12-03 00:00:00-05:00,1.2599999904632568,1.3300000429153442,1.2599999904632568,1.309999942779541,47600,0.0,0.0
2024-12-04 00:00:00-05:00,1.309999942779541,1.350000023841858,1.2999999523162842,1.350000023841858,88200,0.0,0.0
2024-12-05 00:00:00-05:00,1.3600000143051147,1.3799999952316284,1.3200000524520874,1.3300000429153442,43500,0.0,0.0
2024-12-06 00:00:00-05:00,1.3300000429153442,1.4170000553131104,1.3220000267028809,1.3700000047683716,83000,0.0,0.0
2024-12-09 00:00:00-05:00,1.3700000047683716,1.440000057220459,1.350000023841858,1.4299999475479126,35500,0.0,0.0
2024-12-10 00:00:00-05:00,1.3700000047683716,1.440000057220459,1.309999942779541,1.3300000429153442,59500,0.0,0.0
2024-12-11 00:00:00-05:00,1.3300000429153442,1.350000023841858,1.3200000524520874,1.3300000429153442,19500,0.0,0.0
2024-12-12 00:00:00-05:00,1.309999942779541,1.5299999713897705,1.309999942779541,1.4600000381469727,156600,0.0,0.0
2024-12-13 00:00:00-05:00,1.4800000190734863,1.5199999809265137,1.3960000276565552,1.4730000495910645,175100,0.0,0.0
2024-12-16 00:00:00-05:00,1.440000057220459,1.4700000286102295,1.2599999904632568,1.309999942779541,167600,0.0,0.0
2024-12-17 00:00:00-05:00,1.3200000524520874,1.3300000429153442,1.2699999809265137,1.2699999809265137,45500,0.0,0.0
2024-12-18 00:00:00-05:00,1.2669999599456787,1.2999999523162842,1.1399999856948853,1.149999976158142,87400,0.0,0.0
2024-12-19 00:00:00-05:00,1.2100000381469727,1.3600000143051147,1.1399999856948853,1.190000057220459,312500,0.0,0.0
2024-12-20 00:00:00-05:00,1.190000057220459,1.2699999809265137,1.1699999570846558,1.2000000476837158,39700,0.0,0.0
2024-12-23 00:00:00-05:00,1.2100000381469727,1.2300000190734863,1.1699999570846558,1.2200000286102295,33800,0.0,0.0
2024-12-24 00:00:00-05:00,2.0,2.180000066757202,1.5449999570846558,1.7200000286102295,51786300,0.0,0.0
2024-12-26 00:00:00-05:00,1.5,1.6799999475479126,1.5,1.559999942779541,1932300,0.0,0.0
2024-12-27 00:00:00-05:00,1.5700000524520874,1.6699999570846558,1.5,1.5,515900,0.0,0.0
2024-12-30 00:00:00-05:00,1.4700000286102295,1.5130000114440918,1.399999976158142,1.399999976158142,332000,0.0,0.0
2024-12-31 00:00:00-05:00,1.4500000476837158,1.4600000381469727,1.3600000143051147,1.3799999952316284,327300,0.0,0.0
2025-01-02 00:00:00-05:00,1.399999976158142,1.5399999618530273,1.3700000047683716,1.4500000476837158,938800,0.0,0.0
2025-01-03 00:00:00-05:00,1.4900000095367432,1.5499999523162842,1.437999963760376,1.4900000095367432,237600,0.0,0.0
2025-01-06 00:00:00-05:00,1.6299999952316284,1.75,1.5499999523162842,1.5800000429153442,868700,0.0,0.0
2025-01-07 00:00:00-05:00,1.6100000143051147,1.621999979019165,1.4500000476837158,1.4900000095367432,285200,0.0,0.0
2025-01-08 00:00:00-05:00,1.5,1.5,1.409999966621399,1.440000057220459,160100,0.0,0.0
2025-01-10 00:00:00-05:00,1.440000057220459,1.600000023841858,1.4299999475479126,1.5299999713897705,212400,0.0,0.0
2025-01-13 00:00:00-05:00,1.5499999523162842,1.6200000047683716,1.4500000476837158,1.5299999713897705,203600,0.0,0.0
2025-01-14 00:00:00-05:00,1.5499999523162842,1.600000023841858,1.4700000286102295,1.5099999904632568,87200,0.0,0.0
2025-01-15 00:00:00-05:00,1.5800000429153442,1.5800000429153442,1.4900000095367432,1.5299999713897705,53500,0.0,0.0
2025-01-16 00:00:00-05:00,1.5399999618530273,1.5700000524520874,1.4700000286102295,1.5199999809265137,56600,0.0,0.0
2025-01-17 00:00:00-05:00,1.5299999713897705,1.5499999523162842,1.4700000286102295,1.4900000095367432,125000,0.0,0.0
2025-01-21 00:00:00-05:00,1.4900000095367432,1.5399999618530273,1.4199999570846558,1.440000057220459,87500,0.0,0.0
2025-01-22 00:00:00-05:00,1.4199999570846558,1.5199999809265137,1.4199999570846558,1.4500000476837158,128900,0.0,0.0
2025-01-23 00:00:00-05:00,1.5099999904632568,1.5199999809265137,1.4500000476837158,1.4900000095367432,41254,0.0,0.0
