Date,Open,High,Low,Close,Volume,Dividends,Stock Splits
2022-01-03 00:00:00-05:00,20.177005603535076,20.380432120524944,20.14611446845017,20.229745864868164,6400,0.0,0.0
2022-01-04 00:00:00-05:00,20.22747923082622,20.25987639952002,20.154395908829585,20.207136154174805,4500,0.0,0.0
2022-01-05 00:00:00-05:00,20.25234363185671,20.350291042056817,20.154397658720637,20.259878158569336,3800,0.0,0.0
2022-01-06 00:00:00-05:00,20.267414467657975,20.365361886471867,20.25987994028274,20.301319122314453,4800,0.0,0.0
2022-01-07 00:00:00-05:00,20.27494524296997,20.357823591695997,20.219191475187966,20.34878158569336,8000,0.0,0.0
2022-01-10 00:00:00-05:00,20.35782536978682,20.35782536978682,20.17700104164331,20.195083618164062,3400,0.0,0.0
2022-01-11 00:00:00-05:00,20.342757116596474,20.380428314208984,20.20713850588891,20.380428314208984,8400,0.0,0.0
2022-01-12 00:00:00-05:00,20.335223776970928,20.335223776970928,20.249331889370243,20.301319122314453,4400,0.0,0.0
2022-01-13 00:00:00-05:00,20.565792406573426,20.565792406573426,20.212138362518157,20.433555603027344,6900,0.539,0.0
2022-01-14 00:00:00-05:00,20.30977868963143,20.35437037826227,20.30977868963143,20.336687088012695,1700,0.0,0.0
2022-01-18 00:00:00-05:00,20.363594747878302,20.363594747878302,20.289019627526876,20.32746124267578,9500,0.0,0.0
2022-01-19 00:00:00-05:00,20.327460285930155,20.334378749852952,20.189073410702868,20.273643493652344,8100,0.0,0.0
2022-01-20 00:00:00-05:00,20.227512759567727,20.358211306970382,20.142944146352516,20.242889404296875,6500,0.0,0.0
2022-01-21 00:00:00-05:00,20.204449449035426,20.235201272385606,20.1429443359375,20.1429443359375,6900,0.0,0.0
2022-01-24 00:00:00-05:00,20.042998363627678,20.18907356262207,20.03531004090191,20.18907356262207,9100,0.0,0.0
2022-01-25 00:00:00-05:00,20.20060375149536,20.22366871788917,20.03530849166685,20.11219024658203,5200,0.0,0.0
2022-01-26 00:00:00-05:00,20.096813155557527,20.140636444091797,20.096813155557527,20.140636444091797,3600,0.0,0.0
2022-01-27 00:00:00-05:00,20.035308292148304,20.116034940523967,20.006863113583133,20.104501724243164,2900,0.0,0.0
2022-01-28 00:00:00-05:00,20.107576759785548,20.185226906221335,19.989179826217562,20.104501724243164,10900,0.0,0.0
2022-01-31 00:00:00-05:00,20.119881032383255,20.258267914896486,20.112192709310552,20.150632858276367,7300,0.0,0.0
2022-02-01 00:00:00-05:00,20.258269313475026,20.373591234731688,20.189075867441474,20.204452514648438,6800,0.0,0.0
2022-02-02 00:00:00-05:00,20.300552112489857,20.338992259853523,20.18138530942629,20.182153701782227,4400,0.0,0.0
2022-02-03 00:00:00-05:00,20.19676279671257,20.37358982819162,20.142946001601356,20.150632858276367,4100,0.0,0.0
2022-02-04 00:00:00-05:00,20.181383155568945,20.218286514282227,20.181383155568945,20.218286514282227,1600,0.0,0.0
2022-02-07 00:00:00-05:00,20.29670514996411,20.29670514996411,20.173694931256254,20.177539825439453,3100,0.0,0.0
2022-02-08 00:00:00-05:00,20.173693668254778,20.27440877342558,20.13525352721422,20.227510452270508,6800,0.0,0.0
2022-02-09 00:00:00-05:00,20.23135784436592,20.289018063046594,20.135256013500562,20.1429443359375,5100,0.0,0.0
2022-02-10 00:00:00-05:00,20.296707147987615,20.296707147987615,20.18907356262207,20.18907356262207,4200,0.0,0.0
2022-02-11 00:00:00-05:00,20.189074872628026,20.189074872628026,20.13525807645325,20.1660099029541,5900,0.0,0.0
2022-02-14 00:00:00-05:00,20.13525760100986,20.279026162480722,20.13525760100986,20.246734619140625,2600,0.0,0.0
2022-02-15 00:00:00-05:00,20.212136219829304,20.212136219829304,20.142942789606277,20.173694610595703,10700,0.0,0.0
2022-02-16 00:00:00-05:00,20.158317120429125,20.195988869417953,20.158317120429125,20.186763763427734,1000,0.0,0.0
2022-02-17 00:00:00-05:00,20.179078396848524,20.196761685582654,20.173696717633476,20.181385040283203,6100,0.0,0.0
2022-02-18 00:00:00-05:00,20.21213722229004,20.21213722229004,20.21213722229004,20.21213722229004,2500,0.0,0.0
2022-02-22 00:00:00-05:00,20.23366504129403,20.23366504129403,20.066063126937685,20.07375144958496,5000,0.0,0.0
2022-02-23 00:00:00-05:00,20.085280137703332,20.085280137703332,20.03069496154785,20.03069496154785,2300,0.0,0.0
2022-02-24 00:00:00-05:00,19.989178728030808,20.14294222788232,19.989178728030808,20.13525390625,6500,0.0,0.0
2022-02-25 00:00:00-05:00,20.142942167403476,20.217517273975886,20.004555311232107,20.04299545288086,6900,0.0,0.0
2022-02-28 00:00:00-05:00,20.02761855062017,20.173693726511402,20.02761855062017,20.13140869140625,3700,0.0,0.0
2022-03-01 00:00:00-05:00,20.158318712972136,20.158318712972136,20.08143842445446,20.11219024658203,2200,0.0,0.0
2022-03-02 00:00:00-05:00,20.11219187544384,20.11219187544384,20.075288512783995,20.092971801757812,2700,0.0,0.0
2022-03-03 00:00:00-05:00,20.0891281371054,20.2428916688028,20.0891281371054,20.1660099029541,5100,0.0,0.0
2022-03-04 00:00:00-05:00,20.10373650363197,20.166010015782955,20.089128249504103,20.143714904785156,2000,0.0,0.0
2022-03-07 00:00:00-05:00,20.11219159642373,20.20445000179343,20.071444806151018,20.07375144958496,3600,0.0,0.0
2022-03-08 00:00:00-05:00,20.104503413009244,20.142945026511846,20.035309975102177,20.059911727905273,5600,0.0,0.0
2022-03-09 00:00:00-05:00,20.035307191427297,20.189070691278804,20.035307191427297,20.13525390625,800,0.0,0.0
2022-03-10 00:00:00-05:00,20.142945087316036,20.23520202720554,20.042998358305187,20.081439971923828,2500,0.0,0.0
2022-03-11 00:00:00-05:00,20.20445046823353,20.20445046823353,20.142945352033028,20.171390533447266,1700,0.0,0.0
2022-03-14 00:00:00-04:00,20.142942804764157,20.142942804764157,19.451008502013188,19.56633186340332,6900,0.0,0.0
2022-03-15 00:00:00-04:00,19.643212794427118,19.98917995716787,19.643212794427118,19.91229820251465,8800,0.0,0.0
2022-03-16 00:00:00-04:00,19.87386031425591,19.958428934216034,19.720096787495866,19.727785110473633,8700,0.0,0.0
2022-03-17 00:00:00-04:00,19.766222673210276,19.989179611206055,19.758535817635746,19.989179611206055,3800,0.0,0.0
2022-03-18 00:00:00-04:00,19.950740814208984,19.950740814208984,19.950740814208984,19.950740814208984,300,0.0,0.0
2022-03-21 00:00:00-04:00,19.9891782206695,20.12756507374387,19.81235122680664,19.81235122680664,5300,0.0,0.0
2022-03-22 00:00:00-04:00,20.031466366775216,20.089126586914062,19.95074117874227,20.089126586914062,2500,0.0,0.0
2022-03-23 00:00:00-04:00,20.112190393214785,20.112190393214785,20.027620315551758,20.027620315551758,1700,0.0,0.0
2022-03-24 00:00:00-04:00,20.02762010129573,20.142943466474318,19.91229820251465,19.91229820251465,4700,0.0,0.0
2022-03-25 00:00:00-04:00,20.05837325831242,20.173695156338024,20.05837325831242,20.104501724243164,1500,0.0,0.0
2022-03-28 00:00:00-04:00,19.98148999738771,20.18138195654402,19.98148999738771,20.03069496154785,5100,0.0,0.0
2022-03-29 00:00:00-04:00,20.18138499209286,20.18138499209286,19.996869648132865,20.089126586914062,3600,0.0,0.0
2022-03-30 00:00:00-04:00,20.181382342127343,20.181382342127343,20.104500592306422,20.16908073425293,4500,0.0,0.0
2022-03-31 00:00:00-04:00,20.142943334516694,20.142943334516694,20.09681340218846,20.104501724243164,3100,0.0,0.0
2022-04-01 00:00:00-04:00,20.169851929367795,20.17062032166167,20.11219024658203,20.11219024658203,500,0.0,0.0
2022-04-04 00:00:00-04:00,20.11987871540211,20.142943681964077,19.97534177763449,20.027620315551758,12300,0.0,0.0
2022-04-05 00:00:00-04:00,19.99686906158707,20.066062496842193,19.98149241677536,19.995330810546875,8800,0.0,0.0
2022-04-06 00:00:00-04:00,20.06605990089941,20.235198572754076,20.0629848656144,20.21982192993164,5700,0.0,0.0
2022-04-07 00:00:00-04:00,20.212137720542064,20.212137720542064,20.05068588256836,20.05068588256836,2200,0.0,0.0
2022-04-08 00:00:00-04:00,20.06606332647637,20.196761879984518,19.889236303023477,20.081439971923828,3100,0.0,0.0
2022-04-11 00:00:00-04:00,20.08143896113423,20.08143896113423,19.91998712485777,19.93536376953125,7200,0.0,0.0
2022-04-12 00:00:00-04:00,20.142943117851246,20.142943117851246,19.989179611206055,19.989179611206055,4300,0.0,0.0
2022-04-13 00:00:00-04:00,20.21607140876922,20.255325317382812,20.21607140876922,20.255325317382812,2100,0.539,0.0
2022-04-14 00:00:00-04:00,20.28673267797841,20.36524200439453,20.051206196170888,20.36524200439453,14200,0.0,0.0
2022-04-18 00:00:00-04:00,20.373093485563103,20.428049565897847,20.153267666783258,20.2176456451416,4700,0.0,0.0
2022-04-19 00:00:00-04:00,20.176817305958505,20.302431609241744,20.176817305958505,20.231773376464844,3000,0.0,0.0
2022-04-20 00:00:00-04:00,20.24355174589342,20.284376474367033,20.098310470581055,20.098310470581055,7600,0.0,0.0
2022-04-21 00:00:00-04:00,20.145415465761133,20.15640668121784,20.049634660003964,20.098310470581055,6700,0.0,0.0
2022-04-22 00:00:00-04:00,20.137562844422177,20.15718979946027,20.043352861263063,20.05198860168457,3300,0.0,0.0
2022-04-25 00:00:00-04:00,20.027650953329427,20.068475679202503,19.572298702419168,19.745018005371094,19100,0.0,0.0
2022-04-26 00:00:00-04:00,19.909886139988277,20.00880706492656,19.59584889060352,19.72538948059082,8500,0.0,0.0
2022-04-27 00:00:00-04:00,19.9255880232174,19.9255880232174,19.666508324837245,19.690061569213867,5900,0.0,0.0
2022-04-28 00:00:00-04:00,19.669649955373334,19.721465895049366,19.627254414983547,19.690061569213867,4300,0.0,0.0
2022-04-29 00:00:00-04:00,19.799973786482877,19.799973786482877,19.627254486083984,19.627254486083984,4500,0.0,0.0
2022-05-02 00:00:00-04:00,19.74894429489313,19.776422331784552,19.635105857805385,19.745018005371094,7300,0.0,0.0
2022-05-03 00:00:00-04:00,19.760720241122378,19.768571322754568,19.64295701152098,19.68221092224121,7500,0.0,0.0
2022-05-04 00:00:00-04:00,19.682212317434722,19.752870559692383,19.666510153057285,19.752870559692383,4500,0.0,0.0
2022-05-05 00:00:00-04:00,19.7607216418811,19.7607216418811,19.70576556400088,19.752870559692383,4000,0.0,0.0
2022-05-06 00:00:00-04:00,19.745018005371094,19.760720168577823,19.713615176398335,19.745018005371094,21000,0.0,0.0
2022-05-09 00:00:00-04:00,19.760721885789053,19.760721885789053,19.666510395802376,19.721467971801758,20000,0.0,0.0
2022-05-10 00:00:00-04:00,19.745020047887138,19.745020047887138,19.50949356518505,19.554243087768555,16100,0.0,0.0
2022-05-11 00:00:00-04:00,19.548742433326193,19.564444594103726,19.094174911667807,19.20330238342285,16100,0.0,0.0
2022-05-12 00:00:00-04:00,19.23471031364747,19.23471031364747,18.08062823390729,19.022735595703125,21800,0.0,0.0
2022-05-13 00:00:00-04:00,18.897117968301618,19.273960846962773,18.897117968301618,19.171899795532227,6000,0.0,0.0
2022-05-16 00:00:00-04:00,19.234710634515142,19.45453643798828,19.181323875941125,19.45453643798828,34700,0.0,0.0
2022-05-17 00:00:00-04:00,19.352472235230938,19.426270602801157,19.242560091496706,19.415279388427734,8600,0.0,0.0
2022-05-18 00:00:00-04:00,19.234710975549646,19.423132454392746,19.234710975549646,19.352474212646484,3300,0.0,0.0
2022-05-19 00:00:00-04:00,19.340694570100027,19.57229620682615,19.340694570100027,19.509489059448242,4100,0.0,0.0
2022-05-20 00:00:00-04:00,19.2794572659064,19.556594578704,19.2794572659064,19.51341438293457,3000,0.0,0.0
2022-05-23 00:00:00-04:00,19.5487484521908,19.5487484521908,19.336773708750627,19.540897369384766,7400,0.0,0.0
2022-05-24 00:00:00-04:00,19.54874370112187,19.619401931762695,19.44825196204513,19.619401931762695,2900,0.0,0.0
2022-05-25 00:00:00-04:00,19.619403404596667,19.66650839607988,19.58800057608809,19.627254486083984,7600,0.0,0.0
2022-05-26 00:00:00-04:00,19.627256789433854,19.821958541870117,19.627256789433854,19.821958541870117,4800,0.0,0.0
2022-05-27 00:00:00-04:00,19.71753873610787,19.80782392274257,19.70576286315918,19.70576286315918,1800,0.0,0.0
2022-05-31 00:00:00-04:00,19.776421960361183,19.807824788744163,19.70576372469864,19.791337966918945,3100,0.0,0.0
2022-06-01 00:00:00-04:00,19.80468729786714,19.815678513883665,19.784275681311115,19.799976348876953,2300,0.0,0.0
2022-06-02 00:00:00-04:00,19.799971904275804,19.823525146498753,19.75365157611238,19.784271240234375,9600,0.0,0.0
2022-06-03 00:00:00-04:00,19.784275681311115,19.86278351146292,19.74502026879434,19.799976348876953,7400,0.0,0.0
2022-06-06 00:00:00-04:00,19.862781234540165,19.862781234540165,19.745018005371094,19.745018005371094,1500,0.0,0.0
2022-06-07 00:00:00-04:00,19.745017953468334,19.97426414489746,19.745017953468334,19.97426414489746,4500,0.0,0.0
2022-06-08 00:00:00-04:00,19.862778380032545,19.92558552639266,19.74501516778739,19.823524475097656,6800,0.0,0.0
2022-06-09 00:00:00-04:00,19.914596299139447,20.035501153583898,19.745017136800406,19.760719299316406,8600,0.0,0.0
2022-06-10 00:00:00-04:00,19.69006193158824,19.835303197648738,19.635105857805385,19.745018005371094,6600,0.0,0.0
2022-06-13 00:00:00-04:00,19.635107159773202,19.73324344016145,19.23471095609626,19.277891159057617,12800,0.0,0.0
2022-06-14 00:00:00-04:00,19.3524725827474,19.51106053510906,17.460405374096908,18.73225212097168,23500,0.0,0.0
2022-06-15 00:00:00-04:00,18.732254884859064,19.061992868075425,17.609575525397627,18.641969680786133,39400,0.0,0.0
2022-06-16 00:00:00-04:00,18.999184415789507,18.999184415789507,18.44962064855826,18.556392669677734,23400,0.0,0.0
2022-06-17 00:00:00-04:00,18.68514132603204,18.853935795149816,18.292596327607495,18.36325454711914,28700,0.0,0.0
2022-06-21 00:00:00-04:00,18.96777721920399,19.619401960273642,18.857865081354348,19.39957618713379,81600,0.0,0.0
2022-06-22 00:00:00-04:00,19.454538453400232,19.611555617198157,19.234712627154025,19.540897369384766,29500,0.0,0.0
2022-06-23 00:00:00-04:00,19.862781990879864,20.054345094926813,19.548746201990845,19.64295768737793,18000,0.0,0.0
2022-06-24 00:00:00-04:00,19.54089245132569,19.697911073046036,19.31321709701579,19.37602424621582,31700,0.0,0.0
2022-06-27 00:00:00-04:00,19.37602547921998,19.674359082544605,19.336770072571575,19.415279388427734,26700,0.0,0.0
2022-06-28 00:00:00-04:00,19.399574900820586,19.56365993529699,18.895548417849866,19.20330238342285,27700,0.0,0.0
2022-06-29 00:00:00-04:00,19.156199802706563,19.430981661037652,18.991331586172304,19.224502563476562,13100,0.0,0.0
2022-06-30 00:00:00-04:00,19.07769470677585,19.440406360830988,18.88927320443665,18.97563362121582,25100,0.0,0.0
2022-07-01 00:00:00-04:00,19.077692274969557,19.423132400612495,18.889270796648173,19.046289443969727,12000,0.0,0.0
2022-07-05 00:00:00-04:00,18.88926741183043,19.407426758724096,18.88141633112713,19.175825119018555,13900,0.0,0.0
2022-07-06 00:00:00-04:00,19.09182364489288,19.313218752492325,18.95992757205866,19.038436889648438,16600,0.0,0.0
2022-07-07 00:00:00-04:00,19.20330659385048,19.343053758994166,19.03843836185957,19.046289443969727,10300,0.0,0.0
2022-07-08 00:00:00-04:00,19.156200072417622,19.368174780181032,19.07769075501184,19.258262634277344,4200,0.0,0.0
2022-07-11 00:00:00-04:00,19.2818143812906,19.368174780181032,19.234709389823404,19.258262634277344,7000,0.0,0.0
2022-07-12 00:00:00-04:00,19.3367692080695,19.47023458982585,19.179752080817707,19.430980682373047,4100,0.0,0.0
2022-07-13 00:00:00-04:00,19.43883142209523,19.46395398232161,19.156198501586914,19.156198501586914,3400,0.0,0.0
2022-07-14 00:00:00-04:00,19.46047051643318,19.46047051643318,19.115255650923938,19.319976806640625,7200,0.539,0.0
2022-07-15 00:00:00-04:00,19.291876404977483,19.349678651309855,18.970745328050516,19.034971237182617,8700,0.0,0.0
2022-07-18 00:00:00-04:00,19.06708526611328,19.733429658373108,19.06708526611328,19.06708526611328,13500,0.0,0.0
2022-07-19 00:00:00-04:00,19.16342489700458,19.46849758750514,19.06708526611328,19.06708526611328,9600,0.0,0.0
2022-07-20 00:00:00-04:00,19.187512246664987,19.279836914109026,19.08314569733118,19.17145538330078,4700,0.0,0.0
2022-07-21 00:00:00-04:00,19.388218171396606,19.412303466103133,19.147371349398338,19.283851623535156,7200,0.0,0.0
2022-07-22 00:00:00-04:00,19.31595904100409,19.393030739988937,19.19553565979004,19.19553565979004,4700,0.0,0.0
2022-07-25 00:00:00-04:00,19.219623165560122,19.420329334490837,19.187509443523265,19.227651596069336,7900,0.0,0.0
2022-07-26 00:00:00-04:00,19.42032783087859,19.42032783087859,19.388214111328125,19.388214111328125,1600,0.0,0.0
2022-07-27 00:00:00-04:00,19.203566634639124,19.38901832941017,19.203566634639124,19.25173568725586,4300,0.0,0.0
2022-07-28 00:00:00-04:00,19.24370589956325,19.348073959350586,19.19553685034334,19.348073959350586,3700,0.0,0.0
2022-07-29 00:00:00-04:00,19.31596215538895,19.38259675353285,19.267793101390126,19.34406089782715,5300,0.0,0.0
2022-08-01 00:00:00-04:00,19.43638641240385,19.56243109834211,19.38018892505134,19.4685001373291,11800,0.0,0.0
2022-08-02 00:00:00-04:00,19.492583975850405,19.57286521963696,19.436384961426615,19.571260452270508,16200,0.0,0.0
2022-08-03 00:00:00-04:00,19.436384307583857,19.62906357373623,19.436384307583857,19.628259658813477,6000,0.0,0.0
2022-08-04 00:00:00-04:00,19.58089256286621,19.58089256286621,19.516666652643735,19.58089256286621,2700,0.0,0.0
2022-08-05 00:00:00-04:00,19.53272152305989,19.62906114421195,19.508636234955294,19.62103271484375,4400,0.0,0.0
2022-08-08 00:00:00-04:00,19.621035022109147,19.629063452421423,19.588921300860054,19.613006591796875,8500,0.0,0.0
2022-08-09 00:00:00-04:00,19.653146903274802,19.653146903274802,19.521484017008707,19.58089256286621,5700,0.0,0.0
2022-08-10 00:00:00-04:00,19.725401473006055,19.749486763844427,19.540752170378067,19.649133682250977,9200,0.0,0.0
2022-08-11 00:00:00-04:00,19.69329114061732,19.82977140570783,19.50864028930664,19.50864028930664,9200,0.0,0.0
2022-08-12 00:00:00-04:00,19.532725085848845,19.72540283203125,19.532725085848845,19.72540283203125,5300,0.0,0.0
2022-08-15 00:00:00-04:00,19.749486920878265,19.974276845424402,19.709344769161802,19.922094345092773,15900,0.0,0.0
2022-08-16 00:00:00-04:00,20.02726582572543,20.02726582572543,19.934138778095452,19.974279403686523,6000,0.0,0.0
2022-08-17 00:00:00-04:00,19.99033842961606,19.99033842961606,19.78963221740854,19.869915008544922,3900,0.0,0.0
2022-08-18 00:00:00-04:00,19.8562619761861,19.90202387565012,19.821741104125977,19.821741104125977,3000,0.0,0.0
2022-08-19 00:00:00-04:00,19.922094757222535,19.950193498372084,19.789627950717627,19.910051345825195,8500,0.0,0.0
2022-08-22 00:00:00-04:00,19.910052852452434,19.92610971468624,19.873925678059706,19.918081283569336,2400,0.0,0.0
2022-08-23 00:00:00-04:00,19.88998015522294,19.95019261574611,19.789627075195312,19.789627075195312,7800,0.0,0.0
2022-08-24 00:00:00-04:00,19.829770103264515,19.918079776334572,19.80568481173638,19.910051345825195,4600,0.0,0.0
2022-08-25 00:00:00-04:00,19.974278793644746,19.99033565589746,19.8939975449145,19.97347640991211,1300,0.0,0.0
2022-08-26 00:00:00-04:00,20.00237879315043,20.0625897288701,19.99033538099318,20.02646255493164,2500,0.0,0.0
2022-08-29 00:00:00-04:00,19.998361987412366,19.998361987412366,19.805684254408852,19.990333557128906,4700,0.0,0.0
2022-08-30 00:00:00-04:00,19.918082388584377,19.990336741378364,19.918082388584377,19.934139251708984,2600,0.0,0.0
2022-08-31 00:00:00-04:00,19.990335888115727,20.070618669045242,19.950195263284307,20.037702560424805,3900,0.0,0.0
2022-09-01 00:00:00-04:00,20.04652976989746,20.142869395938956,20.04652976989746,20.04652976989746,3600,0.0,0.0
2022-09-02 00:00:00-04:00,20.07061520404798,20.07061520404798,19.926106529576206,19.978290557861328,1400,0.0,0.0
2022-09-06 00:00:00-04:00,19.845824874559646,20.030475708546202,19.845824874559646,19.990333557128906,1800,0.0,0.0
2022-09-07 00:00:00-04:00,20.018431738680082,20.134841677640942,20.018431738680082,20.070615768432617,1500,0.0,0.0
2022-09-08 00:00:00-04:00,20.006390417695822,20.006390417695822,19.918079215844276,19.990333557128906,4500,0.0,0.0
2022-09-09 00:00:00-04:00,19.918084070720003,19.99033842961606,19.869915008544922,19.869915008544922,3500,0.0,0.0
2022-09-12 00:00:00-04:00,19.87794095747464,19.920490264892578,19.861884094999937,19.920490264892578,10500,0.0,0.0
2022-09-13 00:00:00-04:00,19.845824783840783,19.87231875678174,19.685260772705078,19.685260772705078,28600,0.0,0.0
2022-09-14 00:00:00-04:00,19.709344451764785,19.709344451764785,19.54878044128418,19.54878044128418,1600,0.0,0.0
2022-09-15 00:00:00-04:00,19.67723314248724,19.781599677405413,19.645119420194533,19.669204711914062,2600,0.0,0.0
2022-09-16 00:00:00-04:00,19.66920368541545,19.789627075195312,19.665190235971597,19.789627075195312,3500,0.0,0.0
2022-09-19 00:00:00-04:00,19.757516197902795,19.902827271430514,19.532724732457012,19.645923614501953,2700,0.0,0.0
2022-09-20 00:00:00-04:00,19.54075401345342,19.669205847507236,19.50864028930664,19.50864028930664,5400,0.0,0.0
2022-09-21 00:00:00-04:00,19.629066738974988,19.82174450493064,19.51667022705078,19.51667022705078,9800,0.0,0.0
2022-09-22 00:00:00-04:00,19.5086378243055,19.749486131174162,19.5086378243055,19.58892059326172,9000,0.0,0.0
2022-09-23 00:00:00-04:00,19.66920554208119,19.66920554208119,19.267793184079533,19.307933807373047,7400,0.0,0.0
2022-09-26 00:00:00-04:00,19.267792809585305,19.283849671097276,18.954691666434854,19.2027645111084,12100,0.0,0.0
2022-09-27 00:00:00-04:00,19.18750961085032,19.323989868164062,18.826239422384454,19.323989868164062,25200,0.0,0.0
2022-09-28 00:00:00-04:00,19.348074563205518,19.89399557562424,19.348074563205518,19.86669921875,11600,0.0,0.0
2022-09-29 00:00:00-04:00,19.80568434248972,20.07061641795608,19.709344709926267,19.983911514282227,12100,0.0,0.0
2022-09-30 00:00:00-04:00,19.813714533266044,20.070618201239242,19.813714533266044,19.909250259399414,1500,0.0,0.0
2022-10-03 00:00:00-04:00,19.910051345825195,19.910051345825195,19.749487329437287,19.910051345825195,5100,0.0,0.0
2022-10-04 00:00:00-04:00,19.950194887970728,20.010405824085133,19.877940539620116,19.902828216552734,6200,0.0,0.0
2022-10-05 00:00:00-04:00,19.9100509363031,19.95019308802432,19.749486923217773,19.749486923217773,25400,0.0,0.0
2022-10-06 00:00:00-04:00,19.91004728030915,19.950189424659246,19.845821380615234,19.845821380615234,2400,0.0,0.0
2022-10-07 00:00:00-04:00,19.773571246832237,19.773571246832237,19.588921937448855,19.669204711914062,4700,0.0,0.0
2022-10-10 00:00:00-04:00,19.70934345872132,19.97427551736904,19.405073165893555,19.405073165893555,14000,0.0,0.0
2022-10-11 00:00:00-04:00,19.46849936308036,19.576078499781588,19.307933807373047,19.307933807373047,2800,0.0,0.0
2022-10-12 00:00:00-04:00,19.621035985339688,19.621035985339688,19.356103897094727,19.356103897094727,2900,0.0,0.0
2022-10-13 00:00:00-04:00,19.437396993890296,19.519515587380045,19.21567726135254,19.21567726135254,15900,0.539,0.0
2022-10-14 00:00:00-04:00,19.248528263606325,19.25674028083708,19.166409657580925,19.223892211914062,2300,0.0,0.0
2022-10-17 00:00:00-04:00,19.347888830427,19.609844780577568,19.232101440429688,19.232101440429688,6000,0.0,0.0
2022-10-18 00:00:00-04:00,19.37991714477539,19.37991714477539,19.269057263081915,19.37991714477539,3600,0.0,0.0
2022-10-19 00:00:00-04:00,19.379914062577836,19.511303183033398,19.25673695793598,19.35527801513672,5000,0.0,0.0
2022-10-20 00:00:00-04:00,19.29779815673828,19.29779815673828,19.24852762128006,19.29779815673828,4000,0.0,0.0
2022-10-21 00:00:00-04:00,19.256738270717666,19.462033981210258,19.248526254344128,19.396339416503906,3300,0.0,0.0
2022-10-24 00:00:00-04:00,19.412760854824967,19.708387163487483,19.29779576424816,19.388126373291016,4500,0.0,0.0
2022-10-25 00:00:00-04:00,19.379917526280547,19.6919663515634,19.379917526280547,19.4620361328125,7600,0.0,0.0
2022-10-26 00:00:00-04:00,19.691964910987597,19.691964910987597,19.46203470905736,19.59342384338379,3300,0.0,0.0
2022-10-27 00:00:00-04:00,19.65090496910454,19.65090496910454,19.50309181213379,19.50309181213379,1700,0.0,0.0
2022-10-28 00:00:00-04:00,19.544151743299857,19.650906393866347,19.544151743299857,19.59342384338379,2400,0.0,0.0
2022-10-31 00:00:00-04:00,19.593425106946597,19.843063851752987,19.593425106946597,19.66733169555664,1600,0.0,0.0
2022-11-01 00:00:00-04:00,19.69196653775873,19.700178555117787,19.523624097603445,19.560577392578125,2100,0.0,0.0
2022-11-02 00:00:00-04:00,19.700178792377542,19.700178792377542,19.51130708969101,19.626272201538086,3400,0.0,0.0
2022-11-03 00:00:00-04:00,19.70838874801647,19.70838874801647,19.51130504849015,19.609846115112305,3100,0.0,0.0
2022-11-04 00:00:00-04:00,19.675544277882235,19.708392350281542,19.503096596632776,19.54415512084961,7000,0.0,0.0
2022-11-07 00:00:00-05:00,19.708392350281542,19.708392350281542,19.503096596632776,19.54415512084961,6300,0.0,0.0
2022-11-08 00:00:00-05:00,19.462038072415943,19.54415512084961,19.462038072415943,19.54415512084961,3400,0.0,0.0
2022-11-09 00:00:00-05:00,19.503094269007438,19.503094269007438,19.37991714477539,19.37991714477539,5100,0.0,0.0
2022-11-10 00:00:00-05:00,19.420976138453813,19.626271872615657,19.420976138453813,19.511306762695312,9800,0.0,0.0
2022-11-11 00:00:00-05:00,19.626271465030122,19.667331550779075,19.5113063574973,19.650907516479492,2600,0.0,0.0
2022-11-14 00:00:00-05:00,19.578642620591808,19.578642620591808,19.38238120366494,19.56468391418457,5500,0.0,0.0
2022-11-15 00:00:00-05:00,19.724815695821164,19.724815695821164,19.42097730189561,19.53594398498535,6600,0.0,0.0
2022-11-16 00:00:00-05:00,19.544151945938278,19.70017713192438,19.37991630946842,19.470245361328125,10100,0.0,0.0
2022-11-17 00:00:00-05:00,19.379916118247273,19.429186652073874,19.3717041015625,19.3717041015625,4900,0.0,0.0
2022-11-18 00:00:00-05:00,19.37170429270262,19.519517461922923,19.37170429270262,19.470245361328125,3600,0.0,0.0
2022-11-21 00:00:00-05:00,19.544154944829817,19.568790998907417,19.42097780700638,19.445613861083984,13400,0.0,0.0
2022-11-22 00:00:00-05:00,19.462037232247912,19.701000213623047,19.448897690598958,19.701000213623047,9500,0.0,0.0
2022-11-23 00:00:00-05:00,19.523625682906292,19.568790998907417,19.445613861083984,19.445613861083984,5600,0.0,0.0
2022-11-25 00:00:00-05:00,19.527731967173064,19.53594398498535,19.527731967173064,19.53594398498535,1300,0.0,0.0
2022-11-28 00:00:00-05:00,19.66733164388976,19.700178146362305,19.585213038285204,19.700178146362305,5300,0.0,0.0
2022-11-29 00:00:00-05:00,19.700178462216492,19.700178462216492,19.511306762695312,19.511306762695312,3000,0.0,0.0
2022-11-30 00:00:00-05:00,19.511305288917548,19.733025040972553,19.511305288917548,19.675540924072266,3600,0.0,0.0
2022-12-01 00:00:00-05:00,19.708389186751656,19.741237253878293,19.306009762142654,19.65911865234375,13000,0.0,0.0
2022-12-02 00:00:00-05:00,19.37991432149609,19.70017511110002,19.37991432149609,19.64269256591797,3600,0.0,0.0
2022-12-05 00:00:00-05:00,19.667331611661755,19.87262734219567,19.626271525785697,19.76997947692871,8800,0.0,0.0
2022-12-06 00:00:00-05:00,19.798721672446465,19.872628264170082,19.559757130292258,19.691967010498047,11800,0.0,0.0
2022-12-07 00:00:00-05:00,19.70099892995186,19.831567340915075,19.66733169555664,19.66733169555664,10500,0.0,0.0
2022-12-08 00:00:00-05:00,19.716603857338477,19.723172845135153,19.634485244750977,19.634485244750977,1900,0.0,0.0
2022-12-09 00:00:00-05:00,19.650907609512423,19.749448683212186,19.650907609512423,19.700178146362305,600,0.0,0.0
2022-12-12 00:00:00-05:00,19.749447461470155,19.749447461470155,19.552363759980512,19.59342384338379,8200,0.0,0.0
2022-12-13 00:00:00-05:00,19.626271694103657,19.749448820223968,19.544153087929406,19.56468391418457,9200,0.0,0.0
2022-12-14 00:00:00-05:00,19.43739931243831,19.43739931243831,19.059654363839726,19.29779815673828,119200,0.0,0.0
2022-12-15 00:00:00-05:00,19.236207991627953,19.37991593281337,19.010383016944605,19.051443099975586,29100,0.0,0.0
2022-12-16 00:00:00-05:00,19.04323167339957,19.162302002173625,18.928265003632742,19.01038360595703,16000,0.0,0.0
2022-12-19 00:00:00-05:00,19.051443415131338,19.379916253402833,19.051443415131338,19.321611404418945,8600,0.0,0.0
2022-12-20 00:00:00-05:00,19.338858638667848,19.45218229138111,19.0925043700829,19.416872024536133,15500,0.0,0.0
2022-12-21 00:00:00-05:00,19.166408844083136,19.38812860105642,19.010383655885413,19.35117530822754,29000,0.0,0.0
2022-12-22 00:00:00-05:00,19.37991779020822,19.37991779020822,19.067867394393527,19.306011199951172,16400,0.0,0.0
2022-12-23 00:00:00-05:00,19.40455196004592,19.5934252244499,19.37991747454959,19.494882583618164,12700,0.0,0.0
2022-12-27 00:00:00-05:00,19.54415341025244,19.55729295131859,19.43247279317776,19.52773094177246,9100,0.0,0.0
2022-12-28 00:00:00-05:00,19.593425462014356,19.601637479373412,19.478458785269705,19.560577392578125,6200,0.0,0.0
2022-12-29 00:00:00-05:00,19.585215211348743,19.69196831408189,19.41440899394987,19.54415512084961,5900,0.0,0.0
2022-12-30 00:00:00-05:00,19.54415262226964,19.683753779555083,19.54415262226964,19.58521270751953,4000,0.0,0.0
2023-01-03 00:00:00-05:00,19.716600764615322,19.716600764615322,19.585211631597772,19.609846115112305,14000,0.0,0.0
2023-01-04 00:00:00-05:00,19.503095072233048,19.71660282729346,19.503095072233048,19.626272201538086,12100,0.0,0.0
2023-01-05 00:00:00-05:00,19.749449711373927,19.749449711373927,19.535943518481872,19.708391189575195,12900,0.0,0.0
2023-01-06 00:00:00-05:00,19.70838964223138,19.70838964223138,19.66815185546875,19.66815185546875,10200,0.0,0.0
2023-01-09 00:00:00-05:00,19.70838899087243,19.728918249481513,19.675540924072266,19.675540924072266,26100,0.0,0.0
2023-01-10 00:00:00-05:00,19.708391189575195,19.708391189575195,19.675543119110444,19.708391189575195,5500,0.0,0.0
2023-01-11 00:00:00-05:00,19.708391189575195,19.790509799454867,19.694430916255897,19.708391189575195,24000,0.0,0.0
2023-01-12 00:00:00-05:00,19.959565192561055,20.11917495727539,19.833558158214526,20.11917495727539,14400,0.539,0.0
2023-01-13 00:00:00-05:00,20.135974849410996,20.135974849410996,19.9511646380012,19.956205368041992,8300,0.0,0.0
2023-01-17 00:00:00-05:00,20.102372266789658,20.102372266789658,19.97636524075047,20.02676773071289,11600,0.0,0.0
2023-01-18 00:00:00-05:00,20.035169647712337,20.161176681518555,20.035169647712337,20.161176681518555,14900,0.0,0.0
2023-01-19 00:00:00-05:00,20.11917495727539,20.161176767968776,20.11917495727539,20.11917495727539,4300,0.0,0.0
2023-01-20 00:00:00-05:00,20.161176681518555,20.161176681518555,20.140175776261913,20.161176681518555,8200,0.0,0.0
2023-01-23 00:00:00-05:00,20.161176767968776,20.161176767968776,20.077171544315632,20.11917495727539,12000,0.0,0.0
2023-01-24 00:00:00-05:00,20.119172026854805,20.161173831430496,20.103210251575067,20.12757110595703,7000,0.0,0.0
2023-01-25 00:00:00-05:00,20.161176681518555,20.169577364074485,20.132614681281666,20.161176681518555,7500,0.0,0.0
2023-01-26 00:00:00-05:00,20.24518190481149,20.24518190481149,20.1342954586994,20.161176681518555,9800,0.0,0.0
2023-01-27 00:00:00-05:00,20.245181028252816,20.245181028252816,20.035168780246597,20.146055221557617,23600,0.0,0.0
2023-01-30 00:00:00-05:00,20.320785972446764,20.320785972446764,20.077170990795654,20.14437484741211,30100,0.0,0.0
2023-01-31 00:00:00-05:00,20.09397307299806,20.161176932014122,20.09397307299806,20.135974884033203,8700,0.0,0.0
2023-02-01 00:00:00-05:00,20.11917487100527,20.161176681518555,20.10237350589341,20.161176681518555,6400,0.0,0.0
2023-02-02 00:00:00-05:00,20.20317849203184,20.20317849203184,20.11917487100527,20.161176681518555,11600,0.0,0.0
2023-02-03 00:00:00-05:00,20.177976541175077,20.177976541175077,20.11917336993717,20.159494400024414,15700,0.0,0.0
2023-02-06 00:00:00-05:00,20.161176681518555,20.165376221663337,20.127573951294835,20.161176681518555,40000,0.0,0.0
2023-02-07 00:00:00-05:00,20.161176681518555,20.161176681518555,20.140175776261913,20.161176681518555,12000,0.0,0.0
2023-02-08 00:00:00-05:00,20.152775998962625,20.161176681518555,20.144375316406695,20.161176681518555,6700,0.0,0.0
2023-02-09 00:00:00-05:00,20.169576894493154,20.169576894493154,20.119174402597395,20.14437484741211,5300,0.0,0.0
2023-02-10 00:00:00-05:00,20.169577364074485,20.169577364074485,20.113294553442756,20.161176681518555,8200,0.0,0.0
2023-02-13 00:00:00-05:00,20.287184527837212,20.287184527837212,20.093973628111723,20.110774993896484,11600,0.0,0.0
2023-02-14 00:00:00-05:00,20.144377256275032,20.287185668945312,20.144377256275032,20.287185668945312,11900,0.0,0.0
2023-02-15 00:00:00-05:00,20.28718380729733,20.413190841674805,20.278783124703313,20.413190841674805,8100,0.0,0.0
2023-02-16 00:00:00-05:00,20.455194254644876,20.49719606534858,20.413190841674805,20.413190841674805,5100,0.0,0.0
2023-02-17 00:00:00-05:00,20.413189821845897,20.413189821845897,20.29558347593797,20.320785522460938,6700,0.0,0.0
2023-02-21 00:00:00-05:00,20.320785687000367,20.33758544921875,20.287182958030993,20.33758544921875,5900,0.0,0.0
2023-02-22 00:00:00-05:00,20.303983577151833,20.337584702621395,20.026767482396384,20.051969528198242,19900,0.0,0.0
2023-02-23 00:00:00-05:00,20.04357210210456,20.182179370864265,19.967967554684172,20.077173233032227,29100,0.0,0.0
2023-02-24 00:00:00-05:00,20.035168164330337,20.144373824939226,19.967964311124963,20.051969528198242,10600,0.0,0.0
2023-02-27 00:00:00-05:00,20.11917495727539,20.287183802315308,20.05197109880615,20.11917495727539,4700,0.0,0.0
2023-02-28 00:00:00-05:00,20.1443781670518,20.1443781670518,19.993169064180087,20.001569747924805,11500,0.0,0.0
2023-03-01 00:00:00-05:00,20.077172513413693,20.14437637512677,19.993167285705727,20.085573196411133,8200,0.0,0.0
2023-03-02 00:00:00-05:00,20.14437766285378,20.33758857734657,20.114976071616468,20.16537857055664,3100,0.0,0.0
2023-03-03 00:00:00-05:00,20.337584758662533,20.337584758662533,20.177976608276367,20.177976608276367,4300,0.0,0.0
2023-03-06 00:00:00-05:00,20.236781823043977,20.337586812175097,20.236781823043977,20.26198387145996,3700,0.0,0.0
2023-03-07 00:00:00-05:00,20.404793633787406,20.404793633787406,20.27458544503122,20.287185668945312,4400,0.0,0.0
2023-03-08 00:00:00-05:00,20.287185668945312,20.312387719040014,20.232582028206714,20.287185668945312,7600,0.0,0.0
2023-03-09 00:00:00-05:00,20.287184630601487,20.287184630601487,20.161177591110334,20.182178497314453,4600,0.0,0.0
2023-03-10 00:00:00-05:00,20.28718522771371,20.28718522771371,20.042730634591315,20.28298568725586,9900,0.0,0.0
2023-03-13 00:00:00-04:00,20.16117571439367,20.16117571439367,19.741151220343806,19.887319564819336,11500,0.0,0.0
2023-03-14 00:00:00-04:00,19.86715920112647,20.287183715324772,19.86715920112647,20.161176681518555,5300,0.0,0.0
2023-03-15 00:00:00-04:00,20.135974633850765,20.161176681518555,19.917561694195683,20.161176681518555,2400,0.0,0.0
2023-03-16 00:00:00-04:00,19.99316581799113,20.270381927490234,19.90916219871639,20.270381927490234,8000,0.0,0.0
2023-03-17 00:00:00-04:00,20.253580408850652,20.27038016988913,19.79155253156937,19.82515525817871,3800,0.0,0.0
2023-03-20 00:00:00-04:00,19.825154446724007,20.26198026116876,19.34632682800293,19.34632682800293,13000,0.0,0.0
2023-03-21 00:00:00-04:00,19.53113903150521,19.959564208984375,19.416892637964022,19.959564208984375,4000,0.0,0.0
2023-03-22 00:00:00-04:00,19.95956667384196,20.11917645040159,19.741153717041016,19.741153717041016,5900,0.0,0.0
2023-03-23 00:00:00-04:00,20.06036711429724,20.06036711429724,19.32112478407746,19.34632682800293,9900,0.0,0.0
2023-03-24 00:00:00-04:00,19.657146059642308,20.060369190587537,19.657146059642308,19.959564208984375,13000,0.0,0.0
2023-03-27 00:00:00-04:00,19.993168002313297,20.16117846375116,19.867160957368153,20.077173233032227,8700,0.0,0.0
2023-03-28 00:00:00-04:00,20.07717429936066,20.203181350998225,20.001569747924805,20.001569747924805,2500,0.0,0.0
2023-03-29 00:00:00-04:00,20.077171372493567,20.396390899190337,20.05197092719975,20.20317840576172,9200,0.0,0.0
2023-03-30 00:00:00-04:00,20.110773274901756,20.480393676974185,20.110773274901756,20.320785522460938,10500,0.0,0.0
2023-03-31 00:00:00-04:00,20.429993009532215,20.609764099121094,20.161177565027806,20.609764099121094,5300,0.0,0.0
2023-04-03 00:00:00-04:00,20.58120018268764,20.58120018268764,20.245180908321508,20.309024810791016,3400,0.0,0.0
2023-04-04 00:00:00-04:00,20.31238313957908,20.555156905704845,20.31238313957908,20.53079605102539,7500,0.0,0.0
2023-04-05 00:00:00-04:00,20.379589740895938,20.497196092837118,20.345987010474815,20.425792694091797,4000,0.0,0.0
2023-04-06 00:00:00-04:00,20.497196587572518,20.8920206682186,20.497196587572518,20.74921226501465,3900,0.0,0.0
2023-04-10 00:00:00-04:00,20.791214076788464,20.791214076788464,20.623203625160375,20.74921226501465,5800,0.0,0.0
2023-04-11 00:00:00-04:00,20.66520505641147,20.88781752153297,20.58119983865757,20.79121208190918,5000,0.0,0.0
2023-04-12 00:00:00-04:00,20.774412711172374,20.774412711172374,20.497196587572518,20.74921226501465,5500,0.0,0.0
2023-04-13 00:00:00-04:00,20.662474681483108,20.79988086891356,20.581748587317993,20.748353958129883,6200,0.539,0.0
2023-04-14 00:00:00-04:00,20.73976349637793,21.212098644947915,20.731175405893666,20.963048934936523,5800,0.0,0.0
2023-04-17 00:00:00-04:00,21.16915709644869,21.16915709644869,20.911520947303462,21.023162841796875,7800,0.0,0.0
2023-04-18 00:00:00-04:00,21.031749920690846,21.031749920690846,20.69252775148359,20.713998794555664,2600,0.0,0.0
2023-04-19 00:00:00-04:00,20.954461050294952,20.954461050294952,20.61094561760372,20.86772346496582,5300,0.0,0.0
2023-04-20 00:00:00-04:00,20.877169116467517,20.997400742059586,20.69768245271802,20.782703399658203,5200,0.0,0.0
2023-04-21 00:00:00-04:00,20.997402079494314,20.997402079494314,20.765528541809,20.82564353942871,2300,0.0,0.0
2023-04-24 00:00:00-04:00,20.714002836276617,20.823068155994388,20.6624742884621,20.81705665588379,2100,0.0,0.0
2023-04-25 00:00:00-04:00,20.610946148132538,20.78270468790464,20.610946148132538,20.628122329711914,3300,0.0,0.0
2023-04-26 00:00:00-04:00,20.82564260072002,20.82564260072002,20.593769073486328,20.593769073486328,4500,0.0,0.0
2023-04-27 00:00:00-04:00,20.739766375367825,20.739766375367825,20.490718268795604,20.731178283691406,3400,0.0,0.0
2023-04-28 00:00:00-04:00,20.708848289329538,20.724306197450957,20.57659365760002,20.57745361328125,2500,0.0,0.0
2023-05-01 00:00:00-04:00,20.58518179964269,20.739764157263796,20.58518179964269,20.653884887695312,5700,0.0,0.0
2023-05-02 00:00:00-04:00,20.739764744266722,20.739764744266722,20.610946655273438,20.610946655273438,3400,0.0,0.0
2023-05-03 00:00:00-04:00,20.73976238463638,20.73976238463638,20.482126235961914,20.482126235961914,11100,0.0,0.0
2023-05-04 00:00:00-04:00,20.48212418413045,20.653881053370498,20.104256450985513,20.310365676879883,6500,0.0,0.0
2023-05-05 00:00:00-04:00,20.396248717000685,20.653884887695312,20.396248717000685,20.653884887695312,3000,0.0,0.0
2023-05-08 00:00:00-04:00,20.610944175399744,20.87716841235567,20.55512240961505,20.77411460876465,4600,0.0,0.0
2023-05-09 00:00:00-04:00,20.894346744448715,20.954461742403883,20.696825568878637,20.87717056274414,15100,0.0,0.0
2023-05-10 00:00:00-04:00,20.877171350032896,20.877171350032896,20.739765167236328,20.739765167236328,3700,0.0,0.0
2023-05-11 00:00:00-04:00,20.868583962628787,20.92011251142343,20.649593363289927,20.748353958129883,1800,0.0,0.0
2023-05-12 00:00:00-04:00,20.550830685152754,20.550830685152754,20.05273289670824,20.181550979614258,14600,0.0,0.0
2023-05-15 00:00:00-04:00,20.696823984208887,20.696823984208887,20.069908142089844,20.069908142089844,4900,0.0,0.0
2023-05-16 00:00:00-04:00,20.301782519210384,20.456364885683303,20.113707743471245,20.447776794433594,2700,0.0,0.0
2023-05-17 00:00:00-04:00,20.379073192375813,20.57230114563063,20.3618970103063,20.365333557128906,2600,0.0,0.0
2023-05-18 00:00:00-04:00,20.58518081659015,20.705412443448655,20.224489212036133,20.224489212036133,1300,0.0,0.0
2023-05-19 00:00:00-04:00,20.26742966377515,20.26742966377515,20.224489212036133,20.224489212036133,900,0.0,0.0
2023-05-22 00:00:00-04:00,20.482129464204505,20.653886377721648,20.43918900731701,20.525068283081055,3700,0.0,0.0
2023-05-23 00:00:00-04:00,20.636708056064734,20.722585678100586,20.44004522214263,20.722585678100586,4000,0.0,0.0
2023-05-24 00:00:00-04:00,20.78270519927173,20.868582833260007,20.57659429126943,20.610946655273438,4000,0.0,0.0
2023-05-25 00:00:00-04:00,20.559417273604232,20.77411460876465,20.499302281841025,20.77411460876465,5200,0.0,0.0
2023-05-26 00:00:00-04:00,20.593769890400623,20.84281960834814,20.593769890400623,20.653884887695312,10100,0.0,0.0
2023-05-30 00:00:00-04:00,20.516479572737715,20.615240163583007,20.516479572737715,20.590335845947266,6800,0.0,0.0
2023-05-31 00:00:00-04:00,20.593769073486328,20.593769073486328,20.516477897741762,20.593769073486328,1600,0.0,0.0
2023-06-01 00:00:00-04:00,20.585181058389526,20.585181058389526,20.56800651550293,20.56800651550293,2000,0.0,0.0
2023-06-02 00:00:00-04:00,20.56800694643004,20.57659339904785,20.525066493286968,20.57659339904785,2800,0.0,0.0
2023-06-05 00:00:00-04:00,20.525068283081055,20.525068283081055,20.482129464204505,20.525068283081055,3400,0.0,0.0
2023-06-06 00:00:00-04:00,20.585182978407094,20.610947252156222,20.447776794433594,20.447776794433594,7500,0.0,0.0
2023-06-07 00:00:00-04:00,20.61094532973557,20.61094532973557,20.464951068129515,20.56800651550293,6600,0.0,0.0
2023-06-08 00:00:00-04:00,20.610943511276794,20.610943511276794,20.399681091308594,20.399681091308594,3000,0.0,0.0
2023-06-09 00:00:00-04:00,20.40483684767093,20.473539935857936,20.224490217423266,20.430601119995117,9200,0.0,0.0
2023-06-12 00:00:00-04:00,20.525068283081055,20.525068283081055,20.37392246126772,20.525068283081055,6700,0.0,0.0
2023-06-13 00:00:00-04:00,20.602357747015617,20.602357747015617,20.550830841064453,20.550830841064453,3200,0.0,0.0
2023-06-14 00:00:00-04:00,20.610946655273438,20.645299019277445,20.396249294281006,20.610946655273438,5800,0.0,0.0
2023-06-15 00:00:00-04:00,20.65388368380879,20.885757206724858,20.61180318815532,20.782703399658203,4900,0.0,0.0
2023-06-16 00:00:00-04:00,20.774115375612322,20.885757273292146,20.610944936224207,20.8582763671875,5000,0.0,0.0
2023-06-20 00:00:00-04:00,20.877169116467517,20.877169116467517,20.65388368380879,20.782703399658203,7900,0.0,0.0
2023-06-21 00:00:00-04:00,20.791291176211256,20.88575853704842,20.78270472341773,20.82564353942871,7300,0.0,0.0
2023-06-22 00:00:00-04:00,20.87716986241478,20.92011031523577,20.834231047604582,20.868581771850586,9100,0.0,0.0
2023-06-23 00:00:00-04:00,20.954459833463893,20.997400283813477,20.82564175843653,20.997400283813477,2300,0.0,0.0
2023-06-26 00:00:00-04:00,20.997402506286225,21.04034132316998,20.868582779613224,20.9544620513916,8600,0.0,0.0
2023-06-27 00:00:00-04:00,21.220684946047243,21.255037307739258,20.99052969194732,21.255037307739258,3900,0.0,0.0
2023-06-28 00:00:00-04:00,21.25503742607782,21.426795959472656,21.12621934503708,21.426795959472656,10700,0.0,0.0
2023-06-29 00:00:00-04:00,21.375267222961625,21.426795765319625,21.237861052695134,21.401031494140625,10600,0.0,0.0
2023-06-30 00:00:00-04:00,21.35809376894185,21.401032585084955,21.297977133126327,21.340917587280273,4900,0.0,0.0
2023-07-03 00:00:00-04:00,21.383854807819223,21.42679525876907,21.383854807819223,21.4182071685791,3000,0.0,0.0
2023-07-05 00:00:00-04:00,21.42679467918099,21.461145401000977,21.38385422939267,21.461145401000977,7700,0.0,0.0
2023-07-06 00:00:00-04:00,21.469733806986508,21.684431145056372,21.38385454415642,21.538436889648438,12300,0.0,0.0
2023-07-07 00:00:00-04:00,21.538439611032665,21.598554611206055,21.469736519690095,21.598554611206055,3600,0.0,0.0
2023-07-10 00:00:00-04:00,21.472309195457335,21.68442993082307,21.46973260477532,21.54702377319336,8800,0.0,0.0
2023-07-11 00:00:00-04:00,21.624315950955236,21.64320876615772,21.383854344874067,21.412195205688477,7800,0.0,0.0
2023-07-12 00:00:00-04:00,21.641496374058303,21.641496374058303,21.40962281251937,21.443973541259766,2900,0.0,0.0
2023-07-13 00:00:00-04:00,21.557197520172316,21.644971462448858,21.416759882189332,21.5133113861084,6000,0.539,0.0
2023-07-14 00:00:00-04:00,21.529110321273745,21.63619389464412,21.416759876089618,21.548419952392578,5600,0.0,0.0
2023-07-17 00:00:00-04:00,21.548420566960296,21.78540971555385,21.416760486902348,21.680082321166992,4500,0.0,0.0
2023-07-18 00:00:00-04:00,21.416760051514824,21.548420128896215,21.416760051514824,21.539644241333008,1300,0.0,0.0
2023-07-19 00:00:00-04:00,21.680081961525847,21.723968096100904,21.539644321907193,21.679203033447266,11800,0.0,0.0
2023-07-20 00:00:00-04:00,21.63619494590188,21.820520401000977,21.63619494590188,21.820520401000977,7100,0.0,0.0
2023-07-21 00:00:00-04:00,21.680082321166992,21.820519963115302,21.680082321166992,21.680082321166992,4000,0.0,0.0
2023-07-24 00:00:00-04:00,21.69763489316131,21.772243329137222,21.69763489316131,21.74591064453125,4700,0.0,0.0
2023-07-25 00:00:00-04:00,21.820520182764977,21.820520182764977,21.732746237126545,21.750301361083984,4700,0.0,0.0
2023-07-26 00:00:00-04:00,21.72396817273445,21.759078419837326,21.636194229125977,21.636194229125977,2600,0.0,0.0
2023-07-27 00:00:00-04:00,21.69763543720106,21.76785425709561,21.539644348049862,21.592308044433594,5500,0.0,0.0
2023-07-28 00:00:00-04:00,21.680082370456535,21.767854641262215,21.680082370456535,21.723968505859375,5000,0.0,0.0
2023-07-31 00:00:00-04:00,21.767854527946607,21.767854527946607,21.688858145313716,21.70641326904297,5200,0.0,0.0
2023-08-01 00:00:00-04:00,21.715189756531366,21.7678534509648,21.06566527802348,21.415882110595703,13500,0.0,0.0
2023-08-02 00:00:00-04:00,21.285976891064536,21.495756092456745,21.10955175399009,21.48697853088379,12800,0.0,0.0
2023-08-03 00:00:00-04:00,21.36409694720248,21.36409694720248,21.26754543984547,21.300899505615234,5600,0.0,0.0
2023-08-04 00:00:00-04:00,21.285098977204033,21.302654099805647,21.22365772224702,21.241212844848633,8300,0.0,0.0
2023-08-07 00:00:00-04:00,21.276321415903226,21.276321415903226,21.2192681045223,21.241212844848633,9100,0.0,0.0
2023-08-08 00:00:00-04:00,21.27632191207877,21.425537109375,21.27632191207877,21.425537109375,1800,0.0,0.0
2023-08-09 00:00:00-04:00,21.416761342148106,21.416761342148106,21.24121511977692,21.407983779907227,3200,0.0,0.0
2023-08-10 00:00:00-04:00,21.368485046934627,21.368485046934627,21.197326772934495,21.214881896972656,11800,0.0,0.0
2023-08-11 00:00:00-04:00,21.232435283547826,21.241212844848633,21.2034691638403,21.241212844848633,12300,0.0,0.0
2023-08-14 00:00:00-04:00,21.241216381315837,21.241216381315837,21.197328567504883,21.197328567504883,3000,0.0,0.0
2023-08-15 00:00:00-04:00,21.197326772934495,21.214881896972656,21.153440636987867,21.214881896972656,6900,0.0,0.0
2023-08-16 00:00:00-04:00,21.241216381315837,21.32898866063991,21.197328567504883,21.197328567504883,14700,0.0,0.0
2023-08-17 00:00:00-04:00,21.276321301405023,21.293876423912167,21.197324924271513,21.223657608032227,6100,0.0,0.0
2023-08-18 00:00:00-04:00,21.285099365812464,21.399204316508932,21.153439292193873,21.372873306274414,5300,0.0,0.0
2023-08-21 00:00:00-04:00,21.37287619010447,21.55719998321147,21.241216098721058,21.394819259643555,12500,0.0,0.0
2023-08-22 00:00:00-04:00,21.486979344110292,21.50453446792062,21.109552552931966,21.13588523864746,8900,0.0,0.0
2023-08-23 00:00:00-04:00,21.24121643705398,21.24121643705398,21.18855106034264,21.206106185913086,1600,0.0,0.0
2023-08-24 00:00:00-04:00,21.10955359387258,21.169240348111433,21.065667456331422,21.131498336791992,9100,0.0,0.0
2023-08-25 00:00:00-04:00,21.065665750558885,21.10077599706786,20.960336685180664,20.960336685180664,8200,0.0,0.0
2023-08-28 00:00:00-04:00,21.00422516552233,21.109552560122683,21.00422516552233,21.10077667236328,2900,0.0,0.0
2023-08-29 00:00:00-04:00,21.056888686563504,21.153440192596257,20.97789230420011,21.10955238342285,5600,0.0,0.0
2023-08-30 00:00:00-04:00,21.18854813399801,21.557197349318756,21.18854813399801,21.48697853088379,6500,0.0,0.0
2023-08-31 00:00:00-04:00,21.24472549050754,21.434316144444104,21.24472549050754,21.28510093688965,4000,0.0,0.0
2023-09-01 00:00:00-04:00,21.328985109559433,21.434314171020482,21.065664967129763,21.241212844848633,5200,0.0,0.0
2023-09-05 00:00:00-04:00,21.249988674846197,21.425536552092908,21.091997594302516,21.23243522644043,7200,0.0,0.0
2023-09-06 00:00:00-04:00,21.21488054827264,21.372873306274414,21.109551484888563,21.372873306274414,9400,0.0,0.0
2023-09-07 00:00:00-04:00,21.109551099485163,21.241212844848633,21.065664967129763,21.241212844848633,7500,0.0,0.0
2023-09-08 00:00:00-04:00,21.20610639699825,21.32898892891671,21.065668739334605,21.276325225830078,4800,0.0,0.0
2023-09-11 00:00:00-04:00,21.24121413679433,21.28246683585372,21.065666248398184,21.10955238342285,9500,0.0,0.0
2023-09-12 00:00:00-04:00,21.100776502651346,21.197326334567,21.065666255301117,21.074443817138672,2800,0.0,0.0
2023-09-13 00:00:00-04:00,21.153440199527953,21.197326334567,21.074443817138672,21.074443817138672,3600,0.0,0.0
2023-09-14 00:00:00-04:00,21.06566463065777,21.153438568115234,21.06566463065777,21.153438568115234,2100,0.0,0.0
2023-09-15 00:00:00-04:00,21.206102599645405,21.241212844848633,21.16748166475158,21.241212844848633,500,0.0,0.0
2023-09-18 00:00:00-04:00,21.153438568115234,21.153438568115234,21.06566463065777,21.153438568115234,3100,0.0,0.0
2023-09-19 00:00:00-04:00,21.232438974682395,21.372876631612296,21.15344258339071,21.258769989013672,9200,0.0,0.0
2023-09-20 00:00:00-04:00,21.241212844848633,21.241212844848633,21.241212844848633,21.241212844848633,800,0.0,0.0
2023-09-21 00:00:00-04:00,21.241212653708033,21.241212653708033,21.067420959472656,21.067420959472656,1700,0.0,0.0
2023-09-22 00:00:00-04:00,21.091997651032187,21.302654099805647,21.066542221015254,21.241212844848633,4800,0.0,0.0
2023-09-25 00:00:00-04:00,21.311435209264445,21.381654037213057,21.065668474369854,21.197328567504883,4400,0.0,0.0
2023-09-26 00:00:00-04:00,21.135886932800076,21.153442058017543,21.0656681060791,21.0656681060791,6300,0.0,0.0
2023-09-27 00:00:00-04:00,21.18854848775127,21.18854848775127,21.02177983752687,21.030555725097656,4100,0.0,0.0
2023-09-28 00:00:00-04:00,21.01300245224488,21.056888587062172,20.977892205072067,21.021780014038086,2700,0.0,0.0
2023-09-29 00:00:00-04:00,21.065665978442333,21.153439921515588,20.98666959709128,20.995447158813477,3300,0.0,0.0
2023-10-02 00:00:00-04:00,21.197326702369338,21.197326702369338,21.013002923028584,21.093753814697266,4800,0.0,0.0
2023-10-03 00:00:00-04:00,21.662527622140555,21.662527622140555,21.00422553479422,21.267545700073242,3200,0.0,0.0
2023-10-04 00:00:00-04:00,21.381654515776667,21.381654515776667,21.074446508819737,21.234193801879883,4000,0.0,0.0
2023-10-05 00:00:00-04:00,21.343910349920744,21.372876474450866,21.197328567504883,21.197328567504883,5800,0.0,0.0
2023-10-06 00:00:00-04:00,21.32020899717172,21.328984884231176,21.17099380493164,21.17099380493164,8100,0.0,0.0
2023-10-09 00:00:00-04:00,21.213123921971142,21.28509891995499,21.179769858777238,21.23243522644043,4200,0.0,0.0
2023-10-10 00:00:00-04:00,21.22366218907346,21.241217315369802,21.047237020337874,21.175386428833008,7600,0.0,0.0
2023-10-11 00:00:00-04:00,21.118328262193852,21.285098575464254,21.118328262193852,21.17976951599121,5200,0.0,0.0
2023-10-12 00:00:00-04:00,21.26865398898501,21.430256526865566,20.927492695148462,21.053184509277344,12900,0.539,0.0
2023-10-13 00:00:00-04:00,21.098071331616747,21.36740772748628,21.098071331616747,21.268651962280273,2600,0.0,0.0
2023-10-16 00:00:00-04:00,21.1878521276266,21.35843276977539,20.963404545156823,21.35843276977539,7500,0.0,0.0
2023-10-17 00:00:00-04:00,21.412300289446524,21.542480301777058,21.01727205413972,21.094482421875,8400,0.0,0.0
2023-10-18 00:00:00-04:00,21.250698528285714,21.45718990631503,21.107052203361036,21.232742309570312,4800,0.0,0.0
2023-10-19 00:00:00-04:00,21.590062414631117,21.590062414631117,21.24171932406379,21.277631759643555,5900,0.0,0.0
2023-10-20 00:00:00-04:00,21.23274121516885,21.496692137002746,21.23274121516885,21.277631759643555,2800,0.0,0.0
2023-10-23 00:00:00-04:00,21.232740548046856,21.681635704294777,21.01727107853575,21.367408752441406,9900,0.0,0.0
2023-10-24 00:00:00-04:00,21.3045636683926,21.49310052414429,21.062159873454338,21.439231872558594,6000,0.0,0.0
2023-10-25 00:00:00-04:00,21.43923161257872,21.67265729608876,21.098072052001953,21.098072052001953,4100,0.0,0.0
2023-10-26 00:00:00-04:00,21.098072052001953,21.331497735511995,20.846690151514423,21.098072052001953,13100,0.0,0.0
2023-10-27 00:00:00-04:00,21.151941386497175,21.557742346720076,20.83771440339384,21.0082950592041,3600,0.0,0.0
2023-10-30 00:00:00-04:00,20.981360200733324,21.23723030090332,20.981360200733324,21.23723030090332,3500,0.0,0.0
2023-10-31 00:00:00-04:00,21.43025308680308,21.43025308680308,20.981357981370582,21.03522491455078,5200,0.0,0.0
2023-11-01 00:00:00-04:00,21.228255405218647,21.358435430242505,21.187854766845703,21.187854766845703,6100,0.0,0.0
2023-11-02 00:00:00-04:00,21.098075380194786,21.34945732033748,21.098075380194786,21.187854766845703,5000,0.0,0.0
2023-11-03 00:00:00-04:00,21.187853694153,21.349456239463205,21.09807431204741,21.223764419555664,5900,0.0,0.0
2023-11-06 00:00:00-05:00,21.241718692954183,21.681635741340912,21.241718692954183,21.29558563232422,15500,0.0,0.0
2023-11-07 00:00:00-05:00,21.304564034813467,21.654703426546103,21.142961502075195,21.142961502075195,13600,0.0,0.0
2023-11-08 00:00:00-05:00,21.52003370804007,21.546968034546957,21.153736114501953,21.153736114501953,5400,0.0,0.0
2023-11-09 00:00:00-05:00,21.151938668477477,21.520032548915907,21.151938668477477,21.322519302368164,3900,0.0,0.0
2023-11-10 00:00:00-05:00,21.410503661530655,21.410503661530655,21.116926521502716,21.277631759643555,2500,0.0,0.0
2023-11-13 00:00:00-05:00,21.35843224576752,21.546967388465013,21.160917282104492,21.160917282104492,12100,0.0,0.0
2023-11-14 00:00:00-05:00,20.918512621794484,20.918512621794484,19.796274783449306,19.850143432617188,63400,0.0,0.0
2023-11-15 00:00:00-05:00,20.020723018115138,20.3888169043636,20.011746622020485,20.24517059326172,46900,0.0,0.0
2023-11-16 00:00:00-05:00,20.415754090744926,20.80180424807887,20.379843364136764,20.774869918823242,9200,0.0,0.0
2023-11-17 00:00:00-05:00,20.837711187040355,21.107049293441325,20.613263621239067,20.6770076751709,4500,0.0,0.0
2023-11-20 00:00:00-05:00,21.16989572090919,21.16989572090919,20.640199294021198,20.93647003173828,18200,0.0,0.0
2023-11-21 00:00:00-05:00,20.990335432608006,21.18785038487075,20.658153996819056,21.062158584594727,6300,0.0,0.0
2023-11-22 00:00:00-05:00,21.120517422580853,21.277631759643555,20.993930025680296,21.277631759643555,3200,0.0,0.0
2023-11-24 00:00:00-05:00,21.098073006543093,21.277631759643555,21.098073006543093,21.277631759643555,1900,0.0,0.0
2023-11-27 00:00:00-05:00,21.00829496057003,21.25967688835232,21.00829496057003,21.156431198120117,4100,0.0,0.0
2023-11-28 00:00:00-05:00,21.241719464529755,21.41230010986328,21.241719464529755,21.41230010986328,5000,0.0,0.0
2023-11-29 00:00:00-05:00,21.295585595937705,21.475144343396522,21.295585595937705,21.367408752441406,2500,0.0,0.0
2023-11-30 00:00:00-05:00,21.23274095916089,21.35843276977539,21.23274095916089,21.35843276977539,1500,0.0,0.0
2023-12-01 00:00:00-05:00,21.49310217457721,21.529012899326098,21.255186559468903,21.520034790039062,2900,0.0,0.0
2023-12-04 00:00:00-05:00,21.322520054630353,21.506567001342773,21.286607619955177,21.506567001342773,2800,0.0,0.0
2023-12-05 00:00:00-05:00,21.520034748398196,21.68163729045363,21.367410315612425,21.59185791015625,6700,0.0,0.0
2023-12-06 00:00:00-05:00,21.520033125679234,21.645724933577473,21.412299247365457,21.443721771240234,4800,0.0,0.0
2023-12-07 00:00:00-05:00,21.627769251414726,21.645725469044258,21.555946093295756,21.636747360229492,3400,0.0,0.0
2023-12-08 00:00:00-05:00,21.555946708109424,21.681636810302734,21.51105616275523,21.681636810302734,7200,0.0,0.0
2023-12-11 00:00:00-05:00,21.681636810302734,21.681636810302734,21.627769868276918,21.681636810302734,1800,0.0,0.0
2023-12-12 00:00:00-05:00,21.681635753759668,21.681635753759668,21.636746922992117,21.65470314025879,2300,0.0,0.0
2023-12-13 00:00:00-05:00,21.681636397716012,21.681636397716012,21.273141860961914,21.273141860961914,11500,0.0,0.0
2023-12-14 00:00:00-05:00,21.28660655160396,21.56043285886214,21.277630155784816,21.546966552734375,5400,0.0,0.0
2023-12-15 00:00:00-05:00,21.5918547574505,21.65829241386535,21.502077102661133,21.502077102661133,6900,0.0,0.0
2023-12-18 00:00:00-05:00,21.546968319379566,21.65470391443211,21.340476950627984,21.41230010986328,4000,0.0,0.0
2023-12-19 00:00:00-05:00,21.376387429268433,21.546968072648667,21.27763165670023,21.488611221313477,8300,0.0,0.0
2023-12-20 00:00:00-05:00,21.502079805934248,21.681636850486154,21.29558672172069,21.609813690185547,7300,0.0,0.0
2023-12-21 00:00:00-05:00,21.600834525039552,21.681635790477287,21.325213610365797,21.5828800201416,9800,0.0,0.0
2023-12-22 00:00:00-05:00,21.681637153058034,21.681637153058034,21.30456512811793,21.457189559936523,7000,0.0,0.0
2023-12-26 00:00:00-05:00,21.546965930055816,21.5918547574505,21.340474584201875,21.502077102661133,8000,0.0,0.0
2023-12-27 00:00:00-05:00,21.46616749053929,21.591857593673772,21.28660873257641,21.394344329833984,20600,0.0,0.0
2023-12-28 00:00:00-05:00,21.457189821304603,21.55594731144878,21.367410440482555,21.376388549804688,8900,0.0,0.0
2023-12-29 00:00:00-05:00,21.51105349822087,21.5918547574505,21.421275843431506,21.502077102661133,6300,0.0,0.0
2024-01-02 00:00:00-05:00,21.591855381426285,21.591855381426285,21.457187182951508,21.546966552734375,5600,0.0,0.0
2024-01-03 00:00:00-05:00,21.591858500501967,21.661887069760297,21.573903993870992,21.645727157592773,4100,0.0,0.0
2024-01-04 00:00:00-05:00,21.63674757912044,21.663680193438044,21.61879136130925,21.627769470214844,2200,0.0,0.0
2024-01-05 00:00:00-05:00,21.636747464033604,21.843238830566406,21.636747464033604,21.843238830566406,3000,0.0,0.0
2024-01-08 00:00:00-05:00,21.771413988457404,21.861193357693736,21.771413988457404,21.834259033203125,8400,0.0,0.0
2024-01-09 00:00:00-05:00,21.941996935308094,21.9509750444195,21.861195665704646,21.88812828063965,6800,0.0,0.0
2024-01-10 00:00:00-05:00,21.950973510742188,22.116166939572015,21.897104859837455,21.950973510742188,7400,0.0,0.0
2024-01-11 00:00:00-05:00,22.170383160207177,22.390709742737183,22.078579979736336,22.257596969604492,6700,0.539,0.0
2024-01-12 00:00:00-05:00,22.326448489549453,22.629397765480014,22.216286071574736,22.44579315185547,7200,0.0,0.0
2024-01-16 00:00:00-05:00,22.243825648516946,22.308087350396267,22.1153022447583,22.17038345336914,5100,0.0,0.0
2024-01-17 00:00:00-05:00,22.23923569334657,22.26218605041504,22.23923569334657,22.26218605041504,800,0.0,0.0
2024-01-18 00:00:00-05:00,22.308086764551973,22.308086764551973,22.211694214264405,22.26218605041504,2000,0.0,0.0
2024-01-19 00:00:00-05:00,22.308086127278308,22.390708811164522,22.234643936157227,22.234643936157227,3800,0.0,0.0
2024-01-22 00:00:00-05:00,22.372350003230448,22.372350003230448,22.115301453905275,22.2254638671875,14500,0.0,0.0
2024-01-23 00:00:00-05:00,22.2713680267334,22.399891435676587,22.253007039455767,22.2713680267334,4700,0.0,0.0
2024-01-24 00:00:00-05:00,22.142841762596646,22.399888547338296,22.115300285231513,22.1336612701416,10600,0.0,0.0
2024-01-25 00:00:00-05:00,22.243824103372003,22.25300459600277,22.124481201171875,22.124481201171875,4000,0.0,0.0
2024-01-26 00:00:00-05:00,22.2162854947103,22.234644729895997,22.12448231478174,22.179563522338867,5300,0.0,0.0
2024-01-29 00:00:00-05:00,22.26218605041504,22.39988994382585,22.17038287114116,22.26218605041504,6600,0.0,0.0
2024-01-30 00:00:00-05:00,22.285134864656534,22.399888393054354,22.216283798217773,22.216283798217773,4700,0.0,0.0
2024-01-31 00:00:00-05:00,22.21628523364056,22.39070934735509,22.21628523364056,22.381528854370117,1500,0.0,0.0
2024-02-01 00:00:00-05:00,22.381528374825802,22.47333155170859,22.335627661884388,22.353988647460938,4500,0.0,0.0
2024-02-02 00:00:00-05:00,22.344809117300848,22.583496687078924,22.326448130933297,22.532087326049805,6500,0.0,0.0
2024-02-05 00:00:00-05:00,22.390709844929688,22.58349669989835,22.390709844929688,22.489856719970703,5100,0.0,0.0
2024-02-06 00:00:00-05:00,22.629397765480014,22.629397765480014,22.436612658524233,22.44579315185547,6300,0.0,0.0
2024-02-07 00:00:00-05:00,22.72120094779232,22.72120094779232,22.36500551094061,22.44579315185547,4200,0.0,0.0
2024-02-08 00:00:00-05:00,22.666119901889605,22.675300395286897,22.363170623779297,22.363170623779297,5400,0.0,0.0
2024-02-09 00:00:00-05:00,22.565136225519478,22.57431671891677,22.363170623779297,22.363170623779297,6500,0.0,0.0
2024-02-12 00:00:00-05:00,22.390708867614077,22.583495714167928,22.289726948942974,22.353988647460938,6600,0.0,0.0
2024-02-13 00:00:00-05:00,22.253006031848408,22.491693602649594,22.253006031848408,22.372350692749023,5200,0.0,0.0
2024-02-14 00:00:00-05:00,22.445791297093336,22.45038066787969,22.280545932785913,22.323692321777344,7200,0.0,0.0
2024-02-15 00:00:00-05:00,22.38612109628337,22.39989096094971,22.161203384399414,22.161203384399414,6200,0.0,0.0
2024-02-16 00:00:00-05:00,22.491693228129723,22.491693228129723,22.14284324645996,22.14284324645996,4100,0.0,0.0
2024-02-20 00:00:00-05:00,22.28972639094422,22.353988087853466,22.28513526916504,22.28513526916504,6600,0.0,0.0
2024-02-21 00:00:00-05:00,22.285135827048855,22.353988647460938,22.142842566330497,22.353988647460938,4200,0.0,0.0
2024-02-22 00:00:00-05:00,22.33562930548605,22.33562930548605,22.170383925137187,22.280548095703125,3600,0.0,0.0
2024-02-23 00:00:00-05:00,22.216285125247303,22.30808655264916,22.216285125247303,22.2254638671875,2100,0.0,0.0
2024-02-26 00:00:00-05:00,22.25300442071042,22.353988087853466,22.216284201476526,22.28513526916504,4400,0.0,0.0
2024-02-27 00:00:00-05:00,22.353990718482624,22.471498585659305,22.24566334494476,22.2713680267334,9200,0.0,0.0
2024-02-28 00:00:00-05:00,22.39989200858364,22.473334208572435,22.262188102479676,22.454973220825195,6700,0.0,0.0
2024-02-29 00:00:00-05:00,22.476084166271136,22.49169082772497,22.30808448791504,22.30808448791504,3000,0.0,0.0
2024-03-01 00:00:00-05:00,22.363170623779297,22.49169402934122,22.30808766339555,22.363170623779297,8200,0.0,0.0
2024-03-04 00:00:00-05:00,22.399888416341796,22.56513377756643,22.314511412909084,22.49169158935547,10500,0.0,0.0
2024-03-05 00:00:00-05:00,22.599103713386988,22.599103713386988,22.399890685199285,22.44579315185547,2100,0.0,0.0
2024-03-06 00:00:00-05:00,22.399888416341796,22.537592300362363,22.331037349831455,22.49169158935547,4800,0.0,0.0
2024-03-07 00:00:00-05:00,22.372348988228612,22.491691889036602,22.335627018133902,22.44487190246582,6200,0.0,0.0
2024-03-08 00:00:00-05:00,22.399890685199285,22.482513374180353,22.399890685199285,22.44579315185547,1800,0.0,0.0
2024-03-11 00:00:00-04:00,22.445793629185342,22.583497530082166,22.399891161553,22.47333335876465,7500,0.0,0.0
2024-03-12 00:00:00-04:00,22.445792702342096,22.572479305375907,22.399890236605184,22.533004760742188,3300,0.0,0.0
2024-03-13 00:00:00-04:00,22.702837703262745,22.72119868809916,22.410905748763223,22.411823272705078,8700,0.0,0.0
2024-03-14 00:00:00-04:00,22.409072379972653,22.659694783452128,22.399891886149213,22.656940460205078,2600,0.0,0.0
2024-03-15 00:00:00-04:00,22.57431581366932,22.57431581366932,22.409070441144696,22.537593841552734,6400,0.0,0.0
2024-03-18 00:00:00-04:00,22.45497019713412,22.537592879870914,22.37234926539726,22.39988899230957,7100,0.0,0.0
2024-03-19 00:00:00-04:00,22.39988930392965,22.43661127499017,22.234643936157227,22.234643936157227,9400,0.0,0.0
2024-03-20 00:00:00-04:00,22.179563159276427,22.58349609375,21.76644973186027,22.58349609375,28900,0.0,0.0
2024-03-21 00:00:00-04:00,22.583497049823894,22.583497049823894,22.225464813905912,22.44579315185547,7000,0.0,0.0
2024-03-22 00:00:00-04:00,22.436612658524233,22.583497049823894,22.436612658524233,22.44579315185547,6100,0.0,0.0
2024-03-25 00:00:00-04:00,22.64776039123535,22.868086994130607,22.64776039123535,22.64776039123535,16100,0.0,0.0
2024-03-26 00:00:00-04:00,22.767100706434334,22.877264870778365,22.647757800144955,22.858903884887695,17900,0.0,0.0
2024-03-27 00:00:00-04:00,22.950706114952286,23.088410001442018,22.90480540312235,22.996606826782227,15600,0.0,0.0
2024-03-28 00:00:00-04:00,22.996606492570308,23.079229173463364,22.97365613698888,23.00486946105957,4700,0.0,0.0
2024-04-01 00:00:00-04:00,22.99660852011828,23.042510986328125,22.99660852011828,23.042510986328125,7400,0.0,0.0
2024-04-02 00:00:00-04:00,23.088411862535633,23.088411862535633,22.959888458251953,22.959888458251953,1300,0.0,0.0
2024-04-03 00:00:00-04:00,23.079230875506692,23.26283723569848,22.950707473972454,22.968149185180664,3800,0.0,0.0
2024-04-04 00:00:00-04:00,23.088411701537925,23.193067223296314,22.95988829815045,23.042510986328125,3100,0.0,0.0
2024-04-05 00:00:00-04:00,23.18939564120958,23.18939564120958,23.051691743006447,23.11595344543457,2700,0.0,0.0
2024-04-08 00:00:00-04:00,23.22611634317164,23.317919527535977,23.134314909807408,23.14349365234375,6300,0.0,0.0
2024-04-09 00:00:00-04:00,23.20316465444954,23.317918190575405,23.088411118323677,23.134313583374023,3400,0.0,0.0
2024-04-10 00:00:00-04:00,23.042510404273333,23.134313583374023,23.02598621725521,23.134313583374023,2000,0.0,0.0
2024-04-11 00:00:00-04:00,23.299555633262795,23.299555633262795,23.024147865533873,23.16644287109375,2000,0.0,0.0
2024-04-12 00:00:00-04:00,23.020105534116738,23.695511384139536,23.020105534116738,23.217098236083984,8400,0.539,0.0
2024-04-15 00:00:00-04:00,23.21709886743505,23.339046478271484,23.020106160110906,23.339046478271484,4600,0.0,0.0
2024-04-16 00:00:00-04:00,23.292144440200584,23.292144440200584,22.94505974358761,23.02948570251465,4700,0.0,0.0
2024-04-17 00:00:00-04:00,22.95444159128856,22.98258417521283,22.94506072998047,22.94506072998047,3300,0.0,0.0
2024-04-18 00:00:00-04:00,22.916919698834544,23.034177780151367,22.916919698834544,23.034177780151367,2300,0.0,0.0
2024-04-19 00:00:00-04:00,22.982583811483305,23.170197456243166,22.982583811483305,23.16925811767578,1500,0.0,0.0
2024-04-22 00:00:00-04:00,23.151434811631294,23.170196533203125,23.048247132202466,23.170196533203125,2300,0.0,0.0
2024-04-23 00:00:00-04:00,23.123292748640484,23.160816192626953,23.123292748640484,23.160816192626953,6400,0.0,0.0
2024-04-24 00:00:00-04:00,23.07638896511076,23.170195780707115,23.048246383666992,23.048246383666992,4400,0.0,0.0
2024-04-25 00:00:00-04:00,23.02948610151651,23.123292922973633,23.02948610151651,23.123292922973633,900,0.0,0.0
2024-04-26 00:00:00-04:00,23.179574966430664,23.254621850651276,23.179574966430664,23.179574966430664,2000,0.0,0.0
2024-04-29 00:00:00-04:00,23.25462277462944,23.432853764086467,23.217099331028212,23.264001846313477,5400,0.0,0.0
2024-04-30 00:00:00-04:00,23.142051819068275,23.292141999384572,23.142051819068275,23.273380279541016,800,0.0,0.0
2024-05-01 00:00:00-04:00,23.38595014589373,23.38595014589373,23.179574794252403,23.217098236083984,3800,0.0,0.0
2024-05-02 00:00:00-04:00,23.25931121353642,23.264000749157276,23.217098236083984,23.217098236083984,4200,0.0,0.0
2024-05-03 00:00:00-04:00,23.31090545654297,23.35780797043133,23.26400115343839,23.31090545654297,5500,0.0,0.0
2024-05-06 00:00:00-04:00,23.35780866610028,23.451615485887082,23.21897621889478,23.264001846313477,7700,0.0,0.0
2024-05-07 00:00:00-04:00,23.264000749157276,23.264000749157276,23.217098236083984,23.217098236083984,1200,0.0,0.0
2024-05-08 00:00:00-04:00,23.19364848637055,23.264002260551166,23.123292922973633,23.123292922973633,3900,0.0,0.0
2024-05-09 00:00:00-04:00,23.170196815742944,23.264001846313477,23.12329251124141,23.264001846313477,2700,0.0,0.0
2024-05-10 00:00:00-04:00,23.095151837878113,23.26400196731305,23.07639011597992,23.196462631225586,2900,0.0,0.0
2024-05-13 00:00:00-04:00,23.198338075444305,23.264002313849836,23.18895721435547,23.18895721435547,3900,0.0,0.0
2024-05-14 00:00:00-04:00,23.26400057690957,23.310904878851765,23.21709806418355,23.254621505737305,9300,0.0,0.0
2024-05-15 00:00:00-04:00,23.343739190169288,23.45161641095371,23.23586196938486,23.34842872619629,7500,0.0,0.0
2024-05-16 00:00:00-04:00,23.348426181450854,23.348426181450854,23.226478576660156,23.226478576660156,2600,0.0,0.0
2024-05-17 00:00:00-04:00,23.282762007770362,23.367187960998873,23.282762007770362,23.292142868041992,1000,0.0,0.0
2024-05-20 00:00:00-04:00,23.339045672526186,23.489137649536133,23.339045672526186,23.489137649536133,9700,0.0,0.0
2024-05-21 00:00:00-04:00,23.489138804874177,23.554803041611695,23.470377083173098,23.50227165222168,9200,0.0,0.0
2024-05-22 00:00:00-04:00,23.45161297783459,23.573560578064253,23.20771598815918,23.20771598815918,25600,0.0,0.0
2024-05-23 00:00:00-04:00,23.292143791349623,23.564183382362145,23.24617882664788,23.376569747924805,6100,0.0,0.0
2024-05-24 00:00:00-04:00,23.357808838736585,23.51540479812375,23.310906323104664,23.329668045043945,7000,0.0,0.0
2024-05-28 00:00:00-04:00,23.47975783794836,23.47975783794836,23.20771824216048,23.23586082458496,22000,0.0,0.0
2024-05-29 00:00:00-04:00,23.21709840854097,23.21709840854097,23.001343984055303,23.179574966430664,10500,0.0,0.0
2024-05-30 00:00:00-04:00,23.25462173582222,23.25462173582222,23.038865523185738,23.048246383666992,2700,0.0,0.0
2024-05-31 00:00:00-04:00,23.07638804462341,23.26399987911634,23.07638804462341,23.198335647583008,6100,0.0,0.0
2024-06-03 00:00:00-04:00,23.19833599591639,23.44223299471393,23.19833599591639,23.226478576660156,4900,0.0,0.0
2024-06-04 00:00:00-04:00,23.226480009353914,23.536041259765625,23.222728022866537,23.536041259765625,8100,0.0,0.0
2024-06-05 00:00:00-04:00,23.451615011266867,23.573562622070312,23.29589594406254,23.573562622070312,10000,0.0,0.0
2024-06-06 00:00:00-04:00,23.582944833016384,23.582944833016384,23.292145291207564,23.332481384277344,5200,0.0,0.0
2024-06-07 00:00:00-04:00,23.442233577924693,23.53510284423828,23.40471192521566,23.53510284423828,4500,0.0,0.0
2024-06-10 00:00:00-04:00,23.545420556764096,23.545420556764096,23.419719177096365,23.478816986083984,4300,0.0,0.0
2024-06-11 00:00:00-04:00,23.45161426445089,23.45161426445089,23.273381495060534,23.32028579711914,15400,0.0,0.0
2024-06-12 00:00:00-04:00,23.39064170730466,23.395333032548,23.329668792871942,23.34842872619629,3900,0.0,0.0
2024-06-13 00:00:00-04:00,23.432852658967022,23.451614379882812,23.390639681514585,23.451614379882812,2200,0.0,0.0
2024-06-14 00:00:00-04:00,23.43285369873047,23.451615420478756,23.43285369873047,23.43285369873047,3300,0.0,0.0
2024-06-17 00:00:00-04:00,23.40471105985134,23.498516082763672,23.40471105985134,23.498516082763672,17100,0.0,0.0
2024-06-18 00:00:00-04:00,23.507897291293848,23.52665901184082,23.498516431020363,23.52665901184082,5100,0.0,0.0
2024-06-20 00:00:00-04:00,23.517279018483922,23.58294325360275,23.517279018483922,23.545421600341797,5600,0.0,0.0
2024-06-21 00:00:00-04:00,23.545423039323925,23.620468139648438,23.53604217813132,23.620468139648438,10900,0.0,0.0
2024-06-24 00:00:00-04:00,23.526659360811635,23.789318084716797,23.526659360811635,23.789318084716797,5500,0.0,0.0
2024-06-25 00:00:00-04:00,23.78931831415219,23.817459106445312,23.779937453649083,23.817459106445312,1200,0.0,0.0
2024-06-26 00:00:00-04:00,23.798699174655294,23.826839966948416,23.704892358840436,23.817459106445312,9100,0.0,0.0
2024-06-27 00:00:00-04:00,23.81746049332077,23.826841354370117,23.65798943391447,23.826841354370117,9400,0.0,0.0
2024-06-28 00:00:00-04:00,23.822150834441008,23.911266326904297,23.7996371266958,23.911266326904297,3200,0.0,0.0
2024-07-01 00:00:00-04:00,24.04259613950593,24.04259613950593,23.82684169989112,23.854984283447266,7500,0.0,0.0
2024-07-02 00:00:00-04:00,23.854044307185575,23.864362716674805,23.798698484274126,23.864362716674805,3600,0.0,0.0
2024-07-03 00:00:00-04:00,23.751796599624388,23.920648522528616,23.751796599624388,23.854984283447266,1600,0.0,0.0
2024-07-05 00:00:00-04:00,23.854984283447266,23.854984283447266,23.70020275771295,23.854984283447266,2300,0.0,0.0
2024-07-08 00:00:00-04:00,23.789318371004306,23.892504258352673,23.789318371004306,23.88312339782715,2800,0.0,0.0
2024-07-09 00:00:00-04:00,23.91126499873273,23.967548370361328,23.91126499873273,23.967548370361328,1700,0.0,0.0
2024-07-10 00:00:00-04:00,23.92064822896272,23.92064822896272,23.892505645751953,23.892505645751953,1200,0.0,0.0
2024-07-11 00:00:00-04:00,23.883124784681698,23.930029090032974,23.883124784681698,23.892505645751953,4600,0.0,0.0
2024-07-12 00:00:00-04:00,23.883124724075753,23.96755068427751,23.883124724075753,23.94409942626953,1700,0.0,0.0
2024-07-15 00:00:00-04:00,24.398332605002395,24.439540657083935,24.245004653930664,24.245004653930664,19800,0.539,0.0
2024-07-16 00:00:00-04:00,24.293878555221784,24.320710855268672,24.245004653930664,24.245004653930664,11600,0.0,0.0
2024-07-17 00:00:00-04:00,23.957515355724375,24.126176834106445,23.957515355724375,24.126176834106445,1800,0.0,0.0
2024-07-18 00:00:00-04:00,24.137675753698037,24.137675753698037,24.062929153442383,24.062929153442383,2200,0.0,0.0
2024-07-19 00:00:00-04:00,24.101258523313493,24.101258523313493,23.957513806039906,24.061967849731445,5400,0.0,0.0
2024-07-22 00:00:00-04:00,24.03609572465431,24.139591996664414,23.96709760070981,24.10892677307129,4600,0.0,0.0
2024-07-23 00:00:00-04:00,24.110843943662832,24.34083587780587,24.0725128685457,24.109886169433594,6700,0.0,0.0
2024-07-24 00:00:00-04:00,24.101259024044754,24.125216172785883,24.0533447265625,24.0533447265625,3200,0.0,0.0
2024-07-25 00:00:00-04:00,24.053345150156417,24.082092998026724,23.88085075168131,23.968055725097656,4300,0.0,0.0
2024-07-26 00:00:00-04:00,23.95751452205157,23.995847422637237,23.622108953180188,23.717939376831055,25000,0.0,0.0
2024-07-29 00:00:00-04:00,23.717940716609874,23.823354371361766,23.717940716609874,23.789813995361328,3500,0.0,0.0
2024-07-30 00:00:00-04:00,23.871268292834614,24.14917634992519,23.76585463975703,24.13959312438965,33400,0.0,0.0
2024-07-31 00:00:00-04:00,24.146299644103255,24.292919512507133,23.986263626376495,24.173131942749023,9900,0.0,0.0
2024-08-01 00:00:00-04:00,24.360001535766123,24.360001535766123,24.062928858984918,24.1683406829834,1700,0.0,0.0
2024-08-02 00:00:00-04:00,23.957516275189242,24.14917713651613,23.957516275189242,24.011180877685547,2400,0.0,0.0
2024-08-05 00:00:00-04:00,24.206671814749757,24.216255039469534,23.967096680195006,24.105091094970703,16100,0.0,0.0
2024-08-06 00:00:00-04:00,23.967097735211247,24.101259231567383,23.785020113146995,24.101259231567383,5600,0.0,0.0
2024-08-07 00:00:00-04:00,24.101259517644024,24.1491756439209,24.101259517644024,24.1491756439209,1500,0.0,0.0
2024-08-08 00:00:00-04:00,24.235424027690726,24.388751983642578,24.17792467334872,24.388751983642578,15900,0.0,0.0
2024-08-09 00:00:00-04:00,24.245005142982873,24.386834323101105,24.219132444425316,24.340835571289062,5200,0.0,0.0
2024-08-12 00:00:00-04:00,24.340834662290433,24.340834662290433,24.149175640648878,24.225839614868164,7000,0.0,0.0
2024-08-13 00:00:00-04:00,24.331252140595538,24.331252140595538,24.206673864316905,24.29292106628418,2100,0.0,0.0
2024-08-14 00:00:00-04:00,24.18750671059532,24.331251433760464,24.18750671059532,24.30250358581543,8300,0.0,0.0
2024-08-15 00:00:00-04:00,24.245004938628263,24.340835366126722,24.206673864316905,24.29292106628418,9900,0.0,0.0
2024-08-16 00:00:00-04:00,24.340835571289062,24.340835571289062,24.216257293960393,24.340835571289062,5000,0.0,0.0
2024-08-19 00:00:00-04:00,24.340834371906357,24.340834371906357,24.254587173461914,24.254587173461914,2100,0.0,0.0
2024-08-20 00:00:00-04:00,24.24500486869601,24.34083529591806,24.24500486869601,24.286212921142578,8200,0.0,0.0
2024-08-21 00:00:00-04:00,24.331250024121992,24.47499656677246,24.331250024121992,24.47499656677246,5200,0.0,0.0
2024-08-22 00:00:00-04:00,24.436665072097828,24.436665072097828,24.283337123752865,24.43474769592285,8600,0.0,0.0
2024-08-23 00:00:00-04:00,24.436665999595252,24.532496427901442,24.340835571289062,24.340835571289062,6800,0.0,0.0
2024-08-26 00:00:00-04:00,24.340834853864596,24.58041000366211,24.340834853864596,24.58041000366211,3600,0.0,0.0
2024-08-27 00:00:00-04:00,24.57082750253588,24.57082750253588,24.340835571289062,24.340835571289062,1500,0.0,0.0
2024-08-28 00:00:00-04:00,24.436666150889206,24.436666150889206,24.292921421446657,24.29867172241211,5300,0.0,0.0
2024-08-29 00:00:00-04:00,24.302504001857596,24.340835075711617,24.302504001857596,24.32166862487793,4400,0.0,0.0
2024-08-30 00:00:00-04:00,24.245005628199365,24.43666648864746,24.245005628199365,24.43666648864746,7100,0.0,0.0
2024-09-03 00:00:00-04:00,24.30250449665462,24.417499548371335,24.25458836859483,24.340835571289062,3100,0.0,0.0
2024-09-04 00:00:00-04:00,24.27375481981875,24.436665999595252,24.27375481981875,24.340835571289062,1900,0.0,0.0
2024-09-05 00:00:00-04:00,24.420374493003507,24.43666579362518,24.2756719914534,24.29292106628418,2400,0.0,0.0
2024-09-06 00:00:00-04:00,24.340835571289062,24.340835571289062,24.30250449665462,24.340835571289062,2800,0.0,0.0
2024-09-09 00:00:00-04:00,24.340835366126722,24.43666579362518,24.29292106628418,24.29292106628418,3100,0.0,0.0
2024-09-10 00:00:00-04:00,24.274712239523527,24.38395881652832,24.274712239523527,24.38395881652832,5000,0.0,0.0
2024-09-11 00:00:00-04:00,24.340835855024242,24.388751983642578,24.29100417794922,24.388751983642578,3700,0.0,0.0
2024-09-12 00:00:00-04:00,24.388751983642578,24.388751983642578,24.345628381792782,24.388751983642578,6100,0.0,0.0
2024-09-13 00:00:00-04:00,24.312088005666652,24.388751983642578,24.312088005666652,24.388751983642578,2000,0.0,0.0
2024-09-16 00:00:00-04:00,24.38875239874497,24.407917022705078,24.384917646139503,24.407917022705078,2500,0.0,0.0
2024-09-17 00:00:00-04:00,24.455832426469964,24.647491455078125,24.455832426469964,24.647491455078125,1500,0.0,0.0
2024-09-18 00:00:00-04:00,24.5162044084265,24.532495708707895,24.364792007135108,24.503746032714844,3100,0.0,0.0
2024-09-19 00:00:00-04:00,24.542078018188477,24.542078018188477,24.4558308212412,24.542078018188477,2600,0.0,0.0
2024-09-20 00:00:00-04:00,24.360001099802524,24.532495498657227,24.340834649304597,24.532495498657227,4100,0.0,0.0
2024-09-23 00:00:00-04:00,24.431874375263092,24.54207872390619,24.431874375263092,24.532495498657227,1600,0.0,0.0
2024-09-24 00:00:00-04:00,24.532495498657227,24.532495498657227,24.49032967312445,24.532495498657227,3800,0.0,0.0
2024-09-25 00:00:00-04:00,24.436664788432104,24.532495211988618,24.436664788432104,24.48457908630371,3000,0.0,0.0
2024-09-26 00:00:00-04:00,24.350417381936104,24.522911777301186,24.350417381936104,24.513328552246094,4900,0.0,0.0
2024-09-27 00:00:00-04:00,24.513328552246094,24.513328552246094,24.513328552246094,24.513328552246094,0,0.0,0.0
2024-09-30 00:00:00-04:00,24.350417174347136,24.542078018188477,24.350417174347136,24.542078018188477,4200,0.0,0.0
2024-10-01 00:00:00-04:00,24.4462489973379,24.599576950073242,24.4462489973379,24.599576950073242,2700,0.0,0.0
2024-10-02 00:00:00-04:00,24.59957638839114,24.602451538763617,24.532495639077755,24.54591178894043,7700,0.0,0.0
2024-10-03 00:00:00-04:00,24.532494793215083,24.628325215135753,24.465414046214594,24.542078018188477,3900,0.0,0.0
2024-10-04 00:00:00-04:00,24.657073978484778,24.657073978484778,24.45583173000527,24.58041000366211,2000,0.0,0.0
2024-10-07 00:00:00-04:00,24.48457937241241,24.532495498657227,24.43666507398091,24.532495498657227,6800,0.0,0.0
2024-10-08 00:00:00-04:00,24.542078018188477,24.542078018188477,24.542078018188477,24.542078018188477,1400,0.0,0.0
2024-10-09 00:00:00-04:00,24.532495498657227,24.532495498657227,24.532495498657227,24.532495498657227,300,0.0,0.0
2024-10-10 00:00:00-04:00,24.54207822380084,24.54207822380084,24.541118621826172,24.541118621826172,1900,0.0,0.0
2024-10-11 00:00:00-04:00,24.58999322899161,24.58999322899161,24.494162803509937,24.58041000366211,3000,0.0,0.0
2024-10-14 00:00:00-04:00,24.580409505200553,24.637907028198242,24.44624800893485,24.637907028198242,5100,0.0,0.0
2024-10-15 00:00:00-04:00,24.66629611825414,24.822907368081825,24.66629611825414,24.685871124267578,4500,0.539,0.0
2024-10-16 00:00:00-04:00,24.722088075717632,24.75830510389831,24.676082611083984,24.676082611083984,2800,0.0,0.0
2024-10-17 00:00:00-04:00,24.744600296020508,24.744600296020508,24.744600296020508,24.744600296020508,1000,0.0,0.0
2024-10-18 00:00:00-04:00,24.803329313440372,24.803329313440372,24.744600564291275,24.78375244140625,2100,0.0,0.0
2024-10-21 00:00:00-04:00,24.806265606948383,24.806265606948383,24.72502326965332,24.72502326965332,4000,0.0,0.0
2024-10-22 00:00:00-04:00,24.725023538168088,24.82290603077542,24.676081358387787,24.764175415039062,6000,0.0,0.0
2024-10-23 00:00:00-04:00,24.578200732733716,24.85129118818071,24.578200732733716,24.764175415039062,3900,0.0,0.0
2024-10-24 00:00:00-04:00,24.597776950179128,24.759283350985278,24.597776950179128,24.666296005249023,1300,0.0,0.0
2024-10-25 00:00:00-04:00,24.832696035759362,24.832696035759362,24.690766505858722,24.71523666381836,900,0.0,0.0
2024-10-28 00:00:00-04:00,24.666296041584367,24.85227073333083,24.666296041584367,24.676082611083984,9800,0.0,0.0
2024-10-29 00:00:00-04:00,24.81311759481936,24.82290603077542,24.754388846036267,24.764175415039062,3400,0.0,0.0
2024-10-30 00:00:00-04:00,24.862058797213574,24.91002082824707,24.667273955492373,24.91002082824707,4000,0.0,0.0
2024-10-31 00:00:00-04:00,24.78375339925788,24.911001205444336,24.76417652646714,24.911001205444336,6300,0.0,0.0
2024-11-01 00:00:00-04:00,24.862058923933212,24.91100110571412,24.685870803428617,24.769071578979492,2500,0.0,0.0
2024-11-04 00:00:00-05:00,24.764175415039062,24.857164623145,24.764175415039062,24.764175415039062,2300,0.0,0.0
2024-11-05 00:00:00-05:00,24.803330726035764,24.803330726035764,24.71523666381836,24.71523666381836,1300,0.0,0.0
2024-11-06 00:00:00-05:00,24.76417663572788,24.76417663572788,24.666296005249023,24.666296005249023,4700,0.0,0.0
2024-11-07 00:00:00-05:00,24.705448150634766,24.764176902946463,24.705448150634766,24.705448150634766,2400,0.0,0.0
2024-11-08 00:00:00-05:00,24.764176196614525,24.764176196614525,24.66629556787127,24.73970603942871,8200,0.0,0.0
2024-11-11 00:00:00-05:00,24.66629634789908,24.901213224827703,24.66629634789908,24.71523666381836,8700,0.0,0.0
2024-11-12 00:00:00-05:00,24.66629600136982,24.88848772093471,24.66629600136982,24.87380599975586,1700,0.0,0.0
2024-11-13 00:00:00-05:00,24.881634509342945,24.881634509342945,24.715234833803564,24.72502326965332,3600,0.0,0.0
2024-11-14 00:00:00-05:00,24.715235676679296,24.90121223026064,24.715235676679296,24.84248161315918,3200,0.0,0.0
2024-11-15 00:00:00-05:00,24.754388846036267,24.881634779558517,24.725023538168088,24.764175415039062,4600,0.0,0.0
2024-11-18 00:00:00-05:00,24.850313214166373,24.852269781209994,24.7837525956175,24.803329467773438,3600,0.0,0.0
2024-11-19 00:00:00-05:00,24.803329044532894,24.88163466486716,24.744600296020508,24.744600296020508,2400,0.0,0.0
2024-11-20 00:00:00-05:00,24.75438923126001,24.8424814223289,24.75438923126001,24.81311798095703,1200,0.0,0.0
2024-11-21 00:00:00-05:00,24.86401730412055,24.89142417907715,24.813118555350677,24.89142417907715,2900,0.0,0.0
2024-11-22 00:00:00-05:00,24.852270722087326,24.862059158535875,24.783753533900853,24.82682228088379,7600,0.0,0.0
2024-11-25 00:00:00-05:00,24.72502418946864,24.862058562556676,24.72502418946864,24.852270126342773,2800,0.0,0.0
2024-11-26 00:00:00-05:00,24.862058639526367,24.862058639526367,24.803329889014435,24.862058639526367,1300,0.0,0.0
2024-11-27 00:00:00-05:00,24.803329544848644,24.852269858437282,24.803329544848644,24.81311798095703,2400,0.0,0.0
2024-11-29 00:00:00-05:00,24.862058789345582,24.862058789345582,24.842481916739196,24.85325050354004,1800,0.0,0.0
2024-12-02 00:00:00-05:00,24.86205908527187,24.86205908527187,24.83269564296611,24.84541893005371,4000,0.0,0.0
2024-12-03 00:00:00-05:00,24.850313559271978,24.852270126342773,24.832695120868276,24.852270126342773,2000,0.0,0.0
2024-12-04 00:00:00-05:00,24.84737626464532,24.84737626464532,24.773963928222656,24.773963928222656,4900,0.0,0.0
2024-12-05 00:00:00-05:00,24.827799701642963,24.827799701642963,24.77396423652349,24.81311798095703,1800,0.0,0.0
2024-12-06 00:00:00-05:00,24.81311798095703,24.81311798095703,24.77396423652349,24.81311798095703,3700,0.0,0.0
2024-12-09 00:00:00-05:00,24.842482622196815,24.86205949535913,24.793542306244408,24.818992614746094,5600,0.0,0.0
2024-12-10 00:00:00-05:00,24.831714548307904,24.832694698779953,24.76417564644726,24.793540954589844,5200,0.0,0.0
2024-12-11 00:00:00-05:00,24.764175723461566,24.852269781209994,24.7269804131466,24.803329467773438,4400,0.0,0.0
2024-12-12 00:00:00-05:00,24.803329467773438,24.803329467773438,24.803329467773438,24.803329467773438,200,0.0,0.0
2024-12-13 00:00:00-05:00,24.862057985148542,24.862057985148542,24.773963928222656,24.773963928222656,2800,0.0,0.0
2024-12-16 00:00:00-05:00,24.77396486746525,24.822907049253637,24.764176431107572,24.797456741333008,7700,0.0,0.0
2024-12-17 00:00:00-05:00,24.848354938956653,24.86205837616272,24.783752753991866,24.85129165649414,2300,0.0,0.0
2024-12-18 00:00:00-05:00,24.773963912667245,24.783752348647674,24.50968360900879,24.50968360900879,15700,0.0,0.0
2024-12-19 00:00:00-05:00,24.519470129033134,24.808222455542214,24.519470129033134,24.632036209106445,7300,0.0,0.0
2024-12-20 00:00:00-05:00,24.68293309515353,24.83954620361328,24.676081376674535,24.83954620361328,2000,0.0,0.0
2024-12-23 00:00:00-05:00,24.803329390637373,24.822906262732428,24.793540954589844,24.793540954589844,2000,0.0,0.0
2024-12-24 00:00:00-05:00,24.813117463906313,24.86205777647514,24.715234971815402,24.84835433959961,3400,0.0,0.0
2024-12-26 00:00:00-05:00,24.769071578979492,24.769071578979492,24.769071578979492,24.769071578979492,600,0.0,0.0
2024-12-27 00:00:00-05:00,24.715234833803564,24.764175146099106,24.715234833803564,24.72502326965332,3800,0.0,0.0
2024-12-30 00:00:00-05:00,24.705448150634766,24.71719502126913,24.705448150634766,24.705448150634766,2600,0.0,0.0
2024-12-31 00:00:00-05:00,24.70544804439666,24.764176796455814,24.70544804439666,24.742643356323242,7400,0.0,0.0
2025-01-02 00:00:00-05:00,24.705446666255966,24.764175415039062,24.705446666255966,24.764175415039062,12900,0.0,0.0
2025-01-03 00:00:00-05:00,24.764176144037606,24.862058639526367,24.695658957281466,24.862058639526367,17500,0.0,0.0
2025-01-06 00:00:00-05:00,24.8522710054289,25.028459129604762,24.8522710054289,24.969730377197266,1800,0.0,0.0
2025-01-07 00:00:00-05:00,24.76417686731849,25.00888217971078,24.76417686731849,24.959941864013672,12800,0.0,0.0
2025-01-08 00:00:00-05:00,24.881634962066634,24.9158935546875,24.871846526038773,24.9158935546875,1100,0.0,0.0
2025-01-10 00:00:00-05:00,24.92078796470663,24.95994171058634,24.92078796470663,24.940364837646484,3100,0.0,0.0
2025-01-13 00:00:00-05:00,24.911000006600503,24.911000006600503,24.885549699806674,24.905126571655273,1800,0.0,0.0
2025-01-14 00:00:00-05:00,24.881635896258228,24.911001205444336,24.871847459862856,24.911001205444336,4000,0.0,0.0
2025-01-15 00:00:00-05:00,25.079999923706055,25.190000534057617,25.079999923706055,25.100000381469727,4700,0.539,0.0
2025-01-16 00:00:00-05:00,25.25,25.25,25.128000259399414,25.229999542236328,2900,0.0,0.0
2025-01-17 00:00:00-05:00,25.264999389648438,25.2810001373291,25.200000762939453,25.200000762939453,7400,0.0,0.0
2025-01-21 00:00:00-05:00,25.200000762939453,25.27400016784668,25.200000762939453,25.270000457763672,6600,0.0,0.0
2025-01-22 00:00:00-05:00,25.25,25.299999237060547,25.139999389648438,25.17300033569336,6400,0.0,0.0
2025-01-23 00:00:00-05:00,25.18000030517578,25.18000030517578,25.170000076293945,25.170000076293945,154,0.0,0.0
