Date,Open,High,Low,Close,Volume,Dividends,Stock Splits
2022-01-03 00:00:00-05:00,54.0,54.93000030517578,53.90999984741211,54.59000015258789,76700,0.0,0.0
2022-01-04 00:00:00-05:00,54.720001220703125,55.25,54.400001525878906,54.709999084472656,125600,0.0,0.0
2022-01-05 00:00:00-05:00,54.540000915527344,55.31999969482422,53.4900016784668,53.4900016784668,70900,0.0,0.0
2022-01-06 00:00:00-05:00,53.45000076293945,53.84000015258789,52.900001525878906,53.63999938964844,78900,0.0,0.0
2022-01-07 00:00:00-05:00,53.45000076293945,53.939998626708984,51.68000030517578,51.849998474121094,66800,0.0,0.0
2022-01-10 00:00:00-05:00,51.33000183105469,51.93000030517578,50.689998626708984,51.93000030517578,72600,0.0,0.0
2022-01-11 00:00:00-05:00,51.970001220703125,51.970001220703125,50.65999984741211,51.2599983215332,95500,0.0,0.0
2022-01-12 00:00:00-05:00,51.7599983215332,52.040000915527344,50.34000015258789,51.11000061035156,113900,0.0,0.0
2022-01-13 00:00:00-05:00,51.47999954223633,52.22999954223633,50.650001525878906,50.83000183105469,88200,0.0,0.0
2022-01-14 00:00:00-05:00,50.06999969482422,50.81999969482422,49.970001220703125,50.689998626708984,79800,0.0,0.0
2022-01-18 00:00:00-05:00,50.16999816894531,50.2599983215332,48.560001373291016,48.88999938964844,104700,0.0,0.0
2022-01-19 00:00:00-05:00,49.279998779296875,49.279998779296875,47.15999984741211,47.2599983215332,106200,0.0,0.0
2022-01-20 00:00:00-05:00,47.72999954223633,48.529998779296875,46.45000076293945,46.52000045776367,88300,0.0,0.0
2022-01-21 00:00:00-05:00,46.029998779296875,47.5099983215332,45.720001220703125,45.84000015258789,109100,0.0,0.0
2022-01-24 00:00:00-05:00,45.869998931884766,47.349998474121094,44.810001373291016,47.099998474121094,107000,0.0,0.0
2022-01-25 00:00:00-05:00,46.560001373291016,46.91999816894531,44.720001220703125,45.380001068115234,91000,0.0,0.0
2022-01-26 00:00:00-05:00,46.58000183105469,46.810001373291016,43.720001220703125,44.59000015258789,104200,0.0,0.0
2022-01-27 00:00:00-05:00,44.68000030517578,45.47999954223633,43.06999969482422,43.40999984741211,108600,0.0,0.0
2022-01-28 00:00:00-05:00,43.58000183105469,44.68000030517578,42.70000076293945,44.66999816894531,90300,0.0,0.0
2022-01-31 00:00:00-05:00,44.7599983215332,46.18000030517578,44.36000061035156,45.970001220703125,127400,0.0,0.0
2022-02-01 00:00:00-05:00,46.11000061035156,46.84000015258789,45.099998474121094,46.38999938964844,95800,0.0,0.0
2022-02-02 00:00:00-05:00,46.310001373291016,46.880001068115234,45.470001220703125,46.20000076293945,128900,0.0,0.0
2022-02-03 00:00:00-05:00,46.02000045776367,46.880001068115234,45.220001220703125,45.630001068115234,90500,0.0,0.0
2022-02-04 00:00:00-05:00,48.0,48.5,45.04999923706055,46.2400016784668,124700,0.0,0.0
2022-02-07 00:00:00-05:00,46.290000915527344,46.790000915527344,45.25,45.56999969482422,92000,0.0,0.0
2022-02-08 00:00:00-05:00,45.86000061035156,46.849998474121094,45.16999816894531,46.63999938964844,92000,0.0,0.0
2022-02-09 00:00:00-05:00,47.119998931884766,48.81999969482422,46.279998779296875,46.66999816894531,92400,0.0,0.0
2022-02-10 00:00:00-05:00,46.06999969482422,46.470001220703125,44.939998626708984,45.209999084472656,120700,0.0,0.0
2022-02-11 00:00:00-05:00,45.209999084472656,45.779998779296875,44.75,45.529998779296875,122600,0.0,0.0
2022-02-14 00:00:00-05:00,45.599998474121094,46.54999923706055,44.900001525878906,45.540000915527344,102300,0.0,0.0
2022-02-15 00:00:00-05:00,46.150001525878906,47.0,45.540000915527344,46.720001220703125,84500,0.0,0.0
2022-02-16 00:00:00-05:00,46.59000015258789,46.900001525878906,45.88999938964844,46.63999938964844,69600,0.0,0.0
2022-02-17 00:00:00-05:00,46.380001068115234,46.59000015258789,45.7599983215332,46.06999969482422,68400,0.0,0.0
2022-02-18 00:00:00-05:00,45.779998779296875,46.81999969482422,45.4900016784668,46.4900016784668,313500,0.0,0.0
2022-02-22 00:00:00-05:00,46.20000076293945,46.5,44.470001220703125,45.0099983215332,87700,0.0,0.0
2022-02-23 00:00:00-05:00,45.290000915527344,45.59000015258789,44.27000045776367,44.529998779296875,91900,0.0,0.0
2022-02-24 00:00:00-05:00,43.18000030517578,46.619998931884766,43.18000030517578,46.47999954223633,145900,0.0,0.0
2022-02-25 00:00:00-05:00,46.81999969482422,47.40999984741211,46.11000061035156,47.06999969482422,65200,0.0,0.0
2022-02-28 00:00:00-05:00,46.56999969482422,47.43000030517578,46.29999923706055,46.900001525878906,110500,0.0,0.0
2022-03-01 00:00:00-05:00,46.959999084472656,47.689998626708984,46.29999923706055,47.470001220703125,194400,0.0,0.0
2022-03-02 00:00:00-05:00,47.65999984741211,50.06999969482422,47.52000045776367,50.02000045776367,97400,0.0,0.0
2022-03-03 00:00:00-05:00,50.25,50.4900016784668,49.56999969482422,50.34000015258789,101200,0.0,0.0
2022-03-04 00:00:00-05:00,49.709999084472656,51.63999938964844,48.720001220703125,51.310001373291016,147100,0.0,0.0
2022-03-07 00:00:00-05:00,51.5099983215332,52.06999969482422,50.439998626708984,50.880001068115234,124800,0.0,0.0
2022-03-08 00:00:00-05:00,50.68000030517578,51.790000915527344,50.130001068115234,50.810001373291016,122500,0.0,0.0
2022-03-09 00:00:00-05:00,51.56999969482422,52.349998474121094,51.150001525878906,52.09000015258789,95200,0.0,0.0
2022-03-10 00:00:00-05:00,51.189998626708984,52.59000015258789,51.16999816894531,52.54999923706055,88300,0.0,0.0
2022-03-11 00:00:00-05:00,52.869998931884766,53.7400016784668,52.61000061035156,52.61000061035156,78800,0.0,0.0
2022-03-14 00:00:00-04:00,52.81999969482422,52.88999938964844,51.4900016784668,51.83000183105469,82500,0.0,0.0
2022-03-15 00:00:00-04:00,52.13999938964844,53.08000183105469,51.86000061035156,52.90999984741211,179800,0.0,0.0
2022-03-16 00:00:00-04:00,53.40999984741211,54.779998779296875,53.040000915527344,53.95000076293945,102500,0.0,0.0
2022-03-17 00:00:00-04:00,53.650001525878906,54.88999938964844,53.650001525878906,53.93000030517578,63900,0.0,0.0
2022-03-18 00:00:00-04:00,53.880001068115234,53.880001068115234,51.86000061035156,52.2599983215332,187500,0.0,0.0
2022-03-21 00:00:00-04:00,52.279998779296875,54.529998779296875,51.70000076293945,54.529998779296875,95300,0.0,0.0
2022-03-22 00:00:00-04:00,54.5,55.5099983215332,54.5,55.0,84700,0.0,0.0
2022-03-23 00:00:00-04:00,54.540000915527344,54.65999984741211,53.72999954223633,54.150001525878906,69200,0.0,0.0
2022-03-24 00:00:00-04:00,55.25,55.540000915527344,54.66999816894531,55.16999816894531,98300,0.0,0.0
2022-03-25 00:00:00-04:00,55.59000015258789,56.119998931884766,55.189998626708984,56.029998779296875,67600,0.0,0.0
2022-03-28 00:00:00-04:00,55.619998931884766,56.11000061035156,54.68000030517578,56.11000061035156,104000,0.0,0.0
2022-03-29 00:00:00-04:00,56.7400016784668,57.81999969482422,56.5,57.63999938964844,163200,0.0,0.0
2022-03-30 00:00:00-04:00,57.72999954223633,57.72999954223633,55.560001373291016,56.029998779296875,144500,0.0,0.0
2022-03-31 00:00:00-04:00,55.779998779296875,56.540000915527344,55.72999954223633,56.060001373291016,82900,0.0,0.0
2022-04-01 00:00:00-04:00,56.36000061035156,56.880001068115234,54.72999954223633,55.65999984741211,119500,0.0,0.0
2022-04-04 00:00:00-04:00,55.939998626708984,56.099998474121094,54.900001525878906,56.029998779296875,177300,0.0,0.0
2022-04-05 00:00:00-04:00,56.0099983215332,56.0099983215332,54.400001525878906,54.72999954223633,184300,0.0,0.0
2022-04-06 00:00:00-04:00,54.720001220703125,55.38999938964844,53.689998626708984,55.099998474121094,161400,0.0,0.0
2022-04-07 00:00:00-04:00,55.16999816894531,55.959999084472656,54.529998779296875,55.13999938964844,130500,0.0,0.0
2022-04-08 00:00:00-04:00,55.11000061035156,55.81999969482422,54.45000076293945,55.02000045776367,156000,0.0,0.0
2022-04-11 00:00:00-04:00,54.369998931884766,55.849998474121094,54.369998931884766,54.869998931884766,135100,0.0,0.0
2022-04-12 00:00:00-04:00,55.470001220703125,56.630001068115234,55.470001220703125,55.84000015258789,170300,0.0,0.0
2022-04-13 00:00:00-04:00,55.84000015258789,56.709999084472656,55.5,55.849998474121094,79900,0.0,0.0
2022-04-14 00:00:00-04:00,55.9900016784668,56.45000076293945,55.27000045776367,55.41999816894531,60600,0.0,0.0
2022-04-18 00:00:00-04:00,55.029998779296875,56.369998931884766,54.90999984741211,55.599998474121094,125200,0.0,0.0
2022-04-19 00:00:00-04:00,55.900001525878906,56.66999816894531,55.529998779296875,55.79999923706055,150600,0.0,0.0
2022-04-20 00:00:00-04:00,56.310001373291016,58.13999938964844,56.310001373291016,57.939998626708984,154300,0.0,0.0
2022-04-21 00:00:00-04:00,58.02000045776367,59.83000183105469,58.02000045776367,58.5099983215332,228500,0.0,0.0
2022-04-22 00:00:00-04:00,58.220001220703125,58.310001373291016,56.45000076293945,56.83000183105469,130400,0.0,0.0
2022-04-25 00:00:00-04:00,56.220001220703125,57.81999969482422,55.77000045776367,57.630001068115234,202800,0.0,0.0
2022-04-26 00:00:00-04:00,57.189998626708984,59.0,56.369998931884766,56.75,163300,0.0,0.0
2022-04-27 00:00:00-04:00,56.63999938964844,57.130001068115234,55.86000061035156,56.61000061035156,161700,0.0,0.0
2022-04-28 00:00:00-04:00,56.83000183105469,57.9900016784668,56.189998626708984,57.36000061035156,71700,0.0,0.0
2022-04-29 00:00:00-04:00,57.13999938964844,57.54999923706055,56.040000915527344,56.47999954223633,108300,0.0,0.0
2022-05-02 00:00:00-04:00,56.689998626708984,56.709999084472656,54.47999954223633,55.880001068115234,119500,0.0,0.0
2022-05-03 00:00:00-04:00,55.650001525878906,56.689998626708984,54.0099983215332,54.97999954223633,140100,0.0,0.0
2022-05-04 00:00:00-04:00,55.349998474121094,57.61000061035156,52.650001525878906,57.40999984741211,104900,0.0,0.0
2022-05-05 00:00:00-04:00,56.77000045776367,57.33000183105469,55.849998474121094,57.060001373291016,153300,0.0,0.0
2022-05-06 00:00:00-04:00,56.81999969482422,58.27000045776367,56.54999923706055,57.380001068115234,83500,0.0,0.0
2022-05-09 00:00:00-04:00,56.70000076293945,57.58000183105469,56.25,56.459999084472656,155200,0.0,0.0
2022-05-10 00:00:00-04:00,56.77000045776367,57.119998931884766,55.56999969482422,56.40999984741211,83800,0.0,0.0
2022-05-11 00:00:00-04:00,57.25,57.33000183105469,54.9900016784668,55.04999923706055,83700,0.0,0.0
2022-05-12 00:00:00-04:00,54.66999816894531,55.439998626708984,50.29999923706055,54.849998474121094,98700,0.0,0.0
2022-05-13 00:00:00-04:00,54.970001220703125,56.04999923706055,54.790000915527344,55.599998474121094,98800,0.0,0.0
2022-05-16 00:00:00-04:00,55.34000015258789,56.369998931884766,54.95000076293945,56.11000061035156,72300,0.0,0.0
2022-05-17 00:00:00-04:00,56.88999938964844,58.5099983215332,56.79999923706055,58.41999816894531,95900,0.0,0.0
2022-05-18 00:00:00-04:00,58.369998931884766,58.84000015258789,56.810001373291016,56.97999954223633,162600,0.0,0.0
2022-05-19 00:00:00-04:00,56.529998779296875,56.560001373291016,54.06999969482422,54.7400016784668,111100,0.0,0.0
2022-05-20 00:00:00-04:00,55.099998474121094,55.099998474121094,52.970001220703125,55.0,112800,0.0,0.0
2022-05-23 00:00:00-04:00,55.25,56.25,54.86000061035156,56.16999816894531,134000,0.0,0.0
2022-05-24 00:00:00-04:00,55.959999084472656,56.0099983215332,54.349998474121094,55.58000183105469,84900,0.0,0.0
2022-05-25 00:00:00-04:00,55.02000045776367,56.310001373291016,54.709999084472656,55.880001068115234,81600,0.0,0.0
2022-05-26 00:00:00-04:00,57.95000076293945,62.81999969482422,56.290000915527344,57.130001068115234,301900,0.0,0.0
2022-05-27 00:00:00-04:00,57.72999954223633,58.959999084472656,56.45000076293945,56.91999816894531,144900,0.0,0.0
2022-05-31 00:00:00-04:00,56.869998931884766,57.36000061035156,55.68000030517578,56.7400016784668,186000,0.0,0.0
2022-06-01 00:00:00-04:00,57.90999984741211,58.189998626708984,56.099998474121094,57.33000183105469,258500,0.0,0.0
2022-06-02 00:00:00-04:00,57.380001068115234,58.31999969482422,57.11000061035156,57.970001220703125,141900,0.0,0.0
2022-06-03 00:00:00-04:00,57.61000061035156,58.9900016784668,57.02000045776367,58.61000061035156,92400,0.0,0.0
2022-06-06 00:00:00-04:00,59.02000045776367,59.380001068115234,58.08000183105469,59.349998474121094,100400,0.0,0.0
2022-06-07 00:00:00-04:00,58.68000030517578,59.810001373291016,58.08000183105469,59.36000061035156,87500,0.0,0.0
2022-06-08 00:00:00-04:00,58.81999969482422,58.83000183105469,58.0,58.529998779296875,92400,0.0,0.0
2022-06-09 00:00:00-04:00,58.400001525878906,58.72999954223633,57.08000183105469,57.310001373291016,67200,0.0,0.0
2022-06-10 00:00:00-04:00,56.459999084472656,57.34000015258789,56.09000015258789,57.220001220703125,141500,0.0,0.0
2022-06-13 00:00:00-04:00,56.349998474121094,56.869998931884766,55.16999816894531,56.060001373291016,118200,0.0,0.0
2022-06-14 00:00:00-04:00,55.959999084472656,56.97999954223633,55.20000076293945,55.5099983215332,88300,0.0,0.0
2022-06-15 00:00:00-04:00,56.0,57.22999954223633,55.66999816894531,56.75,118300,0.0,0.0
2022-06-16 00:00:00-04:00,56.209999084472656,56.58000183105469,53.150001525878906,53.5099983215332,116600,0.0,0.0
2022-06-17 00:00:00-04:00,53.93000030517578,54.380001068115234,52.25,52.61000061035156,235600,0.0,0.0
2022-06-21 00:00:00-04:00,53.290000915527344,53.720001220703125,52.18000030517578,52.90999984741211,79100,0.0,0.0
2022-06-22 00:00:00-04:00,52.439998626708984,52.86000061035156,51.130001068115234,51.220001220703125,116700,0.0,0.0
2022-06-23 00:00:00-04:00,51.66999816894531,51.68000030517578,50.52000045776367,51.2400016784668,107900,0.0,0.0
2022-06-24 00:00:00-04:00,51.77000045776367,55.5,51.59000015258789,54.95000076293945,666500,0.0,0.0
2022-06-27 00:00:00-04:00,55.7599983215332,56.650001525878906,54.91999816894531,55.099998474121094,119200,0.0,0.0
2022-06-28 00:00:00-04:00,55.459999084472656,55.779998779296875,53.119998931884766,53.220001220703125,79600,0.0,0.0
2022-06-29 00:00:00-04:00,53.619998931884766,53.619998931884766,52.15999984741211,52.84000015258789,86900,0.0,0.0
2022-06-30 00:00:00-04:00,52.459999084472656,53.54999923706055,52.040000915527344,53.119998931884766,210700,0.0,0.0
2022-07-01 00:00:00-04:00,52.939998626708984,53.5,51.959999084472656,52.81999969482422,100800,0.0,0.0
2022-07-05 00:00:00-04:00,51.91999816894531,52.90999984741211,50.970001220703125,52.66999816894531,136200,0.0,0.0
2022-07-06 00:00:00-04:00,52.529998779296875,53.380001068115234,50.75,50.849998474121094,99300,0.0,0.0
2022-07-07 00:00:00-04:00,51.38999938964844,52.959999084472656,51.22999954223633,51.43000030517578,91800,0.0,0.0
2022-07-08 00:00:00-04:00,51.56999969482422,52.11000061035156,50.83000183105469,52.029998779296875,71900,0.0,0.0
2022-07-11 00:00:00-04:00,51.349998474121094,52.310001373291016,51.349998474121094,51.810001373291016,37600,0.0,0.0
2022-07-12 00:00:00-04:00,51.939998626708984,52.52000045776367,50.95000076293945,51.060001373291016,68100,0.0,0.0
2022-07-13 00:00:00-04:00,50.810001373291016,51.20000076293945,50.06999969482422,50.939998626708984,69200,0.0,0.0
2022-07-14 00:00:00-04:00,50.220001220703125,50.70000076293945,49.29999923706055,50.130001068115234,68900,0.0,0.0
2022-07-15 00:00:00-04:00,50.84000015258789,51.41999816894531,50.04999923706055,51.06999969482422,74800,0.0,0.0
2022-07-18 00:00:00-04:00,51.779998779296875,52.540000915527344,50.470001220703125,50.650001525878906,85800,0.0,0.0
2022-07-19 00:00:00-04:00,51.060001373291016,53.2599983215332,51.060001373291016,52.849998474121094,104000,0.0,0.0
2022-07-20 00:00:00-04:00,52.97999954223633,54.220001220703125,52.689998626708984,53.77000045776367,112400,0.0,0.0
2022-07-21 00:00:00-04:00,53.540000915527344,53.68000030517578,52.810001373291016,53.61000061035156,81600,0.0,0.0
2022-07-22 00:00:00-04:00,53.5,53.88999938964844,52.060001373291016,52.470001220703125,58700,0.0,0.0
2022-07-25 00:00:00-04:00,52.900001525878906,53.06999969482422,52.09000015258789,52.93000030517578,66700,0.0,0.0
2022-07-26 00:00:00-04:00,53.02000045776367,53.720001220703125,52.56999969482422,52.970001220703125,84100,0.0,0.0
2022-07-27 00:00:00-04:00,53.27000045776367,54.43000030517578,52.61000061035156,53.900001525878906,61700,0.0,0.0
2022-07-28 00:00:00-04:00,54.13999938964844,54.560001373291016,54.0,54.22999954223633,50400,0.0,0.0
2022-07-29 00:00:00-04:00,54.5,55.959999084472656,54.33000183105469,55.56999969482422,79300,0.0,0.0
2022-08-01 00:00:00-04:00,55.16999816894531,56.130001068115234,55.040000915527344,55.95000076293945,73600,0.0,0.0
2022-08-02 00:00:00-04:00,55.61000061035156,56.220001220703125,55.310001373291016,55.599998474121094,47200,0.0,0.0
2022-08-03 00:00:00-04:00,55.810001373291016,56.279998779296875,55.52000045776367,56.08000183105469,43200,0.0,0.0
2022-08-04 00:00:00-04:00,52.90999984741211,52.90999984741211,45.279998779296875,48.08000183105469,434100,0.0,0.0
2022-08-05 00:00:00-04:00,47.7400016784668,48.380001068115234,46.880001068115234,48.189998626708984,211600,0.0,0.0
2022-08-08 00:00:00-04:00,48.189998626708984,49.310001373291016,47.4900016784668,48.25,147500,0.0,0.0
2022-08-09 00:00:00-04:00,48.25,48.27000045776367,46.400001525878906,46.65999984741211,188800,0.0,0.0
2022-08-10 00:00:00-04:00,47.66999816894531,48.720001220703125,46.72999954223633,48.099998474121094,108900,0.0,0.0
2022-08-11 00:00:00-04:00,48.43000030517578,49.18000030517578,48.40999984741211,48.599998474121094,63300,0.0,0.0
2022-08-12 00:00:00-04:00,48.79999923706055,50.18000030517578,48.7400016784668,50.04999923706055,84300,0.0,0.0
2022-08-15 00:00:00-04:00,49.599998474121094,52.18000030517578,49.599998474121094,51.95000076293945,128500,0.0,0.0
2022-08-16 00:00:00-04:00,51.939998626708984,52.959999084472656,51.560001373291016,52.84000015258789,127800,0.0,0.0
2022-08-17 00:00:00-04:00,52.7400016784668,53.43000030517578,52.61000061035156,53.02000045776367,118500,0.0,0.0
2022-08-18 00:00:00-04:00,53.099998474121094,54.040000915527344,53.099998474121094,53.849998474121094,136700,0.0,0.0
2022-08-19 00:00:00-04:00,53.45000076293945,54.06999969482422,52.83000183105469,53.380001068115234,105500,0.0,0.0
2022-08-22 00:00:00-04:00,53.099998474121094,53.099998474121094,52.31999969482422,52.5099983215332,145100,0.0,0.0
2022-08-23 00:00:00-04:00,52.40999984741211,52.68000030517578,51.04999923706055,51.04999923706055,118300,0.0,0.0
2022-08-24 00:00:00-04:00,50.880001068115234,51.22999954223633,48.95000076293945,49.31999969482422,92200,0.0,0.0
2022-08-25 00:00:00-04:00,49.720001220703125,51.189998626708984,49.34000015258789,51.11000061035156,88700,0.0,0.0
2022-08-26 00:00:00-04:00,51.290000915527344,51.290000915527344,48.97999954223633,49.13999938964844,94900,0.0,0.0
2022-08-29 00:00:00-04:00,48.97999954223633,50.119998931884766,48.08000183105469,48.689998626708984,66400,0.0,0.0
2022-08-30 00:00:00-04:00,48.689998626708984,48.97999954223633,47.630001068115234,47.689998626708984,76000,0.0,0.0
2022-08-31 00:00:00-04:00,47.5,48.029998779296875,46.54999923706055,47.119998931884766,194900,0.0,0.0
2022-09-01 00:00:00-04:00,46.77000045776367,47.119998931884766,45.7599983215332,46.29999923706055,78700,0.0,0.0
2022-09-02 00:00:00-04:00,46.83000183105469,47.09000015258789,45.619998931884766,45.970001220703125,57900,0.0,0.0
2022-09-06 00:00:00-04:00,45.91999816894531,45.91999816894531,44.5099983215332,45.279998779296875,104100,0.0,0.0
2022-09-07 00:00:00-04:00,45.540000915527344,46.06999969482422,44.7400016784668,45.7599983215332,93700,0.0,0.0
2022-09-08 00:00:00-04:00,45.720001220703125,46.119998931884766,45.459999084472656,45.849998474121094,123300,0.0,0.0
2022-09-09 00:00:00-04:00,46.06999969482422,47.16999816894531,45.97999954223633,46.869998931884766,106900,0.0,0.0
2022-09-12 00:00:00-04:00,47.16999816894531,47.52000045776367,46.41999816894531,46.599998474121094,79600,0.0,0.0
2022-09-13 00:00:00-04:00,45.41999816894531,45.59000015258789,43.470001220703125,43.56999969482422,118400,0.0,0.0
2022-09-14 00:00:00-04:00,43.470001220703125,44.25,43.08000183105469,44.08000183105469,90300,0.0,0.0
2022-09-15 00:00:00-04:00,43.65999984741211,44.27000045776367,43.560001373291016,43.93000030517578,69300,0.0,0.0
2022-09-16 00:00:00-04:00,43.54999923706055,43.77000045776367,42.33000183105469,43.529998779296875,214500,0.0,0.0
2022-09-19 00:00:00-04:00,43.08000183105469,43.95000076293945,43.08000183105469,43.689998626708984,64600,0.0,0.0
2022-09-20 00:00:00-04:00,43.34000015258789,43.34000015258789,42.459999084472656,42.810001373291016,59800,0.0,0.0
2022-09-21 00:00:00-04:00,43.029998779296875,43.70000076293945,42.72999954223633,42.75,62300,0.0,0.0
2022-09-22 00:00:00-04:00,42.5,42.79999923706055,42.099998474121094,42.31999969482422,75800,0.0,0.0
2022-09-23 00:00:00-04:00,41.779998779296875,41.779998779296875,40.90999984741211,41.16999816894531,73900,0.0,0.0
2022-09-26 00:00:00-04:00,40.86000061035156,41.369998931884766,40.369998931884766,40.650001525878906,105800,0.0,0.0
2022-09-27 00:00:00-04:00,40.9900016784668,41.720001220703125,40.689998626708984,41.04999923706055,112600,0.0,0.0
2022-09-28 00:00:00-04:00,41.25,42.310001373291016,41.130001068115234,41.97999954223633,87800,0.0,0.0
2022-09-29 00:00:00-04:00,41.529998779296875,41.61000061035156,40.619998931884766,41.47999954223633,91800,0.0,0.0
2022-09-30 00:00:00-04:00,41.47999954223633,42.599998474121094,41.380001068115234,41.540000915527344,258800,0.0,0.0
2022-10-03 00:00:00-04:00,42.18000030517578,42.70000076293945,41.560001373291016,42.52000045776367,160300,0.0,0.0
2022-10-04 00:00:00-04:00,43.209999084472656,44.54999923706055,43.209999084472656,43.88999938964844,110100,0.0,0.0
2022-10-05 00:00:00-04:00,43.54999923706055,43.9900016784668,42.88999938964844,43.650001525878906,101200,0.0,0.0
2022-10-06 00:00:00-04:00,43.22999954223633,44.22999954223633,43.22999954223633,43.959999084472656,114300,0.0,0.0
2022-10-07 00:00:00-04:00,43.439998626708984,43.45000076293945,42.52000045776367,42.779998779296875,178500,0.0,0.0
2022-10-10 00:00:00-04:00,42.86000061035156,43.18000030517578,41.79999923706055,42.060001373291016,84800,0.0,0.0
2022-10-11 00:00:00-04:00,41.86000061035156,42.29999923706055,41.220001220703125,41.58000183105469,111500,0.0,0.0
2022-10-12 00:00:00-04:00,41.79999923706055,42.59000015258789,41.38999938964844,41.88999938964844,72700,0.0,0.0
2022-10-13 00:00:00-04:00,41.189998626708984,43.47999954223633,40.880001068115234,43.31999969482422,100000,0.0,0.0
2022-10-14 00:00:00-04:00,43.290000915527344,43.40999984741211,42.33000183105469,42.47999954223633,65200,0.0,0.0
2022-10-17 00:00:00-04:00,43.130001068115234,44.560001373291016,43.130001068115234,44.209999084472656,108200,0.0,0.0
2022-10-18 00:00:00-04:00,44.9900016784668,45.36000061035156,44.25,44.540000915527344,74600,0.0,0.0
2022-10-19 00:00:00-04:00,44.27000045776367,44.470001220703125,43.20000076293945,43.77000045776367,116000,0.0,0.0
2022-10-20 00:00:00-04:00,43.66999816894531,44.58000183105469,43.310001373291016,43.77000045776367,76200,0.0,0.0
2022-10-21 00:00:00-04:00,44.13999938964844,45.63999938964844,43.310001373291016,45.150001525878906,66900,0.0,0.0
2022-10-24 00:00:00-04:00,45.439998626708984,45.939998626708984,44.849998474121094,45.79999923706055,69500,0.0,0.0
2022-10-25 00:00:00-04:00,45.84000015258789,47.709999084472656,45.84000015258789,47.119998931884766,91900,0.0,0.0
2022-10-26 00:00:00-04:00,47.34000015258789,47.86000061035156,46.88999938964844,46.91999816894531,49600,0.0,0.0
2022-10-27 00:00:00-04:00,47.439998626708984,48.09000015258789,46.810001373291016,47.290000915527344,65900,0.0,0.0
2022-10-28 00:00:00-04:00,47.720001220703125,49.22999954223633,47.27000045776367,48.61000061035156,66700,0.0,0.0
2022-10-31 00:00:00-04:00,48.45000076293945,49.189998626708984,48.310001373291016,48.720001220703125,97600,0.0,0.0
2022-11-01 00:00:00-04:00,49.22999954223633,49.22999954223633,48.41999816894531,49.16999816894531,73300,0.0,0.0
2022-11-02 00:00:00-04:00,48.68000030517578,49.400001525878906,47.130001068115234,47.27000045776367,86500,0.0,0.0
2022-11-03 00:00:00-04:00,46.70000076293945,46.709999084472656,46.0099983215332,46.310001373291016,70100,0.0,0.0
2022-11-04 00:00:00-04:00,49.88999938964844,49.88999938964844,46.47999954223633,48.880001068115234,92900,0.0,0.0
2022-11-07 00:00:00-05:00,48.68000030517578,50.84000015258789,47.61000061035156,49.75,79100,0.0,0.0
2022-11-08 00:00:00-05:00,50.11000061035156,50.84000015258789,48.5,49.47999954223633,91900,0.0,0.0
2022-11-09 00:00:00-05:00,48.97999954223633,49.22999954223633,46.93000030517578,47.310001373291016,86700,0.0,0.0
2022-11-10 00:00:00-05:00,49.029998779296875,50.849998474121094,48.77000045776367,50.77000045776367,105300,0.0,0.0
2022-11-11 00:00:00-05:00,50.709999084472656,52.5099983215332,50.709999084472656,51.77000045776367,80000,0.0,0.0
2022-11-14 00:00:00-05:00,51.279998779296875,52.130001068115234,50.97999954223633,51.65999984741211,77200,0.0,0.0
2022-11-15 00:00:00-05:00,52.209999084472656,53.540000915527344,52.04999923706055,53.029998779296875,99200,0.0,0.0
2022-11-16 00:00:00-05:00,52.56999969482422,54.25,52.34000015258789,52.810001373291016,85600,0.0,0.0
2022-11-17 00:00:00-05:00,52.0,52.400001525878906,51.150001525878906,51.779998779296875,66600,0.0,0.0
2022-11-18 00:00:00-05:00,52.70000076293945,52.77000045776367,51.72999954223633,52.45000076293945,66900,0.0,0.0
2022-11-21 00:00:00-05:00,52.45000076293945,52.70000076293945,52.0099983215332,52.349998474121094,51900,0.0,0.0
2022-11-22 00:00:00-05:00,52.709999084472656,52.9900016784668,52.18000030517578,52.5,62200,0.0,0.0
2022-11-23 00:00:00-05:00,52.33000183105469,52.72999954223633,51.5,52.38999938964844,51000,0.0,0.0
2022-11-25 00:00:00-05:00,52.2599983215332,52.90999984741211,51.810001373291016,51.83000183105469,36600,0.0,0.0
2022-11-28 00:00:00-05:00,51.290000915527344,51.810001373291016,50.130001068115234,50.29999923706055,52700,0.0,0.0
2022-11-29 00:00:00-05:00,50.290000915527344,50.290000915527344,48.939998626708984,49.040000915527344,54300,0.0,0.0
2022-11-30 00:00:00-05:00,49.33000183105469,49.65999984741211,48.45000076293945,49.65999984741211,237500,0.0,0.0
2022-12-01 00:00:00-05:00,49.959999084472656,50.2599983215332,49.20000076293945,49.58000183105469,64600,0.0,0.0
2022-12-02 00:00:00-05:00,48.83000183105469,49.15999984741211,48.369998931884766,48.65999984741211,68300,0.0,0.0
2022-12-05 00:00:00-05:00,48.13999938964844,48.13999938964844,46.880001068115234,47.33000183105469,78100,0.0,0.0
2022-12-06 00:00:00-05:00,47.43000030517578,47.43000030517578,45.209999084472656,45.310001373291016,88300,0.0,0.0
2022-12-07 00:00:00-05:00,45.31999969482422,46.11000061035156,44.7599983215332,44.91999816894531,72900,0.0,0.0
2022-12-08 00:00:00-05:00,45.130001068115234,45.63999938964844,44.709999084472656,45.0099983215332,60700,0.0,0.0
2022-12-09 00:00:00-05:00,44.630001068115234,45.93000030517578,44.5,45.209999084472656,66500,0.0,0.0
2022-12-12 00:00:00-05:00,45.59000015258789,46.38999938964844,43.68000030517578,45.619998931884766,64200,0.0,0.0
2022-12-13 00:00:00-05:00,47.0099983215332,47.619998931884766,46.279998779296875,46.7599983215332,139800,0.0,0.0
2022-12-14 00:00:00-05:00,46.79999923706055,47.369998931884766,45.95000076293945,46.58000183105469,102800,0.0,0.0
2022-12-15 00:00:00-05:00,46.209999084472656,46.380001068115234,43.959999084472656,44.029998779296875,74700,0.0,0.0
2022-12-16 00:00:00-05:00,43.349998474121094,43.81999969482422,42.86000061035156,43.209999084472656,537100,0.0,0.0
2022-12-19 00:00:00-05:00,43.11000061035156,44.0099983215332,42.75,43.27000045776367,98100,0.0,0.0
2022-12-20 00:00:00-05:00,43.02000045776367,44.45000076293945,42.529998779296875,43.349998474121094,76400,0.0,0.0
2022-12-21 00:00:00-05:00,43.619998931884766,44.5099983215332,43.47999954223633,44.310001373291016,54000,0.0,0.0
2022-12-22 00:00:00-05:00,44.040000915527344,44.400001525878906,42.470001220703125,43.2400016784668,78000,0.0,0.0
2022-12-23 00:00:00-05:00,43.41999816894531,45.220001220703125,42.58000183105469,43.619998931884766,50800,0.0,0.0
2022-12-27 00:00:00-05:00,43.61000061035156,44.15999984741211,43.59000015258789,43.72999954223633,39500,0.0,0.0
2022-12-28 00:00:00-05:00,43.70000076293945,44.599998474121094,42.54999923706055,42.599998474121094,43700,0.0,0.0
2022-12-29 00:00:00-05:00,43.099998474121094,44.41999816894531,42.72999954223633,44.119998931884766,62900,0.0,0.0
2022-12-30 00:00:00-05:00,43.66999816894531,44.650001525878906,43.130001068115234,44.279998779296875,86800,0.0,0.0
2023-01-03 00:00:00-05:00,44.720001220703125,45.349998474121094,43.380001068115234,44.81999969482422,76500,0.0,0.0
2023-01-04 00:00:00-05:00,45.130001068115234,45.4900016784668,43.310001373291016,43.7400016784668,91300,0.0,0.0
2023-01-05 00:00:00-05:00,43.68000030517578,44.2400016784668,42.630001068115234,44.02000045776367,49000,0.0,0.0
2023-01-06 00:00:00-05:00,44.59000015258789,45.93000030517578,44.59000015258789,45.470001220703125,59100,0.0,0.0
2023-01-09 00:00:00-05:00,45.939998626708984,45.95000076293945,45.040000915527344,45.099998474121094,38500,0.0,0.0
2023-01-10 00:00:00-05:00,45.27000045776367,46.0099983215332,44.81999969482422,45.709999084472656,54700,0.0,0.0
2023-01-11 00:00:00-05:00,45.959999084472656,46.9900016784668,45.959999084472656,46.689998626708984,43400,0.0,0.0
2023-01-12 00:00:00-05:00,46.9900016784668,47.599998474121094,46.099998474121094,47.4900016784668,74800,0.0,0.0
2023-01-13 00:00:00-05:00,46.83000183105469,48.040000915527344,46.33000183105469,47.88999938964844,60000,0.0,0.0
2023-01-17 00:00:00-05:00,48.189998626708984,49.20000076293945,48.18000030517578,48.81999969482422,56500,0.0,0.0
2023-01-18 00:00:00-05:00,49.279998779296875,51.119998931884766,48.439998626708984,48.459999084472656,70000,0.0,0.0
2023-01-19 00:00:00-05:00,48.16999816894531,49.459999084472656,48.16999816894531,49.34000015258789,76700,0.0,0.0
2023-01-20 00:00:00-05:00,49.83000183105469,50.11000061035156,48.66999816894531,49.720001220703125,85200,0.0,0.0
2023-01-23 00:00:00-05:00,49.91999816894531,50.630001068115234,49.29999923706055,50.060001373291016,62200,0.0,0.0
2023-01-24 00:00:00-05:00,49.779998779296875,50.369998931884766,49.59000015258789,49.84000015258789,54500,0.0,0.0
2023-01-25 00:00:00-05:00,49.470001220703125,49.529998779296875,48.5099983215332,49.45000076293945,73800,0.0,0.0
2023-01-26 00:00:00-05:00,49.75,49.75,48.61000061035156,49.529998779296875,58200,0.0,0.0
2023-01-27 00:00:00-05:00,49.36000061035156,49.66999816894531,48.91999816894531,49.439998626708984,85400,0.0,0.0
2023-01-30 00:00:00-05:00,49.02000045776367,49.5,48.15999984741211,48.2599983215332,64900,0.0,0.0
2023-01-31 00:00:00-05:00,48.560001373291016,49.95000076293945,48.349998474121094,49.779998779296875,107300,0.0,0.0
2023-02-01 00:00:00-05:00,49.849998474121094,52.04999923706055,49.849998474121094,51.40999984741211,95900,0.0,0.0
2023-02-02 00:00:00-05:00,51.7599983215332,53.5,50.79999923706055,53.470001220703125,71300,0.0,0.0
2023-02-03 00:00:00-05:00,52.63999938964844,54.2400016784668,52.63999938964844,53.72999954223633,86300,0.0,0.0
2023-02-06 00:00:00-05:00,53.58000183105469,53.810001373291016,52.04999923706055,52.66999816894531,57600,0.0,0.0
2023-02-07 00:00:00-05:00,52.68000030517578,52.7599983215332,51.4900016784668,52.2599983215332,61900,0.0,0.0
2023-02-08 00:00:00-05:00,59.58000183105469,59.58000183105469,55.7599983215332,57.040000915527344,158700,0.0,0.0
2023-02-09 00:00:00-05:00,57.68000030517578,58.58000183105469,56.529998779296875,57.18000030517578,138100,0.0,0.0
2023-02-10 00:00:00-05:00,57.0,57.130001068115234,55.119998931884766,55.56999969482422,135700,0.0,0.0
2023-02-13 00:00:00-05:00,56.040000915527344,56.97999954223633,56.040000915527344,56.83000183105469,68400,0.0,0.0
2023-02-14 00:00:00-05:00,56.83000183105469,57.34000015258789,56.04999923706055,56.599998474121094,101100,0.0,0.0
2023-02-15 00:00:00-05:00,56.470001220703125,57.40999984741211,55.630001068115234,56.97999954223633,81000,0.0,0.0
2023-02-16 00:00:00-05:00,56.29999923706055,56.75,55.959999084472656,55.970001220703125,98200,0.0,0.0
2023-02-17 00:00:00-05:00,56.150001525878906,56.88999938964844,55.63999938964844,56.5,114500,0.0,0.0
2023-02-21 00:00:00-05:00,55.869998931884766,55.869998931884766,54.16999816894531,54.27000045776367,98800,0.0,0.0
2023-02-22 00:00:00-05:00,54.36000061035156,55.029998779296875,54.02000045776367,54.31999969482422,82800,0.0,0.0
2023-02-23 00:00:00-05:00,54.779998779296875,55.0,53.849998474121094,54.720001220703125,69400,0.0,0.0
2023-02-24 00:00:00-05:00,53.7400016784668,54.709999084472656,53.63999938964844,54.119998931884766,97300,0.0,0.0
2023-02-27 00:00:00-05:00,54.56999969482422,54.880001068115234,53.869998931884766,54.720001220703125,56000,0.0,0.0
2023-02-28 00:00:00-05:00,54.45000076293945,54.9900016784668,53.90999984741211,54.16999816894531,217200,0.0,0.0
2023-03-01 00:00:00-05:00,53.9900016784668,54.540000915527344,53.95000076293945,54.38999938964844,70300,0.0,0.0
2023-03-02 00:00:00-05:00,53.880001068115234,54.689998626708984,53.61000061035156,54.689998626708984,51900,0.0,0.0
2023-03-03 00:00:00-05:00,54.7400016784668,55.56999969482422,53.959999084472656,54.810001373291016,61000,0.0,0.0
2023-03-06 00:00:00-05:00,54.880001068115234,55.5,52.5099983215332,52.959999084472656,104400,0.0,0.0
2023-03-07 00:00:00-05:00,53.13999938964844,53.2599983215332,51.77000045776367,51.88999938964844,77900,0.0,0.0
2023-03-08 00:00:00-05:00,51.84000015258789,52.08000183105469,51.4900016784668,52.02000045776367,62000,0.0,0.0
2023-03-09 00:00:00-05:00,52.040000915527344,52.040000915527344,50.970001220703125,51.0099983215332,96700,0.0,0.0
2023-03-10 00:00:00-05:00,50.939998626708984,50.939998626708984,49.150001525878906,49.290000915527344,77600,0.0,0.0
2023-03-13 00:00:00-04:00,48.369998931884766,49.5,48.08000183105469,48.150001525878906,85000,0.0,0.0
2023-03-14 00:00:00-04:00,49.439998626708984,49.86000061035156,48.209999084472656,48.79999923706055,82100,0.0,0.0
2023-03-15 00:00:00-04:00,47.65999984741211,47.790000915527344,46.849998474121094,47.68000030517578,116500,0.0,0.0
2023-03-16 00:00:00-04:00,46.97999954223633,49.11000061035156,46.97999954223633,48.810001373291016,90400,0.0,0.0
2023-03-17 00:00:00-04:00,48.470001220703125,49.119998931884766,47.83000183105469,48.150001525878906,406600,0.0,0.0
2023-03-20 00:00:00-04:00,48.56999969482422,49.68000030517578,48.15999984741211,49.31999969482422,82900,0.0,0.0
2023-03-21 00:00:00-04:00,50.040000915527344,50.61000061035156,49.040000915527344,49.970001220703125,118800,0.0,0.0
2023-03-22 00:00:00-04:00,49.939998626708984,50.349998474121094,48.529998779296875,48.599998474121094,61700,0.0,0.0
2023-03-23 00:00:00-04:00,48.93000030517578,49.689998626708984,47.9900016784668,48.43000030517578,105300,0.0,0.0
2023-03-24 00:00:00-04:00,47.9900016784668,48.65999984741211,47.41999816894531,48.380001068115234,66200,0.0,0.0
2023-03-27 00:00:00-04:00,49.0099983215332,49.369998931884766,48.52000045776367,48.79999923706055,57600,0.0,0.0
2023-03-28 00:00:00-04:00,48.560001373291016,48.63999938964844,47.93000030517578,48.099998474121094,84400,0.0,0.0
2023-03-29 00:00:00-04:00,47.84000015258789,48.790000915527344,47.689998626708984,47.880001068115234,96900,0.0,0.0
2023-03-30 00:00:00-04:00,48.18000030517578,48.40999984741211,47.52000045776367,47.900001525878906,61500,0.0,0.0
2023-03-31 00:00:00-04:00,48.11000061035156,49.310001373291016,47.7599983215332,49.040000915527344,118200,0.0,0.0
2023-04-03 00:00:00-04:00,49.119998931884766,50.099998474121094,48.61000061035156,49.97999954223633,139300,0.0,0.0
2023-04-04 00:00:00-04:00,50.04999923706055,50.22999954223633,48.189998626708984,48.720001220703125,94500,0.0,0.0
2023-04-05 00:00:00-04:00,49.0,49.720001220703125,48.56999969482422,49.56999969482422,114500,0.0,0.0
2023-04-06 00:00:00-04:00,49.720001220703125,50.869998931884766,49.58000183105469,50.38999938964844,81700,0.0,0.0
2023-04-10 00:00:00-04:00,50.290000915527344,51.36000061035156,50.20000076293945,50.9900016784668,108600,0.0,0.0
2023-04-11 00:00:00-04:00,51.16999816894531,51.56999969482422,50.61000061035156,50.84000015258789,97200,0.0,0.0
2023-04-12 00:00:00-04:00,51.27000045776367,51.47999954223633,50.189998626708984,50.29999923706055,49300,0.0,0.0
2023-04-13 00:00:00-04:00,50.38999938964844,50.630001068115234,48.34000015258789,50.529998779296875,52700,0.0,0.0
2023-04-14 00:00:00-04:00,50.25,51.25,49.9900016784668,50.66999816894531,74800,0.0,0.0
2023-04-17 00:00:00-04:00,50.599998474121094,50.970001220703125,50.119998931884766,50.529998779296875,55300,0.0,0.0
2023-04-18 00:00:00-04:00,50.630001068115234,51.189998626708984,49.849998474121094,50.40999984741211,54400,0.0,0.0
2023-04-19 00:00:00-04:00,49.970001220703125,49.970001220703125,47.849998474121094,48.02000045776367,117300,0.0,0.0
2023-04-20 00:00:00-04:00,47.560001373291016,48.349998474121094,47.560001373291016,48.0099983215332,76800,0.0,0.0
2023-04-21 00:00:00-04:00,47.869998931884766,48.29999923706055,46.869998931884766,47.25,71300,0.0,0.0
2023-04-24 00:00:00-04:00,47.27000045776367,47.540000915527344,46.75,46.790000915527344,78900,0.0,0.0
2023-04-25 00:00:00-04:00,46.40999984741211,46.560001373291016,45.16999816894531,45.25,95300,0.0,0.0
2023-04-26 00:00:00-04:00,45.16999816894531,45.439998626708984,44.41999816894531,44.5,113100,0.0,0.0
2023-04-27 00:00:00-04:00,44.75,44.77000045776367,43.369998931884766,43.58000183105469,108500,0.0,0.0
2023-04-28 00:00:00-04:00,43.45000076293945,43.900001525878906,43.2400016784668,43.540000915527344,160700,0.0,0.0
2023-05-01 00:00:00-04:00,44.02000045776367,45.869998931884766,44.02000045776367,44.849998474121094,169600,0.0,0.0
2023-05-02 00:00:00-04:00,44.52000045776367,44.630001068115234,42.79999923706055,42.9900016784668,102500,0.0,0.0
2023-05-03 00:00:00-04:00,43.380001068115234,43.849998474121094,42.689998626708984,42.790000915527344,286500,0.0,0.0
2023-05-04 00:00:00-04:00,42.38999938964844,44.099998474121094,41.709999084472656,43.900001525878906,348600,0.0,0.0
2023-05-05 00:00:00-04:00,44.52000045776367,44.86000061035156,43.369998931884766,43.720001220703125,79000,0.0,0.0
2023-05-08 00:00:00-04:00,43.689998626708984,44.16999816894531,42.119998931884766,42.310001373291016,79100,0.0,0.0
2023-05-09 00:00:00-04:00,42.099998474121094,42.439998626708984,41.849998474121094,42.0,72500,0.0,0.0
2023-05-10 00:00:00-04:00,42.52000045776367,43.08000183105469,42.119998931884766,42.83000183105469,85700,0.0,0.0
2023-05-11 00:00:00-04:00,42.41999816894531,42.84000015258789,42.09000015258789,42.779998779296875,144400,0.0,0.0
2023-05-12 00:00:00-04:00,43.06999969482422,43.72999954223633,42.810001373291016,43.61000061035156,79300,0.0,0.0
2023-05-15 00:00:00-04:00,43.900001525878906,44.0,43.22999954223633,43.45000076293945,70200,0.0,0.0
2023-05-16 00:00:00-04:00,43.11000061035156,43.5,42.4900016784668,43.15999984741211,184400,0.0,0.0
2023-05-17 00:00:00-04:00,43.529998779296875,44.45000076293945,43.15999984741211,44.27000045776367,121200,0.0,0.0
2023-05-18 00:00:00-04:00,44.02000045776367,44.79999923706055,43.790000915527344,44.22999954223633,202900,0.0,0.0
2023-05-19 00:00:00-04:00,45.150001525878906,45.290000915527344,44.279998779296875,45.0,99000,0.0,0.0
2023-05-22 00:00:00-04:00,44.88999938964844,46.31999969482422,44.88999938964844,46.279998779296875,105700,0.0,0.0
2023-05-23 00:00:00-04:00,46.119998931884766,47.709999084472656,45.900001525878906,46.4900016784668,96800,0.0,0.0
2023-05-24 00:00:00-04:00,46.09000015258789,46.65999984741211,45.18000030517578,46.34000015258789,111800,0.0,0.0
2023-05-25 00:00:00-04:00,49.040000915527344,50.279998779296875,48.04999923706055,48.790000915527344,223900,0.0,0.0
2023-05-26 00:00:00-04:00,48.900001525878906,50.95000076293945,48.900001525878906,49.93000030517578,188700,0.0,0.0
2023-05-30 00:00:00-04:00,50.380001068115234,50.380001068115234,49.43000030517578,49.72999954223633,93800,0.0,0.0
2023-05-31 00:00:00-04:00,49.619998931884766,50.279998779296875,48.209999084472656,49.38999938964844,643000,0.0,0.0
2023-06-01 00:00:00-04:00,49.38999938964844,49.529998779296875,48.15999984741211,49.18000030517578,111800,0.0,0.0
2023-06-02 00:00:00-04:00,49.65999984741211,51.38999938964844,49.119998931884766,51.2599983215332,168800,0.0,0.0
2023-06-05 00:00:00-04:00,50.9900016784668,50.9900016784668,49.25,50.4900016784668,115700,0.0,0.0
2023-06-06 00:00:00-04:00,50.45000076293945,53.029998779296875,50.45000076293945,52.65999984741211,134300,0.0,0.0
2023-06-07 00:00:00-04:00,52.959999084472656,55.36000061035156,52.959999084472656,54.84000015258789,171400,0.0,0.0
2023-06-08 00:00:00-04:00,54.61000061035156,55.45000076293945,54.18000030517578,55.02000045776367,146400,0.0,0.0
2023-06-09 00:00:00-04:00,55.22999954223633,55.86000061035156,54.790000915527344,54.9900016784668,183500,0.0,0.0
2023-06-12 00:00:00-04:00,54.849998474121094,56.20000076293945,54.75,56.13999938964844,88300,0.0,0.0
2023-06-13 00:00:00-04:00,56.43000030517578,57.40999984741211,55.91999816894531,56.43000030517578,114000,0.0,0.0
2023-06-14 00:00:00-04:00,56.27000045776367,56.75,55.20000076293945,55.90999984741211,96400,0.0,0.0
2023-06-15 00:00:00-04:00,55.630001068115234,56.290000915527344,55.25,56.130001068115234,110500,0.0,0.0
2023-06-16 00:00:00-04:00,56.65999984741211,56.65999984741211,54.63999938964844,55.810001373291016,310700,0.0,0.0
2023-06-20 00:00:00-04:00,55.41999816894531,57.04999923706055,55.310001373291016,56.619998931884766,110700,0.0,0.0
2023-06-21 00:00:00-04:00,56.38999938964844,56.7400016784668,55.7599983215332,55.95000076293945,107200,0.0,0.0
2023-06-22 00:00:00-04:00,55.97999954223633,56.02000045776367,54.83000183105469,54.97999954223633,74200,0.0,0.0
2023-06-23 00:00:00-04:00,54.189998626708984,55.04999923706055,53.58000183105469,53.689998626708984,712300,0.0,0.0
2023-06-26 00:00:00-04:00,53.650001525878906,54.31999969482422,53.209999084472656,54.04999923706055,77400,0.0,0.0
2023-06-27 00:00:00-04:00,54.150001525878906,54.93000030517578,53.939998626708984,54.56999969482422,83700,0.0,0.0
2023-06-28 00:00:00-04:00,54.40999984741211,54.56999969482422,53.189998626708984,54.029998779296875,105200,0.0,0.0
2023-06-29 00:00:00-04:00,54.38999938964844,56.369998931884766,54.11000061035156,56.36000061035156,84900,0.0,0.0
2023-06-30 00:00:00-04:00,57.029998779296875,57.029998779296875,56.099998474121094,56.29999923706055,112200,0.0,0.0
2023-07-03 00:00:00-04:00,56.209999084472656,56.790000915527344,55.83000183105469,56.04999923706055,33800,0.0,0.0
2023-07-05 00:00:00-04:00,55.540000915527344,55.90999984741211,54.790000915527344,55.529998779296875,93600,0.0,0.0
2023-07-06 00:00:00-04:00,54.849998474121094,55.75,54.27000045776367,55.70000076293945,79300,0.0,0.0
2023-07-07 00:00:00-04:00,55.959999084472656,56.5099983215332,55.959999084472656,56.279998779296875,64700,0.0,0.0
2023-07-10 00:00:00-04:00,55.97999954223633,57.290000915527344,55.81999969482422,57.290000915527344,83300,0.0,0.0
2023-07-11 00:00:00-04:00,57.54999923706055,57.54999923706055,56.86000061035156,57.209999084472656,62200,0.0,0.0
2023-07-12 00:00:00-04:00,58.119998931884766,58.540000915527344,57.63999938964844,57.849998474121094,67000,0.0,0.0
2023-07-13 00:00:00-04:00,57.90999984741211,58.220001220703125,57.560001373291016,58.060001373291016,63700,0.0,0.0
2023-07-14 00:00:00-04:00,57.790000915527344,58.4900016784668,56.86000061035156,58.369998931884766,95900,0.0,0.0
2023-07-17 00:00:00-04:00,58.2599983215332,59.2400016784668,57.900001525878906,58.66999816894531,89300,0.0,0.0
2023-07-18 00:00:00-04:00,58.79999923706055,59.529998779296875,58.5099983215332,59.310001373291016,61000,0.0,0.0
2023-07-19 00:00:00-04:00,59.279998779296875,60.25,58.68000030517578,60.22999954223633,111400,0.0,0.0
2023-07-20 00:00:00-04:00,60.08000183105469,60.43000030517578,59.099998474121094,60.290000915527344,75500,0.0,0.0
2023-07-21 00:00:00-04:00,60.619998931884766,60.81999969482422,59.4900016784668,59.599998474121094,92500,0.0,0.0
2023-07-24 00:00:00-04:00,59.529998779296875,60.279998779296875,59.2400016784668,60.09000015258789,67100,0.0,0.0
2023-07-25 00:00:00-04:00,60.029998779296875,61.02000045776367,60.029998779296875,60.689998626708984,61600,0.0,0.0
2023-07-26 00:00:00-04:00,60.369998931884766,61.20000076293945,60.0,60.16999816894531,37800,0.0,0.0
2023-07-27 00:00:00-04:00,60.63999938964844,60.79999923706055,57.310001373291016,57.83000183105469,84800,0.0,0.0
2023-07-28 00:00:00-04:00,58.43000030517578,59.7400016784668,56.11000061035156,56.20000076293945,112800,0.0,0.0
2023-07-31 00:00:00-04:00,56.13999938964844,57.060001373291016,55.939998626708984,56.349998474121094,113900,0.0,0.0
2023-08-01 00:00:00-04:00,56.040000915527344,57.459999084472656,56.02000045776367,57.36000061035156,86300,0.0,0.0
2023-08-02 00:00:00-04:00,56.72999954223633,58.5099983215332,56.72999954223633,58.2400016784668,61500,0.0,0.0
2023-08-03 00:00:00-04:00,57.810001373291016,58.86000061035156,57.22999954223633,58.529998779296875,72000,0.0,0.0
2023-08-04 00:00:00-04:00,58.33000183105469,59.439998626708984,57.79999923706055,58.31999969482422,52200,0.0,0.0
2023-08-07 00:00:00-04:00,58.209999084472656,59.08000183105469,57.540000915527344,57.900001525878906,81400,0.0,0.0
2023-08-08 00:00:00-04:00,75.9000015258789,75.9000015258789,64.47000122070312,66.69999694824219,379500,0.0,0.0
2023-08-09 00:00:00-04:00,65.73999786376953,67.0199966430664,65.70999908447266,66.19000244140625,160900,0.0,0.0
2023-08-10 00:00:00-04:00,66.48999786376953,67.0,66.18000030517578,66.33999633789062,97600,0.0,0.0
2023-08-11 00:00:00-04:00,66.3499984741211,66.87999725341797,65.47000122070312,66.20999908447266,118800,0.0,0.0
2023-08-14 00:00:00-04:00,66.19000244140625,66.19000244140625,65.04000091552734,65.18000030517578,121300,0.0,0.0
2023-08-15 00:00:00-04:00,65.19999694824219,65.61000061035156,64.12999725341797,64.94999694824219,131800,0.0,0.0
2023-08-16 00:00:00-04:00,64.97000122070312,65.45999908447266,63.209999084472656,63.220001220703125,101100,0.0,0.0
2023-08-17 00:00:00-04:00,63.220001220703125,63.81999969482422,62.279998779296875,62.7400016784668,125600,0.0,0.0
2023-08-18 00:00:00-04:00,62.189998626708984,62.77000045776367,62.029998779296875,62.11000061035156,93100,0.0,0.0
2023-08-21 00:00:00-04:00,62.20000076293945,62.540000915527344,61.630001068115234,61.709999084472656,75500,0.0,0.0
2023-08-22 00:00:00-04:00,61.9900016784668,63.040000915527344,61.900001525878906,62.470001220703125,124800,0.0,0.0
2023-08-23 00:00:00-04:00,62.849998474121094,64.44000244140625,62.11000061035156,63.75,104800,0.0,0.0
2023-08-24 00:00:00-04:00,63.599998474121094,63.90999984741211,63.0,63.08000183105469,107900,0.0,0.0
2023-08-25 00:00:00-04:00,63.369998931884766,63.650001525878906,62.5099983215332,63.43000030517578,78200,0.0,0.0
2023-08-28 00:00:00-04:00,63.58000183105469,64.72000122070312,63.58000183105469,64.55999755859375,83100,0.0,0.0
2023-08-29 00:00:00-04:00,64.4800033569336,65.4800033569336,63.75,65.37000274658203,101700,0.0,0.0
2023-08-30 00:00:00-04:00,65.37000274658203,67.02999877929688,65.37000274658203,66.87000274658203,144500,0.0,0.0
2023-08-31 00:00:00-04:00,67.0,67.81999969482422,66.0,66.37999725341797,308600,0.0,0.0
2023-09-01 00:00:00-04:00,66.81999969482422,67.62999725341797,65.5199966430664,66.51000213623047,112900,0.0,0.0
2023-09-05 00:00:00-04:00,66.27999877929688,66.33000183105469,64.48999786376953,65.79000091552734,118800,0.0,0.0
2023-09-06 00:00:00-04:00,65.98999786376953,66.41000366210938,65.0,65.83000183105469,75600,0.0,0.0
2023-09-07 00:00:00-04:00,65.58000183105469,65.80000305175781,64.37000274658203,65.44000244140625,124300,0.0,0.0
2023-09-08 00:00:00-04:00,65.54000091552734,65.70999908447266,64.30000305175781,64.5,70800,0.0,0.0
2023-09-11 00:00:00-04:00,64.66000366210938,65.20999908447266,63.849998474121094,65.1500015258789,98100,0.0,0.0
2023-09-12 00:00:00-04:00,65.0,65.23999786376953,63.630001068115234,63.9900016784668,91900,0.0,0.0
2023-09-13 00:00:00-04:00,63.9900016784668,63.9900016784668,62.75,63.38999938964844,81800,0.0,0.0
2023-09-14 00:00:00-04:00,63.880001068115234,64.30000305175781,63.38999938964844,63.43000030517578,63900,0.0,0.0
2023-09-15 00:00:00-04:00,63.45000076293945,63.599998474121094,61.90999984741211,62.459999084472656,414800,0.0,0.0
2023-09-18 00:00:00-04:00,62.90999984741211,63.099998474121094,61.58000183105469,61.779998779296875,70700,0.0,0.0
2023-09-19 00:00:00-04:00,61.970001220703125,62.970001220703125,61.66999816894531,62.7400016784668,75900,0.0,0.0
2023-09-20 00:00:00-04:00,62.9900016784668,63.93000030517578,61.900001525878906,62.08000183105469,60200,0.0,0.0
2023-09-21 00:00:00-04:00,61.900001525878906,62.58000183105469,61.189998626708984,62.0,79800,0.0,0.0
2023-09-22 00:00:00-04:00,62.189998626708984,63.45000076293945,62.189998626708984,63.04999923706055,74700,0.0,0.0
2023-09-25 00:00:00-04:00,63.04999923706055,64.06999969482422,63.0,63.7400016784668,45500,0.0,0.0
2023-09-26 00:00:00-04:00,63.4900016784668,63.7400016784668,61.970001220703125,62.290000915527344,103400,0.0,0.0
2023-09-27 00:00:00-04:00,62.880001068115234,63.75,62.7400016784668,63.34000015258789,61000,0.0,0.0
2023-09-28 00:00:00-04:00,63.560001373291016,65.4800033569336,63.560001373291016,64.80999755859375,126500,0.0,0.0
2023-09-29 00:00:00-04:00,65.2699966430664,65.2699966430664,63.380001068115234,63.52000045776367,103500,0.0,0.0
2023-10-02 00:00:00-04:00,63.279998779296875,65.2300033569336,63.279998779296875,64.63999938964844,284000,0.0,0.0
2023-10-03 00:00:00-04:00,64.38999938964844,64.97000122070312,63.25,63.380001068115234,82000,0.0,0.0
2023-10-04 00:00:00-04:00,63.470001220703125,64.19000244140625,62.959999084472656,63.86000061035156,59700,0.0,0.0
2023-10-05 00:00:00-04:00,63.63999938964844,64.16999816894531,62.810001373291016,63.79999923706055,119500,0.0,0.0
2023-10-06 00:00:00-04:00,63.79999923706055,64.9000015258789,63.70000076293945,64.25,131100,0.0,0.0
2023-10-09 00:00:00-04:00,64.05000305175781,66.30000305175781,64.05000305175781,66.0,94200,0.0,0.0
2023-10-10 00:00:00-04:00,66.25,67.20999908447266,65.98999786376953,66.08000183105469,97000,0.0,0.0
2023-10-11 00:00:00-04:00,66.5,68.61000061035156,66.25,68.30000305175781,115100,0.0,0.0
2023-10-12 00:00:00-04:00,68.27999877929688,68.33999633789062,66.13999938964844,67.12999725341797,106600,0.0,0.0
2023-10-13 00:00:00-04:00,66.86000061035156,67.66999816894531,66.23999786376953,67.20999908447266,194000,0.0,0.0
2023-10-16 00:00:00-04:00,67.70999908447266,68.86000061035156,67.4000015258789,67.68000030517578,121900,0.0,0.0
2023-10-17 00:00:00-04:00,67.63999938964844,68.83999633789062,67.55000305175781,67.8499984741211,165300,0.0,0.0
2023-10-18 00:00:00-04:00,67.7300033569336,67.7300033569336,65.94999694824219,66.19000244140625,100600,0.0,0.0
2023-10-19 00:00:00-04:00,66.27999877929688,66.27999877929688,64.41000366210938,64.41999816894531,76600,0.0,0.0
2023-10-20 00:00:00-04:00,64.6500015258789,64.72000122070312,63.470001220703125,63.52000045776367,102200,0.0,0.0
2023-10-23 00:00:00-04:00,63.5,63.560001373291016,62.130001068115234,62.130001068115234,79900,0.0,0.0
2023-10-24 00:00:00-04:00,62.63999938964844,62.63999938964844,60.84000015258789,62.2400016784668,129300,0.0,0.0
2023-10-25 00:00:00-04:00,62.33000183105469,62.86000061035156,61.619998931884766,61.650001525878906,85800,0.0,0.0
2023-10-26 00:00:00-04:00,61.84000015258789,62.349998474121094,61.369998931884766,61.72999954223633,62900,0.0,0.0
2023-10-27 00:00:00-04:00,61.54999923706055,61.54999923706055,60.52000045776367,60.90999984741211,53700,0.0,0.0
2023-10-30 00:00:00-04:00,61.84000015258789,62.099998474121094,60.79999923706055,61.810001373291016,57000,0.0,0.0
2023-10-31 00:00:00-04:00,61.72999954223633,63.0,61.040000915527344,62.5,70200,0.0,0.0
2023-11-01 00:00:00-04:00,62.34000015258789,63.54999923706055,61.59000015258789,63.5,82500,0.0,0.0
2023-11-02 00:00:00-04:00,63.7599983215332,64.56999969482422,62.90999984741211,63.709999084472656,72300,0.0,0.0
2023-11-03 00:00:00-04:00,64.69999694824219,65.43000030517578,64.68000030517578,65.01000213623047,77700,0.0,0.0
2023-11-06 00:00:00-05:00,64.76000213623047,64.80999755859375,63.75,64.38999938964844,93700,0.0,0.0
2023-11-07 00:00:00-05:00,64.29000091552734,64.73999786376953,63.459999084472656,63.9900016784668,94800,0.0,0.0
2023-11-08 00:00:00-05:00,60.540000915527344,60.540000915527344,53.540000915527344,58.43000030517578,301500,0.0,0.0
2023-11-09 00:00:00-05:00,59.0,59.720001220703125,58.279998779296875,59.04999923706055,157500,0.0,0.0
2023-11-10 00:00:00-05:00,59.220001220703125,60.18000030517578,58.0099983215332,59.70000076293945,87900,0.0,0.0
2023-11-13 00:00:00-05:00,59.470001220703125,61.04999923706055,59.470001220703125,60.72999954223633,120600,0.0,0.0
2023-11-14 00:00:00-05:00,62.04999923706055,63.400001525878906,62.029998779296875,63.08000183105469,154100,0.0,0.0
2023-11-15 00:00:00-05:00,63.41999816894531,64.37000274658203,62.47999954223633,62.72999954223633,146700,0.0,0.0
2023-11-16 00:00:00-05:00,62.650001525878906,62.650001525878906,60.220001220703125,60.939998626708984,84500,0.0,0.0
2023-11-17 00:00:00-05:00,61.459999084472656,61.79999923706055,61.08000183105469,61.16999816894531,74000,0.0,0.0
2023-11-20 00:00:00-05:00,61.4900016784668,62.400001525878906,61.11000061035156,62.380001068115234,72000,0.0,0.0
2023-11-21 00:00:00-05:00,62.220001220703125,63.150001525878906,62.20000076293945,62.439998626708984,81000,0.0,0.0
2023-11-22 00:00:00-05:00,62.939998626708984,63.66999816894531,62.08000183105469,62.90999984741211,78400,0.0,0.0
2023-11-24 00:00:00-05:00,62.900001525878906,63.29999923706055,62.470001220703125,62.7400016784668,36900,0.0,0.0
2023-11-27 00:00:00-05:00,62.220001220703125,63.7400016784668,62.220001220703125,63.540000915527344,83500,0.0,0.0
2023-11-28 00:00:00-05:00,63.70000076293945,63.880001068115234,62.7400016784668,63.02000045776367,76300,0.0,0.0
2023-11-29 00:00:00-05:00,63.529998779296875,64.05999755859375,62.4900016784668,62.7599983215332,83700,0.0,0.0
2023-11-30 00:00:00-05:00,63.31999969482422,63.689998626708984,62.279998779296875,63.47999954223633,175800,0.0,0.0
2023-12-01 00:00:00-05:00,63.65999984741211,66.20999908447266,61.47999954223633,65.66999816894531,183700,0.0,0.0
2023-12-04 00:00:00-05:00,65.33000183105469,66.66000366210938,65.06999969482422,66.20999908447266,113000,0.0,0.0
2023-12-05 00:00:00-05:00,66.0999984741211,66.63999938964844,65.63999938964844,66.55000305175781,87100,0.0,0.0
2023-12-06 00:00:00-05:00,67.20999908447266,67.66999816894531,66.48999786376953,67.19999694824219,120000,0.0,0.0
2023-12-07 00:00:00-05:00,67.0199966430664,67.80000305175781,66.91000366210938,67.7699966430664,147600,0.0,0.0
2023-12-08 00:00:00-05:00,67.7699966430664,69.80999755859375,67.7699966430664,69.26000213623047,97400,0.0,0.0
2023-12-11 00:00:00-05:00,69.55000305175781,70.4800033569336,69.18000030517578,70.16000366210938,89500,0.0,0.0
2023-12-12 00:00:00-05:00,70.48999786376953,72.18000030517578,70.01000213623047,71.91000366210938,170300,0.0,0.0
2023-12-13 00:00:00-05:00,71.91000366210938,74.12000274658203,71.1500015258789,73.7300033569336,125600,0.0,0.0
2023-12-14 00:00:00-05:00,74.72000122070312,75.37000274658203,73.06999969482422,75.23999786376953,151400,0.0,0.0
2023-12-15 00:00:00-05:00,75.56999969482422,76.56999969482422,74.51000213623047,76.36000061035156,362800,0.0,0.0
2023-12-18 00:00:00-05:00,76.86000061035156,76.94999694824219,75.68000030517578,76.62000274658203,157200,0.0,0.0
2023-12-19 00:00:00-05:00,77.20999908447266,79.05999755859375,77.1500015258789,78.06999969482422,212300,0.0,0.0
2023-12-20 00:00:00-05:00,78.2300033569336,80.19000244140625,77.1500015258789,77.1500015258789,274500,0.0,0.0
2023-12-21 00:00:00-05:00,77.91000366210938,80.0199966430664,77.63999938964844,79.93000030517578,211200,0.0,0.0
2023-12-22 00:00:00-05:00,80.44000244140625,81.30000305175781,79.23999786376953,79.30999755859375,149200,0.0,0.0
2023-12-26 00:00:00-05:00,80.0,80.73999786376953,79.66000366210938,80.58999633789062,123000,0.0,0.0
2023-12-27 00:00:00-05:00,80.86000061035156,81.37999725341797,80.36000061035156,80.5199966430664,75000,0.0,0.0
2023-12-28 00:00:00-05:00,80.62999725341797,81.13999938964844,79.97000122070312,81.08000183105469,127700,0.0,0.0
2023-12-29 00:00:00-05:00,80.9800033569336,81.2699966430664,79.41000366210938,79.83999633789062,229700,0.0,0.0
2024-01-02 00:00:00-05:00,79.6500015258789,81.44999694824219,75.9800033569336,80.3499984741211,356900,0.0,0.0
2024-01-03 00:00:00-05:00,80.0,80.29000091552734,78.80999755859375,79.1500015258789,212600,0.0,0.0
2024-01-04 00:00:00-05:00,79.41999816894531,80.0999984741211,78.5199966430664,79.0,196300,0.0,0.0
2024-01-05 00:00:00-05:00,78.36000061035156,79.30000305175781,75.25,75.4000015258789,197700,0.0,0.0
2024-01-08 00:00:00-05:00,74.11000061035156,76.19000244140625,73.87000274658203,76.13999938964844,173000,0.0,0.0
2024-01-09 00:00:00-05:00,75.26000213623047,76.0999984741211,75.06999969482422,75.44999694824219,149700,0.0,0.0
2024-01-10 00:00:00-05:00,75.20999908447266,76.56999969482422,74.94000244140625,76.47000122070312,203100,0.0,0.0
2024-01-11 00:00:00-05:00,76.55999755859375,76.94999694824219,75.25,76.87000274658203,109600,0.0,0.0
2024-01-12 00:00:00-05:00,77.36000061035156,78.02999877929688,76.37999725341797,76.81999969482422,115900,0.0,0.0
2024-01-16 00:00:00-05:00,76.23999786376953,76.80000305175781,75.22000122070312,75.4000015258789,121100,0.0,0.0
2024-01-17 00:00:00-05:00,75.05000305175781,76.06999969482422,74.7699966430664,74.95999908447266,278400,0.0,0.0
2024-01-18 00:00:00-05:00,75.63999938964844,76.27999877929688,74.76000213623047,75.6500015258789,173900,0.0,0.0
2024-01-19 00:00:00-05:00,76.22000122070312,77.02999877929688,75.29000091552734,76.86000061035156,172000,0.0,0.0
2024-01-22 00:00:00-05:00,77.87000274658203,78.79000091552734,77.36000061035156,77.98999786376953,184500,0.0,0.0
2024-01-23 00:00:00-05:00,78.4800033569336,79.83999633789062,76.02999877929688,76.20999908447266,120200,0.0,0.0
2024-01-24 00:00:00-05:00,76.63999938964844,77.1500015258789,75.37000274658203,76.37000274658203,130800,0.0,0.0
2024-01-25 00:00:00-05:00,77.43000030517578,77.43000030517578,75.94000244140625,76.55000305175781,117400,0.0,0.0
2024-01-26 00:00:00-05:00,77.02999877929688,77.81999969482422,75.4800033569336,76.01000213623047,71400,0.0,0.0
2024-01-29 00:00:00-05:00,76.29000091552734,77.94000244140625,75.30000305175781,76.54000091552734,93200,0.0,0.0
2024-01-30 00:00:00-05:00,76.72000122070312,77.75,76.2300033569336,77.62999725341797,103000,0.0,0.0
2024-01-31 00:00:00-05:00,77.63999938964844,78.51000213623047,75.38999938964844,75.54000091552734,115400,0.0,0.0
2024-02-01 00:00:00-05:00,76.30999755859375,77.58999633789062,75.62000274658203,77.41000366210938,98700,0.0,0.0
2024-02-02 00:00:00-05:00,76.5999984741211,78.51000213623047,76.43000030517578,77.48999786376953,195500,0.0,0.0
2024-02-05 00:00:00-05:00,76.69999694824219,77.7699966430664,75.43000030517578,77.30999755859375,116500,0.0,0.0
2024-02-06 00:00:00-05:00,76.95999908447266,78.26000213623047,76.5999984741211,78.23999786376953,143000,0.0,0.0
2024-02-07 00:00:00-05:00,57.29999923706055,68.27999877929688,56.33000183105469,68.06999969482422,809200,0.0,0.0
2024-02-08 00:00:00-05:00,68.27999877929688,74.1500015258789,67.66000366210938,74.06999969482422,285200,0.0,0.0
2024-02-09 00:00:00-05:00,74.62999725341797,76.72000122070312,73.33000183105469,75.47000122070312,196700,0.0,0.0
2024-02-12 00:00:00-05:00,75.11000061035156,76.52999877929688,73.93000030517578,76.33999633789062,200000,0.0,0.0
2024-02-13 00:00:00-05:00,74.0999984741211,75.30000305175781,72.62999725341797,73.95999908447266,291800,0.0,0.0
2024-02-14 00:00:00-05:00,74.9800033569336,78.44000244140625,74.9800033569336,77.95999908447266,237900,0.0,0.0
2024-02-15 00:00:00-05:00,78.05000305175781,80.91000366210938,77.44000244140625,80.41999816894531,187500,0.0,0.0
2024-02-16 00:00:00-05:00,80.0,81.12999725341797,78.58000183105469,80.5,202800,0.0,0.0
2024-02-20 00:00:00-05:00,79.33000183105469,80.18000030517578,78.5199966430664,78.66999816894531,176700,0.0,0.0
2024-02-21 00:00:00-05:00,78.26000213623047,79.01000213623047,76.27999877929688,76.9800033569336,174800,0.0,0.0
2024-02-22 00:00:00-05:00,77.04000091552734,79.33999633789062,76.58000183105469,78.79000091552734,196900,0.0,0.0
2024-02-23 00:00:00-05:00,78.79000091552734,79.68000030517578,78.11000061035156,78.56999969482422,193300,0.0,0.0
2024-02-26 00:00:00-05:00,78.26000213623047,80.69000244140625,77.66000366210938,80.52999877929688,177700,0.0,0.0
2024-02-27 00:00:00-05:00,81.0,83.08999633789062,80.0999984741211,80.19000244140625,199400,0.0,0.0
2024-02-28 00:00:00-05:00,79.19999694824219,81.31999969482422,78.04000091552734,81.2300033569336,203300,0.0,0.0
2024-02-29 00:00:00-05:00,82.30999755859375,83.56999969482422,81.4000015258789,82.38999938964844,355400,0.0,0.0
2024-03-01 00:00:00-05:00,82.23999786376953,83.1500015258789,81.37000274658203,82.87000274658203,163100,0.0,0.0
2024-03-04 00:00:00-05:00,82.83000183105469,83.37999725341797,81.01000213623047,81.12000274658203,133600,0.0,0.0
2024-03-05 00:00:00-05:00,80.8499984741211,81.31999969482422,79.70999908447266,79.70999908447266,175000,0.0,0.0
2024-03-06 00:00:00-05:00,80.81999969482422,81.43000030517578,79.93000030517578,80.19999694824219,168100,0.0,0.0
2024-03-07 00:00:00-05:00,80.31999969482422,80.91999816894531,79.8499984741211,79.98999786376953,166700,0.0,0.0
2024-03-08 00:00:00-05:00,80.8499984741211,82.61000061035156,79.94999694824219,80.22000122070312,266700,0.0,0.0
2024-03-11 00:00:00-04:00,79.5999984741211,81.94000244140625,78.9000015258789,81.76000213623047,230200,0.0,0.0
2024-03-12 00:00:00-04:00,81.48999786376953,82.01000213623047,80.08999633789062,81.27999877929688,163500,0.0,0.0
2024-03-13 00:00:00-04:00,81.27999877929688,83.0999984741211,81.27999877929688,82.47000122070312,185600,0.0,0.0
2024-03-14 00:00:00-04:00,82.47000122070312,82.4800033569336,77.76000213623047,79.72000122070312,352600,0.0,0.0
2024-03-15 00:00:00-04:00,78.87000274658203,79.47000122070312,77.12000274658203,77.93000030517578,2786400,0.0,0.0
2024-03-18 00:00:00-04:00,78.0999984741211,79.12000274658203,76.9000015258789,76.93000030517578,279200,0.0,0.0
2024-03-19 00:00:00-04:00,76.69999694824219,78.68000030517578,76.69999694824219,77.75,172900,0.0,0.0
2024-03-20 00:00:00-04:00,77.20999908447266,77.72000122070312,75.88999938964844,76.93000030517578,170200,0.0,0.0
2024-03-21 00:00:00-04:00,77.69000244140625,79.05999755859375,77.30000305175781,78.87999725341797,176200,0.0,0.0
2024-03-22 00:00:00-04:00,78.58000183105469,78.94000244140625,76.69000244140625,76.80999755859375,108600,0.0,0.0
2024-03-25 00:00:00-04:00,77.36000061035156,77.43000030517578,75.87999725341797,76.0,90800,0.0,0.0
2024-03-26 00:00:00-04:00,76.55999755859375,77.41000366210938,76.0999984741211,76.47000122070312,101700,0.0,0.0
2024-03-27 00:00:00-04:00,77.3499984741211,78.0,76.72000122070312,77.98999786376953,86700,0.0,0.0
2024-03-28 00:00:00-04:00,78.0,78.5999984741211,77.33000183105469,78.54000091552734,217600,0.0,0.0
2024-04-01 00:00:00-04:00,78.55999755859375,78.9000015258789,76.58999633789062,76.79000091552734,210900,0.0,0.0
2024-04-02 00:00:00-04:00,76.19999694824219,76.19999694824219,74.93000030517578,76.16000366210938,144200,0.0,0.0
2024-04-03 00:00:00-04:00,75.54000091552734,76.9800033569336,75.54000091552734,75.9800033569336,95300,0.0,0.0
2024-04-04 00:00:00-04:00,77.01000213623047,78.43000030517578,75.95999908447266,76.0999984741211,89500,0.0,0.0
2024-04-05 00:00:00-04:00,76.0199966430664,76.70999908447266,75.63999938964844,76.22000122070312,61100,0.0,0.0
2024-04-08 00:00:00-04:00,77.0,77.86000061035156,76.3499984741211,77.76000213623047,102500,0.0,0.0
2024-04-09 00:00:00-04:00,78.19000244140625,79.02999877929688,77.20999908447266,78.47000122070312,131800,0.0,0.0
2024-04-10 00:00:00-04:00,76.4000015258789,77.02999877929688,75.75,76.3499984741211,133500,0.0,0.0
2024-04-11 00:00:00-04:00,76.5,77.55999755859375,75.9000015258789,77.52999877929688,82700,0.0,0.0
2024-04-12 00:00:00-04:00,77.16999816894531,77.19999694824219,76.0999984741211,77.06999969482422,79100,0.0,0.0
2024-04-15 00:00:00-04:00,77.22000122070312,77.23999786376953,75.75,76.66999816894531,81900,0.0,0.0
2024-04-16 00:00:00-04:00,76.0999984741211,76.91999816894531,75.31999969482422,76.61000061035156,124700,0.0,0.0
2024-04-17 00:00:00-04:00,76.88999938964844,77.9000015258789,75.36000061035156,75.43000030517578,167500,0.0,0.0
2024-04-18 00:00:00-04:00,75.41000366210938,76.22000122070312,75.02999877929688,75.27999877929688,188700,0.0,0.0
2024-04-19 00:00:00-04:00,74.91000366210938,76.23999786376953,74.52999877929688,75.37000274658203,170200,0.0,0.0
2024-04-22 00:00:00-04:00,75.95999908447266,78.12999725341797,75.9000015258789,77.52999877929688,118700,0.0,0.0
2024-04-23 00:00:00-04:00,77.7300033569336,81.26000213623047,76.75,80.11000061035156,196100,0.0,0.0
2024-04-24 00:00:00-04:00,80.04000091552734,81.04000091552734,78.76000213623047,79.02999877929688,237800,0.0,0.0
2024-04-25 00:00:00-04:00,78.23999786376953,78.94000244140625,77.3499984741211,77.77999877929688,125800,0.0,0.0
2024-04-26 00:00:00-04:00,77.86000061035156,78.94000244140625,77.44999694824219,78.19000244140625,91900,0.0,0.0
2024-04-29 00:00:00-04:00,78.63999938964844,79.3499984741211,78.45999908447266,78.62999725341797,86500,0.0,0.0
2024-04-30 00:00:00-04:00,78.0,78.69000244140625,76.63999938964844,76.87999725341797,213500,0.0,0.0
2024-05-01 00:00:00-04:00,76.72000122070312,77.58999633789062,75.12000274658203,75.91999816894531,125500,0.0,0.0
2024-05-02 00:00:00-04:00,76.94999694824219,77.19999694824219,76.02999877929688,76.95999908447266,96300,0.0,0.0
2024-05-03 00:00:00-04:00,78.31999969482422,78.5999984741211,77.22000122070312,77.91999816894531,103200,0.0,0.0
2024-05-06 00:00:00-04:00,78.30999755859375,80.5,78.22000122070312,79.73999786376953,147000,0.0,0.0
2024-05-07 00:00:00-04:00,79.69999694824219,81.33000183105469,79.12000274658203,79.7300033569336,132500,0.0,0.0
2024-05-08 00:00:00-04:00,79.04000091552734,80.55999755859375,79.04000091552734,79.88999938964844,109800,0.0,0.0
2024-05-09 00:00:00-04:00,79.66999816894531,80.0999984741211,79.30000305175781,79.76000213623047,104400,0.0,0.0
2024-05-10 00:00:00-04:00,79.93000030517578,80.12000274658203,79.16999816894531,79.86000061035156,92000,0.0,0.0
2024-05-13 00:00:00-04:00,80.12999725341797,80.31999969482422,79.01000213623047,79.36000061035156,111300,0.0,0.0
2024-05-14 00:00:00-04:00,80.16000366210938,80.16999816894531,79.30000305175781,79.52999877929688,108200,0.0,0.0
2024-05-15 00:00:00-04:00,80.0,80.45999908447266,79.31999969482422,80.12999725341797,183700,0.0,0.0
2024-05-16 00:00:00-04:00,80.0999984741211,80.98999786376953,79.70999908447266,80.19000244140625,262900,0.0,0.0
2024-05-17 00:00:00-04:00,80.33999633789062,80.56999969482422,79.23999786376953,80.16000366210938,129700,0.0,0.0
2024-05-20 00:00:00-04:00,80.18000030517578,81.0999984741211,79.76000213623047,79.81999969482422,239600,0.0,0.0
2024-05-21 00:00:00-04:00,79.81999969482422,80.48999786376953,79.13999938964844,79.55000305175781,741300,0.0,0.0
2024-05-22 00:00:00-04:00,79.56999969482422,80.75,78.87000274658203,79.26000213623047,390900,0.0,0.0
2024-05-23 00:00:00-04:00,81.4000015258789,83.1500015258789,76.26000213623047,79.2300033569336,436200,0.0,0.0
2024-05-24 00:00:00-04:00,79.66000366210938,79.83000183105469,77.73999786376953,78.18000030517578,180800,0.0,0.0
2024-05-28 00:00:00-04:00,78.43000030517578,78.43000030517578,73.80000305175781,74.5,248500,0.0,0.0
2024-05-29 00:00:00-04:00,73.93000030517578,75.38999938964844,73.83999633789062,73.94999694824219,180200,0.0,0.0
2024-05-30 00:00:00-04:00,74.4000015258789,75.0199966430664,73.27999877929688,73.95999908447266,140900,0.0,0.0
2024-05-31 00:00:00-04:00,74.12000274658203,75.20999908447266,73.12999725341797,74.83999633789062,287000,0.0,0.0
2024-06-03 00:00:00-04:00,75.77999877929688,75.83999633789062,74.0199966430664,74.9000015258789,192200,0.0,0.0
2024-06-04 00:00:00-04:00,74.23999786376953,75.01000213623047,72.86000061035156,74.97000122070312,198300,0.0,0.0
2024-06-05 00:00:00-04:00,75.3499984741211,75.3499984741211,74.16000366210938,74.68000030517578,92700,0.0,0.0
2024-06-06 00:00:00-04:00,74.52999877929688,74.83000183105469,73.7300033569336,74.18000030517578,105300,0.0,0.0
2024-06-07 00:00:00-04:00,73.58999633789062,73.91000366210938,72.97000122070312,73.58999633789062,111200,0.0,0.0
2024-06-10 00:00:00-04:00,72.75,73.05999755859375,72.12000274658203,72.91000366210938,152600,0.0,0.0
2024-06-11 00:00:00-04:00,72.66000366210938,73.0999984741211,72.08999633789062,72.79000091552734,129300,0.0,0.0
2024-06-12 00:00:00-04:00,74.37000274658203,75.58999633789062,74.16000366210938,74.62000274658203,126200,0.0,0.0
2024-06-13 00:00:00-04:00,74.33000183105469,74.33000183105469,72.79000091552734,73.45999908447266,151800,0.0,0.0
2024-06-14 00:00:00-04:00,72.47000122070312,72.91000366210938,71.9000015258789,72.68000030517578,125200,0.0,0.0
2024-06-17 00:00:00-04:00,72.79000091552734,74.83000183105469,72.16999816894531,74.62999725341797,185800,0.0,0.0
2024-06-18 00:00:00-04:00,74.63999938964844,75.30999755859375,73.44999694824219,73.91999816894531,248800,0.0,0.0
2024-06-20 00:00:00-04:00,73.80999755859375,75.11000061035156,73.33000183105469,73.4800033569336,139500,0.0,0.0
2024-06-21 00:00:00-04:00,73.37000274658203,74.33999633789062,72.61000061035156,73.37999725341797,624400,0.0,0.0
2024-06-24 00:00:00-04:00,73.77999877929688,74.70999908447266,73.44000244140625,73.56999969482422,134800,0.0,0.0
2024-06-25 00:00:00-04:00,73.68000030517578,73.68000030517578,72.26000213623047,72.38999938964844,159900,0.0,0.0
2024-06-26 00:00:00-04:00,72.38999938964844,72.63999938964844,71.30000305175781,71.91000366210938,175000,0.0,0.0
2024-06-27 00:00:00-04:00,72.45999908447266,72.51000213623047,71.61000061035156,72.11000061035156,154400,0.0,0.0
2024-06-28 00:00:00-04:00,72.76000213623047,74.31999969482422,72.68000030517578,73.68000030517578,888200,0.0,0.0
2024-07-01 00:00:00-04:00,74.05000305175781,74.86000061035156,72.66999816894531,73.63999938964844,162100,0.0,0.0
2024-07-02 00:00:00-04:00,73.91000366210938,74.51000213623047,73.5199966430664,73.66000366210938,107400,0.0,0.0
2024-07-03 00:00:00-04:00,73.62999725341797,74.30999755859375,73.25,73.44000244140625,60500,0.0,0.0
2024-07-05 00:00:00-04:00,73.26000213623047,73.7699966430664,72.02999877929688,72.13999938964844,136000,0.0,0.0
2024-07-08 00:00:00-04:00,72.70999908447266,74.16999816894531,72.5,73.30000305175781,133600,0.0,0.0
2024-07-09 00:00:00-04:00,73.31999969482422,73.31999969482422,71.63999938964844,71.76000213623047,107100,0.0,0.0
2024-07-10 00:00:00-04:00,71.86000061035156,72.73999786376953,71.73999786376953,72.58999633789062,123200,0.0,0.0
2024-07-11 00:00:00-04:00,74.20999908447266,76.5999984741211,74.11000061035156,75.54000091552734,165600,0.0,0.0
2024-07-12 00:00:00-04:00,76.61000061035156,79.33000183105469,76.61000061035156,77.48999786376953,164500,0.0,0.0
2024-07-15 00:00:00-04:00,77.83999633789062,80.41000366210938,77.41999816894531,79.0,319900,0.0,0.0
2024-07-16 00:00:00-04:00,79.91999816894531,83.22000122070312,79.9000015258789,82.7699966430664,262100,0.0,0.0
2024-07-17 00:00:00-04:00,82.06999969482422,83.27999877929688,80.69000244140625,81.41999816894531,144300,0.0,0.0
2024-07-18 00:00:00-04:00,81.12000274658203,83.04000091552734,80.29000091552734,81.80000305175781,167000,0.0,0.0
2024-07-19 00:00:00-04:00,81.93000030517578,82.94000244140625,81.61000061035156,82.4000015258789,232900,0.0,0.0
2024-07-22 00:00:00-04:00,82.8499984741211,86.61000061035156,82.6500015258789,86.37999725341797,213000,0.0,0.0
2024-07-23 00:00:00-04:00,85.83999633789062,89.08999633789062,85.81999969482422,87.66000366210938,224900,0.0,0.0
2024-07-24 00:00:00-04:00,87.18000030517578,88.5,85.41999816894531,85.61000061035156,195400,0.0,0.0
2024-07-25 00:00:00-04:00,85.9000015258789,88.83000183105469,85.9000015258789,87.94999694824219,132100,0.0,0.0
2024-07-26 00:00:00-04:00,89.2300033569336,91.41000366210938,87.88999938964844,91.0199966430664,240400,0.0,0.0
2024-07-29 00:00:00-04:00,91.30999755859375,91.30999755859375,89.58999633789062,90.55000305175781,320900,0.0,0.0
2024-07-30 00:00:00-04:00,91.05999755859375,91.91999816894531,89.13999938964844,91.41999816894531,157300,0.0,0.0
2024-07-31 00:00:00-04:00,92.2699966430664,93.4800033569336,90.22000122070312,91.91999816894531,163400,0.0,0.0
2024-08-01 00:00:00-04:00,92.19999694824219,92.41999816894531,86.12999725341797,87.30000305175781,174200,0.0,0.0
2024-08-02 00:00:00-04:00,83.58999633789062,84.86000061035156,82.0199966430664,82.37000274658203,176000,0.0,0.0
2024-08-05 00:00:00-04:00,78.19000244140625,80.25,76.81999969482422,79.31999969482422,203200,0.0,0.0
2024-08-06 00:00:00-04:00,79.13999938964844,81.66000366210938,78.94000244140625,79.91000366210938,208500,0.0,0.0
2024-08-07 00:00:00-04:00,83.26000213623047,88.7699966430664,82.30000305175781,84.79000091552734,354700,0.0,0.0
2024-08-08 00:00:00-04:00,85.62000274658203,86.55999755859375,84.33999633789062,85.9000015258789,176300,0.0,0.0
2024-08-09 00:00:00-04:00,85.56999969482422,86.9800033569336,85.1500015258789,86.5199966430664,136500,0.0,0.0
2024-08-12 00:00:00-04:00,86.23999786376953,86.95999908447266,85.25,86.04000091552734,125700,0.0,0.0
2024-08-13 00:00:00-04:00,87.02999877929688,89.87999725341797,86.7699966430664,89.75,229100,0.0,0.0
2024-08-14 00:00:00-04:00,89.94999694824219,90.04000091552734,87.91000366210938,89.05000305175781,111900,0.0,0.0
2024-08-15 00:00:00-04:00,91.5,92.62999725341797,90.44999694824219,91.93000030517578,140500,0.0,0.0
2024-08-16 00:00:00-04:00,91.73999786376953,92.79000091552734,90.5,91.66999816894531,163100,0.0,0.0
2024-08-19 00:00:00-04:00,91.56999969482422,92.54000091552734,91.12999725341797,92.2300033569336,129300,0.0,0.0
2024-08-20 00:00:00-04:00,91.88999938964844,92.05000305175781,90.52999877929688,91.25,129000,0.0,0.0
2024-08-21 00:00:00-04:00,92.12999725341797,94.44999694824219,91.54000091552734,94.02999877929688,127600,0.0,0.0
2024-08-22 00:00:00-04:00,94.0999984741211,96.75,91.30999755859375,91.5,154700,0.0,0.0
2024-08-23 00:00:00-04:00,92.11000061035156,95.91999816894531,91.5199966430664,95.51000213623047,163300,0.0,0.0
2024-08-26 00:00:00-04:00,96.80999755859375,96.80999755859375,94.66999816894531,95.01000213623047,110700,0.0,0.0
2024-08-27 00:00:00-04:00,94.12999725341797,95.25,93.91999816894531,94.27999877929688,92800,0.0,0.0
2024-08-28 00:00:00-04:00,94.05000305175781,94.70999908447266,93.58000183105469,94.23999786376953,161400,0.0,0.0
2024-08-29 00:00:00-04:00,94.44000244140625,95.43000030517578,93.83000183105469,94.79000091552734,97900,0.0,0.0
2024-08-30 00:00:00-04:00,95.16999816894531,96.61000061035156,94.6500015258789,95.95999908447266,135800,0.0,0.0
2024-09-03 00:00:00-04:00,94.91000366210938,95.44000244140625,89.81999969482422,89.98999786376953,144300,0.0,0.0
2024-09-04 00:00:00-04:00,89.83999633789062,90.58999633789062,89.16000366210938,90.20999908447266,76000,0.0,0.0
2024-09-05 00:00:00-04:00,90.16000366210938,90.44999694824219,88.68000030517578,89.66000366210938,95000,0.0,0.0
2024-09-06 00:00:00-04:00,89.61000061035156,89.9800033569336,87.33999633789062,88.18000030517578,122100,0.0,0.0
2024-09-09 00:00:00-04:00,88.33000183105469,89.4800033569336,88.0,88.55999755859375,123400,0.0,0.0
2024-09-10 00:00:00-04:00,88.61000061035156,89.20999908447266,86.95999908447266,87.54000091552734,112100,0.0,0.0
2024-09-11 00:00:00-04:00,86.9000015258789,87.41000366210938,85.11000061035156,86.98999786376953,104900,0.0,0.0
2024-09-12 00:00:00-04:00,87.37000274658203,88.5199966430664,86.05000305175781,88.22000122070312,105800,0.0,0.0
2024-09-13 00:00:00-04:00,89.33000183105469,91.66999816894531,89.22000122070312,91.33000183105469,147800,0.0,0.0
2024-09-16 00:00:00-04:00,91.1500015258789,93.41999816894531,90.12999725341797,93.30000305175781,169400,0.0,0.0
2024-09-17 00:00:00-04:00,94.70999908447266,96.48999786376953,94.30999755859375,95.19999694824219,163900,0.0,0.0
2024-09-18 00:00:00-04:00,95.0,99.56999969482422,95.0,96.66000366210938,281200,0.0,0.0
2024-09-19 00:00:00-04:00,99.5199966430664,101.08000183105469,98.4000015258789,101.06999969482422,188200,0.0,0.0
2024-09-20 00:00:00-04:00,100.94999694824219,102.31999969482422,98.80999755859375,98.91999816894531,850500,0.0,0.0
2024-09-23 00:00:00-04:00,99.12000274658203,99.9000015258789,97.16999816894531,98.33000183105469,128100,0.0,0.0
2024-09-24 00:00:00-04:00,98.83999633789062,99.05000305175781,97.7300033569336,97.94000244140625,148800,0.0,0.0
2024-09-25 00:00:00-04:00,98.31999969482422,98.83999633789062,95.87000274658203,96.5,163700,0.0,0.0
2024-09-26 00:00:00-04:00,98.0,99.05000305175781,97.05999755859375,98.05000305175781,171500,0.0,0.0
2024-09-27 00:00:00-04:00,98.81999969482422,99.8499984741211,97.9800033569336,98.81999969482422,118400,0.0,0.0
2024-09-30 00:00:00-04:00,98.77999877929688,100.13999938964844,97.87000274658203,98.33999633789062,243400,0.0,0.0
2024-10-01 00:00:00-04:00,98.25,99.16999816894531,94.86000061035156,95.37999725341797,175500,0.0,0.0
2024-10-02 00:00:00-04:00,95.18000030517578,96.31999969482422,94.58000183105469,95.31999969482422,118200,0.0,0.0
2024-10-03 00:00:00-04:00,94.9000015258789,95.81999969482422,94.33999633789062,95.04000091552734,76700,0.0,0.0
2024-10-04 00:00:00-04:00,96.5,98.30999755859375,96.13999938964844,98.30000305175781,109200,0.0,0.0
2024-10-07 00:00:00-04:00,97.55000305175781,98.68000030517578,96.41000366210938,97.26000213623047,97600,0.0,0.0
2024-10-08 00:00:00-04:00,97.77999877929688,99.25,96.87000274658203,98.52999877929688,56300,0.0,0.0
2024-10-09 00:00:00-04:00,98.06999969482422,100.47000122070312,97.94999694824219,99.52999877929688,103400,0.0,0.0
2024-10-10 00:00:00-04:00,98.05999755859375,98.43000030517578,96.95999908447266,98.19000244140625,134500,0.0,0.0
2024-10-11 00:00:00-04:00,98.55000305175781,100.33000183105469,97.86000061035156,100.0199966430664,66700,0.0,0.0
2024-10-14 00:00:00-04:00,100.4000015258789,101.88999938964844,100.36000061035156,101.66999816894531,76200,0.0,0.0
2024-10-15 00:00:00-04:00,101.26000213623047,102.98999786376953,101.05000305175781,101.12000274658203,106800,0.0,0.0
2024-10-16 00:00:00-04:00,102.0199966430664,102.58000183105469,98.31999969482422,99.05000305175781,198600,0.0,0.0
2024-10-17 00:00:00-04:00,98.9800033569336,100.2300033569336,96.13999938964844,99.41999816894531,106900,0.0,0.0
2024-10-18 00:00:00-04:00,99.58000183105469,99.7699966430664,98.05999755859375,98.18000030517578,82500,0.0,0.0
2024-10-21 00:00:00-04:00,97.70999908447266,98.2300033569336,96.66999816894531,97.47000122070312,84900,0.0,0.0
2024-10-22 00:00:00-04:00,96.80000305175781,97.73999786376953,95.94000244140625,96.95999908447266,109600,0.0,0.0
2024-10-23 00:00:00-04:00,96.19000244140625,97.62000274658203,96.12000274658203,97.58999633789062,109100,0.0,0.0
2024-10-24 00:00:00-04:00,97.9000015258789,98.58000183105469,97.41000366210938,97.63999938964844,130700,0.0,0.0
2024-10-25 00:00:00-04:00,98.33000183105469,99.25,97.30999755859375,97.58999633789062,74000,0.0,0.0
2024-10-28 00:00:00-04:00,98.23999786376953,99.06999969482422,97.26000213623047,97.31999969482422,109300,0.0,0.0
2024-10-29 00:00:00-04:00,96.37000274658203,98.5999984741211,96.3499984741211,97.94000244140625,78500,0.0,0.0
2024-10-30 00:00:00-04:00,97.37000274658203,98.79000091552734,95.68000030517578,95.70999908447266,118000,0.0,0.0
2024-10-31 00:00:00-04:00,95.08999633789062,95.75,88.70999908447266,88.94999694824219,185600,0.0,0.0
2024-11-01 00:00:00-04:00,89.12999725341797,91.06999969482422,89.04000091552734,89.12999725341797,174500,0.0,0.0
2024-11-04 00:00:00-05:00,88.5999984741211,89.93000030517578,88.37000274658203,88.58000183105469,219400,0.0,0.0
2024-11-05 00:00:00-05:00,88.12000274658203,90.41999816894531,88.12000274658203,89.80000305175781,189100,0.0,0.0
2024-11-06 00:00:00-05:00,106.9800033569336,106.9800033569336,97.79000091552734,98.0,325100,0.0,0.0
2024-11-07 00:00:00-05:00,97.75,101.3499984741211,97.2300033569336,98.56999969482422,231700,0.0,0.0
2024-11-08 00:00:00-05:00,98.51000213623047,99.97000122070312,97.66000366210938,98.5,219700,0.0,0.0
2024-11-11 00:00:00-05:00,100.12999725341797,100.88999938964844,97.12999725341797,97.4000015258789,150800,0.0,0.0
2024-11-12 00:00:00-05:00,97.2300033569336,97.52999877929688,94.94999694824219,95.22000122070312,199700,0.0,0.0
2024-11-13 00:00:00-05:00,85.0,87.0199966430664,79.47000122070312,79.9800033569336,436300,0.0,0.0
2024-11-14 00:00:00-05:00,80.62000274658203,82.08000183105469,79.93000030517578,80.47000122070312,267000,0.0,0.0
2024-11-15 00:00:00-05:00,81.20999908447266,81.61000061035156,78.05999755859375,78.62000274658203,172600,0.0,0.0
2024-11-18 00:00:00-05:00,78.58000183105469,79.72000122070312,78.04000091552734,79.51000213623047,186800,0.0,0.0
2024-11-19 00:00:00-05:00,78.4000015258789,79.93000030517578,78.0,79.52999877929688,153200,0.0,0.0
2024-11-20 00:00:00-05:00,79.16000366210938,80.72000122070312,78.7300033569336,80.72000122070312,123000,0.0,0.0
2024-11-21 00:00:00-05:00,81.5999984741211,82.7699966430664,80.0999984741211,80.33000183105469,126300,0.0,0.0
2024-11-22 00:00:00-05:00,80.86000061035156,83.04000091552734,80.86000061035156,82.47000122070312,166900,0.0,0.0
2024-11-25 00:00:00-05:00,83.97000122070312,85.27999877929688,82.76000213623047,83.20999908447266,193500,0.0,0.0
2024-11-26 00:00:00-05:00,82.48999786376953,84.0199966430664,82.06999969482422,82.69999694824219,215200,0.0,0.0
2024-11-27 00:00:00-05:00,83.20999908447266,83.95999908447266,80.23999786376953,80.80999755859375,103500,0.0,0.0
2024-11-29 00:00:00-05:00,80.87000274658203,81.69000244140625,80.61000061035156,80.86000061035156,72800,0.0,0.0
2024-12-02 00:00:00-05:00,80.37000274658203,83.31999969482422,80.19000244140625,83.08000183105469,145300,0.0,0.0
2024-12-03 00:00:00-05:00,82.58000183105469,83.44000244140625,80.94999694824219,81.16999816894531,156900,0.0,0.0
2024-12-04 00:00:00-05:00,80.87000274658203,81.75,80.18000030517578,81.18000030517578,216300,0.0,0.0
2024-12-05 00:00:00-05:00,80.87000274658203,80.94000244140625,79.1500015258789,79.18000030517578,120900,0.0,0.0
2024-12-06 00:00:00-05:00,80.37000274658203,81.62999725341797,78.68000030517578,81.23999786376953,129000,0.0,0.0
2024-12-09 00:00:00-05:00,81.37000274658203,82.0,79.48999786376953,79.63999938964844,138900,0.0,0.0
2024-12-10 00:00:00-05:00,79.55999755859375,80.16000366210938,78.12000274658203,79.0999984741211,124400,0.0,0.0
2024-12-11 00:00:00-05:00,79.75,81.05000305175781,78.72000122070312,80.16000366210938,289900,0.0,0.0
2024-12-12 00:00:00-05:00,79.86000061035156,80.33999633789062,77.80000305175781,78.4000015258789,182400,0.0,0.0
2024-12-13 00:00:00-05:00,78.73999786376953,79.12000274658203,76.79000091552734,77.13999938964844,242400,0.0,0.0
2024-12-16 00:00:00-05:00,76.98999786376953,79.45999908447266,76.12000274658203,78.05999755859375,229300,0.0,0.0
2024-12-17 00:00:00-05:00,77.61000061035156,78.48999786376953,76.7699966430664,77.62999725341797,225700,0.0,0.0
2024-12-18 00:00:00-05:00,78.41999816894531,78.72000122070312,73.66999816894531,74.2300033569336,232700,0.0,0.0
2024-12-19 00:00:00-05:00,75.33000183105469,76.30999755859375,73.81999969482422,73.9000015258789,245700,0.0,0.0
2024-12-20 00:00:00-05:00,73.06999969482422,75.4800033569336,72.7699966430664,74.0,571700,0.0,0.0
2024-12-23 00:00:00-05:00,73.81999969482422,74.44999694824219,73.0,73.69999694824219,134900,0.0,0.0
2024-12-24 00:00:00-05:00,73.5,73.9000015258789,73.16999816894531,73.87000274658203,70100,0.0,0.0
2024-12-26 00:00:00-05:00,73.81999969482422,74.54000091552734,73.5199966430664,74.18000030517578,127200,0.0,0.0
2024-12-27 00:00:00-05:00,73.44999694824219,74.56999969482422,72.56999969482422,73.5,159300,0.0,0.0
2024-12-30 00:00:00-05:00,73.20999908447266,75.48999786376953,71.76000213623047,73.16999816894531,205300,0.0,0.0
2024-12-31 00:00:00-05:00,73.37999725341797,74.5999984741211,72.55000305175781,73.87999725341797,330700,0.0,0.0
2025-01-02 00:00:00-05:00,74.75,74.75,73.01000213623047,74.0,309300,0.0,0.0
2025-01-03 00:00:00-05:00,74.25,74.5,73.36000061035156,74.4000015258789,240100,0.0,0.0
2025-01-06 00:00:00-05:00,75.47000122070312,76.48999786376953,74.30000305175781,74.44999694824219,177900,0.0,0.0
2025-01-07 00:00:00-05:00,74.8499984741211,75.36000061035156,73.95999908447266,74.43000030517578,149900,0.0,0.0
2025-01-08 00:00:00-05:00,73.58999633789062,76.16999816894531,73.58999633789062,75.94000244140625,172900,0.0,0.0
2025-01-10 00:00:00-05:00,74.26000213623047,76.97000122070312,74.26000213623047,76.33999633789062,232700,0.0,0.0
2025-01-13 00:00:00-05:00,75.69000244140625,77.69000244140625,75.20999908447266,77.33999633789062,210900,0.0,0.0
2025-01-14 00:00:00-05:00,78.76000213623047,79.33999633789062,77.43000030517578,78.16999816894531,161800,0.0,0.0
2025-01-15 00:00:00-05:00,80.08999633789062,80.23999786376953,78.68000030517578,79.44000244140625,230700,0.0,0.0
2025-01-16 00:00:00-05:00,79.48999786376953,80.87000274658203,79.05999755859375,80.12999725341797,123300,0.0,0.0
2025-01-17 00:00:00-05:00,80.83000183105469,81.16999816894531,79.7699966430664,80.05999755859375,142200,0.0,0.0
2025-01-21 00:00:00-05:00,80.91999816894531,82.41999816894531,80.81999969482422,82.2300033569336,179100,0.0,0.0
2025-01-22 00:00:00-05:00,82.19000244140625,83.72000122070312,80.3499984741211,80.5,202000,0.0,0.0
2025-01-23 00:00:00-05:00,79.69999694824219,81.2699966430664,79.16999816894531,80.68000030517578,193173,0.0,0.0
