Date,Open,High,Low,Close,Volume,Dividends,Stock Splits
2022-01-03 00:00:00-05:00,128.63519265296293,128.9650726787725,126.97606578587728,128.6739959716797,977800,0.0,0.0
2022-01-04 00:00:00-05:00,128.82924731793676,129.31437026003016,126.65589120763859,127.45149993896484,1111400,0.0,0.0
2022-01-05 00:00:00-05:00,127.77167466410066,131.08021647016747,127.77167466410066,128.5575714111328,913700,0.0,0.0
2022-01-06 00:00:00-05:00,128.7225278107983,129.04271074938143,126.28721581735344,126.5685806274414,668300,0.0,0.0
2022-01-07 00:00:00-05:00,127.20892988640784,129.50840773927905,125.0646801129041,129.15911865234375,1106600,0.0,0.0
2022-01-10 00:00:00-05:00,127.39327840669175,130.7600325674387,126.18047113854878,130.63389587402344,1197300,0.0,0.0
2022-01-11 00:00:00-05:00,130.98317652769893,132.8751527832551,130.7891303382426,132.39002990722656,1572800,0.0,0.0
2022-01-12 00:00:00-05:00,131.79816471313958,131.82727089807446,129.84797629863522,131.6720428466797,937300,0.0,0.0
2022-01-13 00:00:00-05:00,131.46831541678418,132.2056969484427,130.56599386375902,130.87646484375,883600,0.0,0.0
2022-01-14 00:00:00-05:00,130.7406227344983,132.25420382744704,129.36287546258916,132.14747619628906,926900,0.0,0.0
2022-01-18 00:00:00-05:00,131.88548353659618,131.90489259485017,128.84862473227426,129.8285675048828,888400,0.0,0.0
2022-01-19 00:00:00-05:00,129.8188862628561,131.206330599925,128.18886567986468,128.45083618164062,894000,0.0,0.0
2022-01-20 00:00:00-05:00,128.5187680626895,130.9637768740526,128.43143468710227,128.92626953125,635700,0.0,0.0
2022-01-21 00:00:00-05:00,129.6442348307892,130.11966058700497,127.1021956552131,127.60672760009766,715900,0.0,0.0
2022-01-24 00:00:00-05:00,126.20956373276475,128.07243371938281,124.13323850556574,127.63582611083984,1353900,0.0,0.0
2022-01-25 00:00:00-05:00,126.71409565467496,127.82987229932469,124.17204922947981,127.160400390625,699900,0.0,0.0
2022-01-26 00:00:00-05:00,126.85963457217244,128.37321560633447,125.25873497175697,126.66558837890625,813700,0.0,0.0
2022-01-27 00:00:00-05:00,127.13128569149637,131.0801925732958,127.13128569149637,130.68238830566406,1266200,0.0,0.0
2022-01-28 00:00:00-05:00,130.54657644825213,132.8072509578271,128.80013103261734,132.72962951660156,858900,0.0,0.0
2022-01-31 00:00:00-05:00,131.80789904607812,132.5646895925525,130.47865222078758,132.14747619628906,1102900,0.0,0.0
2022-02-01 00:00:00-05:00,131.8952171678605,133.5931473274781,131.32277569576425,133.5640411376953,1853800,0.0,0.0
2022-02-02 00:00:00-05:00,130.33310640524041,133.88420921351116,128.07243215204429,132.03103637695312,1849900,0.0,0.0
2022-02-03 00:00:00-05:00,133.01099386122613,135.1746526659275,131.22574513307947,133.77749633789062,1114400,0.0,0.0
2022-02-04 00:00:00-05:00,132.1668623606769,133.69014031809527,130.62417534510791,132.54525756835938,1357600,0.0,0.0
2022-02-07 00:00:00-05:00,132.94306115460523,136.067253286074,131.36155603081946,135.26194763183594,1737700,0.0,0.0
2022-02-08 00:00:00-05:00,135.41722720906046,138.72575447251472,134.78655849194018,138.00778198242188,2163100,0.0,0.0
2022-02-09 00:00:00-05:00,138.2406157296308,139.2884829572494,136.83376229797855,138.6675262451172,1506100,0.0,0.0
2022-02-10 00:00:00-05:00,137.8428113374417,139.3369831756742,136.68821660551131,137.3285675048828,1359200,0.0,0.0
2022-02-11 00:00:00-05:00,137.91263762093777,138.19493466660683,136.44279476382087,136.5109405517578,1250100,0.46,0.0
2022-02-14 00:00:00-05:00,136.27732333525927,137.1825869965226,134.03847862414153,136.45252990722656,1248200,0.0,0.0
2022-02-15 00:00:00-05:00,137.78608706349385,140.2682837072707,137.0949599368007,137.7179412841797,1066600,0.0,0.0
2022-02-16 00:00:00-05:00,137.24100000892673,139.226748698141,137.0268487474464,138.93472290039062,1433000,0.0,0.0
2022-02-17 00:00:00-05:00,138.32146327099397,139.51875251478427,137.63033615363975,138.33119201660156,1344000,0.0,0.0
2022-02-18 00:00:00-05:00,138.32144767787742,140.38507034560473,137.26042040439106,137.73739624023438,1099300,0.0,0.0
2022-02-22 00:00:00-05:00,137.87370211133873,138.22413007748807,135.4499074410516,136.82241821289062,985400,0.0,0.0
2022-02-23 00:00:00-05:00,137.47457791093785,137.9612825136065,135.51803075530628,135.76138305664062,1095200,0.0,0.0
2022-02-24 00:00:00-05:00,133.91194691712693,134.26236006478177,131.11825165902022,134.19422912597656,1807900,0.0,0.0
2022-02-25 00:00:00-05:00,135.52779689070388,138.5648445493113,135.52779689070388,138.14627075195312,1082000,0.0,0.0
2022-02-28 00:00:00-05:00,135.60562682990374,138.91522686441917,134.71009219083578,138.74000549316406,1241200,0.0,0.0
2022-03-01 00:00:00-05:00,138.65241931835405,139.51875297780043,136.60825390242374,138.19491577148438,952600,0.0,0.0
2022-03-02 00:00:00-05:00,138.85685628301212,140.27804065815343,138.39935263949025,139.1975555419922,1008200,0.0,0.0
2022-03-03 00:00:00-05:00,139.80102420148737,141.85491820247393,139.65501876307067,141.60183715820312,721100,0.0,0.0
2022-03-04 00:00:00-05:00,139.68425049565167,143.58761688714335,139.28514907236092,143.38320922851562,1059400,0.0,0.0
2022-03-07 00:00:00-05:00,142.98407827709013,144.47339318029555,140.93991299466722,140.98858642578125,1411500,0.0,0.0
2022-03-08 00:00:00-05:00,140.5894953332242,142.59473092875564,139.324075150291,140.57003784179688,1282600,0.0,0.0
2022-03-09 00:00:00-05:00,142.55577948047562,143.2566353178472,141.14433906048006,141.9522705078125,1458300,0.0,0.0
2022-03-10 00:00:00-05:00,141.24169342948136,143.7238752279195,140.56029504641123,142.28323364257812,1311400,0.0,0.0
2022-03-11 00:00:00-05:00,142.2053796888525,143.60709164084287,140.61873242221125,140.716064453125,1041300,0.0,0.0
2022-03-14 00:00:00-04:00,142.10802922785982,142.45845717041018,139.38248021391772,142.26376342773438,1033500,0.0,0.0
2022-03-15 00:00:00-04:00,143.06197337287932,147.52018997871673,142.63367088234634,147.36444091796875,1843000,0.0,0.0
2022-03-16 00:00:00-04:00,147.64673919788257,148.98032025304897,144.37609768373602,146.4981231689453,1002200,0.0,0.0
2022-03-17 00:00:00-04:00,146.0405966595451,148.34757195655504,145.70964106098742,148.15289306640625,1291300,0.0,0.0
2022-03-18 00:00:00-04:00,148.1626439347134,148.39625267313463,146.11847835523994,147.95822143554688,2036700,0.0,0.0
2022-03-21 00:00:00-04:00,148.5422472679738,151.6182089979591,148.39622697869564,149.1068115234375,1049300,0.0,0.0
2022-03-22 00:00:00-04:00,149.72008523289622,150.5572178427783,147.57858769807277,148.06529235839844,1057600,0.0,0.0
2022-03-23 00:00:00-04:00,147.96794949079384,148.50332760225496,146.53703656245594,147.50071716308594,1038300,0.0,0.0
2022-03-24 00:00:00-04:00,148.42540824689024,148.8050371834495,147.26704909729972,148.5519561767578,696800,0.0,0.0
2022-03-25 00:00:00-04:00,148.7758925598969,151.20941611597888,148.64935943505398,150.5767059326172,760600,0.0,0.0
2022-03-28 00:00:00-04:00,149.95370465451984,150.68376162474337,148.45464602462118,150.61561584472656,676500,0.0,0.0
2022-03-29 00:00:00-04:00,150.97579069268443,151.21914302142633,149.30152548269646,150.91737365722656,869700,0.0,0.0
2022-03-30 00:00:00-04:00,151.29700690529864,152.09520969524223,149.80769180020664,151.0147247314453,751700,0.0,0.0
2022-03-31 00:00:00-04:00,150.53775910638097,152.766874969895,149.96345112000964,150.59617614746094,1052400,0.0,0.0
2022-04-01 00:00:00-04:00,150.81031521000938,153.2730547220931,149.97319736274696,152.35804748535156,822800,0.0,0.0
2022-04-04 00:00:00-04:00,151.8615917881352,151.8615917881352,149.73956647253203,150.63510131835938,994300,0.0,0.0
2022-04-05 00:00:00-04:00,150.50853910531808,153.5650436703932,150.50853910531808,151.61822509765625,707600,0.0,0.0
2022-04-06 00:00:00-04:00,151.3262068913273,154.65526470768472,151.3262068913273,153.9349365234375,922100,0.0,0.0
2022-04-07 00:00:00-04:00,153.92523554497257,159.45419389263893,153.33145520770816,158.58786010742188,1653500,0.0,0.0
2022-04-08 00:00:00-04:00,159.17187341582422,162.4619863471169,158.7046263148107,161.0408172607422,2019600,0.0,0.0
2022-04-11 00:00:00-04:00,161.29392900323887,161.99478493512285,157.6728449728543,158.3250274658203,1420700,0.0,0.0
2022-04-12 00:00:00-04:00,156.90386904120285,158.81174321411407,155.26853346851544,158.29583740234375,1100800,0.0,0.0
2022-04-13 00:00:00-04:00,158.30558888432293,159.78516060345564,157.07908343048004,158.62681579589844,1075400,0.0,0.0
2022-04-14 00:00:00-04:00,158.94801837583023,159.93117140043117,156.22248386993414,156.92333984375,2988800,0.0,0.0
2022-04-18 00:00:00-04:00,156.07643935410653,158.3931581780983,156.07643935410653,157.59495544433594,940300,0.0,0.0
2022-04-19 00:00:00-04:00,158.0622107849425,159.11349463723383,157.31268144660515,158.51971435546875,905700,0.0,0.0
2022-04-20 00:00:00-04:00,159.29842697843392,162.04344835069173,159.29842697843392,161.3231201171875,924300,0.0,0.0
2022-04-21 00:00:00-04:00,161.28418622038737,162.74430014256643,159.74619777332646,160.6320037841797,928800,0.0,0.0
2022-04-22 00:00:00-04:00,159.15242133950287,159.22056712030357,154.57740057741714,154.77207946777344,1301500,0.0,0.0
2022-04-25 00:00:00-04:00,154.14908893949604,154.6357935629659,151.3067357207976,154.25616455078125,1444400,0.0,0.0
2022-04-26 00:00:00-04:00,153.7208012501015,157.3905586221793,152.91286971522214,153.06861877441406,1409200,0.0,0.0
2022-04-27 00:00:00-04:00,153.21462373469203,155.00570820346368,151.2483475677343,153.27304077148438,915300,0.0,0.0
2022-04-28 00:00:00-04:00,153.62347415461548,154.69421555154122,152.8642011799668,153.55532836914062,1060800,0.0,0.0
2022-04-29 00:00:00-04:00,152.78631794153014,153.02967024690443,146.70251030717307,147.26707458496094,2057100,0.0,0.0
2022-05-02 00:00:00-04:00,148.22105841856234,148.8342962608519,143.9185905100639,145.00880432128906,2102600,0.0,0.0
2022-05-03 00:00:00-04:00,145.4175938712573,147.71484008381606,145.23264375430273,146.75115966796875,1766300,0.0,0.0
2022-05-04 00:00:00-04:00,149.5546010623215,152.9907346296573,146.00166313445655,152.62083435058594,2816100,0.0,0.0
2022-05-05 00:00:00-04:00,150.75190214530684,152.39696633272044,149.3404615503291,151.0634002685547,1543100,0.0,0.0
2022-05-06 00:00:00-04:00,150.29435245215808,154.93751781267088,149.93419585405977,154.78176879882812,1880100,0.0,0.0
2022-05-09 00:00:00-04:00,154.05174147961463,155.33664881008318,152.44562216957527,153.13674926757812,1936800,0.0,0.0
2022-05-10 00:00:00-04:00,153.74999235569936,156.59234566262035,153.22435788137736,155.40478515625,1779100,0.0,0.0
2022-05-11 00:00:00-04:00,155.50209254942575,160.23286102955817,154.9277847864305,157.01087951660156,1904200,0.0,0.0
2022-05-12 00:00:00-04:00,144.7362443896777,147.69540239613536,141.75761403659143,147.57859802246094,5495900,0.0,0.0
2022-05-13 00:00:00-04:00,148.29136610113625,150.4100912957934,146.61200527341907,149.27749633789062,1974500,0.46,0.0
2022-05-16 00:00:00-04:00,150.18549201385846,152.86074075829137,149.66800134103326,150.8982391357422,1613800,0.0,0.0
2022-05-17 00:00:00-04:00,151.99177717240713,153.76878077572565,149.05290378797585,153.2220001220703,1987300,0.0,0.0
2022-05-18 00:00:00-04:00,153.22199550557224,153.83711441099535,147.21731583217638,147.53952026367188,2040500,0.0,0.0
2022-05-19 00:00:00-04:00,145.8992247601577,146.8755965189164,143.3606671263354,145.8504180908203,1373700,0.0,0.0
2022-05-20 00:00:00-04:00,146.05544449515534,148.09605784896783,144.58112853633276,146.63150024414062,2256100,0.0,0.0
2022-05-23 00:00:00-04:00,148.32062240692443,150.292882432863,147.15873774811206,149.09194946289062,975700,0.0,0.0
2022-05-24 00:00:00-04:00,149.3848554028403,150.07808579686707,146.5436104597949,149.4629669189453,1002000,0.0,0.0
2022-05-25 00:00:00-04:00,149.0822238396128,151.34739884042688,148.26207504095177,150.62489318847656,1424300,0.0,0.0
2022-05-26 00:00:00-04:00,153.45635322937892,154.38390345496066,151.7965241575614,152.1187286376953,1601500,0.0,0.0
2022-05-27 00:00:00-04:00,151.85507993721265,153.32939574985346,150.89823990177518,153.15365600585938,1650200,0.0,0.0
2022-05-31 00:00:00-04:00,152.31400004554274,152.68502609514536,150.0976318990107,151.13258361816406,4329600,0.0,0.0
2022-06-01 00:00:00-04:00,152.77289886662646,153.18297324055035,141.93516577631092,146.4655303955078,2730400,0.0,0.0
2022-06-02 00:00:00-04:00,146.37762538774066,146.7681829584278,142.16946626447972,144.70803833007812,1409500,0.0,0.0
2022-06-03 00:00:00-04:00,144.16128444463058,145.3915223974518,143.33137738735113,143.55593872070312,875500,0.0,0.0
2022-06-06 00:00:00-04:00,143.71214971263194,144.4151385128676,142.70648807584337,143.4192352294922,796600,0.0,0.0
2022-06-07 00:00:00-04:00,144.249149689724,146.1921196946407,142.94080038548387,146.02613830566406,1039900,0.0,0.0
2022-06-08 00:00:00-04:00,145.3231756424531,145.3231756424531,142.67721639826027,142.96035766601562,847600,0.0,0.0
2022-06-09 00:00:00-04:00,141.95467601177302,143.2923004275821,140.4901185118655,140.5584716796875,938800,0.0,0.0
2022-06-10 00:00:00-04:00,139.1720070841951,142.49167960090537,138.86933425935436,141.03688049316406,1164200,0.0,0.0
2022-06-13 00:00:00-04:00,138.86936312678787,140.45109564403842,137.65867157575275,138.1761474609375,1437900,0.0,0.0
2022-06-14 00:00:00-04:00,138.16637375457603,139.25992034650037,136.78970078245348,137.87347412109375,1220700,0.0,0.0
2022-06-15 00:00:00-04:00,137.94180225957922,140.78304768144827,137.7562892398471,138.9474639892578,1309500,0.0,0.0
2022-06-16 00:00:00-04:00,137.48291455947765,138.69362098818146,135.54970251376258,137.62937927246094,1136100,0.0,0.0
2022-06-17 00:00:00-04:00,138.18589424681605,139.38682734224267,136.565113546752,137.35597229003906,2942100,0.0,0.0
2022-06-21 00:00:00-04:00,137.34620095174117,141.00759471212535,136.7408552841308,139.875,1210600,0.0,0.0
2022-06-22 00:00:00-04:00,139.43564153095159,142.10113212792456,139.2306118148575,141.5934295654297,969900,0.0,0.0
2022-06-23 00:00:00-04:00,142.46239411487778,142.93104834552588,140.2362678964876,141.183349609375,1028800,0.0,0.0
2022-06-24 00:00:00-04:00,142.1304348340513,145.48914095130792,139.81642378541187,144.9521484375,4123400,0.0,0.0
2022-06-27 00:00:00-04:00,144.80569671054872,146.1823844997553,144.31751081919188,145.69419860839844,1138400,0.0,0.0
2022-06-28 00:00:00-04:00,145.38174540737327,146.45576027535938,139.76760793015117,139.80667114257812,1731800,0.0,0.0
2022-06-29 00:00:00-04:00,140.49012707500896,141.0368928579143,139.46493378293633,140.1874542236328,1220300,0.0,0.0
2022-06-30 00:00:00-04:00,138.92794377454032,140.08982865803176,137.48291761020116,138.1370849609375,1299400,0.0,0.0
2022-07-01 00:00:00-04:00,138.49833009354694,140.08004746285346,136.0085793060554,139.75784301757812,985400,0.0,0.0
2022-07-05 00:00:00-04:00,138.88890588707716,139.21111040908713,134.97365984371945,137.3852996826172,1030100,0.0,0.0
2022-07-06 00:00:00-04:00,136.97517665499518,138.3811542602043,136.24289789380285,136.5358123779297,1525100,0.0,0.0
2022-07-07 00:00:00-04:00,137.13141607045947,138.56668380559947,136.76040491797352,137.46337890625,942100,0.0,0.0
2022-07-08 00:00:00-04:00,137.66841405041683,140.64635080917165,137.38527280369928,139.18179321289062,987900,0.0,0.0
2022-07-11 00:00:00-04:00,137.48289113796787,139.10367167005646,136.25266820904778,137.98085021972656,1086900,0.0,0.0
2022-07-12 00:00:00-04:00,137.83441458135627,140.41203571252504,137.27789036464205,138.03945922851562,812600,0.0,0.0
2022-07-13 00:00:00-04:00,136.82875142028453,137.8344132409597,135.74497806327267,135.82308959960938,836000,0.0,0.0
2022-07-14 00:00:00-04:00,133.82152977893762,136.65301721833953,133.11854082144836,136.23316955566406,1279000,0.0,0.0
2022-07-15 00:00:00-04:00,138.18587456091385,138.91815327789666,136.58462569570798,138.8595733642578,977100,0.0,0.0
2022-07-18 00:00:00-04:00,138.99627565148222,139.35752841263565,136.5065248396346,137.08258056640625,763700,0.0,0.0
2022-07-19 00:00:00-04:00,138.45926038076036,140.01168771834273,137.75627160558173,139.70901489257812,648300,0.0,0.0
2022-07-20 00:00:00-04:00,139.6797311283174,139.6797311283174,137.1899803473555,138.14683532714844,514200,0.0,0.0
2022-07-21 00:00:00-04:00,138.0394265437091,138.86933349462987,136.32100293098125,138.78146362304688,810400,0.0,0.0
2022-07-22 00:00:00-04:00,140.08004681403307,140.4901211338706,138.11754509090005,139.13296508789062,675300,0.0,0.0
2022-07-25 00:00:00-04:00,139.70902117340427,142.3159317909521,139.50399146207164,140.7439727783203,600000,0.0,0.0
2022-07-26 00:00:00-04:00,141.1540610111133,141.9351464369694,140.4510722092432,141.7691650390625,696500,0.0,0.0
2022-07-27 00:00:00-04:00,140.99783356699268,142.02302677925093,139.1720084504902,141.64224243164062,802000,0.0,0.0
2022-07-28 00:00:00-04:00,141.4664764541481,142.589297802514,139.80664776159716,142.1304168701172,639200,0.0,0.0
2022-07-29 00:00:00-04:00,141.90587779127588,142.8139113376731,141.3493535968565,142.48193359375,682200,0.0,0.0
2022-08-01 00:00:00-04:00,142.0621008592101,144.0441344765884,141.52509337459364,142.48193359375,1077900,0.0,0.0
2022-08-02 00:00:00-04:00,142.85297060242067,143.24352830218476,139.11346442985194,139.4356689453125,1387200,0.0,0.0
2022-08-03 00:00:00-04:00,139.6602028787853,141.21264522075117,133.8507941824538,135.71566772460938,2622100,0.0,0.0
2022-08-04 00:00:00-04:00,137.97108557984907,142.94081406664657,135.7742492064995,135.9792938232422,1576200,0.0,0.0
2022-08-05 00:00:00-04:00,135.50088033445505,137.9808731066217,135.50088033445505,137.97109985351562,982500,0.0,0.0
2022-08-08 00:00:00-04:00,138.2054119340918,138.9181590768649,137.04352727092447,137.29737854003906,1127100,0.0,0.0
2022-08-09 00:00:00-04:00,138.32258501238746,142.41358505752314,138.03944375811645,141.30052185058594,1395900,0.0,0.0
2022-08-10 00:00:00-04:00,141.97420110719438,143.3215838145232,141.32003390835206,142.1401824951172,772200,0.0,0.0
2022-08-11 00:00:00-04:00,141.37861477369913,144.8056738260555,140.66586765646804,144.71780395507812,1138400,0.0,0.0
2022-08-12 00:00:00-04:00,145.10959391712066,147.51893754740343,144.72762407599623,147.4014129638672,880900,0.46,0.0
2022-08-15 00:00:00-04:00,146.60807372764552,148.36121330534093,145.19771912376797,147.71481323242188,1021900,0.0,0.0
2022-08-16 00:00:00-04:00,147.37200901167645,149.8401294964092,146.90189580565144,149.5169219970703,966000,0.0,0.0
2022-08-17 00:00:00-04:00,148.87053285247006,150.19274422078888,146.35343838015956,146.45138549804688,852700,0.0,0.0
2022-08-18 00:00:00-04:00,146.83332083612748,147.37199996863785,144.72759279814784,146.8235321044922,552900,0.0,0.0
2022-08-19 00:00:00-04:00,147.4209815178223,149.40918510558075,146.97044577946068,148.89988708496094,902000,0.0,0.0
2022-08-22 00:00:00-04:00,148.3808176883555,148.87052335729396,145.60908180880807,145.92250061035156,568900,0.0,0.0
2022-08-23 00:00:00-04:00,145.49155996780155,146.16735619479195,144.61988445847675,144.97247314453125,552800,0.0,0.0
2022-08-24 00:00:00-04:00,145.32503648933135,145.67762511390274,144.1007725074348,145.17811584472656,455200,0.0,0.0
2022-08-25 00:00:00-04:00,145.2173155365305,147.42099092967862,144.75699103661356,147.3230438232422,747100,0.0,0.0
2022-08-26 00:00:00-04:00,147.36223584303622,147.86173024315235,143.02343586356963,143.18014526367188,766700,0.0,0.0
2022-08-29 00:00:00-04:00,142.02441850574647,145.72659179668304,141.4269770516731,144.453369140625,892600,0.0,0.0
2022-08-30 00:00:00-04:00,143.85591866239739,144.71779033702234,142.1615265636714,142.43576049804688,859700,0.0,0.0
2022-08-31 00:00:00-04:00,142.63168085555085,144.57091115999918,142.56311488706413,143.5425262451172,1079100,0.0,0.0
2022-09-01 00:00:00-04:00,143.5425227032664,144.66885470401448,142.3672320915288,144.57090759277344,659000,0.0,0.0
2022-09-02 00:00:00-04:00,145.00185002440216,147.28388021081872,144.08120098541693,144.66885375976562,698400,0.0,0.0
2022-09-06 00:00:00-04:00,144.99204141148684,145.95187523989534,142.50434329996332,143.01364135742188,861600,0.0,0.0
2022-09-07 00:00:00-04:00,142.8961277087112,145.16836949593102,141.98528221367374,144.7961883544922,662400,0.0,0.0
2022-09-08 00:00:00-04:00,144.49254586193115,145.71680996971855,143.8755119693246,144.50233459472656,752900,0.0,0.0
2022-09-09 00:00:00-04:00,144.5023300591219,144.97245822188975,143.61107717454607,144.23789978027344,854700,0.0,0.0
2022-09-12 00:00:00-04:00,145.01163875761,146.43178219355002,144.12037086287913,144.66885375976562,825300,0.0,0.0
2022-09-13 00:00:00-04:00,143.32706910575877,143.60130311829184,137.49957392248226,138.07742309570312,1274400,0.0,0.0
2022-09-14 00:00:00-04:00,138.05783217370208,138.9490851552703,136.16756047368938,137.22532653808594,1072000,0.0,0.0
2022-09-15 00:00:00-04:00,137.9990427406978,138.02842388339252,136.5005446847467,136.93148803710938,1103900,0.0,0.0
2022-09-16 00:00:00-04:00,136.8041672403406,138.17535206750907,136.25569928732554,137.65626525878906,2818200,0.0,0.0
2022-09-19 00:00:00-04:00,136.65727843737488,137.8031880406401,136.1969538602556,137.47998046875,1735000,0.0,0.0
2022-09-20 00:00:00-04:00,136.8041771228762,137.3428563815833,135.3056788770569,136.0402374267578,898000,0.0,0.0
2022-09-21 00:00:00-04:00,137.04901226837265,139.33104232799982,136.24590279565635,136.2556915283203,977000,0.0,0.0
2022-09-22 00:00:00-04:00,136.22632370511755,138.06762186081713,135.82476145718198,137.12738037109375,707800,0.0,0.0
2022-09-23 00:00:00-04:00,136.45157552896146,136.5886924991477,132.5731006021337,134.37521362304688,1095100,0.0,0.0
2022-09-26 00:00:00-04:00,133.55254386123445,134.45360058798983,132.90612872748633,133.54275512695312,1271300,0.0,0.0
2022-09-27 00:00:00-04:00,134.19893026949927,135.16853781794305,132.38701352491822,132.65145874023438,1058100,0.0,0.0
2022-09-28 00:00:00-04:00,134.28706523282767,136.33403097794707,133.0334201390474,135.560302734375,1078000,0.0,0.0
2022-09-29 00:00:00-04:00,135.55050867403884,135.55050867403884,132.4751580000976,133.26849365234375,1123000,0.0,0.0
2022-09-30 00:00:00-04:00,133.78758821244102,134.65926366288997,132.35764115318364,132.54373168945312,1337600,0.0,0.0
2022-10-03 00:00:00-04:00,133.46438390173088,136.87273108889332,133.01384812179364,136.44178771972656,1016400,0.0,0.0
2022-10-04 00:00:00-04:00,137.13718536982032,139.90892136367935,136.69645323852527,139.7913818359375,1074400,0.0,0.0
2022-10-05 00:00:00-04:00,138.91969413393943,140.5651128764578,138.19493934209223,139.5171356201172,728000,0.0,0.0
2022-10-06 00:00:00-04:00,139.21353265101817,139.44859676177157,136.74541179431796,137.02944946289062,938800,0.0,0.0
2022-10-07 00:00:00-04:00,135.9422992393859,136.40262377240393,134.052027550574,134.52215576171875,1034600,0.0,0.0
2022-10-10 00:00:00-04:00,134.84535286837266,136.2655113381731,134.2773074140106,134.78659057617188,1024900,0.0,0.0
2022-10-11 00:00:00-04:00,136.5005399933952,140.31044912637978,136.5005399933952,138.79237365722656,1582600,0.0,0.0
2022-10-12 00:00:00-04:00,139.8011726214,140.3398368740658,135.9814596316346,136.07940673828125,1418700,0.0,0.0
2022-10-13 00:00:00-04:00,134.0324455772718,139.63467954236128,133.26850594063512,139.12538146972656,1007100,0.0,0.0
2022-10-14 00:00:00-04:00,140.35941133603885,140.74138109170846,136.88249871951226,137.70521545410156,731100,0.0,0.0
2022-10-17 00:00:00-04:00,138.53770249244965,140.52590590718123,138.53770249244965,139.4485626220703,961700,0.0,0.0
2022-10-18 00:00:00-04:00,141.2506968125711,142.25948924122417,140.202719563499,141.0254364013672,836500,0.0,0.0
2022-10-19 00:00:00-04:00,140.93727339051387,141.85792235987745,138.9001111346567,140.0460205078125,569800,0.0,0.0
2022-10-20 00:00:00-04:00,140.37901906730465,140.37901906730465,138.66504934547802,139.83055114746094,877600,0.0,0.0
2022-10-21 00:00:00-04:00,139.53673259925,145.33484584702424,139.53673259925,144.6884307861328,1538300,0.0,0.0
2022-10-24 00:00:00-04:00,146.11837567620455,147.62666251741138,145.0606096684386,147.0096435546875,1177100,0.0,0.0
2022-10-25 00:00:00-04:00,145.97144949953707,149.74218887707656,145.74618909132488,149.62466430664062,1078100,0.0,0.0
2022-10-26 00:00:00-04:00,150.79998004100437,152.15157260536574,150.3102743228598,151.50515747070312,909800,0.0,0.0
2022-10-27 00:00:00-04:00,152.15155180384406,154.85472161836825,152.15155180384406,152.69021606445312,985700,0.0,0.0
2022-10-28 00:00:00-04:00,153.0917800961634,156.11815746963228,152.85673094537322,156.03001403808594,848200,0.0,0.0
2022-10-31 00:00:00-04:00,155.11916819263374,156.16713052402133,153.18972671471457,153.98304748535156,1045500,0.0,0.0
2022-11-01 00:00:00-04:00,154.12993228107368,154.30623406429936,151.55409104559035,153.1015625,1154000,0.0,0.0
2022-11-02 00:00:00-04:00,152.75880150640398,154.98206963079713,151.58351078261006,151.6226806640625,1196000,0.0,0.0
2022-11-03 00:00:00-04:00,149.84013531179085,156.235689697985,147.7441957954909,154.59027099609375,1748600,0.0,0.0
2022-11-04 00:00:00-04:00,156.67644225670398,163.84572590618362,156.02023841455966,158.3120574951172,2719300,0.0,0.0
2022-11-07 00:00:00-05:00,158.605856944106,160.24147190450776,157.24447593247646,158.67440795898438,1393600,0.0,0.0
2022-11-08 00:00:00-05:00,151.720599327439,156.85270467915916,151.720599327439,156.372802734375,8144900,0.0,0.0
2022-11-09 00:00:00-05:00,156.37282614915412,159.0466150599564,154.56090909939536,154.93309020996094,1980700,0.0,0.0
2022-11-10 00:00:00-05:00,158.36665715813157,158.50419584152198,151.07707695725463,152.275634765625,4479300,0.485,0.0
2022-11-11 00:00:00-05:00,152.78647929131287,153.11068078656362,144.51447671588434,150.32058715820312,2944500,0.0,0.0
2022-11-14 00:00:00-05:00,150.31075743179377,154.08325911861502,150.31075743179377,152.01034545898438,2006800,0.0,0.0
2022-11-15 00:00:00-05:00,152.09878699571487,153.5232978246885,149.03361601554374,150.09463500976562,1641300,0.0,0.0
2022-11-16 00:00:00-05:00,151.01814179145492,153.92610696003885,151.01814179145492,153.06158447265625,1213700,0.0,0.0
2022-11-17 00:00:00-05:00,152.27562633095536,156.18566724841045,152.1872118230858,156.12672424316406,1658900,0.0,0.0
2022-11-18 00:00:00-05:00,157.18774112654322,159.152587890625,156.31338491615045,159.152587890625,1579700,0.0,0.0
2022-11-21 00:00:00-05:00,159.1525997863389,160.30203343036914,157.01092384889589,157.48248291015625,1405200,0.0,0.0
2022-11-22 00:00:00-05:00,159.56521384418946,162.58126101026963,159.1427789591016,161.81497192382812,1268800,0.0,0.0
2022-11-23 00:00:00-05:00,162.0310996000001,163.32790580700495,161.27464430317346,162.6205596923828,916100,0.0,0.0
2022-11-25 00:00:00-05:00,163.65205594218693,164.96849941223329,163.04295836452718,164.7523651123047,915000,0.0,0.0
2022-11-28 00:00:00-05:00,164.1924601403641,165.63662402347904,163.96649192040857,164.23175048828125,1674100,0.0,0.0
2022-11-29 00:00:00-05:00,164.09417949463045,165.63659142991793,163.54402478848178,164.94888305664062,1680400,0.0,0.0
2022-11-30 00:00:00-05:00,164.24153418087346,168.23018571296296,163.8682234884663,167.68984985351562,2275800,0.0,0.0
2022-12-01 00:00:00-05:00,167.98457667203868,169.1438290479043,166.80565664090577,168.6133270263672,1144800,0.0,0.0
2022-12-02 00:00:00-05:00,168.3971850226243,171.56058931497066,168.1810506927927,170.9318389892578,1529900,0.0,0.0
2022-12-05 00:00:00-05:00,170.12626517417112,170.12626517417112,167.88634093195324,168.2694854736328,1336700,0.0,0.0
2022-12-06 00:00:00-05:00,168.34808563790045,168.97683605616012,165.5776442698674,166.3439483642578,953500,0.0,0.0
2022-12-07 00:00:00-05:00,167.02179764591568,168.76069126969904,166.77619179472674,167.296875,1224400,0.0,0.0
2022-12-08 00:00:00-05:00,168.01403709622974,168.67225890887946,166.64846930777344,167.46388244628906,882200,0.0,0.0
2022-12-09 00:00:00-05:00,162.600886017349,163.99592539911868,161.62829647834536,162.42405700683594,2979500,0.0,0.0
2022-12-12 00:00:00-05:00,163.07247595613902,164.26119995117188,162.1391616741805,164.26119995117188,1401700,0.0,0.0
2022-12-13 00:00:00-05:00,164.968521013865,164.968521013865,161.34337658833988,162.1293182373047,1735500,0.0,0.0
2022-12-14 00:00:00-05:00,162.56159397784342,163.47524050378422,161.36303628382436,162.3651123046875,2024500,0.0,0.0
2022-12-15 00:00:00-05:00,161.45145275779237,162.87596364378956,160.86200773113367,162.68931579589844,1848000,0.0,0.0
2022-12-16 00:00:00-05:00,162.1489761517419,164.1334755067584,161.56934997571426,163.85838317871094,2909900,0.0,0.0
2022-12-19 00:00:00-05:00,164.08435633575857,165.78394457761846,163.43595331033538,164.2808380126953,1476500,0.0,0.0
2022-12-20 00:00:00-05:00,164.60504423732374,165.64641064643016,164.11383253562514,164.4380340576172,1078800,0.0,0.0
2022-12-21 00:00:00-05:00,165.29274806074966,166.84497893502038,164.09419023366206,166.3439483642578,1159100,0.0,0.0
2022-12-22 00:00:00-05:00,166.35377333386998,168.0533617943646,165.125743956803,166.29483032226562,962400,0.0,0.0
2022-12-23 00:00:00-05:00,166.23586285754178,167.44423938945872,165.8723560217982,167.02178955078125,528000,0.0,0.0
2022-12-27 00:00:00-05:00,167.01197968432183,167.3165285428986,165.82324076247315,166.02955627441406,740300,0.0,0.0
2022-12-28 00:00:00-05:00,166.57969375868134,166.9431855857675,164.18257848790861,164.41836547851562,804700,0.0,0.0
2022-12-29 00:00:00-05:00,165.0471158867562,165.5776178776754,162.93491176896526,163.1313934326172,1480000,0.0,0.0
2022-12-30 00:00:00-05:00,163.12156505106262,163.30822788446986,161.36303386537588,162.79737854003906,1209700,0.0,0.0
2023-01-03 00:00:00-05:00,161.84443099916962,162.09003684110624,159.97781760609672,161.40232849121094,1940900,0.0,0.0
2023-01-04 00:00:00-05:00,161.82478297991346,162.01144582363835,159.00523263053,160.00729370117188,1912200,0.0,0.0
2023-01-05 00:00:00-05:00,159.61432892225295,160.53780930474227,158.38629968821738,160.21360778808594,1610100,0.0,0.0
2023-01-06 00:00:00-05:00,161.7363595321904,163.53419604627365,160.97007052495366,162.79737854003906,1216400,0.0,0.0
2023-01-09 00:00:00-05:00,163.28856845430676,164.77202210592458,162.04088677929184,162.0703582763672,1323500,0.0,0.0
2023-01-10 00:00:00-05:00,162.9054523172553,164.99800392626685,162.00160961454708,164.32012939453125,1126600,0.0,0.0
2023-01-11 00:00:00-05:00,164.7523818392642,165.87234378415232,161.8640549838712,162.4829864501953,1225800,0.0,0.0
2023-01-12 00:00:00-05:00,162.35527517357204,163.05280233826176,161.23531316972228,162.00160217285156,1041600,0.0,0.0
2023-01-13 00:00:00-05:00,161.4318224210954,163.09210539698338,161.274631077272,161.39251708984375,1390700,0.0,0.0
2023-01-17 00:00:00-05:00,161.3924984256967,162.43386472456316,160.85216261291035,161.2746124267578,1264600,0.0,0.0
2023-01-18 00:00:00-05:00,161.1272427820949,161.62828826761054,160.05640496458872,160.08587646484375,1139800,0.0,0.0
2023-01-19 00:00:00-05:00,160.09573298875185,161.60865851516084,159.45714874798398,160.07608032226562,1358000,0.0,0.0
2023-01-20 00:00:00-05:00,160.9995472120656,161.4318158948086,158.4354216081501,159.35890197753906,1612900,0.0,0.0
2023-01-23 00:00:00-05:00,159.84027310934712,160.68515777444352,158.6417154451269,158.87750244140625,1107600,0.0,0.0
2023-01-24 00:00:00-05:00,158.3076941633306,159.1918691605577,154.86921252208487,158.59259033203125,1087800,0.0,0.0
2023-01-25 00:00:00-05:00,158.4354197603775,160.60656699530034,158.39611443117323,160.58692932128906,1110300,0.0,0.0
2023-01-26 00:00:00-05:00,160.85220700107268,162.29637084895947,159.9385602759901,162.011474609375,1067300,0.0,0.0
2023-01-27 00:00:00-05:00,162.69912321276553,163.7306706752504,160.79321961344093,161.2746124267578,1626500,0.0,0.0
2023-01-30 00:00:00-05:00,161.56933764226653,163.35734019924843,161.50056081785712,162.40438842773438,1175700,0.0,0.0
2023-01-31 00:00:00-05:00,164.23171860514375,166.1965654126333,162.96439901017322,165.99026489257812,2114600,0.0,0.0
2023-02-01 00:00:00-05:00,165.19449680363954,165.61694668143522,157.38423338927498,158.21929931640625,2352100,0.0,0.0
2023-02-02 00:00:00-05:00,158.66137293473875,158.97575560600637,154.9478138262875,155.68463134765625,2643100,0.0,0.0
2023-02-03 00:00:00-05:00,156.5491793024191,156.91267117391598,153.15980648216822,153.9752197265625,1501500,0.0,0.0
2023-02-06 00:00:00-05:00,154.45660886506752,154.82010072776754,151.4602144830238,151.77459716796875,1560000,0.0,0.0
2023-02-07 00:00:00-05:00,151.5191628229777,154.5253761482867,150.32060502796546,154.03416442871094,1511600,0.0,0.0
2023-02-08 00:00:00-05:00,153.70996315592092,155.7042813470413,153.05172632304536,155.07553100585938,1009500,0.0,0.0
2023-02-09 00:00:00-05:00,155.4056504220647,155.80968902078737,152.69565963619968,152.7646484375,1057700,0.485,0.0
2023-02-10 00:00:00-05:00,153.46431651307773,156.87398440007422,153.18839137040663,156.71630859375,1313600,0.0,0.0
2023-02-13 00:00:00-05:00,156.5783390708506,157.59335259421158,155.8490997765714,156.3024139404297,1419500,0.0,0.0
2023-02-14 00:00:00-05:00,156.9626669285774,157.88899346833924,154.7256884800878,155.0706024169922,1100700,0.0,0.0
2023-02-15 00:00:00-05:00,154.3315219607021,156.94296177704274,153.7303960924586,156.49951171875,1483600,0.0,0.0
2023-02-16 00:00:00-05:00,155.84912167549143,158.50985229337786,155.1691728893497,158.1353759765625,1609300,0.0,0.0
2023-02-17 00:00:00-05:00,158.3620185114166,161.20997212394153,157.63279418397556,159.14053344726562,1991200,0.0,0.0
2023-02-21 00:00:00-05:00,158.46055805009235,159.56425859682545,157.83971897415887,158.49996948242188,1239400,0.0,0.0
2023-02-22 00:00:00-05:00,158.64781221657097,159.25878721856222,156.93312151953256,157.80032348632812,945300,0.0,0.0
2023-02-23 00:00:00-05:00,157.5243878280773,158.96313822791447,156.18417353085226,157.17947387695312,848500,0.0,0.0
2023-02-24 00:00:00-05:00,156.8739754067708,157.37655009422593,153.0799823573572,156.26300048828125,1101200,0.0,0.0
2023-02-27 00:00:00-05:00,156.5487787800109,157.01194204857126,153.32634913445906,154.35122680664062,1010200,0.0,0.0
2023-02-28 00:00:00-05:00,153.73039967512787,154.34137465693468,152.50843467472103,153.2967987060547,1852900,0.0,0.0
2023-03-01 00:00:00-05:00,152.81393400881348,154.58773424625267,152.2719328087991,154.23297119140625,965500,0.0,0.0
2023-03-02 00:00:00-05:00,154.21327173990406,154.49904598661212,152.46901881467983,152.64639282226562,1360500,0.0,0.0
2023-03-03 00:00:00-05:00,153.27707849082216,154.15412948858693,151.41457625796025,153.87820434570312,1315900,0.0,0.0
2023-03-06 00:00:00-05:00,153.24754022926575,154.5976188584419,152.3902023318318,154.18373107910156,1143900,0.0,0.0
2023-03-07 00:00:00-05:00,154.52860290739048,154.853803613364,150.89228551135008,150.98098754882812,1400200,0.0,0.0
2023-03-08 00:00:00-05:00,151.23722737796632,151.43431465036886,148.40898667516254,149.65065002441406,1544500,0.0,0.0
2023-03-09 00:00:00-05:00,150.3601385048544,150.5670748260726,146.9800332359752,147.8176727294922,1381600,0.0,0.0
2023-03-10 00:00:00-05:00,148.07389406397812,150.44883509953596,146.92091794753367,147.4235076904297,1071800,0.0,0.0
2023-03-13 00:00:00-04:00,146.64499621396251,149.63091225998184,145.90590778600145,146.21139526367188,1363000,0.0,0.0
2023-03-14 00:00:00-04:00,147.18700028022866,148.38925201616675,145.33434710613528,147.11801147460938,1005500,0.0,0.0
2023-03-15 00:00:00-04:00,145.93547472988013,147.89652816725982,145.3343488546788,147.43336486816406,1404200,0.0,0.0
2023-03-16 00:00:00-04:00,147.1180201148403,150.31088778683437,146.9012346595163,149.83787536621094,1131000,0.0,0.0
2023-03-17 00:00:00-04:00,149.65062802354845,150.33059179464823,148.21186257661924,149.8083038330078,2946200,0.0,0.0
2023-03-20 00:00:00-04:00,150.68536053566706,152.16353747236352,150.64593406341754,151.6215362548828,1031400,0.0,0.0
2023-03-21 00:00:00-04:00,152.42959161131247,154.26253153151893,152.25221760457927,153.76980590820312,1173100,0.0,0.0
2023-03-22 00:00:00-04:00,154.03588186598532,154.6271586283393,151.17807926712408,151.2076416015625,722100,0.0,0.0
2023-03-23 00:00:00-04:00,151.14852915446224,151.4343034227388,148.34983596138454,148.73416137695312,830600,0.0,0.0
2023-03-24 00:00:00-04:00,148.65532351868703,154.31180393473412,148.06404676812397,154.13442993164062,1179800,0.0,0.0
2023-03-27 00:00:00-04:00,155.19873393710185,156.1349096845698,153.81909306580718,154.41036987304688,814700,0.0,0.0
2023-03-28 00:00:00-04:00,154.44975153994423,156.2432798158917,154.44975153994423,155.70127868652344,852800,0.0,0.0
2023-03-29 00:00:00-04:00,156.30241774740912,156.91339268868072,155.34652886631457,156.6571807861328,638100,0.0,0.0
2023-03-30 00:00:00-04:00,157.25830325044726,157.39626581605444,155.70128856042794,157.02178955078125,495100,0.0,0.0
2023-03-31 00:00:00-04:00,157.98756052121115,158.65766019131476,156.59807057157477,157.78060913085938,1310300,0.0,0.0
2023-04-03 00:00:00-04:00,158.6576452570346,160.84534815234207,158.17476874952888,159.9190216064453,1024300,0.0,0.0
2023-04-04 00:00:00-04:00,159.74167638442876,160.74682597605553,158.6773870784755,160.59901428222656,847000,0.0,0.0
2023-04-05 00:00:00-04:00,161.58443096906976,165.47696011744844,161.27894350956944,164.92510986328125,1451300,0.0,0.0
2023-04-06 00:00:00-04:00,165.55579800024105,166.36387518433082,163.47649541198066,163.9298095703125,870200,0.0,0.0
2023-04-10 00:00:00-04:00,163.4370931525065,165.02367024051324,163.37795344756842,163.95938110351562,641400,0.0,0.0
2023-04-11 00:00:00-04:00,164.9053918823927,164.9053918823927,163.67357794451755,164.12689208984375,676500,0.0,0.0
2023-04-12 00:00:00-04:00,163.58491499603588,164.22545232317043,161.99833780936163,163.0133514404297,798100,0.0,0.0
2023-04-13 00:00:00-04:00,163.31882074081696,165.00394888398543,163.03304651324848,164.94482421875,703600,0.0,0.0
2023-04-14 00:00:00-04:00,164.75759573803447,165.2601704587648,164.10719430876512,164.69847106933594,781800,0.0,0.0
2023-04-17 00:00:00-04:00,164.62947262177204,164.9645224159673,163.5750476725595,164.94482421875,724200,0.0,0.0
2023-04-18 00:00:00-04:00,165.05323365559437,165.55580837491576,163.78199313496884,164.97439575195312,730300,0.0,0.0
2023-04-19 00:00:00-04:00,165.03352558810874,165.11236349421864,161.5942952384315,162.08702087402344,1086500,0.0,0.0
2023-04-20 00:00:00-04:00,161.96877363986556,163.6539019516962,161.59429734017135,163.54550170898438,1223700,0.0,0.0
2023-04-21 00:00:00-04:00,164.57035154885455,165.3784287561558,163.36809987351833,164.3042755126953,788200,0.0,0.0
2023-04-24 00:00:00-04:00,164.3535573137506,165.7627604121661,163.94951869477617,165.27003479003906,504200,0.0,0.0
2023-04-25 00:00:00-04:00,165.46714196353938,166.17666814781455,164.7773290168259,165.64451599121094,565200,0.0,0.0
2023-04-26 00:00:00-04:00,164.60978926973712,165.4868403824564,162.82612470631432,163.0823516845703,885700,0.0,0.0
2023-04-27 00:00:00-04:00,162.5896055547772,165.16163389350206,162.5896055547772,164.97439575195312,636600,0.0,0.0
2023-04-28 00:00:00-04:00,164.6590603429149,165.34887327167567,163.21044567412022,164.4225616455078,988700,0.0,0.0
2023-05-01 00:00:00-04:00,164.74772869686848,164.97439330527277,162.38265176987667,164.3634033203125,1509300,0.0,0.0
2023-05-02 00:00:00-04:00,166.0485426305264,168.6008578668774,164.01851537576715,166.69894409179688,1776700,0.0,0.0
2023-05-03 00:00:00-04:00,167.23105995212998,168.14753735613087,163.84110553339337,164.46194458007812,1390500,0.0,0.0
2023-05-04 00:00:00-04:00,164.40280395345027,165.4572287801234,163.37792641916928,164.16629028320312,958400,0.0,0.0
2023-05-05 00:00:00-04:00,165.1123585205099,166.9157360968681,162.63886628080022,165.54595947265625,1012900,0.0,0.0
2023-05-08 00:00:00-04:00,165.1123701324845,166.42302218026842,164.35356841286358,165.7627716064453,750800,0.0,0.0
2023-05-09 00:00:00-04:00,167.05369707486588,171.1137513393193,165.69376956280266,165.8021697998047,1190400,0.0,0.0
2023-05-10 00:00:00-04:00,165.84159388404703,167.13254772747555,164.59993065013427,167.03399658203125,822900,0.0,0.0
2023-05-11 00:00:00-04:00,166.9401049378462,170.13224223093846,166.9401049378462,169.43057250976562,1165600,0.485,0.0
2023-05-12 00:00:00-04:00,169.81600595862008,169.85553048893414,167.68131940303212,168.98585510253906,2355300,0.0,0.0
2023-05-15 00:00:00-04:00,168.94628717653816,171.55534305832603,168.5905061435698,171.3082733154297,1810200,0.0,0.0
2023-05-16 00:00:00-04:00,171.34784133911108,172.7314260968383,170.91299610669887,172.5535430908203,1374200,0.0,0.0
2023-05-17 00:00:00-04:00,172.9290779377173,173.29475147016296,171.22923662779363,172.74130249023438,1784200,0.0,0.0
2023-05-18 00:00:00-04:00,172.19776186842105,173.16627119809655,169.35151313474609,172.77096557617188,1648600,0.0,0.0
2023-05-19 00:00:00-04:00,173.07732284720677,174.549849048566,171.07111748942754,171.3577117919922,1772100,0.0,0.0
2023-05-22 00:00:00-04:00,171.9012578253422,171.9012578253422,167.8196605836759,170.23106384277344,1651900,0.0,0.0
2023-05-23 00:00:00-04:00,169.6974232381744,170.19156282411288,167.67144791983787,169.252685546875,1348700,0.0,0.0
2023-05-24 00:00:00-04:00,169.49974577963187,170.1223664483789,168.6695949412642,169.05502319335938,1579000,0.0,0.0
2023-05-25 00:00:00-04:00,168.07664194858972,168.92654753917424,166.25819685540634,168.1754608154297,1914700,0.0,0.0
2023-05-26 00:00:00-04:00,167.91849952991038,169.24278985763962,166.21865833195218,166.4360809326172,1018300,0.0,0.0
2023-05-30 00:00:00-04:00,165.4675481162171,166.4854893744324,162.80909023505575,164.06419372558594,1639900,0.0,0.0
2023-05-31 00:00:00-04:00,162.0382503686683,168.80795326004423,161.45515422992486,168.1556854248047,5084900,0.0,0.0
2023-06-01 00:00:00-04:00,168.57076481308468,171.239115232353,168.1853215068037,170.56707763671875,1539500,0.0,0.0
2023-06-02 00:00:00-04:00,170.93277419141617,173.28486839348292,170.34967801246881,172.4744873046875,1865100,0.0,0.0
2023-06-05 00:00:00-04:00,172.85000147120016,173.5912107658107,171.65419225399586,172.64247131347656,1175200,0.0,0.0
2023-06-06 00:00:00-04:00,172.9784854606937,173.58133630023326,170.9920499467724,172.3262176513672,992900,0.0,0.0
2023-06-07 00:00:00-04:00,172.0593957999735,173.35403899658007,170.99205257194598,171.5454864501953,1054800,0.0,0.0
2023-06-08 00:00:00-04:00,171.83207417041197,174.60913589737365,170.26071409486264,174.3818359375,1066000,0.0,0.0
2023-06-09 00:00:00-04:00,174.5498509137077,176.1805204869241,173.92724533115452,176.131103515625,793800,0.0,0.0
2023-06-12 00:00:00-04:00,176.07179340393245,177.27749501186224,175.1428087145497,177.21820068359375,843600,0.0,0.0
2023-06-13 00:00:00-04:00,176.34852573894722,178.4436726139454,176.06191635400583,177.6826934814453,1273200,0.0,0.0
2023-06-14 00:00:00-04:00,177.069958901902,178.17682663309282,175.08352340290242,176.9513702392578,1097100,0.0,0.0
2023-06-15 00:00:00-04:00,177.47516482126147,180.0644512702682,176.4572385418454,179.75808715820312,1154100,0.0,0.0
2023-06-16 00:00:00-04:00,179.07617688881678,181.2899275879426,178.41403167558312,180.86495971679688,2001100,0.0,0.0
2023-06-20 00:00:00-04:00,181.03296313721336,182.87116291553167,180.86495749531696,182.32762145996094,1414200,0.0,0.0
2023-06-21 00:00:00-04:00,183.29612017699571,184.6006407068132,182.83162780806097,183.6519012451172,1766700,0.0,0.0
2023-06-22 00:00:00-04:00,184.0175597718957,185.67787645064936,182.94033920505169,185.66798400878906,1690700,0.0,0.0
2023-06-23 00:00:00-04:00,185.98423096745142,186.53766480520875,184.65994070139766,185.47032165527344,2244500,0.0,0.0
2023-06-26 00:00:00-04:00,185.20351454199226,186.07320505650216,184.25477496247572,185.55929565429688,1555400,0.0,0.0
2023-06-27 00:00:00-04:00,182.87116758030032,186.8835936030234,181.51722996816488,186.5673370361328,1412700,0.0,0.0
2023-06-28 00:00:00-04:00,186.55744526749658,188.0299714385365,186.47838113187922,187.49630737304688,1062400,0.0,0.0
2023-06-29 00:00:00-04:00,187.25910762673223,189.5123826237145,186.9428661765996,188.28692626953125,809300,0.0,0.0
2023-06-30 00:00:00-04:00,188.96884346389615,191.17270151925976,187.78289654196234,190.17453002929688,1444300,0.0,0.0
2023-07-03 00:00:00-04:00,188.99850753869148,189.0479094315741,186.95276248726975,188.6822509765625,844300,0.0,0.0
2023-07-05 00:00:00-04:00,189.14673723967286,189.56181265404135,187.7236129161567,188.4154052734375,1158100,0.0,0.0
2023-07-06 00:00:00-04:00,188.2078742456334,190.02630417072592,187.90151013737722,189.93736267089844,1526900,0.0,0.0
2023-07-07 00:00:00-04:00,189.20603638967816,190.67857772190203,188.21775725984966,188.62295532226562,1803700,0.0,0.0
2023-07-10 00:00:00-04:00,189.17639277669014,190.63904169393464,188.81073431736476,190.5698699951172,891200,0.0,0.0
2023-07-11 00:00:00-04:00,190.60937279477739,191.55812730424796,189.8484087948266,190.9552764892578,671300,0.0,0.0
2023-07-12 00:00:00-04:00,189.7890854133099,191.03432655781205,188.22761792216696,188.56362915039062,1288300,0.0,0.0
2023-07-13 00:00:00-04:00,188.66245879056356,190.55007533699433,188.66245879056356,189.0380096435547,1325300,0.0,0.0
2023-07-14 00:00:00-04:00,189.70017834056415,190.25361224743813,188.7810859766362,189.1763916015625,776300,0.0,0.0
2023-07-17 00:00:00-04:00,189.36416797037046,190.16467166669398,188.8502585915179,189.88795471191406,727200,0.0,0.0
2023-07-18 00:00:00-04:00,190.07571543418715,191.1331661980264,189.80887586277498,190.135009765625,925400,0.0,0.0
2023-07-19 00:00:00-04:00,190.154800036702,190.53033586954305,186.8934757371116,189.6903076171875,1155700,0.0,0.0
2023-07-20 00:00:00-04:00,190.8169324901488,191.55814182312173,189.51239682574402,191.14306640625,838900,0.0,0.0
2023-07-21 00:00:00-04:00,191.23200973760967,192.5068831673523,190.1251419486894,190.33267211914062,1284200,0.0,0.0
2023-07-24 00:00:00-04:00,190.7378443558858,191.2814008143389,188.69209961587347,189.2060089111328,1120600,0.0,0.0
2023-07-25 00:00:00-04:00,188.62294291027982,189.8187672138581,187.83231664245417,189.640869140625,1186700,0.0,0.0
2023-07-26 00:00:00-04:00,188.67236247132783,189.2850906743375,184.67970654993442,185.50987243652344,1635700,0.0,0.0
2023-07-27 00:00:00-04:00,185.60869285934686,186.87368888392075,184.55124207815342,185.1343231201172,1409100,0.0,0.0
2023-07-28 00:00:00-04:00,185.81624621552734,185.81624621552734,183.70132948086032,184.37335205078125,1104800,0.0,0.0
2023-07-31 00:00:00-04:00,185.3319712203433,185.3319712203433,181.88287186648924,184.7093505859375,1527500,0.0,0.0
2023-08-01 00:00:00-04:00,185.31221541083642,187.11089067719737,184.68960980935543,186.8835906982422,1528800,0.0,0.0
2023-08-02 00:00:00-04:00,185.6778852383748,190.4315053760712,184.77854762315047,189.18626403808594,1891000,0.0,0.0
2023-08-03 00:00:00-04:00,190.2437335583877,192.09181071594463,188.47472054125342,189.11709594726562,1640900,0.0,0.0
2023-08-04 00:00:00-04:00,184.99596028114453,186.30048080319588,181.84334765626963,183.1577606201172,7742200,0.0,0.0
2023-08-07 00:00:00-04:00,184.0669630454835,185.391253281229,183.04903688577488,184.39309692382812,4504300,0.0,0.0
2023-08-08 00:00:00-04:00,184.0076922615348,186.69581268157532,182.7624509158153,183.19729614257812,4106700,0.0,0.0
2023-08-09 00:00:00-04:00,183.8199042272949,184.65994745600918,182.68338934603827,183.53330993652344,3870500,0.0,0.0
2023-08-10 00:00:00-04:00,183.71662368407834,187.1053864487315,183.33018622283092,185.3218231201172,4037400,0.485,0.0
2023-08-11 00:00:00-04:00,185.3812804077947,186.1343489108243,184.62822702419373,185.65872192382812,2478800,0.0,0.0
2023-08-14 00:00:00-04:00,186.36223837556983,187.08556694035252,185.28219714113314,185.91635131835938,2726700,0.0,0.0
2023-08-15 00:00:00-04:00,186.3523223572395,186.67929508916689,183.6076171463619,183.746337890625,1470600,0.0,0.0
2023-08-16 00:00:00-04:00,184.19222641869592,184.67775658728823,181.60606350001672,182.30958557128906,2195000,0.0,0.0
2023-08-17 00:00:00-04:00,181.4772578606149,182.5374926493736,177.47416243186453,178.3560333251953,2302500,0.0,0.0
2023-08-18 00:00:00-04:00,178.13803253300904,180.09994456839942,177.8308662433612,178.7523651123047,1174600,0.0,0.0
2023-08-21 00:00:00-04:00,179.01000262450648,179.67388157695927,178.11821341836375,179.3270721435547,1030400,0.0,0.0
2023-08-22 00:00:00-04:00,179.11900444582483,179.39644595386457,176.29502787968602,176.3346710205078,1123400,0.0,0.0
2023-08-23 00:00:00-04:00,176.90936468655883,177.16699974973093,175.53206033916078,176.1464080810547,1488200,0.0,0.0
2023-08-24 00:00:00-04:00,176.17612602831267,178.02904216882618,176.17612602831267,177.13726806640625,1314800,0.0,0.0
2023-08-25 00:00:00-04:00,177.45433707694662,178.3659327468364,176.99854680171572,177.8407745361328,1192700,0.0,0.0
2023-08-28 00:00:00-04:00,178.10832321311068,179.01001571033513,178.0290520476969,178.7424774169922,904000,0.0,0.0
2023-08-29 00:00:00-04:00,179.27753264566348,179.27753264566348,177.60298036264138,178.33621215820312,806100,0.0,0.0
2023-08-30 00:00:00-04:00,178.84155723460105,179.00008443454823,176.40401821235173,177.2660675048828,720500,0.0,0.0
2023-08-31 00:00:00-04:00,177.85067840953968,177.85067840953968,174.0754633915292,174.3727264404297,1682900,0.0,0.0
2023-09-01 00:00:00-04:00,174.90782571782466,175.46270875096656,172.62882887219587,173.36207580566406,1585900,0.0,0.0
2023-09-05 00:00:00-04:00,173.4017042497587,173.4017042497587,170.7461882648596,171.29115295410156,1609900,0.0,0.0
2023-09-06 00:00:00-04:00,171.3406900822618,173.5899620152463,170.08228497727055,173.07470703125,1596600,0.0,0.0
2023-09-07 00:00:00-04:00,174.51145959111054,176.8003595273947,174.22411486570905,176.55264282226562,1694100,0.0,0.0
2023-09-08 00:00:00-04:00,175.99775520929242,177.8605896212583,175.50232181201872,176.0770263671875,1188500,0.0,0.0
2023-09-11 00:00:00-04:00,176.71117983542175,177.36515554598571,175.64104188707,176.10675048828125,1045200,0.0,0.0
2023-09-12 00:00:00-04:00,175.17531689440298,177.39486374101173,170.83533103818607,176.84988403320312,1024500,0.0,0.0
2023-09-13 00:00:00-04:00,177.10754346258653,177.355260171241,174.3925628927396,175.07626342773438,727600,0.0,0.0
2023-09-14 00:00:00-04:00,175.74013577424586,176.57246025531688,173.89712292648719,175.37351989746094,776900,0.0,0.0
2023-09-15 00:00:00-04:00,174.4520076065557,177.30570884869113,174.04574858705743,176.66163635253906,3887300,0.0,0.0
2023-09-18 00:00:00-04:00,176.8895607918727,177.46426540031067,175.38343889111908,177.3948974609375,1105100,0.0,0.0
2023-09-19 00:00:00-04:00,178.87127882448354,179.32706908523477,176.82017729282052,178.09840393066406,1120100,0.0,0.0
2023-09-20 00:00:00-04:00,178.8217414770464,182.42849620320334,178.05876976975506,181.1106414794922,1654600,0.0,0.0
2023-09-21 00:00:00-04:00,182.44831593864197,184.27150729409254,180.3575863031697,183.24099731445312,1810500,0.0,0.0
2023-09-22 00:00:00-04:00,182.49783999706514,185.23264204195414,182.21049527756537,184.25167846679688,1085500,0.0,0.0
2023-09-25 00:00:00-04:00,183.31036052373133,186.07487228124373,182.82483034205288,185.5100860595703,937800,0.0,0.0
2023-09-26 00:00:00-04:00,185.4208978523164,186.0847767536345,183.41934280453142,184.0733184814453,1013600,0.0,0.0
2023-09-27 00:00:00-04:00,184.05349507105524,184.54892843598404,181.64569617482587,183.46888732910156,782400,0.0,0.0
2023-09-28 00:00:00-04:00,183.88506990185837,183.88506990185837,180.98182219981368,181.18991088867188,1045800,0.0,0.0
2023-09-29 00:00:00-04:00,181.18989830806524,181.38806863833415,177.6921398167958,178.3262939453125,1259500,0.0,0.0
2023-10-02 00:00:00-04:00,178.32631366776582,179.21808781231744,176.5823934013283,177.44444274902344,1202700,0.0,0.0
2023-10-03 00:00:00-04:00,177.04806081683196,179.3369756732466,176.83008404517133,178.62355041503906,810800,0.0,0.0
2023-10-04 00:00:00-04:00,178.74247298054368,181.3583608965562,178.45512824255093,180.9917449951172,1025800,0.0,0.0
2023-10-05 00:00:00-04:00,181.9330433998931,184.1823151413382,181.39798201088882,183.3499755859375,1432500,0.0,0.0
2023-10-06 00:00:00-04:00,183.04280509419957,183.35988970217022,181.1799859403639,182.1708526611328,1020500,0.0,0.0
2023-10-09 00:00:00-04:00,181.9231604300981,184.97501703511867,180.95210002725418,184.489501953125,891900,0.0,0.0
2023-10-10 00:00:00-04:00,183.38963039672106,187.25400489504534,183.38963039672106,186.25323486328125,1290400,0.0,0.0
2023-10-11 00:00:00-04:00,186.01543527616877,186.61986467815927,183.3500009480374,186.3126983642578,1166100,0.0,0.0
2023-10-12 00:00:00-04:00,186.6793092599572,187.234207398559,185.42091924127035,185.85690307617188,1114000,0.0,0.0
2023-10-13 00:00:00-04:00,186.71895161512342,188.49259662390412,185.58936401100934,187.25401306152344,1039600,0.0,0.0
2023-10-16 00:00:00-04:00,187.74943219985482,188.02687368716218,185.05427336364582,185.1533660888672,1228000,0.0,0.0
2023-10-17 00:00:00-04:00,184.98492275959956,187.0756522835391,184.47957102213633,185.73797607421875,1046900,0.0,0.0
2023-10-18 00:00:00-04:00,186.86756311495415,188.30431692747703,185.98569228221166,187.8188018798828,1149700,0.0,0.0
2023-10-19 00:00:00-04:00,187.8881624075616,189.27538503340085,186.2928662154746,188.15570068359375,1195800,0.0,0.0
2023-10-20 00:00:00-04:00,188.82949261454655,188.82949261454655,186.3126824852474,187.02610778808594,1122400,0.0,0.0
2023-10-23 00:00:00-04:00,185.77760444894983,187.4521564844582,185.30197754332008,187.095458984375,987200,0.0,0.0
2023-10-24 00:00:00-04:00,187.18464431892392,188.64121967391603,186.46130069404552,187.28372192382812,964100,0.0,0.0
2023-10-25 00:00:00-04:00,188.40340377541207,189.71135514645232,186.6892085264821,187.39271545410156,1099500,0.0,0.0
2023-10-26 00:00:00-04:00,186.64957692939163,188.73040328672354,186.1739650920746,186.8774871826172,1144100,0.0,0.0
2023-10-27 00:00:00-04:00,186.3523348781002,187.18465939960203,185.23265050454276,185.92625427246094,922700,0.0,0.0
2023-10-30 00:00:00-04:00,186.2829705794488,186.2829705794488,182.05196483337986,183.7166290283203,1276700,0.0,0.0
2023-10-31 00:00:00-04:00,184.16250646476215,184.44985118797743,181.08091007162525,183.458984375,1725800,0.0,0.0
2023-11-01 00:00:00-04:00,183.45896914070275,187.0062738509277,183.2607988184487,185.5199737548828,1588000,0.0,0.0
2023-11-02 00:00:00-04:00,184.4003173372427,192.22815900138374,182.3194910116217,190.42477416992188,2572700,0.0,0.0
2023-11-03 00:00:00-04:00,193.06049381396352,197.162681976444,191.94082455242085,193.38748168945312,1568600,0.0,0.0
2023-11-06 00:00:00-05:00,194.35851974227887,197.11312827881866,192.0597165932525,195.0818634033203,1423000,0.0,0.0
2023-11-07 00:00:00-05:00,196.77623987971776,196.77623987971776,194.02163130553015,194.27926635742188,1141000,0.0,0.0
2023-11-08 00:00:00-05:00,195.16112117457482,196.24116230032453,194.24951046208562,194.99266052246094,893500,0.0,0.0
2023-11-09 00:00:00-05:00,194.95304722626824,196.41952588937167,193.42711897295396,195.0224151611328,882500,0.0,0.0
2023-11-10 00:00:00-05:00,194.46606956561766,197.6748796491337,194.01902416157586,196.27413940429688,2681700,0.51,0.0
2023-11-13 00:00:00-05:00,196.303953599089,198.35043969557515,195.34031458725508,197.56561279296875,2986100,0.0,0.0
2023-11-14 00:00:00-05:00,196.33376618359944,197.15832410195236,192.7275701996949,193.0951385498047,3241100,0.0,0.0
2023-11-15 00:00:00-05:00,192.68783433538508,194.50581813238958,189.85652125578105,191.9526824951172,2737200,0.0,0.0
2023-11-16 00:00:00-05:00,193.3037499094683,195.79728134053912,192.95603949902483,195.61846923828125,1207500,0.0,0.0
2023-11-17 00:00:00-05:00,195.9165197313548,196.7311335247583,193.21435881312937,193.72100830078125,1261200,0.0,0.0
2023-11-20 00:00:00-05:00,193.28387750910488,195.07207433135864,193.28387750910488,194.6548309326172,804800,0.0,0.0
2023-11-21 00:00:00-05:00,196.56223990863876,198.35043676805688,196.06551940095076,197.52587890625,1215000,0.0,0.0
2023-11-22 00:00:00-05:00,198.05239180723515,199.23458898347613,197.04902188759922,198.3702850341797,999100,0.0,0.0
2023-11-24 00:00:00-05:00,199.8505231128535,200.15848739586073,198.17160540618138,199.97967529296875,552900,0.0,0.0
2023-11-27 00:00:00-05:00,200.89364418395138,202.41360773115008,199.44321362559282,200.45652770996094,1139100,0.0,0.0
2023-11-28 00:00:00-05:00,200.67508095761522,202.03609026975948,199.4730106840283,199.97967529296875,1224200,0.0,0.0
2023-11-29 00:00:00-05:00,199.38360257292683,200.03927726083742,197.69475593088669,198.2113494873047,1664900,0.0,0.0
2023-11-30 00:00:00-05:00,198.08219618439153,202.31424929753936,198.04246521506474,202.0360870361328,6174500,0.0,0.0
2023-12-01 00:00:00-05:00,202.1553177767172,204.4799661157656,201.14200369609088,202.75137329101562,1254700,0.0,0.0
2023-12-04 00:00:00-05:00,202.9599895522452,203.59579115526122,201.3506049018718,202.42352294921875,1246800,0.0,0.0
2023-12-05 00:00:00-05:00,202.74143293365836,203.2282244611873,201.18172335029627,202.3937225341797,981300,0.0,0.0
2023-12-06 00:00:00-05:00,201.7778040303789,202.0956972708669,197.4066696523977,199.3538055419922,1550400,0.0,0.0
2023-12-07 00:00:00-05:00,199.4630888318375,200.06908846661076,198.1318814894527,198.89683532714844,1130800,0.0,0.0
2023-12-08 00:00:00-05:00,199.18492601056673,200.59561045054934,198.24116006619823,200.42672729492188,1441800,0.0,0.0
2023-12-11 00:00:00-05:00,201.14201878486352,202.04605381521242,199.9498925081318,201.51953125,804800,0.0,0.0
2023-12-12 00:00:00-05:00,200.8240925924645,203.6256034957017,200.77443266930473,202.61228942871094,831500,0.0,0.0
2023-12-13 00:00:00-05:00,202.58248949208902,204.3706863467023,201.4201653262671,202.38380432128906,1298600,0.0,0.0
2023-12-14 00:00:00-05:00,198.37030522382028,200.48633954989222,194.54556620643976,200.17837524414062,3627700,0.0,0.0
2023-12-15 00:00:00-05:00,197.83383977406044,199.3041282069501,195.3403083257272,199.0160369873047,3210000,0.0,0.0
2023-12-18 00:00:00-05:00,200.43665404956283,200.4764001791022,198.06233062626694,198.75775146484375,1076800,0.0,0.0
2023-12-19 00:00:00-05:00,198.75773674529268,200.73467452032182,198.43982836734892,200.5558624267578,1010000,0.0,0.0
2023-12-20 00:00:00-05:00,201.3605564441736,201.75792677620885,198.4398375117244,198.4795684814453,1141300,0.0,0.0
2023-12-21 00:00:00-05:00,199.27432485035644,201.35061288453792,198.50938620115684,200.9433135986328,765000,0.0,0.0
2023-12-22 00:00:00-05:00,201.6486479191141,202.443403742908,200.9333691935702,201.708251953125,642500,0.0,0.0
2023-12-26 00:00:00-05:00,201.37049088530327,203.25803791068225,201.10225756658016,202.75137329101562,734000,0.0,0.0
2023-12-27 00:00:00-05:00,202.32418843298936,202.9500459264087,201.93674706707984,202.89044189453125,799000,0.0,0.0
2023-12-28 00:00:00-05:00,203.64546537700016,204.0925107718356,201.89699960703987,202.15530395507812,775500,0.0,0.0
2023-12-29 00:00:00-05:00,202.94012206714214,204.18192329144114,202.25464536593608,204.0329132080078,1086400,0.0,0.0
2024-01-02 00:00:00-05:00,203.65540569363432,207.33113437441224,203.1884872093475,207.17218017578125,1248000,0.0,0.0
2024-01-03 00:00:00-05:00,209.90414961664405,211.43405729942972,207.98681569526138,208.95045471191406,1140400,0.0,0.0
2024-01-04 00:00:00-05:00,207.4602953807079,210.11278115353028,206.26816915767756,209.28822326660156,1139900,0.0,0.0
2024-01-05 00:00:00-05:00,210.19223680930472,210.7187592970754,208.94050667664902,209.9736785888672,1075500,0.0,0.0
2024-01-08 00:00:00-05:00,210.6094916367506,211.05653705423822,207.21192524165536,209.0001220703125,1138600,0.0,0.0
2024-01-09 00:00:00-05:00,209.18888899734702,212.27847610786878,207.9470876858997,212.2188720703125,1254600,0.0,0.0
2024-01-10 00:00:00-05:00,212.61624128438666,214.75213331283896,211.61285620009178,214.71240234375,1605200,0.0,0.0
2024-01-11 00:00:00-05:00,215.5766999335647,217.9808253672352,215.209131609349,217.49403381347656,1463700,0.0,0.0
2024-01-12 00:00:00-05:00,217.95100694731934,218.6762145881736,216.8582158512055,217.99073791503906,1309300,0.0,0.0
2024-01-16 00:00:00-05:00,218.26891785977645,219.29216082588678,216.59992918074894,217.56356811523438,1352400,0.0,0.0
2024-01-17 00:00:00-05:00,217.56357339047548,219.6796075167031,216.7986195957607,217.27548217773438,2151700,0.0,0.0
2024-01-18 00:00:00-05:00,217.17614843961607,219.64982211002936,215.4773575751236,219.3418426513672,1045400,0.0,0.0
2024-01-19 00:00:00-05:00,219.56038676532913,219.85842209274364,216.62973888961707,216.84829711914062,1401100,0.0,0.0
2024-01-22 00:00:00-05:00,216.84828826280994,218.42785572727715,216.53039504293562,216.7290802001953,1175100,0.0,0.0
2024-01-23 00:00:00-05:00,215.7853104734679,217.3052738794334,215.04022977804536,216.42111206054688,890900,0.0,0.0
2024-01-24 00:00:00-05:00,217.04696903745008,217.38475047254744,215.69588877317724,215.95419311523438,977100,0.0,0.0
2024-01-25 00:00:00-05:00,216.6893538101106,217.46423660509558,213.8878579725589,217.40463256835938,1063900,0.0,0.0
2024-01-26 00:00:00-05:00,217.74238927065753,218.35833299339245,215.74557833460298,216.25222778320312,972800,0.0,0.0
2024-01-29 00:00:00-05:00,216.53041572887443,217.01719213685826,215.38794943775218,217.00726318359375,916400,0.0,0.0
2024-01-30 00:00:00-05:00,218.54709040153284,219.36170413659895,216.51053332580761,219.0835418701172,1529900,0.0,0.0
2024-01-31 00:00:00-05:00,226.50455756986267,233.51824890079948,226.50455756986267,231.1538543701172,3511700,0.0,0.0
2024-02-01 00:00:00-05:00,231.12406070267178,235.47533747452323,227.11056541791368,235.36605834960938,2071900,0.0,0.0
2024-02-02 00:00:00-05:00,235.6740134357313,235.91244474222407,232.63408628180767,233.44871520996094,1267200,0.0,0.0
2024-02-05 00:00:00-05:00,235.7733592587581,236.1111255677021,232.0181534132567,232.673828125,1209800,0.0,0.0
2024-02-06 00:00:00-05:00,234.79978937192152,235.87269232577805,231.71018721664475,233.46856689453125,2251000,0.0,0.0
2024-02-07 00:00:00-05:00,234.37260794366546,237.80992060611692,234.09444566562976,236.1111297607422,1662200,0.0,0.0
2024-02-08 00:00:00-05:00,232.46732040779494,232.9153271947309,227.310236822909,229.3013916015625,2744900,0.51,0.0
2024-02-09 00:00:00-05:00,229.65977327370607,230.6254845078615,227.75823210156608,229.66973876953125,1590400,0.0,0.0
2024-02-12 00:00:00-05:00,228.8633267457039,230.12769904614652,227.39982682163756,228.96287536621094,1282800,0.0,0.0
2024-02-13 00:00:00-05:00,230.88434314079893,231.01375786411333,228.37548400591285,230.1675262451172,1462700,0.0,0.0
2024-02-14 00:00:00-05:00,230.1675268380491,230.94407594515403,228.6343292328284,230.55580139160156,1197400,0.0,0.0
2024-02-15 00:00:00-05:00,230.97393848864536,233.6022620086226,230.81464247136083,232.04916381835938,1119900,0.0,0.0
2024-02-16 00:00:00-05:00,232.765977795804,233.12438623456273,230.09782270919916,230.69517517089844,1076500,0.0,0.0
2024-02-20 00:00:00-05:00,230.69518279364604,233.4230701782962,230.21730992327898,231.3323516845703,1547600,0.0,0.0
2024-02-21 00:00:00-05:00,232.88544572221954,233.31355187086174,231.06353739700722,232.43743896484375,1109700,0.0,0.0
2024-02-22 00:00:00-05:00,232.17860272907512,235.47396135892095,231.80027847118902,233.3633270263672,1269200,0.0,0.0
2024-02-23 00:00:00-05:00,234.29915477018017,237.01709169787358,233.4529231921194,236.2206268310547,975200,0.0,0.0
2024-02-26 00:00:00-05:00,237.9828050432112,238.7991857688413,236.5591367126724,237.28590393066406,1553500,0.0,0.0
2024-02-27 00:00:00-05:00,236.21068756378392,236.71844175830347,233.74165987466642,235.46400451660156,1222100,0.0,0.0
2024-02-28 00:00:00-05:00,235.8920933014679,235.8920933014679,232.84562912422302,235.08567810058594,1065400,0.0,0.0
2024-02-29 00:00:00-05:00,235.03590204809495,235.56355682702693,233.68191624768525,234.5580291748047,1646200,0.0,0.0
2024-03-01 00:00:00-05:00,235.7128793248584,237.55470343174161,234.28921105808064,235.981689453125,1169800,0.0,0.0
2024-03-04 00:00:00-05:00,236.4297037619386,239.3766193888695,234.63766150173095,234.75714111328125,1326000,0.0,0.0
2024-03-05 00:00:00-05:00,235.1752813970481,235.40425993258532,233.40315494016764,234.26930236816406,1422500,0.0,0.0
2024-03-06 00:00:00-05:00,234.4982869893969,235.49386435915818,233.50270961963562,233.64208984375,1209000,0.0,0.0
2024-03-07 00:00:00-05:00,235.0657739270215,237.25604110731373,233.65205588163917,236.5790557861328,1341600,0.0,0.0
2024-03-08 00:00:00-05:00,236.24054220621437,237.36554947059318,235.6531552168486,236.4197540283203,877400,0.0,0.0
2024-03-11 00:00:00-04:00,235.5934209486365,237.1465191672325,235.52373843436854,236.62881469726562,849000,0.0,0.0
2024-03-12 00:00:00-04:00,236.60890554135995,237.14651060095264,235.13544019477956,236.38987731933594,666600,0.0,0.0
2024-03-13 00:00:00-04:00,237.435253764272,237.98280916778148,233.19408442198508,233.73170471191406,1447400,0.0,0.0
2024-03-14 00:00:00-04:00,234.88655435360647,236.84784292720144,233.95072441542257,236.62881469726562,1280200,0.0,0.0
2024-03-15 00:00:00-04:00,234.2195256098247,237.28590571945298,233.35337816279414,237.1763916015625,2150200,0.0,0.0
2024-03-18 00:00:00-04:00,237.06687793347893,239.79476538982343,236.290328801984,238.25161743164062,1122400,0.0,0.0
2024-03-19 00:00:00-04:00,239.14763288383196,241.52706205269695,238.19187197980187,241.27816772460938,1165700,0.0,0.0
2024-03-20 00:00:00-04:00,241.44742737228103,242.75163129284127,240.69077885069427,240.80029296875,967400,0.0,0.0
2024-03-21 00:00:00-04:00,240.83014885562847,242.56245887010343,239.26710035476168,241.2582550048828,801300,0.0,0.0
2024-03-22 00:00:00-04:00,241.84564615394825,242.5126811502924,240.90980102163405,241.42750549316406,720800,0.0,0.0
2024-03-25 00:00:00-04:00,241.42751265093946,242.2339278914534,240.561365198729,240.9894561767578,703300,0.0,0.0
2024-03-26 00:00:00-04:00,240.98946354257473,242.98061834694707,240.53150644470023,241.7261962890625,829200,0.0,0.0
2024-03-27 00:00:00-04:00,242.90095973091462,243.59786084376904,241.78591795034754,243.55804443359375,674300,0.0,0.0
2024-03-28 00:00:00-04:00,243.55804077902565,243.55804077902565,238.72948458508475,241.91534423828125,1574300,0.0,0.0
2024-04-01 00:00:00-04:00,241.3080398808291,242.26378561752568,239.18745529112013,241.92529296875,635000,0.0,0.0
2024-04-02 00:00:00-04:00,241.42750559187644,243.4385760775885,240.60117457452293,242.014892578125,961400,0.0,0.0
2024-04-03 00:00:00-04:00,242.6620190553994,245.65870129021192,241.33789940988572,244.71290588378906,1125200,0.0,0.0
2024-04-04 00:00:00-04:00,245.559155807168,245.559155807168,240.83016323085528,240.96954345703125,1026900,0.0,0.0
2024-04-05 00:00:00-04:00,241.64652896563487,242.74167009705675,240.81024766053326,242.14431762695312,744600,0.0,0.0
2024-04-08 00:00:00-04:00,241.12884056124636,241.67641116342043,239.28703150650404,239.29698181152344,813200,0.0,0.0
2024-04-09 00:00:00-04:00,240.15316644463329,240.15316644463329,235.7626667425833,237.514892578125,807600,0.0,0.0
2024-04-10 00:00:00-04:00,237.2361294728605,239.36666447885577,236.5690944448154,236.74830627441406,712200,0.0,0.0
2024-04-11 00:00:00-04:00,237.38545889303677,237.38545889303677,234.2294806078491,234.59783935546875,810700,0.0,0.0
2024-04-12 00:00:00-04:00,233.96068051330045,235.19520191338935,232.0690895984383,232.96510314941406,822300,0.0,0.0
2024-04-15 00:00:00-04:00,235.3047140099128,235.77263658222458,233.1343474758043,233.17417907714844,986000,0.0,0.0
2024-04-16 00:00:00-04:00,236.42970393697703,238.70958456705,235.57350681153864,237.2062530517578,1981500,0.0,0.0
2024-04-17 00:00:00-04:00,238.16201924551248,238.20183565606783,235.19520294172474,237.56466674804688,1028600,0.0,0.0
2024-04-18 00:00:00-04:00,238.34120681907743,238.34120681907743,234.34894719307923,236.25050354003906,1443300,0.0,0.0
2024-04-19 00:00:00-04:00,237.62439624924892,238.84896733595576,235.93191778080708,238.07241821289062,1411200,0.0,0.0
2024-04-22 00:00:00-04:00,234.95625865453883,237.95294106088156,233.6918711446545,235.80250549316406,2287100,0.0,0.0
2024-04-23 00:00:00-04:00,236.37991885753573,237.66422212410137,235.2051448965453,236.63877868652344,1430900,0.0,0.0
2024-04-24 00:00:00-04:00,236.53922032842462,237.73391011717322,234.79695995570233,236.8976287841797,926800,0.0,0.0
2024-04-25 00:00:00-04:00,237.97284828024743,239.9839187429957,237.1962991771544,238.69961547851562,831200,0.0,0.0
2024-04-26 00:00:00-04:00,238.97837026415965,240.29253960219376,237.04696304785227,239.81466674804688,972800,0.0,0.0
2024-04-29 00:00:00-04:00,238.9385636730278,239.79476080050833,237.15648690314055,238.86886596679688,912000,0.0,0.0
2024-04-30 00:00:00-04:00,238.71953454218806,239.19740741416948,236.94740808358995,237.99276733398438,1589300,0.0,0.0
2024-05-01 00:00:00-04:00,228.13654316759215,230.52593791705044,223.80579081952578,228.1863250732422,3291600,0.0,0.0
2024-05-02 00:00:00-04:00,227.47947836374394,227.77813942120565,223.3279225606704,223.74606323242188,2042100,0.0,0.0
2024-05-03 00:00:00-04:00,222.6409720913069,223.8655280027149,221.2172885528754,222.9595489501953,2222000,0.0,0.0
2024-05-06 00:00:00-04:00,224.43298515063262,225.09006981953289,222.20290170414071,223.04913330078125,1582700,0.0,0.0
2024-05-07 00:00:00-04:00,223.3179522820009,225.88654366029843,223.3179522820009,225.73721313476562,1899100,0.0,0.0
2024-05-08 00:00:00-04:00,226.71287020875192,227.24052497696474,222.6309970899276,223.11883544921875,2401800,0.0,0.0
2024-05-09 00:00:00-04:00,223.4680747048403,225.01474227565072,223.29844235817703,223.60777282714844,927600,0.51,0.0
2024-05-10 00:00:00-04:00,223.93706338878522,225.18437348378512,223.5379302487666,224.11668395996094,943900,0.0,0.0
2024-05-13 00:00:00-04:00,224.24639494860415,225.6932716206618,222.10102766513455,222.44029235839844,1060600,0.0,0.0
2024-05-14 00:00:00-04:00,222.6997242017597,223.22859768494988,220.20510403518767,221.46240234375,1522200,0.0,0.0
2024-05-15 00:00:00-04:00,221.2129504767455,223.0589603491352,220.7539336456163,221.3326873779297,898800,0.0,0.0
2024-05-16 00:00:00-04:00,222.03117253634443,222.83944227726812,220.39470228138092,221.3726043701172,1045200,0.0,0.0
2024-05-17 00:00:00-04:00,222.26068972112694,222.3205581705557,220.55436278263926,221.6420135498047,1001900,0.0,0.0
2024-05-20 00:00:00-04:00,221.9014645667317,222.06110869044318,219.30705342551155,220.52442932128906,888200,0.0,0.0
2024-05-21 00:00:00-04:00,220.82378949946587,220.82378949946587,215.99420830760943,216.6128692626953,1420200,0.0,0.0
2024-05-22 00:00:00-04:00,216.3833602333942,217.35127408010186,215.73474985183213,216.2835693359375,1180000,0.0,0.0
2024-05-23 00:00:00-04:00,218.02980284634506,220.35479067177516,218.02980284634506,219.3469696044922,1555500,0.0,0.0
2024-05-24 00:00:00-04:00,219.4667194082356,220.19514427741194,217.3911934777205,218.41897583007812,1029800,0.0,0.0
2024-05-28 00:00:00-04:00,217.59074549290855,217.59074549290855,214.64709676156644,215.74473571777344,1400800,0.0,0.0
2024-05-29 00:00:00-04:00,215.36556260816724,218.7881743678602,214.30784603200502,218.58860778808594,1774000,0.0,0.0
2024-05-30 00:00:00-04:00,219.43677424529116,221.97130166119751,217.8501994572491,220.05543518066406,2127900,0.0,0.0
2024-05-31 00:00:00-04:00,220.2450259707582,226.1522846843102,220.2450259707582,226.0824432373047,3835600,0.0,0.0
2024-06-03 00:00:00-04:00,224.23642794864747,230.48295162062104,224.23642794864747,230.0139617919922,2028300,0.0,0.0
2024-06-04 00:00:00-04:00,229.64475623828315,230.7523682147521,227.61912585646343,230.17361450195312,1001000,0.0,0.0
2024-06-05 00:00:00-04:00,231.23133304313183,231.85998221053484,229.6148240137567,231.27125549316406,1782000,0.0,0.0
2024-06-06 00:00:00-04:00,231.22136056749366,236.20062801652892,230.26341970194497,236.16070556640625,2246500,0.0,0.0
2024-06-07 00:00:00-04:00,236.7793629318644,237.5676714373637,234.18496707337283,234.96328735351562,1064200,0.0,0.0
2024-06-10 00:00:00-04:00,234.76372193372083,234.76372193372083,231.29119965427842,234.0652313232422,1568000,0.0,0.0
2024-06-11 00:00:00-04:00,233.44655505549346,233.86564942159254,231.001830306939,232.11941528320312,1159700,0.0,0.0
2024-06-12 00:00:00-04:00,231.67039054799955,231.67039054799955,226.87074364390878,229.64476013183594,1336100,0.0,0.0
2024-06-13 00:00:00-04:00,229.1358592570798,232.11941526873179,227.0703064250561,231.73025512695312,863700,0.0,0.0
2024-06-14 00:00:00-04:00,231.44089058521874,232.16931543443263,230.28338313581474,232.0296173095703,919700,0.0,0.0
2024-06-17 00:00:00-04:00,231.74024848682683,234.5641604401276,230.86213728553082,234.1949462890625,1011800,0.0,0.0
2024-06-18 00:00:00-04:00,235.25265627484953,237.29824787026158,234.0652298574486,236.68955993652344,1349700,0.0,0.0
2024-06-20 00:00:00-04:00,236.65963547557595,237.39804856160794,235.03313817672694,235.17283630371094,1230800,0.0,0.0
2024-06-21 00:00:00-04:00,236.0808821382314,237.91691901766038,233.88561932796162,236.17068481445312,5382700,0.0,0.0
2024-06-24 00:00:00-04:00,238.47572599726846,240.70092302589856,237.3980482081589,238.8449249267578,1059800,0.0,0.0
2024-06-25 00:00:00-04:00,239.8826763141855,239.91261053900493,237.44793974846596,237.817138671875,1882900,0.0,0.0
2024-06-26 00:00:00-04:00,237.08871261861975,237.78720323744324,235.35245145815554,236.76939392089844,1229600,0.0,0.0
2024-06-27 00:00:00-04:00,228.50720719388025,231.6604107377713,222.9891086050475,227.46945190429688,4208900,0.0,0.0
2024-06-28 00:00:00-04:00,227.37964730993517,227.37964730993517,223.86723287357225,224.815185546875,2859200,0.0,0.0
2024-07-01 00:00:00-04:00,225.9227880634366,226.49155355309267,221.8715272837357,223.04898071289062,1723100,0.0,0.0
2024-07-02 00:00:00-04:00,223.21861537295194,223.30841804709874,219.0875248767102,222.0311737060547,1455300,0.0,0.0
2024-07-03 00:00:00-04:00,222.5201184904977,223.49800533091104,220.5044611359716,222.0211944580078,648200,0.0,0.0
2024-07-05 00:00:00-04:00,221.9214094165725,222.25070111381862,218.71832557000698,222.2008056640625,830600,0.0,0.0
2024-07-08 00:00:00-04:00,222.2008123345537,223.80734841882648,221.59213959749863,223.20864868164062,767700,0.0,0.0
2024-07-09 00:00:00-04:00,225.0247219505798,225.0247219505798,221.2528573104118,221.8914794921875,851900,0.0,0.0
2024-07-10 00:00:00-04:00,222.1509305358228,222.83944817077085,220.75393404037567,221.94137573242188,706400,0.0,0.0
2024-07-11 00:00:00-04:00,221.24288158257164,222.01122888156237,219.06756481068913,221.52227783203125,943600,0.0,0.0
2024-07-12 00:00:00-04:00,222.2806310582871,223.60777082128632,221.33267843498857,222.12098693847656,791100,0.0,0.0
2024-07-15 00:00:00-04:00,222.00124378758053,225.03471057586665,221.54224218240222,221.7218475341797,1873900,0.0,0.0
2024-07-16 00:00:00-04:00,221.64200979963843,225.26420318832723,221.04331008952715,224.89500427246094,1614300,0.0,0.0
2024-07-17 00:00:00-04:00,224.89500386865137,226.22214363464738,223.83728734599597,224.67547607421875,709800,0.0,0.0
2024-07-18 00:00:00-04:00,224.0967301603133,226.46162530648562,222.94919569931943,223.22860717773438,1336000,0.0,0.0
2024-07-19 00:00:00-04:00,225.29413694220244,225.50369173717357,222.79951675706337,223.11883544921875,1357100,0.0,0.0
2024-07-22 00:00:00-04:00,224.44595924605875,225.57353243831488,223.0789122614319,224.23641967773438,936800,0.0,0.0
2024-07-23 00:00:00-04:00,224.8051870887713,225.60346859741153,223.19865107204092,223.77740478515625,680600,0.0,0.0
2024-07-24 00:00:00-04:00,224.86507941839187,225.9327689868553,222.28064122177426,225.49371337890625,847100,0.0,0.0
2024-07-25 00:00:00-04:00,225.73319267801872,229.7445462016029,225.67332422968892,226.62127685546875,986700,0.0,0.0
2024-07-26 00:00:00-04:00,226.90067193675165,228.44733948981852,225.98265353983626,227.1301727294922,1310300,0.0,0.0
2024-07-29 00:00:00-04:00,227.27985826369192,228.59700979336034,226.58136766265918,226.6911163330078,1434900,0.0,0.0
2024-07-30 00:00:00-04:00,226.2121529715858,232.56845549032815,225.60346504375528,230.5328369140625,1780400,0.0,0.0
2024-07-31 00:00:00-04:00,238.04663240438072,243.70442911661,235.41231411679323,237.36810302734375,2541600,0.0,0.0
2024-08-01 00:00:00-04:00,239.5833265291248,244.97169999046872,238.4158308940789,243.93394470214844,2039500,0.0,0.0
2024-08-02 00:00:00-04:00,239.48354452099966,247.1270646378571,235.22272886146317,247.03726196289062,3292400,0.0,0.0
2024-08-05 00:00:00-04:00,245.97952565923623,246.398620027323,237.66744929396506,240.73085021972656,2354000,0.0,0.0
2024-08-06 00:00:00-04:00,241.3794504786345,243.08577743738866,238.9247526671786,239.30393981933594,1186800,0.0,0.0
2024-08-07 00:00:00-04:00,239.44363056236753,243.3252589616094,238.8948110764175,240.5811767578125,1051500,0.0,0.0
2024-08-08 00:00:00-04:00,239.00458703002937,239.48354986649525,233.78583037650176,236.49000549316406,1747200,0.0,0.0
2024-08-09 00:00:00-04:00,238.1699981689453,238.22000122070312,235.4199981689453,237.77000427246094,1258800,0.51,0.0
2024-08-12 00:00:00-04:00,237.19000244140625,240.10000610351562,236.27000427246094,237.77000427246094,913100,0.0,0.0
2024-08-13 00:00:00-04:00,237.75,239.22999572753906,236.07000732421875,236.30999755859375,1043000,0.0,0.0
2024-08-14 00:00:00-04:00,236.75,238.86000061035156,235.0,237.75,1159000,0.0,0.0
2024-08-15 00:00:00-04:00,238.07000732421875,238.5500030517578,234.9499969482422,236.6699981689453,1108900,0.0,0.0
2024-08-16 00:00:00-04:00,236.8000030517578,238.2100067138672,235.3800048828125,238.11000061035156,1013200,0.0,0.0
2024-08-19 00:00:00-04:00,237.8800048828125,238.9600067138672,237.50999450683594,238.85000610351562,788200,0.0,0.0
2024-08-20 00:00:00-04:00,239.1300048828125,239.49000549316406,237.75,238.41000366210938,697900,0.0,0.0
2024-08-21 00:00:00-04:00,238.75999450683594,240.41000366210938,238.42999267578125,239.33999633789062,775100,0.0,0.0
2024-08-22 00:00:00-04:00,240.10000610351562,240.83999633789062,239.1999969482422,240.58999633789062,736300,0.0,0.0
2024-08-23 00:00:00-04:00,240.9199981689453,241.17999267578125,237.22999572753906,237.74000549316406,1170800,0.0,0.0
2024-08-26 00:00:00-04:00,235.52000427246094,237.0,233.32000732421875,234.44000244140625,1471200,0.0,0.0
2024-08-27 00:00:00-04:00,235.22000122070312,236.74000549316406,232.0399932861328,233.5,1304100,0.0,0.0
2024-08-28 00:00:00-04:00,233.75999450683594,236.6999969482422,233.52000427246094,236.4499969482422,878800,0.0,0.0
2024-08-29 00:00:00-04:00,236.4499969482422,238.38999938964844,235.39999389648438,237.60000610351562,829700,0.0,0.0
2024-08-30 00:00:00-04:00,237.25,239.8000030517578,236.88999938964844,239.57000732421875,1229100,0.0,0.0
2024-09-03 00:00:00-04:00,240.5500030517578,244.82000732421875,239.92999267578125,243.72000122070312,1408900,0.0,0.0
2024-09-04 00:00:00-04:00,244.3800048828125,244.60000610351562,238.0500030517578,243.39999389648438,968500,0.0,0.0
2024-09-05 00:00:00-04:00,237.8699951171875,238.50999450683594,231.9199981689453,236.24000549316406,2468400,0.0,0.0
2024-09-06 00:00:00-04:00,236.36000061035156,237.4600067138672,233.25999450683594,234.97000122070312,1831600,0.0,0.0
2024-09-09 00:00:00-04:00,236.67999267578125,238.3300018310547,235.2100067138672,236.52999877929688,1477100,0.0,0.0
2024-09-10 00:00:00-04:00,236.33999633789062,239.44000244140625,235.4600067138672,237.52999877929688,1615000,0.0,0.0
2024-09-11 00:00:00-04:00,236.22999572753906,237.49000549316406,233.75,236.22000122070312,1374900,0.0,0.0
2024-09-12 00:00:00-04:00,235.5800018310547,238.0800018310547,235.5,237.64999389648438,1133400,0.0,0.0
2024-09-13 00:00:00-04:00,237.64999389648438,240.8000030517578,236.8800048828125,239.8800048828125,1238500,0.0,0.0
2024-09-16 00:00:00-04:00,242.0,243.8800048828125,240.9499969482422,241.24000549316406,1153900,0.0,0.0
2024-09-17 00:00:00-04:00,241.00999450683594,242.05999755859375,233.82000732421875,234.52999877929688,2096200,0.0,0.0
2024-09-18 00:00:00-04:00,230.49000549316406,231.5800018310547,227.1999969482422,228.47999572753906,2404600,0.0,0.0
2024-09-19 00:00:00-04:00,228.4499969482422,229.50999450683594,224.7100067138672,226.55999755859375,2204100,0.0,0.0
2024-09-20 00:00:00-04:00,230.27000427246094,232.49000549316406,224.72000122070312,228.11000061035156,6647200,0.0,0.0
2024-09-23 00:00:00-04:00,228.52999877929688,230.9499969482422,227.27000427246094,228.3300018310547,1067300,0.0,0.0
2024-09-24 00:00:00-04:00,226.49000549316406,227.8300018310547,222.0399932861328,225.35000610351562,2454800,0.0,0.0
2024-09-25 00:00:00-04:00,226.64999389648438,226.64999389648438,221.17999267578125,223.42999267578125,1737600,0.0,0.0
2024-09-26 00:00:00-04:00,222.10000610351562,225.60000610351562,222.10000610351562,223.8800048828125,1206400,0.0,0.0
2024-09-27 00:00:00-04:00,223.5,225.24000549316406,223.1300048828125,224.9199981689453,1082500,0.0,0.0
2024-09-30 00:00:00-04:00,225.25,225.4600067138672,223.6699981689453,225.0800018310547,1333600,0.0,0.0
2024-10-01 00:00:00-04:00,225.1300048828125,225.5,223.19000244140625,224.22999572753906,1338900,0.0,0.0
2024-10-02 00:00:00-04:00,223.52000427246094,223.60000610351562,221.38999938964844,221.63999938964844,1812500,0.0,0.0
2024-10-03 00:00:00-04:00,221.6300048828125,222.39999389648438,220.13999938964844,220.9600067138672,1460400,0.0,0.0
2024-10-04 00:00:00-04:00,220.22000122070312,221.14999389648438,219.35000610351562,219.94000244140625,1638100,0.0,0.0
2024-10-07 00:00:00-04:00,219.2100067138672,220.5,218.64999389648438,219.5,1414600,0.0,0.0
2024-10-08 00:00:00-04:00,220.55999755859375,221.3300018310547,219.69000244140625,220.80999755859375,1598800,0.0,0.0
2024-10-09 00:00:00-04:00,221.61000061035156,222.39999389648438,220.02999877929688,221.16000366210938,1295000,0.0,0.0
2024-10-10 00:00:00-04:00,221.91000366210938,222.6999969482422,220.82000732421875,222.1999969482422,1352900,0.0,0.0
2024-10-11 00:00:00-04:00,223.0,224.7100067138672,222.27000427246094,222.55999755859375,938000,0.0,0.0
2024-10-14 00:00:00-04:00,222.97000122070312,226.02999877929688,221.9499969482422,224.80999755859375,1767700,0.0,0.0
2024-10-15 00:00:00-04:00,224.72999572753906,236.41000366210938,224.72999572753906,233.1199951171875,3260000,0.0,0.0
2024-10-16 00:00:00-04:00,231.52999877929688,236.88999938964844,230.8300018310547,236.57000732421875,1701000,0.0,0.0
2024-10-17 00:00:00-04:00,234.42999267578125,236.6999969482422,233.5800018310547,235.63999938964844,1231800,0.0,0.0
2024-10-18 00:00:00-04:00,236.41000366210938,238.16000366210938,234.83999633789062,237.42999267578125,1210100,0.0,0.0
2024-10-21 00:00:00-04:00,238.0,239.11000061035156,236.00999450683594,236.5399932861328,848300,0.0,0.0
2024-10-22 00:00:00-04:00,235.8000030517578,235.8000030517578,233.67999267578125,234.1699981689453,1020800,0.0,0.0
2024-10-23 00:00:00-04:00,233.72999572753906,234.99000549316406,233.05999755859375,234.52000427246094,755000,0.0,0.0
2024-10-24 00:00:00-04:00,234.24000549316406,236.9499969482422,233.63999938964844,235.16000366210938,866900,0.0,0.0
2024-10-25 00:00:00-04:00,234.47000122070312,235.13999938964844,233.33999633789062,234.47000122070312,1009600,0.0,0.0
2024-10-28 00:00:00-04:00,235.00999450683594,235.5,233.41000366210938,233.57000732421875,835400,0.0,0.0
2024-10-29 00:00:00-04:00,233.02000427246094,234.72999572753906,231.64999389648438,231.77000427246094,966400,0.0,0.0
2024-10-30 00:00:00-04:00,231.27999877929688,231.6999969482422,228.57000732421875,229.47999572753906,1205500,0.0,0.0
2024-10-31 00:00:00-04:00,228.85000610351562,231.60000610351562,227.9499969482422,228.0800018310547,1264000,0.0,0.0
2024-11-01 00:00:00-04:00,230.6699981689453,237.8699951171875,230.35000610351562,234.27000427246094,1619700,0.0,0.0
2024-11-04 00:00:00-05:00,235.2100067138672,236.42999267578125,233.24000549316406,233.88999938964844,1036900,0.0,0.0
2024-11-05 00:00:00-05:00,234.80999755859375,236.72999572753906,231.9199981689453,233.99000549316406,1721300,0.0,0.0
2024-11-06 00:00:00-05:00,236.8000030517578,247.38999938964844,236.8000030517578,245.3800048828125,2215400,0.0,0.0
2024-11-07 00:00:00-05:00,249.0399932861328,250.8000030517578,246.32000732421875,247.75999450683594,1600300,0.0,0.0
2024-11-08 00:00:00-05:00,249.19000244140625,251.0,246.25,248.41000366210938,1376000,0.0,0.0
2024-11-11 00:00:00-05:00,249.0,251.52000427246094,248.41000366210938,249.08999633789062,1246200,0.0,0.0
2024-11-12 00:00:00-05:00,248.5,251.55999755859375,248.0500030517578,248.7899932861328,1279300,0.0,0.0
2024-11-13 00:00:00-05:00,248.99000549316406,251.10000610351562,247.9600067138672,249.97000122070312,1255500,0.0,0.0
2024-11-14 00:00:00-05:00,248.39999389648438,249.10000610351562,243.14999389648438,243.41000366210938,1463900,0.0,0.0
2024-11-15 00:00:00-05:00,242.4499969482422,243.94000244140625,237.47999572753906,240.24000549316406,1844700,0.0,0.0
2024-11-18 00:00:00-05:00,239.6300048828125,244.2899932861328,239.25,242.8699951171875,1246500,0.0,0.0
2024-11-19 00:00:00-05:00,242.16000366210938,243.92999267578125,240.5,240.97999572753906,820200,0.0,0.0
2024-11-20 00:00:00-05:00,240.9499969482422,243.63999938964844,240.52999877929688,243.1999969482422,785100,0.0,0.0
2024-11-21 00:00:00-05:00,242.97000122070312,245.8300018310547,241.44000244140625,245.69000244140625,1000900,0.0,0.0
2024-11-22 00:00:00-05:00,246.1199951171875,247.5500030517578,244.64999389648438,245.02000427246094,952400,0.0,0.0
2024-11-25 00:00:00-05:00,244.3699951171875,246.3300018310547,243.77000427246094,244.22999572753906,1484700,0.0,0.0
2024-11-26 00:00:00-05:00,246.0500030517578,248.50999450683594,243.22999572753906,248.4499969482422,978000,0.0,0.0
2024-11-27 00:00:00-05:00,246.5399932861328,251.49000549316406,246.5399932861328,249.69000244140625,906600,0.0,0.0
2024-11-29 00:00:00-05:00,250.0800018310547,253.27000427246094,249.72000122070312,251.5500030517578,1103300,0.0,0.0
2024-12-02 00:00:00-05:00,251.02000427246094,251.02000427246094,248.55999755859375,249.8699951171875,950700,0.0,0.0
2024-12-03 00:00:00-05:00,251.74000549316406,252.39999389648438,249.8300018310547,250.0500030517578,1233600,0.0,0.0
2024-12-04 00:00:00-05:00,251.58999633789062,252.94000244140625,247.94000244140625,248.33999633789062,1002400,0.0,0.0
2024-12-05 00:00:00-05:00,247.0,249.08999633789062,243.89999389648438,244.30999755859375,1337100,0.0,0.0
2024-12-06 00:00:00-05:00,244.13999938964844,245.14999389648438,242.07000732421875,243.41000366210938,1199800,0.0,0.0
2024-12-09 00:00:00-05:00,243.2899932861328,243.4600067138672,238.30999755859375,240.50999450683594,1203100,0.0,0.0
2024-12-10 00:00:00-05:00,240.7899932861328,240.7899932861328,235.85000610351562,237.00999450683594,1543000,0.0,0.0
2024-12-11 00:00:00-05:00,236.80999755859375,237.0,229.27000427246094,231.88999938964844,1714900,0.0,0.0
2024-12-12 00:00:00-05:00,232.6699981689453,234.6300048828125,231.0399932861328,232.1199951171875,973000,0.0,0.0
2024-12-13 00:00:00-05:00,232.47999572753906,233.50999450683594,229.7100067138672,232.24000549316406,780800,0.0,0.0
2024-12-16 00:00:00-05:00,232.91000366210938,234.8800048828125,228.19000244140625,229.82000732421875,1630500,0.0,0.0
2024-12-17 00:00:00-05:00,228.47000122070312,229.44000244140625,225.77999877929688,227.63999938964844,1172400,0.0,0.0
2024-12-18 00:00:00-05:00,227.88999938964844,229.22999572753906,226.42999267578125,226.99000549316406,1008700,0.0,0.0
2024-12-19 00:00:00-05:00,225.33999633789062,227.00999450683594,224.38999938964844,226.27000427246094,1729800,0.0,0.0
2024-12-20 00:00:00-05:00,227.72000122070312,229.4199981689453,225.52999877929688,227.69000244140625,1953500,0.0,0.0
2024-12-23 00:00:00-05:00,227.27999877929688,227.99000549316406,224.75,227.63999938964844,940800,0.0,0.0
2024-12-24 00:00:00-05:00,226.97000122070312,228.71499633789062,226.51499938964844,227.5399932861328,394749,0.0,0.0
