Date,Open,High,Low,Close,Volume,Dividends,Stock Splits
2022-01-03 00:00:00-05:00,2.888471582095977,2.9603239237833257,2.4238251296164552,2.8357796669006348,14800,0.0,0.0
2022-01-04 00:00:00-05:00,2.7782974162417284,2.8549400279737487,2.6336343267084406,2.730395555496216,24700,0.0,0.0
2022-01-05 00:00:00-05:00,2.7782978184197193,2.8645207690996157,2.759137162713076,2.811828851699829,7100,0.0,0.0
2022-01-06 00:00:00-05:00,2.8252413491436283,2.8252413491436283,2.768717573014954,2.7782979011535645,7200,0.0,0.0
2022-01-07 00:00:00-05:00,2.7658434517320667,2.8070388855693964,2.7658434517320667,2.7782979011535645,13300,0.0,0.0
2022-01-10 00:00:00-05:00,2.787877896188688,2.802248272473071,2.7380601044550663,2.759136915206909,6500,0.0,0.0
2022-01-11 00:00:00-05:00,2.7303957058121178,2.7687172422008355,2.7303957058121178,2.759136915206909,5700,0.0,0.0
2022-01-12 00:00:00-05:00,2.730395751934889,2.7687172889709473,2.730395751934889,2.7687172889709473,4800,0.0,0.0
2022-01-13 00:00:00-05:00,2.8261993931668976,2.8261993931668976,2.759137099724613,2.7974584102630615,8200,0.0,0.0
2022-01-14 00:00:00-05:00,2.807038875347727,2.8357798596589,2.807038875347727,2.826199531555176,6300,0.0,0.0
2022-01-18 00:00:00-05:00,2.874101078571451,2.874101078571451,2.778297800650949,2.8070387840270996,26800,0.0,0.0
2022-01-19 00:00:00-05:00,2.8022480748888148,2.949785282922959,2.538788986925625,2.912421941757202,71800,0.0,0.0
2022-01-20 00:00:00-05:00,2.96990418849793,3.017806053161621,2.96990418849793,3.017806053161621,6700,0.0,0.0
2022-01-21 00:00:00-05:00,2.985233154224296,3.0273867824533696,2.8741012976816505,2.9028422832489014,14200,0.0,0.0
2022-01-24 00:00:00-05:00,2.423825215519027,2.9220027175317025,2.423825215519027,2.8070387840270996,26900,0.0,0.0
2022-01-25 00:00:00-05:00,2.8788910070348823,2.9411630159138054,2.8693104519933517,2.9315826892852783,33100,0.0,0.0
2022-01-26 00:00:00-05:00,2.922002270545742,2.922002270545742,2.7399758419287914,2.8166186809539795,55800,0.0,0.0
2022-01-27 00:00:00-05:00,2.759136816692383,2.768717143344245,2.6096834468277263,2.6441726684570312,49100,0.0,0.0
2022-01-28 00:00:00-05:00,2.6537529951088934,2.6537529951088934,2.5866907085458575,2.6441726684570312,27000,0.0,0.0
2022-01-31 00:00:00-05:00,2.6824943101005236,2.7016549657973603,2.6633336544036865,2.6633336544036865,8000,0.0,0.0
2022-02-01 00:00:00-05:00,2.696864900212006,2.8070387840270996,2.696864900212006,2.8070387840270996,3900,0.0,0.0
2022-02-02 00:00:00-05:00,2.7495562558921325,2.7495562558921325,2.739975929260254,2.739975929260254,2900,0.0,0.0
2022-02-03 00:00:00-05:00,2.6537531172308055,2.668123722076416,2.6345924630453355,2.668123722076416,4600,0.0,0.0
2022-02-04 00:00:00-05:00,2.634592439598444,2.6633334206208654,2.6058514585760224,2.615431785583496,13500,0.0,0.0
2022-02-07 00:00:00-05:00,2.682494263687623,2.7016549190529395,2.6537532806396484,2.6537532806396484,21300,0.0,0.0
2022-02-08 00:00:00-05:00,2.8645208544010603,2.8645208544010603,2.7208157039088605,2.7782979011535645,18300,0.0,0.0
2022-02-09 00:00:00-05:00,3.113609614417977,3.113609614417977,2.7782979011535645,2.7782979011535645,6300,0.0,0.0
2022-02-10 00:00:00-05:00,2.8070384548332483,2.8175767456447223,2.7495562664091064,2.7897937297821045,13600,0.0,0.0
2022-02-11 00:00:00-05:00,2.8070387840270996,2.8079967482823953,2.7878781284429994,2.8070387840270996,13400,0.0,0.0
2022-02-14 00:00:00-05:00,2.8166188771704666,2.8166188771704666,2.7524304807394495,2.759136915206909,19700,0.0,0.0
2022-02-15 00:00:00-05:00,2.7782978910365537,2.826199531555176,2.7303960221048924,2.826199531555176,17900,0.0,0.0
2022-02-16 00:00:00-05:00,2.84344321737201,2.8549396991729736,2.8223666386208746,2.8549396991729736,12700,0.0,0.0
2022-02-17 00:00:00-05:00,2.874100349899264,2.8836806752624096,2.8242825666457194,2.8549396991729736,43600,0.0,0.0
2022-02-18 00:00:00-05:00,2.872184720104798,2.8836812040137554,2.86452054977417,2.86452054977417,9500,0.0,0.0
2022-02-22 00:00:00-05:00,2.864520403887677,2.9028417104151902,2.662375352065941,2.739975929260254,42700,0.0,0.0
2022-02-23 00:00:00-05:00,2.7591368575361734,2.893261432647705,2.7591368575361734,2.893261432647705,35300,0.0,0.0
2022-02-24 00:00:00-05:00,2.9699041480918886,2.9699041480918886,2.86452054977417,2.86452054977417,5700,0.0,0.0
2022-02-25 00:00:00-05:00,2.864520455857474,2.864520455857474,2.740934171540168,2.8453598022460938,12100,0.0,0.0
2022-02-28 00:00:00-05:00,2.8166187933237943,2.8453597734499954,2.7907519340515137,2.7907519340515137,12900,0.0,0.0
2022-03-01 00:00:00-05:00,2.8281154704265155,2.8357798699852284,2.768717573014954,2.7782979011535645,16200,0.0,0.0
2022-03-02 00:00:00-05:00,2.78212947723916,2.835779350673166,2.7591367395997284,2.820450782775879,10600,0.0,0.0
2022-03-03 00:00:00-05:00,2.826199531555176,2.8530243588803885,2.8166192034514514,2.826199531555176,21000,0.0,0.0
2022-03-04 00:00:00-05:00,2.839611891494211,2.8836814456201845,2.839611891494211,2.865478754043579,9500,0.0,0.0
2022-03-07 00:00:00-05:00,2.9220024130287476,2.9220024130287476,2.8645204522666625,2.893261432647705,7200,0.0,0.0
2022-03-08 00:00:00-05:00,2.893261432647705,2.9718202037210912,2.893261432647705,2.893261432647705,18700,0.0,0.0
2022-03-09 00:00:00-05:00,2.8932612891203515,2.941162920712477,2.8741006364835013,2.912421941757202,13800,0.0,0.0
2022-03-10 00:00:00-05:00,2.9603236194552167,2.9699039459228516,2.9411629665199466,2.9699039459228516,9300,0.0,0.0
2022-03-11 00:00:00-05:00,3.1136090755462646,3.1136090755462646,2.874100685119629,2.874100685119629,54100,0.0,0.0
2022-03-14 00:00:00-04:00,2.950743596330811,2.950743596330811,2.8070386845430906,2.8357796669006348,41300,0.0,0.0
2022-03-15 00:00:00-04:00,2.692074433204888,2.86452054977417,2.692074433204888,2.86452054977417,20300,0.0,0.0
2022-03-16 00:00:00-04:00,3.0321764938836977,3.0321764938836977,2.7782977021855464,2.8357796669006348,10800,0.0,0.0
2022-03-17 00:00:00-04:00,2.8194931330726622,2.8453599943531493,2.8194931330726622,2.8357796669006348,12700,0.0,0.0
2022-03-18 00:00:00-04:00,2.807038755990487,2.8099128771406985,2.802248477935791,2.802248477935791,12200,0.0,0.0
2022-03-21 00:00:00-04:00,2.7974584562350495,2.81661911181915,2.7926681781325087,2.8070387840270996,15900,0.0,0.0
2022-03-22 00:00:00-04:00,2.8060805452450928,2.8261993931668976,2.7782977549938375,2.7974584102630615,3200,0.0,0.0
2022-03-23 00:00:00-04:00,2.759137244876343,2.7974585574307858,2.7208157039088605,2.7782979011535645,18600,0.0,0.0
2022-03-24 00:00:00-04:00,2.759136915206909,2.787877896188688,2.739976032806044,2.759136915206909,4700,0.0,0.0
2022-03-25 00:00:00-04:00,2.739976360186082,2.787878229292175,2.739976360186082,2.7782979011535645,2300,0.0,0.0
2022-03-28 00:00:00-04:00,2.7782977975863146,2.7782977975863146,2.7303959302658702,2.758178949356079,3400,0.0,0.0
2022-03-29 00:00:00-04:00,2.7687171375688933,2.7687171375688933,2.739975929260254,2.739975929260254,5700,0.0,0.0
2022-03-30 00:00:00-04:00,2.7591370974827267,2.7591370974827267,2.71123523093556,2.749556541442871,7300,0.0,0.0
2022-03-31 00:00:00-04:00,2.7495567312939206,2.7687176162836225,2.711235418140604,2.738060474395752,1800,0.0,0.0
2022-04-01 00:00:00-04:00,2.7208150515515324,2.7208150515515324,2.6345921189773134,2.6939902305603027,6500,0.0,0.0
2022-04-04 00:00:00-04:00,2.701654818162969,2.7303958001376474,2.6633335088633983,2.6824941635131836,8100,0.0,0.0
2022-04-05 00:00:00-04:00,2.693032395351385,2.763926764288505,2.693032395351385,2.7208151817321777,5800,0.0,0.0
2022-04-06 00:00:00-04:00,2.759136647862978,2.759136647862978,2.6968644142297604,2.70644474029541,12200,0.0,0.0
2022-04-07 00:00:00-04:00,2.7064449502335814,2.7112349994314733,2.690158417499934,2.7016546726226807,4400,0.0,0.0
2022-04-08 00:00:00-04:00,2.7112351672947206,2.7495564769025154,2.7112351672947206,2.7351861000061035,4900,0.0,0.0
2022-04-11 00:00:00-04:00,2.9603235676442248,2.9603235676442248,2.6824938765323294,2.7208151817321777,23600,0.0,0.0
2022-04-12 00:00:00-04:00,2.74668231606097,2.7782974162417284,2.701654576096708,2.730395555496216,10700,0.0,0.0
2022-04-13 00:00:00-04:00,2.7303958220986178,2.7351861000061035,2.7112351672947206,2.7351861000061035,9500,0.0,0.0
2022-04-14 00:00:00-04:00,2.7782977193919054,2.7782977193919054,2.739976180931493,2.7418923377990723,5300,0.0,0.0
2022-04-18 00:00:00-04:00,2.682494209787065,2.759137058121341,2.6729138822969087,2.6920745372772217,27500,0.0,0.0
2022-04-19 00:00:00-04:00,2.739975834332102,2.739975834332102,2.7112348554322154,2.7208151817321777,13100,0.0,0.0
2022-04-20 00:00:00-04:00,2.7399762138160435,2.749556541442871,2.7303958861892155,2.749556541442871,2400,0.0,0.0
2022-04-21 00:00:00-04:00,2.7610528973364237,2.7610528973364237,2.7112351046324736,2.721773624420166,13500,0.0,0.0
2022-04-22 00:00:00-04:00,2.716025324080581,2.7169832882541485,2.707402961279436,2.7112350463867188,12700,0.0,0.0
2022-04-25 00:00:00-04:00,2.7016549657973603,2.7016549657973603,2.64417299870685,2.6633336544036865,29300,0.0,0.0
2022-04-26 00:00:00-04:00,2.6824941169075895,2.6824941169075895,2.6537531354322565,2.6729137897491455,16200,0.0,0.0
2022-04-27 00:00:00-04:00,2.6633336083223065,2.682494263687623,2.6537532806396484,2.6537532806396484,36600,0.0,0.0
2022-04-28 00:00:00-04:00,2.6633336544036865,2.672913982252105,2.657585412012029,2.6633336544036865,6500,0.0,0.0
2022-04-29 00:00:00-04:00,2.680578146282126,2.692074401643287,2.5866908045610746,2.615431785583496,19800,0.0,0.0
2022-05-02 00:00:00-04:00,2.6250118253189525,2.6250118253189525,2.5771101955237685,2.605851173400879,2700,0.0,0.0
2022-05-03 00:00:00-04:00,2.604893400575488,2.672913651354678,2.5771103847306054,2.59627103805542,7800,0.0,0.0
2022-05-04 00:00:00-04:00,2.6058519510727294,2.653753595163338,2.5962716222546076,2.620222330093384,7100,0.0,0.0
2022-05-05 00:00:00-04:00,2.6058518007559024,2.6058518007559024,2.567530487693955,2.5886070728302,7500,0.0,0.0
2022-05-06 00:00:00-04:00,2.567530247967985,2.586690902709961,2.4698108174187,2.586690902709961,36400,0.0,0.0
2022-05-09 00:00:00-04:00,2.203477221284428,2.536872959622389,2.069352645989024,2.507174015045166,17400,0.0,0.0
2022-05-10 00:00:00-04:00,2.5483694483155133,2.5483694483155133,2.4947195724061237,2.5100479125976562,4900,0.0,0.0
2022-05-11 00:00:00-04:00,2.5263347719524485,2.586690856144446,2.519628565754784,2.577110528945923,5800,0.0,0.0
2022-05-12 00:00:00-04:00,2.5004674243089706,2.5771102623826248,2.490887098101388,2.524418354034424,9400,0.0,0.0
2022-05-13 00:00:00-04:00,2.323231563173953,2.45256609721089,2.323231563173953,2.4410698413848877,11500,0.0,0.0
2022-05-16 00:00:00-04:00,2.39029362486163,2.4832229972185003,2.39029362486163,2.4429855346679688,7200,0.0,0.0
2022-05-17 00:00:00-04:00,2.490887664982438,2.490887664982438,2.375923724327731,2.3950843811035156,34400,0.0,0.0
2022-05-18 00:00:00-04:00,2.251379206015204,2.2944907975678546,2.2417988777160645,2.2417988777160645,5100,0.0,0.0
2022-05-19 00:00:00-04:00,2.241798541582996,2.2705395221710205,2.2207219595329173,2.2705395221710205,13100,0.0,0.0
2022-05-20 00:00:00-04:00,2.2417983820902214,2.246588659387259,2.15557544646048,2.2370083332061768,18500,0.0,0.0
2022-05-23 00:00:00-04:00,2.2897005543910827,2.4238251392599186,2.2897005543910827,2.299280881881714,3300,0.0,0.0
2022-05-24 00:00:00-04:00,2.2513790591513736,2.308861253609529,2.2513790591513736,2.2609593868255615,31900,0.0,0.0
2022-05-25 00:00:00-04:00,2.270539670996796,2.3567628468255006,2.270539670996796,2.299280881881714,5500,0.0,0.0
2022-05-26 00:00:00-04:00,2.356762931974636,2.4046645711584635,2.3088612927908088,2.3663432598114014,16700,0.0,0.0
2022-05-27 00:00:00-04:00,2.4046645164489746,2.416161000956745,2.3759235335925757,2.4046645164489746,26000,0.0,0.0
2022-05-31 00:00:00-04:00,2.317483007737998,2.3855034829343675,2.314608887066814,2.32802152633667,20200,0.0,0.0
2022-06-01 00:00:00-04:00,2.328021616995594,2.4429855346679688,2.328021616995594,2.4429855346679688,2800,0.0,0.0
2022-06-02 00:00:00-04:00,2.3950840492780436,2.4142447033992265,2.3423921362382822,2.3759233951568604,25700,0.0,0.0
2022-06-03 00:00:00-04:00,2.3759233951568604,2.3759233951568604,2.3759233951568604,2.3759233951568604,100,0.0,0.0
2022-06-06 00:00:00-04:00,2.478432717823582,2.529208699343189,2.4142445533483623,2.49088716506958,74900,0.0,0.0
2022-06-07 00:00:00-04:00,2.529208699343189,2.529208699343189,2.4238248798135142,2.49088716506958,28100,0.0,0.0
2022-06-08 00:00:00-04:00,2.4813073365945457,2.50046799337033,2.3950843811035156,2.3950843811035156,33800,0.0,0.0
2022-06-09 00:00:00-04:00,2.4286154497024874,2.433405499305373,2.4046645164489746,2.4046645164489746,6300,0.0,0.0
2022-06-10 00:00:00-04:00,2.3950840444348156,2.4238250255584717,2.3874198741670463,2.4238250255584717,5100,0.0,0.0
2022-06-13 00:00:00-04:00,2.3950842433216977,2.4094548492833625,2.356762931974636,2.3663432598114014,19400,0.0,0.0
2022-06-14 00:00:00-04:00,2.299281168392513,2.3337703973390536,2.299281168392513,2.310777425765991,12400,0.0,0.0
2022-06-15 00:00:00-04:00,2.299280881881714,2.302155002970206,2.270539670996796,2.299280881881714,12800,0.0,0.0
2022-06-16 00:00:00-04:00,2.275329945963188,2.289700551386791,2.2417986855834626,2.2513790130615234,7300,0.0,0.0
2022-06-17 00:00:00-04:00,2.2417985926142037,2.2417985926142037,2.203477284291177,2.2322182655334473,8800,0.0,0.0
2022-06-21 00:00:00-04:00,2.2350925793086533,2.270539769723994,2.2073095598538597,2.2226381301879883,10200,0.0,0.0
2022-06-22 00:00:00-04:00,2.203476905822754,2.203476905822754,2.203476905822754,2.203476905822754,1400,0.0,0.0
2022-06-23 00:00:00-04:00,2.20730943434192,2.20730943434192,2.0980937480926514,2.0980937480926514,7900,0.0,0.0
2022-06-24 00:00:00-04:00,2.1364148703095034,2.2322181355378663,2.117254217263831,2.204435348510742,11900,0.0,0.0
2022-06-27 00:00:00-04:00,2.1900647826797477,2.251378827811638,2.1412049566728464,2.1651558876037598,11300,0.0,0.0
2022-06-28 00:00:00-04:00,2.1804846210424533,2.1804846210424533,2.1182123786387663,2.150785446166992,1100,0.0,0.0
2022-06-29 00:00:00-04:00,2.1172544956207275,2.145995478967833,2.107674167838359,2.1172544956207275,31400,0.0,0.0
2022-06-30 00:00:00-04:00,2.0980936007754103,2.1651558876037598,2.088513274085646,2.1651558876037598,5200,0.0,0.0
2022-07-01 00:00:00-04:00,2.107674069158958,2.1459953784942627,2.0597724324898268,2.1459953784942627,6800,0.0,0.0
2022-07-05 00:00:00-04:00,2.1076737396542327,2.1076737396542327,2.069352436309917,2.078932762145996,20600,0.0,0.0
2022-07-06 00:00:00-04:00,2.069352577479545,2.1076738834381104,2.0607302151149676,2.1076738834381104,2000,0.0,0.0
2022-07-07 00:00:00-04:00,2.1124639324764307,2.16323968571283,2.1076738834381104,2.1076738834381104,8800,0.0,0.0
2022-07-08 00:00:00-04:00,2.0990517123049894,2.1172544028175415,2.0980937480926514,2.0980937480926514,7700,0.0,0.0
2022-07-11 00:00:00-04:00,2.1555756117127958,2.1555756117127958,2.1268346309661865,2.1268346309661865,3200,0.0,0.0
2022-07-12 00:00:00-04:00,2.136414957881723,2.136414957881723,2.1268346309661865,2.1268346309661865,6700,0.0,0.0
2022-07-13 00:00:00-04:00,2.1459951893966758,2.1709040839523435,2.099051521073533,2.1076738834381104,11100,0.0,0.0
2022-07-14 00:00:00-04:00,2.098093461840578,2.1076737878959375,2.040611505508423,2.040611505508423,4000,0.0,0.0
2022-07-15 00:00:00-04:00,2.059772300082558,2.078932953518516,2.0406116466466,2.069352626800537,34600,0.0,0.0
2022-07-18 00:00:00-04:00,2.0885134207302065,2.0980937480926514,2.0885134207302065,2.0980937480926514,6600,0.0,0.0
2022-07-19 00:00:00-04:00,2.098093556948469,2.1364148629070345,2.098093556948469,2.1076738834381104,9400,0.0,0.0
2022-07-20 00:00:00-04:00,2.107674129495493,2.113422371742948,2.054982213444523,2.059772491455078,19800,0.0,0.0
2022-07-21 00:00:00-04:00,2.069352863890031,2.069352863890031,2.021450996398926,2.021450996398926,14600,0.0,0.0
2022-07-22 00:00:00-04:00,2.031031414874614,2.0885136127471924,2.012828951101557,2.0885136127471924,6900,0.0,0.0
2022-07-25 00:00:00-04:00,2.155575630341246,2.155575630341246,2.1172543223479283,2.131624698638916,3400,0.0,0.0
2022-07-26 00:00:00-04:00,2.12875060598192,2.1364150047302246,2.12875060598192,2.1364150047302246,2700,0.0,0.0
2022-07-27 00:00:00-04:00,2.1268347015246363,2.1268347015246363,2.0933034420013428,2.0933034420013428,1000,0.0,0.0
2022-07-28 00:00:00-04:00,1.9927095148527263,2.1555752754211426,1.9927095148527263,2.1555752754211426,4000,0.0,0.0
2022-07-29 00:00:00-04:00,2.1555757240809785,2.1555757240809785,2.144079239817829,2.150785446166992,1300,0.0,0.0
2022-08-01 00:00:00-04:00,2.15557583483758,2.2226381301879883,1.9927100320021252,2.2226381301879883,5900,0.0,0.0
2022-08-02 00:00:00-04:00,2.1057579484866427,2.10767410535152,2.1028838273958392,2.10384202003479,4800,0.0,0.0
2022-08-03 00:00:00-04:00,2.098093696227748,2.1364150047302246,2.098093696227748,2.1364150047302246,7500,0.0,0.0
2022-08-04 00:00:00-04:00,2.074143006175787,2.1172545974769603,2.0693529562606803,2.0885136127471924,7800,0.0,0.0
2022-08-05 00:00:00-04:00,2.0597726280174244,2.0885136127471924,2.0597726280174244,2.0885136127471924,2400,0.0,0.0
2022-08-08 00:00:00-04:00,2.098093940990448,2.111506354848398,2.0885136127471924,2.0885136127471924,3700,0.0,0.0
2022-08-09 00:00:00-04:00,2.1603659837015123,2.165156033161915,2.117254396492784,2.1459953784942627,31200,0.0,0.0
2022-08-10 00:00:00-04:00,2.101925827076058,2.1459953784942627,2.088513414491305,2.1459953784942627,18100,0.0,0.0
2022-08-11 00:00:00-04:00,2.1364149075344674,2.1843165409832883,2.1364149075344674,2.1651558876037598,8300,0.0,0.0
2022-08-12 00:00:00-04:00,2.174736214293524,2.174736214293524,2.1479113909273866,2.1651558876037598,4600,0.0,0.0
2022-08-15 00:00:00-04:00,2.155575630341246,2.155575630341246,2.131624698638916,2.131624698638916,12300,0.0,0.0
2022-08-16 00:00:00-04:00,2.236050584216807,2.236050584216807,2.107674018310268,2.184316635131836,18800,0.0,0.0
2022-08-17 00:00:00-04:00,2.174736265543869,2.174736265543869,2.11725430405065,2.1268346309661865,8400,0.0,0.0
2022-08-18 00:00:00-04:00,2.2130575689563563,2.2130575689563563,2.174736261367798,2.174736261367798,3100,0.0,0.0
2022-08-19 00:00:00-04:00,2.2417988777160645,2.2897007476248064,2.2417988777160645,2.2417988777160645,2900,0.0,0.0
2022-08-22 00:00:00-04:00,2.222638084132637,2.232218411841324,2.21305775642395,2.21305775642395,4200,0.0,0.0
2022-08-23 00:00:00-04:00,2.1986875145764584,2.2417988777160645,2.1986875145764584,2.2417988777160645,1500,0.0,0.0
2022-08-24 00:00:00-04:00,2.2398825355533196,2.2398825355533196,2.2053933143615723,2.2053933143615723,1600,0.0,0.0
2022-08-25 00:00:00-04:00,2.241798597748012,2.241798597748012,2.182400706759106,2.184316635131836,17100,0.0,0.0
2022-08-26 00:00:00-04:00,2.1728203296661377,2.1728203296661377,2.1728203296661377,2.1728203296661377,500,0.0,0.0
2022-08-29 00:00:00-04:00,2.163239755765635,2.2226378732901177,2.163239755765635,2.2178478240966797,1000,0.0,0.0
2022-08-30 00:00:00-04:00,2.232218411841324,2.232218411841324,2.21305775642395,2.21305775642395,800,0.0,0.0
2022-08-31 00:00:00-04:00,2.198687170496912,2.2322182000900015,2.198687170496912,2.2178478240966797,7600,0.0,0.0
2022-09-01 00:00:00-04:00,2.193897409258546,2.213058067368074,2.17282059397284,2.1766529083251953,11400,0.0,0.0
2022-09-02 00:00:00-04:00,2.209225754371167,2.209225754371167,2.1651561995659763,2.1795268058776855,4500,0.0,0.0
2022-09-06 00:00:00-04:00,2.203476902525684,2.203476902525684,2.1555752754211426,2.1555752754211426,4000,0.0,0.0
2022-09-07 00:00:00-04:00,2.1843165882649376,2.1843165882649376,2.1555756075735184,2.174736261367798,1100,0.0,0.0
2022-09-08 00:00:00-04:00,2.155575465415979,2.2034770967426236,2.146953103253284,2.193896770477295,6200,0.0,0.0
2022-09-09 00:00:00-04:00,2.2513790168808665,2.2513790168808665,2.1747363969263596,2.201561450958252,9200,0.0,0.0
2022-09-12 00:00:00-04:00,2.2130582047913867,2.2513795233900655,2.2073099613189697,2.2073099613189697,1900,0.0,0.0
2022-09-13 00:00:00-04:00,2.1843162549522672,2.203476905822754,2.1843162549522672,2.203476905822754,3100,0.0,0.0
2022-09-14 00:00:00-04:00,2.1843169043861437,2.192939268365328,2.1843169043861437,2.191023111343384,1600,0.0,0.0
2022-09-15 00:00:00-04:00,2.193896770477295,2.2130574230079527,2.1747361179466367,2.193896770477295,19400,0.0,0.0
2022-09-16 00:00:00-04:00,2.27628796498389,2.2801202787977886,2.21305775642395,2.21305775642395,7000,0.0,0.0
2022-09-19 00:00:00-04:00,2.157491880929178,2.174736378910879,2.1469533608836167,2.150785446166992,4400,0.0,0.0
2022-09-20 00:00:00-04:00,2.15174370477096,2.232218411841324,2.1498275478640103,2.21305775642395,16200,0.0,0.0
2022-09-21 00:00:00-04:00,2.280120077446705,2.299280731172055,2.232218214720321,2.2705395221710205,9100,0.0,0.0
2022-09-22 00:00:00-04:00,2.264791328492426,2.2801198959350586,2.260959015322024,2.2801198959350586,1600,0.0,0.0
2022-09-23 00:00:00-04:00,2.232217882128484,2.232217882128484,2.203476905822754,2.203476905822754,16300,0.0,0.0
2022-09-26 00:00:00-04:00,2.1459953933261735,2.1938970303263736,2.044443877203144,2.05115008354187,27200,0.0,0.0
2022-09-27 00:00:00-04:00,2.0980938400559905,2.1172544956207275,2.0597725289265165,2.1172544956207275,7700,0.0,0.0
2022-09-28 00:00:00-04:00,2.1699462586842997,2.184316635131836,2.1699462586842997,2.184316635131836,1400,0.0,0.0
2022-09-29 00:00:00-04:00,2.123960494995117,2.123960494995117,2.123960494995117,2.123960494995117,400,0.0,0.0
2022-09-30 00:00:00-04:00,2.0808487378931373,2.1057576313196695,2.011870298929355,2.040611505508423,7100,0.0,0.0
2022-10-03 00:00:00-04:00,2.05977227333432,2.088513253115026,2.0406116201471822,2.0655202865600586,5700,0.0,0.0
2022-10-04 00:00:00-04:00,2.0789330143546105,2.131624698638916,2.0597723603579516,2.131624698638916,8800,0.0,0.0
2022-10-05 00:00:00-04:00,2.1268343913263905,2.1364147171624697,2.078932762145996,2.078932762145996,12000,0.0,0.0
2022-10-06 00:00:00-04:00,2.0980936502195773,2.1268346309661865,2.0980936502195773,2.1268346309661865,4700,0.0,0.0
2022-10-07 00:00:00-04:00,2.1459953882536196,2.1747363703858036,2.1000096797943115,2.1000096797943115,2600,0.0,0.0
2022-10-10 00:00:00-04:00,2.452566091103109,2.586690902709961,2.2944905752752986,2.586690902709961,149400,0.0,0.0
2022-10-11 00:00:00-04:00,2.768717448766882,2.9315830198145596,2.0310313015458688,2.21305775642395,1367200,0.0,0.0
2022-10-12 00:00:00-04:00,2.0022904851640426,2.0980939986421467,1.9735494996445262,2.050192356109619,82100,0.0,0.0
2022-10-13 00:00:00-04:00,1.983129457925719,2.069352626800537,1.9256474976178446,2.069352626800537,41000,0.0,0.0
2022-10-14 00:00:00-04:00,2.0406117661543797,2.0406117661543797,1.9448082649508813,1.973549246788025,26100,0.0,0.0
2022-10-17 00:00:00-04:00,1.9448080989858982,2.031031037139283,1.9448080989858982,2.0118703842163086,40200,0.0,0.0
2022-10-18 00:00:00-04:00,2.0693532159200947,2.0693532159200947,1.9783399719824328,1.9927103519439697,10500,0.0,0.0
2022-10-19 00:00:00-04:00,1.9639688730239868,2.011870508285447,1.9448082189194027,1.9639688730239868,9700,0.0,0.0
2022-10-20 00:00:00-04:00,1.97359629821038,2.079496718384234,1.9254598479189464,1.9745591878890991,37900,0.01,0.0
2022-10-21 00:00:00-04:00,1.9832234223300071,2.060241965884768,1.9832234223300071,2.048689126968384,41400,0.0,0.0
2022-10-24 00:00:00-04:00,2.0602421062752425,2.0602421062752425,1.9543416877458601,1.983223557472229,8900,0.0,0.0
2022-10-25 00:00:00-04:00,2.060242015651587,2.1180057525634766,2.050614726166272,2.1180057525634766,7200,0.0,0.0
2022-10-26 00:00:00-04:00,2.130521393495467,2.276856295214412,2.031360052718021,2.122819423675537,35000,0.0,0.0
2022-10-27 00:00:00-04:00,2.089124068091601,2.127633229424269,2.0698694874252666,2.1083786487579346,9100,0.0,0.0
2022-10-28 00:00:00-04:00,2.0987515449523926,2.1180061273299873,2.0987515449523926,2.0987515449523926,25600,0.0,0.0
2022-10-31 00:00:00-04:00,2.098750967080832,2.175769275384937,2.098750967080832,2.166141986846924,15700,0.0,0.0
2022-11-01 00:00:00-04:00,2.1565146983089107,2.2383467656483544,2.1565146983089107,2.166141986846924,2200,0.0,0.0
2022-11-02 00:00:00-04:00,2.1661423005969134,2.3057381193838764,2.1661423005969134,2.2239060401916504,60200,0.0,0.0
2022-11-03 00:00:00-04:00,2.2219805442359806,2.320178985595703,2.1844340476083395,2.320178985595703,10000,0.0,0.0
2022-11-04 00:00:00-04:00,2.3394337186660903,2.3394337186660903,2.2624151706695557,2.2624151706695557,8200,0.0,0.0
2022-11-07 00:00:00-05:00,2.329806482606869,2.329806482606869,2.2527879328335123,2.2720425128936768,22600,0.0,0.0
2022-11-08 00:00:00-05:00,2.2720423102068223,2.3971972989656254,2.2720423102068223,2.320178985595703,31600,0.0,0.0
2022-11-09 00:00:00-05:00,2.4164517512933306,2.7129726095566467,2.339433441939812,2.5127246379852295,92100,0.0,0.0
2022-11-10 00:00:00-05:00,2.6667617700923074,2.686016349480269,2.5319797143765754,2.6475071907043457,25700,0.0,0.0
2022-11-11 00:00:00-05:00,2.6186250377157037,2.686016058267154,2.541606728514046,2.5753021240234375,119900,0.0,0.0
2022-11-14 00:00:00-05:00,2.5801158329994474,2.5801158329994474,2.4270416480419543,2.5030972957611084,88100,0.0,0.0
2022-11-15 00:00:00-05:00,2.5993704099258665,2.5993704099258665,2.4164516995922227,2.5030972957611084,22400,0.0,0.0
2022-11-16 00:00:00-05:00,2.512724584224318,2.753407025337219,2.426078988055432,2.5030972957611084,47000,0.0,0.0
2022-11-17 00:00:00-05:00,2.493470191339793,2.5233149484514343,2.358688142906658,2.4068245887756348,7800,0.0,0.0
2022-11-18 00:00:00-05:00,2.4260790279328317,2.628252318516012,2.3875698734470197,2.428967237472534,20700,0.0,0.0
2022-11-21 00:00:00-05:00,2.435706562818706,2.5656750871152463,2.426079273223877,2.426079273223877,3400,0.0,0.0
2022-11-22 00:00:00-05:00,2.435706509770058,2.6552088454711122,2.416451930999756,2.416451930999756,5200,0.0,0.0
2022-11-23 00:00:00-05:00,2.5223521142364174,2.5223521142364174,2.3991229019195575,2.416451930999756,5000,0.0,0.0
2022-11-25 00:00:00-05:00,2.391420652120686,2.4934699535369873,2.391420652120686,2.4934699535369873,1500,0.0,0.0
2022-11-28 00:00:00-05:00,2.4260791671232256,2.4357064562970208,2.3779427212542488,2.4068245887756348,14000,0.0,0.0
2022-11-29 00:00:00-05:00,2.3875702241213195,2.3875702241213195,2.368315644050398,2.3856446743011475,3600,0.0,0.0
2022-11-30 00:00:00-05:00,2.3567624885272194,2.599370486271414,2.3567624885272194,2.3875699043273926,9800,0.0,0.0
2022-12-01 00:00:00-05:00,2.3971972816341247,2.4164518598373967,2.3538743659104244,2.382756233215332,16700,0.0,0.0
2022-12-02 00:00:00-05:00,2.4164519836290475,2.464588431603194,2.396234744339713,2.426079273223877,26700,0.0,0.0
2022-12-05 00:00:00-05:00,2.397197461385712,2.4299302008791726,2.272042464147138,2.3490610122680664,32500,0.0,0.0
2022-12-06 00:00:00-05:00,2.3971971684415903,2.406824457088638,2.243160320556157,2.276855945587158,17600,0.0,0.0
2022-12-07 00:00:00-05:00,2.2335330548591945,2.4068244818193336,2.2335330548591945,2.3875699043273926,13800,0.0,0.0
2022-12-08 00:00:00-05:00,2.406824804679232,2.406824804679232,2.3586883544921875,2.3586883544921875,2800,0.0,0.0
2022-12-09 00:00:00-05:00,2.406824804679232,2.406824804679232,2.3394337744173694,2.3586883544921875,32600,0.0,0.0
2022-12-12 00:00:00-05:00,2.3490607493435105,2.3875699043273926,2.195023899875312,2.3875699043273926,4000,0.0,0.0
2022-12-13 00:00:00-05:00,2.450147266750586,2.450147266750586,2.220054779461791,2.2816693782806396,8000,0.0,0.0
2022-12-14 00:00:00-05:00,2.2720419469217603,2.406824203300978,2.214278221130371,2.214278221130371,3800,0.0,0.0
2022-12-15 00:00:00-05:00,2.214278221130371,2.214278221130371,2.214278221130371,2.214278221130371,2600,0.0,0.0
2022-12-16 00:00:00-05:00,2.2142788231908064,2.449184888905986,2.2142788231908064,2.3683156967163086,10600,0.0,0.0
2022-12-19 00:00:00-05:00,2.2431600840260657,2.2912967517181992,2.175769070602778,2.214278221130371,12200,0.0,0.0
2022-12-20 00:00:00-05:00,2.175769329071045,2.252787639275541,2.175769329071045,2.175769329071045,7800,0.0,0.0
2022-12-21 00:00:00-05:00,2.2527875361375362,2.310551495679006,2.185396517793924,2.2431602478027344,6500,0.0,0.0
2022-12-22 00:00:00-05:00,2.19502425028789,2.3394338340635916,2.146887798873558,2.308626413345337,13200,0.0,0.0
2022-12-23 00:00:00-05:00,2.262415021035582,2.320178985595703,2.2123532550647402,2.320178985595703,5400,0.0,0.0
2022-12-27 00:00:00-05:00,2.31055147008594,2.3394333347704324,2.2248685359954834,2.2248685359954834,7300,0.0,0.0
2022-12-28 00:00:00-05:00,2.2431610350309987,2.2431610350309987,2.021733096088663,2.031360387802124,14800,0.0,0.0
2022-12-29 00:00:00-05:00,1.4122790100924434,2.252875152861313,1.4122790100924434,2.1832284927368164,1300,0.01,0.0
2022-12-30 00:00:00-05:00,2.253842353820801,2.3409007926169187,2.253842353820801,2.253842353820801,15500,0.0,0.0
2023-01-03 00:00:00-05:00,2.3118814060154924,2.3118814060154924,2.244169235229492,2.244169235229492,8800,0.0,0.0
2023-01-04 00:00:00-05:00,2.331227795607702,2.418286008902947,2.2828618909290626,2.321554660797119,4500,0.0,0.0
2023-01-05 00:00:00-05:00,2.3602467948423786,2.3602467948423786,2.273188365867227,2.2838289737701416,7200,0.0,0.0
2023-01-06 00:00:00-05:00,2.2248229204635876,2.3989395650326863,2.2248229204635876,2.273188591003418,9100,0.0,0.0
2023-01-09 00:00:00-05:00,2.3215544921689575,2.350573894492856,2.2683521392622894,2.273188591003418,13900,0.0,0.0
2023-01-10 00:00:00-05:00,2.2789926831299745,2.331227795607702,2.2731887561184796,2.321554660797119,3400,0.0,0.0
2023-01-11 00:00:00-05:00,2.3312276641195453,2.3312276641195453,2.273188627903897,2.3263909816741943,5600,0.0,0.0
2023-01-12 00:00:00-05:00,2.369920075985829,2.369920075985829,2.311881273461858,2.3312275409698486,3000,0.0,0.0
2023-01-13 00:00:00-05:00,2.3118813423470868,2.3409007444737395,2.2344960393836386,2.2828617095947266,7200,0.0,0.0
2023-01-17 00:00:00-05:00,2.2538419896797377,2.263515122358058,2.157110662896533,2.176456928253174,23800,0.0,0.0
2023-01-18 00:00:00-05:00,2.176457421368968,2.2344962305886322,2.147438016759135,2.1667842864990234,12100,0.0,0.0
2023-01-19 00:00:00-05:00,2.099071936301192,2.20354191106018,2.099071936301192,2.128091335296631,5700,0.0,0.0
2023-01-20 00:00:00-05:00,2.2054767566148605,2.244169294877727,2.181294035513429,2.225790500640869,7400,0.0,0.0
2023-01-23 00:00:00-05:00,2.18613034227537,2.209345817565918,2.1764572083521663,2.209345817565918,2100,0.0,0.0
2023-01-24 00:00:00-05:00,2.215149416520065,2.2364304002548563,2.176456886548204,2.2054762840270996,36300,0.0,0.0
2023-01-25 00:00:00-05:00,2.2248229510973325,2.253842353820801,2.20547668261502,2.253842353820801,7500,0.0,0.0
2023-01-26 00:00:00-05:00,2.2248229472306393,2.418285862343241,2.2248229472306393,2.4086127281188965,21500,0.0,0.0
2023-01-27 00:00:00-05:00,2.3824956259028287,2.4859981536865234,2.3824956259028287,2.4859981536865234,8000,0.0,0.0
2023-01-30 00:00:00-05:00,2.495670936137997,2.495670936137997,2.3699201912215186,2.4086127281188965,10200,0.0,0.0
2023-01-31 00:00:00-05:00,2.4569780809008064,2.4569780809008064,2.2731883238253774,2.292534589767456,27400,0.0,0.0
2023-02-01 00:00:00-05:00,2.3989395026711873,2.466651439666748,2.340900699532135,2.466651439666748,48500,0.0,0.0
2023-02-02 00:00:00-05:00,2.505344119739855,2.5343635229848283,2.3795933723449707,2.3795933723449707,24900,0.0,0.0
2023-02-03 00:00:00-05:00,2.4231226612350656,2.474390298150829,2.32155463168475,2.382495403289795,9300,0.0,0.0
2023-02-06 00:00:00-05:00,2.340901052773938,2.3892667293548584,2.321554782141569,2.3892667293548584,6300,0.0,0.0
2023-02-07 00:00:00-05:00,2.3409009304182846,2.369920334850033,2.311881525986536,2.321554660797119,9800,0.0,0.0
2023-02-08 00:00:00-05:00,2.369920060635176,2.378625950145091,2.2925347604787607,2.3409006595611572,11100,0.0,0.0
2023-02-09 00:00:00-05:00,2.360246751190413,2.360246751190413,2.292534589767456,2.292534589767456,10600,0.0,0.0
2023-02-10 00:00:00-05:00,2.3215544072158534,2.3312275409698486,2.2925347753281673,2.3312275409698486,3600,0.0,0.0
2023-02-13 00:00:00-05:00,2.3505737830924174,2.3699200503914746,2.312848492671547,2.3612141609191895,6800,0.0,0.0
2023-02-14 00:00:00-05:00,2.340900788548485,2.4086127281188965,2.340900788548485,2.4086127281188965,11000,0.0,0.0
2023-02-15 00:00:00-05:00,2.427959304494239,2.4531095027923584,2.3757244191832165,2.4531095027923584,3200,0.0,0.0
2023-02-16 00:00:00-05:00,2.4666512594825534,2.4666512594825534,2.360246794833602,2.4279587268829346,35500,0.0,0.0
2023-02-17 00:00:00-05:00,2.3699200303113432,2.437631965284326,2.3602468967437744,2.3602468967437744,10400,0.0,0.0
2023-02-21 00:00:00-05:00,2.2731881830701237,2.331227207928279,2.224822521209717,2.224822521209717,16500,0.0,0.0
2023-02-22 00:00:00-05:00,2.305110020650319,2.305110020650319,2.215149847884878,2.2344961166381836,11400,0.0,0.0
2023-02-23 00:00:00-05:00,2.2635152339935303,2.31188113039619,2.2519076125824684,2.2635152339935303,2700,0.0,0.0
2023-02-24 00:00:00-05:00,2.40861226690493,2.40861226690493,2.224822521209717,2.224822521209717,3500,0.0,0.0
2023-02-27 00:00:00-05:00,2.253841918325961,2.2925344478142864,2.224822521209717,2.224822521209717,16000,0.0,0.0
2023-02-28 00:00:00-05:00,2.3022082717068804,2.3022082717068804,2.214182588060508,2.244169235229492,39300,0.0,0.0
2023-03-01 00:00:00-05:00,2.25384231836888,2.35057388988461,2.2441691842798774,2.2625482082366943,10400,0.0,0.0
2023-03-02 00:00:00-05:00,2.3118813580609916,2.3118813580609916,2.273188591003418,2.273188591003418,10600,0.0,0.0
2023-03-03 00:00:00-05:00,2.3022079324853393,2.3118810653686523,2.2731883032097198,2.3118810653686523,4400,0.0,0.0
2023-03-06 00:00:00-05:00,2.398939446298464,2.398939446298464,2.234495943976374,2.350573778152466,24900,0.0,0.0
2023-03-07 00:00:00-05:00,2.3234891493838004,2.36024720003945,2.2248230820655657,2.321554660797119,11200,0.0,0.0
2023-03-08 00:00:00-05:00,2.3312273456074344,2.3312273456074344,2.205476386718027,2.3022079467773438,6900,0.0,0.0
2023-03-09 00:00:00-05:00,2.2151496617862163,2.302208094487871,2.2151496617862163,2.2673847675323486,7400,0.0,0.0
2023-03-10 00:00:00-05:00,2.244168842540414,2.244168842540414,2.1861300468444824,2.1861300468444824,13700,0.0,0.0
2023-03-13 00:00:00-04:00,2.224823033117092,2.3409008789159746,2.224823033117092,2.2780253887176514,5900,0.0,0.0
2023-03-14 00:00:00-04:00,2.2857632031553576,2.3409002634287037,2.2731881084220324,2.3138153553009033,11700,0.0,0.0
2023-03-15 00:00:00-04:00,2.3118813580609916,2.447305235572517,2.2151497863556213,2.273188591003418,20700,0.0,0.0
2023-03-16 00:00:00-04:00,2.4086127125483925,2.4569783833574546,2.282861737819121,2.418285846710205,22200,0.0,0.0
2023-03-17 00:00:00-04:00,2.515017254154846,2.515017254154846,2.336064152164653,2.3795933723449707,21400,0.0,0.0
2023-03-20 00:00:00-04:00,2.3757239069790863,2.621421678966466,2.3757239069790863,2.5537097454071045,56200,0.0,0.0
2023-03-21 00:00:00-04:00,2.4666513288157104,2.61174856076839,2.4666513288157104,2.544036626815796,33600,0.0,0.0
2023-03-22 00:00:00-04:00,2.6020754498849734,2.6020754498849734,2.4569782166755054,2.5246901512145996,26600,0.0,0.0
2023-03-23 00:00:00-04:00,2.4859977531831605,2.669787530468773,2.4859977531831605,2.592402458190918,54400,0.0,0.0
2023-03-24 00:00:00-04:00,2.6117486349525496,2.66978743713188,2.5682194180052025,2.6504411697387695,11300,0.0,0.0
2023-03-27 00:00:00-04:00,2.66978747042247,2.805211574488594,2.602075533702259,2.785865306854248,73400,0.0,0.0
2023-03-28 00:00:00-04:00,2.843904320592642,2.858413907081231,2.718153341021031,2.8052117824554443,28500,0.0,0.0
2023-03-29 00:00:00-04:00,2.7955382787883956,2.901942744615667,2.737499248620559,2.8922696113586426,37400,0.0,0.0
2023-03-30 00:00:00-04:00,2.961202802200704,3.0582915590705673,2.9029496869651688,2.9417850971221924,67300,0.011,0.0
2023-03-31 00:00:00-04:00,3.029164463058292,3.0485823976466677,2.9223670959472656,2.9223670959472656,21600,0.0,0.0
2023-04-03 00:00:00-04:00,2.9903290262182054,3.0582912178884576,2.912658214569092,2.912658214569092,24000,0.0,0.0
2023-04-04 00:00:00-04:00,2.9272216666265654,3.0388735763663544,2.912658273409513,3.009746789932251,12200,0.0,0.0
2023-04-05 00:00:00-04:00,3.019455581553649,3.0485823674086725,2.94178476987966,2.9903290271759033,37200,0.0,0.0
2023-04-06 00:00:00-04:00,2.9951836891447545,3.000037999331036,2.941784888231937,2.951493740081787,27200,0.0,0.0
2023-04-10 00:00:00-04:00,2.970911383942632,2.9903290872512285,2.9320759773254395,2.9320759773254395,22400,0.0,0.0
2023-04-11 00:00:00-04:00,2.9126581543233847,2.9612024105999866,2.864113898046783,2.893240451812744,25400,0.0,0.0
2023-04-12 00:00:00-04:00,2.9126587034863327,2.9320764096580563,2.8252790257135767,2.8349878787994385,22900,0.0,0.0
2023-04-13 00:00:00-04:00,2.844696303054674,2.9126582644106165,2.8068317122846076,2.8369290828704834,6600,0.0,0.0
2023-04-14 00:00:00-04:00,2.825278797642198,2.825278797642198,2.7378988954458916,2.7922685146331787,6400,0.0,0.0
2023-04-17 00:00:00-04:00,2.7281896338314673,2.8641137771455347,2.7281896338314673,2.854404926300049,8800,0.0,0.0
2023-04-18 00:00:00-04:00,2.9126584669435647,2.9126584669435647,2.7767343033028538,2.8786773681640625,22500,0.0,0.0
2023-04-19 00:00:00-04:00,2.9126584883399893,2.917513030262993,2.786443176069486,2.844696521759033,12400,0.0,0.0
2023-04-20 00:00:00-04:00,2.786443031525805,2.8446963741935236,2.7670253277956607,2.796152114868164,15100,0.0,0.0
2023-04-21 00:00:00-04:00,2.8544052260585957,2.8544052260585957,2.728189920335373,2.796152114868164,38200,0.0,0.0
2023-04-24 00:00:00-04:00,2.883532097925769,3.068000535072315,2.7971232374059345,3.0068345069885254,447400,0.0,0.0
2023-04-25 00:00:00-04:00,2.9417847689375094,2.980620174762066,2.912658214569092,2.912658214569092,12600,0.0,0.0
2023-04-26 00:00:00-04:00,2.9699405802156402,2.970911395941806,2.898094892501831,2.898094892501831,30100,0.0,0.0
2023-04-27 00:00:00-04:00,2.893240783602573,2.893240783602573,2.786443176069486,2.844696521759033,45000,0.0,0.0
2023-04-28 00:00:00-04:00,2.8835315704345703,2.893240421588467,2.8155696123572933,2.8835315704345703,15000,0.0,0.0
2023-05-01 00:00:00-04:00,2.922366882218451,2.922366882218451,2.7961518212271326,2.854404926300049,8300,0.0,0.0
2023-05-02 00:00:00-04:00,2.7670254688183347,2.8534343242645264,2.7670254688183347,2.8534343242645264,18200,0.0,0.0
2023-05-03 00:00:00-04:00,2.805861170104853,2.8252788752424114,2.776734380921211,2.7864432334899902,16500,0.0,0.0
2023-05-04 00:00:00-04:00,2.8641142264964494,2.891298920537912,2.747607766594654,2.844696521759033,20800,0.0,0.0
2023-05-05 00:00:00-04:00,2.9126581845469834,2.9126581845469834,2.873822779122721,2.902949333190918,17900,0.0,0.0
2023-05-08 00:00:00-04:00,2.8689682079358065,2.9272215469450016,2.8689682079358065,2.893240451812744,7100,0.0,0.0
2023-05-09 00:00:00-04:00,2.9126581238962603,2.9126581238962603,2.8835315704345703,2.8835315704345703,3200,0.0,0.0
2023-05-10 00:00:00-04:00,2.8835321442287474,2.902949850400471,2.8349878787994385,2.8349878787994385,9400,0.0,0.0
2023-05-11 00:00:00-04:00,2.873822960016691,2.873822960016691,2.796152144279145,2.805860996246338,6200,0.0,0.0
2023-05-12 00:00:00-04:00,2.8349874549770187,2.8641140098802684,2.7670252620588207,2.7767341136932373,12100,0.0,0.0
2023-05-15 00:00:00-04:00,2.8252787590026855,2.93207613286532,2.737898858001417,2.8252787590026855,15200,0.0,0.0
2023-05-16 00:00:00-04:00,2.8835317816538115,2.8835317816538115,2.747607624065517,2.796152114868164,18300,0.0,0.0
2023-05-17 00:00:00-04:00,2.805861170104853,2.8184827015919964,2.7184812655085357,2.7864432334899902,20900,0.0,0.0
2023-05-18 00:00:00-04:00,2.7281899156913183,2.7378987675398636,2.7184810638427734,2.7184810638427734,23300,0.0,0.0
2023-05-19 00:00:00-04:00,2.757316471236954,2.757316471236954,2.7184810638427734,2.7184810638427734,5000,0.0,0.0
2023-05-22 00:00:00-04:00,2.786443056942743,2.844696400141828,2.7281899452209473,2.7281899452209473,4200,0.0,0.0
2023-05-23 00:00:00-04:00,2.796152110108421,2.796152110108421,2.7184810638427734,2.7184810638427734,18900,0.0,0.0
2023-05-24 00:00:00-04:00,2.767025075557739,2.767025075557739,2.6116834598773004,2.640810012817383,38300,0.0,0.0
2023-05-25 00:00:00-04:00,2.592265958477117,2.679645624057802,2.475759506225586,2.475759506225586,26100,0.0,0.0
2023-05-26 00:00:00-04:00,2.5243038890088667,2.5243038890088667,2.4369242191314697,2.4369242191314697,7200,0.0,0.0
2023-05-30 00:00:00-04:00,2.5048861056943474,2.727219115188859,2.5048861056943474,2.6068291664123535,2000,0.0,0.0
2023-05-31 00:00:00-04:00,2.5048859420511813,2.5728481324081023,2.5048859420511813,2.514594793319702,1800,0.0,0.0
2023-06-01 00:00:00-04:00,2.669936623682905,2.669936623682905,2.5340124755363216,2.582556962966919,4500,0.0,0.0
2023-06-02 00:00:00-04:00,2.6602278570435294,2.679645560042022,2.53401255607605,2.53401255607605,9200,0.0,0.0
2023-06-05 00:00:00-04:00,2.6408101313870462,2.6408101313870462,2.582557022891377,2.6019747257232666,4400,0.0,0.0
2023-06-06 00:00:00-04:00,2.660227888290959,2.660227888290959,2.5437214374542236,2.5437214374542236,700,0.0,0.0
2023-06-07 00:00:00-04:00,2.6408101751376187,2.747607542482335,2.62624678203379,2.6466355323791504,1400,0.0,0.0
2023-06-08 00:00:00-04:00,2.7281896716376295,2.7573162245777114,2.5631392049771637,2.640810012817383,3600,0.0,0.0
2023-06-09 00:00:00-04:00,2.650518921301575,2.734985903512635,2.5631392605855883,2.582556962966919,2600,0.0,0.0
2023-06-12 00:00:00-04:00,2.582557022891377,2.7359570141496716,2.4272151687589822,2.6019747257232666,41200,0.0,0.0
2023-06-13 00:00:00-04:00,2.3786709230119185,2.3786709230119185,2.1359494049796264,2.300999879837036,222700,0.0,0.0
2023-06-14 00:00:00-04:00,2.281582384531756,2.3204180253917963,2.281582384531756,2.2912912368774414,49200,0.0,0.0
2023-06-15 00:00:00-04:00,2.320417611830515,2.349544163676431,2.2815819778920368,2.31070876121521,87100,0.0,0.0
2023-06-16 00:00:00-04:00,2.315563454015416,2.315563454015416,2.2718735032771247,2.2815823554992676,40400,0.0,0.0
2023-06-20 00:00:00-04:00,2.2815819778920368,2.3301264624458202,2.2815819778920368,2.31070876121521,41200,0.0,0.0
2023-06-21 00:00:00-04:00,2.2912912368774414,2.3301268777374817,2.281582384531756,2.2912912368774414,34300,0.0,0.0
2023-06-22 00:00:00-04:00,2.2912911234525617,2.3796418374588173,2.2815822715874896,2.3301267623901367,46200,0.0,0.0
2023-06-23 00:00:00-04:00,2.3204179688195397,2.378671081473429,2.310709116710558,2.3495445251464844,75800,0.0,0.0
2023-06-26 00:00:00-04:00,2.3786711980742767,2.446633166168598,2.3427484666578664,2.3883800506591797,89500,0.0,0.0
2023-06-27 00:00:00-04:00,2.301000089223127,2.3980888441572796,2.2718735321860706,2.2912912368774414,22200,0.0,0.0
2023-06-28 00:00:00-04:00,2.2912910283748356,2.3301266657009156,2.262164473988234,2.300999879837036,30300,0.0,0.0
2023-06-29 00:00:00-04:00,2.3409921300437784,2.3409921300437784,2.272713028189864,2.3068525791168213,23700,0.011,0.0
2023-06-30 00:00:00-04:00,2.321483810906511,2.386836417700331,2.321483810906511,2.3517215251922607,15100,0.0,0.0
2023-07-03 00:00:00-04:00,2.3702546427276934,2.3800087674896724,2.3019755368371615,2.3507463932037354,5700,0.0,0.0
2023-07-05 00:00:00-04:00,2.3897628422400454,2.3897628422400454,2.3019754886627197,2.3019754886627197,18800,0.0,0.0
2023-07-06 00:00:00-04:00,2.3800087568207458,2.3800087568207458,2.2727131523632744,2.287344455718994,10000,0.0,0.0
2023-07-07 00:00:00-04:00,2.3507461588675214,2.3897626540260437,2.3117294311523438,2.3117294311523438,23500,0.0,0.0
2023-07-10 00:00:00-04:00,2.3800088240999147,2.3800088240999147,2.2336967166334105,2.3605005741119385,50300,0.0,0.0
2023-07-11 00:00:00-04:00,2.389762777140149,2.389762777140149,2.2629589287857055,2.331238031387329,54300,0.0,0.0
2023-07-12 00:00:00-04:00,2.3117292564514127,2.380008350375526,2.272712764241427,2.321483612060547,58900,0.0,0.0
2023-07-13 00:00:00-04:00,2.3409923097222856,2.448287683996077,2.3409923097222856,2.399517059326172,78700,0.0,0.0
2023-07-14 00:00:00-04:00,2.438533362880773,2.456090693326769,2.382934878485677,2.4482874870300293,53300,0.0,0.0
2023-07-17 00:00:00-04:00,2.4580416548278476,2.4580416548278476,2.361475754268444,2.394639730453491,33300,0.0,0.0
2023-07-18 00:00:00-04:00,2.4482875430560336,2.4482875430560336,2.301975444912352,2.355623245239258,23400,0.0,0.0
2023-07-19 00:00:00-04:00,2.375131289969823,2.3897625915500877,2.311729370716423,2.340991973876953,39100,0.0,0.0
2023-07-20 00:00:00-04:00,2.3409918581655402,2.355622926465966,2.29222101034642,2.321483612060547,41700,0.0,0.0
2023-07-21 00:00:00-04:00,2.3214840189177983,2.3507463932037354,2.2922214120751825,2.3507463932037354,9100,0.0,0.0
2023-07-24 00:00:00-04:00,2.4385335019455443,2.4385335019455443,2.3117296482171708,2.3897628784179688,39100,0.0,0.0
2023-07-25 00:00:00-04:00,2.3751315750813577,2.3897628784179688,2.3507463795959085,2.3897628784179688,13000,0.0,0.0
2023-07-26 00:00:00-04:00,2.3605005179657144,2.3995170170136304,2.3507463932037354,2.3507463932037354,6700,0.0,0.0
2023-07-27 00:00:00-04:00,2.3605005741119385,2.3995170740878904,2.320508498846909,2.3605005741119385,20600,0.0,0.0
2023-07-28 00:00:00-04:00,2.3312377351130436,2.336114680360973,2.272712764241427,2.321483612060547,36100,0.0,0.0
2023-07-31 00:00:00-04:00,2.321484005479363,2.3897628784179688,2.301975523511656,2.3897628784179688,23700,0.0,0.0
2023-08-01 00:00:00-04:00,2.4287790856885954,2.4287790856885954,2.321483726807699,2.340991973876953,7800,0.0,0.0
2023-08-02 00:00:00-04:00,2.2824671956510656,2.331238050059039,2.253204822540283,2.253204822540283,14000,0.0,0.0
2023-08-03 00:00:00-04:00,2.2970984984847918,2.3214839256887783,2.253204822540283,2.253204822540283,10000,0.0,0.0
2023-08-04 00:00:00-04:00,2.2434507814131424,2.255155824114438,2.165417783555645,2.1849260330200195,47100,0.0,0.0
2023-08-07 00:00:00-04:00,2.3205081134510483,2.3205081134510483,2.1751716054114767,2.2141880989074707,12300,0.0,0.0
2023-08-08 00:00:00-04:00,2.2278437821944945,2.2278437821944945,2.1127449890650043,2.126400947570801,39100,0.0,0.0
2023-08-09 00:00:00-04:00,2.194680186324112,2.194680186324112,2.0971389377323795,2.1068930625915527,22800,0.0,0.0
2023-08-10 00:00:00-04:00,2.116647196008471,2.116647196008471,2.0581222140601305,2.0678763389587402,29200,0.0,0.0
2023-08-11 00:00:00-04:00,2.1068927972577343,2.1264010445192887,2.0561712613550327,2.082507371902466,49300,0.0,0.0
2023-08-14 00:00:00-04:00,2.0581221015075197,2.0873847071597456,2.048367977142334,2.048367977142334,11700,0.0,0.0
2023-08-15 00:00:00-04:00,2.0395894600126496,2.0678762583259527,1.9508267641067505,1.9508267641067505,51200,0.0,0.0
2023-08-16 00:00:00-04:00,1.9800891186541967,2.0561714287003494,1.9508267453802928,2.0093514919281006,42300,0.0,0.0
2023-08-17 00:00:00-04:00,2.0288597602528853,2.087384739919159,1.9508267641067505,1.9508267641067505,120800,0.0,0.0
2023-08-18 00:00:00-04:00,1.9654583179979543,2.077630880552032,1.9654583179979543,2.058122396469116,77400,0.0,0.0
2023-08-21 00:00:00-04:00,2.1068930625915527,2.145909562028246,2.0093515814431395,2.1068930625915527,78000,0.0,0.0
2023-08-22 00:00:00-04:00,2.0776305531687367,2.2434506650123924,2.028859699481584,2.1654176712036133,155500,0.0,0.0
2023-08-23 00:00:00-04:00,2.2239422222814693,2.2239422222814693,2.0971386184194887,2.2141880989074707,75500,0.0,0.0
2023-08-24 00:00:00-04:00,2.2141880411186903,2.243450410476958,2.1166468099244637,2.2044339179992676,38900,0.0,0.0
2023-08-25 00:00:00-04:00,2.1556633586634795,2.243450469029466,2.1068927417934873,2.2141880989074707,45000,0.0,0.0
2023-08-28 00:00:00-04:00,2.1946797370910645,2.2336962285413997,2.1849256142284808,2.1946797370910645,33500,0.0,0.0
2023-08-29 00:00:00-04:00,2.184925804230431,2.2278439020466467,2.116646938254789,2.145909309387207,36300,0.0,0.0
2023-08-30 00:00:00-04:00,2.1264011183865574,2.175171738234645,2.0873846225080874,2.15566349029541,48400,0.0,0.0
2023-08-31 00:00:00-04:00,2.126401061965595,2.165417556808819,2.077630443411565,2.145909309387207,35800,0.0,0.0
2023-09-01 00:00:00-04:00,2.126401320907081,2.1585899563281616,2.0581222140601305,2.0678763389587402,40600,0.0,0.0
2023-09-05 00:00:00-04:00,2.0581220025712206,2.0776304829204655,1.9703348875045776,1.9703348875045776,39900,0.0,0.0
2023-09-06 00:00:00-04:00,1.9703350004105171,2.038613871597151,1.9508267515000504,1.9898432493209839,46300,0.0,0.0
2023-09-07 00:00:00-04:00,1.9605808886250173,1.9898432621798179,1.9508267641067505,1.9508267641067505,440100,0.0,0.0
2023-09-08 00:00:00-04:00,1.9605808144234762,2.0678761800636347,1.9605808144234762,1.9995973110198975,284200,0.0,0.0
2023-09-11 00:00:00-04:00,1.9800891248657506,1.9995973737762174,1.9605808759552839,1.9898432493209839,56700,0.0,0.0
2023-09-12 00:00:00-04:00,1.9703351580048902,2.087384893386414,1.9703351580048902,2.03861403465271,23100,0.0,0.0
2023-09-13 00:00:00-04:00,2.1946798781603487,2.204434001649907,2.0776303962856546,2.0971386432647705,562700,0.0,0.0
2023-09-14 00:00:00-04:00,2.067876330598179,2.1654178117465923,2.067876330598179,2.1068930625915527,82500,0.0,0.0
2023-09-15 00:00:00-04:00,2.106892686805041,2.243450410476958,2.0581218386512887,2.2044339179992676,56100,0.0,0.0
2023-09-18 00:00:00-04:00,2.204433933059279,2.243450425803518,2.126400947570801,2.126400947570801,44400,0.0,0.0
2023-09-19 00:00:00-04:00,2.15566349029541,2.2336964820523506,2.15566349029541,2.15566349029541,84100,0.0,0.0
2023-09-20 00:00:00-04:00,2.2141880411186903,2.223942164238113,2.184925671760422,2.2044339179992676,100700,0.0,0.0
2023-09-21 00:00:00-04:00,2.204434051652043,2.2054093942561277,2.126401061965595,2.145909309387207,60100,0.0,0.0
2023-09-22 00:00:00-04:00,2.1264013123098993,2.1683440724600125,2.1068930625915527,2.1068930625915527,47100,0.0,0.0
2023-09-25 00:00:00-04:00,2.145909760893778,2.145909760893778,2.0191058934166897,2.058122396469116,60500,0.0,0.0
2023-09-26 00:00:00-04:00,2.028859557963447,2.106892778885875,2.0191054344177246,2.0191054344177246,39800,0.0,0.0
2023-09-27 00:00:00-04:00,2.038613829844602,2.0776305594231106,1.9995973328227594,2.0395894050598145,30000,0.0,0.0
2023-09-28 00:00:00-04:00,2.0493951143615807,2.0493951143615807,1.9905608585509824,2.0395894050598145,23800,0.011,0.0
2023-09-29 00:00:00-04:00,1.990560679926053,2.0395892220352603,1.97094926308237,1.9807549715042114,148500,0.0,0.0
2023-10-02 00:00:00-04:00,1.98075502859397,1.9905607372984337,1.9219207763671875,1.9219207763671875,24300,0.0,0.0
2023-10-03 00:00:00-04:00,1.9219207424726044,1.9317264510041368,1.863086374390144,1.8925034999847412,48200,0.0,0.0
2023-10-04 00:00:00-04:00,1.902309354924058,1.902309354924058,1.8630864032961143,1.8826978206634521,49800,0.0,0.0
2023-10-05 00:00:00-04:00,1.8826978206634521,1.902309354924058,1.8728921119797832,1.8826978206634521,30400,0.0,0.0
2023-10-06 00:00:00-04:00,1.882697798190074,2.0101721264494032,1.8532806724902136,1.9709492921829224,43800,0.0,0.0
2023-10-09 00:00:00-04:00,1.9807549458458464,2.0297834873199463,1.9611435292562065,2.0297834873199463,34100,0.0,0.0
2023-10-10 00:00:00-04:00,2.010172099563189,2.0690063501759974,1.970949265821317,2.0199778079986572,73800,0.0,0.0
2023-10-11 00:00:00-04:00,2.0101721564258668,2.0101721564258668,1.9611436128616333,1.9611436128616333,27400,0.0,0.0
2023-10-12 00:00:00-04:00,2.0199778051915773,2.0199778051915773,1.931726429395004,1.9807549715042114,36200,0.0,0.0
2023-10-13 00:00:00-04:00,1.9611435546605285,2.0199778051915773,1.9415321378168455,1.9807549715042114,41300,0.0,0.0
2023-10-16 00:00:00-04:00,2.0493949912772536,2.157258020905104,1.9317264867230932,1.9611436128616333,38300,0.0,0.0
2023-10-17 00:00:00-04:00,2.0395892220352603,2.1180351231965213,1.931726429395004,1.9807549715042114,41100,0.0,0.0
2023-10-18 00:00:00-04:00,1.9415321025680612,2.0101720602747832,1.9072121237147,1.9121149778366089,45100,0.0,0.0
2023-10-19 00:00:00-04:00,2.0592006692825042,2.0601814037897395,1.9317264579164417,1.9709492921829224,93700,0.0,0.0
2023-10-20 00:00:00-04:00,1.9709492602327585,2.0101720938634156,1.9317264266021013,1.9415321350097656,59000,0.0,0.0
2023-10-23 00:00:00-04:00,1.9415321025680612,2.000366352030966,1.8826977362118935,1.9121149778366089,49100,0.0,0.0
2023-10-24 00:00:00-04:00,1.8925034732291528,1.9317264236940275,1.8826977648362502,1.9023092985153198,41400,0.0,0.0
2023-10-25 00:00:00-04:00,1.9415321025680612,1.9415321025680612,1.872892027968076,1.9121149778366089,63100,0.0,0.0
2023-10-26 00:00:00-04:00,1.941532193776115,1.941532193776115,1.8826978246560642,1.9219207763671875,21700,0.0,0.0
2023-10-27 00:00:00-04:00,1.9317265464912947,2.0592007637023926,1.8925035935330696,2.0592007637023926,69300,0.0,0.0
2023-10-30 00:00:00-04:00,2.0690063473007845,2.0690063473007845,1.97094926308237,1.9807549715042114,33700,0.0,0.0
2023-10-31 00:00:00-04:00,2.0297835136134186,2.059200638878943,1.9611435546605285,1.9807549715042114,49700,0.0,0.0
2023-11-01 00:00:00-04:00,1.9905607390001734,2.0199778651387135,1.9611436128616333,1.9611436128616333,18700,0.0,0.0
2023-11-02 00:00:00-04:00,1.970949294367415,2.0297835458323448,1.9611435857899266,2.010172128677368,26100,0.0,0.0
2023-11-03 00:00:00-04:00,1.9709492375510265,2.1082293874650326,1.9709492375510265,2.0297834873199463,38600,0.0,0.0
2023-11-06 00:00:00-05:00,2.0003663883478944,2.0101720967697356,1.9611435546605285,1.9807549715042114,18800,0.0,0.0
2023-11-07 00:00:00-05:00,2.098423768628024,2.098423768628024,1.9611436128616333,1.9611436128616333,35400,0.0,0.0
2023-11-08 00:00:00-05:00,1.97094932157448,1.9758522928241717,1.9219207780102465,1.9611436128616333,32900,0.0,0.0
2023-11-09 00:00:00-05:00,1.94153228402338,2.0199779573054406,1.9317265748631225,2.011152982711792,29600,0.0,0.0
2023-11-10 00:00:00-05:00,1.9807551206999332,2.0101722481812336,1.9317265748977661,1.9317265748977661,74800,0.0,0.0
2023-11-13 00:00:00-05:00,1.9317264850716511,1.9611436111850424,1.9121150676627237,1.9219207763671875,44600,0.0,0.0
2023-11-14 00:00:00-05:00,1.961143548872735,1.961143548872735,1.8925034732291528,1.9023092985153198,71200,0.0,0.0
2023-11-15 00:00:00-05:00,1.9219207153011248,1.9709492572656373,1.8925034732291528,1.9023092985153198,24600,0.0,0.0
2023-11-16 00:00:00-05:00,1.9611435225925564,2.0033080914956667,1.9219206895465495,1.9513378143310547,25700,0.0,0.0
2023-11-17 00:00:00-05:00,2.0101721264494032,2.0101721264494032,1.9611435836163023,1.9709492921829224,17600,0.0,0.0
2023-11-20 00:00:00-05:00,2.010172277154515,2.0395894050598145,1.9317266027403843,2.0395894050598145,21100,0.0,0.0
2023-11-21 00:00:00-05:00,2.0395892220352603,2.0395892220352603,1.931726429395004,1.9807549715042114,53500,0.0,0.0
2023-11-22 00:00:00-05:00,1.9807549715042114,2.0297835136134186,1.97094926308237,1.9807549715042114,24300,0.0,0.0
2023-11-24 00:00:00-05:00,1.9807550302873267,2.098423768628024,1.9611436128616333,1.9611436128616333,62800,0.0,0.0
2023-11-27 00:00:00-05:00,1.961143557385849,2.078812058611465,1.961143557385849,2.0199778079986572,120300,0.0,0.0
2023-11-28 00:00:00-05:00,2.078812181734869,2.078812181734869,2.0003665096049628,2.0592007637023926,46900,0.0,0.0
2023-11-29 00:00:00-05:00,2.0199778699283857,2.088618064867606,2.0199778699283857,2.0788121223449707,70900,0.0,0.0
2023-11-30 00:00:00-05:00,2.059200704872776,2.0788121223449707,1.9905607437200932,2.0788121223449707,49700,0.0,0.0
2023-12-01 00:00:00-05:00,2.0690066814422607,2.103326783354616,2.0199781314150163,2.0690066814422607,144400,0.0,0.0
2023-12-04 00:00:00-05:00,2.069006380142298,2.098423739661296,2.010172128677368,2.010172128677368,58700,0.0,0.0
2023-12-05 00:00:00-05:00,2.039589345669916,2.108229542570128,2.039589345669916,2.0592007637023926,76100,0.0,0.0
2023-12-06 00:00:00-05:00,2.029783841420465,2.103326783354616,2.029783841420465,2.0690066814422607,70300,0.0,0.0
2023-12-07 00:00:00-05:00,2.1082294177043996,2.1082294177043996,1.990560682692253,2.0199778079986572,37900,0.0,0.0
2023-12-08 00:00:00-05:00,2.0493949039095862,2.0493949039095862,2.000366362435486,2.0297834873199463,33500,0.0,0.0
2023-12-11 00:00:00-05:00,2.059200612204406,2.059200612204406,1.9709492375510265,2.0297834873199463,33800,0.0,0.0
2023-12-12 00:00:00-05:00,2.0395894365088982,2.0493951459618622,1.970949470338152,1.9905608892440796,13900,0.0,0.0
2023-12-13 00:00:00-05:00,2.0150750417709795,2.0297834873199463,1.9709492375510265,2.0297834873199463,17200,0.0,0.0
2023-12-14 00:00:00-05:00,2.0199778372548565,2.1180351568162727,1.9905607115223916,2.010172128677368,289200,0.0,0.0
2023-12-15 00:00:00-05:00,2.00036644771302,2.0062499196980355,1.9611436128616333,1.9611436128616333,50400,0.0,0.0
2023-12-18 00:00:00-05:00,1.9611435836163023,1.9807550007495427,1.9611435836163023,1.9709492921829224,48100,0.0,0.0
2023-12-19 00:00:00-05:00,1.9611437608851883,2.010172308150007,1.9513380514322245,1.9905608892440796,130700,0.0,0.0
2023-12-20 00:00:00-05:00,2.0199778651387135,2.0199778651387135,1.9513379041487866,1.9611436128616333,27200,0.0,0.0
2023-12-21 00:00:00-05:00,2.000366449356079,2.01017215807698,1.9611436144724754,2.000366449356079,61400,0.0,0.0
2023-12-22 00:00:00-05:00,1.9807550302873267,2.0101721564258668,1.9611436128616333,1.9611436128616333,52900,0.0,0.0
2023-12-26 00:00:00-05:00,1.9905608892440796,2.010172308150007,1.970949470338152,1.9905608892440796,31000,0.0,0.0
2023-12-27 00:00:00-05:00,1.9807550114810917,2.088618040084839,1.9807550114810917,2.088618040084839,46900,0.0,0.0
2023-12-28 00:00:00-05:00,2.1191737964750152,2.1191737964750152,2.0501772741710513,2.0698904991149902,20000,0.011,0.0
2023-12-29 00:00:00-05:00,2.0403203062810986,2.0797467493010022,2.0107504740161715,2.030463695526123,39300,0.0,0.0
2024-01-02 00:00:00-05:00,2.030463785232895,2.0501770076137853,2.030463785232895,2.04032039642334,15700,0.0,0.0
2024-01-03 00:00:00-05:00,2.0403202918114953,2.0403202918114953,2.000893849071198,2.015678882598877,11600,0.0,0.0
2024-01-04 00:00:00-05:00,2.0206072330474854,2.038349274708472,2.010750621569211,2.0206072330474854,32700,0.0,0.0
2024-01-05 00:00:00-05:00,2.0206073545802425,2.030463966651359,1.9811809062957764,1.9811809062957764,23400,0.0,0.0
2024-01-08 00:00:00-05:00,2.0008940999044085,2.0008940999044085,1.9811808760629988,1.9910374879837036,19200,0.0,0.0
2024-01-09 00:00:00-05:00,1.9811807268581285,2.0304637827500924,1.9516108933229501,1.9614675045013428,51700,0.0,0.0
2024-01-10 00:00:00-05:00,1.9516110700824267,2.0176503474588907,1.9417544580113102,1.9811809062957764,60200,0.0,0.0
2024-01-11 00:00:00-05:00,2.0206073545802425,2.0206073545802425,1.9318978459401936,1.9811809062957764,77300,0.0,0.0
2024-01-12 00:00:00-05:00,1.9811807567954187,1.9959657912864956,1.9516109228134155,1.9516109228134155,50000,0.0,0.0
2024-01-16 00:00:00-05:00,1.9713242053985596,1.981180817025546,1.9516109821445866,1.9713242053985596,40300,0.0,0.0
2024-01-17 00:00:00-05:00,1.9614676821535433,1.9811809062957764,1.922041233869077,1.9811809062957764,31100,0.0,0.0
2024-01-18 00:00:00-05:00,1.961467593771573,1.981180817025546,1.9318977588906137,1.9713242053985596,32800,0.0,0.0
2024-01-19 00:00:00-05:00,1.9516109821445866,1.9713242053985596,1.9417543705176001,1.9713242053985596,43000,0.0,0.0
2024-01-22 00:00:00-05:00,1.9713241905914505,1.9713241905914505,1.9318977443796466,1.956539273262024,22800,0.0,0.0
2024-01-23 00:00:00-05:00,1.9713241755588526,1.9811807870366407,1.9318977296477002,1.9417543411254883,22300,0.0,0.0
2024-01-24 00:00:00-05:00,1.9713241454680843,1.9713241454680843,1.9318977001587467,1.9516109228134155,32300,0.0,0.0
2024-01-25 00:00:00-05:00,1.9811807255723186,1.9811807255723186,1.9121844473683485,1.9220410585403442,29500,0.0,0.0
2024-01-26 00:00:00-05:00,1.9516109228134155,1.9713241454680843,1.9318977001587467,1.9516109228134155,26600,0.0,0.0
2024-01-29 00:00:00-05:00,1.9811807870366407,1.9811807870366407,1.8826145547586826,1.9417543411254883,136500,0.0,0.0
2024-01-30 00:00:00-05:00,1.912184504923951,1.9634388610610394,1.9023277759552002,1.9023277759552002,30800,0.0,0.0
2024-01-31 00:00:00-05:00,1.9614675621764504,1.9614675621764504,1.8629013299942017,1.8629013299942017,60800,0.0,0.0
2024-02-01 00:00:00-05:00,1.872757941462419,1.9121845048353645,1.8136182726531158,1.8629013299942017,128500,0.0,0.0
2024-02-02 00:00:00-05:00,1.8431881678301603,1.8629013914165662,1.784048379570862,1.8037617206573486,96000,0.0,0.0
2024-02-05 00:00:00-05:00,1.8234748821941928,1.8924711623987942,1.7544784844895143,1.784048318862915,75600,0.0,0.0
2024-02-06 00:00:00-05:00,1.7870053258002705,1.8284031879230929,1.7741917074051148,1.784048318862915,62500,0.0,0.0
2024-02-07 00:00:00-05:00,1.784048318862915,1.8136182707363926,1.7544784844895143,1.784048318862915,99500,0.0,0.0
2024-02-08 00:00:00-05:00,1.7544784537697142,1.7741916763401486,1.7150520086288452,1.7150520086288452,66300,0.0,0.0
2024-02-09 00:00:00-05:00,1.7150520685117334,1.7446219033998478,1.6854822336236193,1.6953388452529907,68600,0.0,0.0
2024-02-12 00:00:00-05:00,1.7741917685124884,1.7741917685124884,1.7051954859314913,1.724908709526062,45500,0.0,0.0
2024-02-13 00:00:00-05:00,1.7446218416305972,1.7633494735633888,1.6756255626678467,1.6756255626678467,84400,0.0,0.0
2024-02-14 00:00:00-05:00,1.7051953105583522,1.7544783644761957,1.7051953105583522,1.744621753692627,67000,0.0,0.0
2024-02-15 00:00:00-05:00,1.7840481476291532,1.8530445387115262,1.7446217055821203,1.843187928199768,46000,0.0,0.0
2024-02-16 00:00:00-05:00,1.8234748014909632,1.9417542512498382,1.8234748014909632,1.9318976402282715,41900,0.0,0.0
2024-02-20 00:00:00-05:00,1.9417543114860811,1.96146753414075,1.919084081933197,1.9516109228134155,26900,0.0,0.0
2024-02-21 00:00:00-05:00,1.961467503228327,1.961467503228327,1.9121844473683485,1.9220410585403442,9200,0.0,0.0
2024-02-22 00:00:00-05:00,1.9111987392511194,1.9506251839391024,1.8747291839146765,1.9220410585403442,28400,0.0,0.0
2024-02-23 00:00:00-05:00,1.9417543411254883,1.9516109526032765,1.8924711662364708,1.9417543411254883,19900,0.0,0.0
2024-02-26 00:00:00-05:00,1.922041208000162,1.922041208000162,1.8727580308078016,1.9121845960617065,33400,0.0,0.0
2024-02-27 00:00:00-05:00,1.9220410554956575,1.9220410554956575,1.8530446599009103,1.8826144933700562,40000,0.0,0.0
2024-02-28 00:00:00-05:00,1.9121845355660905,1.9121845355660905,1.8431881366796516,1.8530447483062744,21100,0.0,0.0
2024-02-29 00:00:00-05:00,1.9220410842072786,1.9220410842072786,1.7840482909564357,1.7939050197601318,22200,0.0,0.0
2024-03-01 00:00:00-05:00,1.8234749286274163,1.872757987171368,1.7939050935010452,1.8284032344818115,65100,0.0,0.0
2024-03-04 00:00:00-05:00,1.872757941462419,1.9220411163035818,1.7939050497166815,1.8629013299942017,147400,0.0,0.0
2024-03-05 00:00:00-05:00,1.8727579246727457,1.912184487692224,1.8234748677734929,1.8767006397247314,55900,0.0,0.0
2024-03-06 00:00:00-05:00,1.8924711373493337,1.9713241454680843,1.8924711373493337,1.9516109228134155,48200,0.0,0.0
2024-03-07 00:00:00-05:00,1.9713241156797356,1.9713241156797356,1.9121844486093789,1.9614675045013428,47700,0.0,0.0
2024-03-08 00:00:00-05:00,1.9614674732929722,1.9811806953361062,1.9220410292067045,1.9318976402282715,132500,0.0,0.0
2024-03-11 00:00:00-04:00,1.9417542475725578,1.9713240805812595,1.8136181870347787,1.8924710750579834,166400,0.0,0.0
2024-03-12 00:00:00-04:00,1.9023278064393887,1.9023278064393887,1.8333315250530289,1.8530447483062744,152100,0.0,0.0
2024-03-13 00:00:00-04:00,1.872757856598798,1.9318976402282715,1.853044634555664,1.9318976402282715,124500,0.0,0.0
2024-03-14 00:00:00-04:00,1.9220410857395989,1.9417543083625568,1.833331466436213,1.872757911682129,53100,0.0,0.0
2024-03-15 00:00:00-04:00,1.872757911682129,1.8924711343050868,1.833331466436213,1.872757911682129,74500,0.0,0.0
2024-03-18 00:00:00-04:00,1.8234748841213329,1.941754339240016,1.8037616611848986,1.8629013299942017,130000,0.0,0.0
2024-03-19 00:00:00-04:00,1.8727578530521822,1.9318976365696572,1.8431880200434805,1.8924710750579834,41500,0.0,0.0
2024-03-20 00:00:00-04:00,1.9417543411254883,1.9614675640810646,1.8826145547586826,1.9417543411254883,29600,0.0,0.0
2024-03-21 00:00:00-04:00,1.961467593771573,1.9713242053985596,1.9318977588906137,1.9713242053985596,61600,0.0,0.0
2024-03-22 00:00:00-04:00,1.961467593771573,2.020607263533492,1.9023278065095752,1.9713242053985596,43300,0.0,0.0
2024-03-25 00:00:00-04:00,1.9910372525062197,2.0501769170360746,1.9811806417512436,2.030463695526123,58900,0.0,0.0
2024-03-26 00:00:00-04:00,2.055105339913631,2.069890138546026,1.9910372525062197,2.030463695526123,49100,0.0,0.0
2024-03-27 00:00:00-04:00,2.0621895790100098,2.0621895790100098,2.032446487356259,2.0621895790100098,36500,0.012,0.0
2024-03-28 00:00:00-04:00,2.0820184798773083,2.0820184798773083,2.002703562206432,2.04236102104187,76100,0.0,0.0
2024-04-01 00:00:00-04:00,2.0522755499993455,2.091933012008667,2.0225324534923543,2.091933012008667,59800,0.0,0.0
2024-04-02 00:00:00-04:00,2.0820184238615176,2.121676118007083,2.0522753305351635,2.1028387546539307,97500,0.0,0.0
2024-04-03 00:00:00-04:00,2.0721042484686487,2.1018473445086254,2.06218988312199,2.0820186138153076,87300,0.0,0.0
2024-04-04 00:00:00-04:00,2.0919327053008496,2.0919327053008496,2.0423608850571484,2.072103977203369,41600,0.0,0.0
2024-04-05 00:00:00-04:00,1.982874960348718,2.0820186138153076,1.982874960348718,2.0820186138153076,146600,0.0,0.0
2024-04-08 00:00:00-04:00,2.082018442719611,2.1018471717834473,2.032446620060019,2.1018471717834473,220700,0.0,0.0
2024-04-09 00:00:00-04:00,2.1514192692164253,2.1514192692164253,2.0126179269152913,2.04236102104187,126700,0.0,0.0
2024-04-10 00:00:00-04:00,2.0126177595870924,2.0721039428945933,2.002703395702509,2.0621895790100098,79700,0.0,0.0
2024-04-11 00:00:00-04:00,2.0463266859368203,2.0463266859368203,2.002703529211949,2.0324466228485107,69900,0.0,0.0
2024-04-12 00:00:00-04:00,2.0621896821774732,2.0919327753192145,1.9927891315134099,2.0225322246551514,126900,0.0,0.0
2024-04-15 00:00:00-04:00,2.032446689493989,2.06218978410585,2.0126179597527485,2.0522754192352295,59100,0.0,0.0
2024-04-16 00:00:00-04:00,2.061198423895121,2.0621897894716312,1.9333030458182066,1.982874870300293,91300,0.0,0.0
2024-04-17 00:00:00-04:00,2.011626699254657,2.0423611610458408,1.943217507160942,2.012618064880371,65200,0.0,0.0
2024-04-18 00:00:00-04:00,1.9828748025651708,2.002703531680655,1.9729604380074288,1.997746467590332,86100,0.0,0.0
2024-04-19 00:00:00-04:00,1.992789301460922,2.032446762365281,1.9729605710087428,2.0027036666870117,83600,0.0,0.0
2024-04-22 00:00:00-04:00,1.9729606033264115,2.012618064880371,1.9531318725494318,2.012618064880371,95400,0.0,0.0
2024-04-23 00:00:00-04:00,1.9828748001209073,2.0324466228485107,1.9640374365712892,2.0324466228485107,46100,0.0,0.0
2024-04-24 00:00:00-04:00,2.0225323246233686,2.07210414897647,1.9729605002702673,2.0522754192352295,76400,0.0,0.0
2024-04-25 00:00:00-04:00,2.0324466228485107,2.0423609873940314,1.9947721321263707,2.0324466228485107,44200,0.0,0.0
2024-04-26 00:00:00-04:00,2.082018442719611,2.1117617726924616,2.0423609845919377,2.1018471717834473,89800,0.0,0.0
2024-04-29 00:00:00-04:00,2.131590501756298,2.131590501756298,2.062189713655774,2.1018471717834473,33300,0.0,0.0
2024-04-30 00:00:00-04:00,2.0522753177968927,2.0621896821774732,2.00270349589399,2.0225322246551514,54500,0.0,0.0
2024-05-01 00:00:00-04:00,2.0324466604815106,2.0324466604815106,1.9432173779196453,1.9729604721069336,73700,0.0,0.0
2024-05-02 00:00:00-04:00,2.002703633555726,2.0324467287419465,1.9134742298085095,1.9927892684936523,138600,0.0,0.0
2024-05-03 00:00:00-04:00,1.9630461405074584,2.0175752656263057,1.9134741978368197,1.982874870300293,179500,0.0,0.0
2024-05-06 00:00:00-04:00,2.052275351939552,2.052275351939552,1.9233886128477833,2.0324466228485107,203200,0.0,0.0
2024-05-07 00:00:00-04:00,2.0324467287419465,2.0324467287419465,1.9233887130591374,1.9927892684936523,352700,0.0,0.0
2024-05-08 00:00:00-04:00,1.9828747671328295,2.0225322246551514,1.9432173096105076,2.0225322246551514,198200,0.0,0.0
2024-05-09 00:00:00-04:00,2.012617964989545,2.0324466947823794,1.9333030458182066,1.982874870300293,187900,0.0,0.0
2024-05-10 00:00:00-04:00,1.9828748327887127,2.0522753857507294,1.953131738662134,2.04236102104187,289000,0.0,0.0
2024-05-13 00:00:00-04:00,2.022532363679873,2.022532363679873,1.953131808245358,1.9927892684936523,153800,0.0,0.0
2024-05-14 00:00:00-04:00,1.9828747007647076,2.0919327053008496,1.9580887906428572,2.072103977203369,421900,0.0,0.0
2024-05-15 00:00:00-04:00,2.09193287564349,2.121676206588745,2.0423610513632373,2.121676206588745,154400,0.0,0.0
2024-05-16 00:00:00-04:00,2.1216763448927773,2.1315907103951077,2.0324468189946847,2.091933012008667,253900,0.0,0.0
2024-05-17 00:00:00-04:00,2.072104231778971,2.260477408225363,2.0324467707117546,2.2555203437805176,626000,0.0,0.0
2024-05-20 00:00:00-04:00,2.2803059951118407,2.409192971838215,2.230734171900581,2.389364242553711,235400,0.0,0.0
2024-05-21 00:00:00-04:00,2.4290218137518824,2.4290218137518824,2.181162449825713,2.280306100845337,329600,0.0,0.0
2024-05-22 00:00:00-04:00,2.3298777535445274,2.3596210830214153,2.200991016778744,2.23073410987854,227500,0.0,0.0
2024-05-23 00:00:00-04:00,2.280306133793481,2.3199635947743413,2.14150502036047,2.2902204990386963,508300,0.0,0.0
2024-05-24 00:00:00-04:00,2.1811621889864243,2.31004891989872,2.1811621889864243,2.2703914642333984,138700,0.0,0.0
2024-05-28 00:00:00-04:00,2.2902203612539607,2.3298778198489405,2.255520203171903,2.3199634552001953,123500,0.0,0.0
2024-05-29 00:00:00-04:00,2.3100490942530483,2.3150063947739135,2.220819812271364,2.250562906265259,176600,0.0,0.0
2024-05-30 00:00:00-04:00,2.25056281736225,2.280305910181216,2.1514191746323625,2.2317254543304443,164000,0.0,0.0
2024-05-31 00:00:00-04:00,2.2208198836839155,2.2456059143310623,2.1910767887336036,2.200991153717041,92600,0.0,0.0
2024-06-03 00:00:00-04:00,2.2406485080718994,2.3199634242020957,2.186119385043842,2.2406485080718994,382000,0.0,0.0
2024-06-04 00:00:00-04:00,2.250562872588174,2.250562872588174,2.151419227425429,2.2406485080718994,203900,0.0,0.0
2024-06-05 00:00:00-04:00,2.2406486404374872,2.280306100845337,2.1365476886783275,2.280306100845337,526000,0.0,0.0
2024-06-06 00:00:00-04:00,2.2803060340819927,2.2803060340819927,2.171248021153433,2.260477304458618,377300,0.0,0.0
2024-06-07 00:00:00-04:00,2.21090545137491,2.2505629101010265,2.161333627967264,2.1811623573303223,334100,0.0,0.0
2024-06-10 00:00:00-04:00,2.2307343075674058,2.3298779600195565,2.1613337508509005,2.2902204990386963,335900,0.0,0.0
2024-06-11 00:00:00-04:00,2.250562837452022,2.369535446166992,2.2208197443675526,2.369535446166992,336300,0.0,0.0
2024-06-12 00:00:00-04:00,2.3199633541457074,2.4488503253423466,2.3199633541457074,2.4290215969085693,368300,0.0,0.0
2024-06-13 00:00:00-04:00,2.399278573926922,2.4091929384316986,2.300134692502059,2.310049057006836,345100,0.0,0.0
2024-06-14 00:00:00-04:00,2.3100491533793996,2.4290217687772144,2.280306058624222,2.4091930389404297,341600,0.0,0.0
2024-06-17 00:00:00-04:00,2.458764863532392,2.56782287763471,2.3893643091036445,2.4091930389404297,396400,0.0,0.0
2024-06-18 00:00:00-04:00,2.458764863532392,2.468679228450785,2.359621214348467,2.4091930389404297,202000,0.0,0.0
2024-06-20 00:00:00-04:00,2.409193005527963,2.4389360998706415,2.369535546404392,2.3992786407470703,95100,0.0,0.0
2024-06-21 00:00:00-04:00,2.399278537681912,2.458764723811937,2.3893641733269084,2.4389359951019287,258600,0.0,0.0
2024-06-24 00:00:00-04:00,2.4290216618911162,2.528165306712348,2.40919293292687,2.5182509422302246,122100,0.0,0.0
2024-06-25 00:00:00-04:00,2.4885078153391107,2.5182509083857427,2.4389359935947246,2.5083365440368652,105900,0.0,0.0
2024-06-26 00:00:00-04:00,2.468679256010577,2.597566001388543,2.468679256010577,2.4885079860687256,138100,0.0,0.0
2024-06-27 00:00:00-04:00,2.5281655022622127,2.627309391129172,2.507345406152479,2.6124377250671387,305800,0.0,0.0
2024-06-28 00:00:00-04:00,2.639328905364197,2.758845567703247,2.639328905364197,2.758845567703247,252500,0.012,0.0
2024-07-01 00:00:00-04:00,2.7488858739621245,2.7688053178890706,2.5994898070515244,2.6492886543273926,142400,0.0,0.0
2024-07-02 00:00:00-04:00,2.6393291127142398,2.6990874485784784,2.599489984679562,2.624389410018921,71600,0.0,0.0
2024-07-03 00:00:00-04:00,2.679167820217812,2.6891275421812852,2.5556670779039425,2.6492886543273926,1456200,0.0,0.0
2024-07-05 00:00:00-04:00,2.6592483858148905,2.714026738080929,2.6293692198174594,2.6941072940826416,138200,0.0,0.0
2024-07-08 00:00:00-04:00,2.709047006145056,2.7588456163307455,2.6592483959593665,2.7389261722564697,132600,0.0,0.0
2024-07-09 00:00:00-04:00,2.7190067768096924,2.758845665670734,2.674187908111766,2.7190067768096924,104000,0.0,0.0
2024-07-10 00:00:00-04:00,2.7090470790863037,2.743906225884123,2.6891276344756956,2.7090470790863037,204400,0.0,0.0
2024-07-11 00:00:00-04:00,2.7389262709469633,2.7389262709469633,2.6492887693828546,2.699087381362915,171500,0.0,0.0
2024-07-12 00:00:00-04:00,2.728966598813395,2.728966598813395,2.669208263336686,2.6791679859161377,91600,0.0,0.0
2024-07-15 00:00:00-04:00,2.7090470857726308,2.7190068081025167,2.589530180355487,2.609449625015259,226700,0.0,0.0
2024-07-16 00:00:00-04:00,2.6194096597632233,2.620405560787158,2.529771918770577,2.5795705318450928,250300,0.0,0.0
2024-07-17 00:00:00-04:00,2.549691224603343,2.5546712043677875,2.499892614251423,2.539731502532959,248100,0.0,0.0
2024-07-18 00:00:00-04:00,2.5397314542179097,2.579570341741563,2.519812010456083,2.5596508979797363,118900,0.0,0.0
2024-07-19 00:00:00-04:00,2.53973160887013,2.7190068511017027,2.519812163895346,2.6891276836395264,271200,0.0,0.0
2024-07-22 00:00:00-04:00,2.6891275146721343,2.7688052895648347,2.610445640728043,2.758845567703247,160400,0.0,0.0
2024-07-23 00:00:00-04:00,2.74888602551751,2.997879325790685,2.7090471354671646,2.8783626556396484,474300,0.0,0.0
2024-07-24 00:00:00-04:00,2.868402916386173,2.868402916386173,2.7239865846087556,2.788724899291992,276400,0.0,0.0
2024-07-25 00:00:00-04:00,2.838523339653189,2.9879194048806195,2.7190066774380437,2.858442783355713,240700,0.0,0.0
2024-07-26 00:00:00-04:00,2.8982819300715894,3.0277583151142164,2.8584428049076642,2.948080539703369,240500,0.0,0.0
2024-07-29 00:00:00-04:00,2.8883224031135795,2.9281612935082193,2.818604107464443,2.8684029579162598,209600,0.0,0.0
2024-07-30 00:00:00-04:00,2.8783624862188777,2.958040261629725,2.7887247514231728,2.948080539703369,254500,0.0,0.0
2024-07-31 00:00:00-04:00,2.9779598961327074,2.9879196186966888,2.8484832653424292,2.9680001735687256,132400,0.0,0.0
2024-08-01 00:00:00-04:00,2.9480806130557062,2.9729797997618714,2.868402835662365,2.918201446533203,93400,0.0,0.0
2024-08-02 00:00:00-04:00,2.9182013874668438,2.92816110943942,2.81860393028258,2.8933019638061523,176200,0.0,0.0
2024-08-05 00:00:00-04:00,2.7389262628166957,2.8484832088476186,2.7389262628166957,2.798684597015381,141900,0.0,0.0
2024-08-06 00:00:00-04:00,2.8883223104297664,2.8883223104297664,2.768805405622526,2.8086442947387695,226100,0.0,0.0
2024-08-07 00:00:00-04:00,2.85844281141935,2.898281936674031,2.738926148030814,2.7488858699798584,217100,0.0,0.0
2024-08-08 00:00:00-04:00,2.7488859187848296,2.7488859187848296,2.6891275860295845,2.728966474533081,167400,0.0,0.0
2024-08-09 00:00:00-04:00,2.778765127901587,2.9062497155486717,2.7389262387853437,2.8086442947387695,47100,0.0,0.0
2024-08-12 00:00:00-04:00,2.8186040501150598,2.8186040501150598,2.689127658966903,2.699087381362915,396300,0.0,0.0
2024-08-13 00:00:00-04:00,2.7090471286143107,2.7389262960764866,2.639329071202566,2.6891276836395264,389900,0.0,0.0
2024-08-14 00:00:00-04:00,2.7090470790863037,2.7488859683075195,2.6393290229491755,2.7090470790863037,238900,0.0,0.0
2024-08-15 00:00:00-04:00,2.738926151998651,2.7628294372192865,2.629369210400446,2.6492886543273926,237300,0.0,0.0
2024-08-16 00:00:00-04:00,2.649288760736589,2.6741879479161015,2.519812132552482,2.654268503189087,452600,0.0,0.0
2024-08-19 00:00:00-04:00,2.6592485502228356,2.669208272837739,2.5098524735407706,2.5795705318450928,899900,0.0,0.0
2024-08-20 00:00:00-04:00,2.599489872768059,2.758845665670734,2.5496912616917564,2.7190067768096924,298300,0.0,0.0
2024-08-21 00:00:00-04:00,2.6891274933393245,2.6891274933393245,2.6492886062090157,2.66920804977417,102800,0.0,0.0
2024-08-22 00:00:00-04:00,2.6791677957961544,2.6791677957961544,2.6144294848944423,2.6592483520507812,142200,0.0,0.0
2024-08-23 00:00:00-04:00,2.6891275860295845,2.7688053630365776,2.6592484196519623,2.728966474533081,233200,0.0,0.0
2024-08-26 00:00:00-04:00,2.719006762090268,2.7787650950583274,2.6891275956062386,2.773785352706909,121800,0.0,0.0
2024-08-27 00:00:00-04:00,2.7488859434554738,2.7638256455076187,2.709047054594432,2.7190067768096924,86200,0.0,0.0
2024-08-28 00:00:00-04:00,2.7389262212402135,2.7837450899381393,2.7040670747575475,2.7190067768096924,162100,0.0,0.0
2024-08-29 00:00:00-04:00,2.768805313877948,2.768805313877948,2.694107280530862,2.7488858699798584,202700,0.0,0.0
2024-08-30 00:00:00-04:00,2.7389263113962032,2.7787652015686035,2.728966588853103,2.7787652015686035,125400,0.0,0.0
2024-09-03 00:00:00-04:00,2.72896650579696,2.7458980098590677,2.6194095611572266,2.6194095611572266,105700,0.0,0.0
2024-09-04 00:00:00-04:00,2.6293693571036636,2.7389263048144965,2.5297718944534817,2.5895302295684814,366500,0.0,0.0
2024-09-05 00:00:00-04:00,2.5696107124988385,2.629369283397202,2.5696107124988385,2.6194095611572266,92400,0.0,0.0
2024-09-06 00:00:00-04:00,2.5994897855033896,2.679167798009197,2.5596508979797363,2.5596508979797363,188200,0.0,0.0
2024-09-09 00:00:00-04:00,2.5496911760988232,2.5895300636224765,2.5347517120067034,2.5596508979797363,215500,0.0,0.0
2024-09-10 00:00:00-04:00,2.559651030004679,2.559651030004679,2.5297718628207932,2.554671287536621,138000,0.0,0.0
2024-09-11 00:00:00-04:00,2.569610760019379,2.609449649716034,2.5397315927468878,2.59948992729187,123100,0.0,0.0
2024-09-12 00:00:00-04:00,2.5994899199442814,2.7080512027568795,2.589530197548269,2.699087381362915,177300,0.0,0.0
2024-09-13 00:00:00-04:00,2.7389262460022157,2.758845690612824,2.694107376899092,2.7090470790863037,209100,0.0,0.0
2024-09-16 00:00:00-04:00,2.649288793689958,2.6990874061269183,2.6303652497263585,2.6891276836395264,108600,0.0,0.0
2024-09-17 00:00:00-04:00,2.699087381362915,2.714026846227677,2.689127658966903,2.699087381362915,54900,0.0,0.0
2024-09-18 00:00:00-04:00,2.6990874061269183,2.757849840040086,2.6692082386647424,2.6891276836395264,75500,0.0,0.0
2024-09-19 00:00:00-04:00,2.7289664021184845,2.7887247332880096,2.699087236533722,2.758845567703247,106600,0.0,0.0
2024-09-20 00:00:00-04:00,2.788724825885283,2.878362563074417,2.788724825885283,2.818603992462158,264100,0.0,0.0
2024-09-23 00:00:00-04:00,2.8883222852667085,2.9182014518435837,2.7986845480775746,2.818603992462158,270300,0.0,0.0
2024-09-24 00:00:00-04:00,2.8186039404206795,2.9480805639883805,2.758845608370281,2.9381208419799805,283500,0.0,0.0
2024-09-25 00:00:00-04:00,2.9082416759547813,2.9381208419799805,2.8783625099295818,2.9381208419799805,251300,0.0,0.0
2024-09-26 00:00:00-04:00,2.9281612833127992,2.9680001735687256,2.8982821156208542,2.9680001735687256,233700,0.0,0.0
2024-09-27 00:00:00-04:00,2.990000009536743,3.0250000953674316,2.9000000953674316,2.9200000762939453,539000,0.012,0.0
2024-09-30 00:00:00-04:00,2.950000047683716,3.0199999809265137,2.950000047683716,3.0199999809265137,359200,0.0,0.0
2024-10-01 00:00:00-04:00,3.0399999618530273,3.0399999618530273,2.9700000286102295,3.0399999618530273,166700,0.0,0.0
2024-10-02 00:00:00-04:00,3.0399999618530273,3.0799999237060547,3.0299999713897705,3.0799999237060547,163700,0.0,0.0
2024-10-03 00:00:00-04:00,3.059999942779541,3.059999942779541,2.990000009536743,3.009999990463257,132800,0.0,0.0
2024-10-04 00:00:00-04:00,3.0299999713897705,3.0299999713897705,2.9800000190734863,3.0199999809265137,96000,0.0,0.0
2024-10-07 00:00:00-04:00,3.009999990463257,3.0250000953674316,2.9600000381469727,2.990000009536743,142600,0.0,0.0
2024-10-08 00:00:00-04:00,2.9700000286102295,3.0,2.9200000762939453,2.9800000190734863,142000,0.0,0.0
2024-10-09 00:00:00-04:00,2.990000009536743,2.990000009536743,2.9200000762939453,2.940000057220459,70400,0.0,0.0
2024-10-10 00:00:00-04:00,2.950000047683716,2.9549999237060547,2.9100000858306885,2.930000066757202,150800,0.0,0.0
2024-10-11 00:00:00-04:00,2.950000047683716,2.9860000610351562,2.930000066757202,2.9700000286102295,105900,0.0,0.0
2024-10-14 00:00:00-04:00,2.9800000190734863,3.009000062942505,2.9600000381469727,3.0,70700,0.0,0.0
2024-10-15 00:00:00-04:00,3.009999990463257,3.009999990463257,2.950000047683716,2.9649999141693115,65000,0.0,0.0
2024-10-16 00:00:00-04:00,3.0199999809265137,3.0199999809265137,2.9649999141693115,2.9800000190734863,106600,0.0,0.0
2024-10-17 00:00:00-04:00,3.0,3.0,2.950000047683716,2.9800000190734863,74600,0.0,0.0
2024-10-18 00:00:00-04:00,3.0,3.0199999809265137,2.9649999141693115,3.0199999809265137,170300,0.0,0.0
2024-10-21 00:00:00-04:00,3.0899999141693115,3.180999994277954,3.0,3.069999933242798,278200,0.0,0.0
2024-10-22 00:00:00-04:00,3.069999933242798,3.2300000190734863,3.049999952316284,3.180000066757202,306900,0.0,0.0
2024-10-23 00:00:00-04:00,3.2100000381469727,3.240000009536743,3.0350000858306885,3.1500000953674316,221100,0.0,0.0
2024-10-24 00:00:00-04:00,3.1500000953674316,3.1500000953674316,3.0299999713897705,3.119999885559082,209000,0.0,0.0
2024-10-25 00:00:00-04:00,3.130000114440918,3.130000114440918,3.009999990463257,3.049999952316284,146500,0.0,0.0
2024-10-28 00:00:00-04:00,3.069999933242798,3.0999999046325684,3.015000104904175,3.069999933242798,197700,0.0,0.0
2024-10-29 00:00:00-04:00,3.0799999237060547,3.109999895095825,3.0199999809265137,3.0899999141693115,192500,0.0,0.0
2024-10-30 00:00:00-04:00,3.069999933242798,3.0799999237060547,3.0199999809265137,3.059999942779541,144800,0.0,0.0
2024-10-31 00:00:00-04:00,3.049999952316284,3.049999952316284,2.930999994277954,2.9600000381469727,196000,0.0,0.0
2024-11-01 00:00:00-04:00,2.9800000190734863,2.9800000190734863,2.880000114440918,2.9100000858306885,138200,0.0,0.0
2024-11-04 00:00:00-05:00,2.940000057220459,2.9600000381469727,2.875,2.930000066757202,158200,0.0,0.0
2024-11-05 00:00:00-05:00,2.930000066757202,2.9600000381469727,2.8550000190734863,2.9000000953674316,237600,0.0,0.0
2024-11-06 00:00:00-05:00,2.8499999046325684,2.859999895095825,2.7799999713897705,2.8299999237060547,210000,0.0,0.0
2024-11-07 00:00:00-05:00,2.799999952316284,2.8299999237060547,2.75,2.809999942779541,364600,0.0,0.0
2024-11-08 00:00:00-05:00,2.809999942779541,2.809999942779541,2.6449999809265137,2.7100000381469727,328300,0.0,0.0
2024-11-11 00:00:00-05:00,2.680000066757202,2.694999933242798,2.5999999046325684,2.690000057220459,486700,0.0,0.0
2024-11-12 00:00:00-05:00,2.6600000858306885,2.690000057220459,2.619999885559082,2.6600000858306885,212600,0.0,0.0
2024-11-13 00:00:00-05:00,2.700000047683716,2.700000047683716,2.549999952316284,2.559999942779541,304700,0.0,0.0
2024-11-14 00:00:00-05:00,2.559999942779541,2.559999942779541,2.4549999237060547,2.5,937400,0.0,0.0
2024-11-15 00:00:00-05:00,2.5,2.505000114440918,2.430000066757202,2.440000057220459,247000,0.0,0.0
2024-11-18 00:00:00-05:00,2.4700000286102295,2.694999933242798,2.4700000286102295,2.6500000953674316,437800,0.0,0.0
2024-11-19 00:00:00-05:00,2.680000066757202,2.7899999618530273,2.619999885559082,2.75,381000,0.0,0.0
2024-11-20 00:00:00-05:00,2.7699999809265137,2.7799999713897705,2.630000114440918,2.690000057220459,138000,0.0,0.0
2024-11-21 00:00:00-05:00,2.690000057220459,2.759999990463257,2.630000114440918,2.75,84000,0.0,0.0
2024-11-22 00:00:00-05:00,2.759999990463257,2.809999942779541,2.747999906539917,2.7799999713897705,185000,0.0,0.0
2024-11-25 00:00:00-05:00,2.75,2.752000093460083,2.609999895095825,2.6500000953674316,186600,0.0,0.0
2024-11-26 00:00:00-05:00,2.640000104904175,2.6600000858306885,2.619999885559082,2.6549999713897705,56900,0.0,0.0
2024-11-27 00:00:00-05:00,2.6600000858306885,2.680000066757202,2.619999885559082,2.630000114440918,71400,0.0,0.0
2024-11-29 00:00:00-05:00,2.640000104904175,2.684999942779541,2.619999885559082,2.6500000953674316,54800,0.0,0.0
2024-12-02 00:00:00-05:00,2.619999885559082,2.6500000953674316,2.569999933242798,2.569999933242798,94900,0.0,0.0
2024-12-03 00:00:00-05:00,2.569999933242798,2.6710000038146973,2.569999933242798,2.6050000190734863,81400,0.0,0.0
2024-12-04 00:00:00-05:00,2.5999999046325684,2.640000104904175,2.555000066757202,2.5799999237060547,212400,0.0,0.0
2024-12-05 00:00:00-05:00,2.5799999237060547,2.6500000953674316,2.509999990463257,2.559999942779541,116000,0.0,0.0
2024-12-06 00:00:00-05:00,2.559999942779541,2.5999999046325684,2.509999990463257,2.5799999237060547,168200,0.0,0.0
2024-12-09 00:00:00-05:00,2.619999885559082,2.7149999141693115,2.5899999141693115,2.640000104904175,181200,0.0,0.0
2024-12-10 00:00:00-05:00,2.6600000858306885,2.6700000762939453,2.5999999046325684,2.609999895095825,95000,0.0,0.0
2024-12-11 00:00:00-05:00,2.619999885559082,2.630000114440918,2.5799999237060547,2.5999999046325684,123400,0.0,0.0
2024-12-12 00:00:00-05:00,2.5799999237060547,2.5999999046325684,2.5199999809265137,2.5299999713897705,94600,0.0,0.0
2024-12-13 00:00:00-05:00,2.5199999809265137,2.5799999237060547,2.4700000286102295,2.4800000190734863,99900,0.0,0.0
2024-12-16 00:00:00-05:00,2.490000009536743,2.549999952316284,2.4600000381469727,2.4700000286102295,142900,0.0,0.0
2024-12-17 00:00:00-05:00,2.4700000286102295,2.4700000286102295,2.4000000953674316,2.4100000858306885,155800,0.0,0.0
2024-12-18 00:00:00-05:00,2.4200000762939453,2.4200000762939453,2.255000114440918,2.299999952316284,273500,0.0,0.0
2024-12-19 00:00:00-05:00,2.299999952316284,2.3910000324249268,2.240000009536743,2.2699999809265137,268000,0.0,0.0
2024-12-20 00:00:00-05:00,2.2799999713897705,2.369999885559082,2.259999990463257,2.3499999046325684,83800,0.0,0.0
2024-12-23 00:00:00-05:00,2.3299999237060547,2.359999895095825,2.299999952316284,2.309999942779541,112500,0.0,0.0
2024-12-24 00:00:00-05:00,2.3299999237060547,2.3499999046325684,2.2799999713897705,2.3499999046325684,92710,0.0,0.0
