Date,Open,High,Low,Close,Volume,Dividends,Stock Splits
2022-01-03 00:00:00-05:00,149.61000061035156,150.1649932861328,144.69000244140625,145.33999633789062,2622300,0.0,0.0
2022-01-04 00:00:00-05:00,143.13999938964844,143.86000061035156,131.75999450683594,135.91000366210938,5060300,0.0,0.0
2022-01-05 00:00:00-05:00,134.49000549316406,139.38999938964844,127.69000244140625,127.97000122070312,3763800,0.0,0.0
2022-01-06 00:00:00-05:00,127.43000030517578,140.75,126.05999755859375,137.27999877929688,7194700,0.0,0.0
2022-01-07 00:00:00-05:00,136.57000732421875,138.8699951171875,130.0,132.27000427246094,3173200,0.0,0.0
2022-01-10 00:00:00-05:00,129.97000122070312,133.57000732421875,121.48999786376953,133.4499969482422,6007900,0.0,0.0
2022-01-11 00:00:00-05:00,133.55999755859375,144.9499969482422,132.24899291992188,143.63999938964844,5756600,0.0,0.0
2022-01-12 00:00:00-05:00,148.33999633789062,152.4949951171875,140.55999755859375,140.66000366210938,4768300,0.0,0.0
2022-01-13 00:00:00-05:00,139.67999267578125,140.92999267578125,131.55999755859375,131.77999877929688,3702700,0.0,0.0
2022-01-14 00:00:00-05:00,130.8699951171875,134.5399932861328,127.83000183105469,131.52999877929688,4208100,0.0,0.0
2022-01-18 00:00:00-05:00,129.85000610351562,131.11000061035156,125.05000305175781,128.5800018310547,5135100,0.0,0.0
2022-01-19 00:00:00-05:00,128.39999389648438,133.02000427246094,125.5999984741211,131.75999450683594,4208800,0.0,0.0
2022-01-20 00:00:00-05:00,134.125,136.85000610351562,126.37999725341797,126.77999877929688,2898100,0.0,0.0
2022-01-21 00:00:00-05:00,126.02999877929688,126.41000366210938,116.25,116.94999694824219,5115800,0.0,0.0
2022-01-24 00:00:00-05:00,112.04000091552734,119.05000305175781,106.27999877929688,117.3499984741211,5587300,0.0,0.0
2022-01-25 00:00:00-05:00,113.0,114.4000015258789,106.2699966430664,109.38999938964844,4877900,0.0,0.0
2022-01-26 00:00:00-05:00,113.0,113.70999908447266,99.33000183105469,101.47000122070312,6604000,0.0,0.0
2022-01-27 00:00:00-05:00,103.1500015258789,106.18000030517578,95.87999725341797,96.08999633789062,5100400,0.0,0.0
2022-01-28 00:00:00-05:00,99.30000305175781,105.05999755859375,92.77999877929688,103.66999816894531,6934000,0.0,0.0
2022-01-31 00:00:00-05:00,104.88999938964844,114.97000122070312,104.88999938964844,113.48999786376953,4768000,0.0,0.0
2022-02-01 00:00:00-05:00,112.4000015258789,117.23999786376953,110.26000213623047,114.62000274658203,3997500,0.0,0.0
2022-02-02 00:00:00-05:00,116.18000030517578,116.2699966430664,102.80999755859375,104.16999816894531,3919600,0.0,0.0
2022-02-03 00:00:00-05:00,100.2300033569336,101.61000061035156,91.95999908447266,92.29000091552734,6618400,0.0,0.0
2022-02-04 00:00:00-05:00,93.52999877929688,101.33999633789062,93.08999633789062,98.48999786376953,4113900,0.0,0.0
2022-02-07 00:00:00-05:00,97.58999633789062,101.94999694824219,95.31500244140625,97.91000366210938,2854200,0.0,0.0
2022-02-08 00:00:00-05:00,95.29000091552734,101.18000030517578,94.80000305175781,100.51000213623047,2913400,0.0,0.0
2022-02-09 00:00:00-05:00,102.33000183105469,109.72000122070312,102.1500015258789,108.12999725341797,5295700,0.0,0.0
2022-02-10 00:00:00-05:00,99.08999633789062,105.86900329589844,96.51000213623047,97.80999755859375,8779300,0.0,0.0
2022-02-11 00:00:00-05:00,98.70999908447266,101.38999938964844,93.61000061035156,95.01000213623047,3382300,0.0,0.0
2022-02-14 00:00:00-05:00,95.44000244140625,99.5999984741211,94.75,97.11000061035156,3472300,0.0,0.0
2022-02-15 00:00:00-05:00,99.5199966430664,101.98999786376953,95.75,101.80999755859375,3767000,0.0,0.0
2022-02-16 00:00:00-05:00,99.79000091552734,100.20500183105469,93.55000305175781,94.88999938964844,11385300,0.0,0.0
2022-02-17 00:00:00-05:00,115.60099792480469,116.0,100.52999877929688,105.02999877929688,47405700,0.0,0.0
2022-02-18 00:00:00-05:00,101.05000305175781,105.38999938964844,95.93000030517578,96.20999908447266,12010000,0.0,0.0
2022-02-22 00:00:00-05:00,95.0,102.88999938964844,89.5199966430664,93.16999816894531,11629900,0.0,0.0
2022-02-23 00:00:00-05:00,94.16999816894531,96.0999984741211,89.30000305175781,90.55000305175781,5647600,0.0,0.0
2022-02-24 00:00:00-05:00,86.87999725341797,100.91999816894531,85.177001953125,100.41999816894531,6639000,0.0,0.0
2022-02-25 00:00:00-05:00,97.69999694824219,100.9000015258789,94.27999877929688,100.33999633789062,3638700,0.0,0.0
2022-02-28 00:00:00-05:00,101.02999877929688,105.875,97.55999755859375,104.94999694824219,4230200,0.0,0.0
2022-03-01 00:00:00-05:00,103.98999786376953,105.05000305175781,100.4000015258789,102.43000030517578,3090300,0.0,0.0
2022-03-02 00:00:00-05:00,103.5999984741211,104.31999969482422,100.0,103.62000274658203,3297800,0.0,0.0
2022-03-03 00:00:00-05:00,102.4000015258789,105.1500015258789,99.80999755859375,101.68000030517578,4794900,0.0,0.0
2022-03-04 00:00:00-05:00,101.62999725341797,102.0,88.08000183105469,89.86000061035156,7362000,0.0,0.0
2022-03-07 00:00:00-05:00,92.7300033569336,93.20999908447266,79.11000061035156,79.86000061035156,7716000,0.0,0.0
2022-03-08 00:00:00-05:00,80.36000061035156,87.22000122070312,77.31999969482422,85.01000213623047,6802100,0.0,0.0
2022-03-09 00:00:00-05:00,86.95999908447266,93.61000061035156,86.95999908447266,91.83999633789062,4903600,0.0,0.0
2022-03-10 00:00:00-05:00,90.0,92.2300033569336,87.23999786376953,89.6500015258789,4838200,0.0,0.0
2022-03-11 00:00:00-05:00,92.62999725341797,94.79000091552734,86.4800033569336,86.97000122070312,3621200,0.0,0.0
2022-03-14 00:00:00-04:00,84.9000015258789,86.08999633789062,74.31999969482422,76.05999755859375,9861200,0.0,0.0
2022-03-15 00:00:00-04:00,76.0199966430664,80.7699966430664,76.0,79.7699966430664,6096000,0.0,0.0
2022-03-16 00:00:00-04:00,83.19999694824219,90.77999877929688,83.0,90.5,6035200,0.0,0.0
2022-03-17 00:00:00-04:00,88.19999694824219,96.82499694824219,87.87999725341797,96.08999633789062,5038400,0.0,0.0
2022-03-18 00:00:00-04:00,97.1500015258789,107.55999755859375,96.87999725341797,107.29000091552734,7925200,0.0,0.0
2022-03-21 00:00:00-04:00,103.23999786376953,108.4000015258789,102.37000274658203,107.0999984741211,5779200,0.0,0.0
2022-03-22 00:00:00-04:00,105.91999816894531,112.81999969482422,105.19000244140625,111.25,3806800,0.0,0.0
2022-03-23 00:00:00-04:00,108.0,116.80999755859375,107.16400146484375,114.33999633789062,3635200,0.0,0.0
2022-03-24 00:00:00-04:00,114.48999786376953,115.66000366210938,108.58999633789062,114.87999725341797,2935300,0.0,0.0
2022-03-25 00:00:00-04:00,113.94000244140625,114.04499816894531,104.16999816894531,105.29000091552734,5739100,0.0,0.0
2022-03-28 00:00:00-04:00,106.66000366210938,115.11000061035156,104.86000061035156,114.43000030517578,3364500,0.0,0.0
2022-03-29 00:00:00-04:00,116.8499984741211,125.11000061035156,115.45999908447266,123.55000305175781,5660300,0.0,0.0
2022-03-30 00:00:00-04:00,122.30000305175781,129.24000549316406,113.4000015258789,118.2300033569336,7445900,0.0,0.0
2022-03-31 00:00:00-04:00,117.7300033569336,120.31900024414062,115.26000213623047,117.19000244140625,3022100,0.0,0.0
2022-04-01 00:00:00-04:00,118.80000305175781,121.97000122070312,117.25,120.9000015258789,2627100,0.0,0.0
2022-04-04 00:00:00-04:00,122.55999755859375,130.1999969482422,121.95999908447266,127.20999908447266,3646600,0.0,0.0
2022-04-05 00:00:00-04:00,127.6500015258789,127.95999908447266,115.69999694824219,118.19999694824219,4735000,0.0,0.0
2022-04-06 00:00:00-04:00,115.19000244140625,115.19000244140625,106.58999633789062,113.5999984741211,3922700,0.0,0.0
2022-04-07 00:00:00-04:00,112.6500015258789,116.18000030517578,107.27999877929688,110.91000366210938,4238100,0.0,0.0
2022-04-08 00:00:00-04:00,109.0,111.87999725341797,105.30999755859375,106.41999816894531,3239100,0.0,0.0
2022-04-11 00:00:00-04:00,104.22000122070312,105.86000061035156,101.54000091552734,104.72000122070312,4887000,0.0,0.0
2022-04-12 00:00:00-04:00,107.73999786376953,112.75,103.77999877929688,104.41999816894531,2898200,0.0,0.0
2022-04-13 00:00:00-04:00,103.86000061035156,112.13999938964844,102.83499908447266,110.76000213623047,2747900,0.0,0.0
2022-04-14 00:00:00-04:00,109.91000366210938,112.4800033569336,107.81999969482422,109.30999755859375,2150300,0.0,0.0
2022-04-18 00:00:00-04:00,106.45999908447266,108.0,99.22000122070312,103.0999984741211,3513400,0.0,0.0
2022-04-19 00:00:00-04:00,103.0999984741211,108.48999786376953,101.0,106.51000213623047,2861500,0.0,0.0
2022-04-20 00:00:00-04:00,107.6500015258789,107.6500015258789,99.05000305175781,100.13999938964844,4398100,0.0,0.0
2022-04-21 00:00:00-04:00,101.86000061035156,103.5,91.16000366210938,91.94999694824219,5474700,0.0,0.0
2022-04-22 00:00:00-04:00,91.48999786376953,95.5,88.69000244140625,89.0,5625000,0.0,0.0
2022-04-25 00:00:00-04:00,88.0,93.16799926757812,87.0199966430664,91.25,7969600,0.0,0.0
2022-04-26 00:00:00-04:00,90.79000091552734,91.43000030517578,83.58000183105469,84.26000213623047,7282000,0.0,0.0
2022-04-27 00:00:00-04:00,84.47000122070312,87.8499984741211,81.33999633789062,82.22000122070312,3383900,0.0,0.0
2022-04-28 00:00:00-04:00,84.94999694824219,88.44999694824219,82.69499969482422,87.38999938964844,4835100,0.0,0.0
2022-04-29 00:00:00-04:00,84.62999725341797,89.7300033569336,81.2699966430664,81.43000030517578,3151500,0.0,0.0
2022-05-02 00:00:00-04:00,81.62000274658203,85.37000274658203,78.79000091552734,82.26000213623047,4814800,0.0,0.0
2022-05-03 00:00:00-04:00,81.38999938964844,83.45999908447266,78.83999633789062,79.18000030517578,3959100,0.0,0.0
2022-05-04 00:00:00-04:00,76.4000015258789,82.2699966430664,70.5,81.63999938964844,9944900,0.0,0.0
2022-05-05 00:00:00-04:00,78.12000274658203,78.43000030517578,70.04000091552734,73.1500015258789,11392600,0.0,0.0
2022-05-06 00:00:00-04:00,72.55999755859375,77.0,63.11000061035156,72.11000061035156,19772400,0.0,0.0
2022-05-09 00:00:00-04:00,69.0199966430664,71.69999694824219,63.31999969482422,64.18000030517578,10907000,0.0,0.0
2022-05-10 00:00:00-04:00,67.45999908447266,69.94000244140625,62.029998779296875,68.52999877929688,9452600,0.0,0.0
2022-05-11 00:00:00-04:00,66.2300033569336,69.08000183105469,58.38999938964844,59.5099983215332,9039300,0.0,0.0
2022-05-12 00:00:00-04:00,58.880001068115234,70.83999633789062,57.599998474121094,65.58999633789062,12163700,0.0,0.0
2022-05-13 00:00:00-04:00,70.27999877929688,76.5,68.45999908447266,73.70999908447266,9432100,0.0,0.0
2022-05-16 00:00:00-04:00,71.5,73.55000305175781,65.58000183105469,65.79000091552734,6334700,0.0,0.0
2022-05-17 00:00:00-04:00,69.0199966430664,71.16999816894531,67.43000030517578,69.37999725341797,6888200,0.0,0.0
2022-05-18 00:00:00-04:00,67.0999984741211,68.44999694824219,63.0,63.630001068115234,4192800,0.0,0.0
2022-05-19 00:00:00-04:00,64.0,69.0,61.220001220703125,66.94999694824219,7103000,0.0,0.0
2022-05-20 00:00:00-04:00,69.20999908447266,69.9800033569336,60.630001068115234,66.2300033569336,8879100,0.0,0.0
2022-05-23 00:00:00-04:00,65.0,67.95500183105469,63.150001525878906,67.80999755859375,4384900,0.0,0.0
2022-05-24 00:00:00-04:00,67.30000305175781,67.5,60.904998779296875,62.65999984741211,5180400,0.0,0.0
2022-05-25 00:00:00-04:00,61.36000061035156,69.48999786376953,61.36000061035156,68.4800033569336,5307800,0.0,0.0
2022-05-26 00:00:00-04:00,68.51000213623047,75.0,68.20500183105469,73.69000244140625,5184300,0.0,0.0
2022-05-27 00:00:00-04:00,75.5999984741211,79.11199951171875,75.33000183105469,78.08999633789062,4755100,0.0,0.0
2022-05-31 00:00:00-04:00,78.80000305175781,81.44000244140625,75.50499725341797,76.91000366210938,8812300,0.0,0.0
2022-06-01 00:00:00-04:00,77.19999694824219,77.44000244140625,69.69999694824219,71.94999694824219,8704900,0.0,0.0
2022-06-02 00:00:00-04:00,70.19999694824219,73.08000183105469,67.73999786376953,72.97000122070312,8603700,0.0,0.0
2022-06-03 00:00:00-04:00,68.9000015258789,71.11499786376953,66.6500015258789,68.04000091552734,5572500,0.0,0.0
2022-06-06 00:00:00-04:00,70.5999984741211,71.625,67.80000305175781,69.94999694824219,5235400,0.0,0.0
2022-06-07 00:00:00-04:00,68.5,70.2249984741211,67.72000122070312,69.93000030517578,4130600,0.0,0.0
2022-06-08 00:00:00-04:00,70.0,74.73999786376953,69.25,73.79000091552734,6005100,0.0,0.0
2022-06-09 00:00:00-04:00,72.05000305175781,72.47000122070312,68.23999786376953,68.6500015258789,5551000,0.0,0.0
2022-06-10 00:00:00-04:00,66.27999877929688,66.75,61.22999954223633,62.18000030517578,6763700,0.0,0.0
2022-06-13 00:00:00-04:00,58.56999969482422,60.220001220703125,57.959999084472656,58.380001068115234,5614400,0.0,0.0
2022-06-14 00:00:00-04:00,58.70000076293945,60.290000915527344,57.310001373291016,58.459999084472656,4937700,0.0,0.0
2022-06-15 00:00:00-04:00,59.2400016784668,64.70999908447266,59.2400016784668,63.619998931884766,6286500,0.0,0.0
2022-06-16 00:00:00-04:00,59.81999969482422,60.49700164794922,56.66999816894531,58.380001068115234,6051900,0.0,0.0
2022-06-17 00:00:00-04:00,58.099998474121094,62.79999923706055,58.099998474121094,61.689998626708984,7727900,0.0,0.0
2022-06-21 00:00:00-04:00,62.81999969482422,66.02999877929688,62.810001373291016,63.06999969482422,4531500,0.0,0.0
2022-06-22 00:00:00-04:00,62.0,66.80000305175781,61.63999938964844,65.1500015258789,5852200,0.0,0.0
2022-06-23 00:00:00-04:00,66.12000274658203,70.63999938964844,65.04000091552734,70.2699966430664,4250600,0.0,0.0
2022-06-24 00:00:00-04:00,72.0,74.87999725341797,70.76000213623047,74.11000061035156,9848800,0.0,0.0
2022-06-27 00:00:00-04:00,74.25,74.63999938964844,70.06999969482422,71.19999694824219,3443900,0.0,0.0
2022-06-28 00:00:00-04:00,71.23999786376953,73.05000305175781,67.18000030517578,67.44999694824219,3409600,0.0,0.0
2022-06-29 00:00:00-04:00,66.06999969482422,68.06999969482422,64.58000183105469,67.41999816894531,2906000,0.0,0.0
2022-06-30 00:00:00-04:00,66.31999969482422,66.70999908447266,60.52000045776367,64.16999816894531,5383300,0.0,0.0
2022-07-01 00:00:00-04:00,65.05000305175781,69.33000183105469,65.05000305175781,67.94999694824219,4234400,0.0,0.0
2022-07-05 00:00:00-04:00,66.22000122070312,75.05999755859375,65.69000244140625,74.9000015258789,6564100,0.0,0.0
2022-07-06 00:00:00-04:00,67.79000091552734,70.0,66.83999633789062,69.36000061035156,14984000,0.0,0.0
2022-07-07 00:00:00-04:00,69.33000183105469,76.0,68.18000030517578,76.0,6479600,0.0,0.0
2022-07-08 00:00:00-04:00,74.19999694824219,77.41500091552734,72.55999755859375,74.95999908447266,4922200,0.0,0.0
2022-07-11 00:00:00-04:00,74.19000244140625,74.58999633789062,70.73999786376953,71.31999969482422,3599100,0.0,0.0
2022-07-12 00:00:00-04:00,72.08000183105469,73.91999816894531,70.4000015258789,71.12999725341797,2947600,0.0,0.0
2022-07-13 00:00:00-04:00,68.3499984741211,74.19999694824219,68.01000213623047,71.73999786376953,3848100,0.0,0.0
2022-07-14 00:00:00-04:00,71.23999786376953,71.67500305175781,68.33999633789062,69.33000183105469,4480300,0.0,0.0
2022-07-15 00:00:00-04:00,71.4000015258789,71.5,67.68000030517578,70.0999984741211,3614100,0.0,0.0
2022-07-18 00:00:00-04:00,71.77999877929688,75.80000305175781,71.73799896240234,72.44000244140625,4701100,0.0,0.0
2022-07-19 00:00:00-04:00,74.0,75.11499786376953,72.3499984741211,73.73999786376953,3212300,0.0,0.0
2022-07-20 00:00:00-04:00,75.05000305175781,78.19999694824219,72.20999908447266,77.16999816894531,4617300,0.0,0.0
2022-07-21 00:00:00-04:00,76.4000015258789,77.80999755859375,73.87999725341797,77.61000061035156,5054000,0.0,0.0
2022-07-22 00:00:00-04:00,79.01000213623047,79.37000274658203,72.05000305175781,73.44999694824219,5978000,0.0,0.0
2022-07-25 00:00:00-04:00,73.12000274658203,73.2300033569336,70.3499984741211,71.76000213623047,2845900,0.0,0.0
2022-07-26 00:00:00-04:00,70.01000213623047,70.2699966430664,67.12999725341797,68.69999694824219,3495600,0.0,0.0
2022-07-27 00:00:00-04:00,70.76000213623047,71.98999786376953,68.44999694824219,71.41999816894531,3458900,0.0,0.0
2022-07-28 00:00:00-04:00,71.0,71.72000122070312,66.62999725341797,70.06999969482422,5753700,0.0,0.0
2022-07-29 00:00:00-04:00,68.62000274658203,70.52999877929688,68.0199966430664,69.75,4292300,0.0,0.0
2022-08-01 00:00:00-04:00,68.4000015258789,72.30999755859375,66.70999908447266,72.02999877929688,4976400,0.0,0.0
2022-08-02 00:00:00-04:00,74.31999969482422,77.63999938964844,74.09100341796875,75.73999786376953,7062900,0.0,0.0
2022-08-03 00:00:00-04:00,77.0,80.0,76.67900085449219,79.5,7598700,0.0,0.0
2022-08-04 00:00:00-04:00,80.94999694824219,82.38999938964844,78.90499877929688,81.36000061035156,10185500,0.0,0.0
2022-08-05 00:00:00-04:00,84.16000366210938,87.0,79.5,80.29000091552734,18313000,0.0,0.0
2022-08-08 00:00:00-04:00,81.04000091552734,83.86000061035156,74.87000274658203,75.54000091552734,8730800,0.0,0.0
2022-08-09 00:00:00-04:00,74.4000015258789,74.51000213623047,70.45999908447266,73.02999877929688,6710000,0.0,0.0
2022-08-10 00:00:00-04:00,76.23999786376953,81.30000305175781,75.76000213623047,80.5999984741211,8835700,0.0,0.0
2022-08-11 00:00:00-04:00,81.63999938964844,84.19000244140625,77.52999877929688,77.88999938964844,5567900,0.0,0.0
2022-08-12 00:00:00-04:00,77.80999755859375,78.9000015258789,76.09500122070312,77.37000274658203,6688500,0.0,0.0
2022-08-15 00:00:00-04:00,76.44000244140625,78.69000244140625,76.31999969482422,77.76000213623047,3074400,0.0,0.0
2022-08-16 00:00:00-04:00,77.4000015258789,77.44000244140625,73.30000305175781,73.56999969482422,5359700,0.0,0.0
2022-08-17 00:00:00-04:00,72.02999877929688,72.02999877929688,67.36000061035156,68.18000030517578,8518700,0.0,0.0
2022-08-18 00:00:00-04:00,67.56999969482422,68.12999725341797,66.08999633789062,66.69999694824219,3740000,0.0,0.0
2022-08-19 00:00:00-04:00,64.2699966430664,65.58000183105469,62.70000076293945,64.98999786376953,5561300,0.0,0.0
2022-08-22 00:00:00-04:00,64.05000305175781,65.62000274658203,62.099998474121094,63.33000183105469,6974300,0.0,0.0
2022-08-23 00:00:00-04:00,64.13999938964844,65.5999984741211,63.18000030517578,63.619998931884766,3417500,0.0,0.0
2022-08-24 00:00:00-04:00,63.380001068115234,65.9000015258789,63.0,64.12000274658203,3742200,0.0,0.0
2022-08-25 00:00:00-04:00,65.22000122070312,65.38999938964844,63.380001068115234,64.94999694824219,2805500,0.0,0.0
2022-08-26 00:00:00-04:00,64.80999755859375,65.58899688720703,60.900001525878906,61.65999984741211,3524100,0.0,0.0
2022-08-29 00:00:00-04:00,60.59000015258789,64.0,60.0,60.560001373291016,6717300,0.0,0.0
2022-08-30 00:00:00-04:00,61.9900016784668,62.65999984741211,59.61000061035156,61.41999816894531,3709900,0.0,0.0
2022-08-31 00:00:00-04:00,62.0,62.36000061035156,59.47999954223633,59.900001525878906,4313000,0.0,0.0
2022-09-01 00:00:00-04:00,58.79999923706055,59.65800094604492,56.599998474121094,58.880001068115234,4092800,0.0,0.0
2022-09-02 00:00:00-04:00,60.0,60.43000030517578,57.720001220703125,58.22999954223633,4358100,0.0,0.0
2022-09-06 00:00:00-04:00,58.2599983215332,58.86000061035156,56.95000076293945,58.22999954223633,5699000,0.0,0.0
2022-09-07 00:00:00-04:00,57.790000915527344,59.29999923706055,57.25,59.119998931884766,5962900,0.0,0.0
2022-09-08 00:00:00-04:00,57.5,60.779998779296875,57.5,59.33000183105469,4480300,0.0,0.0
2022-09-09 00:00:00-04:00,60.0,65.13500213623047,59.83000183105469,64.30999755859375,8180900,0.0,0.0
2022-09-12 00:00:00-04:00,64.77999877929688,65.95999908447266,63.849998474121094,65.87000274658203,5924700,0.0,0.0
2022-09-13 00:00:00-04:00,62.055999755859375,63.04999923706055,60.52000045776367,62.06999969482422,6081700,0.0,0.0
2022-09-14 00:00:00-04:00,61.5099983215332,64.6500015258789,61.33000183105469,64.52999877929688,6238500,0.0,0.0
2022-09-15 00:00:00-04:00,64.33000183105469,68.16000366210938,63.95000076293945,64.41000366210938,6780600,0.0,0.0
2022-09-16 00:00:00-04:00,61.689998626708984,62.560001373291016,59.11000061035156,59.130001068115234,11409300,0.0,0.0
2022-09-19 00:00:00-04:00,58.45000076293945,59.34000015258789,56.91400146484375,58.880001068115234,6236400,0.0,0.0
2022-09-20 00:00:00-04:00,58.25,59.540000915527344,57.56999969482422,57.65999984741211,5366600,0.0,0.0
2022-09-21 00:00:00-04:00,57.79999923706055,60.38999938964844,57.099998474121094,57.16999816894531,3133500,0.0,0.0
2022-09-22 00:00:00-04:00,56.790000915527344,57.5099983215332,53.72999954223633,54.0,4677800,0.0,0.0
2022-09-23 00:00:00-04:00,52.81999969482422,53.529998779296875,50.540000915527344,52.0099983215332,5105000,0.0,0.0
2022-09-26 00:00:00-04:00,51.52000045776367,53.43000030517578,50.439998626708984,50.72999954223633,4106600,0.0,0.0
2022-09-27 00:00:00-04:00,52.34000015258789,53.18000030517578,50.20000076293945,51.150001525878906,3112500,0.0,0.0
2022-09-28 00:00:00-04:00,51.220001220703125,53.040000915527344,51.0099983215332,52.70000076293945,2850800,0.0,0.0
2022-09-29 00:00:00-04:00,51.06999969482422,51.560001373291016,48.939998626708984,49.84000015258789,3107900,0.0,0.0
2022-09-30 00:00:00-04:00,49.439998626708984,51.435001373291016,49.387001037597656,49.45000076293945,3223200,0.0,0.0
2022-10-03 00:00:00-04:00,49.72999954223633,51.369998931884766,47.52000045776367,50.52000045776367,5868800,0.0,0.0
2022-10-04 00:00:00-04:00,52.439998626708984,54.72999954223633,52.18000030517578,54.15999984741211,4934300,0.0,0.0
2022-10-05 00:00:00-04:00,52.5,53.70000076293945,50.810001373291016,52.9900016784668,4652900,0.0,0.0
2022-10-06 00:00:00-04:00,53.27000045776367,54.060001373291016,51.790000915527344,52.9900016784668,2384500,0.0,0.0
2022-10-07 00:00:00-04:00,51.09000015258789,51.349998474121094,48.86000061035156,49.38999938964844,3503000,0.0,0.0
2022-10-10 00:00:00-04:00,49.599998474121094,49.79999923706055,46.560001373291016,47.709999084472656,4774200,0.0,0.0
2022-10-11 00:00:00-04:00,44.75,46.720001220703125,41.77000045776367,44.849998474121094,14080800,0.0,0.0
2022-10-12 00:00:00-04:00,44.849998474121094,47.16999816894531,44.349998474121094,46.720001220703125,5706600,0.0,0.0
2022-10-13 00:00:00-04:00,44.0,47.31999969482422,43.11000061035156,45.90999984741211,8569400,0.0,0.0
2022-10-14 00:00:00-04:00,47.0,47.400001525878906,43.04999923706055,43.060001373291016,4771300,0.0,0.0
2022-10-17 00:00:00-04:00,44.43000030517578,46.709999084472656,44.43000030517578,45.709999084472656,4325000,0.0,0.0
2022-10-18 00:00:00-04:00,47.400001525878906,48.7599983215332,45.85499954223633,46.900001525878906,4277500,0.0,0.0
2022-10-19 00:00:00-04:00,45.5,46.34000015258789,44.560001373291016,45.779998779296875,4134200,0.0,0.0
2022-10-20 00:00:00-04:00,46.130001068115234,47.93000030517578,45.3849983215332,45.529998779296875,4208500,0.0,0.0
2022-10-21 00:00:00-04:00,44.86000061035156,45.33000183105469,43.41999816894531,45.22999954223633,4633200,0.0,0.0
2022-10-24 00:00:00-04:00,44.599998474121094,44.959999084472656,41.3650016784668,44.43000030517578,4199700,0.0,0.0
2022-10-25 00:00:00-04:00,44.869998931884766,47.599998474121094,44.439998626708984,47.459999084472656,3317700,0.0,0.0
2022-10-26 00:00:00-04:00,46.84000015258789,49.51499938964844,46.349998474121094,47.22999954223633,3387100,0.0,0.0
2022-10-27 00:00:00-04:00,47.40999984741211,48.31999969482422,45.86000061035156,46.34000015258789,3611000,0.0,0.0
2022-10-28 00:00:00-04:00,45.310001373291016,47.709999084472656,44.540000915527344,47.060001373291016,6721100,0.0,0.0
2022-10-31 00:00:00-04:00,45.41999816894531,45.63999938964844,42.18000030517578,43.529998779296875,13377700,0.0,0.0
2022-11-01 00:00:00-04:00,46.5,47.599998474121094,44.540000915527344,45.099998474121094,9471700,0.0,0.0
2022-11-02 00:00:00-04:00,44.56999969482422,47.36000061035156,44.540000915527344,45.119998931884766,6871000,0.0,0.0
2022-11-03 00:00:00-04:00,44.75,48.02000045776367,44.5,47.61000061035156,11893200,0.0,0.0
2022-11-04 00:00:00-04:00,54.220001220703125,56.97999954223633,48.310001373291016,51.56999969482422,20529800,0.0,0.0
2022-11-07 00:00:00-05:00,53.45000076293945,54.560001373291016,50.95000076293945,52.099998474121094,8817300,0.0,0.0
2022-11-08 00:00:00-05:00,52.220001220703125,56.470001220703125,51.29499816894531,54.529998779296875,8747500,0.0,0.0
2022-11-09 00:00:00-05:00,53.47999954223633,54.4010009765625,51.869998931884766,53.25,5146800,0.0,0.0
2022-11-10 00:00:00-05:00,58.040000915527344,60.5,57.0,59.459999084472656,7144000,0.0,0.0
2022-11-11 00:00:00-05:00,60.5099983215332,64.26000213623047,58.5,62.9900016784668,7672600,0.0,0.0
2022-11-14 00:00:00-05:00,61.880001068115234,63.790000915527344,60.119998931884766,62.02000045776367,6399100,0.0,0.0
2022-11-15 00:00:00-05:00,64.80000305175781,65.48999786376953,61.88999938964844,63.380001068115234,6138800,0.0,0.0
2022-11-16 00:00:00-05:00,61.40999984741211,62.22999954223633,60.45000076293945,60.779998779296875,5031000,0.0,0.0
2022-11-17 00:00:00-05:00,58.83000183105469,60.25,58.06999969482422,58.70000076293945,4286000,0.0,0.0
2022-11-18 00:00:00-05:00,60.04999923706055,60.060001373291016,56.77000045776367,58.290000915527344,3139600,0.0,0.0
2022-11-21 00:00:00-05:00,56.70000076293945,57.10499954223633,54.5,55.27000045776367,5533600,0.0,0.0
2022-11-22 00:00:00-05:00,55.310001373291016,55.744998931884766,53.029998779296875,53.95000076293945,3635800,0.0,0.0
2022-11-23 00:00:00-05:00,54.61000061035156,57.09000015258789,53.689998626708984,56.58000183105469,3963100,0.0,0.0
2022-11-25 00:00:00-05:00,55.689998626708984,56.439998626708984,55.13999938964844,55.470001220703125,1308300,0.0,0.0
2022-11-28 00:00:00-05:00,55.0,57.08000183105469,54.439998626708984,54.650001525878906,4707600,0.0,0.0
2022-11-29 00:00:00-05:00,55.310001373291016,55.540000915527344,53.2400016784668,53.34000015258789,2805400,0.0,0.0
2022-11-30 00:00:00-05:00,55.29999923706055,58.63999938964844,54.7599983215332,58.25,7911200,0.0,0.0
2022-12-01 00:00:00-05:00,57.91999816894531,59.939998626708984,56.56999969482422,57.119998931884766,4222000,0.0,0.0
2022-12-02 00:00:00-05:00,53.0099983215332,56.220001220703125,52.619998931884766,55.189998626708984,4720200,0.0,0.0
2022-12-05 00:00:00-05:00,54.849998474121094,54.9900016784668,52.95000076293945,53.22999954223633,3695700,0.0,0.0
2022-12-06 00:00:00-05:00,52.90999984741211,53.970001220703125,51.83000183105469,52.709999084472656,5475100,0.0,0.0
2022-12-07 00:00:00-05:00,52.0,53.959999084472656,51.529998779296875,53.619998931884766,3606700,0.0,0.0
2022-12-08 00:00:00-05:00,54.15999984741211,55.25,53.441001892089844,54.0099983215332,3957600,0.0,0.0
2022-12-09 00:00:00-05:00,53.2599983215332,55.540000915527344,52.81999969482422,55.27000045776367,3360700,0.0,0.0
2022-12-12 00:00:00-05:00,55.59000015258789,58.060001373291016,55.29999923706055,58.02000045776367,5319000,0.0,0.0
2022-12-13 00:00:00-05:00,61.209999084472656,62.31999969482422,56.970001220703125,58.2400016784668,6198700,0.0,0.0
2022-12-14 00:00:00-05:00,58.0,59.04999923706055,56.88999938964844,58.5,4133200,0.0,0.0
2022-12-15 00:00:00-05:00,57.5,58.0,54.380001068115234,55.25,5287100,0.0,0.0
2022-12-16 00:00:00-05:00,55.04999923706055,55.150001525878906,51.720001220703125,52.52000045776367,6140800,0.0,0.0
2022-12-19 00:00:00-05:00,52.790000915527344,53.7400016784668,51.130001068115234,51.439998626708984,4111100,0.0,0.0
2022-12-20 00:00:00-05:00,51.029998779296875,52.56999969482422,50.167999267578125,51.33000183105469,3402300,0.0,0.0
2022-12-21 00:00:00-05:00,52.0,53.93000030517578,51.724998474121094,52.91999816894531,3964900,0.0,0.0
2022-12-22 00:00:00-05:00,52.0,52.040000915527344,49.70000076293945,51.36000061035156,3021200,0.0,0.0
2022-12-23 00:00:00-05:00,50.970001220703125,51.22999954223633,49.755001068115234,50.689998626708984,2406100,0.0,0.0
2022-12-27 00:00:00-05:00,50.0,50.02000045776367,47.84000015258789,48.43000030517578,3461800,0.0,0.0
2022-12-28 00:00:00-05:00,48.0099983215332,48.560001373291016,46.81999969482422,46.849998474121094,2580000,0.0,0.0
2022-12-29 00:00:00-05:00,47.25,49.75,46.31999969482422,49.58000183105469,4235700,0.0,0.0
2022-12-30 00:00:00-05:00,48.189998626708984,49.27000045776367,47.970001220703125,48.81999969482422,3193300,0.0,0.0
2023-01-03 00:00:00-05:00,49.97999954223633,51.08000183105469,47.82500076293945,48.36000061035156,3684800,0.0,0.0
2023-01-04 00:00:00-05:00,49.349998474121094,50.189998626708984,47.720001220703125,48.93000030517578,2874100,0.0,0.0
2023-01-05 00:00:00-05:00,48.16999816894531,48.25,46.79999923706055,47.130001068115234,3653200,0.0,0.0
2023-01-06 00:00:00-05:00,47.31999969482422,48.349998474121094,45.93199920654297,48.0,3803100,0.0,0.0
2023-01-09 00:00:00-05:00,46.5,49.7400016784668,46.25,48.04999923706055,8097500,0.0,0.0
2023-01-10 00:00:00-05:00,47.72999954223633,48.880001068115234,46.4900016784668,48.040000915527344,3850600,0.0,0.0
2023-01-11 00:00:00-05:00,49.0,51.928001403808594,48.27000045776367,51.79999923706055,6348700,0.0,0.0
2023-01-12 00:00:00-05:00,53.0,53.279998779296875,49.45000076293945,52.029998779296875,3714100,0.0,0.0
2023-01-13 00:00:00-05:00,50.75,52.90999984741211,50.58000183105469,52.34000015258789,2712200,0.0,0.0
2023-01-17 00:00:00-05:00,53.09000015258789,55.529998779296875,52.14500045776367,54.470001220703125,4506100,0.0,0.0
2023-01-18 00:00:00-05:00,55.529998779296875,57.529998779296875,55.040000915527344,55.310001373291016,5267200,0.0,0.0
2023-01-19 00:00:00-05:00,54.06999969482422,55.154998779296875,53.0099983215332,54.650001525878906,2996600,0.0,0.0
2023-01-20 00:00:00-05:00,55.56999969482422,58.04999923706055,55.4900016784668,58.02000045776367,3025600,0.0,0.0
2023-01-23 00:00:00-05:00,58.470001220703125,60.900001525878906,57.95000076293945,60.59000015258789,4495500,0.0,0.0
2023-01-24 00:00:00-05:00,60.0,61.18000030517578,59.22999954223633,59.529998779296875,2354400,0.0,0.0
2023-01-25 00:00:00-05:00,57.43000030517578,59.72999954223633,56.470001220703125,59.529998779296875,2524600,0.0,0.0
2023-01-26 00:00:00-05:00,61.4900016784668,62.04999923706055,56.83000183105469,56.95000076293945,4694300,0.0,0.0
2023-01-27 00:00:00-05:00,56.63999938964844,59.529998779296875,55.95000076293945,58.630001068115234,5283800,0.0,0.0
2023-01-30 00:00:00-05:00,57.54999923706055,58.505001068115234,56.220001220703125,56.560001373291016,3650000,0.0,0.0
2023-01-31 00:00:00-05:00,56.790000915527344,58.0,56.02000045776367,57.91999816894531,3099300,0.0,0.0
2023-02-01 00:00:00-05:00,57.45000076293945,59.53499984741211,56.0099983215332,58.90999984741211,5430500,0.0,0.0
2023-02-02 00:00:00-05:00,62.0,65.3499984741211,61.27000045776367,63.810001373291016,5720400,0.0,0.0
2023-02-03 00:00:00-05:00,60.18000030517578,62.02000045776367,58.88999938964844,59.040000915527344,5835300,0.0,0.0
2023-02-06 00:00:00-05:00,58.02000045776367,59.900001525878906,58.0099983215332,59.68000030517578,2737800,0.0,0.0
2023-02-07 00:00:00-05:00,59.630001068115234,60.38999938964844,57.79999923706055,60.02000045776367,3816200,0.0,0.0
2023-02-08 00:00:00-05:00,62.97999954223633,65.69000244140625,61.70000076293945,62.380001068115234,7901000,0.0,0.0
2023-02-09 00:00:00-05:00,62.7599983215332,64.61000061035156,61.119998931884766,61.849998474121094,5387400,0.0,0.0
2023-02-10 00:00:00-05:00,59.970001220703125,60.29999923706055,56.790000915527344,57.720001220703125,5370800,0.0,0.0
2023-02-13 00:00:00-05:00,58.04999923706055,59.56999969482422,57.45000076293945,59.290000915527344,3824900,0.0,0.0
2023-02-14 00:00:00-05:00,58.59000015258789,62.11000061035156,57.845001220703125,61.61000061035156,3976600,0.0,0.0
2023-02-15 00:00:00-05:00,63.2400016784668,68.4000015258789,62.68000030517578,68.18000030517578,8659500,0.0,0.0
2023-02-16 00:00:00-05:00,66.8499984741211,70.12999725341797,65.72000122070312,66.88999938964844,14708200,0.0,0.0
2023-02-17 00:00:00-05:00,69.77999877929688,70.05000305175781,60.41999816894531,61.810001373291016,23601400,0.0,0.0
2023-02-21 00:00:00-05:00,59.970001220703125,60.86000061035156,57.220001220703125,58.060001373291016,10352500,0.0,0.0
2023-02-22 00:00:00-05:00,58.2599983215332,59.72999954223633,56.959999084472656,57.88999938964844,6327600,0.0,0.0
2023-02-23 00:00:00-05:00,58.29999923706055,58.400001525878906,55.04999923706055,56.56999969482422,5545300,0.0,0.0
2023-02-24 00:00:00-05:00,54.88999938964844,55.45000076293945,53.49100112915039,55.09000015258789,4971600,0.0,0.0
2023-02-27 00:00:00-05:00,55.279998779296875,55.44599914550781,53.779998779296875,54.189998626708984,6040500,0.0,0.0
2023-02-28 00:00:00-05:00,54.459999084472656,55.209999084472656,53.810001373291016,54.65999984741211,4054900,0.0,0.0
2023-03-01 00:00:00-05:00,54.59000015258789,55.130001068115234,53.619998931884766,53.91999816894531,2696000,0.0,0.0
2023-03-02 00:00:00-05:00,52.86000061035156,55.349998474121094,52.599998474121094,55.279998779296875,3181900,0.0,0.0
2023-03-03 00:00:00-05:00,55.790000915527344,57.380001068115234,55.41999816894531,57.34000015258789,3041600,0.0,0.0
2023-03-06 00:00:00-05:00,57.52000045776367,57.779998779296875,55.810001373291016,55.95000076293945,3148100,0.0,0.0
2023-03-07 00:00:00-05:00,55.68000030517578,59.70000076293945,55.560001373291016,58.15999984741211,7913200,0.0,0.0
2023-03-08 00:00:00-05:00,57.20000076293945,58.7400016784668,56.83000183105469,58.20000076293945,5218700,0.0,0.0
2023-03-09 00:00:00-05:00,57.61000061035156,59.459999084472656,55.06999969482422,55.279998779296875,4523100,0.0,0.0
2023-03-10 00:00:00-05:00,55.290000915527344,55.63999938964844,52.66999816894531,53.22999954223633,5145900,0.0,0.0
2023-03-13 00:00:00-04:00,52.43000030517578,55.5,51.5,53.79999923706055,4896200,0.0,0.0
2023-03-14 00:00:00-04:00,57.040000915527344,58.45000076293945,56.400001525878906,56.9900016784668,5344000,0.0,0.0
2023-03-15 00:00:00-04:00,56.040000915527344,58.61600112915039,55.75,58.470001220703125,5420500,0.0,0.0
2023-03-16 00:00:00-04:00,58.34000015258789,61.04999923706055,58.16999816894531,60.72999954223633,4880300,0.0,0.0
2023-03-17 00:00:00-04:00,61.09000015258789,61.779998779296875,59.33000183105469,59.63999938964844,4734300,0.0,0.0
2023-03-20 00:00:00-04:00,59.0,59.709999084472656,58.13999938964844,59.31999969482422,3184800,0.0,0.0
2023-03-21 00:00:00-04:00,60.08000183105469,60.939998626708984,59.564998626708984,60.369998931884766,3215900,0.0,0.0
2023-03-22 00:00:00-04:00,60.90999984741211,61.54100036621094,59.0099983215332,59.119998931884766,3065800,0.0,0.0
2023-03-23 00:00:00-04:00,60.36000061035156,61.9900016784668,59.560001373291016,60.310001373291016,2995200,0.0,0.0
2023-03-24 00:00:00-04:00,60.349998474121094,60.790000915527344,59.220001220703125,60.66999816894531,2644900,0.0,0.0
2023-03-27 00:00:00-04:00,61.40999984741211,61.540000915527344,59.72999954223633,59.900001525878906,2537700,0.0,0.0
2023-03-28 00:00:00-04:00,59.720001220703125,60.150001525878906,58.689998626708984,59.040000915527344,2935000,0.0,0.0
2023-03-29 00:00:00-04:00,59.91999816894531,60.93000030517578,59.16999816894531,59.86000061035156,2235900,0.0,0.0
2023-03-30 00:00:00-04:00,61.09000015258789,62.2599983215332,60.810001373291016,61.779998779296875,3083500,0.0,0.0
2023-03-31 00:00:00-04:00,61.83000183105469,64.46499633789062,61.400001525878906,63.560001373291016,4530400,0.0,0.0
2023-04-03 00:00:00-04:00,62.5,64.20999908447266,62.33000183105469,63.939998626708984,2820200,0.0,0.0
2023-04-04 00:00:00-04:00,64.4000015258789,65.1449966430664,63.209999084472656,63.34000015258789,2156100,0.0,0.0
2023-04-05 00:00:00-04:00,62.790000915527344,62.88999938964844,59.38999938964844,60.86000061035156,4330400,0.0,0.0
2023-04-06 00:00:00-04:00,60.33000183105469,60.86000061035156,58.279998779296875,60.68000030517578,2890600,0.0,0.0
2023-04-10 00:00:00-04:00,59.52000045776367,61.790000915527344,58.7400016784668,61.58000183105469,3102400,0.0,0.0
2023-04-11 00:00:00-04:00,61.52000045776367,63.26499938964844,61.47999954223633,62.91999816894531,2860100,0.0,0.0
2023-04-12 00:00:00-04:00,64.33000183105469,65.12000274658203,59.709999084472656,60.099998474121094,3395100,0.0,0.0
2023-04-13 00:00:00-04:00,60.97999954223633,62.68000030517578,60.400001525878906,61.45000076293945,3244200,0.0,0.0
2023-04-14 00:00:00-04:00,60.95000076293945,62.08000183105469,60.6150016784668,61.720001220703125,1992100,0.0,0.0
2023-04-17 00:00:00-04:00,61.619998931884766,62.220001220703125,60.529998779296875,60.619998931884766,2893400,0.0,0.0
2023-04-18 00:00:00-04:00,61.5,62.43000030517578,60.83000183105469,62.38999938964844,3549600,0.0,0.0
2023-04-19 00:00:00-04:00,61.41999816894531,62.415000915527344,60.619998931884766,61.72999954223633,3050000,0.0,0.0
2023-04-20 00:00:00-04:00,60.54999923706055,60.970001220703125,59.5099983215332,59.560001373291016,2320100,0.0,0.0
2023-04-21 00:00:00-04:00,59.66999816894531,61.290000915527344,58.540000915527344,61.290000915527344,2608000,0.0,0.0
2023-04-24 00:00:00-04:00,61.63999938964844,62.119998931884766,59.279998779296875,59.880001068115234,1958000,0.0,0.0
2023-04-25 00:00:00-04:00,58.97999954223633,59.319000244140625,56.59000015258789,56.81999969482422,3544100,0.0,0.0
2023-04-26 00:00:00-04:00,57.720001220703125,58.470001220703125,56.959999084472656,57.5,4947200,0.0,0.0
2023-04-27 00:00:00-04:00,58.439998626708984,59.27000045776367,57.86000061035156,58.41999816894531,1801900,0.0,0.0
2023-04-28 00:00:00-04:00,58.060001373291016,61.25,57.38999938964844,61.189998626708984,3234500,0.0,0.0
2023-05-01 00:00:00-04:00,60.93000030517578,62.875,60.45000076293945,62.20000076293945,4179100,0.0,0.0
2023-05-02 00:00:00-04:00,63.5,64.2300033569336,60.91999816894531,61.619998931884766,4656500,0.0,0.0
2023-05-03 00:00:00-04:00,61.720001220703125,63.880001068115234,61.279998779296875,62.36000061035156,2989900,0.0,0.0
2023-05-04 00:00:00-04:00,62.619998931884766,63.66999816894531,62.27000045776367,62.83000183105469,5980800,0.0,0.0
2023-05-05 00:00:00-04:00,65.0,65.30999755859375,60.36000061035156,62.900001525878906,9165400,0.0,0.0
2023-05-08 00:00:00-04:00,62.900001525878906,67.2699966430664,62.900001525878906,66.7699966430664,6387200,0.0,0.0
2023-05-09 00:00:00-04:00,66.45999908447266,69.27999877929688,65.87000274658203,67.30000305175781,6874500,0.0,0.0
2023-05-10 00:00:00-04:00,68.23999786376953,69.33999633789062,66.44000244140625,68.76000213623047,5811900,0.0,0.0
2023-05-11 00:00:00-04:00,68.94000244140625,68.95999908447266,67.08999633789062,67.22000122070312,3140500,0.0,0.0
2023-05-12 00:00:00-04:00,67.25,67.6449966430664,65.23999786376953,65.87000274658203,2741300,0.0,0.0
2023-05-15 00:00:00-04:00,66.2699966430664,67.06999969482422,65.55999755859375,66.19999694824219,2411000,0.0,0.0
2023-05-16 00:00:00-04:00,65.55000305175781,65.80999755859375,63.72999954223633,64.18000030517578,3531200,0.0,0.0
2023-05-17 00:00:00-04:00,64.0,65.7300033569336,63.72999954223633,65.22000122070312,2251600,0.0,0.0
2023-05-18 00:00:00-04:00,65.0,67.49500274658203,64.7300033569336,66.97000122070312,3054400,0.0,0.0
2023-05-19 00:00:00-04:00,67.05999755859375,67.07499694824219,65.80999755859375,66.9800033569336,2031600,0.0,0.0
2023-05-22 00:00:00-04:00,66.55999755859375,67.87999725341797,63.630001068115234,65.62999725341797,6574300,0.0,0.0
2023-05-23 00:00:00-04:00,64.77999877929688,67.30000305175781,64.6500015258789,66.02999877929688,2734800,0.0,0.0
2023-05-24 00:00:00-04:00,65.36000061035156,67.30999755859375,65.30000305175781,66.0,2897400,0.0,0.0
2023-05-25 00:00:00-04:00,66.9800033569336,67.41999816894531,65.76000213623047,66.5,2764700,0.0,0.0
2023-05-26 00:00:00-04:00,66.68000030517578,68.43000030517578,66.5,67.44000244140625,2286200,0.0,0.0
2023-05-30 00:00:00-04:00,68.33999633789062,68.33999633789062,64.68000030517578,64.94000244140625,3414600,0.0,0.0
2023-05-31 00:00:00-04:00,64.01000213623047,65.4000015258789,62.83000183105469,65.29000091552734,4714800,0.0,0.0
2023-06-01 00:00:00-04:00,64.83000183105469,69.08999633789062,64.58999633789062,67.56999969482422,4190200,0.0,0.0
2023-06-02 00:00:00-04:00,69.0,69.95999908447266,67.4800033569336,67.87999725341797,2814600,0.0,0.0
2023-06-05 00:00:00-04:00,67.66000366210938,69.85399627685547,67.0,69.3499984741211,2985500,0.0,0.0
2023-06-06 00:00:00-04:00,68.76000213623047,71.76000213623047,67.94999694824219,71.19000244140625,3649900,0.0,0.0
2023-06-07 00:00:00-04:00,71.41999816894531,71.41999816894531,68.70999908447266,70.1500015258789,4064100,0.0,0.0
2023-06-08 00:00:00-04:00,69.16999816894531,71.38999938964844,69.0,69.97000122070312,2520900,0.0,0.0
2023-06-09 00:00:00-04:00,70.2300033569336,72.44000244140625,69.68000030517578,71.77999877929688,4902600,0.0,0.0
2023-06-12 00:00:00-04:00,72.0,72.72000122070312,70.65799713134766,72.37000274658203,2864500,0.0,0.0
2023-06-13 00:00:00-04:00,73.37999725341797,73.5999984741211,71.13999938964844,73.16000366210938,2284000,0.0,0.0
2023-06-14 00:00:00-04:00,72.0199966430664,72.0199966430664,70.38999938964844,71.5,3149900,0.0,0.0
2023-06-15 00:00:00-04:00,71.13999938964844,73.08000183105469,70.69000244140625,71.76000213623047,2721800,0.0,0.0
2023-06-16 00:00:00-04:00,72.37000274658203,73.55999755859375,71.76000213623047,73.26000213623047,3658000,0.0,0.0
2023-06-20 00:00:00-04:00,72.11000061035156,73.33499908447266,71.66999816894531,73.0,2840400,0.0,0.0
2023-06-21 00:00:00-04:00,72.9800033569336,73.81500244140625,71.8499984741211,72.91000366210938,2820100,0.0,0.0
2023-06-22 00:00:00-04:00,72.79000091552734,73.87000274658203,72.25,72.7699966430664,2564200,0.0,0.0
2023-06-23 00:00:00-04:00,72.05000305175781,73.26000213623047,71.22000122070312,72.63999938964844,6262500,0.0,0.0
2023-06-26 00:00:00-04:00,72.08999633789062,75.1500015258789,72.04000091552734,73.58000183105469,2983900,0.0,0.0
2023-06-27 00:00:00-04:00,74.47000122070312,74.87000274658203,73.12999725341797,74.76000213623047,2625300,0.0,0.0
2023-06-28 00:00:00-04:00,74.87000274658203,77.23500061035156,74.80000305175781,76.48999786376953,3118800,0.0,0.0
2023-06-29 00:00:00-04:00,76.38999938964844,76.63999938964844,74.98999786376953,75.44999694824219,1817900,0.0,0.0
2023-06-30 00:00:00-04:00,76.66999816894531,77.80000305175781,76.22000122070312,76.41999816894531,2645100,0.0,0.0
2023-07-03 00:00:00-04:00,76.73999786376953,78.76000213623047,76.73999786376953,78.70999908447266,1750100,0.0,0.0
2023-07-05 00:00:00-04:00,78.41999816894531,79.18000030517578,77.6500015258789,79.06999969482422,1922600,0.0,0.0
2023-07-06 00:00:00-04:00,77.66999816894531,78.52999877929688,75.06500244140625,76.98999786376953,3734900,0.0,0.0
2023-07-07 00:00:00-04:00,77.36000061035156,78.73999786376953,77.04000091552734,77.94999694824219,2402500,0.0,0.0
2023-07-10 00:00:00-04:00,78.01000213623047,78.44000244140625,76.83000183105469,77.61000061035156,2194900,0.0,0.0
2023-07-11 00:00:00-04:00,77.61000061035156,80.0199966430664,77.38999938964844,79.8499984741211,1999300,0.0,0.0
2023-07-12 00:00:00-04:00,81.19000244140625,81.3499984741211,79.44000244140625,80.58999633789062,2463500,0.0,0.0
2023-07-13 00:00:00-04:00,81.69999694824219,84.11499786376953,81.55000305175781,83.29000091552734,2584800,0.0,0.0
2023-07-14 00:00:00-04:00,83.5,84.06999969482422,81.69000244140625,83.95999908447266,2904300,0.0,0.0
2023-07-17 00:00:00-04:00,83.69000244140625,85.70999908447266,82.91000366210938,85.33999633789062,3033200,0.0,0.0
2023-07-18 00:00:00-04:00,85.33999633789062,86.25,84.30999755859375,85.06999969482422,2961900,0.0,0.0
2023-07-19 00:00:00-04:00,85.0,86.06999969482422,83.9800033569336,85.0999984741211,2495900,0.0,0.0
2023-07-20 00:00:00-04:00,83.8499984741211,85.0270004272461,83.41000366210938,83.63999938964844,2942100,0.0,0.0
2023-07-21 00:00:00-04:00,84.75,85.31999969482422,84.23999786376953,84.5,1639600,0.0,0.0
2023-07-24 00:00:00-04:00,85.29000091552734,85.69000244140625,83.66000366210938,84.30999755859375,1698000,0.0,0.0
2023-07-25 00:00:00-04:00,85.44000244140625,86.41999816894531,84.6500015258789,85.4000015258789,4062000,0.0,0.0
2023-07-26 00:00:00-04:00,85.23999786376953,87.0999984741211,84.72000122070312,86.11000061035156,1954300,0.0,0.0
2023-07-27 00:00:00-04:00,87.08999633789062,87.95500183105469,85.44999694824219,86.04000091552734,3292000,0.0,0.0
2023-07-28 00:00:00-04:00,87.6500015258789,90.86000061035156,87.56999969482422,89.6500015258789,4688400,0.0,0.0
2023-07-31 00:00:00-04:00,90.11000061035156,92.61000061035156,89.83999633789062,90.79000091552734,3102600,0.0,0.0
2023-08-01 00:00:00-04:00,89.5,90.0,85.94000244140625,86.58999633789062,4756000,0.0,0.0
2023-08-02 00:00:00-04:00,84.37999725341797,86.80999755859375,83.80500030517578,85.9800033569336,5971000,0.0,0.0
2023-08-03 00:00:00-04:00,86.29000091552734,89.7300033569336,84.33000183105469,85.45999908447266,9056300,0.0,0.0
2023-08-04 00:00:00-04:00,85.94999694824219,87.23999786376953,83.06999969482422,83.5999984741211,5583200,0.0,0.0
2023-08-07 00:00:00-04:00,83.05999755859375,84.68000030517578,80.86000061035156,84.36000061035156,4560100,0.0,0.0
2023-08-08 00:00:00-04:00,83.62000274658203,84.7300033569336,82.54000091552734,84.62999725341797,2113000,0.0,0.0
2023-08-09 00:00:00-04:00,84.20999908447266,84.29000091552734,81.37999725341797,82.37999725341797,2946500,0.0,0.0
2023-08-10 00:00:00-04:00,83.0199966430664,83.08000183105469,81.25,82.38999938964844,2934900,0.0,0.0
2023-08-11 00:00:00-04:00,81.41000366210938,81.41000366210938,78.56999969482422,79.19000244140625,4053400,0.0,0.0
2023-08-14 00:00:00-04:00,78.5,80.05999755859375,78.02999877929688,79.88999938964844,2567400,0.0,0.0
2023-08-15 00:00:00-04:00,79.43000030517578,79.86000061035156,78.16000366210938,78.83000183105469,3581500,0.0,0.0
2023-08-16 00:00:00-04:00,78.73999786376953,80.23999786376953,78.5199966430664,79.79000091552734,2549000,0.0,0.0
2023-08-17 00:00:00-04:00,80.63999938964844,80.77999877929688,77.63999938964844,77.87999725341797,3111400,0.0,0.0
2023-08-18 00:00:00-04:00,77.19999694824219,78.2699966430664,76.25,77.81999969482422,2985200,0.0,0.0
2023-08-21 00:00:00-04:00,78.1500015258789,78.95999908447266,75.05999755859375,76.5999984741211,5922900,0.0,0.0
2023-08-22 00:00:00-04:00,77.48999786376953,78.86000061035156,77.12999725341797,77.83999633789062,2110100,0.0,0.0
2023-08-23 00:00:00-04:00,78.01000213623047,78.4000015258789,76.94000244140625,77.33999633789062,1803200,0.0,0.0
2023-08-24 00:00:00-04:00,77.22000122070312,77.31999969482422,75.62000274658203,76.12999725341797,2479900,0.0,0.0
2023-08-25 00:00:00-04:00,76.45999908447266,78.37999725341797,76.36499786376953,78.0199966430664,2322800,0.0,0.0
2023-08-28 00:00:00-04:00,78.0,79.06999969482422,77.2300033569336,78.5,3487600,0.0,0.0
2023-08-29 00:00:00-04:00,78.23999786376953,82.47000122070312,78.05000305175781,81.95999908447266,3382000,0.0,0.0
2023-08-30 00:00:00-04:00,81.0,83.4800033569336,80.18000030517578,82.7300033569336,2960400,0.0,0.0
2023-08-31 00:00:00-04:00,82.98999786376953,84.73999786376953,82.91999816894531,84.12999725341797,4088300,0.0,0.0
2023-09-01 00:00:00-04:00,85.0,85.37999725341797,83.5999984741211,84.04000091552734,2304800,0.0,0.0
2023-09-05 00:00:00-04:00,83.98999786376953,84.29000091552734,83.25,83.68000030517578,2146700,0.0,0.0
2023-09-06 00:00:00-04:00,83.0999984741211,83.0999984741211,81.44999694824219,82.58999633789062,2514100,0.0,0.0
2023-09-07 00:00:00-04:00,81.38999938964844,82.29000091552734,80.04000091552734,82.0199966430664,2466500,0.0,0.0
2023-09-08 00:00:00-04:00,81.80999755859375,82.37000274658203,80.12999725341797,82.16999816894531,2195300,0.0,0.0
2023-09-11 00:00:00-04:00,83.83999633789062,84.19000244140625,82.79000091552734,83.29000091552734,2392200,0.0,0.0
2023-09-12 00:00:00-04:00,82.43000030517578,84.16999816894531,82.19999694824219,82.87000274658203,1483100,0.0,0.0
2023-09-13 00:00:00-04:00,82.48999786376953,82.99500274658203,81.66999816894531,82.2300033569336,1542700,0.0,0.0
2023-09-14 00:00:00-04:00,83.01000213623047,83.91999816894531,82.06500244140625,82.9800033569336,2456500,0.0,0.0
2023-09-15 00:00:00-04:00,80.5,81.30999755859375,79.16000366210938,80.93000030517578,6995700,0.0,0.0
2023-09-18 00:00:00-04:00,81.3499984741211,83.87999725341797,80.80999755859375,80.91999816894531,3954400,0.0,0.0
2023-09-19 00:00:00-04:00,79.94999694824219,80.52999877929688,76.54000091552734,79.19000244140625,4624500,0.0,0.0
2023-09-20 00:00:00-04:00,79.41000366210938,80.19999694824219,78.69000244140625,78.94999694824219,3121100,0.0,0.0
2023-09-21 00:00:00-04:00,78.19000244140625,78.2300033569336,75.55500030517578,75.61000061035156,5127800,0.0,0.0
2023-09-22 00:00:00-04:00,76.08000183105469,77.37000274658203,75.62000274658203,76.18000030517578,1741000,0.0,0.0
2023-09-25 00:00:00-04:00,75.41999816894531,76.30000305175781,75.06999969482422,75.47000122070312,1880600,0.0,0.0
2023-09-26 00:00:00-04:00,75.06999969482422,76.09500122070312,74.12899780273438,74.58000183105469,1908900,0.0,0.0
2023-09-27 00:00:00-04:00,74.94000244140625,78.31999969482422,74.7300033569336,78.1500015258789,3760600,0.0,0.0
2023-09-28 00:00:00-04:00,77.11000061035156,79.73999786376953,76.5999984741211,77.80000305175781,3055700,0.0,0.0
2023-09-29 00:00:00-04:00,78.6500015258789,80.91500091552734,78.6500015258789,79.47000122070312,2746900,0.0,0.0
2023-10-02 00:00:00-04:00,78.58000183105469,79.58999633789062,78.19999694824219,79.44000244140625,2651500,0.0,0.0
2023-10-03 00:00:00-04:00,79.16000366210938,79.86000061035156,76.5999984741211,77.25,2401800,0.0,0.0
2023-10-04 00:00:00-04:00,77.7300033569336,78.9800033569336,77.26000213623047,77.93000030517578,2856900,0.0,0.0
2023-10-05 00:00:00-04:00,77.18000030517578,77.41999816894531,72.6719970703125,73.80999755859375,5251800,0.0,0.0
2023-10-06 00:00:00-04:00,73.0,74.75,71.91000366210938,74.51000213623047,4727700,0.0,0.0
2023-10-09 00:00:00-04:00,73.63999938964844,76.9000015258789,72.69999694824219,76.08000183105469,4041700,0.0,0.0
2023-10-10 00:00:00-04:00,76.33000183105469,81.61499786376953,76.08999633789062,81.43000030517578,5025800,0.0,0.0
2023-10-11 00:00:00-04:00,81.80000305175781,83.83999633789062,80.51000213623047,80.80000305175781,3329700,0.0,0.0
2023-10-12 00:00:00-04:00,80.9000015258789,82.30000305175781,79.68000030517578,80.0999984741211,2740000,0.0,0.0
2023-10-13 00:00:00-04:00,80.44000244140625,80.70800018310547,74.88999938964844,75.37000274658203,4099100,0.0,0.0
2023-10-16 00:00:00-04:00,75.04000091552734,76.70500183105469,73.73999786376953,76.41999816894531,3298200,0.0,0.0
2023-10-17 00:00:00-04:00,75.48999786376953,76.6500015258789,74.58000183105469,75.87999725341797,2722400,0.0,0.0
2023-10-18 00:00:00-04:00,74.98999786376953,76.9000015258789,74.08000183105469,74.5,2578400,0.0,0.0
2023-10-19 00:00:00-04:00,75.0,75.26000213623047,72.86000061035156,73.37000274658203,2037900,0.0,0.0
2023-10-20 00:00:00-04:00,73.30999755859375,74.30000305175781,72.01000213623047,73.06999969482422,3366900,0.0,0.0
2023-10-23 00:00:00-04:00,72.01000213623047,75.76000213623047,72.01000213623047,74.80999755859375,2541300,0.0,0.0
2023-10-24 00:00:00-04:00,75.41999816894531,77.48999786376953,75.3499984741211,76.36000061035156,2749300,0.0,0.0
2023-10-25 00:00:00-04:00,75.2300033569336,75.59500122070312,71.80999755859375,72.27999877929688,2894300,0.0,0.0
2023-10-26 00:00:00-04:00,72.4800033569336,72.81999969482422,69.9000015258789,71.02999877929688,2245100,0.0,0.0
2023-10-27 00:00:00-04:00,72.0,73.13500213623047,70.5,70.6500015258789,2702800,0.0,0.0
2023-10-30 00:00:00-04:00,71.61000061035156,73.76499938964844,71.37999725341797,73.20999908447266,3700300,0.0,0.0
2023-10-31 00:00:00-04:00,73.80000305175781,75.54499816894531,72.6500015258789,74.94999694824219,3573200,0.0,0.0
2023-11-01 00:00:00-04:00,75.41999816894531,76.4000015258789,74.22000122070312,75.9000015258789,5842800,0.0,0.0
2023-11-02 00:00:00-04:00,85.08999633789062,90.33999633789062,84.38999938964844,87.79000091552734,12346100,0.0,0.0
2023-11-03 00:00:00-04:00,88.05000305175781,93.19000244140625,87.95999908447266,92.48999786376953,8015400,0.0,0.0
2023-11-06 00:00:00-05:00,92.48999786376953,92.48999786376953,86.95099639892578,89.04000091552734,4535000,0.0,0.0
2023-11-07 00:00:00-05:00,89.5,90.23500061035156,87.70999908447266,88.91000366210938,3424800,0.0,0.0
2023-11-08 00:00:00-05:00,88.18000030517578,88.91999816894531,86.30000305175781,87.30999755859375,5506300,0.0,0.0
2023-11-09 00:00:00-05:00,87.9000015258789,88.08000183105469,83.58000183105469,84.52999877929688,4333100,0.0,0.0
2023-11-10 00:00:00-05:00,85.31999969482422,88.25,85.05999755859375,87.47000122070312,3502900,0.0,0.0
2023-11-13 00:00:00-05:00,86.69999694824219,90.41999816894531,86.33000183105469,89.7699966430664,3339200,0.0,0.0
2023-11-14 00:00:00-05:00,91.54000091552734,94.1729965209961,90.87000274658203,93.69000244140625,5048600,0.0,0.0
2023-11-15 00:00:00-05:00,94.55000305175781,95.88999938964844,93.55999755859375,95.16000366210938,4340000,0.0,0.0
2023-11-16 00:00:00-05:00,94.98999786376953,95.30000305175781,93.83499908447266,95.08999633789062,4541800,0.0,0.0
2023-11-17 00:00:00-05:00,95.54000091552734,95.697998046875,94.26000213623047,95.2300033569336,3432900,0.0,0.0
2023-11-20 00:00:00-05:00,94.5,96.01000213623047,93.6500015258789,95.75,7263900,0.0,0.0
2023-11-21 00:00:00-05:00,94.25,95.58000183105469,93.61000061035156,94.5999984741211,5573100,0.0,0.0
2023-11-22 00:00:00-05:00,95.0,95.61000061035156,93.80000305175781,95.3499984741211,4330200,0.0,0.0
2023-11-24 00:00:00-05:00,93.83999633789062,94.87999725341797,93.06999969482422,93.80999755859375,2749900,0.0,0.0
2023-11-27 00:00:00-05:00,93.30000305175781,95.06999969482422,92.55999755859375,93.94999694824219,4450100,0.0,0.0
2023-11-28 00:00:00-05:00,93.97000122070312,95.65899658203125,93.25499725341797,94.44000244140625,5530400,0.0,0.0
2023-11-29 00:00:00-05:00,95.0,96.98999786376953,93.75,94.95999908447266,6193300,0.0,0.0
2023-11-30 00:00:00-05:00,94.80999755859375,95.53500366210938,92.58000183105469,93.9800033569336,3916000,0.0,0.0
2023-12-01 00:00:00-05:00,93.05000305175781,96.70999908447266,93.05000305175781,96.58000183105469,2948400,0.0,0.0
2023-12-04 00:00:00-05:00,96.12000274658203,99.25,95.56900024414062,98.36000061035156,4702500,0.0,0.0
2023-12-05 00:00:00-05:00,97.9800033569336,97.9800033569336,95.07499694824219,96.23500061035156,4771000,0.0,0.0
2023-12-06 00:00:00-05:00,98.0,99.33000183105469,96.54000091552734,96.8499984741211,3699600,0.0,0.0
2023-12-07 00:00:00-05:00,96.66000366210938,99.55500030517578,95.9800033569336,98.97000122070312,3622600,0.0,0.0
2023-12-08 00:00:00-05:00,99.0,100.7300033569336,97.45999908447266,100.0,4301100,0.0,0.0
2023-12-11 00:00:00-05:00,102.30999755859375,103.9800033569336,100.9800033569336,101.5,8721800,0.0,0.0
2023-12-12 00:00:00-05:00,100.80999755859375,101.6500015258789,100.44999694824219,101.0,4789500,0.0,0.0
2023-12-13 00:00:00-05:00,101.19000244140625,101.4800033569336,99.12999725341797,100.43000030517578,4899900,0.0,0.0
2023-12-14 00:00:00-05:00,101.51000213623047,102.24299621582031,99.66500091552734,101.76000213623047,5577800,0.0,0.0
2023-12-15 00:00:00-05:00,102.73999786376953,103.30999755859375,100.22000122070312,101.56999969482422,30556000,0.0,0.0
2023-12-18 00:00:00-05:00,102.58000183105469,103.66000366210938,100.73999786376953,102.70999908447266,3861800,0.0,0.0
2023-12-19 00:00:00-05:00,103.25,103.79000091552734,101.31999969482422,101.45999908447266,4890800,0.0,0.0
2023-12-20 00:00:00-05:00,101.0199966430664,102.2300033569336,98.6500015258789,98.72000122070312,3031500,0.0,0.0
2023-12-21 00:00:00-05:00,99.98999786376953,100.87799835205078,98.5,100.55999755859375,4070100,0.0,0.0
2023-12-22 00:00:00-05:00,100.3499984741211,101.51000213623047,99.30999755859375,100.52999877929688,3521700,0.0,0.0
2023-12-26 00:00:00-05:00,100.9800033569336,100.9800033569336,99.12999725341797,99.86000061035156,2129400,0.0,0.0
2023-12-27 00:00:00-05:00,100.23999786376953,100.90499877929688,99.62000274658203,100.69000244140625,1939900,0.0,0.0
2023-12-28 00:00:00-05:00,100.80000305175781,100.80999755859375,99.23999786376953,100.20999908447266,2372300,0.0,0.0
2023-12-29 00:00:00-05:00,99.66000366210938,100.56999969482422,98.4000015258789,98.88999938964844,2525400,0.0,0.0
2024-01-02 00:00:00-05:00,97.80000305175781,98.54000091552734,95.37000274658203,96.45999908447266,3527200,0.0,0.0
2024-01-03 00:00:00-05:00,95.30999755859375,95.83000183105469,93.37999725341797,93.7699966430664,4382100,0.0,0.0
2024-01-04 00:00:00-05:00,93.58000183105469,94.9800033569336,93.33000183105469,93.9000015258789,2234000,0.0,0.0
2024-01-05 00:00:00-05:00,93.54000091552734,95.76000213623047,93.52999877929688,94.80999755859375,2441200,0.0,0.0
2024-01-08 00:00:00-05:00,99.0,99.2699966430664,96.73999786376953,98.5199966430664,4741600,0.0,0.0
2024-01-09 00:00:00-05:00,97.5,103.3290023803711,97.0199966430664,103.05000305175781,5377000,0.0,0.0
2024-01-10 00:00:00-05:00,103.7699966430664,106.19000244140625,103.66999816894531,105.58999633789062,5387600,0.0,0.0
2024-01-11 00:00:00-05:00,105.87000274658203,105.98999786376953,102.4000015258789,103.9800033569336,2599200,0.0,0.0
2024-01-12 00:00:00-05:00,104.05999755859375,105.95999908447266,103.77999877929688,104.12999725341797,2579800,0.0,0.0
2024-01-16 00:00:00-05:00,102.98999786376953,104.4000015258789,102.81999969482422,104.0199966430664,2423400,0.0,0.0
2024-01-17 00:00:00-05:00,103.0199966430664,103.9000015258789,100.27999877929688,102.88999938964844,3469500,0.0,0.0
2024-01-18 00:00:00-05:00,104.02999877929688,105.3550033569336,103.05000305175781,104.95999908447266,2979400,0.0,0.0
2024-01-19 00:00:00-05:00,105.31999969482422,106.55999755859375,103.5999984741211,106.33000183105469,2658000,0.0,0.0
2024-01-22 00:00:00-05:00,106.6500015258789,107.87999725341797,104.5199966430664,104.66000366210938,2276600,0.0,0.0
2024-01-23 00:00:00-05:00,105.93000030517578,106.04000091552734,103.56999969482422,105.69000244140625,2078800,0.0,0.0
2024-01-24 00:00:00-05:00,106.93000030517578,107.62999725341797,105.83999633789062,107.12000274658203,4209000,0.0,0.0
2024-01-25 00:00:00-05:00,109.06400299072266,109.06400299072266,106.54499816894531,107.5199966430664,2287700,0.0,0.0
2024-01-26 00:00:00-05:00,107.37000274658203,108.73999786376953,106.87999725341797,108.23999786376953,2310100,0.0,0.0
2024-01-29 00:00:00-05:00,108.22000122070312,110.48999786376953,107.44000244140625,110.44999694824219,3181000,0.0,0.0
2024-01-30 00:00:00-05:00,109.7300033569336,110.37999725341797,105.38999938964844,105.47000122070312,4319900,0.0,0.0
2024-01-31 00:00:00-05:00,104.79000091552734,106.72000122070312,103.91000366210938,104.19999694824219,2638000,0.0,0.0
2024-02-01 00:00:00-05:00,104.88999938964844,107.80999755859375,104.76000213623047,107.30000305175781,2171800,0.0,0.0
2024-02-02 00:00:00-05:00,107.08000183105469,109.98999786376953,105.1989974975586,109.5,2561300,0.0,0.0
2024-02-05 00:00:00-05:00,108.37999725341797,109.0250015258789,107.12000274658203,108.12000274658203,2383000,0.0,0.0
2024-02-06 00:00:00-05:00,109.70999908447266,113.37000274658203,108.2300033569336,112.33999633789062,4109800,0.0,0.0
2024-02-07 00:00:00-05:00,112.33999633789062,117.05999755859375,112.0199966430664,114.33000183105469,5495400,0.0,0.0
2024-02-08 00:00:00-05:00,116.31999969482422,119.30000305175781,115.31700134277344,118.30000305175781,3580000,0.0,0.0
2024-02-09 00:00:00-05:00,119.18000030517578,119.79000091552734,118.0,119.30999755859375,3037400,0.0,0.0
2024-02-12 00:00:00-05:00,118.47000122070312,120.56999969482422,118.02999877929688,118.44000244140625,3625200,0.0,0.0
2024-02-13 00:00:00-05:00,114.7300033569336,117.66000366210938,113.29000091552734,116.38999938964844,3498500,0.0,0.0
2024-02-14 00:00:00-05:00,119.2699966430664,120.33499908447266,117.76000213623047,120.01000213623047,4945400,0.0,0.0
2024-02-15 00:00:00-05:00,118.58999633789062,126.6500015258789,118.5,126.2699966430664,9254500,0.0,0.0
2024-02-16 00:00:00-05:00,111.87999725341797,116.86000061035156,109.0,116.01000213623047,19460100,0.0,0.0
2024-02-20 00:00:00-05:00,115.01000213623047,115.63999938964844,110.50499725341797,115.4800033569336,7963400,0.0,0.0
2024-02-21 00:00:00-05:00,115.22000122070312,117.19999694824219,112.88999938964844,114.69000244140625,3487600,0.0,0.0
2024-02-22 00:00:00-05:00,122.38999938964844,124.04000091552734,120.0199966430664,121.41000366210938,7053000,0.0,0.0
2024-02-23 00:00:00-05:00,121.19999694824219,123.87000274658203,120.04000091552734,121.76000213623047,3034400,0.0,0.0
2024-02-26 00:00:00-05:00,121.25,121.26000213623047,118.61000061035156,119.88999938964844,3114600,0.0,0.0
2024-02-27 00:00:00-05:00,120.95999908447266,124.19000244140625,120.26000213623047,123.69999694824219,2926100,0.0,0.0
2024-02-28 00:00:00-05:00,122.54000091552734,124.30500030517578,121.63999938964844,122.44000244140625,2132500,0.0,0.0
2024-02-29 00:00:00-05:00,123.3499984741211,124.83000183105469,122.70999908447266,124.56999969482422,3371600,0.0,0.0
2024-03-01 00:00:00-05:00,124.5,129.60000610351562,124.5,127.43000030517578,4456400,0.0,0.0
2024-03-04 00:00:00-05:00,132.00999450683594,134.42999267578125,131.27499389648438,132.39999389648438,5649500,0.0,0.0
2024-03-05 00:00:00-05:00,131.2100067138672,132.5749969482422,129.2100067138672,130.89999389648438,3723600,0.0,0.0
2024-03-06 00:00:00-05:00,133.08999633789062,133.3800048828125,129.92999267578125,132.1300048828125,3942800,0.0,0.0
2024-03-07 00:00:00-05:00,133.52999877929688,134.13999938964844,131.9219970703125,133.1999969482422,2898800,0.0,0.0
2024-03-08 00:00:00-05:00,133.35000610351562,134.74000549316406,129.30999755859375,131.8000030517578,4138600,0.0,0.0
2024-03-11 00:00:00-04:00,131.25,131.4199981689453,127.8499984741211,128.77000427246094,3529200,0.0,0.0
2024-03-12 00:00:00-04:00,128.77000427246094,131.4149932861328,128.25,130.4499969482422,3959400,0.0,0.0
2024-03-13 00:00:00-04:00,130.08999633789062,133.26499938964844,129.9499969482422,132.4199981689453,3159500,0.0,0.0
2024-03-14 00:00:00-04:00,132.3000030517578,133.9600067138672,130.29200744628906,132.5500030517578,3145800,0.0,0.0
2024-03-15 00:00:00-04:00,133.64999389648438,134.8000030517578,130.3699951171875,130.5500030517578,4411100,0.0,0.0
2024-03-18 00:00:00-04:00,132.89999389648438,132.89999389648438,128.30999755859375,129.5800018310547,3823800,0.0,0.0
2024-03-19 00:00:00-04:00,128.57000732421875,130.87600708007812,127.23500061035156,130.8300018310547,3697800,0.0,0.0
2024-03-20 00:00:00-04:00,131.25,138.0,131.0500030517578,137.91000366210938,3141500,0.0,0.0
2024-03-21 00:00:00-04:00,139.89999389648438,140.0,136.67999267578125,136.75999450683594,2532900,0.0,0.0
2024-03-22 00:00:00-04:00,136.80999755859375,137.75,135.7100067138672,137.24000549316406,1387100,0.0,0.0
2024-03-25 00:00:00-04:00,137.0500030517578,138.89999389648438,136.74000549316406,137.82000732421875,2162800,0.0,0.0
2024-03-26 00:00:00-04:00,138.44000244140625,140.92999267578125,138.08999633789062,140.25999450683594,3506600,0.0,0.0
2024-03-27 00:00:00-04:00,142.5500030517578,143.33999633789062,138.0500030517578,138.8800048828125,2171900,0.0,0.0
2024-03-28 00:00:00-04:00,139.14999389648438,140.0,137.60000610351562,137.72000122070312,3054700,0.0,0.0
2024-04-01 00:00:00-04:00,137.91000366210938,139.60499572753906,137.11000061035156,138.25,2358400,0.0,0.0
2024-04-02 00:00:00-04:00,136.44000244140625,138.61000061035156,135.01499938964844,137.5,2572800,0.0,0.0
2024-04-03 00:00:00-04:00,136.97000122070312,140.1999969482422,136.3300018310547,138.77999877929688,2365100,0.0,0.0
2024-04-04 00:00:00-04:00,141.60000610351562,142.75999450683594,134.4499969482422,134.61000061035156,2669100,0.0,0.0
2024-04-05 00:00:00-04:00,135.69000244140625,139.75,134.69000244140625,139.55999755859375,2534400,0.0,0.0
2024-04-08 00:00:00-04:00,139.0,139.6199951171875,135.85000610351562,137.42999267578125,1843100,0.0,0.0
2024-04-09 00:00:00-04:00,136.99000549316406,138.0,133.64999389648438,136.77000427246094,2546200,0.0,0.0
2024-04-10 00:00:00-04:00,133.0,137.4499969482422,132.3000030517578,137.17999267578125,3178400,0.0,0.0
2024-04-11 00:00:00-04:00,138.89999389648438,141.19000244140625,138.36000061035156,140.9499969482422,2565400,0.0,0.0
2024-04-12 00:00:00-04:00,139.74000549316406,139.86000061035156,137.1999969482422,138.3800048828125,1997200,0.0,0.0
2024-04-15 00:00:00-04:00,139.02000427246094,140.3699951171875,131.91000366210938,132.89999389648438,2776500,0.0,0.0
2024-04-16 00:00:00-04:00,133.0500030517578,134.64999389648438,132.22000122070312,133.83999633789062,1887400,0.0,0.0
2024-04-17 00:00:00-04:00,136.07000732421875,136.07000732421875,129.77999877929688,130.89999389648438,2554100,0.0,0.0
2024-04-18 00:00:00-04:00,131.24000549316406,133.00999450683594,129.67999267578125,130.10000610351562,2705600,0.0,0.0
2024-04-19 00:00:00-04:00,130.08999633789062,130.48500061035156,125.05000305175781,127.18000030517578,4547400,0.0,0.0
2024-04-22 00:00:00-04:00,128.4600067138672,131.11000061035156,124.7699966430664,127.2699966430664,3954600,0.0,0.0
2024-04-23 00:00:00-04:00,128.97999572753906,131.10000610351562,127.27999877929688,129.36000061035156,2995800,0.0,0.0
2024-04-24 00:00:00-04:00,130.0,130.8000030517578,126.70999908447266,126.76000213623047,4310300,0.0,0.0
2024-04-25 00:00:00-04:00,124.75,128.19000244140625,124.3219985961914,128.11000061035156,5904300,0.0,0.0
2024-04-26 00:00:00-04:00,127.9000015258789,133.4250030517578,127.50900268554688,132.11000061035156,3851200,0.0,0.0
2024-04-29 00:00:00-04:00,131.69000244140625,133.73500061035156,130.52499389648438,132.1199951171875,3383800,0.0,0.0
2024-04-30 00:00:00-04:00,130.71400451660156,133.01199340820312,128.8800048828125,129.25999450683594,2845600,0.0,0.0
2024-05-01 00:00:00-04:00,128.14999389648438,132.52999877929688,126.94999694824219,127.45999908447266,7274500,0.0,0.0
2024-05-02 00:00:00-04:00,117.25,117.77999877929688,109.05999755859375,114.30999755859375,22134800,0.0,0.0
2024-05-03 00:00:00-04:00,116.4800033569336,116.74700164794922,112.88999938964844,113.80999755859375,6210800,0.0,0.0
2024-05-06 00:00:00-04:00,114.44000244140625,117.7300033569336,113.75,117.58999633789062,3938300,0.0,0.0
2024-05-07 00:00:00-04:00,114.4800033569336,116.47000122070312,112.87000274658203,115.55999755859375,5140300,0.0,0.0
2024-05-08 00:00:00-04:00,113.52999877929688,113.97000122070312,110.0999984741211,113.0199966430664,4524600,0.0,0.0
2024-05-09 00:00:00-04:00,113.0,116.36000061035156,112.71399688720703,116.16999816894531,4122300,0.0,0.0
2024-05-10 00:00:00-04:00,116.72000122070312,117.20999908447266,114.0999984741211,114.83999633789062,4407000,0.0,0.0
2024-05-13 00:00:00-04:00,115.37000274658203,116.86000061035156,114.0999984741211,116.51000213623047,4717100,0.0,0.0
2024-05-14 00:00:00-04:00,116.34500122070312,117.95999908447266,114.5,114.68000030517578,4910300,0.0,0.0
2024-05-15 00:00:00-04:00,116.22000122070312,116.44999694824219,113.16000366210938,116.27999877929688,3368400,0.0,0.0
2024-05-16 00:00:00-04:00,115.19000244140625,116.7699966430664,114.75,116.16000366210938,2745800,0.0,0.0
2024-05-17 00:00:00-04:00,116.27999877929688,117.87999725341797,115.83000183105469,117.43000030517578,3717100,0.0,0.0
2024-05-20 00:00:00-04:00,117.80999755859375,117.80999755859375,112.19000244140625,113.95999908447266,7760700,0.0,0.0
2024-05-21 00:00:00-04:00,114.70999908447266,114.70999908447266,112.0199966430664,112.81999969482422,2705900,0.0,0.0
2024-05-22 00:00:00-04:00,113.0199966430664,114.30000305175781,110.62999725341797,111.62999725341797,2819600,0.0,0.0
2024-05-23 00:00:00-04:00,112.19000244140625,112.5,109.43000030517578,110.38999938964844,3590600,0.0,0.0
2024-05-24 00:00:00-04:00,111.1500015258789,113.36000061035156,110.80999755859375,112.83000183105469,2849700,0.0,0.0
2024-05-28 00:00:00-04:00,113.3499984741211,113.69999694824219,110.7249984741211,112.44000244140625,3390100,0.0,0.0
2024-05-29 00:00:00-04:00,111.87000274658203,113.41000366210938,111.11499786376953,111.73999786376953,4716700,0.0,0.0
2024-05-30 00:00:00-04:00,110.47000122070312,112.1500015258789,109.36000061035156,110.54000091552734,4001300,0.0,0.0
2024-05-31 00:00:00-04:00,111.0,111.36000061035156,106.22000122070312,110.11000061035156,6380300,0.0,0.0
2024-06-03 00:00:00-04:00,110.25,110.81999969482422,108.16999816894531,110.81999969482422,2776900,0.0,0.0
2024-06-04 00:00:00-04:00,110.55000305175781,112.01799774169922,110.38500213623047,111.30000305175781,3334000,0.0,0.0
2024-06-05 00:00:00-04:00,112.0,113.80999755859375,110.4000015258789,110.58000183105469,3775200,0.0,0.0
2024-06-06 00:00:00-04:00,110.93000030517578,114.4229965209961,110.91000366210938,114.06999969482422,4206300,0.0,0.0
2024-06-07 00:00:00-04:00,113.66999816894531,114.98999786376953,111.80000305175781,113.2699966430664,2909000,0.0,0.0
2024-06-10 00:00:00-04:00,112.87000274658203,113.2699966430664,108.86000061035156,112.25,4789100,0.0,0.0
2024-06-11 00:00:00-04:00,112.30000305175781,113.31800079345703,111.33999633789062,113.0,2376700,0.0,0.0
2024-06-12 00:00:00-04:00,114.5,115.69000244140625,112.47000122070312,115.05000305175781,2752200,0.0,0.0
2024-06-13 00:00:00-04:00,115.44999694824219,115.54000091552734,113.01000213623047,113.7699966430664,2851000,0.0,0.0
2024-06-14 00:00:00-04:00,112.80000305175781,113.01000213623047,110.70999908447266,112.05000305175781,1805000,0.0,0.0
2024-06-17 00:00:00-04:00,111.3499984741211,112.97000122070312,110.1500015258789,112.69000244140625,2683800,0.0,0.0
2024-06-18 00:00:00-04:00,113.0,114.18000030517578,111.87000274658203,112.91000366210938,3191100,0.0,0.0
2024-06-20 00:00:00-04:00,113.33999633789062,114.44000244140625,109.6500015258789,110.20999908447266,3226300,0.0,0.0
2024-06-21 00:00:00-04:00,110.43000030517578,114.30500030517578,109.72000122070312,113.87999725341797,7914600,0.0,0.0
2024-06-24 00:00:00-04:00,113.12999725341797,114.02999877929688,110.05999755859375,110.69999694824219,4157000,0.0,0.0
2024-06-25 00:00:00-04:00,110.97000122070312,114.37999725341797,110.68000030517578,112.08000183105469,4280400,0.0,0.0
2024-06-26 00:00:00-04:00,111.16000366210938,113.02999877929688,110.16999816894531,111.08000183105469,2031100,0.0,0.0
2024-06-27 00:00:00-04:00,111.25,111.43000030517578,109.44000244140625,110.58000183105469,3655500,0.0,0.0
2024-06-28 00:00:00-04:00,110.36000061035156,110.81999969482422,108.29000091552734,108.77999877929688,12262000,0.0,0.0
2024-07-01 00:00:00-04:00,107.5999984741211,108.63999938964844,105.94000244140625,108.51000213623047,3760000,0.0,0.0
2024-07-02 00:00:00-04:00,108.29000091552734,108.29000091552734,105.9000015258789,107.44999694824219,3990500,0.0,0.0
2024-07-03 00:00:00-04:00,107.30000305175781,109.5199966430664,107.23500061035156,107.62000274658203,1628100,0.0,0.0
2024-07-05 00:00:00-04:00,107.37000274658203,111.30999755859375,106.26000213623047,110.95999908447266,2665500,0.0,0.0
2024-07-08 00:00:00-04:00,110.95999908447266,110.95999908447266,108.62000274658203,109.04000091552734,2636400,0.0,0.0
2024-07-09 00:00:00-04:00,109.79000091552734,112.16999816894531,107.94999694824219,108.94999694824219,3633600,0.0,0.0
2024-07-10 00:00:00-04:00,109.63999938964844,109.63999938964844,102.1500015258789,106.0,6414000,0.0,0.0
2024-07-11 00:00:00-04:00,106.11000061035156,106.8499984741211,104.25,105.41999816894531,2798500,0.0,0.0
2024-07-12 00:00:00-04:00,106.12000274658203,106.70999908447266,104.7699966430664,105.0,3315900,0.0,0.0
2024-07-15 00:00:00-04:00,105.12000274658203,105.6500015258789,103.58999633789062,105.6500015258789,3662100,0.0,0.0
2024-07-16 00:00:00-04:00,107.4800033569336,109.62000274658203,106.9800033569336,108.73999786376953,4555700,0.0,0.0
2024-07-17 00:00:00-04:00,107.33999633789062,107.86000061035156,102.79000091552734,103.16000366210938,4118700,0.0,0.0
2024-07-18 00:00:00-04:00,103.05999755859375,104.33000183105469,99.88999938964844,100.27999877929688,6227000,0.0,0.0
2024-07-19 00:00:00-04:00,103.5,106.20999908447266,102.5199966430664,106.0999984741211,5783000,0.0,0.0
2024-07-22 00:00:00-04:00,106.58000183105469,107.70999908447266,104.3550033569336,104.5,3810300,0.0,0.0
2024-07-23 00:00:00-04:00,104.91000366210938,106.7699966430664,104.47000122070312,105.76000213623047,3193900,0.0,0.0
2024-07-24 00:00:00-04:00,104.5199966430664,105.12999725341797,101.91000366210938,102.45999908447266,3872600,0.0,0.0
2024-07-25 00:00:00-04:00,102.88999938964844,107.25,99.31999969482422,100.77999877929688,7356000,0.0,0.0
2024-07-26 00:00:00-04:00,104.08999633789062,106.6500015258789,102.80999755859375,104.73999786376953,4026200,0.0,0.0
2024-07-29 00:00:00-04:00,105.16999816894531,106.66999816894531,104.62000274658203,105.98999786376953,3032700,0.0,0.0
2024-07-30 00:00:00-04:00,106.58999633789062,108.47599792480469,105.33999633789062,107.20999908447266,4037200,0.0,0.0
2024-07-31 00:00:00-04:00,109.83000183105469,111.72000122070312,108.72000122070312,110.72000122070312,5076300,0.0,0.0
2024-08-01 00:00:00-04:00,108.62000274658203,112.7699966430664,105.90599822998047,108.19999694824219,7965400,0.0,0.0
2024-08-02 00:00:00-04:00,116.66000366210938,119.58999633789062,113.61000061035156,117.2300033569336,12666600,0.0,0.0
2024-08-05 00:00:00-04:00,106.30500030517578,121.37999725341797,106.20999908447266,121.30000305175781,11560100,0.0,0.0
2024-08-06 00:00:00-04:00,122.48999786376953,124.77999877929688,120.91000366210938,122.63999938964844,6530100,0.0,0.0
2024-08-07 00:00:00-04:00,123.80999755859375,126.37000274658203,121.41000366210938,121.48999786376953,7086600,0.0,0.0
2024-08-08 00:00:00-04:00,122.11000061035156,125.9000015258789,121.18000030517578,124.76000213623047,5212400,0.0,0.0
2024-08-09 00:00:00-04:00,124.70999908447266,125.58000183105469,123.4000015258789,123.80999755859375,3907800,0.0,0.0
2024-08-12 00:00:00-04:00,123.52999877929688,124.56999969482422,121.44000244140625,124.04000091552734,2822700,0.0,0.0
2024-08-13 00:00:00-04:00,124.19000244140625,128.69000244140625,123.87999725341797,127.94000244140625,3697800,0.0,0.0
2024-08-14 00:00:00-04:00,128.19000244140625,128.75,124.9000015258789,126.93000030517578,3127400,0.0,0.0
2024-08-15 00:00:00-04:00,127.54000091552734,130.5500030517578,126.5,130.2899932861328,3438400,0.0,0.0
2024-08-16 00:00:00-04:00,129.64999389648438,130.5800018310547,127.16999816894531,129.02999877929688,4485200,0.0,0.0
2024-08-19 00:00:00-04:00,129.60000610351562,130.00999450683594,127.41000366210938,129.55999755859375,2247500,0.0,0.0
2024-08-20 00:00:00-04:00,128.41000366210938,129.30999755859375,125.29000091552734,127.54000091552734,5557600,0.0,0.0
2024-08-21 00:00:00-04:00,127.83000183105469,129.7100067138672,126.63999938964844,129.4499969482422,2154100,0.0,0.0
2024-08-22 00:00:00-04:00,129.77000427246094,131.2100067138672,128.63499450683594,128.8000030517578,1995000,0.0,0.0
2024-08-23 00:00:00-04:00,129.38999938964844,130.45899963378906,128.1699981689453,128.80999755859375,1876900,0.0,0.0
2024-08-26 00:00:00-04:00,128.72000122070312,131.17999267578125,127.86000061035156,128.6199951171875,2360500,0.0,0.0
2024-08-27 00:00:00-04:00,127.30999755859375,129.50999450683594,127.12999725341797,128.47999572753906,2710100,0.0,0.0
2024-08-28 00:00:00-04:00,128.24000549316406,128.36000061035156,126.04000091552734,127.16000366210938,1898900,0.0,0.0
2024-08-29 00:00:00-04:00,127.87999725341797,128.4600067138672,125.91000366210938,126.52999877929688,1765400,0.0,0.0
2024-08-30 00:00:00-04:00,127.73999786376953,129.75,126.73999786376953,128.7100067138672,3633000,0.0,0.0
2024-09-03 00:00:00-04:00,128.0399932861328,129.50999450683594,124.27999877929688,125.05000305175781,2584600,0.0,0.0
2024-09-04 00:00:00-04:00,124.8499984741211,126.69999694824219,123.44000244140625,125.41999816894531,1817800,0.0,0.0
2024-09-05 00:00:00-04:00,125.04000091552734,128.14999389648438,124.68000030517578,126.3499984741211,2746000,0.0,0.0
2024-09-06 00:00:00-04:00,126.06999969482422,126.41000366210938,122.31999969482422,123.55999755859375,2343400,0.0,0.0
2024-09-09 00:00:00-04:00,124.62000274658203,126.72000122070312,123.94000244140625,124.61000061035156,2009100,0.0,0.0
2024-09-10 00:00:00-04:00,124.20999908447266,126.87999725341797,122.7300033569336,125.80999755859375,2298800,0.0,0.0
2024-09-11 00:00:00-04:00,125.91000366210938,130.33999633789062,124.47000122070312,130.02000427246094,3045000,0.0,0.0
2024-09-12 00:00:00-04:00,130.61000061035156,130.99000549316406,129.3699951171875,130.19000244140625,2474500,0.0,0.0
2024-09-13 00:00:00-04:00,131.08999633789062,133.19000244140625,130.6699981689453,131.35000610351562,3265300,0.0,0.0
2024-09-16 00:00:00-04:00,131.22000122070312,133.14999389648438,130.3000030517578,130.8699951171875,3254500,0.0,0.0
2024-09-17 00:00:00-04:00,131.35000610351562,131.3699951171875,126.9000015258789,129.8800048828125,2825500,0.0,0.0
2024-09-18 00:00:00-04:00,131.22000122070312,134.0500030517578,130.32000732421875,132.47999572753906,4913200,0.0,0.0
2024-09-19 00:00:00-04:00,137.55999755859375,138.64999389648438,136.0500030517578,137.2899932861328,4630200,0.0,0.0
2024-09-20 00:00:00-04:00,137.36000061035156,139.88999938964844,136.531005859375,139.72000122070312,5570400,0.0,0.0
2024-09-23 00:00:00-04:00,140.0,140.67999267578125,138.7100067138672,139.50999450683594,3113300,0.0,0.0
2024-09-24 00:00:00-04:00,140.72999572753906,141.92999267578125,138.58999633789062,141.67999267578125,2599500,0.0,0.0
2024-09-25 00:00:00-04:00,144.30999755859375,146.36000061035156,143.3000030517578,143.92999267578125,3324700,0.0,0.0
2024-09-26 00:00:00-04:00,145.17999267578125,145.3249969482422,142.6199951171875,143.02000427246094,3750100,0.0,0.0
2024-09-27 00:00:00-04:00,143.3699951171875,144.8000030517578,142.1199951171875,142.22999572753906,2403600,0.0,0.0
2024-09-30 00:00:00-04:00,142.6699981689453,143.0500030517578,141.16000366210938,142.72999572753906,2390200,0.0,0.0
2024-10-01 00:00:00-04:00,143.36000061035156,144.5,140.52999877929688,141.92999267578125,3096100,0.0,0.0
2024-10-02 00:00:00-04:00,141.89999389648438,144.35499572753906,141.5749969482422,143.5800018310547,2526700,0.0,0.0
2024-10-03 00:00:00-04:00,142.1699981689453,143.3300018310547,140.6199951171875,142.1199951171875,2185800,0.0,0.0
2024-10-04 00:00:00-04:00,144.16000366210938,145.41000366210938,143.5800018310547,144.86000061035156,2658400,0.0,0.0
2024-10-07 00:00:00-04:00,144.4600067138672,144.8249969482422,141.83999633789062,142.0800018310547,2515800,0.0,0.0
2024-10-08 00:00:00-04:00,142.1999969482422,144.2899932861328,141.25999450683594,143.3000030517578,2669000,0.0,0.0
2024-10-09 00:00:00-04:00,143.0,143.9600067138672,142.4499969482422,142.64999389648438,1993300,0.0,0.0
2024-10-10 00:00:00-04:00,142.63999938964844,146.3800048828125,141.75999450683594,144.49000549316406,5665600,0.0,0.0
2024-10-11 00:00:00-04:00,145.5,150.0,145.0,149.44000244140625,5062700,0.0,0.0
2024-10-14 00:00:00-04:00,149.7899932861328,150.2899932861328,148.10000610351562,150.02000427246094,3023600,0.0,0.0
2024-10-15 00:00:00-04:00,150.0,150.0,143.37399291992188,148.8699951171875,3611000,0.0,0.0
2024-10-16 00:00:00-04:00,148.50999450683594,150.05999755859375,147.30999755859375,149.86000061035156,1751200,0.0,0.0
2024-10-17 00:00:00-04:00,151.7100067138672,152.11000061035156,149.8000030517578,151.39999389648438,2572500,0.0,0.0
2024-10-18 00:00:00-04:00,151.6300048828125,152.52499389648438,150.33999633789062,151.97999572753906,1791200,0.0,0.0
2024-10-21 00:00:00-04:00,151.3800048828125,152.88999938964844,150.6999969482422,152.88999938964844,1793300,0.0,0.0
2024-10-22 00:00:00-04:00,152.16000366210938,154.16000366210938,151.72999572753906,152.5399932861328,2000800,0.0,0.0
2024-10-23 00:00:00-04:00,152.0,153.0399932861328,150.25999450683594,150.9199981689453,1976800,0.0,0.0
2024-10-24 00:00:00-04:00,151.69000244140625,153.86000061035156,151.25999450683594,153.19000244140625,1651700,0.0,0.0
2024-10-25 00:00:00-04:00,153.72000122070312,155.2899932861328,152.86000061035156,153.8800048828125,2114000,0.0,0.0
2024-10-28 00:00:00-04:00,154.9600067138672,155.30999755859375,153.2899932861328,153.3699951171875,2447600,0.0,0.0
2024-10-29 00:00:00-04:00,154.47999572753906,155.92999267578125,153.58999633789062,155.1999969482422,3934100,0.0,0.0
2024-10-30 00:00:00-04:00,154.19000244140625,156.5800018310547,153.10000610351562,155.25,5614500,0.0,0.0
2024-10-31 00:00:00-04:00,164.30999755859375,165.07000732421875,154.1999969482422,156.6999969482422,8032900,0.0,0.0
2024-11-01 00:00:00-04:00,155.91000366210938,158.16000366210938,152.25999450683594,155.66000366210938,4092800,0.0,0.0
2024-11-04 00:00:00-05:00,155.0,157.35000610351562,152.57000732421875,157.24000549316406,2328100,0.0,0.0
2024-11-05 00:00:00-05:00,157.74000549316406,160.2530059814453,156.69500732421875,159.4600067138672,3848300,0.0,0.0
2024-11-06 00:00:00-05:00,162.3000030517578,169.73500061035156,161.65499877929688,169.63999938964844,5282000,0.0,0.0
2024-11-07 00:00:00-05:00,169.1300048828125,171.1999969482422,167.63999938964844,170.58999633789062,3199700,0.0,0.0
2024-11-08 00:00:00-05:00,170.39999389648438,172.17999267578125,169.57000732421875,171.39999389648438,2320800,0.0,0.0
2024-11-11 00:00:00-05:00,171.39999389648438,175.22999572753906,170.50999450683594,174.9499969482422,3962300,0.0,0.0
2024-11-12 00:00:00-05:00,174.89999389648438,177.3000030517578,173.5800018310547,176.49000549316406,2734400,0.0,0.0
2024-11-13 00:00:00-05:00,176.5050048828125,178.16000366210938,174.82000732421875,175.75999450683594,2186600,0.0,0.0
2024-11-14 00:00:00-05:00,174.67999267578125,176.77999877929688,173.25,173.8000030517578,2137100,0.0,0.0
2024-11-15 00:00:00-05:00,173.50999450683594,173.50999450683594,169.10000610351562,169.42999267578125,3601600,0.0,0.0
2024-11-18 00:00:00-05:00,169.77999877929688,174.55999755859375,168.75,172.72999572753906,2891800,0.0,0.0
2024-11-19 00:00:00-05:00,171.82000732421875,176.64999389648438,171.1999969482422,176.17999267578125,2931900,0.0,0.0
2024-11-20 00:00:00-05:00,175.77000427246094,176.0,167.8800048828125,172.1999969482422,4731900,0.0,0.0
2024-11-21 00:00:00-05:00,172.5,173.96499633789062,170.08999633789062,173.1699981689453,2278000,0.0,0.0
2024-11-22 00:00:00-05:00,173.11000061035156,177.55999755859375,173.0,177.24000549316406,3507000,0.0,0.0
2024-11-25 00:00:00-05:00,178.82000732421875,179.1300048828125,173.91000366210938,179.10000610351562,4896000,0.0,0.0
2024-11-26 00:00:00-05:00,180.0,181.3000030517578,178.10000610351562,179.00999450683594,2740900,0.0,0.0
2024-11-27 00:00:00-05:00,179.99000549316406,180.17999267578125,177.6999969482422,178.44000244140625,2031100,0.0,0.0
2024-11-29 00:00:00-05:00,179.4199981689453,180.6999969482422,177.17999267578125,180.47999572753906,1619300,0.0,0.0
2024-12-02 00:00:00-05:00,179.99000549316406,180.30999755859375,175.83999633789062,176.3699951171875,2786800,0.0,0.0
2024-12-03 00:00:00-05:00,177.0,177.56500244140625,175.17999267578125,176.08999633789062,1886800,0.0,0.0
2024-12-04 00:00:00-05:00,177.0,178.4499969482422,175.47999572753906,176.8800048828125,2490000,0.0,0.0
2024-12-05 00:00:00-05:00,176.27999877929688,179.0,175.6999969482422,175.88999938964844,1985200,0.0,0.0
2024-12-06 00:00:00-05:00,177.22999572753906,179.22000122070312,176.1300048828125,178.47999572753906,1951000,0.0,0.0
2024-12-09 00:00:00-05:00,176.9600067138672,177.7899932861328,174.14500427246094,175.63999938964844,2348900,0.0,0.0
2024-12-10 00:00:00-05:00,175.49000549316406,179.55999755859375,171.27000427246094,173.89999389648438,3516000,0.0,0.0
2024-12-11 00:00:00-05:00,176.57000732421875,177.50999450683594,173.41000366210938,176.41000366210938,3063400,0.0,0.0
2024-12-12 00:00:00-05:00,175.5,178.5,175.5,176.02000427246094,2380200,0.0,0.0
2024-12-13 00:00:00-05:00,175.3000030517578,175.86000061035156,173.69000244140625,175.08999633789062,2305400,0.0,0.0
2024-12-16 00:00:00-05:00,176.89999389648438,179.75,175.0399932861328,179.5,2337900,0.0,0.0
2024-12-17 00:00:00-05:00,178.9499969482422,181.77999877929688,176.7899932861328,177.0,2814900,0.0,0.0
2024-12-18 00:00:00-05:00,177.1699981689453,177.43499755859375,164.1999969482422,165.38999938964844,4679600,0.0,0.0
2024-12-19 00:00:00-05:00,167.3000030517578,168.9949951171875,166.14999389648438,167.64999389648438,2706127,0.0,0.0
