Date,Open,High,Low,Close,Volume,Dividends,Stock Splits
2022-01-03 00:00:00-05:00,52.74711916839833,52.780792512614134,51.81869276916909,52.33341598510742,2312600,0.0,0.0
2022-01-04 00:00:00-05:00,49.96665032855186,51.14040949242443,49.803091467529136,51.058631896972656,5726400,0.0,0.0
2022-01-05 00:00:00-05:00,50.40921302797766,50.64492642126147,49.32685089111328,49.32685089111328,2874400,0.0,0.0
2022-01-06 00:00:00-05:00,48.451342771718096,50.00994329966233,48.23486813137191,49.48078918457031,6665800,0.0,0.0
2022-01-07 00:00:00-05:00,48.36956625539553,49.0430331422965,48.364754729026444,48.82175064086914,7812400,0.0,0.0
2022-01-10 00:00:00-05:00,48.16752744900932,49.02860725124083,47.93181401446941,48.96607208251953,2980200,0.0,0.0
2022-01-11 00:00:00-05:00,48.44171984378606,48.735160554478206,47.94143121485832,48.69186782836914,2404400,0.0,0.0
2022-01-12 00:00:00-05:00,48.16752229466752,48.634141257073196,48.13384895047945,48.46577453613281,2445200,0.0,0.0
2022-01-13 00:00:00-05:00,48.48020339640395,48.52830764747998,47.710524368830264,47.8933219909668,1931200,0.0,0.0
2022-01-14 00:00:00-05:00,46.68588861090985,47.19098874268701,45.87291320389641,46.334720611572266,4927600,0.0,0.0
2022-01-18 00:00:00-05:00,46.02203647858884,46.61372938592663,45.921016454432426,46.36839294433594,2290000,0.0,0.0
2022-01-19 00:00:00-05:00,46.998570547546734,47.431516161959884,46.64740619983106,46.80134201049805,2052800,0.0,0.0
2022-01-20 00:00:00-05:00,46.17117233290684,46.85426232954884,45.88735097535473,45.921024322509766,4022400,0.0,0.0
2022-01-21 00:00:00-05:00,46.16154637131325,46.608922909686456,45.76227408725686,45.87291717529297,2700400,0.0,0.0
2022-01-24 00:00:00-05:00,44.64143221290818,46.01723522128391,44.02087740114826,45.91140365600586,5764800,0.0,0.0
2022-01-25 00:00:00-05:00,45.31008396571238,46.11824781449548,45.213871799119815,45.776702880859375,5165000,0.0,0.0
2022-01-26 00:00:00-05:00,45.47364519809761,45.72379319442406,44.588515168313215,44.785743713378906,3709000,0.0,0.0
2022-01-27 00:00:00-05:00,45.92583456579478,46.51271603134072,45.699740525449755,45.91140365600586,2640600,0.0,0.0
2022-01-28 00:00:00-05:00,46.13268353454144,46.62335278993431,45.738222785658785,46.54638671875,1981400,0.0,0.0
2022-01-31 00:00:00-05:00,47.25353224102283,48.13866227568185,47.17656249707714,48.04245376586914,2890000,0.0,0.0
2022-02-01 00:00:00-05:00,48.75921965335464,49.442309651480535,48.42248618107274,49.35572052001953,4038200,0.0,0.0
2022-02-02 00:00:00-05:00,51.14522267103371,51.55411433162199,50.75557344590032,51.27510452270508,4395600,0.0,0.0
2022-02-03 00:00:00-05:00,50.06767345021966,50.65455490345199,49.98108432318342,50.33224868774414,3937800,0.0,0.0
2022-02-04 00:00:00-05:00,48.89390829878666,49.13924475914459,47.71052606370614,47.94623947143555,5665000,0.0,0.0
2022-02-07 00:00:00-05:00,48.47539901757137,49.43749886142219,48.34551715350415,48.95164108276367,2094800,0.0,0.0
2022-02-08 00:00:00-05:00,48.71591560250055,48.92757870619345,48.40804399901216,48.85061264038086,1945800,0.0,0.0
2022-02-09 00:00:00-05:00,50.17350607572101,51.020151257870694,50.14464058601809,50.95280456542969,2559600,0.0,0.0
2022-02-10 00:00:00-05:00,50.31781561824861,51.17408379878331,49.918543345714575,50.058048248291016,1889800,0.0,0.0
2022-02-11 00:00:00-05:00,48.94201884195945,49.02860797614902,47.2342937928316,47.580650329589844,3747400,0.0,0.0
2022-02-14 00:00:00-05:00,46.9408488335404,47.46038359209941,46.79653239945644,47.210235595703125,3157800,0.0,0.0
2022-02-15 00:00:00-05:00,48.427290715742586,49.15367706483048,48.427290715742586,48.75921630859375,1900000,0.0,0.0
2022-02-16 00:00:00-05:00,48.86024179677777,49.71651009465832,48.85543026978975,49.629920959472656,2010600,0.0,0.0
2022-02-17 00:00:00-05:00,49.730938268695425,49.793477105738816,49.230645922946046,49.28356170654297,1578200,0.0,0.0
2022-02-18 00:00:00-05:00,49.00935975308724,49.12000283875927,48.20600734579129,48.49463653564453,1177000,0.0,0.0
2022-02-22 00:00:00-05:00,48.01358962469934,48.65819840292247,47.24872204089404,47.7393913269043,1595200,0.0,0.0
2022-02-23 00:00:00-05:00,47.696096550720945,47.78749353265122,46.90717503757927,46.98895263671875,1413000,0.0,0.0
2022-02-24 00:00:00-05:00,45.97874829072814,47.65761133989479,45.57947601054591,47.599884033203125,2918600,0.0,0.0
2022-02-25 00:00:00-05:00,48.48982971422703,49.658781077680764,48.42248302416132,49.42787551879883,2675200,0.0,0.0
2022-02-28 00:00:00-05:00,49.21620677255295,49.65396387808416,48.903527320166575,49.524078369140625,2163000,0.0,0.0
2022-03-01 00:00:00-05:00,50.005128180479616,50.5294744017543,49.64915233519411,49.836761474609375,2104600,0.0,0.0
2022-03-02 00:00:00-05:00,49.394201787908194,50.50542583543095,49.06708772295042,50.35149002075195,2701400,0.0,0.0
2022-03-03 00:00:00-05:00,51.11635707151957,51.63108025397285,49.846385786399004,50.15906524658203,1861400,0.0,0.0
2022-03-04 00:00:00-05:00,48.95644136299019,50.106153874972314,48.95644136299019,50.08209991455078,2401400,0.0,0.0
2022-03-07 00:00:00-05:00,49.41825784427032,49.63472883123312,48.412861644759005,48.51388168334961,5455600,0.0,0.0
2022-03-08 00:00:00-05:00,49.081516039656336,50.83253721543646,48.33589096767452,49.216209411621094,7352800,0.0,0.0
2022-03-09 00:00:00-05:00,49.46154617958286,50.808487248037885,49.235452159438275,50.53909683227539,5377200,0.0,0.0
2022-03-10 00:00:00-05:00,49.769415557402226,50.50542121874939,49.601048848943556,50.250465393066406,4426000,0.0,0.0
2022-03-11 00:00:00-05:00,48.81212919013199,49.572188838996475,48.37918358823961,48.71110916137695,5354200,0.0,0.0
2022-03-14 00:00:00-04:00,49.10556782381769,49.78865770571488,48.91314715663171,48.94200897216797,1393000,0.0,0.0
2022-03-15 00:00:00-04:00,49.5288981877542,49.64434913827497,48.78808088751682,49.28356170654297,2286200,0.0,0.0
2022-03-16 00:00:00-04:00,50.75075936678035,51.39536440655906,50.06766945802763,51.10673522949219,2457800,0.0,0.0
2022-03-17 00:00:00-04:00,51.90528080642704,52.8866229646143,51.86679593666616,52.843326568603516,1684200,0.0,0.0
2022-03-18 00:00:00-04:00,52.30935955560364,53.62262725830078,52.227581962097574,53.62262725830078,2721400,0.0,0.0
2022-03-21 00:00:00-04:00,52.96359294405458,53.613009571206035,52.61723643087528,53.00688934326172,2305600,0.0,0.0
2022-03-22 00:00:00-04:00,52.848137219280254,53.08866214612201,52.357464313256365,52.727874755859375,1954200,0.0,0.0
2022-03-23 00:00:00-04:00,52.72787770151288,53.151200275160484,52.482541234795164,52.6124267578125,1622600,0.0,0.0
2022-03-24 00:00:00-04:00,51.94377004418375,52.453681765977144,51.70805294966612,52.42481994628906,1413000,0.0,0.0
2022-03-25 00:00:00-04:00,52.26746109801916,52.34030815199943,51.39811710220036,51.728370666503906,1527200,0.518,0.0
2022-03-28 00:00:00-04:00,51.80121885183556,52.43744112727311,51.757506916275894,52.408302307128906,1057800,0.0,0.0
2022-03-29 00:00:00-04:00,53.909016040698596,54.16156115215965,53.26307829255008,53.52048110961914,2005000,0.0,0.0
2022-03-30 00:00:00-04:00,54.24897464756593,55.23002356035583,54.19555100848612,54.65693664550781,2362400,0.0,0.0
2022-03-31 00:00:00-04:00,54.81720957537331,54.933768562489085,53.93329620361328,53.93329620361328,1668000,0.0,0.0
2022-04-01 00:00:00-04:00,54.18099003822294,54.958059925752686,54.09356986114303,54.83664321899414,1883000,0.0,0.0
2022-04-04 00:00:00-04:00,54.792929753194706,55.375728447282086,54.516099817701644,55.273738861083984,2961200,0.0,0.0
2022-04-05 00:00:00-04:00,55.58942059255242,56.15764985016422,55.560281770729326,55.759403228759766,2003800,0.0,0.0
2022-04-06 00:00:00-04:00,55.905105064633084,56.94443170942669,55.79340007144039,56.88615036010742,2827400,0.0,0.0
2022-04-07 00:00:00-04:00,57.638933379579626,59.32905539790811,57.638933379579626,59.1590690612793,4647800,0.0,0.0
2022-04-08 00:00:00-04:00,58.28001068216509,58.98908370082357,58.23630245271824,58.55198287963867,2578400,0.0,0.0
2022-04-11 00:00:00-04:00,58.61026945228553,59.23192236215852,58.255731058659784,58.741397857666016,5004400,0.0,0.0
2022-04-12 00:00:00-04:00,56.74045066287983,57.4300965995711,56.2353567682297,57.01728057861328,5920600,0.0,0.0
2022-04-13 00:00:00-04:00,57.39609965033284,57.84776989955327,56.87157864375232,57.73606491088867,2903200,0.0,0.0
2022-04-14 00:00:00-04:00,57.82834273789205,58.09546094621871,57.31839114212058,57.40581130981445,1771600,0.0,0.0
2022-04-18 00:00:00-04:00,56.929860085989645,57.590367197897955,56.28392238450905,56.51704406738281,1188200,0.0,0.0
2022-04-19 00:00:00-04:00,55.380584017067655,55.968240394122525,55.084326975818165,55.56513977050781,2391000,0.0,0.0
2022-04-20 00:00:00-04:00,55.939104655136234,56.57532700566574,55.77397600902812,56.11394500732422,1594000,0.0,0.0
2022-04-21 00:00:00-04:00,55.58941708225836,55.66226783755938,53.57875698587293,53.787593841552734,4305200,0.0,0.0
2022-04-22 00:00:00-04:00,54.9143449437146,54.9143449437146,53.58361894882483,53.76331329345703,2365800,0.0,0.0
2022-04-25 00:00:00-04:00,53.943012276119596,55.239741765633994,53.91387345331729,55.23003005981445,2668600,0.0,0.0
2022-04-26 00:00:00-04:00,54.21498447163554,54.51609922667767,53.26793567767483,53.31650161743164,2829000,0.0,0.0
2022-04-27 00:00:00-04:00,53.89444667151299,54.68608224042977,53.65161326573369,54.18098831176758,2137200,0.0,0.0
2022-04-28 00:00:00-04:00,52.442305572433526,53.85559411121742,52.41316304320049,53.515628814697266,3558200,0.0,0.0
2022-04-29 00:00:00-04:00,55.59913808729253,56.40048536021143,55.210603156818635,55.36601638793945,6458800,0.0,0.0
2022-05-02 00:00:00-04:00,55.23488725041646,55.526286591753774,54.40439375485683,55.288307189941406,3401200,0.0,0.0
2022-05-03 00:00:00-04:00,54.98719292376979,55.516567930584706,54.58408861075782,54.96776580810547,2393200,0.0,0.0
2022-05-04 00:00:00-04:00,54.56466485054388,55.4631476995462,53.879876581646805,55.32230758666992,3267600,0.0,0.0
2022-05-05 00:00:00-04:00,54.80263957610816,55.3125911949206,54.418966067312205,54.778358459472656,4392600,0.0,0.0
2022-05-06 00:00:00-04:00,53.777887514820065,54.65208554982791,53.501057581266025,54.07899856567383,5187400,0.0,0.0
2022-05-09 00:00:00-04:00,52.50543708554743,52.825975240914914,51.45154103807667,51.60209655761719,4423000,0.0,0.0
2022-05-10 00:00:00-04:00,52.18490008205871,53.01053592703456,51.592389654218884,52.18004608154297,2776400,0.0,0.0
2022-05-11 00:00:00-04:00,50.849315477210965,52.0294860190371,50.38793347213378,50.41707229614258,3516800,0.0,0.0
2022-05-12 00:00:00-04:00,50.75217585802176,51.19413438329275,50.062529955740594,50.679325103759766,4213000,0.0,0.0
2022-05-13 00:00:00-04:00,51.48068350855735,51.9177843926233,50.878457682368605,51.5001106262207,2968800,0.0,0.0
2022-05-16 00:00:00-04:00,50.13052800986518,50.64047592992445,49.61572238427859,50.14023971557617,3786400,0.0,0.0
2022-05-17 00:00:00-04:00,51.9323506955873,51.94206240116568,51.2281353228319,51.64580535888672,2363800,0.0,0.0
2022-05-18 00:00:00-04:00,50.81531597480627,51.03386825811881,50.081961774296786,50.26651382446289,1984400,0.0,0.0
2022-05-19 00:00:00-04:00,50.12081442384078,51.014443300881176,50.05282136535707,50.533634185791016,4347200,0.0,0.0
2022-05-20 00:00:00-04:00,51.73808284376136,52.55886090929747,51.65066267284424,52.330596923828125,4591400,0.0,0.0
2022-05-23 00:00:00-04:00,52.43744478026642,52.660851062736505,52.09747579841259,52.374305725097656,1647400,0.0,0.0
2022-05-24 00:00:00-04:00,52.68998627134065,52.92796565392038,52.107187635765726,52.442298889160156,1733200,0.0,0.0
2022-05-25 00:00:00-04:00,51.68466147322168,51.88378664559072,50.91730701757236,51.116432189941406,4474200,0.0,0.0
2022-05-26 00:00:00-04:00,51.475822427186536,51.87406904981004,51.10186062638566,51.77207946777344,1896000,0.0,0.0
2022-05-27 00:00:00-04:00,51.33497633957911,52.36944893578845,51.28641040342762,52.32573699951172,1824400,0.0,0.0
2022-05-31 00:00:00-04:00,54.15184747790119,54.20527112161629,53.28736117828384,53.61761474609375,4559000,0.0,0.0
2022-06-01 00:00:00-04:00,53.807020613612266,53.92843730322543,53.41848572471281,53.583614349365234,3973400,0.0,0.0
2022-06-02 00:00:00-04:00,54.15184396334071,54.7637851209607,53.64189238110016,54.71036148071289,2167200,0.0,0.0
2022-06-03 00:00:00-04:00,54.50638323892957,54.85120620106098,54.23926503323596,54.59380340576172,1410400,0.0,0.0
2022-06-06 00:00:00-04:00,54.72007822070087,54.79778668833655,54.20527259131737,54.467533111572266,2822400,0.0,0.0
2022-06-07 00:00:00-04:00,55.472864705157164,56.31306622773322,55.458295293430055,56.27421569824219,2156400,0.0,0.0
2022-06-08 00:00:00-04:00,56.065379381234514,56.71617114721212,55.99738632226204,56.31792449951172,2908200,0.0,0.0
2022-06-09 00:00:00-04:00,55.81282404001668,55.973094962597635,54.78321286418519,54.78806686401367,1787200,0.0,0.0
2022-06-10 00:00:00-04:00,53.91386993713681,54.57923105002029,53.578758675390944,54.14698791503906,2074600,0.0,0.0
2022-06-13 00:00:00-04:00,52.879396189296116,53.02995540650674,52.14604203991279,52.24803161621094,2128600,0.0,0.0
2022-06-14 00:00:00-04:00,51.87407302070316,51.92749666852759,51.140718773920234,51.543819427490234,2646400,0.0,0.0
2022-06-15 00:00:00-04:00,51.456397303789295,52.07319623067538,50.800747847963265,51.640953063964844,2834400,0.0,0.0
2022-06-16 00:00:00-04:00,50.62590859940549,51.563245716145914,50.62590859940549,51.33012771606445,2571000,0.0,0.0
2022-06-17 00:00:00-04:00,51.368973233908825,51.786646957425866,50.94158780522918,51.27669906616211,2408000,0.0,0.0
2022-06-21 00:00:00-04:00,52.48601025899043,52.772555594117854,52.30145821126577,52.398590087890625,1761400,0.0,0.0
2022-06-22 00:00:00-04:00,52.14604665803015,52.81626552106336,52.09262301256985,52.131473541259766,3375600,0.0,0.0
2022-06-23 00:00:00-04:00,51.98091250803905,52.67541612008795,51.98091250803905,52.66084671020508,4412800,0.0,0.0
2022-06-24 00:00:00-04:00,54.30240174586376,54.49181149454239,53.7050336785984,54.45296096801758,2870800,0.0,0.0
2022-06-27 00:00:00-04:00,54.72493759718048,55.25431265407316,54.43353824533674,54.826927185058594,1984800,0.0,0.0
2022-06-28 00:00:00-04:00,53.059095426815645,53.40877609937135,52.563716944257365,52.597713470458984,2969400,0.0,0.0
2022-06-29 00:00:00-04:00,52.94739085707956,54.0110022936377,52.874543804172966,53.46220016479492,2324600,0.0,0.0
2022-06-30 00:00:00-04:00,53.2145107198221,54.20527142886776,52.92311138312482,54.11785125732422,2464400,0.0,0.0
2022-07-01 00:00:00-04:00,53.29221934651065,54.32183058630242,52.79683713782204,54.21984100341797,1869200,0.0,0.0
2022-07-05 00:00:00-04:00,52.62685468205032,54.02557373046875,52.62685468205032,54.02557373046875,5036800,0.0,0.0
2022-07-06 00:00:00-04:00,53.063951687762376,53.94786505028894,53.01052804727918,53.661319732666016,3215000,0.0,0.0
2022-07-07 00:00:00-04:00,53.272790305682804,53.5933284538352,53.17565472643702,53.39420700073242,2254000,0.0,0.0
2022-07-08 00:00:00-04:00,52.32088680771733,53.209654249472706,52.19461240025809,52.95225143432617,1934000,0.0,0.0
2022-07-11 00:00:00-04:00,52.96196404217604,53.61761345659613,52.82597423077132,53.1999397277832,1063400,0.0,0.0
2022-07-12 00:00:00-04:00,53.25822596779028,53.32621902706669,52.665711846658276,52.85512161254883,1890400,0.0,0.0
2022-07-13 00:00:00-04:00,52.27232289607507,53.76332001057706,52.27232289607507,53.48163604736328,2439400,0.0,0.0
2022-07-14 00:00:00-04:00,52.432588416372724,53.321359568860615,52.27231747962696,53.15623092651367,1804800,0.0,0.0
2022-07-15 00:00:00-04:00,54.817215000043745,55.50200328562637,54.569523885735926,55.47772216796875,3067600,0.0,0.0
2022-07-18 00:00:00-04:00,55.58456306062732,56.20136196366089,54.826924048113476,54.870635986328125,3267600,0.0,0.0
2022-07-19 00:00:00-04:00,55.846823195402834,56.25963922620962,55.497142513429786,56.24992752075195,1944400,0.0,0.0
2022-07-20 00:00:00-04:00,55.53114312499388,55.647705831120724,54.812358297264126,55.166893005371094,1732600,0.0,0.0
2022-07-21 00:00:00-04:00,55.259169139744515,56.12365547011001,55.15717955411817,56.02652359008789,1531800,0.0,0.0
2022-07-22 00:00:00-04:00,55.696274214505316,56.152802236824336,55.438871378208496,55.63799285888672,1154200,0.0,0.0
2022-07-25 00:00:00-04:00,56.12365430576605,56.50247381747451,55.72055367722765,56.30335235595703,1378000,0.0,0.0
2022-07-26 00:00:00-04:00,56.31792195667053,56.939574870832445,56.26449831198378,56.735595703125,1611200,0.0,0.0
2022-07-27 00:00:00-04:00,55.76912097306816,56.92500665298584,55.70598191601819,56.78902053833008,2052800,0.0,0.0
2022-07-28 00:00:00-04:00,55.73026682396544,56.73559697924283,54.98719719250089,56.52676010131836,1539800,0.0,0.0
2022-07-29 00:00:00-04:00,56.89586431544866,56.939572547312245,56.225641784125756,56.366485595703125,2416000,0.0,0.0
2022-08-01 00:00:00-04:00,56.7938736460724,57.02699162222575,56.27421034694059,56.38105392456055,2372400,0.0,0.0
2022-08-02 00:00:00-04:00,56.64817795598521,56.939577308807465,55.58942413330078,55.58942413330078,1791600,0.0,0.0
2022-08-03 00:00:00-04:00,55.31258759509539,55.395150055901304,48.260707794373396,48.52296829223633,12639200,0.0,0.0
2022-08-04 00:00:00-04:00,51.398116990452294,51.92263801003109,50.038248503842844,50.73760986328125,10237600,0.0,0.0
2022-08-05 00:00:00-04:00,50.577343282128275,50.63562463553954,49.59629791777357,50.12081527709961,5171000,0.0,0.0
2022-08-08 00:00:00-04:00,49.848840239689075,50.368503569394704,49.53801378296853,49.74199295043945,3112200,0.0,0.0
2022-08-09 00:00:00-04:00,50.90759420737629,51.43211524456983,50.514205282152965,50.80074691772461,4215600,0.0,0.0
2022-08-10 00:00:00-04:00,52.00520197608974,52.89397311181279,51.548673997126144,52.21403884887695,4549400,0.0,0.0
2022-08-11 00:00:00-04:00,53.214509040967265,53.62732506370986,52.41801581662941,52.835689544677734,3960600,0.0,0.0
2022-08-12 00:00:00-04:00,52.461663080054485,52.642327252970354,51.6511032247461,52.49095916748047,4438000,0.292,0.0
2022-08-15 00:00:00-04:00,52.10032210104526,52.315169988375864,51.690162016513774,51.93918991088867,2694600,0.0,0.0
2022-08-16 00:00:00-04:00,51.7096948753097,51.870830793593534,51.14816298529545,51.42648696899414,3732200,0.0,0.0
2022-08-17 00:00:00-04:00,51.5876235389423,51.93919146496938,51.15304755408701,51.177459716796875,3575600,0.0,0.0
2022-08-18 00:00:00-04:00,50.8551916751914,50.88937168330793,49.84443574906963,50.17647171020508,3756800,0.0,0.0
2022-08-19 00:00:00-04:00,50.977266463554415,51.39231050642394,50.64034656123669,51.05051040649414,3302800,0.0,0.0
2022-08-22 00:00:00-04:00,52.9792453163464,53.23803734718265,52.07102938432456,52.51537322998047,4738400,0.0,0.0
2022-08-23 00:00:00-04:00,52.06126586476764,52.271229845568655,51.71458184536906,52.03684997558594,3100200,0.0,0.0
2022-08-24 00:00:00-04:00,52.56420302083595,53.89234695353798,52.50072319773336,53.72144317626953,5108000,0.0,0.0
2022-08-25 00:00:00-04:00,53.62378682829491,54.400166668349314,53.46753482075477,54.39528274536133,3072400,0.0,0.0
2022-08-26 00:00:00-04:00,54.39039753393029,54.59547759046705,53.01830950880466,53.072021484375,2673600,0.0,0.0
2022-08-29 00:00:00-04:00,52.74486649247745,52.91577026747464,52.3786505037835,52.46166229248047,2557000,0.0,0.0
2022-08-30 00:00:00-04:00,52.373769021439216,52.49584101467608,51.63645313919292,51.77805709838867,7175400,0.0,0.0
2022-08-31 00:00:00-04:00,52.27610613830086,52.44700989912359,51.7927021164132,51.807350158691406,13259800,0.0,0.0
2022-09-01 00:00:00-04:00,51.28976887487916,51.499732851234505,50.410849037730834,51.040740966796875,3738000,0.0,0.0
2022-09-02 00:00:00-04:00,50.65499360983591,51.14328158605465,49.61005763875515,49.92256164550781,6920600,0.0,0.0
2022-09-06 00:00:00-04:00,50.39131695236208,50.972380828062214,50.04951686391587,50.581748962402344,1904800,0.0,0.0
2022-09-07 00:00:00-04:00,50.34737324601281,51.28488526105828,50.20576928665569,51.18722915649414,1837400,0.0,0.0
2022-09-08 00:00:00-04:00,50.82101470192146,51.6413386710463,50.71359074847128,51.60715866088867,2178000,0.0,0.0
2022-09-09 00:00:00-04:00,52.55931667537573,53.19897272253769,52.35423662251578,52.993892669677734,3074200,0.0,0.0
2022-09-12 00:00:00-04:00,53.23803741616605,53.84839738603926,53.23315349331141,53.384525299072266,2154600,0.0,0.0
2022-09-13 00:00:00-04:00,52.77904520772599,52.88158896034556,51.69016511424447,51.77805709838867,1862600,0.0,0.0
2022-09-14 00:00:00-04:00,51.6266919462386,51.99778814447475,50.80636795615893,51.289772033691406,2354000,0.0,0.0
2022-09-15 00:00:00-04:00,50.84054593841242,51.07003816026571,50.22530203906834,50.396202087402344,2098600,0.0,0.0
2022-09-16 00:00:00-04:00,49.50751534855072,49.78095541062908,48.828795390648025,49.52216339111328,2869800,0.0,0.0
2022-09-19 00:00:00-04:00,48.989936433458915,49.463576394341636,48.65301651791516,49.43427658081055,2408600,0.0,0.0
2022-09-20 00:00:00-04:00,48.24285257633581,48.69207661139659,48.16472471353835,48.565120697021484,2028800,0.0,0.0
2022-09-21 00:00:00-04:00,49.278021259612565,49.40009325266075,48.38933729923538,48.447933197021484,2941800,0.0,0.0
2022-09-22 00:00:00-04:00,48.23308557443155,48.41863738915012,47.78874545435931,48.00358963012695,2648200,0.0,0.0
2022-09-23 00:00:00-04:00,47.749682734918245,48.1354306920055,47.50065481824841,47.81804275512695,3278600,0.0,0.0
2022-09-26 00:00:00-04:00,46.63638624424809,47.222330333018164,46.397122450615164,46.524078369140625,3529400,0.0,0.0
2022-09-27 00:00:00-04:00,47.06608045262869,47.363936433381426,46.509432425562686,46.826820373535156,3288600,0.0,0.0
2022-09-28 00:00:00-04:00,47.515300752157735,48.633480640698785,47.44694073498418,48.516292572021484,2757800,0.0,0.0
2022-09-29 00:00:00-04:00,49.0241138117992,49.27802192160007,48.63836586154388,49.019229888916016,3213000,0.0,0.0
2022-09-30 00:00:00-04:00,48.9264563364943,49.180368183861844,48.61883623619242,48.64813232421875,2198400,0.0,0.0
2022-10-03 00:00:00-04:00,49.6100568425373,50.2497166143499,49.43427287589247,50.07393264770508,2737000,0.0,0.0
2022-10-04 00:00:00-04:00,50.86007943307458,51.577859657647124,50.73800743411886,51.455787658691406,2297600,0.0,0.0
2022-10-05 00:00:00-04:00,51.35812646093422,51.968486395236376,51.17745857925788,51.773170471191406,1512600,0.0,0.0
2022-10-06 00:00:00-04:00,51.1725831101307,51.817123111292524,51.16281526408818,51.67063522338867,2169000,0.0,0.0
2022-10-07 00:00:00-04:00,51.29953293458528,51.465552781558024,50.44991290990585,50.81124496459961,2062200,0.0,0.0
2022-10-10 00:00:00-04:00,50.81612603081511,50.86007388282095,50.39619810220596,50.708702087402344,1597200,0.0,0.0
2022-10-11 00:00:00-04:00,50.58174972028405,51.57297744231307,50.26924571321044,50.972381591796875,2220600,0.0,0.0
2022-10-12 00:00:00-04:00,51.094450573053905,51.36789063178377,50.713586569725464,50.77218246459961,1533600,0.0,0.0
2022-10-13 00:00:00-04:00,49.57587735379469,51.431373143246084,49.54169734466308,51.18722915649414,1827000,0.0,0.0
2022-10-14 00:00:00-04:00,51.20187973977912,51.382547640061496,50.60616778649635,50.684295654296875,1962000,0.0,0.0
2022-10-17 00:00:00-04:00,51.28000198913061,51.924541973323294,51.255589825350505,51.75852584838867,1898800,0.0,0.0
2022-10-18 00:00:00-04:00,52.37377034306903,52.37377034306903,51.83177038139289,52.10032653808594,1665400,0.0,0.0
2022-10-19 00:00:00-04:00,51.900127383361756,51.919659348677754,50.88937146164266,51.079803466796875,1299400,0.0,0.0
2022-10-20 00:00:00-04:00,50.89913694821069,51.54856084237361,50.645228842968436,50.81124496459961,1976400,0.0,0.0
2022-10-21 00:00:00-04:00,49.57587792337138,51.17258170126489,49.263373914765864,50.889373779296875,3712000,0.0,0.0
2022-10-24 00:00:00-04:00,51.49973732787962,52.437249418770584,51.36789747817633,52.0222053527832,3527800,0.0,0.0
2022-10-25 00:00:00-04:00,52.666739529874164,52.85228761308,52.266343552704676,52.81810760498047,2881600,0.0,0.0
2022-10-26 00:00:00-04:00,52.739986186970725,53.360110287406734,52.53490240246202,52.64232635498047,4622800,0.0,0.0
2022-10-27 00:00:00-04:00,52.593497252117984,52.89135321439642,52.05638122558594,52.05638122558594,2208400,0.0,0.0
2022-10-28 00:00:00-04:00,52.8083491397341,53.26245713902091,52.603269069176676,53.203861236572266,2778800,0.0,0.0
2022-10-31 00:00:00-04:00,52.75951943351432,53.316167450669305,52.754635510460886,53.145263671875,2969200,0.0,0.0
2022-11-01 00:00:00-04:00,52.94506268811314,53.28198256648984,51.72922673293928,51.96848678588867,2655600,0.0,0.0
2022-11-02 00:00:00-04:00,54.48317297563315,56.75859299489959,54.385513145731025,55.288848876953125,4391400,0.0,0.0
2022-11-03 00:00:00-04:00,54.507588692195824,56.06034469811135,54.40993258126955,55.601356506347656,4578800,0.0,0.0
2022-11-04 00:00:00-04:00,55.45974663387867,55.52322272668932,54.11695476220724,54.888450622558594,3034600,0.0,0.0
2022-11-07 00:00:00-05:00,55.38650810792091,56.39726412107719,55.22537217349294,56.17753601074219,2465000,0.0,0.0
2022-11-08 00:00:00-05:00,55.89432784752824,56.54375178034932,55.694127979752885,56.07987594604492,4111400,0.0,0.0
2022-11-09 00:00:00-05:00,55.93338888088634,56.43632489777339,55.49881288229414,55.74783706665039,2372600,0.0,0.0
2022-11-10 00:00:00-05:00,56.885553684781605,56.98320979753717,55.7869056522429,56.41679763793945,2568600,0.0,0.0
2022-11-11 00:00:00-05:00,55.054470459315965,55.074002425810384,53.565190610856334,54.42946243286133,3202400,0.0,0.0
2022-11-14 00:00:00-05:00,56.13358604110997,56.44609005199371,55.528109985690435,55.874794006347656,2807000,0.0,0.0
2022-11-15 00:00:00-05:00,55.54275998216048,55.75272397110672,54.63942792751898,55.48904800415039,2861800,0.0,0.0
2022-11-16 00:00:00-05:00,55.32303205556185,55.75760807883397,54.961696252235306,55.35721206665039,1804400,0.0,0.0
2022-11-17 00:00:00-05:00,54.70290306045973,55.230254985060675,54.66872305008792,55.132598876953125,1603800,0.0,0.0
2022-11-18 00:00:00-05:00,54.7614960175878,55.60135191340824,54.75661209484237,55.391387939453125,2007200,0.0,0.0
2022-11-21 00:00:00-05:00,55.283967405465,55.70877557701546,55.142363439834256,55.37674331665039,2056000,0.0,0.0
2022-11-22 00:00:00-05:00,55.53787303049793,56.392376983626015,55.53787303049793,56.33866500854492,1428600,0.0,0.0
2022-11-23 00:00:00-05:00,57.26641326741551,57.55938530814256,56.939261217359316,57.53497314453125,2094800,0.0,0.0
2022-11-25 00:00:00-05:00,57.80353090987976,58.15021493570758,57.71075872502047,58.00373077392578,1021000,0.0,0.0
2022-11-28 00:00:00-05:00,58.594556440054,59.51253648315855,58.36994442074145,59.195152282714844,3711000,0.0,0.0
2022-11-29 00:00:00-05:00,59.17562189255881,59.82016188154822,59.15120600325536,59.253746032714844,4888000,0.0,0.0
2022-11-30 00:00:00-05:00,60.498879086288504,60.84067916870117,59.72738321416677,60.84067916870117,2583800,0.0,0.0
2022-12-01 00:00:00-05:00,61.602416509429865,61.7244885107006,61.11412850434691,61.587764739990234,1976400,0.0,0.0
2022-12-02 00:00:00-05:00,61.24596496439886,62.051640922298176,61.21666887604167,61.963748931884766,1674600,0.0,0.0
2022-12-05 00:00:00-05:00,62.1004676115196,62.39832358773634,61.82702752529115,62.051639556884766,1989000,0.0,0.0
2022-12-06 00:00:00-05:00,61.52428914986565,61.80749708924073,60.97252504067644,61.421749114990234,2450000,0.0,0.0
2022-12-07 00:00:00-05:00,61.44615118095549,61.80748693056569,60.948099132657276,61.15317916870117,1800200,0.0,0.0
2022-12-08 00:00:00-05:00,61.76842732501752,62.46667926118355,61.670771222545405,62.398319244384766,1790000,0.0,0.0
2022-12-09 00:00:00-05:00,63.62880974065699,63.89248943988891,62.9354416567287,62.94520950317383,3686000,0.0,0.0
2022-12-12 00:00:00-05:00,63.25282659178134,63.448146269448365,62.94521020681707,63.384666442871094,1927000,0.0,0.0
2022-12-13 00:00:00-05:00,64.54190203213862,65.16691750515766,64.4442459256518,64.86417388916016,3082200,0.0,0.0
2022-12-14 00:00:00-05:00,65.2694540238533,66.01165384682373,64.84952605896412,65.78215789794922,4122400,0.0,0.0
2022-12-15 00:00:00-05:00,65.65520159805294,65.66496199264496,64.72256981739515,65.27433013916016,3221600,0.0,0.0
2022-12-16 00:00:00-05:00,64.56143722636207,65.26457310874248,64.40518149664052,65.03018951416016,4170400,0.0,0.0
2022-12-19 00:00:00-05:00,63.84365145998257,63.99501953710918,63.37489173501599,63.775291442871094,3688200,0.0,0.0
2022-12-20 00:00:00-05:00,64.39542299072873,64.737223096168,64.06338328067096,64.54679107666016,2851600,0.0,0.0
2022-12-21 00:00:00-05:00,64.44913906868089,64.93742709342848,64.22452329899606,64.69328308105469,3527200,0.0,0.0
2022-12-22 00:00:00-05:00,64.73721707625558,65.24992091207989,64.55166527169294,65.24503326416016,2557400,0.0,0.0
2022-12-23 00:00:00-05:00,65.21573987033969,65.43058776855469,64.9032358685769,65.43058776855469,2450600,0.0,0.0
2022-12-27 00:00:00-05:00,65.3768808570189,65.42571263791605,64.89347304859834,65.06437683105469,2297400,0.0,0.0
2022-12-28 00:00:00-05:00,64.91787784272255,65.48917381828672,64.83486978993278,65.21085357666016,2210000,0.0,0.0
2022-12-29 00:00:00-05:00,65.59659735948838,66.1093011654283,65.46476498563023,66.01652526855469,2666800,0.0,0.0
2022-12-30 00:00:00-05:00,66.05071598930034,66.33880410431398,65.47941995674198,66.08489227294922,1968600,0.0,0.0
2023-01-03 00:00:00-05:00,67.02729123421365,67.5888194153029,66.47064325054254,66.87592315673828,3541400,0.0,0.0
2023-01-04 00:00:00-05:00,67.70600597699524,67.7108861740362,66.43645438219056,66.78314208984375,2777400,0.0,0.0
2023-01-05 00:00:00-05:00,66.18743575135366,66.96869203209057,66.10442769062628,66.52923583984375,3049400,0.0,0.0
2023-01-06 00:00:00-05:00,66.90033151759383,67.89644314029145,66.65618753467345,67.69624328613281,2308000,0.0,0.0
2023-01-09 00:00:00-05:00,67.7450787310168,67.8964468165139,66.87103905245488,67.00775909423828,2418800,0.0,0.0
2023-01-10 00:00:00-05:00,65.40617237717287,65.90910839241593,64.96182853436724,65.26457214355469,2906800,0.0,0.0
2023-01-11 00:00:00-05:00,63.96084467034024,64.75674900490316,63.829004830604504,64.73722076416016,3378000,0.0,0.0
2023-01-12 00:00:00-05:00,64.13173733814995,65.26944915171042,63.52626505072712,65.24503326416016,2387200,0.0,0.0
2023-01-13 00:00:00-05:00,66.23138344527399,66.81732755003526,66.12883968786609,66.56342315673828,2179400,0.0,0.0
2023-01-17 00:00:00-05:00,68.17965055702298,68.3554345214702,67.44721861360676,67.86225891113281,3541000,0.0,0.0
2023-01-18 00:00:00-05:00,68.2480135638014,68.82418980820444,68.20894963102576,68.24312591552734,4857800,0.0,0.0
2023-01-19 00:00:00-05:00,68.33101874047561,68.77536257500951,67.81831488914288,68.68258666992188,3523000,0.0,0.0
2023-01-20 00:00:00-05:00,68.52146180033085,68.90232587688264,68.24313404017458,68.89744567871094,2698600,0.0,0.0
2023-01-23 00:00:00-05:00,68.98532089466458,69.0927448395864,68.63375297504457,68.88766479492188,2606600,0.0,0.0
2023-01-24 00:00:00-05:00,70.69433301256949,70.69433301256949,67.93062126291349,68.31148529052734,3892200,0.0,0.0
2023-01-25 00:00:00-05:00,66.96381721283117,68.13082525555745,66.93940132226025,67.81832122802734,3220000,0.0,0.0
2023-01-26 00:00:00-05:00,67.66694227221666,67.78413405772946,66.54387854243728,67.15911865234375,2598400,0.0,0.0
2023-01-27 00:00:00-05:00,67.3593285761869,67.77925655712137,67.17378420136724,67.42768859863281,2217400,0.0,0.0
2023-01-30 00:00:00-05:00,68.70212107373489,68.7363048105426,67.78902488514315,67.90132904052734,2889200,0.0,0.0
2023-01-31 00:00:00-05:00,67.2323705715742,67.8280824803091,66.59759473186024,67.76460266113281,3040800,0.0,0.0
2023-02-01 00:00:00-05:00,68.26266261501486,68.44332678742137,66.9784628147845,67.91109466552734,4587000,0.0,0.0
2023-02-02 00:00:00-05:00,65.88469741815656,65.94329704564824,64.04873718823148,64.62003326416016,8126000,0.0,0.0
2023-02-03 00:00:00-05:00,66.28509150756152,67.1054117156366,66.04582772153141,66.79290771484375,3559000,0.0,0.0
2023-02-06 00:00:00-05:00,67.19818742860902,67.78901914517087,66.87592303389471,67.41792297363281,3365400,0.0,0.0
2023-02-07 00:00:00-05:00,67.54487792358627,68.22847812296524,67.45210201423839,68.16011810302734,2132000,0.0,0.0
2023-02-08 00:00:00-05:00,68.73629916304766,68.79977153225832,67.76948362442657,68.15523529052734,2460200,0.0,0.0
2023-02-09 00:00:00-05:00,68.1650125961651,68.4384527033744,67.82320501146934,68.13082885742188,2564600,0.0,0.0
2023-02-10 00:00:00-05:00,67.81343962399836,68.35543960042544,67.55952777855664,68.13570404052734,2482800,0.0,0.0
2023-02-13 00:00:00-05:00,68.69234580863066,70.05467337299513,68.663049723493,69.82029724121094,3212600,0.0,0.0
2023-02-14 00:00:00-05:00,69.72752577370743,70.10838980609243,69.45896589172227,69.80076599121094,1768200,0.0,0.0
2023-02-15 00:00:00-05:00,68.87302280546027,69.32224686430344,68.70211902787838,68.8290786743164,1721600,0.0,0.0
2023-02-16 00:00:00-05:00,68.20894530130802,68.41402534734965,67.60835320570872,67.72065734863281,1765200,0.0,0.0
2023-02-17 00:00:00-05:00,68.39450662119081,69.41013914742837,68.24313107623162,69.15623474121094,2378800,0.0,0.0
2023-02-21 00:00:00-05:00,69.53709425860808,70.06932637812459,69.2294704415098,69.63475036621094,1729600,0.0,0.0
2023-02-22 00:00:00-05:00,69.62010505288244,69.92284123352869,69.3857288953074,69.45896911621094,1382000,0.0,0.0
2023-02-23 00:00:00-05:00,69.89353346838412,70.22557313260319,69.24410963236198,69.7714614868164,1611000,0.0,0.0
2023-02-24 00:00:00-05:00,69.07321865739199,69.2245867341044,68.66305110516245,69.1415786743164,1707800,0.0,0.0
2023-02-27 00:00:00-05:00,69.94724933080482,70.26952116824152,69.72752124189175,70.00096130371094,1682400,0.0,0.0
2023-02-28 00:00:00-05:00,69.81053525592894,69.81053525592894,68.67770353096192,68.8437271118164,2326400,0.0,0.0
2023-03-01 00:00:00-05:00,69.63474868448463,70.23534080988678,69.43943647399583,69.75682067871094,2567600,0.0,0.0
2023-03-02 00:00:00-05:00,69.38572446806891,70.26952451377038,69.23434893672078,70.11815643310547,1622600,0.0,0.0
2023-03-03 00:00:00-05:00,70.04003336509373,70.83594520582372,69.95702529745375,70.7529296875,2011200,0.0,0.0
2023-03-06 00:00:00-05:00,71.10938595167451,71.26075404409377,70.26952997049295,70.6845703125,2333400,0.0,0.0
2023-03-07 00:00:00-05:00,70.96777448291316,71.09473412840077,70.18163052315172,70.27440643310547,2189600,0.0,0.0
2023-03-08 00:00:00-05:00,68.882787289637,69.22458737743555,68.37984382747533,69.0732192993164,8839400,0.0,0.0
2023-03-09 00:00:00-05:00,69.59569125246654,70.16698734472257,69.21970738894142,69.35154724121094,2522600,0.0,0.0
2023-03-10 00:00:00-05:00,69.84959545124566,70.37694735181486,68.84372342727748,68.99020385742188,2718200,0.0,0.0
2023-03-13 00:00:00-04:00,68.97555321097045,69.96677715451109,68.56539312068111,68.62398529052734,2504400,0.0,0.0
2023-03-14 00:00:00-04:00,69.41013411293102,69.85936561589712,68.87790199724984,69.80076599121094,2400400,0.0,0.0
2023-03-15 00:00:00-04:00,68.53122790725645,69.17088403366746,68.24313230738765,68.8388442993164,3189600,0.0,0.0
2023-03-16 00:00:00-04:00,67.87203320700988,67.89156144905638,66.0751369113827,67.81832122802734,5974000,0.0,0.0
2023-03-17 00:00:00-04:00,68.23336379706548,68.49703602328759,67.92085979343626,68.08687591552734,3454400,0.0,0.0
2023-03-20 00:00:00-04:00,69.40524994335676,70.20116169786836,69.23434617805133,70.11326599121094,2484800,0.0,0.0
2023-03-21 00:00:00-04:00,70.87988874735322,71.98829715660965,70.6943369208329,71.91993713378906,2744600,0.0,0.0
2023-03-22 00:00:00-04:00,71.91504119736126,72.42286478490584,71.59765704315744,71.626953125,2098000,0.0,0.0
2023-03-23 00:00:00-04:00,73.10159627627316,73.97562847633985,72.82814875072398,73.03811645507812,2573200,0.0,0.0
2023-03-24 00:00:00-04:00,73.81530751676318,75.62168239988387,73.41662632459973,75.18362426757812,3204600,0.5945,0.0
2023-03-27 00:00:00-04:00,75.57245539239399,76.50764077347223,75.35589349851924,76.1434097290039,2329000,0.0,0.0
2023-03-28 00:00:00-04:00,76.6159165861081,76.7143551646993,76.05972772701371,76.44857025146484,1832600,0.0,0.0
2023-03-29 00:00:00-04:00,76.9014097340268,77.36899871248497,76.75374808020219,77.06875610351562,1644800,0.0,0.0
2023-03-30 00:00:00-04:00,77.38867326255962,77.82181205411341,77.30500008880631,77.81196594238281,2066400,0.0,0.0
2023-03-31 00:00:00-04:00,78.04330395906754,78.62410440892722,77.79228442748774,78.32878112792969,2285600,0.0,0.0
2023-04-03 00:00:00-04:00,77.93994807681705,78.57980268483169,77.59540173664521,78.5551986694336,2086400,0.0,0.0
2023-04-04 00:00:00-04:00,78.21557340809689,78.80129313100076,77.69384214545794,78.05314636230469,3156000,0.0,0.0
2023-04-05 00:00:00-04:00,78.08759514639277,78.28939912500638,76.93092864314367,77.71844482421875,2676400,0.0,0.0
2023-04-06 00:00:00-04:00,78.45674983822236,79.199977334905,78.35831124890325,78.43706512451172,2050200,0.0,0.0
2023-04-10 00:00:00-04:00,78.55519568776995,78.58472651343335,77.67415266676959,78.215576171875,1477200,0.0,0.0
2023-04-11 00:00:00-04:00,77.59539080355536,78.25986435411106,77.2508520223118,77.94977569580078,1931400,0.0,0.0
2023-04-12 00:00:00-04:00,79.37224884847882,81.17862375770432,79.29350247743965,80.48462677001953,3520800,0.0,0.0
2023-04-13 00:00:00-04:00,81.94646176309794,82.51740861997835,80.93252245141906,82.51248931884766,7045200,0.0,0.0
2023-04-14 00:00:00-04:00,83.03914296139963,83.61501659870203,82.58631192878867,82.98500061035156,3314000,0.0,0.0
2023-04-17 00:00:00-04:00,84.19088325881997,84.51081052734685,83.70852895060978,84.20072937011719,3189200,0.0,0.0
2023-04-18 00:00:00-04:00,83.64454977679166,84.24010814468488,83.3393878861483,83.5657958984375,3221200,0.0,0.0
2023-04-19 00:00:00-04:00,80.63227829259128,81.66097539192525,80.58797454586593,81.22783660888672,3980200,0.0,0.0
2023-04-20 00:00:00-04:00,81.49855277873127,81.79386854745312,80.91283303174926,81.39518737792969,2386800,0.0,0.0
2023-04-21 00:00:00-04:00,83.0539106684461,85.13591657010628,83.01945303028964,84.97840881347656,3453400,0.0,0.0
2023-04-24 00:00:00-04:00,84.11212806799962,84.37299368541036,83.54117378784763,83.91032409667969,2376400,0.0,0.0
2023-04-25 00:00:00-04:00,83.93985971842959,84.10228676484726,82.7881124915218,82.97515106201172,2234600,0.0,0.0
2023-04-26 00:00:00-04:00,81.53793382278094,81.59207617633061,80.46001356326356,81.20816040039062,2242800,0.0,0.0
2023-04-27 00:00:00-04:00,81.52316053876501,81.82340310484848,80.94236011945056,81.71511840820312,2307600,0.0,0.0
2023-04-28 00:00:00-04:00,81.89723668249216,82.73397598738073,81.49363619864938,82.24177551269531,2238400,0.0,0.0
2023-05-01 00:00:00-04:00,82.05474717938431,82.43866296162817,81.60191611841536,82.40420532226562,2014200,0.0,0.0
2023-05-02 00:00:00-04:00,81.63636689611461,82.3746675707411,81.58714384698638,82.29591369628906,2233800,0.0,0.0
2023-05-03 00:00:00-04:00,82.07934975681785,83.06375072180413,81.57238386068057,82.57647705078125,3333800,0.0,0.0
2023-05-04 00:00:00-04:00,79.51005739960145,79.8496769118104,78.01869063672255,78.96371459960938,5459000,0.0,0.0
2023-05-05 00:00:00-04:00,79.83983591031122,80.59782127606432,79.1802816191537,80.3468017578125,2568200,0.0,0.0
2023-05-08 00:00:00-04:00,83.25570047320934,83.55102373799743,82.56170356860778,82.90624237060547,3668600,0.0,0.0
2023-05-09 00:00:00-04:00,81.66097590003399,83.37383130938922,81.66097590003399,82.9505386352539,3160200,0.0,0.0
2023-05-10 00:00:00-04:00,82.28115050996458,83.56087471809666,82.18271191942742,83.38368225097656,2451600,0.0,0.0
2023-05-11 00:00:00-04:00,83.54118736340884,83.74791066870175,82.81765203969191,83.17696380615234,2044800,0.0,0.0
2023-05-12 00:00:00-04:00,83.79711731217243,84.82089503579313,83.79711731217243,84.29916381835938,2185600,0.0,0.0
2023-05-15 00:00:00-04:00,83.7085320305698,83.9054092014637,83.10312008482492,83.39351654052734,1525400,0.0,0.0
2023-05-16 00:00:00-04:00,82.15809259655886,83.03420873683834,81.98090014625613,82.52232360839844,1982800,0.0,0.0
2023-05-17 00:00:00-04:00,82.92592797184538,82.94562019524629,81.9759847282757,82.24669647216797,1538000,0.0,0.0
2023-05-18 00:00:00-04:00,82.60599565839665,83.0292883111396,82.27129547441324,82.96038055419922,1400000,0.0,0.0
2023-05-19 00:00:00-04:00,83.6691532564729,84.48620025708,83.33937987175884,83.93985748291016,2729200,0.0,0.0
2023-05-22 00:00:00-04:00,83.91033096946136,84.63386623486484,82.45342183708823,83.93002319335938,6278600,0.0,0.0
2023-05-23 00:00:00-04:00,82.76349503226271,82.8127180768773,79.79060789294176,80.46492004394531,4778800,0.0,0.0
2023-05-24 00:00:00-04:00,79.9874933165081,80.18929730574729,79.47560814737616,79.62818908691406,3533400,0.0,0.0
2023-05-25 00:00:00-04:00,79.95304870605469,80.10562965611928,79.21966727305325,79.95304870605469,3114600,0.0,0.0
2023-05-26 00:00:00-04:00,80.54367872402591,81.05556387084732,80.10562063815576,80.21390533447266,1926200,0.0,0.0
2023-05-30 00:00:00-04:00,79.63803569337509,79.65280110630056,78.4715154995818,78.65855407714844,2514000,0.0,0.0
2023-05-31 00:00:00-04:00,78.71269266669835,79.29841238602998,78.3878385770952,78.97848510742188,1683600,0.0,0.0
2023-06-01 00:00:00-04:00,77.60031990063501,78.30908970600878,77.33945427926582,77.75782012939453,2829000,0.0,0.0
2023-06-02 00:00:00-04:00,76.33045145112658,77.57079876544543,75.97114720310914,77.3443832397461,3199400,0.0,0.0
2023-06-05 00:00:00-04:00,78.03838648522479,78.10729425101975,77.37391284261518,77.69384765625,1934000,0.0,0.0
2023-06-06 00:00:00-04:00,79.55927555251222,79.75615271627049,78.80129021062224,79.12613677978516,3250400,0.0,0.0
2023-06-07 00:00:00-04:00,78.30417033143127,78.46659738645306,77.10812680406596,77.53633880615234,2429200,0.0,0.0
2023-06-08 00:00:00-04:00,77.82180701380412,78.68315773006768,77.60031833169852,78.48135375976562,1909000,0.0,0.0
2023-06-09 00:00:00-04:00,77.54126267480075,77.88580902959455,77.26563159927254,77.79228973388672,2360400,0.0,0.0
2023-06-12 00:00:00-04:00,78.84066093906937,79.01785339353547,76.62083971289273,78.1368179321289,3825000,0.0,0.0
2023-06-13 00:00:00-04:00,78.32878367684023,78.77176110236853,77.42313660087206,77.58556365966797,1836200,0.0,0.0
2023-06-14 00:00:00-04:00,78.0285343415741,78.609334760138,77.88579952002566,78.29432678222656,1985000,0.0,0.0
2023-06-15 00:00:00-04:00,78.99325174289315,80.15484508793683,78.7816016471593,79.9973373413086,2221200,0.0,0.0
2023-06-16 00:00:00-04:00,80.00225924027292,80.08101311614477,79.3525585402876,79.38700866699219,2103400,0.0,0.0
2023-06-20 00:00:00-04:00,78.58964994080944,80.08101679818274,78.47151912157014,79.57405090332031,3804400,0.0,0.0
2023-06-21 00:00:00-04:00,79.46084534330402,79.85460722269305,78.66348298256902,79.01786041259766,3826800,0.0,0.0
2023-06-22 00:00:00-04:00,78.65855171649865,79.36240225648231,78.62902089153397,78.76191711425781,1804800,0.0,0.0
2023-06-23 00:00:00-04:00,78.0039228177533,78.65363099678588,77.85626118521112,78.29432678222656,1433400,0.0,0.0
2023-06-26 00:00:00-04:00,78.49120186456733,78.71760985277913,77.26562011055874,77.38375091552734,2410400,0.0,0.0
2023-06-27 00:00:00-04:00,76.56177965778603,76.98014552399201,76.02035617165753,76.77342224121094,2751000,0.0,0.0
2023-06-28 00:00:00-04:00,77.90548524306298,77.90548524306298,76.60607637853086,77.17210388183594,2303400,0.0,0.0
2023-06-29 00:00:00-04:00,76.25168663163443,77.32468743105385,76.10402500652762,77.29022979736328,2319600,0.0,0.0
2023-06-30 00:00:00-04:00,79.01293941222461,79.77585162893546,79.00309330009628,79.65280151367188,2179800,0.0,0.0
2023-07-03 00:00:00-04:00,78.81605815403805,78.81605815403805,77.86118810733599,78.47151184082031,1679000,0.0,0.0
2023-07-05 00:00:00-04:00,78.38784414379624,78.96864460376091,78.28448625091696,78.7520751953125,1944000,0.0,0.0
2023-07-06 00:00:00-04:00,77.84642465366471,78.18111735330159,77.24593950630886,77.92517852783203,2552400,0.0,0.0
2023-07-07 00:00:00-04:00,77.86119085262884,78.03838331610345,77.2410134752763,77.265625,2180000,0.0,0.0
2023-07-10 00:00:00-04:00,76.96539016342167,77.47235608010551,76.8472668494813,77.3099365234375,1533000,0.0,0.0
2023-07-11 00:00:00-04:00,75.65120437822483,75.87761987996255,74.38132637111572,74.93751525878906,4445600,0.0,0.0
2023-07-12 00:00:00-04:00,74.89814405153116,76.50271486784354,74.7800132358877,76.16802215576172,3407600,0.0,0.0
2023-07-13 00:00:00-04:00,77.46250799697961,77.47234659834808,76.78818828410343,77.2164077758789,2361400,0.0,0.0
2023-07-14 00:00:00-04:00,78.80129154476808,79.1605957543822,77.86610622512714,78.82097625732422,2348800,0.0,0.0
2023-07-17 00:00:00-04:00,79.53959268445223,79.66264279224973,79.02770003020044,79.21965789794922,2234000,0.0,0.0
2023-07-18 00:00:00-04:00,78.84066443384717,79.1556799316462,78.47151409654461,78.8751220703125,1745800,0.0,0.0
2023-07-19 00:00:00-04:00,78.93910709244564,79.22950354264484,78.52565302479147,78.86527252197266,1408000,0.0,0.0
2023-07-20 00:00:00-04:00,80.55844925688493,81.97106218901683,80.55844925688493,80.9571304321289,3570800,0.0,0.0
2023-07-21 00:00:00-04:00,80.82916345648451,81.77910677825373,80.78486721576003,81.53793334960938,2419200,0.0,0.0
2023-07-24 00:00:00-04:00,80.60766665952949,80.69133983152426,79.76600061824611,79.77092742919922,2218000,0.0,0.0
2023-07-25 00:00:00-04:00,79.03754867438964,80.21882674294511,78.98832562554033,79.88905334472656,2374600,0.0,0.0
2023-07-26 00:00:00-04:00,78.31401433757588,78.32877975032777,77.15242096866896,77.90548706054688,3059000,0.0,0.0
2023-07-27 00:00:00-04:00,78.04330162383474,78.13682091036509,77.09335836672712,77.10812377929688,2280400,0.0,0.0
2023-07-28 00:00:00-04:00,77.09828429542111,77.81690031391935,76.7389800413637,77.67908477783203,2193200,0.0,0.0
2023-07-31 00:00:00-04:00,79.13106812913412,79.59373775192277,78.69301003082242,79.29349517822266,2164600,0.0,0.0
2023-08-01 00:00:00-04:00,79.42638419777529,79.77093052101475,79.13106843406227,79.60357666015625,2860800,0.0,0.0
2023-08-02 00:00:00-04:00,78.5453517319798,78.98340984890596,77.83658185506937,77.93502044677734,1672200,0.0,0.0
2023-08-03 00:00:00-04:00,77.4034425774285,78.06299690974267,77.07859597776802,77.53633880615234,1604000,0.0,0.0
2023-08-04 00:00:00-04:00,77.29515227368813,77.83165645063323,76.97522499812982,77.0785903930664,3036800,0.0,0.0
2023-08-07 00:00:00-04:00,78.84559697529073,79.68233629857875,78.40753884360338,79.42147064208984,2471800,0.0,0.0
2023-08-08 00:00:00-04:00,91.6083377264383,94.59107100353465,90.3581519920553,93.10955047607422,17822600,0.0,0.0
2023-08-09 00:00:00-04:00,91.13091591798187,93.73957996549368,91.00786579791418,92.3318862915039,7448000,0.0,0.0
2023-08-10 00:00:00-04:00,90.99802221821261,91.89874994908452,89.46235169670797,89.6247787475586,6515800,0.0,0.0
2023-08-11 00:00:00-04:00,89.81181795111512,90.39261088514229,88.68960151046689,89.38360595703125,4238800,0.0,0.0
2023-08-14 00:00:00-04:00,89.22117755261799,89.90533587676877,88.20724582866328,88.32044982910156,4647800,0.0,0.0
2023-08-15 00:00:00-04:00,90.80605945215578,91.47052552216546,89.44266216689128,91.11122131347656,4827000,0.0,0.0
2023-08-16 00:00:00-04:00,90.83559586188586,92.06609700466302,90.72731116049084,90.88481140136719,3158200,0.0,0.0
2023-08-17 00:00:00-04:00,91.44099701105988,92.15961295699633,90.67808482807888,90.91926574707031,3705800,0.0,0.0
2023-08-18 00:00:00-04:00,90.37227507058806,90.87179284269561,89.73922956915263,90.57010650634766,2722200,0.442,0.0
2023-08-21 00:00:00-04:00,91.66803951811251,92.17249266154049,91.03499406453862,91.92520904541016,2090000,0.0,0.0
2023-08-22 00:00:00-04:00,91.21798614659124,91.87576150439969,90.93113623176893,91.49988555908203,2425200,0.0,0.0
2023-08-23 00:00:00-04:00,92.6522263976728,94.55631332042462,92.64728344193351,93.98755645751953,3294200,0.0,0.0
2023-08-24 00:00:00-04:00,92.855003454323,93.47815548779666,91.64331517154213,91.66804504394531,3619200,0.0,0.0
2023-08-25 00:00:00-04:00,91.3564655310116,92.53848098909228,91.17842101426524,92.2021713256836,2702400,0.0,0.0
2023-08-28 00:00:00-04:00,92.03401885522541,93.22098479748963,91.89059767144843,92.7264175415039,2228600,0.0,0.0
2023-08-29 00:00:00-04:00,92.67695618121397,94.40299859124468,92.67695618121397,94.15076446533203,3112800,0.0,0.0
2023-08-30 00:00:00-04:00,93.47321144314209,93.8095135551161,92.93413494492039,93.01326751708984,2814800,0.0,0.0
2023-08-31 00:00:00-04:00,92.52364624534385,92.54837611826852,91.41581283819913,91.80157470703125,3826400,0.0,0.0
2023-09-01 00:00:00-04:00,92.93413474019243,94.32881047574382,92.65222778239631,93.62652587890625,2786600,0.0,0.0
2023-09-05 00:00:00-04:00,95.02614954713741,95.17946418467126,93.9776694092952,94.02217864990234,3230000,0.0,0.0
2023-09-06 00:00:00-04:00,94.60082732022319,94.86789787352522,93.84413999669691,94.58599090576172,2331200,0.0,0.0
2023-09-07 00:00:00-04:00,95.02615463177865,97.6968148620692,95.02615463177865,96.62855529785156,6435600,0.0,0.0
2023-09-08 00:00:00-04:00,96.14387571572414,96.98958908060543,95.8026306333487,96.63844299316406,3904800,0.0,0.0
2023-09-11 00:00:00-04:00,96.62359912133857,99.78388347841523,96.44061165768771,98.68594360351562,7818800,0.0,0.0
2023-09-12 00:00:00-04:00,97.07365935585275,97.76110753241046,95.965825997635,97.30610656738281,7286400,0.0,0.0
2023-09-13 00:00:00-04:00,95.15968825148829,96.32686728625801,94.91240462163452,95.26849365234375,6420000,0.0,0.0
2023-09-14 00:00:00-04:00,96.14882194249242,96.80164679550299,95.27837874314841,95.3871841430664,4051600,0.0,0.0
2023-09-15 00:00:00-04:00,95.6987679707244,95.78778645814569,93.98261891812389,94.1804428100586,4511600,0.0,0.0
2023-09-18 00:00:00-04:00,91.70265488987785,93.30505543197155,91.02510019959145,92.29119110107422,4695200,0.0,0.0
2023-09-19 00:00:00-04:00,91.77685448362682,92.7907113782908,91.57902304219401,92.5088119506836,3244800,0.0,0.0
2023-09-20 00:00:00-04:00,93.6710337373952,95.3723462776786,92.52364164640007,93.70071411132812,6124500,0.0,2.0
2023-09-21 00:00:00-04:00,91.90048865674622,92.46429501153926,89.51667092471955,90.29808807373047,7519600,0.0,0.0
2023-09-22 00:00:00-04:00,90.80255065133913,91.63342001389513,90.13982479711292,90.3079833984375,2944800,0.0,0.0
2023-09-25 00:00:00-04:00,89.9123272055079,90.20906302644188,89.41775995745395,90.13982391357422,3088600,0.0,0.0
2023-09-26 00:00:00-04:00,91.7719046907663,91.95984267495648,90.5453799303887,90.79266357421875,2775100,0.0,0.0
2023-09-27 00:00:00-04:00,90.32776015544454,90.89156650558492,89.62547558221686,90.70362854003906,2946000,0.0,0.0
2023-09-28 00:00:00-04:00,90.98059751459952,91.89059947228779,90.31787164325273,90.52558898925781,4274800,0.0,0.0
2023-09-29 00:00:00-04:00,91.49494412102061,91.56418323633338,89.6353739194082,89.95189666748047,2629100,0.0,0.0
2023-10-02 00:00:00-04:00,89.19025718433694,91.97961620783248,87.87470647150283,90.80255126953125,7554600,0.0,0.0
2023-10-03 00:00:00-04:00,88.6264419829435,88.8242733936367,86.0151277337668,86.82621765136719,4732800,0.0,0.0
2023-10-04 00:00:00-04:00,88.45829448699146,88.98253453995807,87.51861977467361,88.0725326538086,4291800,0.0,0.0
2023-10-05 00:00:00-04:00,88.0033007557547,89.26939175267434,86.07448388527757,89.01221466064453,4544000,0.0,0.0
2023-10-06 00:00:00-04:00,89.56613111258457,91.54440009312539,89.49689200012553,91.11907196044922,4262500,0.0,0.0
2023-10-09 00:00:00-04:00,90.13982748074666,91.17842176135997,89.51667544027724,91.05972290039062,3007500,0.0,0.0
2023-10-10 00:00:00-04:00,91.13885514790104,92.42473305772113,90.90146497331033,91.99940490722656,3524000,0.0,0.0
2023-10-11 00:00:00-04:00,95.45147364493334,98.14192053438548,93.98755135043842,97.76604461669922,11823000,0.0,0.0
2023-10-12 00:00:00-04:00,98.4386593254302,100.96095524743558,97.9935518316632,99.09149169921875,10153800,0.0,0.0
2023-10-13 00:00:00-04:00,100.48617015040121,102.86998791576802,99.44758345415003,101.03019714355469,14136900,0.0,0.0
2023-10-16 00:00:00-04:00,100.17953385583169,100.3674718123973,98.84420388472607,100.05094909667969,6383500,0.0,0.0
2023-10-17 00:00:00-04:00,100.09052487905589,100.7235703705735,99.1904088400714,100.06085205078125,4137400,0.0,0.0
2023-10-18 00:00:00-04:00,99.70476103130287,100.1201957118631,99.03214926665886,99.47725677490234,2863700,0.0,0.0
2023-10-19 00:00:00-04:00,97.69680928330678,97.88474724941314,95.21408717162478,96.598876953125,5088600,0.0,0.0
2023-10-20 00:00:00-04:00,96.44061096007003,97.16268244464007,95.01625490639607,95.24375915527344,3943900,0.0,0.0
2023-10-23 00:00:00-04:00,96.02517675736588,96.85604609502678,95.2833259002413,96.06474304199219,2622700,0.0,0.0
2023-10-24 00:00:00-04:00,95.30311022683296,96.6483337881152,95.19430482507501,96.46039581298828,3225800,0.0,0.0
2023-10-25 00:00:00-04:00,97.20224540735545,97.50888223843054,95.45148063736727,96.37137603759766,2829200,0.0,0.0
2023-10-26 00:00:00-04:00,94.95691427525477,95.1646316196522,93.55234506275937,94.16560363769531,3348000,0.0,0.0
2023-10-27 00:00:00-04:00,92.75114045307392,93.47321197183375,91.93016453828902,92.48407745361328,3297100,0.0,0.0
2023-10-30 00:00:00-04:00,95.66909232575608,96.35159756188878,94.87778168831242,95.35256958007812,4095400,0.0,0.0
2023-10-31 00:00:00-04:00,95.64930620794374,95.73833223998587,94.61071947743619,95.52072143554688,3190000,0.0,0.0
2023-11-01 00:00:00-04:00,96.35158936556704,97.05387391197085,95.94604062308909,96.61865234375,3119200,0.0,0.0
2023-11-02 00:00:00-04:00,100.17953906503709,101.13900071939906,99.21019149933949,99.83334350585938,5377700,0.0,0.0
2023-11-03 00:00:00-04:00,97.60779322996981,97.76605082655017,95.73832961972398,97.10333251953125,4445400,0.0,0.0
2023-11-06 00:00:00-05:00,98.74529427480002,100.3971470004962,98.31996615806119,99.9817123413086,3732700,0.0,0.0
2023-11-07 00:00:00-05:00,99.66518768233745,100.8917122674719,99.46735626764037,100.5850830078125,4359500,0.0,0.0
2023-11-08 00:00:00-05:00,100.87193818690352,102.12813566346753,98.34964222940059,100.65432739257812,7718200,0.0,0.0
2023-11-09 00:00:00-05:00,99.77399976825221,100.54552347109498,98.66616641110775,98.94312286376953,4482900,0.0,0.0
2023-11-10 00:00:00-05:00,99.11127417473695,100.30813356419691,97.44952790795885,100.09052276611328,5638600,0.0,0.0
2023-11-13 00:00:00-05:00,98.36942396147799,100.8620471517176,96.70767768348406,99.68497467041016,8415000,0.0,0.0
2023-11-14 00:00:00-05:00,98.61670622501272,98.70573225382448,97.43964130648146,98.12213897705078,5477000,0.0,0.0
2023-11-15 00:00:00-05:00,97.23192453022386,97.7363776925843,94.95691215784325,95.38224029541016,7039300,0.0,0.0
2023-11-16 00:00:00-05:00,97.88474863288526,98.54746693278868,97.04398582217972,98.44855499267578,5080600,0.0,0.0
2023-11-17 00:00:00-05:00,100.14986711203449,100.60486807185269,99.45747598763661,100.28834533691406,3806800,0.0,0.0
2023-11-20 00:00:00-05:00,100.39715190619239,102.61281107662013,100.38725844815774,102.46443939208984,4618300,0.0,0.0
2023-11-21 00:00:00-05:00,102.23694599542591,102.49412308717824,100.75324419504318,101.66324615478516,4088000,0.0,0.0
2023-11-22 00:00:00-05:00,101.94019957714197,102.58313851410313,101.03019764453403,102.13803100585938,2692000,0.0,0.0
2023-11-24 00:00:00-05:00,103.09749198851048,104.54162744919152,103.01835941755601,104.30422973632812,4598700,0.0,0.0
2023-11-27 00:00:00-05:00,103.74042977230239,104.29435025664651,102.56336477937894,102.74140930175781,4746000,0.0,0.0
2023-11-28 00:00:00-05:00,100.76314062885758,101.1390090459812,99.93226367192935,100.32791900634766,5147700,0.0,0.0
2023-11-29 00:00:00-05:00,100.44660851023703,101.19834527443163,99.76410331062894,100.89171600341797,2664600,0.0,0.0
2023-11-30 00:00:00-05:00,100.38726388765846,100.88183116522609,99.91248352723228,100.73345947265625,2671100,0.0,0.0
2023-12-01 00:00:00-05:00,100.00149604811648,100.65432843787232,99.22007889060447,99.3091049194336,4565700,0.0,0.0
2023-12-04 00:00:00-05:00,99.4772526284491,100.05095242806995,98.49801162323216,99.82344818115234,2988000,0.0,0.0
2023-12-05 00:00:00-05:00,98.29030054953307,98.79475372423362,97.83529957322604,98.54747009277344,2846000,0.0,0.0
2023-12-06 00:00:00-05:00,98.17159946638797,98.18149292444164,96.52963256835938,96.52963256835938,3082100,0.0,0.0
2023-12-07 00:00:00-05:00,96.2230044761876,96.24279139253942,94.69973641648798,95.75811004638672,3424800,0.0,0.0
2023-12-08 00:00:00-05:00,95.35256802216249,95.99550696126862,95.17452350897152,95.58995819091797,3599100,0.0,0.0
2023-12-11 00:00:00-05:00,95.38223510028165,96.03505991163117,93.70070955767213,95.59984588623047,5039600,0.0,0.0
2023-12-12 00:00:00-05:00,94.01724254408106,95.28333356802086,93.92821650988334,95.16463470458984,3642400,0.0,0.0
2023-12-13 00:00:00-05:00,95.87680517859347,97.85507413302933,95.78777915146533,97.82540130615234,5528200,0.0,0.0
2023-12-14 00:00:00-05:00,97.44952728182115,97.65725216701892,95.90647988204788,96.9351806640625,5689000,0.0,0.0
2023-12-15 00:00:00-05:00,96.4702881658351,96.4702881658351,95.48115364955011,96.04496002197266,5230000,0.0,0.0
2023-12-18 00:00:00-05:00,98.43866703135875,98.71563104423626,97.44953248200366,97.904541015625,4724300,0.0,0.0
2023-12-19 00:00:00-05:00,98.79475142470072,99.5069294741691,98.4584493160614,98.90355682373047,3497000,0.0,0.0
2023-12-20 00:00:00-05:00,100.10040785868432,101.75226820039641,99.95204372165693,100.20921325683594,5389600,0.0,0.0
2023-12-21 00:00:00-05:00,101.7423781022856,102.35564422607422,101.45552818373113,102.35564422607422,3608900,0.0,0.0
2023-12-22 00:00:00-05:00,102.03911681494658,102.43476457066322,101.46541700406134,101.59400177001953,2211100,0.0,0.0
2023-12-26 00:00:00-05:00,101.44563219760623,102.00943856237188,101.29726805937634,101.5643310546875,1851400,0.0,0.0
2023-12-27 00:00:00-05:00,101.54455291223246,102.68205156706061,101.23791608102455,102.553466796875,2254900,0.0,0.0
2023-12-28 00:00:00-05:00,103.41401598274443,103.84923003528901,102.34574890136719,102.34574890136719,2380100,0.0,0.0
2023-12-29 00:00:00-05:00,102.42487773648826,102.55346250128792,101.61378777018137,102.32595825195312,2055900,0.0,0.0
2024-01-02 00:00:00-05:00,100.6048711109729,101.5148730580991,100.6048711109729,101.00052642822266,2637400,0.0,0.0
2024-01-03 00:00:00-05:00,100.94117690200845,102.71172098378864,100.92138998633094,102.4941177368164,4064100,0.0,0.0
2024-01-04 00:00:00-05:00,103.9679252162549,107.79587834922935,103.88879264713724,106.46054077148438,9132800,0.0,0.0
2024-01-05 00:00:00-05:00,105.40217588877334,106.02533548890824,104.57130648392383,104.82848358154297,3974100,0.0,0.0
2024-01-08 00:00:00-05:00,105.02630094689508,105.38238996869936,104.12618493441832,105.24391174316406,2880700,0.0,0.0
2024-01-09 00:00:00-05:00,104.97684334925393,105.80772026594589,104.57130212232494,105.78793334960938,3681100,0.0,0.0
2024-01-10 00:00:00-05:00,106.6583732095578,107.588154492801,106.5100015276741,107.48924255371094,4725900,0.0,0.0
2024-01-11 00:00:00-05:00,107.1331547713825,107.50903070935588,104.82847713266459,105.53076171875,5021300,0.0,0.0
2024-01-12 00:00:00-05:00,105.77804807248941,106.30228816108996,105.56043727046712,105.99565887451172,3582900,0.0,0.0
2024-01-16 00:00:00-05:00,105.6989110759481,105.87695558410596,104.70977659651493,105.19445037841797,3131300,0.0,0.0
2024-01-17 00:00:00-05:00,105.16477737831357,105.94619452135879,104.39325369306562,105.52086639404297,2685800,0.0,0.0
2024-01-18 00:00:00-05:00,105.14499822105412,106.52978045557262,104.76912228897294,106.38141632080078,3364500,0.0,0.0
2024-01-19 00:00:00-05:00,106.02532529141475,106.73750331078735,105.34282009843317,105.79782104492188,3572000,0.0,0.0
2024-01-22 00:00:00-05:00,105.16477921846968,105.45162912763189,104.34379577636719,104.34379577636719,2907000,0.0,0.0
2024-01-23 00:00:00-05:00,102.57324493048996,104.34379659623231,102.25672219142692,104.22510528564453,8654600,0.0,0.0
2024-01-24 00:00:00-05:00,105.4911895041522,105.86705787450234,104.06683349609375,104.06683349609375,2537500,0.0,0.0
2024-01-25 00:00:00-05:00,104.58119039374633,104.58119039374633,103.67118094983552,104.53173065185547,2275100,0.0,0.0
2024-01-26 00:00:00-05:00,105.37249162575137,107.02434434412771,105.263686232661,106.89575958251953,5544700,0.0,0.0
2024-01-29 00:00:00-05:00,106.95510490692438,107.83543395996094,106.52977679337324,107.83543395996094,3915900,0.0,0.0
2024-01-30 00:00:00-05:00,108.00359255108353,108.14207076977488,107.28152108519554,107.83543395996094,5105000,0.0,0.0
2024-01-31 00:00:00-05:00,110.93143895401484,114.85830424219915,110.93143895401484,113.49329376220703,12716100,0.0,0.0
2024-02-01 00:00:00-05:00,112.76133160113112,114.60112235202725,112.10849921691114,114.5318832397461,6837200,0.0,0.0
2024-02-02 00:00:00-05:00,112.52393754941718,113.3548068680847,112.00958340753036,112.46458435058594,5136000,0.0,0.0
2024-02-05 00:00:00-05:00,115.12536758810533,117.31135399848003,115.00666872751347,116.97505187988281,8730300,0.0,0.0
2024-02-06 00:00:00-05:00,117.04428558156056,117.41026051175372,115.39243280050685,116.33210754394531,6274900,0.0,0.0
2024-02-07 00:00:00-05:00,115.69906491307485,118.36972507311326,115.54079976905905,117.3707046508789,6206000,0.0,0.0
2024-02-08 00:00:00-05:00,116.76733557371998,117.34102787211297,116.23320201604567,117.1036376953125,4544700,0.0,0.0
2024-02-09 00:00:00-05:00,118.69614399563488,120.32821748487437,118.1817973587794,119.88310241699219,5294500,0.0,0.0
2024-02-12 00:00:00-05:00,119.11157728932528,119.5369054355068,117.99385799656807,119.22038269042969,4497800,0.0,0.0
2024-02-13 00:00:00-05:00,118.35984012348183,119.24016924135684,118.13233586373438,118.68624877929688,4186600,0.0,0.0
2024-02-14 00:00:00-05:00,119.20060096819549,121.99984587396735,119.0720086531565,121.95039367675781,5678200,0.0,0.0
2024-02-15 00:00:00-05:00,121.44593133956378,121.81191381719538,119.77429163844556,120.4271240234375,4764000,0.0,0.0
2024-02-16 00:00:00-05:00,120.51613961391658,123.28571913498962,120.2292972599349,122.66256713867188,6607200,0.0,0.0
2024-02-20 00:00:00-05:00,123.26594856631701,123.40442679760716,119.40832236745437,120.13038635253906,5070400,0.0,0.0
2024-02-21 00:00:00-05:00,117.70700557337584,119.67538111658362,117.01461444154316,119.61603546142578,4122300,0.0,0.0
2024-02-22 00:00:00-05:00,121.7327807209704,123.51322581189474,121.67343506677199,123.16702270507812,3589500,0.0,0.0
2024-02-23 00:00:00-05:00,122.32626100353542,122.82082825029977,121.57452422193165,122.10865020751953,3759400,0.0,0.0
2024-02-26 00:00:00-05:00,121.8613663394316,122.82082800366734,121.45582512207778,122.1482162475586,4451800,0.0,0.0
2024-02-27 00:00:00-05:00,118.66646287249507,121.22831751234614,118.48841836708672,120.90190887451172,7637000,0.0,0.0
2024-02-28 00:00:00-05:00,120.63484080017817,120.8227787670751,119.61603348878425,120.21940612792969,3075200,0.0,0.0
2024-02-29 00:00:00-05:00,118.80494521273417,118.97309626631156,117.61798683319125,118.46863555908203,5479800,0.0,0.0
2024-03-01 00:00:00-05:00,121.46572528543136,123.07801187891154,120.92169826645151,122.88018798828125,5559600,0.0,0.0
2024-03-04 00:00:00-05:00,125.94649487148097,127.37085093441523,125.61018522484497,126.55975341796875,6816900,0.0,0.0
2024-03-05 00:00:00-05:00,124.87822983053442,125.45192964804394,122.62300439232156,123.29561614990234,4807800,0.0,0.0
2024-03-06 00:00:00-05:00,123.00876178575179,123.81985173935401,122.01962732787119,123.39452362060547,3895500,0.0,0.0
2024-03-07 00:00:00-05:00,131.99009666754006,136.7775035381989,131.42628281525933,134.44314575195312,19606800,0.0,0.0
2024-03-08 00:00:00-05:00,132.44509857155956,133.36500147059718,129.67553414928182,131.62413024902344,12725100,0.0,0.0
2024-03-11 00:00:00-04:00,131.92085673487233,132.06923595813285,129.32932930625645,129.8140106201172,5734500,0.0,0.0
2024-03-12 00:00:00-04:00,130.17011098527632,133.65185368532002,130.02173174906724,133.6419677734375,6340600,0.0,0.0
2024-03-13 00:00:00-04:00,132.78141689369792,134.02772089436687,131.2581413554416,132.03956604003906,6847000,0.0,0.0
2024-03-14 00:00:00-04:00,134.3739419895151,134.44317356343646,132.41544460665355,133.11773681640625,3506900,0.0,0.0
2024-03-15 00:00:00-04:00,132.42533496923969,132.54402628242073,130.4272790037198,130.93173217773438,3777700,0.0,0.0
2024-03-18 00:00:00-04:00,130.14044093113904,132.2967470211259,129.6458736525554,131.4460906982422,3898800,0.0,0.0
2024-03-19 00:00:00-04:00,130.60529941297906,130.77346554265583,129.0919249898334,129.9425811767578,4393500,0.0,0.0
2024-03-20 00:00:00-04:00,129.72498260591354,130.00193905627094,127.43019843252448,128.94357299804688,4403900,0.0,0.0
2024-03-21 00:00:00-04:00,127.59834338186614,129.64585892728198,125.72887988487484,128.41932678222656,6548800,0.0,0.0
2024-03-22 00:00:00-04:00,128.73813753203507,129.00713495374956,127.63227613375187,128.27984619140625,3225800,0.93,0.0
2024-03-25 00:00:00-04:00,128.51895477356513,129.7642934826113,128.23004288189736,128.5687713623047,3320000,0.0,0.0
2024-03-26 00:00:00-04:00,129.61485859721157,129.67463242279555,127.96104514724168,128.92742919921875,4218200,0.0,0.0
2024-03-27 00:00:00-04:00,127.85146444079025,128.1403763536794,126.81534164664441,127.572509765625,3941200,0.0,0.0
2024-03-28 00:00:00-04:00,127.91123111732517,129.67463501676983,127.31347004669514,127.92118835449219,3656500,0.0,0.0
2024-04-01 00:00:00-04:00,128.62855169307653,128.62855169307653,126.67586141065344,127.07437133789062,3065100,0.0,0.0
2024-04-02 00:00:00-04:00,124.58369563477929,126.20761468115708,123.61731151725613,125.98843383789062,4322400,0.0,0.0
2024-04-03 00:00:00-04:00,124.91245962960852,127.65221257675174,124.91245962960852,126.5164566040039,3616400,0.0,0.0
2024-04-04 00:00:00-04:00,126.42679624202165,127.00463526828672,123.30846302848603,123.49775695800781,4006800,0.0,0.0
2024-04-05 00:00:00-04:00,124.2051058341311,125.69951235925774,124.13536716699632,125.39067077636719,4995400,0.0,0.0
2024-04-08 00:00:00-04:00,126.52641930771954,127.1540673128272,125.5201834511023,126.98470306396484,3017100,0.0,0.0
2024-04-09 00:00:00-04:00,125.70947900729736,126.26738835240687,123.75678869846931,124.39440155029297,3215200,0.0,0.0
2024-04-10 00:00:00-04:00,122.92988352564797,124.79291311448884,122.7804413488413,124.46414184570312,3025300,0.0,0.0
2024-04-11 00:00:00-04:00,125.01209181205058,125.41059414209377,123.6671198448483,124.93238830566406,2419000,0.0,0.0
2024-04-12 00:00:00-04:00,126.26738783636428,126.58619426097319,123.88630068985991,124.04570770263672,3310000,0.0,0.0
2024-04-15 00:00:00-04:00,125.34085434376686,125.57996486076985,123.0593928004064,123.43798065185547,2896700,0.0,0.0
2024-04-16 00:00:00-04:00,122.61107428925582,123.78667439844585,121.33584859812319,122.98965454101562,3044100,0.0,0.0
2024-04-17 00:00:00-04:00,124.48406005305525,124.74309264473945,122.80036720946947,124.06562805175781,3075100,0.0,0.0
2024-04-18 00:00:00-04:00,122.84021894323077,123.6372311930637,122.05316393084772,122.29226684570312,2841000,0.0,0.0
2024-04-19 00:00:00-04:00,123.01955147609692,124.07559634716016,122.00335075783867,122.2524185180664,5181100,0.0,0.0
2024-04-22 00:00:00-04:00,122.1328583654278,125.7792138775797,122.11293628982317,124.79290771484375,3798300,0.0,0.0
2024-04-23 00:00:00-04:00,126.09802804310107,128.27985650075408,125.86888235437112,128.16030883789062,3703600,0.0,0.0
2024-04-24 00:00:00-04:00,126.6858233015699,126.84522270818934,124.88256763298946,125.6895523071289,3143100,0.0,0.0
2024-04-25 00:00:00-04:00,123.2287628931519,125.38070430888318,122.75054946690908,125.32093048095703,3434400,0.0,0.0
2024-04-26 00:00:00-04:00,125.6795893470312,127.42306361335679,125.52018233708516,126.3769760131836,3312500,0.0,0.0
2024-04-29 00:00:00-04:00,126.84522201903714,127.49279968209439,126.04820218743677,126.4068603515625,1877000,0.0,0.0
2024-04-30 00:00:00-04:00,127.57250272642558,129.9735194497979,127.014585805935,127.83152770996094,7841000,0.0,0.0
2024-05-01 00:00:00-04:00,127.32343420229296,129.64474740842306,127.0245498681079,128.72817993164062,5184400,0.0,0.0
2024-05-02 00:00:00-04:00,127.46291371755014,127.46291371755014,123.36823931408323,123.55752563476562,8487100,0.0,0.0
2024-05-03 00:00:00-04:00,122.46162828314287,123.30845710456856,120.83770930556315,122.59114837646484,5932900,0.0,0.0
2024-05-06 00:00:00-04:00,121.54506603079192,124.17522094994003,121.32588518737211,124.12540435791016,3636600,0.0,0.0
2024-05-07 00:00:00-04:00,126.1777252946324,127.32343847957151,125.90872786464033,126.81533813476562,4167500,0.0,0.0
2024-05-08 00:00:00-04:00,127.03451698694512,127.95107687923914,126.14783640747284,126.21757507324219,4060300,0.0,0.0
2024-05-09 00:00:00-04:00,126.9647849204408,128.3197141551946,126.46664939592677,128.18023681640625,2374000,0.0,0.0
2024-05-10 00:00:00-04:00,128.60862372887053,129.78423145030084,127.8514632180759,127.94112396240234,3081100,0.0,0.0
2024-05-13 00:00:00-04:00,130.97974735051832,133.0021762298473,129.91373010180695,131.91624450683594,6145000,0.0,0.0
2024-05-14 00:00:00-04:00,131.68710086979385,132.50405043252562,130.81039267790138,132.42434692382812,2920700,0.0,0.0
2024-05-15 00:00:00-04:00,132.45422212907687,134.28735706138178,132.404405540309,134.15785217285156,3719700,0.0,0.0
2024-05-16 00:00:00-04:00,132.63356021883507,133.17153985833937,131.9859749617426,132.54388427734375,2894400,0.0,0.0
2024-05-17 00:00:00-04:00,131.44799468964388,131.59742925492907,130.36206297686854,131.39817810058594,2590300,0.0,0.0
2024-05-20 00:00:00-04:00,130.95982057831205,133.1217268351242,130.5115016664007,132.4143829345703,2411700,0.0,0.0
2024-05-21 00:00:00-04:00,132.8626997789575,134.9747894122705,132.82285562820528,134.65599060058594,3559800,0.0,0.0
2024-05-22 00:00:00-04:00,133.1018079225572,134.1478802815096,132.27490119167868,133.5301971435547,2683000,0.0,0.0
2024-05-23 00:00:00-04:00,135.9511489763281,136.7083094727122,134.4965866100841,135.06446838378906,4370700,0.0,0.0
2024-05-24 00:00:00-04:00,133.99844894020168,136.19024209066734,133.71949427751818,135.53269958496094,2843900,0.0,0.0
2024-05-28 00:00:00-04:00,133.94863249409576,134.08810982558754,132.20515824950425,133.58001708984375,3145600,0.0,0.0
2024-05-29 00:00:00-04:00,131.85647039441585,132.64351778044534,131.5675432969157,132.1852264404297,3169200,0.0,0.0
2024-05-30 00:00:00-04:00,133.39072607335274,134.07815550849458,132.28486463462227,132.30479431152344,2759900,0.0,0.0
2024-05-31 00:00:00-04:00,134.53643269391407,135.35338223233353,133.2612069964847,134.77554321289062,3446300,0.0,0.0
2024-06-03 00:00:00-04:00,133.3508842824914,136.18029037698096,133.18150482866648,135.11427307128906,4496700,0.0,0.0
2024-06-04 00:00:00-04:00,135.9312202466116,139.47794264147834,135.27367772570548,139.3982391357422,5071200,0.0,0.0
2024-06-05 00:00:00-04:00,140.83287081876372,141.87895842140261,139.55764513996806,140.47421264648438,3786700,0.0,0.0
2024-06-06 00:00:00-04:00,140.66350860857605,142.4069829042661,140.3646242603656,141.86898803710938,4369200,0.0,0.0
2024-06-07 00:00:00-04:00,142.53650767859048,143.19403502395826,141.73948779117714,142.3472137451172,3511200,0.0,0.0
2024-06-10 00:00:00-04:00,141.59002721465333,143.4032477003036,140.72327632419896,143.0944061279297,3655000,0.0,0.0
2024-06-11 00:00:00-04:00,141.38082384580073,142.40698177842887,140.49414324764956,141.26126098632812,4433300,0.0,0.0
2024-06-12 00:00:00-04:00,142.9848245024272,143.9611658690933,141.47048825890138,142.7257843017578,3242800,0.0,0.0
2024-06-13 00:00:00-04:00,142.29739244075182,142.3770959470434,140.61369197482964,141.9586639404297,2857200,0.0,0.0
2024-06-14 00:00:00-04:00,141.67970077955704,142.6460696309478,141.36088677349483,141.96861267089844,2831700,0.0,0.0
2024-06-17 00:00:00-04:00,141.47048423747577,141.60000433412873,139.81667070286593,139.8465576171875,3164400,0.0,0.0
2024-06-18 00:00:00-04:00,140.53398837276026,141.18157366022945,139.25876267674298,140.27496337890625,2640200,0.0,0.0
2024-06-20 00:00:00-04:00,140.9822986130369,143.05454404194367,140.2849119787626,140.46424865722656,3205600,0.0,0.0
2024-06-21 00:00:00-04:00,140.93249806008075,142.0283870055981,140.6834303176602,141.43063354492188,3033300,0.0,0.0
2024-06-24 00:00:00-04:00,141.34096066992183,142.12802326609992,140.98230250498133,141.7494354248047,2992100,0.0,0.0
2024-06-25 00:00:00-04:00,144.9673940354572,147.59754898164925,144.1404872453054,146.3621826171875,6341700,0.0,0.0
2024-06-26 00:00:00-04:00,145.01721378974372,145.0769876213416,142.25753868315223,143.13426208496094,4384500,0.0,0.0
2024-06-27 00:00:00-04:00,143.32354679740726,144.81795329875578,142.89514236203837,143.95120239257812,2592400,0.0,0.0
2024-06-28 00:00:00-04:00,144.12057171923016,145.04709648582255,142.1379868848684,142.20773315429688,2757500,0.0,0.0
2024-07-01 00:00:00-04:00,143.05455351455754,145.44561310711146,143.02466659981596,144.8777313232422,3435800,0.0,0.0
2024-07-02 00:00:00-04:00,141.16164022078306,142.83536820148694,138.5115557161129,142.4468231201172,6594500,0.0,0.0
2024-07-03 00:00:00-04:00,140.812948333442,140.99228502968515,135.502821745783,138.35215759277344,7455800,0.0,0.0
2024-07-05 00:00:00-04:00,139.88641344078718,142.32727432741757,139.82663961365245,141.83909606933594,3664500,0.0,0.0
2024-07-08 00:00:00-04:00,141.74943642172403,143.15418217777793,141.6498032411386,142.5364990234375,2909400,0.0,0.0
2024-07-09 00:00:00-04:00,140.22514030415442,140.76311994402138,138.55141235622278,139.9063262939453,4580500,0.0,0.0
2024-07-10 00:00:00-04:00,139.32851046827219,142.25753454458624,139.1591310144858,142.20773315429688,3045200,0.0,0.0
2024-07-11 00:00:00-04:00,141.7394856683454,141.99851066707208,138.2824239299548,139.2687225341797,3836400,0.0,0.0
2024-07-12 00:00:00-04:00,141.2214149014832,142.9549319221603,141.1018672455362,141.55018615722656,2877600,0.0,0.0
2024-07-15 00:00:00-04:00,142.71582720303556,142.95493772652725,140.54396362173938,140.86276245117188,2434100,0.0,0.0
2024-07-16 00:00:00-04:00,141.47048718075368,141.69962526261594,140.08567104811624,140.34469604492188,2221100,0.0,0.0
2024-07-17 00:00:00-04:00,135.9013376161613,136.1105460236603,133.92870999126058,134.91502380371094,6703800,0.0,0.0
2024-07-18 00:00:00-04:00,134.43681820875568,134.46670512416884,126.3570593677837,129.50527954101562,9758200,0.0,0.0
2024-07-19 00:00:00-04:00,132.11550154913482,133.00218215542876,130.81038893556737,131.0494842529297,4319500,0.0,0.0
2024-07-22 00:00:00-04:00,131.507772381659,132.76306837262206,131.35833781198093,132.68336486816406,3720400,0.0,0.0
2024-07-23 00:00:00-04:00,133.06195943950044,134.1678209166813,132.52397975957805,132.7830047607422,2383200,0.0,0.0
2024-07-24 00:00:00-04:00,132.00590599751547,132.40440831222412,130.43179601120522,131.10926818847656,2663400,0.0,0.0
2024-07-25 00:00:00-04:00,128.61859072723462,129.49529886004237,125.87883790725209,127.38320922851562,5326100,0.0,0.0
2024-07-26 00:00:00-04:00,126.38694352788868,127.78171688972895,125.8888080126758,126.25743103027344,3179100,0.0,0.0
2024-07-29 00:00:00-04:00,127.53265041095015,129.04698664891131,126.90500239182832,127.572509765625,3094000,0.0,0.0
2024-07-30 00:00:00-04:00,130.61112969466208,131.1789962401753,127.11420887556166,128.7480926513672,4388100,0.0,0.0
2024-07-31 00:00:00-04:00,132.25498467563426,132.39446201749905,131.14912317874544,132.13543701171875,3580400,0.0,0.0
2024-08-01 00:00:00-04:00,131.5575896912535,133.83904361151357,130.61113527371137,131.966064453125,3669000,0.0,0.0
2024-08-02 00:00:00-04:00,129.29604889979785,129.64474982984132,126.37697457172145,127.01458740234375,4774000,0.0,0.0
2024-08-05 00:00:00-04:00,123.42801885923282,126.94485442344809,122.27234840231193,125.5301513671875,5888800,0.0,0.0
2024-08-06 00:00:00-04:00,128.26989444440275,130.78050168345524,127.80164584659047,129.63478088378906,6994300,0.0,0.0
2024-08-07 00:00:00-04:00,122.23248945359738,123.15902177271222,118.35699593409255,118.78539276123047,13899900,0.0,0.0
2024-08-08 00:00:00-04:00,125.42055804016499,127.86141899762801,122.75055140379513,127.69205474853516,10281300,0.0,0.0
2024-08-09 00:00:00-04:00,129.9535901603352,134.14788250847815,129.72445208953008,132.9722900390625,7503700,0.0,0.0
2024-08-12 00:00:00-04:00,131.07938283428007,131.53765898145775,129.06691115671677,129.4056396484375,3602700,0.0,0.0
2024-08-13 00:00:00-04:00,131.06941541471085,133.74938694102707,131.06941541471085,133.07192993164062,3343400,0.0,0.0
2024-08-14 00:00:00-04:00,132.20515959990354,134.34715138627143,131.746883449702,133.9187469482422,1967900,0.0,0.0
2024-08-15 00:00:00-04:00,136.10058000058123,137.17655448964874,135.03456274869342,137.0570068359375,2916100,0.0,0.0
2024-08-16 00:00:00-04:00,135.39999389648438,135.6699981689453,134.66000366210938,134.88999938964844,2111300,0.513,0.0
2024-08-19 00:00:00-04:00,135.07000732421875,136.1300048828125,134.9499969482422,135.25,1681800,0.0,0.0
2024-08-20 00:00:00-04:00,135.19000244140625,136.33999633789062,134.5399932861328,135.80999755859375,2106900,0.0,0.0
2024-08-21 00:00:00-04:00,135.35000610351562,135.57000732421875,133.3800048828125,134.9600067138672,2410500,0.0,0.0
2024-08-22 00:00:00-04:00,137.3300018310547,138.49000549316406,136.11000061035156,136.8800048828125,2723800,0.0,0.0
2024-08-23 00:00:00-04:00,136.57000732421875,137.14999389648438,135.9199981689453,136.97000122070312,2112200,0.0,0.0
2024-08-26 00:00:00-04:00,135.24000549316406,135.72000122070312,134.6199951171875,135.3000030517578,1781100,0.0,0.0
2024-08-27 00:00:00-04:00,133.91000366210938,135.5,133.77000427246094,135.17999267578125,2124400,0.0,0.0
2024-08-28 00:00:00-04:00,134.66000366210938,135.1699981689453,134.10000610351562,134.47999572753906,2765400,0.0,0.0
2024-08-29 00:00:00-04:00,136.47000122070312,137.8800048828125,135.74000549316406,137.52000427246094,2754700,0.0,0.0
2024-08-30 00:00:00-04:00,138.2100067138672,139.74000549316406,137.85000610351562,139.16000366210938,2718300,0.0,0.0
2024-09-03 00:00:00-04:00,138.55999755859375,138.6199951171875,135.8300018310547,136.25999450683594,2309800,0.0,0.0
2024-09-04 00:00:00-04:00,134.0399932861328,134.91000366210938,133.6300048828125,134.52999877929688,1811600,0.0,0.0
2024-09-05 00:00:00-04:00,132.00999450683594,132.66000366210938,130.52999877929688,130.88999938964844,2883500,0.0,0.0
2024-09-06 00:00:00-04:00,133.75999450683594,134.16000366210938,130.57000732421875,131.13999938964844,2591800,0.0,0.0
2024-09-09 00:00:00-04:00,132.02999877929688,132.94000244140625,130.91000366210938,131.91000366210938,1881800,0.0,0.0
2024-09-10 00:00:00-04:00,129.22999572753906,130.1199951171875,128.39999389648438,129.77999877929688,2246700,0.0,0.0
2024-09-11 00:00:00-04:00,133.13999938964844,135.82000732421875,130.97999572753906,135.22999572753906,3930300,0.0,0.0
2024-09-12 00:00:00-04:00,135.24000549316406,136.97000122070312,134.64999389648438,136.66000366210938,2170800,0.0,0.0
2024-09-13 00:00:00-04:00,136.86000061035156,137.88999938964844,136.3699951171875,137.0,2375300,0.0,0.0
2024-09-16 00:00:00-04:00,138.05999755859375,138.22000122070312,136.77000427246094,136.89999389648438,1776200,0.0,0.0
2024-09-17 00:00:00-04:00,133.60000610351562,135.16000366210938,131.8000030517578,132.0,3515800,0.0,0.0
2024-09-18 00:00:00-04:00,132.8300018310547,133.27000427246094,131.3000030517578,132.05999755859375,2854800,0.0,0.0
2024-09-19 00:00:00-04:00,134.66000366210938,135.1999969482422,133.6300048828125,134.8800048828125,2653900,0.0,0.0
2024-09-20 00:00:00-04:00,129.10000610351562,129.47999572753906,126.12999725341797,127.51000213623047,9683500,0.0,0.0
2024-09-23 00:00:00-04:00,124.0,125.2699966430664,122.94000244140625,123.69999694824219,7069900,0.0,0.0
2024-09-24 00:00:00-04:00,124.31999969482422,126.66000366210938,123.7699966430664,125.44000244140625,4974100,0.0,0.0
2024-09-25 00:00:00-04:00,127.37000274658203,127.61000061035156,126.4000015258789,126.94999694824219,2943600,0.0,0.0
2024-09-26 00:00:00-04:00,125.5999984741211,125.62000274658203,123.9800033569336,124.30000305175781,4369500,0.0,0.0
2024-09-27 00:00:00-04:00,120.55000305175781,121.33999633789062,119.1500015258789,120.76000213623047,9655300,0.0,0.0
2024-09-30 00:00:00-04:00,117.58999633789062,119.12000274658203,117.48999786376953,119.06999969482422,6855500,0.0,0.0
2024-10-01 00:00:00-04:00,118.79000091552734,118.91999816894531,117.31999969482422,118.01000213623047,3978400,0.0,0.0
2024-10-02 00:00:00-04:00,116.68000030517578,116.79000091552734,115.4000015258789,116.4800033569336,5958600,0.0,0.0
2024-10-03 00:00:00-04:00,116.23999786376953,116.33000183105469,115.02999877929688,115.08000183105469,4320900,0.0,0.0
2024-10-04 00:00:00-04:00,114.23999786376953,115.16000366210938,113.79000091552734,115.12000274658203,6307000,0.0,0.0
2024-10-07 00:00:00-04:00,117.13999938964844,118.55000305175781,117.0199966430664,117.7699966430664,4245300,0.0,0.0
2024-10-08 00:00:00-04:00,117.44000244140625,117.88999938964844,116.58999633789062,117.19999694824219,3808000,0.0,0.0
2024-10-09 00:00:00-04:00,116.54000091552734,117.16000366210938,115.81999969482422,117.0,3971400,0.0,0.0
2024-10-10 00:00:00-04:00,117.9800033569336,118.44000244140625,117.12000274658203,117.52999877929688,2911300,0.0,0.0
2024-10-11 00:00:00-04:00,119.91999816894531,120.55999755859375,119.4800033569336,120.04000091552734,4115800,0.0,0.0
2024-10-14 00:00:00-04:00,119.5999984741211,120.47000122070312,119.55000305175781,119.77999877929688,2477300,0.0,0.0
2024-10-15 00:00:00-04:00,118.98999786376953,119.08999633789062,117.13999938964844,117.80999755859375,3613900,0.0,0.0
2024-10-16 00:00:00-04:00,116.94999694824219,118.05999755859375,116.44000244140625,118.02999877929688,3019000,0.0,0.0
2024-10-17 00:00:00-04:00,118.58999633789062,119.06999969482422,118.12000274658203,118.22000122070312,2998300,0.0,0.0
2024-10-18 00:00:00-04:00,117.76000213623047,118.2699966430664,117.13999938964844,118.08999633789062,3193200,0.0,0.0
2024-10-21 00:00:00-04:00,117.94999694824219,117.95999908447266,116.87999725341797,117.33000183105469,3230600,0.0,0.0
2024-10-22 00:00:00-04:00,115.0,116.6500015258789,114.76000213623047,116.47000122070312,4689700,0.0,0.0
2024-10-23 00:00:00-04:00,116.33000183105469,116.44000244140625,114.94999694824219,115.73999786376953,3220700,0.0,0.0
2024-10-24 00:00:00-04:00,115.20999908447266,115.26000213623047,113.91000366210938,113.91999816894531,4499900,0.0,0.0
2024-10-25 00:00:00-04:00,113.9000015258789,114.19000244140625,113.0999984741211,113.37999725341797,4594600,0.0,0.0
2024-10-28 00:00:00-04:00,112.41000366210938,112.72000122070312,111.66999816894531,112.36000061035156,5356000,0.0,0.0
2024-10-29 00:00:00-04:00,111.62000274658203,113.2699966430664,111.1500015258789,111.9800033569336,8243400,0.0,0.0
2024-10-30 00:00:00-04:00,108.88999938964844,113.76000213623047,107.23999786376953,113.23999786376953,11109200,0.0,0.0
2024-10-31 00:00:00-04:00,110.20999908447266,112.16000366210938,109.62999725341797,111.94999694824219,8455300,0.0,0.0
2024-11-01 00:00:00-04:00,112.87999725341797,113.0199966430664,111.79000091552734,111.94000244140625,4554700,0.0,0.0
2024-11-04 00:00:00-05:00,110.19000244140625,110.66000366210938,109.44000244140625,109.72000122070312,6215000,0.0,0.0
2024-11-05 00:00:00-05:00,107.9800033569336,110.30000305175781,107.75,110.12999725341797,6604300,0.0,0.0
2024-11-06 00:00:00-05:00,108.2699966430664,108.75,105.02999877929688,105.36000061035156,12044600,0.0,0.0
2024-11-07 00:00:00-05:00,106.0999984741211,107.73999786376953,105.58999633789062,107.62999725341797,8363200,0.0,0.0
2024-11-08 00:00:00-05:00,107.1500015258789,107.87000274658203,106.43000030517578,107.19999694824219,5222600,0.0,0.0
2024-11-11 00:00:00-05:00,109.66999816894531,110.61000061035156,108.93000030517578,109.08999633789062,4941900,0.0,0.0
2024-11-12 00:00:00-05:00,106.80999755859375,107.61000061035156,105.69999694824219,107.05999755859375,5135400,0.0,0.0
2024-11-13 00:00:00-05:00,106.87999725341797,107.79000091552734,106.55000305175781,106.91000366210938,3157100,0.0,0.0
2024-11-14 00:00:00-05:00,106.83000183105469,107.0,105.0,105.31999969482422,4467100,0.0,0.0
2024-11-15 00:00:00-05:00,101.66999816894531,102.33999633789062,100.31999969482422,101.73999786376953,8076200,0.0,0.0
2024-11-18 00:00:00-05:00,100.31999969482422,101.0,99.41999816894531,99.80999755859375,8790100,0.0,0.0
2024-11-19 00:00:00-05:00,101.18000030517578,103.12000274658203,101.13999938964844,102.62999725341797,5778700,0.0,0.0
2024-11-20 00:00:00-05:00,103.43000030517578,105.73999786376953,103.0,105.2699966430664,7520700,0.0,0.0
2024-11-21 00:00:00-05:00,103.18000030517578,103.22000122070312,101.51000213623047,102.62999725341797,6185400,0.0,0.0
2024-11-22 00:00:00-05:00,103.91000366210938,106.23999786376953,103.86000061035156,105.05999755859375,6143300,0.0,0.0
2024-11-25 00:00:00-05:00,105.30999755859375,105.91999816894531,104.0,104.55999755859375,4294600,0.0,0.0
2024-11-26 00:00:00-05:00,106.66999816894531,107.69999694824219,105.62999725341797,106.12999725341797,6761400,0.0,0.0
2024-11-27 00:00:00-05:00,105.79000091552734,106.12999725341797,104.95999908447266,106.12999725341797,3990600,0.0,0.0
2024-11-29 00:00:00-05:00,105.43000030517578,107.4000015258789,105.3499984741211,106.80000305175781,2775100,0.0,0.0
2024-12-02 00:00:00-05:00,108.93000030517578,109.13999938964844,108.1500015258789,108.66999816894531,4948300,0.0,0.0
2024-12-03 00:00:00-05:00,110.77999877929688,110.87999725341797,109.05000305175781,109.19999694824219,4828700,0.0,0.0
2024-12-04 00:00:00-05:00,110.22000122070312,110.5199966430664,108.95999908447266,108.97000122070312,4485600,0.0,0.0
2024-12-05 00:00:00-05:00,108.62000274658203,109.31999969482422,108.2300033569336,108.81999969482422,3914400,0.0,0.0
2024-12-06 00:00:00-05:00,109.93000030517578,111.30999755859375,109.75,110.7699966430664,6045700,0.0,0.0
2024-12-09 00:00:00-05:00,111.72000122070312,111.98999786376953,110.30000305175781,111.08000183105469,4908900,0.0,0.0
2024-12-10 00:00:00-05:00,111.55000305175781,111.55000305175781,108.69999694824219,109.19000244140625,4621700,0.0,0.0
2024-12-11 00:00:00-05:00,110.44999694824219,112.5199966430664,110.0199966430664,111.69000244140625,6545700,0.0,0.0
2024-12-12 00:00:00-05:00,110.87999725341797,111.16999816894531,108.41000366210938,108.61000061035156,3650800,0.0,0.0
2024-12-13 00:00:00-05:00,107.04000091552734,107.61000061035156,104.13999938964844,106.94999694824219,6250400,0.0,0.0
2024-12-16 00:00:00-05:00,109.29000091552734,109.87999725341797,107.87000274658203,108.05000305175781,5346900,0.0,0.0
2024-12-17 00:00:00-05:00,107.75,108.98999786376953,107.7300033569336,108.01000213623047,5415500,0.0,0.0
2024-12-18 00:00:00-05:00,108.38999938964844,109.04000091552734,105.4800033569336,105.95999908447266,3760900,0.0,0.0
2024-12-19 00:00:00-05:00,104.2699966430664,104.75,102.73999786376953,103.44000244140625,4797968,0.0,0.0
