Date,Open,High,Low,Close,Volume,Dividends,Stock Splits
2022-01-03 00:00:00-05:00,12.050000190734863,12.3100004196167,11.920000076293945,12.020000457763672,232200,0.0,0.0
2022-01-04 00:00:00-05:00,12.130000114440918,12.890000343322754,12.130000114440918,12.869999885559082,127900,0.0,0.0
2022-01-05 00:00:00-05:00,12.9399995803833,13.369999885559082,12.920000076293945,13.239999771118164,143300,0.0,0.0
2022-01-06 00:00:00-05:00,13.270000457763672,13.479999542236328,12.979999542236328,13.329999923706055,114500,0.0,0.0
2022-01-07 00:00:00-05:00,13.239999771118164,13.760000228881836,13.199999809265137,13.630000114440918,143900,0.0,0.0
2022-01-10 00:00:00-05:00,13.569999694824219,13.75,12.930000305175781,13.260000228881836,169300,0.0,0.0
2022-01-11 00:00:00-05:00,13.260000228881836,13.5600004196167,12.880000114440918,13.170000076293945,199700,0.0,0.0
2022-01-12 00:00:00-05:00,13.319999694824219,13.460000038146973,13.020000457763672,13.029999732971191,93000,0.0,0.0
2022-01-13 00:00:00-05:00,13.079999923706055,13.260000228881836,12.720000267028809,12.75,118900,0.0,0.0
2022-01-14 00:00:00-05:00,12.680000305175781,13.170000076293945,12.479999542236328,13.109999656677246,153600,0.0,0.0
2022-01-18 00:00:00-05:00,13.210000038146973,13.210000038146973,12.789999961853027,13.0,186800,0.0,0.0
2022-01-19 00:00:00-05:00,12.859999656677246,13.239999771118164,12.720000267028809,12.989999771118164,158300,0.0,0.0
2022-01-20 00:00:00-05:00,12.989999771118164,13.199999809265137,12.350000381469727,12.369999885559082,156200,0.0,0.0
2022-01-21 00:00:00-05:00,12.180000305175781,12.489999771118164,12.079999923706055,12.359999656677246,198200,0.0,0.0
2022-01-24 00:00:00-05:00,12.140000343322754,12.5,11.760000228881836,12.40999984741211,194800,0.0,0.0
2022-01-25 00:00:00-05:00,12.220000267028809,13.069999694824219,12.020000457763672,13.0,140100,0.0,0.0
2022-01-26 00:00:00-05:00,13.079999923706055,13.270000457763672,12.270000457763672,12.380000114440918,110700,0.0,0.0
2022-01-27 00:00:00-05:00,12.399999618530273,12.399999618530273,11.5,11.609999656677246,188900,0.0,0.0
2022-01-28 00:00:00-05:00,11.5600004196167,12.25,11.239999771118164,11.9399995803833,240000,0.0,0.0
2022-01-31 00:00:00-05:00,11.789999961853027,12.180000305175781,11.699999809265137,12.029999732971191,183300,0.0,0.0
2022-02-01 00:00:00-05:00,12.119999885559082,12.550000190734863,11.890000343322754,12.029999732971191,124100,0.0,0.0
2022-02-02 00:00:00-05:00,11.970000267028809,12.1899995803833,11.470000267028809,12.029999732971191,160300,0.0,0.0
2022-02-03 00:00:00-05:00,11.869999885559082,12.130000114440918,11.470000267028809,11.489999771118164,89700,0.0,0.0
2022-02-04 00:00:00-05:00,11.449999809265137,11.479999542236328,11.109999656677246,11.380000114440918,137400,0.0,0.0
2022-02-07 00:00:00-05:00,11.4399995803833,11.760000228881836,11.380000114440918,11.600000381469727,114400,0.0,0.0
2022-02-08 00:00:00-05:00,12.15999984741211,12.84000015258789,12.15999984741211,12.489999771118164,241700,0.0,0.0
2022-02-09 00:00:00-05:00,12.520000457763672,12.890000343322754,12.479999542236328,12.869999885559082,308600,0.0,0.0
2022-02-10 00:00:00-05:00,12.670000076293945,13.289999961853027,12.670000076293945,13.100000381469727,123400,0.0,0.0
2022-02-11 00:00:00-05:00,13.029999732971191,13.550000190734863,13.029999732971191,13.5,188900,0.0,0.0
2022-02-14 00:00:00-05:00,13.550000190734863,13.770000457763672,13.289999961853027,13.430000305175781,189500,0.0,0.0
2022-02-15 00:00:00-05:00,13.029999732971191,13.970000267028809,13.029999732971191,13.829999923706055,113400,0.0,0.0
2022-02-16 00:00:00-05:00,13.84000015258789,14.100000381469727,13.770000457763672,14.079999923706055,138100,0.0,0.0
2022-02-17 00:00:00-05:00,14.010000228881836,14.220000267028809,13.710000038146973,14.149999618530273,89900,0.0,0.0
2022-02-18 00:00:00-05:00,14.130000114440918,14.569999694824219,13.880000114440918,13.930000305175781,142000,0.0,0.0
2022-02-22 00:00:00-05:00,13.760000228881836,14.020000457763672,13.420000076293945,13.600000381469727,127900,0.0,0.0
2022-02-23 00:00:00-05:00,13.710000038146973,13.75,13.479999542236328,13.5600004196167,146600,0.0,0.0
2022-02-24 00:00:00-05:00,13.0600004196167,14.039999961853027,13.0600004196167,14.020000457763672,114400,0.0,0.0
2022-02-25 00:00:00-05:00,14.0600004196167,14.289999961853027,13.970000267028809,14.229999542236328,60900,0.0,0.0
2022-02-28 00:00:00-05:00,14.25,14.869999885559082,14.239999771118164,14.710000038146973,132300,0.0,0.0
2022-03-01 00:00:00-05:00,14.699999809265137,14.699999809265137,14.050000190734863,14.170000076293945,106300,0.0,0.0
2022-03-02 00:00:00-05:00,13.5,14.369999885559082,12.329999923706055,14.210000038146973,197800,0.0,0.0
2022-03-03 00:00:00-05:00,14.15999984741211,14.15999984741211,13.010000228881836,13.180000305175781,127200,0.0,0.0
2022-03-04 00:00:00-05:00,13.020000457763672,13.020000457763672,12.449999809265137,12.899999618530273,127900,0.0,0.0
2022-03-07 00:00:00-05:00,13.0,13.520000457763672,12.880000114440918,12.880000114440918,236600,0.0,0.0
2022-03-08 00:00:00-05:00,13.020000457763672,13.859999656677246,12.890000343322754,13.180000305175781,153600,0.0,0.0
2022-03-09 00:00:00-05:00,13.34000015258789,13.989999771118164,13.279999732971191,13.680000305175781,161200,0.0,0.0
2022-03-10 00:00:00-05:00,13.489999771118164,13.680000305175781,13.199999809265137,13.279999732971191,144400,0.0,0.0
2022-03-11 00:00:00-05:00,13.380000114440918,13.449999809265137,12.779999732971191,12.779999732971191,142500,0.0,0.0
2022-03-14 00:00:00-04:00,12.890000343322754,12.970000267028809,12.640000343322754,12.949999809265137,125400,0.0,0.0
2022-03-15 00:00:00-04:00,12.989999771118164,13.109999656677246,12.710000038146973,12.989999771118164,428200,0.0,0.0
2022-03-16 00:00:00-04:00,13.0,13.369999885559082,12.850000381469727,13.0,286200,0.0,0.0
2022-03-17 00:00:00-04:00,13.0,13.0,12.729999542236328,12.899999618530273,125400,0.0,0.0
2022-03-18 00:00:00-04:00,12.920000076293945,13.369999885559082,12.829999923706055,13.140000343322754,357000,0.0,0.0
2022-03-21 00:00:00-04:00,13.119999885559082,13.199999809265137,12.859999656677246,13.0,138900,0.0,0.0
2022-03-22 00:00:00-04:00,13.09000015258789,13.520000457763672,13.0,13.239999771118164,250400,0.0,0.0
2022-03-23 00:00:00-04:00,13.239999771118164,13.260000228881836,12.9399995803833,13.0,192700,0.0,0.0
2022-03-24 00:00:00-04:00,13.119999885559082,13.890000343322754,12.970000267028809,13.770000457763672,454800,0.0,0.0
2022-03-25 00:00:00-04:00,13.739999771118164,14.380000114440918,13.640000343322754,13.739999771118164,243500,0.0,0.0
2022-03-28 00:00:00-04:00,13.699999809265137,13.800000190734863,13.119999885559082,13.380000114440918,159600,0.0,0.0
2022-03-29 00:00:00-04:00,13.520000457763672,13.760000228881836,13.319999694824219,13.399999618530273,100000,0.0,0.0
2022-03-30 00:00:00-04:00,13.319999694824219,13.479999542236328,13.020000457763672,13.069999694824219,83900,0.0,0.0
2022-03-31 00:00:00-04:00,13.109999656677246,13.3100004196167,12.779999732971191,12.930000305175781,144500,0.0,0.0
2022-04-01 00:00:00-04:00,13.0,13.1899995803833,12.680000305175781,13.020000457763672,147100,0.0,0.0
2022-04-04 00:00:00-04:00,13.0,13.109999656677246,12.4399995803833,12.510000228881836,106600,0.0,0.0
2022-04-05 00:00:00-04:00,12.520000457763672,12.699999809265137,11.600000381469727,11.630000114440918,165300,0.0,0.0
2022-04-06 00:00:00-04:00,11.430000305175781,11.600000381469727,11.0,11.430000305175781,144300,0.0,0.0
2022-04-07 00:00:00-04:00,11.399999618530273,11.75,11.229999542236328,11.699999809265137,132300,0.0,0.0
2022-04-08 00:00:00-04:00,11.829999923706055,11.869999885559082,11.3100004196167,11.369999885559082,112300,0.0,0.0
2022-04-11 00:00:00-04:00,11.279999732971191,11.680000305175781,11.199999809265137,11.289999961853027,62800,0.0,0.0
2022-04-12 00:00:00-04:00,11.390000343322754,11.819999694824219,11.289999961853027,11.579999923706055,63800,0.0,0.0
2022-04-13 00:00:00-04:00,11.569999694824219,11.979999542236328,11.569999694824219,11.920000076293945,54900,0.0,0.0
2022-04-14 00:00:00-04:00,12.09000015258789,12.260000228881836,11.920000076293945,11.970000267028809,75500,0.0,0.0
2022-04-18 00:00:00-04:00,11.9399995803833,11.9399995803833,11.479999542236328,11.699999809265137,78100,0.0,0.0
2022-04-19 00:00:00-04:00,11.6899995803833,12.010000228881836,11.609999656677246,11.630000114440918,63800,0.0,0.0
2022-04-20 00:00:00-04:00,11.75,11.760000228881836,11.520000457763672,11.59000015258789,79200,0.0,0.0
2022-04-21 00:00:00-04:00,11.649999618530273,11.75,11.010000228881836,11.130000114440918,85900,0.0,0.0
2022-04-22 00:00:00-04:00,11.0600004196167,11.399999618530273,10.920000076293945,10.979999542236328,94300,0.0,0.0
2022-04-25 00:00:00-04:00,10.829999923706055,11.170000076293945,10.449999809265137,10.729999542236328,135300,0.0,0.0
2022-04-26 00:00:00-04:00,10.59000015258789,11.029999732971191,10.199999809265137,10.319999694824219,105500,0.0,0.0
2022-04-27 00:00:00-04:00,10.289999961853027,10.5,9.979999542236328,10.0,160900,0.0,0.0
2022-04-28 00:00:00-04:00,10.079999923706055,10.270000457763672,9.239999771118164,10.079999923706055,263300,0.0,0.0
2022-04-29 00:00:00-04:00,9.989999771118164,10.4399995803833,9.65999984741211,9.6899995803833,126200,0.0,0.0
2022-05-02 00:00:00-04:00,9.619999885559082,9.800000190734863,9.380000114440918,9.619999885559082,83300,0.0,0.0
2022-05-03 00:00:00-04:00,9.550000190734863,9.760000228881836,9.34000015258789,9.5,205400,0.0,0.0
2022-05-04 00:00:00-04:00,9.59000015258789,9.930000305175781,9.390000343322754,9.899999618530273,125700,0.0,0.0
2022-05-05 00:00:00-04:00,9.760000228881836,9.920000076293945,9.699999809265137,9.800000190734863,289800,0.0,0.0
2022-05-06 00:00:00-04:00,10.050000190734863,11.380000114440918,9.6899995803833,10.729999542236328,252600,0.0,0.0
2022-05-09 00:00:00-04:00,10.449999809265137,10.449999809265137,9.670000076293945,10.119999885559082,258900,0.0,0.0
2022-05-10 00:00:00-04:00,10.260000228881836,10.640000343322754,10.100000381469727,10.59000015258789,153700,0.0,0.0
2022-05-11 00:00:00-04:00,10.680000305175781,11.119999885559082,10.300000190734863,10.359999656677246,152900,0.0,0.0
2022-05-12 00:00:00-04:00,10.25,10.5600004196167,10.149999618530273,10.539999961853027,103700,0.0,0.0
2022-05-13 00:00:00-04:00,10.569999694824219,10.859999656677246,10.470000267028809,10.710000038146973,90900,0.0,0.0
2022-05-16 00:00:00-04:00,10.699999809265137,11.100000381469727,10.579999923706055,10.640000343322754,82200,0.0,0.0
2022-05-17 00:00:00-04:00,10.84000015258789,11.399999618530273,10.720000267028809,11.199999809265137,96400,0.0,0.0
2022-05-18 00:00:00-04:00,11.020000457763672,11.350000381469727,10.649999618530273,10.760000228881836,88300,0.0,0.0
2022-05-19 00:00:00-04:00,10.75,11.140000343322754,10.449999809265137,10.510000228881836,109800,0.0,0.0
2022-05-20 00:00:00-04:00,10.59000015258789,10.880000114440918,9.899999618530273,10.149999618530273,96100,0.0,0.0
2022-05-23 00:00:00-04:00,10.149999618530273,10.199999809265137,9.819999694824219,10.029999732971191,96000,0.0,0.0
2022-05-24 00:00:00-04:00,9.970000267028809,10.119999885559082,9.529999732971191,9.899999618530273,88500,0.0,0.0
2022-05-25 00:00:00-04:00,9.829999923706055,10.119999885559082,9.829999923706055,10.0600004196167,71300,0.0,0.0
2022-05-26 00:00:00-04:00,10.15999984741211,10.420000076293945,10.109999656677246,10.220000267028809,59300,0.0,0.0
2022-05-27 00:00:00-04:00,10.3100004196167,10.600000381469727,10.079999923706055,10.550000190734863,141800,0.0,0.0
2022-05-31 00:00:00-04:00,10.529999732971191,10.630000114440918,10.369999885559082,10.5,63900,0.0,0.0
2022-06-01 00:00:00-04:00,10.59000015258789,10.75,10.449999809265137,10.520000457763672,89100,0.0,0.0
2022-06-02 00:00:00-04:00,10.470000267028809,10.930000305175781,10.390000343322754,10.800000190734863,63700,0.0,0.0
2022-06-03 00:00:00-04:00,10.770000457763672,10.890000343322754,10.399999618530273,10.739999771118164,89700,0.0,0.0
2022-06-06 00:00:00-04:00,10.869999885559082,11.5,10.710000038146973,10.829999923706055,71000,0.0,0.0
2022-06-07 00:00:00-04:00,10.720000267028809,10.930000305175781,10.640000343322754,10.890000343322754,58600,0.0,0.0
2022-06-08 00:00:00-04:00,10.899999618530273,11.710000038146973,10.850000381469727,11.680000305175781,129100,0.0,0.0
2022-06-09 00:00:00-04:00,11.569999694824219,11.640000343322754,11.260000228881836,11.279999732971191,85800,0.0,0.0
2022-06-10 00:00:00-04:00,11.050000190734863,11.600000381469727,10.869999885559082,11.510000228881836,169000,0.0,0.0
2022-06-13 00:00:00-04:00,11.15999984741211,11.649999618530273,10.800000190734863,11.550000190734863,581500,0.0,0.0
2022-06-14 00:00:00-04:00,11.550000190734863,11.550000190734863,10.5600004196167,10.84000015258789,199800,0.0,0.0
2022-06-15 00:00:00-04:00,10.90999984741211,11.5,10.890000343322754,11.34000015258789,191700,0.0,0.0
2022-06-16 00:00:00-04:00,11.069999694824219,11.100000381469727,10.149999618530273,10.829999923706055,132200,0.0,0.0
2022-06-17 00:00:00-04:00,10.9399995803833,11.149999618530273,10.6899995803833,11.079999923706055,249000,0.0,0.0
2022-06-21 00:00:00-04:00,11.220000267028809,11.449999809265137,10.899999618530273,10.970000267028809,128700,0.0,0.0
2022-06-22 00:00:00-04:00,10.800000190734863,10.949999809265137,10.609999656677246,10.760000228881836,117500,0.0,0.0
2022-06-23 00:00:00-04:00,10.75,10.819999694824219,10.390000343322754,10.760000228881836,63800,0.0,0.0
2022-06-24 00:00:00-04:00,10.789999961853027,11.050000190734863,10.720000267028809,10.760000228881836,159400,0.0,0.0
2022-06-27 00:00:00-04:00,10.869999885559082,10.930000305175781,10.430000305175781,10.850000381469727,99000,0.0,0.0
2022-06-28 00:00:00-04:00,10.859999656677246,11.119999885559082,10.539999961853027,10.539999961853027,71800,0.0,0.0
2022-06-29 00:00:00-04:00,10.710000038146973,10.989999771118164,9.680000305175781,9.829999923706055,97900,0.0,0.0
2022-06-30 00:00:00-04:00,9.670000076293945,10.1899995803833,9.5600004196167,10.170000076293945,127600,0.0,0.0
2022-07-01 00:00:00-04:00,10.0,10.489999771118164,10.0,10.399999618530273,56000,0.0,0.0
2022-07-05 00:00:00-04:00,10.180000305175781,10.180000305175781,9.84000015258789,10.0600004196167,73300,0.0,0.0
2022-07-06 00:00:00-04:00,10.069999694824219,10.170000076293945,9.619999885559082,9.930000305175781,60000,0.0,0.0
2022-07-07 00:00:00-04:00,9.880000114440918,10.470000267028809,9.880000114440918,10.1899995803833,78000,0.0,0.0
2022-07-08 00:00:00-04:00,10.25,10.390000343322754,9.989999771118164,10.109999656677246,92100,0.0,0.0
2022-07-11 00:00:00-04:00,10.550000190734863,10.550000190734863,9.789999961853027,9.84000015258789,39100,0.0,0.0
2022-07-12 00:00:00-04:00,9.770000457763672,10.170000076293945,9.770000457763672,10.020000457763672,27100,0.0,0.0
2022-07-13 00:00:00-04:00,9.760000228881836,10.0,9.729999542236328,9.880000114440918,31400,0.0,0.0
2022-07-14 00:00:00-04:00,9.710000038146973,9.819999694824219,9.529999732971191,9.75,48700,0.0,0.0
2022-07-15 00:00:00-04:00,9.960000038146973,10.6899995803833,9.649999618530273,10.079999923706055,58500,0.0,0.0
2022-07-18 00:00:00-04:00,10.170000076293945,10.859999656677246,10.170000076293945,10.489999771118164,86200,0.0,0.0
2022-07-19 00:00:00-04:00,10.529999732971191,10.699999809265137,10.40999984741211,10.489999771118164,47300,0.0,0.0
2022-07-20 00:00:00-04:00,10.420000076293945,10.710000038146973,10.199999809265137,10.489999771118164,55700,0.0,0.0
2022-07-21 00:00:00-04:00,10.520000457763672,10.520000457763672,10.140000343322754,10.40999984741211,60900,0.0,0.0
2022-07-22 00:00:00-04:00,10.350000381469727,10.460000038146973,10.140000343322754,10.239999771118164,58400,0.0,0.0
2022-07-25 00:00:00-04:00,10.289999961853027,10.489999771118164,10.149999618530273,10.470000267028809,44500,0.0,0.0
2022-07-26 00:00:00-04:00,10.510000228881836,10.539999961853027,10.239999771118164,10.319999694824219,31900,0.0,0.0
2022-07-27 00:00:00-04:00,10.34000015258789,10.699999809265137,10.34000015258789,10.65999984741211,78400,0.0,0.0
2022-07-28 00:00:00-04:00,10.779999732971191,10.880000114440918,10.550000190734863,10.770000457763672,54700,0.0,0.0
2022-07-29 00:00:00-04:00,10.699999809265137,11.270000457763672,10.699999809265137,11.220000267028809,66900,0.0,0.0
2022-08-01 00:00:00-04:00,11.100000381469727,11.329999923706055,10.729999542236328,11.109999656677246,74300,0.0,0.0
2022-08-02 00:00:00-04:00,11.0,11.210000038146973,10.779999732971191,10.949999809265137,60200,0.0,0.0
2022-08-03 00:00:00-04:00,11.0600004196167,11.300000190734863,10.720000267028809,11.15999984741211,49300,0.0,0.0
2022-08-04 00:00:00-04:00,11.079999923706055,11.5,10.9399995803833,11.34000015258789,57600,0.0,0.0
2022-08-05 00:00:00-04:00,11.15999984741211,11.270000457763672,10.920000076293945,11.020000457763672,53300,0.0,0.0
2022-08-08 00:00:00-04:00,11.0,11.220000267028809,10.65999984741211,11.170000076293945,73200,0.0,0.0
2022-08-09 00:00:00-04:00,11.229999542236328,11.710000038146973,11.010000228881836,11.520000457763672,74500,0.0,0.0
2022-08-10 00:00:00-04:00,11.550000190734863,11.739999771118164,11.34000015258789,11.5,137000,0.0,0.0
2022-08-11 00:00:00-04:00,11.5,11.65999984741211,11.460000038146973,11.5,93400,0.0,0.0
2022-08-12 00:00:00-04:00,11.5,11.880000114440918,11.119999885559082,11.670000076293945,77900,0.0,0.0
2022-08-15 00:00:00-04:00,11.539999961853027,11.949999809265137,10.699999809265137,11.930000305175781,67600,0.0,0.0
2022-08-16 00:00:00-04:00,11.850000381469727,12.3100004196167,11.65999984741211,12.229999542236328,98400,0.0,0.0
2022-08-17 00:00:00-04:00,12.050000190734863,12.180000305175781,11.819999694824219,11.859999656677246,66500,0.0,0.0
2022-08-18 00:00:00-04:00,11.779999732971191,12.029999732971191,11.739999771118164,11.899999618530273,35700,0.0,0.0
2022-08-19 00:00:00-04:00,11.720000267028809,11.720000267028809,11.470000267028809,11.520000457763672,58400,0.0,0.0
2022-08-22 00:00:00-04:00,11.319999694824219,11.380000114440918,11.020000457763672,11.25,94700,0.0,0.0
2022-08-23 00:00:00-04:00,11.199999809265137,11.5,11.0600004196167,11.069999694824219,70400,0.0,0.0
2022-08-24 00:00:00-04:00,11.0600004196167,11.220000267028809,10.670000076293945,10.729999542236328,76000,0.0,0.0
2022-08-25 00:00:00-04:00,10.6899995803833,10.899999618530273,10.550000190734863,10.640000343322754,63700,0.0,0.0
2022-08-26 00:00:00-04:00,10.9399995803833,10.9399995803833,10.0,10.069999694824219,69100,0.0,0.0
2022-08-29 00:00:00-04:00,10.09000015258789,10.239999771118164,9.8100004196167,9.850000381469727,74000,0.0,0.0
2022-08-30 00:00:00-04:00,9.789999961853027,9.829999923706055,9.420000076293945,9.470000267028809,92700,0.0,0.0
2022-08-31 00:00:00-04:00,9.4399995803833,9.470000267028809,9.1899995803833,9.210000038146973,149400,0.0,0.0
2022-09-01 00:00:00-04:00,9.300000190734863,9.300000190734863,8.720000267028809,8.760000228881836,188800,0.0,0.0
2022-09-02 00:00:00-04:00,8.899999618530273,9.100000381469727,8.630000114440918,8.760000228881836,219700,0.0,0.0
2022-09-06 00:00:00-04:00,8.760000228881836,8.770000457763672,8.5,8.600000381469727,153700,0.0,0.0
2022-09-07 00:00:00-04:00,8.550000190734863,8.6899995803833,8.449999809265137,8.600000381469727,124300,0.0,0.0
2022-09-08 00:00:00-04:00,8.5,8.899999618530273,8.460000038146973,8.829999923706055,88200,0.0,0.0
2022-09-09 00:00:00-04:00,9.020000457763672,9.069999694824219,8.8100004196167,8.84000015258789,141000,0.0,0.0
2022-09-12 00:00:00-04:00,8.869999885559082,9.449999809265137,8.800000190734863,9.40999984741211,98600,0.0,0.0
2022-09-13 00:00:00-04:00,9.279999732971191,9.420000076293945,8.649999618530273,8.779999732971191,103300,0.0,0.0
2022-09-14 00:00:00-04:00,8.859999656677246,8.9399995803833,8.640000343322754,8.859999656677246,143300,0.0,0.0
2022-09-15 00:00:00-04:00,8.850000381469727,8.869999885559082,8.550000190734863,8.699999809265137,233900,0.0,0.0
2022-09-16 00:00:00-04:00,8.539999961853027,8.539999961853027,8.1899995803833,8.380000114440918,229100,0.0,0.0
2022-09-19 00:00:00-04:00,8.3100004196167,8.510000228881836,8.119999885559082,8.319999694824219,178500,0.0,0.0
2022-09-20 00:00:00-04:00,8.3100004196167,8.760000228881836,8.229999542236328,8.75,259300,0.0,0.0
2022-09-21 00:00:00-04:00,8.8100004196167,9.069999694824219,8.619999885559082,8.850000381469727,153900,0.0,0.0
2022-09-22 00:00:00-04:00,8.75,8.829999923706055,8.270000457763672,8.619999885559082,197200,0.0,0.0
2022-09-23 00:00:00-04:00,8.619999885559082,8.619999885559082,8.25,8.329999923706055,131300,0.0,0.0
2022-09-26 00:00:00-04:00,8.279999732971191,8.59000015258789,8.25,8.34000015258789,110100,0.0,0.0
2022-09-27 00:00:00-04:00,8.390000343322754,8.569999694824219,8.300000190734863,8.350000381469727,116900,0.0,0.0
2022-09-28 00:00:00-04:00,8.4399995803833,8.460000038146973,8.239999771118164,8.359999656677246,95100,0.0,0.0
2022-09-29 00:00:00-04:00,8.229999542236328,8.229999542236328,7.889999866485596,8.069999694824219,100500,0.0,0.0
2022-09-30 00:00:00-04:00,8.029999732971191,8.229999542236328,7.840000152587891,7.860000133514404,91200,0.0,0.0
2022-10-03 00:00:00-04:00,7.909999847412109,8.40999984741211,7.829999923706055,8.350000381469727,107200,0.0,0.0
2022-10-04 00:00:00-04:00,8.420000076293945,8.720000267028809,8.289999961853027,8.369999885559082,117800,0.0,0.0
2022-10-05 00:00:00-04:00,8.199999809265137,8.350000381469727,8.0,8.020000457763672,98600,0.0,0.0
2022-10-06 00:00:00-04:00,7.949999809265137,8.130000114440918,7.860000133514404,7.929999828338623,98600,0.0,0.0
2022-10-07 00:00:00-04:00,7.909999847412109,7.909999847412109,7.610000133514404,7.610000133514404,111600,0.0,0.0
2022-10-10 00:00:00-04:00,7.75,8.050000190734863,7.599999904632568,7.960000038146973,145700,0.0,0.0
2022-10-11 00:00:00-04:00,7.869999885559082,8.300000190734863,7.860000133514404,8.149999618530273,162600,0.0,0.0
2022-10-12 00:00:00-04:00,8.069999694824219,8.069999694824219,7.559999942779541,7.71999979019165,212300,0.0,0.0
2022-10-13 00:00:00-04:00,7.559999942779541,8.199999809265137,7.53000020980835,8.039999961853027,100400,0.0,0.0
2022-10-14 00:00:00-04:00,8.029999732971191,8.229999542236328,7.989999771118164,8.020000457763672,79500,0.0,0.0
2022-10-17 00:00:00-04:00,8.140000343322754,8.3100004196167,8.020000457763672,8.149999618530273,101400,0.0,0.0
2022-10-18 00:00:00-04:00,8.270000457763672,8.460000038146973,8.25,8.300000190734863,242100,0.0,0.0
2022-10-19 00:00:00-04:00,8.329999923706055,8.390000343322754,8.130000114440918,8.369999885559082,81700,0.0,0.0
2022-10-20 00:00:00-04:00,8.319999694824219,8.489999771118164,8.069999694824219,8.140000343322754,72400,0.0,0.0
2022-10-21 00:00:00-04:00,8.220000267028809,8.359999656677246,8.050000190734863,8.260000228881836,68000,0.0,0.0
2022-10-24 00:00:00-04:00,8.270000457763672,8.4399995803833,8.100000381469727,8.420000076293945,89500,0.0,0.0
2022-10-25 00:00:00-04:00,8.369999885559082,8.670000076293945,8.369999885559082,8.539999961853027,113500,0.0,0.0
2022-10-26 00:00:00-04:00,8.579999923706055,8.850000381469727,8.399999618530273,8.670000076293945,71100,0.0,0.0
2022-10-27 00:00:00-04:00,8.75,9.119999885559082,8.75,8.899999618530273,54800,0.0,0.0
2022-10-28 00:00:00-04:00,8.90999984741211,9.300000190734863,8.8100004196167,9.140000343322754,66800,0.0,0.0
2022-10-31 00:00:00-04:00,9.079999923706055,9.329999923706055,8.800000190734863,9.260000228881836,85600,0.0,0.0
2022-11-01 00:00:00-04:00,9.40999984741211,9.600000381469727,9.3100004196167,9.5600004196167,118900,0.0,0.0
2022-11-02 00:00:00-04:00,9.5,9.640000343322754,9.010000228881836,9.020000457763672,110200,0.0,0.0
2022-11-03 00:00:00-04:00,8.859999656677246,9.319999694824219,8.779999732971191,9.170000076293945,79400,0.0,0.0
2022-11-04 00:00:00-04:00,9.319999694824219,9.4399995803833,9.050000190734863,9.4399995803833,66600,0.0,0.0
2022-11-07 00:00:00-05:00,9.479999542236328,9.539999961853027,9.300000190734863,9.479999542236328,116000,0.0,0.0
2022-11-08 00:00:00-05:00,9.25,9.319999694824219,8.140000343322754,8.180000305175781,181900,0.0,0.0
2022-11-09 00:00:00-05:00,8.100000381469727,8.15999984741211,7.590000152587891,7.610000133514404,97400,0.0,0.0
2022-11-10 00:00:00-05:00,7.909999847412109,8.65999984741211,7.690000057220459,8.649999618530273,158700,0.0,0.0
2022-11-11 00:00:00-05:00,8.649999618530273,8.960000038146973,8.539999961853027,8.779999732971191,122600,0.0,0.0
2022-11-14 00:00:00-05:00,8.65999984741211,8.65999984741211,8.229999542236328,8.359999656677246,153800,0.0,0.0
2022-11-15 00:00:00-05:00,8.59000015258789,8.970000267028809,8.34000015258789,8.899999618530273,142600,0.0,0.0
2022-11-16 00:00:00-05:00,8.550000190734863,8.6899995803833,7.53000020980835,7.619999885559082,244200,0.0,0.0
2022-11-17 00:00:00-05:00,7.599999904632568,7.820000171661377,7.460000038146973,7.789999961853027,119200,0.0,0.0
2022-11-18 00:00:00-05:00,7.960000038146973,8.350000381469727,7.840000152587891,8.140000343322754,148100,0.0,0.0
2022-11-21 00:00:00-05:00,8.0600004196167,8.470000267028809,7.949999809265137,8.109999656677246,132300,0.0,0.0
2022-11-22 00:00:00-05:00,8.180000305175781,8.399999618530273,7.949999809265137,8.300000190734863,106900,0.0,0.0
2022-11-23 00:00:00-05:00,8.279999732971191,8.489999771118164,8.1899995803833,8.3100004196167,72800,0.0,0.0
2022-11-25 00:00:00-05:00,8.359999656677246,8.359999656677246,8.109999656677246,8.300000190734863,38200,0.0,0.0
2022-11-28 00:00:00-05:00,8.170000076293945,8.260000228881836,7.659999847412109,7.760000228881836,110100,0.0,0.0
2022-11-29 00:00:00-05:00,7.710000038146973,8.140000343322754,7.650000095367432,7.980000019073486,172700,0.0,0.0
2022-11-30 00:00:00-05:00,7.920000076293945,8.399999618530273,7.809999942779541,8.399999618530273,158900,0.0,0.0
2022-12-01 00:00:00-05:00,8.430000305175781,8.829999923706055,8.229999542236328,8.670000076293945,163100,0.0,0.0
2022-12-02 00:00:00-05:00,8.510000228881836,9.149999618530273,8.25,9.130000114440918,106600,0.0,0.0
2022-12-05 00:00:00-05:00,9.109999656677246,9.199999809265137,8.920000076293945,9.0,95900,0.0,0.0
2022-12-06 00:00:00-05:00,9.510000228881836,10.850000381469727,9.510000228881836,10.399999618530273,659300,0.0,0.0
2022-12-07 00:00:00-05:00,10.25,10.890000343322754,10.09000015258789,10.600000381469727,225900,0.0,0.0
2022-12-08 00:00:00-05:00,10.640000343322754,10.90999984741211,10.460000038146973,10.880000114440918,194700,0.0,0.0
2022-12-09 00:00:00-05:00,10.6899995803833,10.880000114440918,10.4399995803833,10.449999809265137,189300,0.0,0.0
2022-12-12 00:00:00-05:00,10.449999809265137,10.449999809265137,9.6899995803833,9.84000015258789,221100,0.0,0.0
2022-12-13 00:00:00-05:00,10.039999961853027,10.40999984741211,9.880000114440918,10.319999694824219,204000,0.0,0.0
2022-12-14 00:00:00-05:00,10.359999656677246,10.470000267028809,10.100000381469727,10.140000343322754,197100,0.0,0.0
2022-12-15 00:00:00-05:00,10.079999923706055,10.079999923706055,9.649999618530273,9.739999771118164,175200,0.0,0.0
2022-12-16 00:00:00-05:00,9.569999694824219,9.800000190734863,9.390000343322754,9.670000076293945,230000,0.0,0.0
2022-12-19 00:00:00-05:00,9.670000076293945,9.739999771118164,9.59000015258789,9.59000015258789,153600,0.0,0.0
2022-12-20 00:00:00-05:00,9.619999885559082,9.729999542236328,9.229999542236328,9.579999923706055,173400,0.0,0.0
2022-12-21 00:00:00-05:00,9.710000038146973,9.930000305175781,9.670000076293945,9.84000015258789,113600,0.0,0.0
2022-12-22 00:00:00-05:00,9.739999771118164,9.739999771118164,9.260000228881836,9.529999732971191,136800,0.0,0.0
2022-12-23 00:00:00-05:00,9.550000190734863,9.6899995803833,9.329999923706055,9.479999542236328,54700,0.0,0.0
2022-12-27 00:00:00-05:00,9.369999885559082,9.859999656677246,9.34000015258789,9.770000457763672,146400,0.0,0.0
2022-12-28 00:00:00-05:00,9.800000190734863,9.930000305175781,9.039999961853027,9.600000381469727,174700,0.0,0.0
2022-12-29 00:00:00-05:00,9.630000114440918,10.0600004196167,9.489999771118164,10.010000228881836,136600,0.0,0.0
2022-12-30 00:00:00-05:00,9.920000076293945,10.359999656677246,9.859999656677246,10.300000190734863,85900,0.0,0.0
2023-01-03 00:00:00-05:00,10.380000114440918,10.729999542236328,10.0,10.140000343322754,188300,0.0,0.0
2023-01-04 00:00:00-05:00,10.329999923706055,10.430000305175781,10.170000076293945,10.279999732971191,164300,0.0,0.0
2023-01-05 00:00:00-05:00,10.130000114440918,10.40999984741211,9.930000305175781,10.329999923706055,57600,0.0,0.0
2023-01-06 00:00:00-05:00,10.34000015258789,10.819999694824219,10.34000015258789,10.630000114440918,143900,0.0,0.0
2023-01-09 00:00:00-05:00,10.800000190734863,10.800000190734863,10.170000076293945,10.180000305175781,92600,0.0,0.0
2023-01-10 00:00:00-05:00,10.0600004196167,10.34000015258789,9.920000076293945,10.289999961853027,148700,0.0,0.0
2023-01-11 00:00:00-05:00,10.210000038146973,10.880000114440918,10.210000038146973,10.739999771118164,93700,0.0,0.0
2023-01-12 00:00:00-05:00,10.75,11.020000457763672,10.5,10.970000267028809,197700,0.0,0.0
2023-01-13 00:00:00-05:00,10.819999694824219,11.130000114440918,10.819999694824219,10.989999771118164,106300,0.0,0.0
2023-01-17 00:00:00-05:00,10.930000305175781,10.979999542236328,10.630000114440918,10.649999618530273,127200,0.0,0.0
2023-01-18 00:00:00-05:00,10.720000267028809,10.779999732971191,10.449999809265137,10.5,295300,0.0,0.0
2023-01-19 00:00:00-05:00,10.449999809265137,10.59000015258789,10.229999542236328,10.34000015258789,83100,0.0,0.0
2023-01-20 00:00:00-05:00,11.75,14.859999656677246,11.5600004196167,14.65999984741211,3737900,0.0,0.0
2023-01-23 00:00:00-05:00,14.4399995803833,15.039999961853027,13.699999809265137,14.600000381469727,928100,0.0,0.0
2023-01-24 00:00:00-05:00,14.600000381469727,15.210000038146973,14.430000305175781,14.859999656677246,348500,0.0,0.0
2023-01-25 00:00:00-05:00,14.520000457763672,15.09000015258789,14.319999694824219,14.90999984741211,278400,0.0,0.0
2023-01-26 00:00:00-05:00,15.010000228881836,15.220000267028809,14.199999809265137,14.460000038146973,269200,0.0,0.0
2023-01-27 00:00:00-05:00,14.600000381469727,15.210000038146973,14.460000038146973,14.779999732971191,165600,0.0,0.0
2023-01-30 00:00:00-05:00,14.510000228881836,14.930000305175781,14.510000228881836,14.680000305175781,161000,0.0,0.0
2023-01-31 00:00:00-05:00,14.729999542236328,15.069999694824219,14.729999542236328,14.850000381469727,168000,0.0,0.0
2023-02-01 00:00:00-05:00,14.8100004196167,15.350000381469727,14.600000381469727,14.789999961853027,203300,0.0,0.0
2023-02-02 00:00:00-05:00,14.819999694824219,15.449999809265137,14.739999771118164,14.9399995803833,198700,0.0,0.0
2023-02-03 00:00:00-05:00,14.800000190734863,15.15999984741211,14.520000457763672,14.65999984741211,173200,0.0,0.0
2023-02-06 00:00:00-05:00,14.5600004196167,14.670000076293945,14.229999542236328,14.489999771118164,137400,0.0,0.0
2023-02-07 00:00:00-05:00,14.489999771118164,14.800000190734863,14.329999923706055,14.600000381469727,183600,0.0,0.0
2023-02-08 00:00:00-05:00,14.40999984741211,14.510000228881836,14.210000038146973,14.279999732971191,97300,0.0,0.0
2023-02-09 00:00:00-05:00,14.430000305175781,14.609999656677246,13.789999961853027,13.8100004196167,174700,0.0,0.0
2023-02-10 00:00:00-05:00,13.729999542236328,14.09000015258789,13.510000228881836,13.9399995803833,227300,0.0,0.0
2023-02-13 00:00:00-05:00,13.880000114440918,14.489999771118164,13.789999961853027,14.4399995803833,156000,0.0,0.0
2023-02-14 00:00:00-05:00,14.260000228881836,15.149999618530273,14.260000228881836,14.970000267028809,204500,0.0,0.0
2023-02-15 00:00:00-05:00,14.930000305175781,15.350000381469727,14.770000457763672,15.220000267028809,137900,0.0,0.0
2023-02-16 00:00:00-05:00,14.960000038146973,15.119999885559082,14.100000381469727,14.8100004196167,173300,0.0,0.0
2023-02-17 00:00:00-05:00,14.890000343322754,15.119999885559082,14.5600004196167,14.59000015258789,113000,0.0,0.0
2023-02-21 00:00:00-05:00,14.449999809265137,14.720000267028809,14.449999809265137,14.510000228881836,114900,0.0,0.0
2023-02-22 00:00:00-05:00,14.539999961853027,15.109999656677246,14.430000305175781,14.789999961853027,137400,0.0,0.0
2023-02-23 00:00:00-05:00,14.920000076293945,15.300000190734863,14.829999923706055,15.039999961853027,142300,0.0,0.0
2023-02-24 00:00:00-05:00,14.779999732971191,14.779999732971191,14.34000015258789,14.59000015258789,170400,0.0,0.0
2023-02-27 00:00:00-05:00,14.75,15.0,14.670000076293945,14.789999961853027,105600,0.0,0.0
2023-02-28 00:00:00-05:00,14.739999771118164,15.539999961853027,14.739999771118164,15.239999771118164,249500,0.0,0.0
2023-03-01 00:00:00-05:00,15.239999771118164,15.270000457763672,14.550000190734863,15.199999809265137,137500,0.0,0.0
2023-03-02 00:00:00-05:00,14.949999809265137,15.979999542236328,14.890000343322754,15.710000038146973,264700,0.0,0.0
2023-03-03 00:00:00-05:00,14.300000190734863,14.989999771118164,12.510000228881836,14.710000038146973,449600,0.0,0.0
2023-03-06 00:00:00-05:00,14.869999885559082,14.869999885559082,13.819999694824219,14.119999885559082,242200,0.0,0.0
2023-03-07 00:00:00-05:00,14.100000381469727,14.529999732971191,14.069999694824219,14.470000267028809,163400,0.0,0.0
2023-03-08 00:00:00-05:00,14.569999694824219,14.649999618530273,13.8100004196167,13.979999542236328,107200,0.0,0.0
2023-03-09 00:00:00-05:00,14.029999732971191,14.109999656677246,13.420000076293945,13.510000228881836,166800,0.0,0.0
2023-03-10 00:00:00-05:00,13.369999885559082,13.550000190734863,12.920000076293945,13.140000343322754,182000,0.0,0.0
2023-03-13 00:00:00-04:00,12.890000343322754,13.569999694824219,12.529999732971191,12.819999694824219,200600,0.0,0.0
2023-03-14 00:00:00-04:00,13.260000228881836,13.399999618530273,12.920000076293945,13.109999656677246,205800,0.0,0.0
2023-03-15 00:00:00-04:00,12.789999961853027,12.890000343322754,12.130000114440918,12.630000114440918,237900,0.0,0.0
2023-03-16 00:00:00-04:00,12.430000305175781,13.020000457763672,12.359999656677246,12.789999961853027,131300,0.0,0.0
2023-03-17 00:00:00-04:00,12.539999961853027,12.539999961853027,12.210000038146973,12.399999618530273,615700,0.0,0.0
2023-03-20 00:00:00-04:00,12.630000114440918,12.899999618530273,12.569999694824219,12.619999885559082,136000,0.0,0.0
2023-03-21 00:00:00-04:00,12.880000114440918,13.210000038146973,12.880000114440918,13.149999618530273,84100,0.0,0.0
2023-03-22 00:00:00-04:00,13.149999618530273,13.149999618530273,12.720000267028809,12.729999542236328,100200,0.0,0.0
2023-03-23 00:00:00-04:00,12.779999732971191,12.930000305175781,12.479999542236328,12.59000015258789,69200,0.0,0.0
2023-03-24 00:00:00-04:00,12.489999771118164,12.729999542236328,12.260000228881836,12.6899995803833,91200,0.0,0.0
2023-03-27 00:00:00-04:00,12.819999694824219,13.100000381469727,12.770000457763672,13.0600004196167,105500,0.0,0.0
2023-03-28 00:00:00-04:00,13.0,13.390000343322754,12.40999984741211,13.350000381469727,96000,0.0,0.0
2023-03-29 00:00:00-04:00,13.470000267028809,13.529999732971191,13.3100004196167,13.359999656677246,63000,0.0,0.0
2023-03-30 00:00:00-04:00,13.420000076293945,13.449999809265137,13.109999656677246,13.260000228881836,61700,0.0,0.0
2023-03-31 00:00:00-04:00,13.40999984741211,13.609999656677246,13.180000305175781,13.359999656677246,99800,0.0,0.0
2023-04-03 00:00:00-04:00,13.369999885559082,13.75,13.260000228881836,13.619999885559082,110500,0.0,0.0
2023-04-04 00:00:00-04:00,13.699999809265137,13.699999809265137,13.029999732971191,13.449999809265137,184300,0.0,0.0
2023-04-05 00:00:00-04:00,13.420000076293945,13.819999694824219,12.90999984741211,13.130000114440918,486800,0.0,0.0
2023-04-06 00:00:00-04:00,13.470000267028809,13.819999694824219,13.260000228881836,13.770000457763672,196100,0.0,0.0
2023-04-10 00:00:00-04:00,13.800000190734863,14.729999542236328,13.800000190734863,14.6899995803833,218400,0.0,0.0
2023-04-11 00:00:00-04:00,14.770000457763672,15.199999809265137,14.670000076293945,14.920000076293945,250100,0.0,0.0
2023-04-12 00:00:00-04:00,15.020000457763672,15.569999694824219,14.960000038146973,15.470000267028809,218500,0.0,0.0
2023-04-13 00:00:00-04:00,15.529999732971191,15.729999542236328,15.25,15.59000015258789,132600,0.0,0.0
2023-04-14 00:00:00-04:00,15.579999923706055,15.579999923706055,14.970000267028809,15.220000267028809,199300,0.0,0.0
2023-04-17 00:00:00-04:00,15.239999771118164,15.829999923706055,15.109999656677246,15.760000228881836,117300,0.0,0.0
2023-04-18 00:00:00-04:00,15.859999656677246,16.15999984741211,15.760000228881836,16.0,162700,0.0,0.0
2023-04-19 00:00:00-04:00,15.75,16.049999237060547,15.649999618530273,15.899999618530273,152000,0.0,0.0
2023-04-20 00:00:00-04:00,15.800000190734863,16.329999923706055,15.720000267028809,16.1200008392334,134100,0.0,0.0
2023-04-21 00:00:00-04:00,16.190000534057617,16.270000457763672,15.430000305175781,15.960000038146973,169400,0.0,0.0
2023-04-24 00:00:00-04:00,15.819999694824219,16.15999984741211,15.65999984741211,15.6899995803833,107300,0.0,0.0
2023-04-25 00:00:00-04:00,15.5,15.680000305175781,15.0,15.039999961853027,151400,0.0,0.0
2023-04-26 00:00:00-04:00,14.949999809265137,15.09000015258789,14.5,14.579999923706055,125000,0.0,0.0
2023-04-27 00:00:00-04:00,14.579999923706055,14.84000015258789,14.350000381469727,14.720000267028809,101100,0.0,0.0
2023-04-28 00:00:00-04:00,14.640000343322754,14.9399995803833,14.609999656677246,14.739999771118164,102900,0.0,0.0
2023-05-01 00:00:00-04:00,14.670000076293945,15.270000457763672,14.670000076293945,14.960000038146973,125100,0.0,0.0
2023-05-02 00:00:00-04:00,14.880000114440918,14.880000114440918,14.630000114440918,14.800000190734863,94400,0.0,0.0
2023-05-03 00:00:00-04:00,14.920000076293945,15.460000038146973,14.850000381469727,15.020000457763672,194400,0.0,0.0
2023-05-04 00:00:00-04:00,14.880000114440918,14.90999984741211,14.069999694824219,14.510000228881836,119500,0.0,0.0
2023-05-05 00:00:00-04:00,14.6899995803833,15.270000457763672,14.65999984741211,15.170000076293945,108500,0.0,0.0
2023-05-08 00:00:00-04:00,15.3100004196167,15.399999618530273,14.699999809265137,14.800000190734863,71300,0.0,0.0
2023-05-09 00:00:00-04:00,14.789999961853027,15.3100004196167,14.489999771118164,15.100000381469727,162800,0.0,0.0
2023-05-10 00:00:00-04:00,16.809999465942383,17.079999923706055,15.449999809265137,15.859999656677246,209400,0.0,0.0
2023-05-11 00:00:00-04:00,15.640000343322754,15.729999542236328,15.460000038146973,15.600000381469727,135400,0.0,0.0
2023-05-12 00:00:00-04:00,15.640000343322754,16.309999465942383,15.380000114440918,15.579999923706055,229600,0.0,0.0
2023-05-15 00:00:00-04:00,15.59000015258789,16.440000534057617,15.5600004196167,16.260000228881836,161800,0.0,0.0
2023-05-16 00:00:00-04:00,16.049999237060547,16.309999465942383,16.010000228881836,16.100000381469727,117800,0.0,0.0
2023-05-17 00:00:00-04:00,16.260000228881836,16.920000076293945,16.010000228881836,16.850000381469727,184300,0.0,0.0
2023-05-18 00:00:00-04:00,16.790000915527344,17.260000228881836,16.790000915527344,17.219999313354492,120700,0.0,0.0
2023-05-19 00:00:00-04:00,17.469999313354492,17.469999313354492,16.979999542236328,17.09000015258789,104300,0.0,0.0
2023-05-22 00:00:00-04:00,17.110000610351562,17.579999923706055,17.110000610351562,17.309999465942383,138400,0.0,0.0
2023-05-23 00:00:00-04:00,17.280000686645508,17.520000457763672,17.010000228881836,17.020000457763672,121200,0.0,0.0
2023-05-24 00:00:00-04:00,16.969999313354492,16.969999313354492,16.459999084472656,16.610000610351562,101900,0.0,0.0
2023-05-25 00:00:00-04:00,16.489999771118164,16.709999084472656,16.270000457763672,16.520000457763672,104000,0.0,0.0
2023-05-26 00:00:00-04:00,16.450000762939453,16.709999084472656,16.299999237060547,16.360000610351562,98700,0.0,0.0
2023-05-30 00:00:00-04:00,16.34000015258789,16.43000030517578,16.049999237060547,16.100000381469727,77100,0.0,0.0
2023-05-31 00:00:00-04:00,16.059999465942383,16.239999771118164,15.800000190734863,15.899999618530273,523400,0.0,0.0
2023-06-01 00:00:00-04:00,15.880000114440918,16.15999984741211,15.609999656677246,15.970000267028809,77100,0.0,0.0
2023-06-02 00:00:00-04:00,16.299999237060547,16.950000762939453,16.260000228881836,16.940000534057617,97000,0.0,0.0
2023-06-05 00:00:00-04:00,16.81999969482422,16.84000015258789,16.510000228881836,16.729999542236328,107600,0.0,0.0
2023-06-06 00:00:00-04:00,16.579999923706055,17.399999618530273,16.579999923706055,17.34000015258789,183500,0.0,0.0
2023-06-07 00:00:00-04:00,17.459999084472656,18.1299991607666,17.34000015258789,17.8700008392334,171600,0.0,0.0
2023-06-08 00:00:00-04:00,17.809999465942383,17.860000610351562,17.440000534057617,17.530000686645508,75700,0.0,0.0
2023-06-09 00:00:00-04:00,17.420000076293945,17.6299991607666,17.149999618530273,17.440000534057617,126200,0.0,0.0
2023-06-12 00:00:00-04:00,17.760000228881836,18.190000534057617,17.56999969482422,18.040000915527344,142400,0.0,0.0
2023-06-13 00:00:00-04:00,18.049999237060547,18.610000610351562,18.049999237060547,18.15999984741211,131900,0.0,0.0
2023-06-14 00:00:00-04:00,18.190000534057617,18.329999923706055,17.729999542236328,17.809999465942383,83500,0.0,0.0
2023-06-15 00:00:00-04:00,17.670000076293945,18.0,17.65999984741211,17.899999618530273,78300,0.0,0.0
2023-06-16 00:00:00-04:00,18.139999389648438,18.18000030517578,17.760000228881836,17.8799991607666,242000,0.0,0.0
2023-06-20 00:00:00-04:00,17.8700008392334,18.5,17.610000610351562,18.280000686645508,91200,0.0,0.0
2023-06-21 00:00:00-04:00,18.170000076293945,20.190000534057617,18.020000457763672,19.610000610351562,613800,0.0,0.0
2023-06-22 00:00:00-04:00,19.399999618530273,19.450000762939453,18.93000030517578,19.09000015258789,153100,0.0,0.0
2023-06-23 00:00:00-04:00,18.829999923706055,18.90999984741211,18.059999465942383,18.440000534057617,355100,0.0,0.0
2023-06-26 00:00:00-04:00,18.3799991607666,19.239999771118164,18.239999771118164,19.170000076293945,209000,0.0,0.0
2023-06-27 00:00:00-04:00,19.25,19.6200008392334,19.09000015258789,19.43000030517578,189600,0.0,0.0
2023-06-28 00:00:00-04:00,19.440000534057617,20.670000076293945,19.34000015258789,20.06999969482422,427600,0.0,0.0
2023-06-29 00:00:00-04:00,20.079999923706055,20.540000915527344,19.799999237060547,20.15999984741211,187400,0.0,0.0
2023-06-30 00:00:00-04:00,20.25,20.360000610351562,19.780000686645508,19.860000610351562,365700,0.0,0.0
2023-07-03 00:00:00-04:00,19.899999618530273,20.079999923706055,19.75,19.959999084472656,73100,0.0,0.0
2023-07-05 00:00:00-04:00,19.729999542236328,19.81999969482422,19.15999984741211,19.5,144500,0.0,0.0
2023-07-06 00:00:00-04:00,19.209999084472656,19.469999313354492,18.639999389648438,18.790000915527344,189800,0.0,0.0
2023-07-07 00:00:00-04:00,18.799999237060547,19.290000915527344,18.770000457763672,18.790000915527344,99100,0.0,0.0
2023-07-10 00:00:00-04:00,18.59000015258789,19.0,18.59000015258789,18.889999389648438,76800,0.0,0.0
2023-07-11 00:00:00-04:00,18.93000030517578,19.079999923706055,18.75,19.049999237060547,82900,0.0,0.0
2023-07-12 00:00:00-04:00,19.389999389648438,19.389999389648438,18.610000610351562,18.65999984741211,118700,0.0,0.0
2023-07-13 00:00:00-04:00,18.6299991607666,18.979999542236328,18.299999237060547,18.690000534057617,81500,0.0,0.0
2023-07-14 00:00:00-04:00,18.649999618530273,18.649999618530273,18.059999465942383,18.290000915527344,66600,0.0,0.0
2023-07-17 00:00:00-04:00,18.239999771118164,18.649999618530273,18.15999984741211,18.549999237060547,70500,0.0,0.0
2023-07-18 00:00:00-04:00,19.739999771118164,22.049999237060547,19.559999465942383,22.010000228881836,375700,0.0,0.0
2023-07-19 00:00:00-04:00,22.020000457763672,22.440000534057617,21.56999969482422,21.809999465942383,167800,0.0,0.0
2023-07-20 00:00:00-04:00,21.790000915527344,21.93000030517578,21.360000610351562,21.700000762939453,103200,0.0,0.0
2023-07-21 00:00:00-04:00,21.770000457763672,21.940000534057617,21.049999237060547,21.520000457763672,177600,0.0,0.0
2023-07-24 00:00:00-04:00,21.420000076293945,21.729999542236328,20.940000534057617,20.989999771118164,111900,0.0,0.0
2023-07-25 00:00:00-04:00,20.760000228881836,20.989999771118164,20.5,20.549999237060547,99400,0.0,0.0
2023-07-26 00:00:00-04:00,20.600000381469727,21.43000030517578,20.600000381469727,20.860000610351562,92300,0.0,0.0
2023-07-27 00:00:00-04:00,20.90999984741211,21.049999237060547,20.200000762939453,20.34000015258789,115500,0.0,0.0
2023-07-28 00:00:00-04:00,20.469999313354492,21.079999923706055,20.15999984741211,20.239999771118164,80700,0.0,0.0
2023-07-31 00:00:00-04:00,20.25,21.15999984741211,20.239999771118164,20.979999542236328,102100,0.0,0.0
2023-08-01 00:00:00-04:00,20.8700008392334,21.780000686645508,20.8700008392334,21.530000686645508,97800,0.0,0.0
2023-08-02 00:00:00-04:00,21.1200008392334,21.65999984741211,20.93000030517578,21.059999465942383,184600,0.0,0.0
2023-08-03 00:00:00-04:00,20.809999465942383,21.600000381469727,20.59000015258789,21.1299991607666,123000,0.0,0.0
2023-08-04 00:00:00-04:00,19.020000457763672,19.540000915527344,16.5,17.020000457763672,517400,0.0,0.0
2023-08-07 00:00:00-04:00,17.360000610351562,18.639999389648438,17.34000015258789,17.420000076293945,239600,0.0,0.0
2023-08-08 00:00:00-04:00,17.399999618530273,18.43000030517578,17.389999389648438,18.110000610351562,147600,0.0,0.0
2023-08-09 00:00:00-04:00,17.010000228881836,17.6299991607666,16.850000381469727,17.219999313354492,239000,0.0,0.0
2023-08-10 00:00:00-04:00,17.3700008392334,17.700000762939453,16.979999542236328,17.09000015258789,134300,0.0,0.0
2023-08-11 00:00:00-04:00,17.030000686645508,17.360000610351562,16.860000610351562,16.959999084472656,110400,0.0,0.0
2023-08-14 00:00:00-04:00,16.860000610351562,17.260000228881836,16.799999237060547,17.100000381469727,110900,0.0,0.0
2023-08-15 00:00:00-04:00,16.969999313354492,17.1299991607666,16.579999923706055,16.639999389648438,196200,0.0,0.0
2023-08-16 00:00:00-04:00,16.729999542236328,17.110000610351562,16.719999313354492,16.829999923706055,111900,0.0,0.0
2023-08-17 00:00:00-04:00,16.8700008392334,17.15999984741211,16.790000915527344,16.809999465942383,88700,0.0,0.0
2023-08-18 00:00:00-04:00,16.719999313354492,17.010000228881836,16.579999923706055,16.84000015258789,77600,0.0,0.0
2023-08-21 00:00:00-04:00,16.8700008392334,17.989999771118164,16.860000610351562,16.989999771118164,78900,0.0,0.0
2023-08-22 00:00:00-04:00,17.09000015258789,17.5,16.93000030517578,17.170000076293945,96500,0.0,0.0
2023-08-23 00:00:00-04:00,17.170000076293945,17.5,16.979999542236328,17.020000457763672,105900,0.0,0.0
2023-08-24 00:00:00-04:00,16.860000610351562,16.989999771118164,16.639999389648438,16.670000076293945,138200,0.0,0.0
2023-08-25 00:00:00-04:00,16.809999465942383,16.950000762939453,16.450000762939453,16.950000762939453,139100,0.0,0.0
2023-08-28 00:00:00-04:00,17.030000686645508,17.459999084472656,17.030000686645508,17.209999084472656,66100,0.0,0.0
2023-08-29 00:00:00-04:00,17.209999084472656,17.729999542236328,17.010000228881836,17.6299991607666,80300,0.0,0.0
2023-08-30 00:00:00-04:00,17.510000228881836,17.829999923706055,17.3799991607666,17.799999237060547,73500,0.0,0.0
2023-08-31 00:00:00-04:00,17.81999969482422,17.889999389648438,17.389999389648438,17.530000686645508,96600,0.0,0.0
2023-09-01 00:00:00-04:00,17.68000030517578,17.8799991607666,17.540000915527344,17.600000381469727,64000,0.0,0.0
2023-09-05 00:00:00-04:00,17.40999984741211,17.5,16.770000457763672,16.780000686645508,65400,0.0,0.0
2023-09-06 00:00:00-04:00,16.75,17.260000228881836,16.75,17.18000030517578,114400,0.0,0.0
2023-09-07 00:00:00-04:00,17.049999237060547,17.149999618530273,16.809999465942383,16.950000762939453,98400,0.0,0.0
2023-09-08 00:00:00-04:00,17.010000228881836,17.049999237060547,16.6200008392334,16.700000762939453,79500,0.0,0.0
2023-09-11 00:00:00-04:00,16.729999542236328,16.860000610351562,16.600000381469727,16.81999969482422,119100,0.0,0.0
2023-09-12 00:00:00-04:00,16.770000457763672,16.90999984741211,16.530000686645508,16.530000686645508,104900,0.0,0.0
2023-09-13 00:00:00-04:00,16.450000762939453,16.549999237060547,16.270000457763672,16.5,126000,0.0,0.0
2023-09-14 00:00:00-04:00,16.6299991607666,16.760000228881836,16.469999313354492,16.59000015258789,82100,0.0,0.0
2023-09-15 00:00:00-04:00,16.579999923706055,16.68000030517578,16.40999984741211,16.56999969482422,169300,0.0,0.0
2023-09-18 00:00:00-04:00,16.610000610351562,16.700000762939453,16.350000381469727,16.65999984741211,68200,0.0,0.0
2023-09-19 00:00:00-04:00,16.649999618530273,16.799999237060547,16.59000015258789,16.729999542236328,74700,0.0,0.0
2023-09-20 00:00:00-04:00,16.799999237060547,17.06999969482422,16.40999984741211,16.440000534057617,59100,0.0,0.0
2023-09-21 00:00:00-04:00,16.260000228881836,16.389999389648438,16.1299991607666,16.18000030517578,117500,0.0,0.0
2023-09-22 00:00:00-04:00,16.18000030517578,16.40999984741211,15.579999923706055,15.600000381469727,103200,0.0,0.0
2023-09-25 00:00:00-04:00,15.5,15.829999923706055,15.449999809265137,15.6899995803833,116800,0.0,0.0
2023-09-26 00:00:00-04:00,15.5600004196167,15.6899995803833,15.380000114440918,15.479999542236328,84400,0.0,0.0
2023-09-27 00:00:00-04:00,15.579999923706055,15.920000076293945,15.5,15.859999656677246,124300,0.0,0.0
2023-09-28 00:00:00-04:00,15.899999618530273,16.280000686645508,15.869999885559082,16.059999465942383,101900,0.0,0.0
2023-09-29 00:00:00-04:00,16.190000534057617,16.350000381469727,15.770000457763672,15.859999656677246,300100,0.0,0.0
2023-10-02 00:00:00-04:00,15.760000228881836,15.989999771118164,15.640000343322754,15.920000076293945,95900,0.0,0.0
2023-10-03 00:00:00-04:00,15.670000076293945,15.949999809265137,15.65999984741211,15.699999809265137,70600,0.0,0.0
2023-10-04 00:00:00-04:00,15.6899995803833,15.930000305175781,15.529999732971191,15.890000343322754,73800,0.0,0.0
2023-10-05 00:00:00-04:00,15.930000305175781,16.09000015258789,15.84000015258789,15.90999984741211,77300,0.0,0.0
2023-10-06 00:00:00-04:00,15.760000228881836,16.219999313354492,15.5600004196167,16.100000381469727,67700,0.0,0.0
2023-10-09 00:00:00-04:00,16.059999465942383,16.3799991607666,15.350000381469727,16.229999542236328,49300,0.0,0.0
2023-10-10 00:00:00-04:00,16.31999969482422,16.459999084472656,16.239999771118164,16.389999389648438,112200,0.0,0.0
2023-10-11 00:00:00-04:00,16.43000030517578,16.700000762939453,16.200000762939453,16.309999465942383,53100,0.0,0.0
2023-10-12 00:00:00-04:00,16.31999969482422,16.31999969482422,15.779999732971191,15.829999923706055,77400,0.0,0.0
2023-10-13 00:00:00-04:00,15.8100004196167,15.8100004196167,15.119999885559082,15.270000457763672,116300,0.0,0.0
2023-10-16 00:00:00-04:00,15.489999771118164,15.59000015258789,15.319999694824219,15.380000114440918,73800,0.0,0.0
2023-10-17 00:00:00-04:00,15.350000381469727,15.779999732971191,15.319999694824219,15.569999694824219,100600,0.0,0.0
2023-10-18 00:00:00-04:00,15.460000038146973,15.649999618530273,15.15999984741211,15.510000228881836,83900,0.0,0.0
2023-10-19 00:00:00-04:00,15.529999732971191,15.59000015258789,15.300000190734863,15.369999885559082,63500,0.0,0.0
2023-10-20 00:00:00-04:00,15.4399995803833,15.470000267028809,15.069999694824219,15.119999885559082,84100,0.0,0.0
2023-10-23 00:00:00-04:00,15.069999694824219,15.5,15.010000228881836,15.449999809265137,109400,0.0,0.0
2023-10-24 00:00:00-04:00,15.579999923706055,15.59000015258789,15.029999732971191,15.069999694824219,71300,0.0,0.0
2023-10-25 00:00:00-04:00,15.010000228881836,15.600000381469727,14.819999694824219,14.979999542236328,64200,0.0,0.0
2023-10-26 00:00:00-04:00,15.010000228881836,15.279999732971191,14.84000015258789,14.960000038146973,69500,0.0,0.0
2023-10-27 00:00:00-04:00,14.920000076293945,14.989999771118164,14.65999984741211,14.800000190734863,73700,0.0,0.0
2023-10-30 00:00:00-04:00,14.920000076293945,15.09000015258789,14.800000190734863,15.069999694824219,104200,0.0,0.0
2023-10-31 00:00:00-04:00,15.069999694824219,15.380000114440918,15.0600004196167,15.329999923706055,79800,0.0,0.0
2023-11-01 00:00:00-04:00,15.3100004196167,15.3100004196167,14.979999542236328,15.270000457763672,78100,0.0,0.0
2023-11-02 00:00:00-04:00,15.529999732971191,15.930000305175781,15.5,15.84000015258789,91700,0.0,0.0
2023-11-03 00:00:00-04:00,16.100000381469727,16.299999237060547,15.949999809265137,16.049999237060547,84600,0.0,0.0
2023-11-06 00:00:00-05:00,16.0,16.0,15.8100004196167,15.970000267028809,56600,0.0,0.0
2023-11-07 00:00:00-05:00,15.960000038146973,16.219999313354492,15.869999885559082,16.170000076293945,60500,0.0,0.0
2023-11-08 00:00:00-05:00,16.239999771118164,16.549999237060547,16.110000610351562,16.549999237060547,81300,0.0,0.0
2023-11-09 00:00:00-05:00,16.149999618530273,16.549999237060547,14.3100004196167,14.329999923706055,232900,0.0,0.0
2023-11-10 00:00:00-05:00,14.319999694824219,14.930000305175781,14.109999656677246,14.720000267028809,160900,0.0,0.0
2023-11-13 00:00:00-05:00,14.539999961853027,14.890000343322754,14.539999961853027,14.789999961853027,119900,0.0,0.0
2023-11-14 00:00:00-05:00,15.229999542236328,15.5,15.109999656677246,15.460000038146973,124700,0.0,0.0
2023-11-15 00:00:00-05:00,15.449999809265137,15.989999771118164,15.449999809265137,15.569999694824219,124900,0.0,0.0
2023-11-16 00:00:00-05:00,15.420000076293945,15.619999885559082,15.0600004196167,15.520000457763672,104200,0.0,0.0
2023-11-17 00:00:00-05:00,15.670000076293945,15.8100004196167,15.470000267028809,15.550000190734863,107200,0.0,0.0
2023-11-20 00:00:00-05:00,15.5,15.649999618530273,15.470000267028809,15.5,96100,0.0,0.0
2023-11-21 00:00:00-05:00,15.369999885559082,15.670000076293945,15.369999885559082,15.5,108000,0.0,0.0
2023-11-22 00:00:00-05:00,15.5600004196167,15.640000343322754,15.279999732971191,15.390000343322754,78500,0.0,0.0
2023-11-24 00:00:00-05:00,15.279999732971191,15.609999656677246,15.279999732971191,15.470000267028809,61100,0.0,0.0
2023-11-27 00:00:00-05:00,15.3100004196167,15.789999961853027,15.1899995803833,15.770000457763672,108900,0.0,0.0
2023-11-28 00:00:00-05:00,15.649999618530273,15.819999694824219,15.260000228881836,15.260000228881836,100900,0.0,0.0
2023-11-29 00:00:00-05:00,15.260000228881836,15.489999771118164,14.779999732971191,14.899999618530273,94100,0.0,0.0
2023-11-30 00:00:00-05:00,14.899999618530273,15.399999618530273,14.579999923706055,14.850000381469727,130700,0.0,0.0
2023-12-01 00:00:00-05:00,14.729999542236328,15.380000114440918,14.729999542236328,15.329999923706055,215200,0.0,0.0
2023-12-04 00:00:00-05:00,15.210000038146973,15.84000015258789,15.210000038146973,15.75,163300,0.0,0.0
2023-12-05 00:00:00-05:00,15.6899995803833,15.90999984741211,15.510000228881836,15.729999542236328,88000,0.0,0.0
2023-12-06 00:00:00-05:00,15.75,15.899999618530273,15.130000114440918,15.149999618530273,106900,0.0,0.0
2023-12-07 00:00:00-05:00,15.100000381469727,15.199999809265137,14.850000381469727,15.149999618530273,121800,0.0,0.0
2023-12-08 00:00:00-05:00,15.069999694824219,15.319999694824219,15.010000228881836,15.149999618530273,104200,0.0,0.0
2023-12-11 00:00:00-05:00,15.1899995803833,15.59000015258789,15.1899995803833,15.569999694824219,167300,0.0,0.0
2023-12-12 00:00:00-05:00,15.5,15.829999923706055,15.449999809265137,15.630000114440918,152500,0.0,0.0
2023-12-13 00:00:00-05:00,15.720000267028809,16.290000915527344,15.579999923706055,16.059999465942383,229200,0.0,0.0
2023-12-14 00:00:00-05:00,16.280000686645508,16.559999465942383,15.869999885559082,16.100000381469727,192400,0.0,0.0
2023-12-15 00:00:00-05:00,16.299999237060547,16.299999237060547,15.75,15.770000457763672,1043800,0.0,0.0
2023-12-18 00:00:00-05:00,15.869999885559082,16.200000762939453,15.739999771118164,16.139999389648438,159100,0.0,0.0
2023-12-19 00:00:00-05:00,16.18000030517578,16.65999984741211,16.139999389648438,16.639999389648438,148100,0.0,0.0
2023-12-20 00:00:00-05:00,16.579999923706055,17.350000381469727,16.450000762939453,16.549999237060547,223200,0.0,0.0
2023-12-21 00:00:00-05:00,16.709999084472656,16.920000076293945,16.510000228881836,16.799999237060547,144500,0.0,0.0
2023-12-22 00:00:00-05:00,16.899999618530273,17.200000762939453,16.81999969482422,16.979999542236328,120900,0.0,0.0
2023-12-26 00:00:00-05:00,17.079999923706055,17.75,16.989999771118164,17.579999923706055,101300,0.0,0.0
2023-12-27 00:00:00-05:00,17.600000381469727,17.760000228881836,17.360000610351562,17.700000762939453,92600,0.0,0.0
2023-12-28 00:00:00-05:00,17.59000015258789,17.65999984741211,16.729999542236328,17.59000015258789,93600,0.0,0.0
2023-12-29 00:00:00-05:00,17.549999237060547,17.700000762939453,17.290000915527344,17.420000076293945,142400,0.0,0.0
2024-01-02 00:00:00-05:00,17.290000915527344,17.469999313354492,16.829999923706055,17.229999542236328,162600,0.0,0.0
2024-01-03 00:00:00-05:00,17.1299991607666,17.1299991607666,16.440000534057617,16.450000762939453,156200,0.0,0.0
2024-01-04 00:00:00-05:00,16.549999237060547,16.59000015258789,16.1299991607666,16.139999389648438,99600,0.0,0.0
2024-01-05 00:00:00-05:00,16.049999237060547,16.239999771118164,15.670000076293945,15.720000267028809,158400,0.0,0.0
2024-01-08 00:00:00-05:00,15.6899995803833,15.960000038146973,15.5600004196167,15.960000038146973,82700,0.0,0.0
2024-01-09 00:00:00-05:00,15.789999961853027,15.789999961853027,15.289999961853027,15.59000015258789,132200,0.0,0.0
2024-01-10 00:00:00-05:00,16.329999923706055,17.799999237060547,16.049999237060547,16.65999984741211,273100,0.0,0.0
2024-01-11 00:00:00-05:00,16.450000762939453,16.700000762939453,15.970000267028809,16.639999389648438,302600,0.0,0.0
2024-01-12 00:00:00-05:00,16.93000030517578,17.079999923706055,16.75,16.940000534057617,188700,0.0,0.0
2024-01-16 00:00:00-05:00,16.760000228881836,16.90999984741211,16.170000076293945,16.31999969482422,163400,0.0,0.0
2024-01-17 00:00:00-05:00,16.030000686645508,16.329999923706055,15.869999885559082,16.09000015258789,92000,0.0,0.0
2024-01-18 00:00:00-05:00,16.239999771118164,16.579999923706055,16.1299991607666,16.450000762939453,129200,0.0,0.0
2024-01-19 00:00:00-05:00,16.690000534057617,16.940000534057617,16.360000610351562,16.8700008392334,132600,0.0,0.0
2024-01-22 00:00:00-05:00,16.950000762939453,17.350000381469727,16.950000762939453,17.15999984741211,124300,0.0,0.0
2024-01-23 00:00:00-05:00,17.329999923706055,17.559999465942383,17.09000015258789,17.219999313354492,104900,0.0,0.0
2024-01-24 00:00:00-05:00,17.280000686645508,17.649999618530273,17.280000686645508,17.43000030517578,128400,0.0,0.0
2024-01-25 00:00:00-05:00,17.709999084472656,17.979999542236328,17.260000228881836,17.399999618530273,135300,0.0,0.0
2024-01-26 00:00:00-05:00,17.420000076293945,17.450000762939453,17.059999465942383,17.280000686645508,89700,0.0,0.0
2024-01-29 00:00:00-05:00,17.290000915527344,17.520000457763672,16.979999542236328,17.440000534057617,108000,0.0,0.0
2024-01-30 00:00:00-05:00,17.31999969482422,17.59000015258789,17.200000762939453,17.399999618530273,70300,0.0,0.0
2024-01-31 00:00:00-05:00,17.40999984741211,17.489999771118164,16.889999389648438,16.90999984741211,138100,0.0,0.0
2024-02-01 00:00:00-05:00,16.969999313354492,17.610000610351562,16.899999618530273,17.559999465942383,180500,0.0,0.0
2024-02-02 00:00:00-05:00,17.3799991607666,17.75,17.270000457763672,17.639999389648438,105500,0.0,0.0
2024-02-05 00:00:00-05:00,17.520000457763672,17.530000686645508,17.190000534057617,17.440000534057617,72300,0.0,0.0
2024-02-06 00:00:00-05:00,17.450000762939453,17.989999771118164,17.450000762939453,17.739999771118164,113200,0.0,0.0
2024-02-07 00:00:00-05:00,17.8700008392334,18.190000534057617,17.700000762939453,17.790000915527344,153000,0.0,0.0
2024-02-08 00:00:00-05:00,17.780000686645508,18.079999923706055,17.649999618530273,17.989999771118164,101400,0.0,0.0
2024-02-09 00:00:00-05:00,18.100000381469727,18.469999313354492,18.010000228881836,18.329999923706055,99800,0.0,0.0
2024-02-12 00:00:00-05:00,18.399999618530273,19.25,18.399999618530273,19.15999984741211,165300,0.0,0.0
2024-02-13 00:00:00-05:00,18.559999465942383,18.559999465942383,18.040000915527344,18.209999084472656,216700,0.0,0.0
2024-02-14 00:00:00-05:00,18.540000915527344,19.0,18.469999313354492,18.8700008392334,103000,0.0,0.0
2024-02-15 00:00:00-05:00,19.09000015258789,19.5,18.860000610351562,19.209999084472656,127900,0.0,0.0
2024-02-16 00:00:00-05:00,19.1299991607666,19.270000457763672,18.8799991607666,19.190000534057617,121400,0.0,0.0
2024-02-20 00:00:00-05:00,18.920000076293945,19.219999313354492,18.860000610351562,19.059999465942383,89500,0.0,0.0
2024-02-21 00:00:00-05:00,19.0,19.1299991607666,18.860000610351562,18.90999984741211,78200,0.0,0.0
2024-02-22 00:00:00-05:00,18.889999389648438,19.020000457763672,18.530000686645508,18.649999618530273,170000,0.0,0.0
2024-02-23 00:00:00-05:00,18.739999771118164,18.950000762939453,18.549999237060547,18.940000534057617,87600,0.0,0.0
2024-02-26 00:00:00-05:00,18.780000686645508,19.280000686645508,18.780000686645508,19.219999313354492,90200,0.0,0.0
2024-02-27 00:00:00-05:00,19.3799991607666,19.600000381469727,19.229999542236328,19.360000610351562,135200,0.0,0.0
2024-02-28 00:00:00-05:00,19.170000076293945,19.670000076293945,19.06999969482422,19.510000228881836,208800,0.0,0.0
2024-02-29 00:00:00-05:00,20.110000610351562,20.360000610351562,18.530000686645508,19.170000076293945,308900,0.0,0.0
2024-03-01 00:00:00-05:00,19.25,19.290000915527344,18.530000686645508,19.110000610351562,225900,0.0,0.0
2024-03-04 00:00:00-05:00,19.06999969482422,19.25,18.43000030517578,18.899999618530273,188200,0.0,0.0
2024-03-05 00:00:00-05:00,18.950000762939453,18.950000762939453,18.110000610351562,18.209999084472656,155900,0.0,0.0
2024-03-06 00:00:00-05:00,18.280000686645508,18.610000610351562,18.239999771118164,18.5,99600,0.0,0.0
2024-03-07 00:00:00-05:00,18.610000610351562,18.889999389648438,18.450000762939453,18.5,92300,0.0,0.0
2024-03-08 00:00:00-05:00,18.600000381469727,18.780000686645508,17.989999771118164,18.149999618530273,92500,0.0,0.0
2024-03-11 00:00:00-04:00,18.100000381469727,18.270000457763672,17.969999313354492,18.079999923706055,87300,0.0,0.0
2024-03-12 00:00:00-04:00,18.0,18.0,17.639999389648438,17.90999984741211,95200,0.0,0.0
2024-03-13 00:00:00-04:00,17.850000381469727,18.059999465942383,17.600000381469727,17.739999771118164,115200,0.0,0.0
2024-03-14 00:00:00-04:00,17.780000686645508,17.93000030517578,17.350000381469727,17.40999984741211,97200,0.0,0.0
2024-03-15 00:00:00-04:00,17.389999389648438,17.770000457763672,17.389999389648438,17.649999618530273,503100,0.0,0.0
2024-03-18 00:00:00-04:00,17.6299991607666,17.700000762939453,17.459999084472656,17.5,93600,0.0,0.0
2024-03-19 00:00:00-04:00,17.43000030517578,17.8799991607666,17.43000030517578,17.649999618530273,82800,0.0,0.0
2024-03-20 00:00:00-04:00,17.559999465942383,18.170000076293945,17.540000915527344,18.079999923706055,97300,0.0,0.0
2024-03-21 00:00:00-04:00,18.260000228881836,19.040000915527344,18.239999771118164,18.989999771118164,158900,0.0,0.0
2024-03-22 00:00:00-04:00,19.09000015258789,19.309999465942383,18.34000015258789,18.40999984741211,90400,0.0,0.0
2024-03-25 00:00:00-04:00,18.489999771118164,18.649999618530273,18.34000015258789,18.459999084472656,55000,0.0,0.0
2024-03-26 00:00:00-04:00,18.6299991607666,18.6299991607666,18.15999984741211,18.190000534057617,101600,0.0,0.0
2024-03-27 00:00:00-04:00,18.3799991607666,19.030000686645508,18.299999237060547,18.920000076293945,141400,0.0,0.0
2024-03-28 00:00:00-04:00,18.969999313354492,19.350000381469727,18.829999923706055,19.040000915527344,119400,0.0,0.0
2024-04-01 00:00:00-04:00,19.200000762939453,19.200000762939453,18.399999618530273,18.40999984741211,61700,0.0,0.0
2024-04-02 00:00:00-04:00,18.110000610351562,18.34000015258789,17.670000076293945,17.700000762939453,90800,0.0,0.0
2024-04-03 00:00:00-04:00,17.549999237060547,18.149999618530273,17.5,18.09000015258789,108200,0.0,0.0
2024-04-04 00:00:00-04:00,18.329999923706055,18.329999923706055,17.65999984741211,17.700000762939453,70000,0.0,0.0
2024-04-05 00:00:00-04:00,17.65999984741211,17.790000915527344,17.639999389648438,17.700000762939453,49800,0.0,0.0
2024-04-08 00:00:00-04:00,17.920000076293945,17.969999313354492,17.700000762939453,17.719999313354492,95400,0.0,0.0
2024-04-09 00:00:00-04:00,17.81999969482422,17.989999771118164,17.459999084472656,17.489999771118164,101900,0.0,0.0
2024-04-10 00:00:00-04:00,17.040000915527344,17.200000762939453,16.719999313354492,17.079999923706055,134300,0.0,0.0
2024-04-11 00:00:00-04:00,17.18000030517578,17.18000030517578,16.790000915527344,17.0,67400,0.0,0.0
2024-04-12 00:00:00-04:00,16.950000762939453,17.270000457763672,16.81999969482422,17.010000228881836,111900,0.0,0.0
2024-04-15 00:00:00-04:00,17.030000686645508,17.15999984741211,16.670000076293945,16.770000457763672,53500,0.0,0.0
2024-04-16 00:00:00-04:00,16.6200008392334,16.829999923706055,16.540000915527344,16.65999984741211,49700,0.0,0.0
2024-04-17 00:00:00-04:00,16.860000610351562,16.93000030517578,16.1200008392334,16.1200008392334,100300,0.0,0.0
2024-04-18 00:00:00-04:00,16.25,16.450000762939453,15.960000038146973,16.0,108300,0.0,0.0
2024-04-19 00:00:00-04:00,15.920000076293945,16.219999313354492,15.829999923706055,16.020000457763672,118500,0.0,0.0
2024-04-22 00:00:00-04:00,16.15999984741211,16.399999618530273,15.979999542236328,16.31999969482422,146900,0.0,0.0
2024-04-23 00:00:00-04:00,16.399999618530273,16.950000762939453,16.200000762939453,16.790000915527344,115300,0.0,0.0
2024-04-24 00:00:00-04:00,16.68000030517578,16.979999542236328,16.350000381469727,16.459999084472656,115100,0.0,0.0
2024-04-25 00:00:00-04:00,16.299999237060547,16.299999237060547,16.049999237060547,16.1200008392334,138300,0.0,0.0
2024-04-26 00:00:00-04:00,16.229999542236328,16.68000030517578,16.049999237060547,16.579999923706055,94300,0.0,0.0
2024-04-29 00:00:00-04:00,16.649999618530273,16.790000915527344,16.40999984741211,16.65999984741211,75700,0.0,0.0
2024-04-30 00:00:00-04:00,16.530000686645508,16.899999618530273,16.530000686645508,16.770000457763672,94100,0.0,0.0
2024-05-01 00:00:00-04:00,16.860000610351562,17.40999984741211,16.860000610351562,17.030000686645508,97500,0.0,0.0
2024-05-02 00:00:00-04:00,17.260000228881836,17.309999465942383,17.040000915527344,17.219999313354492,127500,0.0,0.0
2024-05-03 00:00:00-04:00,17.489999771118164,18.3799991607666,17.0,18.3700008392334,183100,0.0,0.0
2024-05-06 00:00:00-04:00,18.459999084472656,19.15999984741211,18.219999313354492,18.770000457763672,156800,0.0,0.0
2024-05-07 00:00:00-04:00,18.790000915527344,19.020000457763672,18.639999389648438,18.690000534057617,145300,0.0,0.0
2024-05-08 00:00:00-04:00,18.520000457763672,18.719999313354492,18.209999084472656,18.270000457763672,79800,0.0,0.0
2024-05-09 00:00:00-04:00,18.360000610351562,18.75,18.34000015258789,18.610000610351562,83100,0.0,0.0
2024-05-10 00:00:00-04:00,18.6299991607666,18.780000686645508,18.09000015258789,18.469999313354492,273900,0.0,0.0
2024-05-13 00:00:00-04:00,18.700000762939453,18.93000030517578,18.299999237060547,18.889999389648438,100400,0.0,0.0
2024-05-14 00:00:00-04:00,19.030000686645508,19.200000762939453,18.6299991607666,18.920000076293945,93100,0.0,0.0
2024-05-15 00:00:00-04:00,19.18000030517578,20.709999084472656,19.030000686645508,20.639999389648438,327900,0.0,0.0
2024-05-16 00:00:00-04:00,20.56999969482422,20.899999618530273,20.3799991607666,20.8799991607666,151900,0.0,0.0
2024-05-17 00:00:00-04:00,20.959999084472656,21.079999923706055,20.309999465942383,20.360000610351562,158600,0.0,0.0
2024-05-20 00:00:00-04:00,20.3799991607666,21.350000381469727,20.25,21.270000457763672,156100,0.0,0.0
2024-05-21 00:00:00-04:00,21.1299991607666,21.829999923706055,21.079999923706055,21.75,146000,0.0,0.0
2024-05-22 00:00:00-04:00,21.829999923706055,21.84000015258789,21.079999923706055,21.260000228881836,122800,0.0,0.0
2024-05-23 00:00:00-04:00,21.3700008392334,21.459999084472656,20.389999389648438,20.530000686645508,144600,0.0,0.0
2024-05-24 00:00:00-04:00,20.739999771118164,21.049999237060547,20.530000686645508,20.920000076293945,78900,0.0,0.0
2024-05-28 00:00:00-04:00,21.1200008392334,21.610000610351562,21.100000381469727,21.280000686645508,172500,0.0,0.0
2024-05-29 00:00:00-04:00,20.889999389648438,21.15999984741211,20.68000030517578,20.700000762939453,131800,0.0,0.0
2024-05-30 00:00:00-04:00,20.75,20.920000076293945,20.3700008392334,20.43000030517578,89200,0.0,0.0
2024-05-31 00:00:00-04:00,20.520000457763672,20.790000915527344,20.270000457763672,20.559999465942383,82400,0.0,0.0
2024-06-03 00:00:00-04:00,20.790000915527344,20.940000534057617,20.170000076293945,20.190000534057617,97900,0.0,0.0
2024-06-04 00:00:00-04:00,20.010000228881836,20.06999969482422,19.68000030517578,19.959999084472656,115300,0.0,0.0
2024-06-05 00:00:00-04:00,20.190000534057617,20.239999771118164,19.799999237060547,20.200000762939453,102700,0.0,0.0
2024-06-06 00:00:00-04:00,20.079999923706055,20.190000534057617,19.260000228881836,19.350000381469727,84500,0.0,0.0
2024-06-07 00:00:00-04:00,19.110000610351562,19.270000457763672,18.56999969482422,18.709999084472656,139700,0.0,0.0
2024-06-10 00:00:00-04:00,18.56999969482422,18.90999984741211,18.420000076293945,18.6299991607666,83300,0.0,0.0
2024-06-11 00:00:00-04:00,18.479999542236328,18.5,18.110000610351562,18.360000610351562,72700,0.0,0.0
2024-06-12 00:00:00-04:00,18.90999984741211,19.280000686645508,18.579999923706055,18.799999237060547,102400,0.0,0.0
2024-06-13 00:00:00-04:00,18.770000457763672,19.06999969482422,18.360000610351562,18.780000686645508,104300,0.0,0.0
2024-06-14 00:00:00-04:00,18.469999313354492,18.489999771118164,17.719999313354492,18.420000076293945,603000,0.0,0.0
2024-06-17 00:00:00-04:00,18.299999237060547,18.420000076293945,17.90999984741211,18.219999313354492,186800,0.0,0.0
2024-06-18 00:00:00-04:00,18.6200008392334,19.260000228881836,18.5,18.59000015258789,289400,0.0,0.0
2024-06-20 00:00:00-04:00,18.540000915527344,19.079999923706055,18.030000686645508,19.030000686645508,232900,0.0,0.0
2024-06-21 00:00:00-04:00,19.209999084472656,19.649999618530273,18.690000534057617,19.530000686645508,603500,0.0,0.0
2024-06-24 00:00:00-04:00,19.6299991607666,20.09000015258789,19.469999313354492,20.0,140300,0.0,0.0
2024-06-25 00:00:00-04:00,19.90999984741211,19.90999984741211,19.200000762939453,19.440000534057617,115800,0.0,0.0
2024-06-26 00:00:00-04:00,19.34000015258789,19.940000534057617,19.290000915527344,19.8799991607666,115600,0.0,0.0
2024-06-27 00:00:00-04:00,20.010000228881836,20.299999237060547,19.719999313354492,20.010000228881836,130800,0.0,0.0
2024-06-28 00:00:00-04:00,20.170000076293945,20.309999465942383,19.649999618530273,20.030000686645508,659600,0.0,0.0
2024-07-01 00:00:00-04:00,19.93000030517578,20.200000762939453,19.450000762939453,19.690000534057617,112600,0.0,0.0
2024-07-02 00:00:00-04:00,19.719999313354492,20.989999771118164,19.719999313354492,20.350000381469727,165800,0.0,0.0
2024-07-03 00:00:00-04:00,20.3700008392334,20.579999923706055,20.18000030517578,20.399999618530273,71700,0.0,0.0
2024-07-05 00:00:00-04:00,20.299999237060547,20.299999237060547,19.540000915527344,19.6200008392334,101100,0.0,0.0
2024-07-08 00:00:00-04:00,19.8700008392334,20.40999984741211,19.729999542236328,20.399999618530273,147100,0.0,0.0
2024-07-09 00:00:00-04:00,20.40999984741211,20.450000762939453,20.09000015258789,20.329999923706055,70900,0.0,0.0
2024-07-10 00:00:00-04:00,20.479999542236328,20.479999542236328,20.010000228881836,20.420000076293945,61000,0.0,0.0
2024-07-11 00:00:00-04:00,20.670000076293945,21.3700008392334,20.670000076293945,21.299999237060547,136700,0.0,0.0
2024-07-12 00:00:00-04:00,21.65999984741211,21.65999984741211,20.739999771118164,20.84000015258789,121600,0.0,0.0
2024-07-15 00:00:00-04:00,21.0,21.549999237060547,21.0,21.329999923706055,176300,0.0,0.0
2024-07-16 00:00:00-04:00,21.600000381469727,22.719999313354492,21.530000686645508,22.65999984741211,187600,0.0,0.0
2024-07-17 00:00:00-04:00,22.260000228881836,22.8799991607666,22.25,22.3799991607666,140100,0.0,0.0
2024-07-18 00:00:00-04:00,22.190000534057617,22.65999984741211,21.06999969482422,21.139999389648438,168200,0.0,0.0
2024-07-19 00:00:00-04:00,21.219999313354492,21.440000534057617,20.920000076293945,21.25,133200,0.0,0.0
2024-07-22 00:00:00-04:00,21.280000686645508,22.3700008392334,21.149999618530273,22.260000228881836,135800,0.0,0.0
2024-07-23 00:00:00-04:00,22.100000381469727,23.739999771118164,22.100000381469727,23.389999389648438,284600,0.0,0.0
2024-07-24 00:00:00-04:00,22.690000534057617,23.510000228881836,22.020000457763672,22.350000381469727,187300,0.0,0.0
2024-07-25 00:00:00-04:00,22.510000228881836,23.110000610351562,21.940000534057617,22.219999313354492,182200,0.0,0.0
2024-07-26 00:00:00-04:00,22.68000030517578,22.68000030517578,22.170000076293945,22.479999542236328,209000,0.0,0.0
2024-07-29 00:00:00-04:00,22.59000015258789,22.639999389648438,22.100000381469727,22.31999969482422,117100,0.0,0.0
2024-07-30 00:00:00-04:00,22.299999237060547,22.59000015258789,22.06999969482422,22.229999542236328,77400,0.0,0.0
2024-07-31 00:00:00-04:00,22.440000534057617,23.649999618530273,22.329999923706055,23.030000686645508,200600,0.0,0.0
2024-08-01 00:00:00-04:00,23.040000915527344,23.360000610351562,21.5,21.81999969482422,299600,0.0,0.0
2024-08-02 00:00:00-04:00,20.299999237060547,21.860000610351562,18.75,20.139999389648438,570100,0.0,0.0
2024-08-05 00:00:00-04:00,18.780000686645508,19.3799991607666,18.149999618530273,18.299999237060547,341300,0.0,0.0
2024-08-06 00:00:00-04:00,18.510000228881836,18.690000534057617,18.0,18.40999984741211,376200,0.0,0.0
2024-08-07 00:00:00-04:00,18.790000915527344,19.149999618530273,18.209999084472656,18.3700008392334,281900,0.0,0.0
2024-08-08 00:00:00-04:00,18.690000534057617,19.270000457763672,18.610000610351562,19.020000457763672,184900,0.0,0.0
2024-08-09 00:00:00-04:00,19.139999389648438,19.5,18.700000762939453,18.969999313354492,132400,0.0,0.0
2024-08-12 00:00:00-04:00,19.1200008392334,19.34000015258789,18.25,18.809999465942383,171400,0.0,0.0
2024-08-13 00:00:00-04:00,18.979999542236328,19.149999618530273,18.6200008392334,19.020000457763672,171300,0.0,0.0
2024-08-14 00:00:00-04:00,19.020000457763672,19.149999618530273,18.5,18.530000686645508,93500,0.0,0.0
2024-08-15 00:00:00-04:00,19.200000762939453,19.360000610351562,18.790000915527344,19.25,238000,0.0,0.0
2024-08-16 00:00:00-04:00,19.149999618530273,19.610000610351562,18.90999984741211,19.06999969482422,121100,0.0,0.0
2024-08-19 00:00:00-04:00,19.049999237060547,19.100000381469727,18.729999542236328,19.010000228881836,136500,0.0,0.0
2024-08-20 00:00:00-04:00,19.049999237060547,19.079999923706055,18.420000076293945,19.040000915527344,158400,0.0,0.0
2024-08-21 00:00:00-04:00,19.260000228881836,19.3799991607666,18.8799991607666,19.329999923706055,143000,0.0,0.0
2024-08-22 00:00:00-04:00,19.489999771118164,20.15999984741211,19.100000381469727,19.90999984741211,137800,0.0,0.0
2024-08-23 00:00:00-04:00,20.030000686645508,20.899999618530273,19.93000030517578,20.719999313354492,133900,0.0,0.0
2024-08-26 00:00:00-04:00,20.969999313354492,21.219999313354492,20.790000915527344,20.989999771118164,128300,0.0,0.0
2024-08-27 00:00:00-04:00,20.899999618530273,21.200000762939453,20.68000030517578,21.049999237060547,126800,0.0,0.0
2024-08-28 00:00:00-04:00,21.049999237060547,21.81999969482422,21.0,21.719999313354492,128400,0.0,0.0
2024-08-29 00:00:00-04:00,21.739999771118164,22.360000610351562,21.600000381469727,22.270000457763672,225600,0.0,0.0
2024-08-30 00:00:00-04:00,22.3799991607666,22.450000762939453,22.06999969482422,22.420000076293945,120200,0.0,0.0
2024-09-03 00:00:00-04:00,22.06999969482422,22.200000762939453,20.90999984741211,20.920000076293945,158600,0.0,0.0
2024-09-04 00:00:00-04:00,20.770000457763672,21.15999984741211,20.420000076293945,20.829999923706055,85100,0.0,0.0
2024-09-05 00:00:00-04:00,20.8700008392334,21.010000228881836,20.40999984741211,20.610000610351562,77300,0.0,0.0
2024-09-06 00:00:00-04:00,20.559999465942383,20.56999969482422,18.959999084472656,19.100000381469727,210200,0.0,0.0
2024-09-09 00:00:00-04:00,19.0,19.280000686645508,18.670000076293945,18.940000534057617,257100,0.0,0.0
2024-09-10 00:00:00-04:00,18.93000030517578,18.950000762939453,18.3799991607666,18.700000762939453,131200,0.0,0.0
2024-09-11 00:00:00-04:00,18.59000015258789,18.8799991607666,18.190000534057617,18.790000915527344,86900,0.0,0.0
2024-09-12 00:00:00-04:00,18.8799991607666,19.059999465942383,18.510000228881836,18.90999984741211,90900,0.0,0.0
2024-09-13 00:00:00-04:00,19.020000457763672,19.43000030517578,18.809999465942383,19.0,103900,0.0,0.0
2024-09-16 00:00:00-04:00,19.100000381469727,19.549999237060547,18.889999389648438,19.229999542236328,119800,0.0,0.0
2024-09-17 00:00:00-04:00,19.520000457763672,19.950000762939453,19.329999923706055,19.860000610351562,196100,0.0,0.0
2024-09-18 00:00:00-04:00,19.8700008392334,20.469999313354492,19.729999542236328,19.979999542236328,165900,0.0,0.0
2024-09-19 00:00:00-04:00,20.68000030517578,20.709999084472656,20.1299991607666,20.700000762939453,125300,0.0,0.0
2024-09-20 00:00:00-04:00,20.709999084472656,20.760000228881836,20.420000076293945,20.43000030517578,310900,0.0,0.0
2024-09-23 00:00:00-04:00,20.440000534057617,20.6200008392334,20.010000228881836,20.15999984741211,104700,0.0,0.0
2024-09-24 00:00:00-04:00,20.209999084472656,20.209999084472656,19.90999984741211,20.1200008392334,73600,0.0,0.0
2024-09-25 00:00:00-04:00,20.110000610351562,20.34000015258789,19.84000015258789,19.889999389648438,71400,0.0,0.0
2024-09-26 00:00:00-04:00,20.25,20.270000457763672,19.899999618530273,19.920000076293945,75400,0.0,0.0
2024-09-27 00:00:00-04:00,20.149999618530273,20.229999542236328,19.790000915527344,20.049999237060547,78800,0.0,0.0
2024-09-30 00:00:00-04:00,19.93000030517578,20.110000610351562,19.3799991607666,19.479999542236328,104600,0.0,0.0
2024-10-01 00:00:00-04:00,19.389999389648438,19.799999237060547,19.190000534057617,19.559999465942383,84000,0.0,0.0
2024-10-02 00:00:00-04:00,19.5,19.93000030517578,19.5,19.709999084472656,62100,0.0,0.0
2024-10-03 00:00:00-04:00,19.649999618530273,19.649999618530273,19.200000762939453,19.31999969482422,71500,0.0,0.0
2024-10-04 00:00:00-04:00,19.739999771118164,20.059999465942383,19.649999618530273,19.979999542236328,68600,0.0,0.0
2024-10-07 00:00:00-04:00,19.790000915527344,19.940000534057617,19.670000076293945,19.81999969482422,52200,0.0,0.0
2024-10-08 00:00:00-04:00,19.860000610351562,20.09000015258789,19.719999313354492,19.950000762939453,83900,0.0,0.0
2024-10-09 00:00:00-04:00,19.8799991607666,20.190000534057617,19.770000457763672,19.989999771118164,96800,0.0,0.0
2024-10-10 00:00:00-04:00,19.65999984741211,19.780000686645508,19.329999923706055,19.350000381469727,97600,0.0,0.0
2024-10-11 00:00:00-04:00,19.34000015258789,20.549999237060547,19.030000686645508,20.399999618530273,156700,0.0,0.0
2024-10-14 00:00:00-04:00,20.399999618530273,20.489999771118164,20.18000030517578,20.34000015258789,69300,0.0,0.0
2024-10-15 00:00:00-04:00,20.329999923706055,20.65999984741211,20.100000381469727,20.280000686645508,76200,0.0,0.0
2024-10-16 00:00:00-04:00,20.56999969482422,20.600000381469727,20.3799991607666,20.489999771118164,64700,0.0,0.0
2024-10-17 00:00:00-04:00,20.549999237060547,21.059999465942383,20.450000762939453,21.040000915527344,70200,0.0,0.0
2024-10-18 00:00:00-04:00,20.979999542236328,21.110000610351562,18.760000228881836,19.010000228881836,215400,0.0,0.0
2024-10-21 00:00:00-04:00,19.06999969482422,19.40999984741211,18.670000076293945,18.81999969482422,152600,0.0,0.0
2024-10-22 00:00:00-04:00,18.75,18.899999618530273,18.350000381469727,18.6200008392334,148700,0.0,0.0
2024-10-23 00:00:00-04:00,18.469999313354492,18.559999465942383,18.229999542236328,18.459999084472656,98200,0.0,0.0
2024-10-24 00:00:00-04:00,18.5,18.549999237060547,17.989999771118164,18.049999237060547,107200,0.0,0.0
2024-10-25 00:00:00-04:00,18.15999984741211,18.219999313354492,17.770000457763672,18.1299991607666,115300,0.0,0.0
2024-10-28 00:00:00-04:00,18.399999618530273,18.5,18.270000457763672,18.3799991607666,91500,0.0,0.0
2024-10-29 00:00:00-04:00,18.190000534057617,18.450000762939453,18.18000030517578,18.40999984741211,75100,0.0,0.0
2024-10-30 00:00:00-04:00,18.309999465942383,18.75,18.309999465942383,18.329999923706055,98100,0.0,0.0
2024-10-31 00:00:00-04:00,18.299999237060547,18.309999465942383,17.389999389648438,17.389999389648438,80500,0.0,0.0
2024-11-01 00:00:00-04:00,17.649999618530273,18.110000610351562,17.479999542236328,17.709999084472656,170300,0.0,0.0
2024-11-04 00:00:00-05:00,17.670000076293945,18.309999465942383,17.610000610351562,18.190000534057617,189100,0.0,0.0
2024-11-05 00:00:00-05:00,18.1299991607666,18.579999923706055,18.079999923706055,18.579999923706055,217800,0.0,0.0
2024-11-06 00:00:00-05:00,19.989999771118164,20.729999542236328,19.68000030517578,20.56999969482422,322300,0.0,0.0
2024-11-07 00:00:00-05:00,19.950000762939453,19.950000762939453,17.8700008392334,18.1299991607666,465400,0.0,0.0
2024-11-08 00:00:00-05:00,18.030000686645508,18.670000076293945,18.0,18.09000015258789,264100,0.0,0.0
2024-11-11 00:00:00-05:00,18.260000228881836,18.299999237060547,17.030000686645508,17.360000610351562,311500,0.0,0.0
2024-11-12 00:00:00-05:00,17.34000015258789,17.56999969482422,16.670000076293945,16.8700008392334,291100,0.0,0.0
2024-11-13 00:00:00-05:00,16.90999984741211,17.209999084472656,16.479999542236328,16.5,301600,0.0,0.0
2024-11-14 00:00:00-05:00,16.579999923706055,17.239999771118164,16.18000030517578,16.280000686645508,251600,0.0,0.0
2024-11-15 00:00:00-05:00,16.399999618530273,16.610000610351562,15.880000114440918,16.540000915527344,307600,0.0,0.0
2024-11-18 00:00:00-05:00,16.729999542236328,16.799999237060547,15.979999542236328,16.09000015258789,222600,0.0,0.0
2024-11-19 00:00:00-05:00,15.920000076293945,16.579999923706055,15.920000076293945,16.31999969482422,251800,0.0,0.0
2024-11-20 00:00:00-05:00,16.520000457763672,17.350000381469727,16.5,17.18000030517578,589300,0.0,0.0
2024-11-21 00:00:00-05:00,17.3700008392334,17.5,17.049999237060547,17.139999389648438,299087,0.0,0.0
