Date,Open,High,Low,Close,Volume,Dividends,Stock Splits
2022-01-03 00:00:00-05:00,8.84170081727428,9.37731226514693,8.816980530709001,9.05594539642334,89900,0.0,0.0
2022-01-04 00:00:00-05:00,9.105388386103343,9.139996950661612,8.899384127530162,8.940585136413574,38700,0.0,0.0
2022-01-05 00:00:00-05:00,8.882903168524585,9.377313690017651,8.882903168524585,8.907624244689941,79300,0.0,0.0
2022-01-06 00:00:00-05:00,8.940584234761193,9.339407823036154,8.9076235881473,9.022985458374023,42400,0.0,0.0
2022-01-07 00:00:00-05:00,9.022985936988134,9.311392199540732,9.022985936988134,9.270191192626953,30300,0.0,0.0
2022-01-10 00:00:00-05:00,9.303153139330009,9.393794738515115,9.05594784919141,9.278432846069336,75000,0.0,0.0
2022-01-11 00:00:00-05:00,9.32787102908786,9.768719943555903,9.32787102908786,9.632757186889648,128100,0.0,0.0
2022-01-12 00:00:00-05:00,9.789320749645622,10.176608908066706,9.75471219114004,10.069486618041992,117200,0.0,0.0
2022-01-13 00:00:00-05:00,10.234290962143694,10.497152580136872,9.855243119625637,9.945884704589844,78500,0.0,0.0
2022-01-14 00:00:00-05:00,9.987084368355749,10.0942066557383,9.819808887194196,10.03652572631836,42000,0.0,0.0
2022-01-18 00:00:00-05:00,10.077726777593648,10.300211728126193,9.896443616986156,10.110688209533691,75600,0.0,0.0
2022-01-19 00:00:00-05:00,10.12716869851479,10.448535605070314,10.077727333720158,10.390853881835938,87400,0.0,0.0
2022-01-20 00:00:00-05:00,10.506217143842193,11.01710760869247,10.50044904977297,10.87702465057373,89700,0.0,0.0
2022-01-21 00:00:00-05:00,10.87702320429046,10.909983849709615,10.712219977194682,10.811101913452148,111000,0.0,0.0
2022-01-24 00:00:00-05:00,10.71222090990113,10.811102854768187,9.888203916831813,10.497976303100586,86000,0.0,0.0
2022-01-25 00:00:00-05:00,10.374373800886339,10.54741739640125,10.275491858569794,10.514456748962402,91200,0.0,0.0
2022-01-26 00:00:00-05:00,10.63805766410839,10.712219308130441,9.987084368355749,10.03652572631836,88100,0.0,0.0
2022-01-27 00:00:00-05:00,10.184849001489871,10.333172300790858,9.879962830805232,10.085967063903809,62000,0.0,0.0
2022-01-28 00:00:00-05:00,10.09420909012668,10.102449449415037,9.715161207145309,10.053008079528809,80500,0.0,0.0
2022-01-31 00:00:00-05:00,10.176610956641394,10.333173851520904,10.10244929586124,10.308453559875488,54600,0.0,0.0
2022-02-01 00:00:00-05:00,10.283731594936215,10.712220804313809,10.03652712812712,10.703980445861816,63900,0.0,0.0
2022-02-02 00:00:00-05:00,10.6545403179086,10.794623274147693,10.232643534599928,10.506217002868652,40700,0.0,0.0
2022-02-03 00:00:00-05:00,10.3249322920206,10.349653366635941,10.139528947468403,10.275491714477539,26100,0.0,0.0
2022-02-04 00:00:00-05:00,10.234291477942133,10.522697750031382,10.0777278036615,10.456775665283203,113000,0.0,0.0
2022-02-07 00:00:00-05:00,10.580376815089465,10.60509710133676,9.772839867855135,9.830521583557129,44600,0.0,0.0
2022-02-08 00:00:00-05:00,9.772840983246002,10.572137664341739,9.608037746381886,10.201330184936523,85000,0.0,0.0
2022-02-09 00:00:00-05:00,10.35789296328214,10.650419393499048,10.316692743847597,10.588618278503418,43500,0.0,0.0
2022-02-10 00:00:00-05:00,10.638059488886658,10.996507234530956,10.638059488886658,10.712221145629883,69000,0.0,0.0
2022-02-11 00:00:00-05:00,10.819344050678232,10.877024993187344,10.34965457974654,10.440296173095703,29100,0.0,0.0
2022-02-14 00:00:00-05:00,10.448535237411694,10.951185296891554,10.448535237411694,10.794622421264648,85600,0.0,0.0
2022-02-15 00:00:00-05:00,10.87702424332192,10.929761438199062,10.52681686113735,10.654540061950684,34500,0.0,0.0
2022-02-16 00:00:00-05:00,10.728701764790229,10.951185947138216,10.625699639333382,10.73694133758545,27900,0.0,0.0
2022-02-17 00:00:00-05:00,10.83582269193204,10.90174398575667,10.62981845226912,10.69573974609375,24400,0.0,0.0
2022-02-18 00:00:00-05:00,10.712220313396148,10.942944838571494,10.580377727581665,10.63805866241455,38100,0.0,0.0
2022-02-22 00:00:00-05:00,10.506215153124142,10.629817369999875,10.094206715746724,10.118927001953125,53200,0.0,0.0
2022-02-23 00:00:00-05:00,10.267251356768574,10.568017358675466,10.094207763671875,10.094207763671875,43100,0.0,0.0
2022-02-24 00:00:00-05:00,9.805801157809963,10.135408401489258,9.73164029417981,10.135408401489258,35500,0.0,0.0
2022-02-25 00:00:00-05:00,10.580377727581665,10.7946223224521,10.38261384885994,10.63805866241455,42400,0.0,0.0
2022-02-28 00:00:00-05:00,10.769901517928522,11.289032301955954,10.728701298212611,10.984146118164062,84000,0.0,0.0
2022-03-01 00:00:00-05:00,11.025346635964608,11.330232806268395,10.909983982669749,11.099508285522461,50000,0.0,0.0
2022-03-02 00:00:00-05:00,11.033588296181588,11.190151185848878,10.786383030425558,10.92646598815918,33200,0.0,0.0
2022-03-03 00:00:00-05:00,10.877023994318215,11.074787881197278,10.605098453398547,10.62157917022705,61400,0.0,0.0
2022-03-04 00:00:00-05:00,10.679261088147044,10.679261088147044,10.324933502233575,10.440296173095703,38300,0.0,0.0
2022-03-07 00:00:00-05:00,10.440296347517815,10.440296347517815,9.805802825941722,9.871724128723145,51100,0.0,0.0
2022-03-08 00:00:00-05:00,9.888204440451023,10.011806681619106,9.147412986145376,9.204270362854004,145200,0.0,0.0
2022-03-09 00:00:00-05:00,9.330125764288107,10.36214549765936,9.330125764288107,10.043310165405273,371700,0.2,0.0
2022-03-10 00:00:00-05:00,9.867111446849407,10.093651850386207,9.58603299049216,9.976186752319336,73300,0.0,0.0
2022-03-11 00:00:00-05:00,9.942624805561081,10.722931499546803,9.745449883823767,10.068480491638184,50100,0.0,0.0
2022-03-14 00:00:00-04:00,9.984575810952565,10.418359663080368,9.724473855635125,9.883891105651855,30000,0.0,0.0
2022-03-15 00:00:00-04:00,9.816769662939999,10.269851315070428,9.728670830662075,9.934235572814941,24500,0.0,0.0
2022-03-16 00:00:00-04:00,10.135603241188567,10.680140347670655,10.047504424356179,10.437657356262207,47600,0.0,0.0
2022-03-17 00:00:00-04:00,10.345363189697995,10.819421240254941,10.345363189697995,10.521561622619629,43700,0.0,0.0
2022-03-18 00:00:00-04:00,10.571905532173824,10.588685918008887,9.724474842971956,10.471220016479492,133100,0.0,0.0
2022-03-21 00:00:00-04:00,10.328584234724985,10.72293251520993,10.328584234724985,10.697761535644531,25000,0.0,0.0
2022-03-22 00:00:00-04:00,10.613856524465456,11.14329124188501,10.613856524465456,10.999814987182617,30100,0.0,0.0
2022-03-23 00:00:00-04:00,10.974643431986175,11.310259120969791,10.798444995227047,10.907520294189453,30700,0.0,0.0
2022-03-24 00:00:00-04:00,10.907522205546737,11.201186584995266,10.907522205546737,11.10050106048584,32600,0.0,0.0
2022-03-25 00:00:00-04:00,11.142451367031946,11.520019220249711,11.142451367031946,11.259917259216309,29800,0.0,0.0
2022-03-28 00:00:00-04:00,11.17601413285638,11.37738436961538,11.12567217379489,11.134062767028809,22200,0.0,0.0
2022-03-29 00:00:00-04:00,11.159233149752339,11.53680102320485,11.1172809859974,11.310259819030762,32200,0.0,0.0
2022-03-30 00:00:00-04:00,11.570362669524258,11.738170525465858,11.393325641561436,11.427725791931152,38200,0.0,0.0
2022-03-31 00:00:00-04:00,11.494849110539242,11.931150342847461,11.452896945867916,11.620705604553223,23900,0.0,0.0
2022-04-01 00:00:00-04:00,11.712999504704678,12.14091013593453,11.662656748019002,11.939539909362793,32600,0.0,0.0
2022-04-04 00:00:00-04:00,11.989881976114553,12.224812960063474,11.586303767186799,11.77173137664795,29700,0.0,0.0
2022-04-05 00:00:00-04:00,11.89758886893262,11.89758886893262,11.327041345123533,11.49484920501709,18900,0.0,0.0
2022-04-06 00:00:00-04:00,11.469678666424851,11.84305126904408,10.882350734162946,11.125672340393066,34400,0.0,0.0
2022-04-07 00:00:00-04:00,11.058548710574469,11.419335407387141,11.050158117581594,11.142452239990234,86300,0.0,0.0
2022-04-08 00:00:00-04:00,11.19279439236157,11.431920678527266,11.075328497328007,11.327040672302246,18400,0.0,0.0
2022-04-11 00:00:00-04:00,11.285090595878144,11.67104912213924,11.190279123139439,11.478070259094238,13000,0.0,0.0
2022-04-12 00:00:00-04:00,11.679437450486198,12.01505314727048,11.486457824707031,11.486457824707031,29200,0.0,0.0
2022-04-13 00:00:00-04:00,11.536801638575836,11.838855793415167,11.510791279656967,11.561972618103027,36400,0.0,0.0
2022-04-14 00:00:00-04:00,11.64587568417747,11.897587852601216,11.05938640376553,11.536800384521484,14300,0.0,0.0
2022-04-18 00:00:00-04:00,11.528410911560059,11.872417228399978,11.285089311831504,11.528410911560059,24800,0.0,0.0
2022-04-19 00:00:00-04:00,11.60392350318887,12.065395677826192,11.436115657912822,11.81368350982666,22700,0.0,0.0
2022-04-20 00:00:00-04:00,11.780123657263847,12.13252058377708,11.2179666935485,11.348017692565918,39200,0.0,0.0
2022-04-21 00:00:00-04:00,11.343822779662666,11.805294204434832,11.173497578093041,11.368993759155273,40100,0.0,0.0
2022-04-22 00:00:00-04:00,11.385774538954054,11.587144782367913,10.928497594816584,11.075329780578613,32800,0.0,0.0
2022-04-25 00:00:00-04:00,10.966252645952064,11.37738285790623,10.899129509341366,10.957862854003906,31400,0.0,0.0
2022-04-26 00:00:00-04:00,10.873960755962509,11.125672969791992,10.7481050491333,10.7481050491333,19500,0.0,0.0
2022-04-27 00:00:00-04:00,10.823617054686213,10.873959813155661,10.051700092628018,10.076871871948242,47000,0.0,0.0
2022-04-28 00:00:00-04:00,10.160774350117284,10.756492796088363,9.909062984353636,10.7145414352417,32700,0.0,0.0
2022-04-29 00:00:00-04:00,10.61385658457482,10.827811898831227,9.774816513061523,9.774816513061523,94500,0.0,0.0
2022-05-02 00:00:00-04:00,9.79159815349707,10.923463243351499,9.657351863845138,9.799988746643066,70400,0.0,0.0
2022-05-03 00:00:00-04:00,9.799988468383393,10.647418347792144,9.799988468383393,9.967796325683594,33500,0.0,0.0
2022-05-04 00:00:00-04:00,10.068480145891316,10.471218967644932,9.967795440452912,10.362144470214844,51200,0.0,0.0
2022-05-05 00:00:00-04:00,10.18594605049476,10.261458979555394,10.01813740768203,10.085261344909668,21700,0.0,0.0
2022-05-06 00:00:00-04:00,10.223704650617202,10.362146244318971,9.439201752859814,9.934235572814941,45200,0.0,0.0
2022-05-09 00:00:00-04:00,9.699303940496065,10.110433398829265,9.221050537781183,9.489543914794922,34900,0.0,0.0
2022-05-10 00:00:00-04:00,9.405639433154183,10.378925808724588,9.405639433154183,9.925844192504883,136800,0.0,0.0
2022-05-11 00:00:00-04:00,9.07841322175624,9.774816409737303,9.07841322175624,9.229440689086914,70400,0.0,0.0
2022-05-12 00:00:00-04:00,9.137145651632219,9.544079753041023,8.927385657059888,9.187487602233887,67300,0.0,0.0
2022-05-13 00:00:00-04:00,9.263001906094576,9.615398782970804,9.19587876765824,9.523104667663574,39000,0.0,0.0
2022-05-16 00:00:00-04:00,9.447592137426138,9.514715284392102,9.195879936218262,9.195879936218262,25700,0.0,0.0
2022-05-17 00:00:00-04:00,9.45598252579566,9.795793549963749,9.10358561178023,9.246222496032715,41600,0.0,0.0
2022-05-18 00:00:00-04:00,9.095194407091185,9.638053590078098,9.095194407091185,9.229440689086914,30400,0.0,0.0
2022-05-19 00:00:00-04:00,9.16231754808905,9.531494823577304,9.16231754808905,9.229440689086914,67300,0.0,0.0
2022-05-20 00:00:00-04:00,10.23544941266269,10.23544941266269,9.08176939555286,9.095193862915039,70500,0.0,0.0
2022-05-23 00:00:00-04:00,9.214532494369207,9.350917668822815,8.643418966654902,8.737183570861816,66800,0.17,0.0
2022-05-24 00:00:00-04:00,8.720134087413912,9.385012961331912,8.720134087413912,9.37648868560791,72700,0.0,0.0
2022-05-25 00:00:00-04:00,9.483039722710735,9.698699184260468,9.154862422599349,9.244365692138672,24900,0.0,0.0
2022-05-26 00:00:00-04:00,9.197483692637688,9.81974205042201,9.197483692637688,9.512874603271484,30200,0.0,0.0
2022-05-27 00:00:00-04:00,9.632211816650866,10.16070474790771,9.61516326422981,9.760072708129883,46100,0.0,0.0
2022-05-31 00:00:00-04:00,9.853837208582855,9.93907752403953,9.05257320318831,9.163386344909668,30300,0.0,0.0
2022-06-01 00:00:00-04:00,9.393536219487155,9.725974807514575,9.052572543739547,9.180434226989746,99100,0.0,0.0
2022-06-02 00:00:00-04:00,9.291247869208746,9.623687317438453,9.113094890303424,9.589591026306152,42900,0.0,0.0
2022-06-03 00:00:00-04:00,9.402060739943295,9.760072192680907,9.376488725581945,9.572542190551758,5900,0.0,0.0
2022-06-06 00:00:00-04:00,9.674832377117383,9.674832377117383,9.078146049568861,9.342392921447754,57800,0.0,0.0
2022-06-07 00:00:00-04:00,9.176172519344647,9.28613290549562,9.154861831345093,9.214530944824219,4700,0.0,0.0
2022-06-08 00:00:00-04:00,9.154864107039533,9.154864107039533,8.737184273457913,8.788329124450684,27700,0.0,0.0
2022-06-09 00:00:00-04:00,9.22305520768134,9.22305520768134,8.643418263413626,8.68603801727295,17400,0.0,0.0
2022-06-10 00:00:00-04:00,8.600796935585581,8.698823661459562,8.097876080517858,8.438838958740234,35200,0.0,0.0
2022-06-13 00:00:00-04:00,8.174593519624269,8.217214085699117,7.680196904163251,7.688721179962158,45100,0.0,0.0
2022-06-14 00:00:00-04:00,7.84215545158445,8.09787807984782,7.4585719156493075,7.654625415802002,28100,0.0,0.0
2022-06-15 00:00:00-04:00,7.8506778261334835,8.200164981124198,7.7228169494509,7.952966690063477,10000,0.0,0.0
2022-06-16 00:00:00-04:00,7.8847758240169945,8.038209559645717,7.501192297864994,7.671673774719238,23400,0.0,0.0
2022-06-17 00:00:00-04:00,7.782485609903273,8.472935676574707,7.586431335285686,8.472935676574707,69000,0.0,0.0
2022-06-21 00:00:00-04:00,8.592272066725666,9.376487445372177,8.592272066725666,9.3594388961792,121900,0.0,0.0
2022-06-22 00:00:00-04:00,9.129290897276181,9.40632337064432,8.6519419976433,8.813899993896484,15200,0.0,0.0
2022-06-23 00:00:00-04:00,8.643418464967976,9.751548349544624,8.541129590064887,8.549653053283691,41400,0.0,0.0
2022-06-24 00:00:00-04:00,8.720132933994732,9.521396861834223,8.720132933994732,9.3594388961792,29700,0.0,0.0
2022-06-27 00:00:00-04:00,9.461729094428428,9.598114243918198,9.171910245302858,9.325343132019043,21400,0.0,0.0
2022-06-28 00:00:00-04:00,9.410584199408973,9.648406269807387,9.0014287534397,9.129289627075195,38200,0.0,0.0
2022-06-29 00:00:00-04:00,9.137814670273952,9.504349584871246,9.044049263000488,9.044049263000488,9200,0.0,0.0
2022-06-30 00:00:00-04:00,9.061098331978314,9.274200360069282,9.03552631622492,9.120766639709473,21100,0.0,0.0
2022-07-01 00:00:00-04:00,9.154861695156828,9.768595680780413,9.154861695156828,9.325343132019043,11400,0.0,0.0
2022-07-05 00:00:00-04:00,9.472811591366856,9.751548767089844,9.3833091268392,9.751548767089844,23400,0.0,0.0
2022-07-06 00:00:00-04:00,9.64925846626649,9.7515473304801,9.197482446093138,9.410584449768066,22200,0.0,0.0
2022-07-07 00:00:00-04:00,9.587032465160231,9.649258209557715,9.129289627075195,9.129289627075195,26100,0.0,0.0
2022-07-08 00:00:00-04:00,9.180435330109232,9.436157101497933,9.001429602385329,9.086669921875,16900,0.0,0.0
2022-07-11 00:00:00-04:00,9.120766547849055,9.137815100126094,8.549653053283691,8.549653053283691,43600,0.0,0.0
2022-07-12 00:00:00-04:00,8.609321309049433,9.001429029941024,8.472935343283966,8.592272758483887,28900,0.0,0.0
2022-07-13 00:00:00-04:00,8.54965283254154,8.60079767513244,8.26835823059082,8.26835823059082,24700,0.0,0.0
2022-07-14 00:00:00-04:00,8.25130996767934,8.566700840355395,7.833629416317326,7.850677967071533,20000,0.0,0.0
2022-07-15 00:00:00-04:00,8.04673221381312,8.131973350119758,7.756914138793945,7.756914138793945,36300,0.0,0.0
2022-07-18 00:00:00-04:00,7.791010195778246,7.995587941241033,7.688721323046853,7.705769062042236,27300,0.0,0.0
2022-07-19 00:00:00-04:00,7.680196754877682,8.242785939955128,7.663148203611254,7.901823043823242,36100,0.0,0.0
2022-07-20 00:00:00-04:00,7.910344481021847,8.33484370640698,7.877100952652151,8.012633323669434,22500,0.0,0.0
2022-07-21 00:00:00-04:00,7.995587539485875,8.328026968848556,7.935919236620647,7.970015525817871,13700,0.0,0.0
2022-07-22 00:00:00-04:00,8.063779877056579,8.200165029772352,7.918870449066162,7.918870449066162,13700,0.0,0.0
2022-07-25 00:00:00-04:00,7.884774160887218,8.217213580321639,7.884774160887218,7.918870449066162,26000,0.0,0.0
2022-07-26 00:00:00-04:00,7.97001572711263,8.217214033265787,7.577907984981448,7.722817420959473,23500,0.0,0.0
2022-07-27 00:00:00-04:00,7.958083312798906,8.56670255148942,7.894152047620484,8.35360050201416,24600,0.0,0.0
2022-07-28 00:00:00-04:00,8.464412512116297,8.779803404821054,8.26835823059082,8.26835823059082,37500,0.0,0.0
2022-07-29 00:00:00-04:00,8.208690308034393,8.524081215455894,7.884775124296702,8.217214584350586,24300,0.0,0.0
2022-08-01 00:00:00-04:00,8.225738853516795,8.489985754765478,7.850679600981691,8.021161079406738,30300,0.0,0.0
2022-08-02 00:00:00-04:00,7.90182280758486,8.206984712437517,7.90182280758486,8.080827713012695,12600,0.0,0.0
2022-08-03 00:00:00-04:00,8.072305077877054,8.583749459201853,8.072305077877054,8.370647430419922,19200,0.0,0.0
2022-08-04 00:00:00-04:00,8.481460243632815,8.660465973165232,8.09787676975469,8.379171371459961,17400,0.0,0.0
2022-08-05 00:00:00-04:00,8.310979328763331,8.53260563929776,8.055256725294356,8.234262466430664,21900,0.0,0.0
2022-08-08 00:00:00-04:00,8.276883338033793,8.472936826335792,8.140498161315918,8.140498161315918,20500,0.0,0.0
2022-08-09 00:00:00-04:00,8.268358923987718,8.767870478989806,8.268358923987718,8.737183570861816,38000,0.0,0.0
2022-08-10 00:00:00-04:00,8.728659464285029,9.572543357347554,8.67751542932839,9.436158180236816,21100,0.0,0.0
2022-08-11 00:00:00-04:00,9.50434904013927,9.76007160717092,9.36796388783429,9.521397590637207,56100,0.0,0.0
2022-08-12 00:00:00-04:00,9.546972377678127,10.00727280692397,8.600799498928303,8.822425842285156,54800,0.0,0.0
2022-08-15 00:00:00-04:00,8.63489470925385,9.223055978624966,8.63489470925385,8.933237075805664,12400,0.0,0.0
2022-08-16 00:00:00-04:00,8.950284428944686,9.20600700378418,8.609321537771798,9.20600700378418,18700,0.0,0.0
2022-08-17 00:00:00-04:00,9.257149983016053,9.359438838787995,8.946021278428121,9.274198532104492,16300,0.0,0.0
2022-08-18 00:00:00-04:00,9.257151355802991,9.546970229928554,8.882092162353231,9.419109344482422,12500,0.0,0.0
2022-08-19 00:00:00-04:00,9.67483260324976,9.67483260324976,9.367965156099235,9.512874603271484,20200,0.0,0.0
2022-08-22 00:00:00-04:00,9.2997717408057,9.461729726330892,8.77639292241117,9.223054885864258,28600,0.0,0.0
2022-08-23 00:00:00-04:00,9.325343936430219,9.615162810555784,9.24862789291435,9.419109344482422,19400,0.0,0.0
2022-08-24 00:00:00-04:00,9.566281578987201,9.834656432322229,9.25461939366725,9.315220832824707,24400,0.17,0.0
2022-08-25 00:00:00-04:00,9.462395329679897,9.782714185246485,9.462395329679897,9.522995948791504,6700,0.0,0.0
2022-08-26 00:00:00-04:00,9.419110506006207,9.748086887675845,9.194021272397247,9.367166519165039,12400,0.0,0.0
2022-08-29 00:00:00-04:00,9.263279115355209,9.514339922642407,9.228650066957721,9.245965003967285,13800,0.0,0.0
2022-08-30 00:00:00-04:00,9.384480616659754,9.410452194944826,8.994903639897345,9.159391403198242,10800,0.0,0.0
2022-08-31 00:00:00-04:00,9.202677755903457,9.202677755903457,8.527410952992218,8.613983154296875,50700,0.0,0.0
2022-09-01 00:00:00-04:00,8.704884139415118,8.934301236768954,8.51009525900007,8.570695877075195,8100,0.0,0.0
2022-09-02 00:00:00-04:00,8.657269846915542,8.69189889327834,8.579354286193848,8.579354286193848,13100,0.0,0.0
2022-09-06 00:00:00-04:00,8.527411257295089,9.202678084303399,8.510096321043326,9.13341999053955,11900,0.0,0.0
2022-09-07 00:00:00-04:00,9.012216646310126,9.168047748176026,8.68324033438294,8.81309986114502,15200,0.0,0.0
2022-09-08 00:00:00-04:00,8.975857079513956,9.245964126761073,8.730856358300098,8.839072227478027,19300,0.0,0.0
2022-09-09 00:00:00-04:00,9.038189973950525,9.68748525679708,8.930840170583473,9.600913047790527,28000,0.0,0.0
2022-09-12 00:00:00-04:00,9.592254795470003,10.215578447248216,9.531654171554615,10.137662887573242,15500,0.0,0.0
2022-09-13 00:00:00-04:00,9.626883951009688,10.367080950730582,9.557625858425716,9.929888725280762,21500,0.0,0.0
2022-09-14 00:00:00-04:00,9.851972517823155,9.851972517823155,9.522996186839567,9.670169830322266,9200,0.0,0.0
2022-09-15 00:00:00-04:00,9.877944780535556,10.11169146311012,9.592254941136591,9.903916358947754,15900,0.0,0.0
2022-09-16 00:00:00-04:00,9.869286883179399,9.89093055226599,8.830414710048128,9.228649139404297,32100,0.0,0.0
2022-09-19 00:00:00-04:00,9.098791148188836,9.942009243058846,8.973260334406561,9.081476211547852,32800,0.0,0.0
2022-09-20 00:00:00-04:00,9.05550453065212,9.677962130098555,9.05550453065212,9.488368034362793,11500,0.0,0.0
2022-09-21 00:00:00-04:00,9.401794777697994,9.557625899492292,9.029532734865027,9.341194152832031,27400,0.0,0.0
2022-09-22 00:00:00-04:00,8.838206453995017,9.605241109283456,8.838206453995017,9.150733947753906,16800,0.0,0.0
2022-09-23 00:00:00-04:00,9.012218103461366,9.254621436740438,8.700556674959705,9.090133666992188,27100,0.0,0.0
2022-09-26 00:00:00-04:00,8.986245979712766,10.146320242838726,8.986245979712766,9.207006454467773,15500,0.0,0.0
2022-09-27 00:00:00-04:00,9.124763064406816,9.397466721597329,8.775009092189562,9.029533386230469,11100,0.0,0.0
2022-09-28 00:00:00-04:00,9.003560660684528,9.47971068590628,9.003560660684528,9.072818756103516,29000,0.0,0.0
2022-09-29 00:00:00-04:00,9.133420309774223,9.245098845388075,8.795786471658165,8.882359504699707,16200,0.0,0.0
2022-09-30 00:00:00-04:00,8.908329160291139,9.090131829914283,8.745572751972604,8.89101505279541,16200,0.0,0.0
2022-10-03 00:00:00-04:00,8.891016903509808,9.488368184829854,8.891016903509808,9.26327896118164,54500,0.0,0.0
2022-10-04 00:00:00-04:00,9.280594479289308,9.817345166952714,9.107449229336867,9.540312767028809,15300,0.0,0.0
2022-10-05 00:00:00-04:00,9.505681978949488,9.860630739306933,9.49702533649909,9.514339447021484,16000,0.0,0.0
2022-10-06 00:00:00-04:00,9.367165792283947,9.566283429831861,9.367165792283947,9.514339447021484,6400,0.0,0.0
2022-10-07 00:00:00-04:00,9.341193476291474,9.522996163343809,9.047712267039781,9.098790168762207,17900,0.0,0.0
2022-10-10 00:00:00-04:00,9.098791288334933,9.30656557749731,8.764620106362731,8.865044593811035,16800,0.0,0.0
2022-10-11 00:00:00-04:00,8.821757428173937,8.960274436380217,8.613983154296875,8.613983154296875,12900,0.0,0.0
2022-10-12 00:00:00-04:00,8.726527378087026,8.856386087185685,8.657269289818203,8.700555801391602,5300,0.0,0.0
2022-10-13 00:00:00-04:00,8.484124754078474,9.41478111274249,8.38023761328832,9.124762535095215,67100,0.0,0.0
2022-10-14 00:00:00-04:00,9.323880087873857,9.541177087021985,8.431315441406413,8.7524995803833,5900,0.0,0.0
2022-10-17 00:00:00-04:00,8.726526606313564,9.046845442633275,8.553381400954459,8.657268524169922,14300,0.0,0.0
2022-10-18 00:00:00-04:00,9.003559286871402,9.51433828186515,8.82175660773162,8.9689302444458,26700,0.0,0.0
2022-10-19 00:00:00-04:00,9.211335746442535,9.74808639722843,8.856386976399726,9.090133666992188,30300,0.0,0.0
2022-10-20 00:00:00-04:00,9.116104825146488,9.436423707158186,8.908330549077537,8.986246109008789,25500,0.0,0.0
2022-10-21 00:00:00-04:00,8.925645265440057,9.133419536400483,8.562039878448532,8.830414772033691,23200,0.0,0.0
2022-10-24 00:00:00-04:00,8.787127221783885,8.986244827162954,8.406207769993854,8.657268524169922,18500,0.0,0.0
2022-10-25 00:00:00-04:00,8.631297527516882,9.133419069479082,8.52741039734762,8.743842124938965,35200,0.0,0.0
2022-10-26 00:00:00-04:00,8.74384266961836,8.821757402882703,8.631298065185547,8.631298065185547,3100,0.0,0.0
2022-10-27 00:00:00-04:00,8.726527964215041,8.92564560057804,8.613983356813621,8.778471946716309,15400,0.0,0.0
2022-10-28 00:00:00-04:00,8.717870356674105,8.813100852132097,8.639954796979957,8.787128448486328,225400,0.0,0.0
2022-10-31 00:00:00-04:00,8.7092132066914,9.263277908888796,8.7092132066914,9.107447624206543,9100,0.0,0.0
2022-11-01 00:00:00-04:00,8.63129840993659,9.39313826801931,8.63129840993659,9.124762535095215,16100,0.0,0.0
2022-11-02 00:00:00-04:00,9.142077458665433,9.33253680370521,8.891881913805713,9.13341999053955,19000,0.0,0.0
2022-11-03 00:00:00-04:00,9.107447624206543,9.107447624206543,9.107447624206543,9.107447624206543,400,0.0,0.0
2022-11-04 00:00:00-04:00,9.419108413560549,9.540310472183917,9.315221288578295,9.401793479919434,14600,0.0,0.0
2022-11-07 00:00:00-05:00,9.531654569140619,9.652855822026964,9.475381851196289,9.475381851196289,23800,0.0,0.0
2022-11-08 00:00:00-05:00,9.393138008599337,9.973175147874406,9.393138008599337,9.557625770568848,22000,0.0,0.0
2022-11-09 00:00:00-05:00,9.696142350323836,10.033776181567687,9.678828239440918,9.678828239440918,13600,0.0,0.0
2022-11-10 00:00:00-05:00,9.722113876642695,10.241550410254174,9.020875464450969,9.289250373840332,163900,0.0,0.0
2022-11-11 00:00:00-05:00,9.847643759821437,9.847643759821437,8.925644949098444,9.098790168762207,17200,0.0,0.0
2022-11-14 00:00:00-05:00,9.336865073513204,9.639869837879996,8.76115668171355,8.830414772033691,46100,0.0,0.0
2022-11-15 00:00:00-05:00,8.839071726370289,8.912658546264332,8.55338191398671,8.557710647583008,51800,0.0,0.0
2022-11-16 00:00:00-05:00,8.622640993299491,9.020875448184428,8.536067962646484,8.536067962646484,60300,0.0,0.0
2022-11-17 00:00:00-05:00,8.501438549541406,8.861581284758905,8.484124439529104,8.613983154296875,27800,0.0,0.0
2022-11-18 00:00:00-05:00,8.769815059523365,9.150734595815235,8.596669815754334,8.648612976074219,16400,0.0,0.0
2022-11-21 00:00:00-05:00,8.657269529626866,8.839072222773892,7.964687802132404,8.267692565917969,113300,0.0,0.0
2022-11-22 00:00:00-05:00,8.179268752014883,8.7186580634311,8.179268752014883,8.577178955078125,11600,0.2,0.0
2022-11-23 00:00:00-05:00,8.915843702804475,8.915843702804475,8.364958865116837,8.400328636169434,78600,0.0,0.0
2022-11-25 00:00:00-05:00,8.373802947641225,8.877822481969197,8.373802947641225,8.577178955078125,35900,0.0,0.0
2022-11-28 00:00:00-05:00,8.54180770381787,8.92203337435745,8.54180770381787,8.798238754272461,22600,0.0,0.0
2022-11-29 00:00:00-05:00,8.718656842650246,8.975087901455199,8.683287070514456,8.824766159057617,35900,0.0,0.0
2022-11-30 00:00:00-05:00,8.922034440662605,8.922034440662605,8.603705620479943,8.833609580993652,117100,0.0,0.0
2022-12-01 00:00:00-05:00,8.789395791091108,9.198801529352842,8.453383400220229,8.692129135131836,106500,0.0,0.0
2022-12-02 00:00:00-05:00,8.630232471674754,9.275730996876883,8.577177394057253,8.842451095581055,132400,0.0,0.0
2022-12-05 00:00:00-05:00,8.718657108060683,9.231519241282964,8.656760215759277,8.656760215759277,23200,0.0,0.0
2022-12-06 00:00:00-05:00,8.762869261851227,8.966246083935866,8.4887537388317,8.70981502532959,40200,0.0,0.0
2022-12-07 00:00:00-05:00,8.603704849481494,9.014878976516503,8.603704849481494,8.630232810974121,10600,0.0,0.0
2022-12-08 00:00:00-05:00,8.630232911567111,8.930876399066088,8.630232911567111,8.665602684020996,17600,0.0,0.0
2022-12-09 00:00:00-05:00,8.930877475108272,9.063513926970654,8.594864174670642,8.621391296386719,10600,0.0,0.0
2022-12-12 00:00:00-05:00,8.665602599373635,8.714235508971488,8.577177747461725,8.70981502532959,7300,0.0,0.0
2022-12-13 00:00:00-05:00,8.700972355057361,8.860136750885593,8.5948630389325,8.630232810974121,37000,0.0,0.0
2022-12-14 00:00:00-05:00,8.647915917772199,8.75402521723963,8.418012857233643,8.603703498840332,13000,0.0,0.0
2022-12-15 00:00:00-05:00,8.577178434817174,8.625812191594312,8.099686051447863,8.161582946777344,49300,0.0,0.0
2022-12-16 00:00:00-05:00,8.11737027258073,8.515280398175861,7.9493632316589355,7.9493632316589355,27300,0.0,0.0
2022-12-19 00:00:00-05:00,7.931680388132032,8.223481262716774,7.723882207882707,7.745988845825195,38200,0.0,0.0
2022-12-20 00:00:00-05:00,7.9316801266932835,8.347274786929356,7.9316801266932835,8.23232364654541,28600,0.0,0.0
2022-12-21 00:00:00-05:00,8.205794595281112,8.466646976888383,8.037788391113281,8.037788391113281,20100,0.0,0.0
2022-12-22 00:00:00-05:00,8.002418570170375,8.303062048356773,7.754830170662346,7.781357288360596,34700,0.0,0.0
2022-12-23 00:00:00-05:00,7.869781819315193,8.26769282770282,6.897112620532576,7.401132106781006,103600,0.0,0.0
2022-12-27 00:00:00-05:00,7.348077482734569,7.728302319414435,7.250809977656794,7.339234828948975,53400,0.0,0.0
2022-12-28 00:00:00-05:00,7.286179957816153,7.878624285877802,7.250810184944498,7.507241249084473,78100,0.0,0.0
2022-12-29 00:00:00-05:00,7.49839771125084,8.07315750677381,7.49839771125084,7.763671398162842,46200,0.0,0.0
2022-12-30 00:00:00-05:00,7.666406363105607,8.108528986845114,7.666406363105607,7.993577003479004,25000,0.0,0.0
2023-01-03 00:00:00-05:00,8.002418570170375,8.241164316018365,7.7017750919839765,7.781357288360596,45100,0.0,0.0
2023-01-04 00:00:00-05:00,7.843254950925385,8.037789134222034,7.618656922814295,7.790200710296631,13400,0.0,0.0
2023-01-05 00:00:00-05:00,8.147434712372723,8.147434712372723,7.27733728949894,7.427659034729004,77900,0.0,0.0
2023-01-06 00:00:00-05:00,7.392289387718997,8.028946152275296,7.392289387718997,7.622193336486816,42800,0.0,0.0
2023-01-09 00:00:00-05:00,7.692932486800334,7.838832899982894,7.498398321462965,7.5779805183410645,82200,0.0,0.0
2023-01-10 00:00:00-05:00,7.524925953037284,7.9493631934220295,7.51608329970881,7.772514343261719,42700,0.0,0.0
2023-01-11 00:00:00-05:00,7.710618391381728,7.922837037304048,7.5151996082257995,7.692933082580566,54200,0.0,0.0
2023-01-12 00:00:00-05:00,7.7106182130392185,8.665602940883305,7.692932904647108,8.418014526367188,75900,0.0,0.0
2023-01-13 00:00:00-05:00,8.259732245666843,8.72749810319321,8.259732245666843,8.603703498840332,27000,0.0,0.0
2023-01-17 00:00:00-05:00,8.647917394435064,8.647917394435064,8.099685498599905,8.1881103515625,30500,0.0,0.0
2023-01-18 00:00:00-05:00,8.418014471679946,8.559493564770044,7.993576349127739,8.099685668945312,17200,0.0,0.0
2023-01-19 00:00:00-05:00,8.028947162982453,8.152741807121503,7.87862539627147,7.958207607269287,8200,0.0,0.0
2023-01-20 00:00:00-05:00,7.958207897219484,8.179269227697803,7.958207897219484,8.046632766723633,18400,0.0,0.0
2023-01-23 00:00:00-05:00,8.117370276442982,8.117370276442982,7.922836118597441,7.931678771972656,8900,0.0,0.0
2023-01-24 00:00:00-05:00,7.913993786004412,8.135055069654154,7.878624014351728,8.11737060546875,20700,0.0,0.0
2023-01-25 00:00:00-05:00,7.9847337803355565,8.280955950889895,7.94140595518793,8.055473327636719,13400,0.0,0.0
2023-01-26 00:00:00-05:00,8.09968519590924,8.559493064880371,8.09968519590924,8.559493064880371,26800,0.0,0.0
2023-01-27 00:00:00-05:00,8.44454183238983,8.488754261065763,8.28537742646924,8.409172058105469,22700,0.0,0.0
2023-01-30 00:00:00-05:00,8.239397466824366,8.426857373772046,8.126213840382816,8.135056495666504,26500,0.0,0.0
2023-01-31 00:00:00-05:00,8.11737122033565,8.510860065187611,8.11737122033565,8.488754272460938,35400,0.0,0.0
2023-02-01 00:00:00-05:00,8.453383611316813,8.515280499083682,8.214637027161436,8.364958763122559,43100,0.0,0.0
2023-02-02 00:00:00-05:00,8.53296652289732,9.160780698675147,8.27211410064077,8.577178955078125,85900,0.0,0.0
2023-02-03 00:00:00-05:00,8.541807688689165,9.196148872375488,8.541807688689165,9.196148872375488,32700,0.0,0.0
2023-02-06 00:00:00-05:00,9.196149664218149,9.717854462691648,9.187307853187868,9.364156723022461,34000,0.0,0.0
2023-02-07 00:00:00-05:00,9.38184038053316,9.6391560332014,9.187307062106537,9.196148872375488,19300,0.0,0.0
2023-02-08 00:00:00-05:00,9.483529178559136,9.483529178559136,8.917612002399796,9.001615524291992,18300,0.0,0.0
2023-02-09 00:00:00-05:00,9.125409323548439,9.735538925577467,9.125409323548439,9.558690071105957,41900,0.0,0.0
2023-02-10 00:00:00-05:00,9.470266085137265,9.609976819392143,8.851294616446854,8.886664390563965,15400,0.0,0.0
2023-02-13 00:00:00-05:00,9.471151609387478,9.638273239135742,9.090041265338932,9.638273239135742,28200,0.0,0.0
2023-02-14 00:00:00-05:00,9.426053510141529,10.080394742777255,9.37299927143156,9.96544361114502,30200,0.0,0.0
2023-02-15 00:00:00-05:00,10.071553163781477,10.071553163781477,9.434896381627064,9.479108810424805,20700,0.0,0.0
2023-02-16 00:00:00-05:00,9.465845673561631,9.465845673561631,9.072356793037681,9.20499324798584,32800,0.0,0.0
2023-02-17 00:00:00-05:00,9.151937638481982,9.31994384591352,8.736342181923485,8.983930587768555,73300,0.0,0.0
2023-02-21 00:00:00-05:00,8.983931718540425,9.019301495255862,8.532966432957133,8.621391296386719,30800,0.0,0.0
2023-02-22 00:00:00-05:00,8.532964201799595,8.75402545928955,8.532964201799595,8.75402545928955,25100,0.0,0.0
2023-02-23 00:00:00-05:00,8.754026758715572,9.098882675170898,8.718656985998248,9.098882675170898,18400,0.0,0.0
2023-02-24 00:00:00-05:00,8.842452026878467,9.231519545017067,8.683287620544434,8.683287620544434,20700,0.0,0.0
2023-02-27 00:00:00-05:00,8.913190720790983,8.93087602792392,8.709814748453347,8.798238754272461,14700,0.0,0.0
2023-02-28 00:00:00-05:00,8.879203728719858,9.104107574506907,8.75325726622068,8.996153831481934,51800,0.17,0.0
2023-03-01 00:00:00-05:00,8.996154648991903,8.996154648991903,8.717273477379482,8.816231727600098,11000,0.0,0.0
2023-03-02 00:00:00-05:00,8.767652542328202,8.870208135193659,8.32594119318632,8.357427597045898,28100,0.0,0.0
2023-03-03 00:00:00-05:00,8.50136713072701,8.834224795166406,8.492370768945877,8.71727466583252,18900,0.0,0.0
2023-03-06 00:00:00-05:00,8.70827700754265,8.70827700754265,8.321442126060631,8.4024076461792,31800,0.0,0.0
2023-03-07 00:00:00-05:00,8.46088474337505,8.46088474337505,8.289958151503168,8.366425514221191,16000,0.0,0.0
2023-03-08 00:00:00-05:00,8.339435443949576,8.600323884208034,8.312446363345503,8.411404609680176,23400,0.0,0.0
2023-03-09 00:00:00-05:00,8.472579973262935,8.699282975485403,8.096540451049805,8.096540451049805,38300,0.0,0.0
2023-03-10 00:00:00-05:00,8.096540451049805,8.231482448724517,7.988586681321976,8.096540451049805,19900,0.0,0.0
2023-03-13 00:00:00-04:00,7.970592153182229,8.384415272436481,7.898622989654541,7.898622989654541,32100,0.0,0.0
2023-03-14 00:00:00-04:00,8.150515719542339,8.303449544823366,7.916615514858279,8.006576538085938,22700,0.0,0.0
2023-03-15 00:00:00-04:00,7.907620021834736,8.266566748759942,7.871635437011719,7.871635437011719,26000,0.0,0.0
2023-03-16 00:00:00-04:00,7.835650311637201,8.316944422169994,7.799665729296621,7.907619476318359,29000,0.0,0.0
2023-03-17 00:00:00-04:00,7.99758195413976,8.582331675016876,7.376846790313721,7.376846790313721,106000,0.0,0.0
2023-03-20 00:00:00-04:00,7.38584359508709,7.844647724986952,7.38584359508709,7.538778305053711,35600,0.0,0.0
2023-03-21 00:00:00-04:00,7.7816732920849265,8.319643804267434,7.570263970390047,7.601750373840332,32700,0.0,0.0
2023-03-22 00:00:00-04:00,7.682716439654487,7.871635731528786,7.466808922638205,7.646731853485107,19500,0.0,0.0
2023-03-23 00:00:00-04:00,7.844647034958251,7.862638897991605,7.232908248901367,7.232908248901367,34100,0.0,0.0
2023-03-24 00:00:00-04:00,7.268892959555517,7.574762357913178,7.2419047355651855,7.2419047355651855,16800,0.0,0.0
2023-03-27 00:00:00-04:00,7.655727826030887,7.754685218490145,7.313873845798679,7.448815822601318,61500,0.0,0.0
2023-03-28 00:00:00-04:00,7.5927547780576345,7.5927547780576345,7.286886215209961,7.286886215209961,15600,0.0,0.0
2023-03-29 00:00:00-04:00,7.4038340209059355,7.808661620347019,7.4038340209059355,7.745687961578369,29900,0.0,0.0
2023-03-30 00:00:00-04:00,7.84464668212855,7.859940322680139,7.331865310668945,7.331865310668945,15400,0.0,0.0
2023-03-31 00:00:00-04:00,7.421828003607774,7.574762709893091,7.259896936260919,7.313874244689941,30700,0.0,0.0
2023-04-03 00:00:00-04:00,7.358855389755323,7.542376527463928,7.268893492603502,7.286886215209961,15100,0.0,0.0
2023-04-04 00:00:00-04:00,7.421827054051223,7.565765380859375,7.286885087153605,7.565765380859375,17500,0.0,0.0
2023-04-05 00:00:00-04:00,7.439820725730852,7.598152733888965,7.268893297322458,7.313874244689941,25200,0.0,0.0
2023-04-06 00:00:00-04:00,7.286885963868171,7.475805255018537,7.268893241882324,7.268893241882324,11200,0.0,0.0
2023-04-10 00:00:00-04:00,7.2329084502787495,7.484800545339949,7.2329084502787495,7.376846790313721,6700,0.0,0.0
2023-04-11 00:00:00-04:00,7.376846811152251,7.709704437908441,7.376846811152251,7.664724349975586,19300,0.0,0.0
2023-04-12 00:00:00-04:00,7.471307157169217,7.799666615581367,7.471307157169217,7.691712856292725,25800,0.0,0.0
2023-04-13 00:00:00-04:00,7.727697930986159,8.030868283847047,7.502794037106191,7.781674385070801,15400,0.0,0.0
2023-04-14 00:00:00-04:00,7.817657273985748,8.078545699844097,7.7097035313485085,8.006576538085938,31200,0.0,0.0
2023-04-17 00:00:00-04:00,7.735793540944036,8.033566561842171,7.556769736704221,7.664724349975586,17500,0.0,0.0
2023-04-18 00:00:00-04:00,7.709704664796471,8.08754324854507,7.592754545260932,7.646731853485107,20400,0.0,0.0
2023-04-19 00:00:00-04:00,7.592753602650879,7.7906692309821395,7.565765380859375,7.565765380859375,7800,0.0,0.0
2023-04-20 00:00:00-04:00,7.637735760036293,7.808663193784236,7.583759307861328,7.583759307861328,19400,0.0,0.0
2023-04-21 00:00:00-04:00,7.664724387252963,7.880631898965393,7.421827793121338,7.421827793121338,25200,0.0,0.0
2023-04-24 00:00:00-04:00,7.538778546094525,8.042562782612102,7.421828419560737,7.727697849273682,17300,0.0,0.0
2023-04-25 00:00:00-04:00,7.646731924355525,7.673720149747638,7.381345277169146,7.439820766448975,18900,0.0,0.0
2023-04-26 00:00:00-04:00,7.61074666853429,7.7061058572776995,7.151942587516302,7.304877281188965,56400,0.0,0.0
2023-04-27 00:00:00-04:00,7.367850893118318,7.403835480390999,7.259897131300273,7.286886215209961,14700,0.0,0.0
2023-04-28 00:00:00-04:00,7.268893159220113,7.453314267776771,7.151943041462686,7.385843276977539,25800,0.0,0.0
2023-05-01 00:00:00-04:00,7.525283524599205,7.586457235058715,7.268893241882324,7.268893241882324,22400,0.0,0.0
2023-05-02 00:00:00-04:00,7.196924082513367,7.4218279600919095,7.017001152038574,7.017001152038574,53700,0.0,0.0
2023-05-03 00:00:00-04:00,7.215815827409692,7.736693626312691,7.070977934699276,7.214916706085205,34700,0.0,0.0
2023-05-04 00:00:00-04:00,7.259896689143115,7.336364039682921,7.16993522644043,7.16993522644043,32200,0.0,0.0
2023-05-05 00:00:00-04:00,7.196923984313129,7.358855048501036,7.196923984313129,7.214916706085205,20700,0.0,0.0
2023-05-08 00:00:00-04:00,7.475805261495246,7.475805261495246,7.070978024835122,7.142947196960449,162200,0.0,0.0
2023-05-09 00:00:00-04:00,7.32736843483162,7.646731515736387,7.1969237795166,7.322870254516602,25100,0.0,0.0
2023-05-10 00:00:00-04:00,7.3228702166128805,7.583758667952372,7.268892911052221,7.367850303649902,32800,0.0,0.0
2023-05-11 00:00:00-04:00,7.3048774169151,7.619743170430297,7.151942720400879,7.232908248901367,30800,0.0,0.0
2023-05-12 00:00:00-04:00,7.196923732757568,7.75468521909346,7.106962271892115,7.196923732757568,59700,0.0,0.0
2023-05-15 00:00:00-04:00,7.313874084177824,7.4128314798623745,6.92703914642334,6.92703914642334,111700,0.0,0.0
2023-05-16 00:00:00-04:00,7.008004432087031,7.372348454879687,7.008004432087031,7.219413757324219,106500,0.0,0.0
2023-05-17 00:00:00-04:00,7.187927999745439,7.736694031361256,7.1609397736145715,7.673720359802246,88500,0.0,0.0
2023-05-18 00:00:00-04:00,7.393040703133456,7.912118555416232,7.393040703133456,7.691712856292725,64900,0.0,0.0
2023-05-19 00:00:00-04:00,7.86263914523669,8.177504908653017,7.556769742590014,7.83565092086792,115900,0.0,0.0
2023-05-22 00:00:00-04:00,7.763682437596366,8.132524682388942,7.610747722739894,7.727697849273682,62500,0.0,0.0
2023-05-23 00:00:00-04:00,7.727697191399018,7.835650947176745,7.187927554570189,7.250901222229004,92100,0.0,0.0
2023-05-24 00:00:00-04:00,7.260078655607139,7.792423174896826,7.205008578196972,7.783244609832764,97800,0.16,0.0
2023-05-25 00:00:00-04:00,7.77406704073369,7.77406704073369,7.562964417564757,7.718996524810791,113300,0.0,0.0
2023-05-26 00:00:00-04:00,7.673104959842532,7.673104959842532,7.526251410420275,7.618035316467285,27300,0.0,0.0
2023-05-30 00:00:00-04:00,7.682283336040548,7.682283336040548,7.406932500006757,7.425289630889893,45300,0.0,0.0
2023-05-31 00:00:00-04:00,7.425289268459923,7.526250857440679,7.351862499143712,7.370218753814697,79500,0.0,0.0
2023-06-01 00:00:00-04:00,7.388576542388045,7.636391692090409,7.344520126744863,7.562964916229248,63200,0.0,0.0
2023-06-02 00:00:00-04:00,7.68228296106666,7.755709730382871,7.305970549492047,7.370218753814697,197800,0.0,0.0
2023-06-05 00:00:00-04:00,7.379397535899852,7.755709958545053,7.379397535899852,7.645569801330566,82600,0.0,0.0
2023-06-06 00:00:00-04:00,7.5629643309555705,7.939276746951455,7.526250945866122,7.856672286987305,68400,0.0,0.0
2023-06-07 00:00:00-04:00,7.847493954993383,8.223806382167517,7.572143120985231,7.7465314865112305,107500,0.0,0.0
2023-06-08 00:00:00-04:00,7.755710209607042,8.320178861847396,7.755710209607042,8.095309257507324,58500,0.0,0.0
2023-06-09 00:00:00-04:00,8.11366567953456,8.306411162883363,8.104487114776019,8.214627265930176,43000,0.0,0.0
2023-06-12 00:00:00-04:00,8.132024035090454,8.416553488916252,8.132024035090454,8.333948135375977,54500,0.0,0.0
2023-06-13 00:00:00-04:00,8.370659950329966,8.379838515729714,8.242162660681986,8.306411743164062,44500,0.0,0.0
2023-06-14 00:00:00-04:00,8.242162974475862,8.35230401283378,8.196271896362305,8.196271896362305,24300,0.0,0.0
2023-06-15 00:00:00-04:00,8.177914684369453,8.627653897858753,8.177914684369453,8.42573070526123,98400,0.0,0.0
2023-06-16 00:00:00-04:00,8.581762671578023,8.600118927261633,8.260519881611119,8.407373428344727,48500,0.0,0.0
2023-06-20 00:00:00-04:00,8.44408659968025,8.489978550693175,8.32476787717311,8.370659828186035,19600,0.0,0.0
2023-06-21 00:00:00-04:00,8.370659549345582,8.597364676899149,8.36148098438552,8.56340503692627,36600,0.0,0.0
2023-06-22 00:00:00-04:00,8.471621636211633,8.632243031195086,8.361481476161428,8.407373428344727,42000,0.0,0.0
2023-06-23 00:00:00-04:00,8.297233667317965,8.600119340851196,8.297233667317965,8.398195266723633,38800,0.0,0.0
2023-06-26 00:00:00-04:00,8.361481687548368,8.673545919904686,8.361481687548368,8.444087028503418,19300,0.0,0.0
2023-06-27 00:00:00-04:00,8.636832313945035,8.866291199545344,8.407373428344727,8.407373428344727,28600,0.0,0.0
2023-06-28 00:00:00-04:00,8.563405631023466,8.930539501735092,8.489978856881141,8.737794876098633,31100,0.0,0.0
2023-06-29 00:00:00-04:00,8.756150717500937,8.820398923005213,8.177914242013989,8.269698143005371,44400,0.0,0.0
2023-06-30 00:00:00-04:00,8.38901801007068,8.884649217429658,8.297234096542018,8.554227828979492,55500,0.0,0.0
2023-07-03 00:00:00-04:00,8.673545769990561,8.94889660997614,8.54963776069962,8.655189514160156,40800,0.0,0.0
2023-07-05 00:00:00-04:00,8.554227131237843,9.059036863837186,8.51751374388423,8.75615119934082,90600,0.0,0.0
2023-07-06 00:00:00-04:00,8.646011575738648,8.90759458633861,8.269699113098964,8.352304458618164,54100,0.0,0.0
2023-07-07 00:00:00-04:00,8.370659942250349,9.086571411732528,8.370659942250349,9.031501770019531,70500,0.0,0.0
2023-07-10 00:00:00-04:00,8.94889655396586,9.39863576044826,8.673545715703673,8.967253684997559,72800,0.0,0.0
2023-07-11 00:00:00-04:00,9.059035651926504,9.15999723481333,8.572583115739308,8.719436645507812,56300,0.0,0.0
2023-07-12 00:00:00-04:00,8.98560938924363,9.114106672630765,8.710258567880416,8.958074569702148,70300,0.0,0.0
2023-07-13 00:00:00-04:00,9.14164204372053,9.270139334860371,8.994788496884246,9.215068817138672,99600,0.0,0.0
2023-07-14 00:00:00-04:00,9.141641603324535,9.380279043095298,8.999377346094947,9.10033893585205,178000,0.0,0.0
2023-07-17 00:00:00-04:00,9.150821363388399,9.462885613792254,9.150821363388399,9.260961532592773,45000,0.0,0.0
2023-07-18 00:00:00-04:00,9.242603233652478,9.43718426222241,9.086571128141772,9.224246978759766,45400,0.0,0.0
2023-07-19 00:00:00-04:00,9.141641183008707,9.36192148252311,8.903003754210054,9.068214416503906,83700,0.0,0.0
2023-07-20 00:00:00-04:00,9.109517872859277,9.274727674178614,9.01314468638317,9.196712493896484,37700,0.0,0.0
2023-07-21 00:00:00-04:00,9.334386059281528,9.334386059281528,8.944305840419508,8.97642993927002,78100,0.0,0.0
2023-07-24 00:00:00-04:00,8.985608853231719,9.412402469588075,8.985608853231719,9.343564987182617,46000,0.0,0.0
2023-07-25 00:00:00-04:00,9.26096074601622,9.462884810065349,9.132463455200195,9.132463455200195,39500,0.0,0.0
2023-07-26 00:00:00-04:00,9.215068830362464,9.655630346819713,9.178355443600708,9.545489311218262,57300,0.0,0.0
2023-07-27 00:00:00-04:00,9.701520471132909,9.811660620602838,9.325208074948295,9.380278587341309,54900,0.0,0.0
2023-07-28 00:00:00-04:00,9.527133078150872,9.87591069087503,9.43167809728008,9.628094673156738,74900,0.0,0.0
2023-07-31 00:00:00-04:00,9.719878611792648,9.719878611792648,9.31603047973017,9.462884902954102,45700,0.0,0.0
2023-08-01 00:00:00-04:00,9.490419509722965,9.747413212749356,9.297674013624128,9.42617130279541,76400,0.0,0.0
2023-08-02 00:00:00-04:00,9.453705481482892,9.499597429878248,9.114106463863031,9.16917610168457,102300,0.0,0.0
2023-08-03 00:00:00-04:00,9.233424840270667,9.522542616500026,9.123283818042637,9.343564987182617,248000,0.0,0.0
2023-08-04 00:00:00-04:00,9.297673382128346,9.398634968345242,9.132462718031507,9.16917610168457,79400,0.0,0.0
2023-08-07 00:00:00-04:00,9.169177267197801,9.316030820476913,9.068215668147465,9.205890655517578,111300,0.0,0.0
2023-08-08 00:00:00-04:00,9.104928352079911,9.17835512303893,8.884648039202853,9.077393531799316,156900,0.0,0.0
2023-08-09 00:00:00-04:00,9.040680120407732,9.178355096732254,8.903004268767056,8.99478816986084,296600,0.0,0.0
2023-08-10 00:00:00-04:00,9.077393602770375,9.2150685805659,8.737794565600739,8.84793472290039,113300,0.0,0.0
2023-08-11 00:00:00-04:00,9.123285420041714,9.316030929811706,8.907594370546152,9.059037208557129,158200,0.0,0.0
2023-08-14 00:00:00-04:00,9.08657177661081,9.178355683573024,8.728616465153836,8.857112884521484,185000,0.0,0.0
2023-08-15 00:00:00-04:00,8.90300318365839,8.994787073565444,8.756149660059942,8.811220169067383,109000,0.0,0.0
2023-08-16 00:00:00-04:00,8.746971463510388,8.967252633479228,8.673544698626134,8.719436645507812,66700,0.0,0.0
2023-08-17 00:00:00-04:00,9.114107135205513,9.114107135205513,8.61847598172306,8.636832237243652,51200,0.0,0.0
2023-08-18 00:00:00-04:00,8.581761743184476,8.948895570301165,8.581761743184476,8.884647369384766,78600,0.0,0.0
2023-08-21 00:00:00-04:00,8.912182929162814,9.04985790695834,8.746972255555255,8.84793472290039,46500,0.0,0.0
2023-08-22 00:00:00-04:00,8.802041779453063,9.011307967196501,8.737793580434476,8.930538177490234,122200,0.0,0.0
2023-08-23 00:00:00-04:00,9.014878621212642,9.324120751421527,8.883684638156854,9.230411529541016,93600,0.2,0.0
2023-08-24 00:00:00-04:00,9.164813569882034,9.380346465951048,9.005506918691932,9.108588218688965,87600,0.0,0.0
2023-08-25 00:00:00-04:00,9.202296781218044,9.314748369297918,8.930538553270233,9.146071434020996,52500,0.0,0.0
2023-08-28 00:00:00-04:00,9.146071841489883,9.427201271057129,9.146071841489883,9.427201271057129,70400,0.0,0.0
2023-08-29 00:00:00-04:00,9.361604521637773,9.54902385713728,9.361604521637773,9.455314636230469,54200,0.0,0.0
2023-08-30 00:00:00-04:00,9.51153943639801,9.736443519592285,9.49279795078189,9.736443519592285,57100,0.0,0.0
2023-08-31 00:00:00-04:00,9.745812938553213,9.773926504976265,9.614619869988648,9.689587593078613,74300,0.0,0.0
2023-09-01 00:00:00-04:00,9.567765122061846,9.764555624814765,9.567765122061846,9.727071762084961,55600,0.0,0.0
2023-09-05 00:00:00-04:00,9.75518572986592,9.877008523320644,9.671784280622806,9.830153465270996,231500,0.0,0.0
2023-09-06 00:00:00-04:00,9.867636477173273,10.15813709693783,9.765492656094668,9.895750045776367,213600,0.0,0.0
2023-09-07 00:00:00-04:00,9.867636767234476,9.867636767234476,9.558394652996775,9.642733573913574,90600,0.0,0.0
2023-09-08 00:00:00-04:00,9.749563260852959,9.749563260852959,9.492798372596136,9.61462116241455,43900,0.0,0.0
2023-09-11 00:00:00-04:00,9.73644450693486,9.989460397367953,9.680218257013104,9.802041053771973,72500,0.0,0.0
2023-09-12 00:00:00-04:00,9.839524450141509,10.012887893199125,9.764556716301968,9.858266830444336,34700,0.0,0.0
2023-09-13 00:00:00-04:00,9.90512120067607,10.07379905218044,9.792669597568459,9.830153465270996,68200,0.0,0.0
2023-09-14 00:00:00-04:00,9.820782023137104,10.026943737058405,9.820782023137104,9.970718383789062,47500,0.0,0.0
2023-09-15 00:00:00-04:00,9.923862682811336,10.345556379703986,9.914491493312743,10.186249732971191,286200,0.0,0.0
2023-09-18 00:00:00-04:00,10.092542531716157,10.120655212132398,9.839525726912,9.961348533630371,36100,0.0,0.0
2023-09-19 00:00:00-04:00,9.923863280801525,10.2799604600333,9.923863280801525,10.083169937133789,32200,0.0,0.0
2023-09-20 00:00:00-04:00,10.148766396258809,10.298701861287592,10.101911340015848,10.130024909973145,60400,0.0,0.0
2023-09-21 00:00:00-04:00,10.026943145283674,10.092540578474283,9.65210449999087,9.670845985412598,25900,0.0,0.0
2023-09-22 00:00:00-04:00,9.783298407221348,10.064427861833332,9.783298407221348,9.830153465270996,27600,0.0,0.0
2023-09-25 00:00:00-04:00,9.736444242857601,9.886379713667752,9.661476507452527,9.830153465270996,34500,0.0,0.0
2023-09-26 00:00:00-04:00,9.848895420767189,9.867636906966398,9.717701442629284,9.773927688598633,46700,0.0,0.0
2023-09-27 00:00:00-04:00,9.619306493074841,9.763618883928535,9.567765842806608,9.642733573913574,50600,0.0,0.0
2023-09-28 00:00:00-04:00,9.577137212750793,9.830153086574267,9.558394832778605,9.661476135253906,29100,0.0,0.0
2023-09-29 00:00:00-04:00,9.652104540628526,9.727072270002719,9.427201352505948,9.558394432067871,59100,0.0,0.0
2023-10-02 00:00:00-04:00,9.698958813574537,9.717700297565385,9.558393662057284,9.577136039733887,22000,0.0,0.0
2023-10-03 00:00:00-04:00,9.670846332825903,9.78329793045343,9.399088081804582,9.595878601074219,98300,0.0,0.0
2023-10-04 00:00:00-04:00,9.820781587649803,9.820781587649803,9.385031991234472,9.623991966247559,96700,0.0,0.0
2023-10-05 00:00:00-04:00,9.652104976846113,9.811411632387442,9.417830588542499,9.436572074890137,44500,0.0,0.0
2023-10-06 00:00:00-04:00,9.408460293037177,9.642734703614483,9.408460293037177,9.54902458190918,20800,0.0,0.0
2023-10-09 00:00:00-04:00,9.502170414742482,9.643672180179637,9.422517079398759,9.54902458190918,34900,0.0,0.0
2023-10-10 00:00:00-04:00,9.502170104018404,9.867637600609084,9.502170104018404,9.802041053771973,40500,0.0,0.0
2023-10-11 00:00:00-04:00,9.745813619625341,10.748508549975604,9.745813619625341,10.298701286315918,113200,0.0,0.0
2023-10-12 00:00:00-04:00,10.18625087730474,10.587329074780992,9.867637548045812,9.9144926071167,58400,0.0,0.0
2023-10-13 00:00:00-04:00,9.93323456223187,10.059742054506286,9.46468577898859,9.567766189575195,41300,0.0,0.0
2023-10-16 00:00:00-04:00,9.57713677093231,9.740191536950388,9.57713677093231,9.670845985412598,28200,0.0,0.0
2023-10-17 00:00:00-04:00,9.62867687200485,9.661476036621336,9.408459271695007,9.595878601074219,77200,0.0,0.0
2023-10-18 00:00:00-04:00,9.474055513100447,9.680217215722392,9.38034629822562,9.558394432067871,34400,0.0,0.0
2023-10-19 00:00:00-04:00,9.474055864382676,9.474055864382676,9.183556125707888,9.305378913879395,73000,0.0,0.0
2023-10-20 00:00:00-04:00,9.211669448641105,9.305379567256228,9.0889100690675,9.267895698547363,22800,0.0,0.0
2023-10-23 00:00:00-04:00,9.305378951903549,9.520910959305183,9.305378951903549,9.370975494384766,25300,0.0,0.0
2023-10-24 00:00:00-04:00,9.436571384023011,9.445942573353685,9.197611418205678,9.408458709716797,19100,0.0,0.0
2023-10-25 00:00:00-04:00,9.314749512152101,9.492798552054936,9.267895348301145,9.342863082885742,54700,0.0,0.0
2023-10-26 00:00:00-04:00,9.3184987467248,9.3184987467248,9.136701583862305,9.136701583862305,40400,0.0,0.0
2023-10-27 00:00:00-04:00,9.136700711529539,9.32412003456734,9.066418577101093,9.089845657348633,36600,0.0,0.0
2023-10-30 00:00:00-04:00,9.089845228089509,9.286635731407415,8.996136017838849,9.03361988067627,26000,0.0,0.0
2023-10-31 00:00:00-04:00,9.15544349427471,9.352233121875088,9.15544349427471,9.192927360534668,7200,0.0,0.0
2023-11-01 00:00:00-04:00,9.19292730925669,9.65210489180135,9.183556119322507,9.483427047729492,18700,0.0,0.0
2023-11-02 00:00:00-04:00,9.642733886023622,10.120653857563942,9.32412057166341,9.502169609069824,86300,0.0,0.0
2023-11-03 00:00:00-04:00,9.50216994475296,9.981026516009635,9.183556619137097,9.605250358581543,86100,0.0,0.0
2023-11-06 00:00:00-05:00,9.642733451944318,10.008201806732423,9.502169181318191,9.623991966247559,8300,0.0,0.0
2023-11-07 00:00:00-05:00,9.595878421470138,9.85170582362664,9.37097523042455,9.399087905883789,60300,0.0,0.0
2023-11-08 00:00:00-05:00,9.520910966520097,10.120653720342116,9.258523902710529,9.661476135253906,32000,0.0,0.0
2023-11-09 00:00:00-05:00,9.558394832778605,9.886379332804964,9.29881930470204,9.661476135253906,27300,0.0,0.0
2023-11-10 00:00:00-05:00,9.652104540628526,9.787983214987065,9.249152324977869,9.558394432067871,12000,0.0,0.0
2023-11-13 00:00:00-05:00,9.399088687663788,9.764557073775501,9.380347200360731,9.492798805236816,11900,0.0,0.0
2023-11-14 00:00:00-05:00,9.511539979616643,10.097225960964611,9.492798492930168,9.923863410949707,20700,0.0,0.0
2023-11-15 00:00:00-05:00,9.802039724747017,10.120653012503462,9.183555527895471,9.408458709716797,179500,0.0,0.0
2023-11-16 00:00:00-05:00,9.520911169802822,10.11128274624388,9.389718081939844,9.923863410949707,36800,0.0,0.0
2023-11-17 00:00:00-05:00,9.783298324435782,9.783298324435782,9.403774055448356,9.586507797241211,40400,0.0,0.0
2023-11-20 00:00:00-05:00,9.736444242857601,10.10191172953587,9.652105317105416,9.830153465270996,30600,0.0,0.0
2023-11-21 00:00:00-05:00,9.677747049223239,9.849203490998473,9.534867286682129,9.534867286682129,11700,0.17,0.0
2023-11-22 00:00:00-05:00,9.525342413053375,9.811102867126465,9.460570237257063,9.811102867126465,5000,0.0,0.0
2023-11-24 00:00:00-05:00,9.830151966346673,9.882541634375881,9.582493782043457,9.582493782043457,6800,0.0,0.0
2023-11-27 00:00:00-05:00,9.658697266145591,9.88730525970459,9.601544813552133,9.88730525970459,14800,0.0,0.0
2023-11-28 00:00:00-05:00,9.858728905337196,9.963507335761479,9.63964557647705,9.63964557647705,7800,0.0,0.0
2023-11-29 00:00:00-05:00,9.677747177123926,9.828247571131286,9.553917624028328,9.563443183898926,14200,0.0,0.0
2023-11-30 00:00:00-05:00,9.544393526783399,9.8015772993718,9.544393526783399,9.61107063293457,7900,0.0,0.0
2023-12-01 00:00:00-05:00,9.763476355804757,10.03018569946289,9.553918560155342,10.03018569946289,50400,0.0,0.0
2023-12-04 00:00:00-05:00,9.868253736897497,10.030184619499344,9.801576635264047,10.001608848571777,13200,0.0,0.0
2023-12-05 00:00:00-05:00,9.99208384416829,10.134964523562404,9.77776418768826,10.049236297607422,21200,0.0,0.0
2023-12-06 00:00:00-05:00,10.230217274108968,10.230217274108968,9.718706682925745,10.020660400390625,34100,0.0,0.0
2023-12-07 00:00:00-05:00,10.03971017927766,10.173065290951941,9.85872908552656,10.001608848571777,28800,0.0,0.0
2023-12-08 00:00:00-05:00,10.001609109526362,10.287369551480023,9.868253994372678,9.992083549499512,16100,0.0,0.0
2023-12-11 00:00:00-05:00,9.992083267503386,10.068285928752788,9.630120172365041,9.801576614379883,26000,0.0,0.0
2023-12-12 00:00:00-05:00,9.8015772993718,9.8015772993718,9.4253267467092,9.61107063293457,38700,0.0,0.0
2023-12-13 00:00:00-05:00,9.592018965029649,9.896830522352474,9.382462098103982,9.83015251159668,29100,0.0,0.0
2023-12-14 00:00:00-05:00,9.834915186080773,10.068285950205228,9.834915186080773,10.001608848571777,32800,0.0,0.0
2023-12-15 00:00:00-05:00,9.944457361033253,10.230217823195566,9.88730581364527,9.934932708740234,70900,0.0,0.0
2023-12-18 00:00:00-05:00,9.887305282963792,10.05876173274009,9.887305282963792,10.020660400390625,156600,0.0,0.0
2023-12-19 00:00:00-05:00,10.36357223080861,10.582654661318454,9.973033353181561,10.192115783691406,175400,0.0,0.0
2023-12-20 00:00:00-05:00,10.211166315824217,10.449299852705519,9.944456100463867,9.944456100463867,65100,0.0,0.0
2023-12-21 00:00:00-05:00,10.13496437547261,10.420723913270528,9.7063232519609,10.154014587402344,160700,0.0,0.0
2023-12-22 00:00:00-05:00,10.115912437438965,10.201640655211664,10.025421439966967,10.115912437438965,138100,0.0,0.0
2023-12-26 00:00:00-05:00,10.049235620431608,10.420723363326962,10.049235620431608,10.306419372558594,28300,0.0,0.0
2023-12-27 00:00:00-05:00,10.30641927086915,10.654094927984179,10.155918881581288,10.477875709533691,146700,0.0,0.0
2023-12-28 00:00:00-05:00,10.477875970270352,10.658857064603046,10.230216865682554,10.468350410461426,115600,0.0,0.0
2023-12-29 00:00:00-05:00,10.401672491722834,10.5921791309031,10.363571163886782,10.430248260498047,6600,0.0,0.0
2024-01-02 00:00:00-05:00,10.392147162787499,10.392147162787499,10.175921691036292,10.187352180480957,19300,0.0,0.0
2024-01-03 00:00:00-05:00,10.144488775816448,10.439774774872097,10.001609010458568,10.09686279296875,20500,0.0,0.0
2024-01-04 00:00:00-05:00,10.125439075910036,10.201641742405087,10.073049402041896,10.144489288330078,9600,0.0,0.0
2024-01-05 00:00:00-05:00,10.230217115449962,10.268318447208518,10.096862908498718,10.192115783691406,2204600,0.0,0.0
2024-01-08 00:00:00-05:00,10.458825955491259,10.816026310393132,10.360715222635864,10.76363754272461,43800,0.0,0.0
2024-01-09 00:00:00-05:00,10.773161888122559,10.99795910251001,10.71600943808685,10.773161888122559,88800,0.0,0.0
2024-01-10 00:00:00-05:00,10.849364280700684,11.044633708511254,10.72839167348656,10.849364280700684,28100,0.0,0.0
2024-01-11 00:00:00-05:00,10.86841501400021,10.982719008332378,10.668382796817065,10.830313682556152,26600,0.0,0.0
2024-01-12 00:00:00-05:00,10.763636974976786,10.868415413194578,10.69695896119507,10.782687187194824,20300,0.0,0.0
2024-01-16 00:00:00-05:00,10.668382661804449,10.744585323728186,10.477876006995107,10.535028457641602,23900,0.0,0.0
2024-01-17 00:00:00-05:00,10.601705265551072,10.73982224580266,10.382621937293825,10.411198616027832,23600,0.0,0.0
2024-01-18 00:00:00-05:00,10.535028315803908,10.695053358644838,10.401673205029095,10.639806747436523,15700,0.0,0.0
2024-01-19 00:00:00-05:00,10.620755581887098,10.668382471843236,10.192115389096596,10.239742279052734,19100,0.0,0.0
2024-01-22 00:00:00-05:00,10.296894855639978,10.41119884789963,10.096862642083744,10.268318176269531,107900,0.0,0.0
2024-01-23 00:00:00-05:00,10.268318329716726,10.268318329716726,10.030184781848666,10.09686279296875,10800,0.0,0.0
2024-01-24 00:00:00-05:00,10.096862494358168,10.37595430654863,10.01113427431586,10.03971004486084,10900,0.0,0.0
2024-01-25 00:00:00-05:00,10.21116730281883,10.239743075652614,10.049236409414982,10.144489288330078,98400,0.0,0.0
2024-01-26 00:00:00-05:00,10.17306534006608,10.420723536646289,10.125438449351945,10.334996223449707,32100,0.0,0.0
2024-01-29 00:00:00-05:00,10.382622582826524,10.430249475270346,10.268318586005805,10.420723915100098,30500,0.0,0.0
2024-01-30 00:00:00-05:00,10.239742405306464,10.43024905907255,10.182589954972947,10.268318176269531,50700,0.0,0.0
2024-01-31 00:00:00-05:00,10.249268394487409,10.334996619375557,10.020660400390625,10.020660400390625,49600,0.0,0.0
2024-02-01 00:00:00-05:00,10.020661062461029,10.115913945424388,9.830153479719353,9.963508605957031,42800,0.0,0.0
2024-02-02 00:00:00-05:00,9.992083685428764,10.001609245585195,9.792051464180762,9.95398235321045,26500,0.0,0.0
2024-02-05 00:00:00-05:00,9.97303307764421,10.020659968128408,9.811102195042363,10.001608848571777,44600,0.0,0.0
2024-02-06 00:00:00-05:00,9.992084364016224,10.24926905526146,9.887305920401948,10.230217933654785,12800,0.0,0.0
2024-02-07 00:00:00-05:00,10.182589805993109,10.182589805993109,9.982557595363513,10.03971004486084,14700,0.0,0.0
2024-02-08 00:00:00-05:00,9.982557595363513,10.43024890646925,9.877779164427006,10.03971004486084,101500,0.0,0.0
2024-02-09 00:00:00-05:00,10.277844022438714,10.474066380909328,10.258793810734986,10.3921480178833,48000,0.0,0.0
2024-02-12 00:00:00-05:00,10.392148279106042,10.477876504946245,10.32070839370835,10.382622718811035,22700,0.0,0.0
2024-02-13 00:00:00-05:00,10.106387682083705,10.192115906676763,9.898735739436491,9.95398235321045,30700,0.0,0.0
2024-02-14 00:00:00-05:00,10.058761733963784,10.373097952986956,9.953982388684448,10.287369728088379,1196600,0.0,0.0
2024-02-15 00:00:00-05:00,10.392148177080227,10.52550329467881,10.28736974008611,10.487401962280273,20700,0.0,0.0
2024-02-16 00:00:00-05:00,10.630282541049034,10.768400449264481,10.411200090178655,10.592181205749512,59500,0.0,0.0
2024-02-20 00:00:00-05:00,10.63028241653455,10.87794154728431,10.63028241653455,10.76363754272461,39200,0.0,0.0
2024-02-21 00:00:00-05:00,10.802424897280616,10.938181885228005,10.555152051665573,10.666666984558105,12900,0.2,0.0
2024-02-22 00:00:00-05:00,10.812120902272,10.88969658629668,10.201212621771425,10.404848098754883,34800,0.0,0.0
2024-02-23 00:00:00-05:00,10.472727781571676,10.492121240682346,10.055757775778345,10.278788566589355,17100,0.0,0.0
2024-02-26 00:00:00-05:00,10.23030281966814,10.618181222638233,10.15272713907412,10.463029861450195,17700,0.0,0.0
2024-02-27 00:00:00-05:00,10.560001112482219,10.61818241708506,10.288485275085087,10.569697380065918,18000,0.0,0.0
2024-02-28 00:00:00-05:00,10.482424707772545,10.656969534444151,10.356363990036046,10.366060256958008,15300,0.0,0.0
2024-02-29 00:00:00-05:00,10.53090954115362,10.589091770563382,10.240001168430307,10.492121696472168,10600,0.0,0.0
2024-03-01 00:00:00-05:00,10.656969798507635,10.656969798507635,10.404848356787452,10.47272777557373,12900,0.0,0.0
2024-03-04 00:00:00-05:00,10.64727187915973,10.65696907043457,10.56969619851112,10.65696907043457,21500,0.0,0.0
2024-03-05 00:00:00-05:00,10.656969562840013,10.666666754562913,10.453333160534626,10.521212577819824,8400,0.0,0.0
2024-03-06 00:00:00-05:00,10.492121234673293,10.618181955533386,10.47272777557373,10.47272777557373,16000,0.0,0.0
2024-03-07 00:00:00-05:00,10.608484529324084,10.620120974436897,10.278788333711354,10.48242473602295,19200,0.0,0.0
2024-03-08 00:00:00-05:00,10.579394347007888,11.490910064265432,10.30109159061959,11.006061553955078,128200,0.0,0.0
2024-03-11 00:00:00-04:00,11.01575781329057,11.326061488509769,10.802425134747851,11.161212921142578,182000,0.0,0.0
2024-03-12 00:00:00-04:00,11.16121243061565,11.24848530653625,10.92848537801079,11.064242362976074,20100,0.0,0.0
2024-03-13 00:00:00-04:00,11.238787609192858,11.238787609192858,10.88969612121582,10.88969612121582,15500,0.0,0.0
2024-03-14 00:00:00-04:00,10.957576029305235,11.100120863530657,10.773333085729714,10.94787883758545,90000,0.0,0.0
2024-03-15 00:00:00-04:00,11.064242593336223,11.096242586855016,10.957576256531953,11.09333324432373,61300,0.0,0.0
2024-03-18 00:00:00-04:00,11.209696991240866,11.209696991240866,10.705454140440816,10.928484916687012,44300,0.0,0.0
2024-03-19 00:00:00-04:00,10.967273708098615,11.141818542931055,10.918788672121494,11.044849395751953,14600,0.0,0.0
2024-03-20 00:00:00-04:00,10.976970197554454,11.15151596069336,10.870303856066881,11.15151596069336,13500,0.0,0.0
2024-03-21 00:00:00-04:00,11.180606147559699,11.27175753236352,10.986666932575492,11.209697723388672,18000,0.0,0.0
2024-03-22 00:00:00-04:00,11.132121092908317,11.243636950505008,10.715152012624376,10.899394035339355,21400,0.0,0.0
2024-03-25 00:00:00-04:00,10.889696496969895,10.947878721898695,10.870303038510357,10.913939476013184,7300,0.0,0.0
2024-03-26 00:00:00-04:00,10.9963638717189,11.233939520209727,10.870303153683441,10.909090995788574,12900,0.0,0.0
2024-03-27 00:00:00-04:00,10.889697095670133,11.054545663127263,10.715152260837694,11.044849395751953,14300,0.0,0.0
2024-03-28 00:00:00-04:00,11.08363747805174,11.209698204394495,10.734545951325599,10.957576751708984,12200,0.0,0.0
2024-04-01 00:00:00-04:00,10.967273944068081,11.0060617887293,10.71515249138257,10.957576751708984,17000,0.0,0.0
2024-04-02 00:00:00-04:00,10.90424312136965,10.938182369860225,10.812121643484401,10.91878890991211,36800,0.0,0.0
2024-04-03 00:00:00-04:00,10.749091260709294,10.88969684454785,10.749091260709294,10.86060619354248,3200,0.0,0.0
2024-04-04 00:00:00-04:00,10.938181646483832,11.172848877285379,10.860605962271366,10.8703031539917,21100,0.0,0.0
2024-04-05 00:00:00-04:00,10.872243135075665,10.90909172625918,10.792728192152103,10.802425384521484,8600,0.0,0.0
2024-04-08 00:00:00-04:00,10.783030278366873,11.267878767096184,10.783030278366873,10.831515312194824,16900,0.0,0.0
2024-04-09 00:00:00-04:00,10.802424894956161,10.894545443964889,10.724849209067168,10.744242668151855,17300,0.0,0.0
2024-04-10 00:00:00-04:00,10.676364663829723,10.831516042723226,10.676364663829723,10.724849700927734,6000,0.0,0.0
2024-04-11 00:00:00-04:00,10.724848480088468,10.87999984132066,10.540605545043945,10.540605545043945,16500,0.0,0.0
2024-04-12 00:00:00-04:00,10.627879147470729,10.630788490006957,10.424242740662137,10.47272777557373,18300,0.0,0.0
2024-04-15 00:00:00-04:00,10.521213055821178,10.521213055821178,10.055758004501483,10.230303764343262,26800,0.0,0.0
2024-04-16 00:00:00-04:00,10.123636506346944,10.220606578491179,9.895758039015682,10.113940238952637,13300,0.0,0.0
2024-04-17 00:00:00-04:00,10.094545840092405,10.094545840092405,9.793940281472969,9.842424392700195,11300,0.0,0.0
2024-04-18 00:00:00-04:00,9.832728610184416,10.113940723134922,9.832728610184416,9.900607109069824,12800,0.0,0.0
2024-04-19 00:00:00-04:00,9.992728585555508,10.036365027614497,9.813334221004634,9.9393949508667,14900,0.0,0.0
2024-04-22 00:00:00-04:00,9.89090988946429,10.17697059795157,9.871516429024997,10.17212200164795,9900,0.0,0.0
2024-04-23 00:00:00-04:00,10.147879227764008,10.181818474715708,9.890909190483093,10.046060562133789,25900,0.0,0.0
2024-04-24 00:00:00-04:00,9.987879508907522,10.404848599409897,9.900606628986631,10.230303764343262,11700,0.0,0.0
2024-04-25 00:00:00-04:00,10.230303041037024,10.33696937296814,9.94909096160492,10.181818008422852,15100,0.0,0.0
2024-04-26 00:00:00-04:00,10.113939304491666,10.637575611184689,9.832727230985693,10.618181228637695,31600,0.0,0.0
2024-04-29 00:00:00-04:00,10.66666675521581,10.66666675521581,9.960727658742305,10.443636894226074,16600,0.0,0.0
2024-04-30 00:00:00-04:00,10.030544930615038,10.608484028306066,10.030544930615038,10.385454177856445,44900,0.0,0.0
2024-05-01 00:00:00-04:00,10.249696987212253,10.540606271972583,10.181818493185721,10.39515209197998,16700,0.0,0.0
2024-05-02 00:00:00-04:00,10.550302730264885,10.550302730264885,10.336969146305423,10.385454177856445,25700,0.0,0.0
2024-05-03 00:00:00-04:00,10.404848599409897,10.569697167088211,10.230303764343262,10.230303764343262,53300,0.0,0.0
2024-05-06 00:00:00-04:00,10.317576849376785,10.637576798931525,10.308848821391067,10.608485221862793,20100,0.0,0.0
2024-05-07 00:00:00-04:00,10.529940376782303,10.666667459926288,10.482425428883177,10.492121696472168,35400,0.0,0.0
2024-05-08 00:00:00-04:00,10.656969077665826,10.850908279418945,10.489212107417531,10.850908279418945,28200,0.0,0.0
2024-05-09 00:00:00-04:00,10.773333088863426,10.918788190377215,10.424242509825516,10.5600004196167,56300,0.0,0.0
2024-05-10 00:00:00-04:00,10.666667454104203,10.84121321746305,10.487273094565923,10.569697380065918,32300,0.0,0.0
2024-05-13 00:00:00-04:00,10.530909072981016,10.666666985718292,10.472727770932984,10.62787914276123,30000,0.0,0.0
2024-05-14 00:00:00-04:00,10.656969792626114,10.802424897280616,10.569696914788437,10.666666984558105,20400,0.0,0.0
2024-05-15 00:00:00-04:00,10.66666699286123,10.724849219723346,10.39515209197998,10.39515209197998,29200,0.0,0.0
2024-05-16 00:00:00-04:00,10.55030346152223,10.55030346152223,10.356364246650982,10.47272777557373,26100,0.0,0.0
2024-05-17 00:00:00-04:00,10.385454891956215,10.773333321484643,10.385454891956215,10.666666984558105,14100,0.0,0.0
2024-05-20 00:00:00-04:00,10.627879609443921,10.734545951065904,10.40484880906593,10.569697380065918,39100,0.0,0.0
2024-05-21 00:00:00-04:00,10.69575740463278,10.7296966508868,10.41454531810291,10.5600004196167,24300,0.0,0.0
2024-05-22 00:00:00-04:00,10.648657713161054,10.678209690542731,10.392538070678711,10.392538070678711,25500,0.17,0.0
2024-05-23 00:00:00-04:00,10.392537655411331,10.56985045205672,10.392537655411331,10.5600004196167,18000,0.0,0.0
2024-05-24 00:00:00-04:00,10.540298155366303,11.00328348582358,10.540298155366303,10.96388053894043,30600,0.0,0.0
2024-05-28 00:00:00-04:00,10.973731325486998,10.973731325486998,10.323581303717042,10.530447006225586,90700,0.0,0.0
2024-05-29 00:00:00-04:00,10.382686642813564,10.518627423796982,10.313731718801908,10.441791534423828,21400,0.0,0.0
2024-05-30 00:00:00-04:00,10.343283721768454,10.589552381810561,10.343283721768454,10.540298461914062,33100,0.0,0.0
2024-05-31 00:00:00-04:00,10.500895458453607,10.678209193368856,10.269403257434549,10.382686614990234,32200,0.0,0.0
2024-06-03 00:00:00-04:00,10.461492592852757,10.890985009310647,10.35313472035314,10.619104385375977,22500,0.0,0.0
2024-06-04 00:00:00-04:00,10.471343071379618,10.688059745608454,10.471343071379618,10.550148963928223,20300,0.0,0.0
2024-06-05 00:00:00-04:00,10.609254325545313,10.727463169632678,10.500895513884942,10.540298461914062,23600,0.0,0.0
2024-06-06 00:00:00-04:00,10.481194536638354,10.668358305399579,10.481194536638354,10.619104385375977,18600,0.0,0.0
2024-06-07 00:00:00-04:00,10.500895030783091,10.697909761864883,10.451641113152558,10.510746002197266,16900,0.0,0.0
2024-06-10 00:00:00-04:00,10.392537695264977,10.747164229356075,10.392537695264977,10.67820930480957,26600,0.0,0.0
2024-06-11 00:00:00-04:00,10.66835820720648,10.66835820720648,10.195522833988868,10.343283653259277,45500,0.0,0.0
2024-06-12 00:00:00-04:00,10.579701339868084,10.579701339868084,10.276298735997486,10.343283653259277,31500,0.0,0.0
2024-06-13 00:00:00-04:00,10.284178775878054,10.441791506605396,10.284178775878054,10.362985610961914,30600,0.0,0.0
2024-06-14 00:00:00-04:00,10.343283667330855,10.431940534789865,10.254626799871843,10.362985610961914,19300,0.0,0.0
2024-06-17 00:00:00-04:00,10.274328797577589,10.82597006998529,10.274328797577589,10.540298461914062,46600,0.0,0.0
2024-06-18 00:00:00-04:00,10.540298502902546,10.688060263166648,10.540298502902546,10.638806343078613,42600,0.0,0.0
2024-06-20 00:00:00-04:00,10.717611751625254,10.835820590791961,10.303880344821605,10.628954887390137,42700,0.0,0.0
2024-06-21 00:00:00-04:00,10.62895542409284,10.845672109894954,10.362985757397857,10.816119194030762,256000,0.0,0.0
2024-06-24 00:00:00-04:00,10.648657341517945,11.032835852393026,10.628955397657483,10.737313270568848,31600,0.0,0.0
2024-06-25 00:00:00-04:00,10.786567163902326,10.786567163902326,10.520597498531565,10.638806343078613,25000,0.0,0.0
2024-06-26 00:00:00-04:00,10.668358359666108,10.776716232716907,10.461492646067025,10.757015228271484,25500,0.0,0.0
2024-06-27 00:00:00-04:00,10.63880639604757,10.91955252067465,10.63880639604757,10.816119194030762,28400,0.0,0.0
2024-06-28 00:00:00-04:00,10.904776035621202,10.904776035621202,10.6634328599729,10.737313270568848,36000,0.0,0.0
2024-07-01 00:00:00-04:00,10.766866186359538,10.80626913464007,10.51074655281589,10.737313270568848,45200,0.0,0.0
2024-07-02 00:00:00-04:00,10.693969841233994,10.835820636723396,10.693969841233994,10.727462768554688,34500,0.0,0.0
2024-07-03 00:00:00-04:00,10.786566763945402,11.013134412173262,10.69790989896234,10.845671653747559,12900,0.0,0.0
2024-07-05 00:00:00-04:00,10.845671623508565,10.885074570120027,10.71761181216123,10.766865730285645,22900,0.0,0.0
2024-07-08 00:00:00-04:00,10.747164296054383,10.949104524428463,10.50582111920342,10.875224113464355,21700,0.0,0.0
2024-07-09 00:00:00-04:00,10.870298627965287,10.93432900639336,10.727463292020284,10.855523109436035,67400,0.0,0.0
2024-07-10 00:00:00-04:00,10.83582068220714,11.022984444273327,10.786566763945402,10.845671653747559,40400,0.0,0.0
2024-07-11 00:00:00-04:00,10.835820667572035,10.919552046671797,10.500895151172989,10.825969696044922,46600,0.0,0.0
2024-07-12 00:00:00-04:00,10.825969966238802,11.052537619815316,10.825969966238802,10.890000343322754,98700,0.0,0.0
2024-07-15 00:00:00-04:00,11.003284047754327,11.308656666833835,10.904776205795542,11.229850769042969,31700,0.0,0.0
2024-07-16 00:00:00-04:00,11.111641948312718,11.446567484426467,11.111641948312718,11.288955688476562,39100,0.0,0.0
2024-07-17 00:00:00-04:00,11.28895562362741,11.387463465250429,10.963881061488015,11.091940879821777,23400,0.0,0.0
2024-07-18 00:00:00-04:00,11.022984489853,11.338209004367364,10.771791290616125,10.98358154296875,62500,0.0,0.0
2024-07-19 00:00:00-04:00,10.934328563943703,11.239701167436559,10.934328563943703,10.98358154296875,7500,0.0,0.0
2024-07-22 00:00:00-04:00,10.885075151192444,11.05253791809082,10.885075151192444,11.05253791809082,12900,0.0,0.0
2024-07-23 00:00:00-04:00,10.894925616755007,11.08208937958988,10.865372702012378,10.96388053894043,7700,0.0,0.0
2024-07-24 00:00:00-04:00,10.885075085443676,10.954030010418123,10.63880642260305,10.875224113464355,51800,0.0,0.0
2024-07-25 00:00:00-04:00,10.983581557483047,11.013134472265557,10.835820741331938,11.003283500671387,13100,0.0,0.0
2024-07-26 00:00:00-04:00,11.426866004307294,11.426866004307294,11.096865967974686,11.318507194519043,43800,0.0,0.0
2024-07-29 00:00:00-04:00,11.417015047067562,11.426866018777217,11.062387581042934,11.35791015625,33500,0.0,0.0
2024-07-30 00:00:00-04:00,11.328358107643771,11.328358107643771,11.032835534338904,11.141194343566895,14100,0.0,0.0
2024-07-31 00:00:00-04:00,11.062387963041392,11.151044832608983,10.727463368311065,11.111641883850098,30500,0.0,0.0
2024-08-01 00:00:00-04:00,11.052537374135136,11.1756717002391,10.638805963270588,10.885074615478516,74300,0.0,0.0
2024-08-02 00:00:00-04:00,10.86537329344657,10.86537329344657,10.589552650250793,10.624030113220215,54600,0.0,0.0
2024-08-05 00:00:00-04:00,10.254627113444245,10.265462619108437,9.42716424444464,9.90000057220459,445900,0.0,0.0
2024-08-06 00:00:00-04:00,9.880298652323583,10.05761239310065,9.655701936262266,9.998507499694824,70900,0.0,0.0
2024-08-07 00:00:00-04:00,10.008358471835864,10.225075161736678,9.870448619622954,9.998507499694824,54500,0.0,0.0
2024-08-08 00:00:00-04:00,9.949254555940037,10.244776205778713,9.949254555940037,10.097015380859375,51400,0.0,0.0
2024-08-09 00:00:00-04:00,10.125582367626588,10.165969848632812,10.028060002113456,10.146268844604492,61600,0.0,0.0
2024-08-12 00:00:00-04:00,10.15611992688647,10.619104330155775,10.146268955044897,10.461492538452148,84600,0.0,0.0
2024-08-13 00:00:00-04:00,10.550149039332847,10.825969665224328,10.550149039332847,10.727462768554688,87200,0.0,0.0
2024-08-14 00:00:00-04:00,10.68806036892377,11.062387910639822,10.68806036892377,10.95403003692627,80200,0.0,0.0
2024-08-15 00:00:00-04:00,11.180597722466837,11.200298727079751,10.963881035082384,11.032835960388184,38100,0.0,0.0
2024-08-16 00:00:00-04:00,10.983581601316581,11.151044361324345,10.954029625856494,11.121492385864258,41500,0.0,0.0
2024-08-19 00:00:00-04:00,11.032836037132048,11.288955674964285,11.032836037132048,11.269253730773926,49500,0.0,0.0
2024-08-20 00:00:00-04:00,11.288955189851098,11.288955189851098,11.14119437253466,11.220000267028809,32300,0.0,0.0
2024-08-21 00:00:00-04:00,11.170000076293945,11.300000190734863,11.149999618530273,11.25,25500,0.17,0.0
2024-08-22 00:00:00-04:00,10.789999961853027,11.210000038146973,10.789999961853027,10.9399995803833,41700,0.0,0.0
2024-08-23 00:00:00-04:00,10.979999542236328,11.130000114440918,10.75,11.0600004196167,34400,0.0,0.0
2024-08-26 00:00:00-04:00,11.119999885559082,11.210000038146973,11.0,11.149999618530273,51900,0.0,0.0
2024-08-27 00:00:00-04:00,11.0600004196167,11.130000114440918,10.800000190734863,11.0,38100,0.0,0.0
2024-08-28 00:00:00-04:00,10.970000267028809,11.079999923706055,10.680000305175781,10.880000114440918,42700,0.0,0.0
2024-08-29 00:00:00-04:00,10.930000305175781,11.04800033569336,10.300000190734863,10.479999542236328,95200,0.0,0.0
2024-08-30 00:00:00-04:00,10.479999542236328,10.725000381469727,10.0,10.0600004196167,656000,0.0,0.0
2024-09-03 00:00:00-04:00,10.109999656677246,10.40999984741211,10.109999656677246,10.180000305175781,72000,0.0,0.0
2024-09-04 00:00:00-04:00,10.220000267028809,10.59000015258789,10.220000267028809,10.350000381469727,70800,0.0,0.0
2024-09-05 00:00:00-04:00,10.350000381469727,10.380000114440918,10.130000114440918,10.220000267028809,186100,0.0,0.0
2024-09-06 00:00:00-04:00,10.199999809265137,10.329999923706055,9.949999809265137,9.949999809265137,69800,0.0,0.0
2024-09-09 00:00:00-04:00,9.960000038146973,10.130000114440918,9.960000038146973,10.050000190734863,43800,0.0,0.0
2024-09-10 00:00:00-04:00,10.050000190734863,10.050999641418457,9.770000457763672,9.899999618530273,72500,0.0,0.0
2024-09-11 00:00:00-04:00,9.850000381469727,9.890000343322754,9.699999809265137,9.890000343322754,51400,0.0,0.0
2024-09-12 00:00:00-04:00,9.829999923706055,10.0,9.829999923706055,9.9399995803833,33200,0.0,0.0
2024-09-13 00:00:00-04:00,10.029999732971191,10.109999656677246,9.960000038146973,10.079999923706055,71600,0.0,0.0
2024-09-16 00:00:00-04:00,10.079999923706055,10.109999656677246,10.029999732971191,10.100000381469727,56900,0.0,0.0
2024-09-17 00:00:00-04:00,10.100000381469727,10.199999809265137,10.050000190734863,10.100000381469727,36700,0.0,0.0
2024-09-18 00:00:00-04:00,10.010000228881836,10.126999855041504,9.949999809265137,10.029999732971191,42500,0.0,0.0
2024-09-19 00:00:00-04:00,10.180000305175781,10.199999809265137,10.010000228881836,10.069999694824219,72900,0.0,0.0
2024-09-20 00:00:00-04:00,10.100000381469727,10.15999984741211,9.789999961853027,9.8100004196167,144600,0.0,0.0
2024-09-23 00:00:00-04:00,9.800000190734863,9.859999656677246,9.619999885559082,9.670000076293945,68500,0.0,0.0
2024-09-24 00:00:00-04:00,9.649999618530273,9.829999923706055,9.609999656677246,9.789999961853027,138200,0.0,0.0
2024-09-25 00:00:00-04:00,9.800000190734863,9.847999572753906,9.520000457763672,9.600000381469727,60900,0.0,0.0
2024-09-26 00:00:00-04:00,9.619999885559082,9.690999984741211,9.010000228881836,9.420000076293945,154400,0.0,0.0
2024-09-27 00:00:00-04:00,9.739999771118164,9.989999771118164,9.675000190734863,9.890000343322754,75400,0.0,0.0
2024-09-30 00:00:00-04:00,9.84000015258789,10.039999961853027,9.800000190734863,9.930000305175781,76000,0.0,0.0
2024-10-01 00:00:00-04:00,9.895000457763672,9.949999809265137,9.765000343322754,9.8100004196167,69700,0.0,0.0
2024-10-02 00:00:00-04:00,9.739999771118164,9.890000343322754,9.739999771118164,9.850000381469727,41400,0.0,0.0
2024-10-03 00:00:00-04:00,9.802000045776367,9.8100004196167,9.510000228881836,9.649999618530273,87200,0.0,0.0
2024-10-04 00:00:00-04:00,9.694999694824219,9.930000305175781,9.675000190734863,9.84000015258789,32700,0.0,0.0
2024-10-07 00:00:00-04:00,9.8100004196167,10.039999961853027,9.800000190734863,9.970000267028809,65900,0.0,0.0
2024-10-08 00:00:00-04:00,9.930000305175781,10.079999923706055,9.920000076293945,10.0600004196167,82200,0.0,0.0
2024-10-09 00:00:00-04:00,10.039999961853027,10.119999885559082,9.949999809265137,10.029999732971191,123100,0.0,0.0
2024-10-10 00:00:00-04:00,10.029999732971191,10.055000305175781,9.880000114440918,9.920000076293945,60200,0.0,0.0
2024-10-11 00:00:00-04:00,9.890000343322754,10.0649995803833,9.890000343322754,10.0600004196167,35000,0.0,0.0
2024-10-14 00:00:00-04:00,10.020000457763672,10.170000076293945,10.020000457763672,10.15999984741211,30000,0.0,0.0
2024-10-15 00:00:00-04:00,10.114999771118164,10.265000343322754,10.020000457763672,10.100000381469727,53000,0.0,0.0
2024-10-16 00:00:00-04:00,10.15999984741211,10.279999732971191,10.140000343322754,10.229999542236328,27400,0.0,0.0
2024-10-17 00:00:00-04:00,10.194000244140625,10.270000457763672,10.15999984741211,10.239999771118164,25400,0.0,0.0
2024-10-18 00:00:00-04:00,10.149999618530273,10.289999961853027,10.149999618530273,10.15999984741211,42800,0.0,0.0
2024-10-21 00:00:00-04:00,10.100000381469727,10.180000305175781,10.050000190734863,10.079999923706055,23800,0.0,0.0
2024-10-22 00:00:00-04:00,10.180000305175781,10.180000305175781,10.0,10.0600004196167,46900,0.0,0.0
2024-10-23 00:00:00-04:00,10.100000381469727,10.140000343322754,9.859999656677246,9.979999542236328,78800,0.0,0.0
2024-10-24 00:00:00-04:00,9.949999809265137,10.199999809265137,9.949999809265137,10.1899995803833,51700,0.0,0.0
2024-10-25 00:00:00-04:00,10.1899995803833,10.3100004196167,9.9399995803833,10.199999809265137,59700,0.0,0.0
2024-10-28 00:00:00-04:00,10.25,10.460000038146973,10.220000267028809,10.300000190734863,36100,0.0,0.0
2024-10-29 00:00:00-04:00,10.4399995803833,10.4399995803833,10.210000038146973,10.279999732971191,32200,0.0,0.0
2024-10-30 00:00:00-04:00,10.289999961853027,10.354999542236328,10.270000457763672,10.289999961853027,22600,0.0,0.0
2024-10-31 00:00:00-04:00,10.289999961853027,10.460000038146973,10.15999984741211,10.260000228881836,84300,0.0,0.0
2024-11-01 00:00:00-04:00,10.260000228881836,10.479999542236328,10.029999732971191,10.109999656677246,94600,0.0,0.0
2024-11-04 00:00:00-05:00,10.15999984741211,10.319999694824219,10.145000457763672,10.319999694824219,41400,0.0,0.0
2024-11-05 00:00:00-05:00,10.359999656677246,10.5,10.359999656677246,10.5,46000,0.0,0.0
2024-11-06 00:00:00-05:00,10.5,10.6899995803833,10.390000343322754,10.619999885559082,62900,0.0,0.0
2024-11-07 00:00:00-05:00,10.5,10.989999771118164,10.477999687194824,10.720000267028809,58100,0.0,0.0
2024-11-08 00:00:00-05:00,10.350000381469727,10.649999618530273,10.244999885559082,10.460000038146973,89900,0.0,0.0
2024-11-11 00:00:00-05:00,10.430000305175781,10.90999984741211,10.414999961853027,10.760000228881836,133100,0.0,0.0
2024-11-12 00:00:00-05:00,10.760000228881836,10.949999809265137,10.600000381469727,10.699999809265137,77300,0.0,0.0
2024-11-13 00:00:00-05:00,10.649999618530273,10.704999923706055,10.510000228881836,10.550000190734863,55900,0.0,0.0
2024-11-14 00:00:00-05:00,10.520000457763672,10.694999694824219,10.520000457763672,10.569999694824219,63900,0.0,0.0
2024-11-15 00:00:00-05:00,10.539999961853027,10.5600004196167,10.329999923706055,10.34000015258789,39900,0.0,0.0
2024-11-18 00:00:00-05:00,10.375,10.420000076293945,10.300000190734863,10.300000190734863,63900,0.0,0.0
2024-11-19 00:00:00-05:00,10.210000038146973,10.329999923706055,10.1899995803833,10.289999961853027,88900,0.0,0.0
2024-11-20 00:00:00-05:00,10.289999961853027,10.289999961853027,10.0600004196167,10.109999656677246,26700,0.0,0.0
2024-11-21 00:00:00-05:00,10.09000015258789,10.220000267028809,9.880000114440918,10.210000038146973,74000,0.0,0.0
2024-11-22 00:00:00-05:00,10.170000076293945,10.399999618530273,10.170000076293945,10.270000457763672,121300,0.0,0.0
2024-11-25 00:00:00-05:00,10.229999542236328,10.329999923706055,10.199999809265137,10.260000228881836,78400,0.0,0.0
2024-11-26 00:00:00-05:00,10.25,10.350000381469727,10.201000213623047,10.319999694824219,78700,0.0,0.0
2024-11-27 00:00:00-05:00,10.300000190734863,10.34000015258789,10.178000450134277,10.180000305175781,45600,0.0,0.0
2024-11-29 00:00:00-05:00,10.180000305175781,10.319999694824219,10.15999984741211,10.289999961853027,25600,0.0,0.0
2024-12-02 00:00:00-05:00,10.289999961853027,10.289999961853027,10.140000343322754,10.1899995803833,89300,0.0,0.0
2024-12-03 00:00:00-05:00,10.25,10.324999809265137,10.020000457763672,10.119999885559082,84367,0.0,0.0
