Date,Open,High,Low,Close,Volume,Dividends,Stock Splits
2022-01-03 00:00:00-05:00,61.33940995341633,61.357910439544284,59.34101864071043,60.14592742919922,1224300,0.0,0.0
2022-01-04 00:00:00-05:00,60.219939224299644,60.86756920576694,58.78591502113152,58.91543960571289,1444300,0.0,0.0
2022-01-05 00:00:00-05:00,58.78591654872683,59.02646170787436,57.99026147501677,57.99951171875,962900,0.0,0.0
2022-01-06 00:00:00-05:00,58.15679608443431,58.25856641538028,57.32413294876772,57.69420623779297,815300,0.0,0.0
2022-01-07 00:00:00-05:00,57.51841144156094,57.80521837515529,56.565477625946066,56.87078857421875,1432000,0.0,0.0
2022-01-10 00:00:00-05:00,56.38969804228449,57.10208676684897,56.056632817368104,57.06507873535156,1130200,0.0,0.0
2022-01-11 00:00:00-05:00,57.2223623379185,57.425902998814806,56.41745699689828,57.28712463378906,1676500,0.0,0.0
2022-01-12 00:00:00-05:00,57.23161965467486,58.00877078251908,57.23161965467486,57.48141860961914,1211900,0.0,0.0
2022-01-13 00:00:00-05:00,56.85229058390983,57.62018786339171,56.85229058390983,57.45365524291992,2059000,0.0,0.0
2022-01-14 00:00:00-05:00,57.36113973203723,57.768217517659146,56.343443503342264,57.74046325683594,1790000,0.0,0.0
2022-01-18 00:00:00-05:00,57.42589512376649,57.453649381253406,56.88929281309963,57.213104248046875,1441900,0.0,0.0
2022-01-19 00:00:00-05:00,57.49066657202436,57.990264462080695,56.83378982543945,56.83378982543945,1622000,0.0,0.0
2022-01-20 00:00:00-05:00,56.93554936170106,57.462901413667474,55.964111556988165,56.038124084472656,1178200,0.0,0.0
2022-01-21 00:00:00-05:00,56.121397077495345,56.648749192360974,55.66805749894196,55.81608963012695,1436900,0.0,0.0
2022-01-24 00:00:00-05:00,55.34425030420877,55.51078293535729,53.88246818880357,55.28873825073242,1580300,0.0,0.0
2022-01-25 00:00:00-05:00,54.66886857162137,55.455269904297104,53.956479779662175,55.334999084472656,1841200,0.0,0.0
2022-01-26 00:00:00-05:00,55.64029905812538,56.21390940624461,54.71511948341952,55.00192642211914,1349500,0.0,0.0
2022-01-27 00:00:00-05:00,55.02969532657732,55.64956764183974,54.28029840106689,54.585609436035156,1645900,0.0,0.0
2022-01-28 00:00:00-05:00,54.59484961383958,56.102893432096664,54.13225978866823,56.09364318847656,983100,0.0,0.0
2022-01-31 00:00:00-05:00,55.97336888738371,56.32493814297402,55.5755413550979,56.232418060302734,1247200,0.0,0.0
2022-02-01 00:00:00-05:00,56.250921663001954,56.44520854126187,55.52928266987642,55.81608963012695,776200,0.0,0.0
2022-02-02 00:00:00-05:00,55.93636030023051,56.90779821833445,55.779081455167706,56.69500732421875,602600,0.0,0.0
2022-02-03 00:00:00-05:00,56.371197647163086,56.741270927346065,56.260177074820334,56.454463958740234,507000,0.0,0.0
2022-02-04 00:00:00-05:00,56.1028978762759,56.40820887912867,55.39976283920007,55.769832611083984,558600,0.0,0.0
2022-02-07 00:00:00-05:00,55.64030329207306,55.72356960130393,55.13145519312005,55.279483795166016,676400,0.0,0.0
2022-02-08 00:00:00-05:00,55.13145738309509,55.41826435501204,54.74288008148888,55.04819107055664,1147600,0.0,0.0
2022-02-09 00:00:00-05:00,55.60329144975723,56.29717613604844,55.54778293359315,56.22316360473633,541400,0.0,0.0
2022-02-10 00:00:00-05:00,55.51078113183888,56.45446483459379,54.474580872243074,54.715126037597656,1057800,0.0,0.0
2022-02-11 00:00:00-05:00,54.72438180233954,55.159213870452355,54.01199299504256,54.409820556640625,785800,0.0,0.0
2022-02-14 00:00:00-05:00,54.4190662855622,55.03893848121799,53.74368557009979,53.99348449707031,894100,0.0,0.0
2022-02-15 00:00:00-05:00,54.446820213407946,54.604102586888054,53.678922950097565,53.854705810546875,932000,0.0,0.0
2022-02-16 00:00:00-05:00,54.06749959413252,54.38206082863004,53.27184802854978,53.632667541503906,860200,0.0,0.0
2022-02-17 00:00:00-05:00,53.65116742796542,53.69742570286045,53.04979926648955,53.225582122802734,469800,0.0,0.0
2022-02-18 00:00:00-05:00,53.13306685211306,53.58640289798999,52.855513666781036,52.9110221862793,508500,0.0,0.0
2022-02-22 00:00:00-05:00,52.92952725302793,53.36436282055574,52.494695214780414,53.19783020019531,902200,0.0,0.0
2022-02-23 00:00:00-05:00,53.51240207733837,53.660430710541036,52.059870011136894,52.09687805175781,700200,0.0,0.0
2022-02-24 00:00:00-05:00,51.23645208997618,52.88327080461446,51.171689794183465,52.68898391723633,822100,0.0,0.0
2022-02-25 00:00:00-05:00,52.83701437510134,54.2247839551333,52.6427274809242,54.141517639160156,573900,0.0,0.0
2022-02-28 00:00:00-05:00,53.595662079959176,54.00273989091224,52.772252684349255,53.2718505859375,981500,0.0,0.0
2022-03-01 00:00:00-05:00,53.105317820097646,53.75294080653154,52.64272795591311,53.06830978393555,830000,0.0,0.0
2022-03-02 00:00:00-05:00,53.216333657577145,53.89171437559457,53.216333657577145,53.66041946411133,1008700,0.0,0.0
2022-03-03 00:00:00-05:00,53.95647880079051,54.43757265920178,53.456880925215685,54.37281036376953,722400,0.0,0.0
2022-03-04 00:00:00-05:00,53.91021839636655,54.78913976592966,53.69742750129847,54.74287796020508,742600,0.0,0.0
2022-03-07 00:00:00-05:00,54.71512421032815,54.71512421032815,53.355108988647515,53.73443603515625,1312800,0.0,0.0
2022-03-08 00:00:00-05:00,53.56790586446763,54.07675399192787,52.62422215007642,53.30885314941406,716900,0.0,0.0
2022-03-09 00:00:00-05:00,54.03049378895801,54.28028919246968,53.558650183924115,53.947227478027344,846000,0.0,0.0
2022-03-10 00:00:00-05:00,53.47537833775895,54.29878758879764,53.29034171825723,54.187767028808594,510600,0.0,0.0
2022-03-11 00:00:00-05:00,54.55784598068142,54.60410425808067,53.07755639894332,53.410621643066406,543500,0.0,0.0
2022-03-14 00:00:00-04:00,53.50313841508435,54.14151107394885,53.22558170931011,53.48463439941406,573000,0.0,0.0
2022-03-15 00:00:00-04:00,53.919467352658735,54.11375775593476,53.51238958867502,53.974979400634766,808700,0.0,0.0
2022-03-16 00:00:00-04:00,54.12300388772825,54.52083137813429,53.32734890691618,54.51157760620117,765900,0.0,0.0
2022-03-17 00:00:00-04:00,54.53934600347908,55.39050966436609,54.465329930733816,55.30724334716797,528600,0.0,0.0
2022-03-18 00:00:00-04:00,54.90016185801148,55.927111858248956,54.890911614178144,55.779083251953125,1501900,0.0,0.0
2022-03-21 00:00:00-04:00,55.48302356169433,55.99187165253294,55.04818800605832,55.603294372558594,768700,0.0,0.0
2022-03-22 00:00:00-04:00,55.85309147466749,55.85309147466749,55.18696456244835,55.43675994873047,735300,0.0,0.0
2022-03-23 00:00:00-04:00,55.32573752009361,55.32573752009361,54.63185284334675,54.8631477355957,414500,0.0,0.0
2022-03-24 00:00:00-04:00,54.863158725179034,55.223978264677996,54.345060321500796,55.12221145629883,496200,0.0,0.0
2022-03-25 00:00:00-04:00,55.40900567656803,55.723566881723634,54.95566964898735,55.70506286621094,798100,0.0,0.0
2022-03-28 00:00:00-04:00,55.91785698581476,56.52847541594061,55.538533469059004,56.43595886230469,504500,0.0,0.0
2022-03-29 00:00:00-04:00,56.81527629948337,58.4991028062957,56.81527629948337,58.35107421875,918500,0.0,0.0
2022-03-30 00:00:00-04:00,58.14193791306566,58.42079542270424,57.97462269810939,58.20700454711914,548700,0.295,0.0
2022-03-31 00:00:00-04:00,58.420793478672074,58.78331212959109,57.54703903198242,57.54703903198242,916900,0.0,0.0
2022-04-01 00:00:00-04:00,57.61211000349021,59.04358310458917,57.52845239249441,58.96921920776367,541600,0.0,0.0
2022-04-04 00:00:00-04:00,59.07146917642382,59.07146917642382,57.574929403486365,57.99321746826172,561900,0.0,0.0
2022-04-05 00:00:00-04:00,57.88167516627691,58.75542969924532,57.77942657868006,57.99321746826172,555300,0.0,0.0
2022-04-06 00:00:00-04:00,57.639983541545035,58.774007927699124,57.45408092717525,58.71823501586914,793100,0.0,0.0
2022-04-07 00:00:00-04:00,58.43009697969507,59.13653629246017,58.10476023963459,58.77402114868164,786800,0.0,0.0
2022-04-08 00:00:00-04:00,58.71824428734452,59.13653232745341,58.14193829089763,58.38361740112305,433800,0.0,0.0
2022-04-11 00:00:00-04:00,58.54164165480823,58.54164165480823,57.11016845061397,57.32395935058594,622900,0.0,0.0
2022-04-12 00:00:00-04:00,57.48197508528973,57.98392073690334,57.045096068603925,57.34254455566406,530200,0.0,0.0
2022-04-13 00:00:00-04:00,57.55633223044066,57.96532653678229,57.08227483865841,57.872371673583984,530000,0.0,0.0
2022-04-14 00:00:00-04:00,57.74224517616833,58.141942270086716,57.165939140279505,57.24030303955078,998400,0.0,0.0
2022-04-18 00:00:00-04:00,57.37043902587484,57.639999308794465,56.961444652305936,57.24959945678711,410600,0.0,0.0
2022-04-19 00:00:00-04:00,57.48197826450445,59.21089990733079,57.39832065127524,59.09935760498047,618600,0.0,0.0
2022-04-20 00:00:00-04:00,59.341028112816296,61.2744432204017,59.341028112816296,60.71672821044922,906200,0.0,0.0
2022-04-21 00:00:00-04:00,60.419278868447044,60.66095796960551,59.387502923508926,59.508338928222656,1130400,0.0,0.0
2022-04-22 00:00:00-04:00,59.73143338392716,60.23337903660082,59.3410300276702,59.378211975097656,736800,0.0,0.0
2022-04-25 00:00:00-04:00,59.4153871935519,59.52693302985834,58.05827809794622,59.22948455810547,807700,0.0,0.0
2022-04-26 00:00:00-04:00,58.93204350947158,59.378216273301106,58.11405833618448,58.12335205078125,741300,0.0,0.0
2022-04-27 00:00:00-04:00,58.16052864703671,59.25737125351615,57.91885308524245,58.746131896972656,945700,0.0,0.0
2022-04-28 00:00:00-04:00,59.01569303262753,59.38750184524024,58.06757470978716,59.1644172668457,642500,0.0,0.0
2022-04-29 00:00:00-04:00,58.681062502731066,58.96921371140769,53.75456826493108,53.9125862121582,2011600,0.0,0.0
2022-05-02 00:00:00-04:00,54.34017023514805,54.34017023514805,51.040348717912465,52.211551666259766,2025600,0.0,0.0
2022-05-03 00:00:00-04:00,52.471820783691534,52.899402523193615,51.616653758821855,52.04423904418945,1266300,0.0,0.0
2022-05-04 00:00:00-04:00,52.202256700453844,52.202256700453844,50.547699124673656,51.8304443359375,874200,0.0,0.0
2022-05-05 00:00:00-04:00,51.616655351165335,51.960583041947665,49.17200084390108,49.850555419921875,1569500,0.0,0.0
2022-05-06 00:00:00-04:00,49.38579324442932,49.59028686740868,48.4469685564275,48.80018997192383,1445300,0.0,0.0
2022-05-09 00:00:00-04:00,48.64217096780129,48.753713263930706,46.81100083917056,47.0247917175293,934200,0.0,0.0
2022-05-10 00:00:00-04:00,48.29824454162643,50.854444980997954,47.415192771579484,47.61968994140625,2254300,0.0,0.0
2022-05-11 00:00:00-04:00,47.45237447128094,49.12552313183977,47.26646827658202,48.37260818481445,1729700,0.0,0.0
2022-05-12 00:00:00-04:00,48.38190012997956,48.84666382680139,47.7591184782538,48.31683349609375,1399300,0.0,0.0
2022-05-13 00:00:00-04:00,48.66075801166249,49.63676461915747,48.43767342116382,49.59958267211914,1056400,0.0,0.0
2022-05-16 00:00:00-04:00,49.59027795883302,49.757593149491775,49.190580952911006,49.525211334228516,1047900,0.0,0.0
2022-05-17 00:00:00-04:00,49.57169350984395,49.673938536171036,48.77229945001098,49.53451156616211,877300,0.0,0.0
2022-05-18 00:00:00-04:00,49.450861948405866,49.63676815095962,47.35942514787441,47.461673736572266,1241100,0.0,0.0
2022-05-19 00:00:00-04:00,46.96901691687231,47.982201892987334,46.894656571050426,47.68475341796875,1343200,0.0,0.0
2022-05-20 00:00:00-04:00,48.05656454160421,48.205288775266474,47.219988511088054,48.19599151611328,1016000,0.0,0.0
2022-05-23 00:00:00-04:00,48.67935113778447,48.67935113778447,47.424490509608994,48.186702728271484,747500,0.0,0.0
2022-05-24 00:00:00-04:00,48.11233391306167,48.288946378318094,47.219988511088054,48.19599151611328,1011600,0.0,0.0
2022-05-25 00:00:00-04:00,48.11233068086884,48.54920963921829,47.91713080215043,48.29823684692383,1091200,0.0,0.0
2022-05-26 00:00:00-04:00,48.55851123653139,48.9582047423449,48.53992026367823,48.65146255493164,551600,0.0,0.0
2022-05-27 00:00:00-04:00,48.93962046443607,50.00857487828421,48.69794134765945,49.90632629394531,540000,0.0,0.0
2022-05-31 00:00:00-04:00,49.40438461303711,49.78549071974101,49.032572220506864,49.40438461303711,924200,0.0,0.0
2022-06-01 00:00:00-04:00,49.67393846297132,49.85984463524125,48.46555366201475,49.106929779052734,640400,0.0,0.0
2022-06-02 00:00:00-04:00,49.22777032669321,50.06434640629193,48.61428238360936,50.027164459228516,523800,0.0,0.0
2022-06-03 00:00:00-04:00,49.590279831051085,49.85984359794113,48.98608921607523,49.07904052734375,490300,0.0,0.0
2022-06-06 00:00:00-04:00,49.34860891364704,49.34860891364704,48.18669968470061,48.428375244140625,752100,0.0,0.0
2022-06-07 00:00:00-04:00,48.18670056436462,49.19988557233654,47.861367392666786,49.172000885009766,712100,0.0,0.0
2022-06-08 00:00:00-04:00,49.004693776738264,49.004693776738264,47.66617182975551,47.740535736083984,569900,0.0,0.0
2022-06-09 00:00:00-04:00,47.489555421578466,48.26106132644994,47.0247917175293,47.0247917175293,509000,0.0,0.0
2022-06-10 00:00:00-04:00,46.476370531336784,46.643685748918855,45.993015852307,46.09526443481445,658600,0.0,0.0
2022-06-13 00:00:00-04:00,45.16572962282921,45.379520466735336,43.8179143891153,43.94804763793945,788100,0.0,0.0
2022-06-14 00:00:00-04:00,44.254804674913345,44.29198662578052,43.11148627974268,43.59484100341797,932600,0.0,0.0
2022-06-15 00:00:00-04:00,43.808628664719905,45.109964936110465,43.808628664719905,44.33845901489258,1198900,0.0,0.0
2022-06-16 00:00:00-04:00,43.2509092105339,43.8551034447922,43.15795788797062,43.38104248046875,931500,0.0,0.0
2022-06-17 00:00:00-04:00,43.76215255612979,44.24550369329005,42.80473690408007,42.87910079956055,2245400,0.0,0.0
2022-06-21 00:00:00-04:00,43.16725540161133,43.81792535442548,43.13937071156097,43.16725540161133,1754900,0.0,0.0
2022-06-22 00:00:00-04:00,42.71178009373848,43.68778304841296,42.572349580557024,43.25090408325195,978700,0.0,0.0
2022-06-23 00:00:00-04:00,43.483292757611515,44.29198418806737,43.41822612010805,44.11537170410156,1001800,0.0,0.0
2022-06-24 00:00:00-04:00,44.524362633408536,45.79781414295941,44.29198078990613,45.611907958984375,1545700,0.0,0.0
2022-06-27 00:00:00-04:00,45.50036694358569,45.79781542794528,45.10066987787767,45.31446075439453,1112800,0.0,0.0
2022-06-28 00:00:00-04:00,45.63978866160331,45.88146774343421,44.710261368732645,44.75674057006836,773800,0.0,0.0
2022-06-29 00:00:00-04:00,44.59307438135387,44.68659869691516,44.2563811369749,44.63048553466797,432300,0.295,0.0
2022-06-30 00:00:00-04:00,44.24702907197587,44.883004392176375,43.79810594613854,44.40602111816406,1023900,0.0,0.0
2022-07-01 00:00:00-04:00,44.56501537563302,45.51897475917388,44.452781921796884,45.35063171386719,1068900,0.0,0.0
2022-07-05 00:00:00-04:00,45.05135101470483,45.30387096195872,44.13479911414856,45.172935485839844,1138400,0.0,0.0
2022-07-06 00:00:00-04:00,45.42545235250985,45.986605374313775,45.26646030449751,45.500274658203125,982900,0.0,0.0
2022-07-07 00:00:00-04:00,45.631214605011856,45.911791143457734,45.1916424352213,45.29452133178711,618500,0.0,0.0
2022-07-08 00:00:00-04:00,45.16357726627877,45.40674260198064,44.873646209955695,45.13551712036133,663700,0.0,0.0
2022-07-11 00:00:00-04:00,44.995236279103544,45.27581279924156,44.68659960954492,44.920413970947266,693300,0.0,0.0
2022-07-12 00:00:00-04:00,44.72401184364851,45.32257605245721,44.45278632161829,44.84559631347656,743500,0.0,0.0
2022-07-13 00:00:00-04:00,44.35926127194676,44.83624100307859,43.94774927709333,44.518253326416016,1259500,0.0,0.0
2022-07-14 00:00:00-04:00,43.82617024171332,44.0693356397854,43.37724703684792,43.508182525634766,667400,0.0,0.0
2022-07-15 00:00:00-04:00,44.05062263063764,44.41537601781262,43.611054073523604,44.00386047363281,623800,0.0,0.0
2022-07-18 00:00:00-04:00,44.33119692996068,44.59306782923442,43.78874598978118,43.85421371459961,1048000,0.0,0.0
2022-07-19 00:00:00-04:00,44.359258223674814,45.30386661629758,44.26573391191075,45.144874572753906,932800,0.0,0.0
2022-07-20 00:00:00-04:00,45.07941234488758,45.874379795114095,45.060706766706176,45.1635856628418,1222200,0.0,0.0
2022-07-21 00:00:00-04:00,45.89308316745428,48.03482360200594,45.40674886128595,45.780853271484375,2217200,0.0,0.0
2022-07-22 00:00:00-04:00,46.22042329734722,46.79093093528166,46.014669076249355,46.267189025878906,1496100,0.0,0.0
2022-07-25 00:00:00-04:00,46.444884713386074,46.94992459143387,46.17365919727996,46.71611022949219,1228000,0.0,0.0
2022-07-26 00:00:00-04:00,46.81898540034189,47.4456061280601,46.63193321210293,47.08085632324219,1352100,0.0,0.0
2022-07-27 00:00:00-04:00,47.09956252454234,47.22114698367144,46.192361718551915,46.875099182128906,947400,0.0,0.0
2022-07-28 00:00:00-04:00,47.146324906447944,48.21251776064762,47.09020817864445,48.07223129272461,984000,0.0,0.0
2022-07-29 00:00:00-04:00,47.819717093702685,48.79238218466781,47.67942704126171,48.58662796020508,735000,0.0,0.0
2022-08-01 00:00:00-04:00,48.52115945908287,48.74561925819721,47.9880629765311,48.55856704711914,785200,0.0,0.0
2022-08-02 00:00:00-04:00,48.37151028562377,49.10100986190046,48.28733698315157,48.53050231933594,755900,0.0,0.0
2022-08-03 00:00:00-04:00,48.530504025420775,49.80245461072774,48.20316537525665,49.14777374267578,1307000,0.0,0.0
2022-08-04 00:00:00-04:00,49.250655509817996,49.4377077070412,48.70820806236703,49.15713119506836,665400,0.0,0.0
2022-08-05 00:00:00-04:00,48.60533027464012,49.643466603366946,48.60533027464012,49.57799530029297,762800,0.0,0.0
2022-08-08 00:00:00-04:00,49.92404682432228,50.27009110365441,49.68087787408134,49.81181335449219,625700,0.0,0.0
2022-08-09 00:00:00-04:00,50.03627331779808,50.25138210206547,49.62476132629403,50.24203109741211,1761700,0.0,0.0
2022-08-10 00:00:00-04:00,50.84994817477171,50.95282706837952,50.204621798128365,50.690956115722656,829800,0.0,0.0
2022-08-11 00:00:00-04:00,50.82188808426686,51.13987574814125,50.45713826317763,50.58807373046875,657500,0.0,0.0
2022-08-12 00:00:00-04:00,51.008945979265405,51.738445702939224,50.79383717786734,51.70103454589844,808900,0.0,0.0
2022-08-15 00:00:00-04:00,51.78519811527591,52.19671362979594,51.44850490074994,52.019012451171875,857100,0.0,0.0
2022-08-16 00:00:00-04:00,51.878731905408415,52.2621873172899,51.71973628365441,52.00031280517578,766900,0.0,0.0
2022-08-17 00:00:00-04:00,51.55138326402162,52.009660927594716,51.439153382876135,51.9909553527832,567300,0.0,0.0
2022-08-18 00:00:00-04:00,52.00031647818901,52.168663116537715,51.50463113623133,51.570098876953125,480000,0.0,0.0
2022-08-19 00:00:00-04:00,51.52333605314421,51.80391259088146,51.06505830625146,51.11182403564453,936600,0.0,0.0
2022-08-22 00:00:00-04:00,50.672251166604404,50.69095674455825,49.67152593628093,49.8211669921875,1476600,0.0,0.0
2022-08-23 00:00:00-04:00,49.699580033193236,49.73699118722948,48.74561701161303,48.81108474731445,507100,0.0,0.0
2022-08-24 00:00:00-04:00,48.811085802472626,49.437710159091566,48.79238022505014,49.03554916381836,538900,0.0,0.0
2022-08-25 00:00:00-04:00,49.353533406879656,49.6154043371059,49.05425132441428,49.59669876098633,371600,0.0,0.0
2022-08-26 00:00:00-04:00,49.559292625826274,49.59670021143555,48.521156311035156,48.521156311035156,364800,0.0,0.0
2022-08-29 00:00:00-04:00,48.193816300711646,48.633388453404514,47.92259434580721,48.268638610839844,410400,0.0,0.0
2022-08-30 00:00:00-04:00,48.47439538280204,48.47439538280204,47.34273115597278,47.44561004638672,867800,0.0,0.0
2022-08-31 00:00:00-04:00,47.6700673403679,47.99740597938683,47.27725740582159,47.398841857910156,590400,0.0,0.0
2022-09-01 00:00:00-04:00,47.13697946400892,47.40820142775094,46.744169458484656,47.389495849609375,1081700,0.0,0.0
2022-09-02 00:00:00-04:00,47.894538600481276,48.10029640453314,46.57582558884547,46.66935348510742,590000,0.0,0.0
2022-09-06 00:00:00-04:00,46.89381214404931,47.744896356556644,46.67870333953915,47.70748519897461,872200,0.0,0.0
2022-09-07 00:00:00-04:00,47.76359815524607,48.99813771595457,47.398848316999114,48.83914566040039,792300,0.0,0.0
2022-09-08 00:00:00-04:00,48.47439914271642,49.43771324999534,48.38087124975652,49.17584228515625,1215700,0.0,0.0
2022-09-09 00:00:00-04:00,49.09166247665341,49.727634226099454,48.86719913094246,49.59669876098633,1668000,0.0,0.0
2022-09-12 00:00:00-04:00,49.877280723295385,50.24203055212592,49.643466364534895,50.045623779296875,489500,0.0,0.0
2022-09-13 00:00:00-04:00,49.129068476920885,49.32547523598095,48.474391172466426,48.74561309814453,863500,0.0,0.0
2022-09-14 00:00:00-04:00,48.605334333028416,48.85785429091609,47.78230671854909,48.147056579589844,923900,0.0,0.0
2022-09-15 00:00:00-04:00,47.89453638578523,48.22187865597874,47.47366979137887,47.651371002197266,1465600,0.0,0.0
2022-09-16 00:00:00-04:00,47.52042587985228,47.55783346131328,45.8930765675599,47.13697052001953,3162700,0.0,0.0
2022-09-19 00:00:00-04:00,46.67869757891033,46.856395203908754,45.99596009205459,46.828338623046875,821300,0.0,0.0
2022-09-20 00:00:00-04:00,46.37941593791926,46.48229482570353,45.63121071002085,46.19236373901367,1228700,0.0,0.0
2022-09-21 00:00:00-04:00,46.51034786612937,46.87509766397969,45.47221163057159,45.49091720581055,1171200,0.0,0.0
2022-09-22 00:00:00-04:00,45.08876293088088,45.3412828823956,44.658545339881385,45.20099639892578,1041100,0.0,0.0
2022-09-23 00:00:00-04:00,44.74272376490149,45.144884818662746,44.18157063151233,44.789485931396484,3494200,0.0,0.0
2022-09-26 00:00:00-04:00,44.48084410014795,44.48084410014795,42.57291811050133,43.30241775512695,2788000,0.0,0.0
2022-09-27 00:00:00-04:00,43.53622998280857,43.93839093846132,41.91823515626966,42.123992919921875,1305500,0.0,0.0
2022-09-28 00:00:00-04:00,42.4419829700061,43.02184157487872,41.80600763522041,42.9002571105957,2242000,0.0,0.0
2022-09-29 00:00:00-04:00,42.47196118706627,42.51902602984307,41.13530097995506,41.549476623535156,1737700,0.295,0.0
2022-09-30 00:00:00-04:00,41.91658712661447,42.6319856586829,41.84128409686993,42.18015670776367,1386100,0.0,0.0
2022-10-03 00:00:00-04:00,42.79201381164745,43.57330396856512,42.29311993701967,43.30973434448242,1501200,0.0,0.0
2022-10-04 00:00:00-04:00,43.77096958461228,44.674627449724284,43.77096958461228,44.20397186279297,1780200,0.0,0.0
2022-10-05 00:00:00-04:00,43.39444912719988,43.57330057081274,42.34018148553228,43.3662109375,1453700,0.0,0.0
2022-10-06 00:00:00-04:00,43.46975362884054,43.49799181715981,42.330767882942794,42.5284423828125,967800,0.0,0.0
2022-10-07 00:00:00-04:00,42.22721932385759,42.246045978005455,41.285908161367026,41.84128189086914,3254000,0.0,0.0
2022-10-10 00:00:00-04:00,42.048373659335425,42.37783476578535,41.238848965093496,41.248260498046875,998600,0.0,0.0
2022-10-11 00:00:00-04:00,41.16353604717532,42.086020540780176,40.54227083348972,41.72832489013672,2100000,0.0,0.0
2022-10-12 00:00:00-04:00,41.624785499287164,41.860113316735294,41.04116992662718,41.51182556152344,2143800,0.0,0.0
2022-10-13 00:00:00-04:00,40.60816446755602,42.471960206878904,40.39166332312539,42.18956756591797,1764800,0.0,0.0
2022-10-14 00:00:00-04:00,42.69787377858172,42.83906829473983,41.22942711114511,41.295318603515625,1553500,0.0,0.0
2022-10-17 00:00:00-04:00,41.897763662169154,43.14029786034299,41.897763662169154,42.99909973144531,1572300,0.0,0.0
2022-10-18 00:00:00-04:00,43.507406674035664,43.85569082750425,42.43431243466618,42.782596588134766,1267200,0.0,0.0
2022-10-19 00:00:00-04:00,42.29311563904365,42.453136831315966,40.99410508130106,41.51182556152344,1586500,0.0,0.0
2022-10-20 00:00:00-04:00,42.133088996587155,42.77318091906371,41.521238852713964,41.794219970703125,1732700,0.0,0.0
2022-10-21 00:00:00-04:00,41.82246218791134,41.86952703569496,40.86232421169117,41.85070037841797,1260000,0.0,0.0
2022-10-24 00:00:00-04:00,42.198984070615516,42.340178600310985,41.38945584008563,41.916587829589844,2009800,0.0,0.0
2022-10-25 00:00:00-04:00,42.170744604880056,44.21339194869011,42.170744604880056,44.062782287597656,1463900,0.0,0.0
2022-10-26 00:00:00-04:00,44.16631856238541,44.79699891621743,43.90275258271558,44.08160400390625,981500,0.0,0.0
2022-10-27 00:00:00-04:00,44.411067074251925,44.90996091029209,44.16632412730639,44.3640022277832,627300,0.0,0.0
2022-10-28 00:00:00-04:00,44.20397158963499,45.04173795466501,43.98747045188251,44.9570198059082,781300,0.0,0.0
2022-10-31 00:00:00-04:00,44.42989163768652,45.041741794587786,44.42989163768652,44.83465576171875,1319100,0.0,0.0
2022-11-01 00:00:00-04:00,45.248835114674236,45.30531508688009,44.47696011528289,44.524024963378906,678100,0.0,0.0
2022-11-02 00:00:00-04:00,44.23221524803673,44.9664368412842,43.639188181512154,43.8651008605957,1103900,0.0,0.0
2022-11-03 00:00:00-04:00,43.497988081687055,43.902752169984616,42.547265384803524,43.52622985839844,1974500,0.0,0.0
2022-11-04 00:00:00-04:00,43.74273119225251,44.589909090244944,43.2814871392746,43.959232330322266,872300,0.0,0.0
2022-11-07 00:00:00-05:00,44.288690900684465,44.51460716690384,43.855688613815985,44.316932678222656,978900,0.0,0.0
2022-11-08 00:00:00-05:00,44.42046984502166,44.957016888726805,44.08160086280017,44.50518798828125,663700,0.0,0.0
2022-11-09 00:00:00-05:00,44.476958376296025,45.135876996330595,44.1004324246141,44.24163055419922,720200,0.0,0.0
2022-11-10 00:00:00-05:00,45.76655213864696,47.602109801091565,45.76655213864696,47.57387161254883,889500,0.0,0.0
2022-11-11 00:00:00-05:00,47.67742201812904,47.70566020998448,46.43489130503952,46.85847854614258,984000,0.0,0.0
2022-11-14 00:00:00-05:00,46.83964253812939,46.83964253812939,45.84185498968537,45.888919830322266,515300,0.0,0.0
2022-11-15 00:00:00-05:00,46.397231919565506,46.50077673058148,45.446505555525626,45.77596664428711,936800,0.0,0.0
2022-11-16 00:00:00-05:00,45.710071792608304,45.954811117302334,45.502982185763024,45.64418029785156,831600,0.0,0.0
2022-11-17 00:00:00-05:00,45.07939212739382,45.43709138353742,44.75934618049,45.380611419677734,743100,0.0,0.0
2022-11-18 00:00:00-05:00,46.05835565852462,46.3501634127984,45.45591708656842,46.20896530151367,969700,0.0,0.0
2022-11-21 00:00:00-05:00,46.067772518733285,46.50077843437614,45.91716285832373,46.43488693237305,467200,0.0,0.0
2022-11-22 00:00:00-05:00,46.5007698975349,46.933772142867504,46.265442121921495,46.8867073059082,796700,0.0,0.0
2022-11-23 00:00:00-05:00,46.89612513475948,47.15969112977995,46.312513178292406,46.78316879272461,679300,0.0,0.0
2022-11-25 00:00:00-05:00,46.80198983141742,47.41383990225975,46.79257470940098,47.31029510498047,338800,0.0,0.0
2022-11-28 00:00:00-05:00,47.093795609606545,47.35736517293775,45.69124400922254,45.78537368774414,1421000,0.0,0.0
2022-11-29 00:00:00-05:00,45.757141665121246,46.50077843437614,45.42768056428826,46.43488693237305,670500,0.0,0.0
2022-11-30 00:00:00-05:00,46.17130820749637,47.5926899630581,45.96422220962602,47.583274841308594,670600,0.0,0.0
2022-12-01 00:00:00-05:00,48.08217917956829,48.36457182939215,47.44208725819829,47.65858840942383,778100,0.0,0.0
2022-12-02 00:00:00-05:00,47.21617186639511,47.95039348782439,46.83023439989799,47.70565414428711,434800,0.0,0.0
2022-12-05 00:00:00-05:00,47.36678457130717,47.66800390158435,46.952608889880466,46.971435546875,982900,0.0,0.0
2022-12-06 00:00:00-05:00,46.962013492290204,47.29147455484597,46.340748266427966,46.58549118041992,777300,0.0,0.0
2022-12-07 00:00:00-05:00,46.576079173312884,47.22558262853507,46.500776142228766,46.78316879272461,961100,0.0,0.0
2022-12-08 00:00:00-05:00,46.84905830443083,47.169104252303036,46.22779306336326,46.37840270996094,2164300,0.0,0.0
2022-12-09 00:00:00-05:00,46.218385185573574,46.57608449887062,45.95481916041668,46.01129913330078,661300,0.0,0.0
2022-12-12 00:00:00-05:00,46.152486402041454,46.88671157049225,45.83244045446475,46.877296447753906,650700,0.0,0.0
2022-12-13 00:00:00-05:00,48.17630183293844,48.21395513830281,46.764335199126215,47.583274841308594,874400,0.0,0.0
2022-12-14 00:00:00-05:00,47.50797519109222,48.14806706442022,47.12203776077538,47.4044303894043,776000,0.0,0.0
2022-12-15 00:00:00-05:00,46.867889748329404,47.18793572890569,45.96423177640255,46.23720932006836,1045000,0.0,0.0
2022-12-16 00:00:00-05:00,45.8606879851663,45.97364433647653,44.7970052037768,45.59711837768555,2460200,0.0,0.0
2022-12-19 00:00:00-05:00,45.47474694653672,45.597114821404865,44.96643801905901,45.342960357666016,836100,0.0,0.0
2022-12-20 00:00:00-05:00,45.126459037571706,45.390028623517644,44.77817488817791,44.90995788574219,811400,0.0,0.0
2022-12-21 00:00:00-05:00,45.18294355890035,46.06777491090109,44.98526904262641,45.710079193115234,785400,0.0,0.0
2022-12-22 00:00:00-05:00,45.34295474854534,45.42767289264496,44.20396915961925,45.24882507324219,957000,0.0,0.0
2022-12-23 00:00:00-05:00,45.02291593922244,45.823029014358774,44.844064515007645,45.81361389160156,396000,0.0,0.0
2022-12-27 00:00:00-05:00,45.82303285050772,45.82303285050772,45.314723903581054,45.69124984741211,354200,0.0,0.0
2022-12-28 00:00:00-05:00,45.88892151400421,45.95481301147688,44.74993581104251,44.862892150878906,479700,0.0,0.0
2022-12-29 00:00:00-05:00,45.36016236956057,46.27892230755456,45.14231278272137,46.11790084838867,471200,0.295,0.0
2022-12-30 00:00:00-05:00,45.93793658859975,45.93793658859975,45.19914206359923,45.71061325073242,872300,0.0,0.0
2023-01-03 00:00:00-05:00,46.155788235209606,46.496771450724125,45.03812263465958,45.464351654052734,1681600,0.0,0.0
2023-01-04 00:00:00-05:00,45.833742932018865,47.3492232899713,45.64430743562712,46.95140838623047,905000,0.0,0.0
2023-01-05 00:00:00-05:00,46.44940838477574,46.44940838477574,44.81079799035042,45.12336349487305,714300,0.0,0.0
2023-01-06 00:00:00-05:00,45.35069055661261,46.771451507268054,45.35069055661261,46.58201599121094,1431500,0.0,0.0
2023-01-09 00:00:00-05:00,46.46835881648843,46.9135281498303,46.14631950450593,46.24103546142578,1567500,0.0,0.0
2023-01-10 00:00:00-05:00,45.90005345111513,46.24103668614918,45.71061791907596,46.0894889831543,461000,0.0,0.0
2023-01-11 00:00:00-05:00,46.54412494171633,47.71862216937919,46.54412494171633,47.70914840698242,1208400,0.0,0.0
2023-01-12 00:00:00-05:00,47.94594646851339,48.28692968377924,47.35869960510111,48.10696792602539,898000,0.0,0.0
2023-01-13 00:00:00-05:00,47.66179284723913,48.4100611344678,47.63337878497384,48.37217330932617,622800,0.0,0.0
2023-01-17 00:00:00-05:00,48.64685315825288,48.921534462492865,48.38164561660422,48.561607360839844,1414600,0.0,0.0
2023-01-18 00:00:00-05:00,48.63738445175587,49.3667088802883,48.40059094690179,48.64685821533203,1421300,0.0,0.0
2023-01-19 00:00:00-05:00,48.40058850881882,49.07308477474719,48.334286619854076,48.713157653808594,630700,0.0,0.0
2023-01-20 00:00:00-05:00,48.76998994485695,49.11096954345703,48.14485526098382,49.11096954345703,975700,0.0,0.0
2023-01-23 00:00:00-05:00,49.167790810353566,50.001304749039015,48.76050579560847,49.98236083984375,1046600,0.0,0.0
2023-01-24 00:00:00-05:00,50.15286265072689,50.26652251592679,49.669801900558845,49.897125244140625,646000,0.0,0.0
2023-01-25 00:00:00-05:00,49.51825390691202,49.69821927332694,49.08255474865412,49.46142578125,839900,0.0,0.0
2023-01-26 00:00:00-05:00,49.745576848745266,50.07708628971216,49.60349930936979,49.972896575927734,479200,0.0,0.0
2023-01-27 00:00:00-05:00,49.93501299361088,50.69275144908364,49.84976719154633,50.38965606689453,541900,0.0,0.0
2023-01-30 00:00:00-05:00,50.13391674907358,50.512787768954425,49.575083981999335,49.650856018066406,392600,0.0,0.0
2023-01-31 00:00:00-05:00,49.49930339021429,50.579084605103326,49.423531361713096,50.53172302246094,882300,0.0,0.0
2023-02-01 00:00:00-05:00,50.26652169365926,51.55467885545954,49.92553849045543,51.19475173950195,1004400,0.0,0.0
2023-02-02 00:00:00-05:00,51.620979752316856,52.577623842330425,51.620979752316856,52.03773498535156,874300,0.0,0.0
2023-02-03 00:00:00-05:00,51.32735548697306,51.478903175736704,50.62644878138442,50.95795822143555,1832800,0.0,0.0
2023-02-06 00:00:00-05:00,50.43701030955664,50.90112711159476,50.039199004822564,50.86323928833008,941000,0.0,0.0
2023-02-07 00:00:00-05:00,50.38018084390013,50.948487378923126,50.06761532084206,50.5790901184082,1558500,0.0,0.0
2023-02-08 00:00:00-05:00,50.313878415463854,51.10950466539041,50.23810637951846,50.872711181640625,1039300,0.0,0.0
2023-02-09 00:00:00-05:00,50.74958904148252,51.6020435472655,50.35177404823789,50.59803771972656,1171400,0.0,0.0
2023-02-10 00:00:00-05:00,50.512787619043834,50.81588298877626,49.897123116860065,50.39912414550781,591600,0.0,0.0
2023-02-13 00:00:00-05:00,50.5412089461807,50.920076406217866,50.48437720124308,50.69275665283203,715200,0.0,0.0
2023-02-14 00:00:00-05:00,50.588557989433674,51.11897667559414,50.09602712653789,50.86323928833008,594000,0.0,0.0
2023-02-15 00:00:00-05:00,50.91059877095289,51.924074587664286,50.79693891096911,51.87671661376953,977800,0.0,0.0
2023-02-16 00:00:00-05:00,51.109500636674866,51.706221180378634,50.86323702278686,51.14738845825195,1314500,0.0,0.0
2023-02-17 00:00:00-05:00,51.12845313929483,51.346302730199106,50.59803438762649,51.03373718261719,723000,0.0,0.0
2023-02-21 00:00:00-05:00,50.68327646974299,50.9674315452607,50.418068919987135,50.541202545166016,859900,0.0,0.0
2023-02-22 00:00:00-05:00,50.74010852879893,50.853768391816644,49.80240833583442,50.01078414916992,837700,0.0,0.0
2023-02-23 00:00:00-05:00,50.26651838422475,50.62644547648555,49.70768564091786,50.42753982543945,528200,0.0,0.0
2023-02-24 00:00:00-05:00,50.00131617869161,50.133919960188734,49.68874702529235,49.74557876586914,475100,0.0,0.0
2023-02-27 00:00:00-05:00,50.20969325895859,50.408602549369384,49.783467840092094,50.06761932373047,972400,0.0,0.0
2023-02-28 00:00:00-05:00,50.14338642812193,50.92006875972608,49.935010621006384,49.96342468261719,932900,0.0,0.0
2023-03-01 00:00:00-05:00,49.53719970982199,49.68874740600586,49.07308647102605,49.68874740600586,668100,0.0,0.0
2023-03-02 00:00:00-05:00,49.461425095768675,50.815884140732024,49.309877407467,50.740108489990234,525500,0.0,0.0
2023-03-03 00:00:00-05:00,51.0716181414119,51.50732090862526,50.92007045248001,51.43154525756836,533000,0.0,0.0
2023-03-06 00:00:00-05:00,51.62097949211363,51.71569544040441,51.09056078741251,51.10950469970703,513100,0.0,0.0
2023-03-07 00:00:00-05:00,51.06214544843261,51.15686139435443,49.80240602440014,50.05813980102539,761900,0.0,0.0
2023-03-08 00:00:00-05:00,50.010780720012214,50.93901069957048,50.010780720012214,50.68327331542969,778700,0.0,0.0
2023-03-09 00:00:00-05:00,50.64539591214398,50.87271565314243,49.65086030243385,49.849769592285156,1104900,0.0,0.0
2023-03-10 00:00:00-05:00,49.90659605804808,50.01078577469331,47.623906894648,47.90806198120117,690300,0.0,0.0
2023-03-13 00:00:00-04:00,47.54813151725453,48.99730645895999,47.434471658520046,48.32481384277344,898800,0.0,0.0
2023-03-14 00:00:00-04:00,48.9878382228181,49.55614115186784,48.571079369211844,49.518253326416016,1036600,0.0,0.0
2023-03-15 00:00:00-04:00,48.883646502402655,49.42353534678829,48.4195296926278,49.30987548828125,645700,0.0,0.0
2023-03-16 00:00:00-04:00,48.83628972536668,49.85923570335058,48.58055232757525,49.158329010009766,815900,0.0,0.0
2023-03-17 00:00:00-04:00,49.12991395864092,49.12991395864092,48.078550249298544,48.10696792602539,1270100,0.0,0.0
2023-03-20 00:00:00-04:00,48.45741444709975,49.14885093009123,48.06907330971601,48.959415435791016,1337200,0.0,0.0
2023-03-21 00:00:00-04:00,48.646857106786726,49.27199180082889,48.078550540177986,48.542667388916016,1471300,0.0,0.0
2023-03-22 00:00:00-04:00,48.26798059076847,48.31533856265522,46.77144772269332,46.81880569458008,696700,0.0,0.0
2023-03-23 00:00:00-04:00,47.07454866672363,47.70915351433865,46.496771946846025,46.82828140258789,733500,0.0,0.0
2023-03-24 00:00:00-04:00,46.60095671804514,48.050131632415926,46.572539044011215,47.94594192504883,713100,0.0,0.0
2023-03-27 00:00:00-04:00,48.37217356142307,48.67526893777194,48.08802209774373,48.334285736083984,405000,0.0,0.0
2023-03-28 00:00:00-04:00,48.00277969368117,48.410064811938376,47.822817930360465,48.154327392578125,350000,0.0,0.0
2023-03-29 00:00:00-04:00,48.65632436404206,49.17726930924009,48.46688885310227,49.158329010009766,526100,0.0,0.0
2023-03-30 00:00:00-04:00,49.58720115705243,49.796873366196195,49.301286821782384,49.61579513549805,534400,0.32,0.0
2023-03-31 00:00:00-04:00,50.03513465199959,50.79757407195809,49.91123711013198,50.7022705078125,880300,0.0,0.0
2023-04-03 00:00:00-04:00,50.55931468725647,51.01677836783484,49.873120984187985,50.178096771240234,662700,0.0,0.0
2023-04-04 00:00:00-04:00,50.17809331305347,50.206683654994805,49.482363483965976,49.81593322753906,535000,0.0,0.0
2023-04-05 00:00:00-04:00,49.67297339391074,49.91123593425935,49.20598085076226,49.4156494140625,794400,0.0,0.0
2023-04-06 00:00:00-04:00,49.64438368179676,49.758748684646484,49.22504291428249,49.6825065612793,339500,0.0,0.0
2023-04-10 00:00:00-04:00,49.32034490752884,49.777808539964624,49.0344305917062,49.75874710083008,469300,0.0,0.0
2023-04-11 00:00:00-04:00,49.85405346133418,50.06372201710621,49.48236085783389,49.606258392333984,726900,0.0,0.0
2023-04-12 00:00:00-04:00,50.025610227834036,50.025610227834036,48.605563727123474,48.71992874145508,814600,0.0,0.0
2023-04-13 00:00:00-04:00,48.76757347740283,48.98677820694522,48.081379855018845,48.61508560180664,1023000,0.0,0.0
2023-04-14 00:00:00-04:00,48.59603033105008,49.167858985436766,47.74781261601948,48.07184982299805,696100,0.0,0.0
2023-04-17 00:00:00-04:00,48.18621540895461,48.98677765572577,48.03372753507428,48.967716217041016,660100,0.0,0.0
2023-04-18 00:00:00-04:00,48.996314191585405,49.29176108383733,48.59603482362951,48.84382629394531,1373600,0.0,0.0
2023-04-19 00:00:00-04:00,48.653210012066516,49.4633048306105,48.35776678881686,49.4156494140625,646100,0.0,0.0
2023-04-20 00:00:00-04:00,49.55860807231777,50.47353534880169,48.99630833530409,50.025604248046875,826900,0.0,0.0
2023-04-21 00:00:00-04:00,50.378233649206834,50.69273832154642,49.87311821165643,50.21621322631836,850900,0.0,0.0
2023-04-24 00:00:00-04:00,50.3210434768519,50.35916635258013,49.12020197619277,49.39658737182617,558600,0.0,0.0
2023-04-25 00:00:00-04:00,49.272696408837895,49.64438540771997,48.710396641514286,48.98678207397461,624700,0.0,0.0
2023-04-26 00:00:00-04:00,48.70086122476919,49.10114417839519,48.13856149068354,48.3958854675293,639600,0.0,0.0
2023-04-27 00:00:00-04:00,48.57696567340949,49.5395446928385,48.32917060681745,49.21550750732422,943200,0.0,0.0
2023-04-28 00:00:00-04:00,49.282222060627866,50.16855898516065,49.282222060627866,50.00654220581055,767900,0.0,0.0
2023-05-01 00:00:00-04:00,49.81593013823877,50.216209442985935,49.10114254924938,49.46330261230469,765900,0.0,0.0
2023-05-02 00:00:00-04:00,49.57766867117845,50.18762017849358,49.30128325830198,49.74921798706055,865600,0.0,0.0
2023-05-03 00:00:00-04:00,49.98747943826317,51.12160777036814,49.83499156473984,50.34010696411133,696700,0.0,0.0
2023-05-04 00:00:00-04:00,50.41635581413119,51.245508450097724,50.14949929238265,50.94053268432617,687700,0.0,0.0
2023-05-05 00:00:00-04:00,51.12160687108312,51.90310766359247,50.98818043854702,51.807804107666016,719300,0.0,0.0
2023-05-08 00:00:00-04:00,51.52188634169435,51.76014885109538,51.235968421935205,51.56953811645508,797200,0.0,0.0
2023-05-09 00:00:00-04:00,51.23597088378761,51.46470450346593,50.70226516386743,51.026302337646484,678900,0.0,0.0
2023-05-10 00:00:00-04:00,51.5695445684607,51.96982388924773,51.045367709316714,51.77921676635742,630200,0.0,0.0
2023-05-11 00:00:00-04:00,51.369404561288526,51.46470812209031,50.311518312638796,50.892879486083984,961100,0.0,0.0
2023-05-12 00:00:00-04:00,50.845224870750876,51.1787946100055,50.473535887933956,50.79757308959961,483400,0.0,0.0
2023-05-15 00:00:00-04:00,50.8642832334803,51.02630364231122,50.511655711574384,50.56884002685547,493000,0.0,0.0
2023-05-16 00:00:00-04:00,50.40681991702086,50.568840326812825,49.07255193959324,49.08208084106445,687900,0.0,0.0
2023-05-17 00:00:00-04:00,49.37752603916247,49.79686676627387,48.95818167645353,49.77780532836914,679500,0.0,0.0
2023-05-18 00:00:00-04:00,49.47283100430895,50.139966807614435,49.463302102883546,49.82545852661133,894900,0.0,0.0
2023-05-19 00:00:00-04:00,50.26386245111385,50.41635031737429,49.50141948421414,49.634849548339844,515200,0.0,0.0
2023-05-22 00:00:00-04:00,49.653914606094965,50.359173362853056,49.530020696127785,49.87311935424805,464300,0.0,0.0
2023-05-23 00:00:00-04:00,49.58719445494575,50.36869522900351,49.234566943626405,49.27268981933594,659900,0.0,0.0
2023-05-24 00:00:00-04:00,49.0058394794085,49.32034779011365,48.662744461727414,48.85335159301758,500400,0.0,0.0
2023-05-25 00:00:00-04:00,49.063019542720646,49.39658926472896,48.624617361838745,48.83428955078125,1144600,0.0,0.0
2023-05-26 00:00:00-04:00,48.97724545382246,49.78734024327975,48.767573262452714,49.606258392333984,604500,0.0,0.0
2023-05-30 00:00:00-04:00,49.82546393515509,50.64508769942059,49.82546393515509,49.87311935424805,652600,0.0,0.0
2023-05-31 00:00:00-04:00,49.93029354262111,50.42588002479174,49.425178159230725,49.53954315185547,1015700,0.0,0.0
2023-06-01 00:00:00-04:00,49.44424136718087,50.02560252352994,48.85334767367327,49.348934173583984,459000,0.0,0.0
2023-06-02 00:00:00-04:00,49.8635857628528,51.00724672056185,49.8635857628528,50.96912384033203,726000,0.0,0.0
2023-06-05 00:00:00-04:00,50.72133025846201,50.95006025903263,49.86358366732767,50.149497985839844,725600,0.0,0.0
2023-06-06 00:00:00-04:00,50.38776220205578,50.911939076052384,50.10184787402109,50.7022705078125,512300,0.0,0.0
2023-06-07 00:00:00-04:00,50.93099916697121,51.31222068465186,50.52118730792376,51.03583526611328,764300,0.0,0.0
2023-06-08 00:00:00-04:00,50.711797127478675,50.87381754195124,50.168558837984214,50.25433349609375,619100,0.0,0.0
2023-06-09 00:00:00-04:00,50.13997545695163,50.40682837006791,48.758051833631235,48.97725296020508,887700,0.0,0.0
2023-06-12 00:00:00-04:00,48.92006548050218,49.25363157559866,48.31011033638643,49.12973403930664,1046500,0.0,0.0
2023-06-13 00:00:00-04:00,48.92959462440414,49.53954613594081,48.77710674651997,49.38705825805664,720100,0.0,0.0
2023-06-14 00:00:00-04:00,49.43470872623568,50.178090292339895,49.36799550865677,49.844520568847656,939200,0.0,0.0
2023-06-15 00:00:00-04:00,49.69203613932729,50.23527445475071,49.40612181051464,50.20668411254883,584500,0.0,0.0
2023-06-16 00:00:00-04:00,50.39729630382149,50.76898530536111,50.159033750465525,50.37823486328125,1043000,0.0,0.0
2023-06-20 00:00:00-04:00,50.21621601213854,50.21621601213854,49.17739110148706,49.930301666259766,1034500,0.0,0.0
2023-06-21 00:00:00-04:00,49.72062944933619,49.96842454853644,49.32035009222553,49.930301666259766,732100,0.0,0.0
2023-06-22 00:00:00-04:00,50.04466658538211,50.36870381294116,48.7199273312901,48.796173095703125,925500,0.0,0.0
2023-06-23 00:00:00-04:00,48.58649916813141,49.22504469800979,47.547674295975455,47.738285064697266,1328400,0.0,0.0
2023-06-26 00:00:00-04:00,47.6620370354643,49.005837619405106,47.6620370354643,48.662742614746094,1075300,0.0,0.0
2023-06-27 00:00:00-04:00,48.91053497484384,49.59673226822929,48.70086277173208,49.444244384765625,656400,0.0,0.0
2023-06-28 00:00:00-04:00,49.377530939995076,49.60626094635872,48.815231190587454,49.31081771850586,670300,0.0,0.0
2023-06-29 00:00:00-04:00,49.22450697627426,50.27938483779239,49.19573505255153,50.135536193847656,686200,0.32,0.0
2023-06-30 00:00:00-04:00,50.44240617306243,50.59584300813687,49.74235038439637,50.48076629638672,1276100,0.0,0.0
2023-07-03 00:00:00-04:00,50.34651283741557,51.43975081656949,50.34651283741557,51.27672576904297,392900,0.0,0.0
2023-07-05 00:00:00-04:00,51.03697562792079,52.07267332004324,50.80681855288102,51.52605438232422,1553900,0.0,0.0
2023-07-06 00:00:00-04:00,50.89312835446485,51.38221078011936,50.14512424254937,51.31507873535156,1006600,0.0,0.0
2023-07-07 00:00:00-04:00,51.05616043145916,51.40139058875217,50.27938434654828,50.93149185180664,1040100,0.0,0.0
2023-07-10 00:00:00-04:00,50.797237477708784,51.13287944857995,50.45200364582809,50.97944259643555,659600,0.0,0.0
2023-07-11 00:00:00-04:00,51.03697734381527,51.8617017079535,50.730103672260036,51.67949295043945,1096000,0.0,0.0
2023-07-12 00:00:00-04:00,52.312427519701515,52.96453507562088,52.264479187871046,52.47545623779297,828500,0.0,0.0
2023-07-13 00:00:00-04:00,52.51380656799138,52.71519539128851,52.20693289029064,52.60970687866211,788400,0.0,0.0
2023-07-14 00:00:00-04:00,52.408319302242575,52.73437302707549,52.245290610714804,52.5617561340332,1131700,0.0,0.0
2023-07-17 00:00:00-04:00,52.47545577009904,52.580944294119824,52.0726817382218,52.27406692504883,930600,0.0,0.0
2023-07-18 00:00:00-04:00,52.19735281535958,52.36996974322021,50.02046481020462,50.61503219604492,1590100,0.0,0.0
2023-07-19 00:00:00-04:00,50.902720336508466,51.267130533421074,50.42322976962299,50.48076629638672,1305800,0.0,0.0
2023-07-20 00:00:00-04:00,50.31774840591347,50.31774840591347,49.11902181845201,49.751949310302734,1839800,0.0,0.0
2023-07-21 00:00:00-04:00,50.02046165446027,50.595848938879485,49.771128140071454,50.49036407470703,1332200,0.0,0.0
2023-07-24 00:00:00-04:00,50.40405500224959,50.979442279660006,50.33692660849248,50.77805709838867,1616300,0.0,0.0
2023-07-25 00:00:00-04:00,50.806824811124805,51.4972924630714,50.52871937817709,50.557491302490234,1972400,0.0,0.0
2023-07-26 00:00:00-04:00,50.63420816111658,51.458932603397706,50.63420816111658,51.4301643371582,1426400,0.0,0.0
2023-07-27 00:00:00-04:00,51.67949498132419,51.67949498132419,49.982097861080206,50.001277923583984,656100,0.0,0.0
2023-07-28 00:00:00-04:00,50.615029703673535,50.91231521106652,49.44507505472396,49.5313835144043,659000,0.0,0.0
2023-07-31 00:00:00-04:00,49.66563508023875,50.03963714676484,49.32040127783843,49.57932662963867,730400,0.0,0.0
2023-08-01 00:00:00-04:00,49.473838586900776,49.713583878820586,49.17655310795999,49.6176872253418,1127700,0.0,0.0
2023-08-02 00:00:00-04:00,49.08066208140127,49.53138445251551,48.77378836521979,49.282047271728516,720400,0.0,0.0
2023-08-03 00:00:00-04:00,48.98476301675282,49.2436847297878,48.2751152964652,49.23409652709961,777700,0.0,0.0
2023-08-04 00:00:00-04:00,49.30122062820039,49.934148038984674,48.94639862806052,49.19573211669922,505900,0.0,0.0
2023-08-07 00:00:00-04:00,49.2149151633308,49.72317403150837,48.84091307857953,49.62727737426758,714900,0.0,0.0
2023-08-08 00:00:00-04:00,49.27245562776141,49.53138099362505,48.74501669354571,48.97517013549805,475000,0.0,0.0
2023-08-09 00:00:00-04:00,48.975172315306665,49.43548287792206,48.792967194132814,49.00394058227539,476400,0.0,0.0
2023-08-10 00:00:00-04:00,49.25327626501825,49.53138169803683,48.649117069411034,48.86968231201172,467100,0.0,0.0
2023-08-11 00:00:00-04:00,48.620350046264484,49.291637652075465,48.5532216515057,49.147789001464844,622400,0.0,0.0
2023-08-14 00:00:00-04:00,49.00393862768218,49.09983894412475,48.74501691884482,48.831321716308594,334900,0.0,0.0
2023-08-15 00:00:00-04:00,48.543628458211984,48.97517073997772,48.31347501341895,48.52444839477539,1576400,0.0,0.0
2023-08-16 00:00:00-04:00,48.58199170040434,48.96558567728807,48.46691497062853,48.629940032958984,1102100,0.0,0.0
2023-08-17 00:00:00-04:00,48.55322453992399,49.138203721813476,48.17922241595487,48.21757888793945,857200,0.0,0.0
2023-08-18 00:00:00-04:00,47.92988413463596,48.70666029162504,47.91070406996945,48.629940032958984,563200,0.0,0.0
2023-08-21 00:00:00-04:00,48.57240240945566,48.57240240945566,47.75726614138766,48.18880844116211,849400,0.0,0.0
2023-08-22 00:00:00-04:00,48.40937190614552,48.68747733998452,48.14085833318267,48.54362869262695,400300,0.0,0.0
2023-08-23 00:00:00-04:00,48.88886401499841,49.70400027791756,48.51486191029736,49.69440841674805,616200,0.0,0.0
2023-08-24 00:00:00-04:00,49.665634726499064,50.27938207829592,49.18614415062992,49.21491241455078,504200,0.0,0.0
2023-08-25 00:00:00-04:00,49.42589234562462,49.82866269709732,49.27245549865078,49.46425247192383,483500,0.0,0.0
2023-08-28 00:00:00-04:00,49.71358918153039,50.30815654460877,49.70400097844892,49.751949310302734,1087600,0.0,0.0
2023-08-29 00:00:00-04:00,49.65604620329893,50.183488798777724,49.5793296082803,50.01087188720703,765700,0.0,0.0
2023-08-30 00:00:00-04:00,50.21225528205706,50.346512062240706,49.94374172168977,50.20266342163086,888700,0.0,0.0
2023-08-31 00:00:00-04:00,50.10677190305733,50.27938882619463,49.73276978900095,49.809486389160156,868200,0.0,0.0
2023-09-01 00:00:00-04:00,50.03004977419951,50.288975149224996,49.85743651573898,50.1451301574707,837500,0.0,0.0
2023-09-05 00:00:00-04:00,49.84784963450804,49.90538983189192,48.802559827153516,48.87928009033203,843300,0.0,0.0
2023-09-06 00:00:00-04:00,48.90804602349252,49.02312275453938,48.23675838564305,48.85050582885742,1007300,0.0,0.0
2023-09-07 00:00:00-04:00,48.63952941500393,49.45466200155138,48.63952941500393,49.090248107910156,2049900,0.0,0.0
2023-09-08 00:00:00-04:00,49.13820236534824,49.26286729774765,48.562811402782785,48.61075973510742,787800,0.0,0.0
2023-09-11 00:00:00-04:00,48.80255359917044,48.917630321029094,48.50527176285034,48.668296813964844,1006100,0.0,0.0
2023-09-12 00:00:00-04:00,48.514857539458504,48.66829438033854,48.36142069857846,48.45731735229492,1122100,0.0,0.0
2023-09-13 00:00:00-04:00,48.33265756352846,48.60117114900946,47.949063591507105,48.06414031982422,732800,0.0,0.0
2023-09-14 00:00:00-04:00,48.51485526110955,49.56973303534289,48.505267059477326,49.42588806152344,828000,0.0,0.0
2023-09-15 00:00:00-04:00,49.09983811132698,49.272455019772764,48.70665596613891,49.26286315917969,1562700,0.0,0.0
2023-09-18 00:00:00-04:00,49.2149163798881,49.40671335733375,48.89845447659239,49.0518913269043,625800,0.0,0.0
2023-09-19 00:00:00-04:00,49.02312244372934,49.32999616339092,48.67788859455423,48.81214904785156,575800,0.0,0.0
2023-09-20 00:00:00-04:00,49.16696780850293,49.61769015455215,48.81214577981687,48.86968231201172,588800,0.0,0.0
2023-09-21 00:00:00-04:00,48.57240505406284,48.58199325759178,47.18188141606828,47.22024154663086,1075300,0.0,0.0
2023-09-22 00:00:00-04:00,47.229825695163456,47.85316495950561,47.018848653406465,47.038028717041016,641400,0.0,0.0
2023-09-25 00:00:00-04:00,46.759923666003445,47.02844090087109,46.40510163140559,46.89418411254883,580700,0.0,0.0
2023-09-26 00:00:00-04:00,46.49141038533796,46.72156749408646,45.839302845144196,46.07904815673828,559200,0.0,0.0
2023-09-27 00:00:00-04:00,46.23248154528719,46.405098449357325,45.65709430386868,45.77217102050781,613800,0.0,0.0
2023-09-28 00:00:00-04:00,46.003887832369124,46.409376773297424,45.820449202307756,45.95561218261719,627600,0.32,0.0
2023-09-29 00:00:00-04:00,46.563847170393615,46.80521067657412,45.81079420964318,45.94595718383789,891100,0.0,0.0
2023-10-02 00:00:00-04:00,45.6756276323341,46.02318796016833,44.854989566307374,45.15428161621094,782000,0.0,0.0
2023-10-03 00:00:00-04:00,45.17359146783725,45.17359146783725,43.97642694237337,44.20813751220703,551400,0.0,0.0
2023-10-04 00:00:00-04:00,44.41088091161348,44.57500631240093,43.773681463241694,44.56535339355469,824400,0.0,0.0
2023-10-05 00:00:00-04:00,44.57501519545469,45.17359940481484,44.44950881086984,45.019126892089844,848400,0.0,0.0
2023-10-06 00:00:00-04:00,44.603975020396916,45.192902542847825,44.2564109951528,44.8356819152832,792600,0.0,0.0
2023-10-09 00:00:00-04:00,44.488120958067945,45.32806488552229,44.488120958067945,45.12532043457031,655300,0.0,0.0
2023-10-10 00:00:00-04:00,45.14462866360455,45.87837578625726,44.98050324688068,45.0673942565918,821000,0.0,0.0
2023-10-11 00:00:00-04:00,45.42460901050298,45.733553989388774,44.99015398303399,45.453575134277344,1050200,0.0,0.0
2023-10-12 00:00:00-04:00,44.71982863918681,44.7391381609871,43.097865637109386,43.561283111572266,2025100,0.0,0.0
2023-10-13 00:00:00-04:00,43.78333516989558,43.90884521464193,43.020629348226656,43.638519287109375,1220500,0.0,0.0
2023-10-16 00:00:00-04:00,44.01504325524133,44.169515731247145,43.44542530942343,43.93780517578125,1996000,0.0,0.0
2023-10-17 00:00:00-04:00,43.66748504938034,44.71983008251497,43.204067559960706,43.37784957885742,1490900,0.0,0.0
2023-10-18 00:00:00-04:00,43.088213670158815,43.20406712060687,41.92001151436292,41.997249603271484,1272100,0.0,0.0
2023-10-19 00:00:00-04:00,41.33108630274045,41.84277573476025,40.60699581610956,41.06075668334961,1829700,0.0,0.0
2023-10-20 00:00:00-04:00,41.25384625873341,41.73657322691365,40.76146637167194,40.896629333496094,1191100,0.0,0.0
2023-10-23 00:00:00-04:00,40.46218045779478,40.8193974371701,40.21116401678065,40.355979919433594,944500,0.0,0.0
2023-10-24 00:00:00-04:00,40.40425075591939,40.75181480522093,40.18219676506896,40.384944915771484,1074000,0.0,0.0
2023-10-25 00:00:00-04:00,40.06633921196823,40.22081169775802,39.313286304107265,39.33259582519531,971000,0.0,0.0
2023-10-26 00:00:00-04:00,39.5063775348868,40.03738020302901,39.43879604674414,39.796016693115234,1422400,0.0,0.0
2023-10-27 00:00:00-04:00,39.83463009602244,39.83463009602244,39.04295811708475,39.23604965209961,621000,0.0,0.0
2023-10-30 00:00:00-04:00,39.4001786886182,40.16288454230058,39.178124712693986,40.1146125793457,985800,0.0,0.0
2023-10-31 00:00:00-04:00,40.500795731231094,41.10903277786147,40.24012271124664,40.83870315551758,2178900,0.0,0.0
2023-11-01 00:00:00-04:00,40.915940688282454,41.47590208135698,40.6069957094314,41.45659255981445,803900,0.0,0.0
2023-11-02 00:00:00-04:00,42.19034529072719,42.46067126265568,41.891053191152686,42.17103576660156,1100600,0.0,0.0
2023-11-03 00:00:00-04:00,42.96270063300671,43.61920961147009,42.605483703903396,42.673065185546875,1121300,0.0,0.0
2023-11-06 00:00:00-05:00,42.57652263557176,42.60548876179662,41.50487172104122,41.765541076660156,877200,0.0,0.0
2023-11-07 00:00:00-05:00,41.85243000605109,41.9875966615701,41.42763156602139,41.75588607788086,465300,0.0,0.0
2023-11-08 00:00:00-05:00,41.862083949011684,42.2579199220248,41.862083949011684,42.12275695800781,436000,0.0,0.0
2023-11-09 00:00:00-05:00,42.2965419445998,42.2965419445998,41.28281227720682,41.44694137573242,1780800,0.0,0.0
2023-11-10 00:00:00-05:00,41.76553613550282,41.85242713806764,41.25384672201809,41.79450225830078,538500,0.0,0.0
2023-11-13 00:00:00-05:00,41.41797937272447,41.514523302587804,40.92559575484285,40.983524322509766,603900,0.0,0.0
2023-11-14 00:00:00-05:00,42.344815922646866,43.44543296858461,42.28688735283936,42.81788635253906,1144100,0.0,0.0
2023-11-15 00:00:00-05:00,42.64410243917673,43.35854003686464,42.64410243917673,43.1364860534668,908700,0.0,0.0
2023-11-16 00:00:00-05:00,43.30060729251134,43.348882935348676,42.85649936855771,42.96269989013672,698300,0.0,0.0
2023-11-17 00:00:00-05:00,43.42612185455577,43.42612185455577,42.866160431921976,43.31026840209961,842400,0.0,0.0
2023-11-20 00:00:00-05:00,43.2426837869026,43.69644464408379,42.81788168709734,43.65782928466797,622000,0.0,0.0
2023-11-21 00:00:00-05:00,43.484045678450045,43.59989911826744,43.11717215562811,43.51300811767578,826400,0.0,0.0
2023-11-22 00:00:00-05:00,44.072973250433,44.12124521021075,43.76402828835804,43.99573516845703,561700,0.0,0.0
2023-11-24 00:00:00-05:00,43.802645238891174,44.150209254589925,43.69644471377049,44.14055633544922,253100,0.0,0.0
2023-11-27 00:00:00-05:00,44.00539272366291,44.30468109051857,43.86057315827727,44.03435516357422,633400,0.0,0.0
2023-11-28 00:00:00-05:00,43.82195557439184,44.30468256451806,43.464738632914546,44.17917251586914,850500,0.0,0.0
2023-11-29 00:00:00-05:00,44.55570190339633,44.912918838793146,44.410882335657696,44.62328338623047,720000,0.0,0.0
2023-11-30 00:00:00-05:00,44.6232852299764,45.550120189637795,44.478465656254116,45.42461013793945,1365700,0.0,0.0
2023-12-01 00:00:00-05:00,45.35703077607743,46.834174292384624,45.11566726384868,46.79555892944336,1158500,0.0,0.0
2023-12-04 00:00:00-05:00,46.62177619022122,47.96375670834327,46.62177619022122,47.80928421020508,1457800,0.0,0.0
2023-12-05 00:00:00-05:00,47.77066193250319,47.77066193250319,46.959680451424674,47.43275451660156,1257800,0.0,0.0
2023-12-06 00:00:00-05:00,47.74169921875,47.99271562870971,47.46171668551119,47.74169921875,1001800,0.0,0.0
2023-12-07 00:00:00-05:00,47.587228303841876,47.92513572897138,47.44240873140654,47.49068069458008,841000,0.0,0.0
2023-12-08 00:00:00-05:00,47.268627214886465,47.76101082001442,47.11415472135735,47.7513542175293,921200,0.0,0.0
2023-12-11 00:00:00-05:00,47.66446103373935,48.2051165778664,47.66446103373935,48.137535095214844,580000,0.0,0.0
2023-12-12 00:00:00-05:00,48.14719168260535,48.51406524703291,47.85755620875828,48.29201126098633,813000,0.0,0.0
2023-12-13 00:00:00-05:00,48.2920086652438,50.54151453022163,48.2920086652438,50.502899169921875,1669100,0.0,0.0
2023-12-14 00:00:00-05:00,51.169064876852495,52.19244750023893,51.169064876852495,52.10555648803711,2093400,0.0,0.0
2023-12-15 00:00:00-05:00,51.883501041349916,52.18278943271146,50.93735285374456,51.56489944458008,2305000,0.0,0.0
2023-12-18 00:00:00-05:00,51.613167170481184,51.70971477501924,50.802185706934154,50.90838623046875,2269300,0.0,0.0
2023-12-19 00:00:00-05:00,51.20768005584017,51.34284302396583,50.773225027640095,51.140098571777344,1767700,0.0,0.0
2023-12-20 00:00:00-05:00,51.284913989940414,51.400771118343364,49.98155260018154,50.00086212158203,936900,0.0,0.0
2023-12-21 00:00:00-05:00,50.50289691784005,50.53185935750201,49.769149861144626,50.25187683105469,1492500,0.0,0.0
2023-12-22 00:00:00-05:00,50.54151601430117,51.217334558739466,50.48359113069331,50.88908004760742,612200,0.0,0.0
2023-12-26 00:00:00-05:00,50.937352034085414,51.371807075910134,50.89873667263471,51.13044357299805,318400,0.0,0.0
2023-12-27 00:00:00-05:00,51.188372184133314,51.642136748536025,51.01459016725206,51.6131706237793,612800,0.0,0.0
2023-12-28 00:00:00-05:00,51.516044593669015,51.86570159171763,51.457767192296714,51.75886154174805,657300,0.32,0.0
2023-12-29 00:00:00-05:00,51.380068286680796,51.642307333141694,51.09839973444634,51.156673431396484,1222800,0.0,0.0
2024-01-02 00:00:00-05:00,51.040124659319396,51.457770130268116,50.76817084757336,51.44805908203125,1076300,0.0,0.0
2024-01-03 00:00:00-05:00,50.78759142367888,50.88471671642573,49.95230056772329,50.03971481323242,1169600,0.0,0.0
2024-01-04 00:00:00-05:00,50.02028700985714,50.70017514712608,49.62206739739984,50.41850662231445,971300,0.0,0.0
2024-01-05 00:00:00-05:00,50.03000230003113,50.96242219555712,49.57350895757936,50.33109664916992,995700,0.0,0.0
2024-01-08 00:00:00-05:00,50.38937503161167,51.42863129213908,50.38937503161167,51.341217041015625,556700,0.0,0.0
2024-01-09 00:00:00-05:00,50.85558491230741,51.681161097794515,50.65161955425898,51.477195739746094,1037300,0.0,0.0
2024-01-10 00:00:00-05:00,51.72972123570966,52.03081558659979,51.50633008702058,51.94340133666992,800100,0.0,0.0
2024-01-11 00:00:00-05:00,51.61316883846482,51.729719933740334,51.0692612571174,51.234375,1275600,0.0,0.0
2024-01-12 00:00:00-05:00,51.749146869823726,51.96282697009674,51.07897342591188,51.72972106933594,544200,0.0,0.0
2024-01-16 00:00:00-05:00,51.224666345422825,51.74914815120954,51.04012308876562,51.739437103271484,1076300,0.0,0.0
2024-01-17 00:00:00-05:00,50.93328005755048,51.496617137425126,50.04942654316534,50.622474670410156,723300,0.0,0.0
2024-01-18 00:00:00-05:00,50.758450567879244,51.04011910228808,50.272816696867764,50.82644271850586,1474800,0.0,0.0
2024-01-19 00:00:00-05:00,51.08868346715054,52.63299937712626,50.991558171717614,52.17650604248047,1500700,0.0,0.0
2024-01-22 00:00:00-05:00,52.17650566311111,52.96323018363821,52.08909141582004,52.234779357910156,780700,0.0,0.0
2024-01-23 00:00:00-05:00,52.39990362425726,52.594157944083044,51.33150671776195,51.46748733520508,836400,0.0,0.0
2024-01-24 00:00:00-05:00,51.98225308721368,52.08909313800096,50.36023393498356,50.48649978637695,695100,0.0,0.0
2024-01-25 00:00:00-05:00,51.22466105257937,51.22466105257937,50.544772909292476,50.81672668457031,511600,0.0,0.0
2024-01-26 00:00:00-05:00,50.952704857302315,51.146959146725386,50.35051989467395,50.82644271850586,508900,0.0,0.0
2024-01-29 00:00:00-05:00,50.942996978759766,51.13725128026539,50.66132842683124,50.942996978759766,1366800,0.0,0.0
2024-01-30 00:00:00-05:00,50.57391762374217,50.73903508805948,50.14656109537346,50.301963806152344,613800,0.0,0.0
2024-01-31 00:00:00-05:00,50.52534868715149,50.97213096193486,49.709483630763756,50.03971481323242,797800,0.0,0.0
2024-02-01 00:00:00-05:00,49.96201180641606,51.50632767960025,49.612358528132084,51.43833923339844,1416200,0.0,0.0
2024-02-02 00:00:00-05:00,50.671042186505645,51.38978202901529,49.82604019058859,50.90414810180664,1817400,0.0,0.0
2024-02-05 00:00:00-05:00,50.136844897113996,50.457365062974226,49.40839401662378,49.622074127197266,982500,0.0,0.0
2024-02-06 00:00:00-05:00,49.62207092399171,50.253396461700326,49.52494562823309,49.991153717041016,941700,0.0,0.0
2024-02-07 00:00:00-05:00,49.82603955572704,49.96201646079805,49.049026023112134,49.13644027709961,1694300,0.0,0.0
2024-02-08 00:00:00-05:00,51.467481545787884,52.57472622762345,51.0304103016179,52.05995178222656,2542400,0.0,0.0
2024-02-09 00:00:00-05:00,52.05995344028952,52.97294755832098,51.90455073797882,52.7107048034668,1646300,0.0,0.0
2024-02-12 00:00:00-05:00,52.90495757165301,53.322603016692504,52.22506937937295,52.516448974609375,1233000,0.0,0.0
2024-02-13 00:00:00-05:00,51.32179137197201,52.56501298661532,50.63219211416784,52.49702453613281,1736300,0.0,0.0
2024-02-14 00:00:00-05:00,52.69128133994963,52.78840664379259,52.18622160876202,52.27363586425781,896800,0.0,0.0
2024-02-15 00:00:00-05:00,52.80782983015119,53.17691263564187,52.64271608077724,52.76898193359375,1256600,0.0,0.0
2024-02-16 00:00:00-05:00,52.43875113223604,53.56542165308798,52.15708257574988,53.16720199584961,1230800,0.0,0.0
2024-02-20 00:00:00-05:00,52.76898195949085,53.38087801286332,52.54558710243944,53.2254753112793,2027400,0.0,0.0
2024-02-21 00:00:00-05:00,53.283750257862366,53.56541879934238,52.99237066895899,53.20604705810547,976500,0.0,0.0
2024-02-22 00:00:00-05:00,53.23518643788981,53.30317488363319,52.83696681063897,53.19633483886719,920100,0.0,0.0
2024-02-23 00:00:00-05:00,53.23519031317517,53.23519031317517,52.61357579883968,52.7107048034668,694500,0.0,0.0
2024-02-26 00:00:00-05:00,52.52616837460624,52.52616837460624,51.593748400223895,51.885128021240234,1130600,0.0,0.0
2024-02-27 00:00:00-05:00,52.312487868341584,52.4776016271573,51.477196910562874,51.486907958984375,1002800,0.0,0.0
2024-02-28 00:00:00-05:00,51.37035506151254,52.03081748393514,51.25380395905348,51.350929260253906,1849000,0.0,0.0
2024-02-29 00:00:00-05:00,51.914267010630425,51.914267010630425,51.14696452453269,51.477195739746094,2513800,0.0,0.0
2024-03-01 00:00:00-05:00,51.23437425760539,51.9628250764339,50.67103717926695,51.62288284301758,1655800,0.0,0.0
2024-03-04 00:00:00-05:00,51.54518508911133,51.76857625253993,50.82644894679197,51.54518508911133,2455900,0.0,0.0
2024-03-05 00:00:00-05:00,51.32178995946099,51.817134900070776,51.059547212634904,51.33150100708008,1560100,0.0,0.0
2024-03-06 00:00:00-05:00,51.61317486214862,51.962831893875546,51.32179523740716,51.768577575683594,1131300,0.0,0.0
2024-03-07 00:00:00-05:00,52.05024458314989,52.18622149025838,51.205242585337906,51.36064529418945,873800,0.0,0.0
2024-03-08 00:00:00-05:00,51.632599771890455,51.84627988871695,51.41891965506395,51.70058822631836,1362600,0.0,0.0
2024-03-11 00:00:00-04:00,51.671450049593886,52.011392313007924,51.234378778709555,51.477195739746094,1463000,0.0,0.0
2024-03-12 00:00:00-04:00,51.127541575801054,51.700589784025354,51.07897892190265,51.65202713012695,658500,0.0,0.0
2024-03-13 00:00:00-04:00,51.700589554921635,51.953121282223044,51.30236986657062,51.46748733520508,753000,0.0,0.0
2024-03-14 00:00:00-04:00,51.37035548042473,51.37035548042473,50.46707609254231,51.04983901977539,734300,0.0,0.0
2024-03-15 00:00:00-04:00,50.60305621931602,51.146967578346384,50.48650510848558,50.68075942993164,1494000,0.0,0.0
2024-03-18 00:00:00-04:00,50.86529294140373,51.078973040062614,50.097994205941724,50.14655685424805,1373600,0.0,0.0
2024-03-19 00:00:00-04:00,50.15626617506317,50.45736051234421,49.83574974320234,49.98143768310547,971900,0.0,0.0
2024-03-20 00:00:00-04:00,49.77747715436495,50.61276809552622,49.544371240864656,50.50592803955078,1548100,0.0,0.0
2024-03-21 00:00:00-04:00,50.729316205307576,51.38006755097631,50.67103880409927,51.302364349365234,966500,0.0,0.0
2024-03-22 00:00:00-04:00,51.477193831398864,51.477193831398864,50.59334027419553,50.641902923583984,827900,0.0,0.0
2024-03-25 00:00:00-04:00,50.8458673929335,51.08868434076048,50.33109664916992,50.33109664916992,572900,0.0,0.0
2024-03-26 00:00:00-04:00,50.38937775821853,50.41851460847208,49.82604061936417,49.874603271484375,710900,0.0,0.0
2024-03-27 00:00:00-04:00,49.874601845610464,50.950752820045516,49.874601845610464,50.94096755981445,621800,0.37,0.0
2024-03-28 00:00:00-04:00,51.13663366753393,51.684492569935095,51.13663366753393,51.400779724121094,1716500,0.0,0.0
2024-04-01 00:00:00-04:00,51.36164626118684,51.36164626118684,50.17788350017647,50.539859771728516,698300,0.0,0.0
2024-04-02 00:00:00-04:00,50.13874238699053,50.344188045485716,49.78654769700855,50.10939407348633,756000,0.0,0.0
2024-04-03 00:00:00-04:00,50.01156635734615,50.31484598518554,49.69850520111733,50.07026672363281,709300,0.0,0.0
2024-04-04 00:00:00-04:00,50.58877047766794,50.87248329943691,49.903947840701974,50.119178771972656,684000,0.0,0.0
2024-04-05 00:00:00-04:00,49.95286769253813,50.5202896156443,49.69850318095212,50.47137451171875,925200,0.0,0.0
2024-04-08 00:00:00-04:00,50.7061701110419,51.60621992791143,50.67681806432969,51.48882293701172,1152600,0.0,0.0
2024-04-09 00:00:00-04:00,51.66492269903173,52.369308409265955,51.51817365457535,52.12472915649414,1307500,0.0,0.0
2024-04-10 00:00:00-04:00,50.75508479088492,51.31272515800053,50.09961048884718,50.69638442993164,1154800,0.0,0.0
2024-04-11 00:00:00-04:00,51.04858540388204,51.107285772047675,50.295280806348764,50.657257080078125,1712100,0.0,0.0
2024-04-12 00:00:00-04:00,50.50072366406785,50.81378481275614,49.98221683629974,50.0898323059082,1094500,0.0,0.0
2024-04-15 00:00:00-04:00,50.451808693958434,50.451808693958434,49.091948625968165,49.47349166870117,855500,0.0,0.0
2024-04-16 00:00:00-04:00,49.21913057479388,49.90394950258227,48.935417743576835,49.35609436035156,1347400,0.0,0.0
2024-04-17 00:00:00-04:00,48.866933772084295,48.97454923672562,47.35054320336948,47.54620361328125,2169000,0.0,0.0
2024-04-18 00:00:00-04:00,47.59512365253296,47.59512365253296,44.81670321684745,45.07106399536133,2362500,0.0,0.0
2024-04-19 00:00:00-04:00,45.18845719863648,45.18845719863648,44.12209160638371,44.640602111816406,2110500,0.0,0.0
2024-04-22 00:00:00-04:00,44.66995911425086,45.01236861011785,44.30798282833666,44.806922912597656,1046000,0.0,0.0
2024-04-23 00:00:00-04:00,44.90475429187973,45.60914003333238,44.78735355831813,45.46239471435547,1030900,0.0,0.0
2024-04-24 00:00:00-04:00,45.02215130233685,45.39391282805512,44.84605393394311,45.03193283081055,1204400,0.0,0.0
2024-04-25 00:00:00-04:00,44.513421660752115,45.06128050162911,44.249275633828375,45.04171371459961,1377600,0.0,0.0
2024-04-26 00:00:00-04:00,45.1004127584513,45.374344059548015,44.95366744584759,45.00258255004883,767700,0.0,0.0
2024-04-29 00:00:00-04:00,45.364559566183935,45.57979050668666,45.07106520403322,45.48196029663086,713700,0.0,0.0
2024-04-30 00:00:00-04:00,45.022150233922666,45.41347480730187,44.435157775878906,44.435157775878906,1255700,0.0,0.0
2024-05-01 00:00:00-04:00,44.66017567657707,46.07873244052999,44.51342662348648,45.022151947021484,777100,0.0,0.0
2024-05-02 00:00:00-04:00,45.37434524722012,45.8732852943056,44.84605315125902,45.65805435180664,913600,0.0,0.0
2024-05-03 00:00:00-04:00,46.47984374441218,46.920087185481975,46.15700104228337,46.22548294067383,1405100,0.0,0.0
2024-05-06 00:00:00-04:00,46.4798378604526,46.61680537187814,45.58956956209357,45.9515495300293,559700,0.0,0.0
2024-05-07 00:00:00-04:00,46.245044461717036,46.55810559925826,45.99067995497533,46.37222671508789,1037300,0.0,0.0
2024-05-08 00:00:00-04:00,46.15699698376555,46.460276601387484,45.64827168903677,46.3526611328125,601400,0.0,0.0
2024-05-09 00:00:00-04:00,46.518973972037536,47.30162684866396,46.47005886699525,47.07661437988281,671200,0.0,0.0
2024-05-10 00:00:00-04:00,47.194016609243285,47.194016609243285,46.43092676481145,46.6852912902832,438700,0.0,0.0
2024-05-13 00:00:00-04:00,47.01791833852996,47.0961817611862,46.24504698038906,46.39179229736328,2198600,0.0,0.0
2024-05-14 00:00:00-04:00,46.802687504894784,47.06683355444717,46.421144455091344,46.880950927734375,827400,0.0,0.0
2024-05-15 00:00:00-04:00,47.5168565723182,47.8494845028637,46.95921617875415,47.0961799621582,798600,0.0,0.0
2024-05-16 00:00:00-04:00,47.03748492630236,47.69295554968449,46.96899930029354,47.19401550292969,654500,0.0,0.0
2024-05-17 00:00:00-04:00,47.17445203540087,47.37989773194059,46.74399012038403,47.017921447753906,577000,0.0,0.0
2024-05-20 00:00:00-04:00,46.83203361143399,47.282062266457295,46.69506982894206,46.978782653808594,835400,0.0,0.0
2024-05-21 00:00:00-04:00,46.76354900089059,47.1940108431004,46.72441542760189,47.14509201049805,492400,0.0,0.0
2024-05-22 00:00:00-04:00,47.08639932939059,47.164662750545176,46.734204604236766,46.9592170715332,593300,0.0,0.0
2024-05-23 00:00:00-04:00,47.00812652911733,47.00812652911733,45.22759006094473,45.2667236328125,961100,0.0,0.0
2024-05-24 00:00:00-04:00,45.609136582208876,45.75588562206507,45.110196564267426,45.149330139160156,729500,0.0,0.0
2024-05-28 00:00:00-04:00,45.413471269858114,45.56022030593399,44.97323162559652,44.98301315307617,536600,0.0,0.0
2024-05-29 00:00:00-04:00,44.523206571622175,45.06128392586477,44.39602804424057,44.92431640625,626000,0.0,0.0
2024-05-30 00:00:00-04:00,45.13954545883967,45.72653789381574,45.13954545883967,45.57000732421875,586100,0.0,0.0
2024-05-31 00:00:00-04:00,45.843936335010696,46.15699748408596,45.57979029073158,46.098297119140625,885400,0.0,0.0
2024-06-03 00:00:00-04:00,46.40157616483362,46.4896248451685,45.462392729250396,45.67761993408203,858800,0.0,0.0
2024-06-04 00:00:00-04:00,45.82436948751195,46.48962536143351,45.61892380844351,45.85371780395508,713300,0.0,0.0
2024-06-05 00:00:00-04:00,45.91242028015731,46.12765122925994,45.26673116483288,45.69718933105469,576700,0.0,0.0
2024-06-06 00:00:00-04:00,45.49174155055117,45.90263290868805,45.481960022397885,45.85371780395508,950800,0.0,0.0
2024-06-07 00:00:00-04:00,45.25694345483545,45.60913817722054,45.080849825626146,45.49174118041992,785500,0.0,0.0
2024-06-10 00:00:00-04:00,45.12976467163823,45.481959392007354,44.71886958721318,45.18846130371094,1065200,0.0,0.0
2024-06-11 00:00:00-04:00,45.12976692789389,46.09829872534735,44.934102769908485,45.76567077636719,1027400,0.0,0.0
2024-06-12 00:00:00-04:00,46.80268188717227,47.409237336311826,46.23525627876408,46.479835510253906,1057400,0.0,0.0
2024-06-13 00:00:00-04:00,46.55810591448937,46.7537700597732,46.06894741727136,46.4896240234375,1519600,0.0,0.0
2024-06-14 00:00:00-04:00,46.35266208658372,46.607022873190324,45.89285188665963,46.46027755737305,737100,0.0,0.0
2024-06-17 00:00:00-04:00,46.323311241014544,46.73420634633862,46.07873197631651,46.440711975097656,557800,0.0,0.0
2024-06-18 00:00:00-04:00,46.59723968849453,46.7146366833718,46.36244196675682,46.54832458496094,577000,0.0,0.0
2024-06-20 00:00:00-04:00,46.26461283940685,46.382009837023915,45.80480264509706,46.03960037231445,544000,0.0,0.0
2024-06-21 00:00:00-04:00,46.205911132854894,46.36244170245998,45.795019787135224,46.24504470825195,1428400,0.0,0.0
2024-06-24 00:00:00-04:00,46.18634710666617,47.43859547036271,46.08851689430734,46.99835205078125,523100,0.0,0.0
2024-06-25 00:00:00-04:00,46.74398702927474,46.79290586691616,46.29396208604714,46.39179229736328,399800,0.0,0.0
2024-06-26 00:00:00-04:00,46.068946639043965,46.626587017893804,45.84393418196272,46.01024627685547,1020500,0.0,0.0
2024-06-27 00:00:00-04:00,46.27439391830458,46.42114296288868,45.609138051627596,46.10808181762695,1274800,0.0,0.0
2024-06-28 00:00:00-04:00,46.37431822451086,46.847625732421875,45.90101071659985,46.847625732421875,1019000,0.37,0.0
2024-07-01 00:00:00-04:00,46.67999459474625,46.88706591068391,46.05877688541982,46.472923278808594,635200,0.0,0.0
2024-07-02 00:00:00-04:00,46.8377681867582,47.37024055943413,46.73916386360212,46.81804656982422,914600,0.0,0.0
2024-07-03 00:00:00-04:00,47.01525598534448,47.1828840763438,46.699717657511044,46.9659538269043,353900,0.0,0.0
2024-07-05 00:00:00-04:00,47.06455929304322,47.35051708509799,46.76874257366509,47.133583068847656,372900,0.0,0.0
2024-07-08 00:00:00-04:00,47.23218972265901,47.350515654532636,46.82790600737003,47.0546989440918,734900,0.0,0.0
2024-07-09 00:00:00-04:00,47.04483740313833,47.23219087481478,46.246132641616256,47.222328186035156,945500,0.0,0.0
2024-07-10 00:00:00-04:00,47.48856238291708,48.25768656910059,47.13358083190516,48.14922332763672,811800,0.0,0.0
2024-07-11 00:00:00-04:00,49.03667484504161,50.0030114495718,48.79016028996207,49.88468551635742,742900,0.0,0.0
2024-07-12 00:00:00-04:00,50.28896970384352,50.65381019552994,49.736775741185824,50.012874603271484,753200,0.0,0.0
2024-07-15 00:00:00-04:00,50.26924699430972,50.67353070914407,50.00301082675829,50.367855072021484,634300,0.0,0.0
2024-07-16 00:00:00-04:00,50.75241520445593,51.117255674066556,49.98328727416515,50.1607780456543,917700,0.0,0.0
2024-07-17 00:00:00-04:00,50.121343161836904,52.14276184255474,50.121343161836904,50.722835540771484,2162700,0.0,0.0
2024-07-18 00:00:00-04:00,52.95132589126642,53.237283670943995,51.462375908471834,52.20191955566406,3803500,0.0,0.0
2024-07-19 00:00:00-04:00,51.6102868913876,52.90202450137151,51.334191796113984,52.65550994873047,1674600,0.0,0.0
2024-07-22 00:00:00-04:00,52.773836811353625,53.80919719840013,52.59634602940124,53.43449401855469,1193200,0.0,0.0
2024-07-23 00:00:00-04:00,53.27672143315016,53.42463166245522,52.79355503891195,53.040069580078125,690100,0.0,0.0
2024-07-24 00:00:00-04:00,53.04007380618497,53.58240508765955,52.08359610656605,52.23150634765625,988100,0.0,0.0
2024-07-25 00:00:00-04:00,52.61606505950849,53.27672223424135,51.82721926821799,51.9455451965332,760900,0.0,0.0
2024-07-26 00:00:00-04:00,52.24136341477683,53.19784108033685,52.044151020850265,52.961185455322266,636100,0.0,0.0
2024-07-29 00:00:00-04:00,52.98090959746714,53.74017490530912,52.694951800712296,53.51338195800781,1085300,0.0,0.0
2024-07-30 00:00:00-04:00,53.651426325894505,54.479715361489,53.4049117767475,54.27264404296875,860500,0.0,0.0
2024-07-31 00:00:00-04:00,54.07543347830979,54.87414199867566,53.90780162323929,53.95710754394531,878600,0.0,0.0
2024-08-01 00:00:00-04:00,54.49943623407426,55.1403717962136,53.79933582680109,54.23320007324219,539500,0.0,0.0
2024-08-02 00:00:00-04:00,53.74017206695687,54.0655730794943,52.576623086420945,53.049930572509766,735200,0.0,0.0
2024-08-05 00:00:00-04:00,51.600426946306264,52.30052735923104,50.54534122122629,50.63408660888672,1305400,0.0,0.0
2024-08-06 00:00:00-04:00,50.73269686737167,52.12303882618707,50.584786627736854,51.58070755004883,818900,0.0,0.0
2024-08-07 00:00:00-04:00,51.78777467441701,52.80341336886157,51.46237367822796,51.56098175048828,1218200,0.0,0.0
2024-08-08 00:00:00-04:00,51.8074987290101,52.53717969053783,51.551121490571205,52.418853759765625,693300,0.0,0.0
2024-08-09 00:00:00-04:00,52.596344559942864,53.059793117816476,51.99484845585503,52.83300018310547,2019500,0.0,0.0
2024-08-12 00:00:00-04:00,52.606202621067915,52.78369339514028,51.99484760010392,52.27094268798828,722200,0.0,0.0
2024-08-13 00:00:00-04:00,53.168255591812155,53.57254305918757,52.83299941957326,53.207698822021484,1409400,0.0,0.0
2024-08-14 00:00:00-04:00,53.227420806884766,53.36546835206293,52.72453278351951,53.227420806884766,482800,0.0,0.0
2024-08-15 00:00:00-04:00,53.59226374293495,54.23320310238681,53.39505510450085,53.67115020751953,715700,0.0,0.0
2024-08-16 00:00:00-04:00,53.45421572947159,53.75003244607996,53.0400730785226,53.54296112060547,670600,0.0,0.0
2024-08-19 00:00:00-04:00,53.61198316858041,54.203620344250375,53.61198316858041,53.96696472167969,364900,0.0,0.0
2024-08-20 00:00:00-04:00,54.07543365840561,54.07543365840561,53.3260310562499,53.75989532470703,592200,0.0,0.0
2024-08-21 00:00:00-04:00,53.76975425197289,53.84864071615436,53.30630944020454,53.75989532470703,377800,0.0,0.0
2024-08-22 00:00:00-04:00,54.065572356174755,54.29236528846356,53.69086919079985,54.25292205810547,547100,0.0,0.0
2024-08-23 00:00:00-04:00,54.51915865736791,55.75173140457818,54.15431441590395,55.62354278564453,1110900,0.0,0.0
2024-08-26 00:00:00-04:00,56.00810535106439,56.313784749083275,55.633402179543424,55.751731872558594,1627700,0.0,0.0
2024-08-27 00:00:00-04:00,55.29814660068083,56.126431891695006,55.29814660068083,56.09685134887695,729000,0.0,0.0
2024-08-28 00:00:00-04:00,55.889780226009584,56.165875324001746,54.70650960937895,55.07135009765625,643700,0.0,0.0
2024-08-29 00:00:00-04:00,55.13051660614873,55.38689009607855,54.765676106878466,55.36717224121094,953300,0.0,0.0
2024-08-30 00:00:00-04:00,55.70243122992394,56.017969563521426,55.09107241725437,55.939083099365234,908800,0.0,0.0
2024-09-03 00:00:00-04:00,55.42632915364903,56.323641943080595,55.22911676620522,56.17573547363281,662300,0.0,0.0
2024-09-04 00:00:00-04:00,55.89963844416976,56.55043671083548,55.732010354375866,55.860198974609375,774400,0.0,0.0
2024-09-05 00:00:00-04:00,56.17573918845222,56.3926694436236,55.46577605131106,55.65312576293945,784500,0.0,0.0
2024-09-06 00:00:00-04:00,55.69256509458099,55.78131048050783,54.864276079768324,55.13051223754883,1087400,0.0,0.0
2024-09-09 00:00:00-04:00,55.2389831072829,55.86020085228141,54.67693021088404,55.65312576293945,1348100,0.0,0.0
2024-09-10 00:00:00-04:00,55.860198136383005,55.99824568155671,55.455914427725645,55.71228790283203,1471400,0.0,0.0
2024-09-11 00:00:00-04:00,55.04176894742272,55.56437859471693,54.20362097404369,54.72623062133789,1045500,0.0,0.0
2024-09-12 00:00:00-04:00,54.85442103603573,55.01219020423868,54.21348167435984,54.82483673095703,1352600,0.0,0.0
2024-09-13 00:00:00-04:00,55.27842455844589,55.751732047450716,55.11079270690531,55.55451965332031,659700,0.0,0.0
2024-09-16 00:00:00-04:00,55.86019929064042,56.057407924098705,55.49535504341274,55.87991714477539,1561900,0.0,0.0
2024-09-17 00:00:00-04:00,55.96866303920782,56.1658754359583,55.534798775567644,55.593963623046875,704600,0.0,0.0
2024-09-18 00:00:00-04:00,55.74186879088534,56.13629357512683,55.18967860676347,55.31786346435547,1341000,0.0,0.0
2024-09-19 00:00:00-04:00,55.87991714477539,56.225039776354535,55.189679404644245,55.87991714477539,1484600,0.0,0.0
2024-09-20 00:00:00-04:00,55.44605089083042,55.732008665178945,54.499435942828505,54.736087799072266,1637300,0.0,0.0
2024-09-23 00:00:00-04:00,55.10093159462706,55.455913137680824,54.77553059298998,55.02204513549805,2375200,0.0,0.0
2024-09-24 00:00:00-04:00,54.844556174347424,55.95880299648807,54.75581078565457,55.53479766845703,2752800,0.0,0.0
2024-09-25 00:00:00-04:00,55.71228569083583,55.71228569083583,54.93329884655474,55.179813385009766,1200500,0.0,0.0
2024-09-26 00:00:00-04:00,55.27842419958864,55.45591497700241,54.647343790165515,54.70650863647461,2907200,0.0,0.0
2024-09-27 00:00:00-04:00,55.14037163454216,55.5939612562114,54.84455493276723,55.25870132446289,1445100,0.0,0.0
2024-09-30 00:00:00-04:00,54.90136195282434,55.64582082901779,54.72269151961682,55.566410064697266,1790200,0.37,0.0
2024-10-01 00:00:00-04:00,55.665671123545685,55.665671123545685,54.514237809552256,54.71276092529297,712600,0.0,0.0
2024-10-02 00:00:00-04:00,54.06756559103731,54.60357308165222,53.670519359124384,54.524166107177734,668300,0.0,0.0
2024-10-03 00:00:00-04:00,54.395128767645964,54.395128767645964,53.819415862098964,54.38520431518555,936800,0.0,0.0
2024-10-04 00:00:00-04:00,54.56387193349651,54.692908741386056,53.80948484400077,54.36534881591797,1091900,0.0,0.0
2024-10-07 00:00:00-04:00,53.96830374549207,54.42490806173109,53.581185740441676,53.77970886230469,2295400,0.0,0.0
2024-10-08 00:00:00-04:00,54.0377863357816,54.0377863357816,53.15436241825778,53.59111404418945,907800,0.0,0.0
2024-10-09 00:00:00-04:00,53.59111397911731,53.88889676865503,53.015397304365926,53.77970886230469,2004900,0.0,0.0
2024-10-10 00:00:00-04:00,53.68044748430769,53.869042361486215,53.074953685848364,53.36280822753906,1204200,0.0,0.0
2024-10-11 00:00:00-04:00,53.73007892731028,54.206532146976336,53.56133294876465,54.15690231323242,924200,0.0,0.0
2024-10-14 00:00:00-04:00,54.07749317828045,54.33557437994128,53.730080545099014,54.08742141723633,673200,0.0,0.0
2024-10-15 00:00:00-04:00,54.10726890835093,55.20906863981415,53.779708975126354,54.75246810913086,1423100,0.0,0.0
2024-10-16 00:00:00-04:00,55.08995707612675,55.83441595553387,54.88150949865604,55.487003326416016,3523300,0.0,0.0
2024-10-17 00:00:00-04:00,54.315719191924494,55.84433849417365,53.819413289327265,54.28593826293945,2251900,0.0,0.0
2024-10-18 00:00:00-04:00,54.40505665519677,54.84180450439453,54.09734561971949,54.84180450439453,1179500,0.0,0.0
2024-10-21 00:00:00-04:00,54.38520115309967,54.504313508267764,53.53155440361581,54.14697265625,2029500,0.0,0.0
2024-10-22 00:00:00-04:00,54.008009684909744,54.772321250741584,53.76978117891122,54.593650817871094,1699400,0.0,0.0
2024-10-23 00:00:00-04:00,54.47453880071831,54.85172857336046,54.097345241562486,54.81202697753906,1488100,0.0,0.0
2024-10-24 00:00:00-04:00,54.82194897972499,54.90135974084605,53.888895255633564,54.14697265625,1385400,0.0,0.0
2024-10-25 00:00:00-04:00,54.345497468965114,54.39512730295825,53.08487999566867,53.21392059326172,1230500,0.0,0.0
2024-10-28 00:00:00-04:00,53.29332576427344,53.610961234881394,52.79701986813432,53.17421340942383,908700,0.0,0.0
2024-10-29 00:00:00-04:00,53.04517341662387,53.074954345558474,52.41983070670002,52.449607849121094,645900,0.0,0.0
2024-10-30 00:00:00-04:00,52.57865069387853,53.283404195769535,52.42975740237426,53.00547409057617,710200,0.0,0.0
2024-10-31 00:00:00-04:00,52.677908622401915,53.11465645705507,52.06249035845574,52.102195739746094,1016800,0.0,0.0
2024-11-01 00:00:00-04:00,52.35035043300424,52.906210643489956,52.12204637625338,52.33049774169922,695600,0.0,0.0
2024-11-04 00:00:00-05:00,52.32056651711692,52.806947960050266,51.9334485250442,52.201454162597656,671100,0.0,0.0
2024-11-05 00:00:00-05:00,51.94338020551532,52.658058166503906,51.824264056589115,52.658058166503906,582300,0.0,0.0
2024-11-06 00:00:00-05:00,53.67051991306125,53.67051991306125,51.9036721144913,52.449607849121094,1642800,0.0,0.0
2024-11-07 00:00:00-05:00,52.5290174661116,52.77717042946968,51.87389379430682,52.36027526855469,1178900,0.0,0.0
2024-11-08 00:00:00-05:00,52.53894346222135,53.16428996341169,52.27093781885406,53.154361724853516,990600,0.0,0.0
2024-11-11 00:00:00-05:00,52.985618975830626,53.660595303154345,52.86650283346984,53.01539611816406,994200,0.0,0.0
2024-11-12 00:00:00-05:00,52.826802794729645,53.10473289539501,52.36027402302966,52.45953369140625,1013400,0.0,0.0
2024-11-13 00:00:00-05:00,52.83672604036547,53.5117023721505,52.598501327096365,53.23377227783203,666600,0.0,0.0
2024-11-14 00:00:00-05:00,53.23377320814649,53.37273825773428,51.91359766403526,52.05256271362305,691500,0.0,0.0
2024-11-15 00:00:00-05:00,52.0922680953663,52.18160331103183,51.61581487398805,52.05256271362305,609100,0.0,0.0
2024-11-18 00:00:00-05:00,51.665443676289755,52.32056731591799,51.45699610607021,52.26101303100586,621900,0.0,0.0
2024-11-19 00:00:00-05:00,52.02278642757247,52.79702245175235,51.814338849756915,52.59850311279297,773400,0.0,0.0
2024-11-20 00:00:00-05:00,52.241161902157934,52.59850276836676,51.97315625250132,52.380126953125,1057600,0.0,0.0
2024-11-21 00:00:00-05:00,52.34042178244424,52.76724517586098,52.161751348618,52.300716400146484,592100,0.0,0.0
2024-11-22 00:00:00-05:00,52.499239414909766,53.39259158216557,52.499239414909766,53.35288619995117,806300,0.0,0.0
2024-11-25 00:00:00-05:00,53.63081430292092,54.841801909715706,53.63081430292092,54.06756591796875,875100,0.0,0.0
2024-11-26 00:00:00-05:00,54.107268268012376,54.107268268012376,53.253625289386264,53.452144622802734,593200,0.0,0.0
2024-11-27 00:00:00-05:00,53.849192635715895,54.35542301101789,53.263551495221755,53.680450439453125,1261700,0.0,0.0
2024-11-29 00:00:00-05:00,53.6903742701281,53.90875008536409,53.03525061093381,53.05510330200195,708300,0.0,0.0
2024-12-02 00:00:00-05:00,52.866503552069844,53.094807601441204,52.2014554541598,52.58857345581055,788500,0.0,0.0
2024-12-03 00:00:00-05:00,52.48931343932894,52.588573105470694,52.16174972533676,52.37019729614258,701600,0.0,0.0
2024-12-04 00:00:00-05:00,52.310644920117106,52.60842771592337,51.80441075938414,52.032711029052734,599200,0.0,0.0
2024-12-05 00:00:00-05:00,51.74485518965752,51.933450072140715,51.44707240123167,51.645591735839844,1267700,0.0,0.0
2024-12-06 00:00:00-05:00,51.8639664823069,51.92352455337403,50.7423140895471,51.1790657043457,574400,0.0,0.0
2024-12-09 00:00:00-05:00,51.099658133818956,52.687839382827455,51.099658133818956,52.390052795410156,954700,0.0,0.0
2024-12-10 00:00:00-05:00,52.30071612247043,52.6779096792692,51.66544515513377,51.89374542236328,1061400,0.0,0.0
2024-12-11 00:00:00-05:00,51.92352460879635,52.27093722410832,51.595960897347766,51.665443420410156,688500,0.0,0.0
2024-12-12 00:00:00-05:00,51.61581677503287,52.17168078037049,51.56618693928271,51.7150764465332,526100,0.0,0.0
2024-12-13 00:00:00-05:00,51.44707356844302,52.51909238840033,51.44707356844302,52.40990447998047,770700,0.0,0.0
2024-12-16 00:00:00-05:00,52.38012786017735,52.74739318502352,51.96322891354318,52.06249237060547,1001000,0.0,0.0
2024-12-17 00:00:00-05:00,51.903673940862404,52.409904312401494,51.486774999729924,51.62574005126953,863400,0.0,0.0
2024-12-18 00:00:00-05:00,51.5860397210751,52.00293488592187,49.63059313968703,49.69015121459961,1045000,0.0,0.0
2024-12-19 00:00:00-05:00,49.65044231785514,50.20630628482937,49.124359279486654,49.233543395996094,2008600,0.0,0.0
2024-12-20 00:00:00-05:00,49.47177397968938,50.65298069952184,49.45192128861905,50.35519790649414,2773700,0.0,0.0
2024-12-23 00:00:00-05:00,50.00778634985428,50.434609750721805,49.84896860440453,50.146751403808594,787400,0.0,0.0
2024-12-24 00:00:00-05:00,49.978005516988034,50.474311445802265,49.86882139332044,50.44453430175781,325400,0.0,0.0
2024-12-26 00:00:00-05:00,50.26586041630835,50.861429761938595,50.19637789396184,50.662906646728516,603400,0.0,0.0
2024-12-27 00:00:00-05:00,50.21623195146528,50.78202038398604,49.8688193302731,49.99785614013672,873800,0.0,0.0
2024-12-30 00:00:00-05:00,49.76955718636224,49.938303168605735,49.243474121423795,49.71000289916992,2077400,0.0,0.0
2024-12-31 00:00:00-05:00,50.150001525878906,50.369998931884766,49.66999816894531,50.130001068115234,979700,0.37,0.0
2025-01-02 00:00:00-05:00,50.099998474121094,50.290000915527344,49.43000030517578,49.47999954223633,729000,0.0,0.0
2025-01-03 00:00:00-05:00,49.45000076293945,50.27000045776367,49.29999923706055,50.220001220703125,598500,0.0,0.0
2025-01-06 00:00:00-05:00,50.16999816894531,50.790000915527344,49.81999969482422,49.81999969482422,775700,0.0,0.0
2025-01-07 00:00:00-05:00,50.220001220703125,50.349998474121094,49.27000045776367,49.52000045776367,524600,0.0,0.0
2025-01-08 00:00:00-05:00,49.619998931884766,49.83000183105469,48.900001525878906,49.36000061035156,601500,0.0,0.0
2025-01-10 00:00:00-05:00,48.43000030517578,48.81999969482422,48.380001068115234,48.459999084472656,522100,0.0,0.0
2025-01-13 00:00:00-05:00,48.380001068115234,49.20000076293945,48.29999923706055,49.15999984741211,628400,0.0,0.0
2025-01-14 00:00:00-05:00,49.310001373291016,50.33000183105469,49.310001373291016,49.95000076293945,647400,0.0,0.0
2025-01-15 00:00:00-05:00,51.209999084472656,51.209999084472656,50.060001373291016,50.11000061035156,781400,0.0,0.0
2025-01-16 00:00:00-05:00,50.2400016784668,51.47999954223633,50.15999984741211,51.40999984741211,973800,0.0,0.0
2025-01-17 00:00:00-05:00,51.5099983215332,51.720001220703125,50.65999984741211,50.779998779296875,732200,0.0,0.0
2025-01-21 00:00:00-05:00,51.150001525878906,53.290000915527344,51.150001525878906,53.20000076293945,907300,0.0,0.0
2025-01-22 00:00:00-05:00,53.029998779296875,53.130001068115234,52.34000015258789,52.369998931884766,1039200,0.0,0.0
2025-01-23 00:00:00-05:00,52.439998626708984,53.22999954223633,52.15999984741211,53.029998779296875,1413000,0.0,0.0
2025-01-24 00:00:00-05:00,52.75,53.66999816894531,52.63999938964844,53.369998931884766,1168800,0.0,0.0
2025-01-27 00:00:00-05:00,53.79999923706055,54.470001220703125,53.459999084472656,53.75,1161100,0.0,0.0
2025-01-28 00:00:00-05:00,53.459999084472656,53.93000030517578,53.310001373291016,53.52000045776367,973000,0.0,0.0
2025-01-29 00:00:00-05:00,53.599998474121094,53.599998474121094,52.47999954223633,52.81999969482422,475200,0.0,0.0
2025-01-30 00:00:00-05:00,53.369998931884766,53.849998474121094,53.099998474121094,53.54999923706055,705479,0.0,0.0
