Date,Open,High,Low,Close,Volume,Dividends,Stock Splits
2023-07-21 00:00:00-04:00,11.399999618530273,12.5,11.0,11.0,1149200,0.0,0.0
2023-07-24 00:00:00-04:00,10.890000343322754,10.979999542236328,10.109999656677246,10.75,205800,0.0,0.0
2023-07-25 00:00:00-04:00,11.399999618530273,11.489999771118164,10.770000457763672,11.399999618530273,88400,0.0,0.0
2023-07-26 00:00:00-04:00,11.140000343322754,11.489999771118164,10.82699966430664,11.399999618530273,29300,0.0,0.0
2023-07-27 00:00:00-04:00,11.479999542236328,11.479999542236328,11.0600004196167,11.470000267028809,10200,0.0,0.0
2023-07-28 00:00:00-04:00,11.859999656677246,11.949999809265137,11.190999984741211,11.899999618530273,47500,0.0,0.0
2023-07-31 00:00:00-04:00,12.020000457763672,13.199999809265137,11.871999740600586,12.949999809265137,141200,0.0,0.0
2023-08-01 00:00:00-04:00,13.130000114440918,13.130000114440918,12.399999618530273,12.8100004196167,45800,0.0,0.0
2023-08-02 00:00:00-04:00,12.600000381469727,12.600000381469727,11.510000228881836,12.210000038146973,17100,0.0,0.0
2023-08-03 00:00:00-04:00,12.010000228881836,12.25,10.5600004196167,12.170000076293945,51700,0.0,0.0
2023-08-04 00:00:00-04:00,12.3100004196167,12.66100025177002,11.380000114440918,11.479999542236328,58100,0.0,0.0
2023-08-07 00:00:00-04:00,11.75,12.300000190734863,11.300000190734863,11.800000190734863,100400,0.0,0.0
2023-08-08 00:00:00-04:00,11.479999542236328,11.960000038146973,11.260000228881836,11.270000457763672,32900,0.0,0.0
2023-08-09 00:00:00-04:00,11.270000457763672,12.479999542236328,11.199999809265137,12.050000190734863,100900,0.0,0.0
2023-08-10 00:00:00-04:00,12.029999732971191,12.609999656677246,11.350000381469727,11.930000305175781,26800,0.0,0.0
2023-08-11 00:00:00-04:00,12.140000343322754,12.805000305175781,11.4350004196167,12.0,94200,0.0,0.0
2023-08-14 00:00:00-04:00,11.760000228881836,12.649999618530273,11.442999839782715,11.729999542236328,32900,0.0,0.0
2023-08-15 00:00:00-04:00,12.069999694824219,12.22700023651123,11.220000267028809,11.609999656677246,38400,0.0,0.0
2023-08-16 00:00:00-04:00,11.359999656677246,11.463000297546387,9.420000076293945,9.65999984741211,58000,0.0,0.0
2023-08-17 00:00:00-04:00,9.319999694824219,9.539999961853027,8.0,8.3100004196167,49000,0.0,0.0
2023-08-18 00:00:00-04:00,8.270000457763672,8.859999656677246,8.100000381469727,8.859999656677246,31200,0.0,0.0
2023-08-21 00:00:00-04:00,8.550000190734863,9.670000076293945,8.375,8.8100004196167,90300,0.0,0.0
2023-08-22 00:00:00-04:00,8.970000267028809,9.604999542236328,8.678000450134277,9.029999732971191,80900,0.0,0.0
2023-08-23 00:00:00-04:00,9.079999923706055,9.6899995803833,8.729999542236328,9.180000305175781,34000,0.0,0.0
2023-08-24 00:00:00-04:00,9.479999542236328,10.300000190734863,9.0,10.260000228881836,42200,0.0,0.0
2023-08-25 00:00:00-04:00,10.170000076293945,11.390000343322754,10.170000076293945,10.90999984741211,62500,0.0,0.0
2023-08-28 00:00:00-04:00,10.819999694824219,11.5,10.699999809265137,10.880000114440918,33400,0.0,0.0
2023-08-29 00:00:00-04:00,10.779999732971191,11.1899995803833,10.569999694824219,10.869999885559082,39200,0.0,0.0
2023-08-30 00:00:00-04:00,10.800000190734863,12.050000190734863,10.46500015258789,11.300000190734863,110400,0.0,0.0
2023-08-31 00:00:00-04:00,11.380000114440918,11.600000381469727,10.34000015258789,10.789999961853027,65800,0.0,0.0
2023-09-01 00:00:00-04:00,10.90999984741211,12.15999984741211,10.100000381469727,11.920000076293945,71700,0.0,0.0
2023-09-05 00:00:00-04:00,11.779999732971191,11.869999885559082,10.100000381469727,10.510000228881836,129300,0.0,0.0
2023-09-06 00:00:00-04:00,10.649999618530273,10.829999923706055,9.220000267028809,9.220000267028809,63700,0.0,0.0
2023-09-07 00:00:00-04:00,9.890000343322754,10.050000190734863,9.194999694824219,9.239999771118164,51100,0.0,0.0
2023-09-08 00:00:00-04:00,9.029999732971191,9.574999809265137,9.029999732971191,9.149999618530273,13100,0.0,0.0
2023-09-11 00:00:00-04:00,9.229999542236328,9.350000381469727,7.800000190734863,7.820000171661377,61900,0.0,0.0
2023-09-12 00:00:00-04:00,7.53000020980835,7.699999809265137,5.260000228881836,5.369999885559082,66300,0.0,0.0
2023-09-13 00:00:00-04:00,5.380000114440918,6.005000114440918,4.670000076293945,4.900000095367432,230200,0.0,0.0
2023-09-14 00:00:00-04:00,4.949999809265137,5.230000019073486,4.199999809265137,4.199999809265137,129500,0.0,0.0
2023-09-15 00:00:00-04:00,4.400000095367432,4.829999923706055,4.150000095367432,4.340000152587891,695000,0.0,0.0
2023-09-18 00:00:00-04:00,4.210000038146973,4.789999961853027,4.210000038146973,4.300000190734863,99000,0.0,0.0
2023-09-19 00:00:00-04:00,4.400000095367432,4.465000152587891,4.25,4.309999942779541,66000,0.0,0.0
2023-09-20 00:00:00-04:00,4.210000038146973,4.46999979019165,3.940000057220459,4.130000114440918,69500,0.0,0.0
2023-09-21 00:00:00-04:00,3.9600000381469727,4.28000020980835,3.690000057220459,3.740000009536743,35900,0.0,0.0
2023-09-22 00:00:00-04:00,3.859999895095825,3.9600000381469727,3.569999933242798,3.5799999237060547,15600,0.0,0.0
2023-09-25 00:00:00-04:00,3.5299999713897705,3.6649999618530273,3.4800000190734863,3.5299999713897705,45800,0.0,0.0
2023-09-26 00:00:00-04:00,3.549999952316284,3.690000057220459,3.5,3.559999942779541,24600,0.0,0.0
2023-09-27 00:00:00-04:00,3.5199999809265137,3.688999891281128,3.369999885559082,3.380000114440918,21900,0.0,0.0
2023-09-28 00:00:00-04:00,3.4100000858306885,3.890000104904175,3.319999933242798,3.7300000190734863,41200,0.0,0.0
2023-09-29 00:00:00-04:00,3.9149999618530273,4.5,3.6549999713897705,3.940000057220459,29300,0.0,0.0
2023-10-02 00:00:00-04:00,3.930000066757202,3.930000066757202,3.1700000762939453,3.3350000381469727,919300,0.0,0.0
2023-10-03 00:00:00-04:00,3.319999933242798,3.319999933242798,2.265000104904175,2.309999942779541,68500,0.0,0.0
2023-10-04 00:00:00-04:00,2.380000114440918,2.390000104904175,1.8700000047683716,1.9800000190734863,59300,0.0,0.0
2023-10-05 00:00:00-04:00,1.9800000190734863,2.0,1.8300000429153442,1.8799999952316284,28200,0.0,0.0
2023-10-06 00:00:00-04:00,1.8799999952316284,2.359999895095825,1.8700000047683716,2.3399999141693115,63600,0.0,0.0
2023-10-09 00:00:00-04:00,2.4700000286102295,3.6500000953674316,2.450000047683716,3.5799999237060547,310900,0.0,0.0
2023-10-10 00:00:00-04:00,3.3499999046325684,3.890000104904175,3.2119998931884766,3.4600000381469727,125800,0.0,0.0
2023-10-11 00:00:00-04:00,3.319999933242798,3.5799999237060547,3.109999895095825,3.5299999713897705,61600,0.0,0.0
2023-10-12 00:00:00-04:00,3.5399999618530273,3.5399999618530273,3.180000066757202,3.2300000190734863,54000,0.0,0.0
2023-10-13 00:00:00-04:00,3.2850000858306885,3.2850000858306885,3.049999952316284,3.049999952316284,56200,0.0,0.0
2023-10-16 00:00:00-04:00,3.009999990463257,3.0439999103546143,2.569999933242798,2.609999895095825,47800,0.0,0.0
2023-10-17 00:00:00-04:00,2.5799999237060547,2.6500000953674316,2.434999942779541,2.440000057220459,26800,0.0,0.0
2023-10-18 00:00:00-04:00,2.4000000953674316,2.609999895095825,2.130000114440918,2.2300000190734863,31000,0.0,0.0
2023-10-19 00:00:00-04:00,2.180000066757202,2.4749999046325684,2.180000066757202,2.4749999046325684,44900,0.0,0.0
2023-10-20 00:00:00-04:00,2.4700000286102295,2.6559998989105225,2.440000057220459,2.549999952316284,38100,0.0,0.0
2023-10-23 00:00:00-04:00,2.549999952316284,2.7200000286102295,2.549999952316284,2.7200000286102295,28200,0.0,0.0
2023-10-24 00:00:00-04:00,2.609999895095825,2.7899999618530273,2.440000057220459,2.5899999141693115,48500,0.0,0.0
2023-10-25 00:00:00-04:00,2.490000009536743,2.6500000953674316,2.299999952316284,2.384999990463257,34000,0.0,0.0
2023-10-26 00:00:00-04:00,2.25,2.322000026702881,2.1500000953674316,2.1700000762939453,21600,0.0,0.0
2023-10-27 00:00:00-04:00,2.1600000858306885,2.5799999237060547,1.8799999952316284,1.9900000095367432,26200,0.0,0.0
2023-10-30 00:00:00-04:00,2.140000104904175,2.549999952316284,2.125,2.4700000286102295,57300,0.0,0.0
2023-10-31 00:00:00-04:00,2.5399999618530273,3.690000057220459,2.5350000858306885,3.559999942779541,58600,0.0,0.0
2023-11-01 00:00:00-04:00,3.299999952316284,3.6600000858306885,3.299999952316284,3.549999952316284,51900,0.0,0.0
2023-11-02 00:00:00-04:00,3.559999942779541,3.619999885559082,3.2100000381469727,3.2899999618530273,29000,0.0,0.0
2023-11-03 00:00:00-04:00,2.9700000286102295,3.5,2.8499999046325684,3.2200000286102295,311000,0.0,0.0
2023-11-06 00:00:00-05:00,3.200000047683716,3.319000005722046,3.0899999141693115,3.109999895095825,78400,0.0,0.0
2023-11-07 00:00:00-05:00,3.2699999809265137,3.2699999809265137,2.700000047683716,2.7049999237060547,43800,0.0,0.0
2023-11-08 00:00:00-05:00,2.7100000381469727,2.7100000381469727,2.2100000381469727,2.2200000286102295,42500,0.0,0.0
2023-11-09 00:00:00-05:00,2.140000104904175,2.190000057220459,1.9550000429153442,1.9550000429153442,41600,0.0,0.0
2023-11-10 00:00:00-05:00,1.9500000476837158,2.0510001182556152,1.7899999618530273,1.8600000143051147,40300,0.0,0.0
2023-11-13 00:00:00-05:00,1.809999942779541,1.840000033378601,1.625,1.7999999523162842,67200,0.0,0.0
2023-11-14 00:00:00-05:00,1.8300000429153442,3.3489999771118164,1.7999999523162842,2.990000009536743,900200,0.0,0.0
2023-11-15 00:00:00-05:00,2.9200000762939453,3.2290000915527344,2.9200000762939453,3.069999933242798,72000,0.0,0.0
2023-11-16 00:00:00-05:00,3.0999999046325684,3.2300000190734863,3.0199999809265137,3.180000066757202,37900,0.0,0.0
2023-11-17 00:00:00-05:00,3.180000066757202,3.5999999046325684,3.180000066757202,3.359999895095825,40200,0.0,0.0
2023-11-20 00:00:00-05:00,3.4200000762939453,3.819999933242798,3.0199999809265137,3.0199999809265137,64000,0.0,0.0
2023-11-21 00:00:00-05:00,2.9000000953674316,2.9000000953674316,2.369999885559082,2.450000047683716,92600,0.0,0.0
2023-11-22 00:00:00-05:00,2.484999895095825,2.5199999809265137,2.4600000381469727,2.490000009536743,9900,0.0,0.0
2023-11-24 00:00:00-05:00,2.569999933242798,2.5799999237060547,2.490000009536743,2.569999933242798,8300,0.0,0.0
2023-11-27 00:00:00-05:00,2.6500000953674316,2.700000047683716,2.443000078201294,2.5899999141693115,22200,0.0,0.0
2023-11-28 00:00:00-05:00,2.440000057220459,2.619999885559082,2.430000066757202,2.5199999809265137,26700,0.0,0.0
2023-11-29 00:00:00-05:00,2.490000009536743,2.5899999141693115,2.2799999713897705,2.4000000953674316,30400,0.0,0.0
2023-11-30 00:00:00-05:00,2.3299999237060547,2.380000114440918,2.130000114440918,2.180000066757202,82800,0.0,0.0
2023-12-01 00:00:00-05:00,2.1449999809265137,2.1700000762939453,2.0399999618530273,2.109999895095825,37400,0.0,0.0
2023-12-04 00:00:00-05:00,2.130000114440918,2.990000009536743,2.0399999618530273,2.990000009536743,153000,0.0,0.0
2023-12-05 00:00:00-05:00,3.0,3.0,2.609999895095825,2.7100000381469727,132300,0.0,0.0
2023-12-06 00:00:00-05:00,2.819999933242798,2.9549999237060547,2.25,2.299999952316284,23900,0.0,0.0
2023-12-07 00:00:00-05:00,2.2899999618530273,2.319999933242798,2.1700000762939453,2.2899999618530273,28400,0.0,0.0
2023-12-08 00:00:00-05:00,2.3299999237060547,2.494999885559082,2.1050000190734863,2.130000114440918,23600,0.0,0.0
2023-12-11 00:00:00-05:00,2.1700000762939453,2.305000066757202,2.009999990463257,2.059999942779541,32000,0.0,0.0
2023-12-12 00:00:00-05:00,2.0399999618530273,2.2130000591278076,2.0199999809265137,2.0899999141693115,28900,0.0,0.0
2023-12-13 00:00:00-05:00,2.0999999046325684,2.380000114440918,2.0999999046325684,2.180000066757202,43000,0.0,0.0
2023-12-14 00:00:00-05:00,2.240000009536743,2.490000009536743,2.0799999237060547,2.200000047683716,33600,0.0,0.0
2023-12-15 00:00:00-05:00,2.240000009536743,2.4000000953674316,2.119999885559082,2.2300000190734863,50100,0.0,0.0
2023-12-18 00:00:00-05:00,2.1500000953674316,2.2699999809265137,2.1500000953674316,2.2200000286102295,22900,0.0,0.0
2023-12-19 00:00:00-05:00,2.3399999141693115,2.4100000858306885,2.1700000762939453,2.3399999141693115,32400,0.0,0.0
2023-12-20 00:00:00-05:00,2.359999895095825,2.7780001163482666,2.2809998989105225,2.4200000762939453,49100,0.0,0.0
2023-12-21 00:00:00-05:00,2.1510000228881836,2.569999933242798,2.1510000228881836,2.4800000190734863,49700,0.0,0.0
2023-12-22 00:00:00-05:00,2.384999990463257,3.069999933242798,2.3399999141693115,2.990000009536743,242200,0.0,0.0
2023-12-26 00:00:00-05:00,3.0899999141693115,3.0899999141693115,2.799999952316284,2.9700000286102295,24400,0.0,0.0
2023-12-27 00:00:00-05:00,3.0899999141693115,3.2780001163482666,2.809999942779541,2.930000066757202,65600,0.0,0.0
2023-12-28 00:00:00-05:00,2.9000000953674316,3.069999933242798,2.615000009536743,2.799999952316284,31700,0.0,0.0
2023-12-29 00:00:00-05:00,2.884999990463257,2.9590001106262207,2.509999990463257,2.5450000762939453,33900,0.0,0.0
2024-01-02 00:00:00-05:00,2.4800000190734863,2.8299999237060547,2.4800000190734863,2.5899999141693115,134400,0.0,0.0
2024-01-03 00:00:00-05:00,2.509999990463257,2.630000114440918,2.3499999046325684,2.549999952316284,67200,0.0,0.0
2024-01-04 00:00:00-05:00,2.555000066757202,2.6500000953674316,2.4700000286102295,2.630000114440918,47300,0.0,0.0
2024-01-05 00:00:00-05:00,2.6600000858306885,2.6600000858306885,2.2200000286102295,2.369999885559082,81000,0.0,0.0
2024-01-08 00:00:00-05:00,2.3499999046325684,2.5,2.200000047683716,2.490000009536743,42700,0.0,0.0
2024-01-09 00:00:00-05:00,2.4189999103546143,2.549999952316284,2.2300000190734863,2.299999952316284,173300,0.0,0.0
2024-01-10 00:00:00-05:00,2.3350000381469727,2.380000114440918,2.1600000858306885,2.2699999809265137,61500,0.0,0.0
2024-01-11 00:00:00-05:00,2.2100000381469727,2.2799999713897705,2.109999895095825,2.119999885559082,99500,0.0,0.0
2024-01-12 00:00:00-05:00,2.1500000953674316,2.240000009536743,2.009999990463257,2.069999933242798,33500,0.0,0.0
2024-01-16 00:00:00-05:00,2.1500000953674316,2.1500000953674316,1.909999966621399,2.009999990463257,110100,0.0,0.0
2024-01-17 00:00:00-05:00,1.9600000381469727,2.1500000953674316,1.9199999570846558,1.9700000286102295,39800,0.0,0.0
2024-01-18 00:00:00-05:00,1.9900000095367432,2.0999999046325684,1.909999966621399,1.9199999570846558,57900,0.0,0.0
2024-01-19 00:00:00-05:00,1.9900000095367432,1.9900000095367432,1.7999999523162842,1.9199999570846558,57400,0.0,0.0
2024-01-22 00:00:00-05:00,1.9800000190734863,2.4000000953674316,1.972000002861023,2.25,420000,0.0,0.0
2024-01-23 00:00:00-05:00,2.4700000286102295,3.369999885559082,2.1600000858306885,2.9100000858306885,1656300,0.0,0.0
2024-01-24 00:00:00-05:00,3.0,3.0199999809265137,2.5,2.640000104904175,312800,0.0,0.0
2024-01-25 00:00:00-05:00,2.809999942779541,2.930000066757202,2.4100000858306885,2.890000104904175,75700,0.0,0.0
2024-01-26 00:00:00-05:00,2.9200000762939453,2.9200000762939453,2.630000114440918,2.75,72700,0.0,0.0
2024-01-29 00:00:00-05:00,2.75,2.75,2.5399999618530273,2.549999952316284,67700,0.0,0.0
2024-01-30 00:00:00-05:00,2.619999885559082,2.990000009536743,2.572000026702881,2.9100000858306885,202800,0.0,0.0
2024-01-31 00:00:00-05:00,2.819999933242798,2.880000114440918,2.5899999141693115,2.630000114440918,65900,0.0,0.0
2024-02-01 00:00:00-05:00,2.630000114440918,2.8499999046325684,2.5999999046325684,2.7799999713897705,38300,0.0,0.0
2024-02-02 00:00:00-05:00,2.7699999809265137,2.7699999809265137,2.1600000858306885,2.424999952316284,143100,0.0,0.0
2024-02-05 00:00:00-05:00,2.3949999809265137,2.3949999809265137,2.0799999237060547,2.2799999713897705,156000,0.0,0.0
2024-02-06 00:00:00-05:00,2.2100000381469727,2.5899999141693115,2.2100000381469727,2.390000104904175,120900,0.0,0.0
2024-02-07 00:00:00-05:00,2.390000104904175,2.4800000190734863,2.200000047683716,2.259999990463257,43000,0.0,0.0
2024-02-08 00:00:00-05:00,2.2100000381469727,2.3299999237060547,2.2060000896453857,2.2100000381469727,21900,0.0,0.0
2024-02-09 00:00:00-05:00,2.1700000762939453,2.369999885559082,2.1500000953674316,2.1600000858306885,40900,0.0,0.0
2024-02-12 00:00:00-05:00,2.4800000190734863,2.4800000190734863,2.1500000953674316,2.3399999141693115,55200,0.0,0.0
2024-02-13 00:00:00-05:00,2.3519999980926514,2.3519999980926514,2.069999933242798,2.140000104904175,110700,0.0,0.0
2024-02-14 00:00:00-05:00,2.200000047683716,2.3299999237060547,2.0999999046325684,2.2699999809265137,86600,0.0,0.0
2024-02-15 00:00:00-05:00,2.174999952316284,2.3459999561309814,2.0,2.0999999046325684,132300,0.0,0.0
2024-02-16 00:00:00-05:00,2.1700000762939453,2.569999933242798,2.075000047683716,2.569999933242798,252500,0.0,0.0
2024-02-20 00:00:00-05:00,2.5199999809265137,2.6500000953674316,2.184999942779541,2.2699999809265137,169000,0.0,0.0
2024-02-21 00:00:00-05:00,2.2850000858306885,2.5199999809265137,2.2309999465942383,2.440000057220459,66200,0.0,0.0
2024-02-22 00:00:00-05:00,2.430000066757202,3.0899999141693115,2.375999927520752,3.0899999141693115,415100,0.0,0.0
2024-02-23 00:00:00-05:00,3.0899999141693115,3.4800000190734863,3.009999990463257,3.450000047683716,396800,0.0,0.0
2024-02-26 00:00:00-05:00,3.490000009536743,4.139999866485596,3.4070000648498535,4.010000228881836,313100,0.0,0.0
2024-02-27 00:00:00-05:00,4.130000114440918,5.5,3.8420000076293945,5.480000019073486,390100,0.0,0.0
2024-02-28 00:00:00-05:00,5.730000019073486,5.75,4.309999942779541,4.550000190734863,221100,0.0,0.0
2024-02-29 00:00:00-05:00,4.550000190734863,4.909999847412109,4.550000190734863,4.559999942779541,64400,0.0,0.0
2024-03-01 00:00:00-05:00,4.690000057220459,4.96999979019165,4.519999980926514,4.619999885559082,51000,0.0,0.0
2024-03-04 00:00:00-05:00,4.599999904632568,4.804999828338623,4.139999866485596,4.199999809265137,70200,0.0,0.0
2024-03-05 00:00:00-05:00,4.099999904632568,4.099999904632568,3.9200000762939453,3.9700000286102295,56500,0.0,0.0
2024-03-06 00:00:00-05:00,3.990000009536743,4.400000095367432,3.880000114440918,4.21999979019165,68500,0.0,0.0
2024-03-07 00:00:00-05:00,4.269999980926514,4.539999961853027,3.9200000762939453,4.010000228881836,99000,0.0,0.0
2024-03-08 00:00:00-05:00,4.0,4.0,3.049999952316284,3.1600000858306885,242200,0.0,0.0
2024-03-11 00:00:00-04:00,3.0799999237060547,3.4049999713897705,2.880000114440918,3.3299999237060547,231000,0.0,0.0
2024-03-12 00:00:00-04:00,3.3299999237060547,3.3299999237060547,2.890000104904175,2.9000000953674316,76100,0.0,0.0
2024-03-13 00:00:00-04:00,3.0940001010894775,3.250999927520752,2.859999895095825,2.890000104904175,104900,0.0,0.0
2024-03-14 00:00:00-04:00,2.819999933242798,3.140000104904175,2.7699999809265137,3.0199999809265137,136700,0.0,0.0
2024-03-15 00:00:00-04:00,2.930000066757202,3.8299999237060547,2.859999895095825,3.319999933242798,862000,0.0,0.0
2024-03-18 00:00:00-04:00,3.3299999237060547,3.5299999713897705,2.7300000190734863,2.809999942779541,142500,0.0,0.0
2024-03-19 00:00:00-04:00,2.759999990463257,3.2300000190734863,2.759999990463257,3.130000114440918,75600,0.0,0.0
2024-03-20 00:00:00-04:00,3.2200000286102295,3.2200000286102295,2.950000047683716,3.0799999237060547,61100,0.0,0.0
2024-03-21 00:00:00-04:00,3.140000104904175,3.4700000286102295,3.005000114440918,3.3399999141693115,95400,0.0,0.0
2024-03-22 00:00:00-04:00,3.3499999046325684,3.7300000190734863,2.940000057220459,2.990000009536743,151300,0.0,0.0
2024-03-25 00:00:00-04:00,3.059999942779541,3.1700000762939453,2.890000104904175,2.940000057220459,138400,0.0,0.0
2024-03-26 00:00:00-04:00,2.9800000190734863,2.990000009536743,2.6600000858306885,2.680000066757202,129800,0.0,0.0
2024-03-27 00:00:00-04:00,2.7200000286102295,2.940000057220459,2.7100000381469727,2.8299999237060547,185900,0.0,0.0
2024-03-28 00:00:00-04:00,2.809999942779541,2.9700000286102295,2.549999952316284,2.619999885559082,257900,0.0,0.0
2024-04-01 00:00:00-04:00,2.75,2.930000066757202,2.6500000953674316,2.8499999046325684,213400,0.0,0.0
2024-04-02 00:00:00-04:00,2.890000104904175,3.0199999809265137,2.759999990463257,2.9100000858306885,117900,0.0,0.0
2024-04-03 00:00:00-04:00,2.940000057220459,3.130000114440918,2.7950000762939453,2.930000066757202,194500,0.0,0.0
2024-04-04 00:00:00-04:00,3.059999942779541,3.4700000286102295,2.950000047683716,3.319999933242798,306700,0.0,0.0
2024-04-05 00:00:00-04:00,3.2300000190734863,3.490000009536743,2.930000066757202,3.2100000381469727,304900,0.0,0.0
2024-04-08 00:00:00-04:00,3.299999952316284,3.4000000953674316,2.930000066757202,3.0799999237060547,270400,0.0,0.0
2024-04-09 00:00:00-04:00,3.140000104904175,3.6500000953674316,3.0,3.5199999809265137,273700,0.0,0.0
2024-04-10 00:00:00-04:00,3.4100000858306885,3.878000020980835,3.2300000190734863,3.6600000858306885,380400,0.0,0.0
2024-04-11 00:00:00-04:00,3.7100000381469727,3.7100000381469727,3.0199999809265137,3.380000114440918,345800,0.0,0.0
2024-04-12 00:00:00-04:00,3.200000047683716,3.299999952316284,3.049999952316284,3.190000057220459,107000,0.0,0.0
2024-04-15 00:00:00-04:00,3.1600000858306885,3.1600000858306885,2.799999952316284,2.809999942779541,226900,0.0,0.0
2024-04-16 00:00:00-04:00,2.880000114440918,3.0,2.75,2.799999952316284,125900,0.0,0.0
2024-04-17 00:00:00-04:00,2.9000000953674316,2.9100000858306885,2.6500000953674316,2.690000057220459,121100,0.0,0.0
2024-04-18 00:00:00-04:00,2.7799999713897705,2.7799999713897705,2.630000114440918,2.7100000381469727,107700,0.0,0.0
2024-04-19 00:00:00-04:00,2.680000066757202,2.8610000610351562,2.559999942779541,2.619999885559082,102600,0.0,0.0
2024-04-22 00:00:00-04:00,2.609999895095825,2.930000066757202,2.559999942779541,2.9200000762939453,228600,0.0,0.0
2024-04-23 00:00:00-04:00,2.9200000762939453,3.114000082015991,2.865999937057495,3.059999942779541,82100,0.0,0.0
2024-04-24 00:00:00-04:00,3.069999933242798,3.190000057220459,2.930999994277954,3.069999933242798,65700,0.0,0.0
2024-04-25 00:00:00-04:00,3.069999933242798,3.119999885559082,2.9000000953674316,2.9000000953674316,76900,0.0,0.0
2024-04-26 00:00:00-04:00,2.880000114440918,3.0399999618530273,2.740000009536743,2.759999990463257,130200,0.0,0.0
2024-04-29 00:00:00-04:00,2.809999942779541,2.997999906539917,2.6500000953674316,2.6600000858306885,307300,0.0,0.0
2024-04-30 00:00:00-04:00,2.5999999046325684,2.7149999141693115,2.4600000381469727,2.5999999046325684,140200,0.0,0.0
2024-05-01 00:00:00-04:00,2.5999999046325684,2.690000057220459,2.509999990463257,2.5999999046325684,56900,0.0,0.0
2024-05-02 00:00:00-04:00,2.5999999046325684,2.6470000743865967,2.5199999809265137,2.609999895095825,62800,0.0,0.0
2024-05-03 00:00:00-04:00,2.7300000190734863,2.7699999809265137,2.549999952316284,2.7200000286102295,362700,0.0,0.0
2024-05-06 00:00:00-04:00,2.7899999618530273,3.0299999713897705,2.6500000953674316,3.0199999809265137,258800,0.0,0.0
2024-05-07 00:00:00-04:00,2.9800000190734863,3.25,2.950000047683716,3.200000047683716,121900,0.0,0.0
2024-05-08 00:00:00-04:00,3.190000057220459,3.390000104904175,3.0759999752044678,3.25,139000,0.0,0.0
2024-05-09 00:00:00-04:00,3.1410000324249268,3.259000062942505,2.8499999046325684,2.869999885559082,143100,0.0,0.0
2024-05-10 00:00:00-04:00,2.869999885559082,3.190000057220459,2.75,3.049999952316284,167300,0.0,0.0
2024-05-13 00:00:00-04:00,3.109999895095825,3.190000057220459,2.937000036239624,3.0299999713897705,101000,0.0,0.0
2024-05-14 00:00:00-04:00,2.9800000190734863,3.130000114440918,2.680000066757202,2.869999885559082,91100,0.0,0.0
2024-05-15 00:00:00-04:00,2.9200000762939453,2.950000047683716,2.690000057220459,2.759999990463257,79100,0.0,0.0
2024-05-16 00:00:00-04:00,2.7200000286102295,2.9000000953674316,2.5799999237060547,2.7300000190734863,135500,0.0,0.0
2024-05-17 00:00:00-04:00,2.7300000190734863,2.7899999618530273,2.609999895095825,2.6600000858306885,109600,0.0,0.0
2024-05-20 00:00:00-04:00,2.7899999618530273,2.890000104904175,2.619999885559082,2.869999885559082,169800,0.0,0.0
2024-05-21 00:00:00-04:00,2.859999895095825,2.986999988555908,2.7200000286102295,2.809999942779541,90700,0.0,0.0
2024-05-22 00:00:00-04:00,2.799999952316284,2.819999933242798,2.6500000953674316,2.7200000286102295,93200,0.0,0.0
2024-05-23 00:00:00-04:00,2.799999952316284,2.799999952316284,2.5199999809265137,2.5799999237060547,137400,0.0,0.0
2024-05-24 00:00:00-04:00,2.619999885559082,2.7799999713897705,2.549999952316284,2.5999999046325684,152200,0.0,0.0
2024-05-28 00:00:00-04:00,2.700000047683716,2.7799999713897705,2.640000104904175,2.7100000381469727,162000,0.0,0.0
2024-05-29 00:00:00-04:00,2.700000047683716,2.700000047683716,2.5399999618530273,2.630000114440918,150000,0.0,0.0
2024-05-30 00:00:00-04:00,2.690000057220459,2.700000047683716,2.619999885559082,2.630000114440918,84600,0.0,0.0
2024-05-31 00:00:00-04:00,2.5999999046325684,2.680000066757202,2.559999942779541,2.609999895095825,150900,0.0,0.0
2024-06-03 00:00:00-04:00,2.75,2.75,2.549999952316284,2.690000057220459,165900,0.0,0.0
2024-06-04 00:00:00-04:00,2.7799999713897705,2.859999895095825,2.559999942779541,2.809999942779541,193900,0.0,0.0
2024-06-05 00:00:00-04:00,2.7799999713897705,3.0,2.6700000762939453,2.880000114440918,216800,0.0,0.0
2024-06-06 00:00:00-04:00,2.890000104904175,2.9130001068115234,2.609999895095825,2.6600000858306885,121700,0.0,0.0
2024-06-07 00:00:00-04:00,2.6700000762939453,2.950000047683716,2.630000114440918,2.799999952316284,106600,0.0,0.0
2024-06-10 00:00:00-04:00,2.7200000286102295,2.799999952316284,2.630000114440918,2.7100000381469727,111400,0.0,0.0
2024-06-11 00:00:00-04:00,2.7200000286102295,2.890000104904175,2.6510000228881836,2.890000104904175,69000,0.0,0.0
2024-06-12 00:00:00-04:00,2.890000104904175,2.9800000190734863,2.819999933242798,2.8399999141693115,86800,0.0,0.0
2024-06-13 00:00:00-04:00,2.8499999046325684,2.880000114440918,2.759999990463257,2.799999952316284,70100,0.0,0.0
2024-06-14 00:00:00-04:00,2.809999942779541,2.809999942779541,2.680000066757202,2.700000047683716,48600,0.0,0.0
2024-06-17 00:00:00-04:00,2.690000057220459,2.7750000953674316,2.6500000953674316,2.700000047683716,50100,0.0,0.0
2024-06-18 00:00:00-04:00,2.690000057220459,2.759999990463257,2.680000066757202,2.7300000190734863,54500,0.0,0.0
2024-06-20 00:00:00-04:00,2.740000009536743,2.740000009536743,2.640000104904175,2.740000009536743,54400,0.0,0.0
2024-06-21 00:00:00-04:00,2.6600000858306885,2.819999933242798,2.6600000858306885,2.7899999618530273,103500,0.0,0.0
2024-06-24 00:00:00-04:00,2.809999942779541,3.049999952316284,2.740000009536743,2.759999990463257,249800,0.0,0.0
2024-06-25 00:00:00-04:00,2.740000009536743,2.890000104904175,2.7300000190734863,2.890000104904175,128300,0.0,0.0
2024-06-26 00:00:00-04:00,2.8299999237060547,3.0,2.7699999809265137,2.880000114440918,142500,0.0,0.0
2024-06-27 00:00:00-04:00,2.9000000953674316,3.0,2.819999933242798,2.990000009536743,119100,0.0,0.0
2024-06-28 00:00:00-04:00,3.0,3.0,2.619999885559082,2.619999885559082,1496200,0.0,0.0
2024-07-01 00:00:00-04:00,2.700000047683716,2.75,2.640000104904175,2.6500000953674316,71400,0.0,0.0
2024-07-02 00:00:00-04:00,2.694999933242798,2.694999933242798,2.309999942779541,2.309999942779541,288000,0.0,0.0
2024-07-03 00:00:00-04:00,2.4000000953674316,2.4100000858306885,2.25,2.25,59100,0.0,0.0
2024-07-05 00:00:00-04:00,2.240000009536743,2.515000104904175,2.190000057220459,2.240000009536743,77400,0.0,0.0
2024-07-08 00:00:00-04:00,2.369999885559082,2.380000114440918,2.2149999141693115,2.259999990463257,49000,0.0,0.0
2024-07-09 00:00:00-04:00,2.25,2.388000011444092,2.190000057220459,2.2899999618530273,99200,0.0,0.0
2024-07-10 00:00:00-04:00,2.369999885559082,2.4809999465942383,2.2300000190734863,2.4000000953674316,118200,0.0,0.0
2024-07-11 00:00:00-04:00,2.359999895095825,2.549999952316284,2.299999952316284,2.509999990463257,118300,0.0,0.0
2024-07-12 00:00:00-04:00,2.5399999618530273,2.5999999046325684,2.3299999237060547,2.450000047683716,39500,0.0,0.0
2024-07-15 00:00:00-04:00,2.5199999809265137,2.6500000953674316,2.430000066757202,2.5299999713897705,82200,0.0,0.0
2024-07-16 00:00:00-04:00,2.5,2.690000057220459,2.5,2.5899999141693115,79200,0.0,0.0
2024-07-17 00:00:00-04:00,2.5999999046325684,2.6500000953674316,2.509999990463257,2.509999990463257,39400,0.0,0.0
2024-07-18 00:00:00-04:00,2.509999990463257,2.5250000953674316,2.3499999046325684,2.369999885559082,50600,0.0,0.0
2024-07-19 00:00:00-04:00,2.4000000953674316,2.5,2.3399999141693115,2.369999885559082,20700,0.0,0.0
2024-07-22 00:00:00-04:00,2.359999895095825,2.6470000743865967,2.302999973297119,2.450000047683716,19800,0.0,0.0
2024-07-23 00:00:00-04:00,2.450000047683716,2.559999942779541,2.3499999046325684,2.4800000190734863,39500,0.0,0.0
2024-07-24 00:00:00-04:00,2.5999999046325684,2.5999999046325684,2.4210000038146973,2.509999990463257,40200,0.0,0.0
2024-07-25 00:00:00-04:00,2.494999885559082,2.5399999618530273,2.450000047683716,2.509999990463257,10400,0.0,0.0
2024-07-26 00:00:00-04:00,2.490000009536743,2.5899999141693115,2.4809999465942383,2.549999952316284,22000,0.0,0.0
2024-07-29 00:00:00-04:00,2.5899999141693115,2.5899999141693115,2.380000114440918,2.4800000190734863,18900,0.0,0.0
2024-07-30 00:00:00-04:00,2.515000104904175,2.559999942779541,2.369999885559082,2.380000114440918,11300,0.0,0.0
2024-07-31 00:00:00-04:00,2.4149999618530273,2.509999990463257,2.369999885559082,2.380000114440918,16500,0.0,0.0
2024-08-01 00:00:00-04:00,2.380000114440918,2.5,2.3299999237060547,2.440000057220459,41200,0.0,0.0
2024-08-02 00:00:00-04:00,2.4200000762939453,2.4700000286102295,2.3450000286102295,2.380000114440918,30700,0.0,0.0
2024-08-05 00:00:00-04:00,2.259999990463257,2.450000047683716,2.200000047683716,2.3499999046325684,42300,0.0,0.0
2024-08-06 00:00:00-04:00,2.430000066757202,2.430000066757202,2.259999990463257,2.365000009536743,19100,0.0,0.0
2024-08-07 00:00:00-04:00,2.369999885559082,2.369999885559082,2.1500000953674316,2.1649999618530273,45900,0.0,0.0
2024-08-08 00:00:00-04:00,2.2200000286102295,2.450000047683716,2.119999885559082,2.3499999046325684,77300,0.0,0.0
2024-08-09 00:00:00-04:00,2.4200000762939453,2.4200000762939453,2.2899999618530273,2.309999942779541,44200,0.0,0.0
2024-08-12 00:00:00-04:00,2.390000104904175,2.4000000953674316,2.319999933242798,2.3299999237060547,14300,0.0,0.0
2024-08-13 00:00:00-04:00,2.3299999237060547,2.3299999237060547,2.1500000953674316,2.25,33600,0.0,0.0
2024-08-14 00:00:00-04:00,2.259999990463257,2.260999917984009,2.1600000858306885,2.180000066757202,1085000,0.0,0.0
2024-08-15 00:00:00-04:00,1.3600000143051147,1.3700000047683716,0.8009999990463257,0.8299999833106995,5775200,0.0,0.0
2024-08-16 00:00:00-04:00,0.8399999737739563,0.8460000157356262,0.7319999933242798,0.7620000243186951,1285300,0.0,0.0
2024-08-19 00:00:00-04:00,0.7549999952316284,0.7940000295639038,0.75,0.7699999809265137,712000,0.0,0.0
2024-08-20 00:00:00-04:00,0.8130000233650208,0.8130000233650208,0.7549999952316284,0.7749999761581421,648300,0.0,0.0
2024-08-21 00:00:00-04:00,0.7789999842643738,0.796999990940094,0.7400000095367432,0.7910000085830688,434500,0.0,0.0
2024-08-22 00:00:00-04:00,0.7900000214576721,0.8050000071525574,0.7609999775886536,0.7910000085830688,212700,0.0,0.0
2024-08-23 00:00:00-04:00,0.7680000066757202,0.8090000152587891,0.75,0.7570000290870667,366200,0.0,0.0
2024-08-26 00:00:00-04:00,0.7599999904632568,0.7770000100135803,0.7599999904632568,0.7599999904632568,138300,0.0,0.0
2024-08-27 00:00:00-04:00,0.75,0.7599999904632568,0.7070000171661377,0.7390000224113464,248700,0.0,0.0
2024-08-28 00:00:00-04:00,0.7379999756813049,0.7379999756813049,0.6919999718666077,0.6980000138282776,228300,0.0,0.0
2024-08-29 00:00:00-04:00,0.6909999847412109,0.7129999995231628,0.6909999847412109,0.6940000057220459,136200,0.0,0.0
2024-08-30 00:00:00-04:00,0.6930000185966492,0.7120000123977661,0.6759999990463257,0.7020000219345093,160300,0.0,0.0
2024-09-03 00:00:00-04:00,0.6819999814033508,0.7200000286102295,0.6759999990463257,0.6819999814033508,143500,0.0,0.0
2024-09-04 00:00:00-04:00,0.6700000166893005,0.6899999976158142,0.6349999904632568,0.6549999713897705,177000,0.0,0.0
2024-09-05 00:00:00-04:00,0.6600000262260437,0.6600000262260437,0.6299999952316284,0.6449999809265137,97700,0.0,0.0
2024-09-06 00:00:00-04:00,0.6389999985694885,0.6420000195503235,0.5820000171661377,0.5889999866485596,277100,0.0,0.0
2024-09-09 00:00:00-04:00,0.5799999833106995,0.6850000023841858,0.5799999833106995,0.6660000085830688,356400,0.0,0.0
2024-09-10 00:00:00-04:00,0.6460000276565552,0.6660000085830688,0.625,0.6660000085830688,63900,0.0,0.0
2024-09-11 00:00:00-04:00,0.6650000214576721,0.6650000214576721,0.625,0.6499999761581421,82800,0.0,0.0
2024-09-12 00:00:00-04:00,0.6309999823570251,0.6700000166893005,0.6309999823570251,0.6399999856948853,68000,0.0,0.0
2024-09-13 00:00:00-04:00,0.6349999904632568,0.699999988079071,0.6349999904632568,0.6589999794960022,73700,0.0,0.0
2024-09-16 00:00:00-04:00,0.6600000262260437,0.6600000262260437,0.6349999904632568,0.6449999809265137,34400,0.0,0.0
2024-09-17 00:00:00-04:00,0.6359999775886536,0.6639999747276306,0.6349999904632568,0.6510000228881836,45100,0.0,0.0
2024-09-18 00:00:00-04:00,0.6610000133514404,0.7200000286102295,0.6610000133514404,0.6800000071525574,248700,0.0,0.0
2024-09-19 00:00:00-04:00,0.6700000166893005,0.6800000071525574,0.6389999985694885,0.675000011920929,75900,0.0,0.0
2024-09-20 00:00:00-04:00,0.6869999766349792,0.7009999752044678,0.6299999952316284,0.6299999952316284,140800,0.0,0.0
2024-09-23 00:00:00-04:00,0.6570000052452087,0.6740000247955322,0.6100000143051147,0.6200000047683716,38600,0.0,0.0
2024-09-24 00:00:00-04:00,0.6380000114440918,0.6380000114440918,0.6010000109672546,0.6019999980926514,90000,0.0,0.0
2024-09-25 00:00:00-04:00,0.6000000238418579,0.6200000047683716,0.5600000023841858,0.5649999976158142,144400,0.0,0.0
2024-09-26 00:00:00-04:00,0.5789999961853027,0.5929999947547913,0.5540000200271606,0.5569999814033508,112800,0.0,0.0
2024-09-27 00:00:00-04:00,0.5669999718666077,0.5899999737739563,0.5400000214576721,0.5529999732971191,195000,0.0,0.0
2024-09-30 00:00:00-04:00,0.5529999732971191,0.5619999766349792,0.5199999809265137,0.5569999814033508,207500,0.0,0.0
2024-10-01 00:00:00-04:00,0.5410000085830688,0.5600000023841858,0.5059999823570251,0.5360000133514404,240400,0.0,0.0
2024-10-02 00:00:00-04:00,0.5199999809265137,0.5360000133514404,0.5059999823570251,0.5099999904632568,160400,0.0,0.0
2024-10-03 00:00:00-04:00,0.5270000100135803,0.5270000100135803,0.4749999940395355,0.4749999940395355,249700,0.0,0.0
2024-10-04 00:00:00-04:00,0.4749999940395355,0.4749999940395355,0.44699999690055847,0.44999998807907104,278700,0.0,0.0
2024-10-07 00:00:00-04:00,0.4650000035762787,0.48399999737739563,0.4480000138282776,0.4790000021457672,165300,0.0,0.0
2024-10-08 00:00:00-04:00,0.47600001096725464,0.47600001096725464,0.44999998807907104,0.460999995470047,70000,0.0,0.0
2024-10-09 00:00:00-04:00,0.4749999940395355,0.4749999940395355,0.44999998807907104,0.47200000286102295,52900,0.0,0.0
2024-10-10 00:00:00-04:00,0.47200000286102295,0.47200000286102295,0.4390000104904175,0.45399999618530273,161700,0.0,0.0
2024-10-11 00:00:00-04:00,0.45500001311302185,0.46700000762939453,0.4399999976158142,0.4620000123977661,119100,0.0,0.0
2024-10-14 00:00:00-04:00,0.46000000834465027,0.47200000286102295,0.44999998807907104,0.4569999873638153,93000,0.0,0.0
2024-10-15 00:00:00-04:00,0.47200000286102295,0.47200000286102295,0.44600000977516174,0.453000009059906,100300,0.0,0.0
2024-10-16 00:00:00-04:00,0.4519999921321869,0.47200000286102295,0.4399999976158142,0.4699999988079071,107600,0.0,0.0
2024-10-17 00:00:00-04:00,0.4690000116825104,0.4740000069141388,0.453000009059906,0.4560000002384186,71500,0.0,0.0
2024-10-18 00:00:00-04:00,0.4560000002384186,0.5,0.4560000002384186,0.48899999260902405,139500,0.0,0.0
2024-10-21 00:00:00-04:00,0.4950000047683716,0.5360000133514404,0.48899999260902405,0.527999997138977,247500,0.0,0.0
2024-10-22 00:00:00-04:00,0.5400000214576721,0.5450000166893005,0.5109999775886536,0.5400000214576721,60600,0.0,0.0
2024-10-23 00:00:00-04:00,0.531000018119812,0.5400000214576721,0.4880000054836273,0.503000020980835,187500,0.0,0.0
2024-10-24 00:00:00-04:00,0.5120000243186951,0.5299999713897705,0.48899999260902405,0.5139999985694885,117000,0.0,0.0
2024-10-25 00:00:00-04:00,0.5130000114440918,0.5379999876022339,0.5,0.5120000243186951,143000,0.0,0.0
2024-10-28 00:00:00-04:00,0.5199999809265137,0.5350000262260437,0.5109999775886536,0.5350000262260437,75000,0.0,0.0
2024-10-29 00:00:00-04:00,0.5299999713897705,0.5400000214576721,0.5,0.5009999871253967,173100,0.0,0.0
2024-10-30 00:00:00-04:00,0.5099999904632568,0.515999972820282,0.46299999952316284,0.4749999940395355,340400,0.0,0.0
2024-10-31 00:00:00-04:00,0.4749999940395355,0.48500001430511475,0.4620000123977661,0.4740000069141388,166100,0.0,0.0
2024-11-01 00:00:00-04:00,0.4650000035762787,0.49900001287460327,0.4410000145435333,0.49799999594688416,581400,0.0,0.0
2024-11-04 00:00:00-05:00,0.49300000071525574,0.49300000071525574,0.4699999988079071,0.47099998593330383,51300,0.0,0.0
2024-11-05 00:00:00-05:00,0.4699999988079071,0.4970000088214874,0.44999998807907104,0.47600001096725464,716800,0.0,0.0
2024-11-06 00:00:00-05:00,0.4650000035762787,0.6970000267028809,0.453000009059906,0.5699999928474426,6994800,0.0,0.0
2024-11-07 00:00:00-05:00,0.5699999928474426,0.5799999833106995,0.5,0.5270000100135803,791400,0.0,0.0
2024-11-08 00:00:00-05:00,0.5299999713897705,0.5389999747276306,0.5099999904632568,0.5339999794960022,214500,0.0,0.0
2024-11-11 00:00:00-05:00,0.515999972820282,0.5389999747276306,0.4909999966621399,0.5220000147819519,357200,0.0,0.0
2024-11-12 00:00:00-05:00,0.5220000147819519,0.5889999866485596,0.5019999742507935,0.5789999961853027,490000,0.0,0.0
2024-11-13 00:00:00-05:00,0.5210000276565552,0.5640000104904175,0.5149999856948853,0.5339999794960022,132100,0.0,0.0
2024-11-14 00:00:00-05:00,0.5180000066757202,0.5479999780654907,0.5099999904632568,0.527999997138977,104400,0.0,0.0
2024-11-15 00:00:00-05:00,0.527999997138977,0.527999997138977,0.4620000123977661,0.49000000953674316,142500,0.0,0.0
2024-11-18 00:00:00-05:00,0.47099998593330383,0.49399998784065247,0.45100000500679016,0.4699999988079071,192900,0.0,0.0
2024-11-19 00:00:00-05:00,0.4699999988079071,0.49300000071525574,0.44999998807907104,0.47099998593330383,69300,0.0,0.0
2024-11-20 00:00:00-05:00,0.47999998927116394,0.47999998927116394,0.44999998807907104,0.46000000834465027,140800,0.0,0.0
2024-11-21 00:00:00-05:00,0.460999995470047,0.4830000102519989,0.4429999887943268,0.4699999988079071,150600,0.0,0.0
2024-11-22 00:00:00-05:00,0.4699999988079071,0.49799999594688416,0.4580000042915344,0.48100000619888306,151400,0.0,0.0
2024-11-25 00:00:00-05:00,0.4830000102519989,0.5090000033378601,0.47099998593330383,0.4909999966621399,73200,0.0,0.0
2024-11-26 00:00:00-05:00,0.49000000953674316,0.5360000133514404,0.48100000619888306,0.5,89100,0.0,0.0
2024-11-27 00:00:00-05:00,0.4909999966621399,0.5450000166893005,0.48899999260902405,0.5049999952316284,144100,0.0,0.0
2024-11-29 00:00:00-05:00,0.5099999904632568,0.5249999761581421,0.5,0.5189999938011169,22300,0.0,0.0
2024-12-02 00:00:00-05:00,0.5189999938011169,0.5600000023841858,0.5,0.550000011920929,121600,0.0,0.0
2024-12-03 00:00:00-05:00,0.5609999895095825,0.5609999895095825,0.5180000066757202,0.5199999809265137,115400,0.0,0.0
2024-12-04 00:00:00-05:00,0.5339999794960022,0.550000011920929,0.5149999856948853,0.5299999713897705,57900,0.0,0.0
2024-12-05 00:00:00-05:00,0.5230000019073486,0.5379999876022339,0.40299999713897705,0.47999998927116394,355800,0.0,0.0
2024-12-06 00:00:00-05:00,0.46000000834465027,0.5099999904632568,0.46000000834465027,0.49900001287460327,66800,0.0,0.0
2024-12-09 00:00:00-05:00,0.48100000619888306,0.5230000019073486,0.48100000619888306,0.5,83500,0.0,0.0
2024-12-10 00:00:00-05:00,0.5009999871253967,0.5230000019073486,0.49000000953674316,0.5099999904632568,89700,0.0,0.0
2024-12-11 00:00:00-05:00,0.5059999823570251,0.5230000019073486,0.4779999852180481,0.4970000088214874,45300,0.0,0.0
2024-12-12 00:00:00-05:00,0.5040000081062317,0.5040000081062317,0.47999998927116394,0.4819999933242798,18300,0.0,0.0
2024-12-13 00:00:00-05:00,0.4819999933242798,0.49900001287460327,0.460999995470047,0.47999998927116394,42500,0.0,0.0
2024-12-16 00:00:00-05:00,0.460999995470047,0.47999998927116394,0.460999995470047,0.4699999988079071,15900,0.0,0.0
2024-12-17 00:00:00-05:00,0.460999995470047,0.5099999904632568,0.460999995470047,0.5019999742507935,134500,0.0,0.0
2024-12-18 00:00:00-05:00,0.4869999885559082,0.5059999823570251,0.44999998807907104,0.44999998807907104,31500,0.0,0.0
2024-12-19 00:00:00-05:00,0.4399999976158142,0.4790000021457672,0.4399999976158142,0.4620000123977661,61200,0.0,0.0
2024-12-20 00:00:00-05:00,0.4620000123977661,0.4950000047683716,0.4309999942779541,0.4909999966621399,141600,0.0,0.0
2024-12-23 00:00:00-05:00,0.49000000953674316,0.49000000953674316,0.44999998807907104,0.4519999921321869,18300,0.0,0.0
2024-12-24 00:00:00-05:00,0.45500001311302185,0.4779999852180481,0.4519999921321869,0.45399999618530273,18100,0.0,0.0
2024-12-26 00:00:00-05:00,0.46000000834465027,0.5,0.45100000500679016,0.47999998927116394,58100,0.0,0.0
2024-12-27 00:00:00-05:00,0.4659999907016754,0.5199999809265137,0.4659999907016754,0.5059999823570251,33300,0.0,0.0
2024-12-30 00:00:00-05:00,0.4830000102519989,0.5049999952316284,0.4659999907016754,0.5,66800,0.0,0.0
2024-12-31 00:00:00-05:00,0.4819999933242798,0.5139999985694885,0.4779999852180481,0.4970000088214874,137000,0.0,0.0
2025-01-02 00:00:00-05:00,0.5379999876022339,0.5440000295639038,0.49000000953674316,0.5379999876022339,98600,0.0,0.0
2025-01-03 00:00:00-05:00,0.5320000052452087,0.5450000166893005,0.5210000276565552,0.5299999713897705,56500,0.0,0.0
2025-01-06 00:00:00-05:00,0.5260000228881836,0.6230000257492065,0.5099999904632568,0.5799999833106995,1055000,0.0,0.0
2025-01-07 00:00:00-05:00,0.5600000023841858,0.5799999833106995,0.5210000276565552,0.5619999766349792,225700,0.0,0.0
2025-01-08 00:00:00-05:00,0.5630000233650208,0.5630000233650208,0.47999998927116394,0.5109999775886536,125600,0.0,0.0
2025-01-10 00:00:00-05:00,0.5099999904632568,0.5379999876022339,0.47999998927116394,0.47999998927116394,222700,0.0,0.0
2025-01-13 00:00:00-05:00,0.48100000619888306,0.5099999904632568,0.4659999907016754,0.4790000021457672,170400,0.0,0.0
2025-01-14 00:00:00-05:00,0.5099999904632568,0.5099999904632568,0.45100000500679016,0.46700000762939453,142500,0.0,0.0
2025-01-15 00:00:00-05:00,0.46700000762939453,0.5090000033378601,0.4399999976158142,0.4519999921321869,97500,0.0,0.0
2025-01-16 00:00:00-05:00,0.4699999988079071,0.48899999260902405,0.41100001335144043,0.46299999952316284,261900,0.0,0.0
2025-01-17 00:00:00-05:00,0.4490000009536743,0.47999998927116394,0.4300000071525574,0.4410000145435333,55800,0.0,0.0
2025-01-21 00:00:00-05:00,0.4399999976158142,0.4749999940395355,0.4350000023841858,0.4449999928474426,131200,0.0,0.0
2025-01-22 00:00:00-05:00,0.45500001311302185,0.4650000035762787,0.4300000071525574,0.4300000071525574,65400,0.0,0.0
2025-01-23 00:00:00-05:00,0.44200000166893005,0.46000000834465027,0.41999998688697815,0.4300000071525574,190400,0.0,0.0
2025-01-24 00:00:00-05:00,0.4300000071525574,0.47999998927116394,0.4300000071525574,0.46000000834465027,85000,0.0,0.0
2025-01-27 00:00:00-05:00,0.4399999976158142,0.4699999988079071,0.4300000071525574,0.4699999988079071,48600,0.0,0.0
2025-01-28 00:00:00-05:00,0.43299999833106995,0.4699999988079071,0.4300000071525574,0.4560000002384186,70100,0.0,0.0
2025-01-29 00:00:00-05:00,0.4659999907016754,0.5320000052452087,0.4580000042915344,0.48500001430511475,420500,0.0,0.0
2025-01-30 00:00:00-05:00,0.5080000162124634,0.5080000162124634,0.45500001311302185,0.48399999737739563,141418,0.0,0.0
