Date,Open,High,Low,Close,Volume,Dividends,Stock Splits
2022-01-03 00:00:00-05:00,5.710000038146973,6.170000076293945,5.710000038146973,6.059999942779541,1005900,0.0,0.0
2022-01-04 00:00:00-05:00,6.179999828338623,6.570000171661377,6.179999828338623,6.389999866485596,1570300,0.0,0.0
2022-01-05 00:00:00-05:00,6.599999904632568,6.679999828338623,5.949999809265137,6.0,618800,0.0,0.0
2022-01-06 00:00:00-05:00,5.980000019073486,6.260000228881836,5.769999980926514,5.940000057220459,490800,0.0,0.0
2022-01-07 00:00:00-05:00,5.940000057220459,6.010000228881836,5.079999923706055,5.460000038146973,994000,0.0,0.0
2022-01-10 00:00:00-05:00,5.559999942779541,5.760000228881836,5.210000038146973,5.440000057220459,893400,0.0,0.0
2022-01-11 00:00:00-05:00,5.5,5.889999866485596,5.239999771118164,5.840000152587891,629200,0.0,0.0
2022-01-12 00:00:00-05:00,5.920000076293945,6.139999866485596,5.760000228881836,6.019999980926514,541100,0.0,0.0
2022-01-13 00:00:00-05:00,6.079999923706055,6.269999980926514,5.929999828338623,6.0,506600,0.0,0.0
2022-01-14 00:00:00-05:00,5.949999809265137,6.019999980926514,5.539999961853027,5.670000076293945,618600,0.0,0.0
2022-01-18 00:00:00-05:00,5.5,5.599999904632568,5.360000133514404,5.5,350600,0.0,0.0
2022-01-19 00:00:00-05:00,5.510000228881836,5.559999942779541,4.980000019073486,5.039999961853027,963900,0.0,0.0
2022-01-20 00:00:00-05:00,5.099999904632568,5.25,4.75,4.769999980926514,898300,0.0,0.0
2022-01-21 00:00:00-05:00,4.75,4.929999828338623,4.590000152587891,4.639999866485596,830900,0.0,0.0
2022-01-24 00:00:00-05:00,4.5,4.980000019073486,4.309999942779541,4.909999847412109,848800,0.0,0.0
2022-01-25 00:00:00-05:00,4.78000020980835,5.019999980926514,4.630000114440918,4.889999866485596,540800,0.0,0.0
2022-01-26 00:00:00-05:00,5.050000190734863,5.070000171661377,4.559999942779541,4.610000133514404,380800,0.0,0.0
2022-01-27 00:00:00-05:00,4.699999809265137,4.809999942779541,4.360000133514404,4.380000114440918,539800,0.0,0.0
2022-01-28 00:00:00-05:00,4.340000152587891,4.449999809265137,4.199999809265137,4.329999923706055,600300,0.0,0.0
2022-01-31 00:00:00-05:00,4.260000228881836,4.559999942779541,4.260000228881836,4.440000057220459,837500,0.0,0.0
2022-02-01 00:00:00-05:00,4.360000133514404,4.869999885559082,4.309999942779541,4.849999904632568,960300,0.0,0.0
2022-02-02 00:00:00-05:00,4.849999904632568,4.889999866485596,4.730000019073486,4.860000133514404,542000,0.0,0.0
2022-02-03 00:00:00-05:00,4.71999979019165,4.75,4.550000190734863,4.659999847412109,360300,0.0,0.0
2022-02-04 00:00:00-05:00,4.670000076293945,4.739999771118164,4.519999980926514,4.659999847412109,175300,0.0,0.0
2022-02-07 00:00:00-05:00,4.619999885559082,4.809999942779541,4.400000095367432,4.71999979019165,327600,0.0,0.0
2022-02-08 00:00:00-05:00,4.690000057220459,4.980000019073486,4.690000057220459,4.849999904632568,540000,0.0,0.0
2022-02-09 00:00:00-05:00,4.909999847412109,5.070000171661377,4.909999847412109,4.960000038146973,239500,0.0,0.0
2022-02-10 00:00:00-05:00,4.880000114440918,5.130000114440918,4.840000152587891,4.900000095367432,251400,0.0,0.0
2022-02-11 00:00:00-05:00,4.889999866485596,4.900000095367432,4.630000114440918,4.690000057220459,234100,0.0,0.0
2022-02-14 00:00:00-05:00,4.570000171661377,4.619999885559082,4.389999866485596,4.409999847412109,299000,0.0,0.0
2022-02-15 00:00:00-05:00,4.440000057220459,4.710000038146973,4.440000057220459,4.650000095367432,341400,0.0,0.0
2022-02-16 00:00:00-05:00,4.619999885559082,4.75,4.510000228881836,4.579999923706055,201300,0.0,0.0
2022-02-17 00:00:00-05:00,4.489999771118164,4.570000171661377,4.440000057220459,4.5,209900,0.0,0.0
2022-02-18 00:00:00-05:00,4.510000228881836,4.570000171661377,4.28000020980835,4.28000020980835,868500,0.0,0.0
2022-02-22 00:00:00-05:00,4.369999885559082,4.550000190734863,4.150000095367432,4.199999809265137,619000,0.0,0.0
2022-02-23 00:00:00-05:00,4.28000020980835,4.300000190734863,4.039999961853027,4.050000190734863,394300,0.0,0.0
2022-02-24 00:00:00-05:00,3.740000009536743,4.300000190734863,3.7300000190734863,4.21999979019165,858200,0.0,0.0
2022-02-25 00:00:00-05:00,4.269999980926514,4.380000114440918,4.099999904632568,4.320000171661377,242000,0.0,0.0
2022-02-28 00:00:00-05:00,4.300000190734863,4.369999885559082,4.070000171661377,4.139999866485596,436400,0.0,0.0
2022-03-01 00:00:00-05:00,4.099999904632568,4.230000019073486,3.9700000286102295,4.110000133514404,766400,0.0,0.0
2022-03-02 00:00:00-05:00,4.099999904632568,4.360000133514404,4.099999904632568,4.269999980926514,380900,0.0,0.0
2022-03-03 00:00:00-05:00,4.260000228881836,4.400000095367432,4.110000133514404,4.369999885559082,548800,0.0,0.0
2022-03-04 00:00:00-05:00,4.289999961853027,4.360000133514404,4.079999923706055,4.139999866485596,582800,0.0,0.0
2022-03-07 00:00:00-05:00,4.079999923706055,4.110000133514404,3.7200000286102295,3.759999990463257,685700,0.0,0.0
2022-03-08 00:00:00-05:00,3.7300000190734863,4.039999961853027,3.7100000381469727,3.880000114440918,383300,0.0,0.0
2022-03-09 00:00:00-05:00,3.990000009536743,4.179999828338623,3.990000009536743,4.079999923706055,521700,0.0,0.0
2022-03-10 00:00:00-05:00,4.070000171661377,4.199999809265137,4.010000228881836,4.199999809265137,204000,0.0,0.0
2022-03-11 00:00:00-05:00,4.190000057220459,4.25,4.099999904632568,4.159999847412109,372700,0.0,0.0
2022-03-14 00:00:00-04:00,4.139999866485596,4.369999885559082,3.990000009536743,4.019999980926514,483100,0.0,0.0
2022-03-15 00:00:00-04:00,3.990000009536743,4.320000171661377,3.990000009536743,4.300000190734863,604300,0.0,0.0
2022-03-16 00:00:00-04:00,4.389999866485596,4.650000095367432,4.309999942779541,4.579999923706055,1179000,0.0,0.0
2022-03-17 00:00:00-04:00,4.75,5.139999866485596,4.409999847412109,5.090000152587891,1236100,0.0,0.0
2022-03-18 00:00:00-04:00,5.039999961853027,5.570000171661377,4.989999771118164,5.380000114440918,1694000,0.0,0.0
2022-03-21 00:00:00-04:00,5.260000228881836,5.349999904632568,4.849999904632568,4.980000019073486,1449700,0.0,0.0
2022-03-22 00:00:00-04:00,5.070000171661377,5.170000076293945,4.840000152587891,4.909999847412109,451700,0.0,0.0
2022-03-23 00:00:00-04:00,4.860000133514404,5.150000095367432,4.849999904632568,5.0,563100,0.0,0.0
2022-03-24 00:00:00-04:00,5.0,5.079999923706055,4.889999866485596,5.050000190734863,556300,0.0,0.0
2022-03-25 00:00:00-04:00,5.099999904632568,5.119999885559082,4.96999979019165,4.989999771118164,545000,0.0,0.0
2022-03-28 00:00:00-04:00,4.96999979019165,5.070000171661377,4.949999809265137,5.050000190734863,349100,0.0,0.0
2022-03-29 00:00:00-04:00,5.070000171661377,5.5,5.070000171661377,5.449999809265137,401000,0.0,0.0
2022-03-30 00:00:00-04:00,5.449999809265137,5.449999809265137,5.110000133514404,5.130000114440918,309900,0.0,0.0
2022-03-31 00:00:00-04:00,5.099999904632568,5.269999980926514,4.880000114440918,4.880000114440918,641300,0.0,0.0
2022-04-01 00:00:00-04:00,4.960000038146973,5.019999980926514,4.800000190734863,4.869999885559082,1507700,0.0,0.0
2022-04-04 00:00:00-04:00,4.840000152587891,5.039999961853027,4.840000152587891,4.900000095367432,2032400,0.0,0.0
2022-04-05 00:00:00-04:00,4.869999885559082,4.989999771118164,4.809999942779541,4.869999885559082,406800,0.0,0.0
2022-04-06 00:00:00-04:00,4.769999980926514,5.019999980926514,4.639999866485596,5.010000228881836,455900,0.0,0.0
2022-04-07 00:00:00-04:00,4.829999923706055,5.190000057220459,4.829999923706055,5.130000114440918,374500,0.0,0.0
2022-04-08 00:00:00-04:00,5.130000114440918,5.340000152587891,5.0,5.019999980926514,444200,0.0,0.0
2022-04-11 00:00:00-04:00,4.960000038146973,5.119999885559082,4.849999904632568,5.019999980926514,469000,0.0,0.0
2022-04-12 00:00:00-04:00,5.090000152587891,5.420000076293945,5.010000228881836,5.059999942779541,728300,0.0,0.0
2022-04-13 00:00:00-04:00,5.110000133514404,5.329999923706055,4.900000095367432,5.25,432500,0.0,0.0
2022-04-14 00:00:00-04:00,5.269999980926514,5.429999828338623,4.800000190734863,5.289999961853027,400600,0.0,0.0
2022-04-18 00:00:00-04:00,5.269999980926514,5.440000057220459,5.21999979019165,5.409999847412109,348700,0.0,0.0
2022-04-19 00:00:00-04:00,5.380000114440918,5.539999961853027,5.190000057220459,5.25,742500,0.0,0.0
2022-04-20 00:00:00-04:00,5.269999980926514,5.46999979019165,4.949999809265137,5.110000133514404,409500,0.0,0.0
2022-04-21 00:00:00-04:00,5.110000133514404,5.110000133514404,4.800000190734863,4.900000095367432,427800,0.0,0.0
2022-04-22 00:00:00-04:00,4.860000133514404,4.909999847412109,4.630000114440918,4.690000057220459,364800,0.0,0.0
2022-04-25 00:00:00-04:00,4.679999828338623,4.909999847412109,4.590000152587891,4.869999885559082,343900,0.0,0.0
2022-04-26 00:00:00-04:00,4.840000152587891,4.849999904632568,4.650000095367432,4.679999828338623,344100,0.0,0.0
2022-04-27 00:00:00-04:00,4.659999847412109,4.900000095367432,4.650000095367432,4.730000019073486,352200,0.0,0.0
2022-04-28 00:00:00-04:00,4.78000020980835,5.010000228881836,4.760000228881836,5.0,532900,0.0,0.0
2022-04-29 00:00:00-04:00,4.960000038146973,5.090000152587891,4.789999961853027,4.949999809265137,300700,0.0,0.0
2022-05-02 00:00:00-04:00,4.949999809265137,5.130000114440918,4.869999885559082,5.119999885559082,324900,0.0,0.0
2022-05-03 00:00:00-04:00,5.119999885559082,5.179999828338623,4.949999809265137,5.050000190734863,352600,0.0,0.0
2022-05-04 00:00:00-04:00,5.090000152587891,5.110000133514404,4.789999961853027,5.079999923706055,349700,0.0,0.0
2022-05-05 00:00:00-04:00,4.96999979019165,4.989999771118164,4.769999980926514,4.889999866485596,264100,0.0,0.0
2022-05-06 00:00:00-04:00,4.849999904632568,4.880000114440918,4.449999809265137,4.46999979019165,561900,0.0,0.0
2022-05-09 00:00:00-04:00,4.360000133514404,4.389999866485596,4.090000152587891,4.150000095367432,536700,0.0,0.0
2022-05-10 00:00:00-04:00,4.190000057220459,4.190000057220459,3.799999952316284,3.940000057220459,677700,0.0,0.0
2022-05-11 00:00:00-04:00,3.9200000762939453,4.159999847412109,3.7699999809265137,3.9200000762939453,580200,0.0,0.0
2022-05-12 00:00:00-04:00,3.8499999046325684,4.289999961853027,3.809999942779541,4.139999866485596,812500,0.0,0.0
2022-05-13 00:00:00-04:00,4.190000057220459,4.510000228881836,4.190000057220459,4.360000133514404,343200,0.0,0.0
2022-05-16 00:00:00-04:00,4.300000190734863,4.510000228881836,4.289999961853027,4.400000095367432,359700,0.0,0.0
2022-05-17 00:00:00-04:00,4.510000228881836,4.739999771118164,4.449999809265137,4.739999771118164,1010100,0.0,0.0
2022-05-18 00:00:00-04:00,4.670000076293945,4.670000076293945,4.010000228881836,4.050000190734863,1352400,0.0,0.0
2022-05-19 00:00:00-04:00,3.9700000286102295,4.159999847412109,3.930000066757202,4.039999961853027,938200,0.0,0.0
2022-05-20 00:00:00-04:00,4.139999866485596,4.25,3.930000066757202,4.130000114440918,892300,0.0,0.0
2022-05-23 00:00:00-04:00,4.159999847412109,4.21999979019165,3.9600000381469727,4.130000114440918,552200,0.0,0.0
2022-05-24 00:00:00-04:00,4.039999961853027,4.199999809265137,3.6700000762939453,3.690000057220459,2232800,0.0,0.0
2022-05-25 00:00:00-04:00,3.700000047683716,4.210000038146973,3.700000047683716,4.199999809265137,1252400,0.0,0.0
2022-05-26 00:00:00-04:00,4.639999866485596,4.699999809265137,4.230000019073486,4.400000095367432,2379700,0.0,0.0
2022-05-27 00:00:00-04:00,4.389999866485596,4.519999980926514,4.360000133514404,4.440000057220459,840700,0.0,0.0
2022-05-31 00:00:00-04:00,4.46999979019165,4.769999980926514,4.460000038146973,4.679999828338623,1036500,0.0,0.0
2022-06-01 00:00:00-04:00,4.699999809265137,4.800000190734863,4.639999866485596,4.659999847412109,618200,0.0,0.0
2022-06-02 00:00:00-04:00,4.699999809265137,4.929999828338623,4.679999828338623,4.869999885559082,929500,0.0,0.0
2022-06-03 00:00:00-04:00,4.809999942779541,4.880000114440918,4.650000095367432,4.760000228881836,661800,0.0,0.0
2022-06-06 00:00:00-04:00,4.880000114440918,4.880000114440918,4.619999885559082,4.670000076293945,691200,0.0,0.0
2022-06-07 00:00:00-04:00,4.53000020980835,4.699999809265137,4.440000057220459,4.630000114440918,734200,0.0,0.0
2022-06-08 00:00:00-04:00,4.610000133514404,4.800000190734863,4.539999961853027,4.639999866485596,595900,0.0,0.0
2022-06-09 00:00:00-04:00,4.539999961853027,4.710000038146973,4.510000228881836,4.579999923706055,463900,0.0,0.0
2022-06-10 00:00:00-04:00,4.429999828338623,4.590000152587891,4.409999847412109,4.480000019073486,319800,0.0,0.0
2022-06-13 00:00:00-04:00,4.300000190734863,4.400000095367432,4.099999904632568,4.139999866485596,671800,0.0,0.0
2022-06-14 00:00:00-04:00,4.139999866485596,4.269999980926514,4.099999904632568,4.210000038146973,233300,0.0,0.0
2022-06-15 00:00:00-04:00,4.25,4.400000095367432,4.050000190734863,4.239999771118164,602200,0.0,0.0
2022-06-16 00:00:00-04:00,4.130000114440918,4.179999828338623,3.880000114440918,3.9100000858306885,649900,0.0,0.0
2022-06-17 00:00:00-04:00,3.940000057220459,4.150000095367432,3.880000114440918,4.090000152587891,582100,0.0,0.0
2022-06-21 00:00:00-04:00,4.099999904632568,4.28000020980835,3.880000114440918,3.880000114440918,637700,0.0,0.0
2022-06-22 00:00:00-04:00,3.799999952316284,3.930000066757202,3.6700000762939453,3.700000047683716,664900,0.0,0.0
2022-06-23 00:00:00-04:00,3.7300000190734863,3.7799999713897705,3.559999942779541,3.7200000286102295,807800,0.0,0.0
2022-06-24 00:00:00-04:00,3.7300000190734863,4.0,3.569999933242798,3.6700000762939453,7034100,0.0,0.0
2022-06-27 00:00:00-04:00,3.7200000286102295,4.019999980926514,3.6500000953674316,3.859999895095825,886700,0.0,0.0
2022-06-28 00:00:00-04:00,3.8499999046325684,4.050000190734863,3.630000114440918,3.680000066757202,581200,0.0,0.0
2022-06-29 00:00:00-04:00,3.6700000762939453,3.700000047683716,3.4600000381469727,3.490000009536743,707900,0.0,0.0
2022-06-30 00:00:00-04:00,3.430000066757202,3.5,3.3499999046325684,3.390000104904175,714900,0.0,0.0
2022-07-01 00:00:00-04:00,3.3399999141693115,3.5,3.2699999809265137,3.4200000762939453,728600,0.0,0.0
2022-07-05 00:00:00-04:00,3.3299999237060547,3.640000104904175,3.3299999237060547,3.640000104904175,557800,0.0,0.0
2022-07-06 00:00:00-04:00,3.5999999046325684,3.630000114440918,3.4700000286102295,3.509999990463257,481400,0.0,0.0
2022-07-07 00:00:00-04:00,3.5299999713897705,3.7100000381469727,3.5299999713897705,3.690000057220459,409900,0.0,0.0
2022-07-08 00:00:00-04:00,3.640000104904175,3.7200000286102295,3.5899999141693115,3.6500000953674316,521300,0.0,0.0
2022-07-11 00:00:00-04:00,3.630000114440918,3.6700000762939453,3.4800000190734863,3.509999990463257,291000,0.0,0.0
2022-07-12 00:00:00-04:00,3.5199999809265137,3.6600000858306885,3.509999990463257,3.559999942779541,353400,0.0,0.0
2022-07-13 00:00:00-04:00,3.4600000381469727,3.740000009536743,3.4200000762939453,3.680000066757202,432700,0.0,0.0
2022-07-14 00:00:00-04:00,3.630000114440918,3.6700000762939453,3.549999952316284,3.640000104904175,378400,0.0,0.0
2022-07-15 00:00:00-04:00,3.7300000190734863,3.950000047683716,3.6700000762939453,3.930000066757202,653600,0.0,0.0
2022-07-18 00:00:00-04:00,3.950000047683716,4.130000114440918,3.950000047683716,4.019999980926514,379000,0.0,0.0
2022-07-19 00:00:00-04:00,4.070000171661377,4.309999942779541,4.070000171661377,4.239999771118164,487300,0.0,0.0
2022-07-20 00:00:00-04:00,4.269999980926514,4.409999847412109,4.170000076293945,4.360000133514404,491000,0.0,0.0
2022-07-21 00:00:00-04:00,4.320000171661377,4.380000114440918,4.150000095367432,4.349999904632568,297100,0.0,0.0
2022-07-22 00:00:00-04:00,4.360000133514404,4.400000095367432,4.179999828338623,4.300000190734863,258200,0.0,0.0
2022-07-25 00:00:00-04:00,4.289999961853027,4.340000152587891,4.21999979019165,4.25,208200,0.0,0.0
2022-07-26 00:00:00-04:00,4.190000057220459,4.210000038146973,3.930000066757202,3.9800000190734863,361300,0.0,0.0
2022-07-27 00:00:00-04:00,4.0,4.179999828338623,3.9100000858306885,4.179999828338623,268400,0.0,0.0
2022-07-28 00:00:00-04:00,4.179999828338623,4.300000190734863,4.050000190734863,4.25,272600,0.0,0.0
2022-07-29 00:00:00-04:00,4.25,4.25,4.110000133514404,4.139999866485596,358900,0.0,0.0
2022-08-01 00:00:00-04:00,4.099999904632568,4.170000076293945,3.990000009536743,4.110000133514404,353300,0.0,0.0
2022-08-02 00:00:00-04:00,4.059999942779541,4.139999866485596,4.0,4.119999885559082,322400,0.0,0.0
2022-08-03 00:00:00-04:00,4.139999866485596,4.400000095367432,4.139999866485596,4.369999885559082,207100,0.0,0.0
2022-08-04 00:00:00-04:00,4.360000133514404,4.409999847412109,4.21999979019165,4.360000133514404,195700,0.0,0.0
2022-08-05 00:00:00-04:00,4.289999961853027,4.480000019073486,4.260000228881836,4.429999828338623,234000,0.0,0.0
2022-08-08 00:00:00-04:00,4.429999828338623,4.619999885559082,4.429999828338623,4.510000228881836,445300,0.0,0.0
2022-08-09 00:00:00-04:00,4.46999979019165,4.5,4.300000190734863,4.420000076293945,262600,0.0,0.0
2022-08-10 00:00:00-04:00,4.519999980926514,4.630000114440918,4.340000152587891,4.440000057220459,738500,0.0,0.0
2022-08-11 00:00:00-04:00,4.449999809265137,4.590000152587891,4.139999866485596,4.190000057220459,702500,0.0,0.0
2022-08-12 00:00:00-04:00,4.230000019073486,4.289999961853027,4.039999961853027,4.28000020980835,708700,0.0,0.0
2022-08-15 00:00:00-04:00,4.260000228881836,4.46999979019165,4.150000095367432,4.429999828338623,298300,0.0,0.0
2022-08-16 00:00:00-04:00,4.420000076293945,4.579999923706055,4.389999866485596,4.489999771118164,455700,0.0,0.0
2022-08-17 00:00:00-04:00,4.46999979019165,4.489999771118164,4.289999961853027,4.380000114440918,413200,0.0,0.0
2022-08-18 00:00:00-04:00,4.329999923706055,4.429999828338623,4.25,4.300000190734863,343900,0.0,0.0
2022-08-19 00:00:00-04:00,4.25,4.449999809265137,4.179999828338623,4.389999866485596,504800,0.0,0.0
2022-08-22 00:00:00-04:00,4.340000152587891,4.409999847412109,4.260000228881836,4.329999923706055,572400,0.0,0.0
2022-08-23 00:00:00-04:00,4.309999942779541,4.420000076293945,4.260000228881836,4.320000171661377,555500,0.0,0.0
2022-08-24 00:00:00-04:00,4.289999961853027,4.320000171661377,4.170000076293945,4.199999809265137,739800,0.0,0.0
2022-08-25 00:00:00-04:00,4.980000019073486,5.059999942779541,4.659999847412109,5.03000020980835,3049900,0.0,0.0
2022-08-26 00:00:00-04:00,5.039999961853027,5.650000095367432,4.96999979019165,5.579999923706055,2540300,0.0,0.0
2022-08-29 00:00:00-04:00,5.539999961853027,5.820000171661377,5.510000228881836,5.800000190734863,1295400,0.0,0.0
2022-08-30 00:00:00-04:00,5.849999904632568,5.96999979019165,5.840000152587891,5.900000095367432,785500,0.0,0.0
2022-08-31 00:00:00-04:00,5.880000114440918,5.900000095367432,5.429999828338623,5.510000228881836,703800,0.0,0.0
2022-09-01 00:00:00-04:00,5.5,5.690000057220459,5.449999809265137,5.639999866485596,560600,0.0,0.0
2022-09-02 00:00:00-04:00,5.639999866485596,5.820000171661377,5.449999809265137,5.699999809265137,756400,0.0,0.0
2022-09-06 00:00:00-04:00,5.75,5.96999979019165,5.670000076293945,5.699999809265137,583400,0.0,0.0
2022-09-07 00:00:00-04:00,5.699999809265137,5.980000019073486,5.699999809265137,5.929999828338623,607400,0.0,0.0
2022-09-08 00:00:00-04:00,6.050000190734863,6.050000190734863,5.849999904632568,5.980000019073486,925800,0.0,0.0
2022-09-09 00:00:00-04:00,6.0,6.21999979019165,6.0,6.159999847412109,668800,0.0,0.0
2022-09-12 00:00:00-04:00,6.210000038146973,6.369999885559082,6.159999847412109,6.190000057220459,473300,0.0,0.0
2022-09-13 00:00:00-04:00,6.0,6.179999828338623,5.829999923706055,6.0,722800,0.0,0.0
2022-09-14 00:00:00-04:00,6.079999923706055,6.139999866485596,5.860000133514404,5.909999847412109,617300,0.0,0.0
2022-09-15 00:00:00-04:00,5.869999885559082,6.159999847412109,5.869999885559082,5.96999979019165,643700,0.0,0.0
2022-09-16 00:00:00-04:00,5.900000095367432,5.960000038146973,5.630000114440918,5.829999923706055,1964200,0.0,0.0
2022-09-19 00:00:00-04:00,5.769999980926514,6.050000190734863,5.710000038146973,5.989999771118164,529900,0.0,0.0
2022-09-20 00:00:00-04:00,5.980000019073486,6.010000228881836,5.739999771118164,5.869999885559082,466700,0.0,0.0
2022-09-21 00:00:00-04:00,5.829999923706055,5.920000076293945,5.679999828338623,5.71999979019165,410600,0.0,0.0
2022-09-22 00:00:00-04:00,5.690000057220459,5.699999809265137,5.380000114440918,5.46999979019165,554000,0.0,0.0
2022-09-23 00:00:00-04:00,5.329999923706055,5.389999866485596,5.199999809265137,5.300000190734863,514600,0.0,0.0
2022-09-26 00:00:00-04:00,5.309999942779541,5.550000190734863,5.28000020980835,5.429999828338623,688600,0.0,0.0
2022-09-27 00:00:00-04:00,5.460000038146973,5.690000057220459,5.289999961853027,5.5,648000,0.0,0.0
2022-09-28 00:00:00-04:00,5.519999980926514,5.670000076293945,5.420000076293945,5.599999904632568,711800,0.0,0.0
2022-09-29 00:00:00-04:00,5.460000038146973,5.519999980926514,5.349999904632568,5.429999828338623,543500,0.0,0.0
2022-09-30 00:00:00-04:00,5.340000152587891,5.510000228881836,5.110000133514404,5.420000076293945,2670600,0.0,0.0
2022-10-03 00:00:00-04:00,5.480000019073486,5.809999942779541,5.369999885559082,5.75,709900,0.0,0.0
2022-10-04 00:00:00-04:00,5.820000171661377,5.909999847412109,5.650000095367432,5.769999980926514,518700,0.0,0.0
2022-10-05 00:00:00-04:00,5.75,5.940000057220459,5.619999885559082,5.880000114440918,429700,0.0,0.0
2022-10-06 00:00:00-04:00,5.880000114440918,6.139999866485596,5.849999904632568,6.090000152587891,818600,0.0,0.0
2022-10-07 00:00:00-04:00,6.090000152587891,6.090000152587891,5.809999942779541,5.869999885559082,348700,0.0,0.0
2022-10-10 00:00:00-04:00,5.789999961853027,5.869999885559082,5.5,5.71999979019165,599000,0.0,0.0
2022-10-11 00:00:00-04:00,5.730000019073486,5.989999771118164,5.599999904632568,5.920000076293945,996700,0.0,0.0
2022-10-12 00:00:00-04:00,5.860000133514404,5.880000114440918,5.71999979019165,5.78000020980835,451600,0.0,0.0
2022-10-13 00:00:00-04:00,5.710000038146973,5.880000114440918,5.510000228881836,5.800000190734863,548600,0.0,0.0
2022-10-14 00:00:00-04:00,5.820000171661377,5.840000152587891,5.590000152587891,5.599999904632568,422800,0.0,0.0
2022-10-17 00:00:00-04:00,5.699999809265137,5.980000019073486,5.670000076293945,5.900000095367432,619500,0.0,0.0
2022-10-18 00:00:00-04:00,5.920000076293945,6.159999847412109,5.920000076293945,6.110000133514404,802100,0.0,0.0
2022-10-19 00:00:00-04:00,6.130000114440918,6.260000228881836,6.050000190734863,6.25,785100,0.0,0.0
2022-10-20 00:00:00-04:00,6.28000020980835,6.320000171661377,6.050000190734863,6.139999866485596,929400,0.0,0.0
2022-10-21 00:00:00-04:00,6.179999828338623,6.300000190734863,6.119999885559082,6.21999979019165,772300,0.0,0.0
2022-10-24 00:00:00-04:00,6.230000019073486,6.309999942779541,6.070000171661377,6.150000095367432,736900,0.0,0.0
2022-10-25 00:00:00-04:00,6.099999904632568,6.599999904632568,6.099999904632568,6.590000152587891,1152000,0.0,0.0
2022-10-26 00:00:00-04:00,6.630000114440918,6.769999980926514,6.619999885559082,6.690000057220459,633300,0.0,0.0
2022-10-27 00:00:00-04:00,6.710000038146973,6.800000190734863,6.519999980926514,6.570000171661377,571600,0.0,0.0
2022-10-28 00:00:00-04:00,6.570000171661377,6.760000228881836,6.460000038146973,6.75,515800,0.0,0.0
2022-10-31 00:00:00-04:00,6.739999771118164,6.75,6.409999847412109,6.679999828338623,641700,0.0,0.0
2022-11-01 00:00:00-04:00,6.769999980926514,6.849999904632568,6.639999866485596,6.75,410100,0.0,0.0
2022-11-02 00:00:00-04:00,6.659999847412109,6.929999828338623,6.46999979019165,6.53000020980835,550100,0.0,0.0
2022-11-03 00:00:00-04:00,6.5,6.860000133514404,6.289999961853027,6.650000095367432,598500,0.0,0.0
2022-11-04 00:00:00-04:00,6.690000057220459,6.909999847412109,6.519999980926514,6.760000228881836,550000,0.0,0.0
2022-11-07 00:00:00-05:00,6.75,6.949999809265137,6.650000095367432,6.940000057220459,658000,0.0,0.0
2022-11-08 00:00:00-05:00,7.0,7.0,6.579999923706055,6.699999809265137,959600,0.0,0.0
2022-11-09 00:00:00-05:00,6.670000076293945,6.760000228881836,6.309999942779541,6.409999847412109,787700,0.0,0.0
2022-11-10 00:00:00-05:00,6.730000019073486,7.010000228881836,6.610000133514404,6.920000076293945,1175700,0.0,0.0
2022-11-11 00:00:00-05:00,6.909999847412109,7.03000020980835,6.699999809265137,6.800000190734863,1225700,0.0,0.0
2022-11-14 00:00:00-05:00,6.78000020980835,7.03000020980835,6.619999885559082,6.630000114440918,1115700,0.0,0.0
2022-11-15 00:00:00-05:00,6.809999942779541,7.019999980926514,6.730000019073486,6.889999866485596,1569300,0.0,0.0
2022-11-16 00:00:00-05:00,6.78000020980835,6.809999942779541,6.5,6.760000228881836,1746400,0.0,0.0
2022-11-17 00:00:00-05:00,7.03000020980835,7.03000020980835,6.110000133514404,6.429999828338623,1090500,0.0,0.0
2022-11-18 00:00:00-05:00,6.650000095367432,6.900000095367432,6.400000095367432,6.610000133514404,1031100,0.0,0.0
2022-11-21 00:00:00-05:00,6.539999961853027,6.809999942779541,6.53000020980835,6.699999809265137,1020600,0.0,0.0
2022-11-22 00:00:00-05:00,6.800000190734863,7.079999923706055,6.710000038146973,6.980000019073486,873300,0.0,0.0
2022-11-23 00:00:00-05:00,6.940000057220459,7.199999809265137,6.889999866485596,7.099999904632568,865300,0.0,0.0
2022-11-25 00:00:00-05:00,7.079999923706055,7.210000038146973,7.039999961853027,7.199999809265137,471000,0.0,0.0
2022-11-28 00:00:00-05:00,7.179999828338623,7.239999771118164,6.920000076293945,6.940000057220459,679200,0.0,0.0
2022-11-29 00:00:00-05:00,6.909999847412109,7.139999866485596,6.610000133514404,6.909999847412109,950700,0.0,0.0
2022-11-30 00:00:00-05:00,6.869999885559082,6.889999866485596,6.610000133514404,6.659999847412109,765400,0.0,0.0
2022-12-01 00:00:00-05:00,6.710000038146973,6.840000152587891,6.639999866485596,6.71999979019165,759100,0.0,0.0
2022-12-02 00:00:00-05:00,6.650000095367432,6.869999885559082,6.550000190734863,6.78000020980835,795300,0.0,0.0
2022-12-05 00:00:00-05:00,6.71999979019165,6.78000020980835,6.389999866485596,6.429999828338623,862100,0.0,0.0
2022-12-06 00:00:00-05:00,6.429999828338623,6.599999904632568,6.320000171661377,6.369999885559082,872200,0.0,0.0
2022-12-07 00:00:00-05:00,6.349999904632568,6.519999980926514,6.28000020980835,6.329999923706055,693600,0.0,0.0
2022-12-08 00:00:00-05:00,6.329999923706055,6.489999771118164,6.28000020980835,6.429999828338623,431900,0.0,0.0
2022-12-09 00:00:00-05:00,6.300000190734863,6.380000114440918,6.170000076293945,6.179999828338623,400400,0.0,0.0
2022-12-12 00:00:00-05:00,6.190000057220459,6.349999904632568,6.170000076293945,6.199999809265137,501700,0.0,0.0
2022-12-13 00:00:00-05:00,6.480000019073486,6.53000020980835,6.269999980926514,6.360000133514404,839100,0.0,0.0
2022-12-14 00:00:00-05:00,6.360000133514404,6.46999979019165,6.150000095367432,6.239999771118164,625300,0.0,0.0
2022-12-15 00:00:00-05:00,6.159999847412109,6.25,6.050000190734863,6.090000152587891,540800,0.0,0.0
2022-12-16 00:00:00-05:00,6.059999942779541,6.150000095367432,5.989999771118164,6.039999961853027,775400,0.0,0.0
2022-12-19 00:00:00-05:00,6.0,6.119999885559082,5.960000038146973,6.079999923706055,454500,0.0,0.0
2022-12-20 00:00:00-05:00,6.03000020980835,6.099999904632568,5.949999809265137,6.03000020980835,426500,0.0,0.0
2022-12-21 00:00:00-05:00,6.139999866485596,6.320000171661377,6.079999923706055,6.320000171661377,449800,0.0,0.0
2022-12-22 00:00:00-05:00,6.21999979019165,6.239999771118164,6.090000152587891,6.130000114440918,487400,0.0,0.0
2022-12-23 00:00:00-05:00,6.150000095367432,6.449999809265137,6.130000114440918,6.449999809265137,382600,0.0,0.0
2022-12-27 00:00:00-05:00,6.409999847412109,6.570000171661377,6.389999866485596,6.409999847412109,426500,0.0,0.0
2022-12-28 00:00:00-05:00,6.420000076293945,6.550000190734863,6.300000190734863,6.389999866485596,333400,0.0,0.0
2022-12-29 00:00:00-05:00,6.400000095367432,6.610000133514404,6.380000114440918,6.579999923706055,559000,0.0,0.0
2022-12-30 00:00:00-05:00,6.570000171661377,6.78000020980835,6.570000171661377,6.75,698000,0.0,0.0
2023-01-03 00:00:00-05:00,6.789999961853027,6.820000171661377,6.460000038146973,6.539999961853027,742900,0.0,0.0
2023-01-04 00:00:00-05:00,6.639999866485596,6.849999904632568,6.519999980926514,6.800000190734863,441300,0.0,0.0
2023-01-05 00:00:00-05:00,6.75,6.829999923706055,6.610000133514404,6.690000057220459,418400,0.0,0.0
2023-01-06 00:00:00-05:00,6.75,6.940000057220459,6.710000038146973,6.739999771118164,556200,0.0,0.0
2023-01-09 00:00:00-05:00,6.800000190734863,6.900000095367432,6.610000133514404,6.760000228881836,730500,0.0,0.0
2023-01-10 00:00:00-05:00,6.75,7.059999942779541,6.739999771118164,7.019999980926514,834600,0.0,0.0
2023-01-11 00:00:00-05:00,7.099999904632568,7.190000057220459,6.940000057220459,6.989999771118164,650900,0.0,0.0
2023-01-12 00:00:00-05:00,7.0,7.079999923706055,6.900000095367432,6.949999809265137,661600,0.0,0.0
2023-01-13 00:00:00-05:00,6.809999942779541,7.090000152587891,6.809999942779541,6.989999771118164,633700,0.0,0.0
2023-01-17 00:00:00-05:00,6.900000095367432,7.019999980926514,6.730000019073486,6.989999771118164,476300,0.0,0.0
2023-01-18 00:00:00-05:00,6.980000019073486,7.110000133514404,6.730000019073486,6.769999980926514,548000,0.0,0.0
2023-01-19 00:00:00-05:00,6.769999980926514,6.769999980926514,6.5,6.559999942779541,501600,0.0,0.0
2023-01-20 00:00:00-05:00,6.650000095367432,6.909999847412109,6.53000020980835,6.900000095367432,539800,0.0,0.0
2023-01-23 00:00:00-05:00,6.949999809265137,7.170000076293945,6.860000133514404,7.139999866485596,747500,0.0,0.0
2023-01-24 00:00:00-05:00,7.110000133514404,7.28000020980835,7.070000171661377,7.199999809265137,453700,0.0,0.0
2023-01-25 00:00:00-05:00,7.190000057220459,7.409999847412109,7.010000228881836,7.340000152587891,363800,0.0,0.0
2023-01-26 00:00:00-05:00,7.380000114440918,7.539999961853027,7.25,7.429999828338623,464200,0.0,0.0
2023-01-27 00:00:00-05:00,7.449999809265137,7.53000020980835,7.289999961853027,7.360000133514404,686000,0.0,0.0
2023-01-30 00:00:00-05:00,7.300000190734863,7.309999942779541,7.099999904632568,7.119999885559082,376500,0.0,0.0
2023-01-31 00:00:00-05:00,7.110000133514404,7.309999942779541,7.099999904632568,7.130000114440918,661100,0.0,0.0
2023-02-01 00:00:00-05:00,7.170000076293945,7.460000038146973,7.159999847412109,7.389999866485596,568000,0.0,0.0
2023-02-02 00:00:00-05:00,7.460000038146973,7.570000171661377,7.28000020980835,7.349999904632568,628600,0.0,0.0
2023-02-03 00:00:00-05:00,7.340000152587891,7.440000057220459,7.260000228881836,7.389999866485596,628800,0.0,0.0
2023-02-06 00:00:00-05:00,7.389999866485596,7.389999866485596,7.150000095367432,7.150000095367432,576500,0.0,0.0
2023-02-07 00:00:00-05:00,7.099999904632568,7.269999980926514,6.809999942779541,6.940000057220459,672800,0.0,0.0
2023-02-08 00:00:00-05:00,6.889999866485596,6.929999828338623,6.730000019073486,6.769999980926514,692900,0.0,0.0
2023-02-09 00:00:00-05:00,6.900000095367432,7.03000020980835,6.730000019073486,6.739999771118164,404000,0.0,0.0
2023-02-10 00:00:00-05:00,6.710000038146973,6.71999979019165,6.579999923706055,6.690000057220459,561600,0.0,0.0
2023-02-13 00:00:00-05:00,6.699999809265137,6.769999980926514,6.409999847412109,6.760000228881836,513700,0.0,0.0
2023-02-14 00:00:00-05:00,6.730000019073486,6.769999980926514,6.539999961853027,6.599999904632568,445600,0.0,0.0
2023-02-15 00:00:00-05:00,6.559999942779541,6.590000152587891,6.46999979019165,6.550000190734863,322600,0.0,0.0
2023-02-16 00:00:00-05:00,6.46999979019165,6.519999980926514,6.28000020980835,6.300000190734863,683100,0.0,0.0
2023-02-17 00:00:00-05:00,6.340000152587891,6.380000114440918,6.139999866485596,6.21999979019165,678300,0.0,0.0
2023-02-21 00:00:00-05:00,6.199999809265137,6.199999809265137,5.789999961853027,5.809999942779541,729100,0.0,0.0
2023-02-22 00:00:00-05:00,5.820000171661377,5.989999771118164,5.75,5.940000057220459,861800,0.0,0.0
2023-02-23 00:00:00-05:00,5.96999979019165,6.059999942779541,5.909999847412109,6.03000020980835,724900,0.0,0.0
2023-02-24 00:00:00-05:00,5.949999809265137,5.96999979019165,5.889999866485596,5.909999847412109,382300,0.0,0.0
2023-02-27 00:00:00-05:00,5.920000076293945,5.980000019073486,5.900000095367432,5.909999847412109,286400,0.0,0.0
2023-02-28 00:00:00-05:00,5.909999847412109,6.03000020980835,5.900000095367432,5.980000019073486,341000,0.0,0.0
2023-03-01 00:00:00-05:00,5.940000057220459,6.079999923706055,5.920000076293945,6.0,335900,0.0,0.0
2023-03-02 00:00:00-05:00,5.949999809265137,6.170000076293945,5.949999809265137,6.059999942779541,401600,0.0,0.0
2023-03-03 00:00:00-05:00,6.090000152587891,6.21999979019165,6.050000190734863,6.199999809265137,345200,0.0,0.0
2023-03-06 00:00:00-05:00,6.210000038146973,6.269999980926514,5.809999942779541,5.860000133514404,921300,0.0,0.0
2023-03-07 00:00:00-05:00,5.840000152587891,5.940000057220459,5.829999923706055,5.869999885559082,509800,0.0,0.0
2023-03-08 00:00:00-05:00,5.889999866485596,6.139999866485596,5.889999866485596,6.039999961853027,449000,0.0,0.0
2023-03-09 00:00:00-05:00,6.0,6.260000228881836,5.989999771118164,6.130000114440918,611500,0.0,0.0
2023-03-10 00:00:00-05:00,6.130000114440918,6.130000114440918,5.96999979019165,6.0,721100,0.0,0.0
2023-03-13 00:00:00-04:00,5.889999866485596,5.889999866485596,5.420000076293945,5.659999847412109,1159500,0.0,0.0
2023-03-14 00:00:00-04:00,5.760000228881836,5.96999979019165,5.760000228881836,5.900000095367432,1069500,0.0,0.0
2023-03-15 00:00:00-04:00,5.769999980926514,5.840000152587891,5.690000057220459,5.71999979019165,998600,0.0,0.0
2023-03-16 00:00:00-04:00,6.099999904632568,6.320000171661377,6.0,6.159999847412109,1678600,0.0,0.0
2023-03-17 00:00:00-04:00,6.079999923706055,6.079999923706055,5.059999942779541,5.429999828338623,2531600,0.0,0.0
2023-03-20 00:00:00-04:00,5.050000190734863,5.400000095367432,5.050000190734863,5.199999809265137,1197400,0.0,0.0
2023-03-21 00:00:00-04:00,5.28000020980835,5.400000095367432,5.159999847412109,5.159999847412109,710400,0.0,0.0
2023-03-22 00:00:00-04:00,5.159999847412109,5.239999771118164,5.079999923706055,5.119999885559082,716200,0.0,0.0
2023-03-23 00:00:00-04:00,5.159999847412109,5.28000020980835,5.090000152587891,5.179999828338623,890100,0.0,0.0
2023-03-24 00:00:00-04:00,5.159999847412109,5.159999847412109,4.960000038146973,5.099999904632568,636300,0.0,0.0
2023-03-27 00:00:00-04:00,5.099999904632568,5.139999866485596,5.0,5.03000020980835,594400,0.0,0.0
2023-03-28 00:00:00-04:00,5.039999961853027,5.28000020980835,5.039999961853027,5.190000057220459,546600,0.0,0.0
2023-03-29 00:00:00-04:00,5.210000038146973,5.300000190734863,5.159999847412109,5.28000020980835,635600,0.0,0.0
2023-03-30 00:00:00-04:00,5.329999923706055,5.429999828338623,5.300000190734863,5.340000152587891,467500,0.0,0.0
2023-03-31 00:00:00-04:00,5.369999885559082,5.539999961853027,5.360000133514404,5.510000228881836,2490700,0.0,0.0
2023-04-03 00:00:00-04:00,5.610000133514404,5.710000038146973,5.550000190734863,5.690000057220459,456100,0.0,0.0
2023-04-04 00:00:00-04:00,5.710000038146973,5.760000228881836,5.559999942779541,5.579999923706055,412200,0.0,0.0
2023-04-05 00:00:00-04:00,5.579999923706055,5.579999923706055,5.440000057220459,5.460000038146973,415600,0.0,0.0
2023-04-06 00:00:00-04:00,5.440000057220459,5.510000228881836,5.409999847412109,5.489999771118164,318300,0.0,0.0
2023-04-10 00:00:00-04:00,5.489999771118164,5.559999942779541,5.409999847412109,5.429999828338623,514000,0.0,0.0
2023-04-11 00:00:00-04:00,5.429999828338623,5.489999771118164,5.369999885559082,5.449999809265137,475400,0.0,0.0
2023-04-12 00:00:00-04:00,5.480000019073486,5.5,5.119999885559082,5.150000095367432,704400,0.0,0.0
2023-04-13 00:00:00-04:00,5.170000076293945,5.210000038146973,4.900000095367432,4.96999979019165,1114000,0.0,0.0
2023-04-14 00:00:00-04:00,4.96999979019165,5.050000190734863,4.809999942779541,4.909999847412109,1096400,0.0,0.0
2023-04-17 00:00:00-04:00,4.909999847412109,5.070000171661377,4.880000114440918,5.050000190734863,921600,0.0,0.0
2023-04-18 00:00:00-04:00,5.059999942779541,5.139999866485596,4.880000114440918,4.889999866485596,494400,0.0,0.0
2023-04-19 00:00:00-04:00,4.880000114440918,4.929999828338623,4.670000076293945,4.679999828338623,831800,0.0,0.0
2023-04-20 00:00:00-04:00,4.670000076293945,4.809999942779541,4.650000095367432,4.739999771118164,778800,0.0,0.0
2023-04-21 00:00:00-04:00,4.71999979019165,4.760000228881836,4.639999866485596,4.650000095367432,958500,0.0,0.0
2023-04-24 00:00:00-04:00,4.659999847412109,4.670000076293945,4.440000057220459,4.599999904632568,1019700,0.0,0.0
2023-04-25 00:00:00-04:00,4.579999923706055,4.619999885559082,4.409999847412109,4.420000076293945,401000,0.0,0.0
2023-04-26 00:00:00-04:00,4.420000076293945,4.630000114440918,4.409999847412109,4.53000020980835,601500,0.0,0.0
2023-04-27 00:00:00-04:00,4.53000020980835,4.550000190734863,4.349999904632568,4.369999885559082,517400,0.0,0.0
2023-04-28 00:00:00-04:00,4.360000133514404,4.420000076293945,4.269999980926514,4.389999866485596,613400,0.0,0.0
2023-05-01 00:00:00-04:00,4.400000095367432,4.510000228881836,4.400000095367432,4.460000038146973,543200,0.0,0.0
2023-05-02 00:00:00-04:00,4.440000057220459,4.480000019073486,4.369999885559082,4.440000057220459,599400,0.0,0.0
2023-05-03 00:00:00-04:00,4.46999979019165,4.539999961853027,4.340000152587891,4.349999904632568,371300,0.0,0.0
2023-05-04 00:00:00-04:00,4.300000190734863,4.349999904632568,4.25,4.329999923706055,450200,0.0,0.0
2023-05-05 00:00:00-04:00,4.369999885559082,4.550000190734863,4.369999885559082,4.489999771118164,462500,0.0,0.0
2023-05-08 00:00:00-04:00,4.460000038146973,4.489999771118164,4.389999866485596,4.449999809265137,357300,0.0,0.0
2023-05-09 00:00:00-04:00,4.409999847412109,4.420000076293945,4.239999771118164,4.349999904632568,216400,0.0,0.0
2023-05-10 00:00:00-04:00,4.420000076293945,4.429999828338623,4.329999923706055,4.349999904632568,230600,0.0,0.0
2023-05-11 00:00:00-04:00,4.340000152587891,4.380000114440918,4.300000190734863,4.369999885559082,304500,0.0,0.0
2023-05-12 00:00:00-04:00,4.349999904632568,4.5,4.349999904632568,4.449999809265137,357400,0.0,0.0
2023-05-15 00:00:00-04:00,4.460000038146973,4.480000019073486,4.400000095367432,4.449999809265137,252000,0.0,0.0
2023-05-16 00:00:00-04:00,4.480000019073486,4.480000019073486,4.320000171661377,4.400000095367432,481800,0.0,0.0
2023-05-17 00:00:00-04:00,4.409999847412109,4.579999923706055,4.400000095367432,4.550000190734863,495600,0.0,0.0
2023-05-18 00:00:00-04:00,4.519999980926514,4.679999828338623,4.449999809265137,4.53000020980835,628000,0.0,0.0
2023-05-19 00:00:00-04:00,4.550000190734863,4.590000152587891,3.9000000953674316,4.179999828338623,1184400,0.0,0.0
2023-05-22 00:00:00-04:00,4.179999828338623,4.210000038146973,4.059999942779541,4.070000171661377,412900,0.0,0.0
2023-05-23 00:00:00-04:00,4.070000171661377,4.070000171661377,3.8399999141693115,3.890000104904175,891400,0.0,0.0
2023-05-24 00:00:00-04:00,3.890000104904175,3.930000066757202,3.7799999713897705,3.809999942779541,1019400,0.0,0.0
2023-05-25 00:00:00-04:00,3.9000000953674316,4.079999923706055,3.690000057220459,4.0,1458600,0.0,0.0
2023-05-26 00:00:00-04:00,4.0,4.28000020980835,4.0,4.179999828338623,670900,0.0,0.0
2023-05-30 00:00:00-04:00,4.190000057220459,4.380000114440918,4.070000171661377,4.099999904632568,938600,0.0,0.0
2023-05-31 00:00:00-04:00,4.070000171661377,4.25,4.070000171661377,4.159999847412109,672900,0.0,0.0
2023-06-01 00:00:00-04:00,4.139999866485596,4.329999923706055,4.139999866485596,4.190000057220459,492000,0.0,0.0
2023-06-02 00:00:00-04:00,4.239999771118164,4.449999809265137,4.190000057220459,4.409999847412109,457300,0.0,0.0
2023-06-05 00:00:00-04:00,4.449999809265137,4.610000133514404,4.420000076293945,4.489999771118164,459700,0.0,0.0
2023-06-06 00:00:00-04:00,4.480000019073486,4.75,4.46999979019165,4.710000038146973,422400,0.0,0.0
2023-06-07 00:00:00-04:00,4.71999979019165,4.980000019073486,4.71999979019165,4.929999828338623,602700,0.0,0.0
2023-06-08 00:00:00-04:00,4.920000076293945,4.980000019073486,4.849999904632568,4.860000133514404,453600,0.0,0.0
2023-06-09 00:00:00-04:00,4.840000152587891,4.940000057220459,4.840000152587891,4.900000095367432,343900,0.0,0.0
2023-06-12 00:00:00-04:00,4.900000095367432,5.099999904632568,4.889999866485596,4.989999771118164,472800,0.0,0.0
2023-06-13 00:00:00-04:00,4.989999771118164,5.090000152587891,4.929999828338623,5.03000020980835,495100,0.0,0.0
2023-06-14 00:00:00-04:00,5.03000020980835,5.079999923706055,4.889999866485596,4.909999847412109,402900,0.0,0.0
2023-06-15 00:00:00-04:00,4.900000095367432,5.019999980926514,4.860000133514404,4.980000019073486,355400,0.0,0.0
2023-06-16 00:00:00-04:00,5.010000228881836,5.070000171661377,4.920000076293945,5.010000228881836,583300,0.0,0.0
2023-06-20 00:00:00-04:00,4.980000019073486,5.239999771118164,4.980000019073486,5.170000076293945,605700,0.0,0.0
2023-06-21 00:00:00-04:00,5.170000076293945,5.360000133514404,5.139999866485596,5.239999771118164,457100,0.0,0.0
2023-06-22 00:00:00-04:00,5.230000019073486,5.230000019073486,5.079999923706055,5.139999866485596,390100,0.0,0.0
2023-06-23 00:00:00-04:00,5.050000190734863,5.079999923706055,4.829999923706055,4.860000133514404,2678500,0.0,0.0
2023-06-26 00:00:00-04:00,4.889999866485596,5.28000020980835,4.889999866485596,5.099999904632568,933100,0.0,0.0
2023-06-27 00:00:00-04:00,5.059999942779541,5.099999904632568,4.880000114440918,4.900000095367432,786900,0.0,0.0
2023-06-28 00:00:00-04:00,4.880000114440918,4.989999771118164,4.820000171661377,4.849999904632568,705700,0.0,0.0
2023-06-29 00:00:00-04:00,4.820000171661377,4.889999866485596,4.760000228881836,4.849999904632568,697200,0.0,0.0
2023-06-30 00:00:00-04:00,4.909999847412109,4.96999979019165,4.840000152587891,4.900000095367432,3108700,0.0,0.0
2023-07-03 00:00:00-04:00,4.929999828338623,5.159999847412109,4.929999828338623,5.059999942779541,358000,0.0,0.0
2023-07-05 00:00:00-04:00,5.019999980926514,5.070000171661377,4.949999809265137,5.03000020980835,532100,0.0,0.0
2023-07-06 00:00:00-04:00,4.949999809265137,4.96999979019165,4.789999961853027,4.820000171661377,395100,0.0,0.0
2023-07-07 00:00:00-04:00,4.800000190734863,4.989999771118164,4.800000190734863,4.940000057220459,637200,0.0,0.0
2023-07-10 00:00:00-04:00,4.889999866485596,4.989999771118164,4.880000114440918,4.949999809265137,238900,0.0,0.0
2023-07-11 00:00:00-04:00,4.949999809265137,5.0,4.889999866485596,4.960000038146973,504500,0.0,0.0
2023-07-12 00:00:00-04:00,5.079999923706055,5.079999923706055,4.880000114440918,4.900000095367432,251900,0.0,0.0
2023-07-13 00:00:00-04:00,4.920000076293945,4.929999828338623,4.71999979019165,4.760000228881836,399500,0.0,0.0
2023-07-14 00:00:00-04:00,4.760000228881836,4.800000190734863,4.570000171661377,4.71999979019165,531800,0.0,0.0
2023-07-17 00:00:00-04:00,4.739999771118164,4.989999771118164,4.710000038146973,4.909999847412109,537000,0.0,0.0
2023-07-18 00:00:00-04:00,4.889999866485596,5.059999942779541,4.889999866485596,5.059999942779541,291700,0.0,0.0
2023-07-19 00:00:00-04:00,5.090000152587891,5.150000095367432,5.010000228881836,5.03000020980835,292200,0.0,0.0
2023-07-20 00:00:00-04:00,5.010000228881836,5.059999942779541,5.0,5.010000228881836,210800,0.0,0.0
2023-07-21 00:00:00-04:00,5.070000171661377,5.119999885559082,5.010000228881836,5.010000228881836,230000,0.0,0.0
2023-07-24 00:00:00-04:00,5.0,5.130000114440918,4.989999771118164,5.110000133514404,242400,0.0,0.0
2023-07-25 00:00:00-04:00,5.079999923706055,5.179999828338623,5.070000171661377,5.079999923706055,251000,0.0,0.0
2023-07-26 00:00:00-04:00,5.079999923706055,5.199999809265137,5.070000171661377,5.150000095367432,312000,0.0,0.0
2023-07-27 00:00:00-04:00,5.190000057220459,5.230000019073486,5.039999961853027,5.070000171661377,265100,0.0,0.0
2023-07-28 00:00:00-04:00,5.099999904632568,5.28000020980835,5.079999923706055,5.190000057220459,524400,0.0,0.0
2023-07-31 00:00:00-04:00,5.190000057220459,5.25,5.150000095367432,5.159999847412109,248800,0.0,0.0
2023-08-01 00:00:00-04:00,5.159999847412109,5.179999828338623,4.960000038146973,5.0,450900,0.0,0.0
2023-08-02 00:00:00-04:00,4.980000019073486,5.039999961853027,4.940000057220459,4.949999809265137,250100,0.0,0.0
2023-08-03 00:00:00-04:00,4.949999809265137,5.070000171661377,4.949999809265137,5.019999980926514,231300,0.0,0.0
2023-08-04 00:00:00-04:00,5.079999923706055,5.079999923706055,4.940000057220459,4.980000019073486,272500,0.0,0.0
2023-08-07 00:00:00-04:00,5.010000228881836,5.159999847412109,5.0,5.150000095367432,307900,0.0,0.0
2023-08-08 00:00:00-04:00,5.059999942779541,5.059999942779541,4.960000038146973,5.03000020980835,243900,0.0,0.0
2023-08-09 00:00:00-04:00,5.050000190734863,5.050000190734863,4.940000057220459,4.949999809265137,225800,0.0,0.0
2023-08-10 00:00:00-04:00,4.980000019073486,5.090000152587891,4.960000038146973,5.019999980926514,272300,0.0,0.0
2023-08-11 00:00:00-04:00,5.010000228881836,5.090000152587891,4.960000038146973,4.980000019073486,231400,0.0,0.0
2023-08-14 00:00:00-04:00,4.960000038146973,4.980000019073486,4.860000133514404,4.880000114440918,225300,0.0,0.0
2023-08-15 00:00:00-04:00,4.889999866485596,4.889999866485596,4.610000133514404,4.630000114440918,334600,0.0,0.0
2023-08-16 00:00:00-04:00,4.630000114440918,4.769999980926514,4.53000020980835,4.550000190734863,407700,0.0,0.0
2023-08-17 00:00:00-04:00,4.570000171661377,4.679999828338623,4.449999809265137,4.510000228881836,395100,0.0,0.0
2023-08-18 00:00:00-04:00,4.46999979019165,4.579999923706055,4.420000076293945,4.440000057220459,531900,0.0,0.0
2023-08-21 00:00:00-04:00,4.440000057220459,4.579999923706055,4.349999904632568,4.380000114440918,490100,0.0,0.0
2023-08-22 00:00:00-04:00,4.360000133514404,4.360000133514404,4.170000076293945,4.21999979019165,472700,0.0,0.0
2023-08-23 00:00:00-04:00,4.190000057220459,4.21999979019165,4.099999904632568,4.199999809265137,521600,0.0,0.0
2023-08-24 00:00:00-04:00,3.869999885559082,4.369999885559082,3.809999942779541,4.260000228881836,979500,0.0,0.0
2023-08-25 00:00:00-04:00,4.260000228881836,4.460000038146973,4.070000171661377,4.159999847412109,603000,0.0,0.0
2023-08-28 00:00:00-04:00,4.170000076293945,4.300000190734863,4.170000076293945,4.260000228881836,247900,0.0,0.0
2023-08-29 00:00:00-04:00,4.260000228881836,4.409999847412109,4.239999771118164,4.349999904632568,282200,0.0,0.0
2023-08-30 00:00:00-04:00,4.320000171661377,4.409999847412109,4.239999771118164,4.369999885559082,372400,0.0,0.0
2023-08-31 00:00:00-04:00,4.429999828338623,4.710000038146973,4.349999904632568,4.559999942779541,1015100,0.0,0.0
2023-09-01 00:00:00-04:00,4.630000114440918,4.800000190734863,4.570000171661377,4.650000095367432,537300,0.0,0.0
2023-09-05 00:00:00-04:00,4.590000152587891,4.599999904632568,4.449999809265137,4.539999961853027,325700,0.0,0.0
2023-09-06 00:00:00-04:00,4.5,4.579999923706055,4.420000076293945,4.429999828338623,226100,0.0,0.0
2023-09-07 00:00:00-04:00,4.349999904632568,4.46999979019165,4.340000152587891,4.369999885559082,691100,0.0,0.0
2023-09-08 00:00:00-04:00,4.380000114440918,4.940000057220459,4.309999942779541,4.519999980926514,1461600,0.0,0.0
2023-09-11 00:00:00-04:00,4.539999961853027,4.639999866485596,4.510000228881836,4.610000133514404,232600,0.0,0.0
2023-09-12 00:00:00-04:00,4.570000171661377,4.670000076293945,4.519999980926514,4.579999923706055,259600,0.0,0.0
2023-09-13 00:00:00-04:00,4.559999942779541,4.559999942779541,4.449999809265137,4.519999980926514,347600,0.0,0.0
2023-09-14 00:00:00-04:00,4.550000190734863,4.670000076293945,4.539999961853027,4.619999885559082,270300,0.0,0.0
2023-09-15 00:00:00-04:00,4.579999923706055,4.619999885559082,4.449999809265137,4.5,537600,0.0,0.0
2023-09-18 00:00:00-04:00,4.519999980926514,4.550000190734863,4.46999979019165,4.5,329500,0.0,0.0
2023-09-19 00:00:00-04:00,4.489999771118164,4.539999961853027,4.349999904632568,4.489999771118164,214000,0.0,0.0
2023-09-20 00:00:00-04:00,4.5,4.570000171661377,4.460000038146973,4.46999979019165,239800,0.0,0.0
2023-09-21 00:00:00-04:00,4.429999828338623,4.539999961853027,4.190000057220459,4.349999904632568,1396300,0.0,0.0
2023-09-22 00:00:00-04:00,4.360000133514404,4.5,4.25,4.309999942779541,245200,0.0,0.0
2023-09-25 00:00:00-04:00,4.260000228881836,4.409999847412109,4.210000038146973,4.239999771118164,591500,0.0,0.0
2023-09-26 00:00:00-04:00,4.239999771118164,4.309999942779541,4.139999866485596,4.159999847412109,1038000,0.0,0.0
2023-09-27 00:00:00-04:00,4.159999847412109,4.260000228881836,4.010000228881836,4.139999866485596,1049300,0.0,0.0
2023-09-28 00:00:00-04:00,4.159999847412109,4.389999866485596,4.159999847412109,4.349999904632568,561100,0.0,0.0
2023-09-29 00:00:00-04:00,4.349999904632568,4.510000228881836,4.349999904632568,4.480000019073486,3135600,0.0,0.0
2023-10-02 00:00:00-04:00,4.510000228881836,4.650000095367432,4.480000019073486,4.519999980926514,540600,0.0,0.0
2023-10-03 00:00:00-04:00,4.510000228881836,4.659999847412109,4.369999885559082,4.429999828338623,373900,0.0,0.0
2023-10-04 00:00:00-04:00,4.420000076293945,4.460000038146973,4.329999923706055,4.409999847412109,210000,0.0,0.0
2023-10-05 00:00:00-04:00,4.389999866485596,4.409999847412109,4.300000190734863,4.360000133514404,246000,0.0,0.0
2023-10-06 00:00:00-04:00,4.320000171661377,4.5,4.25,4.449999809265137,273600,0.0,0.0
2023-10-09 00:00:00-04:00,4.409999847412109,4.420000076293945,4.300000190734863,4.320000171661377,235600,0.0,0.0
2023-10-10 00:00:00-04:00,4.329999923706055,4.489999771118164,4.309999942779541,4.460000038146973,316500,0.0,0.0
2023-10-11 00:00:00-04:00,4.46999979019165,4.519999980926514,4.260000228881836,4.320000171661377,192800,0.0,0.0
2023-10-12 00:00:00-04:00,4.340000152587891,4.389999866485596,4.099999904632568,4.150000095367432,350200,0.0,0.0
2023-10-13 00:00:00-04:00,4.179999828338623,4.190000057220459,4.099999904632568,4.110000133514404,186300,0.0,0.0
2023-10-16 00:00:00-04:00,4.139999866485596,4.289999961853027,4.139999866485596,4.25,161200,0.0,0.0
2023-10-17 00:00:00-04:00,4.210000038146973,4.429999828338623,4.110000133514404,4.400000095367432,305200,0.0,0.0
2023-10-18 00:00:00-04:00,4.369999885559082,4.369999885559082,4.269999980926514,4.340000152587891,415400,0.0,0.0
2023-10-19 00:00:00-04:00,4.340000152587891,4.380000114440918,4.28000020980835,4.320000171661377,198400,0.0,0.0
2023-10-20 00:00:00-04:00,4.329999923706055,4.349999904632568,4.260000228881836,4.309999942779541,175900,0.0,0.0
2023-10-23 00:00:00-04:00,4.309999942779541,4.309999942779541,4.150000095367432,4.170000076293945,291400,0.0,0.0
2023-10-24 00:00:00-04:00,4.170000076293945,4.239999771118164,4.050000190734863,4.079999923706055,324100,0.0,0.0
2023-10-25 00:00:00-04:00,4.070000171661377,4.079999923706055,3.940000057220459,4.039999961853027,445100,0.0,0.0
2023-10-26 00:00:00-04:00,4.059999942779541,4.170000076293945,4.059999942779541,4.110000133514404,224200,0.0,0.0
2023-10-27 00:00:00-04:00,4.119999885559082,4.130000114440918,3.9600000381469727,4.03000020980835,272500,0.0,0.0
2023-10-30 00:00:00-04:00,4.090000152587891,4.099999904632568,4.010000228881836,4.099999904632568,142900,0.0,0.0
2023-10-31 00:00:00-04:00,4.059999942779541,4.170000076293945,4.010000228881836,4.159999847412109,321300,0.0,0.0
2023-11-01 00:00:00-04:00,4.150000095367432,4.260000228881836,3.990000009536743,4.25,296700,0.0,0.0
2023-11-02 00:00:00-04:00,4.300000190734863,4.400000095367432,4.260000228881836,4.389999866485596,212900,0.0,0.0
2023-11-03 00:00:00-04:00,4.5,4.650000095367432,4.46999979019165,4.519999980926514,330600,0.0,0.0
2023-11-06 00:00:00-05:00,4.519999980926514,4.519999980926514,4.289999961853027,4.480000019073486,456800,0.0,0.0
2023-11-07 00:00:00-05:00,4.460000038146973,4.5,4.300000190734863,4.460000038146973,219800,0.0,0.0
2023-11-08 00:00:00-05:00,4.480000019073486,4.480000019073486,4.380000114440918,4.449999809265137,210500,0.0,0.0
2023-11-09 00:00:00-05:00,4.480000019073486,4.539999961853027,4.25,4.369999885559082,439200,0.0,0.0
2023-11-10 00:00:00-05:00,4.389999866485596,4.519999980926514,4.269999980926514,4.449999809265137,228900,0.0,0.0
2023-11-13 00:00:00-05:00,4.400000095367432,4.409999847412109,4.139999866485596,4.340000152587891,171100,0.0,0.0
2023-11-14 00:00:00-05:00,4.559999942779541,4.860000133514404,4.550000190734863,4.760000228881836,417600,0.0,0.0
2023-11-15 00:00:00-05:00,4.760000228881836,4.900000095367432,4.75,4.78000020980835,189800,0.0,0.0
2023-11-16 00:00:00-05:00,4.760000228881836,4.760000228881836,4.599999904632568,4.690000057220459,278600,0.0,0.0
2023-11-17 00:00:00-05:00,3.950000047683716,4.519999980926514,3.9000000953674316,4.510000228881836,805000,0.0,0.0
2023-11-20 00:00:00-05:00,3.990000009536743,4.380000114440918,3.9000000953674316,4.159999847412109,1165900,0.0,0.0
2023-11-21 00:00:00-05:00,4.159999847412109,4.210000038146973,4.070000171661377,4.110000133514404,443400,0.0,0.0
2023-11-22 00:00:00-05:00,4.110000133514404,4.130000114440918,3.9700000286102295,4.010000228881836,437000,0.0,0.0
2023-11-24 00:00:00-05:00,3.9800000190734863,4.03000020980835,3.9700000286102295,4.010000228881836,165800,0.0,0.0
2023-11-27 00:00:00-05:00,4.03000020980835,4.03000020980835,3.9600000381469727,3.9600000381469727,332000,0.0,0.0
2023-11-28 00:00:00-05:00,3.9800000190734863,3.9800000190734863,3.819999933242798,3.819999933242798,704300,0.0,0.0
2023-11-29 00:00:00-05:00,3.869999885559082,4.010000228881836,3.869999885559082,3.9200000762939453,501600,0.0,0.0
2023-11-30 00:00:00-05:00,3.950000047683716,4.03000020980835,3.7799999713897705,3.7799999713897705,334800,0.0,0.0
2023-12-01 00:00:00-05:00,3.7799999713897705,3.859999895095825,3.700000047683716,3.819999933242798,533800,0.0,0.0
2023-12-04 00:00:00-05:00,3.8399999141693115,3.990000009536743,3.8299999237060547,3.8499999046325684,473900,0.0,0.0
2023-12-05 00:00:00-05:00,3.8399999141693115,3.8399999141693115,3.640000104904175,3.680000066757202,469600,0.0,0.0
2023-12-06 00:00:00-05:00,3.7300000190734863,3.869999885559082,3.700000047683716,3.8399999141693115,486200,0.0,0.0
2023-12-07 00:00:00-05:00,3.8399999141693115,4.010000228881836,3.819999933242798,3.990000009536743,441000,0.0,0.0
2023-12-08 00:00:00-05:00,3.9800000190734863,4.130000114440918,3.9100000858306885,4.119999885559082,639300,0.0,0.0
2023-12-11 00:00:00-05:00,4.079999923706055,4.440000057220459,4.010000228881836,4.070000171661377,619900,0.0,0.0
2023-12-12 00:00:00-05:00,4.099999904632568,4.139999866485596,4.0,4.090000152587891,418600,0.0,0.0
2023-12-13 00:00:00-05:00,4.119999885559082,4.519999980926514,4.019999980926514,4.340000152587891,578700,0.0,0.0
2023-12-14 00:00:00-05:00,4.300000190734863,4.590000152587891,4.21999979019165,4.570000171661377,748900,0.0,0.0
2023-12-15 00:00:00-05:00,4.610000133514404,4.610000133514404,4.409999847412109,4.5,931900,0.0,0.0
2023-12-18 00:00:00-05:00,4.519999980926514,4.579999923706055,4.340000152587891,4.460000038146973,924000,0.0,0.0
2023-12-19 00:00:00-05:00,4.5,4.71999979019165,4.5,4.610000133514404,792500,0.0,0.0
2023-12-20 00:00:00-05:00,4.599999904632568,4.760000228881836,4.46999979019165,4.519999980926514,699800,0.0,0.0
2023-12-21 00:00:00-05:00,4.599999904632568,4.650000095367432,4.519999980926514,4.599999904632568,258500,0.0,0.0
2023-12-22 00:00:00-05:00,4.619999885559082,4.650000095367432,4.5,4.519999980926514,346600,0.0,0.0
2023-12-26 00:00:00-05:00,4.559999942779541,4.639999866485596,4.480000019073486,4.559999942779541,243100,0.0,0.0
2023-12-27 00:00:00-05:00,4.53000020980835,4.610000133514404,4.5,4.579999923706055,184700,0.0,0.0
2023-12-28 00:00:00-05:00,4.550000190734863,4.679999828338623,4.550000190734863,4.599999904632568,238600,0.0,0.0
2023-12-29 00:00:00-05:00,4.590000152587891,4.619999885559082,4.360000133514404,4.400000095367432,943900,0.0,0.0
2024-01-02 00:00:00-05:00,4.400000095367432,4.579999923706055,4.320000171661377,4.329999923706055,591300,0.0,0.0
2024-01-03 00:00:00-05:00,4.300000190734863,4.400000095367432,4.070000171661377,4.079999923706055,406200,0.0,0.0
2024-01-04 00:00:00-05:00,4.099999904632568,4.130000114440918,3.990000009536743,4.090000152587891,322500,0.0,0.0
2024-01-05 00:00:00-05:00,4.039999961853027,4.179999828338623,3.9800000190734863,4.0,877800,0.0,0.0
2024-01-08 00:00:00-05:00,4.0,4.25,3.990000009536743,4.139999866485596,768900,0.0,0.0
2024-01-09 00:00:00-05:00,4.039999961853027,4.150000095367432,4.0,4.119999885559082,417100,0.0,0.0
2024-01-10 00:00:00-05:00,4.090000152587891,4.179999828338623,4.050000190734863,4.059999942779541,248800,0.0,0.0
2024-01-11 00:00:00-05:00,4.090000152587891,4.090000152587891,3.950000047683716,4.019999980926514,355600,0.0,0.0
2024-01-12 00:00:00-05:00,4.059999942779541,4.130000114440918,3.940000057220459,4.010000228881836,471200,0.0,0.0
2024-01-16 00:00:00-05:00,3.950000047683716,4.059999942779541,3.940000057220459,4.039999961853027,306500,0.0,0.0
2024-01-17 00:00:00-05:00,3.9700000286102295,4.090000152587891,3.9700000286102295,4.059999942779541,374500,0.0,0.0
2024-01-18 00:00:00-05:00,4.059999942779541,4.119999885559082,3.940000057220459,4.110000133514404,572300,0.0,0.0
2024-01-19 00:00:00-05:00,4.130000114440918,4.179999828338623,4.039999961853027,4.119999885559082,453300,0.0,0.0
2024-01-22 00:00:00-05:00,4.139999866485596,4.25,4.079999923706055,4.21999979019165,308500,0.0,0.0
2024-01-23 00:00:00-05:00,4.260000228881836,4.320000171661377,4.230000019073486,4.289999961853027,249200,0.0,0.0
2024-01-24 00:00:00-05:00,4.369999885559082,4.380000114440918,4.210000038146973,4.21999979019165,213600,0.0,0.0
2024-01-25 00:00:00-05:00,4.269999980926514,4.329999923706055,4.210000038146973,4.289999961853027,269900,0.0,0.0
2024-01-26 00:00:00-05:00,4.340000152587891,4.400000095367432,4.25,4.269999980926514,255600,0.0,0.0
2024-01-29 00:00:00-05:00,4.269999980926514,4.400000095367432,4.170000076293945,4.389999866485596,332200,0.0,0.0
2024-01-30 00:00:00-05:00,4.340000152587891,4.429999828338623,4.300000190734863,4.380000114440918,348800,0.0,0.0
2024-01-31 00:00:00-05:00,4.380000114440918,4.510000228881836,4.269999980926514,4.269999980926514,309300,0.0,0.0
2024-02-01 00:00:00-05:00,4.300000190734863,4.349999904632568,4.170000076293945,4.300000190734863,290300,0.0,0.0
2024-02-02 00:00:00-05:00,4.239999771118164,4.300000190734863,4.159999847412109,4.159999847412109,287200,0.0,0.0
2024-02-05 00:00:00-05:00,4.090000152587891,4.090000152587891,3.9000000953674316,3.9000000953674316,234100,0.0,0.0
2024-02-06 00:00:00-05:00,3.869999885559082,3.940000057220459,3.819999933242798,3.819999933242798,137700,0.0,0.0
2024-02-07 00:00:00-05:00,3.8499999046325684,3.8499999046325684,3.759999990463257,3.759999990463257,140200,0.0,0.0
2024-02-08 00:00:00-05:00,3.740000009536743,3.940000057220459,3.700000047683716,3.890000104904175,293800,0.0,0.0
2024-02-09 00:00:00-05:00,3.890000104904175,3.930000066757202,3.8299999237060547,3.8499999046325684,246300,0.0,0.0
2024-02-12 00:00:00-05:00,3.859999895095825,4.0,3.859999895095825,3.9700000286102295,181300,0.0,0.0
2024-02-13 00:00:00-05:00,3.809999942779541,3.859999895095825,3.7200000286102295,3.8299999237060547,453300,0.0,0.0
2024-02-14 00:00:00-05:00,3.9000000953674316,3.9000000953674316,3.819999933242798,3.8499999046325684,160200,0.0,0.0
2024-02-15 00:00:00-05:00,3.9100000858306885,4.070000171661377,3.869999885559082,4.0,333500,0.0,0.0
2024-02-16 00:00:00-05:00,3.9600000381469727,4.019999980926514,3.940000057220459,4.0,180100,0.0,0.0
2024-02-20 00:00:00-05:00,3.930000066757202,4.010000228881836,3.880000114440918,3.9000000953674316,190400,0.0,0.0
2024-02-21 00:00:00-05:00,3.9000000953674316,3.9100000858306885,3.8399999141693115,3.869999885559082,137700,0.0,0.0
2024-02-22 00:00:00-05:00,3.869999885559082,3.9100000858306885,3.740000009536743,3.799999952316284,313400,0.0,0.0
2024-02-23 00:00:00-05:00,3.7899999618530273,4.03000020980835,3.7899999618530273,4.010000228881836,497700,0.0,0.0
2024-02-26 00:00:00-05:00,3.9700000286102295,4.079999923706055,3.9700000286102295,4.0,345600,0.0,0.0
2024-02-27 00:00:00-05:00,4.059999942779541,4.159999847412109,3.869999885559082,4.039999961853027,373500,0.0,0.0
2024-02-28 00:00:00-05:00,3.990000009536743,4.039999961853027,3.890000104904175,3.940000057220459,318700,0.0,0.0
2024-02-29 00:00:00-05:00,4.039999961853027,4.039999961853027,3.9200000762939453,3.990000009536743,304600,0.0,0.0
2024-03-01 00:00:00-05:00,3.9800000190734863,4.0,3.930000066757202,3.9700000286102295,237300,0.0,0.0
2024-03-04 00:00:00-05:00,3.9800000190734863,4.0,3.940000057220459,3.950000047683716,90000,0.0,0.0
2024-03-05 00:00:00-05:00,3.9200000762939453,3.9600000381469727,3.880000114440918,3.890000104904175,130100,0.0,0.0
2024-03-06 00:00:00-05:00,3.9200000762939453,3.9200000762939453,3.75,3.819999933242798,219300,0.0,0.0
2024-03-07 00:00:00-05:00,3.8399999141693115,3.8399999141693115,3.700000047683716,3.7300000190734863,290600,0.0,0.0
2024-03-08 00:00:00-05:00,3.7799999713897705,3.819999933242798,3.740000009536743,3.809999942779541,258100,0.0,0.0
2024-03-11 00:00:00-04:00,3.809999942779541,3.8499999046325684,3.7200000286102295,3.7200000286102295,107200,0.0,0.0
2024-03-12 00:00:00-04:00,3.7300000190734863,3.7699999809265137,3.6500000953674316,3.740000009536743,227800,0.0,0.0
2024-03-13 00:00:00-04:00,3.740000009536743,3.7799999713897705,3.690000057220459,3.740000009536743,122900,0.0,0.0
2024-03-14 00:00:00-04:00,3.700000047683716,3.75,3.619999885559082,3.7200000286102295,298500,0.0,0.0
2024-03-15 00:00:00-04:00,3.680000066757202,3.7899999618530273,3.680000066757202,3.75,415300,0.0,0.0
2024-03-18 00:00:00-04:00,3.75,3.75,3.549999952316284,3.559999942779541,369800,0.0,0.0
2024-03-19 00:00:00-04:00,3.559999942779541,3.5999999046325684,3.509999990463257,3.569999933242798,209500,0.0,0.0
2024-03-20 00:00:00-04:00,3.559999942779541,3.680000066757202,3.5199999809265137,3.5899999141693115,318000,0.0,0.0
2024-03-21 00:00:00-04:00,3.319999933242798,3.4600000381469727,3.2300000190734863,3.299999952316284,1330300,0.0,0.0
2024-03-22 00:00:00-04:00,3.259999990463257,3.4600000381469727,3.259999990463257,3.3499999046325684,333900,0.0,0.0
2024-03-25 00:00:00-04:00,3.380000114440918,3.380000114440918,3.25,3.319999933242798,294200,0.0,0.0
2024-03-26 00:00:00-04:00,3.3299999237060547,3.3499999046325684,3.309999942779541,3.3499999046325684,171800,0.0,0.0
2024-03-27 00:00:00-04:00,3.4200000762939453,3.4600000381469727,3.369999885559082,3.450000047683716,164500,0.0,0.0
2024-03-28 00:00:00-04:00,3.4800000190734863,3.740000009536743,3.4800000190734863,3.5999999046325684,648800,0.0,0.0
2024-04-01 00:00:00-04:00,3.619999885559082,3.640000104904175,3.509999990463257,3.549999952316284,326600,0.0,0.0
2024-04-02 00:00:00-04:00,3.5199999809265137,3.559999942779541,3.450000047683716,3.4700000286102295,252100,0.0,0.0
2024-04-03 00:00:00-04:00,3.430000066757202,3.4800000190734863,3.4000000953674316,3.440000057220459,167300,0.0,0.0
2024-04-04 00:00:00-04:00,3.4800000190734863,3.4800000190734863,3.4100000858306885,3.4200000762939453,194900,0.0,0.0
2024-04-05 00:00:00-04:00,3.4000000953674316,3.4600000381469727,3.4000000953674316,3.430000066757202,202900,0.0,0.0
2024-04-08 00:00:00-04:00,3.440000057220459,3.4600000381469727,3.4200000762939453,3.430000066757202,115000,0.0,0.0
2024-04-09 00:00:00-04:00,3.440000057220459,3.4700000286102295,3.4200000762939453,3.4200000762939453,158500,0.0,0.0
2024-04-10 00:00:00-04:00,3.3399999141693115,3.4200000762939453,3.299999952316284,3.380000114440918,363700,0.0,0.0
2024-04-11 00:00:00-04:00,3.4000000953674316,3.4000000953674316,3.299999952316284,3.3399999141693115,171000,0.0,0.0
2024-04-12 00:00:00-04:00,3.309999942779541,3.3399999141693115,3.190000057220459,3.2799999713897705,437100,0.0,0.0
2024-04-15 00:00:00-04:00,3.309999942779541,3.3399999141693115,3.25,3.309999942779541,330400,0.0,0.0
2024-04-16 00:00:00-04:00,3.309999942779541,3.380000114440918,3.240000009536743,3.2699999809265137,319500,0.0,0.0
2024-04-17 00:00:00-04:00,3.2699999809265137,3.319999933242798,3.2100000381469727,3.2100000381469727,191800,0.0,0.0
2024-04-18 00:00:00-04:00,3.2100000381469727,3.259999990463257,3.1600000858306885,3.1600000858306885,212000,0.0,0.0
2024-04-19 00:00:00-04:00,3.1500000953674316,3.2699999809265137,3.1500000953674316,3.259999990463257,484700,0.0,0.0
2024-04-22 00:00:00-04:00,3.2699999809265137,3.3299999237060547,3.259999990463257,3.2699999809265137,102200,0.0,0.0
2024-04-23 00:00:00-04:00,3.259999990463257,3.359999895095825,3.25,3.3299999237060547,212900,0.0,0.0
2024-04-24 00:00:00-04:00,3.3299999237060547,3.369999885559082,3.309999942779541,3.319999933242798,140600,0.0,0.0
2024-04-25 00:00:00-04:00,3.299999952316284,3.4200000762939453,3.2200000286102295,3.4000000953674316,302700,0.0,0.0
2024-04-26 00:00:00-04:00,3.4100000858306885,3.450000047683716,3.3299999237060547,3.369999885559082,247600,0.0,0.0
2024-04-29 00:00:00-04:00,3.390000104904175,3.4600000381469727,3.309999942779541,3.369999885559082,260800,0.0,0.0
2024-04-30 00:00:00-04:00,3.3399999141693115,3.369999885559082,3.2100000381469727,3.2100000381469727,88400,0.0,0.0
2024-05-01 00:00:00-04:00,3.2300000190734863,3.2300000190734863,3.119999885559082,3.1600000858306885,137800,0.0,0.0
2024-05-02 00:00:00-04:00,3.2100000381469727,3.309999942779541,3.180000066757202,3.299999952316284,144200,0.0,0.0
2024-05-03 00:00:00-04:00,3.3499999046325684,3.390000104904175,3.1500000953674316,3.240000009536743,289500,0.0,0.0
2024-05-06 00:00:00-04:00,3.240000009536743,3.309999942779541,3.2200000286102295,3.2699999809265137,186400,0.0,0.0
2024-05-07 00:00:00-04:00,3.2699999809265137,3.3499999046325684,3.259999990463257,3.319999933242798,164300,0.0,0.0
2024-05-08 00:00:00-04:00,3.259999990463257,3.3299999237060547,3.259999990463257,3.259999990463257,145500,0.0,0.0
2024-05-09 00:00:00-04:00,3.2699999809265137,3.3299999237060547,3.259999990463257,3.2799999713897705,145400,0.0,0.0
2024-05-10 00:00:00-04:00,3.299999952316284,3.3299999237060547,3.180000066757202,3.2699999809265137,305700,0.0,0.0
2024-05-13 00:00:00-04:00,3.309999942779541,3.369999885559082,3.309999942779541,3.309999942779541,88200,0.0,0.0
2024-05-14 00:00:00-04:00,3.369999885559082,3.4100000858306885,3.3299999237060547,3.369999885559082,101000,0.0,0.0
2024-05-15 00:00:00-04:00,3.4000000953674316,3.440000057220459,3.299999952316284,3.359999895095825,148800,0.0,0.0
2024-05-16 00:00:00-04:00,3.369999885559082,3.5299999713897705,3.369999885559082,3.490000009536743,430600,0.0,0.0
2024-05-17 00:00:00-04:00,3.509999990463257,3.559999942779541,3.4000000953674316,3.490000009536743,176900,0.0,0.0
2024-05-20 00:00:00-04:00,3.4800000190734863,3.509999990463257,3.4000000953674316,3.440000057220459,169800,0.0,0.0
2024-05-21 00:00:00-04:00,3.4200000762939453,3.4600000381469727,3.3399999141693115,3.430000066757202,175400,0.0,0.0
2024-05-22 00:00:00-04:00,3.430000066757202,3.5,3.309999942779541,3.4600000381469727,195500,0.0,0.0
2024-05-23 00:00:00-04:00,3.4600000381469727,3.4600000381469727,3.3499999046325684,3.440000057220459,220700,0.0,0.0
2024-05-24 00:00:00-04:00,3.430000066757202,3.6500000953674316,3.430000066757202,3.640000104904175,248900,0.0,0.0
2024-05-28 00:00:00-04:00,3.6600000858306885,3.7799999713897705,3.5899999141693115,3.5899999141693115,272300,0.0,0.0
2024-05-29 00:00:00-04:00,3.549999952316284,3.6500000953674316,3.440000057220459,3.569999933242798,417200,0.0,0.0
2024-05-30 00:00:00-04:00,3.0999999046325684,3.380000114440918,3.009999990463257,3.299999952316284,694200,0.0,0.0
2024-05-31 00:00:00-04:00,3.25,3.5799999237060547,3.25,3.549999952316284,255500,0.0,0.0
2024-06-03 00:00:00-04:00,3.609999895095825,3.630000114440918,3.509999990463257,3.609999895095825,429900,0.0,0.0
2024-06-04 00:00:00-04:00,3.5999999046325684,3.7200000286102295,3.5,3.6700000762939453,261800,0.0,0.0
2024-06-05 00:00:00-04:00,3.680000066757202,3.690000057220459,3.5299999713897705,3.6700000762939453,175000,0.0,0.0
2024-06-06 00:00:00-04:00,3.609999895095825,3.6600000858306885,3.569999933242798,3.630000114440918,230000,0.0,0.0
2024-06-07 00:00:00-04:00,3.5999999046325684,3.680000066757202,3.5399999618530273,3.640000104904175,314600,0.0,0.0
2024-06-10 00:00:00-04:00,3.5799999237060547,3.619999885559082,3.5299999713897705,3.5999999046325684,169700,0.0,0.0
2024-06-11 00:00:00-04:00,3.559999942779541,3.619999885559082,3.4600000381469727,3.5999999046325684,194100,0.0,0.0
2024-06-12 00:00:00-04:00,3.700000047683716,3.809999942779541,3.5399999618530273,3.609999895095825,428200,0.0,0.0
2024-06-13 00:00:00-04:00,3.569999933242798,3.640000104904175,3.509999990463257,3.5999999046325684,225000,0.0,0.0
2024-06-14 00:00:00-04:00,3.559999942779541,3.680000066757202,3.509999990463257,3.559999942779541,322700,0.0,0.0
2024-06-17 00:00:00-04:00,3.549999952316284,3.640000104904175,3.450000047683716,3.619999885559082,222300,0.0,0.0
2024-06-18 00:00:00-04:00,3.609999895095825,3.619999885559082,3.430000066757202,3.5999999046325684,362400,0.0,0.0
2024-06-20 00:00:00-04:00,3.5399999618530273,3.6500000953674316,3.450000047683716,3.509999990463257,444100,0.0,0.0
2024-06-21 00:00:00-04:00,3.5299999713897705,3.6600000858306885,3.5199999809265137,3.549999952316284,379400,0.0,0.0
2024-06-24 00:00:00-04:00,3.569999933242798,3.630000114440918,3.4800000190734863,3.619999885559082,260700,0.0,0.0
2024-06-25 00:00:00-04:00,3.619999885559082,3.700000047683716,3.4700000286102295,3.569999933242798,398600,0.0,0.0
2024-06-26 00:00:00-04:00,3.559999942779541,3.6700000762939453,3.5399999618530273,3.549999952316284,519000,0.0,0.0
2024-06-27 00:00:00-04:00,3.6600000858306885,3.7200000286102295,3.4600000381469727,3.559999942779541,485100,0.0,0.0
2024-06-28 00:00:00-04:00,3.569999933242798,3.680000066757202,3.5,3.640000104904175,545500,0.0,0.0
2024-07-01 00:00:00-04:00,3.630000114440918,3.630000114440918,3.549999952316284,3.5899999141693115,190100,0.0,0.0
2024-07-02 00:00:00-04:00,3.5999999046325684,3.630000114440918,3.5399999618530273,3.5399999618530273,77600,0.0,0.0
2024-07-03 00:00:00-04:00,3.559999942779541,3.559999942779541,3.4600000381469727,3.509999990463257,151700,0.0,0.0
2024-07-05 00:00:00-04:00,3.490000009536743,3.490000009536743,3.319999933242798,3.4200000762939453,527400,0.0,0.0
2024-07-08 00:00:00-04:00,3.4600000381469727,3.490000009536743,3.3299999237060547,3.3399999141693115,261800,0.0,0.0
2024-07-09 00:00:00-04:00,3.319999933242798,3.369999885559082,3.25,3.3299999237060547,126200,0.0,0.0
2024-07-10 00:00:00-04:00,3.3399999141693115,3.430000066757202,3.2799999713897705,3.390000104904175,118800,0.0,0.0
2024-07-11 00:00:00-04:00,3.440000057220459,3.5999999046325684,3.440000057220459,3.5,254100,0.0,0.0
2024-07-12 00:00:00-04:00,3.549999952316284,3.609999895095825,3.5,3.549999952316284,159900,0.0,0.0
2024-07-15 00:00:00-04:00,3.5799999237060547,3.640000104904175,3.5199999809265137,3.609999895095825,197300,0.0,0.0
2024-07-16 00:00:00-04:00,3.6700000762939453,3.7799999713897705,3.6500000953674316,3.7799999713897705,295400,0.0,0.0
2024-07-17 00:00:00-04:00,3.759999990463257,3.8399999141693115,3.6700000762939453,3.7899999618530273,285700,0.0,0.0
2024-07-18 00:00:00-04:00,3.759999990463257,3.799999952316284,3.5899999141693115,3.619999885559082,258500,0.0,0.0
2024-07-19 00:00:00-04:00,3.630000114440918,3.75,3.569999933242798,3.6600000858306885,211100,0.0,0.0
2024-07-22 00:00:00-04:00,3.6500000953674316,3.7100000381469727,3.5399999618530273,3.640000104904175,130200,0.0,0.0
2024-07-23 00:00:00-04:00,3.630000114440918,3.740000009536743,3.630000114440918,3.680000066757202,153800,0.0,0.0
2024-07-24 00:00:00-04:00,3.6600000858306885,3.690000057220459,3.5,3.5199999809265137,249900,0.0,0.0
2024-07-25 00:00:00-04:00,3.5399999618530273,3.5999999046325684,3.4100000858306885,3.569999933242798,214900,0.0,0.0
2024-07-26 00:00:00-04:00,3.630000114440918,3.680000066757202,3.5199999809265137,3.559999942779541,111100,0.0,0.0
2024-07-29 00:00:00-04:00,3.549999952316284,3.5999999046325684,3.4700000286102295,3.4700000286102295,84800,0.0,0.0
2024-07-30 00:00:00-04:00,3.5,3.5799999237060547,3.4800000190734863,3.559999942779541,74700,0.0,0.0
2024-07-31 00:00:00-04:00,3.5799999237060547,3.930000066757202,3.3499999046325684,3.7300000190734863,946200,0.0,0.0
2024-08-01 00:00:00-04:00,3.75,3.7799999713897705,3.4700000286102295,3.559999942779541,233500,0.0,0.0
2024-08-02 00:00:00-04:00,3.390000104904175,3.4600000381469727,3.259999990463257,3.369999885559082,1260400,0.0,0.0
2024-08-05 00:00:00-04:00,3.1600000858306885,3.2300000190734863,3.0899999141693115,3.190000057220459,257100,0.0,0.0
2024-08-06 00:00:00-04:00,3.1700000762939453,3.2899999618530273,2.9600000381469727,3.069999933242798,272200,0.0,0.0
2024-08-07 00:00:00-04:00,3.109999895095825,3.119999885559082,2.940000057220459,3.0199999809265137,277100,0.0,0.0
2024-08-08 00:00:00-04:00,3.069999933242798,3.109999895095825,3.0299999713897705,3.049999952316284,125700,0.0,0.0
2024-08-09 00:00:00-04:00,3.0799999237060547,3.0799999237060547,2.930000066757202,2.9800000190734863,208600,0.0,0.0
2024-08-12 00:00:00-04:00,2.9700000286102295,3.0199999809265137,2.890000104904175,2.9800000190734863,192100,0.0,0.0
2024-08-13 00:00:00-04:00,3.0,3.0299999713897705,2.880000114440918,2.9800000190734863,100100,0.0,0.0
2024-08-14 00:00:00-04:00,3.009999990463257,3.009999990463257,2.8399999141693115,2.890000104904175,259700,0.0,0.0
2024-08-15 00:00:00-04:00,2.9800000190734863,3.069999933242798,2.880000114440918,3.0199999809265137,1390000,0.0,0.0
2024-08-16 00:00:00-04:00,3.0199999809265137,3.119999885559082,2.9800000190734863,2.9800000190734863,231200,0.0,0.0
2024-08-19 00:00:00-04:00,2.950000047683716,3.0399999618530273,2.950000047683716,2.9800000190734863,81600,0.0,0.0
2024-08-20 00:00:00-04:00,2.9700000286102295,3.0,2.8499999046325684,2.869999885559082,245500,0.0,0.0
2024-08-21 00:00:00-04:00,2.9200000762939453,3.0,2.859999895095825,2.940000057220459,324000,0.0,0.0
2024-08-22 00:00:00-04:00,2.950000047683716,2.9800000190734863,2.75,2.7699999809265137,1617300,0.0,0.0
2024-08-23 00:00:00-04:00,2.819999933242798,3.0299999713897705,2.819999933242798,2.950000047683716,470300,0.0,0.0
2024-08-26 00:00:00-04:00,2.9600000381469727,2.9700000286102295,2.880000114440918,2.930000066757202,179700,0.0,0.0
2024-08-27 00:00:00-04:00,2.9000000953674316,2.9100000858306885,2.75,2.759999990463257,207000,0.0,0.0
2024-08-28 00:00:00-04:00,2.799999952316284,2.8499999046325684,2.7100000381469727,2.799999952316284,432800,0.0,0.0
2024-08-29 00:00:00-04:00,2.190000057220459,2.7799999713897705,2.190000057220459,2.7200000286102295,662500,0.0,0.0
2024-08-30 00:00:00-04:00,2.700000047683716,2.7699999809265137,2.6500000953674316,2.75,276600,0.0,0.0
2024-09-03 00:00:00-04:00,2.7100000381469727,2.75,2.569999933242798,2.700000047683716,433900,0.0,0.0
2024-09-04 00:00:00-04:00,2.740000009536743,2.759999990463257,2.5899999141693115,2.700000047683716,362200,0.0,0.0
2024-09-05 00:00:00-04:00,2.7100000381469727,2.7100000381469727,2.619999885559082,2.6600000858306885,335100,0.0,0.0
2024-09-06 00:00:00-04:00,2.6500000953674316,2.700000047683716,2.5299999713897705,2.630000114440918,338600,0.0,0.0
2024-09-09 00:00:00-04:00,2.619999885559082,2.6500000953674316,2.5299999713897705,2.609999895095825,361200,0.0,0.0
2024-09-10 00:00:00-04:00,2.619999885559082,2.630000114440918,2.5799999237060547,2.5999999046325684,267900,0.0,0.0
2024-09-11 00:00:00-04:00,2.5799999237060547,2.6500000953674316,2.5,2.630000114440918,437600,0.0,0.0
2024-09-12 00:00:00-04:00,2.640000104904175,2.6500000953674316,2.5799999237060547,2.619999885559082,352900,0.0,0.0
2024-09-13 00:00:00-04:00,2.6500000953674316,2.869999885559082,2.5799999237060547,2.7899999618530273,332800,0.0,0.0
2024-09-16 00:00:00-04:00,2.809999942779541,2.9600000381469727,2.7799999713897705,2.799999952316284,393600,0.0,0.0
2024-09-17 00:00:00-04:00,2.8299999237060547,2.9100000858306885,2.7799999713897705,2.809999942779541,351500,0.0,0.0
2024-09-18 00:00:00-04:00,2.809999942779541,2.9100000858306885,2.75,2.7699999809265137,294200,0.0,0.0
2024-09-19 00:00:00-04:00,2.819999933242798,2.880000114440918,2.7799999713897705,2.7799999713897705,249900,0.0,0.0
2024-09-20 00:00:00-04:00,2.75,2.859999895095825,2.700000047683716,2.809999942779541,1262600,0.0,0.0
2024-09-23 00:00:00-04:00,2.8299999237060547,2.940000057220459,2.7699999809265137,2.859999895095825,616400,0.0,0.0
2024-09-24 00:00:00-04:00,2.869999885559082,2.9800000190734863,2.869999885559082,2.940000057220459,546200,0.0,0.0
2024-09-25 00:00:00-04:00,2.9200000762939453,2.940000057220459,2.809999942779541,2.819999933242798,430300,0.0,0.0
2024-09-26 00:00:00-04:00,2.869999885559082,2.869999885559082,2.7799999713897705,2.809999942779541,335600,0.0,0.0
2024-09-27 00:00:00-04:00,2.819999933242798,2.9800000190734863,2.690000057220459,2.9200000762939453,421300,0.0,0.0
2024-09-30 00:00:00-04:00,2.930000066757202,2.9600000381469727,2.869999885559082,2.940000057220459,609900,0.0,0.0
2024-10-01 00:00:00-04:00,2.9100000858306885,2.9100000858306885,2.740000009536743,2.75,610300,0.0,0.0
2024-10-02 00:00:00-04:00,2.7200000286102295,2.7699999809265137,2.6600000858306885,2.7100000381469727,478100,0.0,0.0
2024-10-03 00:00:00-04:00,2.680000066757202,2.819999933242798,2.6600000858306885,2.75,309900,0.0,0.0
2024-10-04 00:00:00-04:00,2.7799999713897705,2.950000047683716,2.7799999713897705,2.880000114440918,284100,0.0,0.0
2024-10-07 00:00:00-04:00,2.8399999141693115,2.8499999046325684,2.75,2.809999942779541,221600,0.0,0.0
2024-10-08 00:00:00-04:00,2.809999942779541,2.8499999046325684,2.7899999618530273,2.809999942779541,179400,0.0,0.0
2024-10-09 00:00:00-04:00,2.799999952316284,2.869999885559082,2.7100000381469727,2.740000009536743,272100,0.0,0.0
2024-10-10 00:00:00-04:00,2.690000057220459,2.7699999809265137,2.640000104904175,2.75,234100,0.0,0.0
2024-10-11 00:00:00-04:00,2.7200000286102295,2.890000104904175,2.690000057220459,2.880000114440918,203000,0.0,0.0
2024-10-14 00:00:00-04:00,2.859999895095825,2.940000057220459,2.7899999618530273,2.799999952316284,377900,0.0,0.0
2024-10-15 00:00:00-04:00,2.7799999713897705,3.0,2.7799999713897705,2.819999933242798,391400,0.0,0.0
2024-10-16 00:00:00-04:00,2.8499999046325684,3.009999990463257,2.809999942779541,2.950000047683716,306300,0.0,0.0
2024-10-17 00:00:00-04:00,2.9600000381469727,3.009999990463257,2.9000000953674316,2.950000047683716,283800,0.0,0.0
2024-10-18 00:00:00-04:00,2.950000047683716,3.0,2.869999885559082,2.930000066757202,303200,0.0,0.0
2024-10-21 00:00:00-04:00,2.9100000858306885,2.950000047683716,2.819999933242798,2.819999933242798,225000,0.0,0.0
2024-10-22 00:00:00-04:00,2.799999952316284,2.9200000762939453,2.75,2.759999990463257,219200,0.0,0.0
2024-10-23 00:00:00-04:00,2.7300000190734863,2.7699999809265137,2.680000066757202,2.690000057220459,206700,0.0,0.0
2024-10-24 00:00:00-04:00,2.690000057220459,2.7699999809265137,2.680000066757202,2.690000057220459,205000,0.0,0.0
2024-10-25 00:00:00-04:00,2.75,2.7899999618530273,2.630000114440918,2.6600000858306885,215600,0.0,0.0
2024-10-28 00:00:00-04:00,2.690000057220459,2.799999952316284,2.680000066757202,2.740000009536743,225700,0.0,0.0
2024-10-29 00:00:00-04:00,2.690000057220459,2.799999952316284,2.6700000762939453,2.7699999809265137,140300,0.0,0.0
2024-10-30 00:00:00-04:00,2.75,2.8299999237060547,2.700000047683716,2.700000047683716,192000,0.0,0.0
2024-10-31 00:00:00-04:00,2.700000047683716,2.7300000190734863,2.6700000762939453,2.680000066757202,182800,0.0,0.0
2024-11-01 00:00:00-04:00,2.680000066757202,2.7200000286102295,2.6700000762939453,2.690000057220459,210600,0.0,0.0
2024-11-04 00:00:00-05:00,2.6700000762939453,2.809999942779541,2.6700000762939453,2.7300000190734863,243900,0.0,0.0
2024-11-05 00:00:00-05:00,2.7300000190734863,2.8399999141693115,2.7200000286102295,2.799999952316284,249200,0.0,0.0
2024-11-06 00:00:00-05:00,3.009999990463257,3.049999952316284,2.9100000858306885,2.9600000381469727,451900,0.0,0.0
2024-11-07 00:00:00-05:00,2.9700000286102295,3.069999933242798,2.759999990463257,3.0,169600,0.0,0.0
2024-11-08 00:00:00-05:00,3.009999990463257,3.049999952316284,2.9200000762939453,2.940000057220459,207900,0.0,0.0
2024-11-11 00:00:00-05:00,2.950000047683716,3.059999942779541,2.9100000858306885,3.0199999809265137,171600,0.0,0.0
2024-11-12 00:00:00-05:00,3.0,3.0399999618530273,2.940000057220459,2.950000047683716,256200,0.0,0.0
2024-11-13 00:00:00-05:00,2.990000009536743,3.0399999618530273,2.9600000381469727,2.9800000190734863,197900,0.0,0.0
2024-11-14 00:00:00-05:00,2.9700000286102295,3.0199999809265137,2.9700000286102295,3.0,168900,0.0,0.0
2024-11-15 00:00:00-05:00,2.7799999713897705,3.009999990463257,2.740000009536743,2.8399999141693115,345400,0.0,0.0
2024-11-18 00:00:00-05:00,2.8499999046325684,2.9000000953674316,2.799999952316284,2.799999952316284,183300,0.0,0.0
2024-11-19 00:00:00-05:00,2.7799999713897705,2.799999952316284,2.569999933242798,2.569999933242798,373600,0.0,0.0
2024-11-20 00:00:00-05:00,2.549999952316284,2.6500000953674316,2.430000066757202,2.5,357300,0.0,0.0
2024-11-21 00:00:00-05:00,2.5,2.6500000953674316,2.5,2.5799999237060547,361000,0.0,0.0
2024-11-22 00:00:00-05:00,2.440000057220459,2.4800000190734863,2.299999952316284,2.319999933242798,515000,0.0,0.0
2024-11-25 00:00:00-05:00,2.3399999141693115,2.5899999141693115,2.25,2.2799999713897705,387400,0.0,0.0
2024-11-26 00:00:00-05:00,2.259999990463257,2.380000114440918,2.240000009536743,2.299999952316284,406500,0.0,0.0
2024-11-27 00:00:00-05:00,2.309999942779541,2.4600000381469727,2.309999942779541,2.3499999046325684,308200,0.0,0.0
