Date,Open,High,Low,Close,Volume,Dividends,Stock Splits
2022-01-03 00:00:00-05:00,19.354999542236328,20.43000030517578,19.264999389648438,20.239999771118164,60900,0.0,0.0
2022-01-04 00:00:00-05:00,20.540000915527344,20.579999923706055,19.649999618530273,19.899999618530273,73500,0.0,0.0
2022-01-05 00:00:00-05:00,20.09000015258789,20.850000381469727,18.829999923706055,19.59000015258789,115200,0.0,0.0
2022-01-06 00:00:00-05:00,19.450000762939453,19.850000381469727,17.93000030517578,18.700000762939453,162000,0.0,0.0
2022-01-07 00:00:00-05:00,18.5,19.469999313354492,18.19499969482422,18.5,49000,0.0,0.0
2022-01-10 00:00:00-05:00,18.1299991607666,18.31999969482422,17.15999984741211,18.1299991607666,74100,0.0,0.0
2022-01-11 00:00:00-05:00,18.649999618530273,19.479999542236328,17.420000076293945,19.010000228881836,121100,0.0,0.0
2022-01-12 00:00:00-05:00,19.375,19.68000030517578,17.5,17.739999771118164,125100,0.0,0.0
2022-01-13 00:00:00-05:00,17.549999237060547,17.81999969482422,15.420000076293945,15.9399995803833,39100,0.0,0.0
2022-01-14 00:00:00-05:00,16.690000534057617,16.690000534057617,15.460000038146973,15.760000228881836,130400,0.0,0.0
2022-01-18 00:00:00-05:00,15.329999923706055,15.760000228881836,14.079999923706055,14.760000228881836,105000,0.0,0.0
2022-01-19 00:00:00-05:00,14.640000343322754,15.210000038146973,14.574999809265137,14.710000038146973,123700,0.0,0.0
2022-01-20 00:00:00-05:00,15.0,15.149999618530273,14.170000076293945,14.270000457763672,120100,0.0,0.0
2022-01-21 00:00:00-05:00,14.449999809265137,14.699999809265137,13.789999961853027,13.979999542236328,115900,0.0,0.0
2022-01-24 00:00:00-05:00,13.800000190734863,14.770000457763672,13.25,14.529999732971191,57000,0.0,0.0
2022-01-25 00:00:00-05:00,14.210000038146973,14.770000457763672,13.970000267028809,14.25,121400,0.0,0.0
2022-01-26 00:00:00-05:00,14.699999809265137,16.889999389648438,14.149999618530273,14.239999771118164,92800,0.0,0.0
2022-01-27 00:00:00-05:00,14.399999618530273,15.039999961853027,13.609999656677246,13.800000190734863,63000,0.0,0.0
2022-01-28 00:00:00-05:00,14.130000114440918,14.880000114440918,13.420000076293945,14.550000190734863,45000,0.0,0.0
2022-01-31 00:00:00-05:00,14.329999923706055,15.520000457763672,13.925000190734863,15.229999542236328,54400,0.0,0.0
2022-02-01 00:00:00-05:00,15.300000190734863,16.225000381469727,15.0600004196167,15.739999771118164,38300,0.0,0.0
2022-02-02 00:00:00-05:00,15.619999885559082,16.459999084472656,14.680000305175781,14.920000076293945,45200,0.0,0.0
2022-02-03 00:00:00-05:00,14.609999656677246,15.354999542236328,14.25,14.40999984741211,45500,0.0,0.0
2022-02-04 00:00:00-05:00,14.5,15.34000015258789,14.329999923706055,15.319999694824219,34800,0.0,0.0
2022-02-07 00:00:00-05:00,15.359999656677246,17.190000534057617,14.680000305175781,15.420000076293945,93600,0.0,0.0
2022-02-08 00:00:00-05:00,15.260000228881836,16.579999923706055,15.260000228881836,16.31999969482422,71800,0.0,0.0
2022-02-09 00:00:00-05:00,16.3799991607666,17.360000610351562,15.454999923706055,16.989999771118164,62400,0.0,0.0
2022-02-10 00:00:00-05:00,16.360000610351562,18.100000381469727,16.059999465942383,17.059999465942383,53900,0.0,0.0
2022-02-11 00:00:00-05:00,17.170000076293945,18.579999923706055,17.0,17.25,64200,0.0,0.0
2022-02-14 00:00:00-05:00,17.5,18.40999984741211,16.479999542236328,16.479999542236328,150400,0.0,0.0
2022-02-15 00:00:00-05:00,16.6299991607666,18.190000534057617,16.6299991607666,17.850000381469727,69500,0.0,0.0
2022-02-16 00:00:00-05:00,17.559999465942383,18.253999710083008,15.800000190734863,17.079999923706055,50800,0.0,0.0
2022-02-17 00:00:00-05:00,16.770000457763672,17.489999771118164,16.200000762939453,16.260000228881836,43300,0.0,0.0
2022-02-18 00:00:00-05:00,16.06999969482422,16.639999389648438,15.600000381469727,15.850000381469727,84400,0.0,0.0
2022-02-22 00:00:00-05:00,15.899999618530273,17.670000076293945,15.479999542236328,16.510000228881836,130800,0.0,0.0
2022-02-23 00:00:00-05:00,16.479999542236328,17.420000076293945,16.047000885009766,16.200000762939453,44900,0.0,0.0
2022-02-24 00:00:00-05:00,15.619999885559082,17.520000457763672,15.119999885559082,16.950000762939453,57600,0.0,0.0
2022-02-25 00:00:00-05:00,17.209999084472656,18.219999313354492,16.170000076293945,18.100000381469727,322700,0.0,0.0
2022-02-28 00:00:00-05:00,17.940000534057617,18.56999969482422,17.18000030517578,17.280000686645508,66100,0.0,0.0
2022-03-01 00:00:00-05:00,17.770000457763672,18.56999969482422,16.68000030517578,16.809999465942383,63400,0.0,0.0
2022-03-02 00:00:00-05:00,16.780000686645508,18.1200008392334,16.395000457763672,17.639999389648438,54200,0.0,0.0
2022-03-03 00:00:00-05:00,18.059999465942383,18.743999481201172,17.1200008392334,17.34000015258789,42500,0.0,0.0
2022-03-04 00:00:00-05:00,16.93000030517578,17.709999084472656,16.610000610351562,17.350000381469727,41400,0.0,0.0
2022-03-07 00:00:00-05:00,17.31999969482422,17.934999465942383,16.56999969482422,16.90999984741211,53600,0.0,0.0
2022-03-08 00:00:00-05:00,16.610000610351562,18.360000610351562,15.149999618530273,17.860000610351562,56500,0.0,0.0
2022-03-09 00:00:00-05:00,18.530000686645508,19.600000381469727,17.770000457763672,18.18000030517578,52300,0.0,0.0
2022-03-10 00:00:00-05:00,17.809999465942383,18.40999984741211,17.135000228881836,17.770000457763672,44700,0.0,0.0
2022-03-11 00:00:00-05:00,17.729999542236328,18.559999465942383,17.31999969482422,17.350000381469727,36900,0.0,0.0
2022-03-14 00:00:00-04:00,17.709999084472656,18.139999389648438,16.299999237060547,16.649999618530273,56900,0.0,0.0
2022-03-15 00:00:00-04:00,16.719999313354492,17.350000381469727,16.309999465942383,16.969999313354492,53600,0.0,0.0
2022-03-16 00:00:00-04:00,17.520000457763672,17.75,16.6200008392334,17.139999389648438,68500,0.0,0.0
2022-03-17 00:00:00-04:00,16.90999984741211,17.604999542236328,16.084999084472656,16.239999771118164,91400,0.0,0.0
2022-03-18 00:00:00-04:00,16.020000457763672,18.165000915527344,16.020000457763672,16.860000610351562,532900,0.0,0.0
2022-03-21 00:00:00-04:00,17.139999389648438,17.94300079345703,15.239999771118164,15.260000228881836,114200,0.0,0.0
2022-03-22 00:00:00-04:00,15.369999885559082,16.110000610351562,15.140000343322754,15.59000015258789,53700,0.0,0.0
2022-03-23 00:00:00-04:00,15.34000015258789,16.18000030517578,14.9399995803833,15.670000076293945,49900,0.0,0.0
2022-03-24 00:00:00-04:00,15.729999542236328,16.100000381469727,15.4350004196167,16.0,25400,0.0,0.0
2022-03-25 00:00:00-04:00,16.059999465942383,16.165000915527344,14.359999656677246,14.510000228881836,68100,0.0,0.0
2022-03-28 00:00:00-04:00,14.680000305175781,14.680000305175781,13.140000343322754,13.239999771118164,66100,0.0,0.0
2022-03-29 00:00:00-04:00,13.319999694824219,14.890000343322754,13.319999694824219,14.350000381469727,44800,0.0,0.0
2022-03-30 00:00:00-04:00,15.661999702453613,15.661999702453613,14.369999885559082,14.569999694824219,55500,0.0,0.0
2022-03-31 00:00:00-04:00,14.600000381469727,14.75,14.15999984741211,14.34000015258789,56200,0.0,0.0
2022-04-01 00:00:00-04:00,14.260000228881836,15.15999984741211,13.970000267028809,15.15999984741211,37700,0.0,0.0
2022-04-04 00:00:00-04:00,14.869999885559082,15.710000038146973,14.770000457763672,15.649999618530273,46500,0.0,0.0
2022-04-05 00:00:00-04:00,15.739999771118164,16.34000015258789,14.9399995803833,15.039999961853027,29800,0.0,0.0
2022-04-06 00:00:00-04:00,15.029999732971191,15.029999732971191,13.979999542236328,14.40999984741211,28600,0.0,0.0
2022-04-07 00:00:00-04:00,14.279999732971191,14.739999771118164,13.470000267028809,14.510000228881836,32200,0.0,0.0
2022-04-08 00:00:00-04:00,14.34000015258789,14.550000190734863,13.470999717712402,14.079999923706055,36300,0.0,0.0
2022-04-11 00:00:00-04:00,13.380000114440918,14.949999809265137,13.25,14.0600004196167,43800,0.0,0.0
2022-04-12 00:00:00-04:00,14.390000343322754,14.90999984741211,13.720000267028809,13.8100004196167,38500,0.0,0.0
2022-04-13 00:00:00-04:00,13.970000267028809,14.368000030517578,13.5,14.010000228881836,63500,0.0,0.0
2022-04-14 00:00:00-04:00,14.149999618530273,14.3100004196167,13.289999961853027,13.470000267028809,32300,0.0,0.0
2022-04-18 00:00:00-04:00,13.359999656677246,13.5600004196167,13.239999771118164,13.489999771118164,57600,0.0,0.0
2022-04-19 00:00:00-04:00,13.390000343322754,14.479999542236328,13.390000343322754,14.130000114440918,233800,0.0,0.0
2022-04-20 00:00:00-04:00,14.300000190734863,14.369999885559082,13.579999923706055,14.319999694824219,112200,0.0,0.0
2022-04-21 00:00:00-04:00,14.380000114440918,14.920000076293945,13.899999618530273,14.229999542236328,37800,0.0,0.0
2022-04-22 00:00:00-04:00,14.380000114440918,14.380000114440918,13.130000114440918,13.229999542236328,35300,0.0,0.0
2022-04-25 00:00:00-04:00,13.119999885559082,13.380000114440918,12.510000228881836,13.180000305175781,94700,0.0,0.0
2022-04-26 00:00:00-04:00,12.920000076293945,13.100000381469727,12.265000343322754,12.640000343322754,44000,0.0,0.0
2022-04-27 00:00:00-04:00,12.630000114440918,13.130000114440918,12.010000228881836,12.020000457763672,44000,0.0,0.0
2022-04-28 00:00:00-04:00,12.210000038146973,12.260000228881836,10.40999984741211,10.789999961853027,60500,0.0,0.0
2022-04-29 00:00:00-04:00,10.770000457763672,10.8100004196167,9.619999885559082,9.84000015258789,79700,0.0,0.0
2022-05-02 00:00:00-04:00,9.739999771118164,10.40999984741211,9.449999809265137,10.34000015258789,68500,0.0,0.0
2022-05-03 00:00:00-04:00,10.239999771118164,10.609999656677246,9.90999984741211,10.380000114440918,166300,0.0,0.0
2022-05-04 00:00:00-04:00,9.824999809265137,11.670000076293945,9.824999809265137,11.579999923706055,131200,0.0,0.0
2022-05-05 00:00:00-04:00,11.289999961853027,11.289999961853027,10.369999885559082,10.520000457763672,69400,0.0,0.0
2022-05-06 00:00:00-04:00,10.550000190734863,10.739999771118164,9.864999771118164,10.130000114440918,46800,0.0,0.0
2022-05-09 00:00:00-04:00,10.0600004196167,10.329999923706055,9.390000343322754,9.729999542236328,172700,0.0,0.0
2022-05-10 00:00:00-04:00,10.050000190734863,10.954999923706055,9.913999557495117,10.220000267028809,135500,0.0,0.0
2022-05-11 00:00:00-04:00,10.239999771118164,10.979999542236328,10.135000228881836,10.319999694824219,92000,0.0,0.0
2022-05-12 00:00:00-04:00,10.199999809265137,11.145000457763672,10.199999809265137,10.600000381469727,43700,0.0,0.0
2022-05-13 00:00:00-04:00,10.920000076293945,11.510000228881836,10.789999961853027,11.0600004196167,35500,0.0,0.0
2022-05-16 00:00:00-04:00,10.949999809265137,11.430000305175781,10.194999694824219,10.40999984741211,32900,0.0,0.0
2022-05-17 00:00:00-04:00,10.770000457763672,11.210000038146973,10.270000457763672,10.710000038146973,73500,0.0,0.0
2022-05-18 00:00:00-04:00,10.4399995803833,11.430000305175781,9.954999923706055,10.579999923706055,222900,0.0,0.0
2022-05-19 00:00:00-04:00,10.5,11.380000114440918,10.300000190734863,10.729999542236328,198600,0.0,0.0
2022-05-20 00:00:00-04:00,10.970000267028809,12.069999694824219,9.819999694824219,10.350000381469727,130100,0.0,0.0
2022-05-23 00:00:00-04:00,10.100000381469727,11.1899995803833,10.100000381469727,11.109999656677246,69800,0.0,0.0
2022-05-24 00:00:00-04:00,11.0600004196167,11.345000267028809,10.619999885559082,10.949999809265137,24700,0.0,0.0
2022-05-25 00:00:00-04:00,10.819999694824219,11.199999809265137,10.78499984741211,10.90999984741211,35700,0.0,0.0
2022-05-26 00:00:00-04:00,11.069999694824219,11.359999656677246,10.680000305175781,11.0,56300,0.0,0.0
2022-05-27 00:00:00-04:00,11.329999923706055,11.854999542236328,11.274999618530273,11.720000267028809,31100,0.0,0.0
2022-05-31 00:00:00-04:00,11.789999961853027,11.819999694824219,10.96500015258789,11.130000114440918,61500,0.0,0.0
2022-06-01 00:00:00-04:00,11.130000114440918,11.130000114440918,9.40999984741211,9.520000457763672,69500,0.0,0.0
2022-06-02 00:00:00-04:00,9.470000267028809,10.220000267028809,9.399999618530273,10.210000038146973,52400,0.0,0.0
2022-06-03 00:00:00-04:00,10.079999923706055,10.479999542236328,9.545000076293945,10.399999618530273,90700,0.0,0.0
2022-06-06 00:00:00-04:00,10.5600004196167,10.800000190734863,10.119999885559082,10.579999923706055,48400,0.0,0.0
2022-06-07 00:00:00-04:00,10.600000381469727,11.520000457763672,10.5600004196167,10.880000114440918,42800,0.0,0.0
2022-06-08 00:00:00-04:00,10.729999542236328,11.369999885559082,10.680000305175781,10.960000038146973,34000,0.0,0.0
2022-06-09 00:00:00-04:00,10.609999656677246,11.130999565124512,10.609999656677246,10.699999809265137,19000,0.0,0.0
2022-06-10 00:00:00-04:00,10.460000038146973,10.6899995803833,10.100000381469727,10.329999923706055,46100,0.0,0.0
2022-06-13 00:00:00-04:00,9.930000305175781,10.609999656677246,9.899999618530273,10.470000267028809,55900,0.0,0.0
2022-06-14 00:00:00-04:00,10.4399995803833,10.949999809265137,10.25,10.729999542236328,44300,0.0,0.0
2022-06-15 00:00:00-04:00,10.979999542236328,12.15999984741211,10.614999771118164,11.600000381469727,68800,0.0,0.0
2022-06-16 00:00:00-04:00,11.15999984741211,11.555999755859375,10.569999694824219,11.359999656677246,64200,0.0,0.0
2022-06-17 00:00:00-04:00,11.460000038146973,12.210000038146973,10.680000305175781,10.960000038146973,112200,0.0,0.0
2022-06-21 00:00:00-04:00,11.170000076293945,12.305000305175781,11.170000076293945,12.0,56900,0.0,0.0
2022-06-22 00:00:00-04:00,11.67199993133545,12.680000305175781,11.67199993133545,12.25,94500,0.0,0.0
2022-06-23 00:00:00-04:00,12.800000190734863,14.03499984741211,12.329999923706055,13.5,127300,0.0,0.0
2022-06-24 00:00:00-04:00,13.5,13.71500015258789,11.864999771118164,13.010000228881836,476400,0.0,0.0
2022-06-27 00:00:00-04:00,13.1899995803833,13.25,12.5649995803833,12.600000381469727,58900,0.0,0.0
2022-06-28 00:00:00-04:00,12.619999885559082,13.220000267028809,11.489999771118164,11.779999732971191,184900,0.0,0.0
2022-06-29 00:00:00-04:00,11.649999618530273,12.199999809265137,10.770000457763672,11.4399995803833,152300,0.0,0.0
2022-06-30 00:00:00-04:00,11.270000457763672,12.670000076293945,10.984999656677246,12.210000038146973,128700,0.0,0.0
2022-07-01 00:00:00-04:00,12.210000038146973,13.270000457763672,11.130000114440918,11.800000190734863,80100,0.0,0.0
2022-07-05 00:00:00-04:00,11.489999771118164,14.449999809265137,11.489999771118164,12.479999542236328,115900,0.0,0.0
2022-07-06 00:00:00-04:00,12.40999984741211,13.430000305175781,12.085000038146973,13.039999961853027,81300,0.0,0.0
2022-07-07 00:00:00-04:00,13.199999809265137,15.0,13.180000305175781,14.029999732971191,102000,0.0,0.0
2022-07-08 00:00:00-04:00,13.789999961853027,15.15999984741211,13.079999923706055,14.550000190734863,354000,0.0,0.0
2022-07-11 00:00:00-04:00,14.640000343322754,15.350000381469727,13.699999809265137,14.170000076293945,125500,0.0,0.0
2022-07-12 00:00:00-04:00,14.170000076293945,14.829999923706055,13.359999656677246,14.5,117700,0.0,0.0
2022-07-13 00:00:00-04:00,14.180000305175781,16.503999710083008,13.854999542236328,16.209999084472656,159100,0.0,0.0
2022-07-14 00:00:00-04:00,15.890000343322754,16.760000228881836,15.1899995803833,15.970000267028809,124900,0.0,0.0
2022-07-15 00:00:00-04:00,16.549999237060547,17.25,15.890000343322754,16.84000015258789,114500,0.0,0.0
2022-07-18 00:00:00-04:00,17.059999465942383,17.58300018310547,14.760000228881836,14.779999732971191,54400,0.0,0.0
2022-07-19 00:00:00-04:00,15.079999923706055,15.369999885559082,13.9399995803833,14.75,50700,0.0,0.0
2022-07-20 00:00:00-04:00,14.75,17.18000030517578,14.75,15.350000381469727,65800,0.0,0.0
2022-07-21 00:00:00-04:00,15.1899995803833,16.739999771118164,15.1899995803833,15.920000076293945,67100,0.0,0.0
2022-07-22 00:00:00-04:00,15.819999694824219,15.819999694824219,14.720000267028809,14.760000228881836,33400,0.0,0.0
2022-07-25 00:00:00-04:00,14.819999694824219,15.059000015258789,13.720000267028809,13.84000015258789,34900,0.0,0.0
2022-07-26 00:00:00-04:00,13.819999694824219,14.289999961853027,13.170000076293945,13.899999618530273,22400,0.0,0.0
2022-07-27 00:00:00-04:00,13.890000343322754,14.239999771118164,13.880000114440918,14.180000305175781,26200,0.0,0.0
2022-07-28 00:00:00-04:00,14.260000228881836,14.335000038146973,13.199999809265137,13.319999694824219,65000,0.0,0.0
2022-07-29 00:00:00-04:00,13.34000015258789,13.734999656677246,12.130000114440918,12.420000076293945,53800,0.0,0.0
2022-08-01 00:00:00-04:00,12.119999885559082,12.119999885559082,11.15999984741211,11.550000190734863,55000,0.0,0.0
2022-08-02 00:00:00-04:00,11.569999694824219,11.989999771118164,11.569999694824219,11.789999961853027,13800,0.0,0.0
2022-08-03 00:00:00-04:00,11.880000114440918,12.5,11.65999984741211,11.930000305175781,24500,0.0,0.0
2022-08-04 00:00:00-04:00,12.220000267028809,13.850000381469727,12.079999923706055,13.65999984741211,67100,0.0,0.0
2022-08-05 00:00:00-04:00,13.520000457763672,13.979999542236328,12.600000381469727,13.84000015258789,53600,0.0,0.0
2022-08-08 00:00:00-04:00,13.649999618530273,14.819999694824219,13.649999618530273,13.800000190734863,32200,0.0,0.0
2022-08-09 00:00:00-04:00,13.359999656677246,13.359999656677246,12.430000305175781,12.460000038146973,16300,0.0,0.0
2022-08-10 00:00:00-04:00,12.920000076293945,14.670000076293945,11.460000038146973,13.9399995803833,65900,0.0,0.0
2022-08-11 00:00:00-04:00,13.65999984741211,14.079999923706055,13.09000015258789,13.460000038146973,31100,0.0,0.0
2022-08-12 00:00:00-04:00,13.550000190734863,13.550000190734863,12.520000457763672,13.130000114440918,28600,0.0,0.0
2022-08-15 00:00:00-04:00,12.899999618530273,14.770000457763672,12.380000114440918,14.40999984741211,56400,0.0,0.0
2022-08-16 00:00:00-04:00,14.489999771118164,14.489999771118164,13.220000267028809,13.460000038146973,28600,0.0,0.0
2022-08-17 00:00:00-04:00,13.300000190734863,14.630000114440918,13.020000457763672,13.550000190734863,45400,0.0,0.0
2022-08-18 00:00:00-04:00,13.380000114440918,14.25,13.140000343322754,13.5,42400,0.0,0.0
2022-08-19 00:00:00-04:00,13.279999732971191,14.600000381469727,13.140000343322754,13.930000305175781,32500,0.0,0.0
2022-08-22 00:00:00-04:00,13.84000015258789,15.779999732971191,13.630000114440918,14.25,51200,0.0,0.0
2022-08-23 00:00:00-04:00,14.1899995803833,15.329999923706055,13.90999984741211,14.59000015258789,47700,0.0,0.0
2022-08-24 00:00:00-04:00,14.710000038146973,14.718000411987305,12.520000457763672,12.680000305175781,45300,0.0,0.0
2022-08-25 00:00:00-04:00,12.979999542236328,13.3100004196167,12.170000076293945,12.5600004196167,18000,0.0,0.0
2022-08-26 00:00:00-04:00,12.819999694824219,12.819999694824219,11.3100004196167,11.40999984741211,34600,0.0,0.0
2022-08-29 00:00:00-04:00,11.369999885559082,11.550000190734863,10.59000015258789,10.869999885559082,22000,0.0,0.0
2022-08-30 00:00:00-04:00,10.710000038146973,11.220000267028809,10.550000190734863,11.09000015258789,22600,0.0,0.0
2022-08-31 00:00:00-04:00,11.100000381469727,11.100000381469727,10.0,10.819999694824219,37000,0.0,0.0
2022-09-01 00:00:00-04:00,10.640000343322754,11.25,10.279999732971191,11.109999656677246,14300,0.0,0.0
2022-09-02 00:00:00-04:00,11.34000015258789,11.34000015258789,10.619999885559082,11.09000015258789,29400,0.0,0.0
2022-09-06 00:00:00-04:00,11.260000228881836,12.609999656677246,10.65999984741211,11.760000228881836,77300,0.0,0.0
2022-09-07 00:00:00-04:00,11.6899995803833,13.010000228881836,11.680000305175781,12.920000076293945,32400,0.0,0.0
2022-09-08 00:00:00-04:00,12.850000381469727,13.850000381469727,12.84000015258789,13.359999656677246,64100,0.0,0.0
2022-09-09 00:00:00-04:00,13.579999923706055,14.350000381469727,13.15999984741211,13.229999542236328,38000,0.0,0.0
2022-09-12 00:00:00-04:00,13.239999771118164,13.989999771118164,12.199999809265137,13.670000076293945,172500,0.0,0.0
2022-09-13 00:00:00-04:00,13.130000114440918,13.9399995803833,12.710000038146973,12.8100004196167,52100,0.0,0.0
2022-09-14 00:00:00-04:00,12.819999694824219,13.789999961853027,12.531000137329102,13.210000038146973,40200,0.0,0.0
2022-09-15 00:00:00-04:00,13.029999732971191,14.095000267028809,13.029999732971191,13.25,70400,0.0,0.0
2022-09-16 00:00:00-04:00,12.729999542236328,14.380000114440918,12.109999656677246,12.760000228881836,225500,0.0,0.0
2022-09-19 00:00:00-04:00,12.449999809265137,13.289999961853027,12.390000343322754,13.25,26300,0.0,0.0
2022-09-20 00:00:00-04:00,12.350000381469727,14.350000381469727,12.350000381469727,13.739999771118164,64300,0.0,0.0
2022-09-21 00:00:00-04:00,13.729999542236328,15.15999984741211,13.369999885559082,13.539999961853027,80300,0.0,0.0
2022-09-22 00:00:00-04:00,13.729999542236328,14.149999618530273,12.579999923706055,13.319999694824219,26700,0.0,0.0
2022-09-23 00:00:00-04:00,13.109999656677246,13.109999656677246,11.800000190734863,12.510000228881836,20600,0.0,0.0
2022-09-26 00:00:00-04:00,12.859999656677246,13.199999809265137,12.050000190734863,12.779999732971191,49400,0.0,0.0
2022-09-27 00:00:00-04:00,12.819999694824219,14.100000381469727,12.569999694824219,12.789999961853027,36500,0.0,0.0
2022-09-28 00:00:00-04:00,13.260000228881836,15.5,12.90999984741211,13.600000381469727,72800,0.0,0.0
2022-09-29 00:00:00-04:00,13.420000076293945,14.475000381469727,13.0,13.369999885559082,32700,0.0,0.0
2022-09-30 00:00:00-04:00,13.239999771118164,14.670000076293945,13.0,13.539999961853027,40500,0.0,0.0
2022-10-03 00:00:00-04:00,13.729999542236328,14.149999618530273,12.630000114440918,12.90999984741211,33900,0.0,0.0
2022-10-04 00:00:00-04:00,13.119999885559082,14.279999732971191,13.069999694824219,13.729999542236328,135800,0.0,0.0
2022-10-05 00:00:00-04:00,13.600000381469727,14.850000381469727,12.869999885559082,14.15999984741211,26300,0.0,0.0
2022-10-06 00:00:00-04:00,14.210000038146973,14.289999961853027,13.1899995803833,13.479999542236328,19800,0.0,0.0
2022-10-07 00:00:00-04:00,13.430000305175781,13.430000305175781,11.960000038146973,12.359999656677246,34200,0.0,0.0
2022-10-10 00:00:00-04:00,12.319999694824219,13.350000381469727,12.199999809265137,13.119999885559082,28200,0.0,0.0
2022-10-11 00:00:00-04:00,12.789999961853027,14.0,12.279999732971191,12.789999961853027,36400,0.0,0.0
2022-10-12 00:00:00-04:00,12.720000267028809,13.670000076293945,11.812000274658203,13.529999732971191,40400,0.0,0.0
2022-10-13 00:00:00-04:00,13.180000305175781,14.069999694824219,12.295000076293945,13.5,52700,0.0,0.0
2022-10-14 00:00:00-04:00,13.34000015258789,13.680000305175781,12.869999885559082,13.039999961853027,15600,0.0,0.0
2022-10-17 00:00:00-04:00,13.270000457763672,14.079999923706055,12.880000114440918,13.84000015258789,51300,0.0,0.0
2022-10-18 00:00:00-04:00,13.699999809265137,15.399999618530273,13.595000267028809,15.0,34300,0.0,0.0
2022-10-19 00:00:00-04:00,15.0,15.5,14.305999755859375,15.329999923706055,43400,0.0,0.0
2022-10-20 00:00:00-04:00,15.4399995803833,16.34000015258789,15.395000457763672,15.75,22000,0.0,0.0
2022-10-21 00:00:00-04:00,15.960000038146973,18.149999618530273,15.960000038146973,17.5,106400,0.0,0.0
2022-10-24 00:00:00-04:00,17.5,17.5,16.239999771118164,16.5,21700,0.0,0.0
2022-10-25 00:00:00-04:00,16.65999984741211,17.34000015258789,16.610000610351562,17.209999084472656,27700,0.0,0.0
2022-10-26 00:00:00-04:00,17.31999969482422,18.114999771118164,16.149999618530273,17.270000457763672,50400,0.0,0.0
2022-10-27 00:00:00-04:00,17.520000457763672,17.540000915527344,16.59000015258789,17.110000610351562,28000,0.0,0.0
2022-10-28 00:00:00-04:00,17.280000686645508,18.0,16.90999984741211,17.920000076293945,322100,0.0,0.0
2022-10-31 00:00:00-04:00,17.649999618530273,18.770000457763672,17.479999542236328,18.079999923706055,486800,0.0,0.0
2022-11-01 00:00:00-04:00,18.239999771118164,18.405000686645508,17.714000701904297,18.25,41000,0.0,0.0
2022-11-02 00:00:00-04:00,18.479999542236328,18.75,18.010000228881836,18.219999313354492,56900,0.0,0.0
2022-11-03 00:00:00-04:00,18.280000686645508,18.940000534057617,18.18000030517578,18.260000228881836,47800,0.0,0.0
2022-11-04 00:00:00-04:00,18.65999984741211,19.049999237060547,17.725000381469727,18.43000030517578,35900,0.0,0.0
2022-11-07 00:00:00-05:00,18.420000076293945,18.71500015258789,16.450000762939453,17.010000228881836,49600,0.0,0.0
2022-11-08 00:00:00-05:00,17.040000915527344,17.3700008392334,16.485000610351562,17.110000610351562,55700,0.0,0.0
2022-11-09 00:00:00-05:00,17.260000228881836,17.510000228881836,15.319999694824219,15.649999618530273,87300,0.0,0.0
2022-11-10 00:00:00-05:00,16.149999618530273,17.09000015258789,14.5,16.950000762939453,381700,0.0,0.0
2022-11-11 00:00:00-05:00,17.100000381469727,18.299999237060547,17.100000381469727,17.93000030517578,70900,0.0,0.0
2022-11-14 00:00:00-05:00,17.93000030517578,18.020000457763672,16.309999465942383,16.450000762939453,77500,0.0,0.0
2022-11-15 00:00:00-05:00,16.829999923706055,17.010000228881836,15.6899995803833,16.479999542236328,42000,0.0,0.0
2022-11-16 00:00:00-05:00,16.389999389648438,16.790000915527344,15.53499984741211,15.699999809265137,65500,0.0,0.0
2022-11-17 00:00:00-05:00,15.5,15.949999809265137,14.979999542236328,15.789999961853027,82900,0.0,0.0
2022-11-18 00:00:00-05:00,16.34000015258789,16.34000015258789,14.350000381469727,14.5600004196167,44500,0.0,0.0
2022-11-21 00:00:00-05:00,14.5,14.5,13.970000267028809,14.300000190734863,38000,0.0,0.0
2022-11-22 00:00:00-05:00,14.399999618530273,14.399999618530273,14.0,14.380000114440918,53200,0.0,0.0
2022-11-23 00:00:00-05:00,14.140000343322754,14.614999771118164,13.890000343322754,14.0,83300,0.0,0.0
2022-11-25 00:00:00-05:00,14.270000457763672,14.46500015258789,13.75,13.930000305175781,37200,0.0,0.0
2022-11-28 00:00:00-05:00,14.0,14.079999923706055,13.170000076293945,13.640000343322754,45100,0.0,0.0
2022-11-29 00:00:00-05:00,13.770000457763672,14.109999656677246,13.329999923706055,13.529999732971191,51200,0.0,0.0
2022-11-30 00:00:00-05:00,13.680000305175781,13.789999961853027,13.3100004196167,13.640000343322754,35600,0.0,0.0
2022-12-01 00:00:00-05:00,13.6899995803833,13.770000457763672,12.819999694824219,13.609999656677246,117100,0.0,0.0
2022-12-02 00:00:00-05:00,13.4399995803833,13.850000381469727,13.300000190734863,13.630000114440918,49600,0.0,0.0
2022-12-05 00:00:00-05:00,13.600000381469727,13.859999656677246,13.130000114440918,13.5,92700,0.0,0.0
2022-12-06 00:00:00-05:00,13.40999984741211,13.739999771118164,13.25,13.5,63400,0.0,0.0
2022-12-07 00:00:00-05:00,13.550000190734863,14.149999618530273,13.420000076293945,13.670000076293945,62100,0.0,0.0
2022-12-08 00:00:00-05:00,13.720000267028809,15.390000343322754,13.720000267028809,15.010000228881836,71300,0.0,0.0
2022-12-09 00:00:00-05:00,14.899999618530273,15.444999694824219,13.859999656677246,14.109999656677246,53100,0.0,0.0
2022-12-12 00:00:00-05:00,14.239999771118164,14.949999809265137,13.989999771118164,14.399999618530273,66700,0.0,0.0
2022-12-13 00:00:00-05:00,14.9399995803833,15.0,13.880000114440918,14.3100004196167,58400,0.0,0.0
2022-12-14 00:00:00-05:00,14.300000190734863,14.5600004196167,13.270000457763672,13.5,82900,0.0,0.0
2022-12-15 00:00:00-05:00,13.25,13.25,12.449999809265137,12.699999809265137,102300,0.0,0.0
2022-12-16 00:00:00-05:00,12.699999809265137,12.829999923706055,11.949999809265137,12.449999809265137,486100,0.0,0.0
2022-12-19 00:00:00-05:00,12.5,12.699999809265137,10.960000038146973,11.100000381469727,47100,0.0,0.0
2022-12-20 00:00:00-05:00,11.180000305175781,11.920000076293945,10.529999732971191,11.800000190734863,186600,0.0,0.0
2022-12-21 00:00:00-05:00,11.670000076293945,12.4350004196167,11.670000076293945,12.010000228881836,51200,0.0,0.0
2022-12-22 00:00:00-05:00,11.890000343322754,12.1899995803833,11.65999984741211,12.039999961853027,52500,0.0,0.0
2022-12-23 00:00:00-05:00,12.0,12.170000076293945,11.399999618530273,11.859999656677246,67600,0.0,0.0
2022-12-27 00:00:00-05:00,11.859999656677246,11.869999885559082,11.371999740600586,11.729999542236328,27300,0.0,0.0
2022-12-28 00:00:00-05:00,11.739999771118164,12.210000038146973,11.729999542236328,12.079999923706055,23300,0.0,0.0
2022-12-29 00:00:00-05:00,12.300000190734863,14.079999923706055,12.300000190734863,13.5,64600,0.0,0.0
2022-12-30 00:00:00-05:00,13.3100004196167,13.649999618530273,12.869999885559082,13.170000076293945,31800,0.0,0.0
2023-01-03 00:00:00-05:00,13.289999961853027,14.140000343322754,13.15999984741211,14.020000457763672,101700,0.0,0.0
2023-01-04 00:00:00-05:00,14.119999885559082,14.600000381469727,13.670000076293945,13.8100004196167,102800,0.0,0.0
2023-01-05 00:00:00-05:00,13.739999771118164,13.864999771118164,12.720000267028809,13.119999885559082,50000,0.0,0.0
2023-01-06 00:00:00-05:00,13.09000015258789,13.199999809265137,12.369999885559082,12.5600004196167,425000,0.0,0.0
2023-01-09 00:00:00-05:00,12.640000343322754,14.489999771118164,12.079999923706055,14.25,254100,0.0,0.0
2023-01-10 00:00:00-05:00,14.170000076293945,15.25,14.170000076293945,15.069999694824219,992500,0.0,0.0
2023-01-11 00:00:00-05:00,14.920000076293945,15.65999984741211,14.029999732971191,15.020000457763672,84100,0.0,0.0
2023-01-12 00:00:00-05:00,15.130000114440918,17.709999084472656,15.09000015258789,17.450000762939453,46800,0.0,0.0
2023-01-13 00:00:00-05:00,17.450000762939453,21.700000762939453,16.670000076293945,20.56999969482422,456800,0.0,0.0
2023-01-17 00:00:00-05:00,20.690000534057617,23.31999969482422,19.399999618530273,22.010000228881836,161400,0.0,0.0
2023-01-18 00:00:00-05:00,22.5,23.25,21.010000228881836,21.530000686645508,586000,0.0,0.0
2023-01-19 00:00:00-05:00,21.049999237060547,22.190000534057617,20.3700008392334,21.329999923706055,101300,0.0,0.0
2023-01-20 00:00:00-05:00,21.850000381469727,22.277000427246094,20.579999923706055,21.709999084472656,72100,0.0,0.0
2023-01-23 00:00:00-05:00,21.780000686645508,21.780000686645508,20.459999084472656,20.5,67600,0.0,0.0
2023-01-24 00:00:00-05:00,20.290000915527344,21.32699966430664,20.100000381469727,21.110000610351562,101700,0.0,0.0
2023-01-25 00:00:00-05:00,21.0,21.760000228881836,20.5,21.639999389648438,57100,0.0,0.0
2023-01-26 00:00:00-05:00,21.700000762939453,22.34000015258789,21.510000228881836,22.0,220300,0.0,0.0
2023-01-27 00:00:00-05:00,21.6299991607666,22.209999084472656,21.520000457763672,22.0,30500,0.0,0.0
2023-01-30 00:00:00-05:00,21.760000228881836,22.860000610351562,21.649999618530273,22.079999923706055,83600,0.0,0.0
2023-01-31 00:00:00-05:00,22.18000030517578,23.639999389648438,21.764999389648438,22.209999084472656,90600,0.0,0.0
2023-02-01 00:00:00-05:00,21.979999542236328,21.979999542236328,19.209999084472656,20.209999084472656,177300,0.0,0.0
2023-02-02 00:00:00-05:00,20.510000228881836,22.25,20.395000457763672,21.84000015258789,75900,0.0,0.0
2023-02-03 00:00:00-05:00,21.3799991607666,22.350000381469727,20.8799991607666,21.0,63600,0.0,0.0
2023-02-06 00:00:00-05:00,20.739999771118164,21.43000030517578,20.709999084472656,21.280000686645508,61700,0.0,0.0
2023-02-07 00:00:00-05:00,21.149999618530273,21.200000762939453,20.149999618530273,20.440000534057617,85900,0.0,0.0
2023-02-08 00:00:00-05:00,20.100000381469727,20.309999465942383,19.020000457763672,19.739999771118164,48700,0.0,0.0
2023-02-09 00:00:00-05:00,18.670000076293945,19.440000534057617,17.729999542236328,17.860000610351562,56000,0.0,0.0
2023-02-10 00:00:00-05:00,17.719999313354492,18.739999771118164,17.719999313354492,18.420000076293945,66500,0.0,0.0
2023-02-13 00:00:00-05:00,18.440000534057617,19.829999923706055,17.979999542236328,19.5,224100,0.0,0.0
2023-02-14 00:00:00-05:00,19.110000610351562,19.690000534057617,17.260000228881836,17.81999969482422,71000,0.0,0.0
2023-02-15 00:00:00-05:00,17.639999389648438,17.735000610351562,16.8799991607666,17.010000228881836,49300,0.0,0.0
2023-02-16 00:00:00-05:00,16.670000076293945,16.719999313354492,15.850000381469727,16.389999389648438,115900,0.0,0.0
2023-02-17 00:00:00-05:00,16.6200008392334,17.665000915527344,16.309999465942383,17.65999984741211,45500,0.0,0.0
2023-02-21 00:00:00-05:00,17.309999465942383,17.75,16.969999313354492,17.299999237060547,42700,0.0,0.0
2023-02-22 00:00:00-05:00,17.299999237060547,18.280000686645508,16.600000381469727,17.09000015258789,60700,0.0,0.0
2023-02-23 00:00:00-05:00,17.100000381469727,17.739999771118164,16.950000762939453,17.209999084472656,33100,0.0,0.0
2023-02-24 00:00:00-05:00,16.90999984741211,16.90999984741211,15.149999618530273,15.329999923706055,49600,0.0,0.0
2023-02-27 00:00:00-05:00,15.619999885559082,16.81999969482422,15.329999923706055,16.65999984741211,69800,0.0,0.0
2023-02-28 00:00:00-05:00,16.649999618530273,17.21299934387207,16.100000381469727,16.6299991607666,284000,0.0,0.0
2023-03-01 00:00:00-05:00,16.6299991607666,17.3799991607666,16.420000076293945,16.59000015258789,33700,0.0,0.0
2023-03-02 00:00:00-05:00,16.40999984741211,16.530000686645508,15.904999732971191,16.280000686645508,25800,0.0,0.0
2023-03-03 00:00:00-05:00,16.280000686645508,16.43000030517578,15.880000114440918,16.34000015258789,29000,0.0,0.0
2023-03-06 00:00:00-05:00,16.079999923706055,16.239999771118164,15.579999923706055,15.779999732971191,44700,0.0,0.0
2023-03-07 00:00:00-05:00,15.850000381469727,16.360000610351562,15.84000015258789,16.219999313354492,27900,0.0,0.0
2023-03-08 00:00:00-05:00,16.454999923706055,16.454999923706055,15.470000267028809,15.779999732971191,40700,0.0,0.0
2023-03-09 00:00:00-05:00,15.6899995803833,15.920000076293945,14.010000228881836,14.114999771118164,43800,0.0,0.0
2023-03-10 00:00:00-05:00,14.329999923706055,14.329999923706055,13.039999961853027,14.09000015258789,127900,0.0,0.0
2023-03-13 00:00:00-04:00,14.09000015258789,14.300000190734863,13.399999618530273,13.760000228881836,72500,0.0,0.0
2023-03-14 00:00:00-04:00,14.34000015258789,14.5,13.729999542236328,14.359999656677246,34900,0.0,0.0
2023-03-15 00:00:00-04:00,13.829999923706055,13.829999923706055,13.100000381469727,13.449999809265137,30700,0.0,0.0
2023-03-16 00:00:00-04:00,13.199999809265137,13.6899995803833,12.489999771118164,13.239999771118164,48900,0.0,0.0
2023-03-17 00:00:00-04:00,12.899999618530273,13.079999923706055,11.779999732971191,11.930000305175781,149700,0.0,0.0
2023-03-20 00:00:00-04:00,12.130000114440918,12.510000228881836,11.4399995803833,11.699999809265137,55600,0.0,0.0
2023-03-21 00:00:00-04:00,11.949999809265137,12.130000114440918,11.380000114440918,11.529999732971191,79800,0.0,0.0
2023-03-22 00:00:00-04:00,11.640000343322754,12.5600004196167,11.0,11.34000015258789,56400,0.0,0.0
2023-03-23 00:00:00-04:00,11.470000267028809,11.47599983215332,10.680000305175781,11.289999961853027,47200,0.0,0.0
2023-03-24 00:00:00-04:00,11.0600004196167,11.680000305175781,10.949999809265137,11.5,406700,0.0,0.0
2023-03-27 00:00:00-04:00,11.789999961853027,11.970000267028809,11.210000038146973,11.579999923706055,80700,0.0,0.0
2023-03-28 00:00:00-04:00,11.539999961853027,11.609999656677246,11.0,11.25,89100,0.0,0.0
2023-03-29 00:00:00-04:00,11.539999961853027,12.739999771118164,11.0,12.550000190734863,172900,0.0,0.0
2023-03-30 00:00:00-04:00,12.6899995803833,13.170000076293945,11.210000038146973,11.600000381469727,86100,0.0,0.0
2023-03-31 00:00:00-04:00,11.649999618530273,12.420000076293945,11.649999618530273,12.100000381469727,89200,0.0,0.0
2023-04-03 00:00:00-04:00,12.100000381469727,12.420000076293945,11.71500015258789,12.359999656677246,43900,0.0,0.0
2023-04-04 00:00:00-04:00,12.40999984741211,12.40999984741211,11.489999771118164,11.65999984741211,31100,0.0,0.0
2023-04-05 00:00:00-04:00,11.470000267028809,12.34000015258789,11.470000267028809,12.199999809265137,39700,0.0,0.0
2023-04-06 00:00:00-04:00,12.350000381469727,13.779999732971191,12.092000007629395,13.420000076293945,64900,0.0,0.0
2023-04-10 00:00:00-04:00,13.220000267028809,13.619999885559082,13.0600004196167,13.510000228881836,50100,0.0,0.0
2023-04-11 00:00:00-04:00,13.510000228881836,14.015000343322754,13.239999771118164,13.90999984741211,45200,0.0,0.0
2023-04-12 00:00:00-04:00,14.180000305175781,14.859999656677246,13.829999923706055,14.0600004196167,66000,0.0,0.0
2023-04-13 00:00:00-04:00,14.100000381469727,15.319999694824219,13.539999961853027,14.979999542236328,35200,0.0,0.0
2023-04-14 00:00:00-04:00,14.9399995803833,15.270000457763672,14.244999885559082,14.640000343322754,48200,0.0,0.0
2023-04-17 00:00:00-04:00,14.819999694824219,15.020000457763672,14.026000022888184,14.890000343322754,10800,0.0,0.0
2023-04-18 00:00:00-04:00,15.180000305175781,16.549999237060547,14.960000038146973,15.359999656677246,72200,0.0,0.0
2023-04-19 00:00:00-04:00,15.180000305175781,16.19499969482422,15.180000305175781,15.920000076293945,25700,0.0,0.0
2023-04-20 00:00:00-04:00,15.720000267028809,16.350000381469727,15.569999694824219,15.699999809265137,21700,0.0,0.0
2023-04-21 00:00:00-04:00,15.59000015258789,16.040000915527344,15.149999618530273,15.40999984741211,94000,0.0,0.0
2023-04-24 00:00:00-04:00,15.569999694824219,15.569999694824219,14.1850004196167,15.039999961853027,65000,0.0,0.0
2023-04-25 00:00:00-04:00,14.949999809265137,15.479999542236328,14.645000457763672,14.800000190734863,39700,0.0,0.0
2023-04-26 00:00:00-04:00,14.65999984741211,15.489999771118164,14.510000228881836,14.609999656677246,41000,0.0,0.0
2023-04-27 00:00:00-04:00,14.630000114440918,14.970000267028809,14.520000457763672,14.9399995803833,15600,0.0,0.0
2023-04-28 00:00:00-04:00,14.960000038146973,15.329999923706055,14.710000038146973,15.319999694824219,22000,0.0,0.0
2023-05-01 00:00:00-04:00,15.359999656677246,16.110000610351562,15.34000015258789,15.350000381469727,63300,0.0,0.0
2023-05-02 00:00:00-04:00,15.5,15.5,14.609999656677246,14.859999656677246,70900,0.0,0.0
2023-05-03 00:00:00-04:00,15.130000114440918,15.385000228881836,14.09000015258789,15.0,90000,0.0,0.0
2023-05-04 00:00:00-04:00,14.770000457763672,15.25,14.260000228881836,14.75,104000,0.0,0.0
2023-05-05 00:00:00-04:00,15.069999694824219,15.380000114440918,14.604999542236328,14.75,41500,0.0,0.0
2023-05-08 00:00:00-04:00,14.75,14.75,13.5600004196167,13.710000038146973,46700,0.0,0.0
2023-05-09 00:00:00-04:00,13.5600004196167,13.600000381469727,12.460000038146973,13.319999694824219,31800,0.0,0.0
2023-05-10 00:00:00-04:00,13.529999732971191,14.100000381469727,13.322999954223633,13.859999656677246,32200,0.0,0.0
2023-05-11 00:00:00-04:00,13.649999618530273,13.989999771118164,12.890000343322754,13.010000228881836,46400,0.0,0.0
2023-05-12 00:00:00-04:00,13.09000015258789,13.27299976348877,12.675000190734863,12.75,31600,0.0,0.0
2023-05-15 00:00:00-04:00,12.760000228881836,13.399999618530273,11.729999542236328,12.029999732971191,61200,0.0,0.0
2023-05-16 00:00:00-04:00,11.739999771118164,12.704999923706055,11.300000190734863,11.529999732971191,190400,0.0,0.0
2023-05-17 00:00:00-04:00,11.600000381469727,12.774999618530273,11.5,12.0,857500,0.0,0.0
2023-05-18 00:00:00-04:00,12.0,12.779999732971191,11.289999961853027,12.600000381469727,1937700,0.0,0.0
2023-05-19 00:00:00-04:00,12.789999961853027,14.380000114440918,12.375,13.359999656677246,117800,0.0,0.0
2023-05-22 00:00:00-04:00,13.529999732971191,14.039999961853027,13.039999961853027,13.529999732971191,153200,0.0,0.0
2023-05-23 00:00:00-04:00,13.359999656677246,14.244999885559082,13.319999694824219,14.130000114440918,89900,0.0,0.0
2023-05-24 00:00:00-04:00,13.989999771118164,13.989999771118164,12.670000076293945,12.850000381469727,81200,0.0,0.0
2023-05-25 00:00:00-04:00,12.850000381469727,12.850000381469727,11.3100004196167,11.460000038146973,82200,0.0,0.0
2023-05-26 00:00:00-04:00,11.3100004196167,11.65999984741211,11.25,11.385000228881836,92500,0.0,0.0
2023-05-30 00:00:00-04:00,11.270000457763672,11.890000343322754,10.829999923706055,11.079999923706055,87300,0.0,0.0
2023-05-31 00:00:00-04:00,11.199999809265137,12.239999771118164,10.880000114440918,11.619999885559082,192700,0.0,0.0
2023-06-01 00:00:00-04:00,11.619999885559082,12.279999732971191,11.3149995803833,12.100000381469727,89300,0.0,0.0
2023-06-02 00:00:00-04:00,12.399999618530273,13.729999542236328,12.300000190734863,13.670000076293945,99100,0.0,0.0
2023-06-05 00:00:00-04:00,13.600000381469727,14.65999984741211,12.961999893188477,13.960000038146973,113600,0.0,0.0
2023-06-06 00:00:00-04:00,13.930000305175781,14.255000114440918,13.539999961853027,13.75,227400,0.0,0.0
2023-06-07 00:00:00-04:00,13.779999732971191,14.550000190734863,13.779999732971191,14.199999809265137,246100,0.0,0.0
2023-06-08 00:00:00-04:00,14.079999923706055,14.390000343322754,12.970000267028809,13.229999542236328,78800,0.0,0.0
2023-06-09 00:00:00-04:00,13.319999694824219,13.600000381469727,12.270000457763672,12.579999923706055,79300,0.0,0.0
2023-06-12 00:00:00-04:00,12.739999771118164,13.430000305175781,12.739999771118164,12.989999771118164,58000,0.0,0.0
2023-06-13 00:00:00-04:00,13.100000381469727,14.319999694824219,13.100000381469727,14.199999809265137,75200,0.0,0.0
2023-06-14 00:00:00-04:00,14.329999923706055,14.569999694824219,13.149999618530273,13.220000267028809,75300,0.0,0.0
2023-06-15 00:00:00-04:00,13.220000267028809,13.220000267028809,12.880000114440918,13.100000381469727,55300,0.0,0.0
2023-06-16 00:00:00-04:00,13.380000114440918,13.449999809265137,12.520000457763672,12.569999694824219,106300,0.0,0.0
2023-06-20 00:00:00-04:00,12.520000457763672,12.520000457763672,12.125,12.350000381469727,74800,0.0,0.0
2023-06-21 00:00:00-04:00,12.350000381469727,12.399999618530273,11.8100004196167,12.0,182700,0.0,0.0
2023-06-22 00:00:00-04:00,11.960000038146973,12.239999771118164,11.720000267028809,12.119999885559082,77100,0.0,0.0
2023-06-23 00:00:00-04:00,11.829999923706055,12.649999618530273,11.829999923706055,12.5,172200,0.0,0.0
2023-06-26 00:00:00-04:00,12.390000343322754,12.729999542236328,11.789999961853027,11.989999771118164,61600,0.0,0.0
2023-06-27 00:00:00-04:00,11.960000038146973,12.020000457763672,11.420000076293945,11.5600004196167,129100,0.0,0.0
2023-06-28 00:00:00-04:00,11.569999694824219,11.734999656677246,11.279999732971191,11.520000457763672,87100,0.0,0.0
2023-06-29 00:00:00-04:00,11.5,11.680000305175781,10.850000381469727,11.529999732971191,621200,0.0,0.0
2023-06-30 00:00:00-04:00,11.800000190734863,12.350000381469727,11.550000190734863,11.869999885559082,142400,0.0,0.0
2023-07-03 00:00:00-04:00,11.649999618530273,12.614999771118164,11.649999618530273,12.279999732971191,72000,0.0,0.0
2023-07-05 00:00:00-04:00,12.199999809265137,12.470000267028809,11.680000305175781,12.149999618530273,55000,0.0,0.0
2023-07-06 00:00:00-04:00,11.930000305175781,12.15999984741211,11.449999809265137,12.079999923706055,57500,0.0,0.0
2023-07-07 00:00:00-04:00,12.079999923706055,12.8100004196167,12.079999923706055,12.210000038146973,148600,0.0,0.0
2023-07-10 00:00:00-04:00,12.130000114440918,12.710000038146973,12.130000114440918,12.300000190734863,62900,0.0,0.0
2023-07-11 00:00:00-04:00,12.399999618530273,12.529999732971191,11.875,11.970000267028809,31700,0.0,0.0
2023-07-12 00:00:00-04:00,12.260000228881836,12.779999732971191,11.989999771118164,12.640000343322754,76800,0.0,0.0
2023-07-13 00:00:00-04:00,12.710000038146973,12.770000457763672,12.4399995803833,12.579999923706055,40000,0.0,0.0
2023-07-14 00:00:00-04:00,12.710000038146973,12.739999771118164,12.149999618530273,12.460000038146973,31700,0.0,0.0
2023-07-17 00:00:00-04:00,12.859999656677246,12.880000114440918,12.039999961853027,12.119999885559082,131900,0.0,0.0
2023-07-18 00:00:00-04:00,12.119999885559082,12.84000015258789,12.0,12.489999771118164,327900,0.0,0.0
2023-07-19 00:00:00-04:00,12.579999923706055,13.140000343322754,12.239999771118164,12.6899995803833,158500,0.0,0.0
2023-07-20 00:00:00-04:00,12.699999809265137,12.875,12.239999771118164,12.470000267028809,57800,0.0,0.0
2023-07-21 00:00:00-04:00,12.609999656677246,12.989999771118164,12.385000228881836,12.789999961853027,66600,0.0,0.0
2023-07-24 00:00:00-04:00,13.390000343322754,14.920000076293945,13.210000038146973,13.640000343322754,203000,0.0,0.0
2023-07-25 00:00:00-04:00,13.550000190734863,13.595000267028809,12.75,13.1899995803833,208300,0.0,0.0
2023-07-26 00:00:00-04:00,13.199999809265137,13.880000114440918,12.960000038146973,13.1899995803833,171900,0.0,0.0
2023-07-27 00:00:00-04:00,13.300000190734863,13.513999938964844,12.350000381469727,12.470000267028809,97100,0.0,0.0
2023-07-28 00:00:00-04:00,12.640000343322754,13.5,12.571999549865723,13.40999984741211,93400,0.0,0.0
2023-07-31 00:00:00-04:00,13.399999618530273,14.079999923706055,13.399999618530273,14.0,104800,0.0,0.0
2023-08-01 00:00:00-04:00,13.90999984741211,13.90999984741211,12.960000038146973,13.239999771118164,56400,0.0,0.0
2023-08-02 00:00:00-04:00,13.020000457763672,13.079999923706055,12.359999656677246,12.770000457763672,62700,0.0,0.0
2023-08-03 00:00:00-04:00,12.640000343322754,13.15999984741211,12.220000267028809,12.670000076293945,56500,0.0,0.0
2023-08-04 00:00:00-04:00,12.710000038146973,12.880000114440918,12.1899995803833,12.350000381469727,110800,0.0,0.0
2023-08-07 00:00:00-04:00,12.380000114440918,12.380000114440918,11.619999885559082,12.0600004196167,111700,0.0,0.0
2023-08-08 00:00:00-04:00,12.0600004196167,12.5,11.819999694824219,11.869999885559082,90700,0.0,0.0
2023-08-09 00:00:00-04:00,11.960000038146973,12.850000381469727,11.960000038146973,12.680000305175781,89000,0.0,0.0
2023-08-10 00:00:00-04:00,12.739999771118164,13.380000114440918,12.529999732971191,12.59000015258789,64000,0.0,0.0
2023-08-11 00:00:00-04:00,12.529999732971191,12.789999961853027,12.425000190734863,12.579999923706055,34000,0.0,0.0
2023-08-14 00:00:00-04:00,12.5600004196167,12.600000381469727,12.119999885559082,12.529999732971191,46900,0.0,0.0
2023-08-15 00:00:00-04:00,12.470000267028809,12.470000267028809,11.9399995803833,12.0,94400,0.0,0.0
2023-08-16 00:00:00-04:00,11.930000305175781,12.069999694824219,11.15999984741211,11.180000305175781,151200,0.0,0.0
2023-08-17 00:00:00-04:00,11.109999656677246,11.279999732971191,11.010000228881836,11.109999656677246,117100,0.0,0.0
2023-08-18 00:00:00-04:00,10.960000038146973,11.329999923706055,10.878000259399414,11.0600004196167,80700,0.0,0.0
2023-08-21 00:00:00-04:00,11.0600004196167,11.649999618530273,10.9399995803833,11.3100004196167,75900,0.0,0.0
2023-08-22 00:00:00-04:00,11.3100004196167,11.479999542236328,11.130000114440918,11.3100004196167,67400,0.0,0.0
2023-08-23 00:00:00-04:00,11.40999984741211,11.699999809265137,11.229999542236328,11.600000381469727,128500,0.0,0.0
2023-08-24 00:00:00-04:00,11.550000190734863,11.699999809265137,11.130000114440918,11.130000114440918,50700,0.0,0.0
2023-08-25 00:00:00-04:00,11.170000076293945,11.180000305175781,10.819999694824219,11.010000228881836,56100,0.0,0.0
2023-08-28 00:00:00-04:00,11.045000076293945,11.305999755859375,11.045000076293945,11.119999885559082,82900,0.0,0.0
2023-08-29 00:00:00-04:00,11.050000190734863,11.25,10.779999732971191,10.920000076293945,54800,0.0,0.0
2023-08-30 00:00:00-04:00,10.920000076293945,10.970000267028809,10.430000305175781,10.539999961853027,101400,0.0,0.0
2023-08-31 00:00:00-04:00,10.529999732971191,11.069999694824219,10.369999885559082,11.0,108700,0.0,0.0
2023-09-01 00:00:00-04:00,11.0600004196167,11.4399995803833,10.9399995803833,11.010000228881836,59500,0.0,0.0
2023-09-05 00:00:00-04:00,10.960000038146973,10.960000038146973,10.5,10.5600004196167,82300,0.0,0.0
2023-09-06 00:00:00-04:00,10.59000015258789,10.694999694824219,10.135000228881836,10.640000343322754,54500,0.0,0.0
2023-09-07 00:00:00-04:00,10.59000015258789,10.710000038146973,10.3100004196167,10.65999984741211,30900,0.0,0.0
2023-09-08 00:00:00-04:00,10.720000267028809,10.720000267028809,10.100000381469727,10.1850004196167,50000,0.0,0.0
2023-09-11 00:00:00-04:00,10.300000190734863,10.859999656677246,10.09000015258789,10.729999542236328,65500,0.0,0.0
2023-09-12 00:00:00-04:00,10.720000267028809,10.84000015258789,10.1899995803833,10.260000228881836,60700,0.0,0.0
2023-09-13 00:00:00-04:00,10.069999694824219,10.510000228881836,10.029999732971191,10.260000228881836,61900,0.0,0.0
2023-09-14 00:00:00-04:00,10.489999771118164,10.489999771118164,10.074999809265137,10.430000305175781,47100,0.0,0.0
2023-09-15 00:00:00-04:00,10.40999984741211,10.40999984741211,9.788000106811523,9.869999885559082,107500,0.0,0.0
2023-09-18 00:00:00-04:00,9.930000305175781,10.220000267028809,9.720000267028809,10.069999694824219,48800,0.0,0.0
2023-09-19 00:00:00-04:00,10.020000457763672,10.15999984741211,9.279999732971191,9.640000343322754,34800,0.0,0.0
2023-09-20 00:00:00-04:00,9.680000305175781,10.09000015258789,9.520000457763672,9.779999732971191,41400,0.0,0.0
2023-09-21 00:00:00-04:00,9.649999618530273,9.699999809265137,9.260000228881836,9.5600004196167,72000,0.0,0.0
2023-09-22 00:00:00-04:00,9.579999923706055,9.9399995803833,9.300000190734863,9.600000381469727,88800,0.0,0.0
2023-09-25 00:00:00-04:00,9.550000190734863,10.510000228881836,9.364999771118164,9.710000038146973,62900,0.0,0.0
2023-09-26 00:00:00-04:00,9.630000114440918,10.324999809265137,9.630000114440918,9.9399995803833,44600,0.0,0.0
2023-09-27 00:00:00-04:00,10.430000305175781,10.430000305175781,9.875,9.960000038146973,24200,0.0,0.0
2023-09-28 00:00:00-04:00,9.989999771118164,9.989999771118164,9.312000274658203,9.774999618530273,72600,0.0,0.0
2023-09-29 00:00:00-04:00,10.638999938964844,10.638999938964844,9.760000228881836,10.079999923706055,75300,0.0,0.0
2023-10-02 00:00:00-04:00,9.970000267028809,10.145000457763672,9.190999984741211,9.5,95700,0.0,0.0
2023-10-03 00:00:00-04:00,9.460000038146973,9.460000038146973,8.989999771118164,9.25,63300,0.0,0.0
2023-10-04 00:00:00-04:00,9.65999984741211,9.880000114440918,9.234999656677246,9.800000190734863,38300,0.0,0.0
2023-10-05 00:00:00-04:00,9.789999961853027,10.460000038146973,9.789999961853027,10.25,57400,0.0,0.0
2023-10-06 00:00:00-04:00,10.09000015258789,10.430000305175781,9.895000457763672,10.039999961853027,62100,0.0,0.0
2023-10-09 00:00:00-04:00,9.819999694824219,10.220000267028809,9.470000267028809,10.149999618530273,182100,0.0,0.0
2023-10-10 00:00:00-04:00,10.1899995803833,10.5600004196167,9.619999885559082,9.789999961853027,43500,0.0,0.0
2023-10-11 00:00:00-04:00,9.725000381469727,9.90999984741211,9.369999885559082,9.489999771118164,46300,0.0,0.0
2023-10-12 00:00:00-04:00,9.550000190734863,9.550000190734863,8.710000038146973,8.890000343322754,76300,0.0,0.0
2023-10-13 00:00:00-04:00,8.949999809265137,9.210000038146973,8.6899995803833,8.739999771118164,103600,0.0,0.0
2023-10-16 00:00:00-04:00,8.880000114440918,9.039999961853027,8.489999771118164,8.600000381469727,254900,0.0,0.0
2023-10-17 00:00:00-04:00,8.569999694824219,8.614999771118164,7.760000228881836,7.840000152587891,139000,0.0,0.0
2023-10-18 00:00:00-04:00,7.739999771118164,7.954999923706055,7.090000152587891,7.429999828338623,114200,0.0,0.0
2023-10-19 00:00:00-04:00,7.349999904632568,7.599999904632568,7.059999942779541,7.119999885559082,57200,0.0,0.0
2023-10-20 00:00:00-04:00,7.190000057220459,7.25,6.739999771118164,6.75,97100,0.0,0.0
2023-10-23 00:00:00-04:00,6.630000114440918,6.885000228881836,6.46999979019165,6.639999866485596,76300,0.0,0.0
2023-10-24 00:00:00-04:00,6.710000038146973,6.840000152587891,6.429999828338623,6.639999866485596,282500,0.0,0.0
2023-10-25 00:00:00-04:00,6.619999885559082,6.679999828338623,6.139999866485596,6.199999809265137,55800,0.0,0.0
2023-10-26 00:00:00-04:00,6.159999847412109,6.317999839782715,5.739999771118164,6.21999979019165,193600,0.0,0.0
2023-10-27 00:00:00-04:00,6.059999942779541,6.449999809265137,5.900000095367432,6.019999980926514,66000,0.0,0.0
2023-10-30 00:00:00-04:00,6.159999847412109,6.289999961853027,6.019999980926514,6.130000114440918,61400,0.0,0.0
2023-10-31 00:00:00-04:00,6.150000095367432,6.554999828338623,6.125,6.420000076293945,176500,0.0,0.0
2023-11-01 00:00:00-04:00,6.519999980926514,6.519999980926514,6.25,6.420000076293945,61800,0.0,0.0
2023-11-02 00:00:00-04:00,6.510000228881836,6.889999866485596,6.170000076293945,6.550000190734863,65200,0.0,0.0
2023-11-03 00:00:00-04:00,6.670000076293945,7.050000190734863,6.519999980926514,6.769999980926514,117100,0.0,0.0
2023-11-06 00:00:00-05:00,6.849999904632568,6.880000114440918,6.21999979019165,6.25,75000,0.0,0.0
2023-11-07 00:00:00-05:00,6.25,6.809999942779541,6.119999885559082,6.559999942779541,165800,0.0,0.0
2023-11-08 00:00:00-05:00,6.710000038146973,6.710000038146973,6.244999885559082,6.619999885559082,163500,0.0,0.0
2023-11-09 00:00:00-05:00,6.650000095367432,6.650000095367432,5.800000190734863,5.849999904632568,184300,0.0,0.0
2023-11-10 00:00:00-05:00,5.849999904632568,6.079999923706055,5.650000095367432,6.039999961853027,107200,0.0,0.0
2023-11-13 00:00:00-05:00,6.039999961853027,7.170000076293945,5.804999828338623,7.090000152587891,989400,0.0,0.0
2023-11-14 00:00:00-05:00,7.809999942779541,8.5600004196167,7.659999847412109,8.329999923706055,193000,0.0,0.0
2023-11-15 00:00:00-05:00,8.449999809265137,9.220000267028809,8.449999809265137,8.779999732971191,110500,0.0,0.0
2023-11-16 00:00:00-05:00,9.130000114440918,9.484999656677246,8.180000305175781,8.819999694824219,124100,0.0,0.0
2023-11-17 00:00:00-05:00,8.890000343322754,9.069999694824219,8.140000343322754,8.680000305175781,110600,0.0,0.0
2023-11-20 00:00:00-05:00,8.680000305175781,9.329999923706055,8.670000076293945,9.050000190734863,147200,0.0,0.0
2023-11-21 00:00:00-05:00,8.9399995803833,8.9399995803833,8.425000190734863,8.699999809265137,65200,0.0,0.0
2023-11-22 00:00:00-05:00,8.869999885559082,9.40999984741211,8.720000267028809,9.109999656677246,85800,0.0,0.0
2023-11-24 00:00:00-05:00,9.199999809265137,9.710000038146973,9.069999694824219,9.229999542236328,38400,0.0,0.0
2023-11-27 00:00:00-05:00,9.109999656677246,10.489999771118164,8.949999809265137,10.039999961853027,139000,0.0,0.0
2023-11-28 00:00:00-05:00,9.930000305175781,10.210000038146973,9.510000228881836,9.9399995803833,113200,0.0,0.0
2023-11-29 00:00:00-05:00,10.119999885559082,10.319999694824219,9.460000038146973,9.479999542236328,83000,0.0,0.0
2023-11-30 00:00:00-05:00,9.670000076293945,9.670000076293945,8.6899995803833,8.729999542236328,111600,0.0,0.0
2023-12-01 00:00:00-05:00,8.779999732971191,9.25,8.119999885559082,9.039999961853027,115300,0.0,0.0
2023-12-04 00:00:00-05:00,9.050000190734863,9.305000305175781,8.869999885559082,9.220000267028809,67900,0.0,0.0
2023-12-05 00:00:00-05:00,9.119999885559082,9.739999771118164,9.03499984741211,9.319999694824219,42400,0.0,0.0
2023-12-06 00:00:00-05:00,9.529999732971191,9.739999771118164,9.109999656677246,9.300000190734863,43800,0.0,0.0
2023-12-07 00:00:00-05:00,9.420000076293945,9.670000076293945,9.220000267028809,9.420000076293945,47600,0.0,0.0
2023-12-08 00:00:00-05:00,9.369999885559082,9.479999542236328,8.930000305175781,9.010000228881836,67200,0.0,0.0
2023-12-11 00:00:00-05:00,8.90999984741211,9.114999771118164,8.569999694824219,9.010000228881836,113400,0.0,0.0
2023-12-12 00:00:00-05:00,9.0600004196167,9.510000228881836,8.489999771118164,9.399999618530273,77400,0.0,0.0
2023-12-13 00:00:00-05:00,9.369999885559082,10.119999885559082,9.260000228881836,10.119999885559082,78900,0.0,0.0
2023-12-14 00:00:00-05:00,10.239999771118164,10.8149995803833,10.055999755859375,10.75,84800,0.0,0.0
2023-12-15 00:00:00-05:00,10.899999618530273,11.050000190734863,10.010000228881836,10.369999885559082,446600,0.0,0.0
2023-12-18 00:00:00-05:00,10.420000076293945,10.579999923706055,10.09000015258789,10.329999923706055,75900,0.0,0.0
2023-12-19 00:00:00-05:00,10.550000190734863,10.890000343322754,10.550000190734863,10.710000038146973,90600,0.0,0.0
2023-12-20 00:00:00-05:00,10.739999771118164,10.899999618530273,9.479999542236328,9.529999732971191,174200,0.0,0.0
2023-12-21 00:00:00-05:00,9.779999732971191,10.0600004196167,9.385000228881836,10.039999961853027,93900,0.0,0.0
2023-12-22 00:00:00-05:00,10.3100004196167,10.989999771118164,9.979999542236328,10.569999694824219,56700,0.0,0.0
2023-12-26 00:00:00-05:00,10.59000015258789,10.680000305175781,10.340999603271484,10.4399995803833,36000,0.0,0.0
2023-12-27 00:00:00-05:00,10.770000457763672,11.039999961853027,10.460000038146973,10.869999885559082,150600,0.0,0.0
2023-12-28 00:00:00-05:00,10.960000038146973,11.920000076293945,10.800000190734863,11.699999809265137,164800,0.0,0.0
2023-12-29 00:00:00-05:00,11.800000190734863,11.890000343322754,10.619000434875488,10.729999542236328,102000,0.0,0.0
2024-01-02 00:00:00-05:00,10.680000305175781,11.350000381469727,10.449999809265137,11.020000457763672,107600,0.0,0.0
2024-01-03 00:00:00-05:00,10.970000267028809,10.970000267028809,10.220000267028809,10.300000190734863,81100,0.0,0.0
2024-01-04 00:00:00-05:00,10.380000114440918,10.680000305175781,10.119999885559082,10.489999771118164,70000,0.0,0.0
2024-01-05 00:00:00-05:00,10.3100004196167,10.510000228881836,9.850000381469727,10.3100004196167,116700,0.0,0.0
2024-01-08 00:00:00-05:00,10.239999771118164,10.96500015258789,10.1850004196167,10.789999961853027,92900,0.0,0.0
2024-01-09 00:00:00-05:00,10.5600004196167,11.21500015258789,10.0,10.949999809265137,80600,0.0,0.0
2024-01-10 00:00:00-05:00,10.949999809265137,11.470000267028809,10.6899995803833,11.130000114440918,82700,0.0,0.0
2024-01-11 00:00:00-05:00,10.949999809265137,11.0,10.390000343322754,10.449999809265137,85900,0.0,0.0
2024-01-12 00:00:00-05:00,10.630000114440918,10.805000305175781,10.119999885559082,10.149999618530273,71800,0.0,0.0
2024-01-16 00:00:00-05:00,10.050000190734863,10.050000190734863,9.619999885559082,9.6899995803833,72000,0.0,0.0
2024-01-17 00:00:00-05:00,9.4399995803833,9.670000076293945,9.25,9.489999771118164,192100,0.0,0.0
2024-01-18 00:00:00-05:00,9.569999694824219,9.569999694824219,8.9399995803833,9.220000267028809,80200,0.0,0.0
2024-01-19 00:00:00-05:00,9.3100004196167,9.574999809265137,8.699999809265137,9.25,125600,0.0,0.0
2024-01-22 00:00:00-05:00,9.399999618530273,9.710000038146973,9.09000015258789,9.65999984741211,69500,0.0,0.0
2024-01-23 00:00:00-05:00,9.880000114440918,10.229999542236328,9.444999694824219,9.579999923706055,81200,0.0,0.0
2024-01-24 00:00:00-05:00,9.8100004196167,9.8100004196167,9.149999618530273,9.369999885559082,64300,0.0,0.0
2024-01-25 00:00:00-05:00,9.600000381469727,9.649999618530273,9.130000114440918,9.619999885559082,54600,0.0,0.0
2024-01-26 00:00:00-05:00,9.770000457763672,9.770000457763672,9.260000228881836,9.329999923706055,35300,0.0,0.0
2024-01-29 00:00:00-05:00,9.359999656677246,9.600000381469727,9.15999984741211,9.520000457763672,62800,0.0,0.0
2024-01-30 00:00:00-05:00,9.460000038146973,9.460000038146973,8.760000228881836,9.15999984741211,77900,0.0,0.0
2024-01-31 00:00:00-05:00,9.170000076293945,9.222999572753906,8.520000457763672,8.5600004196167,48000,0.0,0.0
2024-02-01 00:00:00-05:00,8.699999809265137,8.699999809265137,7.875,8.489999771118164,116900,0.0,0.0
2024-02-02 00:00:00-05:00,8.289999961853027,8.539999961853027,8.010000228881836,8.319999694824219,46000,0.0,0.0
2024-02-05 00:00:00-05:00,8.050000190734863,8.960000038146973,7.789999961853027,8.6899995803833,166200,0.0,0.0
2024-02-06 00:00:00-05:00,8.720000267028809,9.005000114440918,8.609999656677246,8.880000114440918,52400,0.0,0.0
2024-02-07 00:00:00-05:00,8.930000305175781,8.930000305175781,8.5600004196167,8.8100004196167,45300,0.0,0.0
2024-02-08 00:00:00-05:00,8.800000190734863,9.28499984741211,8.5600004196167,9.199999809265137,87100,0.0,0.0
2024-02-09 00:00:00-05:00,9.369999885559082,9.869999885559082,9.289999961853027,9.430000305175781,44600,0.0,0.0
2024-02-12 00:00:00-05:00,9.550000190734863,9.729999542236328,8.449999809265137,8.609999656677246,184100,0.0,0.0
2024-02-13 00:00:00-05:00,8.039999961853027,8.609999656677246,7.809999942779541,7.929999828338623,127600,0.0,0.0
2024-02-14 00:00:00-05:00,8.029999732971191,9.279999732971191,7.900000095367432,9.039999961853027,90900,0.0,0.0
2024-02-15 00:00:00-05:00,9.100000381469727,9.850000381469727,8.277999877929688,9.5,65400,0.0,0.0
2024-02-16 00:00:00-05:00,9.479999542236328,9.630000114440918,9.175000190734863,9.430000305175781,61400,0.0,0.0
2024-02-20 00:00:00-05:00,9.350000381469727,10.024999618530273,8.949999809265137,9.960000038146973,186400,0.0,0.0
2024-02-21 00:00:00-05:00,10.210000038146973,15.279999732971191,10.0600004196167,13.140000343322754,1119200,0.0,0.0
2024-02-22 00:00:00-05:00,13.199999809265137,15.869999885559082,13.199999809265137,14.609999656677246,637200,0.0,0.0
2024-02-23 00:00:00-05:00,14.720000267028809,17.989999771118164,14.680000305175781,15.6899995803833,386000,0.0,0.0
2024-02-26 00:00:00-05:00,15.520000457763672,17.288000106811523,14.835000038146973,15.100000381469727,761700,0.0,0.0
2024-02-27 00:00:00-05:00,35.790000915527344,52.0,34.25,49.75,15491600,0.0,0.0
2024-02-28 00:00:00-05:00,52.099998474121094,58.694000244140625,40.60499954223633,46.595001220703125,5937300,0.0,0.0
2024-02-29 00:00:00-05:00,52.119998931884766,54.880001068115234,45.540000915527344,48.380001068115234,4451400,0.0,0.0
2024-03-01 00:00:00-05:00,45.0,49.630001068115234,44.40999984741211,47.66999816894531,1560800,0.0,0.0
2024-03-04 00:00:00-05:00,48.47999954223633,49.02000045776367,41.77000045776367,42.61000061035156,1251000,0.0,0.0
2024-03-05 00:00:00-05:00,42.459999084472656,45.97999954223633,40.400001525878906,43.2400016784668,1020400,0.0,0.0
2024-03-06 00:00:00-05:00,42.380001068115234,44.34000015258789,41.70000076293945,42.06999969482422,475900,0.0,0.0
2024-03-07 00:00:00-05:00,42.13999938964844,43.369998931884766,39.36000061035156,40.61000061035156,497600,0.0,0.0
2024-03-08 00:00:00-05:00,40.380001068115234,41.68000030517578,39.20000076293945,39.810001373291016,377000,0.0,0.0
2024-03-11 00:00:00-04:00,41.97999954223633,42.650001525878906,39.43000030517578,39.970001220703125,503900,0.0,0.0
2024-03-12 00:00:00-04:00,38.83000183105469,40.31999969482422,36.22999954223633,38.83000183105469,642700,0.0,0.0
2024-03-13 00:00:00-04:00,39.45000076293945,40.31999969482422,38.744998931884766,39.91999816894531,308700,0.0,0.0
2024-03-14 00:00:00-04:00,40.0,40.0,36.44499969482422,37.77000045776367,542800,0.0,0.0
2024-03-15 00:00:00-04:00,37.5099983215332,39.709999084472656,36.810001373291016,39.45000076293945,848600,0.0,0.0
2024-03-18 00:00:00-04:00,39.810001373291016,40.29999923706055,37.459999084472656,38.810001373291016,208000,0.0,0.0
2024-03-19 00:00:00-04:00,37.279998779296875,40.349998474121094,37.22999954223633,38.630001068115234,1028000,0.0,0.0
2024-03-20 00:00:00-04:00,40.93000030517578,41.779998779296875,38.025001525878906,39.130001068115234,442800,0.0,0.0
2024-03-21 00:00:00-04:00,40.150001525878906,40.97999954223633,38.58000183105469,39.849998474121094,595400,0.0,0.0
2024-03-22 00:00:00-04:00,40.0,40.58000183105469,38.5099983215332,39.529998779296875,244100,0.0,0.0
2024-03-25 00:00:00-04:00,39.79999923706055,41.720001220703125,38.18000030517578,38.529998779296875,293200,0.0,0.0
2024-03-26 00:00:00-04:00,38.900001525878906,40.310001373291016,38.54999923706055,38.84000015258789,355100,0.0,0.0
2024-03-27 00:00:00-04:00,39.290000915527344,39.8849983215332,37.5,37.91999816894531,397400,0.0,0.0
2024-03-28 00:00:00-04:00,38.349998474121094,39.229000091552734,36.935001373291016,37.650001525878906,396000,0.0,0.0
2024-04-01 00:00:00-04:00,37.619998931884766,38.099998474121094,35.33000183105469,37.689998626708984,286900,0.0,0.0
2024-04-02 00:00:00-04:00,36.22999954223633,36.595001220703125,34.75,35.869998931884766,521900,0.0,0.0
2024-04-03 00:00:00-04:00,36.33000183105469,36.45000076293945,35.11000061035156,36.34000015258789,312500,0.0,0.0
2024-04-04 00:00:00-04:00,36.95000076293945,37.77000045776367,35.31999969482422,35.400001525878906,307400,0.0,0.0
2024-04-05 00:00:00-04:00,35.15999984741211,35.68000030517578,34.630001068115234,35.119998931884766,278700,0.0,0.0
2024-04-08 00:00:00-04:00,35.459999084472656,39.04999923706055,34.91699981689453,38.630001068115234,300500,0.0,0.0
2024-04-09 00:00:00-04:00,38.599998474121094,40.540000915527344,38.43000030517578,40.029998779296875,703400,0.0,0.0
2024-04-10 00:00:00-04:00,39.0,49.0,38.08000183105469,44.619998931884766,3343000,0.0,0.0
2024-04-11 00:00:00-04:00,47.060001373291016,56.27000045776367,47.0,50.0,2685500,0.0,0.0
2024-04-12 00:00:00-04:00,49.939998626708984,54.7599983215332,49.529998779296875,52.650001525878906,1525700,0.0,0.0
2024-04-15 00:00:00-04:00,51.04999923706055,54.59000015258789,50.43000030517578,51.86000061035156,1040700,0.0,0.0
2024-04-16 00:00:00-04:00,52.099998474121094,52.33000183105469,50.02000045776367,50.54999923706055,536800,0.0,0.0
2024-04-17 00:00:00-04:00,50.0,51.400001525878906,47.279998779296875,47.959999084472656,614400,0.0,0.0
2024-04-18 00:00:00-04:00,47.869998931884766,49.0,47.31999969482422,48.849998474121094,396700,0.0,0.0
2024-04-19 00:00:00-04:00,48.13999938964844,49.132999420166016,46.45000076293945,48.689998626708984,668800,0.0,0.0
2024-04-22 00:00:00-04:00,49.65999984741211,49.95000076293945,44.709999084472656,48.880001068115234,1119200,0.0,0.0
2024-04-23 00:00:00-04:00,49.310001373291016,50.41999816894531,48.279998779296875,49.779998779296875,706600,0.0,0.0
2024-04-24 00:00:00-04:00,49.95000076293945,50.060001373291016,46.52000045776367,48.209999084472656,580100,0.0,0.0
2024-04-25 00:00:00-04:00,48.29999923706055,48.29999923706055,45.68000030517578,47.099998474121094,555300,0.0,0.0
2024-04-26 00:00:00-04:00,47.08000183105469,48.22999954223633,46.5099983215332,47.38999938964844,574000,0.0,0.0
2024-04-29 00:00:00-04:00,47.849998474121094,61.0,47.58000183105469,56.08000183105469,1537500,0.0,0.0
2024-04-30 00:00:00-04:00,54.880001068115234,57.11000061035156,53.599998474121094,57.0,653400,0.0,0.0
2024-05-01 00:00:00-04:00,57.0,60.04999923706055,55.529998779296875,58.189998626708984,906500,0.0,0.0
2024-05-02 00:00:00-04:00,59.939998626708984,64.79000091552734,56.40999984741211,62.43000030517578,1118100,0.0,0.0
2024-05-03 00:00:00-04:00,63.97999954223633,65.5999984741211,59.310001373291016,64.77999877929688,1049900,0.0,0.0
2024-05-06 00:00:00-04:00,63.15999984741211,63.34000015258789,57.11000061035156,62.189998626708984,869100,0.0,0.0
2024-05-07 00:00:00-04:00,62.66999816894531,63.374000549316406,60.38999938964844,61.5,518300,0.0,0.0
2024-05-08 00:00:00-04:00,53.68000030517578,58.0,51.630001068115234,55.369998931884766,1551200,0.0,0.0
2024-05-09 00:00:00-04:00,54.0,54.90999984741211,50.790000915527344,51.939998626708984,1492800,0.0,0.0
2024-05-10 00:00:00-04:00,52.91999816894531,53.540000915527344,48.540000915527344,48.91999816894531,1031700,0.0,0.0
2024-05-13 00:00:00-04:00,50.0,50.07500076293945,47.915000915527344,49.9900016784668,864300,0.0,0.0
2024-05-14 00:00:00-04:00,50.900001525878906,51.33000183105469,47.5099983215332,47.90999984741211,690700,0.0,0.0
2024-05-15 00:00:00-04:00,49.220001220703125,49.869998931884766,47.34000015258789,47.47999954223633,918500,0.0,0.0
2024-05-16 00:00:00-04:00,47.18000030517578,48.25,46.56999969482422,47.5099983215332,680500,0.0,0.0
2024-05-17 00:00:00-04:00,47.7599983215332,47.970001220703125,46.790000915527344,47.099998474121094,698000,0.0,0.0
2024-05-20 00:00:00-04:00,47.65999984741211,49.5,46.95000076293945,47.9900016784668,903900,0.0,0.0
2024-05-21 00:00:00-04:00,46.84000015258789,48.441001892089844,45.220001220703125,45.4900016784668,879100,0.0,0.0
2024-05-22 00:00:00-04:00,45.689998626708984,46.29999923706055,44.599998474121094,45.349998474121094,375800,0.0,0.0
2024-05-23 00:00:00-04:00,45.619998931884766,46.130001068115234,42.959999084472656,43.02000045776367,614900,0.0,0.0
2024-05-24 00:00:00-04:00,42.9900016784668,45.400001525878906,42.70000076293945,45.369998931884766,695500,0.0,0.0
2024-05-28 00:00:00-04:00,46.36000061035156,47.36000061035156,43.88999938964844,47.2599983215332,578400,0.0,0.0
2024-05-29 00:00:00-04:00,46.2599983215332,47.900001525878906,45.939998626708984,47.599998474121094,487000,0.0,0.0
2024-05-30 00:00:00-04:00,47.95000076293945,50.619998931884766,47.369998931884766,50.40999984741211,1127000,0.0,0.0
2024-05-31 00:00:00-04:00,50.81999969482422,54.494998931884766,50.564998626708984,53.5,866800,0.0,0.0
2024-06-03 00:00:00-04:00,54.439998626708984,56.0,53.290000915527344,54.97999954223633,2481400,0.0,0.0
2024-06-04 00:00:00-04:00,54.13999938964844,54.849998474121094,47.689998626708984,48.52000045776367,1761200,0.0,0.0
2024-06-05 00:00:00-04:00,48.29999923706055,48.5,45.70000076293945,46.77000045776367,966300,0.0,0.0
2024-06-06 00:00:00-04:00,45.630001068115234,46.029998779296875,41.90999984741211,42.59000015258789,1242600,0.0,0.0
2024-06-07 00:00:00-04:00,42.0,44.65999984741211,42.0,44.15999984741211,401500,0.0,0.0
2024-06-10 00:00:00-04:00,43.779998779296875,43.9900016784668,42.189998626708984,43.380001068115234,705400,0.0,0.0
2024-06-11 00:00:00-04:00,42.959999084472656,43.15999984741211,41.88199996948242,42.040000915527344,559200,0.0,0.0
2024-06-12 00:00:00-04:00,43.63999938964844,44.47999954223633,42.099998474121094,42.75,426000,0.0,0.0
2024-06-13 00:00:00-04:00,42.880001068115234,43.85499954223633,42.290000915527344,42.369998931884766,458000,0.0,0.0
2024-06-14 00:00:00-04:00,41.900001525878906,42.95000076293945,41.02000045776367,42.0,416600,0.0,0.0
2024-06-17 00:00:00-04:00,42.689998626708984,42.755001068115234,40.0,40.08000183105469,651600,0.0,0.0
2024-06-18 00:00:00-04:00,40.150001525878906,42.02000045776367,39.39899826049805,40.400001525878906,485200,0.0,0.0
2024-06-20 00:00:00-04:00,40.0099983215332,40.709999084472656,39.0,40.29999923706055,616500,0.0,0.0
2024-06-21 00:00:00-04:00,40.54999923706055,41.915000915527344,39.130001068115234,40.959999084472656,2110900,0.0,0.0
2024-06-24 00:00:00-04:00,41.060001373291016,44.04999923706055,40.18000030517578,43.220001220703125,783000,0.0,0.0
2024-06-25 00:00:00-04:00,43.11000061035156,43.54999923706055,40.9900016784668,41.470001220703125,529200,0.0,0.0
2024-06-26 00:00:00-04:00,41.189998626708984,41.189998626708984,39.0099983215332,39.79999923706055,483500,0.0,0.0
2024-06-27 00:00:00-04:00,39.91999816894531,40.9900016784668,39.060001373291016,40.34000015258789,492700,0.0,0.0
2024-06-28 00:00:00-04:00,40.7400016784668,42.150001525878906,40.619998931884766,41.88999938964844,2670300,0.0,0.0
2024-07-01 00:00:00-04:00,41.66999816894531,43.02000045776367,41.20000076293945,41.720001220703125,637700,0.0,0.0
2024-07-02 00:00:00-04:00,41.61000061035156,42.0099983215332,39.220001220703125,39.29999923706055,440500,0.0,0.0
2024-07-03 00:00:00-04:00,39.119998931884766,39.38999938964844,37.720001220703125,38.5,393900,0.0,0.0
2024-07-05 00:00:00-04:00,38.560001373291016,39.95000076293945,38.09000015258789,39.900001525878906,388000,0.0,0.0
2024-07-08 00:00:00-04:00,40.790000915527344,43.959999084472656,39.15999984741211,39.45000076293945,447000,0.0,0.0
2024-07-09 00:00:00-04:00,39.400001525878906,42.290000915527344,38.34000015258789,41.65999984741211,587100,0.0,0.0
2024-07-10 00:00:00-04:00,42.18000030517578,42.79999923706055,41.279998779296875,41.54999923706055,492800,0.0,0.0
2024-07-11 00:00:00-04:00,42.279998779296875,43.36000061035156,41.689998626708984,42.279998779296875,661100,0.0,0.0
2024-07-12 00:00:00-04:00,42.95000076293945,44.290000915527344,42.310001373291016,44.22999954223633,552700,0.0,0.0
2024-07-15 00:00:00-04:00,44.70000076293945,45.95000076293945,43.36000061035156,43.470001220703125,599900,0.0,0.0
2024-07-16 00:00:00-04:00,44.2599983215332,48.939998626708984,43.51499938964844,46.380001068115234,856200,0.0,0.0
2024-07-17 00:00:00-04:00,45.290000915527344,47.400001525878906,43.83000183105469,43.90999984741211,638100,0.0,0.0
2024-07-18 00:00:00-04:00,43.97999954223633,45.59000015258789,41.439998626708984,43.04999923706055,530800,0.0,0.0
2024-07-19 00:00:00-04:00,43.22999954223633,45.0,42.20000076293945,44.68000030517578,364200,0.0,0.0
2024-07-22 00:00:00-04:00,45.06999969482422,47.80500030517578,44.20000076293945,47.720001220703125,461700,0.0,0.0
2024-07-23 00:00:00-04:00,47.25,47.650001525878906,45.09000015258789,45.41999816894531,885500,0.0,0.0
2024-07-24 00:00:00-04:00,44.5099983215332,46.76300048828125,44.099998474121094,45.400001525878906,323000,0.0,0.0
2024-07-25 00:00:00-04:00,45.43000030517578,46.53099822998047,42.68000030517578,42.7599983215332,436200,0.0,0.0
2024-07-26 00:00:00-04:00,43.47999954223633,45.0,42.810001373291016,43.9900016784668,415700,0.0,0.0
2024-07-29 00:00:00-04:00,44.08000183105469,44.97999954223633,41.619998931884766,41.68000030517578,499600,0.0,0.0
2024-07-30 00:00:00-04:00,41.70000076293945,42.709999084472656,40.66999816894531,41.22999954223633,421000,0.0,0.0
2024-07-31 00:00:00-04:00,41.540000915527344,42.15999984741211,40.430999755859375,40.599998474121094,1223600,0.0,0.0
2024-08-01 00:00:00-04:00,39.93000030517578,42.58000183105469,39.93000030517578,41.459999084472656,424900,0.0,0.0
2024-08-02 00:00:00-04:00,38.91999816894531,40.1150016784668,38.15999984741211,38.7599983215332,596800,0.0,0.0
2024-08-05 00:00:00-04:00,35.41999816894531,39.060001373291016,35.41999816894531,37.22999954223633,715100,0.0,0.0
2024-08-06 00:00:00-04:00,37.65999984741211,39.619998931884766,36.84000015258789,36.900001525878906,663200,0.0,0.0
2024-08-07 00:00:00-04:00,37.720001220703125,37.720001220703125,35.099998474121094,35.290000915527344,654200,0.0,0.0
2024-08-08 00:00:00-04:00,35.68000030517578,37.529998779296875,34.51300048828125,36.4900016784668,824600,0.0,0.0
2024-08-09 00:00:00-04:00,36.189998626708984,36.95000076293945,34.869998931884766,35.86000061035156,400900,0.0,0.0
2024-08-12 00:00:00-04:00,35.93000030517578,37.220001220703125,34.54999923706055,36.599998474121094,290000,0.0,0.0
2024-08-13 00:00:00-04:00,37.02000045776367,39.20000076293945,36.698001861572266,38.11000061035156,484400,0.0,0.0
2024-08-14 00:00:00-04:00,38.16999816894531,40.77000045776367,37.137001037597656,40.16999816894531,1075100,0.0,0.0
2024-08-15 00:00:00-04:00,41.11000061035156,42.13999938964844,39.553001403808594,41.52000045776367,585900,0.0,0.0
2024-08-16 00:00:00-04:00,41.650001525878906,42.849998474121094,40.27000045776367,41.31999969482422,321500,0.0,0.0
2024-08-19 00:00:00-04:00,41.220001220703125,44.310001373291016,40.970001220703125,43.41999816894531,532400,0.0,0.0
2024-08-20 00:00:00-04:00,43.16999816894531,45.08000183105469,41.70000076293945,44.91999816894531,384500,0.0,0.0
2024-08-21 00:00:00-04:00,44.56999969482422,45.599998474121094,42.939998626708984,44.900001525878906,340100,0.0,0.0
2024-08-22 00:00:00-04:00,45.0,45.0,43.529998779296875,44.20000076293945,370300,0.0,0.0
2024-08-23 00:00:00-04:00,44.79999923706055,46.439998626708984,43.97999954223633,45.91999816894531,355200,0.0,0.0
2024-08-26 00:00:00-04:00,46.380001068115234,46.7599983215332,45.165000915527344,46.38999938964844,152700,0.0,0.0
2024-08-27 00:00:00-04:00,46.09000015258789,46.770999908447266,44.91999816894531,45.16999816894531,266600,0.0,0.0
2024-08-28 00:00:00-04:00,44.79999923706055,46.060001373291016,43.81999969482422,44.209999084472656,253700,0.0,0.0
2024-08-29 00:00:00-04:00,44.54999923706055,45.81999969482422,43.56999969482422,44.63999938964844,284400,0.0,0.0
2024-08-30 00:00:00-04:00,44.91999816894531,47.36000061035156,44.66999816894531,46.97999954223633,423900,0.0,0.0
2024-09-03 00:00:00-04:00,47.02000045776367,47.59000015258789,44.91999816894531,45.0099983215332,329100,0.0,0.0
2024-09-04 00:00:00-04:00,44.0,46.869998931884766,43.88999938964844,44.470001220703125,371900,0.0,0.0
2024-09-05 00:00:00-04:00,44.5,44.86000061035156,43.29999923706055,43.709999084472656,188700,0.0,0.0
2024-09-06 00:00:00-04:00,44.68000030517578,45.0,41.22999954223633,41.2599983215332,874700,0.0,0.0
2024-09-09 00:00:00-04:00,41.599998474121094,42.939998626708984,41.41999816894531,41.849998474121094,427400,0.0,0.0
2024-09-10 00:00:00-04:00,41.689998626708984,47.459999084472656,41.689998626708984,45.52000045776367,779100,0.0,0.0
2024-09-11 00:00:00-04:00,44.720001220703125,45.25,43.349998474121094,43.709999084472656,465000,0.0,0.0
2024-09-12 00:00:00-04:00,43.81999969482422,48.849998474121094,43.5,46.529998779296875,1569400,0.0,0.0
2024-09-13 00:00:00-04:00,47.22999954223633,50.619998931884766,46.439998626708984,50.0099983215332,569400,0.0,0.0
2024-09-16 00:00:00-04:00,50.38999938964844,51.630001068115234,48.70000076293945,49.88999938964844,457200,0.0,0.0
2024-09-17 00:00:00-04:00,50.25,51.099998474121094,47.79999923706055,49.459999084472656,482300,0.0,0.0
2024-09-18 00:00:00-04:00,49.220001220703125,51.2599983215332,48.220001220703125,48.31999969482422,511200,0.0,0.0
2024-09-19 00:00:00-04:00,50.099998474121094,50.970001220703125,48.59000015258789,49.97999954223633,749700,0.0,0.0
2024-09-20 00:00:00-04:00,49.97999954223633,52.22999954223633,49.30500030517578,50.20000076293945,1717700,0.0,0.0
2024-09-23 00:00:00-04:00,50.290000915527344,51.88999938964844,49.470001220703125,50.2599983215332,828600,0.0,0.0
2024-09-24 00:00:00-04:00,50.08000183105469,51.709999084472656,47.970001220703125,48.58000183105469,312800,0.0,0.0
2024-09-25 00:00:00-04:00,48.52000045776367,49.099998474121094,46.68199920654297,47.88999938964844,354200,0.0,0.0
2024-09-26 00:00:00-04:00,48.16999816894531,48.95000076293945,46.459999084472656,46.619998931884766,508600,0.0,0.0
2024-09-27 00:00:00-04:00,46.77000045776367,48.27000045776367,45.5,46.25,541000,0.0,0.0
2024-09-30 00:00:00-04:00,45.459999084472656,47.02000045776367,44.33000183105469,45.43000030517578,879700,0.0,0.0
2024-10-01 00:00:00-04:00,45.150001525878906,45.9900016784668,42.540000915527344,44.5,592000,0.0,0.0
2024-10-02 00:00:00-04:00,44.220001220703125,44.43000030517578,42.7400016784668,43.45000076293945,714100,0.0,0.0
2024-10-03 00:00:00-04:00,43.369998931884766,45.0,43.0,44.16999816894531,631900,0.0,0.0
2024-10-04 00:00:00-04:00,44.720001220703125,45.47999954223633,43.439998626708984,45.02000045776367,412800,0.0,0.0
2024-10-07 00:00:00-04:00,45.279998779296875,45.709999084472656,43.84000015258789,44.150001525878906,501700,0.0,0.0
2024-10-08 00:00:00-04:00,44.52000045776367,47.11000061035156,44.25,44.93000030517578,545400,0.0,0.0
2024-10-09 00:00:00-04:00,44.77000045776367,46.060001373291016,43.310001373291016,46.0,447300,0.0,0.0
2024-10-10 00:00:00-04:00,45.290000915527344,47.2599983215332,44.560001373291016,47.220001220703125,517900,0.0,0.0
2024-10-11 00:00:00-04:00,46.95000076293945,50.529998779296875,46.88999938964844,49.54999923706055,743600,0.0,0.0
2024-10-14 00:00:00-04:00,49.2599983215332,49.97999954223633,48.70000076293945,49.349998474121094,422800,0.0,0.0
2024-10-15 00:00:00-04:00,49.459999084472656,53.099998474121094,49.34000015258789,52.7400016784668,761600,0.0,0.0
2024-10-16 00:00:00-04:00,53.09000015258789,53.09000015258789,49.2599983215332,49.40999984741211,929300,0.0,0.0
2024-10-17 00:00:00-04:00,49.40999984741211,50.9900016784668,49.369998931884766,49.810001373291016,566300,0.0,0.0
2024-10-18 00:00:00-04:00,50.0,53.18000030517578,49.150001525878906,50.029998779296875,832400,0.0,0.0
2024-10-21 00:00:00-04:00,50.0,50.54999923706055,49.33000183105469,50.4900016784668,329700,0.0,0.0
2024-10-22 00:00:00-04:00,49.72999954223633,53.029998779296875,49.72999954223633,52.79999923706055,547200,0.0,0.0
2024-10-23 00:00:00-04:00,53.59000015258789,53.59000015258789,50.0,51.75,1386500,0.0,0.0
2024-10-24 00:00:00-04:00,52.689998626708984,54.470001220703125,51.560001373291016,53.310001373291016,597000,0.0,0.0
2024-10-25 00:00:00-04:00,53.59000015258789,56.2400016784668,52.935001373291016,53.40999984741211,1074800,0.0,0.0
2024-10-28 00:00:00-04:00,53.119998931884766,54.84000015258789,52.560001373291016,54.36000061035156,673700,0.0,0.0
2024-10-29 00:00:00-04:00,54.31999969482422,55.11000061035156,52.38999938964844,54.209999084472656,300000,0.0,0.0
2024-10-30 00:00:00-04:00,54.220001220703125,56.54999923706055,54.13999938964844,55.95000076293945,529500,0.0,0.0
2024-10-31 00:00:00-04:00,55.04999923706055,55.244998931884766,53.439998626708984,53.9900016784668,604800,0.0,0.0
2024-11-01 00:00:00-04:00,54.279998779296875,55.93000030517578,52.66999816894531,54.38999938964844,572900,0.0,0.0
2024-11-04 00:00:00-05:00,53.5,58.060001373291016,52.400001525878906,55.869998931884766,838400,0.0,0.0
2024-11-05 00:00:00-05:00,55.459999084472656,56.13999938964844,54.0099983215332,55.279998779296875,447300,0.0,0.0
2024-11-06 00:00:00-05:00,56.540000915527344,57.47999954223633,54.400001525878906,54.88999938964844,1019900,0.0,0.0
2024-11-07 00:00:00-05:00,55.90999984741211,56.5,53.540000915527344,54.209999084472656,706200,0.0,0.0
2024-11-08 00:00:00-05:00,54.810001373291016,55.970001220703125,53.60499954223633,53.91999816894531,845000,0.0,0.0
2024-11-11 00:00:00-05:00,54.15999984741211,54.970001220703125,50.5099983215332,53.68000030517578,1011500,0.0,0.0
2024-11-12 00:00:00-05:00,52.83000183105469,54.95000076293945,51.994998931884766,52.84000015258789,583600,0.0,0.0
2024-11-13 00:00:00-05:00,52.91999816894531,53.709999084472656,51.93000030517578,51.9900016784668,346900,0.0,0.0
2024-11-14 00:00:00-05:00,51.38999938964844,52.869998931884766,50.54999923706055,51.099998474121094,395000,0.0,0.0
2024-11-15 00:00:00-05:00,50.40999984741211,51.09000015258789,48.34000015258789,48.7599983215332,699100,0.0,0.0
2024-11-18 00:00:00-05:00,48.70000076293945,49.13999938964844,47.040000915527344,48.119998931884766,530200,0.0,0.0
2024-11-19 00:00:00-05:00,47.75,49.73500061035156,47.5,49.0099983215332,632300,0.0,0.0
2024-11-20 00:00:00-05:00,48.34000015258789,49.34000015258789,47.61000061035156,48.959999084472656,391500,0.0,0.0
2024-11-21 00:00:00-05:00,49.040000915527344,49.779998779296875,45.95000076293945,46.5,786000,0.0,0.0
2024-11-22 00:00:00-05:00,46.5,50.630001068115234,46.02000045776367,50.310001373291016,797800,0.0,0.0
2024-11-25 00:00:00-05:00,51.08000183105469,52.3849983215332,48.400001525878906,48.81999969482422,1213300,0.0,0.0
2024-11-26 00:00:00-05:00,48.81999969482422,49.7400016784668,47.70000076293945,48.0,457400,0.0,0.0
2024-11-27 00:00:00-05:00,48.099998474121094,49.689998626708984,46.29999923706055,46.38999938964844,649800,0.0,0.0
