Date,Open,High,Low,Close,Volume,Dividends,Stock Splits
2022-01-03 00:00:00-05:00,31.90999984741211,32.13999938964844,31.149999618530273,31.6299991607666,1074300,0.0,0.0
2022-01-04 00:00:00-05:00,31.450000762939453,31.6299991607666,30.200000762939453,31.18000030517578,1814100,0.0,0.0
2022-01-05 00:00:00-05:00,31.139999389648438,32.029998779296875,30.440000534057617,30.68000030517578,3666200,0.0,0.0
2022-01-06 00:00:00-05:00,30.530000686645508,31.690000534057617,30.450000762939453,31.139999389648438,1907700,0.0,0.0
2022-01-07 00:00:00-05:00,30.959999084472656,31.43000030517578,30.020000457763672,30.489999771118164,1469500,0.0,0.0
2022-01-10 00:00:00-05:00,29.850000381469727,30.459999084472656,29.139999389648438,30.43000030517578,1685300,0.0,0.0
2022-01-11 00:00:00-05:00,30.31999969482422,31.3700008392334,30.264999389648438,31.020000457763672,1420200,0.0,0.0
2022-01-12 00:00:00-05:00,31.290000915527344,31.59000015258789,30.459999084472656,30.610000610351562,1201800,0.0,0.0
2022-01-13 00:00:00-05:00,30.719999313354492,30.934999465942383,29.020000457763672,29.15999984741211,1625200,0.0,0.0
2022-01-14 00:00:00-05:00,28.790000915527344,29.280000686645508,28.15999984741211,29.040000915527344,1536000,0.0,0.0
2022-01-18 00:00:00-05:00,28.3700008392334,29.06999969482422,28.020000457763672,28.110000610351562,1475900,0.0,0.0
2022-01-19 00:00:00-05:00,28.59000015258789,29.31999969482422,27.940000534057617,27.989999771118164,1351500,0.0,0.0
2022-01-20 00:00:00-05:00,28.1200008392334,28.979999542236328,27.459999084472656,27.520000457763672,1258300,0.0,0.0
2022-01-21 00:00:00-05:00,27.309999465942383,27.760000228881836,26.600000381469727,26.6200008392334,1297900,0.0,0.0
2022-01-24 00:00:00-05:00,26.0,27.09000015258789,24.34000015258789,27.049999237060547,2992900,0.0,0.0
2022-01-25 00:00:00-05:00,26.34000015258789,26.75,25.469999313354492,25.940000534057617,1715400,0.0,0.0
2022-01-26 00:00:00-05:00,26.670000076293945,27.010000228881836,24.889999389648438,25.219999313354492,2221100,0.0,0.0
2022-01-27 00:00:00-05:00,25.829999923706055,26.1200008392334,24.489999771118164,24.709999084472656,1966100,0.0,0.0
2022-01-28 00:00:00-05:00,24.709999084472656,26.040000915527344,24.149999618530273,26.040000915527344,2331600,0.0,0.0
2022-01-31 00:00:00-05:00,26.0,27.389999389648438,25.90999984741211,27.34000015258789,1310900,0.0,0.0
2022-02-01 00:00:00-05:00,27.790000915527344,28.239999771118164,26.989999771118164,28.200000762939453,1732600,0.0,0.0
2022-02-02 00:00:00-05:00,28.43000030517578,28.520000457763672,27.40999984741211,27.829999923706055,1255100,0.0,0.0
2022-02-03 00:00:00-05:00,26.799999237060547,27.350000381469727,26.139999389648438,26.420000076293945,1525400,0.0,0.0
2022-02-04 00:00:00-05:00,26.600000381469727,27.5,26.15999984741211,27.100000381469727,1410300,0.0,0.0
2022-02-07 00:00:00-05:00,27.229999542236328,27.959999084472656,26.65999984741211,26.860000610351562,1062100,0.0,0.0
2022-02-08 00:00:00-05:00,26.709999084472656,27.510000228881836,26.510000228881836,27.15999984741211,1296900,0.0,0.0
2022-02-09 00:00:00-05:00,27.649999618530273,28.09000015258789,27.43000030517578,28.06999969482422,1348400,0.0,0.0
2022-02-10 00:00:00-05:00,27.270000457763672,28.31999969482422,27.020000457763672,27.309999465942383,1277400,0.0,0.0
2022-02-11 00:00:00-05:00,27.3799991607666,27.90999984741211,26.149999618530273,26.260000228881836,1279600,0.0,0.0
2022-02-14 00:00:00-05:00,26.170000076293945,26.799999237060547,25.81999969482422,26.209999084472656,1333200,0.0,0.0
2022-02-15 00:00:00-05:00,26.940000534057617,27.6200008392334,26.75,27.549999237060547,1802000,0.0,0.0
2022-02-16 00:00:00-05:00,27.209999084472656,27.489999771118164,26.459999084472656,27.200000762939453,1121900,0.0,0.0
2022-02-17 00:00:00-05:00,26.718000411987305,26.850000381469727,25.264999389648438,25.459999084472656,1751900,0.0,0.0
2022-02-18 00:00:00-05:00,25.530000686645508,25.829999923706055,24.780000686645508,25.100000381469727,1819700,0.0,0.0
2022-02-22 00:00:00-05:00,24.780000686645508,25.489999771118164,24.709999084472656,24.829999923706055,1757500,0.0,0.0
2022-02-23 00:00:00-05:00,25.31999969482422,25.690000534057617,24.780000686645508,24.790000915527344,2033000,0.0,0.0
2022-02-24 00:00:00-05:00,23.399999618530273,26.954999923706055,23.329999923706055,26.770000457763672,2760000,0.0,0.0
2022-02-25 00:00:00-05:00,26.579999923706055,26.799999237060547,25.860000610351562,26.510000228881836,1623800,0.0,0.0
2022-02-28 00:00:00-05:00,26.34000015258789,27.219999313354492,25.809999465942383,26.700000762939453,2045900,0.0,0.0
2022-03-01 00:00:00-05:00,26.770000457763672,27.219999313354492,26.420000076293945,26.68000030517578,2025700,0.0,0.0
2022-03-02 00:00:00-05:00,26.700000762939453,27.350000381469727,26.149999618530273,27.260000228881836,2840900,0.0,0.0
2022-03-03 00:00:00-05:00,28.100000381469727,28.100000381469727,25.450000762939453,26.110000610351562,3443700,0.0,0.0
2022-03-04 00:00:00-05:00,25.899999618530273,26.770000457763672,24.780000686645508,25.010000228881836,1984300,0.0,0.0
2022-03-07 00:00:00-05:00,25.09000015258789,25.549999237060547,23.100000381469727,23.1299991607666,2218500,0.0,0.0
2022-03-08 00:00:00-05:00,23.079999923706055,23.979999542236328,22.59000015258789,23.200000762939453,1854700,0.0,0.0
2022-03-09 00:00:00-05:00,23.770000457763672,24.479999542236328,23.770000457763672,24.020000457763672,1527500,0.0,0.0
2022-03-10 00:00:00-05:00,23.420000076293945,23.93000030517578,22.97599983215332,23.790000915527344,1770000,0.0,0.0
2022-03-11 00:00:00-05:00,23.989999771118164,24.020000457763672,22.81999969482422,22.860000610351562,1176700,0.0,0.0
2022-03-14 00:00:00-04:00,22.700000762939453,23.1200008392334,21.989999771118164,22.139999389648438,1923700,0.0,0.0
2022-03-15 00:00:00-04:00,22.200000762939453,22.81999969482422,22.101999282836914,22.790000915527344,1335300,0.0,0.0
2022-03-16 00:00:00-04:00,23.010000228881836,23.899999618530273,22.850000381469727,23.84000015258789,1898200,0.0,0.0
2022-03-17 00:00:00-04:00,23.770000457763672,24.670000076293945,23.6299991607666,24.579999923706055,2256000,0.0,0.0
2022-03-18 00:00:00-04:00,24.549999237060547,26.290000915527344,24.540000915527344,26.25,3347400,0.0,0.0
2022-03-21 00:00:00-04:00,25.860000610351562,27.110000610351562,25.760000228881836,26.709999084472656,2523300,0.0,0.0
2022-03-22 00:00:00-04:00,26.43000030517578,27.649999618530273,26.3799991607666,27.200000762939453,1319600,0.0,0.0
2022-03-23 00:00:00-04:00,26.899999618530273,27.200000762939453,26.450000762939453,26.469999313354492,840200,0.0,0.0
2022-03-24 00:00:00-04:00,26.729999542236328,27.114999771118164,26.170000076293945,27.100000381469727,1104000,0.0,0.0
2022-03-25 00:00:00-04:00,27.100000381469727,27.149999618530273,25.920000076293945,26.579999923706055,1011800,0.0,0.0
2022-03-28 00:00:00-04:00,26.549999237060547,26.959999084472656,25.739999771118164,26.739999771118164,873100,0.0,0.0
2022-03-29 00:00:00-04:00,27.049999237060547,27.450000762939453,26.829999923706055,27.100000381469727,1487500,0.0,0.0
2022-03-30 00:00:00-04:00,26.8799991607666,27.520000457763672,26.709999084472656,26.889999389648438,1690400,0.0,0.0
2022-03-31 00:00:00-04:00,26.84000015258789,27.665000915527344,26.600000381469727,26.81999969482422,1695000,0.0,0.0
2022-04-01 00:00:00-04:00,26.81999969482422,27.799999237060547,26.68000030517578,27.729999542236328,2172200,0.0,0.0
2022-04-04 00:00:00-04:00,28.0,29.1200008392334,27.809999465942383,28.469999313354492,1843900,0.0,0.0
2022-04-05 00:00:00-04:00,28.34000015258789,28.43000030517578,27.200000762939453,27.329999923706055,1358500,0.0,0.0
2022-04-06 00:00:00-04:00,26.799999237060547,26.93000030517578,25.81999969482422,26.209999084472656,1299500,0.0,0.0
2022-04-07 00:00:00-04:00,26.18000030517578,26.559999465942383,25.6200008392334,25.889999389648438,977400,0.0,0.0
2022-04-08 00:00:00-04:00,25.610000610351562,25.670000076293945,24.75,24.8700008392334,1090000,0.0,0.0
2022-04-11 00:00:00-04:00,24.59000015258789,26.69499969482422,24.420000076293945,26.450000762939453,2796600,0.0,0.0
2022-04-12 00:00:00-04:00,26.75,27.3799991607666,25.860000610351562,26.049999237060547,1686200,0.0,0.0
2022-04-13 00:00:00-04:00,25.969999313354492,27.06999969482422,25.40999984741211,27.06999969482422,1773100,0.0,0.0
2022-04-14 00:00:00-04:00,27.1200008392334,27.21500015258789,26.010000228881836,26.010000228881836,1229500,0.0,0.0
2022-04-18 00:00:00-04:00,25.899999618530273,25.940000534057617,25.31399917602539,25.8799991607666,879100,0.0,0.0
2022-04-19 00:00:00-04:00,25.809999465942383,27.6299991607666,25.75,27.360000610351562,1753700,0.0,0.0
2022-04-20 00:00:00-04:00,27.489999771118164,27.850000381469727,26.959999084472656,26.979999542236328,1045300,0.0,0.0
2022-04-21 00:00:00-04:00,27.31999969482422,27.81999969482422,25.920000076293945,26.040000915527344,1186100,0.0,0.0
2022-04-22 00:00:00-04:00,26.030000686645508,26.420000076293945,24.969999313354492,25.010000228881836,1165900,0.0,0.0
2022-04-25 00:00:00-04:00,24.81999969482422,26.520000457763672,24.790000915527344,26.399999618530273,1391800,0.0,0.0
2022-04-26 00:00:00-04:00,26.200000762939453,26.239999771118164,25.09000015258789,25.389999389648438,866300,0.0,0.0
2022-04-27 00:00:00-04:00,25.479999542236328,25.889999389648438,24.902999877929688,25.100000381469727,700800,0.0,0.0
2022-04-28 00:00:00-04:00,25.5,26.1200008392334,24.93000030517578,25.969999313354492,1023300,0.0,0.0
2022-04-29 00:00:00-04:00,25.760000228881836,26.360000610351562,24.979999542236328,25.030000686645508,778100,0.0,0.0
2022-05-02 00:00:00-04:00,24.65999984741211,25.6299991607666,24.559999465942383,25.6299991607666,1023800,0.0,0.0
2022-05-03 00:00:00-04:00,25.329999923706055,25.709999084472656,24.969999313354492,25.440000534057617,783300,0.0,0.0
2022-05-04 00:00:00-04:00,25.43000030517578,26.440000534057617,24.450000762939453,26.34000015258789,1456700,0.0,0.0
2022-05-05 00:00:00-04:00,25.860000610351562,26.270000457763672,24.049999237060547,24.59000015258789,1398600,0.0,0.0
2022-05-06 00:00:00-04:00,24.299999237060547,24.299999237060547,23.110000610351562,23.530000686645508,1043400,0.0,0.0
2022-05-09 00:00:00-04:00,22.809999465942383,22.940000534057617,21.235000610351562,21.420000076293945,1999300,0.0,0.0
2022-05-10 00:00:00-04:00,21.90999984741211,22.3799991607666,20.405000686645508,21.100000381469727,1912400,0.0,0.0
2022-05-11 00:00:00-04:00,20.959999084472656,21.68000030517578,20.145000457763672,20.31999969482422,1545000,0.0,0.0
2022-05-12 00:00:00-04:00,19.93000030517578,21.1200008392334,19.739999771118164,20.610000610351562,1660200,0.0,0.0
2022-05-13 00:00:00-04:00,21.040000915527344,22.649999618530273,21.040000915527344,22.530000686645508,1970700,0.0,0.0
2022-05-16 00:00:00-04:00,22.440000534057617,23.0,21.8799991607666,21.969999313354492,1720400,0.0,0.0
2022-05-17 00:00:00-04:00,22.59000015258789,23.1200008392334,20.59000015258789,22.06999969482422,2511300,0.0,0.0
2022-05-18 00:00:00-04:00,21.739999771118164,21.934999465942383,20.579999923706055,20.940000534057617,1218500,0.0,0.0
2022-05-19 00:00:00-04:00,20.780000686645508,21.610000610351562,20.780000686645508,21.1200008392334,3577700,0.0,0.0
2022-05-20 00:00:00-04:00,21.360000610351562,21.639999389648438,19.889999389648438,20.65999984741211,1945900,0.0,0.0
2022-05-23 00:00:00-04:00,21.020000457763672,23.190000534057617,20.600000381469727,21.719999313354492,7789200,0.0,0.0
2022-05-24 00:00:00-04:00,21.260000228881836,21.3799991607666,20.514999389648438,20.950000762939453,2630700,0.0,0.0
2022-05-25 00:00:00-04:00,20.799999237060547,21.920000076293945,20.65999984741211,21.420000076293945,4443900,0.0,0.0
2022-05-26 00:00:00-04:00,13.899999618530273,17.200000762939453,13.510000228881836,16.5,31357500,0.0,0.0
2022-05-27 00:00:00-04:00,16.5,17.170000076293945,16.420000076293945,16.8799991607666,6467600,0.0,0.0
2022-05-31 00:00:00-04:00,16.600000381469727,17.170000076293945,16.010000228881836,16.200000762939453,5157500,0.0,0.0
2022-06-01 00:00:00-04:00,16.34000015258789,16.809999465942383,15.789999961853027,15.989999771118164,2858400,0.0,0.0
2022-06-02 00:00:00-04:00,15.979999542236328,16.834999084472656,15.880000114440918,16.610000610351562,3321400,0.0,0.0
2022-06-03 00:00:00-04:00,16.459999084472656,16.639999389648438,16.049999237060547,16.360000610351562,1571600,0.0,0.0
2022-06-06 00:00:00-04:00,16.549999237060547,16.75,15.6850004196167,15.8100004196167,2382100,0.0,0.0
2022-06-07 00:00:00-04:00,15.609999656677246,16.429000854492188,15.510000228881836,16.06999969482422,1985800,0.0,0.0
2022-06-08 00:00:00-04:00,15.899999618530273,16.200000762939453,15.75100040435791,15.949999809265137,1573800,0.0,0.0
2022-06-09 00:00:00-04:00,15.920000076293945,15.920000076293945,14.800000190734863,14.8100004196167,3032500,0.0,0.0
2022-06-10 00:00:00-04:00,14.479999542236328,14.84000015258789,14.3100004196167,14.4399995803833,3821300,0.0,0.0
2022-06-13 00:00:00-04:00,13.75,14.102999687194824,13.4399995803833,13.84000015258789,4963900,0.0,0.0
2022-06-14 00:00:00-04:00,13.960000038146973,14.390000343322754,13.664999961853027,13.75,2573900,0.0,0.0
2022-06-15 00:00:00-04:00,14.0,14.569999694824219,13.880000114440918,14.319999694824219,2786400,0.0,0.0
2022-06-16 00:00:00-04:00,13.850000381469727,14.210000038146973,13.614999771118164,13.819999694824219,2835700,0.0,0.0
2022-06-17 00:00:00-04:00,13.9399995803833,14.585000038146973,13.779999732971191,14.470000267028809,5621900,0.0,0.0
2022-06-21 00:00:00-04:00,14.510000228881836,14.970000267028809,14.4399995803833,14.510000228881836,2356200,0.0,0.0
2022-06-22 00:00:00-04:00,14.319999694824219,14.96500015258789,14.199999809265137,14.40999984741211,1858400,0.0,0.0
2022-06-23 00:00:00-04:00,14.5,15.085000038146973,14.25,14.979999542236328,2357500,0.0,0.0
2022-06-24 00:00:00-04:00,15.119999885559082,15.600000381469727,15.055000305175781,15.479999542236328,5152200,0.0,0.0
2022-06-27 00:00:00-04:00,15.539999961853027,15.559000015258789,14.739999771118164,15.100000381469727,2328300,0.0,0.0
2022-06-28 00:00:00-04:00,15.130000114440918,15.210000038146973,14.600000381469727,14.619999885559082,2175300,0.0,0.0
2022-06-29 00:00:00-04:00,14.630000114440918,14.630000114440918,14.140000343322754,14.5,1488100,0.0,0.0
2022-06-30 00:00:00-04:00,14.600000381469727,14.829999923706055,13.979999542236328,14.630000114440918,2678400,0.0,0.0
2022-07-01 00:00:00-04:00,14.710000038146973,15.15999984741211,14.539999961853027,14.869999885559082,2080000,0.0,0.0
2022-07-05 00:00:00-04:00,14.600000381469727,15.050000190734863,14.380000114440918,15.039999961853027,1716500,0.0,0.0
2022-07-06 00:00:00-04:00,15.020000457763672,15.324999809265137,14.75,14.880000114440918,1252500,0.0,0.0
2022-07-07 00:00:00-04:00,14.90999984741211,15.699999809265137,14.90999984741211,15.65999984741211,1752800,0.0,0.0
2022-07-08 00:00:00-04:00,15.4399995803833,15.729999542236328,15.100000381469727,15.670000076293945,1390600,0.0,0.0
2022-07-11 00:00:00-04:00,15.430000305175781,15.569999694824219,15.03499984741211,15.1899995803833,1229900,0.0,0.0
2022-07-12 00:00:00-04:00,15.149999618530273,15.470000267028809,14.630000114440918,14.779999732971191,1833700,0.0,0.0
2022-07-13 00:00:00-04:00,14.520000457763672,14.800000190734863,14.199999809265137,14.550000190734863,1708100,0.0,0.0
2022-07-14 00:00:00-04:00,14.420000076293945,14.600000381469727,14.109999656677246,14.220000267028809,1341400,0.0,0.0
2022-07-15 00:00:00-04:00,14.380000114440918,14.520000457763672,14.164999961853027,14.420000076293945,1806200,0.0,0.0
2022-07-18 00:00:00-04:00,14.640000343322754,14.949999809265137,14.225000381469727,14.300000190734863,1772900,0.0,0.0
2022-07-19 00:00:00-04:00,14.539999961853027,14.84000015258789,14.40999984741211,14.829999923706055,1481100,0.0,0.0
2022-07-20 00:00:00-04:00,14.930000305175781,15.53499984741211,14.770000457763672,15.529999732971191,1922500,0.0,0.0
2022-07-21 00:00:00-04:00,15.5,15.8100004196167,15.430000305175781,15.75,1401400,0.0,0.0
2022-07-22 00:00:00-04:00,15.75,16.079999923706055,14.989999771118164,15.050000190734863,1442100,0.0,0.0
2022-07-25 00:00:00-04:00,15.010000228881836,15.130000114440918,14.649999618530273,14.75,1764200,0.0,0.0
2022-07-26 00:00:00-04:00,14.579999923706055,14.710000038146973,14.0600004196167,14.140000343322754,2029300,0.0,0.0
2022-07-27 00:00:00-04:00,14.430000305175781,14.704999923706055,14.199999809265137,14.699999809265137,1296100,0.0,0.0
2022-07-28 00:00:00-04:00,14.680000305175781,15.0,14.220000267028809,14.949999809265137,2288700,0.0,0.0
2022-07-29 00:00:00-04:00,14.930000305175781,15.199999809265137,14.649999618530273,15.130000114440918,1726300,0.0,0.0
2022-08-01 00:00:00-04:00,14.989999771118164,15.274999618530273,14.5600004196167,15.210000038146973,1436000,0.0,0.0
2022-08-02 00:00:00-04:00,15.34000015258789,16.239999771118164,15.229999542236328,15.729999542236328,3508900,0.0,0.0
2022-08-03 00:00:00-04:00,15.850000381469727,16.684999465942383,15.850000381469727,16.549999237060547,1696800,0.0,0.0
2022-08-04 00:00:00-04:00,16.549999237060547,16.84000015258789,16.290000915527344,16.81999969482422,1239600,0.0,0.0
2022-08-05 00:00:00-04:00,16.34000015258789,16.950000762939453,16.290000915527344,16.90999984741211,1242200,0.0,0.0
2022-08-08 00:00:00-04:00,17.010000228881836,17.760000228881836,16.959999084472656,17.299999237060547,1307400,0.0,0.0
2022-08-09 00:00:00-04:00,17.09000015258789,17.170000076293945,16.520000457763672,16.670000076293945,1350200,0.0,0.0
2022-08-10 00:00:00-04:00,17.239999771118164,17.514999389648438,17.190000534057617,17.34000015258789,1896600,0.0,0.0
2022-08-11 00:00:00-04:00,17.520000457763672,17.68000030517578,17.149999618530273,17.260000228881836,1955300,0.0,0.0
2022-08-12 00:00:00-04:00,17.559999465942383,17.80500030517578,17.3799991607666,17.770000457763672,1480100,0.0,0.0
2022-08-15 00:00:00-04:00,17.864999771118164,18.030000686645508,17.6299991607666,17.920000076293945,1371200,0.0,0.0
2022-08-16 00:00:00-04:00,17.709999084472656,18.155000686645508,17.575000762939453,18.040000915527344,1322300,0.0,0.0
2022-08-17 00:00:00-04:00,17.6299991607666,17.917999267578125,17.450000762939453,17.65999984741211,1153200,0.0,0.0
2022-08-18 00:00:00-04:00,17.59000015258789,18.940000534057617,17.510000228881836,18.90999984741211,3471500,0.0,0.0
2022-08-19 00:00:00-04:00,18.610000610351562,18.770000457763672,17.959999084472656,18.1200008392334,1934000,0.0,0.0
2022-08-22 00:00:00-04:00,17.920000076293945,18.1299991607666,17.770000457763672,18.06999969482422,1553100,0.0,0.0
2022-08-23 00:00:00-04:00,18.260000228881836,18.461999893188477,17.959999084472656,18.15999984741211,1611800,0.0,0.0
2022-08-24 00:00:00-04:00,18.18000030517578,19.03499984741211,18.18000030517578,18.8799991607666,1866900,0.0,0.0
2022-08-25 00:00:00-04:00,19.139999389648438,19.43000030517578,18.920000076293945,19.40999984741211,1817100,0.0,0.0
2022-08-26 00:00:00-04:00,19.299999237060547,19.43000030517578,18.03499984741211,18.139999389648438,2347100,0.0,0.0
2022-08-29 00:00:00-04:00,18.1299991607666,18.389999389648438,17.670000076293945,17.940000534057617,3100800,0.0,0.0
2022-08-30 00:00:00-04:00,18.100000381469727,18.850000381469727,17.739999771118164,18.1200008392334,4651400,0.0,0.0
2022-08-31 00:00:00-04:00,18.260000228881836,18.3799991607666,17.260000228881836,17.299999237060547,6284500,0.0,0.0
2022-09-01 00:00:00-04:00,20.989999771118164,22.940000534057617,20.979999542236328,22.34000015258789,21271000,0.0,0.0
2022-09-02 00:00:00-04:00,22.309999465942383,22.56999969482422,21.469999313354492,21.75,5306200,0.0,0.0
2022-09-06 00:00:00-04:00,21.850000381469727,22.760000228881836,21.770000457763672,22.1200008392334,3289600,0.0,0.0
2022-09-07 00:00:00-04:00,22.15999984741211,22.545000076293945,21.860000610351562,22.469999313354492,2354600,0.0,0.0
2022-09-08 00:00:00-04:00,22.530000686645508,23.280000686645508,22.3700008392334,22.979999542236328,2436100,0.0,0.0
2022-09-09 00:00:00-04:00,23.200000762939453,23.540000915527344,23.030000686645508,23.079999923706055,1879300,0.0,0.0
2022-09-12 00:00:00-04:00,23.100000381469727,23.770000457763672,22.739999771118164,23.709999084472656,2680300,0.0,0.0
2022-09-13 00:00:00-04:00,22.940000534057617,23.110000610351562,22.489999771118164,22.670000076293945,2321800,0.0,0.0
2022-09-14 00:00:00-04:00,22.700000762939453,23.239999771118164,22.399999618530273,23.15999984741211,1829200,0.0,0.0
2022-09-15 00:00:00-04:00,23.0,23.790000915527344,22.860000610351562,23.709999084472656,2241100,0.0,0.0
2022-09-16 00:00:00-04:00,23.15999984741211,23.2810001373291,22.520000457763672,23.1200008392334,4021600,0.0,0.0
2022-09-19 00:00:00-04:00,22.760000228881836,23.485000610351562,22.68000030517578,23.270000457763672,3633800,0.0,0.0
2022-09-20 00:00:00-04:00,22.979999542236328,23.125,22.25,22.329999923706055,2419000,0.0,0.0
2022-09-21 00:00:00-04:00,22.329999923706055,22.610000610351562,21.75,21.780000686645508,2184000,0.0,0.0
2022-09-22 00:00:00-04:00,21.610000610351562,21.90999984741211,21.389999389648438,21.65999984741211,2103300,0.0,0.0
2022-09-23 00:00:00-04:00,21.43000030517578,21.700000762939453,20.485000610351562,20.559999465942383,1855900,0.0,0.0
2022-09-26 00:00:00-04:00,20.3799991607666,20.719999313354492,20.15999984741211,20.280000686645508,1806000,0.0,0.0
2022-09-27 00:00:00-04:00,20.709999084472656,20.989999771118164,20.40999984741211,20.610000610351562,1338300,0.0,0.0
2022-09-28 00:00:00-04:00,20.649999618530273,21.440000534057617,20.59000015258789,21.389999389648438,1895900,0.0,0.0
2022-09-29 00:00:00-04:00,21.030000686645508,21.174999237060547,20.674999237060547,21.1200008392334,1180300,0.0,0.0
2022-09-30 00:00:00-04:00,21.020000457763672,21.639999389648438,20.809999465942383,20.829999923706055,1850500,0.0,0.0
2022-10-03 00:00:00-04:00,21.329999923706055,21.649999618530273,20.905000686645508,21.329999923706055,1780000,0.0,0.0
2022-10-04 00:00:00-04:00,21.719999313354492,22.399999618530273,21.65999984741211,22.219999313354492,1801700,0.0,0.0
2022-10-05 00:00:00-04:00,21.799999237060547,22.084999084472656,21.450000762939453,21.920000076293945,1581300,0.0,0.0
2022-10-06 00:00:00-04:00,21.719999313354492,22.774999618530273,21.719999313354492,22.719999313354492,2663600,0.0,0.0
2022-10-07 00:00:00-04:00,22.350000381469727,22.59000015258789,21.924999237060547,21.979999542236328,1679800,0.0,0.0
2022-10-10 00:00:00-04:00,21.90999984741211,21.90999984741211,20.0,20.270000457763672,2182100,0.0,0.0
2022-10-11 00:00:00-04:00,20.65999984741211,21.349000930786133,20.190000534057617,21.049999237060547,2859400,0.0,0.0
2022-10-12 00:00:00-04:00,21.15999984741211,21.389999389648438,20.559999465942383,20.989999771118164,1460500,0.0,0.0
2022-10-13 00:00:00-04:00,20.309999465942383,21.350000381469727,19.959999084472656,21.149999618530273,1872900,0.0,0.0
2022-10-14 00:00:00-04:00,25.020000457763672,26.51799964904785,24.989999771118164,26.350000381469727,13843900,0.0,0.0
2022-10-17 00:00:00-04:00,26.260000228881836,26.954999923706055,26.184999465942383,26.540000915527344,5183300,0.0,0.0
2022-10-18 00:00:00-04:00,26.90999984741211,27.3799991607666,26.329999923706055,26.40999984741211,3550700,0.0,0.0
2022-10-19 00:00:00-04:00,26.200000762939453,26.610000610351562,25.774999618530273,25.950000762939453,2061800,0.0,0.0
2022-10-20 00:00:00-04:00,26.110000610351562,26.899999618530273,25.959999084472656,26.670000076293945,2584300,0.0,0.0
2022-10-21 00:00:00-04:00,26.5,26.985000610351562,26.19099998474121,26.8700008392334,1770000,0.0,0.0
2022-10-24 00:00:00-04:00,27.030000686645508,27.139999389648438,25.979999542236328,26.90999984741211,2168000,0.0,0.0
2022-10-25 00:00:00-04:00,26.850000381469727,27.59000015258789,26.780000686645508,26.829999923706055,2339600,0.0,0.0
2022-10-26 00:00:00-04:00,26.485000610351562,27.260000228881836,26.1200008392334,26.6299991607666,1732500,0.0,0.0
2022-10-27 00:00:00-04:00,26.729999542236328,27.549999237060547,26.40999984741211,26.579999923706055,2590200,0.0,0.0
2022-10-28 00:00:00-04:00,26.540000915527344,26.950000762939453,26.200000762939453,26.799999237060547,1441300,0.0,0.0
2022-10-31 00:00:00-04:00,26.799999237060547,27.864999771118164,26.645000457763672,27.399999618530273,1998900,0.0,0.0
2022-11-01 00:00:00-04:00,27.6200008392334,28.72800064086914,27.6200008392334,28.170000076293945,3302500,0.0,0.0
2022-11-02 00:00:00-04:00,28.0,28.385000228881836,27.309999465942383,27.440000534057617,2164500,0.0,0.0
2022-11-03 00:00:00-04:00,27.3799991607666,28.149999618530273,26.950000762939453,27.010000228881836,2345700,0.0,0.0
2022-11-04 00:00:00-04:00,27.040000915527344,27.43000030517578,26.31999969482422,26.940000534057617,2332500,0.0,0.0
2022-11-07 00:00:00-05:00,26.93000030517578,27.139999389648438,26.3700008392334,26.549999237060547,1610100,0.0,0.0
2022-11-08 00:00:00-05:00,26.600000381469727,27.040000915527344,26.200000762939453,26.649999618530273,1746500,0.0,0.0
2022-11-09 00:00:00-05:00,26.31999969482422,26.43000030517578,25.899999618530273,26.139999389648438,1526700,0.0,0.0
2022-11-10 00:00:00-05:00,27.100000381469727,27.530000686645508,26.863000869750977,27.43000030517578,2141000,0.0,0.0
2022-11-11 00:00:00-05:00,27.6299991607666,28.610000610351562,27.450000762939453,28.43000030517578,2348100,0.0,0.0
2022-11-14 00:00:00-05:00,28.229999542236328,28.635000228881836,27.34000015258789,28.260000228881836,1590400,0.0,0.0
2022-11-15 00:00:00-05:00,28.81999969482422,29.424999237060547,28.719999313354492,29.059999465942383,2035400,0.0,0.0
2022-11-16 00:00:00-05:00,28.780000686645508,29.094999313354492,27.8799991607666,28.6200008392334,1937400,0.0,0.0
2022-11-17 00:00:00-05:00,28.420000076293945,28.469999313354492,27.899999618530273,28.200000762939453,1708400,0.0,0.0
2022-11-18 00:00:00-05:00,28.729999542236328,28.770000457763672,28.045000076293945,28.530000686645508,1555900,0.0,0.0
2022-11-21 00:00:00-05:00,28.309999465942383,29.243999481201172,27.860000610351562,27.899999618530273,1614600,0.0,0.0
2022-11-22 00:00:00-05:00,27.979999542236328,28.34000015258789,27.3700008392334,28.260000228881836,1428200,0.0,0.0
2022-11-23 00:00:00-05:00,28.31999969482422,28.865999221801758,28.030000686645508,28.760000228881836,1147000,0.0,0.0
2022-11-25 00:00:00-05:00,28.329999923706055,28.799999237060547,28.309999465942383,28.709999084472656,546000,0.0,0.0
2022-11-28 00:00:00-05:00,28.600000381469727,28.9950008392334,27.780000686645508,27.950000762939453,1550900,0.0,0.0
2022-11-29 00:00:00-05:00,28.0,28.139999389648438,27.040000915527344,27.139999389648438,1536400,0.0,0.0
2022-11-30 00:00:00-05:00,26.93000030517578,28.260000228881836,26.559999465942383,28.260000228881836,4011100,0.0,0.0
2022-12-01 00:00:00-05:00,29.079999923706055,30.979999542236328,28.549999237060547,30.540000915527344,6353600,0.0,0.0
2022-12-02 00:00:00-05:00,28.902000427246094,30.979999542236328,28.25,30.530000686645508,4123000,0.0,0.0
2022-12-05 00:00:00-05:00,30.3799991607666,30.700000762939453,29.735000610351562,30.219999313354492,2072800,0.0,0.0
2022-12-06 00:00:00-05:00,30.25,30.530000686645508,29.78499984741211,30.43000030517578,1704100,0.0,0.0
2022-12-07 00:00:00-05:00,30.43000030517578,30.75,29.899999618530273,30.139999389648438,1896300,0.0,0.0
2022-12-08 00:00:00-05:00,30.329999923706055,31.690000534057617,30.219999313354492,31.170000076293945,2152900,0.0,0.0
2022-12-09 00:00:00-05:00,31.09000015258789,31.979999542236328,31.049999237060547,31.31999969482422,1265800,0.0,0.0
2022-12-12 00:00:00-05:00,31.520000457763672,32.650001525878906,31.229999542236328,32.470001220703125,2963900,0.0,0.0
2022-12-13 00:00:00-05:00,32.77000045776367,33.119998931884766,32.15999984741211,32.93000030517578,2502900,0.0,0.0
2022-12-14 00:00:00-05:00,32.9900016784668,33.73400115966797,32.77000045776367,33.31999969482422,2426600,0.0,0.0
2022-12-15 00:00:00-05:00,32.775001525878906,33.34000015258789,31.71500015258789,31.739999771118164,2585000,0.0,0.0
2022-12-16 00:00:00-05:00,31.329999923706055,31.780000686645508,29.954999923706055,31.170000076293945,9825700,0.0,0.0
2022-12-19 00:00:00-05:00,30.950000762939453,31.075000762939453,30.075000762939453,30.360000610351562,1895500,0.0,0.0
2022-12-20 00:00:00-05:00,30.1299991607666,30.584999084472656,29.760000228881836,30.3700008392334,2724000,0.0,0.0
2022-12-21 00:00:00-05:00,29.030000686645508,29.165000915527344,27.709999084472656,28.899999618530273,4513600,0.0,0.0
2022-12-22 00:00:00-05:00,28.639999389648438,28.799999237060547,27.81999969482422,27.920000076293945,2506900,0.0,0.0
2022-12-23 00:00:00-05:00,25.239999771118164,27.25,24.68000030517578,25.690000534057617,7600000,0.0,0.0
2022-12-27 00:00:00-05:00,25.639999389648438,25.920000076293945,25.100000381469727,25.260000228881836,1616300,0.0,0.0
2022-12-28 00:00:00-05:00,25.260000228881836,25.850000381469727,25.1200008392334,25.600000381469727,1929700,0.0,0.0
2022-12-29 00:00:00-05:00,25.81999969482422,26.389999389648438,25.68000030517578,25.8700008392334,1486600,0.0,0.0
2022-12-30 00:00:00-05:00,25.389999389648438,26.06999969482422,25.299999237060547,26.049999237060547,1055400,0.0,0.0
2023-01-03 00:00:00-05:00,26.440000534057617,27.025999069213867,25.979999542236328,26.299999237060547,2391900,0.0,0.0
2023-01-04 00:00:00-05:00,26.43000030517578,26.90999984741211,26.18000030517578,26.770000457763672,1435400,0.0,0.0
2023-01-05 00:00:00-05:00,26.299999237060547,26.631000518798828,25.065000534057617,25.09000015258789,2610800,0.0,0.0
2023-01-06 00:00:00-05:00,25.15999984741211,25.809999465942383,24.700000762939453,25.530000686645508,1559600,0.0,0.0
2023-01-09 00:00:00-05:00,25.68000030517578,26.770000457763672,25.68000030517578,26.030000686645508,1337800,0.0,0.0
2023-01-10 00:00:00-05:00,26.010000228881836,26.440000534057617,25.56999969482422,26.329999923706055,987200,0.0,0.0
2023-01-11 00:00:00-05:00,26.450000762939453,26.6299991607666,26.104999542236328,26.43000030517578,1192400,0.0,0.0
2023-01-12 00:00:00-05:00,26.31999969482422,26.809999465942383,25.600000381469727,26.790000915527344,988100,0.0,0.0
2023-01-13 00:00:00-05:00,26.420000076293945,27.09000015258789,26.350000381469727,26.700000762939453,1295300,0.0,0.0
2023-01-17 00:00:00-05:00,26.351999282836914,27.030000686645508,26.149999618530273,26.6200008392334,1860300,0.0,0.0
2023-01-18 00:00:00-05:00,27.040000915527344,27.1200008392334,26.475000381469727,26.670000076293945,1267900,0.0,0.0
2023-01-19 00:00:00-05:00,26.270000457763672,26.610000610351562,26.209999084472656,26.260000228881836,1415600,0.0,0.0
2023-01-20 00:00:00-05:00,26.5,26.8700008392334,26.479999542236328,26.799999237060547,1432400,0.0,0.0
2023-01-23 00:00:00-05:00,26.940000534057617,28.56999969482422,26.690000534057617,28.549999237060547,1775500,0.0,0.0
2023-01-24 00:00:00-05:00,28.40999984741211,29.040000915527344,28.184999465942383,28.950000762939453,1391900,0.0,0.0
2023-01-25 00:00:00-05:00,28.43000030517578,29.187000274658203,28.104999542236328,28.450000762939453,1908500,0.0,0.0
2023-01-26 00:00:00-05:00,28.760000228881836,28.979999542236328,28.09000015258789,28.489999771118164,1091500,0.0,0.0
2023-01-27 00:00:00-05:00,28.479999542236328,28.520000457763672,27.940000534057617,27.979999542236328,1124500,0.0,0.0
2023-01-30 00:00:00-05:00,27.700000762939453,27.950000762939453,27.440000534057617,27.709999084472656,1056400,0.0,0.0
2023-01-31 00:00:00-05:00,27.780000686645508,28.0,27.604999542236328,27.8700008392334,1046900,0.0,0.0
2023-02-01 00:00:00-05:00,27.850000381469727,28.950000762939453,27.5,28.559999465942383,1362800,0.0,0.0
2023-02-02 00:00:00-05:00,28.899999618530273,29.6299991607666,28.65999984741211,29.520000457763672,1429200,0.0,0.0
2023-02-03 00:00:00-05:00,28.6200008392334,29.719999313354492,28.6200008392334,29.239999771118164,982000,0.0,0.0
2023-02-06 00:00:00-05:00,28.93000030517578,29.200000762939453,28.40999984741211,28.540000915527344,682500,0.0,0.0
2023-02-07 00:00:00-05:00,28.690000534057617,29.3700008392334,28.13599967956543,29.219999313354492,768600,0.0,0.0
2023-02-08 00:00:00-05:00,29.260000228881836,29.827999114990234,29.1299991607666,29.329999923706055,1068400,0.0,0.0
2023-02-09 00:00:00-05:00,29.65999984741211,29.954999923706055,29.010000228881836,29.059999465942383,863400,0.0,0.0
2023-02-10 00:00:00-05:00,28.690000534057617,28.920000076293945,28.106000900268555,28.649999618530273,927200,0.0,0.0
2023-02-13 00:00:00-05:00,28.889999389648438,29.075000762939453,28.451000213623047,28.600000381469727,1453100,0.0,0.0
2023-02-14 00:00:00-05:00,28.610000610351562,29.459999084472656,28.44499969482422,29.3700008392334,1472800,0.0,0.0
2023-02-15 00:00:00-05:00,29.209999084472656,29.6200008392334,29.030000686645508,29.389999389648438,920700,0.0,0.0
2023-02-16 00:00:00-05:00,28.729999542236328,29.079999923706055,28.424999237060547,28.459999084472656,936200,0.0,0.0
2023-02-17 00:00:00-05:00,28.440000534057617,28.510000228881836,27.84000015258789,28.3700008392334,983100,0.0,0.0
2023-02-21 00:00:00-05:00,27.93000030517578,28.170000076293945,27.530000686645508,27.829999923706055,928300,0.0,0.0
2023-02-22 00:00:00-05:00,28.1200008392334,28.270000457763672,27.469999313354492,28.030000686645508,1777600,0.0,0.0
2023-02-23 00:00:00-05:00,28.229999542236328,28.940000534057617,28.170000076293945,28.65999984741211,1985400,0.0,0.0
2023-02-24 00:00:00-05:00,27.940000534057617,28.440000534057617,27.92099952697754,28.309999465942383,964300,0.0,0.0
2023-02-27 00:00:00-05:00,28.479999542236328,28.799999237060547,27.950000762939453,28.09000015258789,1281700,0.0,0.0
2023-02-28 00:00:00-05:00,28.010000228881836,28.5049991607666,27.889999389648438,28.25,1931700,0.0,0.0
2023-03-01 00:00:00-05:00,28.559999465942383,29.09000015258789,28.40999984741211,28.469999313354492,1652200,0.0,0.0
2023-03-02 00:00:00-05:00,28.190000534057617,28.645000457763672,27.635000228881836,28.520000457763672,1359900,0.0,0.0
2023-03-03 00:00:00-05:00,28.829999923706055,29.1200008392334,28.329999923706055,28.6200008392334,1513000,0.0,0.0
2023-03-06 00:00:00-05:00,28.75,29.31999969482422,28.56999969482422,28.770000457763672,3521200,0.0,0.0
2023-03-07 00:00:00-05:00,27.040000915527344,27.860000610351562,26.100000381469727,26.5,6258300,0.0,0.0
2023-03-08 00:00:00-05:00,26.610000610351562,26.790000915527344,25.93000030517578,26.010000228881836,2128700,0.0,0.0
2023-03-09 00:00:00-05:00,26.010000228881836,26.184999465942383,24.670000076293945,24.90999984741211,2698700,0.0,0.0
2023-03-10 00:00:00-05:00,24.700000762939453,25.15999984741211,24.309999465942383,24.68000030517578,1987400,0.0,0.0
2023-03-13 00:00:00-04:00,24.440000534057617,24.6200008392334,23.850000381469727,24.200000762939453,1844700,0.0,0.0
2023-03-14 00:00:00-04:00,24.600000381469727,25.298999786376953,24.385000228881836,24.75,2121700,0.0,0.0
2023-03-15 00:00:00-04:00,24.399999618530273,24.739999771118164,24.18000030517578,24.719999313354492,900300,0.0,0.0
2023-03-16 00:00:00-04:00,24.5,25.440000534057617,24.15999984741211,25.40999984741211,1159400,0.0,0.0
2023-03-17 00:00:00-04:00,25.0,25.6299991607666,24.704999923706055,25.479999542236328,2795400,0.0,0.0
2023-03-20 00:00:00-04:00,25.34000015258789,25.655000686645508,25.215999603271484,25.40999984741211,1554000,0.0,0.0
2023-03-21 00:00:00-04:00,25.639999389648438,25.93000030517578,25.5,25.739999771118164,2008600,0.0,0.0
2023-03-22 00:00:00-04:00,25.700000762939453,25.700000762939453,24.829999923706055,24.84000015258789,939000,0.0,0.0
2023-03-23 00:00:00-04:00,25.010000228881836,25.649999618530273,24.860000610351562,25.049999237060547,815700,0.0,0.0
2023-03-24 00:00:00-04:00,24.84000015258789,24.8799991607666,24.139999389648438,24.229999542236328,1779300,0.0,0.0
2023-03-27 00:00:00-04:00,24.295000076293945,25.329999923706055,24.295000076293945,24.989999771118164,1480600,0.0,0.0
2023-03-28 00:00:00-04:00,25.010000228881836,25.15999984741211,24.530000686645508,24.81999969482422,925300,0.0,0.0
2023-03-29 00:00:00-04:00,25.049999237060547,25.329999923706055,24.780000686645508,25.270000457763672,649300,0.0,0.0
2023-03-30 00:00:00-04:00,25.420000076293945,25.43000030517578,24.860000610351562,25.260000228881836,747200,0.0,0.0
2023-03-31 00:00:00-04:00,25.31999969482422,25.989999771118164,25.170000076293945,25.989999771118164,1434600,0.0,0.0
2023-04-03 00:00:00-04:00,25.579999923706055,25.700000762939453,25.135000228881836,25.209999084472656,1351500,0.0,0.0
2023-04-04 00:00:00-04:00,25.229999542236328,25.75,25.030000686645508,25.549999237060547,1226400,0.0,0.0
2023-04-05 00:00:00-04:00,25.520000457763672,25.600000381469727,24.75,25.299999237060547,1405900,0.0,0.0
2023-04-06 00:00:00-04:00,25.1299991607666,25.6200008392334,25.020000457763672,25.420000076293945,635600,0.0,0.0
2023-04-10 00:00:00-04:00,25.149999618530273,25.579999923706055,24.959999084472656,25.309999465942383,867600,0.0,0.0
2023-04-11 00:00:00-04:00,25.1200008392334,25.420000076293945,24.774999618530273,25.170000076293945,1042700,0.0,0.0
2023-04-12 00:00:00-04:00,25.389999389648438,25.530000686645508,24.799999237060547,24.799999237060547,612200,0.0,0.0
2023-04-13 00:00:00-04:00,24.940000534057617,25.6200008392334,24.940000534057617,25.579999923706055,920900,0.0,0.0
2023-04-14 00:00:00-04:00,25.329999923706055,25.610000610351562,25.104999542236328,25.5,751300,0.0,0.0
2023-04-17 00:00:00-04:00,25.530000686645508,25.68000030517578,25.290000915527344,25.469999313354492,598800,0.0,0.0
2023-04-18 00:00:00-04:00,25.56999969482422,25.729999542236328,25.295000076293945,25.6299991607666,794600,0.0,0.0
2023-04-19 00:00:00-04:00,25.450000762939453,25.704999923706055,25.15999984741211,25.329999923706055,1084200,0.0,0.0
2023-04-20 00:00:00-04:00,25.110000610351562,25.290000915527344,24.575000762939453,24.6299991607666,754700,0.0,0.0
2023-04-21 00:00:00-04:00,24.59000015258789,24.895000457763672,24.56999969482422,24.829999923706055,648900,0.0,0.0
2023-04-24 00:00:00-04:00,24.639999389648438,24.739999771118164,23.920000076293945,24.09000015258789,897000,0.0,0.0
2023-04-25 00:00:00-04:00,23.989999771118164,24.020000457763672,23.405000686645508,23.420000076293945,798900,0.0,0.0
2023-04-26 00:00:00-04:00,23.5,24.114999771118164,23.5,23.799999237060547,727000,0.0,0.0
2023-04-27 00:00:00-04:00,24.0,24.040000915527344,23.344999313354492,23.920000076293945,982300,0.0,0.0
2023-04-28 00:00:00-04:00,23.760000228881836,24.125,23.510000228881836,23.979999542236328,770700,0.0,0.0
2023-05-01 00:00:00-04:00,23.950000762939453,24.540000915527344,23.899999618530273,24.510000228881836,1061300,0.0,0.0
2023-05-02 00:00:00-04:00,24.459999084472656,24.565000534057617,23.895000457763672,23.969999313354492,935200,0.0,0.0
2023-05-03 00:00:00-04:00,23.940000534057617,24.65999984741211,23.799999237060547,24.18000030517578,1269300,0.0,0.0
2023-05-04 00:00:00-04:00,24.190000534057617,24.3700008392334,23.934999465942383,24.020000457763672,816700,0.0,0.0
2023-05-05 00:00:00-04:00,24.200000762939453,24.690000534057617,23.885000228881836,23.940000534057617,1124100,0.0,0.0
2023-05-08 00:00:00-04:00,23.8799991607666,24.549999237060547,23.8799991607666,24.530000686645508,856600,0.0,0.0
2023-05-09 00:00:00-04:00,24.280000686645508,24.780000686645508,24.229999542236328,24.420000076293945,598000,0.0,0.0
2023-05-10 00:00:00-04:00,24.780000686645508,24.989999771118164,24.639999389648438,24.65999984741211,746000,0.0,0.0
2023-05-11 00:00:00-04:00,24.549999237060547,24.600000381469727,24.084999084472656,24.200000762939453,668700,0.0,0.0
2023-05-12 00:00:00-04:00,24.75,25.540000915527344,24.700000762939453,25.530000686645508,1435300,0.0,0.0
2023-05-15 00:00:00-04:00,25.450000762939453,26.235000610351562,25.34000015258789,26.139999389648438,1146900,0.0,0.0
2023-05-16 00:00:00-04:00,25.90999984741211,26.049999237060547,25.540000915527344,25.68000030517578,996200,0.0,0.0
2023-05-17 00:00:00-04:00,25.729999542236328,26.299999237060547,25.549999237060547,26.270000457763672,1203800,0.0,0.0
2023-05-18 00:00:00-04:00,26.079999923706055,26.079999923706055,24.809999465942383,25.690000534057617,1695000,0.0,0.0
2023-05-19 00:00:00-04:00,25.600000381469727,25.940000534057617,25.510000228881836,25.6200008392334,753800,0.0,0.0
2023-05-22 00:00:00-04:00,25.450000762939453,25.889999389648438,25.405000686645508,25.780000686645508,1185900,0.0,0.0
2023-05-23 00:00:00-04:00,25.68000030517578,26.239999771118164,25.40999984741211,25.549999237060547,1967100,0.0,0.0
2023-05-24 00:00:00-04:00,25.399999618530273,25.65999984741211,25.239999771118164,25.40999984741211,1834100,0.0,0.0
2023-05-25 00:00:00-04:00,29.114999771118164,29.889999389648438,28.0,29.68000030517578,6849200,0.0,0.0
2023-05-26 00:00:00-04:00,29.489999771118164,30.59000015258789,29.3700008392334,29.469999313354492,3235000,0.0,0.0
2023-05-30 00:00:00-04:00,29.899999618530273,30.40999984741211,29.200000762939453,29.290000915527344,1864100,0.0,0.0
2023-05-31 00:00:00-04:00,29.280000686645508,29.670000076293945,29.020000457763672,29.6200008392334,2750400,0.0,0.0
2023-06-01 00:00:00-04:00,29.559999465942383,30.329999923706055,29.510000228881836,29.8700008392334,1878100,0.0,0.0
2023-06-02 00:00:00-04:00,30.110000610351562,30.725000381469727,30.0049991607666,30.549999237060547,1596400,0.0,0.0
2023-06-05 00:00:00-04:00,30.260000228881836,30.309999465942383,29.350000381469727,29.6299991607666,1291600,0.0,0.0
2023-06-06 00:00:00-04:00,29.469999313354492,29.899999618530273,29.280000686645508,29.399999618530273,1322100,0.0,0.0
2023-06-07 00:00:00-04:00,29.309999465942383,29.635000228881836,28.65999984741211,28.989999771118164,1853900,0.0,0.0
2023-06-08 00:00:00-04:00,28.8700008392334,29.600000381469727,28.5,29.3700008392334,1462800,0.0,0.0
2023-06-09 00:00:00-04:00,29.3700008392334,30.200000762939453,29.3700008392334,29.780000686645508,1495200,0.0,0.0
2023-06-12 00:00:00-04:00,29.889999389648438,30.1200008392334,29.690000534057617,29.700000762939453,1123200,0.0,0.0
2023-06-13 00:00:00-04:00,30.0,30.030000686645508,29.479999542236328,29.8700008392334,1025700,0.0,0.0
2023-06-14 00:00:00-04:00,29.799999237060547,29.8700008392334,29.270000457763672,29.59000015258789,934300,0.0,0.0
2023-06-15 00:00:00-04:00,29.360000610351562,29.979999542236328,29.229999542236328,29.969999313354492,942300,0.0,0.0
2023-06-16 00:00:00-04:00,30.0,30.097999572753906,28.875,29.190000534057617,2650200,0.0,0.0
2023-06-20 00:00:00-04:00,29.0,29.3799991607666,28.6299991607666,29.239999771118164,2372500,0.0,0.0
2023-06-21 00:00:00-04:00,29.0,29.239999771118164,28.239999771118164,28.389999389648438,1159000,0.0,0.0
2023-06-22 00:00:00-04:00,28.190000534057617,28.3799991607666,27.93000030517578,27.959999084472656,1427000,0.0,0.0
2023-06-23 00:00:00-04:00,27.6200008392334,27.704999923706055,27.270000457763672,27.3700008392334,2515500,0.0,0.0
2023-06-26 00:00:00-04:00,27.31999969482422,27.510000228881836,26.920000076293945,26.920000076293945,1099100,0.0,0.0
2023-06-27 00:00:00-04:00,27.1299991607666,27.280000686645508,26.469999313354492,27.06999969482422,2782700,0.0,0.0
2023-06-28 00:00:00-04:00,27.020000457763672,27.229999542236328,26.8700008392334,27.100000381469727,1854600,0.0,0.0
2023-06-29 00:00:00-04:00,27.100000381469727,27.125,26.81999969482422,27.079999923706055,1577400,0.0,0.0
2023-06-30 00:00:00-04:00,27.43000030517578,28.15999984741211,27.3799991607666,28.049999237060547,1794200,0.0,0.0
2023-07-03 00:00:00-04:00,27.979999542236328,28.315000534057617,27.889999389648438,28.229999542236328,660000,0.0,0.0
2023-07-05 00:00:00-04:00,28.100000381469727,28.385000228881836,27.905000686645508,27.93000030517578,1567400,0.0,0.0
2023-07-06 00:00:00-04:00,27.549999237060547,27.549999237060547,26.850000381469727,27.270000457763672,1181400,0.0,0.0
2023-07-07 00:00:00-04:00,27.219999313354492,27.55500030517578,27.190000534057617,27.299999237060547,876500,0.0,0.0
2023-07-10 00:00:00-04:00,27.139999389648438,27.84000015258789,27.125,27.829999923706055,1112300,0.0,0.0
2023-07-11 00:00:00-04:00,27.850000381469727,28.020000457763672,27.350000381469727,27.90999984741211,1124900,0.0,0.0
2023-07-12 00:00:00-04:00,28.280000686645508,28.309999465942383,27.479999542236328,27.81999969482422,942300,0.0,0.0
2023-07-13 00:00:00-04:00,28.309999465942383,29.579999923706055,28.290000915527344,29.440000534057617,2665500,0.0,0.0
2023-07-14 00:00:00-04:00,29.329999923706055,29.43000030517578,28.90999984741211,29.030000686645508,1227600,0.0,0.0
2023-07-17 00:00:00-04:00,29.110000610351562,29.81999969482422,29.06999969482422,29.139999389648438,998800,0.0,0.0
2023-07-18 00:00:00-04:00,29.110000610351562,29.309999465942383,28.520000457763672,28.920000076293945,1262900,0.0,0.0
2023-07-19 00:00:00-04:00,29.15999984741211,29.75,29.141000747680664,29.479999542236328,1644100,0.0,0.0
2023-07-20 00:00:00-04:00,29.100000381469727,29.350000381469727,28.524999618530273,28.729999542236328,1292300,0.0,0.0
2023-07-21 00:00:00-04:00,28.989999771118164,29.469999313354492,28.950000762939453,29.270000457763672,2334000,0.0,0.0
2023-07-24 00:00:00-04:00,29.399999618530273,30.1200008392334,29.229999542236328,29.989999771118164,2308000,0.0,0.0
2023-07-25 00:00:00-04:00,30.040000915527344,30.600000381469727,29.844999313354492,30.34000015258789,1470300,0.0,0.0
2023-07-26 00:00:00-04:00,30.34000015258789,30.549999237060547,29.7450008392334,30.520000457763672,1219800,0.0,0.0
2023-07-27 00:00:00-04:00,30.850000381469727,30.959999084472656,29.732999801635742,29.829999923706055,845700,0.0,0.0
2023-07-28 00:00:00-04:00,30.09000015258789,30.3799991607666,29.770000457763672,29.780000686645508,710700,0.0,0.0
2023-07-31 00:00:00-04:00,29.84000015258789,30.209999084472656,29.780000686645508,30.200000762939453,924800,0.0,0.0
2023-08-01 00:00:00-04:00,29.989999771118164,30.270000457763672,29.850000381469727,30.209999084472656,1173800,0.0,0.0
2023-08-02 00:00:00-04:00,29.75,29.75,28.489999771118164,29.110000610351562,1573300,0.0,0.0
2023-08-03 00:00:00-04:00,28.90999984741211,29.415000915527344,28.610000610351562,29.190000534057617,1154500,0.0,0.0
2023-08-04 00:00:00-04:00,29.399999618530273,29.950000762939453,28.885000228881836,29.579999923706055,870600,0.0,0.0
2023-08-07 00:00:00-04:00,29.639999389648438,30.145000457763672,29.357999801635742,30.059999465942383,837600,0.0,0.0
2023-08-08 00:00:00-04:00,29.649999618530273,29.729999542236328,29.030000686645508,29.6200008392334,1148500,0.0,0.0
2023-08-09 00:00:00-04:00,29.739999771118164,29.799999237060547,29.239999771118164,29.579999923706055,756500,0.0,0.0
2023-08-10 00:00:00-04:00,29.81999969482422,30.09000015258789,29.350000381469727,29.709999084472656,598500,0.0,0.0
2023-08-11 00:00:00-04:00,29.31999969482422,29.584999084472656,29.18000030517578,29.5,1175300,0.0,0.0
2023-08-14 00:00:00-04:00,29.239999771118164,30.079999923706055,29.219999313354492,29.979999542236328,884600,0.0,0.0
2023-08-15 00:00:00-04:00,29.8799991607666,30.93000030517578,29.729999542236328,30.260000228881836,1611400,0.0,0.0
2023-08-16 00:00:00-04:00,30.270000457763672,30.649999618530273,30.110000610351562,30.260000228881836,836800,0.0,0.0
2023-08-17 00:00:00-04:00,30.329999923706055,30.604999542236328,29.84000015258789,30.229999542236328,1373300,0.0,0.0
2023-08-18 00:00:00-04:00,29.93000030517578,30.450000762939453,29.799999237060547,30.209999084472656,862900,0.0,0.0
2023-08-21 00:00:00-04:00,30.440000534057617,31.290000915527344,30.3799991607666,30.920000076293945,1899800,0.0,0.0
2023-08-22 00:00:00-04:00,31.020000457763672,31.850000381469727,30.899999618530273,31.719999313354492,1787500,0.0,0.0
2023-08-23 00:00:00-04:00,31.670000076293945,31.8700008392334,31.27199935913086,31.729999542236328,1474300,0.0,0.0
2023-08-24 00:00:00-04:00,31.979999542236328,31.98900032043457,29.93000030517578,30.09000015258789,2032200,0.0,0.0
2023-08-25 00:00:00-04:00,30.1200008392334,30.139999389648438,29.25,29.59000015258789,3346400,0.0,0.0
2023-08-28 00:00:00-04:00,30.030000686645508,30.829999923706055,29.799999237060547,30.649999618530273,1811900,0.0,0.0
2023-08-29 00:00:00-04:00,30.75,31.309999465942383,30.479999542236328,30.809999465942383,1743700,0.0,0.0
2023-08-30 00:00:00-04:00,30.84000015258789,31.09000015258789,30.264999389648438,30.809999465942383,1244300,0.0,0.0
2023-08-31 00:00:00-04:00,30.950000762939453,31.309999465942383,30.385000228881836,31.100000381469727,3350200,0.0,0.0
2023-09-01 00:00:00-04:00,35.220001220703125,36.5,34.099998474121094,34.900001525878906,9704300,0.0,0.0
2023-09-05 00:00:00-04:00,34.720001220703125,35.915000915527344,34.619998931884766,34.86000061035156,3525800,0.0,0.0
2023-09-06 00:00:00-04:00,34.79999923706055,35.38999938964844,34.65999984741211,35.150001525878906,2206800,0.0,0.0
2023-09-07 00:00:00-04:00,34.720001220703125,36.209999084472656,34.599998474121094,36.060001373291016,2897900,0.0,0.0
2023-09-08 00:00:00-04:00,36.0,36.45000076293945,35.845001220703125,36.15999984741211,1499900,0.0,0.0
2023-09-11 00:00:00-04:00,36.15999984741211,36.709999084472656,36.04999923706055,36.470001220703125,2238400,0.0,0.0
2023-09-12 00:00:00-04:00,36.25,36.66999816894531,36.11000061035156,36.21500015258789,1108200,0.0,0.0
2023-09-13 00:00:00-04:00,36.290000915527344,36.439998626708984,35.779998779296875,36.0,1163800,0.0,0.0
2023-09-14 00:00:00-04:00,36.09000015258789,36.17100143432617,35.43000030517578,35.70000076293945,1070200,0.0,0.0
2023-09-15 00:00:00-04:00,35.5099983215332,35.86000061035156,35.15999984741211,35.38999938964844,1967500,0.0,0.0
2023-09-18 00:00:00-04:00,35.20000076293945,35.22999954223633,34.2599983215332,34.43000030517578,1879500,0.0,0.0
2023-09-19 00:00:00-04:00,34.349998474121094,34.349998474121094,33.29999923706055,33.59000015258789,2208500,0.0,0.0
2023-09-20 00:00:00-04:00,33.63999938964844,34.310001373291016,33.310001373291016,33.75,3266200,0.0,0.0
2023-09-21 00:00:00-04:00,34.529998779296875,35.09000015258789,33.52000045776367,33.849998474121094,2789300,0.0,0.0
2023-09-22 00:00:00-04:00,34.02000045776367,35.46500015258789,33.95000076293945,35.09000015258789,2557200,0.0,0.0
2023-09-25 00:00:00-04:00,34.81999969482422,35.79999923706055,34.79999923706055,35.380001068115234,1892900,0.0,0.0
2023-09-26 00:00:00-04:00,35.22999954223633,36.75,34.0,35.119998931884766,6176500,0.0,0.0
2023-09-27 00:00:00-04:00,35.79999923706055,36.849998474121094,35.439998626708984,35.720001220703125,4001700,0.0,0.0
2023-09-28 00:00:00-04:00,35.560001373291016,35.595001220703125,34.619998931884766,34.900001525878906,2288900,0.0,0.0
2023-09-29 00:00:00-04:00,35.18000030517578,35.54999923706055,34.80500030517578,34.880001068115234,1834600,0.0,0.0
2023-10-02 00:00:00-04:00,34.970001220703125,35.82600021362305,34.599998474121094,34.7599983215332,1913100,0.0,0.0
2023-10-03 00:00:00-04:00,34.650001525878906,34.84000015258789,34.13999938964844,34.310001373291016,2257300,0.0,0.0
2023-10-04 00:00:00-04:00,34.45000076293945,34.619998931884766,33.779998779296875,34.029998779296875,2438500,0.0,0.0
2023-10-05 00:00:00-04:00,34.02000045776367,34.97999954223633,33.96200180053711,34.90999984741211,1595700,0.0,0.0
2023-10-06 00:00:00-04:00,34.65999984741211,36.9900016784668,34.439998626708984,36.33000183105469,3559600,0.0,0.0
2023-10-09 00:00:00-04:00,35.86000061035156,36.290000915527344,35.599998474121094,36.0,2119900,0.0,0.0
2023-10-10 00:00:00-04:00,36.0,37.20000076293945,35.959999084472656,36.619998931884766,2893000,0.0,0.0
2023-10-11 00:00:00-04:00,37.279998779296875,38.97999954223633,37.0,38.91999816894531,4861700,0.0,0.0
2023-10-12 00:00:00-04:00,38.93000030517578,39.43000030517578,37.97999954223633,38.65999984741211,2812200,0.0,0.0
2023-10-13 00:00:00-04:00,38.88999938964844,39.630001068115234,38.63100051879883,38.70000076293945,2551300,0.0,0.0
2023-10-16 00:00:00-04:00,38.720001220703125,39.1150016784668,38.22999954223633,38.58000183105469,1797400,0.0,0.0
2023-10-17 00:00:00-04:00,38.099998474121094,38.790000915527344,37.52199935913086,38.400001525878906,2872800,0.0,0.0
2023-10-18 00:00:00-04:00,38.20000076293945,38.77000045776367,37.35499954223633,37.529998779296875,2200600,0.0,0.0
2023-10-19 00:00:00-04:00,37.79999923706055,38.04999923706055,36.560001373291016,36.77000045776367,2111200,0.0,0.0
2023-10-20 00:00:00-04:00,36.54999923706055,36.70000076293945,35.16999816894531,35.88999938964844,2801000,0.0,0.0
2023-10-23 00:00:00-04:00,35.77000045776367,36.130001068115234,34.933998107910156,35.7599983215332,1745000,0.0,0.0
2023-10-24 00:00:00-04:00,35.88999938964844,36.58000183105469,35.79999923706055,36.560001373291016,1212600,0.0,0.0
2023-10-25 00:00:00-04:00,36.400001525878906,36.619998931884766,35.130001068115234,35.13999938964844,1349700,0.0,0.0
2023-10-26 00:00:00-04:00,35.38999938964844,35.7400016784668,34.400001525878906,34.40999984741211,1633900,0.0,0.0
2023-10-27 00:00:00-04:00,34.90999984741211,35.11000061035156,34.53499984741211,34.720001220703125,1003500,0.0,0.0
2023-10-30 00:00:00-04:00,34.970001220703125,35.290000915527344,34.79999923706055,35.119998931884766,989600,0.0,0.0
2023-10-31 00:00:00-04:00,35.20000076293945,36.72999954223633,35.20000076293945,36.189998626708984,1717400,0.0,0.0
2023-11-01 00:00:00-04:00,36.279998779296875,36.83000183105469,36.119998931884766,36.540000915527344,1349900,0.0,0.0
2023-11-02 00:00:00-04:00,37.15999984741211,37.77000045776367,36.72999954223633,37.36000061035156,2319000,0.0,0.0
2023-11-03 00:00:00-04:00,37.689998626708984,38.099998474121094,37.31999969482422,37.4900016784668,2179500,0.0,0.0
2023-11-06 00:00:00-05:00,37.709999084472656,37.880001068115234,37.375,37.7599983215332,1792300,0.0,0.0
2023-11-07 00:00:00-05:00,37.81999969482422,38.63999938964844,37.689998626708984,37.970001220703125,1529900,0.0,0.0
2023-11-08 00:00:00-05:00,38.0099983215332,38.22999954223633,37.810001373291016,38.08000183105469,1250200,0.0,0.0
2023-11-09 00:00:00-05:00,38.099998474121094,38.22999954223633,37.28499984741211,37.31999969482422,1170600,0.0,0.0
2023-11-10 00:00:00-05:00,37.540000915527344,39.229000091552734,37.540000915527344,38.939998626708984,1975100,0.0,0.0
2023-11-13 00:00:00-05:00,38.79999923706055,38.84000015258789,38.428001403808594,38.7599983215332,974800,0.0,0.0
2023-11-14 00:00:00-05:00,39.70000076293945,40.380001068115234,39.130001068115234,40.040000915527344,2083200,0.0,0.0
2023-11-15 00:00:00-05:00,40.08000183105469,40.40999984741211,39.099998474121094,39.45000076293945,2280300,0.0,0.0
2023-11-16 00:00:00-05:00,39.16999816894531,39.25,38.599998474121094,38.91999816894531,1548500,0.0,0.0
2023-11-17 00:00:00-05:00,38.86000061035156,39.66999816894531,38.79999923706055,39.150001525878906,1111900,0.0,0.0
2023-11-20 00:00:00-05:00,39.15999984741211,39.79999923706055,39.14500045776367,39.779998779296875,1404700,0.0,0.0
2023-11-21 00:00:00-05:00,39.529998779296875,40.40999984741211,39.34000015258789,40.09000015258789,1991600,0.0,0.0
2023-11-22 00:00:00-05:00,40.279998779296875,41.63999938964844,40.20000076293945,40.65999984741211,2364100,0.0,0.0
2023-11-24 00:00:00-05:00,40.68000030517578,41.310001373291016,40.65999984741211,41.310001373291016,891600,0.0,0.0
2023-11-27 00:00:00-05:00,40.83000183105469,41.27000045776367,40.33000183105469,40.83000183105469,1870400,0.0,0.0
2023-11-28 00:00:00-05:00,40.650001525878906,41.040000915527344,40.439998626708984,40.5099983215332,1787100,0.0,0.0
2023-11-29 00:00:00-05:00,41.31999969482422,41.7400016784668,41.060001373291016,41.560001373291016,2690600,0.0,0.0
2023-11-30 00:00:00-05:00,44.5,45.400001525878906,42.21500015258789,43.09000015258789,6750700,0.0,0.0
2023-12-01 00:00:00-05:00,43.189998626708984,44.96699905395508,43.099998474121094,44.779998779296875,2984100,0.0,0.0
2023-12-04 00:00:00-05:00,44.349998474121094,44.61000061035156,43.630001068115234,44.4900016784668,2157500,0.0,0.0
2023-12-05 00:00:00-05:00,44.0,45.18000030517578,44.0,44.75,1853500,0.0,0.0
2023-12-06 00:00:00-05:00,45.0,45.334999084472656,44.516998291015625,44.75,1459200,0.0,0.0
2023-12-07 00:00:00-05:00,44.619998931884766,45.040000915527344,44.29999923706055,44.970001220703125,2005000,0.0,0.0
2023-12-08 00:00:00-05:00,44.77000045776367,46.06999969482422,44.77000045776367,46.02000045776367,2007400,0.0,0.0
2023-12-11 00:00:00-05:00,46.0,46.43000030517578,45.72999954223633,46.31999969482422,2161800,0.0,0.0
2023-12-12 00:00:00-05:00,46.099998474121094,46.68000030517578,45.91999816894531,45.95000076293945,1713500,0.0,0.0
2023-12-13 00:00:00-05:00,45.900001525878906,46.7599983215332,45.66999816894531,46.59000015258789,2719400,0.0,0.0
2023-12-14 00:00:00-05:00,46.88999938964844,46.88999938964844,45.54999923706055,46.4900016784668,2131800,0.0,0.0
2023-12-15 00:00:00-05:00,46.43000030517578,46.939998626708984,46.099998474121094,46.31999969482422,4389300,0.0,0.0
2023-12-18 00:00:00-05:00,46.060001373291016,47.400001525878906,45.84000015258789,47.029998779296875,2255000,0.0,0.0
2023-12-19 00:00:00-05:00,47.06999969482422,47.310001373291016,46.77000045776367,47.0,1232400,0.0,0.0
2023-12-20 00:00:00-05:00,46.70000076293945,47.189998626708984,46.27000045776367,46.279998779296875,1546200,0.0,0.0
2023-12-21 00:00:00-05:00,46.900001525878906,47.08000183105469,46.38999938964844,46.630001068115234,1015000,0.0,0.0
2023-12-22 00:00:00-05:00,46.7599983215332,47.479000091552734,46.68600082397461,47.2400016784668,2424800,0.0,0.0
2023-12-26 00:00:00-05:00,47.33000183105469,47.400001525878906,47.0,47.22999954223633,897800,0.0,0.0
2023-12-27 00:00:00-05:00,47.189998626708984,47.470001220703125,46.90999984741211,47.209999084472656,771800,0.0,0.0
2023-12-28 00:00:00-05:00,47.099998474121094,47.70500183105469,46.970001220703125,47.63999938964844,1052800,0.0,0.0
2023-12-29 00:00:00-05:00,47.459999084472656,47.83000183105469,47.290000915527344,47.689998626708984,1302900,0.0,0.0
2024-01-02 00:00:00-05:00,46.81999969482422,46.83000183105469,45.209999084472656,45.849998474121094,2939700,0.0,0.0
2024-01-03 00:00:00-05:00,45.779998779296875,46.2400016784668,44.849998474121094,44.900001525878906,2359900,0.0,0.0
2024-01-04 00:00:00-05:00,45.02000045776367,45.54999923706055,44.869998931884766,44.959999084472656,3406300,0.0,0.0
2024-01-05 00:00:00-05:00,44.63999938964844,46.005001068115234,44.5,45.86000061035156,2258600,0.0,0.0
2024-01-08 00:00:00-05:00,46.0,46.97999954223633,46.0,46.959999084472656,2064400,0.0,0.0
2024-01-09 00:00:00-05:00,46.310001373291016,48.999000549316406,46.310001373291016,47.0,5044900,0.0,0.0
2024-01-10 00:00:00-05:00,47.5,48.90999984741211,47.38999938964844,48.7599983215332,2647500,0.0,0.0
2024-01-11 00:00:00-05:00,49.0,49.31399917602539,48.209999084472656,49.11000061035156,1363800,0.0,0.0
2024-01-12 00:00:00-05:00,49.11000061035156,50.68000030517578,49.10499954223633,50.310001373291016,2033900,0.0,0.0
2024-01-16 00:00:00-05:00,50.0,50.691001892089844,49.810001373291016,50.380001068115234,2140700,0.0,0.0
2024-01-17 00:00:00-05:00,52.38999938964844,52.869998931884766,50.67499923706055,52.790000915527344,4846000,0.0,0.0
2024-01-18 00:00:00-05:00,53.16999816894531,53.939998626708984,52.5099983215332,53.52000045776367,3358800,0.0,0.0
2024-01-19 00:00:00-05:00,54.0,55.31999969482422,53.61000061035156,54.88999938964844,3277200,0.0,0.0
2024-01-22 00:00:00-05:00,55.279998779296875,56.2400016784668,54.54999923706055,56.0,2930900,0.0,0.0
2024-01-23 00:00:00-05:00,55.9900016784668,56.209999084472656,54.900001525878906,56.20000076293945,2209700,0.0,0.0
2024-01-24 00:00:00-05:00,56.68000030517578,57.529998779296875,56.02000045776367,56.59000015258789,1965200,0.0,0.0
2024-01-25 00:00:00-05:00,57.099998474121094,57.38999938964844,54.64500045776367,54.959999084472656,3721600,0.0,0.0
2024-01-26 00:00:00-05:00,54.790000915527344,55.540000915527344,54.58000183105469,55.06999969482422,2454300,0.0,0.0
2024-01-29 00:00:00-05:00,55.25,56.939998626708984,55.189998626708984,56.939998626708984,3132100,0.0,0.0
2024-01-30 00:00:00-05:00,56.97999954223633,57.25,55.900001525878906,56.47999954223633,1936000,0.0,0.0
2024-01-31 00:00:00-05:00,56.029998779296875,56.79999923706055,55.470001220703125,56.20000076293945,1946800,0.0,0.0
2024-02-01 00:00:00-05:00,56.869998931884766,57.47999954223633,56.62300109863281,57.08000183105469,2503200,0.0,0.0
2024-02-02 00:00:00-05:00,57.27000045776367,58.95000076293945,57.130001068115234,57.86000061035156,3616600,0.0,0.0
2024-02-05 00:00:00-05:00,58.150001525878906,58.95000076293945,56.86000061035156,57.369998931884766,2065600,0.0,0.0
2024-02-06 00:00:00-05:00,57.90999984741211,58.15999984741211,56.209999084472656,56.540000915527344,1871100,0.0,0.0
2024-02-07 00:00:00-05:00,57.2599983215332,58.20000076293945,57.0,57.52000045776367,1275600,0.0,0.0
2024-02-08 00:00:00-05:00,57.5,58.939998626708984,57.18000030517578,58.61000061035156,2712600,0.0,0.0
2024-02-09 00:00:00-05:00,58.88999938964844,59.150001525878906,58.099998474121094,58.150001525878906,2317300,0.0,0.0
2024-02-12 00:00:00-05:00,58.13999938964844,58.150001525878906,56.470001220703125,56.52000045776367,3026100,0.0,0.0
2024-02-13 00:00:00-05:00,54.2599983215332,56.2599983215332,53.29999923706055,55.52000045776367,4146000,0.0,0.0
2024-02-14 00:00:00-05:00,56.439998626708984,57.77000045776367,56.130001068115234,57.7400016784668,2935100,0.0,0.0
2024-02-15 00:00:00-05:00,58.040000915527344,59.25,57.27000045776367,59.13999938964844,2836000,0.0,0.0
2024-02-16 00:00:00-05:00,59.16999816894531,59.869998931884766,58.34000015258789,58.34000015258789,1624400,0.0,0.0
2024-02-20 00:00:00-05:00,57.630001068115234,57.79999923706055,55.939998626708984,56.18000030517578,2494400,0.0,0.0
2024-02-21 00:00:00-05:00,55.08000183105469,55.5,53.75,54.43000030517578,2729800,0.0,0.0
2024-02-22 00:00:00-05:00,57.209999084472656,58.9900016784668,57.125,58.34000015258789,3038800,0.0,0.0
2024-02-23 00:00:00-05:00,58.529998779296875,59.869998931884766,58.290000915527344,58.7599983215332,1843200,0.0,0.0
2024-02-26 00:00:00-05:00,59.099998474121094,59.78499984741211,58.29999923706055,58.91999816894531,2144500,0.0,0.0
2024-02-27 00:00:00-05:00,59.06999969482422,59.689998626708984,58.13999938964844,58.22999954223633,2895000,0.0,0.0
2024-02-28 00:00:00-05:00,57.93000030517578,59.189998626708984,57.2599983215332,59.040000915527344,4295900,0.0,0.0
2024-02-29 00:00:00-05:00,62.084999084472656,63.790000915527344,60.37799835205078,63.15999984741211,8160500,0.0,0.0
2024-03-01 00:00:00-05:00,63.400001525878906,65.83000183105469,63.34000015258789,64.4000015258789,5557700,0.0,0.0
2024-03-04 00:00:00-05:00,64.55000305175781,66.27999877929688,64.23999786376953,65.43000030517578,3245100,0.0,0.0
2024-03-05 00:00:00-05:00,64.26000213623047,64.79100036621094,62.41999816894531,63.43000030517578,2818200,0.0,0.0
2024-03-06 00:00:00-05:00,64.70999908447266,65.41000366210938,63.119998931884766,64.51000213623047,2524900,0.0,0.0
2024-03-07 00:00:00-05:00,65.0,65.63999938964844,63.7400016784668,65.25,6798300,0.0,0.0
2024-03-08 00:00:00-05:00,65.4000015258789,66.98999786376953,64.94000244140625,65.8499984741211,3194800,0.0,0.0
2024-03-11 00:00:00-04:00,65.08999633789062,65.16000366210938,62.959999084472656,63.36000061035156,2608100,0.0,0.0
2024-03-12 00:00:00-04:00,64.0199966430664,64.2300033569336,63.0,63.810001373291016,1584500,0.0,0.0
2024-03-13 00:00:00-04:00,63.70000076293945,65.52999877929688,63.220001220703125,64.73999786376953,1588000,0.0,0.0
2024-03-14 00:00:00-04:00,64.51000213623047,64.98999786376953,62.650001525878906,63.83000183105469,2568200,0.0,0.0
2024-03-15 00:00:00-04:00,64.0,64.37999725341797,62.90999984741211,63.13999938964844,3657700,0.0,0.0
2024-03-18 00:00:00-04:00,63.189998626708984,65.0,62.529998779296875,64.77999877929688,2853900,0.0,0.0
2024-03-19 00:00:00-04:00,63.84000015258789,64.0,61.13999938964844,62.2599983215332,2612900,0.0,0.0
2024-03-20 00:00:00-04:00,62.779998779296875,63.040000915527344,61.439998626708984,62.77000045776367,2477800,0.0,0.0
2024-03-21 00:00:00-04:00,63.36000061035156,63.5,61.709999084472656,62.47999954223633,3437900,0.0,0.0
2024-03-22 00:00:00-04:00,62.52000045776367,64.47000122070312,61.98099899291992,64.44999694824219,2842500,0.0,0.0
2024-03-25 00:00:00-04:00,64.01000213623047,66.37000274658203,63.560001373291016,63.619998931884766,3294300,0.0,0.0
2024-03-26 00:00:00-04:00,63.77000045776367,64.4000015258789,63.099998474121094,63.720001220703125,1562500,0.0,0.0
2024-03-27 00:00:00-04:00,64.08999633789062,64.69499969482422,61.040000915527344,61.93000030517578,2216200,0.0,0.0
2024-03-28 00:00:00-04:00,62.20000076293945,62.97999954223633,61.2599983215332,61.720001220703125,2322100,0.0,0.0
2024-04-01 00:00:00-04:00,61.849998474121094,62.54999923706055,61.59000015258789,62.31999969482422,2023100,0.0,0.0
2024-04-02 00:00:00-04:00,61.279998779296875,61.5,59.0,61.130001068115234,2689600,0.0,0.0
2024-04-03 00:00:00-04:00,61.36000061035156,63.709999084472656,61.16999816894531,63.209999084472656,2096700,0.0,0.0
2024-04-04 00:00:00-04:00,64.0,66.51000213623047,63.619998931884766,63.7599983215332,2965800,0.0,0.0
2024-04-05 00:00:00-04:00,63.9900016784668,66.26000213623047,63.62300109863281,65.9800033569336,2462900,0.0,0.0
2024-04-08 00:00:00-04:00,65.9800033569336,66.4000015258789,64.5199966430664,65.8499984741211,1669600,0.0,0.0
2024-04-09 00:00:00-04:00,65.72000122070312,65.94499969482422,63.90999984741211,64.5,1963000,0.0,0.0
2024-04-10 00:00:00-04:00,63.45500183105469,65.66999816894531,63.400001525878906,65.56999969482422,1674800,0.0,0.0
2024-04-11 00:00:00-04:00,65.73999786376953,66.9800033569336,63.900001525878906,64.25,4744600,0.0,0.0
2024-04-12 00:00:00-04:00,63.75,64.54000091552734,62.821998596191406,63.220001220703125,2027800,0.0,0.0
2024-04-15 00:00:00-04:00,63.43000030517578,64.04499816894531,61.029998779296875,61.060001373291016,1817900,0.0,0.0
2024-04-16 00:00:00-04:00,60.83000183105469,62.52000045776367,60.81999969482422,62.40999984741211,1735500,0.0,0.0
2024-04-17 00:00:00-04:00,62.68000030517578,62.97999954223633,60.36000061035156,60.709999084472656,1825900,0.0,0.0
2024-04-18 00:00:00-04:00,60.65999984741211,60.900001525878906,59.2599983215332,59.529998779296875,1772200,0.0,0.0
2024-04-19 00:00:00-04:00,59.06999969482422,59.70000076293945,58.099998474121094,58.75,2591300,0.0,0.0
2024-04-22 00:00:00-04:00,59.0,60.650001525878906,58.459999084472656,59.86000061035156,2212500,0.0,0.0
2024-04-23 00:00:00-04:00,60.34000015258789,62.2400016784668,60.18000030517578,61.06999969482422,2930600,0.0,0.0
2024-04-24 00:00:00-04:00,61.56999969482422,62.09000015258789,60.599998474121094,60.88999938964844,978500,0.0,0.0
2024-04-25 00:00:00-04:00,59.290000915527344,61.20500183105469,58.90999984741211,60.88999938964844,1016700,0.0,0.0
2024-04-26 00:00:00-04:00,61.900001525878906,62.2400016784668,61.310001373291016,61.65999984741211,1164400,0.0,0.0
2024-04-29 00:00:00-04:00,61.65999984741211,62.9900016784668,61.13999938964844,62.27000045776367,2186800,0.0,0.0
2024-04-30 00:00:00-04:00,62.22999954223633,62.79999923706055,60.63999938964844,60.70000076293945,1754600,0.0,0.0
2024-05-01 00:00:00-04:00,61.25,62.91999816894531,60.108001708984375,61.11000061035156,2296700,0.0,0.0
2024-05-02 00:00:00-04:00,62.11000061035156,62.209999084472656,60.207000732421875,62.189998626708984,1897400,0.0,0.0
2024-05-03 00:00:00-04:00,63.0,63.88999938964844,62.209999084472656,62.2400016784668,1640400,0.0,0.0
2024-05-06 00:00:00-04:00,62.52000045776367,64.94999694824219,62.5,64.93000030517578,1577700,0.0,0.0
2024-05-07 00:00:00-04:00,64.83999633789062,65.5999984741211,64.44999694824219,65.31999969482422,1536100,0.0,0.0
2024-05-08 00:00:00-04:00,65.55000305175781,67.19000244140625,65.38999938964844,66.20999908447266,2026600,0.0,0.0
2024-05-09 00:00:00-04:00,66.20999908447266,67.87000274658203,66.09500122070312,67.58000183105469,2056100,0.0,0.0
2024-05-10 00:00:00-04:00,67.83999633789062,68.63999938964844,67.36499786376953,67.58000183105469,1794200,0.0,0.0
2024-05-13 00:00:00-04:00,67.70999908447266,68.0,65.33000183105469,65.58999633789062,1357700,0.0,0.0
2024-05-14 00:00:00-04:00,65.0199966430664,67.30000305175781,64.58000183105469,67.29000091552734,1519000,0.0,0.0
2024-05-15 00:00:00-04:00,68.0,69.97000122070312,67.88999938964844,69.01000213623047,2457700,0.0,0.0
2024-05-16 00:00:00-04:00,68.66999816894531,69.38999938964844,68.05999755859375,68.97000122070312,2117400,0.0,0.0
2024-05-17 00:00:00-04:00,68.97000122070312,70.69000244140625,68.87999725341797,70.29000091552734,2016400,0.0,0.0
2024-05-20 00:00:00-04:00,70.30000305175781,72.66000366210938,70.19000244140625,72.16000366210938,2115600,0.0,0.0
2024-05-21 00:00:00-04:00,72.69999694824219,73.69000244140625,71.61499786376953,73.37000274658203,2378900,0.0,0.0
2024-05-22 00:00:00-04:00,72.8499984741211,73.5199966430664,71.11000061035156,71.86000061035156,2178700,0.0,0.0
2024-05-23 00:00:00-04:00,73.20999908447266,73.20999908447266,70.8499984741211,71.44999694824219,1687300,0.0,0.0
2024-05-24 00:00:00-04:00,71.4800033569336,72.93000030517578,71.0999984741211,72.8499984741211,1458300,0.0,0.0
2024-05-28 00:00:00-04:00,73.47000122070312,73.47000122070312,71.5199966430664,71.77999877929688,2188500,0.0,0.0
2024-05-29 00:00:00-04:00,71.0,73.61000061035156,70.80999755859375,73.29000091552734,3989100,0.0,0.0
2024-05-30 00:00:00-04:00,62.540000915527344,63.25,56.06999969482422,56.36000061035156,15336900,0.0,0.0
2024-05-31 00:00:00-04:00,56.459999084472656,57.099998474121094,53.0,55.314998626708984,6181900,0.0,0.0
2024-06-03 00:00:00-04:00,55.70000076293945,56.28200149536133,52.7599983215332,53.02000045776367,3825300,0.0,0.0
2024-06-04 00:00:00-04:00,53.0,54.72999954223633,52.849998474121094,53.98500061035156,3985200,0.0,0.0
2024-06-05 00:00:00-04:00,54.599998474121094,54.91999816894531,53.0,53.33000183105469,4061000,0.0,0.0
2024-06-06 00:00:00-04:00,53.20000076293945,54.119998931884766,52.099998474121094,52.34000015258789,3691200,0.0,0.0
2024-06-07 00:00:00-04:00,52.349998474121094,54.150001525878906,51.83000183105469,52.369998931884766,2744400,0.0,0.0
2024-06-10 00:00:00-04:00,52.04999923706055,53.970001220703125,52.04999923706055,53.91999816894531,2321200,0.0,0.0
2024-06-11 00:00:00-04:00,53.34000015258789,53.7599983215332,52.439998626708984,52.81999969482422,2215600,0.0,0.0
2024-06-12 00:00:00-04:00,54.0,55.22999954223633,53.720001220703125,54.099998474121094,2934100,0.0,0.0
2024-06-13 00:00:00-04:00,53.79999923706055,54.36000061035156,52.900001525878906,53.130001068115234,1972800,0.0,0.0
2024-06-14 00:00:00-04:00,53.5099983215332,54.31999969482422,53.22999954223633,54.0099983215332,1648400,0.0,0.0
2024-06-17 00:00:00-04:00,54.0099983215332,54.83000183105469,53.27000045776367,54.619998931884766,2297500,0.0,0.0
2024-06-18 00:00:00-04:00,54.529998779296875,54.560001373291016,53.005001068115234,53.41999816894531,3430700,0.0,0.0
2024-06-20 00:00:00-04:00,53.61000061035156,53.880001068115234,51.880001068115234,52.400001525878906,2754600,0.0,0.0
2024-06-21 00:00:00-04:00,52.47999954223633,53.4900016784668,51.88999938964844,53.400001525878906,3630800,0.0,0.0
2024-06-24 00:00:00-04:00,52.81999969482422,53.2599983215332,52.25,52.77000045776367,1693700,0.0,0.0
2024-06-25 00:00:00-04:00,53.220001220703125,53.650001525878906,52.75,53.41999816894531,1488100,0.0,0.0
2024-06-26 00:00:00-04:00,53.2400016784668,55.165000915527344,53.0099983215332,54.97999954223633,3147900,0.0,0.0
2024-06-27 00:00:00-04:00,54.599998474121094,57.310001373291016,54.56999969482422,56.470001220703125,2799900,0.0,0.0
2024-06-28 00:00:00-04:00,56.66999816894531,57.689998626708984,56.29499816894531,56.849998474121094,3820300,0.0,0.0
2024-07-01 00:00:00-04:00,56.900001525878906,59.47999954223633,56.41999816894531,59.40999984741211,3135600,0.0,0.0
2024-07-02 00:00:00-04:00,59.47999954223633,60.709999084472656,58.15999984741211,59.790000915527344,3139900,0.0,0.0
2024-07-03 00:00:00-04:00,59.59000015258789,59.8489990234375,58.45000076293945,58.630001068115234,1459500,0.0,0.0
2024-07-05 00:00:00-04:00,58.83000183105469,60.18000030517578,58.803001403808594,60.099998474121094,1337400,0.0,0.0
2024-07-08 00:00:00-04:00,59.83000183105469,60.61000061035156,59.58000183105469,59.599998474121094,2588300,0.0,0.0
2024-07-09 00:00:00-04:00,59.88999938964844,60.27000045776367,59.02000045776367,59.40999984741211,1838600,0.0,0.0
2024-07-10 00:00:00-04:00,59.5099983215332,59.54999923706055,57.72999954223633,59.220001220703125,2494300,0.0,0.0
2024-07-11 00:00:00-04:00,59.34000015258789,59.92100143432617,56.650001525878906,56.70000076293945,2932400,0.0,0.0
2024-07-12 00:00:00-04:00,56.40999984741211,56.47999954223633,54.06999969482422,54.279998779296875,5674500,0.0,0.0
2024-07-15 00:00:00-04:00,54.4900016784668,54.5,51.56999969482422,51.7400016784668,4567300,0.0,0.0
2024-07-16 00:00:00-04:00,51.88999938964844,52.16999816894531,49.13999938964844,50.380001068115234,7184100,0.0,0.0
2024-07-17 00:00:00-04:00,49.849998474121094,49.900001525878906,47.88999938964844,48.25,4323900,0.0,0.0
2024-07-18 00:00:00-04:00,48.47999954223633,48.53499984741211,46.93000030517578,47.90999984741211,2830400,0.0,0.0
2024-07-19 00:00:00-04:00,48.06999969482422,48.720001220703125,47.43000030517578,48.29999923706055,2931700,0.0,0.0
2024-07-22 00:00:00-04:00,48.310001373291016,49.43000030517578,48.310001373291016,49.349998474121094,3148200,0.0,0.0
2024-07-23 00:00:00-04:00,49.81999969482422,50.599998474121094,49.53300094604492,50.18000030517578,2894600,0.0,0.0
2024-07-24 00:00:00-04:00,49.66999816894531,50.959999084472656,48.84000015258789,48.91999816894531,2889300,0.0,0.0
2024-07-25 00:00:00-04:00,49.040000915527344,49.810001373291016,48.08000183105469,49.349998474121094,2396000,0.0,0.0
2024-07-26 00:00:00-04:00,49.68000030517578,49.90999984741211,49.16999816894531,49.42499923706055,1669000,0.0,0.0
2024-07-29 00:00:00-04:00,49.880001068115234,50.45000076293945,49.5,50.0099983215332,1545900,0.0,0.0
2024-07-30 00:00:00-04:00,50.38999938964844,50.459999084472656,48.189998626708984,48.900001525878906,2072800,0.0,0.0
2024-07-31 00:00:00-04:00,50.349998474121094,50.65999984741211,49.900001525878906,50.5099983215332,1372300,0.0,0.0
2024-08-01 00:00:00-04:00,50.56999969482422,50.939998626708984,48.470001220703125,49.0,1661900,0.0,0.0
2024-08-02 00:00:00-04:00,47.7400016784668,48.0,46.26499938964844,47.22999954223633,2296000,0.0,0.0
2024-08-05 00:00:00-04:00,44.0,46.689998626708984,43.349998474121094,46.0,5862500,0.0,0.0
2024-08-06 00:00:00-04:00,46.9900016784668,47.650001525878906,46.189998626708984,46.97999954223633,2509300,0.0,0.0
2024-08-07 00:00:00-04:00,47.939998626708984,49.040000915527344,47.369998931884766,47.459999084472656,1654500,0.0,0.0
2024-08-08 00:00:00-04:00,48.22999954223633,49.2599983215332,47.30500030517578,49.15999984741211,968100,0.0,0.0
2024-08-09 00:00:00-04:00,49.15999984741211,49.86000061035156,48.54499816894531,49.81999969482422,1846200,0.0,0.0
2024-08-12 00:00:00-04:00,49.86000061035156,50.400001525878906,49.15999984741211,49.779998779296875,1336600,0.0,0.0
2024-08-13 00:00:00-04:00,50.439998626708984,51.08000183105469,49.9900016784668,50.83000183105469,1769700,0.0,0.0
2024-08-14 00:00:00-04:00,50.90999984741211,51.68000030517578,50.65999984741211,51.2599983215332,1558100,0.0,0.0
2024-08-15 00:00:00-04:00,52.0,52.970001220703125,51.7599983215332,51.88999938964844,1440300,0.0,0.0
2024-08-16 00:00:00-04:00,51.540000915527344,52.20000076293945,51.11000061035156,51.97999954223633,1294300,0.0,0.0
2024-08-19 00:00:00-04:00,51.79999923706055,52.099998474121094,51.25,52.0099983215332,1948700,0.0,0.0
2024-08-20 00:00:00-04:00,52.29999923706055,53.310001373291016,52.06999969482422,53.029998779296875,2023400,0.0,0.0
2024-08-21 00:00:00-04:00,52.38999938964844,53.27000045776367,51.54999923706055,53.22999954223633,2220300,0.0,0.0
2024-08-22 00:00:00-04:00,53.459999084472656,54.040000915527344,52.529998779296875,52.61000061035156,1683700,0.0,0.0
2024-08-23 00:00:00-04:00,53.13999938964844,53.46900177001953,52.45000076293945,53.349998474121094,1358000,0.0,0.0
2024-08-26 00:00:00-04:00,53.08000183105469,53.54499816894531,52.790000915527344,52.93000030517578,1765700,0.0,0.0
2024-08-27 00:00:00-04:00,52.38999938964844,53.48500061035156,52.220001220703125,53.20000076293945,1958800,0.0,0.0
2024-08-28 00:00:00-04:00,52.79999923706055,53.88999938964844,52.18000030517578,52.290000915527344,3226100,0.0,0.0
2024-08-29 00:00:00-04:00,60.9900016784668,63.630001068115234,60.36000061035156,62.90999984741211,7922300,0.0,0.0
2024-08-30 00:00:00-04:00,63.040000915527344,64.25,62.349998474121094,63.189998626708984,4567000,0.0,0.0
2024-09-03 00:00:00-04:00,62.72999954223633,63.369998931884766,61.58000183105469,61.86000061035156,2588500,0.0,0.0
2024-09-04 00:00:00-04:00,61.099998474121094,63.20000076293945,60.6349983215332,62.83000183105469,2003800,0.0,0.0
2024-09-05 00:00:00-04:00,62.349998474121094,63.08000183105469,61.61199951171875,62.83000183105469,1454400,0.0,0.0
2024-09-06 00:00:00-04:00,63.20000076293945,63.47999954223633,59.90999984741211,60.09000015258789,2073500,0.0,0.0
2024-09-09 00:00:00-04:00,60.52000045776367,61.290000915527344,59.79100036621094,60.150001525878906,1898700,0.0,0.0
2024-09-10 00:00:00-04:00,60.709999084472656,60.915000915527344,59.290000915527344,60.22999954223633,1717100,0.0,0.0
2024-09-11 00:00:00-04:00,60.0099983215332,60.56999969482422,58.13999938964844,60.279998779296875,2248800,0.0,0.0
2024-09-12 00:00:00-04:00,60.5,61.349998474121094,60.332000732421875,60.77000045776367,1728700,0.0,0.0
2024-09-13 00:00:00-04:00,60.58000183105469,61.209999084472656,59.040000915527344,59.060001373291016,1512700,0.0,0.0
2024-09-16 00:00:00-04:00,58.790000915527344,60.31999969482422,58.224998474121094,59.33000183105469,1730700,0.0,0.0
2024-09-17 00:00:00-04:00,59.5,59.702999114990234,57.88999938964844,58.04999923706055,1983100,0.0,0.0
2024-09-18 00:00:00-04:00,58.0,58.47999954223633,57.310001373291016,57.400001525878906,2065100,0.0,0.0
2024-09-19 00:00:00-04:00,59.0,59.27000045776367,58.310001373291016,58.9900016784668,1773600,0.0,0.0
2024-09-20 00:00:00-04:00,58.84000015258789,60.88999938964844,58.84000015258789,60.81999969482422,4293700,0.0,0.0
2024-09-23 00:00:00-04:00,60.880001068115234,61.72999954223633,59.58000183105469,61.060001373291016,2067200,0.0,0.0
2024-09-24 00:00:00-04:00,61.470001220703125,61.529998779296875,60.380001068115234,60.63999938964844,1709300,0.0,0.0
2024-09-25 00:00:00-04:00,60.63999938964844,61.27000045776367,60.29999923706055,61.220001220703125,1729800,0.0,0.0
2024-09-26 00:00:00-04:00,61.70000076293945,62.020999908447266,60.41999816894531,61.20000076293945,2513500,0.0,0.0
2024-09-27 00:00:00-04:00,61.130001068115234,61.130001068115234,59.40999984741211,59.61000061035156,1503300,0.0,0.0
2024-09-30 00:00:00-04:00,59.5,59.875,58.54100036621094,59.25,1672600,0.0,0.0
2024-10-01 00:00:00-04:00,59.4900016784668,59.63999938964844,56.36000061035156,56.459999084472656,2291800,0.0,0.0
2024-10-02 00:00:00-04:00,56.939998626708984,59.099998474121094,56.7599983215332,58.689998626708984,2067300,0.0,0.0
2024-10-03 00:00:00-04:00,58.369998931884766,59.380001068115234,57.61000061035156,59.369998931884766,1147100,0.0,0.0
2024-10-04 00:00:00-04:00,60.0,61.15999984741211,59.435001373291016,60.91999816894531,1370500,0.0,0.0
2024-10-07 00:00:00-04:00,60.65999984741211,60.875,59.810001373291016,60.40999984741211,1339700,0.0,0.0
2024-10-08 00:00:00-04:00,60.41999816894531,61.720001220703125,60.29999923706055,61.189998626708984,1423900,0.0,0.0
2024-10-09 00:00:00-04:00,61.060001373291016,63.540000915527344,61.060001373291016,63.16999816894531,2208900,0.0,0.0
2024-10-10 00:00:00-04:00,62.720001220703125,64.83000183105469,62.630001068115234,64.61000061035156,2398300,0.0,0.0
2024-10-11 00:00:00-04:00,64.9000015258789,65.45999908447266,64.26000213623047,64.61000061035156,1720000,0.0,0.0
2024-10-14 00:00:00-04:00,65.70999908447266,65.86000061035156,63.92499923706055,64.62000274658203,1602900,0.0,0.0
2024-10-15 00:00:00-04:00,64.75,64.75,63.32500076293945,64.1500015258789,1072500,0.0,0.0
2024-10-16 00:00:00-04:00,64.33999633789062,64.47000122070312,63.470001220703125,63.88999938964844,1137700,0.0,0.0
2024-10-17 00:00:00-04:00,64.4000015258789,64.70899963378906,63.689998626708984,64.36000061035156,1950900,0.0,0.0
2024-10-18 00:00:00-04:00,64.87999725341797,64.9800033569336,63.16999816894531,63.27000045776367,1079600,0.0,0.0
2024-10-21 00:00:00-04:00,63.13999938964844,63.82500076293945,62.2599983215332,62.689998626708984,704700,0.0,0.0
2024-10-22 00:00:00-04:00,62.369998931884766,62.7599983215332,61.38999938964844,61.400001525878906,791300,0.0,0.0
2024-10-23 00:00:00-04:00,61.31999969482422,61.650001525878906,60.470001220703125,60.5099983215332,1708200,0.0,0.0
2024-10-24 00:00:00-04:00,61.04999923706055,62.09000015258789,60.970001220703125,62.02000045776367,1356100,0.0,0.0
2024-10-25 00:00:00-04:00,62.2599983215332,63.150001525878906,61.560001373291016,61.59000015258789,845000,0.0,0.0
2024-10-28 00:00:00-04:00,64.25,65.08000183105469,63.13999938964844,64.12000274658203,2523000,0.0,0.0
2024-10-29 00:00:00-04:00,64.3499984741211,65.4000015258789,63.72999954223633,64.97000122070312,1496000,0.0,0.0
2024-10-30 00:00:00-04:00,65.0999984741211,65.22000122070312,63.84000015258789,64.12000274658203,1549000,0.0,0.0
2024-10-31 00:00:00-04:00,63.79999923706055,64.08999633789062,62.029998779296875,62.099998474121094,1151200,0.0,0.0
2024-11-01 00:00:00-04:00,62.310001373291016,63.22999954223633,62.145999908447266,62.54999923706055,1252800,0.0,0.0
2024-11-04 00:00:00-05:00,62.5,63.06999969482422,61.61000061035156,62.5099983215332,1098700,0.0,0.0
2024-11-05 00:00:00-05:00,63.0099983215332,64.6500015258789,62.81999969482422,64.5,1320400,0.0,0.0
2024-11-06 00:00:00-05:00,66.0,66.9800033569336,65.52100372314453,66.79000091552734,1852800,0.0,0.0
2024-11-07 00:00:00-05:00,69.63999938964844,71.45999908447266,68.55999755859375,70.44999694824219,4156500,0.0,0.0
2024-11-08 00:00:00-05:00,70.13999938964844,71.2699966430664,69.29000091552734,70.30000305175781,2214200,0.0,0.0
2024-11-11 00:00:00-05:00,70.68000030517578,71.91999816894531,70.0,71.86000061035156,1454200,0.0,0.0
2024-11-12 00:00:00-05:00,71.5,72.38999938964844,71.0999984741211,72.23999786376953,1515500,0.0,0.0
2024-11-13 00:00:00-05:00,72.0,73.69499969482422,71.66999816894531,71.70999908447266,1829100,0.0,0.0
2024-11-14 00:00:00-05:00,71.54000091552734,71.96499633789062,70.80999755859375,71.08999633789062,2222200,0.0,0.0
2024-11-15 00:00:00-05:00,70.0,70.26000213623047,68.95999908447266,69.52999877929688,1779400,0.0,0.0
2024-11-18 00:00:00-05:00,69.56999969482422,69.78500366210938,68.2750015258789,68.55000305175781,1804500,0.0,0.0
2024-11-19 00:00:00-05:00,67.88999938964844,68.75,67.44200134277344,68.44000244140625,1756200,0.0,0.0
2024-11-20 00:00:00-05:00,69.16999816894531,69.58000183105469,68.11000061035156,69.44000244140625,1952400,0.0,0.0
2024-11-21 00:00:00-05:00,70.93000030517578,71.95999908447266,70.0,70.94000244140625,1665700,0.0,0.0
2024-11-22 00:00:00-05:00,71.1500015258789,73.38999938964844,71.1500015258789,73.18000030517578,2471700,0.0,0.0
2024-11-25 00:00:00-05:00,74.29499816894531,75.80000305175781,72.04000091552734,72.80000305175781,19446800,0.0,0.0
2024-11-26 00:00:00-05:00,72.80000305175781,73.80999755859375,71.9000015258789,72.3499984741211,5041600,0.0,0.0
2024-11-27 00:00:00-05:00,73.95999908447266,74.0999984741211,66.1500015258789,66.69999694824219,7735700,0.0,0.0
