Date,Open,High,Low,Close,Volume,Dividends,Stock Splits
2022-01-03 00:00:00-05:00,234.3800048828125,239.63999938964844,228.99000549316406,239.6300048828125,1045500,0.0,0.0
2022-01-04 00:00:00-05:00,238.3000030517578,240.5850067138672,209.15499877929688,220.94000244140625,2627200,0.0,0.0
2022-01-05 00:00:00-05:00,217.69000244140625,218.19000244140625,197.49000549316406,198.0,2962600,0.0,0.0
2022-01-06 00:00:00-05:00,196.6300048828125,202.69000244140625,184.3800048828125,191.3800048828125,4489200,0.0,0.0
2022-01-07 00:00:00-05:00,188.72999572753906,195.97999572753906,184.5800018310547,184.7100067138672,3044500,0.0,0.0
2022-01-10 00:00:00-05:00,180.0,183.75999450683594,171.80999755859375,183.44000244140625,4592700,0.0,0.0
2022-01-11 00:00:00-05:00,179.44000244140625,193.22999572753906,178.5,186.1999969482422,2333600,0.0,0.0
2022-01-12 00:00:00-05:00,184.75999450683594,186.0,173.28500366210938,177.52999877929688,4508100,0.0,0.0
2022-01-13 00:00:00-05:00,179.99000549316406,180.5749969482422,161.25,163.0,3925800,0.0,0.0
2022-01-14 00:00:00-05:00,160.61000061035156,165.5,147.6699981689453,156.38999938964844,7179100,0.0,0.0
2022-01-18 00:00:00-05:00,152.1199951171875,169.88999938964844,148.22000122070312,162.08999633789062,4970500,0.0,0.0
2022-01-19 00:00:00-05:00,163.22999572753906,168.5399932861328,153.02000427246094,157.1300048828125,4010200,0.0,0.0
2022-01-20 00:00:00-05:00,158.0500030517578,175.39999389648438,157.27000427246094,157.99000549316406,4877700,0.0,0.0
2022-01-21 00:00:00-05:00,153.6699981689453,155.47999572753906,133.8800048828125,135.64999389648438,5721100,0.0,0.0
2022-01-24 00:00:00-05:00,132.0,160.72999572753906,130.25,157.89999389648438,7551200,0.0,0.0
2022-01-25 00:00:00-05:00,153.0,159.9499969482422,139.64999389648438,146.52999877929688,5543000,0.0,0.0
2022-01-26 00:00:00-05:00,153.1699981689453,155.0,137.75,140.9499969482422,4193900,0.0,0.0
2022-01-27 00:00:00-05:00,142.61000061035156,144.8300018310547,133.4199981689453,141.67999267578125,3811900,0.0,0.0
2022-01-28 00:00:00-05:00,144.72999572753906,151.7899932861328,134.69200134277344,145.99000549316406,2968100,0.0,0.0
2022-01-31 00:00:00-05:00,146.4199981689453,163.14999389648438,146.02999877929688,162.05999755859375,3480900,0.0,0.0
2022-02-01 00:00:00-05:00,164.02000427246094,166.50999450683594,153.63999938964844,164.77999877929688,3150900,0.0,0.0
2022-02-02 00:00:00-05:00,164.25,167.0,153.5500030517578,158.39999389648438,2345400,0.0,0.0
2022-02-03 00:00:00-05:00,152.9499969482422,155.55999755859375,143.75,146.94000244140625,2559500,0.0,0.0
2022-02-04 00:00:00-05:00,150.0399932861328,156.88999938964844,144.49000549316406,150.30999755859375,2426900,0.0,0.0
2022-02-07 00:00:00-05:00,148.69000244140625,158.9709930419922,143.75999450683594,146.3300018310547,2031400,0.0,0.0
2022-02-08 00:00:00-05:00,143.6199951171875,154.3000030517578,142.6699981689453,153.1300048828125,2119900,0.0,0.0
2022-02-09 00:00:00-05:00,156.66000366210938,162.88999938964844,152.19000244140625,162.69000244140625,1760800,0.0,0.0
2022-02-10 00:00:00-05:00,156.0,163.17999267578125,152.5500030517578,154.5399932861328,3101000,0.0,0.0
2022-02-11 00:00:00-05:00,154.94000244140625,159.02000427246094,137.85000610351562,141.35000610351562,3084700,0.0,0.0
2022-02-14 00:00:00-05:00,140.02000427246094,146.72999572753906,137.3000030517578,140.6300048828125,3443100,0.0,0.0
2022-02-15 00:00:00-05:00,143.33999633789062,147.39999389648438,137.11000061035156,142.5,2373200,0.0,0.0
2022-02-16 00:00:00-05:00,141.0,141.2899932861328,133.02999877929688,138.6199951171875,2394600,0.0,0.0
2022-02-17 00:00:00-05:00,137.35000610351562,145.77000427246094,132.55999755859375,135.22999572753906,2812500,0.0,0.0
2022-02-18 00:00:00-05:00,135.41000366210938,137.75999450683594,125.25,126.4000015258789,2846500,0.0,0.0
2022-02-22 00:00:00-05:00,125.0199966430664,128.75,116.93000030517578,119.25,3139000,0.0,0.0
2022-02-23 00:00:00-05:00,119.26000213623047,123.47000122070312,113.28500366210938,113.6500015258789,3348200,0.0,0.0
2022-02-24 00:00:00-05:00,107.63999938964844,127.66999816894531,107.5,126.05000305175781,6576500,0.0,0.0
2022-02-25 00:00:00-05:00,135.02000427246094,156.67999267578125,121.19000244140625,152.57000732421875,11458100,0.0,0.0
2022-02-28 00:00:00-05:00,149.1999969482422,155.9199981689453,145.5,150.47000122070312,4589600,0.0,0.0
2022-03-01 00:00:00-05:00,148.72999572753906,149.7899932861328,135.32000732421875,145.05999755859375,3880300,0.0,0.0
2022-03-02 00:00:00-05:00,142.88999938964844,145.0,134.64999389648438,138.61000061035156,3061500,0.0,0.0
2022-03-03 00:00:00-05:00,142.92999267578125,144.1300048828125,122.28500366210938,123.33000183105469,4767000,0.0,0.0
2022-03-04 00:00:00-05:00,123.2699966430664,123.5,102.19000244140625,103.83999633789062,9892900,0.0,0.0
2022-03-07 00:00:00-05:00,106.87999725341797,110.73999786376953,99.70999908447266,104.94000244140625,6718500,0.0,0.0
2022-03-08 00:00:00-05:00,105.87000274658203,115.31999969482422,97.6969985961914,105.19999694824219,5317200,0.0,0.0
2022-03-09 00:00:00-05:00,115.0,122.8499984741211,113.01000213623047,116.55000305175781,4108000,0.0,0.0
2022-03-10 00:00:00-05:00,114.0,114.94999694824219,106.80000305175781,113.4800033569336,2902700,0.0,0.0
2022-03-11 00:00:00-05:00,114.98999786376953,118.23999786376953,110.1500015258789,113.79000091552734,3621000,0.0,0.0
2022-03-14 00:00:00-04:00,111.47000122070312,121.18000030517578,104.52999877929688,105.4800033569336,5162700,0.0,0.0
2022-03-15 00:00:00-04:00,106.44999694824219,122.30000305175781,104.02999877929688,120.44000244140625,4916000,0.0,0.0
2022-03-16 00:00:00-04:00,123.5199966430664,130.77999877929688,120.91000366210938,129.4499969482422,5923100,0.0,0.0
2022-03-17 00:00:00-04:00,126.41000366210938,135.85000610351562,124.55999755859375,134.86000061035156,4988800,0.0,0.0
2022-03-18 00:00:00-04:00,133.80999755859375,146.25,132.94000244140625,142.42999267578125,5783500,0.0,0.0
2022-03-21 00:00:00-04:00,140.02999877929688,144.0,133.5,136.30999755859375,4037100,0.0,0.0
2022-03-22 00:00:00-04:00,134.80999755859375,143.97999572753906,128.99000549316406,141.27999877929688,4170900,0.0,0.0
2022-03-23 00:00:00-04:00,138.3699951171875,150.83999633789062,132.22000122070312,141.19000244140625,3588100,0.0,0.0
2022-03-24 00:00:00-04:00,140.77000427246094,149.07000732421875,133.52999877929688,148.64999389648438,2845800,0.0,0.0
2022-03-25 00:00:00-04:00,149.1699981689453,149.69000244140625,125.80000305175781,128.52000427246094,5359800,0.0,0.0
2022-03-28 00:00:00-04:00,127.0,129.86000061035156,119.61000061035156,129.86000061035156,4058300,0.0,0.0
2022-03-29 00:00:00-04:00,134.75,140.1199951171875,129.66000366210938,138.69000244140625,3520900,0.0,0.0
2022-03-30 00:00:00-04:00,134.2899932861328,138.64500427246094,125.2699966430664,125.9800033569336,3251200,0.0,0.0
2022-03-31 00:00:00-04:00,126.11000061035156,126.55000305175781,118.44999694824219,119.29000091552734,2664000,0.0,0.0
2022-04-01 00:00:00-04:00,119.87000274658203,123.3499984741211,116.72000122070312,119.45999908447266,2588500,0.0,0.0
2022-04-04 00:00:00-04:00,119.31999969482422,134.67999267578125,119.31999969482422,132.9600067138672,4209300,0.0,0.0
2022-04-05 00:00:00-04:00,126.2699966430664,129.42999267578125,118.23100280761719,121.45999908447266,4345100,0.0,0.0
2022-04-06 00:00:00-04:00,117.01000213623047,117.11000061035156,107.02999877929688,113.7300033569336,4791000,0.0,0.0
2022-04-07 00:00:00-04:00,111.76000213623047,116.14800262451172,106.0999984741211,111.2300033569336,4097300,0.0,0.0
2022-04-08 00:00:00-04:00,110.12000274658203,113.94000244140625,106.12999725341797,107.30999755859375,3233800,0.0,0.0
2022-04-11 00:00:00-04:00,105.0,114.23999786376953,102.55999755859375,106.01000213623047,3666800,0.0,0.0
2022-04-12 00:00:00-04:00,106.63999938964844,111.68000030517578,98.5,100.77999877929688,4698000,0.0,0.0
2022-04-13 00:00:00-04:00,99.7300033569336,107.16999816894531,97.05000305175781,105.08999633789062,3266200,0.0,0.0
2022-04-14 00:00:00-04:00,105.63999938964844,105.86000061035156,98.12000274658203,101.52999877929688,3128100,0.0,0.0
2022-04-18 00:00:00-04:00,99.81999969482422,100.4000015258789,93.98999786376953,96.55000305175781,3223100,0.0,0.0
2022-04-19 00:00:00-04:00,95.76000213623047,103.41999816894531,94.8489990234375,101.7699966430664,2855900,0.0,0.0
2022-04-20 00:00:00-04:00,100.83999633789062,101.79000091552734,92.1500015258789,92.5,10103200,0.0,0.0
2022-04-21 00:00:00-04:00,86.01000213623047,95.0,79.27999877929688,83.13999938964844,17302000,0.0,0.0
2022-04-22 00:00:00-04:00,88.41000366210938,91.4000015258789,82.25,83.75,18516500,0.0,0.0
2022-04-25 00:00:00-04:00,80.98999786376953,82.56999969482422,75.33999633789062,81.20999908447266,13634900,0.0,0.0
2022-04-26 00:00:00-04:00,81.19000244140625,81.95999908447266,70.18000030517578,70.48999786376953,11545100,0.0,0.0
2022-04-27 00:00:00-04:00,71.72000122070312,79.0,63.36000061035156,65.73999786376953,21794500,0.0,0.0
2022-04-28 00:00:00-04:00,66.52999877929688,68.36000061035156,58.22999954223633,64.37000274658203,16401900,0.0,0.0
2022-04-29 00:00:00-04:00,65.0,68.95999908447266,57.404998779296875,57.959999084472656,10951300,0.0,0.0
2022-05-02 00:00:00-04:00,57.41999816894531,60.94300079345703,55.279998779296875,60.470001220703125,8982900,0.0,0.0
2022-05-03 00:00:00-04:00,58.0099983215332,59.68000030517578,54.900001525878906,57.33000183105469,9700900,0.0,0.0
2022-05-04 00:00:00-04:00,54.63999938964844,59.849998474121094,52.36899948120117,59.650001525878906,10408300,0.0,0.0
2022-05-05 00:00:00-04:00,56.79999923706055,56.994998931884766,47.45000076293945,48.91999816894531,11436900,0.0,0.0
2022-05-06 00:00:00-04:00,48.02000045776367,48.150001525878906,40.7599983215332,46.47999954223633,13184800,0.0,0.0
2022-05-09 00:00:00-04:00,46.349998474121094,46.900001525878906,38.41999816894531,38.77000045776367,14869300,0.0,0.0
2022-05-10 00:00:00-04:00,41.28499984741211,42.02000045776367,35.08000183105469,36.68000030517578,15723800,0.0,0.0
2022-05-11 00:00:00-04:00,35.72999954223633,38.63999938964844,29.1299991607666,30.0,22941800,0.0,0.0
2022-05-12 00:00:00-04:00,29.40999984741211,45.29999923706055,28.350000381469727,37.400001525878906,41704100,0.0,0.0
2022-05-13 00:00:00-04:00,40.209999084472656,45.45000076293945,36.709999084472656,38.310001373291016,25571000,0.0,0.0
2022-05-16 00:00:00-04:00,42.47999954223633,46.349998474121094,37.900001525878906,38.400001525878906,27920200,0.0,0.0
2022-05-17 00:00:00-04:00,39.77000045776367,41.7400016784668,37.16999816894531,41.599998474121094,13131900,0.0,0.0
2022-05-18 00:00:00-04:00,40.189998626708984,40.257999420166016,34.52000045776367,35.04999923706055,10480900,0.0,0.0
2022-05-19 00:00:00-04:00,35.060001373291016,36.380001068115234,31.799999237060547,32.880001068115234,13666500,0.0,0.0
2022-05-20 00:00:00-04:00,33.59000015258789,33.689998626708984,30.450000762939453,33.56999969482422,10341200,0.0,0.0
2022-05-23 00:00:00-04:00,32.810001373291016,33.209999084472656,28.75,30.239999771118164,11191100,0.0,0.0
2022-05-24 00:00:00-04:00,29.6299991607666,29.760000228881836,25.690000534057617,26.649999618530273,11874000,0.0,0.0
2022-05-25 00:00:00-04:00,26.5,31.600000381469727,26.440000534057617,30.959999084472656,18978700,0.0,0.0
2022-05-26 00:00:00-04:00,30.3799991607666,32.9900016784668,29.709999084472656,31.09000015258789,8942000,0.0,0.0
2022-05-27 00:00:00-04:00,31.989999771118164,34.400001525878906,31.700000762939453,33.849998474121094,8703900,0.0,0.0
2022-05-31 00:00:00-04:00,33.36000061035156,34.290000915527344,28.809999465942383,29.440000534057617,9861400,0.0,0.0
2022-06-01 00:00:00-04:00,29.459999084472656,30.049999237060547,26.309999465942383,26.489999771118164,10270700,0.0,0.0
2022-06-02 00:00:00-04:00,26.149999618530273,30.639999389648438,25.260000228881836,30.079999923706055,11900900,0.0,0.0
2022-06-03 00:00:00-04:00,29.0,29.420000076293945,26.270000457763672,26.520000457763672,9468700,0.0,0.0
2022-06-06 00:00:00-04:00,27.260000228881836,27.260000228881836,24.729999542236328,24.8799991607666,10537000,0.0,0.0
2022-06-07 00:00:00-04:00,24.15999984741211,25.450000762939453,23.600000381469727,25.40999984741211,11166900,0.0,0.0
2022-06-08 00:00:00-04:00,25.219999313354492,27.239999771118164,24.420000076293945,25.200000762939453,8300200,0.0,0.0
2022-06-09 00:00:00-04:00,25.290000915527344,25.43000030517578,22.674999237060547,23.1299991607666,10416700,0.0,0.0
2022-06-10 00:00:00-04:00,22.8700008392334,23.739999771118164,21.610000610351562,22.010000228881836,10436100,0.0,0.0
2022-06-13 00:00:00-04:00,20.389999389648438,21.450000762939453,19.799999237060547,21.030000686645508,12019500,0.0,0.0
2022-06-14 00:00:00-04:00,21.40999984741211,22.329999923706055,20.235000610351562,20.920000076293945,7511500,0.0,0.0
2022-06-15 00:00:00-04:00,21.959999084472656,25.420000076293945,21.6200008392334,24.43000030517578,18479600,0.0,0.0
2022-06-16 00:00:00-04:00,22.3700008392334,23.690000534057617,20.84000015258789,21.399999618530273,10673900,0.0,0.0
2022-06-17 00:00:00-04:00,21.709999084472656,24.440000534057617,21.600000381469727,24.270000457763672,12605000,0.0,0.0
2022-06-21 00:00:00-04:00,24.959999084472656,27.420000076293945,24.799999237060547,24.90999984741211,11799300,0.0,0.0
2022-06-22 00:00:00-04:00,24.059999465942383,26.790000915527344,24.059999465942383,25.139999389648438,7499300,0.0,0.0
2022-06-23 00:00:00-04:00,25.43000030517578,28.809999465942383,24.860000610351562,28.639999389648438,11869900,0.0,0.0
2022-06-24 00:00:00-04:00,27.719999313354492,31.559999465942383,27.280000686645508,31.520000457763672,15434500,0.0,0.0
2022-06-27 00:00:00-04:00,31.8700008392334,32.369998931884766,28.3799991607666,30.34000015258789,8972700,0.0,0.0
2022-06-28 00:00:00-04:00,29.90999984741211,30.700000762939453,24.559999465942383,24.739999771118164,12979900,0.0,0.0
2022-06-29 00:00:00-04:00,24.170000076293945,24.559999465942383,22.200000762939453,23.110000610351562,12202800,0.0,0.0
2022-06-30 00:00:00-04:00,23.0,24.34000015258789,21.70199966430664,22.579999923706055,12363400,0.0,0.0
2022-07-01 00:00:00-04:00,22.959999084472656,23.670000076293945,21.43000030517578,21.8700008392334,12506700,0.0,0.0
2022-07-05 00:00:00-04:00,21.299999237060547,27.850000381469727,20.65999984741211,27.579999923706055,19781200,0.0,0.0
2022-07-06 00:00:00-04:00,27.34000015258789,28.389999389648438,25.81999969482422,26.299999237060547,12873400,0.0,0.0
2022-07-07 00:00:00-04:00,26.270000457763672,26.940000534057617,25.020000457763672,26.780000686645508,11001500,0.0,0.0
2022-07-08 00:00:00-04:00,25.8799991607666,28.489999771118164,24.709999084472656,25.09000015258789,12923200,0.0,0.0
2022-07-11 00:00:00-04:00,24.579999923706055,24.579999923706055,21.68000030517578,22.09000015258789,12672800,0.0,0.0
2022-07-12 00:00:00-04:00,22.540000915527344,22.899999618530273,21.540000915527344,22.06999969482422,7997300,0.0,0.0
2022-07-13 00:00:00-04:00,21.0,22.469999313354492,20.18000030517578,20.969999313354492,12994600,0.0,0.0
2022-07-14 00:00:00-04:00,20.549999237060547,20.809999465942383,19.450000762939453,20.229999542236328,10807500,0.0,0.0
2022-07-15 00:00:00-04:00,20.690000534057617,21.760000228881836,20.06999969482422,21.25,10075300,0.0,0.0
2022-07-18 00:00:00-04:00,21.948999404907227,23.59000015258789,21.68000030517578,22.25,10544100,0.0,0.0
2022-07-19 00:00:00-04:00,22.25,22.8700008392334,20.530000686645508,22.850000381469727,11286400,0.0,0.0
2022-07-20 00:00:00-04:00,23.09000015258789,27.549999237060547,22.799999237060547,27.3799991607666,18511500,0.0,0.0
2022-07-21 00:00:00-04:00,26.829999923706055,28.93000030517578,26.530000686645508,28.209999084472656,11623900,0.0,0.0
2022-07-22 00:00:00-04:00,27.780000686645508,28.899999618530273,24.729999542236328,25.3799991607666,10610500,0.0,0.0
2022-07-25 00:00:00-04:00,25.290000915527344,26.170000076293945,24.170000076293945,25.200000762939453,6076000,0.0,0.0
2022-07-26 00:00:00-04:00,23.979999542236328,24.440000534057617,23.229999542236328,24.18000030517578,8400400,0.0,0.0
2022-07-27 00:00:00-04:00,25.75,26.540000915527344,24.086000442504883,26.360000610351562,10023400,0.0,0.0
2022-07-28 00:00:00-04:00,26.200000762939453,27.75,25.1299991607666,27.18000030517578,6644500,0.0,0.0
2022-07-29 00:00:00-04:00,27.15999984741211,29.600000381469727,26.079999923706055,29.149999618530273,9705300,0.0,0.0
2022-08-01 00:00:00-04:00,28.540000915527344,31.270000457763672,28.260000228881836,30.170000076293945,7505100,0.0,0.0
2022-08-02 00:00:00-04:00,28.809999465942383,34.83000183105469,28.579999923706055,34.04999923706055,11973300,0.0,0.0
2022-08-03 00:00:00-04:00,34.75,35.59000015258789,32.5,34.900001525878906,10022200,0.0,0.0
2022-08-04 00:00:00-04:00,34.959999084472656,37.970001220703125,32.09000015258789,33.540000915527344,14196700,0.0,0.0
2022-08-05 00:00:00-04:00,34.709999084472656,48.4900016784668,34.630001068115234,46.97999954223633,46780000,0.0,0.0
2022-08-08 00:00:00-04:00,46.88999938964844,50.77000045776367,43.22999954223633,46.459999084472656,19293700,0.0,0.0
2022-08-09 00:00:00-04:00,44.849998474121094,45.900001525878906,40.56999969482422,41.43000030517578,9221600,0.0,0.0
2022-08-10 00:00:00-04:00,45.459999084472656,48.095001220703125,44.77000045776367,47.310001373291016,9899000,0.0,0.0
2022-08-11 00:00:00-04:00,50.2599983215332,57.31999969482422,49.369998931884766,50.130001068115234,16203900,0.0,0.0
2022-08-12 00:00:00-04:00,50.93000030517578,52.5,48.04999923706055,52.099998474121094,9507600,0.0,0.0
2022-08-15 00:00:00-04:00,51.71500015258789,52.20000076293945,48.79999923706055,51.0,6212600,0.0,0.0
2022-08-16 00:00:00-04:00,50.900001525878906,58.04999923706055,48.9370002746582,54.59000015258789,12457300,0.0,0.0
2022-08-17 00:00:00-04:00,52.900001525878906,54.41999816894531,48.61000061035156,49.619998931884766,8375100,0.0,0.0
2022-08-18 00:00:00-04:00,49.09000015258789,49.119998931884766,45.849998474121094,47.86000061035156,6089100,0.0,0.0
2022-08-19 00:00:00-04:00,45.619998931884766,46.29999923706055,41.904998779296875,42.29999923706055,6723700,0.0,0.0
2022-08-22 00:00:00-04:00,40.290000915527344,41.25,35.25,35.959999084472656,11598800,0.0,0.0
2022-08-23 00:00:00-04:00,36.09000015258789,36.43000030517578,34.05500030517578,34.70000076293945,8015100,0.0,0.0
2022-08-24 00:00:00-04:00,35.349998474121094,37.816001892089844,34.88999938964844,36.09000015258789,6266900,0.0,0.0
2022-08-25 00:00:00-04:00,37.41999816894531,39.279998779296875,36.63999938964844,38.4900016784668,7530900,0.0,0.0
2022-08-26 00:00:00-04:00,38.689998626708984,39.5,34.04999923706055,35.540000915527344,8092400,0.0,0.0
2022-08-29 00:00:00-04:00,34.650001525878906,35.43000030517578,33.400001525878906,34.209999084472656,5488300,0.0,0.0
2022-08-30 00:00:00-04:00,34.939998626708984,36.40999984741211,31.93000030517578,33.09000015258789,5847000,0.0,0.0
2022-08-31 00:00:00-04:00,33.75,34.78799819946289,32.08000183105469,32.9900016784668,9461500,0.0,0.0
2022-09-01 00:00:00-04:00,32.349998474121094,32.939998626708984,30.389999389648438,32.779998779296875,4981300,0.0,0.0
2022-09-02 00:00:00-04:00,33.880001068115234,33.880001068115234,30.360000610351562,31.579999923706055,5970800,0.0,0.0
2022-09-06 00:00:00-04:00,31.600000381469727,32.29999923706055,29.90999984741211,31.489999771118164,5725600,0.0,0.0
2022-09-07 00:00:00-04:00,31.219999313354492,33.9900016784668,30.801000595092773,33.310001373291016,5324900,0.0,0.0
2022-09-08 00:00:00-04:00,32.18000030517578,34.02000045776367,31.697999954223633,33.97999954223633,5932700,0.0,0.0
2022-09-09 00:00:00-04:00,34.31999969482422,37.47999954223633,34.20000076293945,36.619998931884766,5909000,0.0,0.0
2022-09-12 00:00:00-04:00,40.20000076293945,42.4900016784668,38.81999969482422,42.279998779296875,16409900,0.0,0.0
2022-09-13 00:00:00-04:00,37.20000076293945,38.97999954223633,36.599998474121094,36.810001373291016,10403000,0.0,0.0
2022-09-14 00:00:00-04:00,36.61000061035156,36.79999923706055,34.2599983215332,36.06999969482422,7182300,0.0,0.0
2022-09-15 00:00:00-04:00,35.439998626708984,38.47999954223633,35.310001373291016,37.02000045776367,6449200,0.0,0.0
2022-09-16 00:00:00-04:00,35.119998931884766,35.459999084472656,32.5099983215332,32.91999816894531,9187300,0.0,0.0
2022-09-19 00:00:00-04:00,32.529998779296875,34.150001525878906,32.220001220703125,33.45000076293945,5680200,0.0,0.0
2022-09-20 00:00:00-04:00,32.5099983215332,33.33000183105469,30.90999984741211,30.969999313354492,6343700,0.0,0.0
2022-09-21 00:00:00-04:00,31.290000915527344,33.56999969482422,30.420000076293945,30.65999984741211,8686800,0.0,0.0
2022-09-22 00:00:00-04:00,30.280000686645508,30.81999969482422,26.850000381469727,26.969999313354492,9198400,0.0,0.0
2022-09-23 00:00:00-04:00,26.264999389648438,26.996000289916992,25.253000259399414,26.200000762939453,7518000,0.0,0.0
2022-09-26 00:00:00-04:00,26.579999923706055,27.68000030517578,24.420000076293945,24.440000534057617,6432800,0.0,0.0
2022-09-27 00:00:00-04:00,26.110000610351562,26.829999923706055,24.40999984741211,24.829999923706055,8337800,0.0,0.0
2022-09-28 00:00:00-04:00,25.170000076293945,27.280000686645508,24.84000015258789,26.8700008392334,7253100,0.0,0.0
2022-09-29 00:00:00-04:00,24.020000457763672,24.200000762939453,20.530000686645508,21.56999969482422,21989700,0.0,0.0
2022-09-30 00:00:00-04:00,20.90999984741211,22.170000076293945,20.0,20.299999237060547,10923100,0.0,0.0
2022-10-03 00:00:00-04:00,20.40999984741211,21.84000015258789,19.299999237060547,21.459999084472656,9347700,0.0,0.0
2022-10-04 00:00:00-04:00,22.889999389648438,23.969999313354492,22.389999389648438,23.260000228881836,11527800,0.0,0.0
2022-10-05 00:00:00-04:00,22.010000228881836,22.299999237060547,20.860000610351562,21.549999237060547,9888400,0.0,0.0
2022-10-06 00:00:00-04:00,21.540000915527344,22.65999984741211,20.584999084472656,21.1299991607666,9051000,0.0,0.0
2022-10-07 00:00:00-04:00,20.440000534057617,20.450000762939453,18.809999465942383,19.270000457763672,11195900,0.0,0.0
2022-10-10 00:00:00-04:00,19.25,19.290000915527344,17.360000610351562,18.209999084472656,9569800,0.0,0.0
2022-10-11 00:00:00-04:00,18.25,19.670000076293945,17.299999237060547,18.31999969482422,12814600,0.0,0.0
2022-10-12 00:00:00-04:00,18.139999389648438,19.260000228881836,17.420000076293945,19.06999969482422,7789600,0.0,0.0
2022-10-13 00:00:00-04:00,17.760000228881836,19.469999313354492,17.049999237060547,18.8700008392334,11808100,0.0,0.0
2022-10-14 00:00:00-04:00,19.450000762939453,20.15999984741211,17.100000381469727,17.139999389648438,10373900,0.0,0.0
2022-10-17 00:00:00-04:00,17.93000030517578,18.93000030517578,17.510000228881836,18.219999313354492,9272300,0.0,0.0
2022-10-18 00:00:00-04:00,18.65999984741211,19.559999465942383,18.108999252319336,18.3700008392334,13359400,0.0,0.0
2022-10-19 00:00:00-04:00,17.56999969482422,17.690000534057617,14.550000190734863,14.989999771118164,23577200,0.0,0.0
2022-10-20 00:00:00-04:00,14.899999618530273,15.739999771118164,14.25,14.479999542236328,14042300,0.0,0.0
2022-10-21 00:00:00-04:00,14.229999542236328,15.100000381469727,13.670000076293945,14.25,12982700,0.0,0.0
2022-10-24 00:00:00-04:00,14.069999694824219,14.069999694824219,12.899999618530273,13.380000114440918,11333600,0.0,0.0
2022-10-25 00:00:00-04:00,13.59000015258789,15.5,13.53499984741211,15.279999732971191,17136000,0.0,0.0
2022-10-26 00:00:00-04:00,14.770000457763672,16.420000076293945,14.710000038146973,15.100000381469727,14122100,0.0,0.0
2022-10-27 00:00:00-04:00,15.050000190734863,15.84000015258789,14.520000457763672,14.520000457763672,8891100,0.0,0.0
2022-10-28 00:00:00-04:00,14.220000267028809,14.699999809265137,13.609999656677246,14.489999771118164,8569600,0.0,0.0
2022-10-31 00:00:00-04:00,14.5600004196167,15.09000015258789,13.510000228881836,13.529999732971191,12557600,0.0,0.0
2022-11-01 00:00:00-04:00,15.260000228881836,16.06999969482422,14.940999984741211,15.279999732971191,19014900,0.0,0.0
2022-11-02 00:00:00-04:00,15.220000267028809,15.239999771118164,13.460000038146973,13.470000267028809,13984700,0.0,0.0
2022-11-03 00:00:00-04:00,13.3100004196167,14.630000114440918,12.739999771118164,14.350000381469727,16169100,0.0,0.0
2022-11-04 00:00:00-04:00,13.039999961853027,13.5,8.369999885559082,8.760000228881836,71102800,0.0,0.0
2022-11-07 00:00:00-05:00,8.770000457763672,8.880000114440918,6.679999828338623,7.389999866485596,52554300,0.0,0.0
2022-11-08 00:00:00-05:00,7.429999828338623,7.610000133514404,6.5,7.360000133514404,40354400,0.0,0.0
2022-11-09 00:00:00-05:00,7.730000019073486,8.380000114440918,7.260000228881836,7.590000152587891,26808400,0.0,0.0
2022-11-10 00:00:00-05:00,8.40999984741211,10.420000076293945,8.40999984741211,9.989999771118164,40212900,0.0,0.0
2022-11-11 00:00:00-05:00,9.109999656677246,11.899999618530273,8.920000076293945,11.880000114440918,34263300,0.0,0.0
2022-11-14 00:00:00-05:00,11.5600004196167,11.680000305175781,9.710000038146973,9.739999771118164,22210400,0.0,0.0
2022-11-15 00:00:00-05:00,10.5600004196167,10.90999984741211,9.770000457763672,9.930000305175781,22886800,0.0,0.0
2022-11-16 00:00:00-05:00,9.470000267028809,9.484999656677246,8.539999961853027,8.550000190734863,16513300,0.0,0.0
2022-11-17 00:00:00-05:00,8.100000381469727,8.479999542236328,7.900000095367432,8.319999694824219,15923400,0.0,0.0
2022-11-18 00:00:00-05:00,8.59000015258789,8.640000343322754,7.610000133514404,8.0600004196167,22335400,0.0,0.0
2022-11-21 00:00:00-05:00,7.670000076293945,7.769999980926514,6.860000133514404,7.050000190734863,16446300,0.0,0.0
2022-11-22 00:00:00-05:00,7.03000020980835,7.28000020980835,6.699999809265137,6.800000190734863,12983600,0.0,0.0
2022-11-23 00:00:00-05:00,7.320000171661377,8.229999542236328,7.03000020980835,8.119999885559082,24668200,0.0,0.0
2022-11-25 00:00:00-05:00,7.929999828338623,8.279999732971191,7.710000038146973,7.96999979019165,9203100,0.0,0.0
2022-11-28 00:00:00-05:00,7.800000190734863,8.130000114440918,7.409999847412109,7.46999979019165,10428500,0.0,0.0
2022-11-29 00:00:00-05:00,7.599999904632568,7.820000171661377,7.320000171661377,7.340000152587891,9222500,0.0,0.0
2022-11-30 00:00:00-05:00,7.010000228881836,7.739999771118164,6.789999961853027,7.710000038146973,17127700,0.0,0.0
2022-12-01 00:00:00-05:00,7.739999771118164,8.619999885559082,7.590000152587891,8.130000114440918,22853000,0.0,0.0
2022-12-02 00:00:00-05:00,7.800000190734863,8.180000305175781,7.46999979019165,8.069999694824219,12981300,0.0,0.0
2022-12-05 00:00:00-05:00,7.96999979019165,8.149999618530273,7.090000152587891,7.099999904632568,12299800,0.0,0.0
2022-12-06 00:00:00-05:00,7.170000076293945,7.190000057220459,6.5,6.710000038146973,16296900,0.0,0.0
2022-12-07 00:00:00-05:00,4.440000057220459,4.880000114440918,3.549999952316284,3.8299999237060547,118483400,0.0,0.0
2022-12-08 00:00:00-05:00,4.019999980926514,5.239999771118164,3.869999885559082,4.960000038146973,70437100,0.0,0.0
2022-12-09 00:00:00-05:00,4.550000190734863,5.940000057220459,4.420000076293945,5.050000190734863,53062400,0.0,0.0
2022-12-12 00:00:00-05:00,5.119999885559082,5.190000057220459,4.670000076293945,4.949999809265137,18370700,0.0,0.0
2022-12-13 00:00:00-05:00,5.590000152587891,5.650000095367432,4.610000133514404,4.829999923706055,26877100,0.0,0.0
2022-12-14 00:00:00-05:00,4.739999771118164,5.590000152587891,4.739999771118164,5.260000228881836,22429000,0.0,0.0
2022-12-15 00:00:00-05:00,5.099999904632568,5.880000114440918,5.059999942779541,5.46999979019165,27233400,0.0,0.0
2022-12-16 00:00:00-05:00,5.300000190734863,5.510000228881836,4.889999866485596,5.03000020980835,18754900,0.0,0.0
2022-12-19 00:00:00-05:00,5.0,5.0,4.199999809265137,4.420000076293945,16893200,0.0,0.0
2022-12-20 00:00:00-05:00,4.300000190734863,4.440000057220459,4.059999942779541,4.159999847412109,10576500,0.0,0.0
2022-12-21 00:00:00-05:00,4.070000171661377,4.534999847412109,4.019999980926514,4.320000171661377,13707000,0.0,0.0
2022-12-22 00:00:00-05:00,4.21999979019165,4.260000228881836,3.76200008392334,4.130000114440918,17127600,0.0,0.0
2022-12-23 00:00:00-05:00,4.079999923706055,4.204999923706055,3.940000057220459,4.050000190734863,7929500,0.0,0.0
2022-12-27 00:00:00-05:00,3.940000057220459,4.019999980926514,3.694999933242798,3.7200000286102295,10510800,0.0,0.0
2022-12-28 00:00:00-05:00,3.690000057220459,3.950000047683716,3.619999885559082,3.8299999237060547,12017900,0.0,0.0
2022-12-29 00:00:00-05:00,3.8399999141693115,4.519999980926514,3.819999933242798,4.449999809265137,17261500,0.0,0.0
2022-12-30 00:00:00-05:00,4.329999923706055,4.75,4.315000057220459,4.739999771118164,11800400,0.0,0.0
2023-01-03 00:00:00-05:00,4.809999942779541,4.880000114440918,4.420000076293945,4.630000114440918,12707300,0.0,0.0
2023-01-04 00:00:00-05:00,4.659999847412109,5.0980000495910645,4.554999828338623,5.039999961853027,11970100,0.0,0.0
2023-01-05 00:00:00-05:00,4.869999885559082,4.920000076293945,4.510000228881836,4.550000190734863,9938400,0.0,0.0
2023-01-06 00:00:00-05:00,4.590000152587891,4.590000152587891,4.230000019073486,4.409999847412109,8401700,0.0,0.0
2023-01-09 00:00:00-05:00,4.46999979019165,4.789999961853027,4.389999866485596,4.440000057220459,9639200,0.0,0.0
2023-01-10 00:00:00-05:00,4.380000114440918,4.65500020980835,4.349999904632568,4.420000076293945,6300500,0.0,0.0
2023-01-11 00:00:00-05:00,4.480000019073486,5.829999923706055,4.46999979019165,5.5,38685700,0.0,0.0
2023-01-12 00:00:00-05:00,5.630000114440918,8.100000381469727,5.159999847412109,8.029999732971191,87408500,0.0,0.0
2023-01-13 00:00:00-05:00,7.420000076293945,8.4399995803833,6.489999771118164,7.019999980926514,67668200,0.0,0.0
2023-01-17 00:00:00-05:00,7.210000038146973,8.210000038146973,6.829999923706055,7.309999942779541,33801800,0.0,0.0
2023-01-18 00:00:00-05:00,7.679999828338623,8.300000190734863,6.892000198364258,6.980000019073486,35391500,0.0,0.0
2023-01-19 00:00:00-05:00,6.75,6.798999786376953,6.041999816894531,6.380000114440918,17168100,0.0,0.0
2023-01-20 00:00:00-05:00,6.494999885559082,6.550000190734863,6.059999942779541,6.489999771118164,13554000,0.0,0.0
2023-01-23 00:00:00-05:00,6.630000114440918,7.389999866485596,6.489999771118164,7.179999828338623,25017900,0.0,0.0
2023-01-24 00:00:00-05:00,6.985000133514404,7.559999942779541,6.619999885559082,6.639999866485596,13589600,0.0,0.0
2023-01-25 00:00:00-05:00,6.409999847412109,6.695000171661377,6.079999923706055,6.429999828338623,11322500,0.0,0.0
2023-01-26 00:00:00-05:00,6.809999942779541,7.150000095367432,6.150000095367432,6.5,18975400,0.0,0.0
2023-01-27 00:00:00-05:00,6.400000095367432,8.09000015258789,6.329999923706055,7.769999980926514,36032000,0.0,0.0
2023-01-30 00:00:00-05:00,8.350000381469727,10.866000175476074,8.112000465393066,10.0,108391200,0.0,0.0
2023-01-31 00:00:00-05:00,11.079999923706055,11.180000305175781,9.135000228881836,10.170000076293945,66572000,0.0,0.0
2023-02-01 00:00:00-05:00,10.100000381469727,14.350000381469727,9.850000381469727,13.5600004196167,86425400,0.0,0.0
2023-02-02 00:00:00-05:00,17.43000030517578,19.8700008392334,13.40999984741211,14.25,148292700,0.0,0.0
2023-02-03 00:00:00-05:00,12.949999809265137,16.209999084472656,12.949999809265137,14.449999809265137,61033600,0.0,0.0
2023-02-06 00:00:00-05:00,13.960000038146973,14.59000015258789,13.020000457763672,13.430000305175781,32385400,0.0,0.0
2023-02-07 00:00:00-05:00,13.359999656677246,13.789999961853027,12.100000381469727,13.1899995803833,25477500,0.0,0.0
2023-02-08 00:00:00-05:00,13.0,16.770000457763672,12.770000457763672,14.010000228881836,54973800,0.0,0.0
2023-02-09 00:00:00-05:00,15.0,15.399999618530273,11.800000190734863,11.949999809265137,36189100,0.0,0.0
2023-02-10 00:00:00-05:00,11.664999961853027,12.239999771118164,10.609999656677246,10.84000015258789,19145000,0.0,0.0
2023-02-13 00:00:00-05:00,10.65999984741211,11.359999656677246,10.170000076293945,11.020000457763672,17271100,0.0,0.0
2023-02-14 00:00:00-05:00,10.680000305175781,11.75,10.0600004196167,10.720000267028809,25744900,0.0,0.0
2023-02-15 00:00:00-05:00,10.545000076293945,12.805000305175781,10.520000457763672,12.6899995803833,31120300,0.0,0.0
2023-02-16 00:00:00-05:00,11.729999542236328,12.388999938964844,10.90999984741211,10.920000076293945,21378200,0.0,0.0
2023-02-17 00:00:00-05:00,11.279999732971191,11.899999618530273,10.880000114440918,11.369999885559082,20798800,0.0,0.0
2023-02-21 00:00:00-05:00,11.119999885559082,11.760000228881836,9.899999618530273,10.0600004196167,19919300,0.0,0.0
2023-02-22 00:00:00-05:00,10.3100004196167,10.8149995803833,9.5600004196167,10.069999694824219,13784000,0.0,0.0
2023-02-23 00:00:00-05:00,10.399999618530273,10.420000076293945,9.34000015258789,10.079999923706055,21841700,0.0,0.0
2023-02-24 00:00:00-05:00,8.890000343322754,9.050000190734863,7.550000190734863,8.010000228881836,35382600,0.0,0.0
2023-02-27 00:00:00-05:00,8.130000114440918,8.979999542236328,7.849999904632568,8.930000305175781,24503700,0.0,0.0
2023-02-28 00:00:00-05:00,8.680000305175781,9.90999984741211,8.649999618530273,9.420000076293945,20225000,0.0,0.0
2023-03-01 00:00:00-05:00,9.5,9.569999694824219,8.6899995803833,8.90999984741211,11435400,0.0,0.0
2023-03-02 00:00:00-05:00,8.579999923706055,9.729999542236328,8.420000076293945,9.470000267028809,15308900,0.0,0.0
2023-03-03 00:00:00-05:00,9.40999984741211,10.25,9.319999694824219,10.09000015258789,14166800,0.0,0.0
2023-03-06 00:00:00-05:00,10.130000114440918,10.380000114440918,9.09000015258789,9.109999656677246,10773000,0.0,0.0
2023-03-07 00:00:00-05:00,9.180000305175781,9.559000015258789,8.779999732971191,8.880000114440918,10801300,0.0,0.0
2023-03-08 00:00:00-05:00,8.899999618530273,9.220000267028809,8.619999885559082,8.850000381469727,7404000,0.0,0.0
2023-03-09 00:00:00-05:00,8.699999809265137,9.3100004196167,8.319999694824219,8.4399995803833,9779300,0.0,0.0
2023-03-10 00:00:00-05:00,8.350000381469727,8.399999618530273,7.170000076293945,7.309999942779541,15306600,0.0,0.0
2023-03-13 00:00:00-04:00,7.019999980926514,7.610000133514404,6.860000133514404,7.480000019073486,11063900,0.0,0.0
2023-03-14 00:00:00-04:00,7.730000019073486,8.0,6.610000133514404,6.829999923706055,12058300,0.0,0.0
2023-03-15 00:00:00-04:00,6.699999809265137,7.177000045776367,6.449999809265137,7.050000190734863,9637700,0.0,0.0
2023-03-16 00:00:00-04:00,6.920000076293945,7.585000038146973,6.630000114440918,7.409999847412109,11659700,0.0,0.0
2023-03-17 00:00:00-04:00,7.210000038146973,7.900000095367432,7.019999980926514,7.650000095367432,13091100,0.0,0.0
2023-03-20 00:00:00-04:00,7.429999828338623,7.820000171661377,6.869999885559082,7.070000171661377,9252400,0.0,0.0
2023-03-21 00:00:00-04:00,7.190000057220459,8.09000015258789,7.179999828338623,7.929999828338623,9893300,0.0,0.0
2023-03-22 00:00:00-04:00,10.149999618530273,10.25,8.399999618530273,8.430000305175781,48636600,0.0,0.0
2023-03-23 00:00:00-04:00,8.630000114440918,9.470000267028809,7.869999885559082,8.350000381469727,18692100,0.0,0.0
2023-03-24 00:00:00-04:00,8.180000305175781,8.470000267028809,7.949999809265137,8.1899995803833,8137500,0.0,0.0
2023-03-27 00:00:00-04:00,8.350000381469727,8.444999694824219,7.570000171661377,7.619999885559082,7406800,0.0,0.0
2023-03-28 00:00:00-04:00,7.570000171661377,7.730000019073486,7.210000038146973,7.360000133514404,6727900,0.0,0.0
2023-03-29 00:00:00-04:00,7.46999979019165,7.900000095367432,7.361999988555908,7.869999885559082,6442000,0.0,0.0
2023-03-30 00:00:00-04:00,8.079999923706055,9.0,8.074999809265137,8.829999923706055,15922100,0.0,0.0
2023-03-31 00:00:00-04:00,8.899999618530273,9.789999961853027,8.770000457763672,9.789999961853027,13497400,0.0,0.0
2023-04-03 00:00:00-04:00,9.640000343322754,10.15999984741211,9.085000038146973,9.289999961853027,13477600,0.0,0.0
2023-04-04 00:00:00-04:00,9.4399995803833,9.720000267028809,8.930000305175781,9.5,9428200,0.0,0.0
2023-04-05 00:00:00-04:00,9.380000114440918,9.380000114440918,8.390000343322754,8.5,8720200,0.0,0.0
2023-04-06 00:00:00-04:00,8.369999885559082,9.029999732971191,8.15999984741211,9.010000228881836,7071900,0.0,0.0
2023-04-10 00:00:00-04:00,9.0,9.350000381469727,8.619999885559082,9.3100004196167,8839800,0.0,0.0
2023-04-11 00:00:00-04:00,9.789999961853027,10.850000381469727,9.600000381469727,9.760000228881836,22071700,0.0,0.0
2023-04-12 00:00:00-04:00,10.130000114440918,10.319999694824219,8.789999961853027,9.239999771118164,15732000,0.0,0.0
2023-04-13 00:00:00-04:00,9.270000457763672,9.770000457763672,9.201000213623047,9.369999885559082,8281000,0.0,0.0
2023-04-14 00:00:00-04:00,9.470000267028809,9.800000190734863,8.680000305175781,8.970000267028809,8469000,0.0,0.0
2023-04-17 00:00:00-04:00,8.90999984741211,9.218999862670898,8.680000305175781,9.0600004196167,6898200,0.0,0.0
2023-04-18 00:00:00-04:00,9.220000267028809,9.28499984741211,8.760000228881836,8.800000190734863,6657100,0.0,0.0
2023-04-19 00:00:00-04:00,8.600000381469727,8.843000411987305,8.295000076293945,8.630000114440918,7126700,0.0,0.0
2023-04-20 00:00:00-04:00,8.300000190734863,8.510000228881836,7.909999847412109,8.0,8496200,0.0,0.0
2023-04-21 00:00:00-04:00,7.96999979019165,8.289999961853027,7.730000019073486,8.140000343322754,5858800,0.0,0.0
2023-04-24 00:00:00-04:00,8.100000381469727,8.694999694824219,8.0,8.369999885559082,8456300,0.0,0.0
2023-04-25 00:00:00-04:00,8.329999923706055,8.470000267028809,7.449999809265137,7.550000190734863,8617000,0.0,0.0
2023-04-26 00:00:00-04:00,7.739999771118164,7.849999904632568,7.429999828338623,7.519999980926514,5008700,0.0,0.0
2023-04-27 00:00:00-04:00,7.559999942779541,7.630000114440918,7.230000019073486,7.340000152587891,7309100,0.0,0.0
2023-04-28 00:00:00-04:00,7.21999979019165,7.460000038146973,6.855000019073486,6.940000057220459,8230100,0.0,0.0
2023-05-01 00:00:00-04:00,7.289999961853027,7.5,6.699999809265137,6.929999828338623,10415000,0.0,0.0
2023-05-02 00:00:00-04:00,6.789999961853027,7.340000152587891,6.699999809265137,7.21999979019165,10817800,0.0,0.0
2023-05-03 00:00:00-04:00,7.119999885559082,7.510000228881836,7.010000228881836,7.070000171661377,7313900,0.0,0.0
2023-05-04 00:00:00-04:00,7.099999904632568,7.429999828338623,6.920000076293945,7.199999809265137,17286200,0.0,0.0
2023-05-05 00:00:00-04:00,10.029999732971191,11.1899995803833,8.760000228881836,8.960000038146973,79284500,0.0,0.0
2023-05-08 00:00:00-04:00,9.109999656677246,11.699999809265137,8.859999656677246,11.300000190734863,51247700,0.0,0.0
2023-05-09 00:00:00-04:00,10.84000015258789,13.279999732971191,10.649999618530273,11.850000381469727,56630200,0.0,0.0
2023-05-10 00:00:00-04:00,12.149999618530273,13.699999809265137,11.829999923706055,13.149999618530273,41742200,0.0,0.0
2023-05-11 00:00:00-04:00,12.989999771118164,13.25,11.640000343322754,11.960000038146973,23912300,0.0,0.0
2023-05-12 00:00:00-04:00,11.869999885559082,11.869999885559082,10.229999542236328,10.5,16624500,0.0,0.0
2023-05-15 00:00:00-04:00,10.425000190734863,11.595000267028809,10.15999984741211,11.579999923706055,13661100,0.0,0.0
2023-05-16 00:00:00-04:00,11.40999984741211,11.489999771118164,10.600000381469727,10.600000381469727,9730700,0.0,0.0
2023-05-17 00:00:00-04:00,10.800000190734863,11.859999656677246,10.199999809265137,11.800000190734863,14589200,0.0,0.0
2023-05-18 00:00:00-04:00,11.65999984741211,12.649999618530273,11.550000190734863,11.960000038146973,15801200,0.0,0.0
2023-05-19 00:00:00-04:00,11.895000457763672,12.40999984741211,10.270000457763672,10.739999771118164,15787000,0.0,0.0
2023-05-22 00:00:00-04:00,10.765000343322754,11.739999771118164,10.335000038146973,11.470000267028809,13226900,0.0,0.0
2023-05-23 00:00:00-04:00,11.579999923706055,13.130000114440918,11.420000076293945,11.90999984741211,26086000,0.0,0.0
2023-05-24 00:00:00-04:00,11.760000228881836,12.029999732971191,10.880000114440918,11.529999732971191,14133900,0.0,0.0
2023-05-25 00:00:00-04:00,12.100000381469727,12.100000381469727,10.675000190734863,10.9399995803833,13035700,0.0,0.0
2023-05-26 00:00:00-04:00,10.890000343322754,11.970000267028809,10.699999809265137,11.739999771118164,13353500,0.0,0.0
2023-05-30 00:00:00-04:00,12.40999984741211,14.069999694824219,12.229999542236328,13.720000267028809,30834500,0.0,0.0
2023-05-31 00:00:00-04:00,13.210000038146973,13.25,12.062000274658203,12.920000076293945,17723500,0.0,0.0
2023-06-01 00:00:00-04:00,13.800000190734863,16.93000030517578,13.15999984741211,15.800000190734863,49998300,0.0,0.0
2023-06-02 00:00:00-04:00,14.979999542236328,16.229999542236328,14.529999732971191,15.680000305175781,31105000,0.0,0.0
2023-06-05 00:00:00-04:00,15.800000190734863,16.450000762939453,14.890000343322754,15.0,14255800,0.0,0.0
2023-06-06 00:00:00-04:00,14.75,15.25,14.319999694824219,14.779999732971191,16494000,0.0,0.0
2023-06-07 00:00:00-04:00,15.3100004196167,16.479999542236328,15.050000190734863,15.529999732971191,22191000,0.0,0.0
2023-06-08 00:00:00-04:00,18.81999969482422,26.09000015258789,17.6299991607666,24.229999542236328,175781000,0.0,0.0
2023-06-09 00:00:00-04:00,25.489999771118164,27.329999923706055,18.700000762939453,19.06999969482422,99623100,0.0,0.0
2023-06-12 00:00:00-04:00,18.5,21.969999313354492,18.459999084472656,21.260000228881836,52898200,0.0,0.0
2023-06-13 00:00:00-04:00,22.1200008392334,24.18000030517578,21.06999969482422,23.510000228881836,40972000,0.0,0.0
2023-06-14 00:00:00-04:00,23.079999923706055,24.600000381469727,22.520000457763672,23.399999618530273,27648300,0.0,0.0
2023-06-15 00:00:00-04:00,22.729999542236328,27.540000915527344,22.219999313354492,26.3799991607666,44798300,0.0,0.0
2023-06-16 00:00:00-04:00,27.25,28.520000457763672,24.43000030517578,25.31999969482422,34766900,0.0,0.0
2023-06-20 00:00:00-04:00,24.934999465942383,26.85700035095215,23.113000869750977,23.520000457763672,23423900,0.0,0.0
2023-06-21 00:00:00-04:00,23.739999771118164,25.225000381469727,22.610000610351562,24.170000076293945,19327200,0.0,0.0
2023-06-22 00:00:00-04:00,23.790000915527344,25.969999313354492,23.06999969482422,25.540000915527344,20433200,0.0,0.0
2023-06-23 00:00:00-04:00,24.989999771118164,25.8700008392334,21.399999618530273,21.40999984741211,29560100,0.0,0.0
2023-06-26 00:00:00-04:00,21.639999389648438,22.329999923706055,20.600000381469727,20.90999984741211,12252700,0.0,0.0
2023-06-27 00:00:00-04:00,21.850000381469727,24.510000228881836,21.149999618530273,24.299999237060547,19206800,0.0,0.0
2023-06-28 00:00:00-04:00,23.719999313354492,28.395000457763672,23.65999984741211,28.030000686645508,34977700,0.0,0.0
2023-06-29 00:00:00-04:00,29.010000228881836,29.1299991607666,24.65999984741211,25.739999771118164,28143000,0.0,0.0
2023-06-30 00:00:00-04:00,26.780000686645508,27.450000762939453,25.149999618530273,25.920000076293945,19331600,0.0,0.0
2023-07-03 00:00:00-04:00,25.899999618530273,26.350000381469727,25.200000762939453,25.799999237060547,7548200,0.0,0.0
2023-07-05 00:00:00-04:00,26.489999771118164,26.81999969482422,24.450000762939453,25.850000381469727,13080500,0.0,0.0
2023-07-06 00:00:00-04:00,25.299999237060547,25.68000030517578,23.43000030517578,24.31999969482422,13141400,0.0,0.0
2023-07-07 00:00:00-04:00,24.850000381469727,29.809999465942383,24.68000030517578,29.450000762939453,29286100,0.0,0.0
2023-07-10 00:00:00-04:00,29.360000610351562,34.59000015258789,28.1200008392334,34.27000045776367,48778100,0.0,0.0
2023-07-11 00:00:00-04:00,34.40999984741211,37.58000183105469,32.81999969482422,35.56999969482422,42291200,0.0,0.0
2023-07-12 00:00:00-04:00,37.38999938964844,44.63999938964844,35.59299850463867,38.88999938964844,72824900,0.0,0.0
2023-07-13 00:00:00-04:00,35.66999816894531,39.43000030517578,34.599998474121094,37.68000030517578,45335300,0.0,0.0
2023-07-14 00:00:00-04:00,36.88999938964844,41.279998779296875,35.57099914550781,37.70000076293945,29171900,0.0,0.0
2023-07-17 00:00:00-04:00,37.77000045776367,39.900001525878906,36.189998626708984,36.529998779296875,21073700,0.0,0.0
2023-07-18 00:00:00-04:00,36.599998474121094,42.27000045776367,36.31999969482422,39.79999923706055,38800400,0.0,0.0
2023-07-19 00:00:00-04:00,53.9900016784668,56.91999816894531,47.099998474121094,55.79999923706055,119949000,0.0,0.0
2023-07-20 00:00:00-04:00,53.369998931884766,57.189998626708984,45.099998474121094,46.72999954223633,46125500,0.0,0.0
2023-07-21 00:00:00-04:00,47.13999938964844,49.25,43.63999938964844,45.619998931884766,29733800,0.0,0.0
2023-07-24 00:00:00-04:00,45.79999923706055,47.72999954223633,43.0099983215332,46.2400016784668,22073600,0.0,0.0
2023-07-25 00:00:00-04:00,46.349998474121094,48.400001525878906,43.90999984741211,44.11000061035156,20681400,0.0,0.0
2023-07-26 00:00:00-04:00,44.5,45.58000183105469,42.599998474121094,43.75,17293400,0.0,0.0
2023-07-27 00:00:00-04:00,43.650001525878906,44.34000015258789,39.70000076293945,40.459999084472656,16844400,0.0,0.0
2023-07-28 00:00:00-04:00,42.540000915527344,45.599998474121094,40.874000549316406,44.02000045776367,23758500,0.0,0.0
2023-07-31 00:00:00-04:00,42.9900016784668,46.29999923706055,42.529998779296875,45.95000076293945,14925100,0.0,0.0
2023-08-01 00:00:00-04:00,44.65999984741211,49.79999923706055,44.0,49.11000061035156,19301300,0.0,0.0
2023-08-02 00:00:00-04:00,48.150001525878906,51.880001068115234,46.650001525878906,51.849998474121094,26691700,0.0,0.0
2023-08-03 00:00:00-04:00,51.09000015258789,53.310001373291016,49.400001525878906,51.790000915527344,20165400,0.0,0.0
2023-08-04 00:00:00-04:00,52.25,53.11000061035156,45.150001525878906,45.439998626708984,15346900,0.0,0.0
2023-08-07 00:00:00-04:00,46.279998779296875,46.43000030517578,42.599998474121094,44.810001373291016,10607800,0.0,0.0
2023-08-08 00:00:00-04:00,44.060001373291016,44.470001220703125,42.59000015258789,44.0099983215332,7227600,0.0,0.0
2023-08-09 00:00:00-04:00,47.5099983215332,47.970001220703125,41.40999984741211,41.439998626708984,16882700,0.0,0.0
2023-08-10 00:00:00-04:00,41.86000061035156,43.7400016784668,38.38999938964844,39.459999084472656,14142900,0.0,0.0
2023-08-11 00:00:00-04:00,38.529998779296875,42.20000076293945,38.20000076293945,41.099998474121094,12320300,0.0,0.0
2023-08-14 00:00:00-04:00,39.95000076293945,41.68000030517578,38.54999923706055,41.09000015258789,8484300,0.0,0.0
2023-08-15 00:00:00-04:00,40.78499984741211,41.70000076293945,38.70500183105469,39.31999969482422,7085500,0.0,0.0
2023-08-16 00:00:00-04:00,38.91999816894531,39.779998779296875,37.79999923706055,38.060001373291016,6809700,0.0,0.0
2023-08-17 00:00:00-04:00,37.900001525878906,38.39899826049805,36.41999816894531,37.2400016784668,6958100,0.0,0.0
2023-08-18 00:00:00-04:00,36.790000915527344,39.849998474121094,36.599998474121094,39.209999084472656,8853200,0.0,0.0
2023-08-21 00:00:00-04:00,39.41999816894531,40.97999954223633,38.2400016784668,40.34000015258789,7793600,0.0,0.0
2023-08-22 00:00:00-04:00,41.0,41.400001525878906,37.0,38.369998931884766,8388400,0.0,0.0
2023-08-23 00:00:00-04:00,37.7599983215332,41.0,37.529998779296875,40.279998779296875,7047600,0.0,0.0
2023-08-24 00:00:00-04:00,40.470001220703125,40.834999084472656,36.79999923706055,37.7599983215332,7426600,0.0,0.0
2023-08-25 00:00:00-04:00,37.849998474121094,41.599998474121094,37.849998474121094,41.20000076293945,10573500,0.0,0.0
2023-08-28 00:00:00-04:00,41.790000915527344,45.72999954223633,41.29999923706055,45.369998931884766,13120400,0.0,0.0
2023-08-29 00:00:00-04:00,44.470001220703125,47.869998931884766,43.58000183105469,47.400001525878906,10399700,0.0,0.0
2023-08-30 00:00:00-04:00,47.56999969482422,51.06999969482422,46.25,49.709999084472656,12882500,0.0,0.0
2023-08-31 00:00:00-04:00,49.880001068115234,51.439998626708984,48.08000183105469,50.349998474121094,10797100,0.0,0.0
2023-09-01 00:00:00-04:00,50.560001373291016,52.619998931884766,49.680999755859375,50.849998474121094,10606200,0.0,0.0
2023-09-05 00:00:00-04:00,49.84000015258789,51.064998626708984,48.470001220703125,49.84000015258789,8819500,0.0,0.0
2023-09-06 00:00:00-04:00,49.47999954223633,51.68000030517578,48.880001068115234,50.5099983215332,7281400,0.0,0.0
2023-09-07 00:00:00-04:00,49.279998779296875,49.279998779296875,47.02000045776367,47.630001068115234,6160700,0.0,0.0
2023-09-08 00:00:00-04:00,47.47999954223633,48.13999938964844,46.02000045776367,46.959999084472656,5945600,0.0,0.0
2023-09-11 00:00:00-04:00,47.33000183105469,51.689998626708984,46.88999938964844,50.810001373291016,9788600,0.0,0.0
2023-09-12 00:00:00-04:00,49.95000076293945,53.77000045776367,49.404998779296875,50.79999923706055,12242800,0.0,0.0
2023-09-13 00:00:00-04:00,50.09000015258789,51.12900161743164,48.33000183105469,49.22999954223633,7451200,0.0,0.0
2023-09-14 00:00:00-04:00,49.470001220703125,56.79999923706055,49.439998626708984,55.86000061035156,24359000,0.0,0.0
2023-09-15 00:00:00-04:00,55.560001373291016,56.400001525878906,51.119998931884766,52.20000076293945,18058700,0.0,0.0
2023-09-18 00:00:00-04:00,52.65999984741211,55.13999938964844,50.70000076293945,51.95000076293945,12129500,0.0,0.0
2023-09-19 00:00:00-04:00,52.279998779296875,53.06999969482422,46.0099983215332,47.5,13385800,0.0,0.0
2023-09-20 00:00:00-04:00,47.880001068115234,49.13999938964844,43.619998931884766,43.709999084472656,9398500,0.0,0.0
2023-09-21 00:00:00-04:00,43.875,44.5,41.900001525878906,42.900001525878906,7293400,0.0,0.0
2023-09-22 00:00:00-04:00,43.8849983215332,45.369998931884766,41.970001220703125,41.9900016784668,7872900,0.0,0.0
2023-09-25 00:00:00-04:00,41.279998779296875,42.650001525878906,39.779998779296875,40.25,7134000,0.0,0.0
2023-09-26 00:00:00-04:00,39.29999923706055,40.79999923706055,38.72999954223633,39.529998779296875,6880400,0.0,0.0
2023-09-27 00:00:00-04:00,40.32500076293945,41.779998779296875,39.88999938964844,40.83000183105469,7217700,0.0,0.0
2023-09-28 00:00:00-04:00,38.314998626708984,41.72100067138672,38.2599983215332,41.2400016784668,7386500,0.0,0.0
2023-09-29 00:00:00-04:00,42.4900016784668,42.84000015258789,40.939998626708984,41.97999954223633,7894200,0.0,0.0
2023-10-02 00:00:00-04:00,41.5,42.40999984741211,38.31999969482422,39.25,7321500,0.0,0.0
2023-10-03 00:00:00-04:00,38.70000076293945,39.41999816894531,36.66999816894531,38.209999084472656,7310500,0.0,0.0
2023-10-04 00:00:00-04:00,38.47999954223633,38.939998626708984,37.06999969482422,37.630001068115234,5479800,0.0,0.0
2023-10-05 00:00:00-04:00,37.470001220703125,37.84000015258789,34.709999084472656,35.7400016784668,8289300,0.0,0.0
2023-10-06 00:00:00-04:00,34.869998931884766,38.27799987792969,34.54100036621094,37.650001525878906,7007900,0.0,0.0
2023-10-09 00:00:00-04:00,36.7599983215332,39.220001220703125,36.27000045776367,38.869998931884766,5800100,0.0,0.0
2023-10-10 00:00:00-04:00,39.209999084472656,41.0099983215332,38.25,39.040000915527344,8039200,0.0,0.0
2023-10-11 00:00:00-04:00,39.459999084472656,39.981998443603516,36.91999816894531,37.869998931884766,6097200,0.0,0.0
2023-10-12 00:00:00-04:00,36.22999954223633,36.54199981689453,32.91999816894531,33.869998931884766,11594000,0.0,0.0
2023-10-13 00:00:00-04:00,34.0099983215332,35.06999969482422,33.220001220703125,33.869998931884766,5997400,0.0,0.0
2023-10-16 00:00:00-04:00,34.119998931884766,35.165000915527344,32.689998626708984,34.61000061035156,4885300,0.0,0.0
2023-10-17 00:00:00-04:00,33.9900016784668,35.54999923706055,33.75,34.4900016784668,4922100,0.0,0.0
2023-10-18 00:00:00-04:00,33.77000045776367,34.209999084472656,31.68000030517578,32.459999084472656,5318700,0.0,0.0
2023-10-19 00:00:00-04:00,32.4900016784668,33.185001373291016,31.31999969482422,31.59000015258789,5211300,0.0,0.0
2023-10-20 00:00:00-04:00,31.450000762939453,32.09000015258789,30.780000686645508,31.06999969482422,5178200,0.0,0.0
2023-10-23 00:00:00-04:00,30.5,32.64699935913086,29.899999618530273,31.75,5117400,0.0,0.0
2023-10-24 00:00:00-04:00,31.989999771118164,33.380001068115234,31.350000381469727,31.68000030517578,5498300,0.0,0.0
2023-10-25 00:00:00-04:00,31.270000457763672,31.31999969482422,29.020000457763672,29.469999313354492,5648200,0.0,0.0
2023-10-26 00:00:00-04:00,29.399999618530273,30.399999618530273,28.610000610351562,29.100000381469727,5904400,0.0,0.0
2023-10-27 00:00:00-04:00,29.6299991607666,29.825000762939453,27.8700008392334,28.579999923706055,6301000,0.0,0.0
2023-10-30 00:00:00-04:00,28.969999313354492,29.010000228881836,27.420000076293945,27.520000457763672,5084500,0.0,0.0
2023-10-31 00:00:00-04:00,27.799999237060547,27.829999923706055,26.90999984741211,27.0,4757300,0.0,0.0
2023-11-01 00:00:00-04:00,26.510000228881836,26.540000915527344,25.09000015258789,25.989999771118164,9312700,0.0,0.0
2023-11-02 00:00:00-04:00,28.329999923706055,30.579999923706055,28.110000610351562,29.920000076293945,13893200,0.0,0.0
2023-11-03 00:00:00-04:00,28.700000762939453,35.0,28.290000915527344,32.279998779296875,20079600,0.0,0.0
2023-11-06 00:00:00-05:00,32.9900016784668,33.650001525878906,31.040000915527344,33.22999954223633,9537100,0.0,0.0
2023-11-07 00:00:00-05:00,33.029998779296875,34.47999954223633,31.450000762939453,34.16999816894531,8786500,0.0,0.0
2023-11-08 00:00:00-05:00,34.0,34.869998931884766,33.01100158691406,33.9900016784668,8093900,0.0,0.0
2023-11-09 00:00:00-05:00,34.400001525878906,34.540000915527344,29.889999389648438,30.440000534057617,8497800,0.0,0.0
2023-11-10 00:00:00-05:00,30.700000762939453,30.719999313354492,28.062000274658203,29.190000534057617,6685900,0.0,0.0
2023-11-13 00:00:00-05:00,28.889999389648438,29.64900016784668,27.75,28.639999389648438,5153900,0.0,0.0
2023-11-14 00:00:00-05:00,31.3799991607666,34.040000915527344,30.81999969482422,33.209999084472656,13762900,0.0,0.0
2023-11-15 00:00:00-05:00,33.599998474121094,36.470001220703125,33.02000045776367,34.15999984741211,12827400,0.0,0.0
2023-11-16 00:00:00-05:00,33.31999969482422,33.689998626708984,31.020000457763672,32.36000061035156,11617000,0.0,0.0
2023-11-17 00:00:00-05:00,31.979999542236328,32.790000915527344,31.059999465942383,32.029998779296875,6077800,0.0,0.0
2023-11-20 00:00:00-05:00,32.29999923706055,33.70000076293945,31.950000762939453,33.119998931884766,6292500,0.0,0.0
2023-11-21 00:00:00-05:00,32.11000061035156,32.98899841308594,30.600000381469727,31.18000030517578,6410500,0.0,0.0
2023-11-22 00:00:00-05:00,31.639999389648438,32.0,30.940000534057617,31.350000381469727,4263600,0.0,0.0
2023-11-24 00:00:00-05:00,31.219999313354492,31.739999771118164,30.43000030517578,31.40999984741211,2032900,0.0,0.0
2023-11-27 00:00:00-05:00,31.190000534057617,31.917999267578125,30.309999465942383,30.93000030517578,4891300,0.0,0.0
2023-11-28 00:00:00-05:00,30.739999771118164,31.780000686645508,29.90999984741211,31.6200008392334,5384000,0.0,0.0
2023-11-29 00:00:00-05:00,32.66999816894531,35.720001220703125,31.959999084472656,32.0099983215332,9913800,0.0,0.0
2023-11-30 00:00:00-05:00,32.52000045776367,32.54999923706055,30.920000076293945,31.31999969482422,5749800,0.0,0.0
2023-12-01 00:00:00-05:00,31.020000457763672,35.97999954223633,29.84000015258789,35.20000076293945,12059800,0.0,0.0
2023-12-04 00:00:00-05:00,38.36000061035156,42.119998931884766,37.52000045776367,40.06999969482422,22337500,0.0,0.0
2023-12-05 00:00:00-05:00,38.7599983215332,40.38999938964844,37.34000015258789,38.7599983215332,9545300,0.0,0.0
2023-12-06 00:00:00-05:00,39.65999984741211,40.44900131225586,36.70000076293945,37.380001068115234,8046500,0.0,0.0
2023-12-07 00:00:00-05:00,37.189998626708984,38.65999984741211,36.529998779296875,37.900001525878906,5669000,0.0,0.0
2023-12-08 00:00:00-05:00,37.880001068115234,41.34000015258789,37.66999816894531,40.2599983215332,13273100,0.0,0.0
2023-12-11 00:00:00-05:00,39.939998626708984,40.97999954223633,38.611000061035156,39.83000183105469,7254200,0.0,0.0
2023-12-12 00:00:00-05:00,40.439998626708984,41.959999084472656,37.470001220703125,39.5,10358800,0.0,0.0
2023-12-13 00:00:00-05:00,39.599998474121094,45.45000076293945,38.40999984741211,45.06999969482422,13409900,0.0,0.0
2023-12-14 00:00:00-05:00,45.61000061035156,54.349998474121094,45.61000061035156,50.619998931884766,23785300,0.0,0.0
2023-12-15 00:00:00-05:00,50.9900016784668,52.68000030517578,49.56100082397461,51.400001525878906,12093500,0.0,0.0
2023-12-18 00:00:00-05:00,51.0,55.869998931884766,49.900001525878906,55.68000030517578,13679900,0.0,0.0
2023-12-19 00:00:00-05:00,58.16999816894531,61.61000061035156,57.51100158691406,59.79999923706055,18958900,0.0,0.0
2023-12-20 00:00:00-05:00,59.11000061035156,62.59000015258789,55.41999816894531,55.45000076293945,17349300,0.0,0.0
2023-12-21 00:00:00-05:00,58.650001525878906,59.630001068115234,55.7599983215332,58.209999084472656,10835000,0.0,0.0
2023-12-22 00:00:00-05:00,59.119998931884766,60.49399948120117,54.72999954223633,54.7400016784668,12756800,0.0,0.0
2023-12-26 00:00:00-05:00,55.63999938964844,55.900001525878906,52.119998931884766,53.560001373291016,10228300,0.0,0.0
2023-12-27 00:00:00-05:00,54.20000076293945,55.7400016784668,52.150001525878906,54.38999938964844,8053400,0.0,0.0
2023-12-28 00:00:00-05:00,53.529998779296875,56.599998474121094,53.25,54.90999984741211,7229300,0.0,0.0
2023-12-29 00:00:00-05:00,54.65999984741211,55.459999084472656,52.439998626708984,52.939998626708984,5932200,0.0,0.0
2024-01-02 00:00:00-05:00,51.61000061035156,51.61899948120117,48.11000061035156,48.869998931884766,7625400,0.0,0.0
2024-01-03 00:00:00-05:00,46.5,47.97700119018555,45.599998474121094,46.689998626708984,6605000,0.0,0.0
2024-01-04 00:00:00-05:00,46.20000076293945,47.470001220703125,45.22999954223633,46.59000015258789,5285900,0.0,0.0
2024-01-05 00:00:00-05:00,45.16999816894531,48.369998931884766,44.5,46.869998931884766,5447800,0.0,0.0
2024-01-08 00:00:00-05:00,46.7400016784668,49.029998779296875,46.310001373291016,48.33000183105469,4673100,0.0,0.0
2024-01-09 00:00:00-05:00,47.0099983215332,48.7400016784668,46.349998474121094,47.15999984741211,4589700,0.0,0.0
2024-01-10 00:00:00-05:00,46.72999954223633,47.279998779296875,44.63999938964844,46.7400016784668,5443900,0.0,0.0
2024-01-11 00:00:00-05:00,45.75,46.70000076293945,43.290000915527344,46.040000915527344,6109800,0.0,0.0
2024-01-12 00:00:00-05:00,45.65999984741211,46.72999954223633,42.709999084472656,42.779998779296875,5220400,0.0,0.0
2024-01-16 00:00:00-05:00,41.650001525878906,43.20000076293945,41.209999084472656,42.290000915527344,4411500,0.0,0.0
2024-01-17 00:00:00-05:00,40.75,42.310001373291016,40.70000076293945,42.209999084472656,3834100,0.0,0.0
2024-01-18 00:00:00-05:00,43.0,43.16999816894531,41.619998931884766,42.84000015258789,4603500,0.0,0.0
2024-01-19 00:00:00-05:00,43.099998474121094,45.43000030517578,41.90999984741211,44.91999816894531,6983300,0.0,0.0
2024-01-22 00:00:00-05:00,46.310001373291016,50.20000076293945,46.29999923706055,48.349998474121094,9056900,0.0,0.0
2024-01-23 00:00:00-05:00,49.11000061035156,49.220001220703125,45.16999816894531,45.540000915527344,6064100,0.0,0.0
2024-01-24 00:00:00-05:00,47.060001373291016,47.15999984741211,42.02000045776367,42.029998779296875,4715700,0.0,0.0
2024-01-25 00:00:00-05:00,42.61000061035156,43.20000076293945,40.849998474121094,41.0,5052100,0.0,0.0
2024-01-26 00:00:00-05:00,41.720001220703125,42.77000045776367,40.62099838256836,41.79999923706055,4432100,0.0,0.0
2024-01-29 00:00:00-05:00,41.900001525878906,45.05699920654297,41.301998138427734,44.91999816894531,5619100,0.0,0.0
2024-01-30 00:00:00-05:00,44.25,45.5,43.75,44.13999938964844,3483800,0.0,0.0
2024-01-31 00:00:00-05:00,43.494998931884766,46.689998626708984,42.7599983215332,43.060001373291016,5891500,0.0,0.0
2024-02-01 00:00:00-05:00,43.47999954223633,44.15999984741211,40.20899963378906,42.529998779296875,5970200,0.0,0.0
2024-02-02 00:00:00-05:00,40.90999984741211,44.439998626708984,40.439998626708984,43.45000076293945,4778500,0.0,0.0
2024-02-05 00:00:00-05:00,42.15999984741211,43.99399948120117,41.75,43.79999923706055,4466600,0.0,0.0
2024-02-06 00:00:00-05:00,44.459999084472656,48.2599983215332,43.869998931884766,48.189998626708984,9973500,0.0,0.0
2024-02-07 00:00:00-05:00,48.709999084472656,48.93000030517578,46.380001068115234,48.09000015258789,6337500,0.0,0.0
2024-02-08 00:00:00-05:00,48.31999969482422,52.560001373291016,47.540000915527344,52.38999938964844,8154100,0.0,0.0
2024-02-09 00:00:00-05:00,53.099998474121094,53.84000015258789,50.529998779296875,53.130001068115234,6847300,0.0,0.0
2024-02-12 00:00:00-05:00,53.68000030517578,57.58000183105469,53.5,55.279998779296875,6184400,0.0,0.0
2024-02-13 00:00:00-05:00,51.689998626708984,53.400001525878906,50.150001525878906,51.970001220703125,6424200,0.0,0.0
2024-02-14 00:00:00-05:00,53.189998626708984,54.779998779296875,52.709999084472656,54.15999984741211,6321500,0.0,0.0
2024-02-15 00:00:00-05:00,54.41999816894531,57.88999938964844,53.47999954223633,57.619998931884766,8060500,0.0,0.0
2024-02-16 00:00:00-05:00,55.16999816894531,55.487998962402344,51.939998626708984,52.47999954223633,7497300,0.0,0.0
2024-02-20 00:00:00-05:00,51.0,52.27000045776367,49.099998474121094,51.810001373291016,5741400,0.0,0.0
2024-02-21 00:00:00-05:00,50.790000915527344,52.04499816894531,48.150001525878906,49.400001525878906,6138200,0.0,0.0
2024-02-22 00:00:00-05:00,49.7400016784668,53.33000183105469,49.380001068115234,52.40999984741211,12148400,0.0,0.0
2024-02-23 00:00:00-05:00,67.83499908447266,76.33000183105469,66.44999694824219,69.2300033569336,39061200,0.0,0.0
2024-02-26 00:00:00-05:00,66.97000122070312,75.75,66.97000122070312,69.87999725341797,14796600,0.0,0.0
2024-02-27 00:00:00-05:00,72.0250015258789,83.37000274658203,72.0250015258789,80.41999816894531,22997400,0.0,0.0
2024-02-28 00:00:00-05:00,78.69999694824219,82.20099639892578,74.83000183105469,75.47000122070312,8229600,0.0,0.0
2024-02-29 00:00:00-05:00,78.20999908447266,79.4000015258789,74.54000091552734,75.93000030517578,5805500,0.0,0.0
2024-03-01 00:00:00-05:00,76.64700317382812,83.78299713134766,75.41000366210938,82.95999908447266,8335200,0.0,0.0
2024-03-04 00:00:00-05:00,80.94499969482422,84.58999633789062,80.16999816894531,81.54000091552734,5465000,0.0,0.0
2024-03-05 00:00:00-05:00,80.61000061035156,81.26000213623047,75.80000305175781,77.33000183105469,4920800,0.0,0.0
2024-03-06 00:00:00-05:00,79.1500015258789,81.06999969482422,77.5,77.80999755859375,4406500,0.0,0.0
2024-03-07 00:00:00-05:00,78.30500030517578,81.47100067138672,76.66000366210938,79.47000122070312,5516400,0.0,0.0
2024-03-08 00:00:00-05:00,86.1500015258789,90.4800033569336,82.5,85.30000305175781,11700700,0.0,0.0
2024-03-11 00:00:00-04:00,84.28500366210938,84.63999938964844,77.97000122070312,78.0999984741211,4977100,0.0,0.0
2024-03-12 00:00:00-04:00,80.47000122070312,80.95999908447266,75.33999633789062,76.27999877929688,4942000,0.0,0.0
2024-03-13 00:00:00-04:00,76.38999938964844,80.7300033569336,76.38999938964844,79.66999816894531,3074300,0.0,0.0
2024-03-14 00:00:00-04:00,78.55000305175781,79.70999908447266,75.55999755859375,76.68000030517578,3557900,0.0,0.0
2024-03-15 00:00:00-04:00,75.91000366210938,82.2699966430664,74.41999816894531,79.58000183105469,7894000,0.0,0.0
2024-03-18 00:00:00-04:00,80.13999938964844,83.05999755859375,78.63999938964844,80.79000091552734,3805500,0.0,0.0
2024-03-19 00:00:00-04:00,78.58499908447266,80.5999984741211,76.12000274658203,78.87999725341797,4615100,0.0,0.0
2024-03-20 00:00:00-04:00,80.20999908447266,86.44999694824219,79.5199966430664,86.41999816894531,6698500,0.0,0.0
2024-03-21 00:00:00-04:00,86.05999755859375,89.95999908447266,85.76499938964844,87.70999908447266,4603200,0.0,0.0
2024-03-22 00:00:00-04:00,87.0199966430664,87.70999908447266,84.4000015258789,85.94000244140625,2965100,0.0,0.0
2024-03-25 00:00:00-04:00,86.88999938964844,91.5979995727539,86.88999938964844,88.41000366210938,3896200,0.0,0.0
2024-03-26 00:00:00-04:00,90.70999908447266,94.04000091552734,88.95999908447266,90.80999755859375,5038200,0.0,0.0
2024-03-27 00:00:00-04:00,91.6500015258789,93.0999984741211,88.55000305175781,90.30999755859375,3849000,0.0,0.0
2024-03-28 00:00:00-04:00,90.45999908447266,92.01000213623047,85.78700256347656,87.91000366210938,4019300,0.0,0.0
2024-04-01 00:00:00-04:00,87.58000183105469,87.81999969482422,85.05000305175781,86.79000091552734,2210000,0.0,0.0
2024-04-02 00:00:00-04:00,84.31999969482422,85.16000366210938,81.43000030517578,82.87000274658203,3088700,0.0,0.0
2024-04-03 00:00:00-04:00,81.55999755859375,84.30999755859375,80.81500244140625,82.4000015258789,2133300,0.0,0.0
2024-04-04 00:00:00-04:00,84.0,86.56999969482422,82.0,82.44000244140625,3733400,0.0,0.0
2024-04-05 00:00:00-04:00,81.31999969482422,84.5999984741211,80.91000366210938,83.83999633789062,2173200,0.0,0.0
2024-04-08 00:00:00-04:00,85.72000122070312,86.86000061035156,82.63999938964844,82.66999816894531,2049600,0.0,0.0
2024-04-09 00:00:00-04:00,83.83999633789062,84.55000305175781,80.4800033569336,83.68000030517578,2622900,0.0,0.0
2024-04-10 00:00:00-04:00,80.05000305175781,83.27999877929688,78.6500015258789,80.5199966430664,3588300,0.0,0.0
2024-04-11 00:00:00-04:00,79.91000366210938,81.4800033569336,76.91999816894531,80.44000244140625,4827300,0.0,0.0
2024-04-12 00:00:00-04:00,78.6500015258789,79.08999633789062,74.26000213623047,74.98999786376953,4133900,0.0,0.0
2024-04-15 00:00:00-04:00,74.72000122070312,75.19999694824219,69.12000274658203,69.83000183105469,5893100,0.0,0.0
2024-04-16 00:00:00-04:00,68.91999816894531,71.33899688720703,68.36900329589844,70.63999938964844,4602800,0.0,0.0
2024-04-17 00:00:00-04:00,72.19999694824219,73.38999938964844,67.94999694824219,69.16000366210938,3542900,0.0,0.0
2024-04-18 00:00:00-04:00,71.75,73.25,69.25,71.1500015258789,4732300,0.0,0.0
2024-04-19 00:00:00-04:00,69.58000183105469,72.06999969482422,69.47000122070312,71.36000061035156,3357200,0.0,0.0
2024-04-22 00:00:00-04:00,72.4000015258789,72.98999786376953,67.61000061035156,71.44000244140625,4105300,0.0,0.0
2024-04-23 00:00:00-04:00,72.79000091552734,77.52999877929688,72.05999755859375,75.62000274658203,4327000,0.0,0.0
2024-04-24 00:00:00-04:00,76.0,77.9800033569336,74.87999725341797,75.3499984741211,2869900,0.0,0.0
2024-04-25 00:00:00-04:00,71.5,77.52999877929688,71.38999938964844,77.5,3304600,0.0,0.0
2024-04-26 00:00:00-04:00,77.94999694824219,84.51000213623047,77.0,84.30999755859375,4904600,0.0,0.0
2024-04-29 00:00:00-04:00,85.76000213623047,88.4800033569336,83.3499984741211,83.76000213623047,4840900,0.0,0.0
2024-04-30 00:00:00-04:00,82.0,83.62999725341797,80.06999969482422,82.91999816894531,3920400,0.0,0.0
2024-05-01 00:00:00-04:00,82.58000183105469,91.12000274658203,82.0,87.08999633789062,13661600,0.0,0.0
2024-05-02 00:00:00-04:00,119.94999694824219,122.30000305175781,111.44999694824219,116.5,24220800,0.0,0.0
2024-05-03 00:00:00-04:00,119.19999694824219,124.19999694824219,115.79000091552734,121.66999816894531,8528400,0.0,0.0
2024-05-06 00:00:00-04:00,124.30000305175781,129.0,122.63999938964844,122.97000122070312,7062200,0.0,0.0
2024-05-07 00:00:00-04:00,122.5999984741211,124.2699966430664,116.4000015258789,116.66000366210938,5116800,0.0,0.0
2024-05-08 00:00:00-04:00,114.91000366210938,116.4000015258789,112.62000274658203,114.41999816894531,3655500,0.0,0.0
2024-05-09 00:00:00-04:00,115.25,121.22000122070312,112.69999694824219,120.41000366210938,3317600,0.0,0.0
2024-05-10 00:00:00-04:00,119.80000305175781,120.05999755859375,115.26200103759766,117.0,3012100,0.0,0.0
2024-05-13 00:00:00-04:00,119.5999984741211,122.93000030517578,116.63899993896484,116.9000015258789,4543100,0.0,0.0
2024-05-14 00:00:00-04:00,121.54000091552734,124.62000274658203,118.37000274658203,120.94999694824219,4131800,0.0,0.0
2024-05-15 00:00:00-04:00,123.12000274658203,123.51000213623047,117.73500061035156,121.06999969482422,3780100,0.0,0.0
2024-05-16 00:00:00-04:00,120.36000061035156,123.44000244140625,117.29000091552734,117.93000030517578,3535900,0.0,0.0
2024-05-17 00:00:00-04:00,117.83000183105469,118.93199920654297,115.4800033569336,117.5,2737300,0.0,0.0
2024-05-20 00:00:00-04:00,116.4000015258789,120.91999816894531,114.87999725341797,117.5,2547900,0.0,0.0
2024-05-21 00:00:00-04:00,116.66999816894531,117.70999908447266,113.68000030517578,115.02999877929688,2195300,0.0,0.0
2024-05-22 00:00:00-04:00,115.9800033569336,118.43000030517578,114.4229965209961,115.72000122070312,2441300,0.0,0.0
2024-05-23 00:00:00-04:00,116.0,116.6500015258789,108.66000366210938,109.91000366210938,3252400,0.0,0.0
2024-05-24 00:00:00-04:00,111.91000366210938,112.79000091552734,108.56999969482422,109.1500015258789,2446500,0.0,0.0
2024-05-28 00:00:00-04:00,110.75,111.01000213623047,103.30999755859375,104.58999633789062,3399900,0.0,0.0
2024-05-29 00:00:00-04:00,103.0,107.2699966430664,101.54000091552734,105.05000305175781,2762600,0.0,0.0
2024-05-30 00:00:00-04:00,105.48999786376953,107.66500091552734,101.68000030517578,102.38999938964844,3168400,0.0,0.0
2024-05-31 00:00:00-04:00,103.04000091552734,103.30000305175781,98.07499694824219,99.9800033569336,3733700,0.0,0.0
2024-06-03 00:00:00-04:00,103.27999877929688,104.0,97.5510025024414,98.95999908447266,2398100,0.0,0.0
2024-06-04 00:00:00-04:00,98.80000305175781,101.48999786376953,97.91999816894531,101.0999984741211,3115500,0.0,0.0
2024-06-05 00:00:00-04:00,101.5,105.19000244140625,100.5999984741211,103.04000091552734,3482700,0.0,0.0
2024-06-06 00:00:00-04:00,107.7300033569336,109.88999938964844,103.2699966430664,104.66999816894531,4948000,0.0,0.0
2024-06-07 00:00:00-04:00,103.19999694824219,110.94000244140625,102.61000061035156,106.55999755859375,5491300,0.0,0.0
2024-06-10 00:00:00-04:00,106.55000305175781,110.66000366210938,105.55999755859375,108.05000305175781,4357800,0.0,0.0
2024-06-11 00:00:00-04:00,105.86000061035156,106.56999969482422,101.13999938964844,104.12000274658203,3571500,0.0,0.0
2024-06-12 00:00:00-04:00,107.98999786376953,115.0,107.01000213623047,111.06999969482422,7976400,0.0,0.0
2024-06-13 00:00:00-04:00,111.01000213623047,111.01000213623047,105.2699966430664,106.73999786376953,4370900,0.0,0.0
2024-06-14 00:00:00-04:00,105.55000305175781,105.55000305175781,101.27899932861328,103.05999755859375,2772500,0.0,0.0
2024-06-17 00:00:00-04:00,101.91000366210938,109.75,100.05000305175781,108.94000244140625,3423900,0.0,0.0
2024-06-18 00:00:00-04:00,107.80000305175781,111.75,107.55000305175781,110.77999877929688,2709700,0.0,0.0
2024-06-20 00:00:00-04:00,109.98999786376953,113.43000030517578,106.31999969482422,109.8499984741211,3087400,0.0,0.0
2024-06-21 00:00:00-04:00,109.8499984741211,112.98999786376953,107.75,112.98999786376953,4408200,0.0,0.0
2024-06-24 00:00:00-04:00,113.08999633789062,120.83999633789062,111.55000305175781,119.5,4452500,0.0,0.0
2024-06-25 00:00:00-04:00,118.44999694824219,129.41000366210938,116.8499984741211,128.5800018310547,6414400,0.0,0.0
2024-06-26 00:00:00-04:00,126.55000305175781,131.41000366210938,124.12000274658203,126.5999984741211,5121100,0.0,0.0
2024-06-27 00:00:00-04:00,126.9749984741211,134.67999267578125,124.18000030517578,132.8800048828125,5690500,0.0,0.0
2024-06-28 00:00:00-04:00,133.4250030517578,136.9199981689453,124.11000061035156,128.72000122070312,19539400,0.0,0.0
2024-07-01 00:00:00-04:00,128.99000549316406,129.49000549316406,121.01000213623047,124.3499984741211,4317700,0.0,0.0
2024-07-02 00:00:00-04:00,125.0,128.36000061035156,121.47000122070312,127.52999877929688,3195600,0.0,0.0
2024-07-03 00:00:00-04:00,127.0999984741211,129.0800018310547,125.5999984741211,127.83999633789062,1567500,0.0,0.0
2024-07-05 00:00:00-04:00,126.94999694824219,128.46499633789062,124.0199966430664,128.0500030517578,2494300,0.0,0.0
2024-07-08 00:00:00-04:00,129.05999755859375,129.99000549316406,120.05000305175781,122.31999969482422,3725800,0.0,0.0
2024-07-09 00:00:00-04:00,122.30000305175781,125.87000274658203,120.75900268554688,125.69999694824219,2803100,0.0,0.0
2024-07-10 00:00:00-04:00,131.5,136.5500030517578,126.61000061035156,130.97000122070312,7472100,0.0,0.0
2024-07-11 00:00:00-04:00,133.2050018310547,136.07000732421875,127.69999694824219,129.92999267578125,3444000,0.0,0.0
2024-07-12 00:00:00-04:00,131.22999572753906,140.91000366210938,130.32000732421875,136.24000549316406,6886900,0.0,0.0
2024-07-15 00:00:00-04:00,137.22000122070312,144.2899932861328,136.75,142.08999633789062,4480700,0.0,0.0
2024-07-16 00:00:00-04:00,142.89999389648438,147.25,140.6820068359375,145.02999877929688,4346700,0.0,0.0
2024-07-17 00:00:00-04:00,139.4250030517578,142.8800048828125,132.1199951171875,133.75,5102000,0.0,0.0
2024-07-18 00:00:00-04:00,135.2899932861328,137.41000366210938,128.2100067138672,129.17999267578125,3768600,0.0,0.0
2024-07-19 00:00:00-04:00,129.6999969482422,136.12600708007812,128.7899932861328,130.05999755859375,5631200,0.0,0.0
2024-07-22 00:00:00-04:00,133.4199981689453,135.25999450683594,127.20500183105469,128.88999938964844,3395600,0.0,0.0
2024-07-23 00:00:00-04:00,127.09500122070312,130.60000610351562,124.11000061035156,129.11000061035156,2593400,0.0,0.0
2024-07-24 00:00:00-04:00,125.77999877929688,128.10000610351562,122.87000274658203,123.41999816894531,2591700,0.0,0.0
2024-07-25 00:00:00-04:00,123.70999908447266,131.8800048828125,122.13999938964844,124.0999984741211,3450100,0.0,0.0
2024-07-26 00:00:00-04:00,127.5,136.4499969482422,127.5,132.85000610351562,4201700,0.0,0.0
2024-07-29 00:00:00-04:00,133.9199981689453,136.22799682617188,124.75,127.61000061035156,4579100,0.0,0.0
2024-07-30 00:00:00-04:00,128.0,133.6300048828125,123.04000091552734,126.77999877929688,4240600,0.0,0.0
2024-07-31 00:00:00-04:00,131.39999389648438,137.9199981689453,128.8000030517578,133.22999572753906,8227000,0.0,0.0
2024-08-01 00:00:00-04:00,147.33999633789062,154.0,138.77699279785156,146.52000427246094,14478000,0.0,0.0
2024-08-02 00:00:00-04:00,139.80999755859375,142.85000610351562,134.6300048828125,137.1999969482422,5965800,0.0,0.0
2024-08-05 00:00:00-04:00,119.25,138.5500030517578,118.5,135.33999633789062,6137900,0.0,0.0
2024-08-06 00:00:00-04:00,138.00999450683594,141.02000427246094,131.72000122070312,138.9499969482422,3706200,0.0,0.0
2024-08-07 00:00:00-04:00,140.58999633789062,140.58999633789062,127.86000061035156,128.63999938964844,4088600,0.0,0.0
2024-08-08 00:00:00-04:00,130.47999572753906,134.88499450683594,129.0,133.41000366210938,3313300,0.0,0.0
2024-08-09 00:00:00-04:00,133.89999389648438,138.14999389648438,130.85000610351562,135.9199981689453,2473100,0.0,0.0
2024-08-12 00:00:00-04:00,136.0500030517578,136.66000366210938,132.35000610351562,133.47999572753906,2063700,0.0,0.0
2024-08-13 00:00:00-04:00,135.92999267578125,146.49000549316406,135.5050048828125,146.49000549316406,5010300,0.0,0.0
2024-08-14 00:00:00-04:00,144.52000427246094,147.30999755859375,141.6699981689453,142.0,3259600,0.0,0.0
2024-08-15 00:00:00-04:00,146.38499450683594,152.8699951171875,142.6300048828125,151.55999755859375,4139300,0.0,0.0
2024-08-16 00:00:00-04:00,149.36000061035156,156.17999267578125,148.69000244140625,155.92999267578125,3717700,0.0,0.0
2024-08-19 00:00:00-04:00,155.9499969482422,156.4669952392578,152.24000549316406,155.75,2313200,0.0,0.0
2024-08-20 00:00:00-04:00,156.41000366210938,156.8000030517578,151.1300048828125,154.17999267578125,1843700,0.0,0.0
2024-08-21 00:00:00-04:00,154.97000122070312,157.6179962158203,154.0500030517578,156.77000427246094,1948200,0.0,0.0
2024-08-22 00:00:00-04:00,155.5800018310547,159.1699981689453,151.97000122070312,153.02000427246094,2899800,0.0,0.0
2024-08-23 00:00:00-04:00,154.5399932861328,159.85000610351562,151.52000427246094,159.77999877929688,3156600,0.0,0.0
2024-08-26 00:00:00-04:00,158.42999267578125,158.5,154.5,157.99000549316406,2265200,0.0,0.0
2024-08-27 00:00:00-04:00,156.64999389648438,159.58999633789062,154.35000610351562,158.74000549316406,1705700,0.0,0.0
2024-08-28 00:00:00-04:00,157.72000122070312,158.9499969482422,152.83999633789062,154.30999755859375,2017800,0.0,0.0
2024-08-29 00:00:00-04:00,156.0,156.71200561523438,149.00100708007812,150.0800018310547,2114500,0.0,0.0
2024-08-30 00:00:00-04:00,152.3000030517578,152.3300018310547,146.86500549316406,150.6199951171875,2325900,0.0,0.0
2024-09-03 00:00:00-04:00,148.8000030517578,149.85000610351562,142.8699951171875,144.52000427246094,2424000,0.0,0.0
2024-09-04 00:00:00-04:00,145.0,147.9510040283203,142.6999969482422,144.74000549316406,1710300,0.0,0.0
2024-09-05 00:00:00-04:00,144.17999267578125,145.25,139.13999938964844,141.13999938964844,2157700,0.0,0.0
2024-09-06 00:00:00-04:00,141.5,142.91400146484375,132.1199951171875,133.41000366210938,2692100,0.0,0.0
2024-09-09 00:00:00-04:00,137.33999633789062,138.39999389648438,133.8000030517578,135.47999572753906,2699300,0.0,0.0
2024-09-10 00:00:00-04:00,134.97000122070312,135.38999938964844,124.38999938964844,130.72000122070312,4858900,0.0,0.0
2024-09-11 00:00:00-04:00,129.4199981689453,133.88999938964844,126.58999633789062,133.5399932861328,3025000,0.0,0.0
2024-09-12 00:00:00-04:00,137.1199951171875,141.52999877929688,133.57000732421875,140.52000427246094,3443700,0.0,0.0
2024-09-13 00:00:00-04:00,141.7899932861328,144.44000244140625,140.22999572753906,141.89999389648438,1789800,0.0,0.0
2024-09-16 00:00:00-04:00,143.14999389648438,153.55999755859375,143.02999877929688,152.89999389648438,5656000,0.0,0.0
2024-09-17 00:00:00-04:00,154.97000122070312,158.3000030517578,151.60000610351562,156.5800018310547,3189900,0.0,0.0
2024-09-18 00:00:00-04:00,157.35000610351562,167.75,157.26499938964844,161.6300048828125,6371300,0.0,0.0
2024-09-19 00:00:00-04:00,167.25,171.66700744628906,165.11000061035156,170.74000549316406,5173500,0.0,0.0
2024-09-20 00:00:00-04:00,169.61000061035156,176.3300018310547,167.8000030517578,173.85000610351562,5397600,0.0,0.0
2024-09-23 00:00:00-04:00,170.5,176.1999969482422,167.1199951171875,175.14999389648438,4060600,0.0,0.0
2024-09-24 00:00:00-04:00,172.88999938964844,173.8699951171875,169.08999633789062,172.6999969482422,3443300,0.0,0.0
2024-09-25 00:00:00-04:00,171.75999450683594,173.4499969482422,168.72000122070312,169.64999389648438,2353500,0.0,0.0
2024-09-26 00:00:00-04:00,169.32000732421875,171.3699951171875,165.9149932861328,171.2100067138672,2740900,0.0,0.0
2024-09-27 00:00:00-04:00,171.1199951171875,172.8300018310547,168.10000610351562,169.77999877929688,1669800,0.0,0.0
2024-09-30 00:00:00-04:00,167.89999389648438,175.0,165.99000549316406,174.11000061035156,2600900,0.0,0.0
2024-10-01 00:00:00-04:00,174.30999755859375,178.39999389648438,172.10000610351562,175.8000030517578,3495700,0.0,0.0
2024-10-02 00:00:00-04:00,173.80999755859375,177.61000061035156,171.82000732421875,176.9499969482422,1984100,0.0,0.0
2024-10-03 00:00:00-04:00,175.8800048828125,179.92999267578125,174.02999877929688,176.63999938964844,1761700,0.0,0.0
2024-10-04 00:00:00-04:00,179.8000030517578,182.83999633789062,176.61000061035156,180.1699981689453,2272400,0.0,0.0
2024-10-07 00:00:00-04:00,179.0,183.41000366210938,177.64999389648438,179.72999572753906,2344200,0.0,0.0
2024-10-08 00:00:00-04:00,182.1300048828125,191.0,181.7899932861328,190.99000549316406,4419700,0.0,0.0
2024-10-09 00:00:00-04:00,193.24000549316406,193.49000549316406,188.39999389648438,190.07000732421875,2588700,0.0,0.0
2024-10-10 00:00:00-04:00,188.75,193.17999267578125,187.72999572753906,191.57000732421875,2063100,0.0,0.0
2024-10-11 00:00:00-04:00,189.27999877929688,194.75,188.75,192.25,1875700,0.0,0.0
2024-10-14 00:00:00-04:00,193.5800018310547,194.1699981689453,187.77000427246094,189.08999633789062,2183100,0.0,0.0
2024-10-15 00:00:00-04:00,189.0,194.57400512695312,188.6699981689453,192.02000427246094,3619200,0.0,0.0
2024-10-16 00:00:00-04:00,192.8800048828125,195.1699981689453,189.50999450683594,193.39999389648438,1783800,0.0,0.0
2024-10-17 00:00:00-04:00,194.0,196.36000061035156,189.7949981689453,191.9199981689453,1836200,0.0,0.0
2024-10-18 00:00:00-04:00,191.1699981689453,193.83999633789062,188.2899932861328,191.30999755859375,1923000,0.0,0.0
2024-10-21 00:00:00-04:00,191.1999969482422,193.49000549316406,188.88299560546875,191.49000549316406,1569200,0.0,0.0
2024-10-22 00:00:00-04:00,190.4199981689453,198.08999633789062,189.5,197.35000610351562,2752700,0.0,0.0
2024-10-23 00:00:00-04:00,197.77000427246094,200.5,194.13999938964844,197.33999633789062,2529300,0.0,0.0
2024-10-24 00:00:00-04:00,198.89500427246094,203.24000549316406,196.3300018310547,200.22000122070312,2934400,0.0,0.0
2024-10-25 00:00:00-04:00,200.0,203.72000122070312,197.57000732421875,202.52999877929688,2535300,0.0,0.0
2024-10-28 00:00:00-04:00,205.39999389648438,208.3000030517578,204.14999389648438,205.02000427246094,2782100,0.0,0.0
2024-10-29 00:00:00-04:00,204.5800018310547,209.24000549316406,202.6999969482422,208.74000549316406,2385800,0.0,0.0
2024-10-30 00:00:00-04:00,210.375,213.97999572753906,207.1999969482422,207.30999755859375,5774000,0.0,0.0
2024-10-31 00:00:00-04:00,238.1999969482422,259.3900146484375,233.27999877929688,247.30999755859375,13491200,0.0,0.0
2024-11-01 00:00:00-04:00,247.30999755859375,248.5,228.0500030517578,229.0800018310547,5858800,0.0,0.0
2024-11-04 00:00:00-05:00,226.49000549316406,229.17999267578125,219.7100067138672,226.0800018310547,3892700,0.0,0.0
2024-11-05 00:00:00-05:00,231.0,236.36000061035156,229.07000732421875,235.67999267578125,2480700,0.0,0.0
2024-11-06 00:00:00-05:00,245.0,245.0,233.66400146484375,238.92999267578125,2997500,0.0,0.0
2024-11-07 00:00:00-05:00,239.22999572753906,244.83999633789062,238.4600067138672,241.42999267578125,2348300,0.0,0.0
2024-11-08 00:00:00-05:00,241.22999572753906,245.92999267578125,239.19000244140625,244.35000610351562,1951500,0.0,0.0
2024-11-11 00:00:00-05:00,248.0,254.83999633789062,246.85000610351562,250.05999755859375,2455800,0.0,0.0
2024-11-12 00:00:00-05:00,247.0,250.55599975585938,243.2899932861328,246.75,1930900,0.0,0.0
2024-11-13 00:00:00-05:00,249.3000030517578,249.3000030517578,237.63999938964844,239.97999572753906,1928600,0.0,0.0
2024-11-14 00:00:00-05:00,242.22000122070312,245.24000549316406,239.25,240.44000244140625,1798100,0.0,0.0
2024-11-15 00:00:00-05:00,237.8800048828125,242.69700622558594,235.1999969482422,241.0,1986200,0.0,0.0
2024-11-18 00:00:00-05:00,242.17999267578125,247.13499450683594,240.9499969482422,244.69000244140625,1622900,0.0,0.0
2024-11-19 00:00:00-05:00,240.5050048828125,250.64999389648438,240.0,249.42999267578125,1756700,0.0,0.0
2024-11-20 00:00:00-05:00,249.5,254.0,243.75999450683594,244.5,1798900,0.0,0.0
2024-11-21 00:00:00-05:00,244.39999389648438,249.7100067138672,243.50999450683594,248.3800048828125,1525300,0.0,0.0
2024-11-22 00:00:00-05:00,249.02000427246094,263.6099853515625,249.02000427246094,259.3599853515625,3881500,0.0,0.0
2024-11-25 00:00:00-05:00,265.0249938964844,268.3389892578125,257.9200134277344,260.79998779296875,9523400,0.0,0.0
2024-11-26 00:00:00-05:00,258.2099914550781,260.82000732421875,254.60000610351562,256.0,1772300,0.0,0.0
2024-11-27 00:00:00-05:00,256.07501220703125,256.7300109863281,247.5,254.97000122070312,1765700,0.0,0.0
2024-11-29 00:00:00-05:00,258.1400146484375,262.0,257.05999755859375,260.4200134277344,1441300,0.0,0.0
2024-12-02 00:00:00-05:00,261.6400146484375,261.760009765625,251.0,254.94000244140625,2287900,0.0,0.0
2024-12-03 00:00:00-05:00,253.0,256.9129943847656,251.00999450683594,255.75999450683594,1653200,0.0,0.0
2024-12-04 00:00:00-05:00,256.1000061035156,260.25,252.39999389648438,260.1300048828125,1708900,0.0,0.0
2024-12-05 00:00:00-05:00,258.6499938964844,262.6000061035156,255.2100067138672,255.72999572753906,1549500,0.0,0.0
2024-12-06 00:00:00-05:00,257.989990234375,258.25,246.67999267578125,251.2100067138672,2730700,0.0,0.0
2024-12-09 00:00:00-05:00,254.0,257.0,243.85000610351562,244.02999877929688,2424200,0.0,0.0
2024-12-10 00:00:00-05:00,241.35000610351562,246.77999877929688,234.41000366210938,236.52000427246094,2972400,0.0,0.0
2024-12-11 00:00:00-05:00,239.0,251.7899932861328,237.6999969482422,250.9499969482422,2849400,0.0,0.0
2024-12-12 00:00:00-05:00,249.14500427246094,251.23500061035156,246.7239990234375,247.77000427246094,1685100,0.0,0.0
2024-12-13 00:00:00-05:00,247.9499969482422,249.4199981689453,243.47999572753906,248.25,1233200,0.0,0.0
2024-12-16 00:00:00-05:00,248.08999633789062,258.489990234375,248.0399932861328,255.75999450683594,2917700,0.0,0.0
2024-12-17 00:00:00-05:00,254.25,256.54998779296875,250.75,253.6999969482422,2202500,0.0,0.0
2024-12-18 00:00:00-05:00,254.0,257.0,232.22000122070312,233.02000427246094,3640300,0.0,0.0
2024-12-19 00:00:00-05:00,241.75,245.31500244140625,221.88999938964844,222.97999572753906,4466000,0.0,0.0
2024-12-20 00:00:00-05:00,221.99000549316406,225.0850067138672,218.4499969482422,224.4600067138672,4877100,0.0,0.0
2024-12-23 00:00:00-05:00,224.0,225.8800048828125,217.97999572753906,222.60000610351562,2064800,0.0,0.0
2024-12-24 00:00:00-05:00,223.35000610351562,225.88999938964844,222.0,223.88999938964844,870300,0.0,0.0
2024-12-26 00:00:00-05:00,223.14999389648438,226.67999267578125,220.697998046875,224.05999755859375,1332700,0.0,0.0
2024-12-27 00:00:00-05:00,219.22999572753906,220.60000610351562,211.7100067138672,215.08999633789062,2264900,0.0,0.0
2024-12-30 00:00:00-05:00,210.82000732421875,212.50999450683594,204.30499267578125,210.5500030517578,2650200,0.0,0.0
2024-12-31 00:00:00-05:00,210.02000427246094,210.9600067138672,199.0500030517578,203.36000061035156,3294500,0.0,0.0
2025-01-02 00:00:00-05:00,200.7050018310547,212.88999938964844,186.86000061035156,199.55999755859375,9449400,0.0,0.0
2025-01-03 00:00:00-05:00,188.1999969482422,197.5,175.4199981689453,177.16000366210938,11686600,0.0,0.0
2025-01-06 00:00:00-05:00,187.96499633789062,193.27999877929688,179.7899932861328,188.85000610351562,9373200,0.0,0.0
2025-01-07 00:00:00-05:00,199.625,207.0800018310547,194.7899932861328,198.35000610351562,9119700,0.0,0.0
2025-01-08 00:00:00-05:00,203.4499969482422,203.4499969482422,192.52999877929688,197.0,4483700,0.0,0.0
2025-01-10 00:00:00-05:00,193.0,194.04200744628906,186.4600067138672,193.05999755859375,3186600,0.0,0.0
2025-01-13 00:00:00-05:00,189.18499755859375,194.60000610351562,188.54600524902344,194.50999450683594,2926900,0.0,0.0
2025-01-14 00:00:00-05:00,197.3000030517578,199.27000427246094,191.66000366210938,195.19000244140625,2367800,0.0,0.0
2025-01-15 00:00:00-05:00,202.30999755859375,214.0399932861328,199.00999450683594,214.0399932861328,4520000,0.0,0.0
2025-01-16 00:00:00-05:00,218.22500610351562,238.0,216.91000366210938,231.9199981689453,8036300,0.0,0.0
2025-01-17 00:00:00-05:00,231.67999267578125,233.60000610351562,225.16929626464844,230.49000549316406,3101606,0.0,0.0
