Date,Open,High,Low,Close,Volume,Dividends,Stock Splits
2022-01-03 00:00:00-05:00,22.754818229973885,22.843926235674818,22.382186015746687,22.592803955078125,8000,0.0,0.0
2022-01-04 00:00:00-05:00,22.53610057993011,22.754819398748836,22.519898842591825,22.722415924072266,4600,0.0,0.0
2022-01-05 00:00:00-05:00,22.65761199365307,23.0059416436711,22.65761199365307,22.965438842773438,3700,0.0,0.0
2022-01-06 00:00:00-05:00,22.463200221493544,22.68191909790039,22.463200221493544,22.68191909790039,1200,0.0,0.0
2022-01-07 00:00:00-05:00,22.973538217567565,22.973538217567565,22.722415924072266,22.722415924072266,2400,0.0,0.0
2022-01-10 00:00:00-05:00,22.48750109447694,23.005944425043282,22.48750109447694,22.600910186767578,1200,0.0,0.0
2022-01-11 00:00:00-05:00,22.244476828815895,22.92493438720703,22.244476828815895,22.92493438720703,5900,0.0,0.0
2022-01-12 00:00:00-05:00,22.92493438720703,22.92493438720703,22.92493438720703,22.92493438720703,0,0.0,0.0
2022-01-13 00:00:00-05:00,22.845546630105236,22.864178782531656,22.325482604757763,22.84392738342285,4500,0.0,0.0
2022-01-14 00:00:00-05:00,22.48749995730508,22.827728762054935,22.38219019543233,22.471298217773438,5200,0.0,0.0
2022-01-18 00:00:00-05:00,22.633313558084446,22.633313558084446,22.301185607910156,22.301185607910156,8200,0.0,0.0
2022-01-19 00:00:00-05:00,22.48750000175854,22.511802611104045,22.3254856962877,22.35788917541504,7300,0.0,0.0
2022-01-20 00:00:00-05:00,22.438896007528214,22.6414131139316,22.244478225708008,22.244478225708008,8300,0.0,0.0
2022-01-21 00:00:00-05:00,22.51989842798995,22.51989842798995,22.23637575520329,22.463193893432617,3800,0.0,0.0
2022-01-24 00:00:00-05:00,22.074365453639075,22.195875413174623,21.32910241138262,21.888050079345703,17900,0.0,0.0
2022-01-25 00:00:00-05:00,22.131067709884583,22.276880264282227,22.058161432685765,22.276880264282227,2600,0.0,0.0
2022-01-26 00:00:00-05:00,22.289029160444034,22.289029160444034,22.114864349365234,22.114864349365234,3000,0.0,0.0
2022-01-27 00:00:00-05:00,22.131069998416802,22.179673673214428,21.871848339385505,21.888050079345703,11500,0.0,0.0
2022-01-28 00:00:00-05:00,21.888046467674997,21.960952740382908,21.888046467674997,21.926118850708008,4200,0.0,0.0
2022-01-31 00:00:00-05:00,21.87994901305176,22.16347327947948,21.87994901305176,22.08246612548828,2100,0.0,0.0
2022-02-01 00:00:00-05:00,21.952857350145827,22.317387259572282,21.871850188578914,22.001461029052734,4600,0.0,0.0
2022-02-02 00:00:00-05:00,22.1966817556481,22.1966817556481,21.952852249145508,21.952852249145508,9200,0.0,0.0
2022-02-03 00:00:00-05:00,22.033863249346993,22.033863249346993,21.777881622314453,21.777881622314453,7900,0.0,0.0
2022-02-04 00:00:00-05:00,21.782733917236328,21.87184191576399,21.782733917236328,21.782733917236328,2600,0.0,0.0
2022-02-07 00:00:00-05:00,22.179672389855494,22.179672389855494,22.106767654418945,22.106767654418945,13200,0.0,0.0
2022-02-08 00:00:00-05:00,21.912349700927734,21.912349700927734,21.912349700927734,21.912349700927734,1300,0.0,0.0
2022-02-09 00:00:00-05:00,22.033860835878293,22.033860835878293,21.855644801145647,21.92045021057129,1300,0.0,0.0
2022-02-10 00:00:00-05:00,21.709830878632317,21.871845164550976,21.709830878632317,21.717931747436523,9300,0.0,0.0
2022-02-11 00:00:00-05:00,21.831344350089946,21.8961497613317,21.66122917990355,21.87184715270996,11700,0.0,0.0
2022-02-14 00:00:00-05:00,21.71793350903929,22.009558629314316,21.6774307068157,21.798940658569336,5200,0.0,0.0
2022-02-15 00:00:00-05:00,21.717932092836236,21.98525458729557,21.531616742624553,21.862125396728516,10100,0.0,0.0
2022-02-16 00:00:00-05:00,21.790838979399577,22.190202713012695,21.790838979399577,22.190202713012695,5700,0.0,0.0
2022-02-17 00:00:00-05:00,21.912348417389477,22.24852752685547,21.871845617612195,22.24852752685547,2000,0.0,0.0
2022-02-18 00:00:00-05:00,22.236382067701527,22.244481393438093,21.87995147705078,21.87995147705078,6400,0.0,0.0
2022-02-22 00:00:00-05:00,21.66933250427246,22.074366756688768,21.18329109235628,21.66933250427246,7000,0.0,0.0
2022-02-23 00:00:00-05:00,21.604524244349857,22.074363853558054,21.588322505564058,21.993356704711914,7300,0.0,0.0
2022-02-24 00:00:00-05:00,21.871849630480614,21.871849630480614,21.393909089022728,21.66933250427246,9200,0.0,0.0
2022-02-25 00:00:00-05:00,21.6693308528277,22.066264204534964,21.50731654617525,21.628828048706055,7200,0.0,0.0
2022-02-28 00:00:00-05:00,21.51541745921265,21.831345203310917,21.50731658935547,21.50731658935547,28100,0.0,0.0
2022-03-01 00:00:00-05:00,21.669332921317352,22.033864373540972,21.547822952270508,21.547822952270508,31000,0.0,0.0
2022-03-02 00:00:00-05:00,21.734137922855748,21.790842470980742,21.58832534477259,21.66933250427246,18100,0.0,0.0
2022-03-03 00:00:00-05:00,21.628824952083892,21.790837690457863,21.507313466950016,21.61262321472168,34400,0.0,0.0
2022-03-04 00:00:00-05:00,21.572121557695834,21.871847555890817,21.556730986843046,21.750337600708008,7300,0.0,0.0
2022-03-07 00:00:00-05:00,21.669330746066763,21.879948725644095,21.46681363629044,21.58832359313965,10200,0.0,0.0
2022-03-08 00:00:00-05:00,21.831344216636953,21.979585647583008,21.669329916981514,21.979585647583008,900,0.0,0.0
2022-03-09 00:00:00-05:00,21.75033914743421,21.87184911125793,21.608576235404023,21.758440017700195,5800,0.0,0.0
2022-03-10 00:00:00-05:00,21.819190979003906,21.819190979003906,21.819190979003906,21.819190979003906,1700,0.0,0.0
2022-03-11 00:00:00-05:00,21.952851613650026,22.114864349365234,21.790837332852128,22.114864349365234,8100,0.0,0.0
2022-03-14 00:00:00-04:00,21.81514508235562,21.85564788956403,21.62072882660576,21.66933250427246,4800,0.0,0.0
2022-03-15 00:00:00-04:00,21.661227646785505,21.863744735717773,21.46681142682046,21.863744735717773,10500,0.0,0.0
2022-03-16 00:00:00-04:00,21.832962051675434,21.863744735717773,21.75033566034219,21.863744735717773,6000,0.0,0.0
2022-03-17 00:00:00-04:00,21.8637483439285,21.879950084536745,21.61262754483278,21.790842056274414,6900,0.0,0.0
2022-03-18 00:00:00-04:00,21.778688430786133,21.778688430786133,21.778688430786133,21.778688430786133,300,0.0,0.0
2022-03-21 00:00:00-04:00,21.831346823272206,21.831346823272206,21.66933250427246,21.66933250427246,1800,0.0,0.0
2022-03-22 00:00:00-04:00,21.790840296558088,21.831344644807782,21.628827538808018,21.7098331451416,5800,0.0,0.0
2022-03-23 00:00:00-04:00,21.628827246824113,21.87184715270996,21.628827246824113,21.87184715270996,1200,0.0,0.0
2022-03-24 00:00:00-04:00,21.8718478730376,21.8718478730376,21.750337916092864,21.85564613342285,900,0.0,0.0
2022-03-25 00:00:00-04:00,21.79084000238705,22.268780489701047,21.79084000238705,21.87184715270996,6900,0.0,0.0
2022-03-28 00:00:00-04:00,21.669330219853176,22.062213897705078,21.669330219853176,22.062213897705078,1100,0.0,0.0
2022-03-29 00:00:00-04:00,22.268782022441904,22.268782022441904,22.203976606739655,22.26068115234375,3400,0.0,0.0
2022-03-30 00:00:00-04:00,22.62946891784668,22.62946891784668,21.69103381529287,22.62946891784668,2600,0.438,0.0
2022-03-31 00:00:00-04:00,22.110858879634126,22.333118734819383,22.10262680053711,22.10262680053711,3900,0.0,0.0
2022-04-01 00:00:00-04:00,22.51422129774614,22.51422129774614,22.168481826782227,22.168481826782227,400,0.0,0.0
2022-04-04 00:00:00-04:00,22.0203092412834,22.349584579467773,22.0203092412834,22.349584579467773,1900,0.0,0.0
2022-04-05 00:00:00-04:00,22.349584579467773,22.349584579467773,22.349584579467773,22.349584579467773,0,0.0,0.0
2022-04-06 00:00:00-04:00,22.226104995741427,22.226104995741427,21.913293838500977,21.913293838500977,1300,0.0,0.0
2022-04-07 00:00:00-04:00,22.020307139528036,22.020307139528036,21.789813639744377,21.883657455444336,500,0.0,0.0
2022-04-08 00:00:00-04:00,21.896831449292275,22.102628734398202,21.57578661685313,21.732192993164062,5100,0.0,0.0
2022-04-11 00:00:00-04:00,21.736309818127044,21.736309818127044,21.579903441816107,21.732192993164062,3800,0.0,0.0
2022-04-12 00:00:00-04:00,21.674568326346844,21.732191310497516,21.64987208880717,21.707496643066406,8000,0.0,0.0
2022-04-13 00:00:00-04:00,21.608715014948384,21.89436174820437,21.608715014948384,21.674570083618164,1400,0.0,0.0
2022-04-14 00:00:00-04:00,21.77417806454249,21.81451416015625,21.649875689394563,21.81451416015625,2500,0.0,0.0
2022-04-18 00:00:00-04:00,21.913295646102043,22.423672034769716,21.74042510986328,21.74042510986328,2300,0.0,0.0
2022-04-19 00:00:00-04:00,22.340532054512458,22.514225343133926,21.82933131336675,22.053239822387695,4800,0.0,0.0
2022-04-20 00:00:00-04:00,22.10262863404711,22.119092793606917,21.752772308890258,22.086164474487305,4600,0.0,0.0
2022-04-21 00:00:00-04:00,22.30019412855863,22.30019412855863,21.748657336999152,21.773353576660156,1100,0.0,0.0
2022-04-22 00:00:00-04:00,22.102630808693664,22.102630808693664,21.732195032694737,21.839210510253906,6400,0.0,0.0
2022-04-25 00:00:00-04:00,22.028541375544016,22.14790417659035,21.814512012667073,22.06146812438965,1500,0.0,0.0
2022-04-26 00:00:00-04:00,21.896833395537094,21.896833395537094,21.649875689394563,21.81451416015625,5500,0.0,0.0
2022-04-27 00:00:00-04:00,21.937990369655903,22.028541677914493,21.402917740173308,21.526395797729492,9400,0.0,0.0
2022-04-28 00:00:00-04:00,21.495938776320934,22.503521482013234,21.402917687325687,21.74042510986328,5700,0.0,0.0
2022-04-29 00:00:00-04:00,21.72395695737693,22.13555145263672,21.567552179656257,22.13555145263672,21000,0.0,0.0
2022-05-02 00:00:00-04:00,21.57578692281646,21.63341148235458,21.07364260771106,21.197120666503906,16200,0.0,0.0
2022-05-03 00:00:00-04:00,21.230045760081552,21.230045760081552,21.17983055114746,21.17983055114746,1700,0.0,0.0
2022-05-04 00:00:00-04:00,21.361759032555153,21.402917861938477,21.361759032555153,21.402917861938477,1500,0.0,0.0
2022-05-05 00:00:00-04:00,21.402917954528217,21.407033209440872,21.197120666503906,21.197120666503906,4900,0.0,0.0
2022-05-06 00:00:00-04:00,21.197118648607887,21.402915917040975,21.197118648607887,21.394683837890625,3900,0.0,0.0
2022-05-09 00:00:00-04:00,21.36175712656783,21.501699332137076,20.826682971674018,21.1065673828125,10500,0.0,0.0
2022-05-10 00:00:00-04:00,21.526393963372623,21.526393963372623,20.99955345863595,21.32059669494629,14900,0.0,0.0
2022-05-11 00:00:00-04:00,21.238277473554046,21.394683837188456,21.238277473554046,21.32059669494629,5500,0.0,0.0
2022-05-12 00:00:00-04:00,21.197120666503906,21.197120666503906,21.197120666503906,21.197120666503906,1100,0.0,0.0
2022-05-13 00:00:00-04:00,21.39468391336865,21.4852352142334,21.320596770862682,21.4852352142334,4200,0.0,0.0
2022-05-16 00:00:00-04:00,21.40291599210984,21.411148071289062,21.40291599210984,21.411148071289062,1100,0.0,0.0
2022-05-17 00:00:00-04:00,21.526395920197153,21.526395920197153,21.369989542344857,21.402917861938477,8300,0.0,0.0
2022-05-18 00:00:00-04:00,21.51816399465656,21.51816399465656,21.361759185791016,21.361759185791016,4300,0.0,0.0
2022-05-19 00:00:00-04:00,21.361757017313813,22.470592796272715,21.361757017313813,21.452306747436523,10900,0.0,0.0
2022-05-20 00:00:00-04:00,21.989851091410465,21.989851091410465,21.49346907950184,21.608715057373047,6700,0.0,0.0
2022-05-23 00:00:00-04:00,22.020309629894438,22.020309629894438,21.608715057373047,21.608715057373047,3700,0.0,0.0
2022-05-24 00:00:00-04:00,21.616944975594098,22.020307427916748,21.616944975594098,21.9956111907959,7300,0.0,0.0
2022-05-25 00:00:00-04:00,22.03677378962138,22.086164698693512,21.164192165397772,21.608715057373047,3300,0.0,0.0
2022-05-26 00:00:00-04:00,21.732194924775406,21.81451416015625,21.732194924775406,21.81451416015625,700,0.0,0.0
2022-05-27 00:00:00-04:00,22.02853947993485,24.959092100013642,21.93798818071135,22.431901931762695,15600,0.0,0.0
2022-05-31 00:00:00-04:00,21.64987197964498,22.04088710312114,21.369987569374164,21.979148864746094,16700,0.0,0.0
2022-06-01 00:00:00-04:00,21.888597564332432,21.979148864746094,21.814510422195536,21.979148864746094,5300,0.0,0.0
2022-06-02 00:00:00-04:00,22.044181348622715,22.044181348622715,21.444076392341543,21.937990188598633,2200,0.0,0.0
2022-06-03 00:00:00-04:00,21.58402278856971,21.60048695132554,21.551096033167017,21.56756019592285,4500,0.0,0.0
2022-06-06 00:00:00-04:00,21.56756019592285,21.56756019592285,21.56756019592285,21.56756019592285,0,0.0,0.0
2022-06-07 00:00:00-04:00,21.575786684539768,21.822744369506836,21.575786684539768,21.822744369506836,400,0.0,0.0
2022-06-08 00:00:00-04:00,21.616945266723633,21.616945266723633,21.616945266723633,21.616945266723633,1300,0.0,0.0
2022-06-09 00:00:00-04:00,21.67374919401921,22.05570799681657,21.608716856758548,21.81451416015625,7900,0.0,0.0
2022-06-10 00:00:00-04:00,21.608715297462876,21.608715297462876,21.240749331031665,21.43584632873535,6000,0.0,0.0
2022-06-13 00:00:00-04:00,21.402915990326285,21.402915990326285,21.11479949951172,21.11479949951172,3800,0.0,0.0
2022-06-14 00:00:00-04:00,21.081872827218675,21.19711879590731,20.90900230407715,20.90900230407715,5400,0.0,0.0
2022-06-15 00:00:00-04:00,21.254743810063566,21.254743810063566,21.155961990356445,21.155961990356445,1800,0.0,0.0
2022-06-16 00:00:00-04:00,21.114801896931777,21.114801896931777,19.773004240650803,20.390396118164062,20700,0.0,0.0
2022-06-17 00:00:00-04:00,20.81845444194436,20.896656846273743,20.719671052694196,20.826684951782227,5200,0.0,0.0
2022-06-21 00:00:00-04:00,20.974857183408833,21.238277435302734,20.974857183408833,21.238277435302734,4500,0.0,0.0
2022-06-22 00:00:00-04:00,21.238279344528344,21.937990432840238,21.238279344528344,21.6910343170166,8500,0.0,0.0
2022-06-23 00:00:00-04:00,21.4852352142334,21.4852352142334,21.4852352142334,21.4852352142334,800,0.0,0.0
2022-06-24 00:00:00-04:00,21.485236013260742,21.814511342139234,21.485236013260742,21.63752555847168,3500,0.0,0.0
2022-06-27 00:00:00-04:00,21.509932668398648,21.60871606124075,21.402918765419408,21.505817413330078,2200,0.0,0.0
2022-06-28 00:00:00-04:00,21.756890138787718,21.814513129799977,21.40456558652079,21.733840942382812,6400,0.0,0.0
2022-06-29 00:00:00-04:00,21.78908218422867,22.182507209010403,21.78908218422867,21.84767723083496,4300,0.438,0.0
2022-06-30 00:00:00-04:00,22.01509666442871,22.01509666442871,21.27009958599599,22.01509666442871,14900,0.0,0.0
2022-07-01 00:00:00-04:00,22.056951892247724,22.056951892247724,21.278470993041992,21.278470993041992,3300,0.0,0.0
2022-07-05 00:00:00-04:00,21.55470740890915,21.638415329816304,21.353809356689453,21.353809356689453,2900,0.0,0.0
2022-07-06 00:00:00-04:00,21.42914369966296,21.470996856689453,21.42914369966296,21.470996856689453,1800,0.0,0.0
2022-07-07 00:00:00-04:00,21.49610993476253,21.49610993476253,21.481042861938477,21.481042861938477,900,0.0,0.0
2022-07-08 00:00:00-04:00,21.470996856689453,21.53628963370168,21.42914369966296,21.470996856689453,5300,0.0,0.0
2022-07-11 00:00:00-04:00,21.470999566774903,21.487741470336914,21.470999566774903,21.487741470336914,800,0.0,0.0
2022-07-12 00:00:00-04:00,21.470998030183583,21.805828094482422,21.26172904042235,21.805828094482422,14600,0.0,0.0
2022-07-13 00:00:00-04:00,21.63841449114911,21.63841449114911,21.29521346566786,21.554706573486328,3600,0.0,0.0
2022-07-14 00:00:00-04:00,21.470995551524783,21.763972422687758,21.261726585922016,21.62920379638672,4500,0.0,0.0
2022-07-15 00:00:00-04:00,22.056949713181876,22.056949713181876,21.26172699013495,21.973241806030273,5000,0.0,0.0
2022-07-18 00:00:00-04:00,21.345435289236214,21.763973236083984,21.345435289236214,21.763973236083984,600,0.0,0.0
2022-07-19 00:00:00-04:00,21.55470661896283,21.55889129638672,21.546335667519315,21.55889129638672,3300,0.0,0.0
2022-07-20 00:00:00-04:00,21.563075311892515,21.76397333570758,21.563075311892515,21.680265426635742,3300,0.0,0.0
2022-07-21 00:00:00-04:00,21.814195136752836,21.814195136752836,21.65515188258234,21.797454833984375,700,0.0,0.0
2022-07-22 00:00:00-04:00,21.8476841995605,21.8476841995605,21.43751714589076,21.52959442138672,2000,0.0,0.0
2022-07-25 00:00:00-04:00,21.705380910334878,21.847683894034017,21.429145894518406,21.563077926635742,9200,0.0,0.0
2022-07-26 00:00:00-04:00,21.554706573486328,21.63841449114911,21.554706573486328,21.554706573486328,3000,0.0,0.0
2022-07-27 00:00:00-04:00,21.638412370214276,21.638412370214276,21.53796255954559,21.5965576171875,1500,0.0,0.0
2022-07-28 00:00:00-04:00,21.74723254056992,21.805827600921496,21.74723254056992,21.789087295532227,2000,0.0,0.0
2022-07-29 00:00:00-04:00,21.822570750062436,22.257850646972656,21.789088540774742,22.257850646972656,16900,0.0,0.0
2022-08-01 00:00:00-04:00,22.182514381057096,22.266222301814206,21.88116650496982,22.232738494873047,5800,0.0,0.0
2022-08-02 00:00:00-04:00,21.973244872434876,22.475490788838254,21.973244872434876,22.308074951171875,8600,0.0,0.0
2022-08-03 00:00:00-04:00,22.66801655129307,22.66801655129307,22.492231369018555,22.492231369018555,1000,0.0,0.0
2022-08-04 00:00:00-04:00,22.102986945793663,22.1247501373291,22.102986945793663,22.1247501373291,800,0.0,0.0
2022-08-05 00:00:00-04:00,22.723262641444496,22.723262641444496,22.220180158590946,22.341556549072266,1800,0.0,0.0
2022-08-08 00:00:00-04:00,21.98998647286447,22.02012062072754,21.98998647286447,22.02012062072754,600,0.0,0.0
2022-08-09 00:00:00-04:00,22.150702536774233,22.70484733581543,22.150702536774233,22.70484733581543,1100,0.0,0.0
2022-08-10 00:00:00-04:00,22.107172969751467,22.64541244506836,22.08038688753849,22.64541244506836,1700,0.0,0.0
2022-08-11 00:00:00-04:00,22.391782999421086,22.391782999421086,22.098806080109508,22.13228988647461,5300,0.0,0.0
2022-08-12 00:00:00-04:00,22.115547665159536,22.257850646972656,22.09880576221782,22.257850646972656,6400,0.0,0.0
2022-08-15 00:00:00-04:00,22.601049325996723,22.601049325996723,22.14902757311091,22.467117309570312,15100,0.0,0.0
2022-08-16 00:00:00-04:00,22.6345364104379,22.6345364104379,22.190885543823242,22.190885543823242,3600,0.0,0.0
2022-08-17 00:00:00-04:00,22.232738627881137,22.41856960636726,22.05695343017578,22.05695343017578,3000,0.0,0.0
2022-08-18 00:00:00-04:00,22.291326353194194,22.291326353194194,21.84767723083496,21.84767723083496,800,0.0,0.0
2022-08-19 00:00:00-04:00,21.89790303891607,22.086245415287706,21.8895320892334,21.8895320892334,1400,0.0,0.0
2022-08-22 00:00:00-04:00,21.897905251347623,21.897905251347623,21.64678312187719,21.763973236083984,6100,0.0,0.0
2022-08-23 00:00:00-04:00,21.663526205101466,22.02765541511439,21.59656018887997,21.914649963378906,7900,0.0,0.0
2022-08-24 00:00:00-04:00,21.72212326418413,21.989987333976384,21.663526601895754,21.92302131652832,6900,0.0,0.0
2022-08-25 00:00:00-04:00,21.747229137818763,21.939756190734034,21.747229137818763,21.8895320892334,3500,0.0,0.0
2022-08-26 00:00:00-04:00,21.780715137140827,21.780715137140827,21.613299319763495,21.763973236083984,4000,0.0,0.0
2022-08-29 00:00:00-04:00,21.68026790058717,21.973244817472622,21.68026790058717,21.95650291442871,3400,0.0,0.0
2022-08-30 00:00:00-04:00,21.68863748021835,21.973243427579412,21.68863748021835,21.789087295532227,3500,0.0,0.0
2022-08-31 00:00:00-04:00,21.763974040707012,21.780715942382812,21.763974040707012,21.780715942382812,1000,0.0,0.0
2022-09-01 00:00:00-04:00,21.76397343610345,21.96487146084524,21.5547044607563,21.5965576171875,8400,0.0,0.0
2022-09-02 00:00:00-04:00,21.680265632220948,21.680265632220948,21.387288745989128,21.638412475585938,12800,0.0,0.0
2022-09-06 00:00:00-04:00,21.74723164079431,21.74723164079431,21.638412475585938,21.638412475585938,1500,0.0,0.0
2022-09-07 00:00:00-04:00,21.63841086489352,21.63841086489352,21.387287153989533,21.512849807739258,3800,0.0,0.0
2022-09-08 00:00:00-04:00,21.512850409882198,21.763972531219604,21.504479459624882,21.57144546508789,3800,0.0,0.0
2022-09-09 00:00:00-04:00,21.755604617919566,21.755604617919566,21.521222767782923,21.554706573486328,1600,0.0,0.0
2022-09-12 00:00:00-04:00,21.56307752491218,21.56307752491218,21.554706573486328,21.554706573486328,3300,0.0,0.0
2022-09-13 00:00:00-04:00,21.554706573486328,21.554706573486328,21.554706573486328,21.554706573486328,900,0.0,0.0
2022-09-14 00:00:00-04:00,21.554706573486328,21.554706573486328,21.42914549529002,21.554706573486328,6700,0.0,0.0
2022-09-15 00:00:00-04:00,21.429141904104597,21.554702961258855,21.429141904104597,21.512849807739258,2800,0.0,0.0
2022-09-16 00:00:00-04:00,21.42914549529002,21.554706573486328,21.337066626201384,21.554706573486328,8700,0.0,0.0
2022-09-19 00:00:00-04:00,21.470996856689453,21.470996856689453,21.470996856689453,21.470996856689453,1500,0.0,0.0
2022-09-20 00:00:00-04:00,21.470995057624194,21.512849807739258,21.470995057624194,21.512849807739258,2600,0.0,0.0
2022-09-21 00:00:00-04:00,21.554706573486328,21.554706573486328,21.38729073816076,21.554706573486328,9700,0.0,0.0
2022-09-22 00:00:00-04:00,21.395661689586614,21.554706573486328,21.345437577627237,21.554706573486328,8900,0.0,0.0
2022-09-23 00:00:00-04:00,21.504481072627097,21.504481072627097,21.21150417802759,21.261728286743164,12000,0.0,0.0
2022-09-26 00:00:00-04:00,21.345435994186463,21.470997063068435,21.345435994186463,21.42914390563965,1400,0.0,0.0
2022-09-27 00:00:00-04:00,21.320324239689665,21.412403106689453,21.12779715104983,21.412403106689453,9000,0.0,0.0
2022-09-28 00:00:00-04:00,21.25335807093891,21.34543693726518,21.25335807093891,21.34041404724121,5400,0.0,0.0
2022-09-29 00:00:00-04:00,21.497126738213247,21.616365432739258,21.301234133061833,21.616365432739258,3200,0.438,0.0
2022-09-30 00:00:00-04:00,21.650436169219937,21.650436169219937,21.37788963317871,21.37788963317871,5300,0.0,0.0
2022-10-03 00:00:00-04:00,21.675988214399204,21.675988214399204,21.37788982868832,21.667470932006836,4500,0.0,0.0
2022-10-04 00:00:00-04:00,21.641919153146794,21.675988282823816,21.616367305889025,21.63340187072754,2700,0.0,0.0
2022-10-05 00:00:00-04:00,21.65895128220624,21.65895128220624,21.556745529174805,21.556745529174805,1300,0.0,0.0
2022-10-06 00:00:00-04:00,21.556745877134297,21.61636522382109,21.50564381204638,21.52267837524414,8100,0.0,0.0
2022-10-07 00:00:00-04:00,21.505643400600164,21.5908145904541,21.505643400600164,21.5908145904541,3800,0.0,0.0
2022-10-10 00:00:00-04:00,21.667470496279357,21.667470496279357,20.892415683720525,20.909448623657227,14800,0.0,0.0
2022-10-11 00:00:00-04:00,20.88389907457371,21.352338240292738,20.86686450958252,21.2927188873291,8300,0.0,0.0
2022-10-12 00:00:00-04:00,21.33530183985943,21.45454216003418,21.33530183985943,21.45454216003418,2000,0.0,0.0
2022-10-13 00:00:00-04:00,21.446026723238756,21.505646076202392,21.2927188873291,21.2927188873291,6000,0.0,0.0
2022-10-14 00:00:00-04:00,21.548229043470876,21.548229043470876,21.377888281468394,21.43750762939453,6000,0.0,0.0
2022-10-17 00:00:00-04:00,21.463058471679688,21.463058471679688,21.394921845161875,21.463058471679688,9300,0.0,0.0
2022-10-18 00:00:00-04:00,21.420473098754883,21.509902120781494,21.420473098754883,21.420473098754883,2500,0.0,0.0
2022-10-19 00:00:00-04:00,21.53971439522778,21.53971439522778,21.292718085671368,21.411956787109375,6200,0.0,0.0
2022-10-20 00:00:00-04:00,21.42047236347273,21.548228336911862,21.250131607055664,21.250131607055664,5800,0.0,0.0
2022-10-21 00:00:00-04:00,21.30123279488436,21.30123279488436,21.207544326782227,21.207544326782227,4300,0.0,0.0
2022-10-24 00:00:00-04:00,21.250134589684713,21.309753944024013,21.18199795265329,21.190513610839844,2800,0.0,0.0
2022-10-25 00:00:00-04:00,21.556749733531586,21.556749733531586,21.20754924803407,21.505647659301758,3400,0.0,0.0
2022-10-26 00:00:00-04:00,21.30975168450842,21.50564429213968,21.3012344027194,21.420473098754883,4400,0.0,0.0
2022-10-27 00:00:00-04:00,21.4204738657312,21.4204738657312,21.318269729614258,21.318269729614258,2400,0.0,0.0
2022-10-28 00:00:00-04:00,21.318270734815886,21.4886115112112,21.20754768687868,21.2927188873291,11200,0.0,0.0
2022-10-31 00:00:00-04:00,21.284196609713373,21.675983390035917,21.284196609713373,21.48008918762207,11900,0.0,0.0
2022-11-01 00:00:00-04:00,21.173477952216885,21.761155761991322,21.173477952216885,21.52267837524414,13200,0.0,0.0
2022-11-02 00:00:00-04:00,21.667470932006836,21.684503872286065,21.4630610281065,21.667470932006836,8100,0.0,0.0
2022-11-03 00:00:00-04:00,21.675985045761145,21.92297970101165,21.335300297890377,21.888912200927734,9700,0.0,0.0
2022-11-04 00:00:00-04:00,21.607853180660292,21.88891702241005,21.5226819749319,21.863365173339844,10100,0.0,0.0
2022-11-07 00:00:00-05:00,21.6845015832554,21.84632668261703,21.6845015832554,21.718570709228516,12400,0.0,0.0
2022-11-08 00:00:00-05:00,21.91446307537738,21.91446307537738,21.701535913841635,21.897428512573242,6600,0.0,0.0
2022-11-09 00:00:00-05:00,22.20404537472377,22.20404537472377,21.539713633623847,21.710054397583008,6500,0.0,0.0
2022-11-10 00:00:00-05:00,21.71857338359328,22.246633529663086,21.71857338359328,22.246633529663086,4600,0.0,0.0
2022-11-11 00:00:00-05:00,22.187010503621952,22.229596912400854,21.63340018553932,22.148683547973633,12400,0.0,0.0
2022-11-14 00:00:00-05:00,22.22959757479504,22.22959757479504,21.90594735645285,22.127391815185547,4000,0.0,0.0
2022-11-15 00:00:00-05:00,22.280701209079034,22.280701209079034,21.72709083557129,21.72709083557129,3400,0.0,0.0
2022-11-16 00:00:00-05:00,22.016669257128093,22.02518653869629,22.016669257128093,22.02518653869629,600,0.0,0.0
2022-11-17 00:00:00-05:00,22.016669968976853,22.016669968976853,21.56526377829958,21.57889175415039,3500,0.0,0.0
2022-11-18 00:00:00-05:00,21.65043411405836,21.701536178588867,21.65043411405836,21.701536178588867,800,0.0,0.0
2022-11-21 00:00:00-05:00,21.854841704324645,21.965564727783203,21.74412030537126,21.965564727783203,2400,0.0,0.0
2022-11-22 00:00:00-05:00,21.96556847264492,22.04222076221621,21.784153451227432,21.803743362426758,4100,0.0,0.0
2022-11-23 00:00:00-05:00,21.974082946777344,21.974082946777344,21.974082946777344,21.974082946777344,700,0.0,0.0
2022-11-25 00:00:00-05:00,21.974082946777344,21.974082946777344,21.974082946777344,21.974082946777344,0,0.0,0.0
2022-11-28 00:00:00-05:00,21.83780860900879,21.83780860900879,21.83780860900879,21.83780860900879,400,0.0,0.0
2022-11-29 00:00:00-05:00,21.880395014930464,21.97408185894759,21.820775671145398,21.83780860900879,5600,0.0,0.0
2022-11-30 00:00:00-05:00,21.948531241676392,22.612862916948412,21.948531241676392,22.587312698364258,9600,0.0,0.0
2022-12-01 00:00:00-05:00,22.604350847822957,22.604350847822957,22.165719739954575,22.314769744873047,2800,0.0,0.0
2022-12-02 00:00:00-05:00,22.05073632879983,22.399936743758023,21.897428512573242,21.897428512573242,3100,0.0,0.0
2022-12-05 00:00:00-05:00,22.391422577765,22.391422577765,21.90594725255429,21.982601165771484,6000,0.0,0.0
2022-12-06 00:00:00-05:00,21.929793764238475,22.12653923034668,21.812259178458532,22.12653923034668,4000,0.0,0.0
2022-12-07 00:00:00-05:00,22.093323927172264,22.22448649392523,22.093323927172264,22.209156036376953,1300,0.0,0.0
2022-12-08 00:00:00-05:00,22.35905741464721,22.35905741464721,21.846327765081767,21.85484504699707,4500,0.0,0.0
2022-12-09 00:00:00-05:00,21.812260644491445,21.812260644491445,21.803743362426758,21.803743362426758,600,0.0,0.0
2022-12-12 00:00:00-05:00,21.80374189965597,21.93149787304448,21.718570709228516,21.718570709228516,11400,0.0,0.0
2022-12-13 00:00:00-05:00,21.931498163252783,22.144425329886307,21.888913379728223,21.974082946777344,1100,0.0,0.0
2022-12-14 00:00:00-05:00,21.85484351960062,22.272180557250977,21.820776018825747,22.272180557250977,2800,0.0,0.0
2022-12-15 00:00:00-05:00,22.374386524057137,22.399936743758023,21.897428512573242,21.897428512573242,1300,0.0,0.0
2022-12-16 00:00:00-05:00,22.32669128690488,22.32669128690488,21.718570709228516,21.718570709228516,5100,0.0,0.0
2022-12-19 00:00:00-05:00,21.718573552962795,21.84632954307911,21.6334023513834,21.72709083557129,11500,0.0,0.0
2022-12-20 00:00:00-05:00,21.59933482046978,21.6334023263588,21.437509700106677,21.54823112487793,4700,0.0,0.0
2022-12-21 00:00:00-05:00,21.48860869130804,21.67598563261101,21.347224744544622,21.463058471679688,4100,0.0,0.0
2022-12-22 00:00:00-05:00,21.463061143468835,21.463061143468835,21.164962756155692,21.225433349609375,7600,0.0,0.0
2022-12-23 00:00:00-05:00,21.45454377955028,21.66747096617879,21.386407144809375,21.650436401367188,4600,0.0,0.0
2022-12-27 00:00:00-05:00,21.803743152994684,21.803743152994684,21.514162063598633,21.514162063598633,6000,0.0,0.0
2022-12-28 00:00:00-05:00,21.778191479629204,21.863362675627474,21.56526430188624,21.6248836517334,2300,0.0,0.0
2022-12-29 00:00:00-05:00,21.89181387599648,22.021812438964844,21.839814781413416,22.021812438964844,5300,0.438,0.0
2022-12-30 00:00:00-05:00,22.02181402884962,22.195146560668945,22.02181402884962,22.195146560668945,4800,0.0,0.0
2023-01-03 00:00:00-05:00,22.195146560668945,22.195146560668945,22.195146560668945,22.195146560668945,600,0.0,0.0
2023-01-04 00:00:00-05:00,22.099810254129483,22.229808807373047,22.099810254129483,22.229808807373047,3000,0.0,0.0
2023-01-05 00:00:00-05:00,22.26707944566246,22.27314603468549,22.12581387854552,22.195146560668945,13700,0.0,0.0
2023-01-06 00:00:00-05:00,22.125813521894095,22.27314567565918,22.125813521894095,22.27314567565918,1500,0.0,0.0
2023-01-09 00:00:00-05:00,22.19514279623248,22.3944740169018,22.186476005809304,22.289608001708984,4200,0.0,0.0
2023-01-10 00:00:00-05:00,22.394477454164015,22.394477454164015,22.27314567565918,22.27314567565918,1900,0.0,0.0
2023-01-11 00:00:00-05:00,22.273146063620054,22.39447784423828,22.273146063620054,22.39447784423828,3000,0.0,0.0
2023-01-12 00:00:00-05:00,22.394478204621123,22.394478204621123,22.22981246183112,22.316478729248047,3900,0.0,0.0
2023-01-13 00:00:00-05:00,22.368475362525352,22.38580894470215,22.368475362525352,22.38580894470215,400,0.0,0.0
2023-01-17 00:00:00-05:00,22.47247525295955,22.533141137692997,22.403142577118274,22.481142044067383,2200,0.0,0.0
2023-01-18 00:00:00-05:00,22.51580881813472,22.51580881813472,22.27314526559268,22.35980987548828,900,0.0,0.0
2023-01-19 00:00:00-05:00,22.53314317939295,22.53314317939295,22.186479768775826,22.195146560668945,6300,0.0,0.0
2023-01-20 00:00:00-05:00,22.487209986962462,22.487209986962462,22.229811399922813,22.340744018554688,5200,0.0,0.0
2023-01-23 00:00:00-05:00,22.195146560668945,22.195146560668945,22.195146560668945,22.195146560668945,1900,0.0,0.0
2023-01-24 00:00:00-05:00,22.273148500705148,22.446479398693647,22.273148500705148,22.42914581298828,3100,0.0,0.0
2023-01-25 00:00:00-05:00,22.247148399959862,22.37108039855957,22.247148399959862,22.37108039855957,1200,0.0,0.0
2023-01-26 00:00:00-05:00,22.342480069559425,22.47334483311936,22.23848021356673,22.264480590820312,2400,0.0,0.0
2023-01-27 00:00:00-05:00,22.238480013952678,22.368478593010444,22.238480013952678,22.255813598632812,1500,0.0,0.0
2023-01-30 00:00:00-05:00,22.229813221612613,22.446478071049427,22.229813221612613,22.255813598632812,3500,0.0,0.0
2023-01-31 00:00:00-05:00,22.247144498350142,22.40314343824461,22.23847770690918,22.23847770690918,10400,0.0,0.0
2023-02-01 00:00:00-05:00,22.23847559799212,22.507139495098322,22.229808807373047,22.229808807373047,4800,0.0,0.0
2023-02-02 00:00:00-05:00,22.24714398810126,22.50714111328125,22.24714398810126,22.50714111328125,9000,0.0,0.0
2023-02-03 00:00:00-05:00,22.273145073654185,22.53314220714341,22.24714469909668,22.24714469909668,3600,0.0,0.0
2023-02-06 00:00:00-05:00,22.273144872673036,22.40314343824461,22.23847770690918,22.23847770690918,2100,0.0,0.0
2023-02-07 00:00:00-05:00,22.325141851161593,22.33380864178067,22.229808807373047,22.229808807373047,2800,0.0,0.0
2023-02-08 00:00:00-05:00,22.351145922861534,22.515810012817383,22.299145170539262,22.515810012817383,4500,0.0,0.0
2023-02-09 00:00:00-05:00,22.507143195148036,22.507143195148036,22.25581283796267,22.316478729248047,4700,0.0,0.0
2023-02-10 00:00:00-05:00,22.394477041863702,22.394477041863702,22.35980987548828,22.35980987548828,700,0.0,0.0
2023-02-13 00:00:00-05:00,22.359808469771036,22.819138477239317,22.320808736561265,22.67180633544922,11400,0.0,0.0
2023-02-14 00:00:00-05:00,22.663140857705425,22.88674011247544,22.33381104386632,22.54180908203125,11200,0.0,0.0
2023-02-15 00:00:00-05:00,22.533144596440433,22.706477139160167,22.533144596440433,22.559144973754883,2800,0.0,0.0
2023-02-16 00:00:00-05:00,22.533141730053323,22.767140137052095,22.489809426396405,22.715139389038086,5600,0.0,0.0
2023-02-17 00:00:00-05:00,22.706474250723844,22.767140137052095,22.427409520592448,22.715139389038086,1600,0.0,0.0
2023-02-21 00:00:00-05:00,22.715140065728956,22.715140065728956,22.35980987548828,22.35980987548828,3100,0.0,0.0
2023-02-22 00:00:00-05:00,22.637143822600855,22.914474560815975,22.498476800471703,22.590343475341797,5900,0.0,0.0
2023-02-23 00:00:00-05:00,22.57647253729306,22.905803974133967,22.36847451808785,22.62847328186035,3300,0.0,0.0
2023-02-24 00:00:00-05:00,22.827807390472163,22.827807390472163,22.663141651275957,22.68047523498535,500,0.0,0.0
2023-02-27 00:00:00-05:00,22.424807149069157,22.93093581236758,22.424807149069157,22.888469696044922,6100,0.0,0.0
2023-02-28 00:00:00-05:00,22.6198086258489,22.957805232328212,22.412676770265296,22.940471649169922,8500,0.0,0.0
2023-03-01 00:00:00-05:00,22.72380828047532,22.72380828047532,22.4031452365275,22.42047882080078,40600,0.0,0.0
2023-03-02 00:00:00-05:00,22.420474342833657,22.420474342833657,22.221141469546165,22.29914093017578,15000,0.0,0.0
2023-03-03 00:00:00-05:00,22.31647949199166,22.31647949199166,22.06081490353536,22.255813598632812,35700,0.0,0.0
2023-03-06 00:00:00-05:00,22.307810697228287,22.307810697228287,22.030479979326756,22.06514549255371,33200,0.0,0.0
2023-03-07 00:00:00-05:00,22.151812559543103,22.258412611908614,22.08247987755007,22.09981346130371,15100,0.0,0.0
2023-03-08 00:00:00-05:00,22.160480299327617,22.160480299327617,22.108481198863977,22.151813507080078,6600,0.0,0.0
2023-03-09 00:00:00-05:00,22.186478531048156,22.186478531048156,21.761815670105356,21.839815139770508,22700,0.0,0.0
2023-03-10 00:00:00-05:00,21.952478663382642,22.05647850036621,21.449816366174954,22.05647850036621,20700,0.0,0.0
2023-03-13 00:00:00-04:00,21.623149817810233,21.623149817810233,18.971171216043597,19.58650016784668,54500,0.0,0.0
2023-03-14 00:00:00-04:00,20.01983100291907,21.657816619868854,20.01983100291907,20.62649154663086,21900,0.0,0.0
2023-03-15 00:00:00-04:00,20.444491989764057,21.449816594899453,19.569165942478325,20.522491455078125,28100,0.0,0.0
2023-03-16 00:00:00-04:00,20.522493949542646,21.00349015976967,19.586501905027365,20.65249252319336,5700,0.0,0.0
2023-03-17 00:00:00-04:00,21.44808299280931,21.44808299280931,20.62649004146766,20.643823623657227,4700,0.0,0.0
2023-03-20 00:00:00-04:00,21.2504874119111,21.2504874119111,19.600366957518492,19.989498138427734,8500,0.0,0.0
2023-03-21 00:00:00-04:00,19.941830522744706,20.366493377791404,19.941830522744706,20.279827117919922,7300,0.0,0.0
2023-03-22 00:00:00-04:00,20.323161228043134,20.635157451709688,20.149828706989492,20.193161010742188,5700,0.0,0.0
2023-03-23 00:00:00-04:00,20.27982817447826,20.418493536288388,19.066505432128906,19.066505432128906,6700,0.0,0.0
2023-03-24 00:00:00-04:00,19.868164941794742,20.64382545693596,19.1098380103824,19.369836807250977,5400,0.0,0.0
2023-03-27 00:00:00-04:00,19.76849731897209,19.76849731897209,19.092504152012378,19.75116539001465,6700,0.0,0.0
2023-03-28 00:00:00-04:00,19.759831632962094,20.210494871484116,19.71649932861328,19.71649932861328,3300,0.0,0.0
2023-03-29 00:00:00-04:00,20.15849429188434,20.57449033389054,19.803164132709714,19.933162689208984,3300,0.0,0.0
2023-03-30 00:00:00-04:00,20.320129062560625,20.95623684396577,20.320129062560625,20.629348754882812,4600,0.438,0.0
2023-03-31 00:00:00-04:00,20.76187352185415,21.336137771606445,20.67352478686642,21.336137771606445,15300,0.0,0.0
2023-04-03 00:00:00-04:00,20.991577350650914,21.20361328125,20.673522612196393,21.20361328125,4500,0.0,0.0
2023-04-04 00:00:00-04:00,21.181528881616256,21.181528881616256,20.72653348337449,20.744203567504883,9400,0.0,0.0
2023-04-05 00:00:00-04:00,20.982742309570312,21.20361328125,20.709745775093324,20.761871337890625,3400,0.0,0.0
2023-04-06 00:00:00-04:00,20.79721320952414,21.053422681447525,20.761873042300547,20.770708084106445,6900,0.0,0.0
2023-04-10 00:00:00-04:00,20.75303696207518,21.02691650390625,20.700028399004097,21.02691650390625,2800,0.0,0.0
2023-04-11 00:00:00-04:00,20.770709787791684,20.982745753189416,20.770709787791684,20.779544830322266,4600,0.0,0.0
2023-04-12 00:00:00-04:00,20.744199680034512,20.982740715756222,20.505658644312803,20.673521041870117,9900,0.0,0.0
2023-04-13 00:00:00-04:00,20.80604552514626,21.02691650390625,20.761872003439,21.02691650390625,4900,0.0,0.0
2023-04-14 00:00:00-04:00,20.850222751679105,20.850222751679105,20.545419692993164,20.545419692993164,8500,0.0,0.0
2023-04-17 00:00:00-04:00,20.72653228008132,21.203614413232756,20.390809126654357,20.57634162902832,5900,0.0,0.0
2023-04-18 00:00:00-04:00,20.4349814910674,21.150604650233674,20.4349814910674,20.470321655273438,5300,0.0,0.0
2023-04-19 00:00:00-04:00,20.549838744392492,21.106432941961792,20.328967736845424,21.000415802001953,5900,0.0,0.0
2023-04-20 00:00:00-04:00,21.044587480373718,21.11526612917408,20.779542968650322,21.07109260559082,4400,0.0,0.0
2023-04-21 00:00:00-04:00,21.168274553644103,21.47749427200514,21.106430946994273,21.150606155395508,5800,0.0,0.0
2023-04-24 00:00:00-04:00,21.309630832620005,21.309630832620005,20.563085913889847,20.916479110717773,15200,0.0,0.0
2023-04-25 00:00:00-04:00,21.1868275366452,21.1868275366452,20.5498350715682,20.629348754882812,10100,0.0,0.0
2023-04-26 00:00:00-04:00,20.938572133556175,20.938572133556175,20.629352386794146,20.929737091064453,6500,0.0,0.0
2023-04-27 00:00:00-04:00,20.77070794330896,20.85905667565714,20.65585408572275,20.850221633911133,7500,0.0,0.0
2023-04-28 00:00:00-04:00,20.929733416909702,21.291961669921875,20.867889815436175,21.291961669921875,6800,0.0,0.0
2023-05-01 00:00:00-04:00,21.327301703490967,21.362641869830547,20.108977610302365,20.426149368286133,19800,0.0,0.0
2023-05-02 00:00:00-04:00,20.284789836584977,20.691193312882408,18.164428782098078,20.293624877929688,25200,0.0,0.0
2023-05-03 00:00:00-04:00,19.533828444329483,21.318464538962964,19.030242919921875,19.030242919921875,14200,0.0,0.0
2023-05-04 00:00:00-04:00,18.659182700371705,18.659182700371705,16.3709590204108,17.329538345336914,43000,0.0,0.0
2023-05-05 00:00:00-04:00,17.572495521519972,18.897721468786624,17.572495521519972,17.758028030395508,12200,0.0,0.0
2023-05-08 00:00:00-04:00,18.102588054282396,18.482486466911226,17.554828884766675,18.420642852783203,5600,0.0,0.0
2023-05-09 00:00:00-04:00,18.341127002552316,18.341127002552316,18.111420973359692,18.258962631225586,9700,0.0,0.0
2023-05-10 00:00:00-04:00,18.332293022795447,18.897722244262695,18.24394428566319,18.897722244262695,10400,0.0,0.0
2023-05-11 00:00:00-04:00,17.961229241119305,18.906556829844746,17.952394199108266,18.111421585083008,12600,0.0,0.0
2023-05-12 00:00:00-04:00,18.199770404408184,18.44537884407234,17.890550673037005,17.96122932434082,10600,0.0,0.0
2023-05-15 00:00:00-04:00,18.120258489390487,18.349964549949433,17.97890117290992,18.332294464111328,5600,0.0,0.0
2023-05-16 00:00:00-04:00,18.323457133793227,18.89772137094656,18.129091269174047,18.862382888793945,10600,0.0,0.0
2023-05-17 00:00:00-04:00,18.21744154031694,19.533832550048828,18.21744154031694,19.533832550048828,5400,0.0,0.0
2023-05-18 00:00:00-04:00,19.46315286326628,19.57800504026283,19.259950265330886,19.569169998168945,5500,0.0,0.0
2023-05-19 00:00:00-04:00,19.418977076525895,19.569169417440925,18.9772350956125,19.264368057250977,8000,0.0,0.0
2023-05-22 00:00:00-04:00,19.206938762199083,19.48081828480055,19.184852002896207,19.432228088378906,5600,0.0,0.0
2023-05-23 00:00:00-04:00,19.304127050515074,19.878391352566805,19.304127050515074,19.436649322509766,6700,0.0,0.0
2023-05-24 00:00:00-04:00,19.436649322509766,19.86955630975221,19.304127050515074,19.436649322509766,10600,0.0,0.0
2023-05-25 00:00:00-04:00,19.516158786713664,19.86955199703228,19.392471584380086,19.454315185546875,3900,0.0,0.0
2023-05-26 00:00:00-04:00,19.401307969989528,20.21411332321076,19.34829940144154,20.063920974731445,5200,0.0,0.0
2023-05-30 00:00:00-04:00,20.019746959087154,20.231782913208008,19.539131118679364,20.231782913208008,2700,0.0,0.0
2023-05-31 00:00:00-04:00,20.134602526304732,20.532169342041016,19.87839134017752,20.532169342041016,20800,0.0,0.0
2023-06-01 00:00:00-04:00,20.48799446050816,20.691195376365695,19.896060112275155,20.43498420715332,7900,0.0,0.0
2023-06-02 00:00:00-04:00,20.24061733734814,20.58517554163661,20.010911306118523,20.368722915649414,10400,0.0,0.0
2023-06-05 00:00:00-04:00,20.412895466613467,20.620514726026464,20.412895466613467,20.585174560546875,4000,0.0,0.0
2023-06-06 00:00:00-04:00,20.47032238584634,20.806045532226562,20.461487344479515,20.806045532226562,9300,0.0,0.0
2023-06-07 00:00:00-04:00,20.68235921096078,20.850221633911133,20.67352416921477,20.850221633911133,4200,0.0,0.0
2023-06-08 00:00:00-04:00,20.823715276225375,20.894393920898438,20.823715276225375,20.894393920898438,1300,0.0,0.0
2023-06-09 00:00:00-04:00,20.903228624956682,21.11526455555577,20.89439358387608,20.982742309570312,4200,0.0,0.0
2023-06-12 00:00:00-04:00,20.89439358387608,20.89439358387608,20.761871337890625,20.761871337890625,1400,0.0,0.0
2023-06-13 00:00:00-04:00,20.93856925371841,21.026916296260488,20.89439404733555,21.025150299072266,3100,0.0,0.0
2023-06-14 00:00:00-04:00,21.168273116927594,21.168273116927594,20.93856878927909,20.982742309570312,3400,0.0,0.0
2023-06-15 00:00:00-04:00,21.150606155395508,21.150606155395508,21.150606155395508,21.150606155395508,3100,0.0,0.0
2023-06-16 00:00:00-04:00,21.141771036696387,21.336136897618047,21.141771036696387,21.300798416137695,8500,0.0,0.0
2023-06-20 00:00:00-04:00,21.336138008348332,21.786715045184508,21.336138008348332,21.618852615356445,9000,0.0,0.0
2023-06-21 00:00:00-04:00,21.610017759291114,21.610017759291114,21.208032608032227,21.208032608032227,1700,0.0,0.0
2023-06-22 00:00:00-04:00,21.309636739730067,21.309636739730067,20.850224613947184,20.876728057861328,9200,0.0,0.0
2023-06-23 00:00:00-04:00,20.965073588067817,21.079927444458008,20.93857014821769,21.079927444458008,5000,0.0,0.0
2023-06-26 00:00:00-04:00,21.079926416360102,21.442154680948516,20.894393920898438,20.894393920898438,5500,0.0,0.0
2023-06-27 00:00:00-04:00,21.11526706220303,21.17711067199707,20.894396064303184,21.17711067199707,4300,0.0,0.0
2023-06-28 00:00:00-04:00,21.19212892046725,21.32730185596999,21.106430870104145,21.300798416137695,2800,0.0,0.0
2023-06-29 00:00:00-04:00,21.245008240971398,21.694923693994653,21.087536802638507,21.191017150878906,3100,0.438,0.0
2023-06-30 00:00:00-04:00,21.43667326068674,21.811902612225627,21.191018759364344,21.74891471862793,15200,0.0,0.0
2023-07-03 00:00:00-04:00,21.65893183380975,21.65893183380975,21.55994987487793,21.55994987487793,500,0.0,0.0
2023-07-05 00:00:00-04:00,21.44297176341039,21.595943095656278,21.236011053986946,21.586944580078125,3500,0.0,0.0
2023-07-06 00:00:00-04:00,21.424970583152792,21.802899582789735,21.370981216430664,21.370981216430664,5700,0.0,0.0
2023-07-07 00:00:00-04:00,21.59594464902796,21.59594464902796,21.57794761657715,21.57794761657715,700,0.0,0.0
2023-07-10 00:00:00-04:00,21.44297218322754,21.44297218322754,21.44297218322754,21.44297218322754,200,0.0,0.0
2023-07-11 00:00:00-04:00,21.595943121256866,21.775910000450548,21.595943121256866,21.767810821533203,4500,0.0,0.0
2023-07-12 00:00:00-04:00,22.005365689740582,22.005365689740582,21.73091697692871,21.73091697692871,3700,0.0,0.0
2023-07-13 00:00:00-04:00,21.753413019668344,21.847896575927734,21.73991610432759,21.847896575927734,700,0.0,0.0
2023-07-14 00:00:00-04:00,21.685925297414194,21.94687536912138,21.505958428705526,21.55095100402832,7100,0.0,0.0
2023-07-17 00:00:00-04:00,21.946876881044048,21.955875396728516,21.946876881044048,21.955875396728516,1800,0.0,0.0
2023-07-18 00:00:00-04:00,21.95587471316253,21.95587471316253,21.685926116198477,21.73091697692871,3400,0.0,0.0
2023-07-19 00:00:00-04:00,21.73091697692871,21.73091697692871,21.73091697692871,21.73091697692871,600,0.0,0.0
2023-07-20 00:00:00-04:00,21.901884453765955,21.910882968807375,21.703922271728516,21.703922271728516,5300,0.0,0.0
2023-07-21 00:00:00-04:00,21.89288593872454,21.90998363219061,21.703922271728516,21.703922271728516,2900,0.0,0.0
2023-07-24 00:00:00-04:00,21.71292149738053,21.9108854178361,21.703924697624775,21.721920013427734,1900,0.0,0.0
2023-07-25 00:00:00-04:00,21.85689287762347,21.85689287762347,21.604939613605282,21.685924530029297,5800,0.0,0.0
2023-07-26 00:00:00-04:00,21.730916786946807,21.982870067190866,21.730916786946807,21.92888069152832,3500,0.0,0.0
2023-07-27 00:00:00-04:00,21.865892022719912,22.045858904374214,21.80290412902832,21.80290412902832,2800,0.0,0.0
2023-07-28 00:00:00-04:00,21.955875364063232,22.04585880448266,21.874890439314882,21.901885986328125,5400,0.0,0.0
2023-07-31 00:00:00-04:00,21.83889460361339,22.108843165449283,21.83889460361339,21.856891632080078,2000,0.0,0.0
2023-08-01 00:00:00-04:00,21.865890502929688,21.865890502929688,21.865890502929688,21.865890502929688,600,0.0,0.0
2023-08-02 00:00:00-04:00,21.86588922952079,21.86588922952079,21.73091494366768,21.775907516479492,2300,0.0,0.0
2023-08-03 00:00:00-04:00,21.73091697692871,21.73091697692871,21.73091697692871,21.73091697692871,1600,0.0,0.0
2023-08-04 00:00:00-04:00,21.73091697692871,21.73091697692871,21.73091697692871,21.73091697692871,0,0.0,0.0
2023-08-07 00:00:00-04:00,21.946875422416124,21.955873937502535,21.865890502929688,21.865890502929688,3200,0.0,0.0
2023-08-08 00:00:00-04:00,21.865890601702887,21.865890601702887,21.29899787902832,21.29899787902832,9800,0.0,0.0
2023-08-09 00:00:00-04:00,21.325992711460252,21.36198505447396,21.2810001373291,21.2810001373291,3700,0.0,0.0
2023-08-10 00:00:00-04:00,21.23601095564818,21.316995879185175,20.966060638427734,20.966060638427734,7700,0.0,0.0
2023-08-11 00:00:00-04:00,20.957062687416652,20.982257843017578,20.921068627248893,20.982257843017578,5900,0.0,0.0
2023-08-14 00:00:00-04:00,20.966060638427734,21.191018377965765,20.69611203749864,20.966060638427734,5600,0.0,0.0
2023-08-15 00:00:00-04:00,20.966060638427734,20.966060638427734,20.966060638427734,20.966060638427734,900,0.0,0.0
2023-08-16 00:00:00-04:00,20.87607829059978,20.921069150643785,20.46215516977148,20.588130950927734,11400,0.0,0.0
2023-08-17 00:00:00-04:00,20.69611245411318,20.831086757294774,20.69611245411318,20.82208824157715,4200,0.0,0.0
2023-08-18 00:00:00-04:00,20.741101289682536,20.87607729596626,20.741101289682536,20.86707878112793,7900,0.0,0.0
2023-08-21 00:00:00-04:00,20.876079660166404,20.876079660166404,20.759100670311557,20.777097702026367,3500,0.0,0.0
2023-08-22 00:00:00-04:00,20.813087425024484,20.813087425024484,20.759098052978516,20.759098052978516,1000,0.0,0.0
2023-08-23 00:00:00-04:00,20.777094639471716,21.03804469570663,20.777094639471716,20.84908103942871,19000,0.0,0.0
2023-08-24 00:00:00-04:00,20.921069318544216,20.921069318544216,20.698811310167127,20.795093536376953,5700,0.0,0.0
2023-08-25 00:00:00-04:00,20.82208625917616,20.82208625917616,20.714107513427734,20.714107513427734,700,0.0,0.0
2023-08-28 00:00:00-04:00,20.750100604785853,20.822087009977558,20.750100604785853,20.786094665527344,1600,0.0,0.0
2023-08-29 00:00:00-04:00,20.966058941635968,20.966058941635968,20.786093794345007,20.790592193603516,3600,0.0,0.0
2023-08-30 00:00:00-04:00,21.119032616203476,21.141529763878765,20.79509462843439,21.13702964782715,2800,0.0,0.0
2023-08-31 00:00:00-04:00,21.137029512745926,21.44297218322754,20.894074736253224,21.44297218322754,14700,0.0,0.0
2023-09-01 00:00:00-04:00,21.44297218322754,21.44297218322754,21.44297218322754,21.44297218322754,300,0.0,0.0
2023-09-05 00:00:00-04:00,21.029049829640634,21.119031550636134,20.99305576820938,21.11003303527832,2400,0.0,0.0
2023-09-06 00:00:00-04:00,21.11003212181114,21.20901407017265,21.011051889740873,21.029048919677734,2800,0.0,0.0
2023-09-07 00:00:00-04:00,21.02904658110874,21.325990676879883,21.02904658110874,21.325990676879883,4500,0.0,0.0
2023-09-08 00:00:00-04:00,21.05604362487793,21.05604362487793,21.05604362487793,21.05604362487793,400,0.0,0.0
2023-09-11 00:00:00-04:00,21.128031132015312,21.146028163638984,21.101037300871205,21.13702964782715,3300,0.0,0.0
2023-09-12 00:00:00-04:00,21.191017182285428,21.21351432800293,21.056042889436657,21.21351432800293,4000,0.0,0.0
2023-09-13 00:00:00-04:00,21.13702964782715,21.13702964782715,21.13702964782715,21.13702964782715,700,0.0,0.0
2023-09-14 00:00:00-04:00,21.2000164377841,21.2000164377841,21.05604362487793,21.05604362487793,3300,0.0,0.0
2023-09-15 00:00:00-04:00,21.02904934694426,21.15052501075812,21.02904934694426,21.146026611328125,3400,0.0,0.0
2023-09-18 00:00:00-04:00,21.325993031098093,21.325993031098093,21.128029134536344,21.23600959777832,3300,0.0,0.0
2023-09-19 00:00:00-04:00,21.110032870773733,21.119031386061422,21.056043495338894,21.101036071777344,6000,0.0,0.0
2023-09-20 00:00:00-04:00,21.065042010626584,21.101036071777344,21.065042010626584,21.101036071777344,1500,0.0,0.0
2023-09-21 00:00:00-04:00,21.05604479056529,21.20001761144197,20.73210680173847,20.984058380126953,7800,0.0,0.0
2023-09-22 00:00:00-04:00,20.804092349641277,21.218013763427734,20.74110274136429,21.218013763427734,4900,0.0,0.0
2023-09-25 00:00:00-04:00,20.876078466890867,21.05604362487793,20.876078466890867,21.05604362487793,1600,0.0,0.0
2023-09-26 00:00:00-04:00,20.705108360435435,21.193715859914303,20.705108360435435,20.95526123046875,3800,0.0,0.0
2023-09-27 00:00:00-04:00,20.858077941842893,21.577941885774674,20.858077941842893,21.370981216430664,16300,0.0,0.0
2023-09-28 00:00:00-04:00,21.047044817526277,21.86589082317864,21.047044817526277,21.820899963378906,19200,0.0,0.0
2023-09-29 00:00:00-04:00,21.8373981293697,22.295589447021484,21.76408758845986,22.295589447021484,21100,0.438,0.0
2023-10-02 00:00:00-04:00,22.194787048184022,22.194787048184022,21.947365062235576,21.974855422973633,2700,0.0,0.0
2023-10-03 00:00:00-04:00,21.99317954784416,21.99317954784416,21.269236548754407,21.580806732177734,4900,0.0,0.0
2023-10-04 00:00:00-04:00,21.855724334716797,21.855724334716797,21.296730415613506,21.855724334716797,5400,0.0,0.0
2023-10-05 00:00:00-04:00,21.736594822374965,21.745758858194016,21.315059661865234,21.315059661865234,5600,0.0,0.0
2023-10-06 00:00:00-04:00,21.31505782929111,21.31505782929111,21.12261658935848,21.13178062438965,800,0.0,0.0
2023-10-09 00:00:00-04:00,21.168435566358283,21.626626804816855,21.168435566358283,21.324220657348633,1500,0.0,0.0
2023-10-10 00:00:00-04:00,21.324221047573648,21.324221047573648,21.21425437927246,21.21425437927246,2200,0.0,0.0
2023-10-11 00:00:00-04:00,21.33613395690918,21.33613395690918,21.33613395690918,21.33613395690918,600,0.0,0.0
2023-10-12 00:00:00-04:00,21.30589327969394,21.30589327969394,20.83853799155734,20.847702026367188,9200,0.0,0.0
2023-10-13 00:00:00-04:00,21.534988403320312,21.534988403320312,21.534988403320312,21.534988403320312,500,0.0,0.0
2023-10-16 00:00:00-04:00,21.938197524153942,21.993179984714676,21.076797485351562,21.076797485351562,6400,0.0,0.0
2023-10-17 00:00:00-04:00,21.168435743906034,21.99317963047674,21.168435743906034,21.466259002685547,10300,0.0,0.0
2023-10-18 00:00:00-04:00,21.150108979449946,21.974852916898026,21.14552783580311,21.73659324645996,10600,0.0,0.0
2023-10-19 00:00:00-04:00,21.305892782008392,21.84655858813339,21.305892782008392,21.534988403320312,2800,0.0,0.0
2023-10-20 00:00:00-04:00,21.626626713456147,21.901540756225586,21.351710922825855,21.901540756225586,7800,0.0,0.0
2023-10-23 00:00:00-04:00,21.626629091106288,21.745758056640625,21.379205376695307,21.745758056640625,1700,0.0,0.0
2023-10-24 00:00:00-04:00,21.654117357343722,21.654117357343722,21.534988403320312,21.534988403320312,4200,0.0,0.0
2023-10-25 00:00:00-04:00,21.719181575906457,21.719181575906457,21.35171130277129,21.48917007446289,2400,0.0,0.0
2023-10-26 00:00:00-04:00,21.48917007446289,21.48917007446289,21.48917007446289,21.48917007446289,0,0.0,0.0
2023-10-27 00:00:00-04:00,21.525826358232372,21.722848750599134,21.351713180541992,21.351713180541992,3200,0.0,0.0
2023-10-30 00:00:00-04:00,21.901540756225586,21.901540756225586,21.901540756225586,21.901540756225586,300,0.0,0.0
2023-10-31 00:00:00-04:00,21.672446258237322,21.892377853393555,21.425022558238705,21.892377853393555,5400,0.0,0.0
2023-11-01 00:00:00-04:00,21.855723955609484,21.855723955609484,21.5808081445528,21.73659324645996,2200,0.0,0.0
2023-11-02 00:00:00-04:00,21.89237646124946,21.89237646124946,21.87405014038086,21.87405014038086,600,0.0,0.0
2023-11-03 00:00:00-04:00,21.89237778090007,22.213112011555367,21.828231284341197,22.075654983520508,5800,0.0,0.0
2023-11-06 00:00:00-05:00,22.1581298225387,22.194784214797206,21.672446453121538,21.80074119567871,4000,0.0,0.0
2023-11-07 00:00:00-05:00,22.22227778060229,22.22227778060229,21.56248294583089,21.72743034362793,1200,0.0,0.0
2023-11-08 00:00:00-05:00,21.864888090614127,21.864888090614127,21.69077491760254,21.69077491760254,2900,0.0,0.0
2023-11-09 00:00:00-05:00,21.672446453121538,21.80074119567871,21.672446453121538,21.80074119567871,400,0.0,0.0
2023-11-10 00:00:00-05:00,21.809904100274817,21.809904100274817,21.15010929019462,21.370040893554688,12400,0.0,0.0
2023-11-13 00:00:00-05:00,21.397531509399414,21.397531509399414,21.397531509399414,21.397531509399414,800,0.0,0.0
2023-11-14 00:00:00-05:00,21.74575696172686,21.74575696172686,21.342549908019286,21.66328239440918,4400,0.0,0.0
2023-11-15 00:00:00-05:00,21.38836744131862,21.654117454343215,21.38836744131862,21.48917007446289,3200,0.0,0.0
2023-11-16 00:00:00-05:00,21.489170274242415,21.523992907041762,21.16843605041504,21.16843605041504,36000,0.0,0.0
2023-11-17 00:00:00-05:00,21.76408650478972,21.76408650478972,21.214256601412288,21.287567138671875,7300,0.0,0.0
2023-11-20 00:00:00-05:00,21.270154399111863,21.76408415614119,21.269236772144122,21.397531509399414,4200,0.0,0.0
2023-11-21 00:00:00-05:00,21.62662713209564,21.76408415614119,21.067633253401368,21.397531509399414,27400,0.0,0.0
2023-11-22 00:00:00-05:00,21.626628632268737,21.626628632268737,21.387453079223633,21.387453079223633,1100,0.0,0.0
2023-11-24 00:00:00-05:00,21.387453079223633,21.387453079223633,21.387453079223633,21.387453079223633,1100,0.0,0.0
2023-11-27 00:00:00-05:00,21.754918013290304,21.754918013290304,21.534986446558104,21.718263626098633,2500,0.0,0.0
2023-11-28 00:00:00-05:00,21.681609283819096,21.764083846645782,21.60829875551325,21.695354461669922,4200,0.0,0.0
2023-11-29 00:00:00-05:00,21.754920959472656,21.754920959472656,21.754920959472656,21.754920959472656,800,0.0,0.0
2023-11-30 00:00:00-05:00,21.764085898099896,22.50635528564453,21.544154292451896,22.50635528564453,17900,0.0,0.0
2023-12-01 00:00:00-05:00,22.35973161367493,22.68046582337564,22.286421086988554,22.54300880432129,4700,0.0,0.0
2023-12-04 00:00:00-05:00,22.54300880432129,22.54300880432129,22.54300880432129,22.54300880432129,1200,0.0,0.0
2023-12-05 00:00:00-05:00,22.652977405511947,22.86374673340058,22.64381336970278,22.680469512939453,4900,0.0,0.0
2023-12-06 00:00:00-05:00,22.88207071054903,22.88207071054903,22.607156655911517,22.65297508239746,3100,0.0,0.0
2023-12-07 00:00:00-05:00,22.65297508239746,22.65297508239746,22.65297508239746,22.65297508239746,400,0.0,0.0
2023-12-08 00:00:00-05:00,22.854580282205745,22.854580282205745,22.58882851540919,22.836252212524414,1000,0.0,0.0
2023-12-11 00:00:00-05:00,22.827091208016515,22.827091208016515,22.451374468976816,22.478866577148438,2900,0.0,0.0
2023-12-12 00:00:00-05:00,22.726285934448242,22.726285934448242,22.726285934448242,22.726285934448242,900,0.0,0.0
2023-12-13 00:00:00-05:00,22.552174513053995,22.726285934448242,22.49719030306122,22.726285934448242,3900,0.0,0.0
2023-12-14 00:00:00-05:00,22.717123671304094,22.863744735717773,22.70795963629562,22.863744735717773,2000,0.0,0.0
2023-12-15 00:00:00-05:00,22.863744735717773,22.863744735717773,22.863744735717773,22.863744735717773,100,0.0,0.0
2023-12-18 00:00:00-05:00,22.891235450602494,22.909563520905856,22.68963192084848,22.845417022705078,5700,0.0,0.0
2023-12-19 00:00:00-05:00,22.84541660446345,23.340262258567936,22.68046747047497,22.81792449951172,4000,0.0,0.0
2023-12-20 00:00:00-05:00,22.9553803576122,22.9553803576122,22.772104910865593,22.918725967407227,2200,0.0,0.0
2023-12-21 00:00:00-05:00,22.909563779570398,22.909563779570398,22.76294271121003,22.872907638549805,6800,0.0,0.0
2023-12-22 00:00:00-05:00,22.955383127588878,23.321937561035156,22.94622083982769,23.321937561035156,3400,0.0,0.0
2023-12-26 00:00:00-05:00,23.184478861329925,23.184478861329925,23.129496395251643,23.138660430908203,1200,0.0,0.0
2023-12-27 00:00:00-05:00,23.184478861329925,23.321937648317256,22.90956478307743,23.138660430908203,4900,0.0,0.0
2023-12-28 00:00:00-05:00,22.871017059626862,23.07151745653389,22.871017059626862,22.987586975097656,4100,0.438,0.0
2023-12-29 00:00:00-05:00,22.98758392229455,22.98758392229455,22.409398214424595,22.754444122314453,12900,0.0,0.0
2024-01-02 00:00:00-05:00,22.754444908963663,22.96893310546875,22.08300290214599,22.96893310546875,7200,0.0,0.0
2024-01-03 00:00:00-05:00,22.57725955457119,22.70781906468314,22.57725955457119,22.661190032958984,1400,0.0,0.0
2024-01-04 00:00:00-05:00,22.679842469403386,22.987586975097656,22.679842469403386,22.987586975097656,1000,0.0,0.0
2024-01-05 00:00:00-05:00,23.080841842962773,23.087369729368,22.847702026367188,22.847702026367188,2300,0.0,0.0
2024-01-08 00:00:00-05:00,22.707817726225283,23.090166870248268,22.707817726225283,23.080841064453125,6800,0.0,0.0
2024-01-09 00:00:00-05:00,22.903656493661423,23.028620168762142,22.661190856036278,22.987586975097656,3200,0.0,0.0
2024-01-10 00:00:00-05:00,22.819726006150802,23.080843257073546,22.679842463366235,22.912050247192383,13700,0.0,0.0
2024-01-11 00:00:00-05:00,22.847700485565046,23.090166091918945,22.815993102673474,23.090166091918945,7800,0.0,0.0
2024-01-12 00:00:00-05:00,23.080840579279407,23.22072410583496,23.080840579279407,23.22072410583496,3000,0.0,0.0
2024-01-16 00:00:00-05:00,23.30465429705218,23.313980102539062,22.642538115923525,23.313980102539062,2700,0.0,0.0
2024-01-17 00:00:00-05:00,23.141457147820617,23.313980102539062,22.996909830847287,23.313980102539062,2800,0.0,0.0
2024-01-18 00:00:00-05:00,23.267353133830508,23.31398038311051,23.22072410583496,23.22072410583496,3500,0.0,0.0
2024-01-19 00:00:00-05:00,23.239375437359556,23.64970198520459,23.2207238263858,23.313980102539062,5100,0.0,0.0
2024-01-22 00:00:00-05:00,23.080841064453125,23.313980873184974,23.080841064453125,23.080841064453125,1900,0.0,0.0
2024-01-23 00:00:00-05:00,23.024887247307923,23.313980102539062,23.024887247307923,23.313980102539062,3500,0.0,0.0
2024-01-24 00:00:00-05:00,22.959610061684494,23.67767934937596,22.894329418516495,23.36060905456543,11100,0.0,0.0
2024-01-25 00:00:00-05:00,22.987585522883627,23.65436553955078,22.987585522883627,23.65436553955078,3700,0.0,0.0
2024-01-26 00:00:00-05:00,23.55644642617816,23.593747870545716,23.36993386819365,23.575098037719727,3100,0.0,0.0
2024-01-29 00:00:00-05:00,23.463191143685204,23.477178963577664,23.36060905456543,23.36060905456543,3900,0.0,0.0
2024-01-30 00:00:00-05:00,23.36060686969007,23.463188949215528,23.295328011343138,23.4538631439209,4200,0.0,0.0
2024-01-31 00:00:00-05:00,23.34196063981193,23.46319256991897,23.05286596721341,23.27667999267578,6900,0.0,0.0
2024-02-01 00:00:00-05:00,23.26735496003144,23.491168975830078,22.838376762380616,23.491168975830078,6000,0.0,0.0
2024-02-02 00:00:00-05:00,23.239375437359556,23.313980102539062,22.97825821987353,23.313980102539062,2000,0.0,0.0
2024-02-05 00:00:00-05:00,23.220724942129443,23.220724942129443,22.847701598308348,22.87567901611328,7500,0.0,0.0
2024-02-06 00:00:00-05:00,23.02488779400317,23.02488779400317,22.903654098510742,22.903654098510742,3300,0.0,0.0
2024-02-07 00:00:00-05:00,23.08084227644989,23.08084227644989,22.819725036621094,22.819725036621094,6700,0.0,0.0
2024-02-08 00:00:00-05:00,23.593748661173613,23.593748661173613,22.735794067382812,22.735794067382812,1200,0.0,0.0
2024-02-09 00:00:00-05:00,23.23004991143407,23.23004991143407,23.22072410583496,23.22072410583496,700,0.0,0.0
2024-02-12 00:00:00-05:00,23.23937564115535,23.267353057861328,23.23937564115535,23.267353057861328,900,0.0,0.0
2024-02-13 00:00:00-05:00,23.034212834643576,23.13679313659668,23.034212834643576,23.13679313659668,900,0.0,0.0
2024-02-14 00:00:00-05:00,23.12746775304696,23.407236583960156,23.12746775304696,23.267353057861328,3300,0.0,0.0
2024-02-15 00:00:00-05:00,23.127468314713262,23.267353622924837,23.04353784127255,23.080841064453125,3800,0.0,0.0
2024-02-16 00:00:00-05:00,23.034215429202142,23.17409896850586,23.034215429202142,23.17409896850586,800,0.0,0.0
2024-02-20 00:00:00-05:00,23.17409896850586,23.17409896850586,23.17409896850586,23.17409896850586,0,0.0,0.0
2024-02-21 00:00:00-05:00,23.082707365291327,23.27667808179557,23.046336188400893,23.05286407470703,2700,0.0,0.0
2024-02-22 00:00:00-05:00,23.267353830588032,23.267353830588032,23.03421401977539,23.03421401977539,2200,0.0,0.0
2024-02-23 00:00:00-05:00,23.313981516405725,23.360608767952282,23.230051040649414,23.230051040649414,4100,0.0,0.0
2024-02-26 00:00:00-05:00,23.052865263384454,23.313982507809573,23.052865263384454,23.17409896850586,2700,0.0,0.0
2024-02-27 00:00:00-05:00,23.258026123046875,23.258026123046875,23.034212136412474,23.258026123046875,3000,0.0,0.0
2024-02-28 00:00:00-05:00,23.256163575055144,23.256163575055144,23.08084268273148,23.17409896850586,2600,0.0,0.0
2024-02-29 00:00:00-05:00,23.220723241301588,23.836212158203125,23.174095993757568,23.836212158203125,19500,0.0,0.0
2024-03-01 00:00:00-05:00,23.770934185173612,23.770934185173612,23.174096856554957,23.22072410583496,11100,0.0,0.0
2024-03-04 00:00:00-05:00,23.201140447691493,23.31398038311051,23.201140447691493,23.22072410583496,2100,0.0,0.0
2024-03-05 00:00:00-05:00,23.174096430874123,23.248701095581055,22.8850035774742,23.248701095581055,5200,0.0,0.0
2024-03-06 00:00:00-05:00,22.847702857653385,23.17409896850586,22.847702857653385,23.17409896850586,3600,0.0,0.0
2024-03-07 00:00:00-05:00,23.51727773757051,23.51727773757051,22.98758338446312,23.164770126342773,4600,0.0,0.0
2024-03-08 00:00:00-05:00,23.090165960739384,23.304654149432377,23.090165960739384,23.248701095581055,1500,0.0,0.0
2024-03-11 00:00:00-04:00,23.354077796790122,23.354077796790122,22.99690818786621,22.99690818786621,700,0.0,0.0
2024-03-12 00:00:00-04:00,23.50142513244175,23.50142513244175,23.1740970023308,23.28600311279297,3200,0.0,0.0
2024-03-13 00:00:00-04:00,23.52846914653062,23.52846914653062,23.21139886333113,23.416563034057617,2400,0.0,0.0
2024-03-14 00:00:00-04:00,23.649705147162162,24.013402716199046,23.27667999267578,23.27667999267578,1900,0.0,0.0
2024-03-15 00:00:00-04:00,23.252431413208363,23.45386383308792,23.252431413208363,23.267353057861328,4600,0.0,0.0
2024-03-18 00:00:00-04:00,23.183422088623047,23.183422088623047,23.127467256412647,23.183422088623047,3500,0.0,0.0
2024-03-19 00:00:00-04:00,23.295328476349695,23.313980087311272,23.052862869995796,23.090166091918945,4100,0.0,0.0
2024-03-20 00:00:00-04:00,23.472515444225238,23.472515444225238,23.220724030018026,23.267353057861328,3000,0.0,0.0
2024-03-21 00:00:00-04:00,23.5004940032959,23.5004940032959,23.491168197273907,23.5004940032959,4500,0.0,0.0
2024-03-22 00:00:00-04:00,23.687002959843404,23.687002959843404,23.46318896873254,23.677677154541016,1200,0.0,0.0
2024-03-25 00:00:00-04:00,23.379259887887365,23.470650295075462,23.351284249034613,23.36993408203125,1600,0.0,0.0
2024-03-26 00:00:00-04:00,23.341957240329876,23.472514958156452,23.341957240329876,23.407236099243164,5400,0.0,0.0
2024-03-27 00:00:00-04:00,23.595163306149797,23.889390492157347,23.53821470733097,23.822952270507812,3600,0.438,0.0
2024-03-28 00:00:00-04:00,23.633128145940614,23.633128145940614,23.41483060624372,23.614145278930664,7000,0.0,0.0
2024-04-01 00:00:00-04:00,23.53821425821892,23.756513595581055,23.44330354927665,23.756513595581055,2800,0.0,0.0
2024-04-02 00:00:00-04:00,23.633128145940614,23.89888285316238,23.53821562119671,23.614145278930664,5500,0.0,0.0
2024-04-03 00:00:00-04:00,23.87040670222778,23.87040670222778,23.690073100224296,23.76600456237793,1500,0.0,0.0
2024-04-04 00:00:00-04:00,23.851425678131733,23.889391412139684,23.633128138503533,23.879899978637695,2700,0.0,0.0
2024-04-05 00:00:00-04:00,23.889391972227738,23.889391972227738,23.680585861206055,23.680585861206055,1400,0.0,0.0
2024-04-08 00:00:00-04:00,23.73468451762019,23.88939144432996,23.72804069519043,23.72804069519043,2500,0.0,0.0
2024-04-09 00:00:00-04:00,23.775495529174805,23.775495529174805,23.775495529174805,23.775495529174805,600,0.0,0.0
2024-04-10 00:00:00-04:00,23.898882378751132,23.898882378751132,23.78498698925819,23.88939094543457,6000,0.0,0.0
2024-04-11 00:00:00-04:00,23.737530196835742,23.737530196835742,23.5382137298584,23.5382137298584,5800,0.0,0.0
2024-04-12 00:00:00-04:00,23.661602439009496,23.879899978637695,23.661602439009496,23.879899978637695,2600,0.0,0.0
2024-04-15 00:00:00-04:00,23.88939240415057,23.88939240415057,23.53821659121775,23.633129119873047,7800,0.0,0.0
2024-04-16 00:00:00-04:00,23.6729906687779,23.75651455804676,23.329409109279954,23.58567237854004,23100,0.0,0.0
2024-04-17 00:00:00-04:00,23.59516285971983,23.59516285971983,23.39584638823661,23.41482925415039,3400,0.0,0.0
2024-04-18 00:00:00-04:00,23.592314715459057,23.633126246975912,23.51923267467945,23.5382137298584,3400,0.0,0.0
2024-04-19 00:00:00-04:00,23.528724639327336,23.528724639327336,23.41482925415039,23.41482925415039,1100,0.0,0.0
2024-04-22 00:00:00-04:00,23.538214261978492,23.538214261978492,23.41482925415039,23.41482925415039,3500,0.0,0.0
2024-04-23 00:00:00-04:00,23.405338316028363,23.576180492252856,23.405338316028363,23.51923370361328,3400,0.0,0.0
2024-04-24 00:00:00-04:00,23.52872696762754,23.633129119873047,23.443305872868365,23.633129119873047,3200,0.0,0.0
2024-04-25 00:00:00-04:00,23.5192331716752,23.661601045207064,23.5192331716752,23.64261817932129,4700,0.0,0.0
2024-04-26 00:00:00-04:00,23.405338128379068,23.633127091416863,23.405338128379068,23.627431869506836,2400,0.0,0.0
2024-04-29 00:00:00-04:00,23.633128170348503,23.82295322003236,23.633128170348503,23.72804069519043,13100,0.0,0.0
2024-04-30 00:00:00-04:00,23.80396940423487,23.822952270507812,23.728039749448865,23.822952270507812,5100,0.0,0.0
2024-05-01 00:00:00-04:00,23.81346037140319,23.88939002470345,23.775494639600193,23.832443237304688,14200,0.0,0.0
2024-05-02 00:00:00-04:00,23.870408585583476,24.107688992617717,23.870408585583476,23.917865753173828,9100,0.0,0.0
2024-05-03 00:00:00-04:00,23.84193513678076,23.84193513678076,23.747022615721807,23.822952270507812,6300,0.0,0.0
2024-05-06 00:00:00-04:00,23.917865721146992,24.069725036621094,23.82295319639922,24.069725036621094,3600,0.0,0.0
2024-05-07 00:00:00-04:00,23.879900019101548,24.022267901260925,23.879900019101548,23.917865753173828,24900,0.0,0.0
2024-05-08 00:00:00-04:00,23.94633770806898,23.949185319091324,23.775495529174805,23.775495529174805,4500,0.0,0.0
2024-05-09 00:00:00-04:00,23.837188720703125,23.837188720703125,23.837188720703125,23.837188720703125,400,0.0,0.0
2024-05-10 00:00:00-04:00,23.82295220271692,23.998539189477572,23.82295220271692,23.936845779418945,7900,0.0,0.0
2024-05-13 00:00:00-04:00,23.96532111045834,23.96532111045834,23.917865753173828,23.917865753173828,1400,0.0,0.0
2024-05-14 00:00:00-04:00,23.995691165643755,23.995691165643755,23.90837287902832,23.90837287902832,1500,0.0,0.0
2024-05-15 00:00:00-04:00,23.775494688338334,23.91122055053711,23.775494688338334,23.91122055053711,2600,0.0,0.0
2024-05-16 00:00:00-04:00,23.75651404885828,23.917864791566764,23.728039749448865,23.822952270507812,5300,0.0,0.0
2024-05-17 00:00:00-04:00,23.74702305192679,23.965320587158203,23.74702305192679,23.965320587158203,6200,0.0,0.0
2024-05-20 00:00:00-04:00,23.854270945812498,24.098195150902807,23.828646069210894,24.079214096069336,10900,0.0,0.0
2024-05-21 00:00:00-04:00,23.936845821450564,23.98904779849139,23.91786476550407,23.974811553955078,11800,0.0,0.0
2024-05-22 00:00:00-04:00,23.84193557472917,24.003286320401475,23.84193557472917,23.965320587158203,4600,0.0,0.0
2024-05-23 00:00:00-04:00,23.843834265464555,23.860918122369462,23.747024536132812,23.747024536132812,7000,0.0,0.0
2024-05-24 00:00:00-04:00,23.9273555579366,23.936846991526686,23.818206787109375,23.818206787109375,2600,0.0,0.0
2024-05-28 00:00:00-04:00,23.980507283770343,24.003286361694336,23.73753165945165,24.003286361694336,2200,0.0,0.0
2024-05-29 00:00:00-04:00,23.917865230909914,23.965320587158203,23.917865230909914,23.965320587158203,900,0.0,0.0
2024-05-30 00:00:00-04:00,23.94633868861791,24.07921695003545,23.775496502728128,23.794479370117188,8900,0.0,0.0
2024-05-31 00:00:00-04:00,23.927354333508877,24.012775421142578,23.756513968547228,24.012775421142578,7400,0.0,0.0
2024-06-03 00:00:00-04:00,24.117178861897102,24.325984954833984,23.96531955606924,24.325984954833984,11800,0.0,0.0
2024-06-04 00:00:00-04:00,24.20260151749258,24.20260151749258,23.917865753173828,23.917865753173828,3500,0.0,0.0
2024-06-05 00:00:00-04:00,24.050742201815133,24.20260151749258,23.917865753173828,23.917865753173828,6300,0.0,0.0
2024-06-06 00:00:00-04:00,24.003285678039973,24.012775300791034,23.784986338344755,23.84952735900879,6800,0.0,0.0
2024-06-07 00:00:00-04:00,24.19311052086507,24.19311052086507,23.803970791126112,24.06023406982422,1500,0.0,0.0
2024-06-10 00:00:00-04:00,23.92735485391493,23.965320587158203,23.92735485391493,23.965320587158203,500,0.0,0.0
2024-06-11 00:00:00-04:00,23.775496036388976,23.917865728708566,23.775496036388976,23.803970336914062,6700,0.0,0.0
2024-06-12 00:00:00-04:00,23.91786405864019,24.03175763217622,23.91786405864019,23.972911834716797,14800,0.0,0.0
2024-06-13 00:00:00-04:00,23.822952270507812,23.822952270507812,23.809664626177906,23.822952270507812,3100,0.0,0.0
2024-06-14 00:00:00-04:00,23.83244414141835,23.97481202046902,23.83244414141835,23.965320587158203,800,0.0,0.0
2024-06-17 00:00:00-04:00,23.96532111045834,23.96532111045834,23.870408585583476,23.917865753173828,700,0.0,0.0
2024-06-18 00:00:00-04:00,23.96532102217368,24.25005678544351,23.83244457402187,24.107688903808594,12000,0.0,0.0
2024-06-20 00:00:00-04:00,23.92355865712955,23.965320601661265,23.88939094543457,23.88939094543457,3000,0.0,0.0
2024-06-21 00:00:00-04:00,23.927354079995602,23.984302678018537,23.919761657714844,23.919761657714844,1300,0.0,0.0
2024-06-24 00:00:00-04:00,24.107689839483236,24.3164977636042,24.107689839483236,24.278532028198242,2100,0.0,0.0
2024-06-25 00:00:00-04:00,24.09819603855027,24.392425028127654,24.09819603855027,24.363950729370117,6300,0.0,0.0
2024-06-26 00:00:00-04:00,24.25005635768682,24.29751352426523,24.1551456451416,24.1551456451416,1700,0.0,0.0
2024-06-27 00:00:00-04:00,24.01277686161433,24.155146556414778,24.01277686161433,24.022268295288086,5100,0.0,0.0
2024-06-28 00:00:00-04:00,24.242477886666823,24.261795043945312,24.242477886666823,24.261795043945312,3300,0.438,0.0
2024-07-01 00:00:00-04:00,24.382525251937498,24.382525251937498,24.213502883911133,24.213502883911133,900,0.0,0.0
2024-07-02 00:00:00-04:00,24.19418652679405,24.223162264548144,24.145895472722856,24.165212631225586,5600,0.0,0.0
2024-07-03 00:00:00-04:00,24.145895706667314,24.184530024047092,24.145895706667314,24.17487144470215,2100,0.0,0.0
2024-07-05 00:00:00-04:00,24.14589403612323,24.19418508732127,24.14589403612323,24.184528350830078,5700,0.0,0.0
2024-07-08 00:00:00-04:00,24.145894205421378,24.194185256958008,24.145894205421378,24.194185256958008,2500,0.0,0.0
2024-07-09 00:00:00-04:00,24.194186057406768,24.194186057406768,24.14589500427246,24.14589500427246,4100,0.0,0.0
2024-07-10 00:00:00-04:00,24.145895806325303,24.19418686106369,24.097604751586914,24.097604751586914,3700,0.0,0.0
2024-07-11 00:00:00-04:00,24.136235626676946,24.23281957193574,24.136235626676946,24.194185256958008,9000,0.0,0.0
2024-07-12 00:00:00-04:00,24.194185726047735,24.213502883911133,24.184528989301604,24.213502883911133,16000,0.0,0.0
2024-07-15 00:00:00-04:00,24.358377526498106,24.483937208584305,24.290769317152712,24.401840209960938,8300,0.0,0.0
2024-07-16 00:00:00-04:00,24.208675887025016,24.435646057128906,24.208675887025016,24.435646057128906,7600,0.0,0.0
2024-07-17 00:00:00-04:00,24.33906371156285,24.435645821047217,24.33906371156285,24.382526397705078,2000,0.0,0.0
2024-07-18 00:00:00-04:00,24.30912142957962,24.30912142957962,24.22316136695767,24.290769577026367,2100,0.0,0.0
2024-07-19 00:00:00-04:00,24.223162835150504,24.435646057128906,24.223162835150504,24.435646057128906,700,0.0,0.0
2024-07-22 00:00:00-04:00,24.425990048713764,24.628814697265625,24.425990048713764,24.628814697265625,1400,0.0,0.0
2024-07-23 00:00:00-04:00,24.445304268747563,24.580522537231445,24.445304268747563,24.580522537231445,700,0.0,0.0
2024-07-24 00:00:00-04:00,24.445303571359243,24.580521835985547,24.401840886691073,24.453031539916992,7700,0.0,0.0
2024-07-25 00:00:00-04:00,24.55154650426161,24.86061367047901,24.55154650426161,24.81232261657715,15200,0.0,0.0
2024-07-26 00:00:00-04:00,24.608529806740716,24.860612634601182,24.608529806740716,24.850954055786133,3500,0.0,0.0
2024-07-29 00:00:00-04:00,24.33906323417391,24.870272194661364,24.33906323417391,24.51677703857422,7900,0.0,0.0
2024-07-30 00:00:00-04:00,24.483939685130622,24.628814697265625,24.483939685130622,24.628814697265625,1100,0.0,0.0
2024-07-31 00:00:00-04:00,24.397013936873208,25.102073669433594,24.397013936873208,25.102073669433594,4300,0.0,0.0
2024-08-01 00:00:00-04:00,25.02480441189552,25.304897666742345,24.64812905472891,24.754369735717773,7500,0.0,0.0
2024-08-02 00:00:00-04:00,24.387355001920163,24.604668434730844,24.387355001920163,24.435646057128906,2800,0.0,0.0
2024-08-05 00:00:00-04:00,24.319746721218074,24.392183303833008,24.22316276887916,24.392183303833008,2100,0.0,0.0
2024-08-06 00:00:00-04:00,24.3487190386651,24.532228351992075,24.068627621447078,24.379627227783203,5600,0.0,0.0
2024-08-07 00:00:00-04:00,24.18452893598432,24.4549617767334,23.972043884326546,24.4549617767334,5300,0.0,0.0
2024-08-08 00:00:00-04:00,23.85614638826367,24.43564642831404,23.85614638826367,24.2473087310791,5500,0.0,0.0
2024-08-09 00:00:00-04:00,24.165211457754477,24.350651380693016,24.09760324846363,24.116918563842773,3300,0.0,0.0
2024-08-12 00:00:00-04:00,24.126577377319336,24.13623595619563,24.11691879844304,24.126577377319336,2100,0.0,0.0
2024-08-13 00:00:00-04:00,24.213504557382436,24.213504557382436,24.155554921972733,24.203845977783203,1700,0.0,0.0
2024-08-14 00:00:00-04:00,24.24924014557068,24.290770378215385,24.24247932434082,24.24247932434082,1000,0.0,0.0
2024-08-15 00:00:00-04:00,24.271452985153314,24.271452985153314,24.203844773508262,24.232820510864258,2500,0.0,0.0
2024-08-16 00:00:00-04:00,24.242478524744598,24.290769577026367,24.242478524744598,24.290769577026367,2700,0.0,0.0
2024-08-19 00:00:00-04:00,24.242478290534738,24.281110763549805,24.242478290534738,24.281110763549805,2300,0.0,0.0
2024-08-20 00:00:00-04:00,24.252137103638066,24.503254628311485,24.174870314675903,24.290769577026367,8900,0.0,0.0
2024-08-21 00:00:00-04:00,24.33906364440918,24.33906364440918,24.24247969300564,24.33906364440918,3600,0.0,0.0
2024-08-22 00:00:00-04:00,24.412466048003065,24.412466048003065,24.36900520324707,24.36900520324707,500,0.0,0.0
2024-08-23 00:00:00-04:00,24.387354699018122,24.435645753627067,24.290770747614584,24.33906364440918,3300,0.0,0.0
2024-08-26 00:00:00-04:00,24.33906185983362,24.590177536010742,24.33906185983362,24.590177536010742,1400,0.0,0.0
2024-08-27 00:00:00-04:00,24.435644950115726,24.62881284657091,24.387353897094727,24.387353897094727,4000,0.0,0.0
2024-08-28 00:00:00-04:00,24.425990048713764,24.628814697265625,24.387355729645375,24.628814697265625,1700,0.0,0.0
2024-08-29 00:00:00-04:00,24.416329907408745,24.56120491027832,24.397012749109972,24.56120491027832,900,0.0,0.0
2024-08-30 00:00:00-04:00,24.38735333253603,24.677103328325607,24.38735333253603,24.445302963256836,6700,0.0,0.0
2024-09-03 00:00:00-04:00,24.561204635467274,24.561204635467274,24.387353897094727,24.387353897094727,1300,0.0,0.0
2024-09-04 00:00:00-04:00,24.483937278527737,24.561204066883995,24.406670490171482,24.445302963256836,4900,0.0,0.0
2024-09-05 00:00:00-04:00,24.435645184922198,24.435645184922198,24.39701271057129,24.39701271057129,2700,0.0,0.0
2024-09-06 00:00:00-04:00,24.38735459956582,24.416330337524414,24.38735459956582,24.416330337524414,1300,0.0,0.0
2024-09-09 00:00:00-04:00,24.3873536087463,24.61915397644043,24.3873536087463,24.61915397644043,1200,0.0,0.0
2024-09-10 00:00:00-04:00,24.52933261909163,24.541888956820824,24.52933261909163,24.532230377197266,1900,0.0,0.0
2024-09-11 00:00:00-04:00,24.80266396162476,24.80266396162476,24.435645321223067,24.483938217163086,6200,0.0,0.0
2024-09-12 00:00:00-04:00,24.435646352909494,24.77368927001953,24.435646352909494,24.77368927001953,6400,0.0,0.0
2024-09-13 00:00:00-04:00,24.488767053964327,24.65295921892902,24.488767053964327,24.50325584411621,3000,0.0,0.0
2024-09-16 00:00:00-04:00,24.58052200975314,24.802663803100586,24.483938060676024,24.802663803100586,20800,0.0,0.0
2024-09-17 00:00:00-04:00,24.67613934091787,24.67613934091787,24.483938586081713,24.580522537231445,2300,0.0,0.0
2024-09-18 00:00:00-04:00,24.53222823515228,24.66744649588973,24.52256965637207,24.52256965637207,1900,0.0,0.0
2024-09-19 00:00:00-04:00,24.7157387280061,24.768859992741525,24.53222940678889,24.570863723754883,6300,0.0,0.0
2024-09-20 00:00:00-04:00,24.735055650596053,24.735055650596053,24.50325527756761,24.56120491027832,8700,0.0,0.0
2024-09-23 00:00:00-04:00,24.80266376390953,24.80266376390953,24.532229075358043,24.638471603393555,10400,0.0,0.0
2024-09-24 00:00:00-04:00,24.5515464292935,24.667447537363934,24.483938217163086,24.483938217163086,6700,0.0,0.0
2024-09-25 00:00:00-04:00,24.677103704463278,24.677103704463278,24.387353704257222,24.541887283325195,6900,0.0,0.0
2024-09-26 00:00:00-04:00,24.493596230686045,24.541887283325195,24.4839376517211,24.541887283325195,1500,0.0,0.0
2024-09-27 00:00:00-04:00,24.55154753644438,24.69642254642634,24.532230377197266,24.532230377197266,2300,0.0,0.0
2024-09-30 00:00:00-04:00,24.667854429071134,24.726820886011165,24.55974769592285,24.55974769592285,14500,0.438,0.0
2024-10-01 00:00:00-04:00,24.596110552743387,24.72682012184911,24.596110552743387,24.69242286682129,8000,0.0,0.0
2024-10-02 00:00:00-04:00,24.65802559863696,24.756304273453935,24.61871337890625,24.61871337890625,11100,0.0,0.0
2024-10-03 00:00:00-04:00,24.72682113748053,24.731736102406277,24.638370513916016,24.638370513916016,4400,0.0,0.0
2024-10-04 00:00:00-04:00,24.648198710393288,24.726821279066396,24.648198710393288,24.677682876586914,6000,0.0,0.0
2024-10-07 00:00:00-04:00,24.69733722102735,24.71699333190918,24.667854929214514,24.71699333190918,5000,0.0,0.0
2024-10-08 00:00:00-04:00,24.71699284130251,24.884066031462023,24.71699284130251,24.854583740234375,2000,0.0,0.0
2024-10-09 00:00:00-04:00,24.861463312048397,24.861463312048397,24.736649071781684,24.746477127075195,1700,0.0,0.0
2024-10-10 00:00:00-04:00,24.736648668868707,24.805443180292865,24.736648668868707,24.775959014892578,2500,0.0,0.0
2024-10-11 00:00:00-04:00,24.815271125780512,24.815271125780512,24.736648559570312,24.736648559570312,12800,0.0,0.0
2024-10-14 00:00:00-04:00,24.736648559570312,24.768097211152426,24.66785404845012,24.736648559570312,11000,0.0,0.0
2024-10-15 00:00:00-04:00,24.854584233572083,24.854584233572083,24.71699333190918,24.71699333190918,8600,0.0,0.0
2024-10-16 00:00:00-04:00,24.78578784548568,24.78578784548568,24.667854929214514,24.71699333190918,4600,0.0,0.0
2024-10-17 00:00:00-04:00,24.76613223907927,24.76613223907927,24.67768161951393,24.7641658782959,1000,0.0,0.0
2024-10-18 00:00:00-04:00,24.762200624491612,24.78578758239746,24.762200624491612,24.78578758239746,300,0.0,0.0
2024-10-21 00:00:00-04:00,24.736647862441693,24.798562920704978,24.716991752815634,24.796598434448242,11300,0.0,0.0
2024-10-22 00:00:00-04:00,24.71699333190918,24.71699333190918,24.71699333190918,24.71699333190918,1400,0.0,0.0
2024-10-23 00:00:00-04:00,24.70716377191824,24.80544244583277,24.6678534270583,24.687509536743164,9200,0.0,0.0
2024-10-24 00:00:00-04:00,24.71699333190918,24.78578784548568,24.677682984655426,24.71699333190918,4800,0.0,0.0
2024-10-25 00:00:00-04:00,24.785787222388446,24.785787222388446,24.66785430908203,24.66785430908203,7400,0.0,0.0
2024-10-28 00:00:00-04:00,24.66785430908203,24.785787222388446,24.66785430908203,24.66785430908203,14100,0.0,0.0
2024-10-29 00:00:00-04:00,24.667854571171727,24.74647713904797,24.59906005859375,24.59906005859375,6700,0.0,0.0
2024-10-30 00:00:00-04:00,24.618714241611883,24.745494842529297,24.618714241611883,24.745494842529297,600,0.0,0.0
2024-10-31 00:00:00-04:00,24.69733620494695,24.74647648012983,24.54991912841797,24.54991912841797,36600,0.0,0.0
2024-11-01 00:00:00-04:00,24.549919379823216,24.70716451299905,24.549919379823216,24.628541946411133,12700,0.0,0.0
2024-11-04 00:00:00-05:00,24.68751001637587,24.707164251932788,24.65802585127575,24.697336196899414,6900,0.0,0.0
2024-11-05 00:00:00-05:00,24.667854559236993,24.746477127075195,24.667854559236993,24.746477127075195,3900,0.0,0.0
2024-11-06 00:00:00-05:00,24.746477127075195,24.746477127075195,24.746477127075195,24.746477127075195,200,0.0,0.0
2024-11-07 00:00:00-05:00,24.746476354647967,24.844755030005558,24.746476354647967,24.805442810058594,5600,0.0,0.0
2024-11-08 00:00:00-05:00,24.825098920032076,24.825098920032076,24.805442810058594,24.805442810058594,1900,0.0,0.0
2024-11-11 00:00:00-05:00,24.83492686482846,24.83492686482846,24.746476244850058,24.766132354736328,7100,0.0,0.0
2024-11-12 00:00:00-05:00,24.815270865045335,24.815270865045335,24.76613246462145,24.805442810058594,1800,0.0,0.0
2024-11-13 00:00:00-05:00,24.81527113777781,24.81527113777781,24.76613273681387,24.81035804748535,2900,0.0,0.0
2024-11-14 00:00:00-05:00,24.81527075494219,24.864409155148053,24.766132354736328,24.766132354736328,11400,0.0,0.0
2024-11-15 00:00:00-05:00,24.785786842470294,24.844755172729492,24.785786842470294,24.844755172729492,4800,0.0,0.0
2024-11-18 00:00:00-05:00,24.864409779002234,24.874237834191955,24.815271377563477,24.815271377563477,4700,0.0,0.0
2024-11-19 00:00:00-05:00,24.825099694913398,24.85753059032309,24.716992961194666,24.746477127075195,16500,0.0,0.0
2024-11-20 00:00:00-05:00,24.716992449390304,24.736648559570312,24.716992449390304,24.736648559570312,500,0.0,0.0
2024-11-21 00:00:00-05:00,24.884065628051758,24.884065628051758,24.884065628051758,24.884065628051758,1300,0.0,0.0
2024-11-22 00:00:00-05:00,24.805442864065537,24.88013458251953,24.805442864065537,24.88013458251953,800,0.0,0.0
2024-11-25 00:00:00-05:00,24.83492810859452,24.864410400390625,24.83492810859452,24.864410400390625,700,0.0,0.0
2024-11-26 00:00:00-05:00,24.872273228686876,24.923377990722656,24.86440965986686,24.923377990722656,3600,0.0,0.0
2024-11-27 00:00:00-05:00,24.913550306134262,24.913550306134262,24.89389419555664,24.89389419555664,3300,0.0,0.0
2024-11-29 00:00:00-05:00,24.9332062965356,25.00200080871582,24.9332062965356,25.00200080871582,4500,0.0,0.0
2024-12-02 00:00:00-05:00,24.9135496754008,24.992172241210938,24.9135496754008,24.992172241210938,3500,0.0,0.0
2024-12-03 00:00:00-05:00,24.982344447068606,24.982344447068606,24.923377990722656,24.923377990722656,1100,0.0,0.0
2024-12-04 00:00:00-05:00,24.98234456676905,25.01182873233822,24.815271377563477,24.815271377563477,8900,0.0,0.0
2024-12-05 00:00:00-05:00,24.825100053159186,24.931240427546953,24.825100053159186,24.864410400390625,7700,0.0,0.0
2024-12-06 00:00:00-05:00,24.913549280083068,24.913549280083068,24.874237060546875,24.874237060546875,3300,0.0,0.0
2024-12-09 00:00:00-05:00,24.884065510280813,24.992172241210938,24.874237455240817,24.992172241210938,2400,0.0,0.0
2024-12-10 00:00:00-05:00,24.874236802071483,25.01182769450861,24.874236802071483,24.943031311035156,1900,0.0,0.0
2024-12-11 00:00:00-05:00,24.962687420599,24.962687420599,24.884064856853403,24.943031311035156,2200,0.0,0.0
2024-12-12 00:00:00-05:00,24.942049026489258,24.942049026489258,24.942049026489258,24.942049026489258,1000,0.0,0.0
2024-12-13 00:00:00-05:00,24.913549423217773,24.913549423217773,24.913549423217773,24.913549423217773,1000,0.0,0.0
2024-12-16 00:00:00-05:00,24.90372250034877,24.972517013549805,24.894876688147253,24.972517013549805,4600,0.0,0.0
2024-12-17 00:00:00-05:00,24.982343673706055,24.982343673706055,24.982343673706055,24.982343673706055,800,0.0,0.0
2024-12-18 00:00:00-05:00,24.94499895835253,24.94499895835253,24.89389419555664,24.89389419555664,2700,0.0,0.0
2024-12-19 00:00:00-05:00,24.922394385191566,24.938119648644893,24.90372239219376,24.93320655822754,2400,0.0,0.0
2024-12-20 00:00:00-05:00,24.976447860802736,24.981362825751322,24.972517013549805,24.972517013549805,1000,0.0,0.0
2024-12-23 00:00:00-05:00,24.982344194314624,24.982344194314624,24.844755172729492,24.844755172729492,4900,0.0,0.0
2024-12-24 00:00:00-05:00,24.84475605585345,24.84475605585345,24.82509994506836,24.82509994506836,1700,0.0,0.0
2024-12-26 00:00:00-05:00,24.886031988872997,24.897824530270906,24.884065628051758,24.884065628051758,2300,0.0,0.0
2024-12-27 00:00:00-05:00,24.90372136827726,25.011828098113092,24.90372136827726,24.913549423217773,8100,0.0,0.0
2024-12-30 00:00:00-05:00,24.96465494860229,25.011828863957263,24.962688587750055,25.00200080871582,5000,0.0,0.0
2024-12-31 00:00:00-05:00,25.040000915527344,25.469999313354492,24.93000030517578,25.469999313354492,28300,0.438,0.0
2025-01-02 00:00:00-05:00,25.299999237060547,25.469999313354492,25.299999237060547,25.450000762939453,8200,0.0,0.0
2025-01-03 00:00:00-05:00,25.43000030517578,25.43000030517578,25.43000030517578,25.43000030517578,500,0.0,0.0
2025-01-06 00:00:00-05:00,25.299999237060547,25.450000762939453,25.299999237060547,25.391000747680664,2100,0.0,0.0
2025-01-07 00:00:00-05:00,25.43000030517578,25.43000030517578,25.309999465942383,25.350000381469727,2800,0.0,0.0
2025-01-08 00:00:00-05:00,25.209999084472656,25.309999465942383,25.100000381469727,25.100000381469727,4900,0.0,0.0
2025-01-10 00:00:00-05:00,25.200000762939453,25.200000762939453,25.1299991607666,25.200000762939453,9500,0.0,0.0
2025-01-13 00:00:00-05:00,25.200000762939453,25.25,25.200000762939453,25.235000610351562,4600,0.0,0.0
2025-01-14 00:00:00-05:00,25.200000762939453,25.235000610351562,25.200000762939453,25.235000610351562,800,0.0,0.0
2025-01-15 00:00:00-05:00,25.350000381469727,25.450000762939453,25.15999984741211,25.15999984741211,13700,0.0,0.0
2025-01-16 00:00:00-05:00,25.18000030517578,25.200000762939453,25.1299991607666,25.172000885009766,10100,0.0,0.0
2025-01-17 00:00:00-05:00,25.139999389648438,25.190000534057617,25.1200008392334,25.1299991607666,9232,0.0,0.0
