Date,Open,High,Low,Close,Volume,Dividends,Stock Splits
2022-01-03 00:00:00-05:00,26.27498184851266,27.664343591363917,26.048147682942957,26.33169174194336,31600,0.0,0.0
2022-01-04 00:00:00-05:00,27.144518115971984,27.144518115971984,25.991443803486685,26.397855758666992,17900,0.0,0.0
2022-01-05 00:00:00-05:00,26.615237169112213,26.974392659424915,26.501820974174034,26.700300216674805,27100,0.0,0.0
2022-01-06 00:00:00-05:00,27.163419896860372,27.399705736397486,27.106711800132473,27.305191040039062,9700,0.0,0.0
2022-01-07 00:00:00-05:00,26.9365826425452,27.697423247725606,26.9365826425452,27.24847984313965,19600,0.0,0.0
2022-01-10 00:00:00-05:00,27.22012913861063,27.588736289642256,27.05000484127061,27.26738739013672,15400,0.0,0.0
2022-01-11 00:00:00-05:00,27.41861049774281,27.41861049774281,26.993295242817716,27.239032745361328,13200,0.0,0.0
2022-01-12 00:00:00-05:00,27.550930454357204,27.9951490174622,27.399707650705547,27.569833755493164,36800,0.0,0.0
2022-01-13 00:00:00-05:00,27.739959716796875,27.99514887265834,27.607638412247592,27.739959716796875,12900,0.0,0.0
2022-01-14 00:00:00-05:00,27.53202526694992,27.995147099461523,27.53202526694992,27.83447265625,23200,0.0,0.0
2022-01-18 00:00:00-05:00,27.6832490257425,27.93843635500498,27.37134999595466,27.843921661376953,24500,0.0,0.0
2022-01-19 00:00:00-05:00,27.84392353899594,27.84392353899594,27.44696504388196,27.532026290893555,21700,0.0,0.0
2022-01-20 00:00:00-05:00,27.45641165094255,27.881726849393274,27.45641165094255,27.59818458557129,20600,0.0,0.0
2022-01-21 00:00:00-05:00,27.35244867989289,27.891180093594357,27.210677539874272,27.361900329589844,37400,0.0,0.0
2022-01-24 00:00:00-05:00,27.07835743903387,27.74941017531979,27.07835743903387,27.683250427246094,37600,0.0,0.0
2022-01-25 00:00:00-05:00,27.371349005633085,27.664344725550887,27.15396648005622,27.352447509765625,10300,0.0,0.0
2022-01-26 00:00:00-05:00,27.357170499925342,27.843918686434705,27.012193437351772,27.135061264038086,18700,0.0,0.0
2022-01-27 00:00:00-05:00,27.399707001622144,27.465866751312703,26.49237020120651,26.785364151000977,14900,0.0,0.0
2022-01-28 00:00:00-05:00,26.908710170026698,27.31670570373535,26.66201515406932,27.31670570373535,14700,0.11,0.0
2022-01-31 00:00:00-05:00,27.164892158140358,27.5159586335446,27.017825261609918,27.449541091918945,21100,0.0,0.0
2022-02-01 00:00:00-05:00,27.107964290950996,27.383124758099424,26.67150510687848,26.832805633544922,25400,0.0,0.0
2022-02-02 00:00:00-05:00,27.003592397104303,27.278752859845145,26.47225023943169,26.889734268188477,25600,0.0,0.0
2022-02-03 00:00:00-05:00,26.851778868566953,27.59186390460143,26.84229219980002,27.468517303466797,18800,0.0,0.0
2022-02-04 00:00:00-05:00,27.56339950852891,28.1089752800556,27.478005008468344,27.67725944519043,13600,0.0,0.0
2022-02-07 00:00:00-05:00,27.658287456497504,28.113723665481885,27.54442930912272,27.69624137878418,23600,0.0,0.0
2022-02-08 00:00:00-05:00,27.601351236430375,28.32245928548856,27.601351236430375,28.08525276184082,18700,0.0,0.0
2022-02-09 00:00:00-05:00,28.256043832568814,28.360413480047374,27.421075794286597,27.610841751098633,13300,0.0,0.0
2022-02-10 00:00:00-05:00,27.515955557518147,28.00934553978416,27.032054052958262,27.335678100585938,17500,0.0,0.0
2022-02-11 00:00:00-05:00,27.515955874522326,28.35092201511786,27.193354867765798,27.563396453857422,17800,0.0,0.0
2022-02-14 00:00:00-05:00,27.65828416563436,27.65828416563436,26.87075846931415,26.90871238708496,12700,0.0,0.0
2022-02-15 00:00:00-05:00,27.23131668922813,27.78163589418658,27.23131668922813,27.69624137878418,17900,0.0,0.0
2022-02-16 00:00:00-05:00,27.492238771271282,27.558656313935206,27.18386954062613,27.39261245727539,13700,0.0,0.0
2022-02-17 00:00:00-05:00,26.823318069036656,27.06526796241565,26.595599990049834,26.785364151000977,10500,0.0,0.0
2022-02-18 00:00:00-05:00,26.690479238342203,27.231311672842768,26.500715091093877,26.975128173828125,13600,0.0,0.0
2022-02-22 00:00:00-05:00,26.79485443037841,26.84229683110982,26.225558289799288,26.367883682250977,25700,0.0,0.0
2022-02-23 00:00:00-05:00,26.121187523939767,26.548158254025804,25.940910028263016,26.15913963317871,11800,0.0,0.0
2022-02-24 00:00:00-05:00,25.561381418707022,25.902957661293375,25.26724395820486,25.67523956298828,46900,0.0,0.0
2022-02-25 00:00:00-05:00,25.82704858980883,27.027314967026758,25.82704858980883,26.64303970336914,18300,0.0,0.0
2022-02-28 00:00:00-05:00,26.737920321399827,26.804337860167152,25.883977176298693,26.254018783569336,21200,0.0,0.0
2022-03-01 00:00:00-05:00,26.092717363493062,26.282483304578957,24.802313307490103,25.28621482849121,26000,0.0,0.0
2022-03-02 00:00:00-05:00,25.684724048223714,26.567132672992592,25.23877640129142,26.244531631469727,26500,0.0,0.0
2022-03-03 00:00:00-05:00,25.902954888450658,26.66201694462129,25.902954888450658,26.51969337463379,10500,0.0,0.0
2022-03-04 00:00:00-05:00,26.111694782139352,26.140158406987,25.62020319390513,25.770116806030273,10200,0.0,0.0
2022-03-07 00:00:00-05:00,25.798582240620085,26.303357336381122,25.61830477436894,25.770116806030273,15400,0.0,0.0
2022-03-08 00:00:00-05:00,25.68472376895514,26.09271930584161,25.324170625742838,25.475982666015625,12000,0.0,0.0
2022-03-09 00:00:00-05:00,25.694211676836215,26.187601701632158,25.599328701338187,25.91244125366211,15700,0.0,0.0
2022-03-10 00:00:00-05:00,25.60881775376941,26.23504287245129,25.392484781954845,25.92193031311035,7800,0.0,0.0
2022-03-11 00:00:00-05:00,25.902956253107174,26.42481178354432,25.902956253107174,26.225557327270508,6500,0.0,0.0
2022-03-14 00:00:00-04:00,26.491224863049162,26.889731898622124,26.348901309574998,26.595596313476562,10500,0.0,0.0
2022-03-15 00:00:00-04:00,26.567133696500978,26.811930306828486,26.197092056274414,26.197092056274414,7900,0.0,0.0
2022-03-16 00:00:00-04:00,26.557641971812178,27.126937986257527,26.47224747915827,26.747407913208008,17900,0.0,0.0
2022-03-17 00:00:00-04:00,26.329924507685156,26.832802996636417,26.288175565320778,26.66201400756836,15600,0.0,0.0
2022-03-18 00:00:00-04:00,26.662013297481572,27.221820831298828,26.007322793404384,27.221820831298828,61000,0.0,0.0
2022-03-21 00:00:00-04:00,27.07001043691727,27.07001043691727,26.38685445759933,26.709455490112305,12600,0.0,0.0
2022-03-22 00:00:00-04:00,26.994105297242164,27.259775466969717,26.6525272964584,26.94666290283203,10200,0.0,0.0
2022-03-23 00:00:00-04:00,26.766388598951195,26.766388598951195,26.007328295761987,26.23504638671875,17500,0.0,0.0
2022-03-24 00:00:00-04:00,27.065268440273783,27.065268440273783,26.05476797651288,26.282487869262695,11300,0.0,0.0
2022-03-25 00:00:00-04:00,26.32043835286014,26.699968467768617,26.17811478598725,26.510204315185547,10700,0.0,0.0
2022-03-28 00:00:00-04:00,26.434299946741685,26.453275096368017,25.83653839482205,26.187604904174805,18300,0.0,0.0
2022-03-29 00:00:00-04:00,26.538666647743156,26.851779203481914,26.44378548095258,26.7758731842041,13000,0.0,0.0
2022-03-30 00:00:00-04:00,26.69048159912393,26.709458558449967,25.722680200147856,25.741655349731445,12000,0.0,0.0
2022-03-31 00:00:00-04:00,26.15913671483467,26.272996649334075,24.783339880608555,25.219799041748047,36300,0.0,0.0
2022-04-01 00:00:00-04:00,25.030033526603546,25.623049881865345,24.759618213383547,25.0679874420166,119400,0.0,0.0
2022-04-04 00:00:00-04:00,25.030035909967186,25.229290365374183,24.69794816719297,24.8212947845459,10900,0.0,0.0
2022-04-05 00:00:00-04:00,25.86499912546777,25.86499912546777,24.446503341363677,24.584083557128906,18800,0.0,0.0
2022-04-06 00:00:00-04:00,24.66947831648743,24.859244258203425,24.233019184179653,24.460737228393555,19600,0.0,0.0
2022-04-07 00:00:00-04:00,24.73874510925393,24.73874510925393,23.957861201448456,24.37534523010254,12900,0.0,0.0
2022-04-08 00:00:00-04:00,24.337390307293063,24.66947982067366,24.299438202481078,24.42278480529785,12900,0.0,0.0
2022-04-11 00:00:00-04:00,24.356365478083642,24.508177505681015,23.796557947665026,24.04325294494629,8200,0.0,0.0
2022-04-12 00:00:00-04:00,24.04325719297186,24.318415862954563,23.862979699694787,23.986328125,17500,0.0,0.0
2022-04-13 00:00:00-04:00,24.50343726700449,24.792827736971848,23.853490018896924,24.603063583374023,15400,0.0,0.0
2022-04-14 00:00:00-04:00,24.612553286560285,24.612553286560285,24.08120928667965,24.337392807006836,6200,0.0,0.0
2022-04-18 00:00:00-04:00,25.06799093662557,25.06799093662557,24.432277242773413,24.489206314086914,7900,0.0,0.0
2022-04-19 00:00:00-04:00,24.6315251688783,25.381098671208953,24.6315251688783,24.98259162902832,9900,0.0,0.0
2022-04-20 00:00:00-04:00,25.219801077067718,25.675237232335995,25.105941133379446,25.381101608276367,18500,0.0,0.0
2022-04-21 00:00:00-04:00,25.557582482492997,25.64202686781817,24.811803969537102,24.87822151184082,12600,0.0,0.0
2022-04-22 00:00:00-04:00,24.85924791514849,24.85924791514849,23.948373794555664,23.948373794555664,7700,0.0,0.0
2022-04-25 00:00:00-04:00,24.138137370046337,24.39431905097463,23.88195387937581,24.38483238220215,10400,0.0,0.0
2022-04-26 00:00:00-04:00,24.28994897680587,24.603061523279578,23.768093526188224,23.806047439575195,14400,0.0,0.0
2022-04-27 00:00:00-04:00,23.78707348303447,23.910421907357286,23.246242817253084,23.379077911376953,15400,0.0,0.0
2022-04-28 00:00:00-04:00,23.492935016470447,23.749118503951202,23.42651747743667,23.521400451660156,9700,0.0,0.0
2022-04-29 00:00:00-04:00,23.05440420584665,23.245014142006255,22.873323221357882,23.016281127929688,16100,0.11,0.0
2022-05-02 00:00:00-04:00,22.69224324026212,23.23071992389467,22.69224324026212,23.13064956665039,20200,0.0,0.0
2022-05-03 00:00:00-04:00,23.773961402434143,23.773961402434143,22.959099651987106,23.52140235900879,12600,0.0,0.0
2022-05-04 00:00:00-04:00,23.4928067171391,24.360086670839703,23.140177365137717,24.293373107910156,29600,0.0,0.0
2022-05-05 00:00:00-04:00,23.788254445650335,24.1265903880004,23.264074867284524,23.435625076293945,14000,0.0,0.0
2022-05-06 00:00:00-04:00,23.616707200871105,23.765383934709234,23.21642396635436,23.33078956604004,17000,0.0,0.0
2022-05-09 00:00:00-04:00,23.168769771102905,23.216423618431488,22.625528636215893,22.863792419433594,64900,0.0,0.0
2022-05-10 00:00:00-04:00,23.04487508403165,23.302200424944207,22.72083616980291,22.93050765991211,7900,0.0,0.0
2022-05-11 00:00:00-04:00,22.625525055592355,22.997215916890998,22.625525055592355,22.7208309173584,9600,0.0,0.0
2022-05-12 00:00:00-04:00,23.483279347457348,23.483279347457348,22.44444904282893,22.920976638793945,14600,0.0,0.0
2022-05-13 00:00:00-04:00,23.624330735398775,23.624330735398775,22.835200111036443,22.863792419433594,12000,0.0,0.0
2022-05-16 00:00:00-04:00,23.054404347379943,23.18783148529163,22.406326561280174,22.492101669311523,11000,0.0,0.0
2022-05-17 00:00:00-04:00,22.8161396166874,22.86379164459268,22.45397766049725,22.758955001831055,16400,0.0,0.0
2022-05-18 00:00:00-04:00,22.501634065264703,23.121119587527552,21.9774526096511,22.25383949279785,24000,0.0,0.0
2022-05-19 00:00:00-04:00,22.30149046295412,22.30149046295412,21.78684161991031,21.910737991333008,101400,0.0,0.0
2022-05-20 00:00:00-04:00,22.072756950698583,22.08228772025879,21.77731036556585,21.967920303344727,43300,0.0,0.0
2022-05-23 00:00:00-04:00,22.196655069274506,22.463509344910324,21.86308540692131,22.415857315063477,30000,0.0,0.0
2022-05-24 00:00:00-04:00,22.5206895406209,22.67318001767957,22.29195655174521,22.615995407104492,11500,0.0,0.0
2022-05-25 00:00:00-04:00,22.67318435508498,22.854263536455424,22.558816929864413,22.711305618286133,9900,0.0,0.0
2022-05-26 00:00:00-04:00,22.98769113953711,23.349851298618745,22.96862960016217,23.035343170166016,22800,0.0,0.0
2022-05-27 00:00:00-04:00,22.87332638328279,23.502342713398374,22.86379561248605,23.368915557861328,10800,0.0,0.0
2022-05-31 00:00:00-04:00,23.25454338929657,23.597643796857064,23.044871927903092,23.559520721435547,19100,0.0,0.0
2022-06-01 00:00:00-04:00,23.321258703518197,23.40703381184494,22.85426190141061,22.873323440551758,23000,0.0,0.0
2022-06-02 00:00:00-04:00,22.90191574926348,23.044873657205244,22.731318064224524,22.873323440551758,19800,0.0,0.0
2022-06-03 00:00:00-04:00,22.863795979503543,22.9114498342522,22.663655242985246,22.77802085876465,17100,0.0,0.0
2022-06-06 00:00:00-04:00,22.873323440551758,22.987690857590223,22.758956023513292,22.873323440551758,20400,0.0,0.0
2022-06-07 00:00:00-04:00,22.83520036226946,23.025812118064096,22.711303993468846,22.873323440551758,17700,0.0,0.0
2022-06-08 00:00:00-04:00,22.863794031988775,22.863794031988775,22.463510775239218,22.549285888671875,14900,0.0,0.0
2022-06-09 00:00:00-04:00,22.377731323242188,22.606464308779987,22.377731323242188,22.377731323242188,12000,0.0,0.0
2022-06-10 00:00:00-04:00,22.129938787062233,22.129938787062233,21.691534313224466,21.77730941772461,8300,0.0,0.0
2022-06-13 00:00:00-04:00,21.53904750466136,22.025105866247976,21.53904750466136,21.62482261657715,18700,0.0,0.0
2022-06-14 00:00:00-04:00,21.863082581601574,22.015571238775806,21.691532387828516,21.70106315612793,13800,0.0,0.0
2022-06-15 00:00:00-04:00,21.920267626605217,22.13946986659726,21.87261559801855,22.015573501586914,19500,0.0,0.0
2022-06-16 00:00:00-04:00,21.691534491345813,21.801135610705252,21.415147637285035,21.481863021850586,19600,0.0,0.0
2022-06-17 00:00:00-04:00,21.567633231093318,23.054400297239457,21.567633231093318,22.78754425048828,96200,0.0,0.0
2022-06-21 00:00:00-04:00,22.787547561445617,23.092524906154562,22.730364763764783,22.76848602294922,23800,0.0,0.0
2022-06-22 00:00:00-04:00,22.46350674785403,22.64458771239203,22.301487320174388,22.615995407104492,13600,0.0,0.0
2022-06-23 00:00:00-04:00,22.37773829851371,22.806613916210228,22.26337267900047,22.577880859375,16800,0.0,0.0
2022-06-24 00:00:00-04:00,22.663650747677572,24.00745828229941,22.663650747677572,23.578582763671875,112000,0.0,0.0
2022-06-27 00:00:00-04:00,23.70248475630901,23.70248475630901,23.006753045533387,23.349853515625,18500,0.0,0.0
2022-06-28 00:00:00-04:00,23.025808118630234,23.978863096447075,23.025808118630234,23.54045867919922,19100,0.0,0.0
2022-06-29 00:00:00-04:00,23.597643945637163,23.683419048068085,22.920973895105234,23.187829971313477,15200,0.0,0.0
2022-06-30 00:00:00-04:00,22.94956730836993,24.062734994928853,22.749426604920142,23.006750106811523,17300,0.0,0.0
2022-07-01 00:00:00-04:00,21.94885950117074,22.992454176208373,21.94885950117074,22.901914596557617,27200,0.0,0.0
2022-07-05 00:00:00-04:00,22.616001123800025,22.6541242071532,22.311023728209303,22.539756774902344,15400,0.0,0.0
2022-07-06 00:00:00-04:00,22.00604199652673,22.520690795727003,22.00604199652673,22.06322479248047,8100,0.0,0.0
2022-07-07 00:00:00-04:00,22.339613901349622,24.150418377612592,22.339613901349622,22.530223846435547,14900,0.0,0.0
2022-07-08 00:00:00-04:00,22.587407784410384,22.758956184468666,22.291959379058394,22.42538833618164,11800,0.0,0.0
2022-07-11 00:00:00-04:00,22.320549402342227,22.320549402342227,21.948858513564538,21.958389282226562,6600,0.0,0.0
2022-07-12 00:00:00-04:00,22.082285228359005,22.90191313996079,22.082285228359005,22.244304656982422,26100,0.0,0.0
2022-07-13 00:00:00-04:00,22.253838073341367,22.387265212386527,22.08228785582134,22.1966552734375,6400,0.0,0.0
2022-07-14 00:00:00-04:00,21.59622986008166,22.01557464101961,21.59622986008166,21.910737991333008,9200,0.0,0.0
2022-07-15 00:00:00-04:00,22.37773516324341,22.663652807585034,22.282429281796205,22.530223846435547,39500,0.0,0.0
2022-07-18 00:00:00-04:00,22.463509360698268,22.806609792823654,22.368203483129168,22.492101669311523,5800,0.0,0.0
2022-07-19 00:00:00-04:00,22.697004906368917,22.873319569060822,22.511159475719598,22.7208309173584,32300,0.0,0.0
2022-07-20 00:00:00-04:00,22.482571443969334,22.78754880532576,22.482571443969334,22.739896774291992,15400,0.0,0.0
2022-07-21 00:00:00-04:00,22.658884652544966,23.054403391830476,22.658884652544966,22.758955001831055,9500,0.0,0.0
2022-07-22 00:00:00-04:00,24.207601116107003,24.507814005648328,23.13064956665039,23.13064956665039,17700,0.0,0.0
2022-07-25 00:00:00-04:00,23.48327846536573,24.302906481336972,23.48327846536573,24.016990661621094,40700,0.0,0.0
2022-07-26 00:00:00-04:00,24.226660870963915,24.302905206743322,23.864500730463806,23.969335556030273,18100,0.0,0.0
2022-07-27 00:00:00-04:00,24.083699227079478,24.293370663447252,23.89308750833927,24.19806480407715,27500,0.0,0.0
2022-07-28 00:00:00-04:00,24.283844559957082,24.688894085626366,24.179009730541477,24.60788345336914,30600,0.0,0.0
2022-07-29 00:00:00-04:00,24.416382146610424,25.498362198948715,24.416382146610424,25.297286987304688,26500,0.12,0.0
2022-08-01 00:00:00-04:00,25.37388520764962,25.613261483193483,25.19195872687339,25.53666114807129,33500,0.0,0.0
2022-08-02 00:00:00-04:00,25.44091163395139,25.843063871436307,25.316436767578125,25.316436767578125,18500,0.0,0.0
2022-08-03 00:00:00-04:00,25.527090370744276,26.790997035860162,25.38346494539863,25.613265991210938,18100,0.0,0.0
2022-08-04 00:00:00-04:00,25.400698044692067,25.529004487711887,25.096210628763863,25.37388801574707,17300,0.0,0.0
2022-08-05 00:00:00-04:00,25.657310780741614,25.986692462368897,25.326015140519644,25.613265991210938,16200,0.0,0.0
2022-08-08 00:00:00-04:00,25.488790169764716,25.64199086132409,24.64618453989187,24.655759811401367,87400,0.0,0.0
2022-08-09 00:00:00-04:00,24.655756128262816,25.460060551948665,24.320628980677707,24.46425437927246,51700,0.0,0.0
2022-08-10 00:00:00-04:00,24.464254452832392,25.699436902312513,24.272754529562256,24.416379928588867,114500,0.0,0.0
2022-08-11 00:00:00-04:00,24.483405059557665,24.808956938926897,24.301478579605202,24.320629119873047,89800,0.0,0.0
2022-08-12 00:00:00-04:00,24.92864507615688,24.92864507615688,24.26605208903533,24.320629119873047,116000,0.0,0.0
2022-08-15 00:00:00-04:00,24.263180436728607,25.431336052133446,24.129130301305658,25.230260848999023,115100,0.0,0.0
2022-08-16 00:00:00-04:00,25.067483696181636,25.680286372979413,24.72756982553887,25.306859970092773,101300,0.0,0.0
2022-08-17 00:00:00-04:00,25.239837794362465,25.670714040939668,25.07706183642097,25.46963882446289,81800,0.0,0.0
2022-08-18 00:00:00-04:00,25.287713460434887,25.603690119308734,25.010037888113665,25.440914154052734,101600,0.0,0.0
2022-08-19 00:00:00-04:00,25.278134844570765,25.527086395338255,25.2206850486386,25.33558464050293,52000,0.0,0.0
2022-08-22 00:00:00-04:00,25.268560126369113,25.728163982757966,24.79938282569577,25.65156364440918,157300,0.0,0.0
2022-08-23 00:00:00-04:00,25.718590396979074,26.03456704165419,25.402613752303964,25.46963882446289,82500,0.0,0.0
2022-08-24 00:00:00-04:00,25.46963715086746,25.709013436446483,25.27813539188579,25.603687286376953,45400,0.0,0.0
2022-08-25 00:00:00-04:00,25.603687307458223,26.13031623194336,25.421760818905458,26.02499008178711,51700,0.0,0.0
2022-08-26 00:00:00-04:00,26.092017745703103,26.293092969139504,25.876578701809596,26.0537166595459,57700,0.0,0.0
2022-08-29 00:00:00-04:00,25.900513758600216,26.11116606190687,25.54623787334181,25.64198875427246,60100,0.0,0.0
2022-08-30 00:00:00-04:00,25.795189443826846,26.09201553116711,25.56538842527669,26.01541519165039,59900,0.0,0.0
2022-08-31 00:00:00-04:00,26.0249919875423,26.283518833422953,25.87179129953071,25.977115631103516,52200,0.0,0.0
2022-09-01 00:00:00-04:00,26.120743034511296,26.120743034511296,25.603689339575155,25.881366729736328,55500,0.0,0.0
2022-09-02 00:00:00-04:00,25.986692462368897,26.163832252381685,25.527090370744276,25.613265991210938,32700,0.0,0.0
2022-09-06 00:00:00-04:00,25.53666427883949,25.699440239217317,25.23983817213742,25.460063934326172,37300,0.0,0.0
2022-09-07 00:00:00-04:00,25.354735591086172,25.890939782773998,25.311647786866544,25.795188903808594,29900,0.0,0.0
2022-09-08 00:00:00-04:00,25.737736684696724,26.03456458524607,25.737736684696724,25.99626350402832,22800,0.0,0.0
2022-09-09 00:00:00-04:00,25.99626196304405,26.676091503992176,25.99626196304405,26.45586395263672,43200,0.0,0.0
2022-09-12 00:00:00-04:00,26.45586633199308,26.800568768337005,26.45586633199308,26.77184295654297,25500,0.0,0.0
2022-09-13 00:00:00-04:00,26.589920745095718,26.80057123878111,26.044143054772796,26.24521827697754,43400,0.0,0.0
2022-09-14 00:00:00-04:00,26.178191910477906,26.522894361577944,26.139890826446255,26.41756820678711,38500,0.0,0.0
2022-09-15 00:00:00-04:00,26.589918517138305,26.765140674293136,26.18776628012868,26.58034324645996,30900,0.0,0.0
2022-09-16 00:00:00-04:00,26.331391402315795,27.183570394194167,26.22606525229177,26.915470123291016,69100,0.0,0.0
2022-09-19 00:00:00-04:00,26.695242783417218,27.1356961021735,26.475017037187147,27.04952049255371,32400,0.0,0.0
2022-09-20 00:00:00-04:00,26.91547149305556,27.154847790713337,26.821634567167845,27.020795822143555,25100,0.0,0.0
2022-09-21 00:00:00-04:00,27.011219790040773,27.4325225734112,26.982495803960713,27.039945602416992,44000,0.0,0.0
2022-09-22 00:00:00-04:00,26.867598896805767,26.963349794524678,26.69524764617102,26.74312400817871,34200,0.0,0.0
2022-09-23 00:00:00-04:00,26.273945618537276,26.417571046502342,25.972330941403147,26.25479507446289,37700,0.0,0.0
2022-09-26 00:00:00-04:00,26.3218170173113,26.762270347078974,26.259578669630784,26.331392288208008,49500,0.0,0.0
2022-09-27 00:00:00-04:00,26.436719750438666,27.08782359327614,26.034567484350596,26.206918716430664,31500,0.0,0.0
2022-09-28 00:00:00-04:00,26.283517160615954,26.77184318113836,26.235640807224247,26.58034324645996,32200,0.0,0.0
2022-09-29 00:00:00-04:00,26.250004769177522,26.41277889270631,26.13031662449142,26.38884162902832,37600,0.0,0.0
2022-09-30 00:00:00-04:00,26.25479149139466,26.834081673364302,26.25479149139466,26.38884162902832,136500,0.0,0.0
2022-10-03 00:00:00-04:00,26.494168924895455,27.068672409457417,26.4271438531842,26.78141975402832,50700,0.0,0.0
2022-10-04 00:00:00-04:00,26.838869046991004,27.413370655298227,26.360116489204266,27.260169982910156,28700,0.0,0.0
2022-10-05 00:00:00-04:00,27.059095839680285,27.10697036680607,26.886744619953635,27.001646041870117,19400,0.0,0.0
2022-10-06 00:00:00-04:00,27.001644613253443,27.279320143224645,26.81301562597303,27.269744873046875,38300,0.0,0.0
2022-10-07 00:00:00-04:00,27.011219481638232,27.24102232543189,26.858018803306557,26.95376968383789,29700,0.0,0.0
2022-10-10 00:00:00-04:00,26.91547081147451,27.087822033631053,26.810144658757473,26.9920711517334,23300,0.0,0.0
2022-10-11 00:00:00-04:00,26.925043144566644,27.250593185424805,26.925043144566644,27.250593185424805,28500,0.0,0.0
2022-10-12 00:00:00-04:00,26.896320878767582,27.33677238865396,26.896320878767582,27.1644229888916,28900,0.0,0.0
2022-10-13 00:00:00-04:00,27.03994774604872,28.33258018471541,27.03994774604872,28.294279098510742,64700,0.0,0.0
2022-10-14 00:00:00-04:00,28.610253367677704,28.95495580957739,28.24640221056949,28.39960289001465,52700,0.0,0.0
2022-10-17 00:00:00-04:00,28.600683130130285,28.945383784384067,28.323005726065706,28.648557662963867,46100,0.0,0.0
2022-10-18 00:00:00-04:00,28.72515563850564,28.945381393423094,28.543229141432167,28.706005096435547,36000,0.0,0.0
2022-10-19 00:00:00-04:00,28.66770706193037,28.815162224310793,28.241617527317384,28.677282333374023,36300,0.0,0.0
2022-10-20 00:00:00-04:00,28.66770707800324,28.840058311493053,28.09320357513596,28.20810317993164,42200,0.0,0.0
2022-10-21 00:00:00-04:00,27.777222222606838,28.638976417951095,27.013132857443683,28.466625213623047,61300,0.0,0.0
2022-10-24 00:00:00-04:00,28.275128393672922,28.62940428467535,27.116546185590185,27.968725204467773,40900,0.0,0.0
2022-10-25 00:00:00-04:00,28.13150071190843,28.677280185541882,27.95915131771993,28.447477340698242,40800,0.0,0.0
2022-10-26 00:00:00-04:00,28.533652213837996,29.175180725571682,28.361302824101756,28.887929916381836,67200,0.0,0.0
2022-10-27 00:00:00-04:00,28.849630809459875,29.69223640634662,28.849630809459875,29.63478660583496,68500,0.0,0.0
2022-10-28 00:00:00-04:00,29.740521217686585,30.307648294402806,29.354105508906258,29.9808292388916,96200,0.12,0.0
2022-10-31 00:00:00-04:00,30.048115272837915,30.384546870116754,29.8750932037571,30.057727813720703,57000,0.0,0.0
2022-11-01 00:00:00-04:00,30.038502583519925,30.086563454291678,29.259905109908406,29.529048919677734,63000,0.0,0.0
2022-11-02 00:00:00-04:00,29.654012378173228,29.990443999441627,29.096497801050248,29.38486671447754,40000,0.0,0.0
2022-11-03 00:00:00-04:00,29.125331460048173,29.384864563174897,28.654327958117104,29.1541690826416,42000,0.0,0.0
2022-11-04 00:00:00-04:00,29.298355143251275,29.788583753924776,29.173395771936764,29.75013542175293,38900,0.0,0.0
2022-11-07 00:00:00-05:00,29.750134370031795,29.932767149850083,29.192619822713105,29.240680694580078,27500,0.0,0.0
2022-11-08 00:00:00-05:00,29.250294227418554,30.269199779465087,29.125333022879804,29.259906768798828,34000,0.0,0.0
2022-11-09 00:00:00-05:00,28.981147586327047,29.47137617967008,28.96192250421836,29.240680694580078,29900,0.0,0.0
2022-11-10 00:00:00-05:00,29.548273980383232,30.59601709642539,29.17339405509639,30.355709075927734,62000,0.0,0.0
2022-11-11 00:00:00-05:00,30.519121263041473,30.72097913781781,29.54827655561015,29.692461013793945,42500,0.0,0.0
2022-11-14 00:00:00-05:00,29.87509363593429,29.92315450763879,29.37525250322666,29.577112197875977,79700,0.0,0.0
2022-11-15 00:00:00-05:00,29.68284747738198,30.028891632150167,29.432928736054727,29.596338272094727,32300,0.0,0.0
2022-11-16 00:00:00-05:00,29.769357185079354,29.84625567898916,29.51943662152131,29.75974464416504,28800,0.0,0.0
2022-11-17 00:00:00-05:00,29.605948564866498,30.076953917098148,29.048434008560726,29.702072143554688,29500,0.0,0.0
2022-11-18 00:00:00-05:00,29.99044019778033,30.115399555517378,29.702069487502772,29.83664321899414,23900,0.0,0.0
2022-11-21 00:00:00-05:00,29.798194218000184,30.173074139214563,29.663622314672907,30.048114776611328,41700,0.0,0.0
2022-11-22 00:00:00-05:00,29.97121761317176,30.173075477113215,29.76935791582554,29.961605072021484,29900,0.0,0.0
2022-11-23 00:00:00-05:00,29.83664504901108,30.096176320753123,29.692458768326397,29.798194885253906,19900,0.0,0.0
2022-11-25 00:00:00-05:00,29.961603661084624,30.211524219008314,29.894317709606067,29.971216201782227,8200,0.0,0.0
2022-11-28 00:00:00-05:00,29.894319086093496,29.894319086093496,28.971535304085208,29.058046340942383,27700,0.0,0.0
2022-11-29 00:00:00-05:00,29.183007776572694,29.37525310070561,29.183007776572694,29.250293731689453,26300,0.0,0.0
2022-11-30 00:00:00-05:00,29.10610836263406,29.942379254727594,28.635104858260917,29.75974464416504,264900,0.0,0.0
2022-12-01 00:00:00-05:00,29.74052372212511,29.798197138717658,29.51943893061145,29.692461013793945,22700,0.0,0.0
2022-12-02 00:00:00-05:00,29.48098984056722,29.97121845253171,29.25029434671419,29.865482330322266,31800,0.0,0.0
2022-12-05 00:00:00-05:00,29.73090768277996,29.73090768277996,28.933085152390596,29.096494674682617,35600,0.0,0.0
2022-12-06 00:00:00-05:00,29.22145478031677,29.41370192911942,28.9715342202352,29.336803436279297,46400,0.0,0.0
2022-12-07 00:00:00-05:00,29.336804274652135,29.5578872187099,29.13494457930024,29.279129028320312,25400,0.0,0.0
2022-12-08 00:00:00-05:00,29.22145328975956,29.480986377383207,29.15416734113223,29.269515991210938,15900,0.0,0.0
2022-12-09 00:00:00-05:00,29.144556295958402,29.192618999875396,28.846574865291792,28.923473358154297,25900,0.0,0.0
2022-12-12 00:00:00-05:00,28.981148028485027,29.077271607090246,28.740839998674364,28.798513412475586,24400,0.0,0.0
2022-12-13 00:00:00-05:00,29.19262037139245,29.442539109883654,28.289061662753877,28.38518524169922,47300,0.0,0.0
2022-12-14 00:00:00-05:00,28.19293938470421,28.433247426453615,27.741160926241076,27.846895217895508,32000,0.0,0.0
2022-12-15 00:00:00-05:00,27.6258091292097,27.6258091292097,26.58767857981952,26.731863021850586,37000,0.0,0.0
2022-12-16 00:00:00-05:00,26.751091498717805,26.991399543741647,26.568456871146317,26.760704040527344,84900,0.0,0.0
2022-12-19 00:00:00-05:00,26.751088103029304,26.976978223367585,26.71263977407652,26.731863021850586,27000,0.0,0.0
2022-12-20 00:00:00-05:00,26.683802810648867,27.222092263100976,26.683802810648867,26.895273208618164,22900,0.0,0.0
2022-12-21 00:00:00-05:00,27.04907026168976,27.52007376292163,27.04907026168976,27.34705352783203,35500,0.0,0.0
2022-12-22 00:00:00-05:00,27.106745506790993,27.457594997502344,26.491555726210738,27.34705352783203,34800,0.0,0.0
2022-12-23 00:00:00-05:00,27.125969010431568,27.26054275019653,26.799149952066934,27.164419174194336,38400,0.0,0.0
2022-12-27 00:00:00-05:00,27.106747438886124,27.241319353571523,26.84721431764586,26.9721736907959,21700,0.0,0.0
2022-12-28 00:00:00-05:00,26.943335248007156,27.08751969003822,26.530005169688028,26.731863021850586,28400,0.0,0.0
2022-12-29 00:00:00-05:00,26.847212752848623,27.068295695061558,26.722251553577152,26.827987670898438,24100,0.0,0.0
2022-12-30 00:00:00-05:00,26.674189354334445,26.827986335470847,26.14551246085363,26.462718963623047,95200,0.0,0.0
2023-01-03 00:00:00-05:00,26.722252385877663,26.765507904910468,26.14551457664668,26.693416595458984,43900,0.0,0.0
2023-01-04 00:00:00-05:00,26.67419060190454,26.96255949667135,26.51558642639949,26.751089096069336,43700,0.0,0.0
2023-01-05 00:00:00-05:00,26.808763239206826,26.97217277293751,26.616517915256168,26.95294952392578,34600,0.0,0.0
2023-01-06 00:00:00-05:00,27.01062152723181,27.649839900258755,27.01062152723181,27.452787399291992,16000,0.0,0.0
2023-01-09 00:00:00-05:00,27.366276113995152,27.366276113995152,26.645352068314942,26.770313262939453,37800,0.0,0.0
2023-01-10 00:00:00-05:00,26.77031425845261,27.005815095425824,26.75108917650243,26.827987670898438,19400,0.0,0.0
2023-01-11 00:00:00-05:00,26.880854236618365,26.92410975190154,26.703026821967367,26.799148559570312,22800,0.0,0.0
2023-01-12 00:00:00-05:00,26.520392303601074,27.375888238102842,26.49155468218694,27.25092887878418,60700,0.0,0.0
2023-01-13 00:00:00-05:00,27.33744040954273,27.71232032775879,27.068294771636143,27.71232032775879,22900,0.0,0.0
2023-01-17 00:00:00-05:00,27.846891219178552,27.866116299775015,27.27976417541504,27.27976417541504,39400,0.0,0.0
2023-01-18 00:00:00-05:00,27.347052271968995,27.347052271968995,26.472331262221946,26.683801651000977,34800,0.0,0.0
2023-01-19 00:00:00-05:00,26.51078208637372,26.549232251628773,26.251248971116482,26.356985092163086,44100,0.0,0.0
2023-01-20 00:00:00-05:00,26.549231474526962,27.068295856443523,26.222412413044236,26.98178482055664,53500,0.0,0.0
2023-01-23 00:00:00-05:00,26.933724264528703,27.577749854011316,26.23202526158034,27.289379119873047,64400,0.0,0.0
2023-01-24 00:00:00-05:00,27.058681736548934,27.137503468372575,26.770312856022013,26.876047134399414,19600,0.0,0.0
2023-01-25 00:00:00-05:00,26.693414191409744,26.924109661006312,26.395430938951804,26.683801651000977,31000,0.0,0.0
2023-01-26 00:00:00-05:00,26.539617622226167,26.914497536944115,26.203186036333435,26.61651611328125,29600,0.0,0.0
2023-01-27 00:00:00-05:00,28.20037693882494,28.94401559624623,27.147691515427,27.205636978149414,44400,0.13,0.0
2023-01-30 00:00:00-05:00,27.070427887908828,27.118715462227115,26.54408522280682,26.761381149291992,30600,0.0,0.0
2023-01-31 00:00:00-05:00,26.597202441314916,27.302211336066982,26.597202441314916,27.138031005859375,35500,0.0,0.0
2023-02-01 00:00:00-05:00,27.04145519741602,27.422933311043703,26.6744648302401,27.0704288482666,41900,0.0,0.0
2023-02-02 00:00:00-05:00,27.109058844367866,27.785095968697693,26.954536388872988,27.253923416137695,29900,0.0,0.0
2023-02-03 00:00:00-05:00,27.128370327990403,27.52433428792618,26.951634583630863,27.4084415435791,20300,0.0,0.0
2023-02-06 00:00:00-05:00,27.104230406913832,27.244265113642182,26.930392186640912,27.08974266052246,13200,0.0,0.0
2023-02-07 00:00:00-05:00,26.964189731110768,27.57262156688912,26.964189731110768,27.50501823425293,24700,0.0,0.0
2023-02-08 00:00:00-05:00,27.34084278583894,27.649887699747566,27.06077152337912,27.17666244506836,12400,0.0,0.0
2023-02-09 00:00:00-05:00,27.398786551624067,27.398786551624067,26.635830407111445,26.78069496154785,15300,0.0,0.0
2023-02-10 00:00:00-05:00,27.09939881953144,27.09939881953144,26.404047824743856,26.751724243164062,21000,0.0,0.0
2023-02-13 00:00:00-05:00,26.848301046645876,27.012481383032647,26.67446466875365,26.82898712158203,25600,0.0,0.0
2023-02-14 00:00:00-05:00,26.742066526787166,27.05111141528457,26.268841311018914,26.394390106201172,22900,0.0,0.0
2023-02-15 00:00:00-05:00,26.27849680942042,26.587543533589823,26.24952500300499,26.568227767944336,20800,0.0,0.0
2023-02-16 00:00:00-05:00,26.336442596105343,26.4233616944729,25.95979255582836,26.133630752563477,18500,0.0,0.0
2023-02-17 00:00:00-05:00,26.278497435144978,26.790354184621563,26.225381841434334,26.674463272094727,21500,0.0,0.0
2023-02-21 00:00:00-05:00,26.404049639683887,26.592373765255427,25.94048227796118,26.19158172607422,22400,0.0,0.0
2023-02-22 00:00:00-05:00,25.94048148649809,26.027400594425753,25.318527062751404,25.843904495239258,60100,0.0,0.0
2023-02-23 00:00:00-05:00,25.728011485680106,26.1915806707779,25.728011485680106,25.921165466308594,16000,0.0,0.0
2023-02-24 00:00:00-05:00,25.756984164831923,25.930822372436523,25.679722943902412,25.930822372436523,20200,0.0,0.0
2023-02-27 00:00:00-05:00,25.911508139006287,26.104662123778915,25.67006657906696,25.74732780456543,24700,0.0,0.0
2023-02-28 00:00:00-05:00,25.60246348663024,25.97911173435088,24.796047710703014,25.389995574951172,65200,0.0,0.0
2023-03-01 00:00:00-05:00,25.303076911422792,25.37068025532875,24.984374117256873,25.235471725463867,38600,0.0,0.0
2023-03-02 00:00:00-05:00,25.01334161295566,25.090602827246887,24.530458563122338,24.810531616210938,19200,0.0,0.0
2023-03-03 00:00:00-05:00,24.694640752529196,25.187181721878286,24.273567747324986,25.109920501708984,24000,0.0,0.0
2023-03-06 00:00:00-05:00,24.911939812202363,25.023002706873395,24.617380819266934,24.704299926757812,62000,0.0,0.0
2023-03-07 00:00:00-05:00,24.733269591408565,24.733269591408565,24.289016242252746,24.443538665771484,29200,0.0,0.0
2023-03-08 00:00:00-05:00,24.298678493412975,24.742931922455277,24.289985845680224,24.569093704223633,56100,0.0,0.0
2023-03-09 00:00:00-05:00,24.4242250559519,24.4242250559519,23.651611086449343,23.728872299194336,31800,0.0,0.0
2023-03-10 00:00:00-05:00,23.38119903819242,23.48743391065064,22.38646102173041,22.743793487548828,51600,0.0,0.0
2023-03-13 00:00:00-04:00,22.43474829810484,22.616312077754834,20.85572034609755,21.66213607788086,56700,0.0,0.0
2023-03-14 00:00:00-04:00,22.82105711126715,23.487436381422945,22.227111051234854,22.32851791381836,49600,0.0,0.0
2023-03-15 00:00:00-04:00,22.03878521129993,22.164335853532457,21.536586326475646,21.971181869506836,38700,0.0,0.0
2023-03-16 00:00:00-04:00,21.62350303026324,22.627900688209543,21.256512711892217,22.145017623901367,34100,0.0,0.0
2023-03-17 00:00:00-04:00,22.260909666283748,22.260909666283748,21.015072254519737,21.19856834411621,92000,0.0,0.0
2023-03-20 00:00:00-04:00,21.507614788295953,21.913236686199237,21.24685745920393,21.29514503479004,37300,0.0,0.0
2023-03-21 00:00:00-04:00,21.816658495172526,23.792615673563244,21.551073159924513,21.961523056030273,30300,0.0,0.0
2023-03-22 00:00:00-04:00,22.106388608096484,22.299542592602698,21.034389336040466,21.07301902770996,28500,0.0,0.0
2023-03-23 00:00:00-04:00,21.08267647303828,22.06679322214738,20.628767013549805,20.628767013549805,50000,0.0,0.0
2023-03-24 00:00:00-04:00,20.561162903485172,21.404275999526117,20.47424379972184,21.159936904907227,38100,0.0,0.0
2023-03-27 00:00:00-04:00,21.536587651822348,21.55590341982417,21.09233604009856,21.285490036010742,20200,0.0,0.0
2023-03-28 00:00:00-04:00,21.068190535227647,21.212089863631235,20.749487757366357,20.92815399169922,24000,0.0,0.0
2023-03-29 00:00:00-04:00,20.879866417680457,20.986099448932308,20.62876698026658,20.92815399169922,27200,0.0,0.0
2023-03-30 00:00:00-04:00,21.03438855797711,21.254582029069955,20.387325128485006,20.425954818725586,30300,0.0,0.0
2023-03-31 00:00:00-04:00,20.541848672730623,20.91849692248143,20.310064992726055,20.67705535888672,42000,0.0,0.0
2023-04-03 00:00:00-04:00,20.70602921855712,20.720515123062004,20.47424553621412,20.619110107421875,16200,0.0,0.0
2023-04-04 00:00:00-04:00,20.60945068599419,20.60945068599419,19.972045146596663,20.203828811645508,30300,0.0,0.0
2023-04-05 00:00:00-04:00,19.885126461051723,20.43561290740155,19.801104903726312,20.368009567260742,44400,0.0,0.0
2023-04-06 00:00:00-04:00,20.474247291186966,20.72534492037527,20.194174166399296,20.377670288085938,17200,0.0,0.0
2023-04-10 00:00:00-04:00,20.290749730969956,20.628768296832877,20.290749730969956,20.522533416748047,31500,0.0,0.0
2023-04-11 00:00:00-04:00,20.952298805405004,21.15028081586796,20.435614001463804,20.619110107421875,33300,0.0,0.0
2023-04-12 00:00:00-04:00,20.744657363426143,20.744657363426143,20.107251824028616,20.203828811645508,20100,0.0,0.0
2023-04-13 00:00:00-04:00,20.16520051285305,20.72534492037527,20.145886585875342,20.377670288085938,30200,0.0,0.0
2023-04-14 00:00:00-04:00,20.82191902395819,20.82191902395819,19.991361333874625,20.368009567260742,45900,0.0,0.0
2023-04-17 00:00:00-04:00,20.213486532792068,20.619108403893517,20.145883194617294,20.5611629486084,22400,0.0,0.0
2023-04-18 00:00:00-04:00,21.41972753123922,21.41972753123922,19.99135935597397,20.087934494018555,29000,0.0,0.0
2023-04-19 00:00:00-04:00,20.10725069735211,20.406637684341277,19.662999158081266,20.25211524963379,52500,0.0,0.0
2023-04-20 00:00:00-04:00,19.97204632228235,20.503217022364204,19.951765319473683,20.416297912597656,13100,0.0,0.0
2023-04-21 00:00:00-04:00,20.23280255351597,20.23280255351597,19.846494601273324,20.165197372436523,34800,0.0,0.0
2023-04-24 00:00:00-04:00,20.12656553648337,20.348691295902128,20.12656553648337,20.242456436157227,29200,0.0,0.0
2023-04-25 00:00:00-04:00,20.15554282303259,20.15554282303259,19.6726596890477,19.720947265625,16300,0.0,0.0
2023-04-26 00:00:00-04:00,19.59539918672078,19.92375803529773,19.421560957322193,19.508480072021484,21900,0.0,0.0
2023-04-27 00:00:00-04:00,19.63402648067543,20.078279883944,19.60505283196678,19.943071365356445,24700,0.0,0.0
2023-04-28 00:00:00-04:00,20.65254547419073,20.65254547419073,19.633038848752314,19.952789306640625,27400,0.13,0.0
2023-05-01 00:00:00-04:00,19.923632358254903,20.487325297168823,19.738973783209243,19.884756088256836,42800,0.0,0.0
2023-05-02 00:00:00-04:00,19.69037992803024,19.69037992803024,19.175280482607235,19.544597625732422,59900,0.0,0.0
2023-05-03 00:00:00-04:00,19.670943025773898,19.97708717738489,19.22387702355576,19.321063995361328,23600,0.0,0.0
2023-05-04 00:00:00-04:00,19.01977952795218,19.52515991708499,18.222834527862606,18.640745162963867,55600,0.0,0.0
2023-05-05 00:00:00-04:00,18.9906263759262,19.62235100855884,18.796248710321017,19.554319381713867,22300,0.0,0.0
2023-05-08 00:00:00-04:00,19.72925935962583,19.82644820377494,19.41825654132709,19.583477020263672,24300,0.0,0.0
2023-05-09 00:00:00-04:00,19.447411741919677,19.73897639052759,19.350222907809428,19.486286163330078,19700,0.0,0.0
2023-05-10 00:00:00-04:00,19.70982014046573,19.89447687777223,19.447410856433027,19.69038200378418,20400,0.0,0.0
2023-05-11 00:00:00-04:00,19.311345269563436,19.709817754688356,19.311345269563436,19.612628936767578,20300,0.0,0.0
2023-05-12 00:00:00-04:00,19.700098995346433,19.71273396822974,19.418251604344444,19.544597625732422,24600,0.0,0.0
2023-05-15 00:00:00-04:00,19.651505384682476,20.22005882341716,19.651505384682476,19.709819793701172,25700,0.0,0.0
2023-05-16 00:00:00-04:00,20.07913641310007,20.07913641310007,19.64178758581089,19.845884323120117,20400,0.0,0.0
2023-05-17 00:00:00-04:00,20.0013841055019,20.83720541757069,20.0013841055019,20.75945472717285,30900,0.0,0.0
2023-05-18 00:00:00-04:00,20.788610660252793,21.45435293502709,20.701140899387887,21.293991088867188,28900,0.0,0.0
2023-05-19 00:00:00-04:00,21.15792547237434,22.27073364149676,21.060736654098918,21.216238021850586,53700,0.0,0.0
2023-05-22 00:00:00-04:00,21.47864894876052,21.70218195060661,20.176323502067167,20.66226577758789,74700,0.0,0.0
2023-05-23 00:00:00-04:00,20.749735419630557,21.828526004732097,20.545638701115568,21.546680450439453,31300,0.0,0.0
2023-05-24 00:00:00-04:00,21.342586780845853,21.892673497417626,21.08017932487241,21.1773681640625,23700,0.0,0.0
2023-05-25 00:00:00-04:00,21.012147182995363,21.30371183975816,20.91009788477779,21.0996150970459,23300,0.0,0.0
2023-05-26 00:00:00-04:00,21.05102085967415,21.57583944772079,21.05102085967415,21.449493408203125,13900,0.0,0.0
2023-05-30 00:00:00-04:00,21.449493578633025,21.575839619154586,20.973270330356517,21.235679626464844,17200,0.0,0.0
2023-05-31 00:00:00-04:00,22.14925084300696,22.14925084300696,21.093783741192645,21.536962509155273,61900,0.0,0.0
2023-06-01 00:00:00-04:00,21.760493464587608,21.9451520395021,21.274551212292412,21.43977165222168,33700,0.0,0.0
2023-06-02 00:00:00-04:00,21.410617017338865,23.091976821446693,21.410617017338865,23.004507064819336,41000,0.0,0.0
2023-06-05 00:00:00-04:00,22.90731877839373,23.09197736380214,21.78965190534371,21.838245391845703,35600,0.0,0.0
2023-06-06 00:00:00-04:00,21.750776368723805,22.693505610013915,21.647757580664468,22.158967971801758,61900,0.0,0.0
2023-06-07 00:00:00-04:00,22.401937185718843,23.56819933773497,22.401937185718843,23.402978897094727,52300,0.0,0.0
2023-06-08 00:00:00-04:00,23.10169861777724,23.44185861664589,22.89274326934605,23.062822341918945,25900,0.0,0.0
2023-06-09 00:00:00-04:00,22.80429979473669,23.1697278521672,22.586596750620583,22.625473022460938,27300,0.0,0.0
2023-06-12 00:00:00-04:00,22.858726068039857,23.20860326092389,22.489408884683193,22.82956886291504,36300,0.0,0.0
2023-06-13 00:00:00-04:00,22.96563250091,23.398122709152833,22.839288317345687,23.169729232788086,53400,0.0,0.0
2023-06-14 00:00:00-04:00,23.31551061110006,23.893781262891203,22.95591435829639,23.01422691345215,56900,0.0,0.0
2023-06-15 00:00:00-04:00,23.189168180745597,23.364107713123307,22.985071441730657,23.228042602539062,38400,0.0,0.0
2023-06-16 00:00:00-04:00,23.451572562720838,23.607075790753896,22.936474955463428,23.23775863647461,72900,0.0,0.0
2023-06-20 00:00:00-04:00,23.276635626839994,23.422417938049644,22.81012963575739,22.887880325317383,59500,0.0,0.0
2023-06-21 00:00:00-04:00,22.878164837630965,23.043383443406842,22.693506240844727,22.693506240844727,42200,0.0,0.0
2023-06-22 00:00:00-04:00,22.77125690072817,22.77125690072817,22.12009413239365,22.333908081054688,27700,0.0,0.0
2023-06-23 00:00:00-04:00,22.003466432792372,22.28531385250575,21.857684115643917,22.013185501098633,255300,0.0,0.0
2023-06-26 00:00:00-04:00,21.925715549124707,22.503988059113606,21.925715549124707,22.17840576171875,37100,0.0,0.0
2023-06-27 00:00:00-04:00,22.314469358334048,22.489408881613564,22.149250757150895,22.158967971801758,35700,0.0,0.0
2023-06-28 00:00:00-04:00,22.295035077110583,22.372785777357716,22.022906699384148,22.207565307617188,28200,0.0,0.0
2023-06-29 00:00:00-04:00,22.37278417325086,22.73238044096507,22.076359070523633,22.1395320892334,34300,0.0,0.0
2023-06-30 00:00:00-04:00,22.42137578891325,22.42137578891325,21.83824470073026,21.877120971679688,36000,0.0,0.0
2023-07-03 00:00:00-04:00,21.818809404460925,22.469972142493628,21.342584332434107,22.392221450805664,17900,0.0,0.0
2023-07-05 00:00:00-04:00,22.139531118692517,22.431095747502194,22.139531118692517,22.295032501220703,16800,0.0,0.0
2023-07-06 00:00:00-04:00,22.15896668426197,22.15896668426197,21.75077510490186,22.022903442382812,20800,0.0,0.0
2023-07-07 00:00:00-04:00,22.052063935470354,22.586599768641182,22.052063935470354,22.25615882873535,53900,0.0,0.0
2023-07-10 00:00:00-04:00,22.22700280951845,22.732381419789107,22.110375835626535,22.3436279296875,18400,0.0,0.0
2023-07-11 00:00:00-04:00,22.625471675310433,22.625471675310433,22.36306241718025,22.48940658569336,11100,0.0,0.0
2023-07-12 00:00:00-04:00,22.664348097317202,23.082258763097336,22.664348097317202,22.897600173950195,18400,0.0,0.0
2023-07-13 00:00:00-04:00,23.21832272176141,23.266918064457517,23.053102264040213,23.169729232788086,9900,0.0,0.0
2023-07-14 00:00:00-04:00,23.305793358747156,23.325231496554437,22.683787778697017,22.91703987121582,17900,0.0,0.0
2023-07-17 00:00:00-04:00,23.325231380217204,23.811173700638395,23.262058359520054,23.539045333862305,25400,0.0,0.0
2023-07-18 00:00:00-04:00,23.60707582830509,24.2485194617867,23.60707582830509,24.219362258911133,17600,0.0,0.0
2023-07-19 00:00:00-04:00,24.29711497896809,24.530367060319453,24.122175454523877,24.316553115844727,26900,0.0,0.0
2023-07-20 00:00:00-04:00,24.190206729075882,24.763618782562038,24.083300685250197,24.695587158203125,21100,0.0,0.0
2023-07-21 00:00:00-04:00,24.77333734633722,24.77333734633722,24.452615513946363,24.569242477416992,19100,0.0,0.0
2023-07-24 00:00:00-04:00,24.59839733055664,25.016307981768133,24.59839733055664,24.802494049072266,15800,0.0,0.0
2023-07-25 00:00:00-04:00,24.637275348534136,25.012422498308972,24.384585126315198,24.656713485717773,15700,0.0,0.0
2023-07-26 00:00:00-04:00,25.02602678024826,25.706346696346007,23.859764596572877,25.541126251220703,48300,0.0,0.0
2023-07-27 00:00:00-04:00,25.69662981108636,26.240884677957162,25.307876334750073,25.473094940185547,40600,0.0,0.0
2023-07-28 00:00:00-04:00,25.609835448116392,26.303314053940824,25.394955724193686,26.195873260498047,26000,0.13,0.0
2023-07-31 00:00:00-04:00,26.18610580058814,26.225175857543945,25.658673072424776,26.225175857543945,25600,0.0,0.0
2023-08-01 00:00:00-04:00,26.029830757957,26.029830757957,25.502398000225064,25.88332176208496,41900,0.0,0.0
2023-08-02 00:00:00-04:00,25.73681122445849,26.147037506103516,25.648905459608635,26.147037506103516,15800,0.0,0.0
2023-08-03 00:00:00-04:00,26.127502513940946,26.361917266211417,25.932155955567463,26.16657257080078,24600,0.0,0.0
2023-08-04 00:00:00-04:00,26.195875037558974,26.361919064615062,26.098201751708984,26.098201751708984,21200,0.0,0.0
2023-08-07 00:00:00-04:00,26.31112731007134,26.361917266211417,25.971226012427298,26.16657257080078,40200,0.0,0.0
2023-08-08 00:00:00-04:00,25.86378749229905,26.66470509869311,25.785649234674338,26.488895416259766,55200,0.0,0.0
2023-08-09 00:00:00-04:00,26.596334149106372,26.92842220716706,26.127504607007634,26.322851181030273,85400,0.0,0.0
2023-08-10 00:00:00-04:00,26.391223549031427,26.83075057321744,25.932159630683866,26.078670501708984,35300,0.0,0.0
2023-08-11 00:00:00-04:00,25.941925351302526,26.28378092176885,25.941925351302526,26.186107635498047,30300,0.0,0.0
2023-08-14 00:00:00-04:00,26.14703755236743,26.35214976207144,26.11773500971135,26.195873260498047,24700,0.0,0.0
2023-08-15 00:00:00-04:00,26.117735280700977,26.547496595968312,26.04936454342358,26.391220092773438,46800,0.0,0.0
2023-08-16 00:00:00-04:00,26.576797083718695,26.679355051855794,26.264244079589844,26.264244079589844,27400,0.0,0.0
2023-08-17 00:00:00-04:00,26.274013588717676,26.498660844621476,25.89308981888401,26.31308364868164,37100,0.0,0.0
2023-08-18 00:00:00-04:00,26.039597234257204,26.796561901876668,26.039597234257204,26.576797485351562,79300,0.0,0.0
2023-08-21 00:00:00-04:00,26.59633359287414,26.606101107667296,25.844251720467817,25.893089294433594,19900,0.0,0.0
2023-08-22 00:00:00-04:00,26.059134743415797,26.059134743415797,25.404726120232397,25.482864379882812,35400,0.0,0.0
2023-08-23 00:00:00-04:00,25.521928375731058,25.541463403167747,25.14100465552937,25.189842224121094,31300,0.0,0.0
2023-08-24 00:00:00-04:00,25.131239685184855,25.85401900682553,25.131239685184855,25.71727752685547,32300,0.0,0.0
2023-08-25 00:00:00-04:00,23.197314721007814,25.902854611369058,23.197314721007814,25.668439865112305,41500,0.0,0.0
2023-08-28 00:00:00-04:00,25.49262833967904,25.932155290299402,25.49262833967904,25.668439865112305,28300,0.0,0.0
2023-08-29 00:00:00-04:00,25.707510082581926,25.89797196248004,25.595186457589783,25.75634765625,22600,0.0,0.0
2023-08-30 00:00:00-04:00,25.717277216016683,26.151921368922036,25.415467908185697,25.473094940185547,38600,0.0,0.0
2023-08-31 00:00:00-04:00,25.453560087482867,25.775880619296164,25.453560087482867,25.619604110717773,51400,0.0,0.0
2023-09-01 00:00:00-04:00,25.77588181062281,26.820981708655015,25.77588181062281,26.567033767700195,62300,0.0,0.0
2023-09-05 00:00:00-04:00,26.508427982590817,26.508427982590817,25.990762736171874,26.029830932617188,39900,0.0,0.0
2023-09-06 00:00:00-04:00,25.951692210890503,26.093318379258662,25.648906707763672,25.648906707763672,31800,0.0,0.0
2023-09-07 00:00:00-04:00,25.678205579208555,25.893085282474935,25.482859039538997,25.7465763092041,44600,0.0,0.0
2023-09-08 00:00:00-04:00,25.775882737836582,26.103087985352865,25.668443793710278,25.7856502532959,32300,0.0,0.0
2023-09-11 00:00:00-04:00,26.010293653538554,26.20564020776042,25.75634574119806,25.77587890625,33700,0.0,0.0
2023-09-12 00:00:00-04:00,26.039598525384182,26.322850868052853,25.961460269296786,26.098201751708984,21100,0.0,0.0
2023-09-13 00:00:00-04:00,26.127504007377002,26.127504007377002,25.834486016030855,25.863786697387695,27600,0.0,0.0
2023-09-14 00:00:00-04:00,26.02006318172221,26.37168626135509,25.79541593105141,25.824718475341797,50800,0.0,0.0
2023-09-15 00:00:00-04:00,25.824718855918423,26.27401336388125,25.805183826103608,26.137271881103516,67700,0.0,0.0
2023-09-18 00:00:00-04:00,26.103086284009954,26.107969109939816,25.93215756905732,25.96146011352539,26200,0.0,0.0
2023-09-19 00:00:00-04:00,25.922389753397805,25.93215540444237,25.736810713183313,25.77587890625,24900,0.0,0.0
2023-09-20 00:00:00-04:00,26.03959799795238,26.176339477594883,25.590303500291053,25.658674240112305,39300,0.0,0.0
2023-09-21 00:00:00-04:00,25.44379387791513,25.44379387791513,25.06287010158694,25.131240844726562,39900,0.0,0.0
2023-09-22 00:00:00-04:00,25.111706215747247,25.624490523415787,25.043335471514926,25.463329315185547,28400,0.0,0.0
2023-09-25 00:00:00-04:00,25.492630528127357,26.02006328674251,25.482863013324472,25.932157516479492,26500,0.0,0.0
2023-09-26 00:00:00-04:00,25.873551965651114,26.059131004304074,25.55123145797113,25.590301513671875,26300,0.0,0.0
2023-09-27 00:00:00-04:00,25.012078814488863,25.875508106414724,25.012078814488863,25.570768356323242,32900,0.0,0.0
2023-09-28 00:00:00-04:00,25.619604312942343,26.088433842378155,25.619604312942343,25.75634765625,27100,0.0,0.0
2023-09-29 00:00:00-04:00,25.980994985631312,26.12750398115736,25.824718475341797,25.824718475341797,29600,0.0,0.0
2023-10-02 00:00:00-04:00,25.805181448272123,26.191966060742658,25.717275685168566,25.77587890625,24600,0.0,0.0
2023-10-03 00:00:00-04:00,25.795415424702288,25.795415424702288,25.25333047523006,25.424259185791016,31500,0.0,0.0
2023-10-04 00:00:00-04:00,25.482862832597636,25.85401907766025,25.28751626385124,25.75634765625,24200,0.0,0.0
2023-10-05 00:00:00-04:00,24.769851578145353,26.36191925610155,24.769851578145353,26.254478454589844,43100,0.0,0.0
2023-10-06 00:00:00-04:00,26.029831157266653,26.415639613919772,26.010296127393914,26.205642700195312,35600,0.0,0.0
2023-10-09 00:00:00-04:00,26.000528618936638,26.40098738791935,25.009147347755952,26.225175857543945,19300,0.0,0.0
2023-10-10 00:00:00-04:00,26.430290102647536,26.47912767760249,26.225177876725716,26.31308364868164,22100,0.0,0.0
2023-10-11 00:00:00-04:00,26.361919497147156,26.60610178429705,26.332616952022487,26.4400577545166,24400,0.0,0.0
2023-10-12 00:00:00-04:00,26.308196843126215,26.308196843126215,26.029829208649026,26.17633819580078,14500,0.0,0.0
2023-10-13 00:00:00-04:00,25.997599775295985,26.303315724198907,25.922391960295492,26.010295867919922,17200,0.0,0.0
2023-10-16 00:00:00-04:00,26.068899219242038,26.278896116873547,26.03959667667851,26.12750244140625,16000,0.0,0.0
2023-10-17 00:00:00-04:00,26.371685064133363,26.66470304188303,26.098200252060902,26.391220092773438,51200,0.0,0.0
2023-10-18 00:00:00-04:00,26.17633813118108,26.274011410028745,26.088432366514464,26.117734909057617,19900,0.0,0.0
2023-10-19 00:00:00-04:00,26.308198013471277,26.317965528110957,25.473095072889368,25.570768356323242,31400,0.0,0.0
2023-10-20 00:00:00-04:00,25.79541827439815,25.79541827439815,24.50613601590525,24.589157104492188,41900,0.0,0.0
2023-10-23 00:00:00-04:00,24.467061949364435,24.774732121644046,24.33032047855697,24.41822624206543,29700,0.0,0.0
2023-10-24 00:00:00-04:00,24.496364491521526,24.5012473170663,24.056835673979222,24.41822624206543,26300,0.0,0.0
2023-10-25 00:00:00-04:00,25.072637481662866,25.39495802827242,24.72101438973862,25.0042667388916,55600,0.0,0.0
2023-10-26 00:00:00-04:00,25.18984296951002,25.883319697368307,25.18984296951002,25.77587890625,26600,0.0,0.0
2023-10-27 00:00:00-04:00,25.677722506642773,25.71698597816089,25.38325395899837,25.56974983215332,15700,0.13,0.0
2023-10-30 00:00:00-04:00,25.766064727845954,26.404081194288857,25.756248859477854,26.178321838378906,28700,0.0,0.0
2023-10-31 00:00:00-04:00,26.021271374399504,26.45316021644939,26.021271374399504,26.3255558013916,42700,0.0,0.0
2023-11-01 00:00:00-04:00,26.472791582391718,26.472791582391718,26.050720456835407,26.21758460998535,16800,0.0,0.0
2023-11-02 00:00:00-04:00,26.217585298147856,26.325557985665352,26.060535137496363,26.20777130126953,34500,0.0,0.0
2023-11-03 00:00:00-04:00,26.48260869065593,26.70836806720964,26.325558526776337,26.54150390625,43300,0.0,0.0
2023-11-06 00:00:00-05:00,26.492422324102325,26.492422324102325,26.031087740663406,26.089981079101562,20700,0.0,0.0
2023-11-07 00:00:00-05:00,25.95256233215332,25.991823933212867,25.864221389537537,25.95256233215332,26500,0.0,0.0
2023-11-08 00:00:00-05:00,25.98200923009739,26.050720311357562,25.41270194781183,25.707172393798828,19800,0.0,0.0
2023-11-09 00:00:00-05:00,25.903485728372655,25.903485728372655,25.265469198192246,25.28510093688965,13500,0.0,0.0
2023-11-10 00:00:00-05:00,25.51085825435203,25.520674122907717,25.186942080756392,25.343992233276367,20100,0.0,0.0
2023-11-13 00:00:00-05:00,25.196758365601706,25.196758365601706,24.794317109097122,24.85321044921875,33300,0.0,0.0
2023-11-14 00:00:00-05:00,25.501040098822894,26.777074813842773,25.501040098822894,26.777074813842773,40800,0.0,0.0
2023-11-15 00:00:00-05:00,24.658862118051015,26.796709018415115,24.658862118051015,26.54150390625,27100,0.0,0.0
2023-11-16 00:00:00-05:00,26.472790636595946,26.54150171578498,26.24703127867411,26.374635696411133,21000,0.0,0.0
2023-11-17 00:00:00-05:00,26.688735408087137,26.786892218286912,26.315739903765074,26.63965606689453,23800,0.0,0.0
2023-11-20 00:00:00-05:00,26.796706857566736,26.796706857566736,26.247031328313216,26.34518814086914,14300,0.0,0.0
2023-11-21 00:00:00-05:00,26.276481143235337,26.276481143235337,25.913301467895508,25.913301467895508,10800,0.0,0.0
2023-11-22 00:00:00-05:00,26.178320650394898,26.178320650394898,25.000442710271816,25.8249568939209,19600,0.0,0.0
2023-11-24 00:00:00-05:00,25.68754034282873,26.13905906677246,24.427211267742127,26.13905906677246,10400,0.0,0.0
2023-11-27 00:00:00-05:00,26.148876059488796,26.16850779759606,25.530491286594653,25.638463973999023,21500,0.0,0.0
2023-11-28 00:00:00-05:00,25.186941251132993,25.58938248773276,24.583279396233348,25.442148208618164,28700,0.0,0.0
2023-11-29 00:00:00-05:00,25.66790878272552,25.913299883654414,25.59919957401511,25.76606559753418,13700,0.0,0.0
2023-11-30 00:00:00-05:00,25.775878787589487,26.163597136089756,25.402883304515573,25.520671844482422,19300,0.0,0.0
2023-12-01 00:00:00-05:00,25.81514037569384,26.79670467700821,25.81514037569384,26.777074813842773,29900,0.0,0.0
2023-12-04 00:00:00-05:00,24.607818119326332,26.95375633239746,24.607818119326332,26.95375633239746,23300,0.0,0.0
2023-12-05 00:00:00-05:00,26.70836450153499,27.415092016827806,26.64947116598905,27.0224666595459,31900,0.0,0.0
2023-12-06 00:00:00-05:00,27.061729496292195,28.09237321248102,26.895844502980786,27.63103675842285,47300,0.0,0.0
2023-12-07 00:00:00-05:00,27.699744122234474,27.974582802703903,27.65066665566527,27.91568946838379,21400,0.0,0.0
2023-12-08 00:00:00-05:00,28.07274209636952,28.121819567288906,27.670300843836937,27.935321807861328,12400,0.0,0.0
2023-12-11 00:00:00-05:00,28.04329378590276,28.092373127774504,27.631036675107392,27.974584579467773,21500,0.0,0.0
2023-12-12 00:00:00-05:00,27.97458461358525,27.97458461358525,27.611404972033238,27.660484313964844,11800,0.0,0.0
2023-12-13 00:00:00-05:00,27.96476821312151,29.1328303182728,27.635945053270774,29.123014450073242,42300,0.0,0.0
2023-12-14 00:00:00-05:00,29.12301468240282,29.662874332387204,28.67247699990592,29.005226135253906,56700,0.0,0.0
2023-12-15 00:00:00-05:00,29.33895804247907,29.33895804247907,28.347577816880243,28.46536636352539,136700,0.0,0.0
2023-12-18 00:00:00-05:00,28.75002164598397,29.083751813436553,28.75002164598397,29.024858474731445,42500,0.0,0.0
2023-12-19 00:00:00-05:00,29.162278645288904,29.446933231845833,29.162278645288904,29.397855758666992,25800,0.0,0.0
2023-12-20 00:00:00-05:00,29.181909657708605,29.476380106015224,28.377027135604504,28.553709030151367,69700,0.0,0.0
2023-12-21 00:00:00-05:00,28.602784384648764,28.975779883787222,28.514443443915205,28.956148147583008,19600,0.0,0.0
2023-12-22 00:00:00-05:00,29.13282932492682,29.25061599493446,28.700940499799625,28.995410919189453,26900,0.0,0.0
2023-12-26 00:00:00-05:00,28.72057464301826,29.427300338861148,28.72057464301826,29.329143524169922,16700,0.0,0.0
2023-12-27 00:00:00-05:00,29.437116430927823,29.437116430927823,29.073938647655545,29.24080467224121,13800,0.0,0.0
2023-12-28 00:00:00-05:00,29.03467434321321,29.12301528736361,28.96105626569272,29.024858474731445,12300,0.0,0.0
2023-12-29 00:00:00-05:00,28.838360707070127,28.887440049460434,28.426103591918945,28.426103591918945,15300,0.0,0.0
2024-01-02 00:00:00-05:00,28.298502194545218,29.07884598445862,28.298502194545218,28.779468536376953,22300,0.0,0.0
2024-01-03 00:00:00-05:00,28.808914669432852,28.808914669432852,27.797902693100408,27.974584579467773,23900,0.0,0.0
2024-01-04 00:00:00-05:00,28.121820860971678,28.563525608307835,27.899987462052025,28.229793548583984,23500,0.0,0.0
2024-01-05 00:00:00-05:00,28.004033716074833,28.44573658396362,27.92550863697112,28.151268005371094,43600,0.0,0.0
2024-01-08 00:00:00-05:00,28.062925023134248,28.210159301757812,28.062925023134248,28.210159301757812,8100,0.0,0.0
2024-01-09 00:00:00-05:00,27.925509262004663,27.989309603076844,27.46908164444051,27.572145462036133,13500,0.0,0.0
2024-01-10 00:00:00-05:00,27.395460706840083,27.788086070226214,27.051912811807686,27.72919273376465,11900,0.0,0.0
2024-01-11 00:00:00-05:00,27.483804101249536,27.631038391640544,27.238412993202665,27.46417236328125,63000,0.0,0.0
2024-01-12 00:00:00-05:00,27.78808741857006,27.78808741857006,26.94394331437635,27.395462036132812,15000,0.0,0.0
2024-01-16 00:00:00-05:00,27.08136280211997,27.40037199108163,25.383256785748348,26.894865036010742,9100,0.0,0.0
2024-01-17 00:00:00-05:00,26.570948985208524,27.562329290314306,25.962380083261188,26.83597183227539,9300,0.0,0.0
2024-01-18 00:00:00-05:00,26.65928859166816,26.92431142538847,26.462974965463754,26.570947647094727,9200,0.0,0.0
2024-01-19 00:00:00-05:00,26.914495248774493,27.316936492919922,26.747629230066476,27.316936492919922,12100,0.0,0.0
2024-01-22 00:00:00-05:00,27.62122067438313,28.112002857636195,27.113751702192175,28.033477783203125,21600,0.0,0.0
2024-01-23 00:00:00-05:00,28.308317168587617,28.308317168587617,27.262950568611615,27.424909591674805,13800,0.0,0.0
2024-01-24 00:00:00-05:00,27.797903099236596,27.827350704789882,26.835970450721756,27.483802795410156,19200,0.0,0.0
2024-01-25 00:00:00-05:00,27.483801290100278,27.905874252319336,26.93412578851018,27.905874252319336,30300,0.0,0.0
2024-01-26 00:00:00-05:00,28.251000911604358,28.44821633259409,27.6100536145662,28.103090286254883,11600,0.13,0.0
2024-01-29 00:00:00-05:00,27.797407653577217,28.694734231937748,27.619914153543597,28.586265563964844,16100,0.0,0.0
2024-01-30 00:00:00-05:00,28.536962098344116,28.596125970283364,28.2115579814999,28.408771514892578,11000,0.0,0.0
2024-01-31 00:00:00-05:00,28.211558466885915,28.211558466885915,26.702865600585938,26.702865600585938,17800,0.0,0.0
2024-02-01 00:00:00-05:00,26.840915197069666,27.105184382572237,25.68720933297864,26.683143615722656,23100,0.0,0.0
2024-02-02 00:00:00-05:00,26.239412480521153,26.840915945893126,26.007684641109147,26.29857635498047,30600,0.0,0.0
2024-02-05 00:00:00-05:00,26.002754963651128,26.66342418075554,25.65762891636632,26.2492733001709,37400,0.0,0.0
2024-02-06 00:00:00-05:00,26.43662598139125,26.44648694058348,25.489996468364904,25.657629013061523,17200,0.0,0.0
2024-02-07 00:00:00-05:00,25.499855698787535,25.785815972832868,23.734783619540423,25.105424880981445,32700,0.0,0.0
2024-02-08 00:00:00-05:00,24.888489107878698,25.61818310194846,24.888489107878698,25.608322143554688,12800,0.0,0.0
2024-02-09 00:00:00-05:00,26.35774008930536,26.436625881760257,25.963311127030853,26.2492733001709,14400,0.0,0.0
2024-02-12 00:00:00-05:00,26.23941144626933,27.09729417486494,25.943588324061587,25.96331024169922,44600,0.0,0.0
2024-02-13 00:00:00-05:00,25.24347882426252,25.5688829634012,24.395455118295057,24.632112503051758,37400,0.0,0.0
2024-02-14 00:00:00-05:00,25.026538556368987,25.76609350270216,24.799742157548664,25.539297103881836,19600,0.0,0.0
2024-02-15 00:00:00-05:00,25.61818280117576,26.929660159582156,25.543241022891337,26.722585678100586,16800,0.0,0.0
2024-02-16 00:00:00-05:00,26.61411713219928,26.870496406172617,26.140802417534115,26.150663375854492,15700,0.0,0.0
2024-02-20 00:00:00-05:00,25.835122823694867,26.909942938196075,25.414069453194198,26.3873233795166,40400,0.0,0.0
2024-02-21 00:00:00-05:00,26.308438276518746,26.392253611669837,25.96824175416597,25.983034133911133,15400,0.0,0.0
2024-02-22 00:00:00-05:00,25.785817620657106,26.303505751128178,25.34208574344718,25.6280460357666,29200,0.0,0.0
2024-02-23 00:00:00-05:00,25.38152766630662,26.298576177782472,25.233617040762113,25.61818504333496,22800,0.0,0.0
2024-02-26 00:00:00-05:00,25.411111016465785,26.002755410436126,24.898352416305773,25.775957107543945,15500,0.0,0.0
2024-02-27 00:00:00-05:00,26.130943735709096,26.308437239367915,25.55902126880047,25.647768020629883,16700,0.0,0.0
2024-02-28 00:00:00-05:00,25.42097163480494,26.015572615889813,25.16459233816389,25.657629013061523,36900,0.0,0.0
2024-02-29 00:00:00-05:00,26.121080990038877,26.683142459327154,25.64776626651038,26.308435440063477,21600,0.0,0.0
2024-03-01 00:00:00-05:00,26.45634520307877,26.45634520307877,25.430830001831055,25.430830001831055,15500,0.0,0.0
2024-03-04 00:00:00-05:00,25.53929958815227,26.032336266999945,25.046262909304602,25.726654052734375,49400,0.0,0.0
2024-03-05 00:00:00-05:00,25.26320038816962,26.48593113262263,25.16459267571028,25.775957107543945,11300,0.0,0.0
2024-03-06 00:00:00-05:00,25.44068961243153,25.884423336223858,25.120216928168634,25.608322143554688,41000,0.0,0.0
2024-03-07 00:00:00-05:00,25.992894308200675,25.992894308200675,24.612390102931435,25.09556770324707,42200,0.0,0.0
2024-03-08 00:00:00-05:00,25.282919579114296,25.4899959564209,24.651833249771542,25.4899959564209,52700,0.0,0.0
2024-03-11 00:00:00-04:00,25.09063592639325,26.45634773294179,25.09063592639325,26.229551315307617,38600,0.0,0.0
2024-03-12 00:00:00-04:00,25.849912428301593,25.854841967392932,25.2829195127313,25.470273971557617,117600,0.0,0.0
2024-03-13 00:00:00-04:00,25.54915966170027,25.58860349741779,25.023583528184993,25.440690994262695,11800,0.0,0.0
2024-03-14 00:00:00-04:00,25.253336415875523,25.62804342157198,24.627179679368876,24.799741744995117,21800,0.0,0.0
2024-03-15 00:00:00-04:00,24.760301787799563,25.71679223578125,24.760301787799563,25.450551986694336,64700,0.0,0.0
2024-03-18 00:00:00-04:00,25.509718231846595,25.509718231846595,24.227821756425413,24.35601234436035,76500,0.0,0.0
2024-03-19 00:00:00-04:00,24.41517582362156,25.00682019649744,24.347136523258346,24.849048614501953,16200,0.0,0.0
2024-03-20 00:00:00-04:00,24.814536782509958,25.667490005493164,24.742551592234882,25.667490005493164,10800,0.0,0.0
2024-03-21 00:00:00-04:00,26.032336747168753,26.318298928952125,25.39138942900158,25.88442611694336,22500,0.0,0.0
2024-03-22 00:00:00-04:00,26.032334867302108,26.485929565461788,25.28291893005371,25.28291893005371,10800,0.0,0.0
2024-03-25 00:00:00-04:00,25.32236299753141,26.190106686068813,24.918073089364647,25.97317123413086,39700,0.0,0.0
2024-03-26 00:00:00-04:00,26.249272155622332,26.249272155622332,25.016680526768244,25.263198852539062,19200,0.0,0.0
2024-03-27 00:00:00-04:00,25.63790517555913,26.328157221061467,25.273057235899778,26.268991470336914,18600,0.0,0.0
2024-03-28 00:00:00-04:00,26.268993748590535,26.46620917320542,25.81046948502875,26.3873233795166,59900,0.0,0.0
2024-04-01 00:00:00-04:00,24.789882244668966,26.623979190773643,24.789882244668966,25.27305793762207,17000,0.0,0.0
2024-04-02 00:00:00-04:00,25.11528757473825,25.11528757473825,24.60253086157756,25.046262741088867,13000,0.0,0.0
2024-04-03 00:00:00-04:00,24.789881589907658,25.44068980247429,24.760300595290868,25.056121826171875,12700,0.0,0.0
2024-04-04 00:00:00-04:00,25.50971763253766,25.598462501072632,25.03640100923275,25.411109924316406,11500,0.0,0.0
2024-04-05 00:00:00-04:00,25.24347717723224,25.549159377500292,25.01668076673612,25.342084884643555,10900,0.0,0.0
2024-04-08 00:00:00-04:00,25.24347545772753,25.489993769070992,24.60252822439162,24.799741744995117,46800,0.0,0.0
2024-04-09 00:00:00-04:00,24.908211865098565,25.0314710280014,24.61238874566043,24.651832580566406,19700,0.0,0.0
2024-04-10 00:00:00-04:00,24.572947247742704,24.720857869814985,23.71506263046651,24.178518295288086,53800,0.0,0.0
2024-04-11 00:00:00-04:00,24.425037793614997,24.68141709516632,24.08977269780063,24.563087463378906,31700,0.0,0.0
2024-04-12 00:00:00-04:00,24.257406403657317,24.97723954576772,24.16865964577677,24.316570281982422,17500,0.0,0.0
2024-04-15 00:00:00-04:00,24.78988314034562,25.213894977036823,24.158796805243714,24.947654724121094,43900,0.0,0.0
2024-04-16 00:00:00-04:00,24.67648466049938,25.10542603161949,24.464478744486833,24.85890769958496,28400,0.0,0.0
2024-04-17 00:00:00-04:00,25.125146339476615,25.243475958815946,24.898349939927183,24.9575138092041,28400,0.0,0.0
2024-04-18 00:00:00-04:00,24.947655128994796,25.174453430040167,24.947655128994796,25.07584571838379,20600,0.0,0.0
2024-04-19 00:00:00-04:00,25.00681882741852,25.697068990662398,25.00681882741852,25.63790512084961,24500,0.0,0.0
2024-04-22 00:00:00-04:00,25.647768358412446,26.259132789304925,25.174453596279104,25.756237030029297,42900,0.0,0.0
2024-04-23 00:00:00-04:00,25.42097273854313,26.377463252291005,25.42097273854313,26.032337188720703,13800,0.0,0.0
2024-04-24 00:00:00-04:00,25.86470185165828,26.446485241114548,25.657627364285133,26.357738494873047,22500,0.0,0.0
2024-04-25 00:00:00-04:00,25.98303084597906,26.456345560644223,25.864701226920022,26.150663375854492,17600,0.0,0.0
2024-04-26 00:00:00-04:00,26.517449444595975,26.62649376698372,25.496403046987698,25.704578399658203,39900,0.14,0.0
2024-04-29 00:00:00-04:00,26.190317754033092,26.586839975098485,25.704577796882102,26.418317794799805,65000,0.0,0.0
2024-04-30 00:00:00-04:00,26.22005711580966,26.22005711580966,25.2783152048137,25.694664001464844,37300,0.0,0.0
2024-05-01 00:00:00-04:00,25.972231808440473,26.12092740959315,25.843360900878906,25.843360900878906,19000,0.0,0.0
2024-05-02 00:00:00-04:00,26.210144240025937,26.38857971153165,26.071360045095332,26.348926544189453,14400,0.0,0.0
2024-05-03 00:00:00-04:00,26.53727520647425,26.765275245522375,26.39948366478888,26.656230926513672,15000,0.0,0.0
2024-05-06 00:00:00-04:00,26.65623153967164,27.24110253382565,26.65623153967164,26.884233474731445,19100,0.0,0.0
2024-05-07 00:00:00-04:00,27.072578823581154,27.141969973080023,26.79501422558567,26.973447799682617,25400,0.0,0.0
2024-05-08 00:00:00-04:00,26.973447625070687,27.399709701538086,26.973447625070687,27.399709701538086,39900,0.0,0.0
2024-05-09 00:00:00-04:00,27.57814687925669,27.72684247799999,27.05275563764588,27.637624740600586,24400,0.0,0.0
2024-05-10 00:00:00-04:00,27.746668265871527,27.746668265871527,27.399710618248044,27.459190368652344,17400,0.0,0.0
2024-05-13 00:00:00-04:00,27.73675536333157,27.73675536333157,26.88423306067866,26.983362197875977,42300,0.0,0.0
2024-05-14 00:00:00-04:00,26.98336351627668,27.47901678954914,26.66614572390505,26.75536346435547,42700,0.0,0.0
2024-05-15 00:00:00-04:00,26.765274047851562,26.80492721326839,26.62649175042666,26.765274047851562,28700,0.0,0.0
2024-05-16 00:00:00-04:00,26.576925293655627,26.88423165333505,26.576925293655627,26.765274047851562,68200,0.0,0.0
2024-05-17 00:00:00-04:00,27.12214609445484,27.474059443621776,26.77518844578632,27.151884078979492,188800,0.0,0.0
2024-05-20 00:00:00-04:00,26.8941439776658,27.379885816870914,26.81483953487524,27.20145034790039,82700,0.0,0.0
2024-05-21 00:00:00-04:00,27.4591900736218,27.746667967752227,27.174684465289296,27.62771224975586,27000,0.0,0.0
2024-05-22 00:00:00-04:00,27.49884173585684,27.726841774193588,27.242094474933126,27.340232849121094,26800,0.0,0.0
2024-05-23 00:00:00-04:00,27.657449982513715,27.657449982513715,26.626492242590928,26.73553466796875,23600,0.0,0.0
2024-05-24 00:00:00-04:00,26.66118803367322,26.933796935477776,26.62649245839448,26.874319076538086,16800,0.0,0.0
2024-05-28 00:00:00-04:00,26.804929641002754,27.018058806736917,26.140754186252202,26.17049217224121,39700,0.0,0.0
2024-05-29 00:00:00-04:00,25.932577529465593,26.05153513975506,25.694664199653722,25.833446502685547,18900,0.0,0.0
2024-05-30 00:00:00-04:00,26.190316860485055,26.596752359556408,26.129846349355905,26.35883903503418,16600,0.0,0.0
2024-05-31 00:00:00-04:00,26.52736201945977,27.052755142215926,26.497622143948902,26.913970947265625,68400,0.0,0.0
2024-06-03 00:00:00-04:00,27.102319191198823,27.19153692525442,26.567012786865234,26.567012786865234,24200,0.0,0.0
2024-06-04 00:00:00-04:00,26.398491112600112,26.428230988106762,26.16057778084819,26.348926544189453,12800,0.0,0.0
2024-06-05 00:00:00-04:00,26.5174489270114,26.5174489270114,25.793795634376128,26.111013412475586,26000,0.0,0.0
2024-06-06 00:00:00-04:00,26.229969024658203,26.339013344463496,26.046577851976924,26.229969024658203,9100,0.0,0.0
2024-06-07 00:00:00-04:00,26.1139867770603,26.150663876148478,25.93257713317871,25.93257713317871,14400,0.0,0.0
2024-06-10 00:00:00-04:00,25.957360213190416,25.957360213190416,25.39727340117737,25.734315872192383,13800,0.0,0.0
2024-06-11 00:00:00-04:00,25.506316132910467,25.77396934528018,25.46170726418218,25.75414276123047,10600,0.0,0.0
2024-06-12 00:00:00-04:00,26.24979702349703,26.567014817376467,25.6599703061754,26.071361541748047,27400,0.0,0.0
2024-06-13 00:00:00-04:00,25.932577723151443,25.932577723151443,25.39727319976841,25.407184600830078,18200,0.0,0.0
2024-06-14 00:00:00-04:00,25.24857602364586,25.555882401815605,24.911531660391187,25.050315856933594,18600,0.0,0.0
2024-06-17 00:00:00-04:00,25.179183902275028,26.229968228657665,25.08996616891766,26.05153465270996,48900,0.0,0.0
2024-06-18 00:00:00-04:00,26.05153574628737,26.5174491250038,26.05153574628737,26.24979591369629,18700,0.0,0.0
2024-06-20 00:00:00-04:00,26.041623173487295,26.041623173487295,25.77396995478807,25.79379653930664,11000,0.0,0.0
2024-06-21 00:00:00-04:00,25.783883038571265,25.95240522408221,25.565796282931814,25.843360900878906,51400,0.0,0.0
2024-06-24 00:00:00-04:00,26.011882893533127,26.22005824621715,25.298142878831776,25.892927169799805,58100,0.0,0.0
2024-06-25 00:00:00-04:00,25.97223171058791,25.982143111962547,25.49640314161805,25.585620880126953,10800,0.0,0.0
2024-06-26 00:00:00-04:00,25.357619940070453,26.140752974785013,25.208924344715065,25.9028377532959,25900,0.0,0.0
2024-06-27 00:00:00-04:00,26.09118622746286,26.53727489936594,26.017830137928573,26.259708404541016,14300,0.0,0.0
2024-06-28 00:00:00-04:00,26.596751876364042,26.765274047851562,26.45796957893914,26.765274047851562,270000,0.0,0.0
2024-07-01 00:00:00-04:00,26.755363619871172,27.647539138793945,26.700841456971542,27.647539138793945,51400,0.0,0.0
2024-07-02 00:00:00-04:00,27.915189318576324,27.915189318576324,27.21136265073309,27.449275970458984,17700,0.0,0.0
2024-07-03 00:00:00-04:00,27.449276647518246,27.697103264691446,26.84457909657019,26.993274688720703,9600,0.0,0.0
2024-07-05 00:00:00-04:00,26.85449235732448,26.85449235732448,26.111012506658284,26.23988151550293,29200,0.0,0.0
2024-07-08 00:00:00-04:00,26.4480570686358,26.822771173515907,26.22996843393676,26.567012786865234,25500,0.0,0.0
2024-07-09 00:00:00-04:00,26.299360813493635,27.023014068603516,26.299360813493635,27.023014068603516,9700,0.0,0.0
2024-07-10 00:00:00-04:00,27.548406788335207,27.55831818882902,27.30058017911636,27.49884033203125,18200,0.0,0.0
2024-07-11 00:00:00-04:00,27.55831981091882,28.42571299423977,27.29066849419134,28.420757293701172,55500,0.0,0.0
2024-07-12 00:00:00-04:00,28.688410709598788,29.065106348582823,27.231188940942864,28.936237335205078,50500,0.0,0.0
2024-07-15 00:00:00-04:00,29.263367406429392,29.739194057566365,29.24056664672352,29.560758590698242,57600,0.0,0.0
2024-07-16 00:00:00-04:00,29.739194581392503,30.69481472974353,29.342672365127353,30.472761154174805,79000,0.0,0.0
2024-07-17 00:00:00-04:00,30.294326086305425,31.196414849321066,29.887890572892534,31.127023696899414,42700,0.0,0.0
2024-07-18 00:00:00-04:00,30.750327965564985,31.394676809934378,30.086152537487713,30.680936813354492,46200,0.0,0.0
2024-07-19 00:00:00-04:00,31.216240120398,31.216240120398,30.264586828747415,30.97832679748535,33700,0.0,0.0
2024-07-22 00:00:00-04:00,31.027892474328514,32.177807854937335,31.027892474328514,31.929981231689453,67700,0.0,0.0
2024-07-23 00:00:00-04:00,31.97954429107658,33.555721691822534,31.721806278935187,33.45659255981445,92000,0.0,0.0
2024-07-24 00:00:00-04:00,33.198855731406056,33.50615832050862,32.07867834841078,32.59415817260742,93800,0.0,0.0
2024-07-25 00:00:00-04:00,32.60407116020369,33.506159951063836,31.714869838267386,32.76268005371094,37000,0.0,0.0
2024-07-26 00:00:00-04:00,33.179028347024676,33.54581067751889,32.564415620588505,32.79241943359375,26900,0.0,0.0
2024-07-29 00:00:00-04:00,32.493761189491714,32.59331543434556,31.956179660099373,32.43403244018555,36700,0.14,0.0
2024-07-30 00:00:00-04:00,32.60327181816933,33.106010355336565,32.55349659018197,32.91188430786133,37300,0.0,0.0
2024-07-31 00:00:00-04:00,32.9915232311257,33.399686168354954,32.01591435183642,32.29465866088867,95800,0.0,0.0
2024-08-01 00:00:00-04:00,31.901426459997822,31.94622682054579,31.139856407941426,31.587839126586914,50100,0.0,0.0
2024-08-02 00:00:00-04:00,30.642096455501473,30.86111010168626,29.225471615676657,30.671960830688477,59800,0.0,0.0
2024-08-05 00:00:00-04:00,29.78595032160012,30.18415783282408,29.328010259590172,29.955188751220703,71100,0.0,0.0
2024-08-06 00:00:00-04:00,29.875546316418863,30.23393401473505,29.532092704734605,29.945232391357422,67700,0.0,0.0
2024-08-07 00:00:00-04:00,30.164246624159766,30.502723479379252,29.95518839530235,30.134382247924805,31800,0.0,0.0
2024-08-08 00:00:00-04:00,30.363350609482904,30.642096806844002,30.248866072746146,30.492767333984375,30100,0.0,0.0
2024-08-09 00:00:00-04:00,30.442991723191135,30.731693341671935,30.273753301723826,30.691871643066406,32600,0.0,0.0
2024-08-12 00:00:00-04:00,30.761558227940995,30.881021426939427,30.119447568281075,30.43303680419922,37100,0.0,0.0
2024-08-13 00:00:00-04:00,30.413126669908205,31.100035807998836,30.22397929034955,31.030349731445312,31700,0.0,0.0
2024-08-14 00:00:00-04:00,31.14981293325362,31.14981293325362,30.67196202482356,31.030349731445312,31000,0.0,0.0
2024-08-15 00:00:00-04:00,31.607750162855037,32.12542085745549,31.468378013848422,31.976091384887695,36600,0.0,0.0
2024-08-16 00:00:00-04:00,31.966138559608364,32.63811360568019,31.891473821687867,32.10551071166992,76800,0.0,0.0
2024-08-19 00:00:00-04:00,32.364342909770606,32.79739533481754,32.284703310657555,32.74264144897461,20400,0.0,0.0
2024-08-20 00:00:00-04:00,32.71277605098877,32.77250479905413,32.13537283564986,32.28470230102539,44900,0.0,0.0
2024-08-21 00:00:00-04:00,32.60327133220887,32.732689961132166,32.17519754220647,32.68291473388672,52600,0.0,0.0
2024-08-22 00:00:00-04:00,32.78246412944622,33.04129758132562,32.67793501632532,32.732688903808594,52600,0.0,0.0
2024-08-23 00:00:00-04:00,32.63313588751006,34.74364047223872,32.63313588751006,34.006954193115234,93200,0.0,0.0
2024-08-26 00:00:00-04:00,34.33547466881158,34.33547466881158,33.45941630660912,33.99699783325195,40700,0.0,0.0
2024-08-27 00:00:00-04:00,33.49923999513757,33.970120395933236,33.339956992326364,33.9372673034668,23400,0.0,0.0
2024-08-28 00:00:00-04:00,33.87753531928473,34.6988398590287,33.87753531928473,34.12641525268555,32000,0.0,0.0
2024-08-29 00:00:00-04:00,34.34542944762545,34.4549372215972,33.5987896770249,34.33547592163086,58500,0.0,0.0
2024-08-30 00:00:00-04:00,34.61422129095335,34.77350429503525,34.13637227870766,34.75359344482422,114300,0.0,0.0
2024-09-03 00:00:00-04:00,34.65404396122995,34.65404396122995,34.20605931295999,34.2757453918457,25100,0.0,0.0
2024-09-04 00:00:00-04:00,34.176191896342445,34.48480056179011,33.82775773529341,33.877532958984375,23400,0.0,0.0
2024-09-05 00:00:00-04:00,34.18614538797159,34.18614538797159,33.34990871893582,33.40964126586914,24200,0.0,0.0
2024-09-06 00:00:00-04:00,33.27026773203199,33.64856629478894,32.65304655945432,32.68291473388672,90300,0.0,0.0
2024-09-09 00:00:00-04:00,32.68291343793371,33.34990981130889,32.68291343793371,32.852149963378906,61000,0.0,0.0
2024-09-10 00:00:00-04:00,32.7725065648591,32.90093021581009,32.24986100309638,32.852149963378906,24800,0.0,0.0
2024-09-11 00:00:00-04:00,32.56344854713112,32.56344854713112,31.71227965747347,32.264793395996094,24000,0.0,0.0
2024-09-12 00:00:00-04:00,32.483810655363705,32.59331843598484,31.776990642232295,32.36434555053711,20700,0.0,0.0
2024-09-13 00:00:00-04:00,32.72273231686531,32.971612248263206,32.259815492560975,32.84219741821289,50400,0.0,0.0
2024-09-16 00:00:00-04:00,32.4539401834224,33.08111864775069,32.4539401834224,33.05125427246094,77700,0.0,0.0
2024-09-17 00:00:00-04:00,33.250360132374034,34.18116863913546,32.772507325378676,33.4295539855957,42500,0.0,0.0
2024-09-18 00:00:00-04:00,33.58883568923015,34.444979424425405,33.07116499968494,33.59878921508789,41600,0.0,0.0
2024-09-19 00:00:00-04:00,34.235922973439536,34.70381846268046,33.603769614611096,34.634132385253906,42600,0.0,0.0
2024-09-20 00:00:00-04:00,34.30560893587401,34.73866138495007,33.738162994384766,33.738162994384766,105000,0.0,0.0
2024-09-23 00:00:00-04:00,33.73816242325838,33.877534575285,33.15080564142741,33.549015045166016,30200,0.0,0.0
2024-09-24 00:00:00-04:00,33.449458801681246,33.50919134796359,32.99152067300157,33.10102844238281,33300,0.0,0.0
2024-09-25 00:00:00-04:00,33.16076228618964,33.39968488545546,32.782463740144806,32.931793212890625,28800,0.0,0.0
2024-09-26 00:00:00-04:00,33.27026602059614,33.38973111696758,32.89197127490524,33.05125427246094,26700,0.0,0.0
2024-09-27 00:00:00-04:00,33.40964128856353,33.61372084491358,32.862102435318185,32.90192413330078,30000,0.0,0.0
2024-09-30 00:00:00-04:00,32.96165596477027,33.967129132564914,32.96165596477027,33.76802444458008,54800,0.0,0.0
2024-10-01 00:00:00-04:00,33.56892499795284,33.96713059344271,32.37430061627078,32.54353713989258,43300,0.0,0.0
2024-10-02 00:00:00-04:00,32.29465747432589,32.583359096726255,31.785949128996368,31.9362735748291,23700,0.0,0.0
2024-10-03 00:00:00-04:00,31.926315582153443,31.926315582153443,30.895952873378842,31.786943435668945,30600,0.0,0.0
2024-10-04 00:00:00-04:00,32.25484068221917,32.45394158958577,32.21999764366937,32.33448028564453,24900,0.0,0.0
2024-10-07 00:00:00-04:00,32.21501673715223,32.573404421612,32.10550896716662,32.513671875,38100,0.0,0.0
2024-10-08 00:00:00-04:00,32.71277974320495,32.83224105042506,32.34443849733916,32.36434555053711,27800,0.0,0.0
2024-10-09 00:00:00-04:00,32.57340590320443,32.97161150591169,32.463898128237894,32.732688903808594,29400,0.0,0.0
2024-10-10 00:00:00-04:00,32.44398535203902,32.8820126282902,32.195105441022335,32.75259780883789,27700,0.0,0.0
2024-10-11 00:00:00-04:00,33.051253772373556,33.99699821750352,33.051253772373556,33.79789352416992,32300,0.0,0.0
2024-10-14 00:00:00-04:00,33.78793782687852,34.23592245903701,33.39769579915328,33.9372673034668,50200,0.0,0.0
2024-10-15 00:00:00-04:00,34.16623648302296,34.94274064930782,33.902424364867535,34.36534118652344,46100,0.0,0.0
2024-10-16 00:00:00-04:00,34.77350503018786,35.181667974127166,34.7456305988244,34.863101959228516,36400,0.0,0.0
2024-10-17 00:00:00-04:00,34.80336811138863,35.14184496431567,34.654042433618834,35.0323371887207,43200,0.0,0.0
2024-10-18 00:00:00-04:00,35.330994179145414,35.330994179145414,34.733680108389045,35.05224609375,25400,0.0,0.0
2024-10-21 00:00:00-04:00,34.98256325833666,35.45045875407722,33.92731475830078,33.92731475830078,23100,0.0,0.0
2024-10-22 00:00:00-04:00,34.14632408405562,34.255831855893994,33.817804566146684,34.1861457824707,20300,0.0,0.0
2024-10-23 00:00:00-04:00,33.88749126339243,34.255832486497106,33.529103566271665,33.86758041381836,29200,0.0,0.0
2024-10-24 00:00:00-04:00,34.21600928127177,34.21600928127177,30.871064550989672,33.648563385009766,23600,0.0,0.0
2024-10-25 00:00:00-04:00,33.98704084508538,33.99201950675323,33.31506582896004,33.32999801635742,24800,0.0,0.0
2024-10-28 00:00:00-04:00,33.650001525878906,34.7400016784668,33.650001525878906,34.529998779296875,21600,0.15,0.0
2024-10-29 00:00:00-04:00,34.2599983215332,34.61000061035156,34.119998931884766,34.380001068115234,21600,0.0,0.0
2024-10-30 00:00:00-04:00,34.20000076293945,35.5,34.20000076293945,34.70000076293945,29600,0.0,0.0
2024-10-31 00:00:00-04:00,34.43000030517578,34.59000015258789,33.70000076293945,33.70000076293945,27600,0.0,0.0
2024-11-01 00:00:00-04:00,34.08000183105469,34.09000015258789,33.25,33.43000030517578,28800,0.0,0.0
2024-11-04 00:00:00-05:00,33.790000915527344,33.80500030517578,32.95000076293945,33.58000183105469,38100,0.0,0.0
2024-11-05 00:00:00-05:00,34.130001068115234,34.540000915527344,34.040000915527344,34.459999084472656,41000,0.0,0.0
2024-11-06 00:00:00-05:00,36.43000030517578,40.41999816894531,36.43000030517578,39.90999984741211,89600,0.0,0.0
2024-11-07 00:00:00-05:00,39.619998931884766,39.619998931884766,37.880001068115234,38.119998931884766,72100,0.0,0.0
2024-11-08 00:00:00-05:00,38.52000045776367,39.150001525878906,38.42499923706055,39.130001068115234,54400,0.0,0.0
2024-11-11 00:00:00-05:00,39.5,40.904998779296875,39.20000076293945,40.5099983215332,84100,0.0,0.0
2024-11-12 00:00:00-05:00,40.2400016784668,40.54999923706055,39.22999954223633,39.880001068115234,73100,0.0,0.0
2024-11-13 00:00:00-05:00,39.959999084472656,40.5,39.099998474121094,39.189998626708984,42800,0.0,0.0
2024-11-14 00:00:00-05:00,39.5,39.5,38.619998931884766,38.79999923706055,28300,0.0,0.0
2024-11-15 00:00:00-05:00,38.79999923706055,39.2400016784668,38.22999954223633,38.880001068115234,25500,0.0,0.0
2024-11-18 00:00:00-05:00,38.68000030517578,38.68000030517578,37.97999954223633,37.9900016784668,21200,0.0,0.0
2024-11-19 00:00:00-05:00,37.77000045776367,37.970001220703125,37.400001525878906,37.970001220703125,23300,0.0,0.0
2024-11-20 00:00:00-05:00,37.952999114990234,37.952999114990234,36.900001525878906,37.88999938964844,18500,0.0,0.0
2024-11-21 00:00:00-05:00,38.290000915527344,38.88999938964844,38.0,38.31999969482422,31500,0.0,0.0
2024-11-22 00:00:00-05:00,38.630001068115234,39.470001220703125,38.630001068115234,39.459999084472656,24100,0.0,0.0
2024-11-25 00:00:00-05:00,39.869998931884766,40.560001373291016,39.52000045776367,39.52000045776367,41200,0.0,0.0
2024-11-26 00:00:00-05:00,39.22999954223633,39.540000915527344,38.68000030517578,38.68000030517578,42700,0.0,0.0
2024-11-27 00:00:00-05:00,39.29999923706055,39.29999923706055,38.79999923706055,38.849998474121094,20700,0.0,0.0
2024-11-29 00:00:00-05:00,39.279998779296875,39.279998779296875,38.55500030517578,38.88999938964844,15100,0.0,0.0
2024-12-02 00:00:00-05:00,39.209999084472656,39.40999984741211,38.439998626708984,39.0,25100,0.0,0.0
2024-12-03 00:00:00-05:00,39.029998779296875,39.029998779296875,38.3650016784668,38.5,32600,0.0,0.0
2024-12-04 00:00:00-05:00,38.349998474121094,38.88999938964844,38.060001373291016,38.84000015258789,25400,0.0,0.0
2024-12-05 00:00:00-05:00,39.099998474121094,39.27000045776367,38.61000061035156,38.849998474121094,18700,0.0,0.0
2024-12-06 00:00:00-05:00,39.0099983215332,39.0099983215332,38.16999816894531,38.29999923706055,23300,0.0,0.0
2024-12-09 00:00:00-05:00,38.290000915527344,38.709999084472656,37.95000076293945,37.95000076293945,18600,0.0,0.0
2024-12-10 00:00:00-05:00,38.150001525878906,39.02000045776367,37.970001220703125,38.279998779296875,26200,0.0,0.0
2024-12-11 00:00:00-05:00,38.869998931884766,40.29999923706055,38.79999923706055,39.77000045776367,61000,0.0,0.0
2024-12-12 00:00:00-05:00,39.79999923706055,40.400001525878906,39.02000045776367,39.06999969482422,29400,0.0,0.0
2024-12-13 00:00:00-05:00,39.119998931884766,39.25,38.54499816894531,38.63999938964844,18900,0.0,0.0
2024-12-16 00:00:00-05:00,38.86000061035156,39.4900016784668,38.619998931884766,39.189998626708984,23200,0.0,0.0
2024-12-17 00:00:00-05:00,39.130001068115234,39.45000076293945,37.95000076293945,38.2599983215332,28800,0.0,0.0
2024-12-18 00:00:00-05:00,38.63999938964844,38.63999938964844,35.099998474121094,35.58000183105469,68900,0.0,0.0
2024-12-19 00:00:00-05:00,36.0,36.5,35.02000045776367,35.25,74500,0.0,0.0
2024-12-20 00:00:00-05:00,34.72999954223633,36.619998931884766,31.260000228881836,35.83000183105469,99400,0.0,0.0
2024-12-23 00:00:00-05:00,35.66999816894531,35.939998626708984,35.150001525878906,35.29999923706055,23300,0.0,0.0
2024-12-24 00:00:00-05:00,35.540000915527344,35.720001220703125,35.209999084472656,35.720001220703125,13300,0.0,0.0
2024-12-26 00:00:00-05:00,35.380001068115234,36.279998779296875,34.88999938964844,36.0099983215332,19400,0.0,0.0
2024-12-27 00:00:00-05:00,35.709999084472656,35.709999084472656,34.83000183105469,35.02000045776367,26500,0.0,0.0
2024-12-30 00:00:00-05:00,34.630001068115234,35.13999938964844,34.529998779296875,34.869998931884766,31200,0.0,0.0
2024-12-31 00:00:00-05:00,34.880001068115234,35.46500015258789,34.7400016784668,34.75,27100,0.0,0.0
2025-01-02 00:00:00-05:00,34.83000183105469,35.15999984741211,33.75,34.099998474121094,63800,0.0,0.0
2025-01-03 00:00:00-05:00,34.349998474121094,34.61000061035156,33.1150016784668,34.494998931884766,33500,0.0,0.0
2025-01-06 00:00:00-05:00,34.45000076293945,34.93000030517578,34.0099983215332,34.0099983215332,29200,0.0,0.0
2025-01-07 00:00:00-05:00,34.03499984741211,34.4900016784668,33.20000076293945,33.505001068115234,27800,0.0,0.0
2025-01-08 00:00:00-05:00,33.119998931884766,33.915000915527344,32.74399948120117,33.4900016784668,23000,0.0,0.0
2025-01-10 00:00:00-05:00,32.790000915527344,32.900001525878906,31.790000915527344,32.349998474121094,39600,0.0,0.0
2025-01-13 00:00:00-05:00,31.989999771118164,33.45000076293945,31.989999771118164,33.369998931884766,55300,0.0,0.0
2025-01-14 00:00:00-05:00,33.58000183105469,34.22999954223633,33.11000061035156,34.040000915527344,35900,0.0,0.0
2025-01-15 00:00:00-05:00,35.130001068115234,35.20000076293945,34.38999938964844,34.77000045776367,19000,0.0,0.0
2025-01-16 00:00:00-05:00,34.849998474121094,34.849998474121094,34.196998596191406,34.66999816894531,22400,0.0,0.0
2025-01-17 00:00:00-05:00,34.86000061035156,35.29999923706055,34.57820129394531,35.0,25710,0.0,0.0
