Date,Open,High,Low,Close,Volume,Dividends,Stock Splits
2022-12-23 00:00:00-05:00,6.800000190734863,11.744999885559082,1.5499999523162842,8.75,6500,0.0,0.0
2022-12-27 00:00:00-05:00,10.0,15.649999618530273,9.0,10.199999809265137,28100,0.0,0.0
2022-12-28 00:00:00-05:00,10.199999809265137,10.739999771118164,8.449999809265137,8.5,36700,0.0,0.0
2022-12-29 00:00:00-05:00,8.130000114440918,8.489999771118164,7.300000190734863,7.690000057220459,29500,0.0,0.0
2022-12-30 00:00:00-05:00,7.690000057220459,7.690000057220459,5.699999809265137,7.0,67300,0.0,0.0
2023-01-03 00:00:00-05:00,6.519999980926514,7.400000095367432,6.400000095367432,6.96999979019165,9500,0.0,0.0
2023-01-04 00:00:00-05:00,6.989999771118164,6.989999771118164,6.75,6.873000144958496,11500,0.0,0.0
2023-01-05 00:00:00-05:00,6.260000228881836,6.860000133514404,6.260000228881836,6.860000133514404,32200,0.0,0.0
2023-01-06 00:00:00-05:00,6.860000133514404,7.449999809265137,6.215000152587891,7.449999809265137,21200,0.0,0.0
2023-01-09 00:00:00-05:00,7.349999904632568,8.489999771118164,7.329999923706055,8.100000381469727,68200,0.0,0.0
2023-01-10 00:00:00-05:00,6.75,7.948999881744385,6.010000228881836,7.099999904632568,607600,0.0,0.0
2023-01-11 00:00:00-05:00,6.809999942779541,8.59000015258789,6.659999847412109,8.170000076293945,624000,0.0,0.0
2023-01-12 00:00:00-05:00,8.489999771118164,8.489999771118164,7.019999980926514,7.460000038146973,147800,0.0,0.0
2023-01-13 00:00:00-05:00,7.269999980926514,7.75,7.0,7.535999774932861,102900,0.0,0.0
2023-01-17 00:00:00-05:00,7.480000019073486,8.869999885559082,7.480000019073486,8.479999542236328,360100,0.0,0.0
2023-01-18 00:00:00-05:00,9.380000114440918,12.9399995803833,8.75,10.199999809265137,4870700,0.0,0.0
2023-01-19 00:00:00-05:00,10.300000190734863,10.300000190734863,9.11299991607666,9.710000038146973,312400,0.0,0.0
2023-01-20 00:00:00-05:00,9.399999618530273,10.0,9.399999618530273,9.680000305175781,111000,0.0,0.0
2023-01-23 00:00:00-05:00,9.430000305175781,9.460000038146973,8.390000343322754,8.5,197100,0.0,0.0
2023-01-24 00:00:00-05:00,8.529999732971191,8.850000381469727,8.5,8.8100004196167,48100,0.0,0.0
2023-01-25 00:00:00-05:00,8.569999694824219,8.920000076293945,8.329999923706055,8.699999809265137,59100,0.0,0.0
2023-01-26 00:00:00-05:00,8.8100004196167,8.989999771118164,8.300000190734863,8.489999771118164,76200,0.0,0.0
2023-01-27 00:00:00-05:00,8.5,8.76200008392334,7.317999839782715,7.809999942779541,164800,0.0,0.0
2023-01-30 00:00:00-05:00,7.769999980926514,8.270000457763672,7.494999885559082,7.869999885559082,84200,0.0,0.0
2023-01-31 00:00:00-05:00,8.239999771118164,8.239999771118164,7.5,7.861000061035156,91300,0.0,0.0
2023-02-01 00:00:00-05:00,7.920000076293945,8.0649995803833,7.550000190734863,7.610000133514404,72000,0.0,0.0
2023-02-02 00:00:00-05:00,7.730000019073486,7.808000087738037,7.170000076293945,7.380000114440918,89000,0.0,0.0
2023-02-03 00:00:00-05:00,7.28000020980835,7.300000190734863,6.519999980926514,6.820000171661377,111400,0.0,0.0
2023-02-06 00:00:00-05:00,6.730000019073486,7.170000076293945,6.570000171661377,7.139999866485596,52600,0.0,0.0
2023-02-07 00:00:00-05:00,7.420000076293945,7.420000076293945,6.989999771118164,7.199999809265137,109700,0.0,0.0
2023-02-08 00:00:00-05:00,7.150000095367432,7.295000076293945,6.954999923706055,7.119999885559082,54500,0.0,0.0
2023-02-09 00:00:00-05:00,7.230000019073486,7.230000019073486,6.989999771118164,7.110000133514404,38100,0.0,0.0
2023-02-10 00:00:00-05:00,7.130000114440918,7.260000228881836,6.760000228881836,6.96999979019165,38700,0.0,0.0
2023-02-13 00:00:00-05:00,7.099999904632568,7.289999961853027,6.860000133514404,6.900000095367432,55500,0.0,0.0
2023-02-14 00:00:00-05:00,6.989999771118164,7.110000133514404,6.849999904632568,7.079999923706055,41600,0.0,0.0
2023-02-15 00:00:00-05:00,7.139999866485596,7.139999866485596,6.929999828338623,7.050000190734863,32400,0.0,0.0
2023-02-16 00:00:00-05:00,6.949999809265137,7.579999923706055,6.860000133514404,7.340000152587891,45900,0.0,0.0
2023-02-17 00:00:00-05:00,7.429999828338623,7.599999904632568,7.0,7.21999979019165,68500,0.0,0.0
2023-02-21 00:00:00-05:00,8.199999809265137,11.9399995803833,8.199999809265137,10.9399995803833,6181800,0.0,0.0
2023-02-22 00:00:00-05:00,10.289999961853027,12.680000305175781,10.25,12.369999885559082,924500,0.0,0.0
2023-02-23 00:00:00-05:00,13.109999656677246,21.290000915527344,13.0,19.850000381469727,3763900,0.0,0.0
2023-02-24 00:00:00-05:00,19.25,21.18000030517578,12.529999732971191,14.75,2837600,0.0,0.0
2023-02-27 00:00:00-05:00,13.020000457763672,14.289999961853027,12.020000457763672,12.899999618530273,579200,0.0,0.0
2023-02-28 00:00:00-05:00,13.489999771118164,14.84000015258789,13.050000190734863,13.399999618530273,280600,0.0,0.0
2023-03-01 00:00:00-05:00,13.25,13.75,12.850000381469727,13.350000381469727,277200,0.0,0.0
2023-03-02 00:00:00-05:00,13.170000076293945,16.649999618530273,12.980999946594238,16.649999618530273,697400,0.0,0.0
2023-03-03 00:00:00-05:00,17.5,19.479999542236328,16.8799991607666,17.850000381469727,683300,0.0,0.0
2023-03-06 00:00:00-05:00,19.0,19.77199935913086,17.059999465942383,17.809999465942383,323000,0.0,0.0
2023-03-07 00:00:00-05:00,17.760000228881836,18.194000244140625,16.280000686645508,17.18000030517578,238900,0.0,0.0
2023-03-08 00:00:00-05:00,17.0,18.43000030517578,17.0,17.649999618530273,135900,0.0,0.0
2023-03-09 00:00:00-05:00,18.350000381469727,18.889999389648438,16.31399917602539,16.739999771118164,221000,0.0,0.0
2023-03-10 00:00:00-05:00,16.8700008392334,17.229999542236328,16.010000228881836,16.700000762939453,97900,0.0,0.0
2023-03-13 00:00:00-04:00,16.700000762939453,17.889999389648438,16.25,16.600000381469727,198900,0.0,0.0
2023-03-14 00:00:00-04:00,16.700000762939453,17.200000762939453,14.779999732971191,14.779999732971191,177000,0.0,0.0
2023-03-15 00:00:00-04:00,14.170000076293945,14.684000015258789,12.829999923706055,13.710000038146973,273500,0.0,0.0
2023-03-16 00:00:00-04:00,13.510000228881836,14.517000198364258,13.5,13.59000015258789,109100,0.0,0.0
2023-03-17 00:00:00-04:00,13.380000114440918,14.0,13.0,13.649999618530273,142100,0.0,0.0
2023-03-20 00:00:00-04:00,13.479999542236328,15.4399995803833,13.479999542236328,14.109999656677246,134600,0.0,0.0
2023-03-21 00:00:00-04:00,14.479999542236328,17.260000228881836,14.329999923706055,16.739999771118164,164200,0.0,0.0
2023-03-22 00:00:00-04:00,16.799999237060547,17.0,16.06999969482422,16.110000610351562,101500,0.0,0.0
2023-03-23 00:00:00-04:00,16.139999389648438,17.25,16.0,16.219999313354492,91600,0.0,0.0
2023-03-24 00:00:00-04:00,16.09000015258789,16.670000076293945,16.0,16.270000457763672,52100,0.0,0.0
2023-03-27 00:00:00-04:00,16.850000381469727,16.969999313354492,16.399999618530273,16.719999313354492,45000,0.0,0.0
2023-03-28 00:00:00-04:00,16.719999313354492,18.84000015258789,16.53499984741211,17.479999542236328,194900,0.0,0.0
2023-03-29 00:00:00-04:00,17.549999237060547,18.399999618530273,17.399999618530273,17.450000762939453,92200,0.0,0.0
2023-03-30 00:00:00-04:00,18.200000762939453,18.200000762939453,17.5,17.8799991607666,43000,0.0,0.0
2023-03-31 00:00:00-04:00,17.899999618530273,17.899999618530273,16.760000228881836,17.309999465942383,84200,0.0,0.0
2023-04-03 00:00:00-04:00,17.200000762939453,17.70800018310547,16.200000762939453,16.81999969482422,71400,0.0,0.0
2023-04-04 00:00:00-04:00,16.940000534057617,18.5,16.940000534057617,17.690000534057617,124200,0.0,0.0
2023-04-05 00:00:00-04:00,17.729999542236328,17.739999771118164,16.239999771118164,16.860000610351562,72000,0.0,0.0
2023-04-06 00:00:00-04:00,17.299999237060547,17.690000534057617,16.549999237060547,16.760000228881836,52500,0.0,0.0
2023-04-10 00:00:00-04:00,17.15999984741211,18.25,16.790000915527344,18.110000610351562,112400,0.0,0.0
2023-04-11 00:00:00-04:00,17.979999542236328,20.700000762939453,17.899999618530273,18.559999465942383,316200,0.0,0.0
2023-04-12 00:00:00-04:00,19.65999984741211,20.264999389648438,18.770000457763672,19.75,211100,0.0,0.0
2023-04-13 00:00:00-04:00,20.010000228881836,24.489999771118164,19.959999084472656,23.440000534057617,451800,0.0,0.0
2023-04-14 00:00:00-04:00,23.440000534057617,23.5,20.5,21.389999389648438,285300,0.0,0.0
2023-04-17 00:00:00-04:00,21.5,23.700000762939453,21.5,23.399999618530273,139300,0.0,0.0
2023-04-18 00:00:00-04:00,24.0,25.469999313354492,22.770000457763672,23.850000381469727,197200,0.0,0.0
2023-04-19 00:00:00-04:00,23.5,23.913999557495117,22.476999282836914,23.3799991607666,64000,0.0,0.0
2023-04-20 00:00:00-04:00,23.049999237060547,27.75,23.049999237060547,26.110000610351562,300900,0.0,0.0
2023-04-21 00:00:00-04:00,26.489999771118164,28.799999237060547,25.149999618530273,27.209999084472656,229700,0.0,0.0
2023-04-24 00:00:00-04:00,27.93000030517578,36.189998626708984,27.702999114990234,30.600000381469727,869000,0.0,0.0
2023-04-25 00:00:00-04:00,32.849998474121094,32.849998474121094,28.440000534057617,29.420000076293945,199900,0.0,0.0
2023-04-26 00:00:00-04:00,30.350000381469727,31.0,29.0,30.549999237060547,145900,0.0,0.0
2023-04-27 00:00:00-04:00,31.049999237060547,35.7400016784668,31.0,32.66999816894531,403000,0.0,0.0
2023-04-28 00:00:00-04:00,33.61000061035156,37.88999938964844,33.29999923706055,34.529998779296875,399900,0.0,0.0
2023-05-01 00:00:00-04:00,34.529998779296875,39.39500045776367,34.4900016784668,38.88999938964844,292300,0.0,0.0
2023-05-02 00:00:00-04:00,44.5,45.0,38.481998443603516,41.459999084472656,624100,0.0,0.0
2023-05-03 00:00:00-04:00,44.5,44.959999084472656,24.8799991607666,29.8799991607666,1340500,0.0,0.0
2023-05-04 00:00:00-04:00,30.010000228881836,30.979999542236328,15.0,16.93000030517578,2176100,0.0,0.0
2023-05-05 00:00:00-04:00,16.549999237060547,24.450000762939453,14.140000343322754,23.959999084472656,2152200,0.0,0.0
2023-05-08 00:00:00-04:00,21.989999771118164,29.666000366210938,21.719999313354492,27.940000534057617,969500,0.0,0.0
2023-05-09 00:00:00-04:00,28.0,29.700000762939453,23.0,25.520000457763672,656000,0.0,0.0
2023-05-10 00:00:00-04:00,25.75,26.690000534057617,20.510000228881836,21.540000915527344,660300,0.0,0.0
2023-05-11 00:00:00-04:00,21.290000915527344,21.700000762939453,17.75,19.239999771118164,459800,0.0,0.0
2023-05-12 00:00:00-04:00,19.209999084472656,20.332000732421875,18.649999618530273,19.190000534057617,101100,0.0,0.0
2023-05-15 00:00:00-04:00,19.190000534057617,20.5,17.56999969482422,18.989999771118164,320700,0.0,0.0
2023-05-16 00:00:00-04:00,18.700000762939453,24.969999313354492,18.700000762939453,23.739999771118164,690500,0.0,0.0
2023-05-17 00:00:00-04:00,22.309999465942383,24.0,21.600000381469727,22.600000381469727,189600,0.0,0.0
2023-05-18 00:00:00-04:00,22.40999984741211,22.600000381469727,21.0,21.0,152100,0.0,0.0
2023-05-19 00:00:00-04:00,21.0,21.57900047302246,20.600000381469727,21.040000915527344,87700,0.0,0.0
2023-05-22 00:00:00-04:00,20.969999313354492,21.8799991607666,20.540000915527344,21.350000381469727,122200,0.0,0.0
2023-05-23 00:00:00-04:00,21.25,23.75,21.200000762939453,22.5,217400,0.0,0.0
2023-05-24 00:00:00-04:00,21.979999542236328,22.309999465942383,20.5,20.68000030517578,107900,0.0,0.0
2023-05-25 00:00:00-04:00,21.0,21.6299991607666,21.0,21.040000915527344,139300,0.0,0.0
2023-05-26 00:00:00-04:00,20.959999084472656,21.799999237060547,20.760000228881836,21.510000228881836,68400,0.0,0.0
2023-05-30 00:00:00-04:00,20.809999465942383,21.479999542236328,20.100000381469727,21.18000030517578,156300,0.0,0.0
2023-05-31 00:00:00-04:00,21.5,21.5,20.329999923706055,21.34000015258789,117000,0.0,0.0
2023-06-01 00:00:00-04:00,21.1200008392334,21.850000381469727,20.799999237060547,21.850000381469727,129400,0.0,0.0
2023-06-02 00:00:00-04:00,21.950000762939453,26.0,21.110000610351562,23.260000228881836,308700,0.0,0.0
2023-06-05 00:00:00-04:00,23.299999237060547,23.700000762939453,21.600000381469727,22.1200008392334,109900,0.0,0.0
2023-06-06 00:00:00-04:00,21.579999923706055,22.649999618530273,21.200000762939453,22.270000457763672,154900,0.0,0.0
2023-06-07 00:00:00-04:00,21.950000762939453,22.540000915527344,21.591999053955078,22.15999984741211,86900,0.0,0.0
2023-06-08 00:00:00-04:00,21.920000076293945,23.200000762939453,21.75,22.700000762939453,75700,0.0,0.0
2023-06-09 00:00:00-04:00,22.690000534057617,23.549999237060547,22.020000457763672,23.489999771118164,88700,0.0,0.0
2023-06-12 00:00:00-04:00,23.489999771118164,23.549999237060547,22.219999313354492,22.25,72800,0.0,0.0
2023-06-13 00:00:00-04:00,22.260000228881836,22.861000061035156,21.610000610351562,22.799999237060547,104400,0.0,0.0
2023-06-14 00:00:00-04:00,22.6200008392334,23.260000228881836,21.559999465942383,21.729999542236328,96500,0.0,0.0
2023-06-15 00:00:00-04:00,21.68000030517578,22.0,19.75,20.559999465942383,204100,0.0,0.0
2023-06-16 00:00:00-04:00,20.700000762939453,20.899999618530273,20.049999237060547,20.81999969482422,83600,0.0,0.0
2023-06-20 00:00:00-04:00,20.709999084472656,20.799999237060547,19.790000915527344,20.040000915527344,142800,0.0,0.0
2023-06-21 00:00:00-04:00,20.0,22.25,20.0,22.15999984741211,345400,0.0,0.0
2023-06-22 00:00:00-04:00,21.899999618530273,21.979999542236328,20.81100082397461,21.079999923706055,51100,0.0,0.0
2023-06-23 00:00:00-04:00,21.229999542236328,22.0,20.670000076293945,22.0,44700,0.0,0.0
2023-06-26 00:00:00-04:00,21.790000915527344,22.350000381469727,21.610000610351562,22.190000534057617,36200,0.0,0.0
2023-06-27 00:00:00-04:00,21.350000381469727,22.100000381469727,21.280000686645508,22.079999923706055,44300,0.0,0.0
2023-06-28 00:00:00-04:00,21.549999237060547,21.88800048828125,21.139999389648438,21.739999771118164,63800,0.0,0.0
2023-06-29 00:00:00-04:00,21.469999313354492,22.18000030517578,21.469999313354492,22.09000015258789,39200,0.0,0.0
2023-06-30 00:00:00-04:00,21.90999984741211,22.179000854492188,21.030000686645508,21.420000076293945,52000,0.0,0.0
2023-07-03 00:00:00-04:00,21.040000915527344,21.700000762939453,20.799999237060547,20.899999618530273,23300,0.0,0.0
2023-07-05 00:00:00-04:00,20.799999237060547,21.31999969482422,20.799999237060547,21.219999313354492,28300,0.0,0.0
2023-07-06 00:00:00-04:00,20.719999313354492,21.219999313354492,20.363000869750977,21.219999313354492,43200,0.0,0.0
2023-07-07 00:00:00-04:00,21.06999969482422,21.165000915527344,20.530000686645508,20.729999542236328,25100,0.0,0.0
2023-07-10 00:00:00-04:00,20.729999542236328,21.299999237060547,20.530000686645508,20.719999313354492,65700,0.0,0.0
2023-07-11 00:00:00-04:00,20.700000762939453,20.98699951171875,20.260000228881836,20.530000686645508,64100,0.0,0.0
2023-07-12 00:00:00-04:00,20.739999771118164,20.739999771118164,20.139999389648438,20.270000457763672,45000,0.0,0.0
2023-07-13 00:00:00-04:00,20.350000381469727,21.149999618530273,20.170000076293945,20.81999969482422,47900,0.0,0.0
2023-07-14 00:00:00-04:00,20.610000610351562,21.0,19.799999237060547,20.280000686645508,77800,0.0,0.0
2023-07-17 00:00:00-04:00,20.079999923706055,21.989999771118164,20.0,21.389999389648438,139000,0.0,0.0
2023-07-18 00:00:00-04:00,21.170000076293945,21.350000381469727,20.200000762939453,20.31999969482422,62000,0.0,0.0
2023-07-19 00:00:00-04:00,20.719999313354492,20.87700080871582,19.899999618530273,20.329999923706055,55000,0.0,0.0
2023-07-20 00:00:00-04:00,20.399999618530273,20.64900016784668,20.010000228881836,20.059999465942383,30000,0.0,0.0
2023-07-21 00:00:00-04:00,20.0,20.59000015258789,20.0,20.59000015258789,60200,0.0,0.0
2023-07-24 00:00:00-04:00,20.5,21.399999618530273,20.145999908447266,20.670000076293945,61300,0.0,0.0
2023-07-25 00:00:00-04:00,21.059999465942383,21.5,20.799999237060547,21.5,47800,0.0,0.0
2023-07-26 00:00:00-04:00,21.0,22.496999740600586,21.0,21.25,124500,0.0,0.0
2023-07-27 00:00:00-04:00,21.25,21.833999633789062,20.514999389648438,20.639999389648438,48200,0.0,0.0
2023-07-28 00:00:00-04:00,21.229999542236328,22.270000457763672,20.65999984741211,22.1299991607666,52700,0.0,0.0
2023-07-31 00:00:00-04:00,22.200000762939453,25.399999618530273,21.898000717163086,23.600000381469727,152400,0.0,0.0
2023-08-01 00:00:00-04:00,23.639999389648438,25.729999542236328,23.450000762939453,25.280000686645508,81500,0.0,0.0
2023-08-02 00:00:00-04:00,25.690000534057617,25.690000534057617,23.600000381469727,24.6299991607666,106500,0.0,0.0
2023-08-03 00:00:00-04:00,24.25,25.05299949645996,23.893999099731445,23.989999771118164,37300,0.0,0.0
2023-08-04 00:00:00-04:00,24.299999237060547,27.25,24.290000915527344,26.6200008392334,142900,0.0,0.0
2023-08-07 00:00:00-04:00,27.0,29.31999969482422,26.527000427246094,28.489999771118164,125900,0.0,0.0
2023-08-08 00:00:00-04:00,28.520000457763672,29.34000015258789,24.200000762939453,29.030000686645508,198600,0.0,0.0
2023-08-09 00:00:00-04:00,28.329999923706055,28.700000762939453,26.5,26.5,60500,0.0,0.0
2023-08-10 00:00:00-04:00,26.700000762939453,27.600000381469727,26.45199966430664,27.190000534057617,42200,0.0,0.0
2023-08-11 00:00:00-04:00,26.920000076293945,27.450000762939453,26.3700008392334,26.959999084472656,24000,0.0,0.0
2023-08-14 00:00:00-04:00,26.510000228881836,28.469999313354492,26.315000534057617,27.219999313354492,90600,0.0,0.0
2023-08-15 00:00:00-04:00,28.1200008392334,28.1200008392334,24.559999465942383,25.0,80300,0.0,0.0
2023-08-16 00:00:00-04:00,25.1299991607666,26.459999084472656,24.520000457763672,25.100000381469727,59500,0.0,0.0
2023-08-17 00:00:00-04:00,25.0,25.799999237060547,23.809999465942383,24.329999923706055,49600,0.0,0.0
2023-08-18 00:00:00-04:00,23.81999969482422,24.0,22.805999755859375,23.809999465942383,64100,0.0,0.0
2023-08-21 00:00:00-04:00,23.3799991607666,25.979999542236328,23.3799991607666,24.690000534057617,53200,0.0,0.0
2023-08-22 00:00:00-04:00,24.34000015258789,24.600000381469727,24.100000381469727,24.579999923706055,25700,0.0,0.0
2023-08-23 00:00:00-04:00,24.610000610351562,24.950000762939453,24.0,24.709999084472656,33100,0.0,0.0
2023-08-24 00:00:00-04:00,24.889999389648438,24.889999389648438,23.5,24.34000015258789,15500,0.0,0.0
2023-08-25 00:00:00-04:00,24.239999771118164,25.600000381469727,23.8700008392334,24.530000686645508,45400,0.0,0.0
2023-08-28 00:00:00-04:00,24.479999542236328,24.709999084472656,23.530000686645508,24.18000030517578,47900,0.0,0.0
2023-08-29 00:00:00-04:00,24.200000762939453,25.190000534057617,24.200000762939453,24.530000686645508,47200,0.0,0.0
2023-08-30 00:00:00-04:00,24.93000030517578,25.600000381469727,23.5,23.889999389648438,81400,0.0,0.0
2023-08-31 00:00:00-04:00,24.010000228881836,24.81999969482422,23.459999084472656,24.81999969482422,49800,0.0,0.0
2023-09-01 00:00:00-04:00,24.860000610351562,26.0,24.399999618530273,25.790000915527344,54900,0.0,0.0
2023-09-05 00:00:00-04:00,26.280000686645508,28.3799991607666,25.530000686645508,25.700000762939453,79400,0.0,0.0
2023-09-06 00:00:00-04:00,26.459999084472656,26.5,25.031999588012695,26.450000762939453,50300,0.0,0.0
2023-09-07 00:00:00-04:00,26.399999618530273,27.0,26.18000030517578,26.68000030517578,68100,0.0,0.0
2023-09-08 00:00:00-04:00,26.799999237060547,28.0,26.569000244140625,27.489999771118164,54800,0.0,0.0
2023-09-11 00:00:00-04:00,28.0,28.0,26.375,27.209999084472656,56100,0.0,0.0
2023-09-12 00:00:00-04:00,27.149999618530273,27.25,25.209999084472656,25.649999618530273,65700,0.0,0.0
2023-09-13 00:00:00-04:00,25.799999237060547,26.479999542236328,24.3700008392334,24.65999984741211,70700,0.0,0.0
2023-09-14 00:00:00-04:00,24.799999237060547,25.25,24.28499984741211,25.020000457763672,46800,0.0,0.0
2023-09-15 00:00:00-04:00,24.84000015258789,25.479999542236328,24.350000381469727,24.350000381469727,39000,0.0,0.0
2023-09-18 00:00:00-04:00,24.540000915527344,26.700000762939453,24.540000915527344,25.520000457763672,65900,0.0,0.0
2023-09-19 00:00:00-04:00,26.360000610351562,26.399999618530273,25.049999237060547,25.56999969482422,22900,0.0,0.0
2023-09-20 00:00:00-04:00,25.260000228881836,25.520000457763672,24.809999465942383,25.010000228881836,35900,0.0,0.0
2023-09-21 00:00:00-04:00,24.8700008392334,26.31999969482422,24.520000457763672,26.110000610351562,42800,0.0,0.0
2023-09-22 00:00:00-04:00,26.209999084472656,27.549999237060547,26.059999465942383,27.540000915527344,41300,0.0,0.0
2023-09-25 00:00:00-04:00,26.6299991607666,28.0,26.0,27.510000228881836,86900,0.0,0.0
2023-09-26 00:00:00-04:00,27.100000381469727,27.8799991607666,26.5,27.559999465942383,45800,0.0,0.0
2023-09-27 00:00:00-04:00,27.899999618530273,30.0,27.040000915527344,29.440000534057617,141700,0.0,0.0
2023-09-28 00:00:00-04:00,29.510000228881836,31.114999771118164,28.68000030517578,29.770000457763672,130300,0.0,0.0
2023-09-29 00:00:00-04:00,30.5,30.979999542236328,29.540000915527344,30.639999389648438,216300,0.0,0.0
2023-10-02 00:00:00-04:00,30.09000015258789,32.14500045776367,30.09000015258789,30.510000228881836,137000,0.0,0.0
2023-10-03 00:00:00-04:00,31.0,31.0,26.510000228881836,26.610000610351562,129900,0.0,0.0
2023-10-04 00:00:00-04:00,26.299999237060547,27.549999237060547,25.274999618530273,27.239999771118164,56200,0.0,0.0
2023-10-05 00:00:00-04:00,27.18000030517578,27.479999542236328,26.299999237060547,26.770000457763672,56000,0.0,0.0
2023-10-06 00:00:00-04:00,27.260000228881836,27.65999984741211,26.139999389648438,26.700000762939453,48300,0.0,0.0
2023-10-09 00:00:00-04:00,26.600000381469727,28.5,26.600000381469727,28.15999984741211,46700,0.0,0.0
2023-10-10 00:00:00-04:00,28.809999465942383,29.167999267578125,26.84000015258789,26.959999084472656,48100,0.0,0.0
2023-10-11 00:00:00-04:00,26.770000457763672,28.100000381469727,26.700000762939453,27.049999237060547,21000,0.0,0.0
2023-10-12 00:00:00-04:00,27.100000381469727,28.0,27.100000381469727,27.75,30900,0.0,0.0
2023-10-13 00:00:00-04:00,27.469999313354492,28.299999237060547,27.469999313354492,27.75,23600,0.0,0.0
2023-10-16 00:00:00-04:00,28.0,29.100000381469727,27.635000228881836,27.850000381469727,37800,0.0,0.0
2023-10-17 00:00:00-04:00,28.0,29.399999618530273,28.0,29.329999923706055,96300,0.0,0.0
2023-10-18 00:00:00-04:00,29.40999984741211,29.40999984741211,28.0,28.030000686645508,34200,0.0,0.0
2023-10-19 00:00:00-04:00,27.899999618530273,28.459999084472656,27.079999923706055,27.100000381469727,38400,0.0,0.0
2023-10-20 00:00:00-04:00,27.5,27.5,26.450000762939453,26.559999465942383,51300,0.0,0.0
2023-10-23 00:00:00-04:00,25.739999771118164,25.739999771118164,19.5,19.780000686645508,395000,0.0,0.0
2023-10-24 00:00:00-04:00,20.299999237060547,23.19499969482422,19.799999237060547,20.65999984741211,198200,0.0,0.0
2023-10-25 00:00:00-04:00,21.0,22.280000686645508,20.530000686645508,21.889999389648438,51800,0.0,0.0
2023-10-26 00:00:00-04:00,22.559999465942383,22.559999465942383,20.600000381469727,21.0,64900,0.0,0.0
2023-10-27 00:00:00-04:00,20.950000762939453,22.239999771118164,20.950000762939453,22.200000762939453,36300,0.0,0.0
2023-10-30 00:00:00-04:00,22.040000915527344,22.25,21.579999923706055,21.959999084472656,32200,0.0,0.0
2023-10-31 00:00:00-04:00,21.68000030517578,22.350000381469727,21.06999969482422,22.0,32400,0.0,0.0
2023-11-01 00:00:00-04:00,22.40999984741211,23.1200008392334,21.299999237060547,22.31999969482422,34900,0.0,0.0
2023-11-02 00:00:00-04:00,22.5,22.989999771118164,22.118000030517578,22.860000610351562,16600,0.0,0.0
2023-11-03 00:00:00-04:00,22.899999618530273,22.957000732421875,22.1200008392334,22.479999542236328,19000,0.0,0.0
2023-11-06 00:00:00-05:00,22.5,23.0,22.15999984741211,22.989999771118164,40900,0.0,0.0
2023-11-07 00:00:00-05:00,23.389999389648438,23.760000228881836,22.209999084472656,22.81999969482422,37200,0.0,0.0
2023-11-08 00:00:00-05:00,23.0,25.447999954223633,22.5,24.559999465942383,111600,0.0,0.0
2023-11-09 00:00:00-05:00,24.520000457763672,24.520000457763672,21.114999771118164,23.350000381469727,55600,0.0,0.0
2023-11-10 00:00:00-05:00,23.049999237060547,23.75,21.760000228881836,23.010000228881836,70500,0.0,0.0
2023-11-13 00:00:00-05:00,23.059999465942383,23.420000076293945,22.229999542236328,22.989999771118164,27300,0.0,0.0
2023-11-14 00:00:00-05:00,22.700000762939453,24.44499969482422,22.700000762939453,23.3700008392334,61300,0.0,0.0
2023-11-15 00:00:00-05:00,24.260000228881836,24.30699920654297,23.139999389648438,24.040000915527344,69200,0.0,0.0
2023-11-16 00:00:00-05:00,23.610000610351562,23.989999771118164,22.670000076293945,22.8700008392334,27700,0.0,0.0
2023-11-17 00:00:00-05:00,22.809999465942383,23.719999313354492,22.299999237060547,23.719999313354492,32300,0.0,0.0
2023-11-20 00:00:00-05:00,23.15999984741211,28.350000381469727,22.3700008392334,27.860000610351562,339200,0.0,0.0
2023-11-21 00:00:00-05:00,27.0,28.97800064086914,25.959999084472656,27.579999923706055,87100,0.0,0.0
2023-11-22 00:00:00-05:00,28.020000457763672,28.969999313354492,27.643999099731445,27.979999542236328,30800,0.0,0.0
2023-11-24 00:00:00-05:00,27.979999542236328,28.709999084472656,26.861000061035156,28.690000534057617,33400,0.0,0.0
2023-11-27 00:00:00-05:00,28.760000228881836,28.760000228881836,26.100000381469727,26.100000381469727,35400,0.0,0.0
2023-11-28 00:00:00-05:00,26.3799991607666,26.489999771118164,24.625,24.690000534057617,78800,0.0,0.0
2023-11-29 00:00:00-05:00,25.170000076293945,25.170000076293945,23.399999618530273,23.40999984741211,68300,0.0,0.0
2023-11-30 00:00:00-05:00,23.5,25.200000762939453,23.5,24.770000457763672,30600,0.0,0.0
2023-12-01 00:00:00-05:00,25.239999771118164,25.579999923706055,24.125999450683594,24.8700008392334,36400,0.0,0.0
2023-12-04 00:00:00-05:00,26.600000381469727,28.329999923706055,25.46500015258789,28.0,154400,0.0,0.0
2023-12-05 00:00:00-05:00,28.399999618530273,28.899999618530273,26.09000015258789,27.969999313354492,72300,0.0,0.0
2023-12-06 00:00:00-05:00,27.90999984741211,28.639999389648438,26.719999313354492,27.84000015258789,47300,0.0,0.0
2023-12-07 00:00:00-05:00,27.989999771118164,28.084999084472656,25.760000228881836,26.31999969482422,101900,0.0,0.0
2023-12-08 00:00:00-05:00,26.309999465942383,27.488000869750977,26.059999465942383,27.100000381469727,30500,0.0,0.0
2023-12-11 00:00:00-05:00,27.489999771118164,27.489999771118164,26.59000015258789,27.020000457763672,37400,0.0,0.0
2023-12-12 00:00:00-05:00,26.790000915527344,26.989999771118164,25.200000762939453,25.68000030517578,27700,0.0,0.0
2023-12-13 00:00:00-05:00,25.440000534057617,26.200000762939453,24.673999786376953,26.010000228881836,55600,0.0,0.0
2023-12-14 00:00:00-05:00,26.59000015258789,27.760000228881836,25.530000686645508,27.229999542236328,64400,0.0,0.0
2023-12-15 00:00:00-05:00,27.59000015258789,27.799999237060547,25.549999237060547,25.719999313354492,49000,0.0,0.0
2023-12-18 00:00:00-05:00,25.81999969482422,26.4950008392334,25.575000762939453,26.34000015258789,56600,0.0,0.0
2023-12-19 00:00:00-05:00,26.110000610351562,26.8799991607666,25.850000381469727,26.700000762939453,67200,0.0,0.0
2023-12-20 00:00:00-05:00,26.600000381469727,26.600000381469727,25.600000381469727,25.959999084472656,94000,0.0,0.0
2023-12-21 00:00:00-05:00,27.389999389648438,27.989999771118164,25.81999969482422,27.989999771118164,150900,0.0,0.0
2023-12-22 00:00:00-05:00,28.0,29.479999542236328,27.520000457763672,29.020000457763672,152500,0.0,0.0
2023-12-26 00:00:00-05:00,28.610000610351562,31.40999984741211,28.530000686645508,29.799999237060547,158000,0.0,0.0
2023-12-27 00:00:00-05:00,30.0,32.5,30.0,31.649999618530273,143800,0.0,0.0
2023-12-28 00:00:00-05:00,31.270000457763672,34.0,31.270000457763672,33.36000061035156,450800,0.0,0.0
2023-12-29 00:00:00-05:00,33.40999984741211,33.85300064086914,30.3700008392334,31.280000686645508,126800,0.0,0.0
2024-01-02 00:00:00-05:00,31.3700008392334,33.415000915527344,30.850000381469727,32.560001373291016,87700,0.0,0.0
2024-01-03 00:00:00-05:00,32.56999969482422,33.849998474121094,30.600000381469727,32.04999923706055,111300,0.0,0.0
2024-01-04 00:00:00-05:00,32.04999923706055,32.79499816894531,31.259000778198242,32.06999969482422,42600,0.0,0.0
2024-01-05 00:00:00-05:00,31.790000915527344,32.3129997253418,30.969999313354492,31.93000030517578,44900,0.0,0.0
2024-01-08 00:00:00-05:00,31.93000030517578,33.06999969482422,31.364999771118164,31.989999771118164,34500,0.0,0.0
2024-01-09 00:00:00-05:00,31.520000457763672,31.700000762939453,30.100000381469727,30.8799991607666,92800,0.0,0.0
2024-01-10 00:00:00-05:00,30.729999542236328,31.399999618530273,28.420000076293945,28.56999969482422,89400,0.0,0.0
2024-01-11 00:00:00-05:00,28.770000457763672,29.062999725341797,26.608999252319336,27.110000610351562,113800,0.0,0.0
2024-01-12 00:00:00-05:00,27.81999969482422,28.850000381469727,27.024999618530273,27.309999465942383,47700,0.0,0.0
2024-01-16 00:00:00-05:00,27.479999542236328,28.05500030517578,26.83099937438965,26.979999542236328,42500,0.0,0.0
2024-01-17 00:00:00-05:00,26.440000534057617,26.690000534057617,24.84000015258789,25.020000457763672,91600,0.0,0.0
2024-01-18 00:00:00-05:00,25.0,25.75,24.260000228881836,25.459999084472656,46700,0.0,0.0
2024-01-19 00:00:00-05:00,25.8799991607666,26.235000610351562,24.530000686645508,24.729999542236328,48800,0.0,0.0
2024-01-22 00:00:00-05:00,24.719999313354492,24.989999771118164,23.5,23.5,62300,0.0,0.0
2024-01-23 00:00:00-05:00,23.40999984741211,24.0,23.0,23.25,39400,0.0,0.0
2024-01-24 00:00:00-05:00,23.889999389648438,24.0,22.6299991607666,22.81999969482422,76900,0.0,0.0
2024-01-25 00:00:00-05:00,22.809999465942383,23.299999237060547,20.510000228881836,21.200000762939453,124200,0.0,0.0
2024-01-26 00:00:00-05:00,21.200000762939453,22.799999237060547,20.579999923706055,22.18000030517578,103300,0.0,0.0
2024-01-29 00:00:00-05:00,22.639999389648438,23.808000564575195,21.8799991607666,23.479999542236328,44600,0.0,0.0
2024-01-30 00:00:00-05:00,23.530000686645508,24.719999313354492,22.690000534057617,23.530000686645508,61300,0.0,0.0
2024-01-31 00:00:00-05:00,22.979999542236328,23.760000228881836,22.399999618530273,22.649999618530273,43700,0.0,0.0
2024-02-01 00:00:00-05:00,22.56999969482422,23.200000762939453,22.209999084472656,22.239999771118164,32100,0.0,0.0
2024-02-02 00:00:00-05:00,22.170000076293945,22.5,21.209999084472656,22.030000686645508,38000,0.0,0.0
2024-02-05 00:00:00-05:00,21.0,21.850000381469727,17.5,18.059999465942383,288300,0.0,0.0
2024-02-06 00:00:00-05:00,17.950000762939453,20.204999923706055,17.950000762939453,20.049999237060547,57800,0.0,0.0
2024-02-07 00:00:00-05:00,20.270000457763672,20.329999923706055,18.959999084472656,19.18000030517578,39900,0.0,0.0
2024-02-08 00:00:00-05:00,19.309999465942383,19.96299934387207,18.59000015258789,18.969999313354492,50300,0.0,0.0
2024-02-09 00:00:00-05:00,19.469999313354492,19.5,18.209999084472656,18.84000015258789,28000,0.0,0.0
2024-02-12 00:00:00-05:00,18.6200008392334,20.5,18.6200008392334,19.850000381469727,77300,0.0,0.0
2024-02-13 00:00:00-05:00,19.110000610351562,19.600000381469727,18.790000915527344,18.790000915527344,28700,0.0,0.0
2024-02-14 00:00:00-05:00,19.739999771118164,19.739999771118164,18.540000915527344,18.829999923706055,17300,0.0,0.0
2024-02-15 00:00:00-05:00,18.600000381469727,19.239999771118164,18.149999618530273,18.25,25500,0.0,0.0
2024-02-16 00:00:00-05:00,18.25,18.90999984741211,18.125,18.6200008392334,23300,0.0,0.0
2024-02-20 00:00:00-05:00,18.969999313354492,18.989999771118164,16.59000015258789,16.93000030517578,67300,0.0,0.0
2024-02-21 00:00:00-05:00,16.940000534057617,17.3700008392334,16.6200008392334,16.969999313354492,30100,0.0,0.0
2024-02-22 00:00:00-05:00,17.18000030517578,17.200000762939453,16.760000228881836,16.989999771118164,18100,0.0,0.0
2024-02-23 00:00:00-05:00,16.530000686645508,16.719999313354492,14.819999694824219,15.210000038146973,134600,0.0,0.0
2024-02-26 00:00:00-05:00,15.119999885559082,15.119999885559082,14.199999809265137,14.390000343322754,85500,0.0,0.0
2024-02-27 00:00:00-05:00,14.25,16.06999969482422,14.25,15.65999984741211,79200,0.0,0.0
2024-02-28 00:00:00-05:00,15.800000190734863,17.790000915527344,15.75,17.420000076293945,49400,0.0,0.0
2024-02-29 00:00:00-05:00,17.75,17.889999389648438,16.670000076293945,16.829999923706055,115900,0.0,0.0
2024-03-01 00:00:00-05:00,17.469999313354492,17.700000762939453,16.829999923706055,17.190000534057617,184600,0.0,0.0
2024-03-04 00:00:00-05:00,17.18000030517578,17.235000610351562,15.199999809265137,16.440000534057617,52400,0.0,0.0
2024-03-05 00:00:00-05:00,16.190000534057617,16.989999771118164,14.649999618530273,14.75,36800,0.0,0.0
2024-03-06 00:00:00-05:00,15.239999771118164,15.670000076293945,14.800000190734863,15.029999732971191,71600,0.0,0.0
2024-03-07 00:00:00-05:00,15.359999656677246,15.958000183105469,15.1850004196167,15.5,48700,0.0,0.0
2024-03-08 00:00:00-05:00,15.739999771118164,15.739999771118164,14.5,14.739999771118164,43300,0.0,0.0
2024-03-11 00:00:00-04:00,14.699999809265137,15.510000228881836,14.699999809265137,14.8100004196167,49700,0.0,0.0
2024-03-12 00:00:00-04:00,15.170000076293945,15.25,14.260000228881836,14.75,46800,0.0,0.0
2024-03-13 00:00:00-04:00,14.529999732971191,14.760000228881836,14.149999618530273,14.149999618530273,41300,0.0,0.0
2024-03-14 00:00:00-04:00,14.239999771118164,14.260000228881836,13.010000228881836,13.430000305175781,105000,0.0,0.0
2024-03-15 00:00:00-04:00,13.449999809265137,13.84000015258789,12.619999885559082,13.239999771118164,80400,0.0,0.0
2024-03-18 00:00:00-04:00,13.050000190734863,13.300000190734863,11.800000190734863,12.0649995803833,138300,0.0,0.0
2024-03-19 00:00:00-04:00,12.0,13.100000381469727,11.8100004196167,12.729999542236328,100000,0.0,0.0
2024-03-20 00:00:00-04:00,12.899999618530273,15.180000305175781,12.899999618530273,14.979999542236328,146100,0.0,0.0
2024-03-21 00:00:00-04:00,14.5,14.979999542236328,13.25,14.489999771118164,143000,0.0,0.0
2024-03-22 00:00:00-04:00,13.890000343322754,15.407999992370605,13.3100004196167,15.0600004196167,199600,0.0,0.0
2024-03-25 00:00:00-04:00,15.25,15.680000305175781,13.357999801635742,13.979999542236328,225200,0.0,0.0
2024-03-26 00:00:00-04:00,13.90999984741211,14.359999656677246,13.699999809265137,13.920000076293945,141900,0.0,0.0
2024-03-27 00:00:00-04:00,13.869999885559082,17.09600067138672,13.225000381469727,14.920000076293945,412200,0.0,0.0
2024-03-28 00:00:00-04:00,16.920000076293945,17.634000778198242,14.989999771118164,17.020000457763672,513100,0.0,0.0
2024-04-01 00:00:00-04:00,16.979999542236328,20.0,16.530000686645508,19.299999237060547,305500,0.0,0.0
2024-04-02 00:00:00-04:00,18.790000915527344,19.719999313354492,18.0,18.6299991607666,132800,0.0,0.0
2024-04-03 00:00:00-04:00,18.0,19.155000686645508,17.06999969482422,18.920000076293945,111300,0.0,0.0
2024-04-04 00:00:00-04:00,18.75,19.18000030517578,17.0,17.170000076293945,91800,0.0,0.0
2024-04-05 00:00:00-04:00,17.170000076293945,17.87299919128418,16.760000228881836,17.450000762939453,53600,0.0,0.0
2024-04-08 00:00:00-04:00,17.5,19.149999618530273,17.44700050354004,18.31999969482422,113400,0.0,0.0
2024-04-09 00:00:00-04:00,19.3700008392334,19.3700008392334,16.530000686645508,17.06999969482422,127900,0.0,0.0
2024-04-10 00:00:00-04:00,16.8700008392334,17.0,15.800000190734863,15.979999542236328,130000,0.0,0.0
2024-04-11 00:00:00-04:00,16.15999984741211,16.2450008392334,14.800000190734863,15.489999771118164,91400,0.0,0.0
2024-04-12 00:00:00-04:00,15.520000457763672,16.020000457763672,15.0600004196167,15.460000038146973,59800,0.0,0.0
2024-04-15 00:00:00-04:00,15.5,15.680000305175781,14.420000076293945,14.729999542236328,82400,0.0,0.0
2024-04-16 00:00:00-04:00,14.399999618530273,14.5,13.781000137329102,14.270000457763672,61700,0.0,0.0
2024-04-17 00:00:00-04:00,14.359999656677246,14.84000015258789,13.649999618530273,13.779999732971191,47100,0.0,0.0
2024-04-18 00:00:00-04:00,13.600000381469727,15.039999961853027,13.180000305175781,15.039999961853027,56800,0.0,0.0
2024-04-19 00:00:00-04:00,14.729999542236328,15.392000198364258,13.800000190734863,13.880000114440918,79700,0.0,0.0
2024-04-22 00:00:00-04:00,14.109999656677246,14.307999610900879,13.199999809265137,13.520000457763672,60300,0.0,0.0
2024-04-23 00:00:00-04:00,13.5,14.75,13.5,14.319999694824219,56800,0.0,0.0
2024-04-24 00:00:00-04:00,14.34000015258789,14.380000114440918,13.609999656677246,13.649999618530273,41600,0.0,0.0
2024-04-25 00:00:00-04:00,13.75,14.380000114440918,13.609999656677246,14.050000190734863,36600,0.0,0.0
2024-04-26 00:00:00-04:00,14.270000457763672,14.779999732971191,13.800000190734863,14.670000076293945,30900,0.0,0.0
2024-04-29 00:00:00-04:00,14.9399995803833,15.65999984741211,14.600000381469727,14.859999656677246,59800,0.0,0.0
2024-04-30 00:00:00-04:00,14.770000457763672,15.100000381469727,14.380000114440918,14.699999809265137,36800,0.0,0.0
2024-05-01 00:00:00-04:00,15.239999771118164,15.545000076293945,15.0,15.0,27100,0.0,0.0
2024-05-02 00:00:00-04:00,15.359999656677246,15.451000213623047,14.5,14.699999809265137,50500,0.0,0.0
2024-05-03 00:00:00-04:00,14.720000267028809,15.289999961853027,14.399999618530273,14.430000305175781,57500,0.0,0.0
2024-05-06 00:00:00-04:00,14.5,15.09000015258789,14.399999618530273,14.670000076293945,61300,0.0,0.0
2024-05-07 00:00:00-04:00,14.5,15.970000267028809,14.5,15.5,55300,0.0,0.0
2024-05-08 00:00:00-04:00,15.699999809265137,16.389999389648438,15.5,15.5,38700,0.0,0.0
2024-05-09 00:00:00-04:00,15.755000114440918,16.100000381469727,15.239999771118164,16.0049991607666,23800,0.0,0.0
2024-05-10 00:00:00-04:00,16.0,16.499000549316406,15.359999656677246,15.5600004196167,57900,0.0,0.0
2024-05-13 00:00:00-04:00,15.600000381469727,15.765000343322754,14.84000015258789,15.029999732971191,49200,0.0,0.0
2024-05-14 00:00:00-04:00,14.800000190734863,16.3799991607666,14.800000190734863,15.760000228881836,80200,0.0,0.0
2024-05-15 00:00:00-04:00,16.1299991607666,16.1299991607666,15.395000457763672,15.649999618530273,50600,0.0,0.0
2024-05-16 00:00:00-04:00,15.329999923706055,15.92300033569336,13.84000015258789,15.0600004196167,144300,0.0,0.0
2024-05-17 00:00:00-04:00,15.420000076293945,16.0,15.100000381469727,15.8100004196167,63900,0.0,0.0
2024-05-20 00:00:00-04:00,15.84000015258789,17.649999618530273,15.800000190734863,17.649999618530273,79500,0.0,0.0
2024-05-21 00:00:00-04:00,17.219999313354492,17.719999313354492,16.559999465942383,16.6200008392334,37800,0.0,0.0
2024-05-22 00:00:00-04:00,17.0,17.017000198364258,16.049999237060547,16.260000228881836,34100,0.0,0.0
2024-05-23 00:00:00-04:00,16.166000366210938,16.513999938964844,15.470000267028809,16.329999923706055,44700,0.0,0.0
2024-05-24 00:00:00-04:00,16.295000076293945,16.34000015258789,15.609999656677246,15.699999809265137,44600,0.0,0.0
2024-05-28 00:00:00-04:00,15.90999984741211,16.0,15.100000381469727,15.369999885559082,65300,0.0,0.0
2024-05-29 00:00:00-04:00,15.59000015258789,15.59000015258789,14.699999809265137,14.9399995803833,36100,0.0,0.0
2024-05-30 00:00:00-04:00,14.9399995803833,15.14799976348877,14.25,14.649999618530273,58900,0.0,0.0
2024-05-31 00:00:00-04:00,14.59000015258789,15.015000343322754,14.0600004196167,14.239999771118164,49800,0.0,0.0
2024-06-03 00:00:00-04:00,14.390000343322754,14.739999771118164,13.869999885559082,14.020000457763672,30200,0.0,0.0
2024-06-04 00:00:00-04:00,14.0,14.010000228881836,13.5,13.5,71300,0.0,0.0
2024-06-05 00:00:00-04:00,13.9399995803833,14.199999809265137,13.579999923706055,13.789999961853027,40700,0.0,0.0
2024-06-06 00:00:00-04:00,13.550000190734863,14.239999771118164,13.550000190734863,13.84000015258789,19000,0.0,0.0
2024-06-07 00:00:00-04:00,13.760000228881836,13.972000122070312,13.5,13.579999923706055,29000,0.0,0.0
2024-06-10 00:00:00-04:00,13.399999618530273,13.979999542236328,12.140000343322754,12.260000228881836,204500,0.0,0.0
2024-06-11 00:00:00-04:00,12.850000381469727,12.850000381469727,11.670000076293945,12.1899995803833,121700,0.0,0.0
2024-06-12 00:00:00-04:00,12.199999809265137,12.265000343322754,9.670000076293945,9.8100004196167,574300,0.0,0.0
2024-06-13 00:00:00-04:00,10.510000228881836,11.0,9.949999809265137,10.050000190734863,254800,0.0,0.0
2024-06-14 00:00:00-04:00,10.399999618530273,10.399999618530273,9.600000381469727,10.15999984741211,165100,0.0,0.0
2024-06-17 00:00:00-04:00,10.699999809265137,11.100000381469727,9.680000305175781,10.130000114440918,133300,0.0,0.0
2024-06-18 00:00:00-04:00,10.229999542236328,10.40999984741211,9.600000381469727,10.0,72400,0.0,0.0
2024-06-20 00:00:00-04:00,9.979999542236328,10.399999618530273,9.59000015258789,9.75,105900,0.0,0.0
2024-06-21 00:00:00-04:00,9.8100004196167,10.0,9.300000190734863,9.449999809265137,105100,0.0,0.0
2024-06-24 00:00:00-04:00,9.600000381469727,10.329999923706055,9.430000305175781,9.619999885559082,59200,0.0,0.0
2024-06-25 00:00:00-04:00,9.539999961853027,10.039999961853027,9.510000228881836,10.039999961853027,43500,0.0,0.0
2024-06-26 00:00:00-04:00,9.829999923706055,10.180000305175781,9.770000457763672,9.779999732971191,59200,0.0,0.0
2024-06-27 00:00:00-04:00,9.899999618530273,10.520000457763672,9.821999549865723,10.380000114440918,131000,0.0,0.0
2024-06-28 00:00:00-04:00,10.390000343322754,10.48799991607666,10.0,10.380000114440918,48900,0.0,0.0
2024-07-01 00:00:00-04:00,10.25,11.989999771118164,10.25,11.630000114440918,197900,0.0,0.0
2024-07-02 00:00:00-04:00,11.6899995803833,11.699999809265137,10.75,10.930000305175781,72600,0.0,0.0
2024-07-03 00:00:00-04:00,10.84000015258789,11.15999984741211,10.75,11.100000381469727,32000,0.0,0.0
2024-07-05 00:00:00-04:00,11.079999923706055,11.529999732971191,10.855999946594238,11.369999885559082,44500,0.0,0.0
2024-07-08 00:00:00-04:00,11.5,11.5,10.720000267028809,10.979999542236328,40300,0.0,0.0
2024-07-09 00:00:00-04:00,11.460000038146973,11.569999694824219,11.0,11.489999771118164,74200,0.0,0.0
2024-07-10 00:00:00-04:00,11.460000038146973,11.9399995803833,11.460000038146973,11.859999656677246,54400,0.0,0.0
2024-07-11 00:00:00-04:00,12.220000267028809,12.579999923706055,11.859999656677246,12.09000015258789,51400,0.0,0.0
2024-07-12 00:00:00-04:00,12.100000381469727,12.8100004196167,12.100000381469727,12.670000076293945,56000,0.0,0.0
2024-07-15 00:00:00-04:00,12.880000114440918,12.949999809265137,11.8100004196167,11.930000305175781,59300,0.0,0.0
2024-07-16 00:00:00-04:00,12.09000015258789,12.899999618530273,11.930000305175781,12.4399995803833,102700,0.0,0.0
2024-07-17 00:00:00-04:00,12.4399995803833,12.890000343322754,12.300000190734863,12.84000015258789,34800,0.0,0.0
2024-07-18 00:00:00-04:00,12.970000267028809,13.699999809265137,12.5,12.59000015258789,108600,0.0,0.0
2024-07-19 00:00:00-04:00,12.84000015258789,13.119999885559082,12.0600004196167,12.890000343322754,84100,0.0,0.0
2024-07-22 00:00:00-04:00,12.869999885559082,13.262999534606934,12.15999984741211,12.3100004196167,85100,0.0,0.0
2024-07-23 00:00:00-04:00,12.260000228881836,12.300000190734863,11.569999694824219,11.859999656677246,84900,0.0,0.0
2024-07-24 00:00:00-04:00,11.869999885559082,11.949999809265137,11.239999771118164,11.359999656677246,50700,0.0,0.0
2024-07-25 00:00:00-04:00,11.369999885559082,11.75,10.979999542236328,11.220000267028809,40400,0.0,0.0
2024-07-26 00:00:00-04:00,11.0,11.529999732971191,11.0,11.390000343322754,18300,0.0,0.0
2024-07-29 00:00:00-04:00,11.390000343322754,11.42300033569336,10.859999656677246,11.220000267028809,47700,0.0,0.0
2024-07-30 00:00:00-04:00,11.239999771118164,11.550000190734863,11.130000114440918,11.34000015258789,35800,0.0,0.0
2024-07-31 00:00:00-04:00,11.510000228881836,11.631999969482422,11.0,11.199999809265137,23100,0.0,0.0
2024-08-01 00:00:00-04:00,11.140000343322754,11.279999732971191,10.5,10.729999542236328,34100,0.0,0.0
2024-08-02 00:00:00-04:00,10.479999542236328,10.479999542236328,9.869999885559082,10.0,45000,0.0,0.0
2024-08-05 00:00:00-04:00,9.399999618530273,9.75,8.819999694824219,9.40999984741211,89800,0.0,0.0
2024-08-06 00:00:00-04:00,9.510000228881836,9.880000114440918,9.029999732971191,9.210000038146973,42100,0.0,0.0
2024-08-07 00:00:00-04:00,9.399999618530273,9.640000343322754,8.852999687194824,9.029999732971191,68500,0.0,0.0
2024-08-08 00:00:00-04:00,9.130000114440918,9.5,8.859999656677246,9.449999809265137,26400,0.0,0.0
2024-08-09 00:00:00-04:00,9.479999542236328,9.875,9.180000305175781,9.460000038146973,29600,0.0,0.0
2024-08-12 00:00:00-04:00,9.460000038146973,9.895000457763672,8.369999885559082,8.65999984741211,64700,0.0,0.0
2024-08-13 00:00:00-04:00,8.710000038146973,8.927000045776367,8.5,8.6899995803833,31300,0.0,0.0
2024-08-14 00:00:00-04:00,8.609999656677246,9.055000305175781,8.510000228881836,8.609999656677246,15200,0.0,0.0
2024-08-15 00:00:00-04:00,8.829999923706055,9.699999809265137,8.699999809265137,9.350000381469727,49900,0.0,0.0
2024-08-16 00:00:00-04:00,9.34000015258789,9.5,9.130000114440918,9.5,50300,0.0,0.0
2024-08-19 00:00:00-04:00,9.489999771118164,9.930000305175781,9.315999984741211,9.880000114440918,41700,0.0,0.0
2024-08-20 00:00:00-04:00,9.880000114440918,10.180000305175781,9.770000457763672,9.869999885559082,34900,0.0,0.0
2024-08-21 00:00:00-04:00,9.850000381469727,10.998000144958496,9.850000381469727,10.850000381469727,46300,0.0,0.0
2024-08-22 00:00:00-04:00,10.850000381469727,10.920000076293945,9.800000190734863,10.079999923706055,38900,0.0,0.0
2024-08-23 00:00:00-04:00,10.029999732971191,10.949999809265137,10.029999732971191,10.949999809265137,43400,0.0,0.0
2024-08-26 00:00:00-04:00,11.010000228881836,12.039999961853027,10.819999694824219,11.789999961853027,40100,0.0,0.0
2024-08-27 00:00:00-04:00,11.770000457763672,12.479999542236328,11.020000457763672,11.140000343322754,43700,0.0,0.0
2024-08-28 00:00:00-04:00,10.779999732971191,11.25,10.020000457763672,10.229999542236328,34500,0.0,0.0
2024-08-29 00:00:00-04:00,10.520000457763672,10.548999786376953,9.880000114440918,10.149999618530273,28700,0.0,0.0
2024-08-30 00:00:00-04:00,10.140000343322754,10.510000228881836,10.140000343322754,10.369999885559082,19300,0.0,0.0
2024-09-03 00:00:00-04:00,10.25,10.329999923706055,9.289999961853027,9.880000114440918,41700,0.0,0.0
2024-09-04 00:00:00-04:00,9.729999542236328,9.760000228881836,9.039999961853027,9.319999694824219,52900,0.0,0.0
2024-09-05 00:00:00-04:00,9.270000457763672,10.0600004196167,9.100000381469727,9.670000076293945,21700,0.0,0.0
2024-09-06 00:00:00-04:00,9.501999855041504,9.720000267028809,9.369999885559082,9.520000457763672,24200,0.0,0.0
2024-09-09 00:00:00-04:00,9.649999618530273,9.670000076293945,9.0,9.039999961853027,36100,0.0,0.0
2024-09-10 00:00:00-04:00,9.0,9.260000228881836,8.880000114440918,9.260000228881836,52500,0.0,0.0
2024-09-11 00:00:00-04:00,9.75,10.619999885559082,9.609999656677246,9.869999885559082,103500,0.0,0.0
2024-09-12 00:00:00-04:00,10.050000190734863,10.630000114440918,10.029999732971191,10.390000343322754,420500,0.0,0.0
2024-09-13 00:00:00-04:00,10.470000267028809,10.479999542236328,9.75,9.989999771118164,48900,0.0,0.0
2024-09-16 00:00:00-04:00,10.109999656677246,10.109999656677246,9.520000457763672,9.649999618530273,43200,0.0,0.0
2024-09-17 00:00:00-04:00,9.550000190734863,10.170000076293945,9.529999732971191,10.140000343322754,48700,0.0,0.0
2024-09-18 00:00:00-04:00,10.079999923706055,10.079999923706055,9.420000076293945,9.430000305175781,31000,0.0,0.0
2024-09-19 00:00:00-04:00,9.279999732971191,9.600000381469727,7.710000038146973,7.90500020980835,599400,0.0,0.0
2024-09-20 00:00:00-04:00,8.020000457763672,8.050000190734863,6.849999904632568,7.440000057220459,485700,0.0,0.0
2024-09-23 00:00:00-04:00,7.5,7.590000152587891,6.519999980926514,6.760000228881836,220200,0.0,0.0
2024-09-24 00:00:00-04:00,6.869999885559082,6.989999771118164,6.251999855041504,6.579999923706055,182500,0.0,0.0
2024-09-25 00:00:00-04:00,6.610000133514404,7.099999904632568,6.579999923706055,7.019999980926514,127400,0.0,0.0
2024-09-26 00:00:00-04:00,7.050000190734863,7.585999965667725,6.650000095367432,7.409999847412109,129700,0.0,0.0
2024-09-27 00:00:00-04:00,7.380000114440918,7.514999866485596,6.855000019073486,7.170000076293945,169600,0.0,0.0
2024-09-30 00:00:00-04:00,7.0,7.289999961853027,6.710000038146973,6.800000190734863,127500,0.0,0.0
2024-10-01 00:00:00-04:00,6.960000038146973,6.960000038146973,6.434999942779541,6.599999904632568,90900,0.0,0.0
2024-10-02 00:00:00-04:00,6.53000020980835,6.690000057220459,6.369999885559082,6.409999847412109,102300,0.0,0.0
2024-10-03 00:00:00-04:00,6.349999904632568,6.670000076293945,6.349999904632568,6.579999923706055,79800,0.0,0.0
2024-10-04 00:00:00-04:00,6.599999904632568,6.940000057220459,6.449999809265137,6.610000133514404,201800,0.0,0.0
2024-10-07 00:00:00-04:00,6.599999904632568,7.449999809265137,6.599999904632568,7.179999828338623,264500,0.0,0.0
2024-10-08 00:00:00-04:00,7.139999866485596,7.190000057220459,6.699999809265137,6.78000020980835,86700,0.0,0.0
2024-10-09 00:00:00-04:00,6.929999828338623,7.03000020980835,6.630000114440918,6.840000152587891,152300,0.0,0.0
2024-10-10 00:00:00-04:00,6.860000133514404,7.997000217437744,6.860000133514404,7.329999923706055,306300,0.0,0.0
2024-10-11 00:00:00-04:00,7.329999923706055,8.050000190734863,7.329999923706055,7.739999771118164,180900,0.0,0.0
2024-10-14 00:00:00-04:00,7.650000095367432,7.769999980926514,7.28000020980835,7.409999847412109,82400,0.0,0.0
2024-10-15 00:00:00-04:00,7.329999923706055,7.5,7.099999904632568,7.389999866485596,62900,0.0,0.0
2024-10-16 00:00:00-04:00,7.420000076293945,7.96999979019165,7.420000076293945,7.789999961853027,103500,0.0,0.0
2024-10-17 00:00:00-04:00,7.869999885559082,7.894999980926514,7.449999809265137,7.460000038146973,54100,0.0,0.0
2024-10-18 00:00:00-04:00,7.46999979019165,7.889999866485596,7.460000038146973,7.699999809265137,117100,0.0,0.0
2024-10-21 00:00:00-04:00,7.78000020980835,7.989999771118164,7.090000152587891,7.360000133514404,69100,0.0,0.0
2024-10-22 00:00:00-04:00,7.230000019073486,8.149999618530273,7.230000019073486,7.909999847412109,129100,0.0,0.0
2024-10-23 00:00:00-04:00,7.869999885559082,8.130000114440918,7.659999847412109,8.039999961853027,65700,0.0,0.0
2024-10-24 00:00:00-04:00,8.109999656677246,8.369999885559082,7.849999904632568,8.329999923706055,81800,0.0,0.0
2024-10-25 00:00:00-04:00,8.319999694824219,8.550000190734863,7.989999771118164,8.220000267028809,112200,0.0,0.0
2024-10-28 00:00:00-04:00,9.0,11.359999656677246,8.83899974822998,10.25,573200,0.0,0.0
2024-10-29 00:00:00-04:00,10.529999732971191,11.887999534606934,9.770000457763672,10.21500015258789,278200,0.0,0.0
2024-10-30 00:00:00-04:00,10.15999984741211,10.979999542236328,9.899999618530273,10.579999923706055,121800,0.0,0.0
2024-10-31 00:00:00-04:00,10.460000038146973,10.460000038146973,9.543999671936035,10.050000190734863,141700,0.0,0.0
2024-11-01 00:00:00-04:00,10.09000015258789,10.09000015258789,9.229999542236328,9.65999984741211,100100,0.0,0.0
2024-11-04 00:00:00-05:00,9.649999618530273,9.699999809265137,9.0600004196167,9.3100004196167,68900,0.0,0.0
2024-11-05 00:00:00-05:00,9.329999923706055,9.64900016784668,8.770000457763672,8.970000267028809,86600,0.0,0.0
2024-11-06 00:00:00-05:00,8.75,9.015000343322754,8.149999618530273,8.789999961853027,114500,0.0,0.0
2024-11-07 00:00:00-05:00,8.869999885559082,8.986000061035156,8.392000198364258,8.75,73100,0.0,0.0
2024-11-08 00:00:00-05:00,8.800000190734863,9.128999710083008,8.270000457763672,8.539999961853027,144300,0.0,0.0
2024-11-11 00:00:00-05:00,8.369999885559082,8.75,7.539999961853027,8.050000190734863,145200,0.0,0.0
2024-11-12 00:00:00-05:00,7.920000076293945,8.0600004196167,7.25,7.409999847412109,116700,0.0,0.0
2024-11-13 00:00:00-05:00,7.46999979019165,8.199999809265137,7.349999904632568,7.989999771118164,95700,0.0,0.0
2024-11-14 00:00:00-05:00,8.0,8.260000228881836,7.728000164031982,7.820000171661377,37200,0.0,0.0
2024-11-15 00:00:00-05:00,7.829999923706055,7.829999923706055,7.46999979019165,7.510000228881836,45800,0.0,0.0
2024-11-18 00:00:00-05:00,7.53000020980835,8.039999961853027,7.519999980926514,7.659999847412109,54600,0.0,0.0
2024-11-19 00:00:00-05:00,7.659999847412109,8.25,7.52400016784668,8.050000190734863,124200,0.0,0.0
2024-11-20 00:00:00-05:00,7.960000038146973,8.100000381469727,7.639999866485596,7.71999979019165,81100,0.0,0.0
2024-11-21 00:00:00-05:00,7.829999923706055,7.829999923706055,7.420000076293945,7.769999980926514,79600,0.0,0.0
2024-11-22 00:00:00-05:00,7.699999809265137,8.130000114440918,7.6020002365112305,7.929999828338623,92500,0.0,0.0
2024-11-25 00:00:00-05:00,7.909999847412109,8.029999732971191,7.0,7.210000038146973,225500,0.0,0.0
2024-11-26 00:00:00-05:00,7.340000152587891,7.355999946594238,6.650000095367432,6.760000228881836,192100,0.0,0.0
2024-11-27 00:00:00-05:00,6.869999885559082,7.46999979019165,6.869999885559082,7.139999866485596,52400,0.0,0.0
2024-11-29 00:00:00-05:00,7.130000114440918,7.21999979019165,7.0,7.090000152587891,35700,0.0,0.0
2024-12-02 00:00:00-05:00,7.25,7.480000019073486,7.0,7.28000020980835,84100,0.0,0.0
2024-12-03 00:00:00-05:00,7.28000020980835,7.329999923706055,7.0,7.21999979019165,67600,0.0,0.0
2024-12-04 00:00:00-05:00,7.21999979019165,7.5,7.010000228881836,7.239999771118164,43700,0.0,0.0
2024-12-05 00:00:00-05:00,7.269999980926514,7.460000038146973,7.099999904632568,7.179999828338623,143300,0.0,0.0
2024-12-06 00:00:00-05:00,7.380000114440918,8.300000190734863,7.380000114440918,7.849999904632568,197900,0.0,0.0
2024-12-09 00:00:00-05:00,8.210000038146973,8.319999694824219,7.755000114440918,7.929999828338623,146200,0.0,0.0
2024-12-10 00:00:00-05:00,8.0,8.0,7.34499979019165,7.400000095367432,80900,0.0,0.0
2024-12-11 00:00:00-05:00,7.409999847412109,7.409999847412109,6.900000095367432,7.130000114440918,152900,0.0,0.0
2024-12-12 00:00:00-05:00,7.28000020980835,7.738999843597412,7.130000114440918,7.445000171661377,85700,0.0,0.0
2024-12-13 00:00:00-05:00,7.590000152587891,7.960000038146973,7.400000095367432,7.610000133514404,158700,0.0,0.0
2024-12-16 00:00:00-05:00,7.619999885559082,7.619999885559082,6.849999904632568,6.965000152587891,181700,0.0,0.0
2024-12-17 00:00:00-05:00,7.0,7.110000133514404,6.75,6.96999979019165,85400,0.0,0.0
2024-12-18 00:00:00-05:00,7.0,7.142000198364258,6.53000020980835,6.679999828338623,99900,0.0,0.0
2024-12-19 00:00:00-05:00,6.699999809265137,7.010000228881836,6.25,6.369999885559082,105600,0.0,0.0
2024-12-20 00:00:00-05:00,6.400000095367432,6.559999942779541,6.269999980926514,6.360000133514404,71000,0.0,0.0
2024-12-23 00:00:00-05:00,6.360000133514404,6.434999942779541,6.117000102996826,6.320000171661377,92400,0.0,0.0
2024-12-24 00:00:00-05:00,6.320000171661377,6.489999771118164,6.159999847412109,6.485000133514404,50400,0.0,0.0
2024-12-26 00:00:00-05:00,6.46999979019165,6.570000171661377,6.340000152587891,6.559999942779541,82200,0.0,0.0
2024-12-27 00:00:00-05:00,6.559999942779541,6.75,6.5,6.670000076293945,112800,0.0,0.0
2024-12-30 00:00:00-05:00,6.590000152587891,6.75,6.400000095367432,6.489999771118164,166800,0.0,0.0
2024-12-31 00:00:00-05:00,6.5,6.565999984741211,6.199999809265137,6.329999923706055,69500,0.0,0.0
2025-01-02 00:00:00-05:00,6.46999979019165,7.010000228881836,6.46999979019165,6.96999979019165,60900,0.0,0.0
2025-01-03 00:00:00-05:00,7.059999942779541,7.297999858856201,6.860000133514404,7.190000057220459,68800,0.0,0.0
2025-01-06 00:00:00-05:00,7.369999885559082,7.410999774932861,7.0,7.300000190734863,88200,0.0,0.0
2025-01-07 00:00:00-05:00,7.389999866485596,8.079999923706055,7.329999923706055,7.5,96000,0.0,0.0
2025-01-08 00:00:00-05:00,7.369999885559082,7.534999847412109,6.820000171661377,6.909999847412109,91500,0.0,0.0
2025-01-10 00:00:00-05:00,6.980000019073486,7.139999866485596,6.460000038146973,6.610000133514404,115800,0.0,0.0
2025-01-13 00:00:00-05:00,6.639999866485596,6.736000061035156,6.360000133514404,6.550000190734863,48600,0.0,0.0
2025-01-14 00:00:00-05:00,6.670000076293945,7.25,6.638999938964844,6.920000076293945,63400,0.0,0.0
2025-01-15 00:00:00-05:00,7.03000020980835,7.150000095367432,6.90500020980835,6.980000019073486,56100,0.0,0.0
2025-01-16 00:00:00-05:00,7.002099990844727,7.109899997711182,6.800000190734863,6.889999866485596,58782,0.0,0.0
