Date,Open,High,Low,Close,Volume,Dividends,Stock Splits
2022-01-03 00:00:00-05:00,2.919298297667622,2.9557894910439586,2.855438709259033,2.855438709259033,36400,0.0,0.0
2022-01-04 00:00:00-05:00,2.855438536729103,3.074385683758003,2.855438536729103,2.910175323486328,388700,0.0,0.0
2022-01-05 00:00:00-05:00,2.8828071042912855,2.9284210960117063,2.791578903345775,2.855438709259033,140900,0.0,0.0
2022-01-06 00:00:00-05:00,2.81894716340568,2.9192981578904282,2.7642103759619956,2.791578769683838,404300,0.0,0.0
2022-01-07 00:00:00-05:00,2.7915788182094086,2.9649121989654295,2.736842029814243,2.8828070163726807,357300,0.0,0.0
2022-01-10 00:00:00-05:00,2.8371928085387133,2.9010526125044027,2.8007016162752696,2.8828070163726807,85600,0.0,0.0
2022-01-11 00:00:00-05:00,2.8645614828953776,2.955789465549349,2.85543868462998,2.9375438690185547,52500,0.0,0.0
2022-01-12 00:00:00-05:00,2.9649122129432914,2.9922806072699006,2.873684231854594,2.9284210205078125,84600,0.0,0.0
2022-01-13 00:00:00-05:00,2.8828069941717573,3.010526166110227,2.8828069941717573,2.964912176132202,106600,0.0,0.0
2022-01-14 00:00:00-05:00,2.955789441441152,3.0743858179240116,2.901052652295217,3.019649028778076,113600,0.0,0.0
2022-01-18 00:00:00-05:00,3.0014034822611544,3.074385869001591,2.964912288890936,3.0287718772888184,182200,0.0,0.0
2022-01-19 00:00:00-05:00,3.028771838258317,3.028771838258317,2.864561470208444,2.891929864883423,79400,0.0,0.0
2022-01-20 00:00:00-05:00,2.9010525760943424,3.028771747413439,2.864561384288886,2.9192981719970703,152700,0.0,0.0
2022-01-21 00:00:00-05:00,2.9284210577833947,2.955789452458373,2.855438671983451,2.891929864883423,103000,0.0,0.0
2022-01-24 00:00:00-05:00,2.864561420240959,2.9466666028337074,2.7642104240118255,2.8828070163726807,189600,0.0,0.0
2022-01-25 00:00:00-05:00,2.8645615317406987,3.001403508055029,2.809824523710296,2.946666717529297,87300,0.0,0.0
2022-01-26 00:00:00-05:00,2.964912190074808,3.047017372421355,2.919298199882282,3.010526180267334,213200,0.0,0.0
2022-01-27 00:00:00-05:00,3.019649092374778,3.019649092374778,2.8828071166279168,2.901052713394165,115800,0.0,0.0
2022-01-28 00:00:00-05:00,2.910175323486328,2.9284209190720696,2.8280699258458344,2.910175323486328,145600,0.0,0.0
2022-01-31 00:00:00-05:00,2.9466666672839517,3.001403456876335,2.9101754742223633,2.9375438690185547,66200,0.0,0.0
2022-02-01 00:00:00-05:00,2.9557894905483817,3.074385869001591,2.9192982971781634,3.0287718772888184,144400,0.0,0.0
2022-02-02 00:00:00-05:00,2.955789356600372,3.083508745112924,2.955789356600372,3.0470173358917236,84900,0.0,0.0
2022-02-03 00:00:00-05:00,3.0561401190671575,3.065262916952252,2.928420948675837,3.001403331756592,43600,0.0,0.0
2022-02-04 00:00:00-05:00,2.955789478239989,3.001403469762818,2.9101754867171605,2.9831578731536865,29500,0.0,0.0
2022-02-07 00:00:00-05:00,2.983157784537935,3.138245568613284,2.983157784537935,3.0926315784454346,95100,0.0,0.0
2022-02-08 00:00:00-05:00,3.1017544771372956,3.1473684687854124,3.05614026798451,3.110877275466919,29900,0.0,0.0
2022-02-09 00:00:00-05:00,3.1473683299240784,3.1747367237054593,2.964912153876877,3.129122734069824,165800,0.0,0.0
2022-02-10 00:00:00-05:00,3.0926315423613158,3.1838595216325865,3.0926315423613158,3.129122734069824,86900,0.0,0.0
2022-02-11 00:00:00-05:00,3.1200000397991703,3.1747368291804654,3.0378946382225607,3.065263032913208,50800,0.0,0.0
2022-02-14 00:00:00-05:00,3.056140133820859,3.1656139264751406,2.9831577503877775,3.0470173358917236,51500,0.0,0.0
2022-02-15 00:00:00-05:00,3.1017544771372956,3.202105258763152,3.0378946713252635,3.110877275466919,64400,0.0,0.0
2022-02-16 00:00:00-05:00,3.1108771027553836,3.192982283163629,3.0652628961350348,3.165613889694214,19600,0.0,0.0
2022-02-17 00:00:00-05:00,3.1656139627139934,3.1656139627139934,3.047017370772924,3.0926315784454346,23300,0.0,0.0
2022-02-18 00:00:00-05:00,3.037894687906286,3.110877292446285,3.0196490911474534,3.07438588142395,24300,0.0,0.0
2022-02-22 00:00:00-05:00,3.0743857145458047,3.1656139108927555,3.0470173208931173,3.0835087299346924,97800,0.0,0.0
2022-02-23 00:00:00-05:00,3.0652629668400633,3.1108771745125745,3.037894572739354,3.0926315784454346,72900,0.0,0.0
2022-02-24 00:00:00-05:00,3.0287718772888184,3.101754481533924,3.010526280603709,3.0287718772888184,78000,0.0,0.0
2022-02-25 00:00:00-05:00,3.0105262276311917,3.1291228215022726,2.983157833085096,3.1017544269561768,94100,0.0,0.0
2022-02-28 00:00:00-05:00,3.0196489275267804,3.074385714837346,2.964912140216214,3.001403331756592,49500,0.0,0.0
2022-03-01 00:00:00-05:00,3.0105262680673834,3.037894662981081,2.964912276544555,2.9831578731536865,72100,0.0,0.0
2022-03-02 00:00:00-05:00,2.9831578360141195,3.120000026383623,2.8463156456446157,3.019649028778076,97600,0.0,0.0
2022-03-03 00:00:00-05:00,3.010526280603709,3.074385869001591,2.9922806839186,3.0287718772888184,20800,0.0,0.0
2022-03-04 00:00:00-05:00,3.037894523296969,3.083508730227099,2.8645613634801768,3.001403331756592,70600,0.0,0.0
2022-03-07 00:00:00-05:00,2.992280503053343,2.992280503053343,2.8280699253082275,2.8280699253082275,116000,0.0,0.0
2022-03-08 00:00:00-05:00,2.8280699253082275,2.94666651409766,2.818947127517091,2.8280699253082275,60600,0.0,0.0
2022-03-09 00:00:00-05:00,2.8736842183068196,2.937543804767847,2.864561420240959,2.8828070163726807,93600,0.0,0.0
2022-03-10 00:00:00-05:00,2.8828069301077153,2.9192981212791986,2.8280699258458344,2.910175323486328,91900,0.0,0.0
2022-03-11 00:00:00-05:00,2.88280698109474,2.92842097086585,2.8098243799563036,2.8371927738189697,19600,0.0,0.0
2022-03-14 00:00:00-04:00,2.8554385573587253,2.901052546652626,2.682105180537245,2.745964765548706,61200,0.0,0.0
2022-03-15 00:00:00-04:00,2.7733333110809326,2.9284211006823893,2.7733333110809326,2.7733333110809326,67100,0.0,0.0
2022-03-16 00:00:00-04:00,2.773333306657607,2.8919299026353698,2.773333306657607,2.855438709259033,48000,0.0,0.0
2022-03-17 00:00:00-04:00,2.901052525693457,2.910175323486328,2.855438536729103,2.910175323486328,53700,0.0,0.0
2022-03-18 00:00:00-04:00,2.864561370446743,2.9101753599831475,2.791578769683838,2.791578769683838,125600,0.0,0.0
2022-03-21 00:00:00-04:00,2.773333349395216,2.818947341818557,2.7277193569718747,2.736842155456543,58900,0.0,0.0
2022-03-22 00:00:00-04:00,2.8098245045154706,2.8189473028741054,2.7550877143636634,2.7733333110809326,51400,0.0,0.0
2022-03-23 00:00:00-04:00,2.7824560454775202,2.7915788436264433,2.7094736602861356,2.7185964584350586,58500,0.0,0.0
2022-03-24 00:00:00-04:00,2.7185964584350586,2.7824560454775202,2.7094736602861356,2.7185964584350586,60800,0.0,0.0
2022-03-25 00:00:00-04:00,2.727719205883026,2.782455993759155,2.6912280139656066,2.7094736099243164,25600,0.0,0.0
2022-03-28 00:00:00-04:00,2.7185965086284436,2.764210500215229,2.682105315359015,2.727719306945801,19800,0.0,0.0
2022-03-29 00:00:00-04:00,2.7094736602861356,2.764210449179674,2.682105265839366,2.7185964584350586,41500,0.0,0.0
2022-03-30 00:00:00-04:00,2.7094736976346963,2.7277192941840473,2.654736907986642,2.682105302810669,20800,0.0,0.0
2022-03-31 00:00:00-04:00,2.6547369455901766,2.691228139205766,2.6273685503784847,2.6456141471862793,36000,0.0,0.0
2022-04-01 00:00:00-04:00,2.7003507975115584,2.7185963933727453,2.6547368078585913,2.6638596057891846,35800,0.0,0.0
2022-04-04 00:00:00-04:00,2.7003508119449617,2.745964801841736,2.6456140240688324,2.7094736099243164,35700,0.0,0.0
2022-04-05 00:00:00-04:00,2.709473748211346,2.7368421435462476,2.6729825544314765,2.691228151321411,26300,0.0,0.0
2022-04-06 00:00:00-04:00,2.6729825544314765,2.7368421435462476,2.6456141590965747,2.691228151321411,25100,0.0,0.0
2022-04-07 00:00:00-04:00,2.6729825660638653,2.736842155456543,2.6729825660638653,2.736842155456543,7700,0.0,0.0
2022-04-08 00:00:00-04:00,2.6912279995809647,2.791578776817492,2.627368414066811,2.6638596057891846,40300,0.0,0.0
2022-04-11 00:00:00-04:00,2.645614059990262,2.6821052524031486,2.627368463783818,2.6729824542999268,39700,0.0,0.0
2022-04-12 00:00:00-04:00,2.5817543577524864,2.6912281568204555,2.5817543577524864,2.6091227531433105,55300,0.0,0.0
2022-04-13 00:00:00-04:00,2.581754340854327,2.663859743994074,2.581754340854327,2.6456141471862793,40000,0.0,0.0
2022-04-14 00:00:00-04:00,2.645614046276662,2.6912280365563297,2.6182454346041992,2.627368450164795,81600,0.0,0.0
2022-04-18 00:00:00-04:00,2.654736911865262,2.7003509033052837,2.5999999046325684,2.5999999046325684,134400,0.0,0.0
2022-04-19 00:00:00-04:00,2.636491298675537,2.682105289828124,2.508771905943626,2.636491298675537,82100,0.0,0.0
2022-04-20 00:00:00-04:00,2.636491348782382,2.736842131225253,2.6091227360660194,2.6456141471862793,53000,0.0,0.0
2022-04-21 00:00:00-04:00,2.6729823675837032,2.70035076100549,2.599999767620949,2.6182453632354736,53700,0.0,0.0
2022-04-22 00:00:00-04:00,2.6364913021860854,2.6364913021860854,2.5361403040121075,2.5543859004974365,32900,0.0,0.0
2022-04-25 00:00:00-04:00,2.54526308914501,2.54526308914501,2.4996490981666284,2.5087718963623047,19200,0.0,0.0
2022-04-26 00:00:00-04:00,2.545263172849643,2.545263172849643,2.353684186935425,2.353684186935425,69100,0.0,0.0
2022-04-27 00:00:00-04:00,2.3536840861238413,2.390175278543643,2.32631569180899,2.3354384899139404,25100,0.0,0.0
2022-04-28 00:00:00-04:00,2.3263156557211815,2.3810524435017597,2.280701665904033,2.37192964553833,27200,0.0,0.0
2022-04-29 00:00:00-04:00,2.390175226754164,2.3992982421661035,2.3080700455886367,2.3263156414031982,26700,0.0,0.0
2022-05-02 00:00:00-04:00,2.298947217649688,2.3354384088021187,2.225964835344827,2.2350876331329346,63700,0.0,0.0
2022-05-03 00:00:00-04:00,2.1985964267225997,2.262456010796178,2.1529822205939606,2.1894736289978027,419600,0.0,0.0
2022-05-04 00:00:00-04:00,2.1985966273687136,2.2259650230407715,2.162105215634629,2.2259650230407715,125600,0.0,0.0
2022-05-05 00:00:00-04:00,2.1894736099485,2.280701586402749,2.1894736099485,2.271578788757324,52600,0.0,0.0
2022-05-06 00:00:00-04:00,2.2259648005301997,2.308069979339024,2.198596407593925,2.271578788757324,63000,0.0,0.0
2022-05-09 00:00:00-04:00,2.280701606245772,2.289824403970569,2.1803508312730058,2.1894736289978027,38800,0.0,0.0
2022-05-10 00:00:00-04:00,2.1529824234470136,2.180351036704718,2.116491229109642,2.143859624862671,17600,0.0,0.0
2022-05-11 00:00:00-04:00,2.1985966221236923,2.2168422191948705,2.0891228221919502,2.098245620727539,141700,0.0,0.0
2022-05-12 00:00:00-04:00,2.0799999237060547,2.13473671228932,2.0343859332200003,2.0799999237060547,15500,0.0,0.0
2022-05-13 00:00:00-04:00,2.08000003477227,2.2077194324577465,2.0526316390192414,2.143859624862671,29700,0.0,0.0
2022-05-16 00:00:00-04:00,2.1712281703948975,2.2350877584933744,2.162105154590447,2.1712281703948975,50200,0.0,0.0
2022-05-17 00:00:00-04:00,2.19859658985335,2.289824573870223,2.1894737914516624,2.262456178665161,60900,0.0,0.0
2022-05-18 00:00:00-04:00,2.225964922308317,2.235087720452832,2.180350931585742,2.207719326019287,20100,0.0,0.0
2022-05-19 00:00:00-04:00,2.1803508312730058,2.1985964267225997,2.116491029694773,2.1894736289978027,20100,0.0,0.0
2022-05-20 00:00:00-04:00,2.18035096869468,2.2168421618938097,2.09824556649197,2.1712281703948975,44600,0.0,0.0
2022-05-23 00:00:00-04:00,2.152982270326252,2.2077192754440715,2.1164910785841444,2.198596477508545,30700,0.0,0.0
2022-05-24 00:00:00-04:00,2.1803508300828955,2.189473627802713,2.061754242220615,2.107368230819702,93900,0.0,0.0
2022-05-25 00:00:00-04:00,2.143859613405484,2.143859613405484,2.070877225120772,2.098245620727539,26000,0.0,0.0
2022-05-26 00:00:00-04:00,2.143859388658516,2.2077191892177055,2.0161402225494385,2.0161402225494385,134300,0.0,0.0
2022-05-27 00:00:00-04:00,1.9796490478249056,2.1164910125910135,1.9796490478249056,2.0617542266845703,75500,0.0,0.0
2022-05-31 00:00:00-04:00,2.0891226353800674,2.1621050171386065,2.0435086467809804,2.107368230819702,86400,0.0,0.0
2022-06-01 00:00:00-04:00,2.1347366239791543,2.1438594216989717,2.034385849061163,2.107368230819702,99800,0.0,0.0
2022-06-02 00:00:00-04:00,2.0982455307804417,2.225964922308317,2.0891227326359267,2.207719326019287,31400,0.0,0.0
2022-06-03 00:00:00-04:00,2.25333322870915,2.25333322870915,2.1894736441923963,2.2350876331329346,20700,0.0,0.0
2022-06-06 00:00:00-04:00,2.2533334187128293,2.2624562172701816,2.2077194259260664,2.2259650230407715,32800,0.0,0.0
2022-06-07 00:00:00-04:00,2.2350876331329346,2.2624560264972575,2.1803508464042887,2.2350876331329346,22700,0.0,0.0
2022-06-08 00:00:00-04:00,2.262456063057232,2.280701658928286,2.1712280837019646,2.198596477508545,18800,0.0,0.0
2022-06-09 00:00:00-04:00,2.1803509595063986,2.198596556029074,2.034385969820327,2.043508768081665,60800,0.0,0.0
2022-06-10 00:00:00-04:00,2.016140428223308,2.2259650114549894,2.016140428223308,2.1803510189056396,111000,0.0,0.0
2022-06-13 00:00:00-04:00,2.1894736883242345,2.1894736883242345,1.9614035215198207,1.988771915435791,49400,0.0,0.0
2022-06-14 00:00:00-04:00,1.9614035743619347,1.9887719690152361,1.9066665675506653,1.9157893657684326,21600,0.0,0.0
2022-06-15 00:00:00-04:00,1.9157893275982047,2.098245505822953,1.9157893275982047,2.034385919570923,111400,0.0,0.0
2022-06-16 00:00:00-04:00,2.0070175040655216,2.162105069024162,1.9157893071734262,2.1164910793304443,137000,0.0,0.0
2022-06-17 00:00:00-04:00,2.116491140582419,2.180350945506408,1.9978947639465332,1.9978947639465332,116700,0.0,0.0
2022-06-21 00:00:00-04:00,2.070877162865678,2.079999961127016,1.9887719785136384,2.043508768081665,64100,0.0,0.0
2022-06-22 00:00:00-04:00,2.0435087549603352,2.0799999477713773,1.9614035711354914,1.9978947639465332,48100,0.0,0.0
2022-06-23 00:00:00-04:00,1.9614035554750555,2.043508738644347,1.9340349435806277,1.9340349435806274,59100,0.0,0.0
2022-06-24 00:00:00-04:00,1.9431579266708754,1.9796491185793998,1.9066665172576904,1.9066665172576904,143000,0.0,0.0
2022-06-27 00:00:00-04:00,1.8975437943760798,1.9066665927142468,1.8245614076707442,1.8336842060089111,220300,0.0,0.0
2022-06-28 00:00:00-04:00,1.8336841555854733,1.8792981460219949,1.8063157613235603,1.824561357498169,588000,0.0,0.0
2022-06-29 00:00:00-04:00,1.824561357498169,1.8701753479346905,1.8154385594108646,1.824561357498169,87200,0.0,0.0
2022-06-30 00:00:00-04:00,1.8336841510568522,1.8884209394454956,1.8154385549273044,1.8884209394454956,128800,0.0,0.0
2022-07-01 00:00:00-04:00,1.8610525608922779,1.9796491542357388,1.842806964609386,1.9522807598114014,35000,0.0,0.0
2022-07-05 00:00:00-04:00,1.915789432511085,2.1256140163343065,1.915789432511085,2.098245620727539,163900,0.0,0.0
2022-07-06 00:00:00-04:00,2.0982454910996724,2.0982454910996724,1.9614035215198207,1.988771915435791,25400,0.0,0.0
2022-07-07 00:00:00-04:00,2.043508774153446,2.107368362172553,1.9614035895574506,1.9796491861343384,85700,0.0,0.0
2022-07-08 00:00:00-04:00,1.970526298568937,2.0708770751953125,1.970526298568937,2.0708770751953125,14900,0.0,0.0
2022-07-11 00:00:00-04:00,2.0526316046144397,2.0708772014773054,1.9978948140258426,2.0070176124572754,35400,0.0,0.0
2022-07-12 00:00:00-04:00,1.9978946592724132,2.253333213071381,1.9796490638228195,2.1894736289978027,66500,0.0,0.0
2022-07-13 00:00:00-04:00,2.198596492968948,2.2168420889683036,2.1438594874662207,2.162105083465576,53500,0.0,0.0
2022-07-14 00:00:00-04:00,2.17122822039577,2.1803510189056396,2.098245614812137,2.1803510189056396,27900,0.0,0.0
2022-07-15 00:00:00-04:00,2.171228033548209,2.244210415346584,2.171228033548209,2.1894736289978027,86300,0.0,0.0
2022-07-18 00:00:00-04:00,2.1985964371987903,2.381052392564121,2.1985964371987903,2.362806797027588,122900,0.0,0.0
2022-07-19 00:00:00-04:00,2.3992983848011535,2.444912377049248,2.308070182800293,2.308070182800293,96400,0.0,0.0
2022-07-20 00:00:00-04:00,2.2807017143210007,2.3901752922061696,2.2807017143210007,2.3810524940490723,46200,0.0,0.0
2022-07-21 00:00:00-04:00,2.3628069475119546,2.3901753425598145,2.3354385524640944,2.3901753425598145,37500,0.0,0.0
2022-07-22 00:00:00-04:00,2.37192978392681,2.3901753809181954,2.3354385899440397,2.353684186935425,23200,0.0,0.0
2022-07-25 00:00:00-04:00,2.3354386057290024,2.3628070014010603,2.216842224483419,2.2259650230407715,47800,0.0,0.0
2022-07-26 00:00:00-04:00,2.2624562172701816,2.280701814384887,2.216842224483419,2.2259650230407715,87000,0.0,0.0
2022-07-27 00:00:00-04:00,2.2077193287479666,2.2442105213711288,2.1073683315296057,2.1256139278411865,52200,0.0,0.0
2022-07-28 00:00:00-04:00,2.098245497467832,2.1894736949692706,2.098245497467832,2.162105083465576,52100,0.0,0.0
2022-07-29 00:00:00-04:00,2.162105083465576,2.162105083465576,2.125613891466865,2.162105083465576,56600,0.0,0.0
2022-08-01 00:00:00-04:00,2.152982319647532,2.216842124163802,2.152982319647532,2.207719326019287,22400,0.0,0.0
2022-08-02 00:00:00-04:00,2.2077193517799127,2.3080701325405144,2.2077193517799127,2.298947334289551,50700,0.0,0.0
2022-08-03 00:00:00-04:00,2.326315677981712,2.326315677981712,2.2442104955251794,2.2898244857788086,29600,0.0,0.0
2022-08-04 00:00:00-04:00,2.317192981249912,2.3263157796995304,2.289824585901055,2.308070182800293,50000,0.0,0.0
2022-08-05 00:00:00-04:00,2.298947384350674,2.362806973498006,2.2624561905521987,2.308070182800293,37900,0.0,0.0
2022-08-08 00:00:00-04:00,2.3810525316290096,2.4449123372412496,2.3445613384246826,2.3445613384246826,22400,0.0,0.0
2022-08-09 00:00:00-04:00,2.3719296535638352,2.444912255022872,2.23508768364938,2.2442104816436768,34900,0.0,0.0
2022-08-10 00:00:00-04:00,2.244210474050314,2.4266666508235684,2.244210474050314,2.37192964553833,56400,0.0,0.0
2022-08-11 00:00:00-04:00,2.481403437595596,2.5087718314747613,2.4175438518775434,2.4540350437164307,97300,0.0,0.0
2022-08-12 00:00:00-04:00,2.4357895851135254,2.481403577483603,2.42666678663951,2.4357895851135254,19100,0.0,0.0
2022-08-15 00:00:00-04:00,2.4357894123784116,2.4996489971678884,2.4266666145513436,2.4905261993408203,36600,0.0,0.0
2022-08-16 00:00:00-04:00,2.4722806903741206,2.4996490848149633,2.463157892227173,2.463157892227173,30800,0.0,0.0
2022-08-17 00:00:00-04:00,2.371929778290745,2.4540351820615562,2.371929778290745,2.4357895851135254,45100,0.0,0.0
2022-08-18 00:00:00-04:00,2.4084210033735762,2.4084210033735762,2.326315605954522,2.362806797027588,43900,0.0,0.0
2022-08-19 00:00:00-04:00,2.3171929396672235,2.435789534888691,2.2898245448095005,2.426666736602783,61000,0.0,0.0
2022-08-22 00:00:00-04:00,2.4266667406390865,2.4540351355423313,2.2898245486181925,2.3445613384246826,27200,0.0,0.0
2022-08-23 00:00:00-04:00,2.317192792892456,2.3810523768488396,2.2898243997682917,2.317192792892456,7500,0.0,0.0
2022-08-24 00:00:00-04:00,2.3445611860166204,2.4175437851857127,2.2898243997682917,2.317192792892456,10100,0.0,0.0
2022-08-25 00:00:00-04:00,2.32631569180899,2.3536840861238413,2.2989472974941387,2.3354384899139404,14200,0.0,0.0
2022-08-26 00:00:00-04:00,2.30807008188026,2.381052466286067,2.2533332935759054,2.2898244857788086,35300,0.0,0.0
2022-08-29 00:00:00-04:00,2.2442103958210495,2.289824384048174,2.2442103958210495,2.271578788757324,10100,0.0,0.0
2022-08-30 00:00:00-04:00,2.2624560415702946,2.289824435116952,2.2624560415702946,2.2807016372680664,8900,0.0,0.0
2022-08-31 00:00:00-04:00,2.2807017111754075,2.2807017111754075,2.1712281334412267,2.207719326019287,65300,0.0,0.0
2022-09-01 00:00:00-04:00,2.1621050183187576,2.2259648198969906,2.1438594228691636,2.1894736289978027,20800,0.0,0.0
2022-09-02 00:00:00-04:00,2.225964960193592,2.2442105567931567,2.1712281703948975,2.1712281703948975,12900,0.0,0.0
2022-09-06 00:00:00-04:00,2.162105198408426,2.180351012882435,1.9796492287150613,2.0526316165924072,78900,0.0,0.0
2022-09-07 00:00:00-04:00,2.0708771117149403,2.0708771117149403,1.9887719293909014,2.034385919570923,114000,0.0,0.0
2022-09-08 00:00:00-04:00,2.125614004469753,2.125614004469753,1.9978948256843978,2.0526316165924072,58600,0.0,0.0
2022-09-09 00:00:00-04:00,2.03438586374141,2.19859644138773,2.03438586374141,2.152982234954834,50000,0.0,0.0
2022-09-12 00:00:00-04:00,2.1529823223085582,2.1894737324363853,2.1256139278411865,2.1256139278411865,20700,0.0,0.0
2022-09-13 00:00:00-04:00,2.052631515642932,2.1073683038589577,2.00701752546291,2.034385919570923,41200,0.0,0.0
2022-09-14 00:00:00-04:00,2.025263209320141,2.0617544030458728,1.9796492171629767,2.0070176124572754,50700,0.0,0.0
2022-09-15 00:00:00-04:00,2.007017440778127,2.098245417288866,1.9978946431270532,2.0617542266845703,48800,0.0,0.0
2022-09-16 00:00:00-04:00,2.025263218773485,2.4540351820615562,1.952280830981361,2.4357895851135254,180100,0.0,0.0
2022-09-19 00:00:00-04:00,2.2715789395366595,2.3171929307914785,2.198596553528949,2.298947334289551,67100,0.0,0.0
2022-09-20 00:00:00-04:00,2.2533333050577253,2.2807016993493576,2.025263135122789,2.0799999237060547,93900,0.0,0.0
2022-09-21 00:00:00-04:00,2.0343858337313487,2.079999821986718,2.0343858337313487,2.0617542266845703,24700,0.0,0.0
2022-09-22 00:00:00-04:00,2.043508818107739,2.0982456090157484,2.0343860196230708,2.0526316165924072,29400,0.0,0.0
2022-09-23 00:00:00-04:00,2.0343858716829355,2.0435086695041957,1.8975436868593758,1.961403489112854,62400,0.0,0.0
2022-09-26 00:00:00-04:00,1.9249120979860592,2.0708770819702473,1.8975437042711476,1.9431579113006592,71200,0.0,0.0
2022-09-27 00:00:00-04:00,1.9431579779264003,1.9614035743619347,1.8975437693328983,1.9157893657684326,25200,0.0,0.0
2022-09-28 00:00:00-04:00,1.979649032232559,2.034385817707878,1.9522806394948997,2.0161402225494385,73000,0.0,0.0
2022-09-29 00:00:00-04:00,2.0252631585548144,2.0252631585548144,1.9522807729327307,1.9978947639465332,52400,0.0,0.0
2022-09-30 00:00:00-04:00,2.052631515642932,2.098245505822953,2.0161403234989144,2.034385919570923,27800,0.0,0.0
2022-10-03 00:00:00-04:00,2.0343859114700877,2.244210482967337,2.0252631134704098,2.162105083465576,47400,0.0,0.0
2022-10-04 00:00:00-04:00,2.143859473146675,2.2715788617937447,2.098245483452957,2.1164910793304443,83600,0.0,0.0
2022-10-05 00:00:00-04:00,2.098245483452957,2.171228084467565,2.0891226855142135,2.1164910793304443,21700,0.0,0.0
2022-10-06 00:00:00-04:00,2.1347366078931613,2.1712280160021096,2.025263036080275,2.0617542266845703,45100,0.0,0.0
2022-10-07 00:00:00-04:00,2.0070176124572754,2.0435088061830067,1.9431580234372452,2.0070176124572754,29700,0.0,0.0
2022-10-10 00:00:00-04:00,2.025263177576558,2.025263177576558,1.9705263878458945,1.9796491861343384,9000,0.0,0.0
2022-10-11 00:00:00-04:00,1.9249121639861997,1.9978947672330032,1.8701753746795968,1.9157893657684326,38700,0.0,0.0
2022-10-12 00:00:00-04:00,1.9614035554750555,1.9614035554750555,1.8975437510609423,1.9340349435806274,9900,0.0,0.0
2022-10-13 00:00:00-04:00,1.8792981571751697,1.9522807598114011,1.8701753590337238,1.9522807598114014,19600,0.0,0.0
2022-10-14 00:00:00-04:00,1.915789347320785,1.9340349435806277,1.8701753566711785,1.9340349435806274,46800,0.0,0.0
2022-10-17 00:00:00-04:00,1.8975437879562378,1.9249121828781448,1.8884209896489355,1.8975437879562378,16500,0.0,0.0
2022-10-18 00:00:00-04:00,1.9157893141552096,2.0435087032677317,1.9157893141552096,1.988771915435791,97900,0.0,0.0
2022-10-19 00:00:00-04:00,1.9887720155944095,2.0526316046144397,1.961403620300111,2.0070176124572754,24600,0.0,0.0
2022-10-20 00:00:00-04:00,1.997894677634258,2.0617542622947442,1.997894677634258,2.0252630710601807,44600,0.0,0.0
2022-10-21 00:00:00-04:00,1.9978946431270532,2.089122619637792,1.9978946431270532,2.0617542266845703,13100,0.0,0.0
2022-10-24 00:00:00-04:00,2.1073682513379484,2.134736644763871,1.9614034863996948,2.0252630710601807,57000,0.0,0.0
2022-10-25 00:00:00-04:00,2.0161403093517616,2.0435087032677317,1.9614035215198207,1.988771915435791,65600,0.0,0.0
2022-10-26 00:00:00-04:00,1.9796491707974688,2.0161403636685375,1.8884209711151312,1.9157893657684326,36800,0.0,0.0
2022-10-27 00:00:00-04:00,1.9431579266708754,1.9614035226251376,1.8428069314177724,1.9066665172576904,108700,0.0,0.0
2022-10-28 00:00:00-04:00,1.9249121788990071,1.9887719844227822,1.8701753891683437,1.9796491861343384,49500,0.0,0.0
2022-10-31 00:00:00-04:00,1.9431579616699555,1.9887719523771847,1.9157893497409533,1.9522807598114014,78300,0.0,0.0
2022-11-01 00:00:00-04:00,1.9614035895574506,2.016140379288114,1.9066665823221192,1.9796491861343384,94700,0.0,0.0
2022-11-02 00:00:00-04:00,2.0070176124572754,2.034386007751574,1.952280821868678,2.0070176124572754,19500,0.0,0.0
2022-11-03 00:00:00-04:00,1.970526305015571,1.9796491029205414,1.9066665021761182,1.9431579113006592,33400,0.0,0.0
2022-11-04 00:00:00-04:00,1.934034959022544,2.016140360352054,1.8975437662115022,1.9978947639465332,44900,0.0,0.0
2022-11-07 00:00:00-05:00,1.9705263819909629,2.0617543646043406,1.9431579872069495,2.043508768081665,40200,0.0,0.0
2022-11-08 00:00:00-05:00,2.034385919570923,2.061754313678936,2.025263121534919,2.034385919570923,90900,0.0,0.0
2022-11-09 00:00:00-05:00,1.9978947134077811,2.061754299211712,1.9614035215198207,1.988771915435791,14400,0.0,0.0
2022-11-10 00:00:00-05:00,1.9796491885947987,2.1712281703948975,1.9796491885947987,2.1712281703948975,39700,0.0,0.0
2022-11-11 00:00:00-05:00,2.1712281334412267,2.2624561148863775,2.1712281334412267,2.207719326019287,47600,0.0,0.0
2022-11-14 00:00:00-05:00,2.2077193287479666,2.2077193287479666,2.070877138906443,2.1256139278411865,48300,0.0,0.0
2022-11-15 00:00:00-05:00,2.1803509056516543,2.2168420977956713,2.00701752546291,2.034385919570923,60200,0.0,0.0
2022-11-16 00:00:00-05:00,1.9887719690152361,2.0708771529751404,1.9066665675506653,1.9157893657684326,41600,0.0,0.0
2022-11-17 00:00:00-05:00,1.9157892822143165,1.961403488818427,1.8792980909347534,1.8792980909347534,21400,0.0,0.0
2022-11-18 00:00:00-05:00,1.8792981651263236,1.9614035662513822,1.8063157796859741,1.8063157796859741,36400,0.0,0.0
2022-11-21 00:00:00-05:00,1.8245613068213473,1.8519297003231088,1.8063157111535064,1.8154385089874268,23800,0.0,0.0
2022-11-22 00:00:00-05:00,1.8245613068213473,1.8610524981570291,1.8063157111535064,1.8154385089874268,42700,0.0,0.0
2022-11-23 00:00:00-05:00,1.8336841228734644,1.8792981124962553,1.733333236950995,1.797192931175232,67200,0.0,0.0
2022-11-25 00:00:00-05:00,1.8063157984231308,1.8519297897965092,1.7880702018737793,1.7880702018737793,4900,0.0,0.0
2022-11-28 00:00:00-05:00,1.8154385534376118,1.833684149552188,1.7607016563415527,1.7607016563415527,15800,0.0,0.0
2022-11-29 00:00:00-05:00,1.9705263443997012,1.9705263443997012,1.8154385594108646,1.824561357498169,62500,0.0,0.0
2022-11-30 00:00:00-05:00,1.8701752959909497,1.8701752959909497,1.778947317651745,1.8154385089874268,49700,0.0,0.0
2022-12-01 00:00:00-05:00,1.778947353363037,1.8428069394824227,1.778947353363037,1.778947353363037,33700,0.0,0.0
2022-12-02 00:00:00-05:00,1.778947385145843,1.8245613760460615,1.778947385145843,1.8063157796859741,51400,0.0,0.0
2022-12-05 00:00:00-05:00,1.778947346844125,1.879298124663998,1.705964854222796,1.715087652206421,60400,0.0,0.0
2022-12-06 00:00:00-05:00,1.724210408895696,1.7424560044259687,1.5873683336663222,1.6238595247268677,57000,0.0,0.0
2022-12-07 00:00:00-05:00,1.605613936853388,1.7059648215007657,1.605613936853388,1.6877192258834839,19900,0.0,0.0
2022-12-08 00:00:00-05:00,1.6877192582555465,1.760701642124545,1.6694736622882969,1.715087652206421,30500,0.0,0.0
2022-12-09 00:00:00-05:00,1.715087670556691,1.715087670556691,1.678596478231761,1.696842074394226,54500,0.0,0.0
2022-12-12 00:00:00-05:00,1.6694736302662023,1.7424560127353292,1.6694736302662023,1.6877192258834839,54900,0.0,0.0
2022-12-13 00:00:00-05:00,1.5600000220283228,1.5691228202709873,1.258947353763389,1.2771929502487183,373100,0.0,0.0
2022-12-14 00:00:00-05:00,1.3319298496687186,1.3501754461706463,1.1494736671447754,1.1494736671447754,91800,0.0,0.0
2022-12-15 00:00:00-05:00,1.140350829866244,1.140350829866244,1.0126315499715042,1.0582455396652222,148900,0.0,0.0
2022-12-16 00:00:00-05:00,1.0308771850785707,1.2224561665872993,1.021754386792663,1.2133333683013916,356900,0.0,0.0
2022-12-19 00:00:00-05:00,1.268070119949871,1.2863157159739607,1.167719233065047,1.2498245239257812,129200,0.0,0.0
2022-12-20 00:00:00-05:00,1.2224561479666387,1.2498245424074816,1.2224561479666387,1.2315789461135864,73400,0.0,0.0
2022-12-21 00:00:00-05:00,1.2042105020606466,1.2498244909161407,1.1677192022239238,1.2224560976028442,143600,0.0,0.0
2022-12-22 00:00:00-05:00,1.213333344234054,1.2315789404439548,1.1494736487470694,1.1677192449569702,48700,0.0,0.0
2022-12-23 00:00:00-05:00,1.140350881184187,1.1950876712799072,1.1129824861363269,1.1950876712799072,45500,0.0,0.0
2022-12-27 00:00:00-05:00,1.1585965043071487,1.1677193028645012,1.1038597129630332,1.1129825115203857,94500,0.0,0.0
2022-12-28 00:00:00-05:00,1.0856140620124164,1.1768420430619206,1.0856140620124164,1.1677192449569702,100600,0.0,0.0
2022-12-29 00:00:00-05:00,1.1494736831484633,1.2680701708145006,1.1494736831484633,1.2589473724365234,336700,0.0,0.0
2022-12-30 00:00:00-05:00,1.2224561903991824,1.3136842837875995,1.2224561903991824,1.3045613765716553,231400,0.0,0.0
2023-01-03 00:00:00-05:00,1.322807069834698,1.3592982633466064,1.2589473724365234,1.2589473724365234,22900,0.0,0.0
2023-01-04 00:00:00-05:00,1.2133333498196912,1.2771929368483246,1.1950876447734635,1.2315789461135864,31900,0.0,0.0
2023-01-05 00:00:00-05:00,1.1950876932856453,1.2954385857279445,1.1950876932856453,1.2407017946243286,45600,0.0,0.0
2023-01-06 00:00:00-05:00,1.2224561607927305,1.2771929502487183,1.204210564307401,1.2771929502487183,17100,0.0,0.0
2023-01-09 00:00:00-05:00,1.2771929241063325,1.322807023138331,1.2771929241063325,1.3136842250823975,16700,0.0,0.0
2023-01-10 00:00:00-05:00,1.322807036621837,1.3592982292175293,1.3045613315716584,1.3592982292175293,14500,0.0,0.0
2023-01-11 00:00:00-05:00,1.3228070670300247,1.3866666555404663,1.3228070670300247,1.3866666555404663,27200,0.0,0.0
2023-01-12 00:00:00-05:00,1.3866666236642986,1.414035018111068,1.3501754310686063,1.3592982292175293,47900,0.0,0.0
2023-01-13 00:00:00-05:00,1.3410526637472937,1.3866666555404663,1.3410526637472937,1.3866666555404663,12700,0.0,0.0
2023-01-17 00:00:00-05:00,1.3592981932127957,1.4140349806564805,1.3228070015836724,1.395789384841919,120300,0.0,0.0
2023-01-18 00:00:00-05:00,1.423157816259991,1.4322807231612464,1.341052632919683,1.3592982292175293,24800,0.0,0.0
2023-01-19 00:00:00-05:00,1.3592982168412604,1.4687719023839234,1.3592982168412604,1.4414035081863403,58900,0.0,0.0
2023-01-20 00:00:00-05:00,1.4961402515266715,1.4961402515266715,1.3684209736984307,1.4140349626541138,57400,0.0,0.0
2023-01-23 00:00:00-05:00,1.3410525803250208,1.5143858471089449,1.3410525803250208,1.4140349626541138,46700,0.0,0.0
2023-01-24 00:00:00-05:00,1.4505263528032428,1.4505263528032428,1.3684210588231973,1.3866666555404663,24700,0.0,0.0
2023-01-25 00:00:00-05:00,1.3592982292175293,1.4049122199621447,1.33192983477076,1.3592982292175293,28000,0.0,0.0
2023-01-26 00:00:00-05:00,1.3957894731822762,1.4140350701516127,1.3410526822742668,1.3684210777282715,26800,0.0,0.0
2023-01-27 00:00:00-05:00,1.3045612750576117,1.3319297770711003,1.2224560952741286,1.286315679550171,72800,0.0,0.0
2023-01-30 00:00:00-05:00,1.304561364326409,1.322807069834698,1.2224561789246151,1.2589473724365234,83500,0.0,0.0
2023-01-31 00:00:00-05:00,1.277192884229437,1.3045612775427335,1.2224560976028442,1.2224560976028442,46900,0.0,0.0
2023-02-01 00:00:00-05:00,1.2589473916588672,1.2589473916588672,1.2407017946243286,1.2407017946243286,58600,0.0,0.0
2023-02-02 00:00:00-05:00,1.2771929179619157,1.3136842187624258,1.2133333318776018,1.2498245239257812,117400,0.0,0.0
2023-02-03 00:00:00-05:00,1.2498245857900068,1.3319298807148157,1.2315789888627904,1.3045613765716553,323900,0.0,0.0
2023-02-06 00:00:00-05:00,1.2954385857279445,1.3410526870666277,1.2407017946243286,1.2407017946243286,33400,0.0,0.0
2023-02-07 00:00:00-05:00,1.2680701520060538,1.2954385467340477,1.2498245555207244,1.2771929502487183,42500,0.0,0.0
2023-02-08 00:00:00-05:00,1.3045613312891675,1.3410526326292904,1.2224561479666387,1.2315789461135864,59400,0.0,0.0
2023-02-09 00:00:00-05:00,1.2407017631591146,1.2498245614450223,1.1950876629772424,1.2133333683013916,24400,0.0,0.0
2023-02-10 00:00:00-05:00,1.2315789931942045,1.2407017916898972,1.1677192949720199,1.1768420934677124,58400,0.0,0.0
2023-02-13 00:00:00-05:00,1.1950875872784472,1.204210493738829,1.1403508010301184,1.158596396446228,51900,0.0,0.0
2023-02-14 00:00:00-05:00,1.2133333767308154,1.231578973429389,1.1585964778827604,1.1950876712799072,87700,0.0,0.0
2023-02-15 00:00:00-05:00,1.1950876392718215,1.2224561423390043,1.1677192449569702,1.1677192449569702,42000,0.0,0.0
2023-02-16 00:00:00-05:00,1.140350850642119,1.1768420430619206,1.1312280525371685,1.1677192449569702,17000,0.0,0.0
2023-02-17 00:00:00-05:00,1.1403508329520164,1.185964822769165,1.1403508329520164,1.185964822769165,33700,0.0,0.0
2023-02-21 00:00:00-05:00,1.1494736861359551,1.2315789805034765,1.1312280893325806,1.1312280893325806,53700,0.0,0.0
2023-02-22 00:00:00-05:00,1.1494736861359551,1.1585964845376424,1.1312280893325806,1.1312280893325806,22200,0.0,0.0
2023-02-23 00:00:00-05:00,1.1403508555877038,1.1677192500212488,1.067368361679251,1.1038596630096436,46200,0.0,0.0
2023-02-24 00:00:00-05:00,1.0673683881759644,1.1038596904122293,0.9670174973428222,1.0673683881759644,146900,0.0,0.0
2023-02-27 00:00:00-05:00,1.06736835614466,1.1038596572858352,0.985263173269762,1.0399999618530273,97400,0.0,0.0
2023-02-28 00:00:00-05:00,1.0308771133422852,1.1038596033032027,1.0308771133422852,1.0308771133422852,100600,0.0,0.0
2023-03-01 00:00:00-05:00,1.0582455770861836,1.0673683753475214,1.0126315857794947,1.0217543840408325,25300,0.0,0.0
2023-03-02 00:00:00-05:00,1.0126315180401375,1.0673683039465807,1.0126315180401375,1.0308771133422852,20500,0.0,0.0
2023-03-03 00:00:00-05:00,1.049122798385802,1.0947368992953022,0.9943860077972048,1.0035088062286377,61400,0.0,0.0
2023-03-06 00:00:00-05:00,1.0491227417264786,1.0673683376039658,1.0035087520327608,1.0582455396652222,48900,0.0,0.0
2023-03-07 00:00:00-05:00,1.0582455292417308,1.185964807878463,1.0582455292417308,1.1403508186340332,115900,0.0,0.0
2023-03-08 00:00:00-05:00,1.1403508555877038,1.1403508555877038,1.067368361679251,1.1038596630096436,60200,0.0,0.0
2023-03-09 00:00:00-05:00,1.1129824360500133,1.1312280319275005,1.0491227417264786,1.0582455396652222,41500,0.0,0.0
2023-03-10 00:00:00-05:00,1.0582455245732947,1.0947368245601865,1.0035087377214496,1.0126315355300903,28800,0.0,0.0
2023-03-13 00:00:00-04:00,1.0035088062286377,1.049122798385802,0.9943860077972048,1.0035088062286377,13700,0.0,0.0
2023-03-14 00:00:00-04:00,0.9943859942669648,1.1038596827069274,0.9487718939781189,0.9487718939781189,80100,0.0,0.0
2023-03-15 00:00:00-04:00,0.9852631721998506,0.9943859702871549,0.9122806787490845,0.9122806787490845,95400,0.0,0.0
2023-03-16 00:00:00-04:00,0.9396490948962619,1.0856140851974487,0.9214034982966971,1.0856140851974487,64700,0.0,0.0
2023-03-17 00:00:00-04:00,1.9887720271997296,2.180351012882435,1.7880702430323556,2.0526316165924072,36143700,0.0,0.0
2023-03-20 00:00:00-04:00,1.9978947767749762,2.244210547335763,1.9978947767749762,2.043508768081665,3973600,0.0,0.0
2023-03-21 00:00:00-04:00,1.9614035076073064,2.034385890865553,1.8519297152152778,1.8610525131225586,2013300,0.0,0.0
2023-03-22 00:00:00-04:00,1.9157893524039347,1.961403560679233,1.8245613708626671,1.8701753616333008,615000,0.0,0.0
2023-03-23 00:00:00-04:00,1.8792981084612066,2.0435086882553355,1.8519297147462948,1.9431579113006592,841200,0.0,0.0
2023-03-24 00:00:00-04:00,1.934034977187451,2.034385975865002,1.9249121788990071,1.9796491861343384,561600,0.0,0.0
2023-03-27 00:00:00-04:00,2.007017575036314,2.043508768081665,1.9887719785136384,2.043508768081665,266500,0.0,0.0
2023-03-28 00:00:00-04:00,2.0343859899896946,2.2807017629925124,1.9978947965825613,2.2168421745300293,475300,0.0,0.0
2023-03-29 00:00:00-04:00,2.235087697474454,2.2989472838295346,2.125613903361081,2.2898244857788086,688900,0.0,0.0
2023-03-30 00:00:00-04:00,2.262456153392722,2.289824548292069,2.125613961391317,2.1712281703948975,210200,0.0,0.0
2023-03-31 00:00:00-04:00,2.152982368562877,2.2350877712335957,2.1073683768039606,2.2168421745300293,209600,0.0,0.0
2023-04-03 00:00:00-04:00,2.216842179195441,2.253333372679371,2.0982455828679987,2.1347367763519287,175400,0.0,0.0
2023-04-04 00:00:00-04:00,2.1347368262783277,2.1712282381203747,2.089122833356613,2.143859624862671,127300,0.0,0.0
2023-04-05 00:00:00-04:00,2.143859570211094,2.2259649728818127,2.143859570211094,2.2168421745300293,159300,0.0,0.0
2023-04-06 00:00:00-04:00,2.2259648501747504,2.31719282866361,2.1894736587792067,2.2807016372680664,484200,0.0,0.0
2023-04-10 00:00:00-04:00,2.2442104816436768,2.3080700676037558,2.2077192896664886,2.2442104816436768,240000,0.0,0.0
2023-04-11 00:00:00-04:00,2.2533333554138655,2.362806935026846,2.2442105571127837,2.3445613384246826,371500,0.0,0.0
2023-04-12 00:00:00-04:00,2.3536839837246752,2.371929579140785,2.2989471974763465,2.317192792892456,160500,0.0,0.0
2023-04-13 00:00:00-04:00,2.31719290694939,2.4631578949676136,2.31719290694939,2.3810524940490723,249400,0.0,0.0
2023-04-14 00:00:00-04:00,2.3810523768488396,2.399298189769603,2.317192792892456,2.317192792892456,192300,0.0,0.0
2023-04-17 00:00:00-04:00,2.3171928434959175,2.3810524288468833,2.3171928434959175,2.3263156414031982,440600,0.0,0.0
2023-04-18 00:00:00-04:00,2.3263158071716497,2.3354386057290024,2.1894738288113613,2.2259650230407715,504600,0.0,0.0
2023-04-19 00:00:00-04:00,2.225964922308317,2.2715789130308925,2.180350931585742,2.207719326019287,133800,0.0,0.0
2023-04-20 00:00:00-04:00,2.189473624979689,2.3536839837246752,2.189473624979689,2.317192792892456,173200,0.0,0.0
2023-04-21 00:00:00-04:00,2.326315791448347,2.417543993909946,2.298947395961269,2.353684186935425,233400,0.0,0.0
2023-04-24 00:00:00-04:00,2.36280678143273,2.4357893806018223,2.271578804352182,2.317192792892456,229300,0.0,0.0
2023-04-25 00:00:00-04:00,2.3080701706735978,2.317192969075285,2.2533333802634736,2.262456178665161,105900,0.0,0.0
2023-04-26 00:00:00-04:00,2.235087733756785,2.3628069085402212,2.235087733756785,2.253333330154419,103800,0.0,0.0
2023-04-27 00:00:00-04:00,2.262456091626631,2.317192879930986,2.262456091626631,2.2898244857788086,129600,0.0,0.0
2023-04-28 00:00:00-04:00,2.289824585901055,2.3354385781491493,2.2624561905521987,2.308070182800293,119000,0.0,0.0
2023-05-01 00:00:00-04:00,2.3080701193473203,2.3171929175461368,2.253333330154419,2.253333330154419,108800,0.0,0.0
2023-05-02 00:00:00-04:00,2.244210460237671,2.3810524288468833,2.23508766233039,2.3263156414031982,127100,0.0,0.0
2023-05-03 00:00:00-04:00,2.344561201491055,2.426666598910109,2.2989472126497223,2.362806797027588,220200,0.0,0.0
2023-05-04 00:00:00-04:00,2.335438438833305,2.435789433297549,2.3263156409278882,2.408421039581299,128000,0.0,0.0
2023-05-05 00:00:00-04:00,2.3901753299300914,2.4175439423380047,2.3171929435214373,2.3445613384246826,98300,0.0,0.0
2023-05-08 00:00:00-04:00,2.3536839837246752,2.3901751745568944,2.3080699951844013,2.317192792892456,54500,0.0,0.0
2023-05-09 00:00:00-04:00,2.3354385524640944,2.3992983584137706,2.3263157541148076,2.3901753425598145,47600,0.0,0.0
2023-05-10 00:00:00-04:00,2.390175325954485,2.463157929746414,2.335438536239039,2.426666736602783,147600,0.0,0.0
2023-05-11 00:00:00-04:00,2.371929579140785,2.499648964558206,2.317192792892456,2.317192792892456,202500,0.0,0.0
2023-05-12 00:00:00-04:00,2.3354384088021187,2.3354384088021187,2.1894736441923963,2.2350876331329346,157200,0.0,0.0
2023-05-15 00:00:00-04:00,2.225964960193592,2.262456153392722,2.09824556649197,2.1712281703948975,190400,0.0,0.0
2023-05-16 00:00:00-04:00,2.1164912118318773,2.2259650114549894,2.1164912118318773,2.1803510189056396,95100,0.0,0.0
2023-05-17 00:00:00-04:00,2.189473627802713,2.189473627802713,2.0891226353800674,2.107368230819702,177500,0.0,0.0
2023-05-18 00:00:00-04:00,2.098245453529308,2.143859442572512,2.007017475442899,2.0252630710601807,245700,0.0,0.0
2023-05-19 00:00:00-04:00,2.0343858971644035,2.2168420733795986,2.0343858971644035,2.198596477508545,124400,0.0,0.0
2023-05-22 00:00:00-04:00,2.1894738352890606,2.2807018211324905,2.143859624862671,2.143859624862671,206800,0.0,0.0
2023-05-23 00:00:00-04:00,2.143859437169186,2.189473643602082,2.0891226504552978,2.152982234954834,112000,0.0,0.0
2023-05-24 00:00:00-04:00,2.1073683812389814,2.2077193808244586,2.1073683812389814,2.1347367763519287,50900,0.0,0.0
2023-05-25 00:00:00-04:00,2.125613965486225,2.1894737712123935,2.0708771755820825,2.089122772216797,82600,0.0,0.0
2023-05-26 00:00:00-04:00,2.0799999738994397,2.125613965486225,2.052631578947368,2.089122772216797,110000,0.0,0.0
2023-05-30 00:00:00-04:00,2.13473671228932,2.143859510386531,2.061754327511633,2.0799999237060547,97500,0.0,0.0
2023-05-31 00:00:00-04:00,2.025263209320141,2.0435088061830067,1.9887720155944095,2.0070176124572754,143900,0.0,0.0
2023-06-01 00:00:00-04:00,2.0070175621492936,2.0435087549603352,1.9978947639465332,1.9978947639465332,57300,0.0,0.0
2023-06-02 00:00:00-04:00,1.988771829811779,2.034385817707878,1.9431578419156799,2.0161402225494385,78100,0.0,0.0
2023-06-05 00:00:00-04:00,2.0070174249702184,2.0526314128663175,1.9978946273909988,2.0161402225494385,54100,0.0,0.0
2023-06-06 00:00:00-04:00,2.025263020128658,2.070877008024757,2.0070174249702184,2.0161402225494385,90500,0.0,0.0
2023-06-07 00:00:00-04:00,2.0252631585548144,2.0435087549603352,1.9978947639465332,1.9978947639465332,84800,0.0,0.0
2023-06-08 00:00:00-04:00,1.9887720155944095,2.034386007751574,1.9796492171629767,2.0070176124572754,66800,0.0,0.0
2023-06-09 00:00:00-04:00,1.9978947134077811,2.0161403093517616,1.979649117463801,1.988771915435791,66900,0.0,0.0
2023-06-12 00:00:00-04:00,1.9796490999214427,1.9796490999214427,1.8975437013964356,1.9249120950698853,65400,0.0,0.0
2023-06-13 00:00:00-04:00,1.9249121132119527,1.9614035226251376,1.8975437192805593,1.9066665172576904,93900,0.0,0.0
2023-06-14 00:00:00-04:00,1.906666534010492,1.9522807418015944,1.7607016563415527,1.7607016563415527,234100,0.0,0.0
2023-06-15 00:00:00-04:00,1.7515788294828594,1.8701753110298394,1.6877192441318936,1.8610525131225586,188600,0.0,0.0
2023-06-16 00:00:00-04:00,1.8792981976997458,1.8792981976997458,1.73333331553674,1.8336842060089111,209200,0.0,0.0
2023-06-20 00:00:00-04:00,1.8245614142891378,1.879298204516691,1.715087725081696,1.7698246240615845,353700,0.0,0.0
2023-06-21 00:00:00-04:00,1.742456101748067,1.8063157984231308,1.7059649086493642,1.7880702018737793,134500,0.0,0.0
2023-06-22 00:00:00-04:00,1.769824563151172,1.806315755380324,1.7424560602269767,1.7607016563415527,154600,0.0,0.0
2023-06-23 00:00:00-04:00,1.733333280376246,1.742456078529358,1.6785964914575746,1.742456078529358,185500,0.0,0.0
2023-06-26 00:00:00-04:00,1.7242104321305438,1.7424560279066879,1.6512279402736387,1.7333332300186157,177500,0.0,0.0
2023-06-27 00:00:00-04:00,1.7059649229049683,1.7698246201136645,1.6877193262031507,1.7059649229049683,183000,0.0,0.0
2023-06-28 00:00:00-04:00,1.6694736302662023,1.7333332149266882,1.6603508324575613,1.6877192258834839,104400,0.0,0.0
2023-06-29 00:00:00-04:00,1.6785964602719217,1.715087652206421,1.6694736622882969,1.715087652206421,77800,0.0,0.0
2023-06-30 00:00:00-04:00,1.6968420929439556,1.71508768930588,1.651227993286812,1.6785964965820312,101600,0.0,0.0
2023-07-03 00:00:00-04:00,1.6421052256962718,1.7242105196067858,1.6421052256962718,1.7059649229049683,26200,0.0,0.0
2023-07-05 00:00:00-04:00,1.696842041789098,1.7059648396950342,1.6421051456011506,1.669473648071289,75200,0.0,0.0
2023-07-06 00:00:00-04:00,1.6512280200773282,1.6785965238165903,1.6238596250904003,1.642105221748352,84000,0.0,0.0
2023-07-07 00:00:00-04:00,1.6147368267614244,1.6512280200773282,1.6056140284324483,1.642105221748352,83200,0.0,0.0
2023-07-10 00:00:00-04:00,1.642105213451735,1.6785965153356037,1.6238596168859678,1.6603509187698364,143500,0.0,0.0
2023-07-11 00:00:00-04:00,1.5143858737067195,1.5235086716580835,1.441403490095807,1.4596490859985352,544500,0.0,0.0
2023-07-12 00:00:00-04:00,1.441403467545524,1.4778946587800876,1.350175380706787,1.350175380706787,309200,0.0,0.0
2023-07-13 00:00:00-04:00,1.3410526791784239,1.35929827610564,1.3045613765716553,1.3045613765716553,131200,0.0,0.0
2023-07-14 00:00:00-04:00,1.286315754588653,1.3319298547705252,1.204210570015484,1.2133333683013916,403800,0.0,0.0
2023-07-17 00:00:00-04:00,1.2407017193020735,1.2589473152289328,1.085614045171438,1.185964822769165,675200,0.0,0.0
2023-07-18 00:00:00-04:00,1.213333380546638,1.322807069834698,1.204210582168661,1.2589473724365234,243200,0.0,0.0
2023-07-19 00:00:00-04:00,1.2771929502487183,1.3136842519717102,1.2680701520060538,1.2771929502487183,172600,0.0,0.0
2023-07-20 00:00:00-04:00,1.286315700939401,1.295438498844818,1.2042105197906494,1.2042105197906494,108400,0.0,0.0
2023-07-21 00:00:00-04:00,1.240701690781569,1.2954384773038912,1.2315788930278488,1.286315679550171,195600,0.0,0.0
2023-07-24 00:00:00-04:00,1.2589473916588672,1.2680701901761364,1.22245619758979,1.2407017946243286,300300,0.0,0.0
2023-07-25 00:00:00-04:00,1.3684210090032225,1.4231577971622325,1.2863157180123765,1.3775438070297241,5415900,0.0,0.0
2023-07-26 00:00:00-04:00,1.3136842337697119,1.450526314265974,1.3136842337697119,1.423157811164856,842600,0.0,0.0
2023-07-27 00:00:00-04:00,1.4049121827491997,1.4231577785637615,1.3592981932127957,1.395789384841919,301000,0.0,0.0
2023-07-28 00:00:00-04:00,1.3775438255153756,1.3957894218132216,1.3501754310686063,1.3592982292175293,222000,0.0,0.0
2023-07-31 00:00:00-04:00,1.3319297850895053,1.368420976324069,1.3136841894722238,1.350175380706787,86000,0.0,0.0
2023-08-01 00:00:00-04:00,1.3319298028945923,1.3410526008251857,1.3045613003504823,1.3319298028945923,108800,0.0,0.0
2023-08-02 00:00:00-04:00,1.2680701086281088,1.3592981966863726,1.2680701086281088,1.3319298028945923,165200,0.0,0.0
2023-08-03 00:00:00-04:00,1.3501753781161574,1.4505262625709885,1.3045612804081463,1.4140349626541138,696000,0.0,0.0
2023-08-04 00:00:00-04:00,1.359298242173289,1.4049122333526611,1.3319298474656658,1.4049122333526611,163100,0.0,0.0
2023-08-07 00:00:00-04:00,1.359298242173289,1.4140350315885355,1.359298242173289,1.4049122333526611,663100,0.0,0.0
2023-08-08 00:00:00-04:00,1.3775438386450378,1.42315782982441,1.359298242173289,1.4049122333526611,414400,0.0,0.0
2023-08-09 00:00:00-04:00,1.395789384841919,1.4049121827491997,1.3684209911200764,1.395789384841919,401700,0.0,0.0
2023-08-10 00:00:00-04:00,1.3775437623708737,1.559999934490488,1.3319297737171338,1.4961402416229248,1586400,0.0,0.0
2023-08-11 00:00:00-04:00,1.47789466381073,1.541754357440918,1.4596490681313417,1.47789466381073,706500,0.0,0.0
2023-08-14 00:00:00-04:00,1.4778946819012633,1.5235086716580835,1.441403490095807,1.4596490859985352,418600,0.0,0.0
2023-08-15 00:00:00-04:00,1.4414035081863403,1.5235086907790891,1.4322807101204795,1.4414035081863403,236400,0.0,0.0
2023-08-16 00:00:00-04:00,1.4322807414476888,1.4870175310400715,1.4322807414476888,1.4687719345092773,139900,0.0,0.0
2023-08-17 00:00:00-04:00,1.4778947518464547,1.4870175502295788,1.4414035583139584,1.4505263566970825,244300,0.0,0.0
2023-08-18 00:00:00-04:00,1.4505262880471712,1.4778946819012633,1.4505262880471712,1.4596490859985352,284300,0.0,0.0
2023-08-21 00:00:00-04:00,1.4687719345092773,1.5326315223670572,1.450526337978483,1.4687719345092773,318900,0.0,0.0
2023-08-22 00:00:00-04:00,1.4687718839498993,1.4870174798526272,1.4505262880471712,1.4596490859985352,118100,0.0,0.0
2023-08-23 00:00:00-04:00,1.441403539713086,1.4778947327746745,1.441403539713086,1.4687719345092773,226100,0.0,0.0
2023-08-24 00:00:00-04:00,1.4596491550802067,1.4961403486127027,1.4322807599308343,1.4505263566970825,199700,0.0,0.0
2023-08-25 00:00:00-04:00,1.4322807414476888,1.4687719345092773,1.423157834429958,1.4687719345092773,194800,0.0,0.0
2023-08-28 00:00:00-04:00,1.4596491550802067,1.4778947518464547,1.4231578527953752,1.4505263566970825,104300,0.0,0.0
2023-08-29 00:00:00-04:00,1.4414035081863403,1.4596491043180624,1.4322807101204795,1.4414035081863403,90500,0.0,0.0
2023-08-30 00:00:00-04:00,1.4414034831306526,1.4596490789452141,1.395789384841919,1.395789384841919,84500,0.0,0.0
2023-08-31 00:00:00-04:00,1.3957894351167868,1.4322807368126178,1.3866666368809124,1.4049122333526611,129900,0.0,0.0
2023-09-01 00:00:00-04:00,1.4140349626541138,1.4322806669887151,1.3957893670718406,1.4140349626541138,121800,0.0,0.0
2023-09-05 00:00:00-04:00,1.423157811164856,1.43228071803345,1.414035013048594,1.423157811164856,110800,0.0,0.0
2023-09-06 00:00:00-04:00,1.4231578489750045,1.4322807560859738,1.3775438571818317,1.3866666555404663,438400,0.0,0.0
2023-09-07 00:00:00-04:00,1.386666642778713,1.386666642778713,1.3319298531306587,1.3410526514053345,269200,0.0,0.0
2023-09-08 00:00:00-04:00,1.3501754254802278,1.3501754254802278,1.2863157299497492,1.295438528060913,259800,0.0,0.0
2023-09-11 00:00:00-04:00,1.331929871997037,1.3501754688048317,1.2954385696291124,1.3228070735931396,208900,0.0,0.0
2023-09-12 00:00:00-04:00,1.3045612775427335,1.3045612775427335,1.2224560976028442,1.2224560976028442,186000,0.0,0.0
2023-09-13 00:00:00-04:00,1.240701744260534,1.2771929368483246,1.1859648466265158,1.2315789461135864,222000,0.0,0.0
2023-09-14 00:00:00-04:00,1.2407017756805694,1.2863157675704546,1.2315789773025922,1.2589473724365234,91500,0.0,0.0
2023-09-15 00:00:00-04:00,1.2407017193020735,1.2589473152289328,1.185964822769165,1.185964822769165,196100,0.0,0.0
2023-09-18 00:00:00-04:00,1.1859648646913348,1.2771929563027453,1.1859648646913348,1.2133333683013916,142000,0.0,0.0
2023-09-19 00:00:00-04:00,1.2407017393939301,1.3684210217025554,1.2407017393939301,1.295438528060913,263000,0.0,0.0
2023-09-20 00:00:00-04:00,1.2771928996190003,1.3136841998954258,1.2407017080949037,1.268070101737976,166600,0.0,0.0
2023-09-21 00:00:00-04:00,1.258947321937826,1.268070119949871,1.2407017259137365,1.2498245239257812,62200,0.0,0.0
2023-09-22 00:00:00-04:00,1.2498245239257812,1.268070119949871,1.2498245239257812,1.2498245239257812,55600,0.0,0.0
2023-09-25 00:00:00-04:00,1.2498245740585463,1.322807069834698,1.2498245740585463,1.2589473724365234,59400,0.0,0.0
2023-09-26 00:00:00-04:00,1.2589473724365234,1.2863157675704546,1.2498245740585463,1.2589473724365234,222800,0.0,0.0
2023-09-27 00:00:00-04:00,1.2589473724365234,1.2771929691924777,1.2498245740585463,1.2589473724365234,51900,0.0,0.0
2023-09-28 00:00:00-04:00,1.2498245059759279,1.2771928996190003,1.2498245059759279,1.268070101737976,73000,0.0,0.0
2023-09-29 00:00:00-04:00,1.2680701520060538,1.3045613449767122,1.258947353763389,1.2771929502487183,295800,0.0,0.0
2023-10-02 00:00:00-04:00,1.2589473038569519,1.2771928996190003,1.2498245059759279,1.268070101737976,60300,0.0,0.0
2023-10-03 00:00:00-04:00,1.2498245424074816,1.2680701387013769,1.2315789461135864,1.2315789461135864,69200,0.0,0.0
2023-10-04 00:00:00-04:00,1.22245619758979,1.2680701901761364,1.22245619758979,1.2407017946243286,38900,0.0,0.0
2023-10-05 00:00:00-04:00,1.2498245059759279,1.268070101737976,1.2315789102138794,1.268070101737976,68900,0.0,0.0
2023-10-06 00:00:00-04:00,1.2771929318385855,1.304561326172077,1.2589473356162577,1.295438528060913,37500,0.0,0.0
2023-10-09 00:00:00-04:00,1.2680701520060538,1.2771929502487183,1.2680701520060538,1.2771929502487183,16800,0.0,0.0
2023-10-10 00:00:00-04:00,1.2771928817964506,1.3045612750576117,1.2771928817964506,1.286315679550171,117400,0.0,0.0
2023-10-11 00:00:00-04:00,1.286315748491383,1.3045613449767122,1.2771929502487183,1.2771929502487183,39900,0.0,0.0
2023-10-12 00:00:00-04:00,1.2771929241063325,1.3136842250823975,1.2680701260503988,1.3136842250823975,117500,0.0,0.0
2023-10-13 00:00:00-04:00,1.295438578108047,1.3228070822512075,1.268070182717223,1.3045613765716553,62000,0.0,0.0
2023-10-16 00:00:00-04:00,1.2954385659484318,1.3319298682126752,1.2589473724365234,1.2589473724365234,124200,0.0,0.0
2023-10-17 00:00:00-04:00,1.2589473724365234,1.2863157675704546,1.2315789773025922,1.2589473724365234,121600,0.0,0.0
2023-10-18 00:00:00-04:00,1.2680701708145006,1.2954385659484318,1.2315789773025922,1.2589473724365234,109600,0.0,0.0
2023-10-19 00:00:00-04:00,1.2498245614450223,1.25894735973093,1.2133333683013916,1.2133333683013916,92100,0.0,0.0
2023-10-20 00:00:00-04:00,1.2315789590353952,1.2771929502487183,1.2133333625500657,1.2771929502487183,86100,0.0,0.0
2023-10-23 00:00:00-04:00,1.2771929179619157,1.3045613119980504,1.2315789279016915,1.2498245239257812,129600,0.0,0.0
2023-10-24 00:00:00-04:00,1.2498245740585463,1.2771929691924777,1.213333380546638,1.2589473724365234,71100,0.0,0.0
2023-10-25 00:00:00-04:00,1.2498245059759279,1.268070101737976,1.2133333144518312,1.268070101737976,80900,0.0,0.0
2023-10-26 00:00:00-04:00,1.2680701901761364,1.2680701901761364,1.2133333990725208,1.2407017946243286,176800,0.0,0.0
2023-10-27 00:00:00-04:00,1.2771929691924777,1.2771929691924777,1.213333380546638,1.2589473724365234,229300,0.0,0.0
2023-10-30 00:00:00-04:00,1.2589472862890099,1.2954384773038912,1.2224560952741286,1.286315679550171,80900,0.0,0.0
2023-10-31 00:00:00-04:00,1.2589472886872395,1.2680700864583383,1.2224560976028442,1.2224560976028442,170000,0.0,0.0
2023-11-01 00:00:00-04:00,1.2498244909161407,1.2498244909161407,1.2042105020606466,1.2224560976028442,59500,0.0,0.0
2023-11-02 00:00:00-04:00,1.2133333176960663,1.2498245093177336,1.2042105197906494,1.2042105197906494,86700,0.0,0.0
2023-11-03 00:00:00-04:00,1.2133333990725208,1.2589473916588672,1.1950876932856453,1.2407017946243286,163300,0.0,0.0
2023-11-06 00:00:00-05:00,1.2042105020606466,1.2954384797716347,1.2042105020606466,1.2224560976028442,150900,0.0,0.0
2023-11-07 00:00:00-05:00,1.231578964873207,1.2498245614450223,1.2133333683013916,1.2133333683013916,47500,0.0,0.0
2023-11-08 00:00:00-05:00,1.2133333767308154,1.231578973429389,1.1859648729306205,1.1950876712799072,103000,0.0,0.0
2023-11-09 00:00:00-05:00,1.1677191941542828,1.1859647895703924,1.1494735987381732,1.158596396446228,69500,0.0,0.0
2023-11-10 00:00:00-05:00,1.1403508368104325,1.1403508368104325,1.0582455461094287,1.1221052408218384,397900,0.0,0.0
2023-11-13 00:00:00-05:00,1.1129825115203857,1.1312281086350908,1.0856141158483281,1.1129825115203857,53800,0.0,0.0
2023-11-14 00:00:00-05:00,1.112982492529206,1.1494736861359551,1.1038596941275187,1.1312280893325806,63600,0.0,0.0
2023-11-15 00:00:00-05:00,1.1129825115203857,1.1585965043071487,1.0947369144056807,1.1129825115203857,88900,0.0,0.0
2023-11-16 00:00:00-05:00,1.0947369144056807,1.1129825115203857,1.0947369144056807,1.1129825115203857,75900,0.0,0.0
2023-11-17 00:00:00-05:00,1.1038596410982975,1.185964822769165,1.0947368431348679,1.185964822769165,37200,0.0,0.0
2023-11-20 00:00:00-05:00,1.2133332914468837,1.2224560891549385,1.1494735987381732,1.158596396446228,81500,0.0,0.0
2023-11-21 00:00:00-05:00,1.1859648601486306,1.1859648601486306,1.1312280706428477,1.1494736671447754,32900,0.0,0.0
2023-11-22 00:00:00-05:00,1.1585964327990266,1.1950876247762146,1.1221052408218384,1.1221052408218384,31000,0.0,0.0
2023-11-24 00:00:00-05:00,1.140350850642119,1.185964841166871,1.122105254432218,1.1677192449569702,17400,0.0,0.0
2023-11-27 00:00:00-05:00,1.1403508186340332,1.2133333101774497,1.1312280207851473,1.1403508186340332,103900,0.0,0.0
2023-11-28 00:00:00-05:00,1.1129824741409202,1.1950876583995944,1.1129824741409202,1.1494736671447754,57000,0.0,0.0
2023-11-29 00:00:00-05:00,1.1312280207851473,1.1768420100295771,1.1312280207851473,1.1403508186340332,33900,0.0,0.0
2023-11-30 00:00:00-05:00,1.1129824250873752,1.167719212180691,1.1129824250873752,1.1403508186340332,33100,0.0,0.0
2023-12-01 00:00:00-05:00,1.112982407905954,1.1859647895703924,1.112982407905954,1.158596396446228,58900,0.0,0.0
2023-12-04 00:00:00-05:00,1.1403508688938115,1.176842061897667,1.1312280706428477,1.1494736671447754,82800,0.0,0.0
2023-12-05 00:00:00-05:00,1.1221052909308933,1.1585964845376424,1.112982492529206,1.1312280893325806,169700,0.0,0.0
2023-12-06 00:00:00-05:00,1.1129825115203857,1.1677193028645012,1.1129825115203857,1.1129825115203857,82200,0.0,0.0
2023-12-07 00:00:00-05:00,1.1038596630096436,1.185964846310279,1.0856140667206133,1.1038596630096436,374100,0.0,0.0
2023-12-08 00:00:00-05:00,1.1038596101978992,1.1677191941542828,1.1038596101978992,1.158596396446228,60400,0.0,0.0
2023-12-11 00:00:00-05:00,1.1768420100295771,1.1768420100295771,1.1129824250873752,1.1403508186340332,78400,0.0,0.0
2023-12-12 00:00:00-05:00,1.1221052408218384,1.1585964327990266,1.1221052408218384,1.1221052408218384,110400,0.0,0.0
2023-12-13 00:00:00-05:00,1.0947368601173668,1.185964841166871,1.0947368601173668,1.1677192449569702,231800,0.0,0.0
2023-12-14 00:00:00-05:00,1.1677192268423056,1.2407017193020735,1.1677192268423056,1.185964822769165,145900,0.0,0.0
2023-12-15 00:00:00-05:00,1.1859648646913348,1.2407017631591146,1.1677192681195194,1.2133333683013916,237700,0.0,0.0
2023-12-18 00:00:00-05:00,1.2133333498196912,1.2589473405544294,1.1768420484795683,1.2315789461135864,218600,0.0,0.0
2023-12-19 00:00:00-05:00,1.2315789461135864,1.2954385331422198,1.2315789461135864,1.2315789461135864,158400,0.0,0.0
2023-12-20 00:00:00-05:00,1.2407017873263986,1.3045613765716553,1.2407017873263986,1.3045613765716553,176400,0.0,0.0
2023-12-21 00:00:00-05:00,1.2954385467340477,1.3045613449767122,1.2407017572780596,1.2771929502487183,86800,0.0,0.0
2023-12-22 00:00:00-05:00,1.286315748491383,1.2954385467340477,1.2315789590353952,1.2771929502487183,272800,0.0,0.0
2023-12-26 00:00:00-05:00,1.2771929691924777,1.2954385659484318,1.2315789773025922,1.2589473724365234,136200,0.0,0.0
2023-12-27 00:00:00-05:00,1.2407017259137365,1.2771929179619157,1.2315789279016915,1.2498245239257812,103200,0.0,0.0
2023-12-28 00:00:00-05:00,1.2498245740585463,1.2680701708145006,1.2315789773025922,1.2589473724365234,189100,0.0,0.0
2023-12-29 00:00:00-05:00,1.2407017080949037,1.268070101737976,1.2224561123328554,1.268070101737976,243800,0.0,0.0
2024-01-02 00:00:00-05:00,1.2589473871599162,1.3684210777282715,1.213333394736575,1.3684210777282715,99100,0.0,0.0
2024-01-03 00:00:00-05:00,1.35929827610564,1.368421074569248,1.277192981180831,1.3045613765716553,44300,0.0,0.0
2024-01-04 00:00:00-05:00,1.286315748491383,1.3045613449767122,1.2771929502487183,1.2771929502487183,27000,0.0,0.0
2024-01-05 00:00:00-05:00,1.277192988693406,1.277192988693406,1.2407017946243286,1.2407017946243286,27000,0.0,0.0
2024-01-08 00:00:00-05:00,1.2680701520060538,1.286315748491383,1.2407017572780596,1.2771929502487183,20700,0.0,0.0
2024-01-09 00:00:00-05:00,1.2771928817964506,1.3045612750576117,1.2680700840427301,1.286315679550171,23400,0.0,0.0
2024-01-10 00:00:00-05:00,1.3045613449767122,1.3045613449767122,1.258947353763389,1.2771929502487183,21800,0.0,0.0
2024-01-11 00:00:00-05:00,1.2680701520060538,1.286315748491383,1.2498245555207244,1.2771929502487183,10000,0.0,0.0
2024-01-12 00:00:00-05:00,1.268070101737976,1.3136841998954258,1.2589473038569519,1.268070101737976,63700,0.0,0.0
2024-01-16 00:00:00-05:00,1.2498245555207244,1.286315748491383,1.2407017572780596,1.2771929502487183,155300,0.0,0.0
2024-01-17 00:00:00-05:00,1.258947353763389,1.286315748491383,1.2133333625500657,1.2771929502487183,56000,0.0,0.0
2024-01-18 00:00:00-05:00,1.2863157675704546,1.313684271456721,1.2589473724365234,1.2589473724365234,42000,0.0,0.0
2024-01-19 00:00:00-05:00,1.2863157872106752,1.2863157872106752,1.2042106005552515,1.2407017946243286,197200,0.0,0.0
2024-01-22 00:00:00-05:00,1.222456123375214,1.286315709119222,1.1768420248057352,1.185964822769165,77800,0.0,0.0
2024-01-23 00:00:00-05:00,1.176842074581334,1.258947368477249,1.176842074581334,1.1950876712799072,30600,0.0,0.0
2024-01-24 00:00:00-05:00,1.185964822769165,1.2498245172655031,1.149473630915446,1.185964822769165,105700,0.0,0.0
2024-01-25 00:00:00-05:00,1.2315789404439548,1.2315789404439548,1.1585964468520198,1.1677192449569702,29100,0.0,0.0
2024-01-26 00:00:00-05:00,1.185964822769165,1.1950876207325947,1.149473630915446,1.185964822769165,34900,0.0,0.0
2024-01-29 00:00:00-05:00,1.1859647895703924,1.1950875872784472,1.1403508010301184,1.158596396446228,68000,0.0,0.0
2024-01-30 00:00:00-05:00,1.1585964468520198,1.185964841166871,1.140350850642119,1.1677192449569702,55100,0.0,0.0
2024-01-31 00:00:00-05:00,1.1585964653957392,1.167719263646703,1.1494736671447754,1.1494736671447754,6500,0.0,0.0
2024-02-01 00:00:00-05:00,1.1494736671447754,1.167719263646703,1.1129824741409202,1.1494736671447754,79800,0.0,0.0
2024-02-02 00:00:00-05:00,1.1312280033220636,1.1768419918623376,1.1312280033220636,1.158596396446228,27300,0.0,0.0
2024-02-05 00:00:00-05:00,1.1494736861359551,1.1585964845376424,1.0947368957258312,1.1312280893325806,54000,0.0,0.0
2024-02-06 00:00:00-05:00,1.1221052229362611,1.167719212180691,1.1129824250873752,1.1403508186340332,130800,0.0,0.0
2024-02-07 00:00:00-05:00,1.1312280033220636,1.1677191941542828,1.1312280033220636,1.158596396446228,47800,0.0,0.0
2024-02-08 00:00:00-05:00,1.1494736540387254,1.2498245424074816,1.1494736540387254,1.2315789461135864,264300,0.0,0.0
2024-02-09 00:00:00-05:00,1.2133333498196912,1.2498245424074816,1.1859648466265158,1.2315789461135864,342800,0.0,0.0
2024-02-12 00:00:00-05:00,1.2315789961070593,1.2680701901761364,1.22245619758979,1.2407017946243286,287600,0.0,0.0
2024-02-13 00:00:00-05:00,1.2680701387013769,1.2771929368483246,1.2224561479666387,1.2315789461135864,101100,0.0,0.0
2024-02-14 00:00:00-05:00,1.2224561123328554,1.268070101737976,1.2224561123328554,1.268070101737976,175200,0.0,0.0
2024-02-15 00:00:00-05:00,1.2498245424074816,1.2680701387013769,1.2224561479666387,1.2315789461135864,80500,0.0,0.0
2024-02-16 00:00:00-05:00,1.2589473916588672,1.2589473916588672,1.2315789961070593,1.2407017946243286,49500,0.0,0.0
2024-02-20 00:00:00-05:00,1.149473671547704,1.2680701580168376,1.149473671547704,1.2133333683013916,368100,0.0,0.0
2024-02-21 00:00:00-05:00,1.176842066405427,1.2407017631591146,1.176842066405427,1.2133333683013916,76300,0.0,0.0
2024-02-22 00:00:00-05:00,1.240701744260534,1.2680701387013769,1.2133333498196912,1.2315789461135864,194500,0.0,0.0
2024-02-23 00:00:00-05:00,1.2315789773025922,1.2589473724365234,1.2224561789246151,1.2589473724365234,100800,0.0,0.0
2024-02-26 00:00:00-05:00,1.2224560976028442,1.277192884229437,1.2224560976028442,1.2224560976028442,131400,0.0,0.0
2024-02-27 00:00:00-05:00,1.2680700864583383,1.2680700864583383,1.2224560976028442,1.2224560976028442,116800,0.0,0.0
2024-02-28 00:00:00-05:00,1.204210570015484,1.25894735973093,1.204210570015484,1.2133333683013916,63100,0.0,0.0
2024-02-29 00:00:00-05:00,1.2224561665872993,1.231578964873207,1.1585964698336118,1.2133333683013916,154100,0.0,0.0
2024-03-01 00:00:00-05:00,1.2133333683013916,1.231578964873207,1.1859648646913348,1.2133333683013916,40200,0.0,0.0
2024-03-04 00:00:00-05:00,1.2315789961070593,1.2589473916588672,1.2042106005552515,1.2407017946243286,71200,0.0,0.0
2024-03-05 00:00:00-05:00,1.2224561665872993,1.2407017631591146,1.204210570015484,1.2133333683013916,36700,0.0,0.0
2024-03-06 00:00:00-05:00,1.2133333683013916,1.231578964873207,1.2133333683013916,1.2133333683013916,33100,0.0,0.0
2024-03-07 00:00:00-05:00,1.2133333683013916,1.2224561665872993,1.176842066405427,1.2133333683013916,90300,0.0,0.0
2024-03-08 00:00:00-05:00,1.2133333683013916,1.2224561665872993,1.176842066405427,1.2133333683013916,98000,0.0,0.0
2024-03-11 00:00:00-04:00,1.2042105783815287,1.2042105783815287,1.1859648729306205,1.1950876712799072,61400,0.0,0.0
2024-03-12 00:00:00-04:00,1.1950875872784472,1.1950875872784472,1.158596396446228,1.158596396446228,105600,0.0,0.0
2024-03-13 00:00:00-04:00,1.1677192307933235,1.1859648267819176,1.1221052408218384,1.1221052408218384,60500,0.0,0.0
2024-03-14 00:00:00-04:00,1.2042105654028918,1.2042105654028918,1.1403508688938115,1.1494736671447754,252900,0.0,0.0
2024-03-15 00:00:00-04:00,1.1403508555877038,1.185964846310279,1.1038596630096436,1.1038596630096436,154000,0.0,0.0
2024-03-18 00:00:00-04:00,1.1494736164829191,1.1768420100295771,1.1038596272384893,1.1403508186340332,78000,0.0,0.0
2024-03-19 00:00:00-04:00,1.1129824428275414,1.1768420287876205,1.1129824428275414,1.1221052408218384,42600,0.0,0.0
2024-03-20 00:00:00-04:00,1.1403509071924436,1.1677193028645012,1.1129825115203857,1.1129825115203857,110700,0.0,0.0
2024-03-21 00:00:00-04:00,1.1129824611541586,1.1403508555877038,1.1038596630096436,1.1038596630096436,129000,0.0,0.0
2024-03-22 00:00:00-04:00,1.1312280706428477,1.1494736671447754,1.1038596758899564,1.1494736671447754,72200,0.0,0.0
2024-03-25 00:00:00-04:00,1.1403508186340332,1.158596414331805,1.1403508186340332,1.1403508186340332,41700,0.0,0.0
2024-03-26 00:00:00-04:00,1.158596414331805,1.158596414331805,1.1221052229362611,1.1403508186340332,88300,0.0,0.0
2024-03-27 00:00:00-04:00,1.1403508010301184,1.1859647895703924,1.1221052056140088,1.158596396446228,87200,0.0,0.0
2024-03-28 00:00:00-04:00,1.1677191941542828,1.1768419918623376,1.158596396446228,1.158596396446228,45500,0.0,0.0
2024-04-01 00:00:00-04:00,1.1768420100295771,1.1768420100295771,1.1403508186340332,1.1403508186340332,38400,0.0,0.0
2024-04-02 00:00:00-04:00,1.140350850642119,1.185964841166871,1.140350850642119,1.1677192449569702,43000,0.0,0.0
2024-04-03 00:00:00-04:00,1.1859648601486306,1.1859648601486306,1.1494736671447754,1.1494736671447754,29300,0.0,0.0
2024-04-04 00:00:00-04:00,1.1768419918623376,1.1768419918623376,1.1494735987381732,1.158596396446228,23500,0.0,0.0
2024-04-05 00:00:00-04:00,1.1494736671447754,1.1859648601486306,1.1403508688938115,1.1494736671447754,49900,0.0,0.0
2024-04-08 00:00:00-04:00,1.140350803122886,1.1677191962972766,1.0673683125721833,1.0947368144989014,321800,0.0,0.0
2024-04-09 00:00:00-04:00,1.0947368144989014,1.1038596122236983,1.0673683125721833,1.0947368144989014,87100,0.0,0.0
2024-04-10 00:00:00-04:00,1.0856140667206133,1.1312280574431888,1.058245563534736,1.1038596630096436,137300,0.0,0.0
2024-04-11 00:00:00-04:00,1.131228012943633,1.131228012943633,1.067368319691769,1.076491117477417,152800,0.0,0.0
2024-04-12 00:00:00-04:00,1.1038596904122293,1.1038596904122293,1.0582455898049818,1.0673683881759644,103300,0.0,0.0
2024-04-15 00:00:00-04:00,1.0582455396652222,1.0947368401725261,1.0582455396652222,1.0582455396652222,117300,0.0,0.0
2024-04-16 00:00:00-04:00,1.0673684074349477,1.0673684074349477,1.0491228103637695,1.0491228103637695,54900,0.0,0.0
2024-04-17 00:00:00-04:00,1.0308772132925916,1.0582456088993586,1.0308772132925916,1.0491228103637695,124000,0.0,0.0
2024-04-18 00:00:00-04:00,1.039999910993359,1.039999910993359,0.9761403274358419,1.0308771133422852,203100,0.0,0.0
2024-04-19 00:00:00-04:00,1.0126315536618757,1.0217543516338659,0.9761403617739153,0.9943859577178955,258100,0.0,0.0
2024-04-22 00:00:00-04:00,0.9852631597459054,1.0126315536618757,0.9761403617739153,0.9943859577178955,120200,0.0,0.0
2024-04-23 00:00:00-04:00,0.9852631597459054,1.0126315536618757,0.9852631597459054,0.9943859577178955,76100,0.0,0.0
2024-04-24 00:00:00-04:00,1.003508773062331,1.003508773062331,0.9578946736603925,0.9670174717903137,77000,0.0,0.0
2024-04-25 00:00:00-04:00,0.9487718767290307,0.9943859761885924,0.9487718767290307,0.9761403799057007,74300,0.0,0.0
2024-04-26 00:00:00-04:00,0.9761403880720837,0.9761403880720837,0.9487718846664491,0.9578946828842163,114900,0.0,0.0
2024-04-29 00:00:00-04:00,0.9761403786725672,0.9852631768024884,0.9578946736603925,0.9670174717903137,32500,0.0,0.0
2024-04-30 00:00:00-04:00,0.9487718939781189,0.9670174905927236,0.9214034990562118,0.9487718939781189,89700,0.0,0.0
2024-05-01 00:00:00-04:00,0.9396490956708166,0.9578946922854212,0.9396490956708166,0.9487718939781189,50100,0.0,0.0
2024-05-02 00:00:00-04:00,0.9578946922854212,0.9670174905927236,0.9396490956708166,0.9487718939781189,46500,0.0,0.0
2024-05-03 00:00:00-04:00,0.9487718939781189,0.9852631959596625,0.9305262973635141,0.9487718939781189,73100,0.0,0.0
2024-05-06 00:00:00-04:00,0.9305262804461389,0.9943859761885924,0.9031578860218012,0.9761403799057007,291500,0.0,0.0
2024-05-07 00:00:00-04:00,0.9761403617739153,1.0217543516338659,0.9761403617739153,0.9943859577178955,83000,0.0,0.0
2024-05-08 00:00:00-04:00,0.9761403927341437,1.0217543840408325,0.9761403927341437,1.0217543840408325,92700,0.0,0.0
2024-05-09 00:00:00-04:00,1.0308771874961742,1.0308771874961742,0.9487718939781189,0.9487718939781189,133900,0.0,0.0
2024-05-10 00:00:00-04:00,0.9670174905927236,0.9670174905927236,0.9396490956708166,0.9487718939781189,79100,0.0,0.0
2024-05-13 00:00:00-04:00,0.967017455049595,1.0217543516338659,0.967017455049595,0.9943859577178955,255800,0.0,0.0
2024-05-14 00:00:00-04:00,1.0217543516338659,1.0217543516338659,0.967017455049595,0.9943859577178955,81900,0.0,0.0
2024-05-15 00:00:00-04:00,1.0126316046600705,1.0126316046600705,0.9670175037505705,1.0035088062286377,48400,0.0,0.0
2024-05-16 00:00:00-04:00,1.0126315355300903,1.039999928956013,0.9943859399128087,1.0126315355300903,105700,0.0,0.0
2024-05-17 00:00:00-04:00,1.0126315536618757,1.030877149605856,0.9761403617739153,0.9943859577178955,31300,0.0,0.0
2024-05-20 00:00:00-04:00,1.0217543333387313,1.0308771311473721,0.9852631421041678,1.0126315355300903,42400,0.0,0.0
2024-05-21 00:00:00-04:00,0.9943859845076181,1.0126315809431523,0.9578946828842163,0.9578946828842163,60700,0.0,0.0
2024-05-22 00:00:00-04:00,0.9761403786725672,0.9761403786725672,0.9396490774005499,0.9670174717903137,228400,0.0,0.0
2024-05-23 00:00:00-04:00,0.9578946828842163,0.9943859845076181,0.9578946828842163,0.9578946828842163,116500,0.0,0.0
2024-05-24 00:00:00-04:00,0.9396490785875848,0.9852631780471465,0.9396490785875848,0.9761403799057007,26800,0.0,0.0
2024-05-28 00:00:00-04:00,1.012631532977881,1.094736821801041,0.9852631396209369,1.076491117477417,389600,0.0,0.0
2024-05-29 00:00:00-04:00,1.0764911249395026,1.158596414331805,1.0673683270906167,1.1403508186340332,282200,0.0,0.0
2024-05-30 00:00:00-04:00,1.140350829866244,1.140350829866244,1.0308771458489914,1.0582455396652222,339800,0.0,0.0
2024-05-31 00:00:00-04:00,1.0856140851974487,1.1221052783965784,1.0308771866464201,1.0856140851974487,82300,0.0,0.0
2024-06-03 00:00:00-04:00,1.1038596122236983,1.131228005398089,1.0399999193977927,1.0947368144989014,138700,0.0,0.0
2024-06-04 00:00:00-04:00,1.1038597103296406,1.1221053074008187,1.0126316162214135,1.0491228103637695,113300,0.0,0.0
2024-06-05 00:00:00-04:00,1.0764911355427091,1.0764911355427091,1.0035087520327608,1.0582455396652222,39400,0.0,0.0
2024-06-06 00:00:00-04:00,1.0491227914339993,1.0947368920412468,1.0491227914339993,1.0673683881759644,19600,0.0,0.0
2024-06-07 00:00:00-04:00,1.0673683039465807,1.0764911015976546,1.0217543156912112,1.0308771133422852,76100,0.0,0.0
2024-06-10 00:00:00-04:00,1.0217543479102478,1.0764911355427091,1.0035087520327608,1.0582455396652222,84200,0.0,0.0
2024-06-11 00:00:00-04:00,1.0582455815457674,1.0856140851974487,1.0308771866464201,1.0856140851974487,43000,0.0,0.0
2024-06-12 00:00:00-04:00,1.0673683376039658,1.0764911355427091,1.0491227417264786,1.0582455396652222,53100,0.0,0.0
2024-06-13 00:00:00-04:00,1.0308771133422852,1.049122708644433,1.0035087203890636,1.0308771133422852,76700,0.0,0.0
2024-06-14 00:00:00-04:00,1.1312280319275005,1.1312280319275005,0.9852631561552736,1.0582455396652222,194400,0.0,0.0
2024-06-17 00:00:00-04:00,1.0582455245732947,1.0582455245732947,0.9943859399128087,1.0126315355300903,88500,0.0,0.0
2024-06-18 00:00:00-04:00,0.9943859668677316,1.0308771590914656,0.9761403707558647,0.9852631688117981,82300,0.0,0.0
2024-06-20 00:00:00-04:00,1.0217543516338659,1.0491227455498362,0.967017455049595,0.9943859577178955,181500,0.0,0.0
2024-06-21 00:00:00-04:00,0.9943859892568192,1.0217543840408325,0.9670174857204723,1.0217543840408325,209800,0.0,0.0
2024-06-24 00:00:00-04:00,1.049122798385802,1.049122798385802,0.976140410934339,1.0035088062286377,169600,0.0,0.0
2024-06-25 00:00:00-04:00,0.9852631597459054,1.0035087556898856,0.967017455049595,0.9943859577178955,252400,0.0,0.0
2024-06-26 00:00:00-04:00,0.9852631688117981,1.0035087649236651,0.9396490697797995,0.9852631688117981,180400,0.0,0.0
2024-06-27 00:00:00-04:00,0.9943859577178955,0.9943859577178955,0.9305262631616344,0.9943859577178955,427700,0.0,0.0
2024-06-28 00:00:00-04:00,0.9761403617739153,0.9943859577178955,0.9214034651896443,0.9943859577178955,249600,0.0,0.0
2024-07-01 00:00:00-04:00,0.9761403442955269,1.0308771311473721,0.9670174377345578,1.0126315355300903,110400,0.0,0.0
2024-07-02 00:00:00-04:00,1.0126315724714843,1.030877168754376,0.9761403799057006,0.9761403799057007,25000,0.0,0.0
2024-07-03 00:00:00-04:00,0.9852631780471465,0.9852631780471465,0.9122806841632471,0.9761403799057007,106900,0.0,0.0
2024-07-05 00:00:00-04:00,0.9487718755304712,0.9670174717903138,0.912280683010786,0.9670174717903137,148800,0.0,0.0
2024-07-08 00:00:00-04:00,0.9396490956708166,0.9670174905927236,0.9214034990562118,0.9487718939781189,62800,0.0,0.0
2024-07-09 00:00:00-04:00,0.9396490774005499,0.9670174717903138,0.9396490774005499,0.9670174717903137,93500,0.0,0.0
2024-07-10 00:00:00-04:00,0.9670174639475999,0.9943859668677316,0.912280675611999,0.9852631688117981,247300,0.0,0.0
2024-07-11 00:00:00-04:00,0.9943859399128087,1.0217543333387313,0.9852631421041678,1.0126315355300903,94400,0.0,0.0
2024-07-12 00:00:00-04:00,1.0035087520327608,1.0582455396652222,1.0035087520327608,1.0582455396652222,87800,0.0,0.0
2024-07-15 00:00:00-04:00,1.0582455898049818,1.0947368920412468,1.0491227914339993,1.0673683881759644,92200,0.0,0.0
2024-07-16 00:00:00-04:00,1.039999926334825,1.085614024015393,1.003508735192233,1.076491117477417,164300,0.0,0.0
2024-07-17 00:00:00-04:00,1.0764911865469469,1.0856140936702643,1.0491227914339993,1.0673683881759644,254700,0.0,0.0
2024-07-18 00:00:00-04:00,1.0582455062955067,1.0764911015976546,1.0308771133422852,1.0308771133422852,102100,0.0,0.0
2024-07-19 00:00:00-04:00,1.0491227599502382,1.0582455580474492,1.0308771637558165,1.0399999618530273,104000,0.0,0.0
2024-07-22 00:00:00-04:00,1.0308771946920345,1.0673683881759644,1.021754396321052,1.0673683881759644,59400,0.0,0.0
2024-07-23 00:00:00-04:00,1.0491227599502382,1.0582455580474492,1.0308771637558165,1.0399999618530273,65300,0.0,0.0
2024-07-24 00:00:00-04:00,1.0491227914339993,1.0673683881759644,1.0308771946920345,1.0673683881759644,28700,0.0,0.0
2024-07-25 00:00:00-04:00,1.06736835614466,1.06736835614466,1.0217543656586057,1.0399999618530273,73700,0.0,0.0
2024-07-26 00:00:00-04:00,1.0217544147570026,1.0582456088993586,1.0217544147570026,1.0491228103637695,53700,0.0,0.0
2024-07-29 00:00:00-04:00,1.0491227788248458,1.0491227788248458,1.0126315857794947,1.0217543840408325,45200,0.0,0.0
2024-07-30 00:00:00-04:00,1.0308771133422852,1.049122708644433,1.0308771133422852,1.0308771133422852,68900,0.0,0.0
2024-07-31 00:00:00-04:00,1.0399999618530273,1.0399999618530273,1.0217543656586057,1.0399999618530273,47900,0.0,0.0
2024-08-01 00:00:00-04:00,1.0308771823021703,1.039999980563508,1.0126315857794947,1.0217543840408325,54300,0.0,0.0
2024-08-02 00:00:00-04:00,1.0126316046600705,1.0126316046600705,0.9943860077972048,1.0035088062286377,127500,0.0,0.0
2024-08-05 00:00:00-04:00,0.9396490774005499,0.9943859749324098,0.9305262792706286,0.9670174717903137,132200,0.0,0.0
2024-08-06 00:00:00-04:00,0.9670174717903138,0.9852631768024884,0.9670174717903138,0.9670174717903137,49700,0.0,0.0
2024-08-07 00:00:00-04:00,0.9761403799057006,0.9852631780471465,0.9670174730119225,0.9761403799057007,53800,0.0,0.0
2024-08-08 00:00:00-04:00,1.0126315629795986,1.0126315629795986,0.9761403707558647,0.9852631688117981,32200,0.0,0.0
2024-08-09 00:00:00-04:00,0.9670174717903138,0.9852631768024884,0.9578946736603925,0.9670174717903137,118100,0.0,0.0
2024-08-12 00:00:00-04:00,1.0035087827253852,1.0126315809431523,0.9487718846664491,0.9578946828842163,54400,0.0,0.0
2024-08-13 00:00:00-04:00,0.9670174639475999,1.0126315629795986,0.9396490697797995,0.9852631688117981,315600,0.0,0.0
2024-08-14 00:00:00-04:00,0.9852632093657719,1.0035088062286377,0.976140410934339,1.0035088062286377,84100,0.0,0.0
2024-08-15 00:00:00-04:00,0.9943859399128087,1.039999928956013,0.9943859399128087,1.0126315355300903,82600,0.0,0.0
2024-08-16 00:00:00-04:00,1.0126315180401375,1.0308771133422852,1.0035087203890636,1.0308771133422852,86300,0.0,0.0
2024-08-19 00:00:00-04:00,1.0308771823021703,1.039999980563508,1.0126315857794947,1.0217543840408325,41400,0.0,0.0
2024-08-20 00:00:00-04:00,1.0126315355300903,1.039999928956013,1.0035087377214496,1.0126315355300903,76200,0.0,0.0
2024-08-21 00:00:00-04:00,0.9943859399128087,1.039999928956013,0.9943859399128087,1.0126315355300903,38800,0.0,0.0
2024-08-22 00:00:00-04:00,1.0126315675613946,1.0399999618530273,1.0126315675613946,1.0399999618530273,41600,0.0,0.0
2024-08-23 00:00:00-04:00,1.0217543656586057,1.0582455580474492,1.0217543656586057,1.0399999618530273,56900,0.0,0.0
2024-08-26 00:00:00-04:00,1.0217543156912112,1.039999910993359,1.0217543156912112,1.0308771133422852,13300,0.0,0.0
2024-08-27 00:00:00-04:00,1.0308771637558165,1.0399999618530273,1.0217543656586057,1.0399999618530273,34100,0.0,0.0
2024-08-28 00:00:00-04:00,1.0217543479102478,1.0582455396652222,1.0217543479102478,1.0582455396652222,71300,0.0,0.0
2024-08-29 00:00:00-04:00,1.0308772132925916,1.0673684074349477,1.0217544147570026,1.0491228103637695,52600,0.0,0.0
2024-08-30 00:00:00-04:00,1.0491227599502382,1.0491227599502382,1.0308771637558165,1.0399999618530273,11600,0.0,0.0
2024-09-03 00:00:00-04:00,1.039999910993359,1.039999910993359,0.9761403274358419,1.0308771133422852,85100,0.0,0.0
2024-09-04 00:00:00-04:00,1.0126315857794947,1.0308771823021703,1.003508787518157,1.0217543840408325,23300,0.0,0.0
2024-09-05 00:00:00-04:00,1.0126315355300903,1.0308771311473721,0.9761403442955269,1.0126315355300903,25200,0.0,0.0
2024-09-06 00:00:00-04:00,1.0308771823021703,1.0308771823021703,0.9943859892568192,1.0217543840408325,9900,0.0,0.0
2024-09-09 00:00:00-04:00,1.0217543656586057,1.0399999618530273,0.9943859713669729,1.0399999618530273,15100,0.0,0.0
2024-09-10 00:00:00-04:00,1.0217543156912112,1.039999910993359,1.0035087203890636,1.0308771133422852,79600,0.0,0.0
2024-09-11 00:00:00-04:00,1.0035087377214496,1.039999928956013,0.9943859399128087,1.0126315355300903,62900,0.0,0.0
2024-09-12 00:00:00-04:00,0.9943859227379896,1.0308771133422852,0.9943859227379896,1.0308771133422852,13100,0.0,0.0
2024-09-13 00:00:00-04:00,1.0217543333387313,1.0308771311473721,1.0035087377214496,1.0126315355300903,53800,0.0,0.0
2024-09-16 00:00:00-04:00,1.0035087377214496,1.0308771311473721,1.0035087377214496,1.0126315355300903,26900,0.0,0.0
2024-09-17 00:00:00-04:00,1.0217543840408325,1.0308771823021703,1.0126315857794947,1.0217543840408325,41700,0.0,0.0
2024-09-18 00:00:00-04:00,1.0126315355300903,1.039999928956013,1.0126315355300903,1.0126315355300903,45100,0.0,0.0
2024-09-19 00:00:00-04:00,1.0217543656586057,1.0399999618530273,1.0217543656586057,1.0399999618530273,49900,0.0,0.0
2024-09-20 00:00:00-04:00,1.030877128549177,1.076491117477417,1.012631532977881,1.076491117477417,54200,0.0,0.0
2024-09-23 00:00:00-04:00,1.0856140422337826,1.0856140422337826,1.0217543479102478,1.0582455396652222,47700,0.0,0.0
2024-09-24 00:00:00-04:00,1.0491227788248458,1.0491227788248458,1.0126315857794947,1.0217543840408325,187400,0.0,0.0
2024-09-25 00:00:00-04:00,1.0217543840408325,1.0308771823021703,1.003508787518157,1.0217543840408325,34500,0.0,0.0
2024-09-26 00:00:00-04:00,1.0126315675613946,1.0491227599502382,1.0035087694641838,1.0399999618530273,298100,0.0,0.0
2024-09-27 00:00:00-04:00,1.0308771133422852,1.0308771133422852,0.9943859227379896,1.0308771133422852,60200,0.0,0.0
2024-09-30 00:00:00-04:00,1.0308771823021703,1.0491227788248458,1.003508787518157,1.0217543840408325,81300,0.0,0.0
2024-10-01 00:00:00-04:00,1.0217543333387313,1.0308771311473721,0.9943859399128087,1.0126315355300903,92200,0.0,0.0
2024-10-02 00:00:00-04:00,1.0035087694641838,1.0491227599502382,1.0035087694641838,1.0399999618530273,56300,0.0,0.0
2024-10-03 00:00:00-04:00,1.0217543156912112,1.049122708644433,1.0217543156912112,1.0308771133422852,17600,0.0,0.0
2024-10-04 00:00:00-04:00,1.0217543656586057,1.0582455580474492,1.0126315675613946,1.0399999618530273,92100,0.0,0.0
2024-10-07 00:00:00-04:00,1.0308771133422852,1.039999910993359,1.0126315180401375,1.0308771133422852,32500,0.0,0.0
2024-10-08 00:00:00-04:00,1.0308771133422852,1.039999910993359,1.0217543156912112,1.0308771133422852,14700,0.0,0.0
2024-10-09 00:00:00-04:00,1.0308771637558165,1.0399999618530273,1.0217543656586057,1.0399999618530273,32900,0.0,0.0
2024-10-10 00:00:00-04:00,1.0217543840408325,1.0673683753475214,1.0217543840408325,1.0217543840408325,112000,0.0,0.0
2024-10-11 00:00:00-04:00,1.0217543656586057,1.0491227599502382,1.0217543656586057,1.0399999618530273,49700,0.0,0.0
2024-10-14 00:00:00-04:00,1.0308771133422852,1.049122708644433,1.0308771133422852,1.0308771133422852,42300,0.0,0.0
2024-10-15 00:00:00-04:00,1.0308771133422852,1.049122708644433,1.0308771133422852,1.0308771133422852,51100,0.0,0.0
2024-10-16 00:00:00-04:00,1.0308771133422852,1.049122708644433,1.0217543156912112,1.0308771133422852,36300,0.0,0.0
2024-10-17 00:00:00-04:00,1.0126315180401375,1.049122708644433,1.0126315180401375,1.0308771133422852,25700,0.0,0.0
2024-10-18 00:00:00-04:00,1.0491228103637695,1.0491228103637695,1.0217544147570026,1.0491228103637695,78400,0.0,0.0
2024-10-21 00:00:00-04:00,1.0399999618530273,1.0582455580474492,1.0308771637558165,1.0399999618530273,40900,0.0,0.0
2024-10-22 00:00:00-04:00,1.039999943787735,1.0764911355427091,1.039999943787735,1.0582455396652222,100200,0.0,0.0
2024-10-23 00:00:00-04:00,1.076491154241871,1.076491154241871,1.0308771637558165,1.0399999618530273,43400,0.0,0.0
2024-10-24 00:00:00-04:00,1.0308771458489914,1.0582455396652222,1.0217543479102478,1.0582455396652222,35600,0.0,0.0
2024-10-25 00:00:00-04:00,1.06736835614466,1.06736835614466,1.0399999618530273,1.0399999618530273,20900,0.0,0.0
2024-10-28 00:00:00-04:00,1.0308771823021703,1.0491227788248458,1.0217543840408325,1.0217543840408325,38300,0.0,0.0
2024-10-29 00:00:00-04:00,1.039999910993359,1.039999910993359,1.0217543156912112,1.0308771133422852,24800,0.0,0.0
2024-10-30 00:00:00-04:00,1.0582456088993586,1.0856141132584627,1.0400000118281805,1.0491228103637695,331100,0.0,0.0
2024-10-31 00:00:00-04:00,1.0400000118281805,1.0764912059705367,1.0217544147570026,1.0491228103637695,66900,0.0,0.0
2024-11-01 00:00:00-04:00,1.039999910993359,1.0582455062955067,1.0308771133422852,1.0308771133422852,45900,0.0,0.0
2024-11-04 00:00:00-05:00,1.0308771133422852,1.049122708644433,0.9943859227379896,1.0308771133422852,280300,0.0,0.0
2024-11-05 00:00:00-05:00,1.0491227788248458,1.0491227788248458,1.0126315857794947,1.0217543840408325,144100,0.0,0.0
2024-11-06 00:00:00-05:00,1.049122708644433,1.049122708644433,1.0217543156912112,1.0308771133422852,173500,0.0,0.0
2024-11-07 00:00:00-05:00,1.0217543156912112,1.049122708644433,1.0217543156912112,1.0308771133422852,170900,0.0,0.0
2024-11-08 00:00:00-05:00,1.0308772132925916,1.0491228103637695,1.0217544147570026,1.0491228103637695,115100,0.0,0.0
2024-11-11 00:00:00-05:00,1.0491227599502382,1.076491154241871,1.0308771637558165,1.0399999618530273,198200,0.0,0.0
2024-11-12 00:00:00-05:00,1.0491227417264786,1.0582455396652222,1.039999943787735,1.0582455396652222,87400,0.0,0.0
2024-11-13 00:00:00-05:00,1.0491227599502382,1.0582455580474492,1.0308771637558165,1.0399999618530273,131400,0.0,0.0
2024-11-14 00:00:00-05:00,1.0491227599502382,1.0582455580474492,1.0217543656586057,1.0399999618530273,205400,0.0,0.0
2024-11-15 00:00:00-05:00,1.100000023841858,1.100000023841858,1.0199999809265137,1.0399999618530273,194000,0.1,0.0
2024-11-18 00:00:00-05:00,1.0399999618530273,1.059999942779541,1.0199999809265137,1.0199999809265137,96600,0.0,0.0
2024-11-19 00:00:00-05:00,1.0199999809265137,1.0399999618530273,1.0099999904632568,1.0099999904632568,109300,0.0,0.0
2024-11-20 00:00:00-05:00,1.0099999904632568,1.0199999809265137,0.9700000286102295,0.9900000095367432,103800,0.0,0.0
2024-11-21 00:00:00-05:00,0.9800000190734863,1.0199999809265137,0.9599999785423279,0.9700000286102295,163700,0.0,0.0
2024-11-22 00:00:00-05:00,0.9700000286102295,0.9900000095367432,0.9300000071525574,0.9700000286102295,106700,0.0,0.0
2024-11-25 00:00:00-05:00,0.949999988079071,1.0,0.949999988079071,0.9800000190734863,212300,0.0,0.0
2024-11-26 00:00:00-05:00,1.0,1.0499999523162842,1.0,1.0399999618530273,198400,0.0,0.0
2024-11-27 00:00:00-05:00,1.059999942779541,1.0700000524520874,1.0199999809265137,1.0299999713897705,101500,0.0,0.0
2024-11-29 00:00:00-05:00,1.0099999904632568,1.100000023841858,1.0099999904632568,1.0800000429153442,203000,0.0,0.0
2024-12-02 00:00:00-05:00,1.090000033378601,1.100000023841858,1.059999942779541,1.0700000524520874,190500,0.0,0.0
2024-12-03 00:00:00-05:00,1.059999942779541,1.1299999952316284,1.0299999713897705,1.0700000524520874,231800,0.0,0.0
2024-12-04 00:00:00-05:00,1.090000033378601,1.090000033378601,1.0399999618530273,1.059999942779541,48500,0.0,0.0
2024-12-05 00:00:00-05:00,1.0499999523162842,1.0499999523162842,1.0199999809265137,1.0399999618530273,55500,0.0,0.0
2024-12-06 00:00:00-05:00,1.0199999809265137,1.090000033378601,1.0199999809265137,1.0499999523162842,54800,0.0,0.0
2024-12-09 00:00:00-05:00,1.0499999523162842,1.0700000524520874,1.0399999618530273,1.0499999523162842,88300,0.0,0.0
2024-12-10 00:00:00-05:00,1.0700000524520874,1.0800000429153442,1.0399999618530273,1.059999942779541,75700,0.0,0.0
2024-12-11 00:00:00-05:00,1.0299999713897705,1.059999942779541,1.0299999713897705,1.0299999713897705,60500,0.0,0.0
2024-12-12 00:00:00-05:00,1.0299999713897705,1.0399999618530273,1.0099999904632568,1.0299999713897705,100600,0.0,0.0
2024-12-13 00:00:00-05:00,1.0099999904632568,1.0499999523162842,1.0,1.0199999809265137,155400,0.0,0.0
2024-12-16 00:00:00-05:00,1.0299999713897705,1.0299999713897705,1.0099999904632568,1.0099999904632568,85500,0.0,0.0
2024-12-17 00:00:00-05:00,0.9300000071525574,0.9300000071525574,0.6800000071525574,0.699999988079071,1735000,0.0,0.0
2024-12-18 00:00:00-05:00,0.7099999785423279,0.7300000190734863,0.6899999976158142,0.7099999785423279,323800,0.0,0.0
2024-12-19 00:00:00-05:00,0.699999988079071,0.7599999904632568,0.6899999976158142,0.7099999785423279,220700,0.0,0.0
2024-12-20 00:00:00-05:00,0.7099999785423279,0.7799999713897705,0.7099999785423279,0.7599999904632568,450200,0.0,0.0
2024-12-23 00:00:00-05:00,0.7599999904632568,0.7799999713897705,0.7400000095367432,0.7400000095367432,96500,0.0,0.0
2024-12-24 00:00:00-05:00,0.75,0.75,0.7099999785423279,0.7300000190734863,34700,0.0,0.0
2024-12-26 00:00:00-05:00,0.7400000095367432,0.7400000095367432,0.7099999785423279,0.7099999785423279,91400,0.0,0.0
2024-12-27 00:00:00-05:00,0.699999988079071,0.7300000190734863,0.6899999976158142,0.7300000190734863,171500,0.0,0.0
2024-12-30 00:00:00-05:00,0.7200000286102295,0.7400000095367432,0.6899999976158142,0.699999988079071,214300,0.0,0.0
2024-12-31 00:00:00-05:00,0.699999988079071,0.7400000095367432,0.699999988079071,0.7099999785423279,171300,0.0,0.0
2025-01-02 00:00:00-05:00,0.7099999785423279,0.75,0.7099999785423279,0.7200000286102295,134300,0.0,0.0
2025-01-03 00:00:00-05:00,0.7300000190734863,0.7400000095367432,0.7200000286102295,0.7400000095367432,89900,0.0,0.0
2025-01-06 00:00:00-05:00,0.7300000190734863,0.7599999904632568,0.7200000286102295,0.7200000286102295,57300,0.0,0.0
2025-01-07 00:00:00-05:00,0.7099999785423279,0.7400000095367432,0.699999988079071,0.7099999785423279,105300,0.0,0.0
2025-01-08 00:00:00-05:00,0.6899999976158142,0.7200000286102295,0.6800000071525574,0.7099999785423279,80900,0.0,0.0
2025-01-10 00:00:00-05:00,0.6800000071525574,0.7099999785423279,0.6800000071525574,0.6800000071525574,95400,0.0,0.0
2025-01-13 00:00:00-05:00,0.6800000071525574,0.699999988079071,0.6499999761581421,0.6600000262260437,109400,0.0,0.0
2025-01-14 00:00:00-05:00,0.6600000262260437,0.6800000071525574,0.6499999761581421,0.6499999761581421,108000,0.0,0.0
2025-01-15 00:00:00-05:00,0.6499999761581421,0.7099999785423279,0.6299999952316284,0.699999988079071,307100,0.0,0.0
2025-01-16 00:00:00-05:00,0.7200000286102295,0.699999988079071,0.650600016117096,0.6650000214576721,95569,0.0,0.0
