Date,Open,High,Low,Close,Volume,Dividends,Stock Splits
2022-01-03 00:00:00-05:00,13.0,14.149999618530273,13.0,14.020000457763672,9900,0.0,0.0
2022-01-04 00:00:00-05:00,13.989999771118164,14.449999809265137,13.586999893188477,14.350000381469727,10400,0.0,0.0
2022-01-05 00:00:00-05:00,14.210000038146973,14.770000457763672,13.850000381469727,13.90999984741211,24700,0.0,0.0
2022-01-06 00:00:00-05:00,14.0600004196167,14.550000190734863,13.920000076293945,13.960000038146973,8000,0.0,0.0
2022-01-07 00:00:00-05:00,13.989999771118164,14.300000190734863,13.989999771118164,13.989999771118164,6300,0.0,0.0
2022-01-10 00:00:00-05:00,13.649999618530273,14.229999542236328,13.649999618530273,14.010000228881836,9400,0.0,0.0
2022-01-11 00:00:00-05:00,13.975000381469727,14.347000122070312,13.760000228881836,14.09000015258789,9900,0.0,0.0
2022-01-12 00:00:00-05:00,14.289999961853027,14.5600004196167,13.729999542236328,13.90999984741211,18000,0.0,0.0
2022-01-13 00:00:00-05:00,13.920000076293945,14.960000038146973,13.920000076293945,14.369999885559082,27600,0.0,0.0
2022-01-14 00:00:00-05:00,14.3149995803833,14.3149995803833,13.960000038146973,14.109999656677246,10300,0.0,0.0
2022-01-18 00:00:00-05:00,14.050000190734863,14.369999885559082,14.0,14.010000228881836,19000,0.0,0.0
2022-01-19 00:00:00-05:00,14.300000190734863,15.0,14.100000381469727,14.710000038146973,34500,0.0,0.0
2022-01-20 00:00:00-05:00,15.039999961853027,15.039999961853027,14.0,14.0,11600,0.0,0.0
2022-01-21 00:00:00-05:00,14.010000228881836,14.300000190734863,13.75,13.75,25400,0.0,0.0
2022-01-24 00:00:00-05:00,12.850000381469727,14.102999687194824,12.699999809265137,13.789999961853027,16800,0.0,0.0
2022-01-25 00:00:00-05:00,13.800000190734863,13.890000343322754,13.380000114440918,13.4399995803833,14400,0.0,0.0
2022-01-26 00:00:00-05:00,13.989999771118164,13.989999771118164,13.229999542236328,13.449999809265137,9500,0.0,0.0
2022-01-27 00:00:00-05:00,13.585000038146973,13.75,12.710000038146973,12.779999732971191,20400,0.0,0.0
2022-01-28 00:00:00-05:00,13.029999732971191,13.119999885559082,12.710000038146973,12.989999771118164,10000,0.0,0.0
2022-01-31 00:00:00-05:00,13.0,14.649999618530273,13.0,14.520000457763672,14700,0.0,0.0
2022-02-01 00:00:00-05:00,14.640000343322754,14.949999809265137,14.460000038146973,14.619999885559082,22700,0.0,0.0
2022-02-02 00:00:00-05:00,14.699999809265137,15.34000015258789,14.119999885559082,14.359999656677246,22600,0.0,0.0
2022-02-03 00:00:00-05:00,14.550000190734863,14.75,14.010000228881836,14.40999984741211,15900,0.0,0.0
2022-02-04 00:00:00-05:00,14.300000190734863,14.600000381469727,13.958000183105469,14.279999732971191,10300,0.0,0.0
2022-02-07 00:00:00-05:00,14.5,14.800000190734863,13.805000305175781,14.039999961853027,8100,0.0,0.0
2022-02-08 00:00:00-05:00,14.399999618530273,14.399999618530273,13.760000228881836,13.979999542236328,13200,0.0,0.0
2022-02-09 00:00:00-05:00,14.350000381469727,14.350000381469727,13.350000381469727,13.6899995803833,11400,0.0,0.0
2022-02-10 00:00:00-05:00,13.609999656677246,13.770000457763672,13.218000411987305,13.399999618530273,13600,0.0,0.0
2022-02-11 00:00:00-05:00,13.5,13.539999961853027,13.119999885559082,13.260000228881836,10100,0.0,0.0
2022-02-14 00:00:00-05:00,13.619999885559082,14.0,12.479999542236328,12.760000228881836,21600,0.0,0.0
2022-02-15 00:00:00-05:00,12.850000381469727,13.380000114440918,12.739999771118164,13.199999809265137,52600,0.0,0.0
2022-02-16 00:00:00-05:00,13.649999618530273,13.90999984741211,12.930000305175781,13.869999885559082,39600,0.0,0.0
2022-02-17 00:00:00-05:00,16.0,17.979999542236328,15.270000457763672,16.56999969482422,145700,0.0,0.0
2022-02-18 00:00:00-05:00,16.450000762939453,17.56999969482422,16.059999465942383,16.260000228881836,51200,0.0,0.0
2022-02-22 00:00:00-05:00,15.970000267028809,16.079999923706055,15.062999725341797,15.40999984741211,45700,0.0,0.0
2022-02-23 00:00:00-05:00,15.40999984741211,16.110000610351562,14.65999984741211,15.770000457763672,42800,0.0,0.0
2022-02-24 00:00:00-05:00,15.199999809265137,16.729999542236328,13.680000305175781,15.930000305175781,48500,0.0,0.0
2022-02-25 00:00:00-05:00,15.930000305175781,16.68000030517578,15.760000228881836,16.010000228881836,20800,0.0,0.0
2022-02-28 00:00:00-05:00,15.930000305175781,16.010000228881836,15.407999992370605,15.770000457763672,16400,0.0,0.0
2022-03-01 00:00:00-05:00,15.979999542236328,16.049999237060547,15.5,15.90999984741211,19300,0.0,0.0
2022-03-02 00:00:00-05:00,15.800000190734863,16.1200008392334,15.529999732971191,16.06999969482422,9500,0.0,0.0
2022-03-03 00:00:00-05:00,16.229999542236328,16.229999542236328,15.75,15.970000267028809,15600,0.0,0.0
2022-03-04 00:00:00-05:00,15.949999809265137,16.18000030517578,15.949999809265137,16.100000381469727,4900,0.0,0.0
2022-03-07 00:00:00-05:00,16.280000686645508,16.280000686645508,15.84000015258789,15.869999885559082,7000,0.0,0.0
2022-03-08 00:00:00-05:00,16.08099937438965,16.219999313354492,15.8100004196167,15.979999542236328,12700,0.0,0.0
2022-03-09 00:00:00-05:00,16.020000457763672,16.100000381469727,15.8100004196167,15.949999809265137,11500,0.0,0.0
2022-03-10 00:00:00-05:00,15.869999885559082,16.934999465942383,15.600000381469727,16.420000076293945,23500,0.0,0.0
2022-03-11 00:00:00-05:00,16.450000762939453,16.450000762939453,15.979999542236328,15.979999542236328,11300,0.0,0.0
2022-03-14 00:00:00-04:00,16.200000762939453,16.200000762939453,15.678000450134277,15.710000038146973,10100,0.0,0.0
2022-03-15 00:00:00-04:00,15.699999809265137,16.450000762939453,15.510000228881836,16.18000030517578,21000,0.0,0.0
2022-03-16 00:00:00-04:00,16.3799991607666,16.979999542236328,16.0939998626709,16.969999313354492,29100,0.0,0.0
2022-03-17 00:00:00-04:00,16.719999313354492,16.989999771118164,16.565000534057617,16.639999389648438,7700,0.0,0.0
2022-03-18 00:00:00-04:00,16.579999923706055,16.579999923706055,16.04599952697754,16.399999618530273,20000,0.0,0.0
2022-03-21 00:00:00-04:00,16.15999984741211,16.15999984741211,15.989999771118164,16.15999984741211,3700,0.0,0.0
2022-03-22 00:00:00-04:00,16.110000610351562,16.280000686645508,15.494999885559082,15.850000381469727,9900,0.0,0.0
2022-03-23 00:00:00-04:00,15.890000343322754,16.09000015258789,15.890000343322754,15.90999984741211,5200,0.0,0.0
2022-03-24 00:00:00-04:00,16.190000534057617,16.190000534057617,15.960000038146973,16.18000030517578,2200,0.0,0.0
2022-03-25 00:00:00-04:00,15.725000381469727,16.200000762939453,15.0,15.0,7600,0.0,0.0
2022-03-28 00:00:00-04:00,15.170000076293945,16.299999237060547,15.170000076293945,15.829999923706055,16900,0.0,0.0
2022-03-29 00:00:00-04:00,16.149999618530273,17.030000686645508,15.899999618530273,16.170000076293945,22500,0.0,0.0
2022-03-30 00:00:00-04:00,16.1299991607666,16.149999618530273,15.609999656677246,15.609999656677246,7200,0.0,0.0
2022-03-31 00:00:00-04:00,15.779999732971191,16.649999618530273,15.470000267028809,15.9399995803833,17400,0.0,0.0
2022-04-01 00:00:00-04:00,15.710000038146973,16.219999313354492,15.59000015258789,15.890000343322754,10500,0.0,0.0
2022-04-04 00:00:00-04:00,15.449999809265137,16.200000762939453,15.039999961853027,15.050000190734863,26600,0.0,0.0
2022-04-05 00:00:00-04:00,15.050000190734863,16.399999618530273,14.850000381469727,15.260000228881836,22400,0.0,0.0
2022-04-06 00:00:00-04:00,15.210000038146973,15.510000228881836,13.300000190734863,14.59000015258789,30500,0.0,0.0
2022-04-07 00:00:00-04:00,14.899999618530273,15.920000076293945,13.960000038146973,15.260000228881836,17200,0.0,0.0
2022-04-08 00:00:00-04:00,16.81999969482422,16.81999969482422,14.949999809265137,15.710000038146973,25100,0.0,0.0
2022-04-11 00:00:00-04:00,15.859999656677246,16.600000381469727,15.5,15.699999809265137,13700,0.0,0.0
2022-04-12 00:00:00-04:00,16.139999389648438,16.2549991607666,15.510000228881836,15.949999809265137,13200,0.0,0.0
2022-04-13 00:00:00-04:00,15.604000091552734,16.010000228881836,15.5,15.8100004196167,4200,0.0,0.0
2022-04-14 00:00:00-04:00,15.9399995803833,16.270000457763672,15.829999923706055,16.040000915527344,7600,0.0,0.0
2022-04-18 00:00:00-04:00,16.200000762939453,16.200000762939453,15.75,15.930000305175781,5400,0.0,0.0
2022-04-19 00:00:00-04:00,16.260000228881836,16.295000076293945,15.899999618530273,15.899999618530273,4300,0.0,0.0
2022-04-20 00:00:00-04:00,16.329999923706055,16.40999984741211,15.854999542236328,16.280000686645508,4900,0.0,0.0
2022-04-21 00:00:00-04:00,16.260000228881836,16.5,15.960000038146973,16.100000381469727,8800,0.0,0.0
2022-04-22 00:00:00-04:00,15.960000038146973,16.100000381469727,15.850000381469727,15.920000076293945,5200,0.0,0.0
2022-04-25 00:00:00-04:00,15.859999656677246,16.100000381469727,15.710000038146973,15.949999809265137,8100,0.0,0.0
2022-04-26 00:00:00-04:00,15.630000114440918,16.209999084472656,15.630000114440918,15.760000228881836,7100,0.0,0.0
2022-04-27 00:00:00-04:00,15.970000267028809,16.020000457763672,15.510000228881836,15.510000228881836,4700,0.0,0.0
2022-04-28 00:00:00-04:00,15.65999984741211,16.56999969482422,15.425000190734863,16.1200008392334,7500,0.0,0.0
2022-04-29 00:00:00-04:00,16.200000762939453,16.459999084472656,15.489999771118164,15.489999771118164,8700,0.0,0.0
2022-05-02 00:00:00-04:00,15.59000015258789,15.779999732971191,15.079999923706055,15.600000381469727,8900,0.0,0.0
2022-05-03 00:00:00-04:00,15.850000381469727,16.0,15.149999618530273,15.300000190734863,10900,0.0,0.0
2022-05-04 00:00:00-04:00,15.149999618530273,16.25,15.149999618530273,16.25,11700,0.0,0.0
2022-05-05 00:00:00-04:00,16.030000686645508,16.200000762939453,15.239999771118164,16.0,16500,0.0,0.0
2022-05-06 00:00:00-04:00,15.664999961853027,16.170000076293945,15.664999961853027,16.0,7700,0.0,0.0
2022-05-09 00:00:00-04:00,15.9399995803833,16.360000610351562,15.890000343322754,16.15999984741211,8100,0.0,0.0
2022-05-10 00:00:00-04:00,16.0,16.0,15.890000343322754,15.890000343322754,5000,0.0,0.0
2022-05-11 00:00:00-04:00,15.84000015258789,16.5,15.25,15.25,10800,0.0,0.0
2022-05-12 00:00:00-04:00,15.359999656677246,16.290000915527344,14.850000381469727,14.850000381469727,14100,0.0,0.0
2022-05-13 00:00:00-04:00,15.0,15.600000381469727,14.850000381469727,15.050000190734863,13400,0.0,0.0
2022-05-16 00:00:00-04:00,15.010000228881836,15.880000114440918,15.010000228881836,15.449999809265137,13000,0.0,0.0
2022-05-17 00:00:00-04:00,15.609999656677246,16.34000015258789,15.609999656677246,15.899999618530273,7600,0.0,0.0
2022-05-18 00:00:00-04:00,16.049999237060547,16.25,15.399999618530273,15.399999618530273,17900,0.0,0.0
2022-05-19 00:00:00-04:00,15.399999618530273,16.094999313354492,15.024999618530273,15.399999618530273,35600,0.0,0.0
2022-05-20 00:00:00-04:00,15.40999984741211,16.90999984741211,15.369999885559082,16.3700008392334,94700,0.0,0.0
2022-05-23 00:00:00-04:00,16.0,16.625,15.473999977111816,16.309999465942383,48200,0.0,0.0
2022-05-24 00:00:00-04:00,16.190000534057617,17.0,16.190000534057617,16.8799991607666,33100,0.0,0.0
2022-05-25 00:00:00-04:00,16.8799991607666,17.899999618530273,16.8799991607666,17.760000228881836,44700,0.0,0.0
2022-05-26 00:00:00-04:00,18.0,18.0,17.75,17.979999542236328,33300,0.0,0.0
2022-05-27 00:00:00-04:00,18.0,18.0,17.510000228881836,17.979999542236328,17700,0.0,0.0
2022-05-31 00:00:00-04:00,17.979999542236328,18.0,17.645999908447266,17.899999618530273,20900,0.0,0.0
2022-06-01 00:00:00-04:00,17.979999542236328,18.0,17.010000228881836,17.329999923706055,24000,0.0,0.0
2022-06-02 00:00:00-04:00,17.510000228881836,17.940000534057617,17.385000228881836,17.780000686645508,16100,0.0,0.0
2022-06-03 00:00:00-04:00,17.639999389648438,17.989999771118164,17.510000228881836,17.56999969482422,11700,0.0,0.0
2022-06-06 00:00:00-04:00,17.90999984741211,17.989999771118164,17.729999542236328,17.770000457763672,14500,0.0,0.0
2022-06-07 00:00:00-04:00,17.770000457763672,17.969999313354492,17.65999984741211,17.770000457763672,14400,0.0,0.0
2022-06-08 00:00:00-04:00,17.81999969482422,17.81999969482422,16.594999313354492,16.8700008392334,23000,0.0,0.0
2022-06-09 00:00:00-04:00,17.385000228881836,17.49799919128418,16.735000610351562,16.969999313354492,22200,0.0,0.0
2022-06-10 00:00:00-04:00,16.739999771118164,17.020000457763672,16.020000457763672,16.360000610351562,9300,0.0,0.0
2022-06-13 00:00:00-04:00,16.010000228881836,17.0,16.010000228881836,16.90999984741211,30900,0.0,0.0
2022-06-14 00:00:00-04:00,17.1200008392334,17.309999465942383,16.989999771118164,17.09000015258789,17200,0.0,0.0
2022-06-15 00:00:00-04:00,17.200000762939453,17.34000015258789,16.857999801635742,16.989999771118164,9300,0.0,0.0
2022-06-16 00:00:00-04:00,16.6299991607666,16.90999984741211,16.280000686645508,16.440000534057617,8400,0.0,0.0
2022-06-17 00:00:00-04:00,16.5,16.649999618530273,16.024999618530273,16.450000762939453,19200,0.0,0.0
2022-06-21 00:00:00-04:00,16.5,16.90999984741211,16.5,16.729999542236328,12600,0.0,0.0
2022-06-22 00:00:00-04:00,16.75,16.81999969482422,16.1200008392334,16.579999923706055,9400,0.0,0.0
2022-06-23 00:00:00-04:00,16.610000610351562,16.700000762939453,16.049999237060547,16.700000762939453,12200,0.0,0.0
2022-06-24 00:00:00-04:00,16.5,17.309999465942383,16.139999389648438,17.239999771118164,68300,0.0,0.0
2022-06-27 00:00:00-04:00,17.15999984741211,17.399999618530273,16.75,17.229999542236328,24600,0.0,0.0
2022-06-28 00:00:00-04:00,16.799999237060547,17.1299991607666,16.549999237060547,16.579999923706055,10500,0.0,0.0
2022-06-29 00:00:00-04:00,16.770000457763672,17.058000564575195,16.600000381469727,16.6200008392334,32400,0.0,0.0
2022-06-30 00:00:00-04:00,16.459999084472656,16.917999267578125,16.459999084472656,16.8700008392334,7100,0.0,0.0
2022-07-01 00:00:00-04:00,16.90999984741211,16.979999542236328,16.375,16.920000076293945,6900,0.0,0.0
2022-07-05 00:00:00-04:00,16.8700008392334,18.0,16.575000762939453,18.0,20800,0.0,0.0
2022-07-06 00:00:00-04:00,18.0,18.0,16.979999542236328,17.170000076293945,7900,0.0,0.0
2022-07-07 00:00:00-04:00,17.892000198364258,17.892000198364258,17.211999893188477,17.790000915527344,12300,0.0,0.0
2022-07-08 00:00:00-04:00,17.520000457763672,17.84000015258789,17.1560001373291,17.670000076293945,8600,0.0,0.0
2022-07-11 00:00:00-04:00,17.5,17.979999542236328,17.108999252319336,17.309999465942383,7700,0.0,0.0
2022-07-12 00:00:00-04:00,17.139999389648438,17.989999771118164,17.139999389648438,17.170000076293945,4300,0.0,0.0
2022-07-13 00:00:00-04:00,17.149999618530273,17.399999618530273,17.065000534057617,17.100000381469727,6300,0.0,0.0
2022-07-14 00:00:00-04:00,17.273000717163086,17.799999237060547,17.020000457763672,17.520000457763672,26700,0.0,0.0
2022-07-15 00:00:00-04:00,18.0,18.040000915527344,17.709999084472656,18.040000915527344,16300,0.0,0.0
2022-07-18 00:00:00-04:00,18.25,19.0,18.25,18.8700008392334,30500,0.0,0.0
2022-07-19 00:00:00-04:00,19.0,20.690000534057617,18.719999313354492,19.68000030517578,150500,0.0,0.0
2022-07-20 00:00:00-04:00,20.0,20.0,18.700000762939453,18.850000381469727,32500,0.0,0.0
2022-07-21 00:00:00-04:00,18.8700008392334,19.170000076293945,18.030000686645508,18.739999771118164,17900,0.0,0.0
2022-07-22 00:00:00-04:00,18.6299991607666,18.889999389648438,18.389999389648438,18.440000534057617,8100,0.0,0.0
2022-07-25 00:00:00-04:00,18.299999237060547,18.889999389648438,17.961000442504883,18.399999618530273,16500,0.0,0.0
2022-07-26 00:00:00-04:00,18.399999618530273,18.77400016784668,17.760000228881836,18.40999984741211,13100,0.0,0.0
2022-07-27 00:00:00-04:00,18.6299991607666,18.829999923706055,18.200000762939453,18.829999923706055,11900,0.0,0.0
2022-07-28 00:00:00-04:00,18.8700008392334,18.8700008392334,17.899999618530273,18.020000457763672,19000,0.0,0.0
2022-07-29 00:00:00-04:00,18.200000762939453,18.690000534057617,17.760000228881836,18.059999465942383,12700,0.0,0.0
2022-08-01 00:00:00-04:00,17.799999237060547,18.389999389648438,17.799999237060547,18.3799991607666,5800,0.0,0.0
2022-08-02 00:00:00-04:00,18.399999618530273,18.68000030517578,18.399999618530273,18.479999542236328,7700,0.0,0.0
2022-08-03 00:00:00-04:00,18.667999267578125,19.6299991607666,18.5,19.18000030517578,48000,0.0,0.0
2022-08-04 00:00:00-04:00,19.729999542236328,19.780000686645508,18.420000076293945,19.350000381469727,20800,0.0,0.0
2022-08-05 00:00:00-04:00,19.139999389648438,19.34000015258789,18.920000076293945,19.200000762939453,11200,0.0,0.0
2022-08-08 00:00:00-04:00,19.06999969482422,19.93899917602539,18.584999084472656,19.209999084472656,27300,0.0,0.0
2022-08-09 00:00:00-04:00,19.0,19.226999282836914,18.639999389648438,18.670000076293945,13900,0.0,0.0
2022-08-10 00:00:00-04:00,18.81999969482422,18.81999969482422,17.979999542236328,18.209999084472656,59200,0.0,0.0
2022-08-11 00:00:00-04:00,17.8799991607666,18.139999389648438,17.510000228881836,17.610000610351562,26800,0.0,0.0
2022-08-12 00:00:00-04:00,17.489999771118164,18.309999465942383,16.89900016784668,18.1299991607666,54000,0.0,0.0
2022-08-15 00:00:00-04:00,17.920000076293945,18.40999984741211,17.572999954223633,18.350000381469727,41200,0.0,0.0
2022-08-16 00:00:00-04:00,18.329999923706055,18.549999237060547,18.0,18.389999389648438,53100,0.0,0.0
2022-08-17 00:00:00-04:00,18.100000381469727,18.459999084472656,17.639999389648438,17.649999618530273,41000,0.0,0.0
2022-08-18 00:00:00-04:00,17.600000381469727,18.0,17.190000534057617,17.239999771118164,29000,0.0,0.0
2022-08-19 00:00:00-04:00,17.149999618530273,17.385000228881836,16.25,16.299999237060547,29600,0.0,0.0
2022-08-22 00:00:00-04:00,16.030000686645508,16.520000457763672,16.020000457763672,16.450000762939453,14500,0.0,0.0
2022-08-23 00:00:00-04:00,16.43400001525879,17.0,16.43400001525879,16.829999923706055,16200,0.0,0.0
2022-08-24 00:00:00-04:00,16.799999237060547,17.06999969482422,16.44499969482422,16.950000762939453,17500,0.0,0.0
2022-08-25 00:00:00-04:00,16.649999618530273,17.0,16.06999969482422,16.950000762939453,47600,0.0,0.0
2022-08-26 00:00:00-04:00,16.90999984741211,17.329999923706055,16.899999618530273,16.899999618530273,19600,0.0,0.0
2022-08-29 00:00:00-04:00,16.860000610351562,17.1200008392334,16.290000915527344,16.850000381469727,12900,0.0,0.0
2022-08-30 00:00:00-04:00,17.110000610351562,17.110000610351562,16.360000610351562,16.649999618530273,11400,0.0,0.0
2022-08-31 00:00:00-04:00,16.799999237060547,17.399999618530273,16.277000427246094,16.8700008392334,28200,0.0,0.0
2022-09-01 00:00:00-04:00,16.93000030517578,16.93000030517578,16.18000030517578,16.510000228881836,14200,0.0,0.0
2022-09-02 00:00:00-04:00,16.549999237060547,16.80500030517578,16.329999923706055,16.549999237060547,17100,0.0,0.0
2022-09-06 00:00:00-04:00,16.600000381469727,17.0,16.43000030517578,16.799999237060547,23000,0.0,0.0
2022-09-07 00:00:00-04:00,16.799999237060547,17.190000534057617,16.360000610351562,17.1200008392334,16800,0.0,0.0
2022-09-08 00:00:00-04:00,16.889999389648438,17.139999389648438,16.280000686645508,16.760000228881836,8600,0.0,0.0
2022-09-09 00:00:00-04:00,16.760000228881836,16.90399932861328,16.520000457763672,16.639999389648438,7100,0.0,0.0
2022-09-12 00:00:00-04:00,16.649999618530273,17.299999237060547,16.530000686645508,17.020000457763672,12000,0.0,0.0
2022-09-13 00:00:00-04:00,16.770000457763672,16.96500015258789,16.010000228881836,16.530000686645508,32500,0.0,0.0
2022-09-14 00:00:00-04:00,16.739999771118164,17.03700065612793,16.270000457763672,16.760000228881836,13300,0.0,0.0
2022-09-15 00:00:00-04:00,16.809999465942383,16.940000534057617,16.209999084472656,16.709999084472656,25400,0.0,0.0
2022-09-16 00:00:00-04:00,16.520000457763672,16.520000457763672,15.640000343322754,16.09000015258789,12000,0.0,0.0
2022-09-19 00:00:00-04:00,15.979999542236328,16.200000762939453,15.484000205993652,15.699999809265137,23500,0.0,0.0
2022-09-20 00:00:00-04:00,15.720000267028809,16.100000381469727,15.359999656677246,15.819999694824219,25700,0.0,0.0
2022-09-21 00:00:00-04:00,15.680000305175781,16.0,15.350000381469727,15.350000381469727,36100,0.0,0.0
2022-09-22 00:00:00-04:00,15.399999618530273,15.960000038146973,15.0,15.489999771118164,59600,0.0,0.0
2022-09-23 00:00:00-04:00,15.619999885559082,17.09000015258789,14.847000122070312,16.700000762939453,30700,0.0,0.0
2022-09-26 00:00:00-04:00,16.84000015258789,17.15999984741211,16.110000610351562,17.139999389648438,15700,0.0,0.0
2022-09-27 00:00:00-04:00,17.020000457763672,17.270000457763672,16.469999313354492,17.1200008392334,20700,0.0,0.0
2022-09-28 00:00:00-04:00,16.799999237060547,18.5,16.670000076293945,18.030000686645508,75200,0.0,0.0
2022-09-29 00:00:00-04:00,17.950000762939453,18.29199981689453,17.020000457763672,18.040000915527344,47800,0.0,0.0
2022-09-30 00:00:00-04:00,18.010000228881836,18.829999923706055,17.395000457763672,18.56999969482422,45700,0.0,0.0
2022-10-03 00:00:00-04:00,18.8799991607666,19.100000381469727,18.020000457763672,18.81999969482422,25500,0.0,0.0
2022-10-04 00:00:00-04:00,19.139999389648438,19.239999771118164,18.280000686645508,18.389999389648438,34700,0.0,0.0
2022-10-05 00:00:00-04:00,18.350000381469727,18.399999618530273,17.850000381469727,18.25,27900,0.0,0.0
2022-10-06 00:00:00-04:00,18.079999923706055,18.110000610351562,17.40999984741211,17.8799991607666,32700,0.0,0.0
2022-10-07 00:00:00-04:00,17.600000381469727,17.988000869750977,17.299999237060547,17.389999389648438,9500,0.0,0.0
2022-10-10 00:00:00-04:00,17.479999542236328,17.770000457763672,17.329999923706055,17.549999237060547,6400,0.0,0.0
2022-10-11 00:00:00-04:00,17.350000381469727,18.104999542236328,17.299999237060547,17.56999969482422,4100,0.0,0.0
2022-10-12 00:00:00-04:00,17.510000228881836,18.309999465942383,17.329999923706055,18.010000228881836,21600,0.0,0.0
2022-10-13 00:00:00-04:00,17.770000457763672,18.197999954223633,17.770000457763672,18.010000228881836,13400,0.0,0.0
2022-10-14 00:00:00-04:00,17.950000762939453,19.149999618530273,17.8700008392334,18.84000015258789,58900,0.0,0.0
2022-10-17 00:00:00-04:00,19.200000762939453,19.200000762939453,18.5,18.899999618530273,36600,0.0,0.0
2022-10-18 00:00:00-04:00,18.950000762939453,19.260000228881836,18.892000198364258,19.260000228881836,23100,0.0,0.0
2022-10-19 00:00:00-04:00,19.1200008392334,19.6200008392334,18.760000228881836,19.56999969482422,46700,0.0,0.0
2022-10-20 00:00:00-04:00,19.270000457763672,19.364999771118164,18.40999984741211,18.709999084472656,26600,0.0,0.0
2022-10-21 00:00:00-04:00,18.850000381469727,19.3799991607666,18.5,19.3700008392334,25500,0.0,0.0
2022-10-24 00:00:00-04:00,19.770000457763672,20.0,19.459999084472656,19.780000686645508,47200,0.0,0.0
2022-10-25 00:00:00-04:00,19.68000030517578,20.0,19.5,19.690000534057617,32400,0.0,0.0
2022-10-26 00:00:00-04:00,19.690000534057617,19.690000534057617,19.030000686645508,19.18000030517578,18700,0.0,0.0
2022-10-27 00:00:00-04:00,19.309999465942383,19.309999465942383,18.850000381469727,19.0,9000,0.0,0.0
2022-10-28 00:00:00-04:00,19.280000686645508,19.8799991607666,18.84000015258789,19.239999771118164,36500,0.0,0.0
2022-10-31 00:00:00-04:00,19.040000915527344,19.790000915527344,19.040000915527344,19.229999542236328,26100,0.0,0.0
2022-11-01 00:00:00-04:00,19.290000915527344,19.9950008392334,19.079999923706055,19.700000762939453,26300,0.0,0.0
2022-11-02 00:00:00-04:00,19.700000762939453,20.280000686645508,19.579999923706055,19.6200008392334,49500,0.0,0.0
2022-11-03 00:00:00-04:00,19.3799991607666,20.219999313354492,19.062000274658203,19.8700008392334,30600,0.0,0.0
2022-11-04 00:00:00-04:00,20.1299991607666,20.219999313354492,19.75,19.989999771118164,30300,0.0,0.0
2022-11-07 00:00:00-05:00,19.850000381469727,20.350000381469727,19.618999481201172,19.899999618530273,35500,0.0,0.0
2022-11-08 00:00:00-05:00,20.049999237060547,20.489999771118164,19.69099998474121,19.790000915527344,28000,0.0,0.0
2022-11-09 00:00:00-05:00,19.799999237060547,20.200000762939453,19.700000762939453,19.790000915527344,42600,0.0,0.0
2022-11-10 00:00:00-05:00,20.170000076293945,22.5,19.889999389648438,22.5,154800,0.0,0.0
2022-11-11 00:00:00-05:00,22.5,23.360000610351562,21.790000915527344,22.389999389648438,101800,0.0,0.0
2022-11-14 00:00:00-05:00,22.530000686645508,22.899999618530273,21.610000610351562,21.770000457763672,35700,0.0,0.0
2022-11-15 00:00:00-05:00,22.219999313354492,23.450000762939453,22.1299991607666,22.520000457763672,53900,0.0,0.0
2022-11-16 00:00:00-05:00,24.0,24.979999542236328,23.549999237060547,24.440000534057617,184800,0.0,0.0
2022-11-17 00:00:00-05:00,24.0,24.950000762939453,23.75,24.5,63500,0.0,0.0
2022-11-18 00:00:00-05:00,24.149999618530273,25.200000762939453,23.719999313354492,24.850000381469727,120300,0.0,0.0
2022-11-21 00:00:00-05:00,25.100000381469727,26.93000030517578,24.799999237060547,26.049999237060547,134800,0.0,0.0
2022-11-22 00:00:00-05:00,26.049999237060547,26.610000610351562,24.760000228881836,25.739999771118164,106500,0.0,0.0
2022-11-23 00:00:00-05:00,25.850000381469727,26.079999923706055,25.600000381469727,26.0,61700,0.0,0.0
2022-11-25 00:00:00-05:00,26.0,26.90999984741211,25.06999969482422,25.459999084472656,91500,0.0,0.0
2022-11-28 00:00:00-05:00,25.510000228881836,26.270000457763672,25.354999542236328,26.15999984741211,108000,0.0,0.0
2022-11-29 00:00:00-05:00,26.299999237060547,26.90999984741211,25.010000228881836,25.489999771118164,60900,0.0,0.0
2022-11-30 00:00:00-05:00,25.459999084472656,26.0,24.690000534057617,25.809999465942383,56300,0.0,0.0
2022-12-01 00:00:00-05:00,26.0,26.325000762939453,25.209999084472656,25.709999084472656,59800,0.0,0.0
2022-12-02 00:00:00-05:00,25.56999969482422,26.969999313354492,25.239999771118164,26.329999923706055,111200,0.0,0.0
2022-12-05 00:00:00-05:00,26.350000381469727,26.700000762939453,25.950000762939453,26.579999923706055,81300,0.0,0.0
2022-12-06 00:00:00-05:00,26.719999313354492,27.0,26.1200008392334,26.68000030517578,97100,0.0,0.0
2022-12-07 00:00:00-05:00,26.600000381469727,27.6299991607666,25.363000869750977,27.170000076293945,102100,0.0,0.0
2022-12-08 00:00:00-05:00,27.0,27.34000015258789,25.100000381469727,25.360000610351562,78900,0.0,0.0
2022-12-09 00:00:00-05:00,25.260000228881836,26.350000381469727,25.0,26.010000228881836,67100,0.0,0.0
2022-12-12 00:00:00-05:00,26.290000915527344,26.969999313354492,26.010000228881836,26.809999465942383,65100,0.0,0.0
2022-12-13 00:00:00-05:00,26.950000762939453,27.770000457763672,26.700000762939453,26.90999984741211,54600,0.0,0.0
2022-12-14 00:00:00-05:00,26.895000457763672,27.239999771118164,26.43000030517578,26.610000610351562,56400,0.0,0.0
2022-12-15 00:00:00-05:00,26.56999969482422,26.68000030517578,25.899999618530273,25.940000534057617,32800,0.0,0.0
2022-12-16 00:00:00-05:00,25.899999618530273,26.90999984741211,25.899999618530273,26.270000457763672,322900,0.0,0.0
2022-12-19 00:00:00-05:00,26.309999465942383,26.309999465942383,25.350000381469727,25.520000457763672,32600,0.0,0.0
2022-12-20 00:00:00-05:00,25.399999618530273,26.520000457763672,25.360000610351562,26.18000030517578,41000,0.0,0.0
2022-12-21 00:00:00-05:00,26.149999618530273,26.915000915527344,25.934999465942383,26.540000915527344,27900,0.0,0.0
2022-12-22 00:00:00-05:00,26.399999618530273,26.610000610351562,25.209999084472656,25.920000076293945,43500,0.0,0.0
2022-12-23 00:00:00-05:00,25.84000015258789,26.100000381469727,25.59000015258789,25.59000015258789,23300,0.0,0.0
2022-12-27 00:00:00-05:00,25.450000762939453,25.757999420166016,25.290000915527344,25.3700008392334,37500,0.0,0.0
2022-12-28 00:00:00-05:00,25.399999618530273,25.417999267578125,24.200000762939453,24.520000457763672,37200,0.0,0.0
2022-12-29 00:00:00-05:00,24.59000015258789,25.200000762939453,24.549999237060547,25.06999969482422,48200,0.0,0.0
2022-12-30 00:00:00-05:00,24.760000228881836,25.290000915527344,24.479999542236328,24.850000381469727,56800,0.0,0.0
2023-01-03 00:00:00-05:00,25.139999389648438,25.5,24.924999237060547,25.5,40600,0.0,0.0
2023-01-04 00:00:00-05:00,25.5,25.5049991607666,25.059999465942383,25.09000015258789,57000,0.0,0.0
2023-01-05 00:00:00-05:00,24.920000076293945,25.489999771118164,24.8799991607666,25.15999984741211,48000,0.0,0.0
2023-01-06 00:00:00-05:00,25.350000381469727,25.90999984741211,25.295000076293945,25.579999923706055,66400,0.0,0.0
2023-01-09 00:00:00-05:00,25.530000686645508,25.854999542236328,24.8700008392334,25.020000457763672,56800,0.0,0.0
2023-01-10 00:00:00-05:00,25.09000015258789,26.214000701904297,25.09000015258789,26.020000457763672,99300,0.0,0.0
2023-01-11 00:00:00-05:00,25.829999923706055,26.209999084472656,25.540000915527344,25.649999618530273,39300,0.0,0.0
2023-01-12 00:00:00-05:00,25.719999313354492,26.59000015258789,25.719999313354492,26.110000610351562,81200,0.0,0.0
2023-01-13 00:00:00-05:00,26.1200008392334,26.325000762939453,25.809999465942383,26.040000915527344,49200,0.0,0.0
2023-01-17 00:00:00-05:00,26.200000762939453,27.299999237060547,25.829999923706055,27.190000534057617,121300,0.0,0.0
2023-01-18 00:00:00-05:00,27.299999237060547,28.329999923706055,27.260000228881836,27.8700008392334,156500,0.0,0.0
2023-01-19 00:00:00-05:00,27.8700008392334,28.469999313354492,27.58300018310547,27.790000915527344,145700,0.0,0.0
2023-01-20 00:00:00-05:00,27.8700008392334,27.8700008392334,25.950000762939453,26.030000686645508,81000,0.0,0.0
2023-01-23 00:00:00-05:00,25.81999969482422,26.31999969482422,25.309999465942383,25.75,78900,0.0,0.0
2023-01-24 00:00:00-05:00,26.030000686645508,26.84000015258789,25.760000228881836,25.770000457763672,93100,0.0,0.0
2023-01-25 00:00:00-05:00,25.760000228881836,26.889999389648438,25.489999771118164,26.469999313354492,72600,0.0,0.0
2023-01-26 00:00:00-05:00,26.6200008392334,26.979999542236328,25.309999465942383,25.770000457763672,75300,0.0,0.0
2023-01-27 00:00:00-05:00,25.729999542236328,26.59000015258789,25.270000457763672,25.59000015258789,80500,0.0,0.0
2023-01-30 00:00:00-05:00,25.739999771118164,26.764999389648438,25.5,26.56999969482422,64500,0.0,0.0
2023-01-31 00:00:00-05:00,26.56999969482422,27.104999542236328,26.139999389648438,26.690000534057617,61900,0.0,0.0
2023-02-01 00:00:00-05:00,26.65999984741211,27.15999984741211,26.0,26.329999923706055,69000,0.0,0.0
2023-02-02 00:00:00-05:00,26.329999923706055,26.979999542236328,26.329999923706055,26.950000762939453,69500,0.0,0.0
2023-02-03 00:00:00-05:00,26.75,27.760000228881836,26.670000076293945,27.31999969482422,59100,0.0,0.0
2023-02-06 00:00:00-05:00,27.31999969482422,27.31999969482422,25.3799991607666,26.200000762939453,130200,0.0,0.0
2023-02-07 00:00:00-05:00,26.40999984741211,27.299999237060547,26.0,27.270000457763672,69100,0.0,0.0
2023-02-08 00:00:00-05:00,27.25,27.56999969482422,26.5049991607666,26.790000915527344,55700,0.0,0.0
2023-02-09 00:00:00-05:00,26.860000610351562,27.149999618530273,26.329999923706055,26.40999984741211,22200,0.0,0.0
2023-02-10 00:00:00-05:00,26.40999984741211,26.454999923706055,25.540000915527344,25.600000381469727,37200,0.0,0.0
2023-02-13 00:00:00-05:00,25.600000381469727,26.18000030517578,25.200000762939453,26.149999618530273,54200,0.0,0.0
2023-02-14 00:00:00-05:00,26.239999771118164,26.969999313354492,25.760000228881836,26.3799991607666,49400,0.0,0.0
2023-02-15 00:00:00-05:00,26.450000762939453,26.719999313354492,25.975000381469727,26.219999313354492,69400,0.0,0.0
2023-02-16 00:00:00-05:00,28.25,31.395000457763672,27.774999618530273,29.639999389648438,218600,0.0,0.0
2023-02-17 00:00:00-05:00,29.850000381469727,30.31999969482422,29.549999237060547,29.639999389648438,108600,0.0,0.0
2023-02-21 00:00:00-05:00,29.56999969482422,29.56999969482422,26.670000076293945,28.15999984741211,325200,0.0,0.0
2023-02-22 00:00:00-05:00,28.049999237060547,28.15999984741211,26.309999465942383,27.489999771118164,149600,0.0,0.0
2023-02-23 00:00:00-05:00,27.489999771118164,27.489999771118164,26.399999618530273,27.329999923706055,122300,0.0,0.0
2023-02-24 00:00:00-05:00,27.06999969482422,27.25,26.540000915527344,27.149999618530273,76300,0.0,0.0
2023-02-27 00:00:00-05:00,27.350000381469727,27.770000457763672,26.969999313354492,27.610000610351562,97800,0.0,0.0
2023-02-28 00:00:00-05:00,27.5,28.030000686645508,27.045000076293945,27.950000762939453,171100,0.0,0.0
2023-03-01 00:00:00-05:00,27.899999618530273,27.899999618530273,26.75,27.18000030517578,87900,0.0,0.0
2023-03-02 00:00:00-05:00,27.059999465942383,27.309999465942383,26.649999618530273,27.190000534057617,90300,0.0,0.0
2023-03-03 00:00:00-05:00,27.280000686645508,28.045000076293945,27.0049991607666,27.940000534057617,103700,0.0,0.0
2023-03-06 00:00:00-05:00,27.75,27.940000534057617,27.2549991607666,27.8799991607666,110100,0.0,0.0
2023-03-07 00:00:00-05:00,27.90999984741211,28.049999237060547,27.489999771118164,28.010000228881836,173800,0.0,0.0
2023-03-08 00:00:00-05:00,28.010000228881836,28.030000686645508,27.246000289916992,27.950000762939453,105200,0.0,0.0
2023-03-09 00:00:00-05:00,27.979999542236328,28.020000457763672,27.049999237060547,27.8799991607666,125300,0.0,0.0
2023-03-10 00:00:00-05:00,26.8700008392334,27.6200008392334,26.690000534057617,27.139999389648438,124000,0.0,0.0
2023-03-13 00:00:00-04:00,26.8799991607666,26.920000076293945,25.969999313354492,26.0,78600,0.0,0.0
2023-03-14 00:00:00-04:00,26.420000076293945,27.3700008392334,26.049999237060547,26.989999771118164,80800,0.0,0.0
2023-03-15 00:00:00-04:00,26.989999771118164,27.139999389648438,26.389999389648438,26.799999237060547,78200,0.0,0.0
2023-03-16 00:00:00-04:00,26.799999237060547,27.459999084472656,26.40999984741211,27.389999389648438,75500,0.0,0.0
2023-03-17 00:00:00-04:00,27.260000228881836,27.389999389648438,26.219999313354492,26.3700008392334,97500,0.0,0.0
2023-03-20 00:00:00-04:00,26.260000228881836,27.165000915527344,26.260000228881836,26.920000076293945,66300,0.0,0.0
2023-03-21 00:00:00-04:00,27.270000457763672,27.610000610351562,27.079999923706055,27.350000381469727,59500,0.0,0.0
2023-03-22 00:00:00-04:00,27.399999618530273,27.5049991607666,26.829999923706055,26.969999313354492,46100,0.0,0.0
2023-03-23 00:00:00-04:00,26.989999771118164,27.413999557495117,26.68000030517578,26.81999969482422,57000,0.0,0.0
2023-03-24 00:00:00-04:00,26.739999771118164,27.270000457763672,26.34000015258789,27.190000534057617,40400,0.0,0.0
2023-03-27 00:00:00-04:00,27.25,27.25,26.299999237060547,26.8799991607666,39600,0.0,0.0
2023-03-28 00:00:00-04:00,27.15999984741211,27.5,26.860000610351562,27.399999618530273,38700,0.0,0.0
2023-03-29 00:00:00-04:00,27.399999618530273,27.540000915527344,26.25,26.389999389648438,76300,0.0,0.0
2023-03-30 00:00:00-04:00,26.3799991607666,26.5,24.889999389648438,25.200000762939453,165000,0.0,0.0
2023-03-31 00:00:00-04:00,25.079999923706055,25.3700008392334,23.586999893188477,24.399999618530273,1010600,0.0,0.0
2023-04-03 00:00:00-04:00,24.790000915527344,25.559999465942383,24.530000686645508,25.459999084472656,192300,0.0,0.0
2023-04-04 00:00:00-04:00,25.530000686645508,26.399999618530273,24.6200008392334,25.010000228881836,132400,0.0,0.0
2023-04-05 00:00:00-04:00,25.0,25.0,24.190000534057617,24.229999542236328,101100,0.0,0.0
2023-04-06 00:00:00-04:00,24.25,24.552000045776367,24.1299991607666,24.3799991607666,73600,0.0,0.0
2023-04-10 00:00:00-04:00,24.1299991607666,24.895000457763672,24.125,24.809999465942383,58600,0.0,0.0
2023-04-11 00:00:00-04:00,24.8700008392334,25.0,23.600000381469727,23.889999389648438,99100,0.0,0.0
2023-04-12 00:00:00-04:00,23.950000762939453,24.079999923706055,23.079999923706055,23.190000534057617,114100,0.0,0.0
2023-04-13 00:00:00-04:00,23.420000076293945,23.8799991607666,23.18000030517578,23.799999237060547,97700,0.0,0.0
2023-04-14 00:00:00-04:00,23.68000030517578,24.450000762939453,23.260000228881836,23.459999084472656,72600,0.0,0.0
2023-04-17 00:00:00-04:00,23.469999313354492,23.829999923706055,23.100000381469727,23.729999542236328,69600,0.0,0.0
2023-04-18 00:00:00-04:00,23.700000762939453,24.084999084472656,23.209999084472656,23.290000915527344,58600,0.0,0.0
2023-04-19 00:00:00-04:00,23.170000076293945,23.520000457763672,22.75,23.020000457763672,115200,0.0,0.0
2023-04-20 00:00:00-04:00,23.0,23.40999984741211,22.75,22.860000610351562,52000,0.0,0.0
2023-04-21 00:00:00-04:00,22.739999771118164,22.770000457763672,21.36199951171875,21.670000076293945,118700,0.0,0.0
2023-04-24 00:00:00-04:00,21.510000228881836,21.8700008392334,20.969999313354492,21.559999465942383,234200,0.0,0.0
2023-04-25 00:00:00-04:00,21.399999618530273,21.934999465942383,21.06999969482422,21.219999313354492,116500,0.0,0.0
2023-04-26 00:00:00-04:00,21.149999618530273,21.31999969482422,19.510000228881836,19.940000534057617,238600,0.0,0.0
2023-04-27 00:00:00-04:00,20.059999465942383,20.440000534057617,19.59600067138672,20.399999618530273,136100,0.0,0.0
2023-04-28 00:00:00-04:00,20.43000030517578,21.110000610351562,20.18000030517578,20.469999313354492,134300,0.0,0.0
2023-05-01 00:00:00-04:00,20.469999313354492,20.809999465942383,19.889999389648438,19.969999313354492,78600,0.0,0.0
2023-05-02 00:00:00-04:00,19.969999313354492,19.979999542236328,19.600000381469727,19.81999969482422,88200,0.0,0.0
2023-05-03 00:00:00-04:00,19.809999465942383,20.270000457763672,19.809999465942383,20.049999237060547,86600,0.0,0.0
2023-05-04 00:00:00-04:00,19.8700008392334,20.030000686645508,19.229999542236328,19.270000457763672,73900,0.0,0.0
2023-05-05 00:00:00-04:00,19.510000228881836,19.790000915527344,18.920000076293945,18.979999542236328,59500,0.0,0.0
2023-05-08 00:00:00-04:00,18.920000076293945,18.979999542236328,18.270000457763672,18.690000534057617,148400,0.0,0.0
2023-05-09 00:00:00-04:00,18.700000762939453,19.139999389648438,18.510000228881836,19.040000915527344,97100,0.0,0.0
2023-05-10 00:00:00-04:00,19.219999313354492,19.520000457763672,18.920000076293945,19.200000762939453,48000,0.0,0.0
2023-05-11 00:00:00-04:00,19.049999237060547,19.075000762939453,18.559999465942383,18.899999618530273,61200,0.0,0.0
2023-05-12 00:00:00-04:00,18.780000686645508,19.15999984741211,18.75,18.860000610351562,84000,0.0,0.0
2023-05-15 00:00:00-04:00,18.860000610351562,18.969999313354492,18.260000228881836,18.709999084472656,50100,0.0,0.0
2023-05-16 00:00:00-04:00,18.510000228881836,18.92099952697754,18.1200008392334,18.780000686645508,58600,0.0,0.0
2023-05-17 00:00:00-04:00,18.860000610351562,19.520000457763672,18.610000610351562,19.459999084472656,93400,0.0,0.0
2023-05-18 00:00:00-04:00,21.350000381469727,21.350000381469727,19.389999389648438,19.690000534057617,230000,0.0,0.0
2023-05-19 00:00:00-04:00,19.850000381469727,20.860000610351562,19.665000915527344,20.469999313354492,124800,0.0,0.0
2023-05-22 00:00:00-04:00,20.739999771118164,21.780000686645508,20.739999771118164,21.600000381469727,122100,0.0,0.0
2023-05-23 00:00:00-04:00,21.520000457763672,21.860000610351562,20.885000228881836,21.399999618530273,110500,0.0,0.0
2023-05-24 00:00:00-04:00,21.290000915527344,21.475000381469727,20.989999771118164,21.15999984741211,65800,0.0,0.0
2023-05-25 00:00:00-04:00,21.010000228881836,21.010000228881836,20.170000076293945,20.40999984741211,63700,0.0,0.0
2023-05-26 00:00:00-04:00,20.360000610351562,20.920000076293945,20.219999313354492,20.56999969482422,35400,0.0,0.0
2023-05-30 00:00:00-04:00,20.65999984741211,20.788000106811523,20.260000228881836,20.360000610351562,52600,0.0,0.0
2023-05-31 00:00:00-04:00,20.229999542236328,20.586000442504883,20.165000915527344,20.479999542236328,39900,0.0,0.0
2023-06-01 00:00:00-04:00,20.760000228881836,21.1299991607666,20.600000381469727,21.0,64100,0.0,0.0
2023-06-02 00:00:00-04:00,21.280000686645508,21.6200008392334,20.950000762939453,21.59000015258789,53900,0.0,0.0
2023-06-05 00:00:00-04:00,21.6200008392334,21.75,21.139999389648438,21.450000762939453,74500,0.0,0.0
2023-06-06 00:00:00-04:00,21.459999084472656,22.469999313354492,21.459999084472656,22.040000915527344,59500,0.0,0.0
2023-06-07 00:00:00-04:00,22.100000381469727,22.510000228881836,21.777999877929688,22.049999237060547,65900,0.0,0.0
2023-06-08 00:00:00-04:00,22.08099937438965,22.420000076293945,22.06999969482422,22.200000762939453,61000,0.0,0.0
2023-06-09 00:00:00-04:00,22.09000015258789,22.475000381469727,22.09000015258789,22.350000381469727,43600,0.0,0.0
2023-06-12 00:00:00-04:00,22.3799991607666,22.719999313354492,22.3799991607666,22.649999618530273,54000,0.0,0.0
2023-06-13 00:00:00-04:00,22.860000610351562,23.299999237060547,22.780000686645508,23.09000015258789,91400,0.0,0.0
2023-06-14 00:00:00-04:00,23.209999084472656,23.489999771118164,22.479999542236328,22.600000381469727,92700,0.0,0.0
2023-06-15 00:00:00-04:00,22.549999237060547,22.549999237060547,21.280000686645508,21.450000762939453,177500,0.0,0.0
2023-06-16 00:00:00-04:00,21.68000030517578,22.360000610351562,21.309999465942383,21.479999542236328,91100,0.0,0.0
2023-06-20 00:00:00-04:00,21.360000610351562,21.549999237060547,20.709999084472656,21.139999389648438,73500,0.0,0.0
2023-06-21 00:00:00-04:00,21.030000686645508,21.469999313354492,20.881000518798828,20.93000030517578,88000,0.0,0.0
2023-06-22 00:00:00-04:00,20.8799991607666,21.040000915527344,20.489999771118164,20.510000228881836,72700,0.0,0.0
2023-06-23 00:00:00-04:00,20.299999237060547,21.170000076293945,20.003999710083008,20.899999618530273,375200,0.0,0.0
2023-06-26 00:00:00-04:00,20.899999618530273,21.520000457763672,20.899999618530273,21.149999618530273,63000,0.0,0.0
2023-06-27 00:00:00-04:00,21.270000457763672,21.950000762939453,21.084999084472656,21.420000076293945,72300,0.0,0.0
2023-06-28 00:00:00-04:00,21.420000076293945,21.469999313354492,20.850000381469727,20.8799991607666,47700,0.0,0.0
2023-06-29 00:00:00-04:00,21.0,21.729999542236328,20.950000762939453,21.239999771118164,77800,0.0,0.0
2023-06-30 00:00:00-04:00,21.59000015258789,21.610000610351562,21.18000030517578,21.229999542236328,41600,0.0,0.0
2023-07-03 00:00:00-04:00,21.290000915527344,21.59000015258789,21.149999618530273,21.420000076293945,43000,0.0,0.0
2023-07-05 00:00:00-04:00,21.280000686645508,21.3700008392334,20.440000534057617,20.709999084472656,47300,0.0,0.0
2023-07-06 00:00:00-04:00,20.5,20.579999923706055,20.145000457763672,20.31999969482422,60100,0.0,0.0
2023-07-07 00:00:00-04:00,20.31999969482422,20.360000610351562,19.80500030517578,20.1299991607666,107000,0.0,0.0
2023-07-10 00:00:00-04:00,20.100000381469727,20.899999618530273,20.100000381469727,20.860000610351562,60400,0.0,0.0
2023-07-11 00:00:00-04:00,20.979999542236328,21.07900047302246,20.424999237060547,20.700000762939453,51100,0.0,0.0
2023-07-12 00:00:00-04:00,21.0,21.190000534057617,20.739999771118164,20.809999465942383,48900,0.0,0.0
2023-07-13 00:00:00-04:00,20.920000076293945,21.239999771118164,20.80500030517578,21.049999237060547,29700,0.0,0.0
2023-07-14 00:00:00-04:00,21.049999237060547,21.219999313354492,20.59000015258789,20.59000015258789,38800,0.0,0.0
2023-07-17 00:00:00-04:00,20.6200008392334,21.075000762939453,20.450000762939453,20.739999771118164,123200,0.0,0.0
2023-07-18 00:00:00-04:00,20.700000762939453,21.190000534057617,20.59000015258789,20.649999618530273,36800,0.0,0.0
2023-07-19 00:00:00-04:00,20.639999389648438,20.850000381469727,19.854999542236328,20.049999237060547,50300,0.0,0.0
2023-07-20 00:00:00-04:00,20.059999465942383,20.309999465942383,19.815000534057617,19.979999542236328,42500,0.0,0.0
2023-07-21 00:00:00-04:00,20.1299991607666,20.1299991607666,19.719999313354492,19.8700008392334,43200,0.0,0.0
2023-07-24 00:00:00-04:00,19.8700008392334,20.030000686645508,19.84000015258789,19.860000610351562,38100,0.0,0.0
2023-07-25 00:00:00-04:00,19.860000610351562,19.860000610351562,19.56100082397461,19.6200008392334,32000,0.0,0.0
2023-07-26 00:00:00-04:00,19.6200008392334,20.309999465942383,19.6200008392334,19.780000686645508,44800,0.0,0.0
2023-07-27 00:00:00-04:00,19.940000534057617,19.940000534057617,19.170000076293945,19.209999084472656,44800,0.0,0.0
2023-07-28 00:00:00-04:00,19.34000015258789,19.489999771118164,19.15999984741211,19.3700008392334,41200,0.0,0.0
2023-07-31 00:00:00-04:00,19.3700008392334,19.920000076293945,19.3700008392334,19.850000381469727,47700,0.0,0.0
2023-08-01 00:00:00-04:00,19.670000076293945,19.93000030517578,19.43000030517578,19.579999923706055,38800,0.0,0.0
2023-08-02 00:00:00-04:00,19.489999771118164,19.489999771118164,19.239999771118164,19.360000610351562,29100,0.0,0.0
2023-08-03 00:00:00-04:00,19.329999923706055,20.209999084472656,19.329999923706055,20.030000686645508,60300,0.0,0.0
2023-08-04 00:00:00-04:00,19.93000030517578,20.049999237060547,19.53700065612793,20.020000457763672,66600,0.0,0.0
2023-08-07 00:00:00-04:00,20.1200008392334,21.100000381469727,20.1200008392334,20.530000686645508,69700,0.0,0.0
2023-08-08 00:00:00-04:00,20.3799991607666,20.3799991607666,19.889999389648438,20.059999465942383,31900,0.0,0.0
2023-08-09 00:00:00-04:00,19.989999771118164,20.219999313354492,19.510000228881836,19.610000610351562,60200,0.0,0.0
2023-08-10 00:00:00-04:00,19.6299991607666,19.94499969482422,19.229999542236328,19.389999389648438,30500,0.0,0.0
2023-08-11 00:00:00-04:00,19.264999389648438,20.020000457763672,19.253999710083008,19.700000762939453,29200,0.0,0.0
2023-08-14 00:00:00-04:00,19.700000762939453,19.700000762939453,18.950000762939453,19.34000015258789,41500,0.0,0.0
2023-08-15 00:00:00-04:00,19.360000610351562,19.360000610351562,18.719999313354492,18.790000915527344,103800,0.0,0.0
2023-08-16 00:00:00-04:00,18.889999389648438,19.34000015258789,18.829999923706055,18.860000610351562,31500,0.0,0.0
2023-08-17 00:00:00-04:00,18.959999084472656,19.450000762939453,18.450000762939453,18.979999542236328,201700,0.0,0.0
2023-08-18 00:00:00-04:00,18.860000610351562,19.209999084472656,18.860000610351562,18.989999771118164,35900,0.0,0.0
2023-08-21 00:00:00-04:00,18.979999542236328,19.110000610351562,18.84000015258789,19.020000457763672,57000,0.0,0.0
2023-08-22 00:00:00-04:00,19.020000457763672,19.219999313354492,18.825000762939453,18.8700008392334,28200,0.0,0.0
2023-08-23 00:00:00-04:00,18.889999389648438,18.969999313354492,18.100000381469727,18.450000762939453,480000,0.0,0.0
2023-08-24 00:00:00-04:00,18.540000915527344,19.25,18.3700008392334,18.729999542236328,167700,0.0,0.0
2023-08-25 00:00:00-04:00,18.829999923706055,19.09000015258789,18.559999465942383,18.770000457763672,110200,0.0,0.0
2023-08-28 00:00:00-04:00,18.940000534057617,19.440000534057617,18.915000915527344,19.389999389648438,79800,0.0,0.0
2023-08-29 00:00:00-04:00,19.469999313354492,19.790000915527344,19.040000915527344,19.59000015258789,102500,0.0,0.0
2023-08-30 00:00:00-04:00,19.59000015258789,19.81999969482422,19.59000015258789,19.719999313354492,51800,0.0,0.0
2023-08-31 00:00:00-04:00,19.760000228881836,19.979999542236328,19.549999237060547,19.559999465942383,41600,0.0,0.0
2023-09-01 00:00:00-04:00,19.59000015258789,19.849000930786133,19.40999984741211,19.6200008392334,84500,0.0,0.0
2023-09-05 00:00:00-04:00,19.440000534057617,19.440000534057617,18.959999084472656,19.06999969482422,46400,0.0,0.0
2023-09-06 00:00:00-04:00,19.1200008392334,19.170000076293945,18.40999984741211,18.6299991607666,49100,0.0,0.0
2023-09-07 00:00:00-04:00,18.559999465942383,18.559999465942383,18.100000381469727,18.290000915527344,60900,0.0,0.0
2023-09-08 00:00:00-04:00,18.280000686645508,18.3799991607666,18.049999237060547,18.270000457763672,51700,0.0,0.0
2023-09-11 00:00:00-04:00,18.40999984741211,18.729999542236328,18.236000061035156,18.530000686645508,48200,0.0,0.0
2023-09-12 00:00:00-04:00,18.5,18.940000534057617,18.5,18.549999237060547,143000,0.0,0.0
2023-09-13 00:00:00-04:00,18.549999237060547,18.709999084472656,18.100000381469727,18.149999618530273,137600,0.0,0.0
2023-09-14 00:00:00-04:00,13.029999732971191,14.800000190734863,11.446999549865723,13.550000190734863,745200,0.0,0.0
2023-09-15 00:00:00-04:00,13.550000190734863,13.975000381469727,13.420000076293945,13.59000015258789,286000,0.0,0.0
2023-09-18 00:00:00-04:00,13.880000114440918,15.899999618530273,13.850000381469727,15.40999984741211,428400,0.0,0.0
2023-09-19 00:00:00-04:00,15.329999923706055,15.329999923706055,14.479999542236328,14.510000228881836,238400,0.0,0.0
2023-09-20 00:00:00-04:00,14.510000228881836,15.369999885559082,14.510000228881836,14.699999809265137,187200,0.0,0.0
2023-09-21 00:00:00-04:00,14.550000190734863,14.600000381469727,14.149999618530273,14.369999885559082,99200,0.0,0.0
2023-09-22 00:00:00-04:00,14.5,15.0600004196167,14.369999885559082,14.949999809265137,106900,0.0,0.0
2023-09-25 00:00:00-04:00,14.930000305175781,15.586000442504883,14.510000228881836,15.5,129000,0.0,0.0
2023-09-26 00:00:00-04:00,15.289999961853027,15.795000076293945,14.689000129699707,15.130000114440918,110200,0.0,0.0
2023-09-27 00:00:00-04:00,15.229999542236328,15.689000129699707,15.069999694824219,15.279999732971191,78000,0.0,0.0
2023-09-28 00:00:00-04:00,15.220000267028809,15.779999732971191,15.09000015258789,15.59000015258789,64600,0.0,0.0
2023-09-29 00:00:00-04:00,15.600000381469727,15.6899995803833,15.199999809265137,15.449999809265137,70600,0.0,0.0
2023-10-02 00:00:00-04:00,15.369999885559082,15.729999542236328,15.289999961853027,15.40999984741211,58900,0.0,0.0
2023-10-03 00:00:00-04:00,15.220000267028809,15.569999694824219,15.0,15.430000305175781,104000,0.0,0.0
2023-10-04 00:00:00-04:00,15.390000343322754,15.579999923706055,15.020000457763672,15.529999732971191,70400,0.0,0.0
2023-10-05 00:00:00-04:00,15.529999732971191,15.815999984741211,15.390000343322754,15.729999542236328,57800,0.0,0.0
2023-10-06 00:00:00-04:00,15.8100004196167,16.040000915527344,15.739999771118164,15.829999923706055,71400,0.0,0.0
2023-10-09 00:00:00-04:00,15.8100004196167,16.3700008392334,15.649999618530273,16.329999923706055,94500,0.0,0.0
2023-10-10 00:00:00-04:00,16.219999313354492,17.209999084472656,16.219999313354492,16.889999389648438,141700,0.0,0.0
2023-10-11 00:00:00-04:00,16.770000457763672,16.899999618530273,15.960000038146973,16.43000030517578,101700,0.0,0.0
2023-10-12 00:00:00-04:00,16.450000762939453,16.479999542236328,15.920000076293945,16.309999465942383,66200,0.0,0.0
2023-10-13 00:00:00-04:00,16.229999542236328,16.43000030517578,15.880000114440918,16.030000686645508,48100,0.0,0.0
2023-10-16 00:00:00-04:00,16.190000534057617,16.479999542236328,16.15999984741211,16.40999984741211,59200,0.0,0.0
2023-10-17 00:00:00-04:00,16.31999969482422,17.149999618530273,15.109999656677246,16.920000076293945,95900,0.0,0.0
2023-10-18 00:00:00-04:00,16.899999618530273,16.989999771118164,16.219999313354492,16.420000076293945,89800,0.0,0.0
2023-10-19 00:00:00-04:00,16.479999542236328,16.479999542236328,15.9399995803833,15.979999542236328,68200,0.0,0.0
2023-10-20 00:00:00-04:00,16.030000686645508,16.06999969482422,15.699999809265137,15.729999542236328,61300,0.0,0.0
2023-10-23 00:00:00-04:00,15.654999732971191,15.84000015258789,15.569999694824219,15.699999809265137,60100,0.0,0.0
2023-10-24 00:00:00-04:00,15.850000381469727,15.9399995803833,15.5,15.90999984741211,86900,0.0,0.0
2023-10-25 00:00:00-04:00,15.585000038146973,15.779999732971191,15.420000076293945,15.630000114440918,53500,0.0,0.0
2023-10-26 00:00:00-04:00,15.739999771118164,16.059999465942383,15.600000381469727,16.020000457763672,49800,0.0,0.0
2023-10-27 00:00:00-04:00,16.15999984741211,16.3700008392334,15.880000114440918,15.960000038146973,87900,0.0,0.0
2023-10-30 00:00:00-04:00,16.1200008392334,16.170000076293945,15.550000190734863,15.850000381469727,77700,0.0,0.0
2023-10-31 00:00:00-04:00,15.899999618530273,16.389999389648438,15.760000228881836,16.31999969482422,60700,0.0,0.0
2023-11-01 00:00:00-04:00,16.290000915527344,16.770000457763672,16.219999313354492,16.68000030517578,63100,0.0,0.0
2023-11-02 00:00:00-04:00,16.799999237060547,17.049999237060547,16.469999313354492,16.719999313354492,80500,0.0,0.0
2023-11-03 00:00:00-04:00,17.079999923706055,17.549999237060547,17.040000915527344,17.299999237060547,45500,0.0,0.0
2023-11-06 00:00:00-05:00,17.030000686645508,17.309999465942383,16.809999465942383,17.030000686645508,48900,0.0,0.0
2023-11-07 00:00:00-05:00,17.010000228881836,17.389999389648438,16.790000915527344,17.229999542236328,62400,0.0,0.0
2023-11-08 00:00:00-05:00,17.309999465942383,17.34000015258789,17.040000915527344,17.280000686645508,51300,0.0,0.0
2023-11-09 00:00:00-05:00,17.25,17.31999969482422,17.0,17.100000381469727,50800,0.0,0.0
2023-11-10 00:00:00-05:00,16.579999923706055,17.94499969482422,16.579999923706055,17.65999984741211,94700,0.0,0.0
2023-11-13 00:00:00-05:00,17.729999542236328,18.100000381469727,17.610000610351562,17.950000762939453,70500,0.0,0.0
2023-11-14 00:00:00-05:00,18.3700008392334,18.575000762939453,17.920000076293945,18.389999389648438,103700,0.0,0.0
2023-11-15 00:00:00-05:00,18.469999313354492,18.594999313354492,17.940000534057617,17.950000762939453,57600,0.0,0.0
2023-11-16 00:00:00-05:00,17.809999465942383,18.06999969482422,17.809999465942383,17.989999771118164,46000,0.0,0.0
2023-11-17 00:00:00-05:00,18.170000076293945,18.170000076293945,17.799999237060547,18.059999465942383,57800,0.0,0.0
2023-11-20 00:00:00-05:00,17.940000534057617,18.21500015258789,17.940000534057617,18.139999389648438,41100,0.0,0.0
2023-11-21 00:00:00-05:00,18.010000228881836,18.06999969482422,17.670000076293945,17.739999771118164,41500,0.0,0.0
2023-11-22 00:00:00-05:00,17.709999084472656,18.15999984741211,17.28499984741211,18.049999237060547,43000,0.0,0.0
2023-11-24 00:00:00-05:00,18.149999618530273,18.329999923706055,18.09000015258789,18.110000610351562,18300,0.0,0.0
2023-11-27 00:00:00-05:00,18.110000610351562,18.31999969482422,17.979999542236328,18.280000686645508,57100,0.0,0.0
2023-11-28 00:00:00-05:00,18.219999313354492,18.280000686645508,17.84000015258789,17.8700008392334,45500,0.0,0.0
2023-11-29 00:00:00-05:00,17.81999969482422,18.295000076293945,17.600000381469727,17.719999313354492,97400,0.0,0.0
2023-11-30 00:00:00-05:00,17.760000228881836,18.059999465942383,17.690000534057617,17.729999542236328,44200,0.0,0.0
2023-12-01 00:00:00-05:00,17.59000015258789,18.316999435424805,17.59000015258789,18.149999618530273,97200,0.0,0.0
2023-12-04 00:00:00-05:00,18.209999084472656,18.6299991607666,18.100000381469727,18.110000610351562,112200,0.0,0.0
2023-12-05 00:00:00-05:00,18.149999618530273,18.34000015258789,17.889999389648438,17.940000534057617,47800,0.0,0.0
2023-12-06 00:00:00-05:00,17.989999771118164,18.329999923706055,17.989999771118164,18.1299991607666,62400,0.0,0.0
2023-12-07 00:00:00-05:00,18.100000381469727,18.290000915527344,17.985000610351562,18.110000610351562,31600,0.0,0.0
2023-12-08 00:00:00-05:00,18.15999984741211,18.31999969482422,18.15999984741211,18.299999237060547,38300,0.0,0.0
2023-12-11 00:00:00-05:00,18.290000915527344,18.670000076293945,18.209999084472656,18.610000610351562,53300,0.0,0.0
2023-12-12 00:00:00-05:00,18.510000228881836,18.540000915527344,18.35300064086914,18.360000610351562,61000,0.0,0.0
2023-12-13 00:00:00-05:00,18.479999542236328,18.899999618530273,18.149999618530273,18.829999923706055,52300,0.0,0.0
2023-12-14 00:00:00-05:00,18.950000762939453,19.18000030517578,18.200000762939453,18.43000030517578,69800,0.0,0.0
2023-12-15 00:00:00-05:00,18.59000015258789,19.079999923706055,18.584999084472656,18.649999618530273,229800,0.0,0.0
2023-12-18 00:00:00-05:00,18.649999618530273,18.93000030517578,18.559999465942383,18.6299991607666,39400,0.0,0.0
2023-12-19 00:00:00-05:00,18.690000534057617,18.979999542236328,18.690000534057617,18.969999313354492,48500,0.0,0.0
2023-12-20 00:00:00-05:00,18.899999618530273,19.200000762939453,18.56999969482422,18.6200008392334,35000,0.0,0.0
2023-12-21 00:00:00-05:00,18.84000015258789,18.902999877929688,18.520000457763672,18.639999389648438,29700,0.0,0.0
2023-12-22 00:00:00-05:00,18.639999389648438,18.8700008392334,18.530000686645508,18.690000534057617,35400,0.0,0.0
2023-12-26 00:00:00-05:00,18.780000686645508,19.010000228881836,18.649999618530273,18.829999923706055,40100,0.0,0.0
2023-12-27 00:00:00-05:00,18.84000015258789,19.15999984741211,18.610000610351562,19.0,47500,0.0,0.0
2023-12-28 00:00:00-05:00,19.079999923706055,19.190000534057617,18.6299991607666,19.079999923706055,32500,0.0,0.0
2023-12-29 00:00:00-05:00,18.940000534057617,19.114999771118164,18.889999389648438,19.010000228881836,43900,0.0,0.0
2024-01-02 00:00:00-05:00,19.0,19.209999084472656,18.610000610351562,18.690000534057617,41800,0.0,0.0
2024-01-03 00:00:00-05:00,18.690000534057617,18.690000534057617,17.850000381469727,17.920000076293945,44200,0.0,0.0
2024-01-04 00:00:00-05:00,18.0,18.229999542236328,17.8700008392334,17.8799991607666,29400,0.0,0.0
2024-01-05 00:00:00-05:00,17.770000457763672,17.989999771118164,17.18000030517578,17.25,119600,0.0,0.0
2024-01-08 00:00:00-05:00,17.299999237060547,17.610000610351562,17.25,17.59000015258789,36300,0.0,0.0
2024-01-09 00:00:00-05:00,17.360000610351562,17.510000228881836,17.010000228881836,17.190000534057617,59400,0.0,0.0
2024-01-10 00:00:00-05:00,17.229999542236328,17.399999618530273,17.09000015258789,17.270000457763672,64700,0.0,0.0
2024-01-11 00:00:00-05:00,17.200000762939453,17.309999465942383,17.1200008392334,17.290000915527344,32100,0.0,0.0
2024-01-12 00:00:00-05:00,17.469999313354492,17.665000915527344,17.399999618530273,17.43000030517578,35800,0.0,0.0
2024-01-16 00:00:00-05:00,17.239999771118164,17.489999771118164,16.670000076293945,16.770000457763672,37500,0.0,0.0
2024-01-17 00:00:00-05:00,16.6200008392334,17.219999313354492,16.6200008392334,17.100000381469727,43500,0.0,0.0
2024-01-18 00:00:00-05:00,17.059999465942383,17.510000228881836,17.059999465942383,17.440000534057617,56600,0.0,0.0
2024-01-19 00:00:00-05:00,17.5,17.770000457763672,17.399999618530273,17.59000015258789,27000,0.0,0.0
2024-01-22 00:00:00-05:00,17.540000915527344,17.94499969482422,17.530000686645508,17.829999923706055,52500,0.0,0.0
2024-01-23 00:00:00-05:00,17.799999237060547,18.540000915527344,17.6299991607666,18.479999542236328,40600,0.0,0.0
2024-01-24 00:00:00-05:00,18.739999771118164,18.989999771118164,18.3799991607666,18.43000030517578,28400,0.0,0.0
2024-01-25 00:00:00-05:00,18.690000534057617,18.690000534057617,18.040000915527344,18.059999465942383,42100,0.0,0.0
2024-01-26 00:00:00-05:00,18.190000534057617,18.56999969482422,18.149999618530273,18.280000686645508,28200,0.0,0.0
2024-01-29 00:00:00-05:00,18.25,18.860000610351562,18.1200008392334,18.75,41100,0.0,0.0
2024-01-30 00:00:00-05:00,18.8799991607666,18.969999313354492,18.540000915527344,18.56999969482422,41100,0.0,0.0
2024-01-31 00:00:00-05:00,18.489999771118164,18.540000915527344,17.889999389648438,18.020000457763672,42400,0.0,0.0
2024-02-01 00:00:00-05:00,18.049999237060547,18.270000457763672,17.68000030517578,18.170000076293945,31300,0.0,0.0
2024-02-02 00:00:00-05:00,17.920000076293945,18.100000381469727,17.709999084472656,17.709999084472656,30000,0.0,0.0
2024-02-05 00:00:00-05:00,17.700000762939453,17.899999618530273,17.469999313354492,17.5,47900,0.0,0.0
2024-02-06 00:00:00-05:00,17.3700008392334,17.6200008392334,17.3700008392334,17.520000457763672,34100,0.0,0.0
2024-02-07 00:00:00-05:00,17.65999984741211,17.719999313354492,17.25,17.290000915527344,25800,0.0,0.0
2024-02-08 00:00:00-05:00,17.190000534057617,17.739999771118164,17.190000534057617,17.3799991607666,49000,0.0,0.0
2024-02-09 00:00:00-05:00,16.649999618530273,16.649999618530273,14.739999771118164,15.789999961853027,220000,0.0,0.0
2024-02-12 00:00:00-05:00,15.630000114440918,16.06999969482422,15.5,15.930000305175781,108400,0.0,0.0
2024-02-13 00:00:00-05:00,15.8100004196167,15.9399995803833,14.770000457763672,14.920000076293945,146800,0.0,0.0
2024-02-14 00:00:00-05:00,15.239999771118164,15.312999725341797,14.850000381469727,14.979999542236328,70600,0.0,0.0
2024-02-15 00:00:00-05:00,14.930000305175781,15.260000228881836,14.859999656677246,14.890000343322754,80000,0.0,0.0
2024-02-16 00:00:00-05:00,14.789999961853027,14.96500015258789,14.399999618530273,14.569999694824219,81300,0.0,0.0
2024-02-20 00:00:00-05:00,14.430000305175781,14.710000038146973,14.27299976348877,14.479999542236328,54600,0.0,0.0
2024-02-21 00:00:00-05:00,14.479999542236328,14.729999542236328,14.359999656677246,14.399999618530273,51800,0.0,0.0
2024-02-22 00:00:00-05:00,14.300000190734863,14.600000381469727,13.970000267028809,14.0600004196167,297200,0.0,0.0
2024-02-23 00:00:00-05:00,14.039999961853027,15.5,14.039999961853027,15.395000457763672,74900,0.0,0.0
2024-02-26 00:00:00-05:00,15.289999961853027,15.675000190734863,14.979999542236328,15.170000076293945,86100,0.0,0.0
2024-02-27 00:00:00-05:00,15.220000267028809,15.489999771118164,15.125,15.300000190734863,47700,0.0,0.0
2024-02-28 00:00:00-05:00,15.170000076293945,16.229999542236328,15.170000076293945,15.729999542236328,210100,0.0,0.0
2024-02-29 00:00:00-05:00,16.0,16.325000762939453,15.680000305175781,15.960000038146973,115200,0.0,0.0
2024-03-01 00:00:00-05:00,15.850000381469727,16.15999984741211,15.539999961853027,16.1200008392334,94400,0.0,0.0
2024-03-04 00:00:00-05:00,16.59000015258789,16.639999389648438,16.06999969482422,16.18000030517578,116200,0.0,0.0
2024-03-05 00:00:00-05:00,16.1200008392334,16.229999542236328,15.319999694824219,15.399999618530273,72100,0.0,0.0
2024-03-06 00:00:00-05:00,15.619999885559082,15.739999771118164,15.206000328063965,15.239999771118164,54100,0.0,0.0
2024-03-07 00:00:00-05:00,15.430000305175781,15.739999771118164,15.430000305175781,15.539999961853027,38900,0.0,0.0
2024-03-08 00:00:00-05:00,15.680000305175781,15.800000190734863,15.350000381469727,15.380000114440918,45500,0.0,0.0
2024-03-11 00:00:00-04:00,15.40999984741211,15.5600004196167,15.3100004196167,15.34000015258789,49700,0.0,0.0
2024-03-12 00:00:00-04:00,15.319999694824219,15.6899995803833,15.10200023651123,15.199999809265137,129300,0.0,0.0
2024-03-13 00:00:00-04:00,15.449999809265137,15.989999771118164,15.350000381469727,15.569999694824219,250000,0.0,0.0
2024-03-14 00:00:00-04:00,15.59000015258789,15.699999809265137,15.350000381469727,15.600000381469727,61900,0.0,0.0
2024-03-15 00:00:00-04:00,15.430000305175781,15.84000015258789,15.430000305175781,15.539999961853027,104300,0.0,0.0
2024-03-18 00:00:00-04:00,15.539999961853027,15.829999923706055,15.329999923706055,15.460000038146973,35900,0.0,0.0
2024-03-19 00:00:00-04:00,15.529999732971191,15.619999885559082,15.300000190734863,15.569999694824219,57100,0.0,0.0
2024-03-20 00:00:00-04:00,15.520000457763672,15.850000381469727,15.255000114440918,15.779999732971191,74000,0.0,0.0
2024-03-21 00:00:00-04:00,16.030000686645508,16.030000686645508,15.710000038146973,15.9399995803833,51100,0.0,0.0
2024-03-22 00:00:00-04:00,15.899999618530273,15.949999809265137,14.979999542236328,15.0,59200,0.0,0.0
2024-03-25 00:00:00-04:00,15.069999694824219,15.210000038146973,14.505000114440918,14.760000228881836,79900,0.0,0.0
2024-03-26 00:00:00-04:00,14.770000457763672,14.770000457763672,14.25,14.510000228881836,70500,0.0,0.0
2024-03-27 00:00:00-04:00,14.649999618530273,15.039999961853027,14.649999618530273,15.010000228881836,40200,0.0,0.0
2024-03-28 00:00:00-04:00,15.109999656677246,15.470000267028809,15.09000015258789,15.430000305175781,50500,0.0,0.0
2024-04-01 00:00:00-04:00,15.350000381469727,15.489999771118164,14.84000015258789,15.0,44800,0.0,0.0
2024-04-02 00:00:00-04:00,14.899999618530273,14.920000076293945,14.300000190734863,14.40999984741211,46600,0.0,0.0
2024-04-03 00:00:00-04:00,14.390000343322754,14.40999984741211,13.949999809265137,14.119999885559082,38100,0.0,0.0
2024-04-04 00:00:00-04:00,14.220000267028809,14.539999961853027,14.130000114440918,14.199999809265137,58400,0.0,0.0
2024-04-05 00:00:00-04:00,14.260000228881836,14.329999923706055,14.029999732971191,14.15999984741211,65200,0.0,0.0
2024-04-08 00:00:00-04:00,14.170000076293945,14.359999656677246,14.170000076293945,14.210000038146973,33400,0.0,0.0
2024-04-09 00:00:00-04:00,14.170000076293945,14.449999809265137,14.170000076293945,14.420000076293945,38500,0.0,0.0
2024-04-10 00:00:00-04:00,14.149999618530273,14.220000267028809,13.670000076293945,13.829999923706055,54000,0.0,0.0
2024-04-11 00:00:00-04:00,13.890000343322754,14.220000267028809,13.755000114440918,14.15999984741211,55800,0.0,0.0
2024-04-12 00:00:00-04:00,14.074999809265137,14.289999961853027,14.0,14.100000381469727,38200,0.0,0.0
2024-04-15 00:00:00-04:00,14.1899995803833,14.1899995803833,13.51099967956543,13.5600004196167,40500,0.0,0.0
2024-04-16 00:00:00-04:00,13.539999961853027,13.59000015258789,13.305000305175781,13.350000381469727,30900,0.0,0.0
2024-04-17 00:00:00-04:00,13.350000381469727,13.569999694824219,13.010000228881836,13.029999732971191,50500,0.0,0.0
2024-04-18 00:00:00-04:00,13.164999961853027,13.289999961853027,13.0600004196167,13.15999984741211,45800,0.0,0.0
2024-04-19 00:00:00-04:00,13.020000457763672,13.395000457763672,13.020000457763672,13.359999656677246,32100,0.0,0.0
2024-04-22 00:00:00-04:00,13.399999618530273,13.75,13.25,13.539999961853027,66100,0.0,0.0
2024-04-23 00:00:00-04:00,13.635000228881836,13.829999923706055,13.420000076293945,13.420000076293945,21800,0.0,0.0
2024-04-24 00:00:00-04:00,13.420000076293945,13.430000305175781,13.270000457763672,13.3100004196167,16700,0.0,0.0
2024-04-25 00:00:00-04:00,13.3100004196167,13.3100004196167,13.0,13.0600004196167,28800,0.0,0.0
2024-04-26 00:00:00-04:00,13.1899995803833,13.25,13.020000457763672,13.199999809265137,22200,0.0,0.0
2024-04-29 00:00:00-04:00,13.465999603271484,13.543000221252441,13.300000190734863,13.369999885559082,33500,0.0,0.0
2024-04-30 00:00:00-04:00,13.138999938964844,13.3100004196167,13.100000381469727,13.100000381469727,68500,0.0,0.0
2024-05-01 00:00:00-04:00,13.15999984741211,13.395000457763672,13.125,13.279999732971191,23600,0.0,0.0
2024-05-02 00:00:00-04:00,13.380000114440918,13.460000038146973,13.270000457763672,13.390000343322754,15800,0.0,0.0
2024-05-03 00:00:00-04:00,13.59000015258789,13.680000305175781,13.489999771118164,13.59000015258789,14900,0.0,0.0
2024-05-06 00:00:00-04:00,13.609999656677246,13.8100004196167,13.420000076293945,13.760000228881836,31000,0.0,0.0
2024-05-07 00:00:00-04:00,13.770000457763672,14.119999885559082,13.770000457763672,14.119999885559082,31600,0.0,0.0
2024-05-08 00:00:00-04:00,14.029999732971191,14.229999542236328,13.859999656677246,14.229999542236328,34100,0.0,0.0
2024-05-09 00:00:00-04:00,14.239999771118164,14.239999771118164,13.609999656677246,13.8100004196167,34900,0.0,0.0
2024-05-10 00:00:00-04:00,14.460000038146973,15.40999984741211,14.15999984741211,14.550000190734863,51200,0.0,0.0
2024-05-13 00:00:00-04:00,14.479999542236328,14.675999641418457,14.199999809265137,14.199999809265137,31500,0.0,0.0
2024-05-14 00:00:00-04:00,14.430000305175781,15.039999961853027,14.430000305175781,14.960000038146973,68000,0.0,0.0
2024-05-15 00:00:00-04:00,14.960000038146973,15.279999732971191,14.960000038146973,15.010000228881836,23600,0.0,0.0
2024-05-16 00:00:00-04:00,14.9399995803833,15.237000465393066,14.890000343322754,15.15999984741211,29600,0.0,0.0
2024-05-17 00:00:00-04:00,15.180000305175781,15.539999961853027,14.930000305175781,15.479999542236328,39000,0.0,0.0
2024-05-20 00:00:00-04:00,15.40999984741211,15.819999694824219,15.40999984741211,15.430000305175781,52100,0.0,0.0
2024-05-21 00:00:00-04:00,15.460000038146973,15.529999732971191,15.25,15.470000267028809,42200,0.0,0.0
2024-05-22 00:00:00-04:00,15.390000343322754,15.5649995803833,15.350000381469727,15.4399995803833,23900,0.0,0.0
2024-05-23 00:00:00-04:00,15.449999809265137,15.569999694824219,15.300000190734863,15.40999984741211,53900,0.0,0.0
2024-05-24 00:00:00-04:00,15.539999961853027,16.0,15.527999877929688,15.899999618530273,23600,0.0,0.0
2024-05-28 00:00:00-04:00,15.989999771118164,16.049999237060547,15.380000114440918,15.390000343322754,30000,0.0,0.0
2024-05-29 00:00:00-04:00,15.25,15.579999923706055,15.25,15.3100004196167,19600,0.0,0.0
2024-05-30 00:00:00-04:00,15.460000038146973,15.680000305175781,15.390000343322754,15.489999771118164,24400,0.0,0.0
2024-05-31 00:00:00-04:00,15.805000305175781,15.805000305175781,15.399999618530273,15.649999618530273,19800,0.0,0.0
2024-06-03 00:00:00-04:00,15.850000381469727,15.949999809265137,15.614999771118164,15.880000114440918,49300,0.0,0.0
2024-06-04 00:00:00-04:00,15.789999961853027,15.979999542236328,15.430000305175781,15.430000305175781,30700,0.0,0.0
2024-06-05 00:00:00-04:00,15.8100004196167,15.850000381469727,15.369999885559082,15.720000267028809,24300,0.0,0.0
2024-06-06 00:00:00-04:00,15.75,15.895000457763672,15.600000381469727,15.850000381469727,25500,0.0,0.0
2024-06-07 00:00:00-04:00,15.600000381469727,15.8100004196167,15.579999923706055,15.579999923706055,21900,0.0,0.0
2024-06-10 00:00:00-04:00,15.420000076293945,15.90999984741211,15.420000076293945,15.899999618530273,29000,0.0,0.0
2024-06-11 00:00:00-04:00,15.729999542236328,16.18000030517578,15.600000381469727,16.149999618530273,33400,0.0,0.0
2024-06-12 00:00:00-04:00,16.56999969482422,16.56999969482422,16.260000228881836,16.260000228881836,29200,0.0,0.0
2024-06-13 00:00:00-04:00,16.34000015258789,16.399999618530273,15.699999809265137,16.040000915527344,31800,0.0,0.0
2024-06-14 00:00:00-04:00,15.819999694824219,16.200000762939453,15.614999771118164,15.930000305175781,57400,0.0,0.0
2024-06-17 00:00:00-04:00,15.979999542236328,16.1299991607666,15.760000228881836,16.100000381469727,45700,0.0,0.0
2024-06-18 00:00:00-04:00,16.020000457763672,16.190000534057617,15.699999809265137,15.789999961853027,78000,0.0,0.0
2024-06-20 00:00:00-04:00,15.649999618530273,16.389999389648438,15.649999618530273,16.040000915527344,56500,0.0,0.0
2024-06-21 00:00:00-04:00,16.1200008392334,16.399999618530273,16.1200008392334,16.190000534057617,50700,0.0,0.0
2024-06-24 00:00:00-04:00,16.3700008392334,16.770000457763672,16.200000762939453,16.229999542236328,29900,0.0,0.0
2024-06-25 00:00:00-04:00,16.1299991607666,16.280000686645508,15.630000114440918,15.789999961853027,46300,0.0,0.0
2024-06-26 00:00:00-04:00,15.710000038146973,16.1200008392334,15.65999984741211,15.90999984741211,36400,0.0,0.0
2024-06-27 00:00:00-04:00,16.0,16.1200008392334,15.84000015258789,16.010000228881836,31300,0.0,0.0
2024-06-28 00:00:00-04:00,16.209999084472656,16.479999542236328,15.949999809265137,16.18000030517578,365400,0.0,0.0
2024-07-01 00:00:00-04:00,16.229999542236328,16.329999923706055,15.819999694824219,15.960000038146973,49500,0.0,0.0
2024-07-02 00:00:00-04:00,16.010000228881836,16.329999923706055,15.90999984741211,16.149999618530273,36000,0.0,0.0
2024-07-03 00:00:00-04:00,16.079999923706055,16.149999618530273,15.789999961853027,15.84000015258789,26800,0.0,0.0
2024-07-05 00:00:00-04:00,15.90999984741211,16.19499969482422,15.359999656677246,15.470000267028809,74100,0.0,0.0
2024-07-08 00:00:00-04:00,15.65999984741211,16.07900047302246,15.619999885559082,15.75,66000,0.0,0.0
2024-07-09 00:00:00-04:00,15.800000190734863,15.970000267028809,15.640000343322754,15.850000381469727,29000,0.0,0.0
2024-07-10 00:00:00-04:00,15.989999771118164,16.06999969482422,15.6899995803833,15.920000076293945,26600,0.0,0.0
2024-07-11 00:00:00-04:00,16.209999084472656,16.700000762939453,16.040000915527344,16.5,62300,0.0,0.0
2024-07-12 00:00:00-04:00,16.56999969482422,16.850000381469727,16.43000030517578,16.5,46900,0.0,0.0
2024-07-15 00:00:00-04:00,16.670000076293945,16.959999084472656,16.520000457763672,16.799999237060547,57200,0.0,0.0
2024-07-16 00:00:00-04:00,16.860000610351562,17.3799991607666,16.510000228881836,17.110000610351562,74000,0.0,0.0
2024-07-17 00:00:00-04:00,17.149999618530273,17.239999771118164,16.829999923706055,17.010000228881836,49000,0.0,0.0
2024-07-18 00:00:00-04:00,16.969999313354492,17.235000610351562,16.790000915527344,16.8799991607666,21500,0.0,0.0
2024-07-19 00:00:00-04:00,16.8700008392334,16.899999618530273,16.459999084472656,16.600000381469727,24300,0.0,0.0
2024-07-22 00:00:00-04:00,15.149999618530273,16.55500030517578,15.149999618530273,16.469999313354492,99400,0.0,0.0
2024-07-23 00:00:00-04:00,16.469999313354492,17.049999237060547,16.15999984741211,16.90999984741211,110700,0.0,0.0
2024-07-24 00:00:00-04:00,16.8799991607666,17.15999984741211,16.510000228881836,16.68000030517578,46300,0.0,0.0
2024-07-25 00:00:00-04:00,16.780000686645508,17.690000534057617,16.780000686645508,17.469999313354492,52800,0.0,0.0
2024-07-26 00:00:00-04:00,17.75,17.79199981689453,17.5,17.649999618530273,36900,0.0,0.0
2024-07-29 00:00:00-04:00,17.649999618530273,17.649999618530273,17.190000534057617,17.25,23600,0.0,0.0
2024-07-30 00:00:00-04:00,17.260000228881836,17.700000762939453,17.260000228881836,17.600000381469727,38900,0.0,0.0
2024-07-31 00:00:00-04:00,17.469999313354492,17.81999969482422,17.274999618530273,17.440000534057617,26700,0.0,0.0
2024-08-01 00:00:00-04:00,17.540000915527344,17.540000915527344,16.469999313354492,16.690000534057617,65000,0.0,0.0
2024-08-02 00:00:00-04:00,16.18000030517578,16.6299991607666,16.18000030517578,16.549999237060547,32900,0.0,0.0
2024-08-05 00:00:00-04:00,15.970000267028809,16.290000915527344,15.494999885559082,15.550000190734863,50300,0.0,0.0
2024-08-06 00:00:00-04:00,15.5600004196167,15.779999732971191,15.324999809265137,15.489999771118164,28800,0.0,0.0
2024-08-07 00:00:00-04:00,15.829999923706055,15.829999923706055,15.319999694824219,15.329999923706055,34800,0.0,0.0
2024-08-08 00:00:00-04:00,15.270000457763672,15.789999961853027,15.270000457763672,15.75,35100,0.0,0.0
2024-08-09 00:00:00-04:00,15.760000228881836,15.819999694824219,15.180000305175781,15.449999809265137,187600,0.0,0.0
2024-08-12 00:00:00-04:00,15.420000076293945,15.539999961853027,15.170000076293945,15.300000190734863,63900,0.0,0.0
2024-08-13 00:00:00-04:00,15.489999771118164,15.90999984741211,15.229999542236328,15.859999656677246,51300,0.0,0.0
2024-08-14 00:00:00-04:00,16.049999237060547,16.049999237060547,15.75,15.8100004196167,26500,0.0,0.0
2024-08-15 00:00:00-04:00,16.18000030517578,16.684999465942383,15.949999809265137,16.450000762939453,66400,0.0,0.0
2024-08-16 00:00:00-04:00,16.459999084472656,16.709999084472656,16.459999084472656,16.510000228881836,14000,0.0,0.0
2024-08-19 00:00:00-04:00,16.459999084472656,16.600000381469727,16.440000534057617,16.549999237060547,27500,0.0,0.0
2024-08-20 00:00:00-04:00,16.639999389648438,16.82699966430664,16.309999465942383,16.649999618530273,42700,0.0,0.0
2024-08-21 00:00:00-04:00,16.850000381469727,17.084999084472656,16.790000915527344,16.899999618530273,35900,0.0,0.0
2024-08-22 00:00:00-04:00,16.84000015258789,16.969999313354492,16.684999465942383,16.739999771118164,31400,0.0,0.0
2024-08-23 00:00:00-04:00,16.799999237060547,17.485000610351562,16.799999237060547,17.15999984741211,55700,0.0,0.0
2024-08-26 00:00:00-04:00,17.360000610351562,17.5,17.149999618530273,17.260000228881836,90900,0.0,0.0
2024-08-27 00:00:00-04:00,17.434999465942383,17.434999465942383,17.010000228881836,17.270000457763672,32700,0.0,0.0
2024-08-28 00:00:00-04:00,17.110000610351562,17.43000030517578,17.110000610351562,17.299999237060547,34500,0.0,0.0
2024-08-29 00:00:00-04:00,17.299999237060547,17.610000610351562,17.125,17.389999389648438,40100,0.0,0.0
2024-08-30 00:00:00-04:00,17.510000228881836,17.700000762939453,17.094999313354492,17.239999771118164,55300,0.0,0.0
2024-09-03 00:00:00-04:00,17.219999313354492,17.440000534057617,17.049999237060547,17.270000457763672,61700,0.0,0.0
2024-09-04 00:00:00-04:00,17.225000381469727,17.440000534057617,16.959999084472656,17.030000686645508,54900,0.0,0.0
2024-09-05 00:00:00-04:00,17.075000762939453,17.30500030517578,17.045000076293945,17.229999542236328,44100,0.0,0.0
2024-09-06 00:00:00-04:00,17.280000686645508,17.28499984741211,16.93000030517578,16.959999084472656,31300,0.0,0.0
2024-09-09 00:00:00-04:00,16.940000534057617,17.149999618530273,16.350000381469727,16.520000457763672,69800,0.0,0.0
2024-09-10 00:00:00-04:00,16.479999542236328,17.020000457763672,16.450000762939453,16.799999237060547,37300,0.0,0.0
2024-09-11 00:00:00-04:00,16.799999237060547,16.809999465942383,16.3799991607666,16.459999084472656,34300,0.0,0.0
2024-09-12 00:00:00-04:00,16.56999969482422,16.989999771118164,16.479999542236328,16.729999542236328,54700,0.0,0.0
2024-09-13 00:00:00-04:00,18.0,20.020000457763672,17.969999313354492,19.549999237060547,537200,0.0,0.0
2024-09-16 00:00:00-04:00,19.56999969482422,20.559999465942383,19.56999969482422,19.940000534057617,403000,0.0,0.0
2024-09-17 00:00:00-04:00,20.0,20.100000381469727,18.899999618530273,19.110000610351562,276500,0.0,0.0
2024-09-18 00:00:00-04:00,19.270000457763672,19.78499984741211,18.920000076293945,19.729999542236328,194000,0.0,0.0
2024-09-19 00:00:00-04:00,20.0,20.0,19.489999771118164,19.989999771118164,103400,0.0,0.0
2024-09-20 00:00:00-04:00,19.790000915527344,20.059999465942383,19.549999237060547,19.959999084472656,126300,0.0,0.0
2024-09-23 00:00:00-04:00,20.260000228881836,20.53700065612793,19.829999923706055,20.09000015258789,187800,0.0,0.0
2024-09-24 00:00:00-04:00,20.0,20.014999389648438,19.59000015258789,19.989999771118164,163300,0.0,0.0
2024-09-25 00:00:00-04:00,19.989999771118164,20.108999252319336,19.68000030517578,19.989999771118164,104800,0.0,0.0
2024-09-26 00:00:00-04:00,20.0,20.010000228881836,19.56999969482422,19.90999984741211,101200,0.0,0.0
2024-09-27 00:00:00-04:00,20.0,20.1299991607666,19.649999618530273,19.709999084472656,152400,0.0,0.0
2024-09-30 00:00:00-04:00,19.709999084472656,20.045000076293945,19.709999084472656,19.979999542236328,214500,0.0,0.0
2024-10-01 00:00:00-04:00,19.979999542236328,20.0,19.4950008392334,19.770000457763672,132000,0.0,0.0
2024-10-02 00:00:00-04:00,19.690000534057617,19.81999969482422,18.969999313354492,19.299999237060547,94100,0.0,0.0
2024-10-03 00:00:00-04:00,19.100000381469727,19.100000381469727,18.559999465942383,19.06999969482422,98600,0.0,0.0
2024-10-04 00:00:00-04:00,19.329999923706055,19.459999084472656,19.059999465942383,19.290000915527344,91200,0.0,0.0
2024-10-07 00:00:00-04:00,19.170000076293945,19.40999984741211,18.93000030517578,19.079999923706055,68600,0.0,0.0
2024-10-08 00:00:00-04:00,19.100000381469727,19.514999389648438,18.809999465942383,19.43000030517578,115100,0.0,0.0
2024-10-09 00:00:00-04:00,19.43000030517578,19.770000457763672,19.15999984741211,19.15999984741211,107400,0.0,0.0
2024-10-10 00:00:00-04:00,19.139999389648438,19.43000030517578,18.75,19.200000762939453,82300,0.0,0.0
2024-10-11 00:00:00-04:00,19.229999542236328,19.549999237060547,19.219999313354492,19.31999969482422,72800,0.0,0.0
2024-10-14 00:00:00-04:00,19.34000015258789,19.514999389648438,19.229999542236328,19.229999542236328,42200,0.0,0.0
2024-10-15 00:00:00-04:00,19.229999542236328,19.399999618530273,19.040000915527344,19.110000610351562,78800,0.0,0.0
2024-10-16 00:00:00-04:00,19.290000915527344,19.364999771118164,19.15999984741211,19.31999969482422,65000,0.0,0.0
2024-10-17 00:00:00-04:00,19.31999969482422,19.327999114990234,18.84000015258789,18.899999618530273,69800,0.0,0.0
2024-10-18 00:00:00-04:00,18.950000762939453,19.08799934387207,18.520000457763672,18.579999923706055,48400,0.0,0.0
2024-10-21 00:00:00-04:00,18.549999237060547,18.690000534057617,18.360000610351562,18.360000610351562,50000,0.0,0.0
2024-10-22 00:00:00-04:00,18.40999984741211,18.440000534057617,18.19499969482422,18.40999984741211,52600,0.0,0.0
2024-10-23 00:00:00-04:00,18.329999923706055,18.600000381469727,18.079999923706055,18.190000534057617,40100,0.0,0.0
2024-10-24 00:00:00-04:00,18.190000534057617,18.219999313354492,17.985000610351562,18.110000610351562,47600,0.0,0.0
2024-10-25 00:00:00-04:00,18.25,18.260000228881836,18.0,18.020000457763672,33800,0.0,0.0
2024-10-28 00:00:00-04:00,17.969999313354492,18.420000076293945,17.969999313354492,18.329999923706055,80000,0.0,0.0
2024-10-29 00:00:00-04:00,18.3700008392334,18.420000076293945,18.100000381469727,18.360000610351562,69400,0.0,0.0
2024-10-30 00:00:00-04:00,18.260000228881836,18.68000030517578,18.200000762939453,18.31999969482422,48900,0.0,0.0
2024-10-31 00:00:00-04:00,18.440000534057617,18.440000534057617,17.899999618530273,17.959999084472656,78400,0.0,0.0
2024-11-01 00:00:00-04:00,18.030000686645508,18.280000686645508,18.030000686645508,18.1299991607666,78300,0.0,0.0
2024-11-04 00:00:00-05:00,18.1299991607666,18.520000457763672,18.06999969482422,18.209999084472656,79700,0.0,0.0
2024-11-05 00:00:00-05:00,18.364999771118164,18.795000076293945,18.364999771118164,18.610000610351562,61500,0.0,0.0
2024-11-06 00:00:00-05:00,19.420000076293945,20.0,19.420000076293945,19.700000762939453,120700,0.0,0.0
2024-11-07 00:00:00-05:00,19.84000015258789,20.030000686645508,19.59000015258789,19.610000610351562,71900,0.0,0.0
2024-11-08 00:00:00-05:00,20.0,20.09000015258789,19.469999313354492,19.549999237060547,96400,0.0,0.0
2024-11-11 00:00:00-05:00,19.290000915527344,20.25,17.530000686645508,20.18000030517578,312400,0.0,0.0
2024-11-12 00:00:00-05:00,20.0,20.1299991607666,19.469999313354492,19.479999542236328,108600,0.0,0.0
2024-11-13 00:00:00-05:00,19.309999465942383,19.979999542236328,18.75,19.940000534057617,166700,0.0,0.0
2024-11-14 00:00:00-05:00,19.959999084472656,20.0,19.40999984741211,19.719999313354492,90300,0.0,0.0
2024-11-15 00:00:00-05:00,19.8700008392334,19.8700008392334,19.094999313354492,19.350000381469727,104900,0.0,0.0
2024-11-18 00:00:00-05:00,19.520000457763672,19.969999313354492,19.520000457763672,19.649999618530273,96200,0.0,0.0
2024-11-19 00:00:00-05:00,19.43000030517578,20.09000015258789,19.43000030517578,19.8700008392334,145900,0.0,0.0
2024-11-20 00:00:00-05:00,20.450000762939453,20.950000762939453,19.920000076293945,20.020000457763672,294200,0.0,0.0
2024-11-21 00:00:00-05:00,20.0,21.6299991607666,19.825000762939453,21.1299991607666,453900,0.0,0.0
2024-11-22 00:00:00-05:00,21.329999923706055,21.510000228881836,20.459999084472656,20.600000381469727,106600,0.0,0.0
2024-11-25 00:00:00-05:00,20.829999923706055,21.100000381469727,20.50200080871582,20.920000076293945,164900,0.0,0.0
2024-11-26 00:00:00-05:00,20.899999618530273,20.94499969482422,20.549999237060547,20.799999237060547,98300,0.0,0.0
2024-11-27 00:00:00-05:00,20.969999313354492,21.020000457763672,20.309999465942383,20.360000610351562,52100,0.0,0.0
2024-11-29 00:00:00-05:00,20.56999969482422,21.309999465942383,20.38800048828125,20.5,41800,0.0,0.0
2024-12-02 00:00:00-05:00,20.540000915527344,21.0,20.020000457763672,20.709999084472656,214600,0.0,0.0
2024-12-03 00:00:00-05:00,20.649999618530273,20.649999618530273,20.09000015258789,20.229999542236328,180900,0.0,0.0
2024-12-04 00:00:00-05:00,20.149999618530273,20.3700008392334,19.934999465942383,20.149999618530273,259300,0.0,0.0
2024-12-05 00:00:00-05:00,20.100000381469727,20.229999542236328,19.639999389648438,19.780000686645508,96000,0.0,0.0
2024-12-06 00:00:00-05:00,19.780000686645508,19.979999542236328,19.40999984741211,19.790000915527344,77500,0.0,0.0
2024-12-09 00:00:00-05:00,19.799999237060547,20.440000534057617,19.799999237060547,20.420000076293945,145000,0.0,0.0
2024-12-10 00:00:00-05:00,20.40999984741211,20.40999984741211,19.940000534057617,20.149999618530273,202300,0.0,0.0
2024-12-11 00:00:00-05:00,20.3799991607666,20.440000534057617,20.06999969482422,20.329999923706055,106400,0.0,0.0
2024-12-12 00:00:00-05:00,20.260000228881836,20.34000015258789,20.04800033569336,20.299999237060547,151800,0.0,0.0
2024-12-13 00:00:00-05:00,20.270000457763672,20.459999084472656,19.90999984741211,20.06999969482422,152000,0.0,0.0
2024-12-16 00:00:00-05:00,20.219999313354492,20.350000381469727,19.969999313354492,20.170000076293945,112600,0.0,0.0
2024-12-17 00:00:00-05:00,19.969999313354492,20.469999313354492,19.969999313354492,20.450000762939453,94000,0.0,0.0
2024-12-18 00:00:00-05:00,20.459999084472656,20.940000534057617,19.510000228881836,19.579999923706055,119500,0.0,0.0
2024-12-19 00:00:00-05:00,19.610000610351562,20.049999237060547,19.344999313354492,20.020000457763672,140800,0.0,0.0
2024-12-20 00:00:00-05:00,19.760000228881836,20.389999389648438,19.75,20.280000686645508,235800,0.0,0.0
2024-12-23 00:00:00-05:00,20.5,20.5,19.639999389648438,20.049999237060547,111500,0.0,0.0
2024-12-24 00:00:00-05:00,20.1299991607666,20.530000686645508,20.049999237060547,20.5,33000,0.0,0.0
2024-12-26 00:00:00-05:00,20.3799991607666,21.420000076293945,20.378000259399414,21.399999618530273,93100,0.0,0.0
2024-12-27 00:00:00-05:00,21.270000457763672,21.600000381469727,20.90999984741211,21.43000030517578,92800,0.0,0.0
2024-12-30 00:00:00-05:00,21.25,21.959999084472656,20.639999389648438,21.450000762939453,235900,0.0,0.0
2024-12-31 00:00:00-05:00,21.450000762939453,21.700000762939453,21.299999237060547,21.489999771118164,69200,0.0,0.0
2025-01-02 00:00:00-05:00,21.700000762939453,21.950000762939453,21.309999465942383,21.700000762939453,150900,0.0,0.0
2025-01-03 00:00:00-05:00,21.850000381469727,22.43000030517578,21.545000076293945,21.780000686645508,190600,0.0,0.0
2025-01-06 00:00:00-05:00,21.899999618530273,21.899999618530273,21.040000915527344,21.290000915527344,101602,0.0,0.0
