Date,Open,High,Low,Close,Volume,Dividends,Stock Splits
2022-01-03 00:00:00-05:00,18.977338291794624,19.838856707874427,18.92947505870947,19.00126838684082,464400,0.0,0.0
2022-01-04 00:00:00-05:00,19.168785880696635,19.416073155602216,18.945428699864816,19.136877059936523,641100,0.0,0.0
2022-01-05 00:00:00-05:00,19.14485570480183,19.344281285060184,18.291314464735514,18.339176177978516,562800,0.0,0.0
2022-01-06 00:00:00-05:00,18.41097295334424,18.658260293113862,17.916396752308277,18.618375778198242,643500,0.0,0.0
2022-01-07 00:00:00-05:00,18.51467225932402,18.977341119098742,18.03605202913718,18.044029235839844,647900,0.0,0.0
2022-01-10 00:00:00-05:00,17.748878343460238,17.756855550014414,16.847475303790187,17.286211013793945,1547900,0.0,0.0
2022-01-11 00:00:00-05:00,17.437771563186182,18.267381106837007,17.27823050558211,18.251426696777344,1347400,0.0,0.0
2022-01-12 00:00:00-05:00,18.235476714833222,18.618373488318767,18.131774554412225,18.307270050048828,718400,0.0,0.0
2022-01-13 00:00:00-05:00,18.48276086908624,19.001267018189967,18.307266924903885,18.402990341186523,505300,0.0,0.0
2022-01-14 00:00:00-05:00,18.107842838911406,18.3471529205813,17.365979455639785,18.091888427734375,808500,0.0,0.0
2022-01-18 00:00:00-05:00,17.58135914811346,18.020094797672236,17.389909260182552,17.756853103637695,712000,0.0,0.0
2022-01-19 00:00:00-05:00,17.988186081128912,18.036049314139944,17.405863772962054,17.629220962524414,740600,0.0,0.0
2022-01-20 00:00:00-05:00,17.804714718489,17.916392551263836,16.400758517406118,16.44862174987793,827200,0.0,0.0
2022-01-21 00:00:00-05:00,16.201335292882245,16.751750374048598,15.86630022454141,16.145496368408203,1475800,0.0,0.0
2022-01-24 00:00:00-05:00,15.898205857353048,17.65314986922247,15.778550825872722,17.55742645263672,1797300,0.0,0.0
2022-01-25 00:00:00-05:00,17.086784522488166,17.96425741818761,17.007013982607035,17.54945182800293,872300,0.0,0.0
2022-01-26 00:00:00-05:00,17.972232607585116,18.1636809689187,16.6719770614704,16.895334243774414,905700,0.0,0.0
2022-01-27 00:00:00-05:00,17.14262152030992,17.69303651007918,16.73579318191493,16.895334243774414,697700,0.0,0.0
2022-01-28 00:00:00-05:00,16.879382902681055,17.078808505521327,16.352899432902458,17.070831298828125,627200,0.0,0.0
2022-01-31 00:00:00-05:00,16.983083039618634,18.363107681274414,16.911289709451903,18.363107681274414,1573700,0.0,0.0
2022-02-01 00:00:00-05:00,18.35513331156016,18.47478837316031,17.748879275089852,18.099868774414062,714700,0.0,0.0
2022-02-02 00:00:00-05:00,18.275359034041934,18.474784603179444,17.126667329790884,17.461702346801758,862800,0.0,0.0
2022-02-03 00:00:00-05:00,17.3739593878449,17.940327380046046,17.15857936764307,17.23834991455078,691500,0.0,0.0
2022-02-04 00:00:00-05:00,17.150599819580385,17.485634853659953,16.61613920620337,17.198461532592773,1027200,0.0,0.0
2022-02-07 00:00:00-05:00,17.294184292907406,17.693035401059344,17.06284991986109,17.310138702392578,1034800,0.0,0.0
2022-02-08 00:00:00-05:00,17.358004677912795,18.642306048867372,17.326095851095648,18.634328842163086,1602600,0.0,0.0
2022-02-09 00:00:00-05:00,18.8497080026357,19.447984833108436,18.63432950000298,19.216651916503906,824300,0.0,0.0
2022-02-10 00:00:00-05:00,18.74600595290143,19.455960585089866,18.594442074497238,18.80982208251953,899700,0.0,0.0
2022-02-11 00:00:00-05:00,18.825773917225508,18.977337774873973,18.083910561073324,18.20356559753418,719500,0.0,0.0
2022-02-14 00:00:00-05:00,18.331203250483973,18.586467809351095,17.78876530214295,17.99616813659668,935000,0.0,0.0
2022-02-15 00:00:00-05:00,18.267383129485566,18.690165913901406,18.195589797764075,18.674211502075195,803500,0.0,0.0
2022-02-16 00:00:00-05:00,18.674213286722843,18.96138664105324,18.331201007160775,18.80184555053711,903000,0.0,0.0
2022-02-17 00:00:00-05:00,18.53062208414972,18.738024842571726,18.0599776557106,18.155702590942383,611000,0.0,0.0
2022-02-18 00:00:00-05:00,18.187613707332318,18.626350930482968,18.028074143774713,18.25940704345703,664700,0.0,0.0
2022-02-22 00:00:00-05:00,18.227497323467908,18.307267855422182,17.413840636227732,17.461702346801758,581600,0.0,0.0
2022-02-23 00:00:00-05:00,17.501587635103558,17.653149965776013,17.1904827257576,17.429794311523438,727100,0.0,0.0
2022-02-24 00:00:00-05:00,16.89533813915073,18.179639570887797,16.831522003992802,17.948305130004883,769500,0.0,0.0
2022-02-25 00:00:00-05:00,17.94830249350159,18.091889156889035,17.27823241202448,18.020095825195312,530100,0.0,0.0
2022-02-28 00:00:00-05:00,17.732924431218276,17.948304449774763,17.286211502042935,17.469682693481445,741800,0.0,0.0
2022-03-01 00:00:00-05:00,17.43777539190613,17.43777539190613,16.113589496135226,16.28908348083496,1849000,0.0,0.0
2022-03-02 00:00:00-05:00,16.368852922208873,17.509567549497298,16.368852922208873,17.39788818359375,1218000,0.0,0.0
2022-03-03 00:00:00-05:00,17.31811955299676,17.358005588610837,16.815567676232888,17.294189453125,667900,0.0,0.0
2022-03-04 00:00:00-05:00,17.206438200361188,17.270254322881215,15.531263082340018,15.74664306640625,1405800,0.0,0.0
2022-03-07 00:00:00-05:00,15.619013980671225,15.71473894456203,12.803123771716649,13.074342727661133,3200300,0.0,0.0
2022-03-08 00:00:00-05:00,13.090293311258957,14.29482384629419,12.803120025119203,13.752386093139648,2456500,0.0,0.0
2022-03-09 00:00:00-05:00,14.358641736259802,14.829286226001365,14.223032281224157,14.454366683959961,1195200,0.0,0.0
2022-03-10 00:00:00-05:00,14.199101478228513,15.060619970951421,14.135285349934096,14.9090576171875,1274900,0.0,0.0
2022-03-11 00:00:00-05:00,14.470319205380298,14.861193148997367,13.752387441155141,13.85608959197998,1198400,0.0,0.0
2022-03-14 00:00:00-04:00,13.895974098299451,14.374595781615017,13.55296186656502,13.85608959197998,1012500,0.0,0.0
2022-03-15 00:00:00-04:00,13.927881917794776,14.717608561501564,13.872042998269265,14.58997631072998,1868500,0.0,0.0
2022-03-16 00:00:00-04:00,14.813332757052523,15.515311694197358,14.781425453453135,15.435541152954102,1652500,0.0,0.0
2022-03-17 00:00:00-04:00,15.954045432413979,16.983082093122924,15.451493670751328,16.871402740478516,2828600,0.0,0.0
2022-03-18 00:00:00-04:00,16.73579677166297,17.302166293400987,16.640073331212122,17.0867862701416,1949900,0.0,0.0
2022-03-21 00:00:00-04:00,17.629221973569773,17.732922608048213,16.65602414748127,17.34204864501953,1508000,0.0,0.0
2022-03-22 00:00:00-04:00,17.549448758685248,17.844599248176024,17.13464324104814,17.310138702392578,867300,0.0,0.0
2022-03-23 00:00:00-04:00,17.078808207875046,17.892465018442287,16.887359815064503,17.286211013793945,2026800,0.0,0.0
2022-03-24 00:00:00-04:00,17.453727609383613,17.764832575845354,17.206440294706077,17.373958587646484,959600,0.0,0.0
2022-03-25 00:00:00-04:00,17.55742645263672,17.677081484117046,17.238345861523758,17.55742645263672,946400,0.0,0.0
2022-03-28 00:00:00-04:00,17.541473502261802,17.645175653937322,17.13464514418114,17.517541885375977,1213000,0.0,0.0
2022-03-29 00:00:00-04:00,17.876194642084076,18.93200190592562,17.852015286516345,18.79498863220215,1351800,0.225,0.0
2022-03-30 00:00:00-04:00,18.53708036653288,18.770809509032816,18.117980789306834,18.335590362548828,806300,0.0,0.0
2022-03-31 00:00:00-04:00,18.10186217517271,18.327531544950855,17.60216779978463,17.610227584838867,1257000,0.0,0.0
2022-04-01 00:00:00-04:00,17.835896310439306,17.92455241322822,17.481274973777435,17.868135452270508,972600,0.0,0.0
2022-04-04 00:00:00-04:00,18.00514732184136,18.657974520377255,17.956790150124903,18.46454429626465,881500,0.0,0.0
2022-04-05 00:00:00-04:00,18.424251261947244,18.778872654639912,17.989032001941972,18.053508758544922,750200,0.0,0.0
2022-04-06 00:00:00-04:00,17.89231786085626,18.150224890514117,17.497395992289615,17.835899353027344,859100,0.0,0.0
2022-04-07 00:00:00-04:00,17.706943647419376,18.02126914601645,17.24754661552399,17.827838897705078,1166700,0.0,0.0
2022-04-08 00:00:00-04:00,17.755304896973794,18.44036988106756,17.61023180571957,18.037389755249023,744900,0.0,0.0
2022-04-11 00:00:00-04:00,17.972912654688976,18.58544261874997,17.747244772361924,17.835899353027344,940200,0.0,0.0
2022-04-12 00:00:00-04:00,18.27111526910888,18.81916837528809,17.80365847923488,17.989028930664062,1091300,0.0,0.0
2022-04-13 00:00:00-04:00,18.021268343267465,19.101255001167026,17.99708898683799,18.803049087524414,744800,0.0,0.0
2022-04-14 00:00:00-04:00,18.82722787605369,19.157671384387953,18.73857177573338,18.819168090820312,651300,0.0,0.0
2022-04-18 00:00:00-04:00,18.762751028692012,19.069015179649092,18.65797535847868,18.79498863220215,803200,0.0,0.0
2022-04-19 00:00:00-04:00,18.835286432209376,19.778259721525963,18.835286432209376,19.367219924926758,1223900,0.0,0.0
2022-04-20 00:00:00-04:00,19.552593848880083,19.874977608444865,19.060957654764398,19.165733337402344,1158200,0.0,0.0
2022-04-21 00:00:00-04:00,19.512294643702123,19.633189896929593,19.069017172691407,19.189910888671875,698400,0.0,0.0
2022-04-22 00:00:00-04:00,18.61767915900271,19.16573228890405,18.319473236939825,18.488725662231445,858100,0.0,0.0
2022-04-25 00:00:00-04:00,18.1905185782304,18.83528755814837,17.868134856894834,18.79498863220215,703200,0.0,0.0
2022-04-26 00:00:00-04:00,18.496786222929977,18.61767993906248,18.101864393118397,18.25499725341797,675600,0.0,0.0
2022-04-27 00:00:00-04:00,18.31141506131136,18.529024682714326,17.908434964156427,18.21470069885254,528400,0.0,0.0
2022-04-28 00:00:00-04:00,18.537081756639473,19.141551813921197,18.14216150368504,18.819168090820312,754400,0.0,0.0
2022-04-29 00:00:00-04:00,18.58543897831486,18.722452253138925,17.97290913423355,18.109922409057617,899500,0.0,0.0
2022-05-02 00:00:00-04:00,18.142162923662376,18.690216064453125,17.852016781538577,18.690216064453125,875500,0.0,0.0
2022-05-03 00:00:00-04:00,18.75469398498535,18.9884216406514,18.351713890098242,18.75469398498535,499700,0.0,0.0
2022-05-04 00:00:00-04:00,18.79498483286804,19.036773727928146,18.0535016550608,18.964237213134766,535500,0.0,0.0
2022-05-05 00:00:00-04:00,18.682157957747695,18.923945406418156,18.06156822564718,18.246938705444336,1333200,0.0,0.0
2022-05-06 00:00:00-04:00,18.029327934301232,18.327532307480872,17.39261872374723,17.545751571655273,901700,0.0,0.0
2022-05-09 00:00:00-04:00,17.142772268564542,17.698883649322738,16.836506559475993,16.844566345214844,1407300,0.0,0.0
2022-05-10 00:00:00-04:00,17.175009076699418,17.37649909907305,16.304572241535194,16.610837936401367,1298800,0.0,0.0
2022-05-11 00:00:00-04:00,16.772031888890282,16.925164762407935,15.82905836206624,15.837118148803711,1515900,0.0,0.0
2022-05-12 00:00:00-04:00,15.796821126508263,16.675317917486716,15.56309191732722,16.530244827270508,891400,0.0,0.0
2022-05-13 00:00:00-04:00,16.5866593505594,17.11859291134799,16.481885210448233,16.844566345214844,838300,0.0,0.0
2022-05-16 00:00:00-04:00,16.675313890499844,17.158890228690744,16.618896932872822,16.74785041809082,484300,0.0,0.0
2022-05-17 00:00:00-04:00,17.15083028591259,17.513511383283817,16.747850264002256,17.166948318481445,553900,0.0,0.0
2022-05-18 00:00:00-04:00,16.73173658000064,16.957406025064238,16.119206546754295,16.2562198638916,1390600,0.0,0.0
2022-05-19 00:00:00-04:00,15.9338303869739,16.498001493590134,15.92577060209051,16.15949821472168,943800,0.0,0.0
2022-05-20 00:00:00-04:00,16.40128816470777,16.40128816470777,15.232645417473654,16.070844650268555,1571100,0.0,0.0
2022-05-23 00:00:00-04:00,16.038604034947532,16.240094039249,15.434134022043128,15.474432945251465,1548600,0.0,0.0
2022-05-24 00:00:00-04:00,14.974739946983917,15.087573879240665,13.20968673837619,13.435356140136719,4044900,0.0,0.0
2022-05-25 00:00:00-04:00,13.435353682114538,14.708770460491913,13.258043029972233,14.53145980834961,2284500,0.0,0.0
2022-05-26 00:00:00-04:00,14.78130850714087,16.449645685129756,14.63623544170759,16.17561912536621,3220300,0.0,0.0
2022-05-27 00:00:00-04:00,15.86935463926035,16.909042358398438,15.675924401682263,16.909042358398438,1454300,0.0,0.0
2022-05-31 00:00:00-04:00,16.715612449309933,16.909042690689247,16.393228713677743,16.812328338623047,1279900,0.0,0.0
2022-06-01 00:00:00-04:00,17.070235354161596,17.416798446982614,16.425466344629232,16.643075942993164,1143900,0.0,0.0
2022-06-02 00:00:00-04:00,16.82844707601421,16.9815799333091,16.506063326904165,16.65113639831543,1430900,0.0,0.0
2022-06-03 00:00:00-04:00,16.514122238241963,16.707552477464418,16.28845285719232,16.39322853088379,1409600,0.0,0.0
2022-06-06 00:00:00-04:00,16.522180263061742,16.586657002598454,16.151439395037322,16.34486961364746,1166400,0.0,0.0
2022-06-07 00:00:00-04:00,16.03109588678138,16.617897004525826,15.835495514199897,16.32449722290039,903100,0.225,0.0
2022-06-08 00:00:00-04:00,16.079997231578773,16.438598728471543,15.762146788022529,16.022947311401367,1020500,0.0,0.0
2022-06-09 00:00:00-04:00,15.868095584902688,16.177797356031242,15.672495202634279,15.92514705657959,907600,0.0,0.0
2022-06-10 00:00:00-04:00,15.517643720940152,15.876243594819613,15.379093275056992,15.6235933303833,1168700,0.0,0.0
2022-06-13 00:00:00-04:00,15.053093414639541,15.436145528513919,14.79229290148726,15.134593963623047,1388300,0.0,0.0
2022-06-14 00:00:00-04:00,15.199793671310546,15.713246027553085,15.199793671310546,15.460594177246094,970300,0.0,0.0
2022-06-15 00:00:00-04:00,15.811042887848952,15.949593328574414,15.330191449713135,15.55024242401123,933000,0.0,0.0
2022-06-16 00:00:00-04:00,15.028642523830362,15.248691958679654,14.482590932402067,14.67004108428955,1911300,0.0,0.0
2022-06-17 00:00:00-04:00,14.775990369256947,15.028642190450457,14.507039684190836,14.694491386413574,2291000,0.0,0.0
2022-06-21 00:00:00-04:00,15.273142725187448,15.403542967203435,14.833042297006866,15.118291854858398,1524200,0.0,0.0
2022-06-22 00:00:00-04:00,14.881943427421977,15.379095369380124,14.833043720596248,14.9471435546875,817300,0.0,0.0
2022-06-23 00:00:00-04:00,14.979739853184718,15.150891124677075,14.41738945062223,14.702640533447266,782400,0.0,0.0
2022-06-24 00:00:00-04:00,14.865641982354031,15.411693593500795,14.808592069240623,15.159043312072754,2618100,0.0,0.0
2022-06-27 00:00:00-04:00,15.248693063526572,15.33834381853081,14.547792106882177,14.66189193725586,715800,0.0,0.0
2022-06-28 00:00:00-04:00,15.012343886528873,15.248693768152057,14.710792322258,14.727092742919922,985700,0.0,0.0
2022-06-29 00:00:00-04:00,14.621142477717584,14.621142477717584,13.830589209642925,14.042490005493164,1272000,0.0,0.0
2022-06-30 00:00:00-04:00,13.75723679939654,14.001738398266266,13.357885897852032,13.895787239074707,1461300,0.0,0.0
2022-07-01 00:00:00-04:00,13.879488798217244,14.009889033116487,13.455687257547996,13.773537635803223,929700,0.0,0.0
2022-07-05 00:00:00-04:00,13.488287126014376,14.246239495909464,13.284536555805738,14.213640213012695,1008800,0.0,0.0
2022-07-06 00:00:00-04:00,14.075090314950765,14.262540473813868,13.382338038181096,13.553487777709961,1039200,0.0,0.0
2022-07-07 00:00:00-04:00,13.781689369811634,14.409241541264535,13.618688280903955,14.303290367126465,1222500,0.0,0.0
2022-07-08 00:00:00-04:00,14.28699125836845,14.572240827355616,14.026189209661727,14.48259162902832,749200,0.0,0.0
2022-07-11 00:00:00-04:00,14.44999198650151,14.653742583788311,14.075091633650766,14.099540710449219,732000,0.0,0.0
2022-07-12 00:00:00-04:00,14.099538164471602,14.507039285462035,13.969137930114137,14.238088607788086,482500,0.0,0.0
2022-07-13 00:00:00-04:00,14.026189585544621,14.205491095991379,13.789839714265174,14.042490005493164,422300,0.0,0.0
2022-07-14 00:00:00-04:00,13.789838523214177,13.9120885532821,13.561637327125508,13.8550386428833,537300,0.0,0.0
2022-07-15 00:00:00-04:00,14.115838582389639,14.278839652583176,13.969137930114137,14.238088607788086,537600,0.0,0.0
2022-07-18 00:00:00-04:00,14.490742300462294,15.05309280109094,14.490742300462294,14.564092636108398,885500,0.0,0.0
2022-07-19 00:00:00-04:00,14.784142890988166,15.78659701439699,14.784142890988166,15.688796043395996,1143800,0.0,0.0
2022-07-20 00:00:00-04:00,15.501342519587546,15.868092584048684,15.16719173542605,15.819192886352539,655700,0.0,0.0
2022-07-21 00:00:00-04:00,15.16719178074637,15.778443444501415,15.16719178074637,15.770293235778809,466200,0.0,0.0
2022-07-22 00:00:00-04:00,15.941444628664424,16.422296112314005,15.493193983326998,15.582844734191895,578700,0.0,0.0
2022-07-25 00:00:00-04:00,15.729544838475915,15.819195595013879,15.313895005148472,15.419844627380371,509700,0.0,0.0
2022-07-26 00:00:00-04:00,14.81674295213712,14.93084278354837,14.51519139905846,14.767843246459961,715100,0.0,0.0
2022-07-27 00:00:00-04:00,15.036794386877792,15.232394769640411,14.596692359791655,15.101994514465332,507900,0.0,0.0
2022-07-28 00:00:00-04:00,15.06123931598611,15.362790794603493,14.694489282227558,15.264989852905273,664000,0.0,0.0
2022-07-29 00:00:00-04:00,15.403543363350753,15.460593276388266,15.061242330632135,15.411693572998047,464400,0.0,0.0
2022-08-01 00:00:00-04:00,15.207944507836313,15.78659701439699,15.118293747293208,15.688796043395996,463500,0.0,0.0
2022-08-02 00:00:00-04:00,15.395394476775326,15.533944943699185,15.06124362498726,15.134593963623047,340800,0.0,0.0
2022-08-03 00:00:00-04:00,15.46874335860808,15.868094301074462,15.289443411325275,15.672493934631348,432400,0.0,0.0
2022-08-04 00:00:00-04:00,15.623596091635571,15.843647113016258,15.533945330074467,15.83549690246582,346700,0.0,0.0
2022-08-05 00:00:00-04:00,15.501347408828474,15.990349203504847,15.501347408828474,15.802897453308105,413000,0.0,0.0
2022-08-08 00:00:00-04:00,15.965894261141521,17.009097704632612,15.965894261141521,16.503795623779297,878800,0.0,0.0
2022-08-09 00:00:00-04:00,16.08814702887047,16.27559720592087,15.485045445429815,15.688796043395996,929800,0.0,0.0
2022-08-10 00:00:00-04:00,16.251148783487647,16.544548599318677,16.088147676753035,16.12074851989746,587800,0.0,0.0
2022-08-11 00:00:00-04:00,16.422293771875765,17.009096341917616,16.316344171447827,16.577144622802734,623700,0.0,0.0
2022-08-12 00:00:00-04:00,16.829797279029304,16.903147610802517,16.487496248918823,16.7482967376709,497000,0.0,0.0
2022-08-15 00:00:00-04:00,16.422297974846636,16.593449286409495,16.29189771579575,16.340797424316406,656600,0.0,0.0
2022-08-16 00:00:00-04:00,16.45489760380463,17.579600143829136,16.45489760380463,17.343250274658203,1146300,0.0,0.0
2022-08-17 00:00:00-04:00,17.041698020386697,17.19654889311508,16.76459711318581,17.074298858642578,499400,0.0,0.0
2022-08-18 00:00:00-04:00,17.017249621339857,17.12320080505995,16.691248968535213,17.049850463867188,395200,0.0,0.0
2022-08-19 00:00:00-04:00,16.67494604275648,16.837947121923513,16.20224477856429,16.56899642944336,813200,0.0,0.0
2022-08-22 00:00:00-04:00,16.169645628419644,16.242995959198755,15.43614387512207,15.43614387512207,1116200,0.0,0.0
2022-08-23 00:00:00-04:00,15.46059321149914,16.22669581570039,15.46059321149914,15.99034595489502,693000,0.0,0.0
2022-08-24 00:00:00-04:00,15.827344697776518,15.835494907300085,15.509494298825013,15.680644035339355,853100,0.0,0.0
2022-08-25 00:00:00-04:00,15.362792025240758,15.884392944098849,15.069390731136403,15.615442276000977,1583900,0.0,0.0
2022-08-26 00:00:00-04:00,15.770293967188792,15.770293967188792,14.629291119492846,14.841190338134766,1226500,0.0,0.0
2022-08-29 00:00:00-04:00,14.718941188669938,14.84119122348492,14.425541416012685,14.433690071105957,828300,0.0,0.0
2022-08-30 00:00:00-04:00,14.604841830914701,14.718941659794998,14.254390579932558,14.425541877746582,672200,0.0,0.0
2022-08-31 00:00:00-04:00,14.352189978720927,14.482590213078392,14.075089092087959,14.238088607788086,1240500,0.0,0.0
2022-09-01 00:00:00-04:00,14.05878964808909,14.066939857612713,13.366037383516431,13.732789039611816,871800,0.0,0.0
2022-09-02 00:00:00-04:00,13.789839191412769,13.936539856400172,13.317137912283103,13.463838577270508,711800,0.0,0.0
2022-09-06 00:00:00-04:00,13.44318193362288,13.60016939730599,13.120941895395873,13.286192893981934,1446700,0.225,0.0
2022-09-07 00:00:00-04:00,13.253144632632353,13.814997288615519,13.253144632632353,13.682796478271484,667400,0.0,0.0
2022-09-08 00:00:00-04:00,13.410132068127668,13.600170535409909,13.286194005811335,13.434920310974121,648900,0.0,0.0
2022-09-09 00:00:00-04:00,13.624958728850379,14.34380200921123,13.624958728850379,14.261176109313965,1026500,0.0,0.0
2022-09-12 00:00:00-04:00,14.442951712528284,14.81476747110604,14.236387752420187,14.360325813293457,461100,0.0,0.0
2022-09-13 00:00:00-04:00,13.806733577816477,13.963722620132701,13.368819015085018,13.476231575012207,779700,0.0,0.0
2022-09-14 00:00:00-04:00,13.509283925846235,13.55885883727764,13.030055579454606,13.310982704162598,1099400,0.0,0.0
2022-09-15 00:00:00-04:00,13.195306044433167,13.790210472527225,13.195306044433167,13.327506065368652,820100,0.0,0.0
2022-09-16 00:00:00-04:00,13.120942892424038,13.443182955137273,12.947429133729061,13.327506065368652,1869200,0.0,0.0
2022-09-19 00:00:00-04:00,13.23661794518653,13.930672924961257,13.23661794518653,13.748895645141602,842100,0.0,0.0
2022-09-20 00:00:00-04:00,13.60016939730599,13.60016939730599,12.963952855754929,13.286192893981934,807500,0.0,0.0
2022-09-21 00:00:00-04:00,13.36881906929193,13.732372061829665,13.178779825924721,13.2200927734375,562100,0.0,0.0
2022-09-22 00:00:00-04:00,13.079630133426521,13.195306236903447,12.773915561357846,12.914379119873047,831400,0.0,0.0
2022-09-23 00:00:00-04:00,12.625188208201672,12.749127049073147,12.15422266163527,12.451674461364746,1152000,0.0,0.0
2022-09-26 00:00:00-04:00,12.42688635606571,12.790438536651369,11.914607889432842,11.922870635986328,746600,0.0,0.0
2022-09-27 00:00:00-04:00,12.104647734681496,12.39383759372671,12.079860280128155,12.360787391662598,929200,0.0,0.0
2022-09-28 00:00:00-04:00,12.459937375926529,12.873065275096451,12.294686373854347,12.806964874267578,713100,0.0,0.0
2022-09-29 00:00:00-04:00,12.608663613929869,12.782177362304278,12.18727296959503,12.294686317443848,1053800,0.0,0.0
2022-09-30 00:00:00-04:00,12.203797841729234,12.459936683716627,11.790669965510569,12.121171951293945,1100100,0.0,0.0
2022-10-03 00:00:00-04:00,12.286423120148203,12.468199608921854,11.988971328683146,12.269898414611816,578800,0.0,0.0
2022-10-04 00:00:00-04:00,12.625188647015428,13.187042854011734,12.625188647015428,13.153992652893066,699400,0.0,0.0
2022-10-05 00:00:00-04:00,12.873065441491882,13.021791739268727,12.64171403560041,12.95569133758545,460000,0.0,0.0
2022-10-06 00:00:00-04:00,12.80696553361964,13.120942847711019,12.782178079027393,13.079629898071289,364400,0.0,0.0
2022-10-07 00:00:00-04:00,12.86480303950945,12.972216392121913,12.344261771300882,12.724339485168457,732500,0.0,0.0
2022-10-10 00:00:00-04:00,12.873065970813578,12.922641668103989,12.170748189076795,12.459938049316406,444200,0.0,0.0
2022-10-11 00:00:00-04:00,12.418624922184815,12.939166190393383,12.261636660969039,12.724339485168457,499700,0.0,0.0
2022-10-12 00:00:00-04:00,12.75738895224767,12.75738895224767,12.402099501120478,12.559087753295898,416500,0.0,0.0
2022-10-13 00:00:00-04:00,12.228585493043989,12.947427914827056,11.988971352449632,12.8895902633667,652700,0.0,0.0
2022-10-14 00:00:00-04:00,13.120941648799294,13.153991847895357,12.658238073475516,12.683026313781738,367600,0.0,0.0
2022-10-17 00:00:00-04:00,13.112679817212964,13.277930824226756,12.947428810199172,13.145730018615723,627200,0.0,0.0
2022-10-18 00:00:00-04:00,13.492757987088934,13.848048255259032,13.013529656430142,13.170517921447754,429700,0.0,0.0
2022-10-19 00:00:00-04:00,13.104416847383352,13.244881185933995,12.666501489236904,12.95569133758545,323100,0.0,0.0
2022-10-20 00:00:00-04:00,12.980479525294436,13.43492040355073,12.881328917162351,12.914379119873047,368300,0.0,0.0
2022-10-21 00:00:00-04:00,13.021792068479751,13.344031337837698,12.848278312679716,13.195305824279785,423100,0.0,0.0
2022-10-24 00:00:00-04:00,13.170517578174204,13.509283130239822,12.939166166501678,13.34403133392334,430600,0.0,0.0
2022-10-25 00:00:00-04:00,13.451446208589589,14.079400862529242,13.418395217138968,13.93067455291748,731500,0.0,0.0
2022-10-26 00:00:00-04:00,13.930672924961257,14.104185881926025,13.666271328086662,13.748895645141602,1158800,0.0,0.0
2022-10-27 00:00:00-04:00,13.95546122054743,14.162025189239765,13.748897251855098,13.93067455291748,464600,0.0,0.0
2022-10-28 00:00:00-04:00,13.905884353213246,14.046347895203594,13.467968233841505,13.980247497558594,510400,0.0,0.0
2022-10-31 00:00:00-04:00,13.92241168750539,14.104187411074992,13.781948126942241,14.029824256896973,603100,0.0,0.0
2022-11-01 00:00:00-04:00,14.31075044982551,14.599940299987793,14.046348841434131,14.599940299987793,774800,0.0,0.0
2022-11-02 00:00:00-04:00,14.492528576803542,14.591678397712977,13.823260193853905,13.831522941589355,797900,0.0,0.0
2022-11-03 00:00:00-04:00,13.624956400999661,14.095921901203333,13.335766588746868,14.02155876159668,670600,0.0,0.0
2022-11-04 00:00:00-04:00,14.352062264567873,14.525575205859523,13.955458329122685,14.186810493469238,453200,0.0,0.0
2022-11-07 00:00:00-05:00,14.335538192935315,14.5668888042513,14.087660511722389,14.476001739501953,470600,0.0,0.0
2022-11-08 00:00:00-05:00,14.649513246204657,14.649513246204657,14.005034806026888,14.186810493469238,527400,0.0,0.0
2022-11-09 00:00:00-05:00,14.12071183663063,14.12071183663063,13.443182328534958,13.624958038330078,490900,0.0,0.0
2022-11-10 00:00:00-05:00,14.244649987652227,15.128743452966534,14.244649987652227,15.062643051147461,1128800,0.0,0.0
2022-11-11 00:00:00-05:00,15.12048161949968,15.806273920800312,15.12048161949968,15.591448783874512,812700,0.0,0.0
2022-11-14 00:00:00-05:00,15.360094543342042,16.06241224716596,15.360094543342042,15.740171432495117,672300,0.0,0.0
2022-11-15 00:00:00-05:00,16.26897460706105,16.814303223971912,15.938472653775321,16.037622451782227,949500,0.0,0.0
2022-11-16 00:00:00-05:00,15.47576972456968,15.65754699707031,14.988278708976148,15.657546997070312,926700,0.0,0.0
2022-11-17 00:00:00-05:00,15.459245285179609,15.459245285179609,15.087431120185775,15.442721366882324,883100,0.0,0.0
2022-11-18 00:00:00-05:00,16.037628330908245,16.566431650015858,15.880639254563848,16.34334373474121,1240000,0.0,0.0
2022-11-21 00:00:00-05:00,16.169824257062217,16.35986269524113,15.864110521897485,16.078935623168945,908500,0.0,0.0
2022-11-22 00:00:00-05:00,16.632530471206497,16.814307776700833,16.169827611322656,16.318553924560547,1656300,0.0,0.0
2022-11-23 00:00:00-05:00,15.368356598759876,16.59947742375876,15.219630318055982,16.508588790893555,1727700,0.0,0.0
2022-11-25 00:00:00-05:00,16.525117077934375,16.814306941989823,16.450753925007035,16.673843383789062,469200,0.0,0.0
2022-11-28 00:00:00-05:00,16.591215021516383,16.979554647883784,16.533377372478444,16.599477767944336,1000500,0.0,0.0
2022-11-29 00:00:00-05:00,16.649052798322902,17.045655174161872,16.54164024585067,16.797779083251953,751800,0.0,0.0
2022-11-30 00:00:00-05:00,16.905190886597108,17.15306854248047,16.62426539812826,17.15306854248047,1237100,0.0,0.0
2022-12-01 00:00:00-05:00,17.070447020562828,17.36789965327165,16.82257087727753,17.111759185791016,1077500,0.0,0.0
2022-12-02 00:00:00-05:00,16.89693094731998,17.590985912820905,16.616003862428755,17.500097274780273,1067600,0.0,0.0
2022-12-05 00:00:00-05:00,17.26048345842136,17.43399799894258,16.913455953336815,17.23569679260254,953100,0.0,0.0
2022-12-06 00:00:00-05:00,17.36516459125751,17.590684988606622,17.147995444096694,17.565628051757812,815600,0.225,0.0
2022-12-07 00:00:00-05:00,17.52386306470345,17.974907025856318,17.26493130541674,17.841264724731445,757200,0.0,0.0
2022-12-08 00:00:00-05:00,17.974902455127094,18.584645498104194,17.72432200938012,18.008312225341797,1243600,0.0,0.0
2022-12-09 00:00:00-05:00,17.77444274891125,17.849616738946445,16.9976459139755,17.34845733642578,729100,0.0,0.0
2022-12-12 00:00:00-05:00,17.457042467035404,17.52386361971418,17.22316922923066,17.248226165771484,825600,0.0,0.0
2022-12-13 00:00:00-05:00,17.96655508648718,18.133607174723892,17.306694797497535,17.43198585510254,853500,0.0,0.0
2022-12-14 00:00:00-05:00,17.482098969041708,17.75773639101436,17.206461547069058,17.381866455078125,645200,0.0,0.0
2022-12-15 00:00:00-05:00,17.02270087696148,17.02270087696148,16.5883642653482,16.87235450744629,1034800,0.0,0.0
2022-12-16 00:00:00-05:00,16.613424075069553,16.889061523310126,16.387903685157745,16.696950912475586,2162900,0.0,0.0
2022-12-19 00:00:00-05:00,16.75541910802067,16.88906140971469,16.496487347631255,16.538249969482422,1025500,0.0,0.0
2022-12-20 00:00:00-05:00,16.471427008984143,16.621774980157245,16.220848119123467,16.404605865478516,968400,0.0,0.0
2022-12-21 00:00:00-05:00,16.77212546048693,17.03941007449597,16.730362836976255,16.797183990478516,528500,0.0,0.0
2022-12-22 00:00:00-05:00,16.529896039675624,16.646832636413777,16.31272693634645,16.630126953125,554000,0.0,0.0
2022-12-23 00:00:00-05:00,16.638479766762135,17.13128627096003,16.596717151752134,17.05611228942871,619500,0.0,0.0
2022-12-27 00:00:00-05:00,17.014350361698842,17.298339022893284,16.947529219098673,17.097875595092773,371900,0.0,0.0
2022-12-28 00:00:00-05:00,17.031056791135395,17.139642158484786,16.479781890699503,16.747066497802734,384300,0.0,0.0
2022-12-29 00:00:00-05:00,16.92247014557832,17.348455513297502,16.88070593709115,17.214813232421875,529400,0.0,0.0
2022-12-30 00:00:00-05:00,17.04775860244811,17.431981332682494,16.972584624644462,17.281633377075195,675900,0.0,0.0
2023-01-03 00:00:00-05:00,17.457042572771645,17.883028021107243,17.248226270242935,17.699270248413086,782900,0.0,0.0
2023-01-04 00:00:00-05:00,17.941494361168925,18.492769211870524,17.774442293371287,18.309011459350586,811600,0.0,0.0
2023-01-05 00:00:00-05:00,18.025019107639647,18.409241846120917,17.782793079738898,18.392536163330078,655500,0.0,0.0
2023-01-06 00:00:00-05:00,18.4927690539366,19.00228128162284,18.442653593339486,18.760053634643555,917200,0.0,0.0
2023-01-09 00:00:00-05:00,18.81852394414386,18.935460552486983,18.317364547736194,18.5178279876709,927200,0.0,0.0
2023-01-10 00:00:00-05:00,18.49276889845564,18.77675916135453,18.350773767006196,18.526180267333984,477700,0.0,0.0
2023-01-11 00:00:00-05:00,18.52618117145996,18.86863975346707,18.52618117145996,18.593002319335938,1069100,0.0,0.0
2023-01-12 00:00:00-05:00,18.659824482066142,19.002283082698586,18.317365881433695,18.818525314331055,754200,0.0,0.0
2023-01-13 00:00:00-05:00,18.55123803214581,19.010634815958397,18.526181097505987,18.910402297973633,491200,0.0,0.0
2023-01-17 00:00:00-05:00,18.95216717891365,18.985576957324888,18.751703729020598,18.768407821655273,314200,0.0,0.0
2023-01-18 00:00:00-05:00,18.86863679650082,19.177683959567222,18.52617826816152,18.55123519897461,392700,0.0,0.0
2023-01-19 00:00:00-05:00,18.392536938418818,18.40088978016624,18.108546691573206,18.300657272338867,637200,0.0,0.0
2023-01-20 00:00:00-05:00,18.275598165663155,18.87699000721093,17.983256679512557,18.734994888305664,511100,0.0,0.0
2023-01-23 00:00:00-05:00,18.785114629541386,19.144278929482294,18.785114629541386,19.04404640197754,509300,0.0,0.0
2023-01-24 00:00:00-05:00,19.01063205917552,19.01063205917552,18.618058073042203,18.709936141967773,347100,0.0,0.0
2023-01-25 00:00:00-05:00,18.53453415402855,19.07745618376281,18.40924469995785,18.935461044311523,314100,0.0,0.0
2023-01-26 00:00:00-05:00,18.960521154389216,19.277921237393983,18.860288626884458,19.04404640197754,260600,0.0,0.0
2023-01-27 00:00:00-05:00,19.052396649317586,19.10251370281209,18.9020486751176,19.002281188964844,216100,0.0,0.0
2023-01-30 00:00:00-05:00,18.81016978219503,19.127569808208225,18.793464098420205,18.801816940307617,346800,0.0,0.0
2023-01-31 00:00:00-05:00,18.876991347339583,19.378150719827516,18.876991347339583,19.353092193603516,647700,0.0,0.0
2023-02-01 00:00:00-05:00,19.294625811244597,19.687199868948568,18.993929839216605,19.53685188293457,572800,0.0,0.0
2023-02-02 00:00:00-05:00,19.620378172181326,20.17165304344503,19.545204181268836,19.837547302246094,475700,0.0,0.0
2023-02-03 00:00:00-05:00,19.58696612295395,19.9461287573738,19.470027932240324,19.57861328125,363600,0.0,0.0
2023-02-06 00:00:00-05:00,19.369795555457642,19.49508498527292,19.02733703716317,19.094158172607422,493300,0.0,0.0
2023-02-07 00:00:00-05:00,18.935459050926045,19.177685090877382,18.693231417833033,19.069101333618164,506300,0.0,0.0
2023-02-08 00:00:00-05:00,18.567944440415587,18.709939583757585,18.05008092456258,18.267250061035156,988000,0.0,0.0
2023-02-09 00:00:00-05:00,18.551238637982106,18.751703680498316,18.09184343230866,18.108549118041992,563200,0.0,0.0
2023-02-10 00:00:00-05:00,17.924789665901134,18.158664485497937,17.807853052673664,18.13360595703125,463200,0.0,0.0
2023-02-13 00:00:00-05:00,18.18372203918702,18.53453345320529,18.008315535606997,18.492769241333008,376800,0.0,0.0
2023-02-14 00:00:00-05:00,18.317365654349693,18.843582016826062,18.217133131756057,18.609708786010742,459000,0.0,0.0
2023-02-15 00:00:00-05:00,18.492771264546512,19.01898923971602,18.26725086833011,18.835229873657227,559000,0.0,0.0
2023-02-16 00:00:00-05:00,18.526179134650338,18.8435791538801,18.38418401188242,18.43429946899414,546400,0.0,0.0
2023-02-17 00:00:00-05:00,18.484414295091728,18.709936234108163,18.35912486001869,18.684879302978516,359600,0.0,0.0
2023-02-21 00:00:00-05:00,18.400890679794998,18.45935898174382,17.557272739760677,17.573978424072266,1000400,0.0,0.0
2023-02-22 00:00:00-05:00,17.69091406973755,17.90808317459996,17.590681562438874,17.824556350708008,423400,0.0,0.0
2023-02-23 00:00:00-05:00,17.908083303088322,17.958198760526404,17.657502829614582,17.874671936035156,403300,0.0,0.0
2023-02-24 00:00:00-05:00,17.632447318564278,17.84126360005124,17.49880502586397,17.7493839263916,443400,0.0,0.0
2023-02-27 00:00:00-05:00,17.949845736124757,17.949845736124757,17.498803437488014,17.53221321105957,388900,0.0,0.0
2023-02-28 00:00:00-05:00,17.615741041709494,17.883025618127945,17.548919897604883,17.573978424072266,549300,0.0,0.0
2023-03-01 00:00:00-05:00,17.448686357842064,18.02501968753478,17.448686357842064,17.95819854736328,668200,0.0,0.0
2023-03-02 00:00:00-05:00,17.991610396135233,18.283951896505794,17.824556744659176,18.192073822021484,625900,0.0,0.0
2023-03-03 00:00:00-05:00,18.258894877032883,18.36747863477605,17.991610310457382,18.325716018676758,522900,0.0,0.0
2023-03-06 00:00:00-05:00,18.39253803708625,18.39253803708625,18.016668101708316,18.100194931030273,762000,0.0,0.0
2023-03-07 00:00:00-05:00,18.17536994790305,18.5094756909792,18.10854879928782,18.217132568359375,503100,0.0,0.0
2023-03-08 00:00:00-05:00,18.275601447269104,18.542887643252378,18.066785152156537,18.501123428344727,641100,0.0,0.0
2023-03-09 00:00:00-05:00,18.342422248161366,18.50947591832221,18.13360595703125,18.13360595703125,668600,0.0,0.0
2023-03-10 00:00:00-05:00,17.916435512729635,18.250541205765145,17.61573959242687,18.12525177001953,970400,0.0,0.0
2023-03-13 00:00:00-04:00,17.690916143042926,17.807852754311174,16.88070792742195,17.264930725097656,1286700,0.0,0.0
2023-03-14 00:00:00-04:00,17.79114732833673,18.1001961395196,17.599036723268874,17.766090393066406,980000,0.0,0.0
2023-03-15 00:00:00-04:00,15.870034341736705,16.947526911752007,15.686276622889636,16.83894157409668,1987700,0.0,0.0
2023-03-16 00:00:00-04:00,16.554954772723928,16.922471879356397,16.504839310546444,16.763771057128906,1201500,0.0,0.0
2023-03-17 00:00:00-04:00,16.513190918919932,16.546600693493968,15.88674211252517,16.01203155517578,2991900,0.0,0.0
2023-03-20 00:00:00-04:00,16.23755567117488,16.446371967793905,15.870038543045668,15.928506851196289,1160800,0.0,0.0
2023-03-21 00:00:00-04:00,16.29602128193071,16.554953000798957,16.062146494898382,16.20414161682129,856500,0.0,0.0
2023-03-22 00:00:00-04:00,16.195790561231565,16.229201931552918,15.5944002337236,15.611105918884277,993900,0.0,0.0
2023-03-23 00:00:00-04:00,15.63616270686486,15.75310090875126,14.984656923125788,15.160061836242676,1100400,0.0,0.0
2023-03-24 00:00:00-04:00,14.984655678484483,15.160060577032054,14.767486570895818,15.018065452575684,798300,0.0,0.0
2023-03-27 00:00:00-04:00,15.310408023220669,15.310408023220669,14.842660049840969,15.068181991577148,781400,0.0,0.0
2023-03-28 00:00:00-04:00,15.199281945999292,15.850559325147609,15.106243472737177,15.681397438049316,1175200,0.225,0.0
2023-03-29 00:00:00-04:00,15.833644905870887,16.062015179880607,15.58835957002791,16.036640167236328,929400,0.0,0.0
2023-03-30 00:00:00-04:00,16.222718777640242,16.36650727534688,15.985890189281436,15.994348526000977,829200,0.0,0.0
2023-03-31 00:00:00-04:00,16.155053091327016,16.468003471900396,16.08738801337093,16.459545135498047,728900,0.0,0.0
2023-04-03 00:00:00-04:00,16.62025063950369,16.789414144474502,16.29038357939963,16.594877243041992,939800,0.0,0.0
2023-04-04 00:00:00-04:00,16.738666164176976,16.747122887704215,16.383424085309905,16.46800422668457,477800,0.0,0.0
2023-04-05 00:00:00-04:00,16.298842787321707,16.298842787321707,15.723688775588121,15.9013090133667,804400,0.0,0.0
2023-04-06 00:00:00-04:00,15.850560709433422,15.884394057765489,15.656023796312569,15.732147216796875,570400,0.0,0.0
2023-04-10 00:00:00-04:00,15.62219034452691,15.994349107400907,15.596816946708731,15.9013090133667,893500,0.0,0.0
2023-04-11 00:00:00-04:00,16.02818382973043,16.34113426024709,15.952060403223575,16.265010833740234,491300,0.0,0.0
2023-04-12 00:00:00-04:00,16.417254524668877,16.484919600390736,15.935140658492807,16.070470809936523,612700,0.0,0.0
2023-04-13 00:00:00-04:00,15.833643427330061,16.83170457912537,15.630648184920252,16.442630767822266,4655800,0.0,0.0
2023-04-14 00:00:00-04:00,16.611791539098157,16.916285188739522,16.26500782179001,16.408796310424805,850100,0.0,0.0
2023-04-17 00:00:00-04:00,16.561045825909567,16.8232478372213,16.46800572601127,16.730209350585938,1435200,0.0,0.0
2023-04-18 00:00:00-04:00,16.704833613932426,16.899370529595135,16.51875503546325,16.611793518066406,564200,0.0,0.0
2023-04-19 00:00:00-04:00,16.51029674484743,16.831705492794168,16.442631660371124,16.814788818359375,577600,0.0,0.0
2023-04-20 00:00:00-04:00,16.68791652998107,17.119282036687345,16.628709784342277,16.806331634521484,867600,0.0,0.0
2023-04-21 00:00:00-04:00,16.814788818359375,16.840163830011566,16.577961829323737,16.814788818359375,640800,0.0,0.0
2023-04-24 00:00:00-04:00,16.857078104736118,16.941659851606477,16.468002714437514,16.738664627075195,538200,0.0,0.0
2023-04-25 00:00:00-04:00,16.586419810995856,16.620251545877363,15.859018958520924,15.968974113464355,766300,0.0,0.0
2023-04-26 00:00:00-04:00,15.952060380787389,16.281927486344504,15.909768692085855,16.129680633544922,532300,0.0,0.0
2023-04-27 00:00:00-04:00,16.12968178142655,16.290386983403152,15.918228162659526,16.053558349609375,636600,0.0,0.0
2023-04-28 00:00:00-04:00,16.011265737368937,16.197344311662164,15.808270489068281,15.94360065460205,653000,0.0,0.0
2023-05-01 00:00:00-04:00,15.918225414543292,16.087388925657823,15.588358342459044,15.639106750488281,662800,0.0,0.0
2023-05-02 00:00:00-04:00,15.512235121643215,15.67294029792554,15.224658117038135,15.630648612976074,673400,0.0,0.0
2023-05-03 00:00:00-04:00,15.664479944627727,15.833641822862864,15.317696238993687,15.359986305236816,680300,0.0,0.0
2023-05-04 00:00:00-04:00,15.292322880605335,15.393821309103368,14.88633239313878,14.987829208374023,640400,0.0,0.0
2023-05-05 00:00:00-04:00,15.275406671496107,15.512235269684833,15.266948334425491,15.419195175170898,535400,0.0,0.0
2023-05-08 00:00:00-04:00,15.571442156238263,15.664482251590629,15.283865146297183,15.385363578796387,408600,0.0,0.0
2023-05-09 00:00:00-04:00,15.266950414167043,15.478404029949209,15.038581735202232,15.343073844909668,518800,0.0,0.0
2023-05-10 00:00:00-04:00,15.596816734055922,15.647565142263188,15.063952801459786,15.089327812194824,676500,0.0,0.0
2023-05-11 00:00:00-04:00,15.05549604837714,15.393823107384879,14.987830959228189,15.266949653625488,546800,0.0,0.0
2023-05-12 00:00:00-04:00,15.275406102349027,15.368446193396379,15.10624420702804,15.334612846374512,787100,0.0,0.0
2023-05-15 00:00:00-04:00,15.393821222968876,15.520693047934428,15.165450970073213,15.402277946472168,475100,0.0,0.0
2023-05-16 00:00:00-04:00,15.26694840660815,15.33461349023016,15.072411492852726,15.114703178405762,774500,0.0,0.0
2023-05-17 00:00:00-04:00,15.241575662735523,15.66448285684075,15.19928397536725,15.605276107788086,715600,0.0,0.0
2023-05-18 00:00:00-04:00,15.630648785063519,15.774437288949116,15.461486883191716,15.732147216796875,650900,0.0,0.0
2023-05-19 00:00:00-04:00,15.622188375508266,15.639105047430096,15.055492772227923,15.258489608764648,1396000,0.0,0.0
2023-05-22 00:00:00-04:00,15.292323412685404,15.292323412685404,14.79329281617098,14.869416236877441,885000,0.0,0.0
2023-05-23 00:00:00-04:00,14.953996813565915,15.11470197939341,14.776374974859165,14.810208320617676,1154900,0.0,0.0
2023-05-24 00:00:00-04:00,15.419195563286461,15.419195563286461,14.556464519521969,14.69179630279541,1971400,0.0,0.0
2023-05-25 00:00:00-04:00,15.478401841593513,16.620251528033684,15.241574857888741,15.9013090133667,2793800,0.0,0.0
2023-05-26 00:00:00-04:00,16.02818388448079,16.755583187762284,15.935143782151714,16.603336334228516,1645800,0.0,0.0
2023-05-30 00:00:00-04:00,16.70483395551779,16.823247452122903,16.20580334373496,16.569503784179688,1062700,0.0,0.0
2023-05-31 00:00:00-04:00,16.400339490261338,16.56104466612325,15.94360058684171,16.248092651367188,1311900,0.0,0.0
2023-06-01 00:00:00-04:00,16.163512638768633,16.231177721794474,15.892852306665262,15.968974113464355,795700,0.0,0.0
2023-06-02 00:00:00-04:00,16.3073025750984,17.093908629434736,16.248094210642012,16.916288375854492,1327400,0.0,0.0
2023-06-05 00:00:00-04:00,16.916286009124867,16.916286009124867,16.349590363288673,16.55258560180664,1016700,0.0,0.0
2023-06-06 00:00:00-04:00,16.440917256411577,17.33425944784471,16.440917256411577,17.188232421875,1234100,0.3,0.0
2023-06-07 00:00:00-04:00,17.420156636995205,17.995674678447987,17.402976602712258,17.97849464416504,1623500,0.0,0.0
2023-06-08 00:00:00-04:00,17.97849846688416,18.17606398801114,17.634905900059287,17.926959991455078,1303100,0.0,0.0
2023-06-09 00:00:00-04:00,18.038626150676684,18.18465318981254,17.686443580709945,17.841060638427734,1247900,0.0,0.0
2023-06-12 00:00:00-04:00,17.780934164412027,17.944139620852862,17.50605845373433,17.918371200561523,805400,0.0,0.0
2023-06-13 00:00:00-04:00,17.952727176245343,18.124524267040957,17.78952010382736,17.98708724975586,881300,0.0,0.0
2023-06-14 00:00:00-04:00,18.02144542665002,18.19324251498387,17.686442906615312,17.832469940185547,911200,0.0,0.0
2023-06-15 00:00:00-04:00,17.75515965115107,17.926956722425135,17.62631266688467,17.90977668762207,991500,0.0,0.0
2023-06-16 00:00:00-04:00,17.884009392734104,17.978497960340707,17.57477527211508,17.66926383972168,1366100,0.0,0.0
2023-06-20 00:00:00-04:00,17.660672336829823,17.76375091449984,17.368618278206256,17.42015838623047,1255900,0.0,0.0
2023-06-21 00:00:00-04:00,17.437337582876264,17.64349474766286,17.231182056468153,17.609134674072266,976900,0.0,0.0
2023-06-22 00:00:00-04:00,17.591956312046808,17.591956312046808,17.23118369689212,17.40298080444336,717400,0.0,0.0
2023-06-23 00:00:00-04:00,17.214005395427886,17.317082349846057,16.90477125541607,16.921951293945312,2059200,0.0,0.0
2023-06-26 00:00:00-04:00,16.88759132581445,17.21400550646094,16.88759132581445,17.050798416137695,723500,0.0,0.0
2023-06-27 00:00:00-04:00,16.999256134033203,17.239770067650543,16.921947615833833,16.999256134033203,824300,0.0,0.0
2023-06-28 00:00:00-04:00,16.85323172918942,17.050797244842467,16.586946063696832,16.681434631347656,915300,0.0,0.0
2023-06-29 00:00:00-04:00,16.77592018686533,17.06797421773061,16.70720168774281,16.767330169677734,1400400,0.0,0.0
2023-06-30 00:00:00-04:00,16.904772265833305,16.904772265833305,16.483871126980958,16.70720672607422,817000,0.0,0.0
2023-07-03 00:00:00-04:00,16.732972920932934,17.076565474451147,16.732972920932934,17.03361701965332,375200,0.0,0.0
2023-07-05 00:00:00-04:00,16.879000947364435,17.007847957666115,16.612716907623813,16.818872451782227,1264100,0.0,0.0
2023-07-06 00:00:00-04:00,16.65566376813795,16.76733236783796,16.475278298685037,16.595535278320312,1027600,0.0,0.0
2023-07-07 00:00:00-04:00,16.466688448695653,16.63848553996943,16.286301339020337,16.294891357421875,806100,0.0,0.0
2023-07-10 00:00:00-04:00,16.260533550299165,16.64707456302858,16.260533550299165,16.62989616394043,947700,0.0,0.0
2023-07-11 00:00:00-04:00,16.698612078633236,17.09374304864932,16.629893577831382,16.999256134033203,736000,0.0,0.0
2023-07-12 00:00:00-04:00,17.28272263884505,17.37720956704265,17.033617013645625,17.085155487060547,699700,0.0,0.0
2023-07-13 00:00:00-04:00,17.16246236951331,17.24836090921463,16.9734868928731,17.136693954467773,499400,0.0,0.0
2023-07-14 00:00:00-04:00,17.1281067002908,17.1281067002908,16.690025551669923,16.94771957397461,644800,0.0,0.0
2023-07-17 00:00:00-04:00,16.8618210204135,16.982079650750507,16.664255494088,16.94771957397461,619800,0.0,0.0
2023-07-18 00:00:00-04:00,16.990666794824307,17.2827208444842,16.853229787734755,17.16246223449707,598800,0.0,0.0
2023-07-19 00:00:00-04:00,17.136694086762756,17.23118100662311,16.930536934536708,17.21400260925293,716200,0.0,0.0
2023-07-20 00:00:00-04:00,17.26554204822105,17.342850575054964,17.025026449362375,17.10233497619629,650000,0.0,0.0
2023-07-21 00:00:00-04:00,17.231183530868066,17.239773550000724,16.810282423639457,16.870410919189453,866000,0.0,0.0
2023-07-24 00:00:00-04:00,16.921951510606593,17.256954074322856,16.879001413733565,17.179645538330078,499600,0.0,0.0
2023-07-25 00:00:00-04:00,17.128106931401167,17.188235428191668,16.999259918510283,17.15387535095215,474500,0.0,0.0
2023-07-26 00:00:00-04:00,17.093743974974206,17.746570587158203,17.093743974974206,17.746570587158203,609900,0.0,0.0
2023-07-27 00:00:00-04:00,17.901188611504114,18.09016409969628,17.574774468361262,17.583364486694336,490600,0.0,0.0
2023-07-28 00:00:00-04:00,17.703623487066764,17.93554743355131,17.574774847668284,17.815290451049805,424500,0.0,0.0
2023-07-31 00:00:00-04:00,17.858239573024402,18.047215055024076,17.7895194286117,18.0300350189209,477600,0.0,0.0
2023-08-01 00:00:00-04:00,17.918369841887824,17.978498335846602,17.737982721632907,17.90118980407715,395800,0.0,0.0
2023-08-02 00:00:00-04:00,17.660670824302763,17.72079930680297,17.463105342265436,17.70362091064453,467800,0.0,0.0
2023-08-03 00:00:00-04:00,17.737982172491826,18.141704856651117,17.64349524421545,17.969907760620117,1095200,0.0,0.0
2023-08-04 00:00:00-04:00,18.0128553695671,18.468116505805526,17.901188409255727,18.261960983276367,739600,0.0,0.0
2023-08-07 00:00:00-04:00,18.26196221119642,18.356450779767542,18.081575092867784,18.253372192382812,407000,0.0,0.0
2023-08-08 00:00:00-04:00,18.133114285418586,18.133114285418586,17.78952010382736,17.98708724975586,475500,0.0,0.0
2023-08-09 00:00:00-04:00,17.98708520585757,18.047213689290004,17.79810809978044,17.90977668762207,360600,0.0,0.0
2023-08-10 00:00:00-04:00,18.081574720104445,18.425168912051088,17.97849777322328,18.021446228027344,653200,0.0,0.0
2023-08-11 00:00:00-04:00,17.909778634140736,17.969907124108218,17.454517492649355,17.53182601928711,666200,0.0,0.0
2023-08-14 00:00:00-04:00,17.497466360507765,17.514644757598067,17.20541231105403,17.488876342773438,719900,0.0,0.0
2023-08-15 00:00:00-04:00,17.411567281105185,17.411567281105185,17.188231742079832,17.23118019104004,656300,0.0,0.0
2023-08-16 00:00:00-04:00,17.29130977717016,17.480286896749355,17.0937442779541,17.0937442779541,668400,0.0,0.0
2023-08-17 00:00:00-04:00,17.179643377933694,17.360028846980335,16.913359364321693,16.973487854003906,581600,0.0,0.0
2023-08-18 00:00:00-04:00,16.913357868347557,17.25695037784003,16.853229383983663,17.205411911010742,557300,0.0,0.0
2023-08-21 00:00:00-04:00,17.196824491789876,17.3256714975201,16.260533737969784,16.277713775634766,922100,0.0,0.0
2023-08-22 00:00:00-04:00,16.097327327882695,16.208995938981104,15.60770770267225,15.616297721862793,977700,0.0,0.0
2023-08-23 00:00:00-04:00,15.564757067248104,15.85680948696883,15.392959984232705,15.727962493896484,1421100,0.0,0.0
2023-08-24 00:00:00-04:00,18.45952902394293,20.486727731588193,17.952729347031614,19.816720962524414,8140300,0.0,0.0
2023-08-25 00:00:00-04:00,20.246210343660636,20.478135932610403,19.378638118550366,19.464536666870117,2575200,0.0,0.0
2023-08-28 00:00:00-04:00,19.559025970755187,20.143134155281803,19.498897476179554,19.928388595581055,1621600,0.0,0.0
2023-08-29 00:00:00-04:00,19.945565666381448,20.976344939624198,19.945565666381448,20.847497940063477,1185600,0.0,0.0
2023-08-30 00:00:00-04:00,20.701470599434675,21.259808681578207,20.641342109748546,21.225448608398438,1207100,0.0,0.0
2023-08-31 00:00:00-04:00,21.268398614314616,21.337117122019247,20.64993204497292,20.667110443115234,1196500,0.0,0.0
2023-09-01 00:00:00-04:00,20.916216566318678,21.139552131385994,20.68429098278202,21.027883529663086,712700,0.0,0.0
2023-09-05 00:00:00-04:00,20.740901947021484,20.85395434968518,20.49740229528457,20.740901947021484,1466400,0.3,0.0
2023-09-06 00:00:00-04:00,20.853955371302145,20.96700943820993,20.288690012880473,20.358261108398438,862500,0.0,0.0
2023-09-07 00:00:00-04:00,20.419136405663604,20.66263607882201,20.106067292980875,20.497404098510742,844500,0.0,0.0
2023-09-08 00:00:00-04:00,20.349561965628922,20.349561965628922,19.958225224364366,20.071277618408203,620900,0.0,0.0
2023-09-11 00:00:00-04:00,20.25390405310855,20.25390405310855,19.723423445606244,19.784297943115234,1406800,0.0,0.0
2023-09-12 00:00:00-04:00,20.149550984751848,20.245211878119747,19.766909069986255,20.184335708618164,1144800,0.0,0.0
2023-09-13 00:00:00-04:00,20.114762274932154,20.114762274932154,19.506015578701525,19.653854370117188,1195500,0.0,0.0
2023-09-14 00:00:00-04:00,19.749512231977686,19.871262889793734,19.436443140164577,19.58428192138672,1095300,0.0,0.0
2023-09-15 00:00:00-04:00,19.462531051931325,19.60167489630883,19.349478648087608,19.471227645874023,2092000,0.0,0.0
2023-09-18 00:00:00-04:00,19.619068110473247,19.70603239866349,19.2451228323493,19.262516021728516,1293000,0.0,0.0
2023-09-19 00:00:00-04:00,19.227730909382817,19.42774760704545,19.08858871459961,19.08858871459961,635900,0.0,0.0
2023-09-20 00:00:00-04:00,19.19294380294571,19.366872369176882,18.914659423940424,18.932052612304688,609200,0.0,0.0
2023-09-21 00:00:00-04:00,18.836390973895096,19.001622939267698,18.740730100462695,18.888568878173828,581000,0.0,0.0
2023-09-22 00:00:00-04:00,18.905963504307174,19.07119548225155,18.653768898850192,18.732036590576172,575700,0.0,0.0
2023-09-25 00:00:00-04:00,18.52332026457579,18.975533192364225,18.479838954048535,18.775516510009766,613700,0.0,0.0
2023-09-26 00:00:00-04:00,18.61898335777711,18.86248303839243,18.23634147644043,18.23634147644043,825400,0.0,0.0
2023-09-27 00:00:00-04:00,18.340698956334386,18.445054777522472,18.17546697096307,18.23634147644043,924800,0.0,0.0
2023-09-28 00:00:00-04:00,18.29721665703698,18.67985685909855,18.279823468205333,18.505929946899414,806400,0.0,0.0
2023-09-29 00:00:00-04:00,18.79291021324224,18.862481307217774,18.514625837340105,18.818998336791992,1107700,0.0,0.0
2023-10-02 00:00:00-04:00,18.69724901985996,18.818998017575552,18.088500713870616,18.253732681274414,1158600,0.0,0.0
2023-10-03 00:00:00-04:00,18.29721587734154,18.323304000771543,17.72325228129581,17.992841720581055,1044000,0.0,0.0
2023-10-04 00:00:00-04:00,18.0885016968844,18.5320180595727,17.940662909321635,18.245037078857422,1642300,0.0,0.0
2023-10-05 00:00:00-04:00,18.166767776206857,18.245035460249852,17.853698698740505,17.966751098632812,657300,0.0,0.0
2023-10-06 00:00:00-04:00,17.871091497562972,18.227643568566197,17.749342495378187,18.0537166595459,625500,0.0,0.0
2023-10-09 00:00:00-04:00,17.96675242742579,18.618982070218223,17.879788143312314,18.410268783569336,865900,0.0,0.0
2023-10-10 00:00:00-04:00,18.532018150935713,19.149463087461555,18.532018150935713,18.958141326904297,1169000,0.0,0.0
2023-10-11 00:00:00-04:00,19.027712241869956,19.37556938184555,19.001624117465827,19.366872787475586,860200,0.0,0.0
2023-10-12 00:00:00-04:00,19.401657485209807,19.41905067393088,18.37548257254732,18.636375427246094,1230700,0.0,0.0
2023-10-13 00:00:00-04:00,18.67985842751132,18.67985842751132,18.262431812738154,18.427663803100586,893600,0.0,0.0
2023-10-16 00:00:00-04:00,18.67115992966816,19.22773035135395,18.645071805594565,19.158159255981445,933800,0.0,0.0
2023-10-17 00:00:00-04:00,19.071196913974056,19.91474673859659,19.071196913974056,19.61037254333496,928900,0.0,0.0
2023-10-18 00:00:00-04:00,19.427749579230063,19.653856083382152,19.236429456657973,19.540802001953125,859100,0.0,0.0
2023-10-19 00:00:00-04:00,19.619068883491423,19.740819555237234,19.24512359063352,19.305999755859375,749000,0.0,0.0
2023-10-20 00:00:00-04:00,19.323392142034145,19.375571714536022,19.071197509765625,19.071197509765625,757600,0.0,0.0
2023-10-23 00:00:00-04:00,18.966837079871933,19.07119454997375,18.679856110474073,18.723339080810547,777400,0.0,0.0
2023-10-24 00:00:00-04:00,18.958140965637735,19.175550846705626,18.86248174588778,18.879873275756836,631000,0.0,0.0
2023-10-25 00:00:00-04:00,18.74073061023942,18.89726598603929,18.697249298608664,18.723339080810547,545600,0.0,0.0
2023-10-26 00:00:00-04:00,18.71464248674325,18.923355768241176,18.40157173514351,18.723339080810547,737700,0.0,0.0
2023-10-27 00:00:00-04:00,18.69725024666327,18.78421453304007,18.21894915964955,18.358091354370117,721400,0.0,0.0
2023-10-30 00:00:00-04:00,18.566804808878192,18.76682150820058,18.375483045434333,18.584197998046875,496400,0.0,0.0
2023-10-31 00:00:00-04:00,18.558108170600715,18.810302778129564,18.488537072795605,18.697250366210938,472200,0.0,0.0
2023-11-01 00:00:00-04:00,18.784213619157086,18.87987283668237,18.358090461218723,18.818998336791992,693000,0.0,0.0
2023-11-02 00:00:00-04:00,18.879872380870506,19.575584962535157,18.879872380870506,19.506013870239258,757500,0.0,0.0
2023-11-03 00:00:00-04:00,20.201726161870813,20.63654593285575,20.140851659325847,20.41913604736328,1003000,0.0,0.0
2023-11-06 00:00:00-05:00,20.393047955469186,20.532190149711653,19.966923119557617,20.045190811157227,616900,0.0,0.0
2023-11-07 00:00:00-05:00,19.93213796516712,20.053886967794654,19.819085556828085,19.984315872192383,673800,0.0,0.0
2023-11-08 00:00:00-05:00,20.027800009462272,20.079977919524836,19.72342582646991,19.73212242126465,512600,0.0,0.0
2023-11-09 00:00:00-05:00,19.871261390447003,19.871261390447003,19.079889638529778,19.271209716796875,540400,0.0,0.0
2023-11-10 00:00:00-05:00,19.419050461912136,19.636460342434532,19.088588173348626,19.627763748168945,701600,0.0,0.0
2023-11-13 00:00:00-05:00,19.47992454274719,19.47992454274719,18.958140509010825,19.192943572998047,683300,0.0,0.0
2023-11-14 00:00:00-05:00,19.801689669448677,20.5234903099616,19.801689669448677,20.332168579101562,838900,0.0,0.0
2023-11-15 00:00:00-05:00,20.619153067410174,21.097455818220926,20.410439773107704,20.871349334716797,1718400,0.0,0.0
2023-11-16 00:00:00-05:00,20.619152900725187,20.64524268431677,19.636460940656903,19.914745330810547,809700,0.0,0.0
2023-11-17 00:00:00-05:00,20.706116997766006,20.906135352725403,20.384351296611204,20.793081283569336,1051600,0.0,0.0
2023-11-20 00:00:00-05:00,20.73220611497629,21.088758182478436,20.627848643624223,20.99309730529785,1205700,0.0,0.0
2023-11-21 00:00:00-05:00,20.784384963629716,21.053972760345435,20.58436826473437,20.627849578857422,1623200,0.0,0.0
2023-11-22 00:00:00-05:00,18.23634068098017,19.045105724086323,17.766736188705963,18.097198486328125,4876600,0.0,0.0
2023-11-24 00:00:00-05:00,18.27112589483719,18.732035421946016,18.18416161404421,18.514625549316406,623200,0.0,0.0
2023-11-27 00:00:00-05:00,18.50592956278036,18.836391850193515,18.071109803249197,18.801607131958008,1107400,0.0,0.0
2023-11-28 00:00:00-05:00,18.732037534566846,18.975535557802356,18.41027015695522,18.836393356323242,853500,0.0,0.0
2023-11-29 00:00:00-05:00,19.175551856402638,19.48862263241112,19.053802847379714,19.132070541381836,830900,0.0,0.0
2023-11-30 00:00:00-05:00,19.132068558527795,19.279907336464646,18.74073012907564,19.14946174621582,897100,0.0,0.0
2023-12-01 00:00:00-05:00,19.114677415450466,19.949532268013826,19.010321595571202,19.84517478942871,1252000,0.0,0.0
2023-12-04 00:00:00-05:00,19.758211395392667,20.140853289263063,19.44514226286773,19.4973201751709,1113500,0.0,0.0
2023-12-05 00:00:00-05:00,19.409173954697806,19.541388697144185,19.074228147218534,19.100671768188477,644500,0.3,0.0
2023-12-06 00:00:00-05:00,19.07422957571912,19.38273178533269,19.021344011020215,19.22407341003418,1613800,0.0,0.0
2023-12-07 00:00:00-05:00,19.321030382468876,19.541388848655245,19.250515740537303,19.38273048400879,682500,0.0,0.0
2023-12-08 00:00:00-05:00,19.32103041924075,19.514945264621208,19.224072155949678,19.453245162963867,941700,0.0,0.0
2023-12-11 00:00:00-05:00,19.59427431638624,19.92922012486558,19.55020329583975,19.788190841674805,712300,0.0,0.0
2023-12-12 00:00:00-05:00,19.71767626528425,19.770561826355262,19.48850325904097,19.620718002319336,531000,0.0,0.0
2023-12-13 00:00:00-05:00,19.629533757424273,19.94684882468829,19.241702362766276,19.93803596496582,830200,0.0,0.0
2023-12-14 00:00:00-05:00,20.43163583619782,20.86353819821251,20.114319128921085,20.845909118652344,1962400,0.0,0.0
2023-12-15 00:00:00-05:00,21.004570322348957,21.004570322348957,20.422824067540272,20.528596878051758,2269200,0.0,0.0
2023-12-18 00:00:00-05:00,20.69606831969966,20.775397508075145,20.466895295637347,20.6431827545166,620700,0.0,0.0
2023-12-19 00:00:00-05:00,20.722511629119285,21.20729961189405,20.6784389244659,21.119155883789062,744900,0.0,0.0
2023-12-20 00:00:00-05:00,21.048641604271133,21.683275112722697,21.048641604271133,21.092714309692383,1036900,0.0,0.0
2023-12-21 00:00:00-05:00,21.31307228802575,21.32188682890108,20.54622404389006,20.83709716796875,1377400,0.0,0.0
2023-12-22 00:00:00-05:00,20.59029666766029,21.392401390955456,20.546223963456193,21.313072204589844,808400,0.0,0.0
2023-12-26 00:00:00-05:00,21.445287173416986,21.533430901521974,21.110343024060164,21.119155883789062,753900,0.0,0.0
2023-12-27 00:00:00-05:00,20.828280039092178,21.03982563141104,20.607921588194795,20.845909118652344,763000,0.0,0.0
2023-12-28 00:00:00-05:00,20.76658242202511,20.907611712946707,20.607924049437877,20.625553131103516,526700,0.0,0.0
2023-12-29 00:00:00-05:00,20.634366985955744,20.748954331771234,20.308237391992254,20.325864791870117,595000,0.0,0.0
2024-01-02 00:00:00-05:00,20.264165420573953,21.083899227137174,20.096692506677805,21.075084686279297,820200,0.0,0.0
2024-01-03 00:00:00-05:00,20.713696790491948,20.863540621756343,20.422823668767155,20.48452377319336,804200,0.0,0.0
2024-01-04 00:00:00-05:00,19.841076827441928,20.176020961891993,19.38273080665619,20.017362594604492,1224500,0.0,0.0
2024-01-05 00:00:00-05:00,20.026177811060574,20.396380120159137,20.026177811060574,20.31705093383789,697400,0.0,0.0
2024-01-08 00:00:00-05:00,20.317050044720897,20.845910703317895,20.193649840822218,20.5197811126709,1476300,0.0,0.0
2024-01-09 00:00:00-05:00,20.131948975019935,20.19364907462823,19.83226133589254,20.079063415527344,861000,0.0,0.0
2024-01-10 00:00:00-05:00,20.114320034117714,20.36112211546208,20.02617631355175,20.05261993408203,556200,0.0,0.0
2024-01-11 00:00:00-05:00,19.929221158148696,20.264165302792428,19.74411916361266,20.176021575927734,615900,0.0,0.0
2024-01-12 00:00:00-05:00,20.528594874218438,20.528594874218438,19.911590515732243,20.079063415527344,479100,0.0,0.0
2024-01-16 00:00:00-05:00,19.858706446083055,20.043806758794567,19.700048074500756,20.034992218017578,560800,0.0,0.0
2024-01-17 00:00:00-05:00,19.84107736968081,20.052621304778217,19.67360445727804,19.726490020751953,913400,0.0,0.0
2024-01-18 00:00:00-05:00,19.84107705185527,19.85870613313143,19.497318372978725,19.7088623046875,1161000,0.0,0.0
2024-01-19 00:00:00-05:00,19.76174878978523,19.911592625223815,19.50613214295396,19.885149002075195,599500,0.0,0.0
2024-01-22 00:00:00-05:00,19.990920983961264,20.36993782735551,19.990920983961264,20.22890853881836,512200,0.0,0.0
2024-01-23 00:00:00-05:00,20.52859693612767,20.62555352473555,19.9644780804735,19.982107162475586,983100,0.0,0.0
2024-01-24 00:00:00-05:00,20.228910073333036,20.246537474836053,19.86752228389239,19.87633514404297,616900,0.0,0.0
2024-01-25 00:00:00-05:00,20.149580797982885,20.25535193136548,19.97329333407609,20.043807983398438,580300,0.0,0.0
2024-01-26 00:00:00-05:00,20.193648691215923,20.352307047882913,20.052619414445623,20.34349250793457,496500,0.0,0.0
2024-01-29 00:00:00-05:00,20.39637933078625,20.45807943304782,19.9909205552378,20.422822952270508,621800,0.0,0.0
2024-01-30 00:00:00-05:00,20.29061002018323,20.713697914523348,20.29061002018323,20.59029769897461,540400,0.0,0.0
2024-01-31 00:00:00-05:00,20.484522823641978,20.572666546394302,19.664789060088214,19.691232681274414,1125900,0.0,0.0
2024-02-01 00:00:00-05:00,19.841077529684743,20.458080258394087,19.673604615931424,20.38756561279297,1276700,0.0,0.0
2024-02-02 00:00:00-05:00,20.034990753956812,20.39637849339612,19.89396147423423,20.149578094482422,394100,0.0,0.0
2024-02-05 00:00:00-05:00,19.84989291709886,20.034993239245345,19.779378268490415,19.929222106933594,432100,0.0,0.0
2024-02-06 00:00:00-05:00,19.938035997613234,20.255351065396837,19.770563082181862,20.0085506439209,570400,0.0,0.0
2024-02-07 00:00:00-05:00,19.893962389470527,20.096691778248243,19.69123300069281,20.017362594604492,798400,0.0,0.0
2024-02-08 00:00:00-05:00,20.17602132919127,20.48452352884409,19.999735558819467,20.299423217773438,477600,0.0,0.0
2024-02-09 00:00:00-05:00,20.23772277248933,20.59029769897461,20.17602266471496,20.59029769897461,408700,0.0,0.0
2024-02-12 00:00:00-05:00,20.5902961087078,21.10152769518488,20.5902961087078,20.916425704956055,707400,0.0,0.0
2024-02-13 00:00:00-05:00,20.30823678615771,20.546222648825477,19.95566189989116,20.4757080078125,733900,0.0,0.0
2024-02-14 00:00:00-05:00,20.810653021111417,20.810653021111417,20.4051925898244,20.581480026245117,418800,0.0,0.0
2024-02-15 00:00:00-05:00,20.748956342703842,21.33951548528943,20.71369817712758,21.224929809570312,794400,0.0,0.0
2024-02-16 00:00:00-05:00,21.14559764680317,22.159246227854613,21.004568366719578,22.044660568237305,1654600,0.0,0.0
2024-02-20 00:00:00-05:00,21.80667479980019,21.9124476090595,20.95168450966104,21.145599365234375,1482100,0.0,0.0
2024-02-21 00:00:00-05:00,21.806676152428846,22.150434861741235,21.26900089431306,21.744976043701172,1056100,0.0,0.0
2024-02-22 00:00:00-05:00,21.91244729148619,22.176876788999476,21.630388712484883,21.93007469177246,1072600,0.0,0.0
2024-02-23 00:00:00-05:00,21.877188988232103,22.317905935396173,21.80667434393392,21.956518173217773,1194000,0.0,0.0
2024-02-26 00:00:00-05:00,21.93888738655411,22.44130439827648,21.85074534893388,22.30908966064453,1130500,0.0,0.0
2024-02-27 00:00:00-05:00,22.520634315988513,23.03186588448652,22.520634315988513,22.679292678833008,966100,0.0,0.0
2024-02-28 00:00:00-05:00,22.32671912840449,22.432491929068004,22.044660568237305,22.044660568237305,652400,0.0,0.0
2024-02-29 00:00:00-05:00,22.26501936052827,22.414863183001728,22.027031816387787,22.370790481567383,598100,0.0,0.0
2024-03-01 00:00:00-05:00,22.40604969383979,22.635222708444495,22.132805656934913,22.335535049438477,632300,0.0,0.0
2024-03-04 00:00:00-05:00,22.47656254019469,22.87320843397288,22.47656254019469,22.547077178955078,770500,0.0,0.0
2024-03-05 00:00:00-05:00,22.388421519485398,22.93491129663742,22.317906872227248,22.820323944091797,559200,0.0,0.0
2024-03-06 00:00:00-05:00,22.926095525106508,22.926095525106508,22.450120420758843,22.811508178710938,473100,0.0,0.0
2024-03-07 00:00:00-05:00,23.04949693586676,23.093569641092827,22.714552782157668,22.74980926513672,639800,0.0,0.0
2024-03-08 00:00:00-05:00,22.98779607092841,23.049496175006393,22.43249345302485,22.61759376525879,570800,0.0,0.0
2024-03-11 00:00:00-04:00,22.529450480527373,22.573523185162493,22.27383551845079,22.42367935180664,1680700,0.0,0.0
2024-03-12 00:00:00-04:00,22.48537942415971,22.652852339124312,22.2121353806293,22.353164672851562,1442100,0.0,0.0
2024-03-13 00:00:00-04:00,22.22976304935744,22.617594448246983,22.22976304935744,22.608779907226562,845100,0.0,0.0
2024-03-14 00:00:00-04:00,22.520635218887502,22.65285164735985,22.30027674636922,22.36197853088379,993700,0.0,0.0
2024-03-15 00:00:00-04:00,22.273834983027214,22.573522642534957,22.000589264463148,22.09754753112793,1096300,0.0,0.0
2024-03-18 00:00:00-04:00,22.088734041200574,22.212135935881147,21.665646153957574,22.062292098999023,965400,0.0,0.0
2024-03-19 00:00:00-04:00,21.930073978910798,22.361978055318982,21.859559336452627,22.176876068115234,1641300,0.0,0.0
2024-03-20 00:00:00-04:00,21.991776986577733,23.14645495157138,21.991776986577733,22.873210906982422,1724400,0.0,0.0
2024-03-21 00:00:00-04:00,27.32445157636398,28.399802036951318,26.936620180027475,27.606510162353516,7035900,0.0,0.0
2024-03-22 00:00:00-04:00,27.44785024362934,27.64176677149165,26.531159890722606,26.963062286376953,2370200,0.0,0.0
2024-03-25 00:00:00-04:00,26.698633371184467,26.97187740671752,26.08162897486933,26.125699996948242,1844100,0.0,0.0
2024-03-26 00:00:00-04:00,26.15214259240319,26.848474464887882,25.931784128254595,26.7779598236084,2124600,0.0,0.0
2024-03-27 00:00:00-04:00,26.998321285024414,27.553625617799916,26.96306480107144,27.50074005126953,1232600,0.0,0.0
2024-03-28 00:00:00-04:00,27.535996258236036,28.664232313813596,27.412596043839148,27.738725662231445,1653800,0.0,0.0
2024-04-01 00:00:00-04:00,29.025616831401965,29.528033854865622,28.602528988611684,29.439891815185547,2650100,0.0,0.0
2024-04-02 00:00:00-04:00,28.27640246234733,28.63779024393103,27.43903786408953,27.456666946411133,1975100,0.0,0.0
2024-04-03 00:00:00-04:00,27.9238262561287,28.241142998512533,27.447851142552945,27.68583869934082,1335000,0.0,0.0
2024-04-04 00:00:00-04:00,28.17062664177748,28.276401130725844,27.068834266591534,27.306821823120117,1704600,0.0,0.0
2024-04-05 00:00:00-04:00,27.19223799201032,27.359710915083834,26.443018790051813,26.78677749633789,1327400,0.0,0.0
2024-04-08 00:00:00-04:00,27.16579298294495,27.306822274805395,26.76914873003812,26.804405212402344,969000,0.0,0.0
2024-04-09 00:00:00-04:00,26.839662515061747,27.130535630344113,25.799570260051553,26.152143478393555,2070100,0.0,0.0
2024-04-10 00:00:00-04:00,25.34122391559062,25.76431177225816,25.09442182526704,25.209009170532227,1565000,0.0,0.0
2024-04-11 00:00:00-04:00,25.376481998645318,25.420553019793797,24.574375627889104,24.759477615356445,1959800,0.0,0.0
2024-04-12 00:00:00-04:00,24.70659321851871,24.97983726116497,24.02788870114408,24.318761825561523,2053500,0.0,0.0
2024-04-15 00:00:00-04:00,24.50386104743967,24.592004771161736,24.10721681249291,24.28350257873535,2040000,0.0,0.0
2024-04-16 00:00:00-04:00,24.27379002092252,24.691466580040892,23.74926730559278,24.56519317626953,3943800,2.55,0.0
2024-04-17 00:00:00-04:00,24.778888702392578,25.109144518315052,24.555480901234553,24.778888702392578,1735800,0.0,0.0
2024-04-18 00:00:00-04:00,24.74974647570777,25.157709411139624,24.60404582434303,24.82745361328125,935800,0.0,0.0
2024-04-19 00:00:00-04:00,24.65261284115268,25.031436769455983,24.64290106975907,24.9537296295166,890500,0.0,0.0
2024-04-22 00:00:00-04:00,25.060575436660358,25.254844210119625,24.759460505214392,25.0217227935791,2460400,0.0,0.0
2024-04-23 00:00:00-04:00,25.09942891349722,25.750226869676542,25.089715289950156,25.71137237548828,1129500,0.0,0.0
2024-04-24 00:00:00-04:00,25.779368174554204,25.798793569291288,25.177136473281756,25.196563720703125,851600,0.0,0.0
2024-04-25 00:00:00-04:00,24.846881116791188,25.070288908030715,24.72060771169016,24.944015502929688,547000,0.0,0.0
2024-04-26 00:00:00-04:00,24.94401605434354,25.614241295562476,24.94401605434354,25.478252410888672,859200,0.0,0.0
2024-04-29 00:00:00-04:00,25.672520841350472,26.070770160537073,25.58510007834031,26.03191566467285,795400,0.0,0.0
2024-04-30 00:00:00-04:00,25.750227039401043,26.439877641629987,25.65309265597442,26.012489318847656,1771800,0.0,0.0
2024-05-01 00:00:00-04:00,25.866786617675224,26.090196253637036,25.2257022857666,25.2257022857666,867700,0.0,0.0
2024-05-02 00:00:00-04:00,25.66280574832061,25.837647264332162,25.351977209937512,25.517105102539062,671700,0.0,0.0
2024-05-03 00:00:00-04:00,26.226183777295937,26.381598051465172,25.740513707346015,25.944494247436523,963800,0.0,0.0
2024-05-06 00:00:00-04:00,26.177617980557837,26.44959203888646,26.177617980557837,26.401025772094727,714000,0.0,0.0
2024-05-07 00:00:00-04:00,26.469020301475375,26.605007335853305,25.925070311279253,25.934783935546875,727300,0.0,0.0
2024-05-08 00:00:00-04:00,25.65309174507252,25.934781261738948,25.478250231649795,25.80850601196289,874900,0.0,0.0
2024-05-09 00:00:00-04:00,25.954208676331636,26.19704371884004,25.61424109896735,26.109622955322266,2192200,0.0,0.0
2024-05-10 00:00:00-04:00,26.284465507792444,26.381599899122172,25.497680458122026,25.643381118774414,748300,0.0,0.0
2024-05-13 00:00:00-04:00,25.876500336813013,26.605005430553778,25.759940559317673,25.973634719848633,768200,0.0,0.0
2024-05-14 00:00:00-04:00,26.284463533490495,26.624432951266254,26.022203105089105,26.35245704650879,851400,0.0,0.0
2024-05-15 00:00:00-04:00,26.49815963285298,26.517585027573837,25.895927932083563,25.905641555786133,790200,0.0,0.0
2024-05-16 00:00:00-04:00,25.934784292763602,26.05134408021174,25.5559603518461,25.643381118774414,694100,0.0,0.0
2024-05-17 00:00:00-04:00,25.691947019552277,25.730799661114464,25.35197760563291,25.487964630126953,960800,0.0,0.0
2024-05-20 00:00:00-04:00,25.458825563060397,25.789081376814966,25.41997291874571,25.672521591186523,1449900,0.0,0.0
2024-05-21 00:00:00-04:00,25.643379637578203,25.662806885258888,24.6331868430786,24.642900466918945,1102700,0.0,0.0
2024-05-22 00:00:00-04:00,24.506912334930167,24.584619475343835,23.88525521162081,24.060096740722656,1206800,0.0,0.0
2024-05-23 00:00:00-04:00,23.41901078920641,23.62299132427438,22.933340731214965,23.020761489868164,1385600,0.0,0.0
2024-05-24 00:00:00-04:00,23.176176095863433,23.924106587962257,23.137321601372964,23.661846160888672,1078200,0.0,0.0
2024-05-28 00:00:00-04:00,23.6521325628873,23.894967595662973,23.166462497335957,23.215028762817383,1473800,0.0,0.0
2024-05-29 00:00:00-04:00,23.147035737442998,23.525857803690382,22.70022015701627,22.739072799682617,1218400,0.0,0.0
2024-05-30 00:00:00-04:00,22.95276787716214,23.26359829425282,22.632225688532603,22.719646453857422,1325400,0.0,0.0
2024-05-31 00:00:00-04:00,22.46709758630174,23.12760920625084,21.641459914049737,22.603086471557617,1851000,0.0,0.0
2024-06-03 00:00:00-04:00,22.93334012406732,23.166461523409343,22.408815586034624,22.972192764282227,2058700,0.0,0.0
2024-06-04 00:00:00-04:00,22.729358961298885,22.981907620641397,22.156268129076317,22.39910316467285,1425700,0.0,0.0
2024-06-05 00:00:00-04:00,22.573944041335288,22.661364799865396,22.350536259618007,22.535091400146484,962000,0.0,0.0
2024-06-06 00:00:00-04:00,22.67107978653519,22.91391482979055,22.253403215706474,22.74878692626953,906500,0.0,0.0
2024-06-07 00:00:00-04:00,22.55451708840502,22.777926725718764,22.33110930377554,22.46709632873535,1037100,0.0,0.0
2024-06-10 00:00:00-04:00,22.331108943731515,22.486523213375346,22.16598105064941,22.272829055786133,1740400,0.0,0.0
2024-06-11 00:00:00-04:00,22.146554591573363,22.16598183914097,21.855153288796462,21.952287673950195,1347200,0.0,0.0
2024-06-12 00:00:00-04:00,22.405113705327064,22.789032008587586,22.021195402066542,22.080259323120117,1613000,0.3,0.0
2024-06-13 00:00:00-04:00,21.99166298375582,22.109790828446755,21.74556111677342,21.91291046142578,1299100,0.0,0.0
2024-06-14 00:00:00-04:00,21.56836751343864,21.735716858411525,20.72177648856308,20.73162078857422,1708700,0.0,0.0
2024-06-17 00:00:00-04:00,20.721777432710773,21.026945114135742,20.564272380572614,21.026945114135742,1352800,0.0,0.0
2024-06-18 00:00:00-04:00,20.95803597611539,21.01709989869376,20.219730372256883,20.29848289489746,1425300,0.0,0.0
2024-06-20 00:00:00-04:00,20.298483841338097,20.65286927094021,20.150821211594856,20.16066551208496,1895100,0.0,0.0
2024-06-21 00:00:00-04:00,20.121290198255686,20.446144604165703,19.953940845053047,20.200042724609375,9830400,0.0,0.0
2024-06-24 00:00:00-04:00,20.20004177219468,20.396922139992,20.052381026944627,20.29848289489746,1425700,0.0,0.0
2024-06-25 00:00:00-04:00,20.308325784757574,20.43629981049925,19.983471386686983,20.36739158630371,1461500,0.0,0.0
2024-06-26 00:00:00-04:00,20.268950470177845,20.741465617103348,19.934251771703543,20.09175682067871,1526100,0.0,0.0
2024-06-27 00:00:00-04:00,19.825966831564006,19.983471884393264,19.629086454331603,19.924407958984375,1354500,0.0,0.0
2024-06-28 00:00:00-04:00,19.953940843175186,20.25910664806598,19.845655415345924,20.081912994384766,5057200,0.0,0.0
2024-07-01 00:00:00-04:00,20.24926241802459,20.318170644116293,19.274699196995467,19.333763122558594,1142600,0.0,0.0
2024-07-02 00:00:00-04:00,19.294386371156676,19.688148975137793,19.294386371156676,19.599552154541016,1469500,0.0,0.0
2024-07-03 00:00:00-04:00,19.7472129065744,20.09175588933964,19.589707864900266,19.717681884765625,642900,0.0,0.0
2024-07-05 00:00:00-04:00,19.678305597716825,20.200042245952247,19.57986447270527,20.09175682067871,1217300,0.0,0.0
2024-07-08 00:00:00-04:00,20.21973128520561,20.751310367628978,20.21973128520561,20.71193504333496,1608600,0.0,0.0
2024-07-09 00:00:00-04:00,20.731620315081862,21.076163297169703,20.446143131711842,20.741464614868164,1413400,0.0,0.0
2024-07-10 00:00:00-04:00,20.91865965140991,21.243514055598062,20.839907125473644,21.223825454711914,1200600,0.0,0.0
2024-07-11 00:00:00-04:00,21.696342397104388,22.46417905236632,21.57821266989038,22.405115127563477,1571400,0.0,0.0
2024-07-12 00:00:00-04:00,22.562619207499736,22.77918817419284,22.326361640850468,22.46417808532715,1497800,0.0,0.0
2024-07-15 00:00:00-04:00,22.572463040416903,22.572463040416903,21.942442875721664,22.237764358520508,1030100,0.0,0.0
2024-07-16 00:00:00-04:00,22.503555258061517,23.41905450122691,22.346050213818895,23.21232795715332,1305400,0.0,0.0
2024-07-17 00:00:00-04:00,22.946537485998213,23.842348129040218,22.946537485998213,23.566715240478516,1325300,0.0,0.0
2024-07-18 00:00:00-04:00,23.46827460841176,24.255799845898757,23.172953113756208,23.320613861083984,1142000,0.0,0.0
2024-07-19 00:00:00-04:00,23.044979126336745,23.192639873902735,22.592152583453267,22.651216506958008,891200,0.0,0.0
2024-07-22 00:00:00-04:00,22.956381331039648,23.054822451121563,22.39526938746337,22.98591423034668,668500,0.0,0.0
2024-07-23 00:00:00-04:00,22.759500960733096,23.09419776472452,22.680748440216018,22.789031982421875,654900,0.0,0.0
2024-07-24 00:00:00-04:00,22.611839792140493,22.808722044864965,22.336206891456214,22.365737915039062,1267300,0.0,0.0
2024-07-25 00:00:00-04:00,22.40511510409187,22.651216981055608,22.03103919964633,22.641372680664062,1028900,0.0,0.0
2024-07-26 00:00:00-04:00,22.907162636277608,23.35998917831742,22.818565812381426,23.202484130859375,662100,0.0,0.0
2024-07-29 00:00:00-04:00,23.320614347210157,23.320614347210157,22.877630218384393,23.03513526916504,450200,0.0,0.0
2024-07-30 00:00:00-04:00,23.21232746743871,23.458429328576784,23.044978126760494,23.261547088623047,661400,0.0,0.0
2024-07-31 00:00:00-04:00,23.409210643386363,23.95063400849512,23.192639795256245,23.674999237060547,926900,0.0,0.0
2024-08-01 00:00:00-04:00,23.615935884841058,23.74390991230505,22.395270800583774,22.523242950439453,1025100,0.0,0.0
2024-08-02 00:00:00-04:00,21.883377082797278,22.27713968583476,21.410861959152296,22.080259323120117,865600,0.0,0.0
2024-08-05 00:00:00-04:00,20.98756737485901,22.109791312008184,20.92850345122176,22.021196365356445,818800,0.0,0.0
2024-08-06 00:00:00-04:00,22.080259306825308,22.395269389022822,21.853846044946867,22.1196346282959,643200,0.0,0.0
2024-08-07 00:00:00-04:00,22.52324253479001,22.52324253479001,21.538835045238542,21.627431869506836,539300,0.0,0.0
2024-08-08 00:00:00-04:00,22.021195391529012,22.139323233579635,21.804624551755882,21.962129592895508,670000,0.0,0.0
2024-08-09 00:00:00-04:00,21.981819648479497,21.981819648479497,21.282891216827572,21.61758804321289,814700,0.0,0.0
2024-08-12 00:00:00-04:00,21.7061843999727,21.834158425112793,21.44039580469765,21.54867935180664,1342600,0.0,0.0
2024-08-13 00:00:00-04:00,21.84400271784773,21.952286264919657,21.617587568279273,21.82431411743164,501300,0.0,0.0
2024-08-14 00:00:00-04:00,21.981818202269675,21.981818202269675,21.29273223876953,21.29273223876953,724900,0.0,0.0
2024-08-15 00:00:00-04:00,22.129479906062638,22.286984954122225,21.981819158207813,22.09994888305664,589700,0.0,0.0
2024-08-16 00:00:00-04:00,22.070415492245715,22.513399603579536,22.031038292301268,22.149168014526367,542100,0.0,0.0
2024-08-19 00:00:00-04:00,21.538834122958313,22.040882146445156,21.076163298619395,21.09585189819336,1133300,0.0,0.0
2024-08-20 00:00:00-04:00,21.135228676374155,21.135228676374155,20.426455941336652,20.633180618286133,860500,0.0,0.0
2024-08-21 00:00:00-04:00,21.017099851244364,21.06631947368051,20.396922093942752,20.810373306274414,1270400,0.0,0.0
2024-08-22 00:00:00-04:00,20.662713521920416,20.810374273701516,20.524897070605835,20.751310348510742,618500,0.0,0.0
2024-08-23 00:00:00-04:00,20.770998453910053,21.332110423856772,20.633180128275075,21.194293975830078,747100,0.0,0.0
2024-08-26 00:00:00-04:00,21.282889841954837,21.469925905109466,20.97772218133964,21.017099380493164,589100,0.0,0.0
2024-08-27 00:00:00-04:00,20.889126802062165,20.977723628661977,20.593805298468347,20.86944007873535,720400,0.0,0.0
2024-08-28 00:00:00-04:00,20.505207557535407,20.761153725454555,19.875187376570263,19.90471839904785,1519300,0.0,0.0
2024-08-29 00:00:00-04:00,19.786590087352046,20.928502577229125,19.69799326679191,20.190196990966797,1660800,0.0,0.0
2024-08-30 00:00:00-04:00,20.396923065185547,20.73162177099182,20.10160156128982,20.396923065185547,1473400,0.0,0.0
2024-09-03 00:00:00-04:00,20.26895049333563,20.603649192192336,19.530644871317893,19.65861701965332,1491900,0.0,0.0
2024-09-04 00:00:00-04:00,19.589707847541582,19.796434388060828,19.156568044517428,19.40266990661621,1445900,0.0,0.0
2024-09-05 00:00:00-04:00,19.530644927788426,19.550333528391818,18.9400000529448,19.028596878051758,1247300,0.0,0.0
2024-09-06 00:00:00-04:00,19.018751640866295,19.323917424752867,18.772649778272044,18.812026977539062,973500,0.0,0.0
2024-09-09 00:00:00-04:00,18.871090905357555,19.12703706785707,18.526547922084813,18.654521942138672,902500,0.0,0.0
2024-09-10 00:00:00-04:00,18.684054352536904,19.008908760311588,18.57577080168424,18.940000534057617,1108600,0.0,0.0
2024-09-11 00:00:00-04:00,18.8799991607666,19.110000610351562,18.610000610351562,19.020000457763672,862900,0.3,0.0
2024-09-12 00:00:00-04:00,19.010000228881836,19.049999237060547,18.520000457763672,18.6299991607666,950200,0.0,0.0
2024-09-13 00:00:00-04:00,18.90999984741211,19.600000381469727,18.829999923706055,19.489999771118164,932000,0.0,0.0
2024-09-16 00:00:00-04:00,19.579999923706055,19.770000457763672,19.190000534057617,19.40999984741211,649300,0.0,0.0
2024-09-17 00:00:00-04:00,19.690000534057617,19.940000534057617,19.469999313354492,19.479999542236328,697700,0.0,0.0
2024-09-18 00:00:00-04:00,19.579999923706055,20.100000381469727,19.43000030517578,19.56999969482422,585000,0.0,0.0
2024-09-19 00:00:00-04:00,19.969999313354492,20.09000015258789,19.479999542236328,19.530000686645508,500500,0.0,0.0
2024-09-20 00:00:00-04:00,19.399999618530273,19.59000015258789,19.219999313354492,19.280000686645508,1578000,0.0,0.0
2024-09-23 00:00:00-04:00,19.229999542236328,19.43000030517578,19.100000381469727,19.3700008392334,620100,0.0,0.0
2024-09-24 00:00:00-04:00,19.540000915527344,19.84000015258789,19.440000534057617,19.829999923706055,500200,0.0,0.0
2024-09-25 00:00:00-04:00,19.84000015258789,19.899999618530273,19.030000686645508,19.059999465942383,564600,0.0,0.0
2024-09-26 00:00:00-04:00,19.479999542236328,20.0,19.479999542236328,19.940000534057617,579300,0.0,0.0
2024-09-27 00:00:00-04:00,20.200000762939453,20.329999923706055,19.969999313354492,20.079999923706055,575100,0.0,0.0
2024-09-30 00:00:00-04:00,20.079999923706055,20.15999984741211,19.899999618530273,20.1299991607666,476200,0.0,0.0
2024-10-01 00:00:00-04:00,19.829999923706055,20.040000915527344,19.450000762939453,19.709999084472656,503600,0.0,0.0
2024-10-02 00:00:00-04:00,19.56999969482422,19.8700008392334,19.110000610351562,19.1299991607666,823800,0.0,0.0
2024-10-03 00:00:00-04:00,18.889999389648438,19.260000228881836,18.760000228881836,19.200000762939453,661700,0.0,0.0
2024-10-04 00:00:00-04:00,19.559999465942383,19.959999084472656,19.559999465942383,19.860000610351562,692700,0.0,0.0
2024-10-07 00:00:00-04:00,19.75,19.889999389648438,19.540000915527344,19.8700008392334,466800,0.0,0.0
2024-10-08 00:00:00-04:00,19.850000381469727,19.850000381469727,19.15999984741211,19.190000534057617,670300,0.0,0.0
2024-10-09 00:00:00-04:00,19.239999771118164,19.510000228881836,19.030000686645508,19.40999984741211,586200,0.0,0.0
2024-10-10 00:00:00-04:00,19.290000915527344,19.290000915527344,18.899999618530273,19.059999465942383,556300,0.0,0.0
2024-10-11 00:00:00-04:00,19.1200008392334,19.459999084472656,19.059999465942383,19.43000030517578,375300,0.0,0.0
2024-10-14 00:00:00-04:00,19.309999465942383,19.3700008392334,19.18000030517578,19.350000381469727,483500,0.0,0.0
2024-10-15 00:00:00-04:00,19.34000015258789,19.889999389648438,19.270000457763672,19.299999237060547,579400,0.0,0.0
2024-10-16 00:00:00-04:00,19.469999313354492,19.8700008392334,19.399999618530273,19.670000076293945,567600,0.0,0.0
2024-10-17 00:00:00-04:00,19.65999984741211,19.850000381469727,19.540000915527344,19.809999465942383,406200,0.0,0.0
2024-10-18 00:00:00-04:00,19.860000610351562,19.90999984741211,18.889999389648438,18.979999542236328,1042500,0.0,0.0
2024-10-21 00:00:00-04:00,19.049999237060547,19.06999969482422,18.719999313354492,18.81999969482422,751000,0.0,0.0
2024-10-22 00:00:00-04:00,18.799999237060547,18.81999969482422,18.389999389648438,18.420000076293945,807800,0.0,0.0
2024-10-23 00:00:00-04:00,18.34000015258789,18.360000610351562,17.799999237060547,17.809999465942383,691400,0.0,0.0
2024-10-24 00:00:00-04:00,17.860000610351562,17.940000534057617,17.690000534057617,17.8700008392334,749800,0.0,0.0
2024-10-25 00:00:00-04:00,18.030000686645508,18.049999237060547,17.270000457763672,17.469999313354492,879100,0.0,0.0
2024-10-28 00:00:00-04:00,17.600000381469727,18.079999923706055,17.520000457763672,17.989999771118164,683500,0.0,0.0
2024-10-29 00:00:00-04:00,17.75,17.8700008392334,17.549999237060547,17.579999923706055,567900,0.0,0.0
2024-10-30 00:00:00-04:00,17.5,17.700000762939453,17.15999984741211,17.170000076293945,699900,0.0,0.0
2024-10-31 00:00:00-04:00,17.18000030517578,17.25,16.8799991607666,16.989999771118164,1230200,0.0,0.0
2024-11-01 00:00:00-04:00,17.110000610351562,17.5,16.899999618530273,16.969999313354492,807200,0.0,0.0
2024-11-04 00:00:00-05:00,17.0,17.450000762939453,17.0,17.149999618530273,933000,0.0,0.0
2024-11-05 00:00:00-05:00,17.010000228881836,17.059999465942383,16.780000686645508,16.93000030517578,780100,0.0,0.0
2024-11-06 00:00:00-05:00,17.510000228881836,17.600000381469727,16.90999984741211,17.329999923706055,1179900,0.0,0.0
2024-11-07 00:00:00-05:00,17.399999618530273,17.649999618530273,17.270000457763672,17.450000762939453,784100,0.0,0.0
2024-11-08 00:00:00-05:00,17.280000686645508,17.329999923706055,17.059999465942383,17.219999313354492,533000,0.0,0.0
2024-11-11 00:00:00-05:00,17.34000015258789,17.6299991607666,17.229999542236328,17.43000030517578,833700,0.0,0.0
2024-11-12 00:00:00-05:00,17.350000381469727,17.530000686645508,17.09000015258789,17.299999237060547,573300,0.0,0.0
2024-11-13 00:00:00-05:00,17.299999237060547,17.549999237060547,17.200000762939453,17.350000381469727,714200,0.0,0.0
2024-11-14 00:00:00-05:00,17.360000610351562,17.399999618530273,16.899999618530273,16.940000534057617,694600,0.0,0.0
2024-11-15 00:00:00-05:00,17.010000228881836,17.010000228881836,16.670000076293945,16.770000457763672,948300,0.0,0.0
2024-11-18 00:00:00-05:00,16.84000015258789,16.850000381469727,16.43000030517578,16.440000534057617,1026000,0.0,0.0
2024-11-19 00:00:00-05:00,16.280000686645508,16.6299991607666,16.170000076293945,16.559999465942383,878400,0.0,0.0
2024-11-20 00:00:00-05:00,16.43000030517578,16.489999771118164,16.049999237060547,16.200000762939453,850600,0.0,0.0
2024-11-21 00:00:00-05:00,16.280000686645508,16.6299991607666,16.1200008392334,16.6299991607666,691400,0.0,0.0
2024-11-22 00:00:00-05:00,16.920000076293945,17.25,16.829999923706055,17.06999969482422,902200,0.0,0.0
2024-11-25 00:00:00-05:00,17.34000015258789,18.06999969482422,17.270000457763672,18.040000915527344,1744000,0.0,0.0
2024-11-26 00:00:00-05:00,17.760000228881836,17.8799991607666,17.239999771118164,17.329999923706055,1780300,0.0,0.0
2024-11-27 00:00:00-05:00,15.420000076293945,16.950000762939453,15.239999771118164,16.389999389648438,2297500,0.0,0.0
2024-11-29 00:00:00-05:00,16.540000915527344,16.84000015258789,16.389999389648438,16.459999084472656,854900,0.0,0.0
2024-12-02 00:00:00-05:00,16.579999923706055,17.399999618530273,16.559999465942383,17.299999237060547,1976000,0.0,0.0
2024-12-03 00:00:00-05:00,17.34000015258789,17.3799991607666,16.790000915527344,17.280000686645508,1187600,0.0,0.0
2024-12-04 00:00:00-05:00,17.1299991607666,17.43000030517578,16.8799991607666,17.059999465942383,1190200,0.0,0.0
2024-12-05 00:00:00-05:00,17.020000457763672,17.059999465942383,16.260000228881836,16.329999923706055,1131700,0.0,0.0
2024-12-06 00:00:00-05:00,16.6200008392334,16.6299991607666,16.290000915527344,16.6200008392334,765200,0.0,0.0
2024-12-09 00:00:00-05:00,16.799999237060547,16.989999771118164,15.829999923706055,15.890000343322754,1109800,0.0,0.0
2024-12-10 00:00:00-05:00,15.84000015258789,15.890000343322754,15.329999923706055,15.630000114440918,1540900,0.0,0.0
2024-12-11 00:00:00-05:00,15.380000114440918,15.6899995803833,15.149999618530273,15.65999984741211,1648200,0.0,0.0
2024-12-12 00:00:00-05:00,15.670000076293945,15.8100004196167,15.039999961853027,15.109999656677246,979500,0.0,0.0
2024-12-13 00:00:00-05:00,15.15999984741211,15.420000076293945,14.949999809265137,15.329999923706055,794300,0.0,0.0
2024-12-16 00:00:00-05:00,15.260000228881836,15.390000343322754,14.90999984741211,14.989999771118164,777800,0.0,0.0
2024-12-17 00:00:00-05:00,14.989999771118164,15.199999809265137,14.40999984741211,14.5600004196167,1003600,0.0,0.0
2024-12-18 00:00:00-05:00,14.65999984741211,14.829999923706055,13.899999618530273,14.09000015258789,1013500,0.0,0.0
2024-12-19 00:00:00-05:00,14.199999809265137,14.34000015258789,13.829999923706055,14.119999885559082,939500,0.0,0.0
2024-12-20 00:00:00-05:00,14.079999923706055,14.75,14.079999923706055,14.399999618530273,3581000,0.0,0.0
2024-12-23 00:00:00-05:00,14.399999618530273,14.619999885559082,14.140000343322754,14.270000457763672,924996,0.0,0.0
