Date,Open,High,Low,Close,Volume,Dividends,Stock Splits
2022-01-03 00:00:00-05:00,2.5,2.799999952316284,2.450000047683716,2.6700000762939453,454200,0.0,0.0
2022-01-04 00:00:00-05:00,2.75,2.859999895095825,2.6500000953674316,2.7300000190734863,428200,0.0,0.0
2022-01-05 00:00:00-05:00,2.7899999618530273,2.7899999618530273,2.611999988555908,2.640000104904175,99300,0.0,0.0
2022-01-06 00:00:00-05:00,2.5299999713897705,2.6480000019073486,2.4539999961853027,2.5329999923706055,141000,0.0,0.0
2022-01-07 00:00:00-05:00,2.680000066757202,2.740000009536743,2.5199999809265137,2.559999942779541,210600,0.0,0.0
2022-01-10 00:00:00-05:00,2.559999942779541,2.5999999046325684,2.509999990463257,2.5199999809265137,104400,0.0,0.0
2022-01-11 00:00:00-05:00,2.549999952316284,2.880000114440918,2.5299999713897705,2.7200000286102295,573100,0.0,0.0
2022-01-12 00:00:00-05:00,2.7699999809265137,3.109999895095825,2.609999895095825,2.7699999809265137,2195900,0.0,0.0
2022-01-13 00:00:00-05:00,2.7100000381469727,2.759999990463257,2.5199999809265137,2.609999895095825,392100,0.0,0.0
2022-01-14 00:00:00-05:00,2.5999999046325684,2.9000000953674316,2.5999999046325684,2.75,184700,0.0,0.0
2022-01-18 00:00:00-05:00,2.700000047683716,2.8399999141693115,2.6600000858306885,2.759999990463257,131400,0.0,0.0
2022-01-19 00:00:00-05:00,2.819999933242798,2.8499999046325684,2.430000066757202,2.4700000286102295,232200,0.0,0.0
2022-01-20 00:00:00-05:00,2.4600000381469727,2.509999990463257,2.319999933242798,2.390000104904175,270700,0.0,0.0
2022-01-21 00:00:00-05:00,2.309999942779541,2.430000066757202,2.305000066757202,2.3499999046325684,200800,0.0,0.0
2022-01-24 00:00:00-05:00,2.309999942779541,2.309999942779541,1.7400000095367432,2.0299999713897705,416400,0.0,0.0
2022-01-25 00:00:00-05:00,1.9199999570846558,2.240000009536743,1.899999976158142,2.180000066757202,145900,0.0,0.0
2022-01-26 00:00:00-05:00,2.2100000381469727,2.25,1.909999966621399,2.049999952316284,113200,0.0,0.0
2022-01-27 00:00:00-05:00,2.0910000801086426,2.180000066757202,1.7799999713897705,1.7799999713897705,208100,0.0,0.0
2022-01-28 00:00:00-05:00,1.7799999713897705,1.940000057220459,1.7799999713897705,1.8700000047683716,84000,0.0,0.0
2022-01-31 00:00:00-05:00,1.850000023841858,2.0269999504089355,1.850000023841858,1.9700000286102295,86900,0.0,0.0
2022-02-01 00:00:00-05:00,2.059999942779541,2.059999942779541,1.9199999570846558,1.9600000381469727,41200,0.0,0.0
2022-02-02 00:00:00-05:00,1.909999966621399,1.940000057220459,1.7899999618530273,1.8700000047683716,34300,0.0,0.0
2022-02-03 00:00:00-05:00,1.8179999589920044,1.840000033378601,1.7599999904632568,1.7699999809265137,66300,0.0,0.0
2022-02-04 00:00:00-05:00,1.7999999523162842,1.850000023841858,1.7100000381469727,1.7899999618530273,43100,0.0,0.0
2022-02-07 00:00:00-05:00,1.8799999952316284,2.009999990463257,1.7450000047683716,1.7599999904632568,98900,0.0,0.0
2022-02-08 00:00:00-05:00,1.7599999904632568,1.840000033378601,1.7599999904632568,1.7999999523162842,14900,0.0,0.0
2022-02-09 00:00:00-05:00,1.7899999618530273,1.809999942779541,1.75,1.7699999809265137,19600,0.0,0.0
2022-02-10 00:00:00-05:00,1.75,1.7999999523162842,1.75,1.7899999618530273,26100,0.0,0.0
2022-02-11 00:00:00-05:00,1.809999942779541,1.809999942779541,1.7200000286102295,1.7599999904632568,65800,0.0,0.0
2022-02-14 00:00:00-05:00,1.7300000190734863,1.7999999523162842,1.7200000286102295,1.7200000286102295,17800,0.0,0.0
2022-02-15 00:00:00-05:00,1.7400000095367432,1.7899999618530273,1.7300000190734863,1.7400000095367432,33800,0.0,0.0
2022-02-16 00:00:00-05:00,1.7999999523162842,1.7999999523162842,1.7000000476837158,1.7599999904632568,43400,0.0,0.0
2022-02-17 00:00:00-05:00,1.7000000476837158,1.7799999713897705,1.6100000143051147,1.6109999418258667,65700,0.0,0.0
2022-02-18 00:00:00-05:00,1.649999976158142,1.7400000095367432,1.5399999618530273,1.5700000524520874,124800,0.0,0.0
2022-02-22 00:00:00-05:00,1.6369999647140503,1.6549999713897705,1.5099999904632568,1.559999942779541,38600,0.0,0.0
2022-02-23 00:00:00-05:00,1.5499999523162842,1.600000023841858,1.4600000381469727,1.5299999713897705,82800,0.0,0.0
2022-02-24 00:00:00-05:00,1.3700000047683716,1.4500000476837158,1.2999999523162842,1.399999976158142,38200,0.0,0.0
2022-02-25 00:00:00-05:00,1.6399999856948853,1.6399999856948853,1.4700000286102295,1.5099999904632568,20100,0.0,0.0
2022-02-28 00:00:00-05:00,1.7599999904632568,2.640000104904175,1.7599999904632568,2.5999999046325684,19388500,0.0,0.0
2022-03-01 00:00:00-05:00,2.609999895095825,2.869999885559082,2.009999990463257,2.130000114440918,5502500,0.0,0.0
2022-03-02 00:00:00-05:00,2.1500000953674316,2.319999933242798,2.009999990463257,2.180000066757202,624600,0.0,0.0
2022-03-03 00:00:00-05:00,2.359999895095825,2.359999895095825,2.059999942779541,2.2100000381469727,393200,0.0,0.0
2022-03-04 00:00:00-05:00,2.0799999237060547,2.2100000381469727,1.899999976158142,1.899999976158142,241600,0.0,0.0
2022-03-07 00:00:00-05:00,1.75,1.7999999523162842,1.3600000143051147,1.409999966621399,478500,0.0,0.0
2022-03-08 00:00:00-05:00,1.4500000476837158,1.527999997138977,1.3799999952316284,1.3899999856948853,191700,0.0,0.0
2022-03-09 00:00:00-05:00,1.4299999475479126,1.5399999618530273,1.3899999856948853,1.4800000190734863,367900,0.0,0.0
2022-03-10 00:00:00-05:00,1.4700000286102295,1.4850000143051147,1.399999976158142,1.4299999475479126,97600,0.0,0.0
2022-03-11 00:00:00-05:00,1.409999966621399,1.4600000381469727,1.399999976158142,1.409999966621399,73000,0.0,0.0
2022-03-14 00:00:00-04:00,1.399999976158142,1.4700000286102295,1.3200000524520874,1.3300000429153442,107800,0.0,0.0
2022-03-15 00:00:00-04:00,1.350000023841858,1.399999976158142,1.3300000429153442,1.399999976158142,33500,0.0,0.0
2022-03-16 00:00:00-04:00,1.3600000143051147,1.4700000286102295,1.350000023841858,1.4600000381469727,34400,0.0,0.0
2022-03-17 00:00:00-04:00,1.4700000286102295,1.5299999713897705,1.399999976158142,1.4950000047683716,53600,0.0,0.0
2022-03-18 00:00:00-04:00,1.5,1.649999976158142,1.5,1.559999942779541,342000,0.0,0.0
2022-03-21 00:00:00-04:00,2.180000066757202,8.180000305175781,2.0299999713897705,6.230000019073486,166244600,0.0,0.0
2022-03-22 00:00:00-04:00,4.880000114440918,6.440000057220459,4.579999923706055,6.110000133514404,27068300,0.0,0.0
2022-03-23 00:00:00-04:00,5.75,7.650000095367432,4.849999904632568,5.170000076293945,21282600,0.0,0.0
2022-03-24 00:00:00-04:00,4.960000038146973,5.5,4.84499979019165,4.84499979019165,2251400,0.0,0.0
2022-03-25 00:00:00-04:00,4.75,4.789999961853027,4.03000020980835,4.21999979019165,2202700,0.0,0.0
2022-03-28 00:00:00-04:00,4.139999866485596,4.590000152587891,3.5799999237060547,3.819999933242798,1353300,0.0,0.0
2022-03-29 00:00:00-04:00,4.070000171661377,5.199999809265137,3.799999952316284,4.659999847412109,6181600,0.0,0.0
2022-03-30 00:00:00-04:00,4.489999771118164,4.630000114440918,4.070000171661377,4.110000133514404,1121100,0.0,0.0
2022-03-31 00:00:00-04:00,3.9600000381469727,4.349999904632568,3.9000000953674316,3.9700000286102295,588200,0.0,0.0
2022-04-01 00:00:00-04:00,3.9100000858306885,4.190000057220459,3.690000057220459,3.75,490200,0.0,0.0
2022-04-04 00:00:00-04:00,3.7100000381469727,3.88700008392334,3.5,3.759999990463257,349400,0.0,0.0
2022-04-05 00:00:00-04:00,3.7100000381469727,4.130000114440918,3.6700000762939453,3.755000114440918,1563600,0.0,0.0
2022-04-06 00:00:00-04:00,3.809999942779541,3.8589999675750732,3.319999933242798,3.4100000858306885,902400,0.0,0.0
2022-04-07 00:00:00-04:00,3.309999942779541,3.381999969482422,2.569999933242798,2.75,891100,0.0,0.0
2022-04-08 00:00:00-04:00,2.75,3.049999952316284,2.619999885559082,2.8299999237060547,1695200,0.0,0.0
2022-04-11 00:00:00-04:00,2.7699999809265137,2.7899999618530273,2.3459999561309814,2.390000104904175,724700,0.0,0.0
2022-04-12 00:00:00-04:00,2.4600000381469727,2.490000009536743,2.049999952316284,2.25,466700,0.0,0.0
2022-04-13 00:00:00-04:00,2.2699999809265137,2.2699999809265137,2.1500000953674316,2.184999942779541,166400,0.0,0.0
2022-04-14 00:00:00-04:00,2.244999885559082,2.244999885559082,1.9800000190734863,2.0199999809265137,236100,0.0,0.0
2022-04-18 00:00:00-04:00,1.9700000286102295,2.069999933242798,1.899999976158142,1.9299999475479126,175700,0.0,0.0
2022-04-19 00:00:00-04:00,1.9700000286102295,2.309999942779541,1.8550000190734863,2.1500000953674316,1267100,0.0,0.0
2022-04-20 00:00:00-04:00,2.109999895095825,2.2100000381469727,1.9509999752044678,2.190000057220459,279800,0.0,0.0
2022-04-21 00:00:00-04:00,2.2200000286102295,2.819999933242798,2.140000104904175,2.259999990463257,2698400,0.0,0.0
2022-04-22 00:00:00-04:00,2.2100000381469727,2.4700000286102295,2.140000104904175,2.4000000953674316,745300,0.0,0.0
2022-04-25 00:00:00-04:00,2.2899999618530273,2.5399999618530273,2.2860000133514404,2.3399999141693115,408000,0.0,0.0
2022-04-26 00:00:00-04:00,2.3399999141693115,2.4200000762939453,2.0999999046325684,2.140000104904175,238100,0.0,0.0
2022-04-27 00:00:00-04:00,2.0999999046325684,2.299999952316284,2.0999999046325684,2.119999885559082,144700,0.0,0.0
2022-04-28 00:00:00-04:00,2.1500000953674316,2.25,1.9299999475479126,1.9600000381469727,260600,0.0,0.0
2022-04-29 00:00:00-04:00,1.9900000095367432,2.0869998931884766,1.6699999570846558,1.6799999475479126,304700,0.0,0.0
2022-05-02 00:00:00-04:00,1.6799999475479126,1.75,1.559999942779541,1.5800000429153442,298400,0.0,0.0
2022-05-03 00:00:00-04:00,1.590000033378601,1.7000000476837158,1.590000033378601,1.6399999856948853,105300,0.0,0.0
2022-05-04 00:00:00-04:00,1.6100000143051147,1.6799999475479126,1.590000033378601,1.659999966621399,203100,0.0,0.0
2022-05-05 00:00:00-04:00,1.6299999952316284,1.6679999828338623,1.559999942779541,1.5800000429153442,211900,0.0,0.0
2022-05-06 00:00:00-04:00,1.600000023841858,1.6299999952316284,1.5499999523162842,1.5499999523162842,127400,0.0,0.0
2022-05-09 00:00:00-04:00,1.5099999904632568,1.5499999523162842,1.440000057220459,1.4500000476837158,63800,0.0,0.0
2022-05-10 00:00:00-04:00,1.440000057220459,1.4900000095367432,1.350000023841858,1.350000023841858,118500,0.0,0.0
2022-05-11 00:00:00-04:00,1.340000033378601,1.3600000143051147,1.2400000095367432,1.2400000095367432,165300,0.0,0.0
2022-05-12 00:00:00-04:00,1.25,1.3200000524520874,1.2300000190734863,1.2899999618530273,104200,0.0,0.0
2022-05-13 00:00:00-04:00,1.3049999475479126,1.409999966621399,1.2599999904632568,1.2699999809265137,159900,0.0,0.0
2022-05-16 00:00:00-04:00,1.2999999523162842,1.350000023841858,1.2699999809265137,1.2999999523162842,139900,0.0,0.0
2022-05-17 00:00:00-04:00,1.2799999713897705,1.3600000143051147,1.2699999809265137,1.2699999809265137,99100,0.0,0.0
2022-05-18 00:00:00-04:00,1.2699999809265137,1.350000023841858,1.2599999904632568,1.2799999713897705,102900,0.0,0.0
2022-05-19 00:00:00-04:00,1.2799999713897705,1.340000033378601,1.2599999904632568,1.3300000429153442,140300,0.0,0.0
2022-05-20 00:00:00-04:00,1.3300000429153442,1.4500000476837158,1.2999999523162842,1.409999966621399,148100,0.0,0.0
2022-05-23 00:00:00-04:00,1.340000033378601,1.4600000381469727,1.2699999809265137,1.3600000143051147,93100,0.0,0.0
2022-05-24 00:00:00-04:00,1.3700000047683716,1.3799999952316284,1.2999999523162842,1.309999942779541,39100,0.0,0.0
2022-05-25 00:00:00-04:00,1.3200000524520874,1.3600000143051147,1.2799999713897705,1.340000033378601,47700,0.0,0.0
2022-05-26 00:00:00-04:00,1.3300000429153442,1.399999976158142,1.3020000457763672,1.3799999952316284,66700,0.0,0.0
2022-05-27 00:00:00-04:00,1.4110000133514404,1.5199999809265137,1.3799999952316284,1.4900000095367432,120000,0.0,0.0
2022-05-31 00:00:00-04:00,1.5700000524520874,1.5800000429153442,1.399999976158142,1.409999966621399,95600,0.0,0.0
2022-06-01 00:00:00-04:00,1.5299999713897705,1.5499999523162842,1.3550000190734863,1.399999976158142,145600,0.0,0.0
2022-06-02 00:00:00-04:00,1.4299999475479126,1.4500000476837158,1.3799999952316284,1.4199999570846558,75300,0.0,0.0
2022-06-03 00:00:00-04:00,1.409999966621399,1.4800000190734863,1.3799999952316284,1.440000057220459,71400,0.0,0.0
2022-06-06 00:00:00-04:00,1.4500000476837158,1.5399999618530273,1.4199999570846558,1.4500000476837158,47100,0.0,0.0
2022-06-07 00:00:00-04:00,1.4049999713897705,1.4900000095367432,1.3700000047683716,1.4800000190734863,52600,0.0,0.0
2022-06-08 00:00:00-04:00,1.5,1.5399999618530273,1.4800000190734863,1.5199999809265137,55300,0.0,0.0
2022-06-09 00:00:00-04:00,1.4900000095367432,1.5199999809265137,1.4600000381469727,1.4700000286102295,48000,0.0,0.0
2022-06-10 00:00:00-04:00,1.4010000228881836,1.4900000095367432,1.3799999952316284,1.4600000381469727,48400,0.0,0.0
2022-06-13 00:00:00-04:00,1.3700000047683716,1.5700000524520874,1.3609999418258667,1.559999942779541,180700,0.0,0.0
2022-06-14 00:00:00-04:00,1.6200000047683716,1.6699999570846558,1.5299999713897705,1.6299999952316284,164500,0.0,0.0
2022-06-15 00:00:00-04:00,1.6299999952316284,1.7100000381469727,1.590000033378601,1.7100000381469727,166900,0.0,0.0
2022-06-16 00:00:00-04:00,1.7000000476837158,1.7000000476837158,1.590000033378601,1.649999976158142,80800,0.0,0.0
2022-06-17 00:00:00-04:00,1.649999976158142,1.7000000476837158,1.590000033378601,1.659999966621399,114500,0.0,0.0
2022-06-21 00:00:00-04:00,1.6449999809265137,1.6799999475479126,1.6299999952316284,1.6399999856948853,78700,0.0,0.0
2022-06-22 00:00:00-04:00,1.6100000143051147,1.690000057220459,1.5700000524520874,1.6660000085830688,51000,0.0,0.0
2022-06-23 00:00:00-04:00,1.6699999570846558,1.690000057220459,1.6260000467300415,1.6799999475479126,42500,0.0,0.0
2022-06-24 00:00:00-04:00,1.6799999475479126,1.7400000095367432,1.649999976158142,1.7000000476837158,81500,0.0,0.0
2022-06-27 00:00:00-04:00,2.5999999046325684,3.299999952316284,2.365000009536743,2.5,100114500,0.0,0.0
2022-06-28 00:00:00-04:00,2.450000047683716,2.6459999084472656,2.319999933242798,2.549999952316284,5284000,0.0,0.0
2022-06-29 00:00:00-04:00,3.0299999713897705,3.1600000858306885,2.365000009536743,2.740000009536743,39108600,0.0,0.0
2022-06-30 00:00:00-04:00,3.9800000190734863,4.46999979019165,3.3299999237060547,3.380000114440918,77891100,0.0,0.0
2022-07-01 00:00:00-04:00,3.069999933242798,3.490000009536743,3.069999933242798,3.299999952316284,5681500,0.0,0.0
2022-07-05 00:00:00-04:00,3.1500000953674316,3.2799999713897705,3.0,3.0899999141693115,1051200,0.0,0.0
2022-07-06 00:00:00-04:00,3.0299999713897705,3.140000104904175,2.7200000286102295,2.75,920900,0.0,0.0
2022-07-07 00:00:00-04:00,2.640000104904175,2.7699999809265137,2.619999885559082,2.6600000858306885,586300,0.0,0.0
2022-07-08 00:00:00-04:00,2.5799999237060547,2.759999990463257,2.569999933242798,2.680000066757202,418000,0.0,0.0
2022-07-11 00:00:00-04:00,2.619999885559082,2.680000066757202,2.569999933242798,2.640000104904175,296600,0.0,0.0
2022-07-12 00:00:00-04:00,2.569999933242798,2.700000047683716,2.4100000858306885,2.430000066757202,216200,0.0,0.0
2022-07-13 00:00:00-04:00,2.4000000953674316,2.5799999237060547,2.319000005722046,2.390000104904175,286000,0.0,0.0
2022-07-14 00:00:00-04:00,2.319999933242798,2.319999933242798,2.049999952316284,2.069999933242798,344700,0.0,0.0
2022-07-15 00:00:00-04:00,2.119999885559082,2.1449999809265137,2.0199999809265137,2.059999942779541,165200,0.0,0.0
2022-07-18 00:00:00-04:00,2.0299999713897705,2.1500000953674316,1.9509999752044678,2.0,146800,0.0,0.0
2022-07-19 00:00:00-04:00,1.9700000286102295,2.069999933242798,1.9700000286102295,2.0199999809265137,158700,0.0,0.0
2022-07-20 00:00:00-04:00,1.9800000190734863,2.055000066757202,1.8930000066757202,1.9199999570846558,161700,0.0,0.0
2022-07-21 00:00:00-04:00,1.850000023841858,2.0,1.8200000524520874,1.940000057220459,692100,0.0,0.0
2022-07-22 00:00:00-04:00,1.8799999952316284,1.909999966621399,1.7999999523162842,1.8300000429153442,170800,0.0,0.0
2022-07-25 00:00:00-04:00,1.899999976158142,1.9600000381469727,1.75,1.940000057220459,197300,0.0,0.0
2022-07-26 00:00:00-04:00,1.9299999475479126,2.009999990463257,1.850000023841858,1.9600000381469727,98800,0.0,0.0
2022-07-27 00:00:00-04:00,2.0,2.0269999504089355,1.940000057220459,1.9900000095367432,103200,0.0,0.0
2022-07-28 00:00:00-04:00,2.009999990463257,2.009999990463257,1.8899999856948853,1.9600000381469727,137600,0.0,0.0
2022-07-29 00:00:00-04:00,1.9500000476837158,1.9600000381469727,1.8600000143051147,1.8700000047683716,66700,0.0,0.0
2022-08-01 00:00:00-04:00,1.850000023841858,1.8799999952316284,1.8020000457763672,1.840000033378601,42000,0.0,0.0
2022-08-02 00:00:00-04:00,1.8799999952316284,1.9600000381469727,1.7799999713897705,1.8799999952316284,205000,0.0,0.0
2022-08-03 00:00:00-04:00,1.8700000047683716,2.2300000190734863,1.8530000448226929,2.0199999809265137,949800,0.0,0.0
2022-08-04 00:00:00-04:00,2.049999952316284,2.0899999141693115,1.8600000143051147,1.9700000286102295,205200,0.0,0.0
2022-08-05 00:00:00-04:00,1.8799999952316284,1.9700000286102295,1.8799999952316284,1.899999976158142,127300,0.0,0.0
2022-08-08 00:00:00-04:00,1.850000023841858,2.049999952316284,1.8300000429153442,1.9199999570846558,139700,0.0,0.0
2022-08-09 00:00:00-04:00,1.9299999475479126,1.9600000381469727,1.850000023841858,1.8700000047683716,46900,0.0,0.0
2022-08-10 00:00:00-04:00,1.8799999952316284,1.9299999475479126,1.8200000524520874,1.899999976158142,65300,0.0,0.0
2022-08-11 00:00:00-04:00,2.0,2.0920000076293945,1.9700000286102295,2.009999990463257,121100,0.0,0.0
2022-08-12 00:00:00-04:00,2.003999948501587,2.177999973297119,2.003999948501587,2.130000114440918,47900,0.0,0.0
2022-08-15 00:00:00-04:00,2.1700000762939453,2.25,2.119999885559082,2.25,92200,0.0,0.0
2022-08-16 00:00:00-04:00,2.299999952316284,2.299999952316284,2.1500000953674316,2.1700000762939453,57200,0.0,0.0
2022-08-17 00:00:00-04:00,2.119999885559082,2.1700000762939453,2.0299999713897705,2.0999999046325684,51400,0.0,0.0
2022-08-18 00:00:00-04:00,2.130000114440918,2.130000114440918,1.9199999570846558,1.9700000286102295,81400,0.0,0.0
2022-08-19 00:00:00-04:00,1.9600000381469727,1.9600000381469727,1.9199999570846558,1.9600000381469727,84500,0.0,0.0
2022-08-22 00:00:00-04:00,1.9700000286102295,2.0,1.8600000143051147,2.0,46700,0.0,0.0
2022-08-23 00:00:00-04:00,2.0,2.065000057220459,1.940000057220459,2.049999952316284,38100,0.0,0.0
2022-08-24 00:00:00-04:00,2.049999952316284,2.049999952316284,1.9800000190734863,2.0199999809265137,29800,0.0,0.0
2022-08-25 00:00:00-04:00,2.0199999809265137,2.059999942779541,1.940000057220459,1.9800000190734863,58900,0.0,0.0
2022-08-26 00:00:00-04:00,1.9639999866485596,2.009999990463257,1.9299999475479126,2.0,35700,0.0,0.0
2022-08-29 00:00:00-04:00,1.9800000190734863,2.049999952316284,1.940000057220459,1.9600000381469727,37000,0.0,0.0
2022-08-30 00:00:00-04:00,2.0199999809265137,2.0199999809265137,1.9199999570846558,1.9900000095367432,39000,0.0,0.0
2022-08-31 00:00:00-04:00,2.0,2.0,1.9299999475479126,1.9500000476837158,42000,0.0,0.0
2022-09-01 00:00:00-04:00,2.059999942779541,2.059999942779541,1.9299999475479126,1.9500000476837158,37700,0.0,0.0
2022-09-02 00:00:00-04:00,1.9800000190734863,1.9800000190734863,1.909999966621399,1.9600000381469727,38800,0.0,0.0
2022-09-06 00:00:00-04:00,1.9600000381469727,2.0,1.9299999475479126,2.0,50800,0.0,0.0
2022-09-07 00:00:00-04:00,1.944000005722046,2.0,1.9299999475479126,1.9600000381469727,23700,0.0,0.0
2022-09-08 00:00:00-04:00,1.9600000381469727,2.069999933242798,1.9600000381469727,2.0299999713897705,29100,0.0,0.0
2022-09-09 00:00:00-04:00,2.0899999141693115,2.0899999141693115,2.009999990463257,2.009999990463257,17000,0.0,0.0
2022-09-12 00:00:00-04:00,2.0199999809265137,2.0799999237060547,2.0,2.049999952316284,41000,0.0,0.0
2022-09-13 00:00:00-04:00,2.049999952316284,2.0999999046325684,1.9900000095367432,2.0299999713897705,29800,0.0,0.0
2022-09-14 00:00:00-04:00,2.069999933242798,2.0999999046325684,2.0,2.0899999141693115,21100,0.0,0.0
2022-09-15 00:00:00-04:00,2.069999933242798,2.0999999046325684,2.049999952316284,2.069999933242798,13600,0.0,0.0
2022-09-16 00:00:00-04:00,2.0799999237060547,2.0999999046325684,1.909999966621399,1.9700000286102295,54600,0.0,0.0
2022-09-19 00:00:00-04:00,1.9900000095367432,2.0490000247955322,1.909999966621399,1.940000057220459,69700,0.0,0.0
2022-09-20 00:00:00-04:00,1.9600000381469727,1.9600000381469727,1.850000023841858,1.8700000047683716,58800,0.0,0.0
2022-09-21 00:00:00-04:00,1.9800000190734863,1.9800000190734863,1.8700000047683716,1.9299999475479126,36200,0.0,0.0
2022-09-22 00:00:00-04:00,1.8799999952316284,1.8899999856948853,1.690000057220459,1.690000057220459,70800,0.0,0.0
2022-09-23 00:00:00-04:00,1.6799999475479126,1.7949999570846558,1.600000023841858,1.600000023841858,39400,0.0,0.0
2022-09-26 00:00:00-04:00,1.6330000162124634,1.6859999895095825,1.6330000162124634,1.6399999856948853,14800,0.0,0.0
2022-09-27 00:00:00-04:00,1.7000000476837158,1.7259999513626099,1.6349999904632568,1.6699999570846558,29400,0.0,0.0
2022-09-28 00:00:00-04:00,1.840000033378601,1.9550000429153442,1.6799999475479126,1.7999999523162842,317400,0.0,0.0
2022-09-29 00:00:00-04:00,1.6799999475479126,1.7999999523162842,1.6799999475479126,1.7400000095367432,22300,0.0,0.0
2022-09-30 00:00:00-04:00,1.75,1.7999999523162842,1.7000000476837158,1.7899999618530273,19700,0.0,0.0
2022-10-03 00:00:00-04:00,1.7899999618530273,1.8799999952316284,1.7300000190734863,1.840000033378601,42800,0.0,0.0
2022-10-04 00:00:00-04:00,1.8300000429153442,1.8799999952316284,1.8300000429153442,1.840000033378601,14100,0.0,0.0
2022-10-05 00:00:00-04:00,1.7899999618530273,1.8600000143051147,1.7599999904632568,1.8300000429153442,14500,0.0,0.0
2022-10-06 00:00:00-04:00,1.8300000429153442,1.8300000429153442,1.7100000381469727,1.7100000381469727,22300,0.0,0.0
2022-10-07 00:00:00-04:00,1.7300000190734863,1.7699999809265137,1.659999966621399,1.690000057220459,13000,0.0,0.0
2022-10-10 00:00:00-04:00,1.6699999570846558,1.7269999980926514,1.559999942779541,1.590000033378601,36900,0.0,0.0
2022-10-11 00:00:00-04:00,1.5959999561309814,1.6200000047683716,1.559999942779541,1.5800000429153442,13800,0.0,0.0
2022-10-12 00:00:00-04:00,1.6699999570846558,1.840000033378601,1.5700000524520874,1.7699999809265137,42800,0.0,0.0
2022-10-13 00:00:00-04:00,1.7799999713897705,1.8300000429153442,1.6200000047683716,1.7890000343322754,21600,0.0,0.0
2022-10-14 00:00:00-04:00,1.8200000524520874,1.8200000524520874,1.6799999475479126,1.7100000381469727,15300,0.0,0.0
2022-10-17 00:00:00-04:00,1.7799999713897705,1.7799999713897705,1.621999979019165,1.6399999856948853,26200,0.0,0.0
2022-10-18 00:00:00-04:00,1.7139999866485596,1.7139999866485596,1.5700000524520874,1.6399999856948853,21900,0.0,0.0
2022-10-19 00:00:00-04:00,1.6799999475479126,1.690000057220459,1.600000023841858,1.6399999856948853,17400,0.0,0.0
2022-10-20 00:00:00-04:00,1.6100000143051147,1.6699999570846558,1.559999942779541,1.590000033378601,10400,0.0,0.0
2022-10-21 00:00:00-04:00,1.5700000524520874,1.659999966621399,1.5410000085830688,1.5499999523162842,18100,0.0,0.0
2022-10-24 00:00:00-04:00,1.649999976158142,1.649999976158142,1.399999976158142,1.5499999523162842,26700,0.0,0.0
2022-10-25 00:00:00-04:00,1.4900000095367432,1.6640000343322754,1.4900000095367432,1.6200000047683716,19200,0.0,0.0
2022-10-26 00:00:00-04:00,1.6699999570846558,1.6699999570846558,1.5700000524520874,1.6200000047683716,2200,0.0,0.0
2022-10-27 00:00:00-04:00,1.6699999570846558,1.6699999570846558,1.4830000400543213,1.4900000095367432,25100,0.0,0.0
2022-10-28 00:00:00-04:00,1.5199999809265137,1.5199999809265137,1.5010000467300415,1.5199999809265137,2800,0.0,0.0
2022-10-31 00:00:00-04:00,1.5700000524520874,1.600000023841858,1.5,1.600000023841858,16600,0.0,0.0
2022-11-01 00:00:00-04:00,1.590000033378601,1.600000023841858,1.5299999713897705,1.600000023841858,8900,0.0,0.0
2022-11-02 00:00:00-04:00,1.559999942779541,1.6100000143051147,1.5499999523162842,1.590000033378601,10200,0.0,0.0
2022-11-03 00:00:00-04:00,1.5700000524520874,1.590999960899353,1.5199999809265137,1.559999942779541,4200,0.0,0.0
2022-11-04 00:00:00-04:00,1.5099999904632568,1.5399999618530273,1.4199999570846558,1.4900000095367432,36100,0.0,0.0
2022-11-07 00:00:00-05:00,1.5880000591278076,1.590000033378601,1.465000033378601,1.4900000095367432,16000,0.0,0.0
2022-11-08 00:00:00-05:00,1.5,1.590000033378601,1.4900000095367432,1.534999966621399,7500,0.0,0.0
2022-11-09 00:00:00-05:00,1.4500000476837158,1.5,1.4199999570846558,1.4830000400543213,19000,0.0,0.0
2022-11-10 00:00:00-05:00,1.409999966621399,1.4900000095367432,1.409999966621399,1.4199999570846558,9700,0.0,0.0
2022-11-11 00:00:00-05:00,1.5,1.590000033378601,1.5,1.5099999904632568,12200,0.0,0.0
2022-11-14 00:00:00-05:00,1.5700000524520874,1.5800000429153442,1.5499999523162842,1.5750000476837158,16400,0.0,0.0
2022-11-15 00:00:00-05:00,1.850000023841858,1.9700000286102295,1.6200000047683716,1.7000000476837158,396300,0.0,0.0
2022-11-16 00:00:00-05:00,1.6100000143051147,2.0,1.6100000143051147,1.8009999990463257,153400,0.0,0.0
2022-11-17 00:00:00-05:00,1.899999976158142,1.940999984741211,1.7999999523162842,1.899999976158142,46400,0.0,0.0
2022-11-18 00:00:00-05:00,1.940000057220459,1.940000057220459,1.7999999523162842,1.850000023841858,11500,0.0,0.0
2022-11-21 00:00:00-05:00,1.7799999713897705,1.7910000085830688,1.7100000381469727,1.7200000286102295,15200,0.0,0.0
2022-11-22 00:00:00-05:00,1.659999966621399,1.7599999904632568,1.659999966621399,1.7400000095367432,5600,0.0,0.0
2022-11-23 00:00:00-05:00,1.8200000524520874,1.8200000524520874,1.7020000219345093,1.7699999809265137,16200,0.0,0.0
2022-11-25 00:00:00-05:00,1.805999994277954,1.8200000524520874,1.690000057220459,1.75,6700,0.0,0.0
2022-11-28 00:00:00-05:00,1.75,1.850000023841858,1.659999966621399,1.659999966621399,47200,0.0,0.0
2022-11-29 00:00:00-05:00,1.6299999952316284,1.7200000286102295,1.6200000047683716,1.6799999475479126,12200,0.0,0.0
2022-11-30 00:00:00-05:00,1.6799999475479126,1.74399995803833,1.6799999475479126,1.7200000286102295,9300,0.0,0.0
2022-12-01 00:00:00-05:00,1.7200000286102295,1.7200000286102295,1.6799999475479126,1.7000000476837158,6400,0.0,0.0
2022-12-02 00:00:00-05:00,1.649999976158142,1.7300000190734863,1.6299999952316284,1.684999942779541,12200,0.0,0.0
2022-12-05 00:00:00-05:00,1.659999966621399,1.7000000476837158,1.649999976158142,1.6510000228881836,4200,0.0,0.0
2022-12-06 00:00:00-05:00,1.6299999952316284,1.6799999475479126,1.6200000047683716,1.6299999952316284,9800,0.0,0.0
2022-12-07 00:00:00-05:00,1.6549999713897705,1.6549999713897705,1.600000023841858,1.6460000276565552,13600,0.0,0.0
2022-12-08 00:00:00-05:00,1.6100000143051147,1.6349999904632568,1.5,1.5099999904632568,33300,0.0,0.0
2022-12-09 00:00:00-05:00,1.7200000286102295,1.7200000286102295,1.5499999523162842,1.5800000429153442,23400,0.0,0.0
2022-12-12 00:00:00-05:00,1.659999966621399,1.659999966621399,1.5,1.5520000457763672,10400,0.0,0.0
2022-12-13 00:00:00-05:00,1.5499999523162842,1.6150000095367432,1.5499999523162842,1.5700000524520874,7600,0.0,0.0
2022-12-14 00:00:00-05:00,1.5399999618530273,1.649999976158142,1.5,1.5549999475479126,12300,0.0,0.0
2022-12-15 00:00:00-05:00,1.5549999475479126,1.5700000524520874,1.5,1.5299999713897705,11000,0.0,0.0
2022-12-16 00:00:00-05:00,1.559999942779541,1.6299999952316284,1.3580000400543213,1.3990000486373901,19800,0.0,0.0
2022-12-19 00:00:00-05:00,1.350000023841858,1.3799999952316284,1.2999999523162842,1.3700000047683716,9700,0.0,0.0
2022-12-20 00:00:00-05:00,1.3899999856948853,1.409999966621399,1.3799999952316284,1.409999966621399,16600,0.0,0.0
2022-12-21 00:00:00-05:00,1.309999942779541,1.399999976158142,1.309999942779541,1.3300000429153442,25000,0.0,0.0
2022-12-22 00:00:00-05:00,1.3200000524520874,1.3300000429153442,1.2300000190734863,1.3300000429153442,34800,0.0,0.0
2022-12-23 00:00:00-05:00,1.3220000267028809,1.3300000429153442,1.2999999523162842,1.2999999523162842,12800,0.0,0.0
2022-12-27 00:00:00-05:00,1.25,1.3200000524520874,1.2000000476837158,1.25,42200,0.0,0.0
2022-12-28 00:00:00-05:00,1.1799999475479126,1.25,1.1799999475479126,1.25,64200,0.0,0.0
2022-12-29 00:00:00-05:00,1.149999976158142,1.2999999523162842,1.149999976158142,1.2999999523162842,63200,0.0,0.0
2022-12-30 00:00:00-05:00,1.2949999570846558,1.3200000524520874,1.2200000286102295,1.2200000286102295,34700,0.0,0.0
2023-01-03 00:00:00-05:00,1.25,1.3600000143051147,1.2200000286102295,1.3600000143051147,8300,0.0,0.0
2023-01-04 00:00:00-05:00,1.3899999856948853,1.3899999856948853,1.315000057220459,1.3200000524520874,11800,0.0,0.0
2023-01-05 00:00:00-05:00,1.2799999713897705,1.315000057220459,1.25,1.2899999618530273,27600,0.0,0.0
2023-01-06 00:00:00-05:00,1.2510000467300415,1.350000023841858,1.2510000467300415,1.2610000371932983,5800,0.0,0.0
2023-01-09 00:00:00-05:00,1.2799999713897705,1.2799999713897705,1.0750000476837158,1.2300000190734863,38400,0.0,0.0
2023-01-10 00:00:00-05:00,1.2100000381469727,1.2400000095367432,1.1399999856948853,1.2000000476837158,5800,0.0,0.0
2023-01-11 00:00:00-05:00,1.2380000352859497,1.2380000352859497,1.1610000133514404,1.2300000190734863,15600,0.0,0.0
2023-01-12 00:00:00-05:00,1.2699999809265137,1.2999999523162842,1.190000057220459,1.274999976158142,9300,0.0,0.0
2023-01-13 00:00:00-05:00,1.2599999904632568,1.350000023841858,1.25,1.350000023841858,26600,0.0,0.0
2023-01-17 00:00:00-05:00,1.2699999809265137,1.315000057220459,1.2200000286102295,1.2699999809265137,16800,0.0,0.0
2023-01-18 00:00:00-05:00,1.2100000381469727,1.2799999713897705,1.2100000381469727,1.2599999904632568,7400,0.0,0.0
2023-01-19 00:00:00-05:00,2.140000104904175,2.9100000858306885,2.0299999713897705,2.2200000286102295,82241300,0.0,0.0
2023-01-20 00:00:00-05:00,1.7899999618530273,2.069999933242798,1.61899995803833,1.7799999713897705,2447300,0.0,0.0
2023-01-23 00:00:00-05:00,1.7400000095367432,2.0299999713897705,1.600000023841858,1.7400000095367432,865800,0.0,0.0
2023-01-24 00:00:00-05:00,1.7100000381469727,1.9199999570846558,1.7000000476837158,1.809999942779541,271200,0.0,0.0
2023-01-25 00:00:00-05:00,1.8700000047683716,1.8700000047683716,1.6799999475479126,1.7200000286102295,127700,0.0,0.0
2023-01-26 00:00:00-05:00,1.6799999475479126,1.7899999618530273,1.6399999856948853,1.659999966621399,89100,0.0,0.0
2023-01-27 00:00:00-05:00,1.659999966621399,1.7400000095367432,1.5499999523162842,1.690000057220459,108700,0.0,0.0
2023-01-30 00:00:00-05:00,1.659999966621399,1.659999966621399,1.5399999618530273,1.5720000267028809,67000,0.0,0.0
2023-01-31 00:00:00-05:00,1.5399999618530273,1.6449999809265137,1.5199999809265137,1.5499999523162842,90200,0.0,0.0
2023-02-01 00:00:00-05:00,1.5,1.6699999570846558,1.4299999475479126,1.6050000190734863,82200,0.0,0.0
2023-02-02 00:00:00-05:00,1.6100000143051147,1.690000057220459,1.600000023841858,1.649999976158142,70700,0.0,0.0
2023-02-03 00:00:00-05:00,1.649999976158142,1.6829999685287476,1.600000023841858,1.6299999952316284,34000,0.0,0.0
2023-02-06 00:00:00-05:00,1.5499999523162842,1.6399999856948853,1.5399999618530273,1.5800000429153442,123400,0.0,0.0
2023-02-07 00:00:00-05:00,1.5499999523162842,1.5800000429153442,1.5199999809265137,1.5299999713897705,36900,0.0,0.0
2023-02-08 00:00:00-05:00,1.5199999809265137,1.8799999952316284,1.4900000095367432,1.5199999809265137,792300,0.0,0.0
2023-02-09 00:00:00-05:00,1.5399999618530273,1.7300000190734863,1.5399999618530273,1.7200000286102295,288700,0.0,0.0
2023-02-10 00:00:00-05:00,1.7000000476837158,1.7000000476837158,1.600000023841858,1.6699999570846558,74100,0.0,0.0
2023-02-13 00:00:00-05:00,1.6299999952316284,1.7089999914169312,1.6299999952316284,1.684999942779541,58800,0.0,0.0
2023-02-14 00:00:00-05:00,1.7100000381469727,1.7100000381469727,1.6100000143051147,1.6610000133514404,39700,0.0,0.0
2023-02-15 00:00:00-05:00,1.659999966621399,1.6799999475479126,1.6200000047683716,1.6699999570846558,20900,0.0,0.0
2023-02-16 00:00:00-05:00,1.6399999856948853,1.8799999952316284,1.6200000047683716,1.850000023841858,269800,0.0,0.0
2023-02-17 00:00:00-05:00,1.7999999523162842,1.968999981880188,1.7999999523162842,1.9500000476837158,65900,0.0,0.0
2023-02-21 00:00:00-05:00,1.9500000476837158,1.9500000476837158,1.7999999523162842,1.850000023841858,73300,0.0,0.0
2023-02-22 00:00:00-05:00,1.899999976158142,1.9299999475479126,1.8600000143051147,1.8799999952316284,31800,0.0,0.0
2023-02-23 00:00:00-05:00,1.9199999570846558,1.9800000190734863,1.8700000047683716,1.9199999570846558,82200,0.0,0.0
2023-02-24 00:00:00-05:00,1.940000057220459,2.0399999618530273,1.909999966621399,2.0399999618530273,106400,0.0,0.0
2023-02-27 00:00:00-05:00,2.049999952316284,2.049999952316284,1.850000023841858,1.9199999570846558,59000,0.0,0.0
2023-02-28 00:00:00-05:00,1.9199999570846558,1.9199999570846558,1.7999999523162842,1.8600000143051147,59100,0.0,0.0
2023-03-01 00:00:00-05:00,1.8600000143051147,1.8600000143051147,1.7200000286102295,1.75,50700,0.0,0.0
2023-03-02 00:00:00-05:00,1.7200000286102295,1.7899999618530273,1.7000000476837158,1.7200000286102295,30400,0.0,0.0
2023-03-03 00:00:00-05:00,1.7410000562667847,1.7699999809265137,1.7200000286102295,1.7200000286102295,25800,0.0,0.0
2023-03-06 00:00:00-05:00,1.7899999618530273,1.7899999618530273,1.7000000476837158,1.7599999904632568,23700,0.0,0.0
2023-03-07 00:00:00-05:00,1.8300000429153442,1.8300000429153442,1.7109999656677246,1.7599999904632568,12200,0.0,0.0
2023-03-08 00:00:00-05:00,1.7100000381469727,1.7589999437332153,1.6699999570846558,1.7000000476837158,78000,0.0,0.0
2023-03-09 00:00:00-05:00,1.6699999570846558,1.781999945640564,1.6699999570846558,1.7400000095367432,42800,0.0,0.0
2023-03-10 00:00:00-05:00,1.7799999713897705,1.7979999780654907,1.6729999780654907,1.7100000381469727,30300,0.0,0.0
2023-03-13 00:00:00-04:00,1.6299999952316284,1.75,1.5399999618530273,1.7400000095367432,102100,0.0,0.0
2023-03-14 00:00:00-04:00,1.7350000143051147,1.7999999523162842,1.6699999570846558,1.7899999618530273,69500,0.0,0.0
2023-03-15 00:00:00-04:00,1.7200000286102295,1.8200000524520874,1.6299999952316284,1.7899999618530273,36500,0.0,0.0
2023-03-16 00:00:00-04:00,1.7649999856948853,1.8300000429153442,1.7000000476837158,1.7599999904632568,26000,0.0,0.0
2023-03-17 00:00:00-04:00,1.7899999618530273,1.840000033378601,1.7200000286102295,1.809999942779541,33800,0.0,0.0
2023-03-20 00:00:00-04:00,1.7599999904632568,1.840000033378601,1.7200000286102295,1.8200000524520874,33300,0.0,0.0
2023-03-21 00:00:00-04:00,1.7200000286102295,1.7799999713897705,1.7200000286102295,1.7300000190734863,48800,0.0,0.0
2023-03-22 00:00:00-04:00,1.690000057220459,1.690000057220459,1.649999976158142,1.649999976158142,54000,0.0,0.0
2023-03-23 00:00:00-04:00,1.649999976158142,1.7300000190734863,1.5950000286102295,1.659999966621399,35500,0.0,0.0
2023-03-24 00:00:00-04:00,1.6449999809265137,1.75,1.600000023841858,1.7400000095367432,28000,0.0,0.0
2023-03-27 00:00:00-04:00,1.7000000476837158,1.7400000095367432,1.6399999856948853,1.659999966621399,30800,0.0,0.0
2023-03-28 00:00:00-04:00,1.6579999923706055,1.7300000190734863,1.6579999923706055,1.7000000476837158,44700,0.0,0.0
2023-03-29 00:00:00-04:00,1.6749999523162842,1.7300000190734863,1.600000023841858,1.7200000286102295,56100,0.0,0.0
2023-03-30 00:00:00-04:00,1.7430000305175781,1.75,1.6109999418258667,1.7000000476837158,58100,0.0,0.0
2023-03-31 00:00:00-04:00,1.7200000286102295,1.7400000095367432,1.7000000476837158,1.7200000286102295,8200,0.0,0.0
2023-04-03 00:00:00-04:00,1.7100000381469727,1.75,1.5199999809265137,1.7400000095367432,25400,0.0,0.0
2023-04-04 00:00:00-04:00,1.809999942779541,1.809999942779541,1.7000000476837158,1.7120000123977661,5200,0.0,0.0
2023-04-05 00:00:00-04:00,1.6699999570846558,1.7200000286102295,1.6460000276565552,1.7000000476837158,28600,0.0,0.0
2023-04-06 00:00:00-04:00,1.659999966621399,1.7400000095367432,1.659999966621399,1.7400000095367432,34400,0.0,0.0
2023-04-10 00:00:00-04:00,1.7000000476837158,1.7200000286102295,1.5700000524520874,1.7100000381469727,26800,0.0,0.0
2023-04-11 00:00:00-04:00,1.7000000476837158,1.75,1.6699999570846558,1.690000057220459,8900,0.0,0.0
2023-04-12 00:00:00-04:00,1.7300000190734863,1.7400000095367432,1.649999976158142,1.7200000286102295,19500,0.0,0.0
2023-04-13 00:00:00-04:00,1.649999976158142,1.7050000429153442,1.6299999952316284,1.6699999570846558,30000,0.0,0.0
2023-04-14 00:00:00-04:00,1.6950000524520874,1.718000054359436,1.6230000257492065,1.6299999952316284,28200,0.0,0.0
2023-04-17 00:00:00-04:00,1.559999942779541,1.6399999856948853,1.559999942779541,1.600000023841858,32100,0.0,0.0
2023-04-18 00:00:00-04:00,1.690000057220459,1.840000033378601,1.690000057220459,1.7899999618530273,92000,0.0,0.0
2023-04-19 00:00:00-04:00,1.7999999523162842,1.9800000190734863,1.7999999523162842,1.9800000190734863,54300,0.0,0.0
2023-04-20 00:00:00-04:00,1.8799999952316284,1.9600000381469727,1.8300000429153442,1.9199999570846558,80100,0.0,0.0
2023-04-21 00:00:00-04:00,1.899999976158142,1.9390000104904175,1.8799999952316284,1.899999976158142,29700,0.0,0.0
2023-04-24 00:00:00-04:00,1.909999966621399,2.049999952316284,1.899999976158142,2.0199999809265137,90000,0.0,0.0
2023-04-25 00:00:00-04:00,2.0,2.1500000953674316,2.0,2.119999885559082,48300,0.0,0.0
2023-04-26 00:00:00-04:00,2.119999885559082,2.1700000762939453,2.009999990463257,2.009999990463257,81100,0.0,0.0
2023-04-27 00:00:00-04:00,2.0399999618530273,2.0399999618530273,1.8200000524520874,1.899999976158142,33300,0.0,0.0
2023-04-28 00:00:00-04:00,1.8899999856948853,2.0209999084472656,1.8899999856948853,2.0199999809265137,37900,0.0,0.0
2023-05-01 00:00:00-04:00,2.0,2.1489999294281006,1.9700000286102295,2.0899999141693115,58200,0.0,0.0
2023-05-02 00:00:00-04:00,2.0899999141693115,2.1500000953674316,1.6299999952316284,1.6699999570846558,796500,0.0,0.0
2023-05-03 00:00:00-04:00,1.7000000476837158,1.7599999904632568,1.6399999856948853,1.7200000286102295,59900,0.0,0.0
2023-05-04 00:00:00-04:00,1.690000057220459,1.7799999713897705,1.659999966621399,1.7400000095367432,15900,0.0,0.0
2023-05-05 00:00:00-04:00,1.7619999647140503,1.7799999713897705,1.6799999475479126,1.7319999933242798,16600,0.0,0.0
2023-05-08 00:00:00-04:00,1.7000000476837158,1.7300000190734863,1.690000057220459,1.7300000190734863,16600,0.0,0.0
2023-05-09 00:00:00-04:00,1.7100000381469727,1.7400000095367432,1.690000057220459,1.7300000190734863,21000,0.0,0.0
2023-05-10 00:00:00-04:00,1.7699999809265137,1.7999999523162842,1.7200000286102295,1.7899999618530273,13100,0.0,0.0
2023-05-11 00:00:00-04:00,1.8300000429153442,1.8300000429153442,1.7400000095367432,1.7400000095367432,12000,0.0,0.0
2023-05-12 00:00:00-04:00,1.809999942779541,1.809999942779541,1.6799999475479126,1.7100000381469727,15100,0.0,0.0
2023-05-15 00:00:00-04:00,1.7669999599456787,1.7999999523162842,1.7100000381469727,1.7100000381469727,11200,0.0,0.0
2023-05-16 00:00:00-04:00,1.7100000381469727,1.7300000190734863,1.7100000381469727,1.7300000190734863,6700,0.0,0.0
2023-05-17 00:00:00-04:00,1.7200000286102295,1.7400000095367432,1.7100000381469727,1.7400000095367432,12600,0.0,0.0
2023-05-18 00:00:00-04:00,1.7100000381469727,1.7400000095367432,1.6799999475479126,1.7100000381469727,21500,0.0,0.0
2023-05-19 00:00:00-04:00,1.7100000381469727,1.7400000095367432,1.690000057220459,1.7300000190734863,10300,0.0,0.0
2023-05-22 00:00:00-04:00,1.6799999475479126,1.7400000095367432,1.649999976158142,1.7000000476837158,46600,0.0,0.0
2023-05-23 00:00:00-04:00,1.6699999570846558,1.6890000104904175,1.6299999952316284,1.6299999952316284,26700,0.0,0.0
2023-05-24 00:00:00-04:00,1.6299999952316284,1.649999976158142,1.5800000429153442,1.600000023841858,30900,0.0,0.0
2023-05-25 00:00:00-04:00,1.600000023841858,1.7300000190734863,1.5800000429153442,1.649999976158142,293100,0.0,0.0
2023-05-26 00:00:00-04:00,1.6740000247955322,1.6740000247955322,1.600000023841858,1.600000023841858,45000,0.0,0.0
2023-05-30 00:00:00-04:00,1.5499999523162842,1.6200000047683716,1.5299999713897705,1.5299999713897705,43100,0.0,0.0
2023-05-31 00:00:00-04:00,1.5199999809265137,1.5889999866485596,1.5199999809265137,1.559999942779541,16500,0.0,0.0
2023-06-01 00:00:00-04:00,1.5199999809265137,1.600000023841858,1.5199999809265137,1.5700000524520874,24200,0.0,0.0
2023-06-02 00:00:00-04:00,1.5850000381469727,2.0899999141693115,1.5709999799728394,1.8799999952316284,730000,0.0,0.0
2023-06-05 00:00:00-04:00,1.8799999952316284,2.1500000953674316,1.8600000143051147,2.109999895095825,242500,0.0,0.0
2023-06-06 00:00:00-04:00,2.1600000858306885,2.1600000858306885,1.9700000286102295,2.0,154700,0.0,0.0
2023-06-07 00:00:00-04:00,2.0,2.0899999141693115,1.9500000476837158,1.9500000476837158,89700,0.0,0.0
2023-06-08 00:00:00-04:00,1.940000057220459,1.9700000286102295,1.840000033378601,1.909999966621399,62200,0.0,0.0
2023-06-09 00:00:00-04:00,1.8600000143051147,1.934999942779541,1.840000033378601,1.8600000143051147,16400,0.0,0.0
2023-06-12 00:00:00-04:00,1.871999979019165,1.9500000476837158,1.8600000143051147,1.940000057220459,16000,0.0,0.0
2023-06-13 00:00:00-04:00,2.0999999046325684,2.0999999046325684,1.6799999475479126,1.7899999618530273,175200,0.0,0.0
2023-06-14 00:00:00-04:00,1.899999976158142,2.0,1.7799999713897705,1.7799999713897705,149600,0.0,0.0
2023-06-15 00:00:00-04:00,1.8600000143051147,1.909999966621399,1.8200000524520874,1.840000033378601,30700,0.0,0.0
2023-06-16 00:00:00-04:00,1.899999976158142,1.899999976158142,1.6699999570846558,1.840000033378601,44300,0.0,0.0
2023-06-20 00:00:00-04:00,1.7999999523162842,1.8200000524520874,1.590000033378601,1.6200000047683716,151800,0.0,0.0
2023-06-21 00:00:00-04:00,1.6399999856948853,1.7200000286102295,1.600000023841858,1.6200000047683716,63200,0.0,0.0
2023-06-22 00:00:00-04:00,1.5,1.6519999504089355,1.3009999990463257,1.600000023841858,124200,0.0,0.0
2023-06-23 00:00:00-04:00,1.590000033378601,1.590000033378601,1.4800000190734863,1.559999942779541,103200,0.0,0.0
2023-06-26 00:00:00-04:00,1.5800000429153442,1.6100000143051147,1.5099999904632568,1.5299999713897705,28600,0.0,0.0
2023-06-27 00:00:00-04:00,1.590000033378601,1.590000033378601,1.4900000095367432,1.5399999618530273,56300,0.0,0.0
2023-06-28 00:00:00-04:00,1.4700000286102295,1.5399999618530273,1.4500000476837158,1.5,44500,0.0,0.0
2023-06-29 00:00:00-04:00,1.5,1.5099999904632568,1.3600000143051147,1.440000057220459,35700,0.0,0.0
2023-06-30 00:00:00-04:00,1.5,1.5700000524520874,1.2999999523162842,1.4900000095367432,35200,0.0,0.0
2023-07-03 00:00:00-04:00,1.4500000476837158,1.5499999523162842,1.340000033378601,1.4700000286102295,21200,0.0,0.0
2023-07-05 00:00:00-04:00,1.4700000286102295,1.5399999618530273,1.3700000047683716,1.3799999952316284,55100,0.0,0.0
2023-07-06 00:00:00-04:00,1.4600000381469727,1.4700000286102295,1.350000023841858,1.3799999952316284,81300,0.0,0.0
2023-07-07 00:00:00-04:00,1.399999976158142,1.4199999570846558,1.350000023841858,1.3600000143051147,45200,0.0,0.0
2023-07-10 00:00:00-04:00,1.340000033378601,1.4700000286102295,1.340000033378601,1.409999966621399,24900,0.0,0.0
2023-07-11 00:00:00-04:00,1.4299999475479126,1.4700000286102295,1.340000033378601,1.3899999856948853,44400,0.0,0.0
2023-07-12 00:00:00-04:00,1.4700000286102295,1.4700000286102295,1.2999999523162842,1.350000023841858,53900,0.0,0.0
2023-07-13 00:00:00-04:00,1.3600000143051147,1.409999966621399,1.3200000524520874,1.3700000047683716,29800,0.0,0.0
2023-07-14 00:00:00-04:00,1.440000057220459,1.440000057220459,1.3200000524520874,1.3600000143051147,16800,0.0,0.0
2023-07-17 00:00:00-04:00,1.409999966621399,1.4299999475479126,1.3200000524520874,1.3799999952316284,62000,0.0,0.0
2023-07-18 00:00:00-04:00,1.3799999952316284,1.402999997138977,1.3300000429153442,1.399999976158142,17100,0.0,0.0
2023-07-19 00:00:00-04:00,1.4199999570846558,1.590000033378601,1.3600000143051147,1.399999976158142,90300,0.0,0.0
2023-07-20 00:00:00-04:00,1.440000057220459,1.440000057220459,1.3799999952316284,1.4290000200271606,13200,0.0,0.0
2023-07-21 00:00:00-04:00,1.440000057220459,1.4950000047683716,1.3600000143051147,1.3700000047683716,36400,0.0,0.0
2023-07-24 00:00:00-04:00,1.3799999952316284,1.4450000524520874,1.3200000524520874,1.340000033378601,65300,0.0,0.0
2023-07-25 00:00:00-04:00,1.3600000143051147,1.4229999780654907,1.2100000381469727,1.2300000190734863,146000,0.0,0.0
2023-07-26 00:00:00-04:00,1.2400000095367432,1.3350000381469727,1.1799999475479126,1.2100000381469727,84400,0.0,0.0
2023-07-27 00:00:00-04:00,1.2109999656677246,1.340000033378601,1.1799999475479126,1.309999942779541,71700,0.0,0.0
2023-07-28 00:00:00-04:00,1.3300000429153442,1.3300000429153442,1.2200000286102295,1.2699999809265137,18700,0.0,0.0
2023-07-31 00:00:00-04:00,1.25600004196167,1.309999942779541,1.25,1.2999999523162842,9500,0.0,0.0
2023-08-01 00:00:00-04:00,1.2999999523162842,1.309999942779541,1.2000000476837158,1.2599999904632568,30100,0.0,0.0
2023-08-02 00:00:00-04:00,1.2000000476837158,1.25,1.1699999570846558,1.2000000476837158,30500,0.0,0.0
2023-08-03 00:00:00-04:00,1.2000000476837158,1.25,0.9399999976158142,1.0199999809265137,189400,0.0,0.0
2023-08-04 00:00:00-04:00,1.0499999523162842,1.0920000076293945,0.9599999785423279,1.0,61800,0.0,0.0
2023-08-07 00:00:00-04:00,1.0199999809265137,1.090000033378601,0.8960000276565552,0.9800000190734863,45700,0.0,0.0
2023-08-08 00:00:00-04:00,0.9900000095367432,1.0440000295639038,0.8999999761581421,0.9390000104904175,33100,0.0,0.0
2023-08-09 00:00:00-04:00,0.8999999761581421,0.9599999785423279,0.8999999761581421,0.9200000166893005,19400,0.0,0.0
2023-08-10 00:00:00-04:00,0.9200000166893005,1.0800000429153442,0.9200000166893005,1.0099999904632568,37400,0.0,0.0
2023-08-11 00:00:00-04:00,1.0099999904632568,1.0499999523162842,0.9200000166893005,0.9459999799728394,46600,0.0,0.0
2023-08-14 00:00:00-04:00,0.9620000123977661,1.0199999809265137,0.8999999761581421,0.9850000143051147,17000,0.0,0.0
2023-08-15 00:00:00-04:00,1.0,1.0399999618530273,0.8899999856948853,0.9599999785423279,32700,0.0,0.0
2023-08-16 00:00:00-04:00,1.059999942779541,1.059999942779541,0.8600000143051147,0.9100000262260437,79400,0.0,0.0
2023-08-17 00:00:00-04:00,0.9100000262260437,0.9240000247955322,0.8600000143051147,0.8799999952316284,24300,0.0,0.0
2023-08-18 00:00:00-04:00,0.8610000014305115,1.0,0.8610000014305115,0.8700000047683716,20700,0.0,0.0
2023-08-21 00:00:00-04:00,0.8500000238418579,0.8999999761581421,0.8500000238418579,0.8999999761581421,12300,0.0,0.0
2023-08-22 00:00:00-04:00,0.9800000190734863,0.9800000190734863,0.8799999952316284,0.9100000262260437,10100,0.0,0.0
2023-08-23 00:00:00-04:00,0.8930000066757202,0.9570000171661377,0.8610000014305115,0.9350000023841858,18800,0.0,0.0
2023-08-24 00:00:00-04:00,0.9399999976158142,0.9409999847412109,0.8799999952316284,0.8999999761581421,26400,0.0,0.0
2023-08-25 00:00:00-04:00,0.9399999976158142,0.9639999866485596,0.9100000262260437,0.9399999976158142,5400,0.0,0.0
2023-08-28 00:00:00-04:00,0.8999999761581421,0.949999988079071,0.8999999761581421,0.9200000166893005,20300,0.0,0.0
2023-08-29 00:00:00-04:00,0.9150000214576721,0.949999988079071,0.8700000047683716,0.9200000166893005,12200,0.0,0.0
2023-08-30 00:00:00-04:00,0.949999988079071,0.9589999914169312,0.9449999928474426,0.9589999914169312,7000,0.0,0.0
2023-08-31 00:00:00-04:00,0.9700000286102295,0.9700000286102295,0.9300000071525574,0.9399999976158142,9500,0.0,0.0
2023-09-01 00:00:00-04:00,0.9800000190734863,0.9800000190734863,0.8600000143051147,0.9210000038146973,20300,0.0,0.0
2023-09-05 00:00:00-04:00,0.8700000047683716,0.949999988079071,0.8700000047683716,0.9129999876022339,12800,0.0,0.0
2023-09-06 00:00:00-04:00,0.8830000162124634,0.9399999976158142,0.8799999952316284,0.9049999713897705,9300,0.0,0.0
2023-09-07 00:00:00-04:00,0.8700000047683716,0.9449999928474426,0.8700000047683716,0.9330000281333923,41100,0.0,0.0
2023-09-08 00:00:00-04:00,0.9330000281333923,0.9700000286102295,0.8299999833106995,0.8769999742507935,27700,0.0,0.0
2023-09-11 00:00:00-04:00,0.8899999856948853,0.9110000133514404,0.7900000214576721,0.8379999995231628,96900,0.0,0.0
2023-09-12 00:00:00-04:00,0.8330000042915344,0.8389999866485596,0.8109999895095825,0.824999988079071,8500,0.0,0.0
2023-09-13 00:00:00-04:00,0.8299999833106995,0.8479999899864197,0.800000011920929,0.8479999899864197,19700,0.0,0.0
2023-09-14 00:00:00-04:00,0.8799999952316284,0.8799999952316284,0.8199999928474426,0.8569999933242798,25400,0.0,0.0
2023-09-15 00:00:00-04:00,0.9300000071525574,0.9300000071525574,0.8399999737739563,0.8799999952316284,31400,0.0,0.0
2023-09-18 00:00:00-04:00,0.8399999737739563,0.8600000143051147,0.7910000085830688,0.8230000138282776,36800,0.0,0.0
2023-09-19 00:00:00-04:00,0.8600000143051147,0.8700000047683716,0.8100000023841858,0.828000009059906,5600,0.0,0.0
2023-09-20 00:00:00-04:00,0.7900000214576721,0.8450000286102295,0.7710000276565552,0.8209999799728394,40100,0.0,0.0
2023-09-21 00:00:00-04:00,0.8299999833106995,0.8999999761581421,0.7950000166893005,0.8799999952316284,23900,0.0,0.0
2023-09-22 00:00:00-04:00,0.8600000143051147,0.8790000081062317,0.7829999923706055,0.8349999785423279,18300,0.0,0.0
2023-09-25 00:00:00-04:00,0.7900000214576721,0.8029999732971191,0.7450000047683716,0.7450000047683716,19100,0.0,0.0
2023-09-26 00:00:00-04:00,0.7450000047683716,0.8299999833106995,0.7450000047683716,0.7630000114440918,23100,0.0,0.0
2023-09-27 00:00:00-04:00,0.7649999856948853,0.7699999809265137,0.699999988079071,0.7300000190734863,86600,0.0,0.0
2023-09-28 00:00:00-04:00,0.7799999713897705,0.7799999713897705,0.7400000095367432,0.75,21000,0.0,0.0
2023-09-29 00:00:00-04:00,0.6909999847412109,0.7639999985694885,0.6899999976158142,0.7099999785423279,31700,0.0,0.0
2023-10-02 00:00:00-04:00,0.8399999737739563,0.8610000014305115,0.6899999976158142,0.699999988079071,864300,0.0,0.0
2023-10-03 00:00:00-04:00,0.7009999752044678,0.7699999809265137,0.6940000057220459,0.6949999928474426,50300,0.0,0.0
2023-10-04 00:00:00-04:00,0.7789999842643738,0.8199999928474426,0.5,0.6399999856948853,1895800,0.0,0.0
2023-10-05 00:00:00-04:00,0.578000009059906,0.6370000243186951,0.5400000214576721,0.5839999914169312,109500,0.0,0.0
2023-10-06 00:00:00-04:00,0.5600000023841858,0.6060000061988831,0.550000011920929,0.6060000061988831,53500,0.0,0.0
2023-10-09 00:00:00-04:00,0.6079999804496765,0.6079999804496765,0.5270000100135803,0.5270000100135803,63400,0.0,0.0
2023-10-10 00:00:00-04:00,0.5479999780654907,0.5899999737739563,0.5099999904632568,0.5600000023841858,55300,0.0,0.0
2023-10-11 00:00:00-04:00,0.5770000219345093,0.5770000219345093,0.5199999809265137,0.550000011920929,37200,0.0,0.0
2023-10-12 00:00:00-04:00,0.5699999928474426,0.5770000219345093,0.5270000100135803,0.5699999928474426,35100,0.0,0.0
2023-10-13 00:00:00-04:00,0.5699999928474426,0.5699999928474426,0.5199999809265137,0.546999990940094,27800,0.0,0.0
2023-10-16 00:00:00-04:00,0.5099999904632568,0.5899999737739563,0.5099999904632568,0.5619999766349792,58600,0.0,0.0
2023-10-17 00:00:00-04:00,0.5600000023841858,0.5600000023841858,0.5299999713897705,0.5410000085830688,12600,0.0,0.0
2023-10-18 00:00:00-04:00,0.5590000152587891,0.5699999928474426,0.5400000214576721,0.5509999990463257,34700,0.0,0.0
2023-10-19 00:00:00-04:00,0.5199999809265137,0.9359999895095825,0.5,0.5400000214576721,4708300,0.0,0.0
2023-10-20 00:00:00-04:00,0.5099999904632568,0.5450000166893005,0.4909999966621399,0.4909999966621399,225600,0.0,0.0
2023-10-23 00:00:00-04:00,0.5120000243186951,0.5120000243186951,0.43799999356269836,0.47699999809265137,172600,0.0,0.0
2023-10-24 00:00:00-04:00,0.47699999809265137,0.47699999809265137,0.4000000059604645,0.46000000834465027,228600,0.0,0.0
2023-10-25 00:00:00-04:00,0.47999998927116394,0.49000000953674316,0.44999998807907104,0.4819999933242798,76500,0.0,0.0
2023-10-26 00:00:00-04:00,0.49000000953674316,0.5130000114440918,0.4300000071525574,0.47200000286102295,100700,0.0,0.0
2023-10-27 00:00:00-04:00,0.4740000069141388,0.4740000069141388,0.4009999930858612,0.4429999887943268,82000,0.0,0.0
2023-10-30 00:00:00-04:00,0.46000000834465027,0.46000000834465027,0.4169999957084656,0.4429999887943268,67800,0.0,0.0
2023-10-31 00:00:00-04:00,0.460999995470047,0.4729999899864197,0.4230000078678131,0.460999995470047,26900,0.0,0.0
2023-11-01 00:00:00-04:00,0.460999995470047,0.4699999988079071,0.4300000071525574,0.45500001311302185,84600,0.0,0.0
2023-11-02 00:00:00-04:00,0.4449999928474426,0.47999998927116394,0.4359999895095825,0.4790000021457672,113400,0.0,0.0
2023-11-03 00:00:00-04:00,0.48500001430511475,0.5,0.4620000123977661,0.4950000047683716,65400,0.0,0.0
2023-11-06 00:00:00-05:00,0.5099999904632568,0.5600000023841858,0.5,0.5590000152587891,195800,0.0,0.0
2023-11-07 00:00:00-05:00,0.5899999737739563,0.6499999761581421,0.550000011920929,0.5989999771118164,1670700,0.0,0.0
2023-11-08 00:00:00-05:00,0.593999981880188,0.6309999823570251,0.5230000019073486,0.5400000214576721,265900,0.0,0.0
2023-11-09 00:00:00-05:00,0.5329999923706055,0.5600000023841858,0.4970000088214874,0.5299999713897705,114100,0.0,0.0
2023-11-10 00:00:00-05:00,0.5299999713897705,0.5299999713897705,0.46799999475479126,0.4959999918937683,130500,0.0,0.0
2023-11-13 00:00:00-05:00,0.5,0.5699999928474426,0.4309999942779541,0.49900001287460327,733200,0.0,0.0
2023-11-14 00:00:00-05:00,0.48399999737739563,0.5,0.46000000834465027,0.49000000953674316,120500,0.0,0.0
2023-11-15 00:00:00-05:00,0.48899999260902405,0.5149999856948853,0.4699999988079071,0.5139999985694885,529300,0.0,0.0
2023-11-16 00:00:00-05:00,0.503000020980835,0.5139999985694885,0.49000000953674316,0.5139999985694885,235900,0.0,0.0
2023-11-17 00:00:00-05:00,0.5199999809265137,0.550000011920929,0.5,0.531000018119812,388600,0.0,0.0
2023-11-20 00:00:00-05:00,0.5400000214576721,0.5400000214576721,0.4699999988079071,0.5139999985694885,355000,0.0,0.0
2023-11-21 00:00:00-05:00,0.550000011920929,0.550000011920929,0.4819999933242798,0.5199999809265137,405400,0.0,0.0
2023-11-22 00:00:00-05:00,0.5099999904632568,0.6600000262260437,0.5099999904632568,0.6209999918937683,394900,0.0,0.0
2023-11-24 00:00:00-05:00,0.6420000195503235,0.6589999794960022,0.5989999771118164,0.6420000195503235,163300,0.0,0.0
2023-11-27 00:00:00-05:00,0.6499999761581421,0.8700000047683716,0.6499999761581421,0.8360000252723694,937300,0.0,0.0
2023-11-28 00:00:00-05:00,0.8849999904632568,0.8859999775886536,0.75,0.8849999904632568,420500,0.0,0.0
2023-11-29 00:00:00-05:00,0.8999999761581421,1.062000036239624,0.8999999761581421,1.024999976158142,484800,0.0,0.0
2023-11-30 00:00:00-05:00,1.0700000524520874,1.340000033378601,1.0399999618530273,1.2899999618530273,634700,0.0,0.0
2023-12-01 00:00:00-05:00,1.3700000047683716,1.3700000047683716,0.9380000233650208,1.2899999618530273,688200,0.0,0.0
2023-12-04 00:00:00-05:00,1.3899999856948853,1.5,1.309999942779541,1.4900000095367432,4278700,0.0,0.0
2023-12-05 00:00:00-05:00,1.0399999618530273,1.25,1.0399999618530273,1.1299999952316284,22010300,0.0,0.0
2023-12-06 00:00:00-05:00,0.8199999928474426,0.8399999737739563,0.6700000166893005,0.7250000238418579,3190200,0.0,0.0
2023-12-07 00:00:00-05:00,0.6949999928474426,0.800000011920929,0.6510000228881836,0.7960000038146973,1203200,0.0,0.0
2023-12-08 00:00:00-05:00,0.7580000162124634,0.7799999713897705,0.699999988079071,0.7350000143051147,345600,0.0,0.0
2023-12-11 00:00:00-05:00,0.7419999837875366,0.7419999837875366,0.6790000200271606,0.699999988079071,227800,0.0,0.0
2023-12-12 00:00:00-05:00,0.6980000138282776,0.7149999737739563,0.6299999952316284,0.6470000147819519,253200,0.0,0.0
2023-12-13 00:00:00-05:00,0.6480000019073486,0.6980000138282776,0.6119999885559082,0.6800000071525574,335200,0.0,0.0
2023-12-14 00:00:00-05:00,0.8700000047683716,0.9300000071525574,0.75,0.8700000047683716,4298100,0.0,0.0
2023-12-15 00:00:00-05:00,0.8500000238418579,0.8700000047683716,0.7599999904632568,0.8410000205039978,436700,0.0,0.0
2023-12-18 00:00:00-05:00,0.8299999833106995,0.8600000143051147,0.7609999775886536,0.8320000171661377,182500,0.0,0.0
2023-12-19 00:00:00-05:00,0.8050000071525574,0.8500000238418579,0.7900000214576721,0.8009999990463257,130400,0.0,0.0
2023-12-20 00:00:00-05:00,0.7979999780654907,0.8199999928474426,0.75,0.7799999713897705,137000,0.0,0.0
2023-12-21 00:00:00-05:00,0.7799999713897705,0.7929999828338623,0.7509999871253967,0.7770000100135803,58000,0.0,0.0
2023-12-22 00:00:00-05:00,0.8059999942779541,0.8299999833106995,0.7749999761581421,0.7760000228881836,96900,0.0,0.0
2023-12-26 00:00:00-05:00,0.800000011920929,0.800000011920929,0.7519999742507935,0.7549999952316284,82700,0.0,0.0
2023-12-27 00:00:00-05:00,0.7549999952316284,0.7900000214576721,0.7200000286102295,0.7450000047683716,141100,0.0,0.0
2023-12-28 00:00:00-05:00,0.75,0.7870000004768372,0.7310000061988831,0.7799999713897705,102600,0.0,0.0
2023-12-29 00:00:00-05:00,0.8199999928474426,0.8199999928474426,0.7680000066757202,0.7850000262260437,135500,0.0,0.0
2024-01-02 00:00:00-05:00,0.800000011920929,0.8299999833106995,0.7799999713897705,0.800000011920929,94400,0.0,0.0
2024-01-03 00:00:00-05:00,0.8399999737739563,0.8399999737739563,0.7799999713897705,0.8100000023841858,57100,0.0,0.0
2024-01-04 00:00:00-05:00,0.7900000214576721,0.8100000023841858,0.781000018119812,0.781000018119812,20600,0.0,0.0
2024-01-05 00:00:00-05:00,0.781000018119812,0.8100000023841858,0.7609999775886536,0.800000011920929,49100,0.0,0.0
2024-01-08 00:00:00-05:00,0.800000011920929,0.800000011920929,0.7699999809265137,0.7900000214576721,103400,0.0,0.0
2024-01-09 00:00:00-05:00,0.8399999737739563,0.8700000047683716,0.7799999713897705,0.8259999752044678,477000,0.0,0.0
2024-01-10 00:00:00-05:00,0.8190000057220459,0.8999999761581421,0.800000011920929,0.8730000257492065,250100,0.0,0.0
2024-01-11 00:00:00-05:00,0.8550000190734863,0.949999988079071,0.8500000238418579,0.9279999732971191,215700,0.0,0.0
2024-01-12 00:00:00-05:00,0.949999988079071,0.949999988079071,0.8510000109672546,0.8539999723434448,135300,0.0,0.0
2024-01-16 00:00:00-05:00,0.8899999856948853,0.9300000071525574,0.8500000238418579,0.9150000214576721,114200,0.0,0.0
2024-01-17 00:00:00-05:00,0.8730000257492065,0.9200000166893005,0.8510000109672546,0.9200000166893005,129800,0.0,0.0
2024-01-18 00:00:00-05:00,0.9200000166893005,0.9539999961853027,0.8600000143051147,0.949999988079071,91300,0.0,0.0
2024-01-19 00:00:00-05:00,0.9599999785423279,0.9599999785423279,0.8999999761581421,0.9599999785423279,60900,0.0,0.0
2024-01-22 00:00:00-05:00,0.9120000004768372,0.9580000042915344,0.8799999952316284,0.9580000042915344,145300,0.0,0.0
2024-01-23 00:00:00-05:00,0.9599999785423279,1.0199999809265137,0.9200000166893005,1.0199999809265137,155800,0.0,0.0
2024-01-24 00:00:00-05:00,1.0199999809265137,1.090000033378601,1.0,1.0099999904632568,218700,0.0,0.0
2024-01-25 00:00:00-05:00,1.0700000524520874,1.0700000524520874,0.9829999804496765,1.0299999713897705,179900,0.0,0.0
2024-01-26 00:00:00-05:00,1.0199999809265137,1.0499999523162842,0.984000027179718,1.0199999809265137,121300,0.0,0.0
2024-01-29 00:00:00-05:00,1.059999942779541,1.090000033378601,1.0219999551773071,1.0750000476837158,337700,0.0,0.0
2024-01-30 00:00:00-05:00,1.1200000047683716,1.1299999952316284,0.9399999976158142,1.0800000429153442,419600,0.0,0.0
2024-01-31 00:00:00-05:00,1.090000033378601,1.2999999523162842,1.059999942779541,1.25,479000,0.0,0.0
2024-02-01 00:00:00-05:00,1.2899999618530273,1.3300000429153442,1.2400000095367432,1.2949999570846558,380100,0.0,0.0
2024-02-02 00:00:00-05:00,1.2999999523162842,1.2999999523162842,1.1699999570846558,1.2799999713897705,130600,0.0,0.0
2024-02-05 00:00:00-05:00,1.2799999713897705,1.2999999523162842,1.2000000476837158,1.25,104400,0.0,0.0
2024-02-06 00:00:00-05:00,1.25,1.3200000524520874,1.2300000190734863,1.2799999713897705,128400,0.0,0.0
2024-02-07 00:00:00-05:00,1.2899999618530273,1.2899999618530273,1.1799999475479126,1.2799999713897705,84300,0.0,0.0
2024-02-08 00:00:00-05:00,1.2799999713897705,1.3300000429153442,1.2599999904632568,1.3200000524520874,119000,0.0,0.0
2024-02-09 00:00:00-05:00,1.2799999713897705,1.2999999523162842,1.2599999904632568,1.2999999523162842,89300,0.0,0.0
2024-02-12 00:00:00-05:00,1.2300000190734863,1.2999999523162842,1.100000023841858,1.274999976158142,225500,0.0,0.0
2024-02-13 00:00:00-05:00,1.2400000095367432,1.2999999523162842,1.2400000095367432,1.2599999904632568,121300,0.0,0.0
2024-02-14 00:00:00-05:00,1.2899999618530273,1.399999976158142,1.2599999904632568,1.3799999952316284,223400,0.0,0.0
2024-02-15 00:00:00-05:00,1.3899999856948853,1.3899999856948853,1.2899999618530273,1.3300000429153442,137500,0.0,0.0
2024-02-16 00:00:00-05:00,1.340000033378601,1.3739999532699585,1.2899999618530273,1.3700000047683716,127300,0.0,0.0
2024-02-20 00:00:00-05:00,1.350000023841858,1.3899999856948853,1.2999999523162842,1.3700000047683716,253900,0.0,0.0
2024-02-21 00:00:00-05:00,1.3200000524520874,1.3200000524520874,1.1510000228881836,1.25,2264800,0.0,0.0
2024-02-22 00:00:00-05:00,1.2400000095367432,1.3200000524520874,1.2100000381469727,1.2599999904632568,146200,0.0,0.0
2024-02-23 00:00:00-05:00,1.2599999904632568,1.3300000429153442,1.2300000190734863,1.2699999809265137,91700,0.0,0.0
2024-02-26 00:00:00-05:00,1.25,1.4299999475479126,1.25,1.3899999856948853,372500,0.0,0.0
2024-02-27 00:00:00-05:00,1.5,2.200000047683716,1.5,1.7999999523162842,2769400,0.0,0.0
2024-02-28 00:00:00-05:00,1.809999942779541,1.940000057220459,1.7400000095367432,1.7999999523162842,590800,0.0,0.0
2024-02-29 00:00:00-05:00,1.8600000143051147,1.8600000143051147,1.5700000524520874,1.7699999809265137,493400,0.0,0.0
2024-03-01 00:00:00-05:00,1.7999999523162842,2.3299999237060547,1.7699999809265137,2.049999952316284,1277400,0.0,0.0
2024-03-04 00:00:00-05:00,2.2100000381469727,2.2899999618530273,1.9600000381469727,2.109999895095825,480400,0.0,0.0
2024-03-05 00:00:00-05:00,2.049999952316284,2.0799999237060547,1.899999976158142,2.0299999713897705,376000,0.0,0.0
2024-03-06 00:00:00-05:00,1.9800000190734863,2.130000114440918,1.9800000190734863,2.0799999237060547,308900,0.0,0.0
2024-03-07 00:00:00-05:00,2.0799999237060547,2.1040000915527344,1.9900000095367432,2.009999990463257,145700,0.0,0.0
2024-03-08 00:00:00-05:00,2.0899999141693115,2.0899999141693115,1.7200000286102295,1.7899999618530273,468800,0.0,0.0
2024-03-11 00:00:00-04:00,1.8300000429153442,1.840000033378601,1.600000023841858,1.6699999570846558,211100,0.0,0.0
2024-03-12 00:00:00-04:00,1.6399999856948853,1.6699999570846558,1.5099999904632568,1.5700000524520874,195600,0.0,0.0
2024-03-13 00:00:00-04:00,1.5700000524520874,1.6890000104904175,1.5410000085830688,1.6399999856948853,158800,0.0,0.0
2024-03-14 00:00:00-04:00,1.6299999952316284,1.7300000190734863,1.350000023841858,1.3899999856948853,260600,0.0,0.0
2024-03-15 00:00:00-04:00,1.3799999952316284,1.4700000286102295,1.309999942779541,1.3799999952316284,117200,0.0,0.0
2024-03-18 00:00:00-04:00,1.399999976158142,1.4299999475479126,1.3200000524520874,1.4049999713897705,213500,0.0,0.0
2024-03-19 00:00:00-04:00,1.5,1.5839999914169312,1.399999976158142,1.4800000190734863,309800,0.0,0.0
2024-03-20 00:00:00-04:00,1.5299999713897705,1.6799999475479126,1.4800000190734863,1.6699999570846558,157600,0.0,0.0
2024-03-21 00:00:00-04:00,1.809999942779541,1.850000023841858,1.75,1.809999942779541,211000,0.0,0.0
2024-03-22 00:00:00-04:00,1.7599999904632568,1.8899999856948853,1.7200000286102295,1.7599999904632568,184000,0.0,0.0
2024-03-25 00:00:00-04:00,1.7599999904632568,1.8300000429153442,1.7300000190734863,1.8200000524520874,56500,0.0,0.0
2024-03-26 00:00:00-04:00,1.809999942779541,1.8300000429153442,1.4500000476837158,1.7000000476837158,133700,0.0,0.0
2024-03-27 00:00:00-04:00,1.7999999523162842,1.809999942779541,1.690999984741211,1.7300000190734863,82300,0.0,0.0
2024-03-28 00:00:00-04:00,1.7300000190734863,1.850000023841858,1.7300000190734863,1.8200000524520874,113900,0.0,0.0
2024-04-01 00:00:00-04:00,1.8200000524520874,1.8600000143051147,1.7599999904632568,1.8300000429153442,80900,0.0,0.0
2024-04-02 00:00:00-04:00,1.8200000524520874,1.840000033378601,1.7450000047683716,1.840000033378601,63100,0.0,0.0
2024-04-03 00:00:00-04:00,1.809999942779541,2.130000114440918,1.809999942779541,2.049999952316284,317800,0.0,0.0
2024-04-04 00:00:00-04:00,2.0,2.25,1.9500000476837158,2.059999942779541,251000,0.0,0.0
2024-04-05 00:00:00-04:00,2.130000114440918,2.247999906539917,1.5,1.7000000476837158,918400,0.0,0.0
2024-04-08 00:00:00-04:00,1.75,1.809999942779541,1.6699999570846558,1.7400000095367432,164000,0.0,0.0
2024-04-09 00:00:00-04:00,1.8600000143051147,1.9290000200271606,1.6100000143051147,1.7200000286102295,177000,0.0,0.0
2024-04-10 00:00:00-04:00,1.6699999570846558,1.690000057220459,1.5499999523162842,1.659999966621399,152200,0.0,0.0
2024-04-11 00:00:00-04:00,1.559999942779541,1.777999997138977,1.5099999904632568,1.6799999475479126,277200,0.0,0.0
2024-04-12 00:00:00-04:00,1.809999942779541,1.809999942779541,1.5299999713897705,1.600000023841858,162300,0.0,0.0
2024-04-15 00:00:00-04:00,1.5499999523162842,1.659999966621399,1.5199999809265137,1.5299999713897705,73100,0.0,0.0
2024-04-16 00:00:00-04:00,1.5299999713897705,1.7300000190734863,1.5149999856948853,1.649999976158142,116100,0.0,0.0
2024-04-17 00:00:00-04:00,1.559999942779541,1.6399999856948853,1.559999942779541,1.600000023841858,72100,0.0,0.0
2024-04-18 00:00:00-04:00,1.590000033378601,1.6200000047683716,1.4500000476837158,1.5199999809265137,268200,0.0,0.0
2024-04-19 00:00:00-04:00,1.4900000095367432,1.5299999713897705,1.2999999523162842,1.4199999570846558,121600,0.0,0.0
2024-04-22 00:00:00-04:00,1.399999976158142,1.440000057220459,1.1100000143051147,1.350000023841858,355900,0.0,0.0
2024-04-23 00:00:00-04:00,1.3600000143051147,1.3739999532699585,1.2999999523162842,1.3600000143051147,79100,0.0,0.0
2024-04-24 00:00:00-04:00,1.4199999570846558,1.5,1.2999999523162842,1.340000033378601,133000,0.0,0.0
2024-04-25 00:00:00-04:00,1.309999942779541,1.3179999589920044,1.2000000476837158,1.2599999904632568,139200,0.0,0.0
2024-04-26 00:00:00-04:00,1.2400000095367432,1.284999966621399,1.1699999570846558,1.2300000190734863,42100,0.0,0.0
2024-04-29 00:00:00-04:00,1.2300000190734863,1.3200000524520874,1.2300000190734863,1.2899999618530273,14600,0.0,0.0
2024-04-30 00:00:00-04:00,1.2630000114440918,1.3700000047683716,1.2630000114440918,1.350000023841858,14300,0.0,0.0
2024-05-01 00:00:00-04:00,1.3700000047683716,1.4199999570846558,1.2400000095367432,1.2599999904632568,45700,0.0,0.0
2024-05-02 00:00:00-04:00,1.3600000143051147,1.3600000143051147,1.215999960899353,1.2699999809265137,104000,0.0,0.0
2024-05-03 00:00:00-04:00,1.2599999904632568,1.340000033378601,1.190000057220459,1.3300000429153442,136600,0.0,0.0
2024-05-06 00:00:00-04:00,1.340000033378601,1.340000033378601,1.2300000190734863,1.2699999809265137,57400,0.0,0.0
2024-05-07 00:00:00-04:00,1.2000000476837158,1.4900000095367432,1.2000000476837158,1.2899999618530273,406500,0.0,0.0
2024-05-08 00:00:00-04:00,1.2899999618530273,1.3799999952316284,1.2100000381469727,1.2300000190734863,81000,0.0,0.0
2024-05-09 00:00:00-04:00,1.2100000381469727,1.25,1.0800000429153442,1.1740000247955322,121600,0.0,0.0
2024-05-10 00:00:00-04:00,1.2200000286102295,1.2999999523162842,1.149999976158142,1.1799999475479126,96700,0.0,0.0
2024-05-13 00:00:00-04:00,1.1799999475479126,1.2130000591278076,1.059999942779541,1.149999976158142,63100,0.0,0.0
2024-05-14 00:00:00-04:00,1.1100000143051147,1.218000054359436,1.1100000143051147,1.1200000047683716,55500,0.0,0.0
2024-05-15 00:00:00-04:00,1.1399999856948853,1.2000000476837158,1.1399999856948853,1.1979999542236328,61900,0.0,0.0
2024-05-16 00:00:00-04:00,1.190000057220459,1.2300000190734863,1.1699999570846558,1.2200000286102295,30400,0.0,0.0
2024-05-17 00:00:00-04:00,1.2000000476837158,1.284999966621399,1.159999966621399,1.2100000381469727,80000,0.0,0.0
2024-05-20 00:00:00-04:00,1.2799999713897705,1.340999960899353,1.1699999570846558,1.2599999904632568,194600,0.0,0.0
2024-05-21 00:00:00-04:00,1.2999999523162842,1.3200000524520874,1.1399999856948853,1.2599999904632568,69800,0.0,0.0
2024-05-22 00:00:00-04:00,1.2300000190734863,1.2999999523162842,1.187000036239624,1.2400000095367432,55100,0.0,0.0
2024-05-23 00:00:00-04:00,1.2699999809265137,1.2699999809265137,1.0199999809265137,1.159999966621399,99000,0.0,0.0
2024-05-24 00:00:00-04:00,1.1799999475479126,1.215000033378601,1.059999942779541,1.1670000553131104,38200,0.0,0.0
2024-05-28 00:00:00-04:00,1.1100000143051147,1.2120000123977661,1.0800000429153442,1.090000033378601,72600,0.0,0.0
2024-05-29 00:00:00-04:00,1.1100000143051147,1.1799999475479126,1.0299999713897705,1.1100000143051147,46400,0.0,0.0
2024-05-30 00:00:00-04:00,1.0700000524520874,1.1399999856948853,1.059999942779541,1.0800000429153442,52500,0.0,0.0
2024-05-31 00:00:00-04:00,1.100000023841858,1.1299999952316284,1.0199999809265137,1.0800000429153442,106100,0.0,0.0
2024-06-03 00:00:00-04:00,1.159999966621399,1.1740000247955322,1.100000023841858,1.1299999952316284,46900,0.0,0.0
2024-06-04 00:00:00-04:00,1.1100000143051147,1.2489999532699585,1.100000023841858,1.1799999475479126,189600,0.0,0.0
2024-06-05 00:00:00-04:00,1.1799999475479126,1.2300000190734863,1.1009999513626099,1.1699999570846558,75300,0.0,0.0
2024-06-06 00:00:00-04:00,1.2000000476837158,1.2100000381469727,1.100000023841858,1.1399999856948853,24400,0.0,0.0
2024-06-07 00:00:00-04:00,1.1160000562667847,1.1299999952316284,1.059999942779541,1.100000023841858,85300,0.0,0.0
2024-06-10 00:00:00-04:00,1.0800000429153442,1.0850000381469727,0.949999988079071,1.0399999618530273,195500,0.0,0.0
2024-06-11 00:00:00-04:00,1.0399999618530273,1.0509999990463257,0.9599999785423279,1.0099999904632568,51200,0.0,0.0
2024-06-12 00:00:00-04:00,1.0,1.1299999952316284,1.0,1.0299999713897705,127500,0.0,0.0
2024-06-13 00:00:00-04:00,1.059999942779541,1.069000005722046,1.0,1.0199999809265137,32200,0.0,0.0
2024-06-14 00:00:00-04:00,1.0399999618530273,1.0399999618530273,0.9520000219345093,0.9700000286102295,64600,0.0,0.0
2024-06-17 00:00:00-04:00,0.9779999852180481,1.0,0.828000009059906,0.9330000281333923,274700,0.0,0.0
2024-06-18 00:00:00-04:00,0.921999990940094,0.9599999785423279,0.8820000290870667,0.9200000166893005,28700,0.0,0.0
2024-06-20 00:00:00-04:00,0.9300000071525574,0.9520000219345093,0.8399999737739563,0.8999999761581421,57300,0.0,0.0
2024-06-21 00:00:00-04:00,0.9100000262260437,0.9399999976158142,0.8209999799728394,0.8980000019073486,72500,0.0,0.0
2024-06-24 00:00:00-04:00,0.8410000205039978,0.8899999856948853,0.800000011920929,0.8450000286102295,122500,0.0,0.0
2024-06-25 00:00:00-04:00,0.8399999737739563,0.8500000238418579,0.800000011920929,0.8460000157356262,32300,0.0,0.0
2024-06-26 00:00:00-04:00,0.8069999814033508,0.8519999980926514,0.6980000138282776,0.8519999980926514,132100,0.0,0.0
2024-06-27 00:00:00-04:00,0.8700000047683716,1.0399999618530273,0.8700000047683716,1.0199999809265137,211600,0.0,0.0
2024-06-28 00:00:00-04:00,1.0199999809265137,1.1399999856948853,0.9589999914169312,1.1200000047683716,510000,0.0,0.0
2024-07-01 00:00:00-04:00,1.059999942779541,1.1299999952316284,0.9800000190734863,1.0800000429153442,1436200,0.0,0.0
2024-07-02 00:00:00-04:00,1.090000033378601,1.5,1.0700000524520874,1.2400000095367432,2511100,0.0,0.0
2024-07-03 00:00:00-04:00,1.340000033378601,1.399999976158142,1.2400000095367432,1.3200000524520874,466300,0.0,0.0
2024-07-05 00:00:00-04:00,1.2999999523162842,1.3200000524520874,1.0499999523162842,1.2300000190734863,350900,0.0,0.0
2024-07-08 00:00:00-04:00,1.2699999809265137,1.2699999809265137,1.100000023841858,1.149999976158142,392100,0.0,0.0
2024-07-09 00:00:00-04:00,1.2100000381469727,1.399999976158142,0.9070000052452087,0.9300000071525574,880400,0.0,0.0
2024-07-10 00:00:00-04:00,0.9449999928474426,0.9900000095367432,0.9100000262260437,0.9700000286102295,272200,0.0,0.0
2024-07-11 00:00:00-04:00,0.9700000286102295,1.100000023841858,0.9700000286102295,1.0299999713897705,249900,0.0,0.0
2024-07-12 00:00:00-04:00,1.0299999713897705,1.0499999523162842,0.8669999837875366,1.0099999904632568,352800,0.0,0.0
2024-07-15 00:00:00-04:00,1.0099999904632568,1.0299999713897705,0.8999999761581421,0.9240000247955322,198900,0.0,0.0
2024-07-16 00:00:00-04:00,0.9599999785423279,0.9599999785423279,0.7850000262260437,0.8790000081062317,498200,0.0,0.0
2024-07-17 00:00:00-04:00,0.8709999918937683,0.8709999918937683,0.7300000190734863,0.7879999876022339,669800,0.0,0.0
2024-07-18 00:00:00-04:00,0.7699999809265137,0.7879999876022339,0.699999988079071,0.7599999904632568,318900,0.0,0.0
2024-07-19 00:00:00-04:00,0.7609999775886536,0.7910000085830688,0.5120000243186951,0.7319999933242798,1120800,0.0,0.0
2024-07-22 00:00:00-04:00,0.75,0.7889999747276306,0.7200000286102295,0.7699999809265137,87800,0.0,0.0
2024-07-23 00:00:00-04:00,0.7799999713897705,0.7900000214576721,0.75,0.781000018119812,77700,0.0,0.0
2024-07-24 00:00:00-04:00,0.8019999861717224,0.8399999737739563,0.781000018119812,0.8289999961853027,130900,0.0,0.0
2024-07-25 00:00:00-04:00,0.8100000023841858,0.8399999737739563,0.7889999747276306,0.8100000023841858,47200,0.0,0.0
2024-07-26 00:00:00-04:00,0.8029999732971191,0.8450000286102295,0.7799999713897705,0.8090000152587891,44300,0.0,0.0
2024-07-29 00:00:00-04:00,0.7900000214576721,0.8199999928474426,0.7599999904632568,0.7710000276565552,80700,0.0,0.0
2024-07-30 00:00:00-04:00,0.7519999742507935,0.8090000152587891,0.7210000157356262,0.7210000157356262,42300,0.0,0.0
2024-07-31 00:00:00-04:00,0.8100000023841858,0.8100000023841858,0.699999988079071,0.7599999904632568,54500,0.0,0.0
2024-08-01 00:00:00-04:00,0.8240000009536743,0.8769999742507935,0.6370000243186951,0.6800000071525574,4120800,0.0,0.0
2024-08-02 00:00:00-04:00,0.6399999856948853,0.7379999756813049,0.6399999856948853,0.7379999756813049,197700,0.0,0.0
2024-08-05 00:00:00-04:00,0.6460000276565552,0.75,0.6460000276565552,0.6970000267028809,175200,0.0,0.0
2024-08-06 00:00:00-04:00,0.7039999961853027,0.7300000190734863,0.6700000166893005,0.6899999976158142,55600,0.0,0.0
2024-08-07 00:00:00-04:00,0.7649999856948853,0.7990000247955322,0.5989999771118164,0.6629999876022339,476600,0.0,0.0
2024-08-08 00:00:00-04:00,0.6890000104904175,0.7279999852180481,0.6000000238418579,0.628000020980835,214100,0.0,0.0
2024-08-09 00:00:00-04:00,0.6589999794960022,0.699999988079071,0.6399999856948853,0.6589999794960022,35600,0.0,0.0
2024-08-12 00:00:00-04:00,0.6740000247955322,0.699999988079071,0.6359999775886536,0.699999988079071,43800,0.0,0.0
2024-08-13 00:00:00-04:00,0.6850000023841858,0.699999988079071,0.6399999856948853,0.699999988079071,94600,0.0,0.0
2024-08-14 00:00:00-04:00,0.6610000133514404,0.7099999785423279,0.6570000052452087,0.699999988079071,39500,0.0,0.0
2024-08-15 00:00:00-04:00,0.699999988079071,0.75,0.6899999976158142,0.7400000095367432,110500,0.0,0.0
2024-08-16 00:00:00-04:00,0.7200000286102295,0.7699999809265137,0.699999988079071,0.7699999809265137,42900,0.0,0.0
2024-08-19 00:00:00-04:00,0.75,0.7699999809265137,0.7440000176429749,0.765999972820282,43100,0.0,0.0
2024-08-20 00:00:00-04:00,0.7599999904632568,0.8500000238418579,0.7599999904632568,0.8090000152587891,170500,0.0,0.0
2024-08-21 00:00:00-04:00,0.8299999833106995,0.8299999833106995,0.7620000243186951,0.8100000023841858,71100,0.0,0.0
2024-08-22 00:00:00-04:00,0.765999972820282,0.8399999737739563,0.7020000219345093,0.8270000219345093,285400,0.0,0.0
2024-08-23 00:00:00-04:00,0.8199999928474426,0.8450000286102295,0.7900000214576721,0.8299999833106995,138900,0.0,0.0
2024-08-26 00:00:00-04:00,0.8009999990463257,0.8299999833106995,0.7559999823570251,0.8119999766349792,158900,0.0,0.0
2024-08-27 00:00:00-04:00,0.7879999876022339,0.8289999961853027,0.7310000061988831,0.7409999966621399,133500,0.0,0.0
2024-08-28 00:00:00-04:00,0.7210000157356262,0.7549999952316284,0.6729999780654907,0.7089999914169312,2183100,0.0,0.0
2024-08-29 00:00:00-04:00,0.7440000176429749,0.7599999904632568,0.6800000071525574,0.7599999904632568,372800,0.0,0.0
2024-08-30 00:00:00-04:00,0.7300000190734863,0.949999988079071,0.7300000190734863,0.8899999856948853,1371400,0.0,0.0
2024-09-03 00:00:00-04:00,0.9160000085830688,0.9900000095367432,0.8820000290870667,0.9800000190734863,593400,0.0,0.0
2024-09-04 00:00:00-04:00,0.9800000190734863,0.9900000095367432,0.9309999942779541,0.9700000286102295,102300,0.0,0.0
2024-09-05 00:00:00-04:00,0.9509999752044678,0.968999981880188,0.9259999990463257,0.949999988079071,81700,0.0,0.0
2024-09-06 00:00:00-04:00,0.9399999976158142,0.9449999928474426,0.8820000290870667,0.9409999847412109,94100,0.0,0.0
2024-09-09 00:00:00-04:00,0.9589999914169312,1.1399999856948853,0.9390000104904175,1.1100000143051147,713300,0.0,0.0
2024-09-10 00:00:00-04:00,1.1200000047683716,1.1799999475479126,1.0499999523162842,1.159999966621399,255000,0.0,0.0
2024-09-11 00:00:00-04:00,1.149999976158142,1.309999942779541,1.059999942779541,1.2200000286102295,488300,0.0,0.0
2024-09-12 00:00:00-04:00,1.2799999713897705,1.350000023841858,1.2200000286102295,1.2899999618530273,316400,0.0,0.0
2024-09-13 00:00:00-04:00,1.350000023841858,1.350000023841858,1.190000057220459,1.350000023841858,197200,0.0,0.0
2024-09-16 00:00:00-04:00,1.25,1.4550000429153442,1.25,1.340000033378601,334400,0.0,0.0
2024-09-17 00:00:00-04:00,1.350000023841858,1.4199999570846558,1.309999942779541,1.340000033378601,125700,0.0,0.0
2024-09-18 00:00:00-04:00,1.3300000429153442,1.3650000095367432,1.309999942779541,1.350000023841858,77300,0.0,0.0
2024-09-19 00:00:00-04:00,1.3899999856948853,1.3899999856948853,1.309999942779541,1.350000023841858,67900,0.0,0.0
2024-09-20 00:00:00-04:00,1.309999942779541,1.350000023841858,1.2029999494552612,1.2999999523162842,93400,0.0,0.0
2024-09-23 00:00:00-04:00,1.2899999618530273,1.3250000476837158,1.2599999904632568,1.2949999570846558,61200,0.0,0.0
2024-09-24 00:00:00-04:00,1.2599999904632568,1.2899999618530273,0.8999999761581421,1.25,802300,0.0,0.0
2024-09-25 00:00:00-04:00,1.3300000429153442,1.3300000429153442,1.1699999570846558,1.2000000476837158,185600,0.0,0.0
2024-09-26 00:00:00-04:00,1.2000000476837158,1.2799999713897705,1.1100000143051147,1.2699999809265137,106100,0.0,0.0
2024-09-27 00:00:00-04:00,1.2999999523162842,1.2999999523162842,1.25,1.2799999713897705,64400,0.0,0.0
2024-09-30 00:00:00-04:00,1.2699999809265137,1.3700000047683716,1.2400000095367432,1.2699999809265137,64900,0.0,0.0
2024-10-01 00:00:00-04:00,1.2300000190734863,1.2300000190734863,1.1699999570846558,1.2200000286102295,75900,0.0,0.0
2024-10-02 00:00:00-04:00,1.2000000476837158,1.2400000095367432,1.2000000476837158,1.2100000381469727,27900,0.0,0.0
2024-10-03 00:00:00-04:00,1.190000057220459,1.2799999713897705,1.190000057220459,1.2200000286102295,49000,0.0,0.0
2024-10-04 00:00:00-04:00,1.2400000095367432,1.2799999713897705,1.2200000286102295,1.2599999904632568,50200,0.0,0.0
2024-10-07 00:00:00-04:00,1.2300000190734863,1.2899999618530273,1.2100000381469727,1.25,74400,0.0,0.0
2024-10-08 00:00:00-04:00,1.25600004196167,1.2699999809265137,1.2200000286102295,1.2200000286102295,30500,0.0,0.0
2024-10-09 00:00:00-04:00,1.2400000095367432,1.25,1.090000033378601,1.2239999771118164,221400,0.0,0.0
2024-10-10 00:00:00-04:00,1.190000057220459,1.2200000286102295,1.100000023841858,1.2200000286102295,90500,0.0,0.0
2024-10-11 00:00:00-04:00,1.2200000286102295,1.2400000095367432,1.090000033378601,1.1299999952316284,263300,0.0,0.0
2024-10-14 00:00:00-04:00,1.090000033378601,1.1200000047683716,1.0299999713897705,1.090000033378601,148100,0.0,0.0
2024-10-15 00:00:00-04:00,1.159999966621399,1.2200000286102295,0.9549999833106995,0.9570000171661377,388400,0.0,0.0
2024-10-16 00:00:00-04:00,0.9679999947547913,1.0,0.9200000166893005,0.9800000190734863,143900,0.0,0.0
2024-10-17 00:00:00-04:00,1.0,1.100000023841858,0.9580000042915344,1.100000023841858,100300,0.0,0.0
2024-10-18 00:00:00-04:00,1.1399999856948853,1.149999976158142,1.0499999523162842,1.0700000524520874,60900,0.0,0.0
2024-10-21 00:00:00-04:00,1.0800000429153442,1.100000023841858,1.0399999618530273,1.100000023841858,55800,0.0,0.0
2024-10-22 00:00:00-04:00,1.1100000143051147,1.149999976158142,1.0700000524520874,1.149999976158142,26000,0.0,0.0
2024-10-23 00:00:00-04:00,1.1100000143051147,1.1699999570846558,1.1100000143051147,1.149999976158142,34000,0.0,0.0
2024-10-24 00:00:00-04:00,1.1399999856948853,1.2400000095367432,1.0499999523162842,1.2100000381469727,312400,0.0,0.0
2024-10-25 00:00:00-04:00,1.25,1.3200000524520874,1.2400000095367432,1.2699999809265137,331800,0.0,0.0
2024-10-28 00:00:00-04:00,1.2999999523162842,1.3949999809265137,1.2899999618530273,1.350000023841858,810600,0.0,0.0
2024-10-29 00:00:00-04:00,1.3899999856948853,1.399999976158142,1.2699999809265137,1.340000033378601,111900,0.0,0.0
2024-10-30 00:00:00-04:00,1.3200000524520874,1.340000033378601,1.2899999618530273,1.2999999523162842,38200,0.0,0.0
2024-10-31 00:00:00-04:00,1.309999942779541,1.3200000524520874,1.1200000047683716,1.25,362000,0.0,0.0
2024-11-01 00:00:00-04:00,1.2999999523162842,1.3799999952316284,1.2300000190734863,1.2699999809265137,492400,0.0,0.0
2024-11-04 00:00:00-05:00,1.2599999904632568,1.340000033378601,1.1399999856948853,1.2300000190734863,388600,0.0,0.0
2024-11-05 00:00:00-05:00,1.25,1.25,1.2100000381469727,1.25,74500,0.0,0.0
2024-11-06 00:00:00-05:00,1.2899999618530273,1.2999999523162842,1.2400000095367432,1.2799999713897705,100400,0.0,0.0
2024-11-07 00:00:00-05:00,1.309999942779541,1.3359999656677246,1.2300000190734863,1.2899999618530273,77400,0.0,0.0
2024-11-08 00:00:00-05:00,1.2999999523162842,1.2999999523162842,1.2599999904632568,1.2899999618530273,24000,0.0,0.0
2024-11-11 00:00:00-05:00,1.2999999523162842,1.350000023841858,1.2999999523162842,1.3200000524520874,121300,0.0,0.0
2024-11-12 00:00:00-05:00,1.309999942779541,1.350000023841858,1.2999999523162842,1.3300000429153442,48200,0.0,0.0
2024-11-13 00:00:00-05:00,1.350000023841858,1.350000023841858,1.2699999809265137,1.3300000429153442,111000,0.0,0.0
2024-11-14 00:00:00-05:00,1.2999999523162842,1.3300000429153442,1.2699999809265137,1.2999999523162842,50900,0.0,0.0
2024-11-15 00:00:00-05:00,1.2799999713897705,1.281000018119812,1.190000057220459,1.2300000190734863,178800,0.0,0.0
2024-11-18 00:00:00-05:00,1.25,1.2649999856948853,1.1399999856948853,1.1799999475479126,121800,0.0,0.0
2024-11-19 00:00:00-05:00,1.149999976158142,1.190000057220459,1.1100000143051147,1.1150000095367432,167800,0.0,0.0
2024-11-20 00:00:00-05:00,1.1100000143051147,1.1150000095367432,0.9700000286102295,0.9900000095367432,195100,0.0,0.0
2024-11-21 00:00:00-05:00,0.9800000190734863,1.0199999809265137,0.9110000133514404,0.9200000166893005,143500,0.0,0.0
2024-11-22 00:00:00-05:00,0.9200000166893005,0.9570000171661377,0.8510000109672546,0.8999999761581421,118200,0.0,0.0
2024-11-25 00:00:00-05:00,0.8999999761581421,0.949999988079071,0.8600000143051147,0.8769999742507935,208900,0.0,0.0
2024-11-26 00:00:00-05:00,0.921999990940094,0.9509999752044678,0.8799999952316284,0.8999999761581421,106500,0.0,0.0
2024-11-27 00:00:00-05:00,0.8899999856948853,0.949999988079071,0.800000011920929,0.9300000071525574,154000,0.0,0.0
2024-11-29 00:00:00-05:00,0.9399999976158142,1.0800000429153442,0.9079999923706055,0.9800000190734863,323400,0.0,0.0
2024-12-02 00:00:00-05:00,1.0499999523162842,1.2899999618530273,1.0499999523162842,1.1200000047683716,1181300,0.0,0.0
2024-12-03 00:00:00-05:00,1.0800000429153442,1.149999976158142,1.059999942779541,1.1299999952316284,214100,0.0,0.0
2024-12-04 00:00:00-05:00,1.149999976158142,1.149999976158142,1.0199999809265137,1.0700000524520874,241200,0.0,0.0
2024-12-05 00:00:00-05:00,1.1180000305175781,1.1180000305175781,1.0199999809265137,1.0399999618530273,95600,0.0,0.0
2024-12-06 00:00:00-05:00,1.0499999523162842,1.0800000429153442,1.0,1.0399999618530273,180400,0.0,0.0
2024-12-09 00:00:00-05:00,1.0800000429153442,1.0800000429153442,0.9900000095367432,1.0199999809265137,235600,0.0,0.0
2024-12-10 00:00:00-05:00,1.0499999523162842,1.0499999523162842,0.949999988079071,1.0199999809265137,177200,0.0,0.0
2024-12-11 00:00:00-05:00,0.9700000286102295,0.9800000190734863,0.8799999952316284,0.9100000262260437,946700,0.0,0.0
2024-12-12 00:00:00-05:00,0.9200000166893005,0.949999988079071,0.8510000109672546,0.9300000071525574,133500,0.0,0.0
2024-12-13 00:00:00-05:00,0.9100000262260437,0.9380000233650208,0.8100000023841858,0.8600000143051147,277600,0.0,0.0
2024-12-16 00:00:00-05:00,0.8600000143051147,0.9300000071525574,0.8100000023841858,0.8840000033378601,557500,0.0,0.0
2024-12-17 00:00:00-05:00,0.9200000166893005,1.1299999952316284,0.8600000143051147,1.090000033378601,730800,0.0,0.0
2024-12-18 00:00:00-05:00,1.0800000429153442,1.2000000476837158,1.0499999523162842,1.1399999856948853,994200,0.0,0.0
2024-12-19 00:00:00-05:00,1.1299999952316284,1.3200000524520874,1.0800000429153442,1.2799999713897705,972100,0.0,0.0
2024-12-20 00:00:00-05:00,1.2200000286102295,1.4199999570846558,1.2200000286102295,1.3600000143051147,1266800,0.0,0.0
2024-12-23 00:00:00-05:00,1.1710000038146973,1.2699999809265137,0.9599999785423279,1.25,1448378,0.0,0.0
