Date,Open,High,Low,Close,Volume,Dividends,Stock Splits
2022-01-03 00:00:00-05:00,25.266706324059214,25.857740774678348,25.069696093083984,25.7493839263916,136300,0.0,0.0
2022-01-04 00:00:00-05:00,25.818339591150284,26.13355936693064,25.581926168450167,25.77893829345703,156400,0.0,0.0
2022-01-05 00:00:00-05:00,25.700131850531267,26.182809453092258,25.15835136653439,25.207603454589844,142200,0.0,0.0
2022-01-06 00:00:00-05:00,25.296257568481856,25.365211240169767,24.843130487773717,24.990890502929688,141500,0.0,0.0
2022-01-07 00:00:00-05:00,24.89238632403377,25.84789076426615,24.872684736685443,25.532672882080078,263000,0.0,0.0
2022-01-10 00:00:00-05:00,25.532672951882184,25.562225332985463,24.518063746831054,24.734777450561523,148600,0.0,0.0
2022-01-11 00:00:00-05:00,24.715077434563582,24.90223876909064,24.12404292684707,24.8726863861084,131300,0.0,0.0
2022-01-12 00:00:00-05:00,25.069695250399047,25.089394957641684,24.301350302536406,24.311201095581055,137900,0.0,0.0
2022-01-13 00:00:00-05:00,24.311204786587783,24.46881374153755,24.045238970542453,24.25210189819336,144900,0.0,0.0
2022-01-14 00:00:00-05:00,24.252100083272364,24.36045505741217,23.995985080933785,24.025535583496094,117200,0.0,0.0
2022-01-18 00:00:00-05:00,23.96643043347055,24.143740947466707,23.296591548972447,23.335994720458984,161100,0.0,0.0
2022-01-19 00:00:00-05:00,23.296592315461066,23.365545988984543,22.68585816809881,22.86316680908203,184800,0.0,0.0
2022-01-20 00:00:00-05:00,23.070031864865197,23.178388721299793,22.065273411144958,22.12437629699707,161300,0.0,0.0
2022-01-21 00:00:00-05:00,21.95691780499887,22.99122673261268,21.95691780499887,22.114526748657227,200300,0.0,0.0
2022-01-24 00:00:00-05:00,21.937215102634898,22.853318215378433,21.937215102634898,22.72525978088379,328600,0.0,0.0
2022-01-25 00:00:00-05:00,22.577501879847194,22.813915285848346,22.232731624861326,22.55780029296875,126200,0.0,0.0
2022-01-26 00:00:00-05:00,22.666157530710894,22.813915677140038,21.48408860158422,21.621997833251953,306500,0.0,0.0
2022-01-27 00:00:00-05:00,22.02587081578111,22.09482449168703,21.2279734489781,21.56289291381836,232300,0.0,0.0
2022-01-28 00:00:00-05:00,21.592445505132293,22.193330764770508,21.365882888131477,22.193330764770508,133900,0.0,0.0
2022-01-31 00:00:00-05:00,21.828857589967512,22.607053330027693,21.828857589967512,22.42974281311035,238700,0.0,0.0
2022-02-01 00:00:00-05:00,22.32138724491524,22.439594889234773,21.5628930475524,22.16377830505371,232300,0.0,0.0
2022-02-02 00:00:00-05:00,22.262284072156593,22.39034062955829,21.789457258731762,22.045570373535156,332300,0.0,0.0
2022-02-03 00:00:00-05:00,21.82885826429259,22.42974350599765,21.82885826429259,22.18347930908203,353600,0.0,0.0
2022-02-04 00:00:00-05:00,22.16377968118488,22.23273336179973,21.523493088386694,21.927366256713867,218600,0.0,0.0
2022-02-07 00:00:00-05:00,21.9569172342476,22.23273193905675,21.59244538723253,21.878110885620117,248000,0.0,0.0
2022-02-08 00:00:00-05:00,21.966765403950625,22.163777511143916,21.690950708496054,22.094823837280273,357600,0.0,0.0
2022-02-09 00:00:00-05:00,22.311536205990997,22.42974384901077,21.976616742756168,22.33123779296875,265800,0.0,0.0
2022-02-10 00:00:00-05:00,22.153928552606523,22.2819869965415,21.937216719823983,22.06527328491211,269700,0.0,0.0
2022-02-11 00:00:00-05:00,22.055421375687146,22.26228428279701,21.74020349708808,22.134225845336914,244300,0.0,0.0
2022-02-14 00:00:00-05:00,22.242581554769288,22.51839812381921,22.055420244383747,22.459293365478516,278000,0.0,0.0
2022-02-15 00:00:00-05:00,22.60705500213655,23.001077358403755,22.587353414611492,22.597204208374023,211200,0.0,0.0
2022-02-16 00:00:00-05:00,22.646456260925937,22.646456260925937,22.05542178807817,22.31153678894043,215100,0.0,0.0
2022-02-17 00:00:00-05:00,22.29183457371643,22.29183457371643,21.671249615952185,22.045570373535156,227700,0.0,0.0
2022-02-18 00:00:00-05:00,21.917513868732676,21.917513868732676,21.15901967943084,21.2476749420166,377300,0.0,0.0
2022-02-22 00:00:00-05:00,21.257525363492324,21.523491146595074,20.962009079275965,21.35603141784668,348300,0.0,0.0
2022-02-23 00:00:00-05:00,21.395431914862552,21.553040844416678,20.93245591915313,21.287076950073242,315300,0.0,0.0
2022-02-24 00:00:00-05:00,21.011262031367963,21.779607032323227,20.82410070828012,21.740203857421875,345700,0.0,0.0
2022-02-25 00:00:00-05:00,21.868262384236008,22.321387624328317,21.759905531671848,22.055421829223633,233900,0.0,0.0
2022-02-28 00:00:00-05:00,21.917513765552464,22.213030053549307,21.81900770993794,22.016019821166992,250000,0.0,0.0
2022-03-01 00:00:00-05:00,21.621996937219247,21.621996937219247,19.80949232305492,19.898147583007812,560900,0.0,0.0
2022-03-02 00:00:00-05:00,19.779941607323963,20.252768447615328,19.356366858328713,19.523826599121094,444600,0.0,0.0
2022-03-03 00:00:00-05:00,19.563228756649636,19.730688488723,18.942641917087915,19.080551147460938,393000,0.0,0.0
2022-03-04 00:00:00-05:00,18.893390623521853,18.922941126465886,18.48951746661419,18.607723236083984,355400,0.0,0.0
2022-03-07 00:00:00-05:00,18.588023462481146,20.282320556819993,18.578172668585086,20.233068466186523,288100,0.0,0.0
2022-03-08 00:00:00-05:00,19.967101728613184,20.627089857839685,19.710986735899507,20.105009078979492,312000,0.0,0.0
2022-03-09 00:00:00-05:00,20.25276735368633,20.499031554558943,20.02620473980675,20.164112091064453,243300,0.0,0.0
2022-03-10 00:00:00-05:00,19.967102463758895,20.282320349828527,19.898148786037016,20.144412994384766,190700,0.0,0.0
2022-03-11 00:00:00-05:00,20.164113035664574,20.705895430272488,20.164113035664574,20.292171478271484,174800,0.0,0.0
2022-03-14 00:00:00-04:00,20.459629510224055,20.991559187630255,20.124710058993728,20.922605514526367,335400,0.0,0.0
2022-03-15 00:00:00-04:00,19.868595778116237,21.277227306061224,19.868595778116237,20.96200942993164,322500,0.0,0.0
2022-03-16 00:00:00-04:00,20.91275467207405,21.47423672756355,20.63693998030892,21.43483543395996,271700,0.0,0.0
2022-03-17 00:00:00-04:00,21.316628113434035,21.53334180744982,20.93245657054671,21.29692840576172,166100,0.0,0.0
2022-03-18 00:00:00-04:00,21.306778775137303,21.799307198665502,20.942308793880663,21.661399841308594,616300,0.0,0.0
2022-03-21 00:00:00-04:00,21.671250635240778,22.016020907479884,21.54319407181605,21.661399841308594,248700,0.0,0.0
2022-03-22 00:00:00-04:00,21.59244709902186,22.016021862240617,21.59244709902186,21.789459228515625,257300,0.0,0.0
2022-03-23 00:00:00-04:00,21.602294060114286,22.50854631304922,21.602294060114286,22.30168342590332,257300,0.0,0.0
2022-03-24 00:00:00-04:00,22.32138878076045,22.528251702841345,22.055422971876542,22.272136688232422,271200,0.0,0.0
2022-03-25 00:00:00-04:00,22.291834995080013,23.01092790112526,22.262284492961605,22.764663696289062,285400,0.0,0.0
2022-03-28 00:00:00-04:00,22.616902933057048,22.76466295421959,22.449445082920036,22.72525978088379,262700,0.0,0.0
2022-03-29 00:00:00-04:00,22.922271700208967,23.365546123488766,22.922271700208967,23.178386688232422,285600,0.0,0.0
2022-03-30 00:00:00-04:00,23.227639439209582,23.621661786330197,23.148834969785458,23.1882381439209,258800,0.0,0.0
2022-03-31 00:00:00-04:00,23.178388061643638,23.61181171735306,22.676008849081214,23.22764015197754,279200,0.0,0.0
2022-04-01 00:00:00-04:00,23.257191150350124,23.818673213690516,22.941973281727215,23.72016716003418,348100,0.0,0.0
2022-04-04 00:00:00-04:00,23.72016873436409,23.91718085475264,23.109432664237055,23.572410583496094,261100,0.0,0.0
2022-04-05 00:00:00-04:00,23.41480008466158,24.163443462064333,23.404949291411274,23.72016716003418,330500,0.0,0.0
2022-04-06 00:00:00-04:00,23.592110394430374,23.65121327455679,23.335995408753664,23.631511688232422,274500,0.0,0.0
2022-04-07 00:00:00-04:00,23.72016737064275,24.03538524206444,23.473903173738712,23.808822631835938,561200,0.0,0.0
2022-04-08 00:00:00-04:00,23.907328366057722,24.15359255966232,23.848223606823,23.94672966003418,204800,0.0,0.0
2022-04-11 00:00:00-04:00,23.976282505561084,24.08463935408365,23.25719149718541,23.32614517211914,221100,0.0,0.0
2022-04-12 00:00:00-04:00,23.109431698389056,23.877776681175575,23.109431698389056,23.70046615600586,154000,0.0,0.0
2022-04-13 00:00:00-04:00,23.69061696536501,24.07479042217392,23.69061696536501,23.838376998901367,177200,0.0,0.0
2022-04-14 00:00:00-04:00,23.621661670578018,24.10433927829137,23.296593000940586,23.4148006439209,206000,0.0,0.0
2022-04-18 00:00:00-04:00,23.473904531807577,23.473904531807577,22.646456632030773,22.744962692260742,191000,0.0,0.0
2022-04-19 00:00:00-04:00,22.528251493616615,22.784364627000066,22.272136481386287,22.469146728515625,187100,0.0,0.0
2022-04-20 00:00:00-04:00,22.488846731097286,22.587352787139306,22.22288094343785,22.33123779296875,118000,0.0,0.0
2022-04-21 00:00:00-04:00,22.341088794970744,22.587352997950852,22.20318144253285,22.419893264770508,171200,0.0,0.0
2022-04-22 00:00:00-04:00,22.41004308885122,22.804065448710013,22.10467599481651,22.68585968017578,230200,0.0,0.0
2022-04-25 00:00:00-04:00,22.65630675387186,22.813915694025834,21.927364935948027,22.449445724487305,224400,0.0,0.0
2022-04-26 00:00:00-04:00,22.203183324175814,22.429745959194687,21.819009857353674,21.848562240600586,213400,0.0,0.0
2022-04-27 00:00:00-04:00,21.907663424105607,22.331238156794555,21.7402036897599,21.93721580505371,166600,0.0,0.0
2022-04-28 00:00:00-04:00,22.16377813990326,22.587352867192447,21.92736473187257,22.360790252685547,256000,0.0,0.0
2022-04-29 00:00:00-04:00,21.621996937219247,21.86826113067802,19.622331009949175,19.898147583007812,374600,0.0,0.0
2022-05-02 00:00:00-04:00,18.88353995683284,18.952493635962654,16.80506939470761,18.381160736083984,1027300,0.0,0.0
2022-05-03 00:00:00-04:00,19.563230108766774,19.62233299509912,18.637276121607893,19.38591957092285,495900,0.0,0.0
2022-05-04 00:00:00-04:00,19.494273680236844,21.493937649080348,19.316963167387414,21.424983978271484,391800,0.0,0.0
2022-05-05 00:00:00-04:00,21.34618149572704,21.64169779200429,20.56798570129854,20.912755966186523,275100,0.0,0.0
2022-05-06 00:00:00-04:00,20.380826374429446,21.277227940989786,20.380826374429446,20.686193466186523,244100,0.0,0.0
2022-05-09 00:00:00-04:00,20.311873470116733,21.09006741980429,20.23306899573259,20.75514793395996,216700,0.0,0.0
2022-05-10 00:00:00-04:00,20.942307904121012,21.159019724881293,19.484424283340754,19.907997131347656,230400,0.0,0.0
2022-05-11 00:00:00-04:00,20.026203926216176,20.617238360068246,19.86859499436851,20.351272583007812,271100,0.0,0.0
2022-05-12 00:00:00-04:00,20.370976864977255,20.54828740648179,19.967103688815552,20.420228958129883,255000,0.0,0.0
2022-05-13 00:00:00-04:00,20.48918118246111,20.61723962170281,20.0557575327808,20.34142303466797,143700,0.0,0.0
2022-05-16 00:00:00-04:00,20.173963006517127,20.57783614808197,20.016354067313614,20.479331970214844,147600,0.0,0.0
2022-05-17 00:00:00-04:00,20.72559750339521,21.139319586235022,20.49903299475123,21.07036590576172,179200,0.0,0.0
2022-05-18 00:00:00-04:00,21.22797429911148,21.51364168655836,20.883205905774673,21.375734329223633,297200,0.0,0.0
2022-05-19 00:00:00-04:00,21.198423969614193,21.51364186258518,21.011262641095104,21.178722381591797,239900,0.0,0.0
2022-05-20 00:00:00-04:00,21.29692923534616,21.50379026531364,20.67634238775016,21.10976791381836,184700,0.0,0.0
2022-05-23 00:00:00-04:00,21.30677861168146,22.41004309861349,21.178722049239123,22.14407730102539,209600,0.0,0.0
2022-05-24 00:00:00-04:00,21.927363541541443,22.65630531311035,21.700800939333536,22.65630531311035,153600,0.0,0.0
2022-05-25 00:00:00-04:00,22.61690347697935,22.991226117284832,22.42974403567337,22.961673736572266,127400,0.0,0.0
2022-05-26 00:00:00-04:00,22.88286871653357,23.257191347836827,22.705558194215886,22.72525978088379,118200,0.0,0.0
2022-05-27 00:00:00-04:00,22.597202908183856,23.188237348001323,22.34108792163473,22.86316680908203,134500,0.0,0.0
2022-05-31 00:00:00-04:00,22.695709653021503,22.961673562025805,22.4100422781785,22.61690330505371,209000,0.0,0.0
2022-06-01 00:00:00-04:00,22.616902458491293,22.71540851091715,22.153926454590437,22.51839828491211,286500,0.0,0.0
2022-06-02 00:00:00-04:00,22.666158598647588,22.744963072379193,22.055422518092506,22.636606216430664,109200,0.0,0.0
2022-06-03 00:00:00-04:00,22.44944521192344,22.90257043480871,22.37063886479898,22.78436279296875,148200,0.0,0.0
2022-06-06 00:00:00-04:00,23.040477143385488,23.36554580084057,22.45929350144356,22.774513244628906,118700,0.0,0.0
2022-06-07 00:00:00-04:00,22.616903368917065,22.626754162440854,21.8978123513012,22.360790252685547,137700,0.0,0.0
2022-06-08 00:00:00-04:00,22.134228348378667,22.58735550924163,22.09482704852148,22.40019416809082,132300,0.0,0.0
2022-06-09 00:00:00-04:00,22.33123602031016,22.636603078838252,22.104673424590825,22.390338897705078,113000,0.0,0.0
2022-06-10 00:00:00-04:00,22.291832633291936,22.646453651915436,21.976614785113973,22.30168342590332,139700,0.0,0.0
2022-06-13 00:00:00-04:00,21.947066450456408,22.232731948971384,20.962009638334703,21.0506649017334,259900,0.0,0.0
2022-06-14 00:00:00-04:00,21.356032042371435,21.81900806887522,21.247675191528238,21.621997833251953,187500,0.0,0.0
2022-06-15 00:00:00-04:00,21.592444783033116,22.32138657781926,21.5136403154575,22.153926849365234,168900,0.0,0.0
2022-06-16 00:00:00-04:00,21.84855943277697,22.311535437731926,21.553041274826562,22.006168365478516,152700,0.0,0.0
2022-06-17 00:00:00-04:00,22.065272106068704,23.227639439209582,22.065272106068704,23.1882381439209,326400,0.0,0.0
2022-06-21 00:00:00-04:00,23.286742266949787,24.064938044678748,22.823766245024764,23.986133575439453,193500,0.0,0.0
2022-06-22 00:00:00-04:00,23.661065123231776,24.616569556428093,23.542857478859055,24.360454559326172,234800,0.0,0.0
2022-06-23 00:00:00-04:00,24.330903573380002,24.912087232387595,24.242248311575676,24.69537353515625,141200,0.0,0.0
2022-06-24 00:00:00-04:00,24.527913508329167,25.542522670682715,24.527913508329167,25.375062942504883,598000,0.0,0.0
2022-06-27 00:00:00-04:00,25.453867572113346,25.493268866663833,24.91208708982877,25.178050994873047,138400,0.0,0.0
2022-06-28 00:00:00-04:00,23.66106249427611,24.074786385342055,21.040811810473976,21.15901756286621,347300,0.0,0.0
2022-06-29 00:00:00-04:00,21.00141078483164,21.681100506450875,20.636940819086412,21.533342361450195,248500,0.0,0.0
2022-06-30 00:00:00-04:00,21.316628185951394,22.144076034098003,21.316628185951394,21.868261337280273,211300,0.0,0.0
2022-07-01 00:00:00-04:00,21.444686585145348,22.922271757461985,21.444686585145348,22.666156768798828,211100,0.0,0.0
2022-07-05 00:00:00-04:00,22.360790599959717,22.88286951290144,21.503790338547915,22.794214248657227,199800,0.0,0.0
2022-07-06 00:00:00-04:00,22.804064508389732,22.951822652388156,21.937215352444717,22.016019821166992,139300,0.0,0.0
2022-07-07 00:00:00-04:00,22.025870447321704,22.222880678207684,21.060513364247527,21.12946891784668,119400,0.0,0.0
2022-07-08 00:00:00-04:00,20.96200868706955,21.326478638860586,20.66649052953572,20.922605514526367,101200,0.0,0.0
2022-07-11 00:00:00-04:00,20.71574500534924,20.981708911178483,20.282319490934338,20.331571578979492,85400,0.0,0.0
2022-07-12 00:00:00-04:00,20.30202145792547,20.932457215175074,20.04590646183113,20.764997482299805,113300,0.0,0.0
2022-07-13 00:00:00-04:00,20.518733856497654,20.89305462817412,20.282320440884074,20.745296478271484,116800,0.0,0.0
2022-07-14 00:00:00-04:00,20.44977869079529,20.76499655534874,20.20351449925707,20.636940002441406,139300,0.0,0.0
2022-07-15 00:00:00-04:00,20.981708158015596,21.129468174540488,20.479330865678932,21.090065002441406,143700,0.0,0.0
2022-07-18 00:00:00-04:00,21.080215692030233,21.45453833791172,20.5088828083372,20.627090454101562,90700,0.0,0.0
2022-07-19 00:00:00-04:00,20.755146524442385,21.31662860115405,20.154261273791146,20.96200942993164,178400,0.0,0.0
2022-07-20 00:00:00-04:00,20.932457215175074,21.060513773798867,20.627090130113142,20.764997482299805,150000,0.0,0.0
2022-07-21 00:00:00-04:00,20.489180495409904,20.489180495409904,19.50412370469122,20.04590606689453,219200,0.0,0.0
2022-07-22 00:00:00-04:00,19.947399220187876,20.13456052907164,19.494274016291726,19.976951599121094,206300,0.0,0.0
2022-07-25 00:00:00-04:00,20.065608326479914,20.853653033941193,19.878447003890315,20.34142303466797,132100,0.0,0.0
2022-07-26 00:00:00-04:00,20.262617969609813,20.981708978932804,20.213365881405615,20.902904510498047,96400,0.0,0.0
2022-07-27 00:00:00-04:00,20.912756731902796,21.67125096665911,20.82410146400417,21.52349281311035,136500,0.0,0.0
2022-07-28 00:00:00-04:00,21.316629569069487,21.740204313919232,21.316629569069487,21.661399841308594,97500,0.0,0.0
2022-07-29 00:00:00-04:00,21.592443717276403,21.99631682852297,21.227971898449525,21.966764450073242,115200,0.0,0.0
2022-08-01 00:00:00-04:00,21.99632026460441,22.22288289823755,21.562894707201988,22.075124740600586,158500,0.0,0.0
2022-08-02 00:00:00-04:00,22.173629982696355,22.439595783884073,21.710653938250463,21.720502853393555,123900,0.0,0.0
2022-08-03 00:00:00-04:00,21.385582387862133,21.592445294426646,20.6566405758118,21.56289291381836,210600,0.0,0.0
2022-08-04 00:00:00-04:00,21.661399063434818,22.24258273263519,21.562893006497223,21.878110885620117,138400,0.0,0.0
2022-08-05 00:00:00-04:00,21.838710637709507,22.616904579266606,21.690952484638853,22.6070556640625,108800,0.0,0.0
2022-08-08 00:00:00-04:00,22.646454498912178,23.27689021884694,22.488845568928486,22.91242027282715,142200,0.0,0.0
2022-08-09 00:00:00-04:00,22.922271908453254,23.26704216003418,22.153926937402623,23.26704216003418,131500,0.0,0.0
2022-08-10 00:00:00-04:00,23.414800846597835,23.641363462187243,22.93212323470646,22.961673736572266,156700,0.0,0.0
2022-08-11 00:00:00-04:00,22.9813744485842,23.26704181472054,22.823765515145766,22.86316680908203,82600,0.0,0.0
2022-08-12 00:00:00-04:00,22.873018242084235,23.680766397108982,22.794213773160692,23.670915603637695,106900,0.0,0.0
2022-08-15 00:00:00-04:00,23.513308506750576,23.966433768826423,23.089733748555478,23.927032470703125,106000,0.0,0.0
2022-08-16 00:00:00-04:00,24.1338898990157,24.1338898990157,22.676006388692223,23.75956916809082,130800,0.0,0.0
2022-08-17 00:00:00-04:00,23.52315414848015,23.52315414848015,23.09958132807965,23.335994720458984,72400,0.0,0.0
2022-08-18 00:00:00-04:00,23.267043079082598,23.483754904625176,22.86316805149698,23.395099639892578,59500,0.0,0.0
2022-08-19 00:00:00-04:00,23.296594039583677,23.651215105488113,23.10943271270669,23.601961135864258,80400,0.0,0.0
2022-08-22 00:00:00-04:00,23.47390232074988,23.47390232074988,22.853317393794928,22.91242027282715,107800,0.0,0.0
2022-08-23 00:00:00-04:00,22.764663944643434,22.991226564641227,22.597204208374023,22.597204208374023,92600,0.0,0.0
2022-08-24 00:00:00-04:00,22.459295179266014,22.813916242562332,22.341089410731783,22.68585968017578,85100,0.0,0.0
2022-08-25 00:00:00-04:00,22.95182289245567,23.25719185593942,22.488846868725595,22.9321231842041,130900,0.0,0.0
2022-08-26 00:00:00-04:00,22.863166486573284,22.912420451857198,22.439593658211614,22.459293365478516,87000,0.0,0.0
2022-08-29 00:00:00-04:00,22.41004304830494,22.439595429808435,22.01602068915905,22.114526748657227,76900,0.0,0.0
2022-08-30 00:00:00-04:00,21.769755072280937,22.03572085207555,21.61214613881302,21.779605865478516,125000,0.0,0.0
2022-08-31 00:00:00-04:00,21.671249437379238,22.006168897173747,21.45453761939027,21.95691680908203,165200,0.0,0.0
2022-09-01 00:00:00-04:00,21.848560838424046,21.91751451606133,21.3855829248363,21.799306869506836,107200,0.0,0.0
2022-09-02 00:00:00-04:00,21.986467544333433,22.035721511795938,21.070364416845084,21.2476749420166,81600,0.0,0.0
2022-09-06 00:00:00-04:00,21.424985795014585,21.50379026531364,20.558136621724966,21.10976791381836,154800,0.0,0.0
2022-09-07 00:00:00-04:00,21.16886915221876,21.287076787907168,20.66648998852464,21.22797203063965,110400,0.0,0.0
2022-09-08 00:00:00-04:00,21.42498496622453,21.42498496622453,20.459629772692566,20.49903106689453,109600,0.0,0.0
2022-09-09 00:00:00-04:00,20.499031974962495,20.981709593110175,20.213366473092016,20.88320541381836,122300,0.0,0.0
2022-09-12 00:00:00-04:00,21.227973224813198,21.395432955464972,20.853652468628095,21.18857192993164,163900,0.0,0.0
2022-09-13 00:00:00-04:00,20.853652152418253,20.853652152418253,19.050998316311194,19.15935516357422,143500,0.0,0.0
2022-09-14 00:00:00-04:00,19.169206431849013,19.385920152985925,18.391012455426015,18.794885635375977,155400,0.0,0.0
2022-09-15 00:00:00-04:00,18.57817127841679,18.92293964474639,18.400860759249174,18.52891731262207,142200,0.0,0.0
2022-09-16 00:00:00-04:00,18.450114444935526,18.6865278646958,18.016690781465112,18.666828155517578,416400,0.0,0.0
2022-09-19 00:00:00-04:00,18.56832247390145,18.735782217844847,18.203850603372807,18.5584716796875,129000,0.0,0.0
2022-09-20 00:00:00-04:00,18.322056479079784,18.400860946305745,17.750723621979887,18.331907272338867,99600,0.0,0.0
2022-09-21 00:00:00-04:00,18.410712159949,18.765331331139734,18.19399846099421,18.509218215942383,137400,0.0,0.0
2022-09-22 00:00:00-04:00,18.509217143803856,18.509217143803856,18.065940856933594,18.065940856933594,132200,0.0,0.0
2022-09-23 00:00:00-04:00,18.35160776099488,18.35160776099488,17.366550939326203,17.573413848876953,139200,0.0,0.0
2022-09-26 00:00:00-04:00,17.57341164044758,17.859077105831936,17.268044590182498,17.455204010009766,124200,0.0,0.0
2022-09-27 00:00:00-04:00,17.55371015566265,17.809825124032898,16.94297605164992,16.97252655029297,105400,0.0,0.0
2022-09-28 00:00:00-04:00,17.19909242398436,17.750725636001867,17.090737443533747,17.56356430053711,127000,0.0,0.0
2022-09-29 00:00:00-04:00,17.366550129701054,17.474906976264005,16.73611439445486,16.962677001953125,121000,0.0,0.0
2022-09-30 00:00:00-04:00,16.96267719171497,17.396102703968815,16.716412995023624,16.765666961669922,206900,0.0,0.0
2022-10-03 00:00:00-04:00,16.85432208565577,17.50445940932351,16.726263652264024,17.24834442138672,195500,0.0,0.0
2022-10-04 00:00:00-04:00,17.376400736847465,17.691618601095097,17.149838131775315,17.415803909301758,222700,0.0,0.0
2022-10-05 00:00:00-04:00,17.120285022368883,17.189240571223397,16.25343593265321,16.322389602661133,155300,0.0,0.0
2022-10-06 00:00:00-04:00,16.253437318757737,16.361794168780417,15.928368647536452,15.957921028137207,150300,0.0,0.0
2022-10-07 00:00:00-04:00,15.869266182239135,15.879116976031607,15.396438413857902,15.593449592590332,156700,0.0,0.0
2022-10-10 00:00:00-04:00,15.64270376603906,16.066277596432773,15.514646255642623,15.967771530151367,193300,0.0,0.0
2022-10-11 00:00:00-04:00,15.89881651801646,16.33224204610526,15.84956442841748,16.204185485839844,193400,0.0,0.0
2022-10-12 00:00:00-04:00,16.302688998609096,16.302688998609096,15.81016060736596,16.194334030151367,105300,0.0,0.0
2022-10-13 00:00:00-04:00,16.046575630002692,17.17939053584046,15.88896481880537,17.15968894958496,139900,0.0,0.0
2022-10-14 00:00:00-04:00,17.287745287356064,17.514309768780702,16.923275340399588,17.071033477783203,149200,0.0,0.0
2022-10-17 00:00:00-04:00,17.42565447663672,18.174297833948252,17.42565447663672,18.125043869018555,206100,0.0,0.0
2022-10-18 00:00:00-04:00,18.4008613210903,18.913091307915387,17.91818371464438,18.22355079650879,142000,0.0,0.0
2022-10-19 00:00:00-04:00,18.006838427124855,18.5584696920989,17.977286047648025,18.52891731262207,116700,0.0,0.0
2022-10-20 00:00:00-04:00,18.509217528556256,19.060848791247547,18.45011276984718,18.755481719970703,147000,0.0,0.0
2022-10-21 00:00:00-04:00,18.61757275601949,18.98204459111214,18.49936699463848,18.873687744140625,117900,0.0,0.0
2022-10-24 00:00:00-04:00,19.021446761333497,19.10025123216579,18.765331761416846,18.97219467163086,116500,0.0,0.0
2022-10-25 00:00:00-04:00,19.139655400484706,19.563230157762266,19.05100013134071,19.415470123291016,134000,0.0,0.0
2022-10-26 00:00:00-04:00,19.701136349951692,21.050665016615962,19.642033466978933,20.282320022583008,178700,0.0,0.0
2022-10-27 00:00:00-04:00,20.33156978073432,21.464386494047034,20.321718988227207,21.15901756286621,146600,0.0,0.0
2022-10-28 00:00:00-04:00,21.543193339204784,22.193330685845286,21.178721491495768,22.16377830505371,123800,0.0,0.0
2022-10-31 00:00:00-04:00,22.163777403827456,22.350938716870186,21.750053483802144,22.321386337280273,180000,0.0,0.0
2022-11-01 00:00:00-04:00,22.341088164424843,22.449445011908836,20.439928270460513,22.153926849365234,172100,0.0,0.0
2022-11-02 00:00:00-04:00,21.06051335288397,21.523491246851997,18.578171668902293,18.962343215942383,178800,0.0,0.0
2022-11-03 00:00:00-04:00,18.60772199752372,18.60772199752372,17.711320476848567,18.07579231262207,249500,0.0,0.0
2022-11-04 00:00:00-04:00,18.046111029720585,19.045375092174435,17.333765212113086,18.986013412475586,197300,0.08,0.0
2022-11-07 00:00:00-05:00,18.916756612369017,19.15420520326817,17.007272070930473,17.71961784362793,247300,0.0,0.0
2022-11-08 00:00:00-05:00,17.749300359457692,17.96696110501845,17.482169975991948,17.778980255126953,191400,0.0,0.0
2022-11-09 00:00:00-05:00,17.699830398308272,18.37260236493972,17.106209850879296,17.343658447265625,192600,0.0,0.0
2022-11-10 00:00:00-05:00,17.96696104794122,18.6793068478465,17.96696104794122,18.59026527404785,184000,0.0,0.0
2022-11-11 00:00:00-05:00,18.590264776378255,19.213567098725083,16.99737833794105,18.857393264770508,128300,0.0,0.0
2022-11-14 00:00:00-05:00,18.748563308454194,18.748563308454194,18.174728751688992,18.204408645629883,139900,0.0,0.0
2022-11-15 00:00:00-05:00,18.204410212459837,18.8771822101044,18.11536674882607,18.68920135498047,117500,0.0,0.0
2022-11-16 00:00:00-05:00,18.6990949943438,18.788138456603786,18.29345339385885,18.76835060119629,83200,0.0,0.0
2022-11-17 00:00:00-05:00,18.52100824145892,19.045375092174435,18.481434417350943,18.986013412475586,85500,0.0,0.0
2022-11-18 00:00:00-05:00,19.371865637569403,19.43122731259957,18.80792500709874,18.867286682128906,141200,0.0,0.0
2022-11-21 00:00:00-05:00,18.837608288538586,19.302611572946716,18.669415289995428,19.243249893188477,115100,0.0,0.0
2022-11-22 00:00:00-05:00,19.29271704320948,19.29271704320948,18.64962685251724,19.144311904907227,91900,0.0,0.0
2022-11-23 00:00:00-05:00,19.164099039746123,19.35207799389731,18.946436417146742,19.34218406677246,51400,0.0,0.0
2022-11-25 00:00:00-05:00,19.263034295041898,19.678569793701172,19.263034295041898,19.678569793701172,40800,0.0,0.0
2022-11-28 00:00:00-05:00,19.668676097041754,19.668676097041754,18.60015650041492,18.679306030273438,90800,0.0,0.0
2022-11-29 00:00:00-05:00,18.6694138588947,18.81781899045122,18.431963383915917,18.718881607055664,122800,0.0,0.0
2022-11-30 00:00:00-05:00,18.80792735083807,19.43122973401138,18.42207358444859,19.263036727905273,170400,0.0,0.0
2022-12-01 00:00:00-05:00,19.213567454574214,19.737934287933026,18.550689410811597,18.629838943481445,156400,0.0,0.0
2022-12-02 00:00:00-05:00,18.491327133684905,18.70898786970313,18.28355843774027,18.530900955200195,116600,0.0,0.0
2022-12-05 00:00:00-05:00,18.34292314419596,18.708989036097446,18.164836218590366,18.214303970336914,115700,0.0,0.0
2022-12-06 00:00:00-05:00,18.164837094119623,18.20441092000953,17.749301543369377,17.976856231689453,77000,0.0,0.0
2022-12-07 00:00:00-05:00,18.105473095620166,18.41217920259962,17.947174021664107,18.0955810546875,90100,0.0,0.0
2022-12-08 00:00:00-05:00,18.105471983605334,18.333028539630526,17.917493024249072,18.00653648376465,94100,0.0,0.0
2022-12-09 00:00:00-05:00,17.85812830017961,18.32313342235846,17.80866055347162,18.06589698791504,81600,0.0,0.0
2022-12-12 00:00:00-05:00,18.04610998696886,18.253878684520068,17.78887354037262,17.828449249267578,98200,0.0,0.0
2022-12-13 00:00:00-05:00,18.085686057896606,18.738670171145316,17.80866175130751,17.858129501342773,256300,0.0,0.0
2022-12-14 00:00:00-05:00,17.749299625142942,18.224196806941247,17.571212710200165,17.71961784362793,123400,0.0,0.0
2022-12-15 00:00:00-05:00,17.57121361068754,17.709724824042038,16.977591159480944,17.076528549194336,199000,0.0,0.0
2022-12-16 00:00:00-05:00,16.81929095357281,16.967696084571962,16.34439377954607,16.730247497558594,533200,0.0,0.0
2022-12-19 00:00:00-05:00,16.62141710714359,17.056740484290195,16.294925046052068,16.34439468383789,173900,0.0,0.0
2022-12-20 00:00:00-05:00,16.314713122853018,16.76982436129807,15.99811498501668,16.413650512695312,144600,0.0,0.0
2022-12-21 00:00:00-05:00,16.65109929146054,17.20514603850997,16.522482004262447,16.888547897338867,107000,0.0,0.0
2022-12-22 00:00:00-05:00,16.700566348515636,17.41291402358618,16.10694580205511,16.42354393005371,155500,0.0,0.0
2022-12-23 00:00:00-05:00,16.383968950377362,16.809398411479815,15.988221272749653,16.482906341552734,86600,0.0,0.0
2022-12-27 00:00:00-05:00,16.482907000588046,16.54226868283721,16.116841091798683,16.17620277404785,76300,0.0,0.0
2022-12-28 00:00:00-05:00,16.14652066569832,16.24545805884611,15.592473905974032,15.612260818481445,102300,0.0,0.0
2022-12-29 00:00:00-05:00,15.829922232898126,16.047582984253914,15.641942321538693,15.820028305053711,117300,0.0,0.0
2022-12-30 00:00:00-05:00,15.711197853088379,15.760666548533363,15.483642231456207,15.711197853088379,157400,0.0,0.0
2023-01-03 00:00:00-05:00,15.94864758283003,16.463118624541607,15.453961566324226,16.18609619140625,152400,0.0,0.0
2023-01-04 00:00:00-05:00,16.413650802335273,16.641205482036415,16.008009195190176,16.334501266479492,125400,0.0,0.0
2023-01-05 00:00:00-05:00,16.34439629613843,16.364184153204743,16.0277981313731,16.166309356689453,99700,0.0,0.0
2023-01-06 00:00:00-05:00,16.443331663777517,16.858867175485216,16.29492464118116,16.720354080200195,104500,0.0,0.0
2023-01-09 00:00:00-05:00,16.740142511358606,16.90833550729657,16.502693908929785,16.562055587768555,92900,0.0,0.0
2023-01-10 00:00:00-05:00,16.473012564646925,16.710461173398958,16.29492563631445,16.7005672454834,102600,0.0,0.0
2023-01-11 00:00:00-05:00,16.84897387380516,17.076528549194336,16.75003648409177,17.076528549194336,87300,0.0,0.0
2023-01-12 00:00:00-05:00,17.17546505870158,17.778979519584304,17.066633746886847,17.71961784362793,102500,0.0,0.0
2023-01-13 00:00:00-05:00,17.551424669382005,18.036215773201327,17.551424669382005,17.9075984954834,78100,0.0,0.0
2023-01-17 00:00:00-05:00,17.907598569738326,18.036215847989574,17.74929951016434,18.016427993774414,53100,0.0,0.0
2023-01-18 00:00:00-05:00,18.046109775097154,18.174728940422042,17.64046819905461,18.016427993774414,79600,0.0,0.0
2023-01-19 00:00:00-05:00,17.76908643933133,18.164835996765973,17.49206401361557,18.145048141479492,90600,0.0,0.0
2023-01-20 00:00:00-05:00,18.36270764767785,18.728775397448306,18.016427751856853,18.352813720703125,128700,0.0,0.0
2023-01-23 00:00:00-05:00,18.283559466155104,18.817820239715036,18.105472541635127,18.76835060119629,85600,0.0,0.0
2023-01-24 00:00:00-05:00,18.61005069843336,18.906862855028663,18.27366471986955,18.34292221069336,66500,0.0,0.0
2023-01-25 00:00:00-05:00,18.135153614858446,18.73866997164664,18.135153614858446,18.708988189697266,53700,0.0,0.0
2023-01-26 00:00:00-05:00,18.84749949035808,19.164099504815464,18.52100743560943,18.817819595336914,64600,0.0,0.0
2023-01-27 00:00:00-05:00,18.699094047486422,19.391653855090002,18.699094047486422,19.302610397338867,70900,0.0,0.0
2023-01-30 00:00:00-05:00,19.3026099786374,19.441121182324142,18.986011863311344,19.01569175720215,72000,0.0,0.0
2023-01-31 00:00:00-05:00,19.035479874196735,19.579634543621538,18.986012125646138,19.34218406677246,230100,0.0,0.0
2023-02-01 00:00:00-05:00,19.20367293213445,20.20293693055296,19.20367293213445,19.856657028198242,151300,0.0,0.0
2023-02-02 00:00:00-05:00,19.896234599125417,20.846029050637355,19.510378952009095,20.5195369720459,129600,0.0,0.0
2023-02-03 00:00:00-05:00,20.222725488058746,20.58879137039144,19.846763791146895,20.06442642211914,195300,0.0,0.0
2023-02-06 00:00:00-05:00,19.846765831992375,19.846765831992375,18.09558199907681,18.738672256469727,114200,0.0,0.0
2023-02-07 00:00:00-05:00,18.550689382774987,18.708988447875438,17.947173017658454,18.372602462768555,155400,0.0,0.0
2023-02-08 00:00:00-05:00,18.19451670864818,18.560584499571288,18.154942883374073,18.313241958618164,79100,0.0,0.0
2023-02-09 00:00:00-05:00,18.34292439197432,18.629840768354573,18.17473138269145,18.26377296447754,81800,0.0,0.0
2023-02-10 00:00:00-05:00,18.194515982628495,18.659521148792418,18.08568655216197,18.5111141204834,70700,0.0,0.0
2023-02-13 00:00:00-05:00,18.501221843211447,19.12452418325626,18.362708744366365,19.104736328125,63600,0.0,0.0
2023-02-14 00:00:00-05:00,18.906863945145563,19.282823767354667,18.71888309050412,18.837608337402344,78500,0.0,0.0
2023-02-15 00:00:00-05:00,18.610052287079352,19.114631297998418,18.491328923965355,19.084951400756836,76800,0.0,0.0
2023-02-16 00:00:00-05:00,18.887076431832682,18.887076431832682,18.10547310268027,18.61005210876465,109000,0.0,0.0
2023-02-17 00:00:00-05:00,18.80792714705484,19.510379061545052,18.79803321891182,19.451017379760742,125800,0.0,0.0
2023-02-21 00:00:00-05:00,19.124524380851913,19.322399160061497,18.56058371330048,18.659521102905273,136900,0.0,0.0
2023-02-22 00:00:00-05:00,18.21430385798388,20.01495718431327,18.21430385798388,19.688465118408203,219100,0.0,0.0
2023-02-23 00:00:00-05:00,19.77750923678488,19.77750923678488,18.817820862637873,19.38176155090332,134000,0.0,0.0
2023-02-24 00:00:00-05:00,19.05526868964148,19.54005982077126,18.798032232640704,19.47080421447754,167500,0.0,0.0
2023-02-27 00:00:00-05:00,19.648889932832898,19.708251607863065,18.78813715306414,18.867286682128906,121800,0.0,0.0
2023-02-28 00:00:00-05:00,18.768351008959844,19.540060402954747,18.768351008959844,19.3125057220459,144800,0.0,0.0
2023-03-01 00:00:00-05:00,19.292716529382233,19.431227736498837,18.728775886609,19.154205322265625,78800,0.0,0.0
2023-03-02 00:00:00-05:00,19.04537471437056,19.104736392891848,18.80792611321167,18.956331253051758,78100,0.0,0.0
2023-03-03 00:00:00-05:00,19.164100071035367,19.421334641829567,18.76835051303929,19.322399139404297,159700,0.0,0.0
2023-03-06 00:00:00-05:00,19.2729299811371,19.322399620655595,17.53163829863582,17.620681762695312,223400,0.0,0.0
2023-03-07 00:00:00-05:00,17.699831526732382,17.887812385175277,17.056741301302687,17.432703018188477,194100,0.0,0.0
2023-03-08 00:00:00-05:00,17.551426896826506,18.550691012481014,16.829187112971642,18.451753616333008,160400,0.0,0.0
2023-03-09 00:00:00-05:00,18.44185984504483,18.986014584955456,18.253880866544222,18.412179946899414,151100,0.0,0.0
2023-03-10 00:00:00-05:00,18.323134297027604,18.7485637324894,17.99664224677821,18.4913272857666,129100,0.0,0.0
2023-03-13 00:00:00-04:00,18.03621827164598,18.560585156368784,17.383234091388694,18.26377296447754,113100,0.0,0.0
2023-03-14 00:00:00-04:00,18.867288146608878,18.867288146608878,18.352815224217668,18.728776931762695,135200,0.0,0.0
2023-03-15 00:00:00-04:00,18.26377247265939,18.807927199603053,17.541532699865236,18.78813934326172,197000,0.0,0.0
2023-03-16 00:00:00-04:00,18.40228432632225,19.213567510310032,17.689936643153487,19.144311904907227,226300,0.0,0.0
2023-03-17 00:00:00-04:00,18.9761181450022,19.480697104504525,18.402283582894903,18.827713012695312,693700,0.0,0.0
2023-03-20 00:00:00-04:00,18.956330551750188,19.30261045661537,18.867287093725604,19.154205322265625,168100,0.0,0.0
2023-03-21 00:00:00-04:00,19.411443394457272,19.638998078651976,18.89697045769843,18.976119995117188,156800,0.0,0.0
2023-03-22 00:00:00-04:00,18.976117775317643,18.976117775317643,18.37260144367696,18.39238929748535,170400,0.0,0.0
2023-03-23 00:00:00-04:00,18.501223472820094,18.946438930046117,18.056006128520174,18.26377296447754,153000,0.0,0.0
2023-03-24 00:00:00-04:00,18.12526079619946,18.372603333018937,17.749300970546326,18.135154724121094,130600,0.0,0.0
2023-03-27 00:00:00-04:00,18.293453216552734,18.98601305251263,18.15494200419025,18.293453216552734,108500,0.0,0.0
2023-03-28 00:00:00-04:00,18.283559155656327,18.600157288504686,18.154941871839327,18.33302879333496,74300,0.0,0.0
2023-03-29 00:00:00-04:00,18.441858291625977,19.025586808919066,18.313241007323953,18.441858291625977,104900,0.0,0.0
2023-03-30 00:00:00-04:00,18.540796643397318,18.540796643397318,18.253880277170087,18.313241958618164,70800,0.0,0.0
2023-03-31 00:00:00-04:00,18.382496226647486,18.89696912718284,18.35281444455263,18.817819595336914,200600,0.0,0.0
2023-04-03 00:00:00-04:00,18.798032539185787,19.01569328924033,18.580371789131245,18.728776931762695,122900,0.0,0.0
2023-04-04 00:00:00-04:00,18.71888416581172,18.93654492937592,18.392392076928477,18.926651000976562,155700,0.0,0.0
2023-04-05 00:00:00-04:00,18.887075607511292,19.401548519151973,18.837607856692422,19.36197280883789,96300,0.0,0.0
2023-04-06 00:00:00-04:00,19.40154955393124,19.62910423915262,19.28282430373053,19.599422454833984,62600,0.0,0.0
2023-04-10 00:00:00-04:00,19.441122303481237,19.836869970461322,19.30261109180664,19.767614364624023,110600,0.0,0.0
2023-04-11 00:00:00-04:00,19.767614017282177,20.23261916900256,19.767614017282177,19.995168685913086,77800,0.0,0.0
2023-04-12 00:00:00-04:00,20.183150929616012,20.183150929616012,19.609316311075542,19.747827529907227,65300,0.0,0.0
2023-04-13 00:00:00-04:00,19.74782740835223,20.074321371429498,19.73793536741699,20.044639587402344,86400,0.0,0.0
2023-04-14 00:00:00-04:00,19.995167873612,20.16336085817457,19.569740335787728,19.826976776123047,102200,0.0,0.0
2023-04-17 00:00:00-04:00,19.846764143389624,20.123788457237453,19.71814685768362,20.094106674194336,81400,0.0,0.0
2023-04-18 00:00:00-04:00,20.074321643254432,20.163363222393976,19.282824375477,19.451017379760742,77900,0.0,0.0
2023-04-19 00:00:00-04:00,19.302611929227535,19.51037875575315,19.2036745364218,19.272930145263672,97000,0.0,0.0
2023-04-20 00:00:00-04:00,19.134417977410582,19.24324929279997,18.708988530423397,19.144311904907227,124400,0.0,0.0
2023-04-21 00:00:00-04:00,19.045375313422635,19.26303606622947,18.837608488526172,19.055269241333008,105200,0.0,0.0
2023-04-24 00:00:00-04:00,19.055269817622253,19.352080115614726,18.62984033997888,18.639734268188477,77500,0.0,0.0
2023-04-25 00:00:00-04:00,18.431965099932146,18.708989421815943,18.115366953249985,18.243986129760742,99400,0.0,0.0
2023-04-26 00:00:00-04:00,18.105472277511485,18.491327904033803,18.065898454347547,18.184621810913086,83800,0.0,0.0
2023-04-27 00:00:00-04:00,18.33302947167766,18.8573944409572,18.30334768797222,18.798032760620117,112900,0.0,0.0
2023-04-28 00:00:00-04:00,19.7280399783273,20.707516133796574,18.590264760584628,20.588790893554688,173900,0.0,0.0
2023-05-01 00:00:00-04:00,20.588793098990905,20.766880034893262,19.629104695274048,19.73793601989746,132600,0.0,0.0
2023-05-02 00:00:00-04:00,19.629104986858067,19.916021364572014,19.08495212980554,19.40155029296875,157100,0.0,0.0
2023-05-03 00:00:00-04:00,19.52027209984962,19.965489410621153,19.352079103233013,19.431228637695312,127300,0.0,0.0
2023-05-04 00:00:00-04:00,19.421335887931484,19.520273283778472,19.18388727014303,19.371868133544922,88900,0.0,0.0
2023-05-05 00:00:00-04:00,19.431227066350857,19.747825178597726,18.748563094471145,19.203672409057617,118500,0.0,0.0
2023-05-08 00:00:00-04:00,19.134419206834284,19.49059307130353,18.481435046689896,18.93654441833496,102900,0.0,0.0
2023-05-09 00:00:00-04:00,18.81782179757849,18.966226951273175,18.323136693880254,18.738672256469727,82600,0.0,0.0
2023-05-10 00:00:00-04:00,19.015694337673278,19.30261259804396,18.87718311519026,19.22346305847168,97100,0.0,0.0
2023-05-11 00:00:00-04:00,19.14431226101412,19.391654791809977,18.986013192270672,19.173992156982422,77600,0.0,0.0
2023-05-12 00:00:00-04:00,19.183885861576307,19.32239896042139,18.94643726122239,19.104736328125,55300,0.0,0.0
2023-05-15 00:00:00-04:00,19.14431272157549,19.34218561872822,18.946437937348957,19.3125057220459,71100,0.0,0.0
2023-05-16 00:00:00-04:00,19.173991999012305,19.28282331552945,18.94643732545259,18.956331253051758,57600,0.0,0.0
2023-05-17 00:00:00-04:00,19.035481833122894,19.49059309233284,18.778245362625768,19.451017379760742,106200,0.0,0.0
2023-05-18 00:00:00-04:00,19.441121710652393,19.728039939884876,19.263034794173425,19.668676376342773,74400,0.0,0.0
2023-05-19 00:00:00-04:00,19.846763764300764,19.916019369671446,19.609315165712545,19.80718994140625,97400,0.0,0.0
2023-05-22 00:00:00-04:00,19.88633957005341,20.420598447681783,19.678570865866906,20.173255920410156,79500,0.0,0.0
2023-05-23 00:00:00-04:00,20.094106651678963,20.173256185964835,19.42133466671218,19.836870193481445,115900,0.0,0.0
2023-05-24 00:00:00-04:00,19.747826184957322,20.05453227301578,19.292716847178237,19.332292556762695,70100,0.0,0.0
2023-05-25 00:00:00-04:00,19.193779462810706,19.193779462810706,18.154941618040354,18.669414520263672,62600,0.0,0.0
2023-05-26 00:00:00-04:00,18.550690523838675,19.12452514189313,18.550690523838675,18.976119995117188,75000,0.0,0.0
2023-05-30 00:00:00-04:00,19.02558568419029,19.233354376794026,18.827712805648314,19.01569175720215,59500,0.0,0.0
2023-05-31 00:00:00-04:00,19.035480470639865,19.144311785349593,18.64962673604895,18.778244018554688,113900,0.0,0.0
2023-06-01 00:00:00-04:00,18.77824541509105,18.807927199603053,18.293454257171394,18.78813934326172,80300,0.0,0.0
2023-06-02 00:00:00-04:00,18.83760809375867,19.767614652958713,18.80792631064957,19.688465118408203,135700,0.0,0.0
2023-06-05 00:00:00-04:00,19.352079055991307,19.352079055991307,18.006536973416903,18.659521102905273,116900,0.0,0.0
2023-06-06 00:00:00-04:00,18.49132821528345,19.401548808259744,18.49132821528345,19.28282356262207,114600,0.0,0.0
2023-06-07 00:00:00-04:00,19.39165557794808,20.321664059823714,19.39165557794808,20.262300491333008,139800,0.0,0.0
2023-06-08 00:00:00-04:00,20.163360918125196,20.361235684224887,19.63899599598618,20.341447830200195,112100,0.0,0.0
2023-06-09 00:00:00-04:00,20.37113085252058,20.37113085252058,19.787402332738885,20.133682250976562,74900,0.0,0.0
2023-06-12 00:00:00-04:00,20.193042644008216,20.509640759244085,20.044637513375605,20.489852905273438,117800,0.0,0.0
2023-06-13 00:00:00-04:00,20.529429989861033,20.77677251985936,19.72804072104711,20.242511749267578,137400,0.0,0.0
2023-06-14 00:00:00-04:00,20.272193665380637,20.489854413862414,19.73793477835309,19.945701599121094,144900,0.0,0.0
2023-06-15 00:00:00-04:00,19.94570089519044,20.14357566833496,19.40154809965355,20.14357566833496,156200,0.0,0.0
2023-06-16 00:00:00-04:00,20.400812996769385,20.400812996769385,19.589527901613124,19.9061279296875,547000,0.0,0.0
2023-06-20 00:00:00-04:00,19.92591439641936,19.92591439641936,19.470805029119944,19.63899803161621,129000,0.0,0.0
2023-06-21 00:00:00-04:00,19.62910364093989,19.708253176303604,19.26303586046158,19.500484466552734,116900,0.0,0.0
2023-06-22 00:00:00-04:00,19.520270711155657,19.520270711155657,18.995905790299485,19.01569175720215,91000,0.0,0.0
2023-06-23 00:00:00-04:00,18.798032901456583,19.60931612474553,18.35281557790835,18.501222610473633,366900,0.0,0.0
2023-06-26 00:00:00-04:00,18.481433463320208,19.0552680363172,18.412177859400966,18.857393264770508,94500,0.0,0.0
2023-06-27 00:00:00-04:00,18.837608203031134,19.322399340849376,18.629839494209733,19.134418487548828,82400,0.0,0.0
2023-06-28 00:00:00-04:00,19.164099697093032,19.32239876237313,18.936543139563398,19.29271697998047,80300,0.0,0.0
2023-06-29 00:00:00-04:00,19.302609736883326,19.708251302948607,19.223460209043115,19.35207748413086,124800,0.0,0.0
2023-06-30 00:00:00-04:00,19.490593462180826,19.490593462180826,19.21356913014091,19.22346305847168,102900,0.0,0.0
2023-07-03 00:00:00-04:00,19.22346125166429,19.737934154065883,19.22346125166429,19.589527130126953,53800,0.0,0.0
2023-07-05 00:00:00-04:00,19.549954189009327,19.549954189009327,18.402284977800626,18.431964874267578,163400,0.0,0.0
2023-07-06 00:00:00-04:00,18.20440947021511,18.41217817258052,17.897705267467206,18.372602462768555,114000,0.0,0.0
2023-07-07 00:00:00-04:00,18.481434026661823,18.896969549917074,18.392390565459003,18.699094772338867,80000,0.0,0.0
2023-07-10 00:00:00-04:00,18.610052180269065,18.84750079220808,18.35281571223334,18.461647033691406,87200,0.0,0.0
2023-07-11 00:00:00-04:00,18.441857176402056,18.610050160825192,18.04610953278104,18.352813720703125,84900,0.0,0.0
2023-07-12 00:00:00-04:00,18.669415030573127,18.827714099111294,18.56058371330048,18.659521102905273,118900,0.0,0.0
2023-07-13 00:00:00-04:00,18.649628196398073,18.738671663210585,18.521009016747175,18.639734268188477,81400,0.0,0.0
2023-07-14 00:00:00-04:00,18.511113218643665,18.511113218643665,18.125259492815566,18.23409080505371,67600,0.0,0.0
2023-07-17 00:00:00-04:00,18.17473041957069,18.352815460779624,17.828450490918023,17.877918243408203,117300,0.0,0.0
2023-07-18 00:00:00-04:00,17.858130487302276,18.451752955868233,17.858130487302276,18.243986129760742,110000,0.0,0.0
2023-07-19 00:00:00-04:00,18.461645728210485,18.699094323358764,18.372602269145666,18.560583114624023,77600,0.0,0.0
2023-07-20 00:00:00-04:00,18.6298396270989,18.857394305990564,18.392391020376238,18.837608337402344,69000,0.0,0.0
2023-07-21 00:00:00-04:00,18.956330604257708,19.06516191705002,18.32313435617227,18.34292221069336,106500,0.0,0.0
2023-07-24 00:00:00-04:00,18.313240682251575,18.95633086649387,18.056004231139916,18.669414520263672,84200,0.0,0.0
2023-07-25 00:00:00-04:00,18.570478793634212,18.758457769770008,18.32313624780661,18.60015869140625,63300,0.0,0.0
2023-07-26 00:00:00-04:00,18.60015797673144,18.966225760803354,18.60015797673144,18.798032760620117,52900,0.0,0.0
2023-07-27 00:00:00-04:00,18.87718033802088,18.986011646574443,18.481432698381013,18.540794372558594,63000,0.0,0.0
2023-07-28 00:00:00-04:00,18.62984033997888,18.88707681220682,18.62984033997888,18.639734268188477,63600,0.0,0.0
2023-07-31 00:00:00-04:00,18.659521304623695,18.847500271123817,18.382496988150265,18.471540451049805,101500,0.0,0.0
2023-08-01 00:00:00-04:00,18.42207164789951,18.42207164789951,17.937278649969766,18.23409080505371,93100,0.0,0.0
2023-08-02 00:00:00-04:00,18.4814356991649,19.361974576218675,18.2538810053087,18.88707733154297,137700,0.0,0.0
2023-08-03 00:00:00-04:00,18.7287767095065,19.075056629586395,18.659521102905273,18.659521102905273,74700,0.0,0.0
2023-08-04 00:00:00-04:00,18.817819102583968,19.579634506073567,18.817819102583968,19.490591049194336,124000,0.0,0.0
2023-08-07 00:00:00-04:00,19.688465273023763,19.7874026637573,19.243249845333487,19.64889144897461,110000,0.0,0.0
2023-08-08 00:00:00-04:00,19.638997611581157,21.607843959237652,19.352079365840744,21.19230842590332,295000,0.0,0.0
2023-08-09 00:00:00-04:00,21.23188171397002,21.429756491350915,20.42059852344107,20.944965362548828,108600,0.0,0.0
2023-08-10 00:00:00-04:00,20.97464682541829,21.459437946827393,20.756984196203877,21.42975616455078,88100,0.0,0.0
2023-08-11 00:00:00-04:00,21.538589419113126,22.54774746252715,21.370396411877454,22.458703994750977,163900,0.0,0.0
2023-08-14 00:00:00-04:00,22.577426993399616,23.062218150592837,21.993698441721808,22.68625831604004,236300,0.0,0.0
2023-08-15 00:00:00-04:00,22.636787723875063,23.002855501960656,22.40923304707595,22.81487464904785,100700,0.0,0.0
2023-08-16 00:00:00-04:00,22.75551239990485,22.943493248110787,22.02337874913936,22.05306053161621,121500,0.0,0.0
2023-08-17 00:00:00-04:00,22.161889834619267,22.498275819160682,21.874973487259656,22.349870681762695,101500,0.0,0.0
2023-08-18 00:00:00-04:00,22.12231653929367,22.706045062437735,22.12231653929367,22.597213745117188,127300,0.0,0.0
2023-08-21 00:00:00-04:00,22.349872150460225,22.557638979055838,22.09263568143197,22.211360931396484,90600,0.0,0.0
2023-08-22 00:00:00-04:00,22.13221122519972,22.349871980223963,21.79582522111528,21.993698120117188,111300,0.0,0.0
2023-08-23 00:00:00-04:00,21.983802825050297,22.349870590404436,21.924441147748492,22.241039276123047,59600,0.0,0.0
2023-08-24 00:00:00-04:00,22.112422501437234,22.508170170984855,21.924441650749458,22.23114585876465,101900,0.0,0.0
2023-08-25 00:00:00-04:00,22.231144631933912,22.300402121472278,21.756247454684072,21.77603530883789,129800,0.0,0.0
2023-08-28 00:00:00-04:00,21.776036859721195,22.112422855998894,21.766142931939644,22.003591537475586,87200,0.0,0.0
2023-08-29 00:00:00-04:00,22.003591207885744,22.54774590527765,21.301139329581428,22.48838233947754,74700,0.0,0.0
2023-08-30 00:00:00-04:00,22.478488720507148,22.86434435521128,22.33997750588574,22.66646957397461,56400,0.0,0.0
2023-08-31 00:00:00-04:00,22.725832352660884,22.923707143467855,22.488383735936836,22.49827766418457,86100,0.0,0.0
2023-09-01 00:00:00-04:00,22.54774751836955,22.755514352312595,22.221253544332402,22.3102970123291,101900,0.0,0.0
2023-09-05 00:00:00-04:00,22.062954767186493,22.29051134800229,20.301877013963633,20.68773078918457,178500,0.0,0.0
2023-09-06 00:00:00-04:00,20.687730567551228,20.90539133048458,20.291982868093367,20.361238479614258,125500,0.0,0.0
2023-09-07 00:00:00-04:00,20.38102473938321,20.61847334045244,20.07432053221967,20.539323806762695,109700,0.0,0.0
2023-09-08 00:00:00-04:00,20.57889683427276,20.81634731323338,20.29198049339531,20.628366470336914,80600,0.0,0.0
2023-09-11 00:00:00-04:00,20.628367357126024,20.816348208103562,20.381024827393276,20.648155212402344,98200,0.0,0.0
2023-09-12 00:00:00-04:00,20.776773820414636,20.994434581091436,20.47006959239872,20.549219131469727,74700,0.0,0.0
2023-09-13 00:00:00-04:00,20.301875847541652,20.53932445611787,20.074321166873666,20.232620239257812,141100,0.0,0.0
2023-09-14 00:00:00-04:00,20.47006901340456,20.756985376768856,20.361237692607514,20.707517623901367,112100,0.0,0.0
2023-09-15 00:00:00-04:00,20.737196855351815,21.1230524862169,20.569005746169953,20.75698471069336,685900,0.0,0.0
2023-09-18 00:00:00-04:00,20.855921329935732,21.004326465367903,20.351342359807408,20.440385818481445,121200,0.0,0.0
2023-09-19 00:00:00-04:00,20.470068047607725,20.667940936815665,20.19304373822815,20.57889747619629,142200,0.0,0.0
2023-09-20 00:00:00-04:00,20.747090463684543,20.905389529832856,20.262299337721124,20.32166290283203,101900,0.0,0.0
2023-09-21 00:00:00-04:00,20.212831020969023,20.638260456977463,20.074319813737873,20.479961395263672,101200,0.0,0.0
2023-09-22 00:00:00-04:00,20.51953725645863,20.63826250808014,20.133683491067977,20.183151245117188,81600,0.0,0.0
2023-09-25 00:00:00-04:00,20.143575547617104,20.470067600397353,20.064426016248365,20.440385818481445,74000,0.0,0.0
2023-09-26 00:00:00-04:00,20.232619863006715,20.450280611718792,20.034745082669364,20.202938079833984,91600,0.0,0.0
2023-09-27 00:00:00-04:00,20.351342169598635,20.796559458807717,20.351342169598635,20.628366470336914,100500,0.0,0.0
2023-09-28 00:00:00-04:00,20.687728463534473,21.221989218771746,20.687728463534473,20.806453704833984,177400,0.0,0.0
2023-09-29 00:00:00-04:00,20.806454256647747,20.855922007708173,20.311769197748525,20.390918731689453,168800,0.0,0.0
2023-10-02 00:00:00-04:00,20.36123622742089,20.628366602659874,20.28208669628419,20.588790893554688,168700,0.0,0.0
2023-10-03 00:00:00-04:00,20.39091841006558,20.994432889193313,20.232619344680565,20.875709533691406,100300,0.0,0.0
2023-10-04 00:00:00-04:00,20.826240104700044,21.667205077392705,20.826240104700044,21.60784339904785,110800,0.0,0.0
2023-10-05 00:00:00-04:00,21.528693297294012,22.053060122208,21.419861983973036,21.766141891479492,164400,0.0,0.0
2023-10-06 00:00:00-04:00,21.588056343954843,21.716675520054633,21.132946981321858,21.518800735473633,98200,0.0,0.0
2023-10-09 00:00:00-04:00,21.439650278588875,21.9343353317293,21.439650278588875,21.904653549194336,71200,0.0,0.0
2023-10-10 00:00:00-04:00,21.865078577846816,22.250932295167352,21.865078577846816,21.96401596069336,94600,0.0,0.0
2023-10-11 00:00:00-04:00,21.766141700270182,22.06295196862622,21.766141700270182,21.95412254333496,66600,0.0,0.0
2023-10-12 00:00:00-04:00,22.023377882514623,22.023377882514623,21.350605936102845,21.62763023376465,73800,0.0,0.0
2023-10-13 00:00:00-04:00,21.647416906691493,21.647416906691493,21.29124495474067,21.42975616455078,75200,0.0,0.0
2023-10-16 00:00:00-04:00,21.508906901095074,22.171784979128827,21.508906901095074,22.14210319519043,92100,0.0,0.0
2023-10-17 00:00:00-04:00,21.983803851664348,22.607108097198704,21.983803851664348,22.47848892211914,157300,0.0,0.0
2023-10-18 00:00:00-04:00,22.27072156925628,22.33008324791999,22.01348511228189,22.23114585876465,63800,0.0,0.0
2023-10-19 00:00:00-04:00,22.310297305119413,22.419128631226716,21.944231387061237,21.97391128540039,96100,0.0,0.0
2023-10-20 00:00:00-04:00,22.112422993526774,22.191572529197693,21.696887459486014,21.7067813873291,124800,0.0,0.0
2023-10-23 00:00:00-04:00,21.637524671078758,22.072846151431754,21.528693357453662,21.61773681640625,80700,0.0,0.0
2023-10-24 00:00:00-04:00,21.865078522809647,22.201464491396994,21.865078522809647,22.1124210357666,61400,0.0,0.0
2023-10-25 00:00:00-04:00,22.51806468401599,24.536378794716395,22.181678684386956,24.427549362182617,257100,0.0,0.0
2023-10-26 00:00:00-04:00,24.54627292889348,24.754041641974663,23.98233224450339,24.23956871032715,146400,0.0,0.0
2023-10-27 00:00:00-04:00,24.140631875518192,24.140631875518192,22.498277537145217,22.795089721679688,121100,0.0,0.0
2023-10-30 00:00:00-04:00,22.488382298405796,23.101792601037122,22.488382298405796,22.894023895263672,95700,0.0,0.0
2023-10-31 00:00:00-04:00,22.94349358026263,23.49754031833536,22.903917869720562,23.408496856689453,90000,0.0,0.0
2023-11-01 00:00:00-04:00,23.240303926289616,23.497540384314114,22.90391793403248,23.26009178161621,101900,0.0,0.0
2023-11-02 00:00:00-04:00,23.368921842441893,23.873498916625977,23.200728855355983,23.873498916625977,142200,0.0,0.0
2023-11-03 00:00:00-04:00,24.427548697992822,25.238831891366086,23.537115970804454,24.47701644897461,156200,0.0,0.0
2023-11-06 00:00:00-05:00,24.328069149407785,24.63589316751904,22.083928665901063,24.437297821044922,141900,0.09,0.0
2023-11-07 00:00:00-05:00,24.318139102641418,24.367789359742183,23.771999532278556,23.9110164642334,83200,0.0,0.0
2023-11-08 00:00:00-05:00,23.881226358641417,23.881226358641417,23.404595253284633,23.6230525970459,80900,0.0,0.0
2023-11-09 00:00:00-05:00,23.692562401020524,23.702492453021637,23.32515805283438,23.49396514892578,104300,0.0,0.0
2023-11-10 00:00:00-05:00,23.682631528740853,23.682631528740853,23.196070361321546,23.275508880615234,112900,0.0,0.0
2023-11-13 00:00:00-05:00,23.037194483865594,23.235789845127666,22.798877020009044,23.007404327392578,61900,0.0,0.0
2023-11-14 00:00:00-05:00,23.533685000950545,24.06989454315342,23.146420554620086,23.980525970458984,154500,0.0,0.0
2023-11-15 00:00:00-05:00,23.76206987300195,24.149332414960625,23.484034110540215,23.901086807250977,110300,0.0,0.0
2023-11-16 00:00:00-05:00,23.94080647741177,24.050033254462484,23.394665016303644,23.484033584594727,107100,0.0,0.0
2023-11-17 00:00:00-05:00,23.65284074847417,23.960664765854006,23.31522657691036,23.434385299682617,139500,0.0,0.0
2023-11-20 00:00:00-05:00,23.335086901078316,23.55354235194234,23.066981192769966,23.285438537597656,111000,0.0,0.0
2023-11-21 00:00:00-05:00,23.305296863726603,23.325156966804133,22.908104271994354,22.947824478149414,67100,0.0,0.0
2023-11-22 00:00:00-05:00,23.14641942923492,23.30529646319733,22.72936674159269,22.957754135131836,62400,0.0,0.0
2023-11-24 00:00:00-05:00,22.957754260051846,23.394665158844013,22.957754260051846,23.384735107421875,30300,0.0,0.0
2023-11-27 00:00:00-05:00,23.08684252234785,23.23578951466702,22.86838705987732,22.967683792114258,91800,0.0,0.0
2023-11-28 00:00:00-05:00,22.888245169048965,22.888245169048965,22.42154409011591,22.54070281982422,74800,0.0,0.0
2023-11-29 00:00:00-05:00,22.669788297300407,22.967682262094176,22.143506939270203,22.193157196044922,118800,0.0,0.0
2023-11-30 00:00:00-05:00,22.421543973887673,22.520842599135896,21.845614220204467,22.113719940185547,107200,0.0,0.0
2023-12-01 00:00:00-05:00,22.13358007941349,22.70950983401745,22.05413966391691,22.590351104736328,126800,0.0,0.0
2023-12-04 00:00:00-05:00,22.352034183811,22.808805181416865,22.213017253055064,22.481121063232422,128200,0.0,0.0
2023-12-05 00:00:00-05:00,22.481122165956748,22.481122165956748,21.418631242574563,21.498069763183594,155400,0.0,0.0
2023-12-06 00:00:00-05:00,21.55764773351001,21.716526665400085,20.783122647109792,21.031368255615234,139200,0.0,0.0
2023-12-07 00:00:00-05:00,21.180316134944597,21.249824605222592,20.52494785237524,21.200176239013672,177400,0.0,0.0
2023-12-08 00:00:00-05:00,21.14059785884718,21.309403061847057,20.31642058417,20.67389488220215,139700,0.0,0.0
2023-12-11 00:00:00-05:00,20.72354412738694,20.89235121608211,20.524946883993678,20.842700958251953,137700,0.0,0.0
2023-12-12 00:00:00-05:00,20.743401801660283,20.87249057472629,20.326349116459614,20.425647735595703,127400,0.0,0.0
2023-12-13 00:00:00-05:00,20.316419730583284,20.832771051832353,19.929157186628327,20.7434024810791,235100,0.0,0.0
2023-12-14 00:00:00-05:00,21.02143862419966,21.27961428948167,20.286631835611047,20.49515724182129,191400,0.0,0.0
2023-12-15 00:00:00-05:00,20.693753485262366,20.693753485262366,19.879508215663577,20.137683868408203,1078700,0.0,0.0
2023-12-18 00:00:00-05:00,20.38593116545887,20.882422409580446,20.13768554339808,20.286632537841797,196200,0.0,0.0
2023-12-19 00:00:00-05:00,20.356139820966174,21.12073674684155,20.008595591571577,21.081016540527344,221900,0.0,0.0
2023-12-20 00:00:00-05:00,21.07108620849114,21.55764736558194,20.683823671900505,20.753332138061523,173600,0.0,0.0
2023-12-21 00:00:00-05:00,20.862561390085304,21.488139496892156,20.594455675469348,20.882421493530273,172300,0.0,0.0
2023-12-22 00:00:00-05:00,20.99164779894865,21.200175092468868,20.793052450889604,20.941999435424805,111100,0.0,0.0
2023-12-26 00:00:00-05:00,21.041299437365318,21.359053530284754,20.892352443054804,21.2895450592041,84200,0.0,0.0
2023-12-27 00:00:00-05:00,21.279613889518338,21.418630824378926,20.753332517031744,21.269683837890625,105200,0.0,0.0
2023-12-28 00:00:00-05:00,21.269683837890625,21.458351030889773,21.110806799774615,21.269683837890625,93800,0.0,0.0
2023-12-29 00:00:00-05:00,21.20017508380434,21.517929155739882,21.17038492932401,21.468280792236328,138800,0.0,0.0
2024-01-02 00:00:00-05:00,21.299474716186523,21.93498289023489,21.15052583067565,21.299474716186523,208000,0.0,0.0
2024-01-03 00:00:00-05:00,21.259754821191127,21.637089225558118,20.991649096082543,21.33919334411621,149100,0.0,0.0
2024-01-04 00:00:00-05:00,21.488138605430112,21.488138605430112,20.93206898978618,20.951929092407227,127600,0.0,0.0
2024-01-05 00:00:00-05:00,20.763262979569372,20.971790279950746,20.37600042824304,20.73347282409668,183200,0.0,0.0
2024-01-08 00:00:00-05:00,20.773192426057975,20.922139411153623,20.356139731411965,20.892351150512695,114000,0.0,0.0
2024-01-09 00:00:00-05:00,20.644106125072863,20.644106125072863,20.306491939239752,20.49515724182129,87500,0.0,0.0
2024-01-10 00:00:00-05:00,20.385930852708942,20.584526210932555,20.306492330626746,20.485227584838867,98600,0.0,0.0
2024-01-11 00:00:00-05:00,20.316420356192026,20.32635040813302,19.79014086106557,19.819929122924805,192400,0.0,0.0
2024-01-12 00:00:00-05:00,20.097964765077105,20.256841807175444,19.988736088398095,20.157543182373047,100500,0.0,0.0
2024-01-16 00:00:00-05:00,19.968877068483774,20.167472416067938,19.90929675964123,19.9390869140625,79600,0.0,0.0
2024-01-17 00:00:00-05:00,19.859649477554676,20.107895096024112,19.412806606724192,19.482316970825195,100900,0.0,0.0
2024-01-18 00:00:00-05:00,19.49224480081967,19.541895060056195,19.22414097679735,19.442596435546875,74200,0.0,0.0
2024-01-19 00:00:00-05:00,19.551824065924887,19.939086597433462,19.055332863903175,19.899368286132812,143300,0.0,0.0
2024-01-22 00:00:00-05:00,19.929157624319814,20.62424610234117,19.87950925901703,20.44550895690918,181400,0.0,0.0
2024-01-23 00:00:00-05:00,20.78312276726271,20.902279599414534,20.515017053975555,20.693754196166992,131700,0.0,0.0
2024-01-24 00:00:00-05:00,20.882421985286296,20.882421985286296,19.929157831080353,20.058246612548828,86800,0.0,0.0
2024-01-25 00:00:00-05:00,20.31642034168753,20.614316217813432,20.296562131783467,20.58452606201172,113800,0.0,0.0
2024-01-26 00:00:00-05:00,20.703684562587718,20.912209969005367,20.495157262206344,20.73347282409668,74800,0.0,0.0
2024-01-29 00:00:00-05:00,20.683825029724364,20.882422283761944,20.5050878798833,20.86256217956543,66500,0.0,0.0
2024-01-30 00:00:00-05:00,20.713613510131836,20.79305202652694,20.53487637475195,20.713613510131836,55300,0.0,0.0
2024-01-31 00:00:00-05:00,20.634176303677066,20.7632631907777,20.32635037588585,20.346210479736328,132500,0.0,0.0
2024-02-01 00:00:00-05:00,20.544807601033472,20.783123163848384,20.475299131957925,20.68382453918457,80600,0.0,0.0
2024-02-02 00:00:00-05:00,20.425648181371756,20.624245423978184,20.097964056845715,20.12775421142578,75700,0.0,0.0
2024-02-05 00:00:00-05:00,19.839788741968004,19.978807571780873,19.44259614385345,19.641193389892578,94100,0.0,0.0
2024-02-06 00:00:00-05:00,19.50217462600848,19.81000054780613,19.4723863647765,19.591543197631836,78900,0.0,0.0
2024-02-07 00:00:00-05:00,19.55182435470494,19.55182435470494,19.10498150870009,19.174489974975586,74200,0.0,0.0
2024-02-08 00:00:00-05:00,19.085121858568503,19.651123441590904,18.866666403096424,19.641193389892578,120900,0.0,0.0
2024-02-09 00:00:00-05:00,19.710702825767708,20.048317024235516,19.57168398912792,19.998666763305664,103000,0.0,0.0
2024-02-12 00:00:00-05:00,20.068174483622727,20.793053114360713,20.068174483622727,20.49515724182129,163800,0.0,0.0
2024-02-13 00:00:00-05:00,19.96887692921264,20.57459491317803,19.46245567136497,19.512104034423828,198100,0.0,0.0
2024-02-14 00:00:00-05:00,19.790139791858916,19.790139791858916,19.44259556855597,19.512104034423828,98700,0.0,0.0
2024-02-15 00:00:00-05:00,19.601473535028866,20.197263389879502,19.442596492930527,20.157543182373047,169700,0.0,0.0
2024-02-16 00:00:00-05:00,20.028456895849395,20.088035314929986,19.502175494406753,19.522035598754883,154300,0.0,0.0
2024-02-20 00:00:00-05:00,19.402878748530384,19.641194318668376,19.14470307405661,19.283720016479492,154900,0.0,0.0
2024-02-21 00:00:00-05:00,20.34621030553296,22.11371975985377,19.939087649902593,20.971790313720703,240600,0.0,0.0
2024-02-22 00:00:00-05:00,20.852630412076493,20.892350617202037,18.807087197201664,18.896455764770508,236000,0.0,0.0
2024-02-23 00:00:00-05:00,18.846806569832776,18.846806569832776,18.34038528974175,18.43968391418457,171700,0.0,0.0
2024-02-26 00:00:00-05:00,18.270876985310437,18.638281330867432,18.25101688145033,18.57870101928711,134200,0.0,0.0
2024-02-27 00:00:00-05:00,18.737578906733543,18.817017423760962,18.509191513061523,18.509191513061523,100000,0.0,0.0
2024-02-28 00:00:00-05:00,18.35031492356654,18.65814084172345,18.161649624783035,18.2112979888916,101500,0.0,0.0
2024-02-29 00:00:00-05:00,18.519122682401658,18.638281412118005,18.350315586782354,18.529052734375,128700,0.0,0.0
2024-03-01 00:00:00-05:00,19.194350892241456,19.859649216761515,18.350315421736344,18.39003562927246,188400,0.0,0.0
2024-03-04 00:00:00-05:00,18.767367752491374,18.95603494655486,18.50919209060547,18.638280868530273,173600,0.0,0.0
2024-03-05 00:00:00-05:00,18.50919209060547,18.73757949140388,18.290736635454493,18.638280868530273,144900,0.0,0.0
2024-03-06 00:00:00-05:00,18.73757869864032,18.866665577139916,18.439682842623096,18.658140182495117,127000,0.0,0.0
2024-03-07 00:00:00-05:00,18.6779999593563,18.697860063551058,18.270877293182647,18.38010597229004,85800,0.0,0.0
2024-03-08 00:00:00-05:00,18.59856133896446,18.59856133896446,18.112000152528275,18.191438674926758,135100,0.0,0.0
2024-03-11 00:00:00-04:00,18.11199944569073,18.46947372951503,17.95312240709409,18.161649703979492,112600,0.0,0.0
2024-03-12 00:00:00-04:00,17.913405162714742,17.943193425500763,17.60557922485793,17.704877853393555,110000,0.0,0.0
2024-03-13 00:00:00-04:00,17.37719317177715,17.893544509146974,17.37719317177715,17.814105987548828,176400,0.0,0.0
2024-03-14 00:00:00-04:00,17.78431464827201,17.82403485340981,17.24810513665704,17.31761360168457,132400,0.0,0.0
2024-03-15 00:00:00-04:00,17.35733319782943,17.6850173386204,17.148807787309615,17.476491928100586,452500,0.0,0.0
2024-03-18 00:00:00-04:00,17.605577657974376,17.893543465702553,17.128946556179777,17.21831512451172,216800,0.0,0.0
2024-03-19 00:00:00-04:00,17.248105778014587,17.53606970011688,17.248105778014587,17.397052764892578,126300,0.0,0.0
2024-03-20 00:00:00-04:00,17.406982515622143,17.74459669015637,17.119016704534385,17.59564781188965,106500,0.0,0.0
2024-03-21 00:00:00-04:00,17.59564803600488,17.99284252449032,17.089226767753267,17.446701049804688,149300,0.0,0.0
2024-03-22 00:00:00-04:00,17.5559291823951,17.5559291823951,16.97999946459995,17.029647827148438,99400,0.0,0.0
2024-03-25 00:00:00-04:00,17.099156688462237,17.208385361355923,16.831052872939782,17.019718170166016,99700,0.0,0.0
2024-03-26 00:00:00-04:00,17.128946777429732,17.34740222841641,16.93034953546827,17.069368362426758,130400,0.0,0.0
2024-03-27 00:00:00-04:00,17.15873775980985,17.555930368933367,17.15873775980985,17.526140213012695,155200,0.0,0.0
2024-03-28 00:00:00-04:00,17.585718293614743,17.65522865609651,17.238175951024505,17.248106002807617,169300,0.0,0.0
2024-04-01 00:00:00-04:00,17.39705241251153,17.39705241251153,16.543086927228217,16.592735290527344,144700,0.0,0.0
2024-04-02 00:00:00-04:00,16.602665539168402,16.63245569387989,16.02673580582544,16.205472946166992,170000,0.0,0.0
2024-04-03 00:00:00-04:00,16.086316283589618,16.404070361316002,16.016805921868734,16.34449005126953,142100,0.0,0.0
2024-04-04 00:00:00-04:00,16.54308787693286,16.860841965801658,16.44378925067042,16.47357940673828,176200,0.0,0.0
2024-04-05 00:00:00-04:00,16.33456160754575,16.364349868083707,15.887718759839792,15.897648811340332,216600,0.0,0.0
2024-04-08 00:00:00-04:00,15.967158037537956,16.026736455412046,15.371368176905783,15.401158332824707,127100,0.0,0.0
2024-04-09 00:00:00-04:00,15.440877106212326,15.649403456151495,15.282000067588552,15.341578483581543,118700,0.0,0.0
2024-04-10 00:00:00-04:00,15.123122594013259,15.123122594013259,14.547192836011634,14.874876976013184,214300,0.0,0.0
2024-04-11 00:00:00-04:00,14.964244714048686,15.23235042106263,14.904666299366806,15.182701110839844,162900,0.0,0.0
2024-04-12 00:00:00-04:00,15.162842884945217,15.351509138985358,14.765649325783096,14.825228691101074,158900,0.0,0.0
2024-04-15 00:00:00-04:00,14.894736318434111,15.212490390193187,14.596841402669062,15.133051872253418,200600,0.0,0.0
2024-04-16 00:00:00-04:00,15.093332539422116,15.103262590861451,14.447894347574582,14.537262916564941,171500,0.0,0.0
2024-04-17 00:00:00-04:00,14.676280629200576,14.795438411863337,14.279088020324707,14.279088020324707,147300,0.0,0.0
2024-04-18 00:00:00-04:00,14.38831583399261,14.576983034533036,14.298947259734714,14.348596572875977,184100,0.0,0.0
2024-04-19 00:00:00-04:00,14.24929890879042,14.626631416310412,14.24929890879042,14.586912155151367,184500,0.0,0.0
2024-04-22 00:00:00-04:00,14.626630528971223,14.68620989058629,13.812385251116849,13.891823768615723,161400,0.0,0.0
2024-04-23 00:00:00-04:00,13.941473960876465,14.219508789713815,13.901754699613985,13.941473960876465,216800,0.0,0.0
2024-04-24 00:00:00-04:00,13.871965108156708,14.130139825757615,13.385402987371691,14.070561408996582,262800,0.0,0.0
2024-04-25 00:00:00-04:00,13.9911230261308,14.259227798153436,13.842175088801008,13.852105140686035,249800,0.0,0.0
2024-04-26 00:00:00-04:00,13.852105425864918,13.87196553004384,13.236456401046688,13.296035766601562,129100,0.0,0.0
2024-04-29 00:00:00-04:00,13.296035365101925,13.593929342935148,13.266245209733114,13.305964469909668,160400,0.0,0.0
2024-04-30 00:00:00-04:00,13.305964578956951,13.474771672836205,12.6505963071819,12.730034828186035,244900,0.0,0.0
2024-05-01 00:00:00-04:00,12.85912251364731,13.137157333963605,12.69031542170981,12.829333305358887,223000,0.0,0.0
2024-05-02 00:00:00-04:00,12.958421403518068,13.32582480323082,12.789614308111956,13.157017707824707,243300,0.0,0.0
2024-05-03 00:00:00-04:00,12.809473331054788,13.504561809329681,11.786701664338162,13.375473976135254,295700,0.0,0.0
2024-05-06 00:00:00-04:00,13.40526346734972,14.09042096123112,13.286105683499994,14.06063175201416,335800,0.0,0.0
2024-05-07 00:00:00-04:00,14.169859715900422,15.06354352317736,14.10035030192513,14.795437812805176,407400,0.0,0.0
2024-05-08 00:00:00-04:00,15.262139765967358,16.562947160016254,15.212490455297063,16.255123138427734,451700,0.0,0.0
2024-05-09 00:00:00-04:00,16.245192788169962,17.12894652452644,15.947296929626102,16.979999542236328,364200,0.0,0.0
2024-05-10 00:00:00-04:00,16.910491363638613,17.178595178723533,16.443788412191736,16.781402587890625,229900,0.0,0.0
2024-05-13 00:00:00-04:00,16.741683991779425,17.33747192093987,16.741683991779425,16.979999542236328,189400,0.0,0.0
2024-05-14 00:00:00-04:00,17.228245426580404,17.357332308291863,17.079298441847598,17.30768394470215,159700,0.0,0.0
2024-05-15 00:00:00-04:00,17.44670121896763,17.645298465135944,17.218315711648664,17.585718154907227,183500,0.0,0.0
2024-05-16 00:00:00-04:00,17.406982265829548,18.062350502529327,17.377192111810963,18.032560348510742,189800,0.0,0.0
2024-05-17 00:00:00-04:00,18.141790308664117,18.241088935153165,17.933263003640743,18.191438674926758,121400,0.0,0.0
2024-05-20 00:00:00-04:00,18.11199971801497,18.260946707193366,17.704877063744284,17.7247371673584,152500,0.0,0.0
2024-05-21 00:00:00-04:00,17.66515953835759,17.774386325179346,17.11901802839357,17.704877853393555,191500,0.0,0.0
2024-05-22 00:00:00-04:00,17.635368988112738,17.923332921080565,17.426841683444383,17.714807510375977,141800,0.0,0.0
2024-05-23 00:00:00-04:00,17.675086329782193,17.92333193494185,17.486421033514688,17.59564781188965,174100,0.0,0.0
2024-05-24 00:00:00-04:00,17.6949462890625,17.764454754908606,17.446700685918607,17.6949462890625,111000,0.0,0.0
2024-05-28 00:00:00-04:00,17.694946001665915,17.694946001665915,17.079297976487894,17.36726188659668,186600,0.0,0.0
2024-05-29 00:00:00-04:00,17.208384825893393,17.903473259829465,16.950209175973242,17.655227661132812,158300,0.0,0.0
2024-05-30 00:00:00-04:00,17.873683952954995,18.181507979612718,17.744597068861015,18.11199951171875,213500,0.0,0.0
2024-05-31 00:00:00-04:00,18.191438319529485,18.77729812100906,18.191438319529485,18.67799949645996,287100,0.0,0.0
2024-06-03 00:00:00-04:00,18.866666775115768,19.184420859872994,18.429753961592713,18.62835121154785,172700,0.0,0.0
2024-06-04 00:00:00-04:00,18.509192383105425,18.57870085202628,18.08220962377591,18.43968391418457,113100,0.0,0.0
2024-06-05 00:00:00-04:00,18.479403750862698,18.707789256725313,18.320526712526643,18.687929153442383,130200,0.0,0.0
2024-06-06 00:00:00-04:00,18.548913222052597,18.648211849876503,18.211299023829593,18.280807495117188,105300,0.0,0.0
2024-06-07 00:00:00-04:00,18.002770708156767,18.102069330421656,17.615508164683764,17.685016632080078,144800,0.0,0.0
2024-06-10 00:00:00-04:00,17.37719260094118,17.387122652560215,15.242280745903999,16.155824661254883,411300,0.0,0.0
2024-06-11 00:00:00-04:00,16.57287829101945,16.970070908289234,16.086317098118492,16.8012638092041,242600,0.0,0.0
2024-06-12 00:00:00-04:00,17.039579030505404,17.168667812201036,16.443789169823756,16.52322769165039,146200,0.0,0.0
2024-06-13 00:00:00-04:00,16.463648834322054,16.513297198902077,15.887719092960776,16.05652618408203,155900,0.0,0.0
2024-06-14 00:00:00-04:00,15.89764879715731,16.066455884588553,15.401157586355259,15.778491020202637,192000,0.0,0.0
2024-06-17 00:00:00-04:00,15.867858273542582,16.175684180732627,15.569964311576832,16.026735305786133,172100,0.0,0.0
2024-06-18 00:00:00-04:00,15.967157594362103,16.195543101510303,15.828139711544601,15.93736743927002,190300,0.0,0.0
2024-06-20 00:00:00-04:00,15.649403177582254,15.907578834241125,15.649403177582254,15.659333229064941,207200,0.0,0.0
2024-06-21 00:00:00-04:00,15.599754199443314,16.06645621227074,15.56996499134254,15.81821060180664,816200,0.0,0.0
2024-06-24 00:00:00-04:00,15.867858905619745,16.384210227961326,15.867858905619745,15.987017631530762,182800,0.0,0.0
2024-06-25 00:00:00-04:00,15.877789330803116,15.977087955737694,15.689123079805661,15.73877239227295,157200,0.0,0.0
2024-06-26 00:00:00-04:00,15.609684385275633,15.768561425820833,15.520315813223494,15.599754333496094,149200,0.0,0.0
2024-06-27 00:00:00-04:00,15.699052906071927,15.88771915435791,15.659333646065306,15.88771915435791,111200,0.0,0.0
2024-06-28 00:00:00-04:00,16.06645562114384,16.37427963648384,15.967157001818919,16.215402603149414,570800,0.0,0.0
2024-07-01 00:00:00-04:00,16.35442054659117,16.811193466186523,16.24519376313704,16.811193466186523,188500,0.0,0.0
2024-07-02 00:00:00-04:00,16.880701209089768,17.09915666055695,16.31470153040742,16.781402587890625,207500,0.0,0.0
2024-07-03 00:00:00-04:00,16.920422293756125,17.03957913021144,16.513297736303123,16.711894989013672,93500,0.0,0.0
2024-07-05 00:00:00-04:00,16.612595617485223,16.701964187799884,16.195542920671365,16.443788528442383,117900,0.0,0.0
2024-07-08 00:00:00-04:00,16.533156482957008,16.8310523375649,16.4835081208375,16.602664947509766,195400,0.0,0.0
2024-07-09 00:00:00-04:00,16.602666145747254,16.711894823049693,16.42393089283928,16.572877883911133,122500,0.0,0.0
2024-07-10 00:00:00-04:00,16.66224637636335,16.811193366711272,16.423930813013925,16.622526168823242,100000,0.0,0.0
2024-07-11 00:00:00-04:00,17.019719098396568,17.685017435648206,16.81119368673269,17.665159225463867,183300,0.0,0.0
2024-07-12 00:00:00-04:00,17.863754024167253,17.982912751350817,17.63536851552611,17.774385452270508,172300,0.0,0.0
2024-07-15 00:00:00-04:00,17.774385813742807,18.43968414363537,17.704877343957037,18.29073715209961,199800,0.0,0.0
2024-07-16 00:00:00-04:00,18.59856032416192,19.174490053617127,18.59856032416192,19.124841690063477,211000,0.0,0.0
2024-07-17 00:00:00-04:00,18.89645599905394,19.68091112037305,18.89645599905394,19.512104034423828,174100,0.0,0.0
2024-07-18 00:00:00-04:00,19.323437210755024,19.988735515717302,18.995753084069943,19.263858795166016,163000,0.0,0.0
2024-07-19 00:00:00-04:00,19.283718328599523,19.3234366398308,18.99575252282737,19.1347713470459,143000,0.0,0.0
2024-07-22 00:00:00-04:00,19.184419665502368,19.502173730477075,18.568771638104778,19.4227352142334,166900,0.0,0.0
2024-07-23 00:00:00-04:00,19.343298529000165,19.81000151332741,19.303580214100457,19.472387313842773,182200,0.0,0.0
2024-07-24 00:00:00-04:00,19.492245128875858,19.929157947691916,19.35322818860138,19.482316970825195,170000,0.0,0.0
2024-07-25 00:00:00-04:00,19.571682779206448,20.564665208851757,19.452525948268672,20.31641960144043,167900,0.0,0.0
2024-07-26 00:00:00-04:00,20.51501752541862,20.693754671717507,20.266771909773222,20.63417625427246,135700,0.0,0.0
2024-07-29 00:00:00-04:00,20.66396336391599,20.832770448901755,20.18733226300218,20.375999450683594,93700,0.0,0.0
2024-07-30 00:00:00-04:00,20.534878036178068,20.892352335860203,20.445509461257537,20.86256217956543,160400,0.0,0.0
2024-07-31 00:00:00-04:00,20.922139047725516,21.736384319803953,20.7533319624924,21.140596389770508,202300,0.0,0.0
2024-08-01 00:00:00-04:00,21.20017559435105,21.309402375482023,20.15754288999455,20.35614013671875,179900,0.0,0.0
2024-08-02 00:00:00-04:00,19.512104924175443,20.276701871514803,19.512104924175443,19.680912017822266,145200,0.0,0.0
2024-08-05 00:00:00-04:00,18.68793016462779,18.70779026898533,18.002771716003007,18.280807495117188,173400,0.0,0.0
2024-08-06 00:00:00-04:00,18.16164940300374,18.548911941419863,18.10206909404459,18.360244750976562,159900,0.0,0.0
2024-08-07 00:00:00-04:00,16.90056185084172,17.42684134023454,15.540175053166427,15.669262886047363,246900,0.0,0.0
2024-08-08 00:00:00-04:00,15.887719195218782,15.89764924699144,15.182701618051674,15.480596542358398,190500,0.0,0.0
2024-08-09 00:00:00-04:00,15.381298211821223,15.421017472687195,14.636561360347843,15.162842750549316,291400,0.0,0.0
2024-08-12 00:00:00-04:00,15.560034562847955,15.560034562847955,14.040771728752912,14.130139350891113,369000,0.0,0.0
2024-08-13 00:00:00-04:00,14.110280372338236,14.418105342400976,13.534350638527028,14.269157409667969,335600,0.0,0.0
2024-08-14 00:00:00-04:00,14.398245198443899,14.487613768434093,13.83224551781512,13.911684036254883,172100,0.0,0.0
2024-08-15 00:00:00-04:00,14.239368201914104,14.477683757908705,14.030841853673369,14.269157409667969,210100,0.0,0.0
2024-08-16 00:00:00-04:00,14.189718682727415,14.527332855588543,13.782596043800227,13.891823768615723,204300,0.0,0.0
2024-08-19 00:00:00-04:00,13.901754347274897,14.567052666795888,13.762736462888677,14.428034782409668,226800,0.0,0.0
2024-08-20 00:00:00-04:00,14.437964429200333,14.487613739872765,13.663438402448639,13.673368453979492,191300,0.0,0.0
2024-08-21 00:00:00-04:00,13.822315331679706,14.219507920011145,13.792526124300304,14.130139350891113,145800,0.0,0.0
2024-08-22 00:00:00-04:00,14.149999631670669,14.44789455015484,14.130139528513531,14.269157409667969,211600,0.0,0.0
2024-08-23 00:00:00-04:00,14.428034599504175,15.09333291059112,14.398245391435434,14.934455871582031,234000,0.0,0.0
2024-08-26 00:00:00-04:00,15.15291246125272,15.27207024198431,14.964245264857972,15.192631721496582,214300,0.0,0.0
2024-08-27 00:00:00-04:00,15.15291246125272,15.262140190177877,14.984105368470836,15.192631721496582,144400,0.0,0.0
2024-08-28 00:00:00-04:00,15.16284251305915,15.49052664681649,14.894736796176677,15.192631721496582,172700,0.0,0.0
2024-08-29 00:00:00-04:00,15.282000451843478,15.37136807808005,15.073474096661064,15.212491035461426,161000,0.0,0.0
2024-08-30 00:00:00-04:00,15.252209634709187,15.30185894511995,14.795437683497465,15.013894081115723,145100,0.0,0.0
2024-09-03 00:00:00-04:00,14.835157464525862,15.093333130162383,14.62663111104742,14.666351318359375,214600,0.0,0.0
2024-09-04 00:00:00-04:00,14.666351226315456,15.421017167851002,14.457824874145695,15.361438751220703,159000,0.0,0.0
2024-09-05 00:00:00-04:00,15.490526572156138,15.530245832208566,15.142982336461012,15.242280960083008,153800,0.0,0.0
2024-09-06 00:00:00-04:00,15.2919292841944,15.460736375713195,14.85501742478107,14.884806632995605,143500,0.0,0.0
2024-09-09 00:00:00-04:00,14.755718608260409,14.755718608260409,13.41519289237248,13.862034797668457,508600,0.0,0.0
2024-09-10 00:00:00-04:00,14.001052449604611,14.567052123901119,13.891823777735581,14.537262916564941,257300,0.0,0.0
2024-09-11 00:00:00-04:00,14.358526218699646,14.358526218699646,14.001052878762815,14.239368438720703,213800,0.0,0.0
2024-09-12 00:00:00-04:00,14.348596210476574,14.864947538933329,14.219508378362386,14.715999603271484,184100,0.0,0.0
2024-09-13 00:00:00-04:00,15.00396440326005,15.6791927689043,14.75571879200635,15.530245780944824,205900,0.0,0.0
2024-09-16 00:00:00-04:00,15.569965063327134,15.80828062319883,15.450807283391287,15.768561363220215,232200,0.0,0.0
2024-09-17 00:00:00-04:00,15.887719069702396,16.284911667652214,15.66926266733907,15.81821060180664,222300,0.0,0.0
2024-09-18 00:00:00-04:00,15.887719500651464,16.7714732918068,15.708982353234934,16.284912109375,376000,0.0,0.0
2024-09-19 00:00:00-04:00,16.642386107160394,16.672176262519347,15.599754344143559,15.718912124633789,264200,0.0,0.0
2024-09-20 00:00:00-04:00,15.560035062575944,15.947297611891011,15.331648606714106,15.480596542358398,1957300,0.0,0.0
2024-09-23 00:00:00-04:00,15.609684270735771,15.708981946856971,15.12312215390904,15.291929244995117,167600,0.0,0.0
2024-09-24 00:00:00-04:00,15.391227757395367,15.599754106826449,14.96424500689795,14.984105110168457,175300,0.0,0.0
2024-09-25 00:00:00-04:00,14.994035348682667,15.182701597194695,14.467753969237076,14.477684020996094,199900,0.0,0.0
2024-09-26 00:00:00-04:00,14.576982884091107,14.596842040953526,14.39824573741997,14.447895050048828,180100,0.0,0.0
2024-09-27 00:00:00-04:00,14.67628048741167,15.003964623313944,14.487614236763823,14.497544288635254,152600,0.0,0.0
2024-09-30 00:00:00-04:00,14.467753509348265,14.467753509348265,13.792526109890275,14.010981559753418,203900,0.0,0.0
2024-10-01 00:00:00-04:00,13.941473544272585,14.239368468330321,13.683297880290423,13.713088035583496,256000,0.0,0.0
2024-10-02 00:00:00-04:00,13.683297740515057,13.852104830857343,13.127228105137288,13.166947364807129,281500,0.0,0.0
2024-10-03 00:00:00-04:00,13.087508773431631,13.325824330138946,12.789613854056565,13.216596603393555,235100,0.0,0.0
2024-10-04 00:00:00-04:00,13.415193071924508,13.742877203326147,13.345683656761048,13.355613708496094,195700,0.0,0.0
2024-10-07 00:00:00-04:00,13.355614079671314,13.544281279953127,12.49171944133227,12.988210678100586,353700,0.0,0.0
2024-10-08 00:00:00-04:00,13.097437700582288,13.18680626988201,12.898841406017254,13.0775785446167,178500,0.0,0.0
2024-10-09 00:00:00-04:00,13.117298373230025,13.32582472832532,12.998140591315835,13.206666946411133,135500,0.0,0.0
2024-10-10 00:00:00-04:00,13.067648698196395,13.077578749825925,12.799543933072043,12.809473037719727,167100,0.0,0.0
2024-10-11 00:00:00-04:00,12.799544325536392,12.988210577373161,12.571157865963594,12.680386543273926,165700,0.0,0.0
2024-10-14 00:00:00-04:00,12.650595829624935,12.938560694139786,12.491718793614234,12.670455932617188,158600,0.0,0.0
2024-10-15 00:00:00-04:00,12.720105228278273,13.345683320095226,12.660525866352842,13.196736335754395,187300,0.0,0.0
2024-10-16 00:00:00-04:00,13.395333408280967,14.090420953865289,13.127228631504707,13.941473960876465,258700,0.0,0.0
2024-10-17 00:00:00-04:00,13.862034973200544,14.15992989616399,13.723017089955773,14.001052856445312,146600,0.0,0.0
2024-10-18 00:00:00-04:00,14.050700970033551,14.189718850794058,13.852104673934141,13.911684036254883,144300,0.0,0.0
2024-10-21 00:00:00-04:00,13.921614537545448,13.931543642434802,13.365543943521306,13.613789558410645,179700,0.0,0.0
2024-10-22 00:00:00-04:00,13.574069713045306,14.249298059485124,13.544280505697028,14.010981559753418,219500,0.0,0.0
2024-10-23 00:00:00-04:00,13.951403730636862,14.586911897977286,13.862035157859149,14.378385543823242,247900,0.0,0.0
2024-10-24 00:00:00-04:00,15.02382460780575,15.818210758559317,14.79543815148499,14.954316139221191,302600,0.0,0.0
2024-10-25 00:00:00-04:00,15.00396425388039,15.22242065476361,14.696140229300344,14.864947319030762,219300,0.0,0.0
2024-10-28 00:00:00-04:00,14.984105495682286,15.242281162950178,14.696140619724058,14.85501766204834,160000,0.0,0.0
2024-10-29 00:00:00-04:00,14.70607068992168,15.15291260876044,14.606772064854455,15.09333324432373,183000,0.0,0.0
2024-10-30 00:00:00-04:00,15.033754561598569,15.033754561598569,13.98119275298955,14.001052856445312,173500,0.0,0.0
2024-10-31 00:00:00-04:00,13.921614147274667,14.169859755204827,13.663438487751659,13.742877006530762,201000,0.0,0.0
2024-11-01 00:00:00-04:00,13.852105014962554,14.517403333511101,13.852105014962554,14.189719200134277,163000,0.0,0.0
2024-11-04 00:00:00-05:00,14.149999618530273,14.418105329011603,13.971262478209386,14.149999618530273,196500,0.0,0.0
2024-11-05 00:00:00-05:00,14.130000114440918,14.449999809265137,14.100000381469727,14.4399995803833,175800,0.1,0.0
2024-11-06 00:00:00-05:00,15.470000267028809,16.280000686645508,15.279999732971191,15.579999923706055,397500,0.0,0.0
2024-11-07 00:00:00-05:00,15.0,15.100000381469727,12.050000190734863,12.890000343322754,748800,0.0,0.0
2024-11-08 00:00:00-05:00,13.020000457763672,13.449999809265137,12.760000228881836,13.029999732971191,389500,0.0,0.0
2024-11-11 00:00:00-05:00,13.079999923706055,13.420000076293945,12.949999809265137,13.020000457763672,287300,0.0,0.0
2024-11-12 00:00:00-05:00,13.020000457763672,13.109999656677246,12.630000114440918,12.930000305175781,246600,0.0,0.0
2024-11-13 00:00:00-05:00,13.09000015258789,13.15999984741211,12.520000457763672,12.619999885559082,190400,0.0,0.0
2024-11-14 00:00:00-05:00,12.699999809265137,13.119999885559082,12.369999885559082,13.100000381469727,274500,0.0,0.0
2024-11-15 00:00:00-05:00,13.149999618530273,13.149999618530273,12.65999984741211,12.930000305175781,189700,0.0,0.0
2024-11-18 00:00:00-05:00,13.0,13.239999771118164,12.859999656677246,13.010000228881836,203800,0.0,0.0
2024-11-19 00:00:00-05:00,12.869999885559082,13.0,12.609999656677246,12.789999961853027,137100,0.0,0.0
2024-11-20 00:00:00-05:00,12.720000267028809,12.850000381469727,12.40999984741211,12.460000038146973,211900,0.0,0.0
2024-11-21 00:00:00-05:00,12.430000305175781,12.6899995803833,12.010000228881836,12.59000015258789,260100,0.0,0.0
2024-11-22 00:00:00-05:00,12.710000038146973,13.399999618530273,12.65999984741211,13.260000228881836,249900,0.0,0.0
2024-11-25 00:00:00-05:00,13.529999732971191,13.899999618530273,13.390000343322754,13.399999618530273,312600,0.0,0.0
2024-11-26 00:00:00-05:00,13.25,13.25,12.65999984741211,12.920000076293945,239600,0.0,0.0
2024-11-27 00:00:00-05:00,13.020000457763672,13.149999618530273,12.869999885559082,13.149999618530273,147700,0.0,0.0
2024-11-29 00:00:00-05:00,13.25,13.390000343322754,13.130000114440918,13.329999923706055,131600,0.0,0.0
2024-12-02 00:00:00-05:00,13.350000381469727,13.779999732971191,13.140000343322754,13.739999771118164,171700,0.0,0.0
2024-12-03 00:00:00-05:00,13.800000190734863,13.800000190734863,13.1899995803833,13.510000228881836,223900,0.0,0.0
2024-12-04 00:00:00-05:00,13.550000190734863,14.039999961853027,13.170000076293945,13.90999984741211,240300,0.0,0.0
2024-12-05 00:00:00-05:00,13.920000076293945,13.949999809265137,13.529999732971191,13.539999961853027,190000,0.0,0.0
2024-12-06 00:00:00-05:00,13.65999984741211,13.859999656677246,13.369999885559082,13.630000114440918,178200,0.0,0.0
2024-12-09 00:00:00-05:00,13.630000114440918,13.84000015258789,13.380000114440918,13.609999656677246,167400,0.0,0.0
2024-12-10 00:00:00-05:00,13.609999656677246,13.789999961853027,13.229999542236328,13.619999885559082,191100,0.0,0.0
2024-12-11 00:00:00-05:00,13.720000267028809,13.8100004196167,13.4399995803833,13.619999885559082,186500,0.0,0.0
2024-12-12 00:00:00-05:00,13.609999656677246,13.779999732971191,13.270000457763672,13.449999809265137,144300,0.0,0.0
2024-12-13 00:00:00-05:00,13.40999984741211,13.420000076293945,13.029999732971191,13.260000228881836,133700,0.0,0.0
2024-12-16 00:00:00-05:00,13.15999984741211,13.760000228881836,13.15999984741211,13.630000114440918,212400,0.0,0.0
2024-12-17 00:00:00-05:00,13.5,13.529999732971191,13.15999984741211,13.359999656677246,225400,0.0,0.0
2024-12-18 00:00:00-05:00,13.380000114440918,13.75,12.699999809265137,12.720000267028809,229700,0.0,0.0
2024-12-19 00:00:00-05:00,12.729999542236328,12.960000038146973,12.449999809265137,12.710000038146973,198200,0.0,0.0
2024-12-20 00:00:00-05:00,12.5600004196167,12.9399995803833,12.460000038146973,12.5,1780200,0.0,0.0
2024-12-23 00:00:00-05:00,12.484999656677246,12.739999771118164,12.324999809265137,12.670000076293945,184624,0.0,0.0
