Date,Open,High,Low,Close,Volume,Dividends,Stock Splits
2022-01-03 00:00:00-05:00,24.438913364461875,24.597197090211246,23.7424682920767,23.758296966552734,117400,0.0,0.0
2022-01-04 00:00:00-05:00,23.74246946199064,24.161920299241142,23.74246946199064,24.011550903320312,30200,0.0,0.0
2022-01-05 00:00:00-05:00,24.15400334663888,24.15400334663888,23.5129556537226,23.82952308654785,43000,0.0,0.0
2022-01-06 00:00:00-05:00,23.580230621595994,23.805783973228444,23.25575030838771,23.63958740234375,43000,0.0,0.0
2022-01-07 00:00:00-05:00,23.639585192343358,23.734554221254605,22.658228496890484,22.769027709960938,50300,0.0,0.0
2022-01-10 00:00:00-05:00,22.39706206614912,23.17660695660793,22.199208155637184,22.951053619384766,69600,0.0,0.0
2022-01-11 00:00:00-05:00,22.84025427530157,24.201488538625526,22.525270304771208,23.78203773498535,102000,0.0,0.0
2022-01-12 00:00:00-05:00,23.797867820648214,24.09860660623151,23.65066537044631,23.940322875976562,61000,0.0,0.0
2022-01-13 00:00:00-05:00,23.758300615963165,24.03529642381996,23.660955611537748,23.908668518066406,65400,0.0,0.0
2022-01-14 00:00:00-05:00,23.631672490766775,24.137387057765217,23.630880000325387,24.003637313842773,71600,0.0,0.0
2022-01-18 00:00:00-05:00,23.639584364639774,24.05903366173816,23.639584364639774,23.87700843811035,84700,0.0,0.0
2022-01-19 00:00:00-05:00,23.694983367150055,23.869094254849916,23.639584516950347,23.742467880249023,120100,0.0,0.0
2022-01-20 00:00:00-05:00,23.63958197500529,23.877006024475584,23.267615718795128,23.386327743530273,34500,0.0,0.0
2022-01-21 00:00:00-05:00,22.998537355933216,23.3071904723368,22.412889981803396,22.48411750793457,56100,0.0,0.0
2022-01-24 00:00:00-05:00,22.357488678990503,22.614699329542084,20.79206825650315,22.16754913330078,131800,0.0,0.0
2022-01-25 00:00:00-05:00,21.835157185297614,22.468289080648354,21.5858608410946,22.40497589111328,38600,0.0,0.0
2022-01-26 00:00:00-05:00,22.397060578589386,22.776941208765745,21.724358535132506,21.827241897583008,30300,0.0,0.0
2022-01-27 00:00:00-05:00,21.835158150992434,22.444548570659734,21.68478875313174,22.072582244873047,44400,0.0,0.0
2022-01-28 00:00:00-05:00,21.692702710382708,23.105379516057525,21.692702710382708,23.006452560424805,197200,0.0,0.0
2022-01-31 00:00:00-05:00,22.713628774279197,23.869094848632812,22.499946195759943,23.869094848632812,232100,0.0,0.0
2022-02-01 00:00:00-05:00,23.805780508884293,23.90075104235896,22.650314490390837,23.19639015197754,83300,0.0,0.0
2022-02-02 00:00:00-05:00,23.29136608905915,23.29136608905915,22.650319745274757,23.220138549804688,37800,0.0,0.0
2022-02-03 00:00:00-05:00,22.848170088260215,23.528786509136488,22.499946785564227,22.856082916259766,74800,0.0,0.0
2022-02-04 00:00:00-05:00,22.56326087331139,22.848170996801493,22.159638701535606,22.468290328979492,33900,0.0,0.0
2022-02-07 00:00:00-05:00,22.36540621168014,22.84421231254376,22.254608504903246,22.47620391845703,36900,0.0,0.0
2022-02-08 00:00:00-05:00,22.30209538855034,22.887742844343716,22.143811639630748,22.79277229309082,118600,0.0,0.0
2022-02-09 00:00:00-05:00,22.5553447335505,23.30719016180437,22.5553447335505,22.982709884643555,85200,0.0,0.0
2022-02-10 00:00:00-05:00,22.642404745664578,23.180567688988482,22.377279688509837,22.523691177368164,71600,0.0,0.0
2022-02-11 00:00:00-05:00,22.35749380562681,22.35749380562681,21.581906772173152,21.756017684936523,71800,0.0,0.0
2022-02-14 00:00:00-05:00,21.732273419848948,21.866814143177095,21.36030860100317,21.447364807128906,82200,0.0,0.0
2022-02-15 00:00:00-05:00,21.431534998429694,21.92221334859669,21.035827187151817,21.91429901123047,79400,0.0,0.0
2022-02-16 00:00:00-05:00,21.795589520419792,22.19129737800616,21.463194859667016,22.09632682800293,82100,0.0,0.0
2022-02-17 00:00:00-05:00,21.84307363535524,22.34957920062541,21.482979552013667,22.08049774169922,97600,0.0,0.0
2022-02-18 00:00:00-05:00,21.941206355003636,22.22690591920383,21.589817643010644,21.71644401550293,32200,0.0,0.0
2022-02-22 00:00:00-05:00,21.684791564941406,21.90638852160129,21.3721819768424,21.684791564941406,286900,0.0,0.0
2022-02-23 00:00:00-05:00,21.637304631161054,22.18338186845965,21.518592582054122,21.597734451293945,53400,0.0,0.0
2022-02-24 00:00:00-05:00,21.38404900398405,21.77975678787936,20.972512546451625,21.70061492919922,72300,0.0,0.0
2022-02-25 00:00:00-05:00,21.763933912344633,22.737374957779018,21.6847920325804,22.531606674194336,111900,0.0,0.0
2022-02-28 00:00:00-05:00,22.19920903735999,22.761114950474923,22.19920903735999,22.563261032104492,124100,0.0,0.0
2022-03-01 00:00:00-05:00,22.47620333085011,22.47620333085011,20.996256965143445,21.194110870361328,52800,0.0,0.0
2022-03-02 00:00:00-05:00,21.146625529950324,21.704573500323377,20.991508739502937,21.621475219726562,40900,0.0,0.0
2022-03-03 00:00:00-05:00,21.803500080300168,22.59491571311695,21.724359724622907,22.55534553527832,74900,0.0,0.0
2022-03-04 00:00:00-05:00,22.341662952136463,22.745285106013686,22.127980368994606,22.55534553527832,123500,0.0,0.0
2022-03-07 00:00:00-05:00,22.325834740275027,22.325834740275027,20.972514704650795,21.431535720825195,116900,0.0,0.0
2022-03-08 00:00:00-05:00,21.368221665964345,22.17546595784876,20.545148699453453,20.90920066833496,155600,0.0,0.0
2022-03-09 00:00:00-05:00,21.217851005267516,22.143807282383165,21.217851005267516,21.51067543029785,78100,0.0,0.0
2022-03-10 00:00:00-05:00,21.21230987539885,22.55534241713186,21.21230987539885,22.30208969116211,160200,0.0,0.0
2022-03-11 00:00:00-05:00,22.40497788506966,22.523689937324647,22.08049757113672,22.215038299560547,36400,0.0,0.0
2022-03-14 00:00:00-04:00,22.151723024674617,22.547430834710614,22.029053060141475,22.104238510131836,33700,0.0,0.0
2022-03-15 00:00:00-04:00,22.159640956399894,22.468292615250768,21.945958342038946,21.953872680664062,34500,0.0,0.0
2022-03-16 00:00:00-04:00,22.037761539217524,22.555346862182688,22.037761539217524,22.428720474243164,68000,0.0,0.0
2022-03-17 00:00:00-04:00,22.452462167194568,22.563259872747153,22.35353521309247,22.55534553527832,48300,0.0,0.0
2022-03-18 00:00:00-04:00,22.5553478732353,22.571176549813668,22.0409279604837,22.341665267944336,174100,0.0,0.0
2022-03-21 00:00:00-04:00,22.349578437983084,22.713630432727587,22.349578437983084,22.563261032104492,127400,0.0,0.0
2022-03-22 00:00:00-04:00,22.49994668250203,22.59887363660413,22.397061804912752,22.55534553527832,288700,0.0,0.0
2022-03-23 00:00:00-04:00,22.555347272168802,22.737372519452318,22.317923167842967,22.68988800048828,150800,0.0,0.0
2022-03-24 00:00:00-04:00,22.74528396090934,23.742467789196237,22.674056436781314,23.687068939208984,695400,0.0,0.0
2022-03-25 00:00:00-04:00,23.734558240007118,25.119535807096437,23.552532979185333,24.850454330444336,132400,0.0,0.0
2022-03-28 00:00:00-04:00,24.549713930178886,26.433284030550233,24.438914712241676,25.998003005981445,216900,0.0,0.0
2022-03-29 00:00:00-04:00,25.87929393551618,26.639052281242318,25.81597923053335,25.95052146911621,79900,0.0,0.0
2022-03-30 00:00:00-04:00,26.09297571069106,26.11671721480275,25.76057955807138,25.91886329650879,72700,0.0,0.0
2022-03-31 00:00:00-04:00,25.79540402165398,26.496596549588357,25.79540402165398,26.029661178588867,124500,0.0,0.0
2022-04-01 00:00:00-04:00,26.551996164451364,27.62832200084116,25.831807997309856,26.267086029052734,399200,0.0,0.0
2022-04-04 00:00:00-04:00,26.23543243162616,26.23543243162616,25.90303625799697,25.982179641723633,64300,0.0,0.0
2022-04-05 00:00:00-04:00,25.98217180205863,26.11671098528202,25.531062198459566,25.67351722717285,50300,0.0,0.0
2022-04-06 00:00:00-04:00,25.562723804348128,25.950518784725148,25.167015996172424,25.483583450317383,110700,0.0,0.0
2022-04-07 00:00:00-04:00,25.341129052466126,25.380699230503676,25.012690838633432,25.190759658813477,56900,0.0,0.0
2022-04-08 00:00:00-04:00,25.325301124664445,25.736837630221583,24.88210877764438,25.412357330322266,81900,0.0,0.0
2022-04-11 00:00:00-04:00,25.119532540607473,25.309472115396847,24.87419411185939,25.206588745117188,33900,0.0,0.0
2022-04-12 00:00:00-04:00,25.127441896572503,26.05339657402981,25.02455854669011,25.404436111450195,97000,0.0,0.0
2022-04-13 00:00:00-04:00,25.37278641765919,25.942603623564693,25.37278641765919,25.436098098754883,64800,0.0,0.0
2022-04-14 00:00:00-04:00,25.380701320339327,25.64186995111159,25.143277213553564,25.301559448242188,60900,0.0,0.0
2022-04-18 00:00:00-04:00,25.25407263164547,25.74474947690501,25.00081987157532,25.53106689453125,94500,0.0,0.0
2022-04-19 00:00:00-04:00,25.618120793216757,25.7566179122056,25.44401142320683,25.744747161865234,145400,0.0,0.0
2022-04-20 00:00:00-04:00,25.800148894484064,25.808064741603314,25.325300713706508,25.626039505004883,346800,0.0,0.0
2022-04-21 00:00:00-04:00,25.721007749910346,25.721007749910346,24.660510694230524,24.70008087158203,104300,0.0,0.0
2022-04-22 00:00:00-04:00,25.01664947018,25.01664947018,22.966882792105793,23.022281646728516,125800,0.0,0.0
2022-04-25 00:00:00-04:00,22.96688295725685,23.101423680667597,22.159638616792357,22.887741088867188,111900,0.0,0.0
2022-04-26 00:00:00-04:00,22.94313952305179,22.94313952305179,22.333749109986456,22.397062301635742,78300,0.0,0.0
2022-04-27 00:00:00-04:00,22.42080237407538,22.82442448396902,21.787670540617924,22.23877716064453,208200,0.0,0.0
2022-04-28 00:00:00-04:00,22.2862607999956,23.627709857504634,22.048836749102165,23.251787185668945,226000,0.0,0.0
2022-04-29 00:00:00-04:00,23.14890563999292,23.592097940695368,22.98270909329403,23.19639015197754,231600,0.0,0.0
2022-05-02 00:00:00-04:00,23.006451178739965,23.02227985297192,22.072580532131106,22.41288948059082,203500,0.0,0.0
2022-05-03 00:00:00-04:00,22.39706369463604,23.117251860503814,21.795589091311502,22.80068588256836,191300,0.0,0.0
2022-05-04 00:00:00-04:00,23.01436599301354,23.37841796036909,22.579088009148386,23.148906707763672,105800,0.0,0.0
2022-05-05 00:00:00-04:00,22.951051677712204,23.164734245268754,22.45641694327875,22.705713272094727,130200,0.0,0.0
2022-05-06 00:00:00-04:00,22.452462237107493,22.53160259303118,21.961783879050774,22.135894775390625,220800,0.0,0.0
2022-05-09 00:00:00-04:00,21.74810170633276,21.807458483903037,19.112687651411495,19.326370239257812,174300,0.0,0.0
2022-05-10 00:00:00-04:00,19.587537571067244,19.912017870675992,17.205376255021022,17.332002639770508,299900,0.0,0.0
2022-05-11 00:00:00-04:00,17.371577058705483,17.711884577764263,17.165808773770944,17.363662719726562,182900,0.0,0.0
2022-05-12 00:00:00-04:00,17.205376417480316,18.30544371144327,17.142063224507748,18.14716148376465,267800,0.0,0.0
2022-05-13 00:00:00-04:00,18.511213881470972,20.51745268392727,18.17881920659329,20.173187255859375,453000,0.0,0.0
2022-05-16 00:00:00-04:00,20.2206678992467,20.291895423736072,19.58753602545831,19.682506561279297,268300,0.0,0.0
2022-05-17 00:00:00-04:00,19.785394268459452,21.898474436711155,19.603369003471016,21.58982276916504,323600,0.0,0.0
2022-05-18 00:00:00-04:00,21.447364270748096,21.55024764036455,19.93576051030936,20.41061019897461,153000,0.0,0.0
2022-05-19 00:00:00-04:00,20.410609308952534,20.99625667928332,20.32355310880016,20.568891525268555,158100,0.0,0.0
2022-05-20 00:00:00-04:00,20.85380473616393,20.932946610870623,20.220671248016096,20.57680892944336,118500,0.0,0.0
2022-05-23 00:00:00-04:00,20.87754620442792,21.70853362309726,20.703435287990445,21.051658630371094,238600,0.0,0.0
2022-05-24 00:00:00-04:00,21.012086494937265,21.85098823431106,20.719263527584975,21.756017684936523,161100,0.0,0.0
2022-05-25 00:00:00-04:00,21.756017280653566,21.874729333036512,21.170369847326157,21.24951171875,136400,0.0,0.0
2022-05-26 00:00:00-04:00,21.114968110032013,22.096323257113017,21.012083238363147,22.017181396484375,156600,0.0,0.0
2022-05-27 00:00:00-04:00,22.112154255825303,22.507862091064453,21.756016600307827,22.507862091064453,220600,0.0,0.0
2022-05-31 00:00:00-04:00,22.571174282710874,22.911483247435992,21.756015634869442,22.365406036376953,1233200,0.0,0.0
2022-06-01 00:00:00-04:00,22.412890582513846,23.2597050719858,21.605646271061776,22.856082916259766,194500,0.0,0.0
2022-06-02 00:00:00-04:00,23.04602540948426,23.671243015639835,22.761115279865923,23.259706497192383,163800,0.0,0.0
2022-06-03 00:00:00-04:00,22.96688117110542,23.74246810009384,22.705714082384606,23.417987823486328,185900,0.0,0.0
2022-06-06 00:00:00-04:00,23.94823728573843,24.525970336753744,23.267619356895135,23.750383377075195,427400,0.0,0.0
2022-06-07 00:00:00-04:00,23.552528852014056,23.671240892204054,22.025096475587745,23.148906707763672,223800,0.0,0.0
2022-06-08 00:00:00-04:00,22.77694279565718,23.30719133793447,22.357491960585264,22.7611141204834,118600,0.0,0.0
2022-06-09 00:00:00-04:00,22.507862843139833,22.79277146756812,21.94595691338186,22.254610061645508,136100,0.0,0.0
2022-06-10 00:00:00-04:00,21.81933088135099,22.127982525183317,21.443408117231353,21.756017684936523,99000,0.0,0.0
2022-06-13 00:00:00-04:00,20.758832592280715,20.758832592280715,19.088946560638306,19.112688064575195,226300,0.0,0.0
2022-06-14 00:00:00-04:00,19.255143380965354,19.263057718884223,18.43998468938937,19.033546447753906,159100,0.0,0.0
2022-06-15 00:00:00-04:00,18.914832903789662,20.545148648647913,18.914832903789662,20.18901252746582,171500,0.0,0.0
2022-06-16 00:00:00-04:00,19.809134688678487,20.489751135843157,19.36594082830895,19.817049026489258,236700,0.0,0.0
2022-06-17 00:00:00-04:00,19.86453528454643,21.38405355873857,19.452998739357664,20.972517013549805,419000,0.0,0.0
2022-06-21 00:00:00-04:00,21.14662490413636,21.81932848561922,20.4264368079328,20.545148849487305,247300,0.0,0.0
2022-06-22 00:00:00-04:00,20.236497138068252,21.28907985104953,20.181098286254315,20.473922729492188,218800,0.0,0.0
2022-06-23 00:00:00-04:00,20.50557792597203,20.956684573167387,20.10987012885253,20.553062438964844,350000,0.0,0.0
2022-06-24 00:00:00-04:00,20.553065363861922,21.795589291624726,19.93576207859085,19.975332260131836,3600200,0.0,0.0
2022-06-27 00:00:00-04:00,20.133613946074068,20.181098460967743,18.614095883926865,18.970232009887695,265400,0.0,0.0
2022-06-28 00:00:00-04:00,18.993977377327877,19.207659985104183,18.368758230761433,18.511213302612305,189700,0.0,0.0
2022-06-29 00:00:00-04:00,18.289614761452345,18.59826635840109,17.46654182358177,17.78310775756836,199800,0.0,0.0
2022-06-30 00:00:00-04:00,17.514025472746432,18.598265441383944,17.411142115338162,18.590351104736328,303600,0.0,0.0
2022-07-01 00:00:00-04:00,18.527040882778383,20.00698886334776,18.527040882778383,19.983245849609375,263300,0.0,0.0
2022-07-05 00:00:00-04:00,19.563792985691343,21.035826476991613,19.2551413863563,21.027912139892578,227200,0.0,0.0
2022-07-06 00:00:00-04:00,21.035829495074186,21.19806965511789,20.149443236380442,20.260242462158203,102800,0.0,0.0
2022-07-07 00:00:00-04:00,20.43435212883064,21.114970080443392,20.43435212883064,20.917116165161133,144800,0.0,0.0
2022-07-08 00:00:00-04:00,20.789280120899896,21.092889223893845,20.477679580233218,20.541597366333008,49700,0.25,0.0
2022-07-11 00:00:00-04:00,20.301907849156915,20.349845812001295,19.90242126963959,20.174072265625,60200,0.0,0.0
2022-07-12 00:00:00-04:00,20.15009937513985,20.64546332689887,19.9024181612204,20.301904678344727,160300,0.0,0.0
2022-07-13 00:00:00-04:00,20.054226048870277,20.73335352028674,20.054226048870277,20.41376304626465,40900,0.0,0.0
2022-07-14 00:00:00-04:00,20.078195470323923,20.95706627868675,20.054227250080842,20.877168655395508,52600,0.0,0.0
2022-07-15 00:00:00-04:00,21.26866713700252,22.22743405735248,20.741343425909502,21.867897033691406,120800,0.0,0.0
2022-07-18 00:00:00-04:00,22.07562754662524,22.227432872391287,21.532327082684237,21.580265045166016,82100,0.0,0.0
2022-07-19 00:00:00-04:00,21.748048140219737,22.32330977151545,21.748048140219737,22.011709213256836,75100,0.0,0.0
2022-07-20 00:00:00-04:00,21.915831954069212,22.866610351426296,21.915831954069212,22.16351318359375,121300,0.0,0.0
2022-07-21 00:00:00-04:00,21.995726421539274,22.461527809532548,21.724075489716647,22.299335479736328,78200,0.0,0.0
2022-07-22 00:00:00-04:00,22.299340028904695,22.523053054844173,21.88387363384008,22.011709213256836,54600,0.0,0.0
2022-07-25 00:00:00-04:00,22.139543382762255,22.866610289783722,22.139543382762255,22.778722763061523,73000,0.0,0.0
2022-07-26 00:00:00-04:00,22.682844094627963,23.146248396394785,22.682844094627963,23.106300354003906,122700,0.0,0.0
2022-07-27 00:00:00-04:00,23.138259736593117,23.593675673688953,22.986455948148055,23.377952575683594,98100,0.0,0.0
2022-07-28 00:00:00-04:00,23.409910074355608,24.648319233079103,23.298054333486196,24.24883270263672,130100,0.0,0.0
2022-07-29 00:00:00-04:00,24.009142292778346,24.64033180605224,23.58568750308757,24.600383758544922,147400,0.0,0.0
2022-08-01 00:00:00-04:00,24.208883730932676,24.61636018488084,24.001152071040874,24.592391967773438,109000,0.0,0.0
2022-08-02 00:00:00-04:00,24.272804135792935,24.672290719175386,24.208886343408555,24.304763793945312,106800,0.0,0.0
2022-08-03 00:00:00-04:00,24.280793937320887,24.68827043334492,24.24084588873672,24.52847671508789,106600,0.0,0.0
2022-08-04 00:00:00-04:00,24.704249088057434,24.720228916299664,24.504505806790448,24.632341384887695,79300,0.0,0.0
2022-08-05 00:00:00-04:00,24.4246075975732,24.927961507562667,24.376669637928575,24.688268661499023,104300,0.0,0.0
2022-08-08 00:00:00-04:00,24.951927109219206,24.951927109219206,24.256821433532963,24.360687255859375,150900,0.0,0.0
2022-08-09 00:00:00-04:00,24.52048435919278,24.57641223121027,24.24883338889049,24.36867904663086,182000,0.0,0.0
2022-08-10 00:00:00-04:00,24.76017313998042,25.59110426931562,24.437388583711293,25.039813995361328,196500,0.0,0.0
2022-08-11 00:00:00-04:00,25.36739661826193,25.790851397525504,25.303478829471942,25.447294235229492,195500,0.0,0.0
2022-08-12 00:00:00-04:00,25.70296125114774,25.790848773261377,25.50321951493335,25.527189254760742,155800,0.0,0.0
2022-08-15 00:00:00-04:00,25.535180922017844,25.587116126937417,25.407345341035352,25.567140579223633,92400,0.0,0.0
2022-08-16 00:00:00-04:00,25.60708809977941,25.870750694539616,25.39136651376153,25.407344818115234,138000,0.0,0.0
2022-08-17 00:00:00-04:00,25.2155906602666,25.55914933778822,24.688268535114428,24.919971466064453,46100,0.0,0.0
2022-08-18 00:00:00-04:00,24.816104857269718,25.483248209660392,24.816104857269718,25.415334701538086,62700,0.0,0.0
2022-08-19 00:00:00-04:00,25.063788167418277,25.167654005487407,24.556440038722933,24.784147262573242,78300,0.0,0.0
2022-08-22 00:00:00-04:00,24.648318761773194,25.007855717944448,24.32872984831425,24.472543716430664,55100,0.0,0.0
2022-08-23 00:00:00-04:00,24.33672205626556,24.552445178168362,23.625636421756752,23.68955421447754,64200,0.0,0.0
2022-08-24 00:00:00-04:00,23.689550879556833,23.969191754813693,23.655195623226945,23.865325927734375,47800,0.0,0.0
2022-08-25 00:00:00-04:00,24.07305830530704,24.392648757444633,23.545736192768317,24.37666893005371,75300,0.0,0.0
2022-08-26 00:00:00-04:00,24.448577953855377,24.448577953855377,23.50578942159989,23.64161491394043,41200,0.0,0.0
2022-08-29 00:00:00-04:00,23.497796869390594,23.497796869390594,22.890577179094432,23.13027000427246,62600,0.0,0.0
2022-08-30 00:00:00-04:00,23.28207719677151,23.76945130788175,22.187484830274535,22.555011749267578,70000,0.0,0.0
2022-08-31 00:00:00-04:00,22.467124327546202,23.31403539005346,22.347277142956468,23.122282028198242,104500,0.0,0.0
2022-09-01 00:00:00-04:00,22.714807448094035,22.80269498437569,22.14753570542577,22.73078727722168,84800,0.0,0.0
2022-09-02 00:00:00-04:00,22.89058045476633,23.50579014633108,22.71480691028512,22.770734786987305,82800,0.0,0.0
2022-09-06 00:00:00-04:00,22.946508266313533,24.01713240675081,22.946508266313533,23.5697078704834,258400,0.0,0.0
2022-09-07 00:00:00-04:00,23.521769289278513,24.472546213335487,23.409912015215106,24.025121688842773,178300,0.0,0.0
2022-09-08 00:00:00-04:00,23.761458115813806,24.592390812010724,23.761458115813806,24.08903694152832,167500,0.0,0.0
2022-09-09 00:00:00-04:00,24.176924514173308,24.29677016608774,23.82537594782685,23.873313903808594,135400,0.0,0.0
2022-09-12 00:00:00-04:00,23.817389747070617,24.292779758051992,23.705533991037534,23.897287368774414,129400,0.0,0.0
2022-09-13 00:00:00-04:00,23.28207828066501,23.953215882516478,23.218160486389653,23.833370208740234,146700,0.0,0.0
2022-09-14 00:00:00-04:00,23.70444891364245,24.41348681630543,23.559418049352363,24.083139419555664,160800,0.25,0.0
2022-09-15 00:00:00-04:00,23.857539471758503,24.187886899702484,23.494962276795658,23.75279426574707,143000,0.0,0.0
2022-09-16 00:00:00-04:00,24.018685142248316,24.018685142248316,21.375905559615408,21.633737564086914,1219100,0.0,0.0
2022-09-19 00:00:00-04:00,21.263102050050804,21.988256454467773,21.19058660960911,21.988256454467773,97600,0.0,0.0
2022-09-20 00:00:00-04:00,21.56927663879837,21.65790541781997,20.57017698852034,20.84412384033203,111700,0.0,0.0
2022-09-21 00:00:00-04:00,20.86829561885808,21.162385319116602,20.21968617526333,20.795780181884766,96300,0.0,0.0
2022-09-22 00:00:00-04:00,20.53794924041659,20.562121566232033,20.143143806230462,20.151201248168945,112000,0.0,0.0
2022-09-23 00:00:00-04:00,19.820851580813923,20.110911773938206,19.33741587654046,20.06256866455078,108500,0.0,0.0
2022-09-26 00:00:00-04:00,20.04645578412641,20.513776652999457,19.796681234418376,20.20760154724121,78300,0.0,0.0
2022-09-27 00:00:00-04:00,20.320402547101466,20.65074997654222,19.791041069497123,20.481548309326172,78000,0.0,0.0
2022-09-28 00:00:00-04:00,20.610467113414664,21.35173495443693,20.574209388812484,21.182533264160156,92400,0.0,0.0
2022-09-29 00:00:00-04:00,20.819952161213195,20.836067044006658,20.32040155221451,20.618520736694336,65800,0.0,0.0
2022-09-30 00:00:00-04:00,20.77161127747741,21.04555816714903,20.45737717650116,20.6346378326416,88600,0.0,0.0
2022-10-03 00:00:00-04:00,20.54600689853834,20.76758117537828,19.86113969456041,20.02228546142578,73800,0.0,0.0
2022-10-04 00:00:00-04:00,20.30429131095889,20.95692879589113,20.284146935986875,20.35263442993164,98900,0.0,0.0
2022-10-05 00:00:00-04:00,19.99811484024715,19.99811484024715,18.942614434014622,19.659709930419922,53000,0.0,0.0
2022-10-06 00:00:00-04:00,19.571080206824593,20.09480166376902,19.401876991528713,19.941713333129883,70000,0.0,0.0
2022-10-07 00:00:00-04:00,19.579135514555503,20.038400492450457,19.49856416733177,19.909482955932617,71500,0.0,0.0
2022-10-10 00:00:00-04:00,19.99005588570432,20.312345885736644,19.861139885691387,19.981998443603516,39600,0.0,0.0
2022-10-11 00:00:00-04:00,20.07868928162629,20.787727390094556,19.482452306214295,20.699098587036133,71800,0.0,0.0
2022-10-12 00:00:00-04:00,20.70715327618997,20.836069278764853,20.223717498134178,20.6346378326416,33300,0.0,0.0
2022-10-13 00:00:00-04:00,20.505719286078463,21.15432717121551,20.328458651929395,20.948867797851562,89600,0.0,0.0
2022-10-14 00:00:00-04:00,21.053615670279413,21.166418333692526,20.489608500414192,20.546009063720703,58000,0.0,0.0
2022-10-17 00:00:00-04:00,20.779666784466503,21.34367385900397,20.779666784466503,21.142242431640625,121200,0.0,0.0
2022-10-18 00:00:00-04:00,21.480647342596786,21.78682397353123,20.844124829738057,21.214757919311523,71600,0.0,0.0
2022-10-19 00:00:00-04:00,20.892470528023836,21.119684874808634,20.58629385919324,21.06167221069336,88900,0.0,0.0
2022-10-20 00:00:00-04:00,21.311447545961148,21.339647825383633,20.521835111731683,20.6507511138916,62800,0.0,0.0
2022-10-21 00:00:00-04:00,20.91664221504927,20.91664221504927,20.199546704209165,20.546009063720703,61900,0.0,0.0
2022-10-24 00:00:00-04:00,20.755494107548145,20.755494107548145,19.77250931195208,20.12702751159668,112900,0.0,0.0
2022-10-25 00:00:00-04:00,20.078684656872277,21.17850006124929,20.078684656872277,20.90858268737793,116900,0.0,0.0
2022-10-26 00:00:00-04:00,21.142244619331397,21.968113249617783,20.844126936593867,21.738481521606445,101500,0.0,0.0
2022-10-27 00:00:00-04:00,21.75459410341062,21.911710370491726,21.182529588725593,21.488704681396484,108500,0.0,0.0
2022-10-28 00:00:00-04:00,21.561221595638244,23.18073056318416,21.424248154498542,22.65700912475586,412300,0.0,0.0
2022-10-31 00:00:00-04:00,22.463633247235528,23.364434660862774,22.463633247235528,23.148500442504883,111700,0.0,0.0
2022-11-01 00:00:00-04:00,23.446619434455815,23.551363104879755,23.11627200268815,23.277416229248047,58000,0.0,0.0
2022-11-02 00:00:00-04:00,22.85682858004727,23.595678960763045,22.80606807803167,22.963184356689453,75300,0.0,0.0
2022-11-03 00:00:00-04:00,22.584492209497252,23.53524725659375,22.524062166514078,23.48690414428711,37000,0.0,0.0
2022-11-04 00:00:00-04:00,23.76085191643878,23.76085191643878,22.939011291829534,23.623878479003906,52300,0.0,0.0
2022-11-07 00:00:00-05:00,23.68833728046932,23.837396117299633,23.25324616472679,23.615821838378906,51000,0.0,0.0
2022-11-08 00:00:00-05:00,23.639994355438127,23.70848030863175,22.97526997651202,23.325761795043945,52900,0.0,0.0
2022-11-09 00:00:00-05:00,23.454679121046066,23.454679121046066,22.665066649172687,22.802040100097656,32300,0.0,0.0
2022-11-10 00:00:00-05:00,23.599710304444702,23.599710304444702,22.939013832762416,23.309648513793945,107300,0.0,0.0
2022-11-11 00:00:00-05:00,23.46273422241211,23.86559709236781,23.38216134106099,23.46273422241211,55700,0.0,0.0
2022-11-14 00:00:00-05:00,23.414389412652472,23.90991055491984,23.35798885712934,23.664165496826172,63900,0.0,0.0
2022-11-15 00:00:00-05:00,23.76891095179252,23.9139418407762,23.156559163194746,23.44662094116211,92600,0.0,0.0
2022-11-16 00:00:00-05:00,23.52719399075146,23.63193766863083,22.56837985779412,22.592552185058594,67400,0.0,0.0
2022-11-17 00:00:00-05:00,22.560320624376562,23.341874035615934,22.157457756084124,23.317703247070312,47300,0.0,0.0
2022-11-18 00:00:00-05:00,23.793082742788346,23.793082742788346,22.76981063739299,23.067928314208984,53600,0.0,0.0
2022-11-21 00:00:00-05:00,23.164616083619553,23.186371023836926,22.78592552176141,23.067928314208984,22900,0.0,0.0
2022-11-22 00:00:00-05:00,23.285471816719593,23.543303788122476,22.753692991501204,23.349929809570312,30000,0.0,0.0
2022-11-23 00:00:00-05:00,23.478847665047837,23.478847665047837,23.14044279143219,23.277416229248047,11800,0.0,0.0
2022-11-25 00:00:00-05:00,23.543305452582686,23.579563172174545,23.085654132027553,23.40633201599121,22700,0.0,0.0
2022-11-28 00:00:00-05:00,23.204900537280924,23.76085172435158,23.11627175151595,23.664165496826172,45300,0.0,0.0
2022-11-29 00:00:00-05:00,23.607762693453626,23.67222068879576,23.36604559512059,23.48690414428711,44400,0.0,0.0
2022-11-30 00:00:00-05:00,24.21020490851885,24.94975784895145,24.21020490851885,24.78721809387207,213100,0.25,0.0
2022-12-01 00:00:00-05:00,24.957883573293778,25.213883146361507,24.397124670508834,24.844106674194336,59700,0.0,0.0
2022-12-02 00:00:00-05:00,24.486518801819596,25.112294812825635,24.486518801819596,24.99039077758789,74700,0.0,0.0
2022-12-05 00:00:00-05:00,24.990394259235256,25.112298311456602,24.76690323848043,24.90912437438965,68400,0.0,0.0
2022-12-06 00:00:00-05:00,24.909120761478817,24.94975647305473,24.315853323315604,24.380868911743164,82000,0.0,0.0
2022-12-07 00:00:00-05:00,24.364616123908007,24.659625362706265,24.16956934664299,24.291473388671875,87300,0.0,0.0
2022-12-08 00:00:00-05:00,24.202077376357934,24.510901045927174,24.04766476652633,24.145187377929688,152400,0.0,0.0
2022-12-09 00:00:00-05:00,23.995981206684256,24.08023981288645,23.29383173518729,23.443037033081055,170700,2.2,0.0
2022-12-12 00:00:00-05:00,23.241171707714653,23.372824538176122,22.79355074490041,22.960311889648438,90800,0.0,0.0
2022-12-13 00:00:00-05:00,23.10073871835657,23.425483885978448,22.24938229910882,22.319597244262695,163300,0.0,0.0
2022-12-14 00:00:00-05:00,22.170393530026285,22.490749368931098,21.757880875968702,22.047517776489258,71000,0.0,0.0
2022-12-15 00:00:00-05:00,22.082623362878866,22.082623362878866,21.59111869814053,21.836870193481445,56000,0.0,0.0
2022-12-16 00:00:00-05:00,21.529678908680175,21.635000490439044,20.722206194284645,21.573562622070312,175300,0.0,0.0
2022-12-19 00:00:00-05:00,21.37169758581331,21.62622616921726,20.924076621147833,21.06450653076172,66100,0.0,0.0
2022-12-20 00:00:00-05:00,20.93285181711342,21.3980252231018,20.80119899794796,21.196157455444336,99600,0.0,0.0
2022-12-21 00:00:00-05:00,21.21371511216442,21.766657713538816,21.21371511216442,21.617450714111328,86600,0.0,0.0
2022-12-22 00:00:00-05:00,21.380474116295574,21.608673132082004,20.897744849573947,21.055728912353516,63500,0.0,0.0
2022-12-23 00:00:00-05:00,20.897744040394446,21.371696210381295,20.836306168149438,20.976736068725586,40700,0.0,0.0
2022-12-27 00:00:00-05:00,21.05573058180925,21.240045894351486,20.730987026175622,20.75731658935547,49700,0.0,0.0
2022-12-28 00:00:00-05:00,20.713429563112943,20.713429563112943,19.695311989205678,19.949840545654297,159900,0.0,0.0
2022-12-29 00:00:00-05:00,19.96739551707871,20.581777587226796,19.93228720493015,20.028833389282227,307500,0.0,0.0
2022-12-30 00:00:00-05:00,19.967397395510474,20.353580495192464,19.221362432735024,20.257034301757812,321000,0.0,0.0
2023-01-03 00:00:00-05:00,20.5554469196761,21.046951584907816,20.028833941328152,20.30091667175293,113800,0.0,0.0
2023-01-04 00:00:00-05:00,20.529112150022804,21.415576814893218,20.39745934661865,20.695873260498047,146700,0.0,0.0
2023-01-05 00:00:00-05:00,20.467678061373242,20.8363069833215,20.10782621781144,20.20437240600586,69400,0.0,0.0
2023-01-06 00:00:00-05:00,20.45889990247598,21.09961319839614,20.22192549478345,20.77486801147461,120700,0.0,0.0
2023-01-09 00:00:00-05:00,20.818750097637835,21.257593915097747,20.51156076466095,20.845081329345703,95800,0.0,0.0
2023-01-10 00:00:00-05:00,20.643213511829995,20.95917992107461,20.23069925328572,20.35357666015625,133600,0.0,0.0
2023-01-11 00:00:00-05:00,20.520337795924796,21.09961322106341,20.520337795924796,21.03817367553711,60200,0.0,0.0
2023-01-12 00:00:00-05:00,21.16105317223735,22.468807779664264,21.038175743164818,22.381038665771484,71900,0.0,0.0
2023-01-13 00:00:00-05:00,22.12650445368161,23.543971456023087,22.12650445368161,23.25872230529785,109800,0.0,0.0
2023-01-17 00:00:00-05:00,23.16217775974286,23.82922060953206,22.468805350472046,22.8637638092041,842700,0.0,0.0
2023-01-18 00:00:00-05:00,23.118294858352705,23.6712373896642,22.477583219547956,23.399154663085938,124600,0.0,0.0
2023-01-19 00:00:00-05:00,23.407933146507318,23.407933146507318,22.345930062790185,22.53902244567871,107600,0.0,0.0
2023-01-20 00:00:00-05:00,22.811101689651025,23.28505382143548,22.539018988472726,23.232391357421875,60900,0.0,0.0
2023-01-23 00:00:00-05:00,23.267504329767846,23.394769465554564,22.907652457172528,22.951536178588867,58200,0.0,0.0
2023-01-24 00:00:00-05:00,22.574127458781806,23.135848735527567,22.574127458781806,22.969087600708008,75200,0.0,0.0
2023-01-25 00:00:00-05:00,22.933979297851785,23.135848744949868,22.723334446757512,23.100740432739258,30300,0.0,0.0
2023-01-26 00:00:00-05:00,23.214841590477235,23.24117115150547,22.61801365434157,22.688228607177734,75200,0.0,0.0
2023-01-27 00:00:00-05:00,22.51269041773264,22.96031137042439,22.416145903740986,22.495136260986328,172600,0.0,0.0
2023-01-30 00:00:00-05:00,22.398590659821494,22.565350118647764,22.16161457741813,22.345928192138672,61000,0.0,0.0
2023-01-31 00:00:00-05:00,22.337152801254685,23.5659152556098,22.337152801254685,23.390377044677734,205100,0.0,0.0
2023-02-01 00:00:00-05:00,23.443036174420865,23.557136505645154,22.969085717034137,23.004192352294922,98000,0.0,0.0
2023-02-02 00:00:00-05:00,23.03052573855544,23.78972542096201,23.004194504104582,23.49570083618164,581200,0.0,0.0
2023-02-03 00:00:00-05:00,23.39037677140315,23.697567799917064,22.872540896665633,23.54836082458496,131200,0.0,0.0
2023-02-06 00:00:00-05:00,23.276276457402435,23.574690386911925,23.072652618271025,23.355268478393555,91400,0.0,0.0
2023-02-07 00:00:00-05:00,23.302606526109503,23.697566639727498,22.88131685428787,22.90764808654785,105000,0.0,0.0
2023-02-08 00:00:00-05:00,22.749665955512388,23.021748682202904,22.556575258192744,22.94275665283203,58800,0.0,0.0
2023-02-09 00:00:00-05:00,23.20606508185591,23.43426410269017,22.438088283955757,22.600460052490234,147800,0.0,0.0
2023-02-10 00:00:00-05:00,22.58290535474982,23.399155228256337,22.48636084082619,23.083187103271484,46700,0.0,0.0
2023-02-13 00:00:00-05:00,23.127071946049565,23.32016264336921,22.7321117991952,22.94275665283203,64900,0.0,0.0
2023-02-14 00:00:00-05:00,22.872540887050114,23.285055175530626,22.58290401435737,22.8637638092041,57800,0.0,0.0
2023-02-15 00:00:00-05:00,22.609234425918928,23.039301180399626,22.5039111696523,22.977863311767578,49800,0.0,0.0
2023-02-16 00:00:00-05:00,22.64434108448791,23.153399863160697,22.58290321579477,23.012969970703125,45400,0.0,0.0
2023-02-17 00:00:00-05:00,23.838000746655073,23.846777825627502,23.214843206122307,23.337718963623047,174000,0.0,0.0
2023-02-21 00:00:00-05:00,23.10951721281453,23.330695224342673,22.539020539199885,22.76721954345703,70200,0.0,0.0
2023-02-22 00:00:00-05:00,22.74966459166187,22.93397819977325,22.495134362491235,22.72333335876465,88800,0.0,0.0
2023-02-23 00:00:00-05:00,22.802327009482664,22.82426886810021,22.36523922618002,22.749666213989258,39000,0.0,0.0
2023-02-24 00:00:00-05:00,22.486360557294095,22.51269011800649,22.09140040604311,22.258161544799805,72200,0.0,0.0
2023-02-27 00:00:00-05:00,22.39859390258789,22.92520693726163,22.27571646759478,22.39859390258789,77900,0.0,0.0
2023-02-28 00:00:00-05:00,22.442475192299764,22.683838985432963,22.047516714642665,22.4249210357666,68400,0.0,0.0
2023-03-01 00:00:00-05:00,22.310821297356654,22.88131796489613,22.148449542346466,22.8637638092041,113200,0.0,0.0
2023-03-02 00:00:00-05:00,22.71455736870486,23.443038106510393,22.71455736870486,23.100740432739258,221000,0.0,0.0
2023-03-03 00:00:00-05:00,23.302607949970817,23.732676399547298,22.916426564232285,23.522029876708984,167800,0.0,0.0
2023-03-06 00:00:00-05:00,23.57469258772346,23.890659027128624,23.1490135097606,23.653684616088867,245400,0.0,0.0
2023-03-07 00:00:00-05:00,23.609799225854495,23.802891594772806,23.478146403264304,23.653684616088867,343000,0.0,0.0
2023-03-08 00:00:00-05:00,23.697567793970453,23.934543873683698,23.56591497437079,23.873106002807617,460500,0.0,0.0
2023-03-09 00:00:00-05:00,23.92576761781581,24.031089207491338,23.04807989158951,23.135848999023438,91100,0.0,0.0
2023-03-10 00:00:00-05:00,22.97786524816565,23.157791167489293,22.05629211885274,22.4249210357666,122100,0.0,0.0
2023-03-13 00:00:00-04:00,22.0650689245976,22.68647199612203,21.81054035423642,21.994853973388672,102000,0.0,0.0
2023-03-14 00:00:00-04:00,22.55174351667416,22.899242900579058,21.740914453375865,21.90129852294922,92400,0.375,0.0
2023-03-15 00:00:00-04:00,21.4557853601262,21.8745646133941,21.268671768077034,21.86565589904785,205000,0.0,0.0
2023-03-16 00:00:00-04:00,21.518157128053044,22.06168048992016,21.29540187476163,21.972578048706055,151300,0.0,0.0
2023-03-17 00:00:00-04:00,21.696361259053607,22.38244782330642,21.348861920302586,21.93693733215332,464200,0.0,0.0
2023-03-20 00:00:00-04:00,22.05277291753998,22.409181028834958,21.740915182848898,22.30225944519043,200900,0.0,0.0
2023-03-21 00:00:00-04:00,22.596294811070237,22.827960492511966,22.24879543916374,22.48046112060547,151100,0.0,0.0
2023-03-22 00:00:00-04:00,22.45373028378847,22.498280654794957,21.678541252066484,21.776554107666016,97100,0.0,0.0
2023-03-23 00:00:00-04:00,21.80328321808367,22.204243347141297,21.41123520243586,21.527067184448242,139100,0.0,0.0
2023-03-24 00:00:00-04:00,21.384504030423273,21.633990522593777,21.29540159039897,21.625080108642578,219600,0.0,0.0
2023-03-27 00:00:00-04:00,21.86565862196648,22.253252324826356,21.562711311838253,21.999311447143555,69800,0.0,0.0
2023-03-28 00:00:00-04:00,21.847833949249946,22.266613181008857,21.847833949249946,22.195331573486328,42200,0.0,0.0
2023-03-29 00:00:00-04:00,22.19533164969282,22.46263725394819,22.119595684965915,22.293344497680664,74400,0.0,0.0
2023-03-30 00:00:00-04:00,22.471550768648648,22.712126865372884,22.2844371597439,22.578474044799805,74900,0.0,0.0
2023-03-31 00:00:00-04:00,22.649755397694932,22.934881864781957,22.440364904901987,22.845779418945312,128800,0.0,0.0
2023-04-03 00:00:00-04:00,22.86359876778137,22.970522035760506,22.311166698437617,22.801227569580078,89900,0.0,0.0
2023-04-04 00:00:00-04:00,22.961612405275332,23.237828449371943,22.636389932494794,23.20218849182129,236600,0.0,0.0
2023-04-05 00:00:00-04:00,23.07744551277815,23.273471237036794,22.997253480033763,23.095266342163086,61500,0.0,0.0
2023-04-06 00:00:00-04:00,23.157634974103082,23.265448770576146,22.71212448587604,22.890329360961914,76400,0.0,0.0
2023-04-10 00:00:00-04:00,22.66757691406577,23.30911148446361,22.649756084460535,23.148727416992188,94600,0.0,0.0
2023-04-11 00:00:00-04:00,23.255651031971492,23.37148302710754,22.819050897246584,22.979434967041016,54400,0.0,0.0
2023-04-12 00:00:00-04:00,23.246736902713483,23.246736902713483,22.791425479227343,22.83686637878418,85000,0.0,0.0
2023-04-13 00:00:00-04:00,22.79231972068416,22.86360134086309,22.596295690064064,22.712127685546875,62400,0.0,0.0
2023-04-14 00:00:00-04:00,22.765588566381734,23.006164672750714,22.400270049075303,22.516103744506836,66000,0.0,0.0
2023-04-17 00:00:00-04:00,22.52501415950064,22.658666985431886,22.35571967359418,22.516103744506836,86000,0.0,0.0
2023-04-18 00:00:00-04:00,22.42700076380574,22.569564001360106,22.32007748589604,22.435911178588867,48000,0.0,0.0
2023-04-19 00:00:00-04:00,22.364627368590906,22.57847220397057,22.1775120754539,22.382448196411133,134600,0.0,0.0
2023-04-20 00:00:00-04:00,22.27552834800601,22.605206915331195,21.945849780680827,22.525014877319336,152500,0.0,0.0
2023-04-21 00:00:00-04:00,22.569563650238365,22.783408503243066,22.052771497271713,22.28443717956543,262100,0.0,0.0
2023-04-24 00:00:00-04:00,22.328986607463705,22.328986607463705,21.357773545693867,21.366683959960938,96300,0.0,0.0
2023-04-25 00:00:00-04:00,21.188480906792474,21.500336910669123,20.50239429928832,20.609315872192383,92700,0.0,0.0
2023-04-26 00:00:00-04:00,20.573676254672534,20.88998832068647,20.128165728065486,20.145986557006836,83300,0.0,0.0
2023-04-27 00:00:00-04:00,20.1816268653905,20.324190100418054,19.77621234712692,20.297460556030273,93900,0.0,0.0
2023-04-28 00:00:00-04:00,20.18162618160061,20.796431174006134,20.18162618160061,20.609315872192383,59600,0.0,0.0
2023-05-01 00:00:00-04:00,20.618225526125386,20.93008321798863,20.44002234469474,20.57367515563965,56800,0.0,0.0
2023-05-02 00:00:00-04:00,20.46675206747099,20.591496165007705,19.86976792047006,20.208356857299805,58500,0.0,0.0
2023-05-03 00:00:00-04:00,20.217267627615826,20.643174551096948,20.217267627615826,20.359830856323242,68300,0.0,0.0
2023-05-04 00:00:00-04:00,20.14598522663418,20.27963803589276,19.81630671094119,19.95886993408203,52500,0.0,0.0
2023-05-05 00:00:00-04:00,20.235088561760623,20.636048740449734,20.181627771098043,20.555856704711914,63700,0.0,0.0
2023-05-08 00:00:00-04:00,20.59149406071868,20.76969722550805,19.878676303098587,20.0123291015625,46500,0.0,0.0
2023-05-09 00:00:00-04:00,19.8786786848199,20.49348367080048,19.807397070466187,20.359830856323242,50800,0.0,0.0
2023-05-10 00:00:00-04:00,20.63604756268023,20.68059793577509,20.20835786281348,20.270729064941406,65000,0.0,0.0
2023-05-11 00:00:00-04:00,20.039061852522714,20.404380322306213,19.914319457812546,20.128164291381836,61500,0.0,0.0
2023-05-12 00:00:00-04:00,20.154896745501112,20.154896745501112,19.433168476858494,19.53118133544922,123000,0.0,0.0
2023-05-15 00:00:00-04:00,19.575730329390602,19.706711541981367,19.272783060067454,19.31733512878418,44600,0.0,0.0
2023-05-16 00:00:00-04:00,19.246052084170483,19.31733368931792,18.889644058433305,19.29951286315918,72900,0.0,0.0
2023-05-17 00:00:00-04:00,19.23714385922478,19.78957593708205,19.23714385922478,19.64701271057129,153400,0.0,0.0
2023-05-18 00:00:00-04:00,19.664833535102957,20.288548925587428,19.609589987429953,20.23508644104004,90800,0.0,0.0
2023-05-19 00:00:00-04:00,20.448933052200122,20.448933052200122,19.976691300629653,20.0390625,100100,0.0,0.0
2023-05-22 00:00:00-04:00,19.967780598562946,20.422201515335303,19.967780598562946,20.279638290405273,68500,0.0,0.0
2023-05-23 00:00:00-04:00,20.315281210788495,20.92117585488187,20.288551664394223,20.760791778564453,88200,0.0,0.0
2023-05-24 00:00:00-04:00,20.725150529270312,20.885534595623437,20.15489758178173,20.64495849609375,95300,0.0,0.0
2023-05-25 00:00:00-04:00,20.395469298185624,20.83206936609467,19.963325286804416,20.243995666503906,55900,0.0,0.0
2023-05-26 00:00:00-04:00,20.199446839320828,20.413291682807174,20.11925481057748,20.386560440063477,39100,0.0,0.0
2023-05-30 00:00:00-04:00,20.4311148733232,20.930086232476906,20.350922835308932,20.73406219482422,63700,0.0,0.0
2023-05-31 00:00:00-04:00,20.707329637772197,20.849892874217375,20.27072951372286,20.546945571899414,185900,0.0,0.0
2023-06-01 00:00:00-04:00,20.475659937495877,20.698415163185313,20.377648793844024,20.591493606567383,45600,0.0,0.0
2023-06-02 00:00:00-04:00,20.894442976783818,21.43796462715195,20.80979489473158,21.108287811279297,96900,0.0,0.0
2023-06-05 00:00:00-04:00,20.921174347401113,21.259763306226972,20.867713558976753,21.010276794433594,38400,0.0,0.0
2023-06-06 00:00:00-04:00,21.01027478886844,21.776553380918624,20.787519542294564,21.47360610961914,73900,0.0,0.0
2023-06-07 00:00:00-04:00,21.669630770562435,21.834469182158955,21.322133119227146,21.384504318237305,208700,0.0,0.0
2023-06-08 00:00:00-04:00,21.393415026794624,21.41123585518218,21.10828857054465,21.14392852783203,56400,0.0,0.0
2023-06-09 00:00:00-04:00,21.019188723628723,21.135020723475776,20.63604936342333,20.760791778564453,55300,0.0,0.0
2023-06-12 00:00:00-04:00,20.725150467199803,20.96572656600898,20.520216027245837,20.546945571899414,61600,0.0,0.0
2023-06-13 00:00:00-04:00,20.352210547736494,20.886603413584464,20.352210547736494,20.786972045898438,54500,0.375,0.0
2023-06-14 00:00:00-04:00,20.76885365555793,21.27607331541649,20.61487604286746,20.950002670288086,62100,0.0,0.0
2023-06-15 00:00:00-04:00,20.85942757810606,21.312302674853274,20.768852213240336,21.28512954711914,46600,0.0,0.0
2023-06-16 00:00:00-04:00,21.547801683599833,21.584030799304198,21.131155623718644,21.53874397277832,222500,0.0,0.0
2023-06-20 00:00:00-04:00,21.51156909243479,21.51156909243479,20.669221057875873,20.76885414123535,59600,0.0,0.0
2023-06-21 00:00:00-04:00,20.651105503582862,20.75073858629526,20.37938111310738,20.44278335571289,53500,0.0,0.0
2023-06-22 00:00:00-04:00,20.42466533717488,20.42466533717488,20.02613651219036,20.225400924682617,95400,0.0,0.0
2023-06-23 00:00:00-04:00,19.908391211907382,20.216346452617056,19.47363148181664,19.49174690246582,662800,0.0,0.0
2023-06-26 00:00:00-04:00,19.446460375916192,20.09860176654519,19.446460375916192,19.890277862548828,86100,0.0,0.0
2023-06-27 00:00:00-04:00,19.95367864355705,20.22540302771684,19.85404556316043,20.03519630432129,74300,0.0,0.0
2023-06-28 00:00:00-04:00,20.044251252773297,20.044251252773297,19.618549278856815,19.872159957885742,48100,0.0,0.0
2023-06-29 00:00:00-04:00,19.863102672504986,20.352206894723036,19.863102672504986,20.343149185180664,99000,0.0,0.0
2023-06-30 00:00:00-04:00,20.506186851265568,20.506186851265568,19.872162658889458,19.962738037109375,121100,0.0,0.0
2023-07-03 00:00:00-04:00,19.772528853827225,20.524301528930664,19.772528853827225,20.524301528930664,41500,0.0,0.0
2023-07-05 00:00:00-04:00,20.325036267706476,20.54241612225748,20.143885525123213,20.171058654785156,53100,0.0,0.0
2023-07-06 00:00:00-04:00,19.90838923998384,19.944620077693543,19.30153652899777,19.817813873291016,79800,0.0,0.0
2023-07-07 00:00:00-04:00,19.81781533591277,20.388438978884523,19.772528513014752,20.125770568847656,105600,0.0,0.0
2023-07-10 00:00:00-04:00,20.053313163866747,20.415614703415326,20.035199468954737,20.080486297607422,56500,0.0,0.0
2023-07-11 00:00:00-04:00,20.12577215159625,20.38844058229012,20.00802536625252,20.306922912597656,36000,0.0,0.0
2023-07-12 00:00:00-04:00,20.60581823044006,20.60581823044006,20.22540305554406,20.297863006591797,73400,0.0,0.0
2023-07-13 00:00:00-04:00,20.352207472695518,20.415611441292715,20.24804640137237,20.361265182495117,23000,0.0,0.0
2023-07-14 00:00:00-04:00,20.225405242905193,20.39749829309836,20.053312192712028,20.306922912597656,30600,0.0,0.0
2023-07-17 00:00:00-04:00,20.30692019047937,20.569586858381395,20.30692019047937,20.406553268432617,40300,0.0,0.0
2023-07-18 00:00:00-04:00,20.460898997106764,20.58770348368952,20.361265913316565,20.515243530273438,33000,0.0,0.0
2023-07-19 00:00:00-04:00,20.623935734870294,20.65110713952138,20.397498149008953,20.433727264404297,32900,0.0,0.0
2023-07-20 00:00:00-04:00,20.40655164700745,20.642046894997208,20.143883272394575,20.225400924682617,52200,0.0,0.0
2023-07-21 00:00:00-04:00,20.352207537982224,20.451840618515927,20.252576185030026,20.297863006591797,50000,0.0,0.0
2023-07-24 00:00:00-04:00,20.35220724825107,20.465426028125236,20.225402767618075,20.28880500793457,53300,0.0,0.0
2023-07-25 00:00:00-04:00,20.216346951780707,20.47448565586966,19.99896708136799,20.026140213012695,39000,0.0,0.0
2023-07-26 00:00:00-04:00,19.95367954573512,20.216346231954827,19.790644216835233,20.134828567504883,47300,0.0,0.0
2023-07-27 00:00:00-04:00,20.23445986904544,20.263443502664344,19.763469344307893,19.817813873291016,38400,0.0,0.0
2023-07-28 00:00:00-04:00,19.962737264549318,19.989908667656604,19.68195343017578,19.68195343017578,34700,0.0,0.0
2023-07-31 00:00:00-04:00,19.709125807572622,19.917447952147015,19.546090484833876,19.718183517456055,55600,0.0,0.0
2023-08-01 00:00:00-04:00,19.781586356023148,20.062368460556865,19.591377897894034,19.998966217041016,49100,0.0,0.0
2023-08-02 00:00:00-04:00,19.85404521324137,20.116711882955578,19.697350118587767,20.089540481567383,28400,0.0,0.0
2023-08-03 00:00:00-04:00,20.089541167873996,20.171058829986357,19.745355099492578,20.11671257019043,43100,0.0,0.0
2023-08-04 00:00:00-04:00,20.089542031611202,20.379381852658174,20.01708207634946,20.14388656616211,53000,0.0,0.0
2023-08-07 00:00:00-04:00,20.225405889617342,20.315981273014213,20.12577279512261,20.26163673400879,37400,0.0,0.0
2023-08-08 00:00:00-04:00,20.008023616283793,20.008023616283793,19.582321611020014,19.72724151611328,40500,0.0,0.0
2023-08-09 00:00:00-04:00,19.663836681670055,19.790642888739008,19.627607570779972,19.7000675201416,46200,0.0,0.0
2023-08-10 00:00:00-04:00,20.71450795999425,20.832254726573844,20.01707988713724,20.325035095214844,105600,0.0,0.0
2023-08-11 00:00:00-04:00,20.28880738258324,20.28880738258324,19.9265075900978,19.980852127075195,52600,0.0,0.0
2023-08-14 00:00:00-04:00,19.89933557381665,19.944624130155763,19.76347335996287,19.890277862548828,41700,0.0,0.0
2023-08-15 00:00:00-04:00,19.772529454330552,19.772529454330552,19.537034163370148,19.636667251586914,39400,0.0,0.0
2023-08-16 00:00:00-04:00,19.59138043852432,19.754415787325705,19.33777143157265,19.374000549316406,40500,0.0,0.0
2023-08-17 00:00:00-04:00,19.455514102507657,19.641192826514782,19.301536497654322,19.364938735961914,39100,0.0,0.0
2023-08-18 00:00:00-04:00,19.156620466114013,19.72724418114029,19.156620466114013,19.69101333618164,31700,0.0,0.0
2023-08-21 00:00:00-04:00,19.582324454774724,19.73630209224472,19.355886854235425,19.374000549316406,24800,0.0,0.0
2023-08-22 00:00:00-04:00,19.51891728010619,19.591377231313423,19.21096205558008,19.328710556030273,29300,0.0,0.0
2023-08-23 00:00:00-04:00,19.591377149221323,19.68195251974621,19.50080350627794,19.582321166992188,30500,0.0,0.0
2023-08-24 00:00:00-04:00,19.555148146438015,19.709125758913174,19.555148146438015,19.59137725830078,39500,0.0,0.0
2023-08-25 00:00:00-04:00,19.70912811428655,19.70912811428655,19.428345985364082,19.4736328125,41100,0.0,0.0
2023-08-28 00:00:00-04:00,19.455513992466837,19.709124671844197,19.21096102245096,19.35588264465332,39700,0.0,0.0
2023-08-29 00:00:00-04:00,19.364937580723982,19.582319138498182,19.210959985056363,19.5189151763916,74000,0.0,0.0
2023-08-30 00:00:00-04:00,19.56420678866187,19.609493612543922,19.473631413316173,19.55514907836914,75100,0.0,0.0
2023-08-31 00:00:00-04:00,19.609495861187096,19.62761128384987,19.292482874915716,19.374000549316406,53300,0.0,0.0
2023-09-01 00:00:00-04:00,19.392110707341086,19.591375119789227,19.292477637326357,19.5189151763916,64700,0.0,0.0
2023-09-05 00:00:00-04:00,19.446460512385713,19.56420903211195,19.28342689116612,19.374000549316406,56300,0.0,0.0
2023-09-06 00:00:00-04:00,19.292481475168053,19.32871231786491,19.1656769808924,19.19285011291504,42000,0.0,0.0
2023-09-07 00:00:00-04:00,19.247193111298625,19.247193111298625,18.884893351190485,18.94829559326172,90700,0.0,0.0
2023-09-08 00:00:00-04:00,18.88489441059704,19.57326485720954,18.88489441059704,19.500804901123047,57400,0.0,0.0
2023-09-11 00:00:00-04:00,19.500803728182724,19.80875895492274,19.195565987174973,19.654781341552734,93800,0.0,0.0
2023-09-12 00:00:00-04:00,19.618549636067094,19.876688310679967,19.464572029492622,19.627607345581055,33700,0.0,0.0
2023-09-13 00:00:00-04:00,19.56420537378432,19.60949219439124,18.96641035834931,19.18379020690918,55400,0.0,0.0
2023-09-14 00:00:00-04:00,19.271388438346676,19.972166423578248,19.271388438346676,19.907621383666992,83900,0.375,0.0
2023-09-15 00:00:00-04:00,19.898399302425197,20.202684301261527,19.52034829655946,19.594114303588867,683400,0.0,0.0
2023-09-18 00:00:00-04:00,19.363595985389235,19.603335956254785,19.077752918046627,19.16073989868164,124400,0.0,0.0
2023-09-19 00:00:00-04:00,19.031647184466156,20.018268176790123,19.031647184466156,19.86151695251465,82100,0.0,0.0
2023-09-20 00:00:00-04:00,19.91684232073433,20.045932400335396,19.557231478142114,19.603336334228516,43000,0.0,0.0
2023-09-21 00:00:00-04:00,19.52956934744316,19.640217479081286,19.280608413176864,19.409698486328125,44700,0.0,0.0
2023-09-22 00:00:00-04:00,19.37281551656864,19.566450617845057,19.31749145316399,19.41891860961914,99400,0.0,0.0
2023-09-25 00:00:00-04:00,19.289830287459207,19.54801220457518,19.246491898745425,19.501907348632812,40800,0.0,0.0
2023-09-26 00:00:00-04:00,19.492687203130373,19.594116131779554,19.18840217590332,19.18840217590332,45700,0.0,0.0
2023-09-27 00:00:00-04:00,19.216066150718465,19.354377214593498,19.050092170580186,19.19762420654297,40600,0.0,0.0
2023-09-28 00:00:00-04:00,19.169961265796864,19.53879132139498,19.050090398527207,19.400480270385742,34800,0.0,0.0
2023-09-29 00:00:00-04:00,19.49268582599478,19.575672805622904,19.050089773791694,19.34515380859375,73000,0.0,0.0
2023-10-02 00:00:00-04:00,19.18839962692611,19.54801043585702,19.16073847458392,19.41891860961914,91700,0.0,0.0
2023-10-03 00:00:00-04:00,19.38203654847188,19.750866570207922,19.271386662590935,19.723203659057617,64300,0.0,0.0
2023-10-04 00:00:00-04:00,19.640216827392578,19.80619077806287,19.511126758524696,19.640216827392578,43500,0.0,0.0
2023-10-05 00:00:00-04:00,19.649440338319287,19.879959353227324,19.465026181625166,19.695545196533203,75800,0.0,0.0
2023-10-06 00:00:00-04:00,19.66787981853711,19.824632799392745,19.363594827313847,19.538789749145508,50600,0.0,0.0
2023-10-09 00:00:00-04:00,19.45580269454136,19.741645743628933,19.354373778305007,19.640216827392578,40200,0.0,0.0
2023-10-10 00:00:00-04:00,19.621779161763715,19.778532162087448,19.391260147094727,19.391260147094727,53300,0.0,0.0
2023-10-11 00:00:00-04:00,19.354374519273588,19.594114484006703,18.939441385432715,19.02242660522461,75100,0.0,0.0
2023-10-12 00:00:00-04:00,18.94865967387893,19.54801043585702,18.85645348777793,19.41891860961914,75000,0.0,0.0
2023-10-13 00:00:00-04:00,19.418921189218374,19.483466231551308,19.05931209123745,19.18840217590332,35700,0.0,0.0
2023-10-16 00:00:00-04:00,19.428140150845714,19.538790039626598,19.16073903759908,19.37281608581543,54800,0.0,0.0
2023-10-17 00:00:00-04:00,19.096195844855792,19.548014697099276,19.096195844855792,19.455806732177734,88600,0.0,0.0
2023-10-18 00:00:00-04:00,19.32671334566218,19.575674303597612,19.252947331316925,19.391260147094727,53000,0.0,0.0
2023-10-19 00:00:00-04:00,19.2529455991541,19.2529455991541,18.865673619003744,19.02242660522461,53300,0.0,0.0
2023-10-20 00:00:00-04:00,19.086972415118197,19.123854537707587,18.893335555683066,18.91177749633789,63200,0.0,0.0
2023-10-23 00:00:00-04:00,18.838010853556465,18.91177685495376,18.589049939320514,18.653594970703125,58800,0.0,0.0
2023-10-24 00:00:00-04:00,18.7458045983795,18.967102622477906,18.7458045983795,18.92099952697754,34100,0.0,0.0
2023-10-25 00:00:00-04:00,18.782688287221543,18.85645429449034,18.589051418940734,18.6997013092041,40000,0.0,0.0
2023-10-26 00:00:00-04:00,18.865673506518643,18.89333641876457,18.427688827640342,18.6997013092041,64600,0.0,0.0
2023-10-27 00:00:00-04:00,18.625935596096355,18.625935596096355,18.349311745429358,18.533727645874023,48600,0.0,0.0
2023-10-30 00:00:00-04:00,18.699700951652467,18.80112811050749,18.515285057646462,18.764245986938477,65300,0.0,0.0
2023-10-31 00:00:00-04:00,18.88411457824297,19.114633560180664,18.782687422120162,19.114633560180664,70500,0.0,0.0
2023-11-01 00:00:00-04:00,19.216062823045593,19.33593192198723,19.077751783122082,19.252944946289062,55800,0.0,0.0
2023-11-02 00:00:00-04:00,19.41892057711145,19.557231628996657,19.372817479389862,19.520349502563477,66600,0.0,0.0
2023-11-03 00:00:00-04:00,19.861516241450893,20.193462378065945,19.686321323499456,19.9906063079834,75700,0.0,0.0
2023-11-06 00:00:00-05:00,19.962946827788596,20.027491872146992,19.612558690391346,19.750869750976562,46400,0.0,0.0
2023-11-07 00:00:00-05:00,19.77853054409173,19.79697072712915,19.455803598211936,19.732425689697266,50800,0.0,0.0
2023-11-08 00:00:00-05:00,19.796972274780273,19.806193246380026,19.60887008205092,19.796972274780273,37000,0.0,0.0
2023-11-09 00:00:00-05:00,19.972164583249548,20.14735950309427,19.5756716503632,19.723203659057617,44700,0.0,0.0
2023-11-10 00:00:00-05:00,19.926063236915965,20.258009406219077,19.326712420491152,20.092037200927734,52900,0.0,0.0
2023-11-13 00:00:00-05:00,19.916841327213735,20.525411327433236,19.852296290632932,20.405540466308594,53500,0.0,0.0
2023-11-14 00:00:00-05:00,20.746709719597284,21.18008480060065,20.746709719597284,21.133981704711914,95500,0.0,0.0
2023-11-15 00:00:00-05:00,21.133980223649118,21.207746227133814,20.857358150261557,20.885019302368164,50900,0.0,0.0
2023-11-16 00:00:00-05:00,20.921905669534404,21.004892653155725,20.7052172391098,20.838918685913086,62000,0.0,0.0
2023-11-17 00:00:00-05:00,20.97722964948793,21.03255371875914,20.848139568281628,20.940345764160156,58700,0.0,0.0
2023-11-20 00:00:00-05:00,21.050992965698242,21.135824835856546,20.95417541719167,21.050992965698242,40800,0.0,0.0
2023-11-21 00:00:00-05:00,20.977229558192782,21.29073554723264,20.820476563672855,21.1247615814209,51100,0.0,0.0
2023-11-22 00:00:00-05:00,21.281513638430244,21.405994107305336,21.10631870904452,21.318397521972656,57100,0.0,0.0
2023-11-24 00:00:00-05:00,21.318397226907955,21.447487300078947,21.152423270705054,21.401382446289062,75500,0.0,0.0
2023-11-27 00:00:00-05:00,21.4474863864689,21.502810449939748,21.290733407701264,21.392162322998047,40700,0.0,0.0
2023-11-28 00:00:00-05:00,21.327617645263672,21.530475495972386,21.23172165442112,21.327617645263672,33900,0.0,0.0
2023-11-29 00:00:00-05:00,21.484370337443895,21.678007214150004,21.290735219458206,21.49359130859375,38500,0.0,0.0
2023-11-30 00:00:00-05:00,21.650343153891995,21.779434984431607,21.52125308207271,21.668785095214844,91100,0.0,0.0
2023-12-01 00:00:00-05:00,21.71488804448102,21.899303939034702,21.59501894412535,21.751771926879883,138800,0.0,0.0
2023-12-04 00:00:00-05:00,21.770217004455716,22.134435722654757,21.701060594354832,21.9822940826416,100700,0.0,0.0
2023-12-05 00:00:00-05:00,21.991511515844177,22.12060158462492,21.953706064638304,22.01917266845703,98900,0.0,0.0
2023-12-06 00:00:00-05:00,22.120600878795436,22.120600878795436,21.71488698578977,21.742549896240234,93700,0.0,0.0
2023-12-07 00:00:00-05:00,21.705671042176935,21.85781267575904,21.433658537316333,21.585800170898438,74400,0.0,0.0
2023-12-08 00:00:00-05:00,21.53047440968644,21.85320135330545,21.33683754002689,21.60424041748047,71100,0.0,0.0
2023-12-11 00:00:00-05:00,21.62766662546197,21.993124892850716,21.62766662546197,21.83382225036621,57000,0.375,0.0
2023-12-12 00:00:00-05:00,21.908787043370275,22.0212366980393,21.384026158676964,21.899417877197266,49400,0.0,0.0
2023-12-13 00:00:00-05:00,21.97438432063488,22.639705951419568,21.89941847790806,22.405437469482422,228400,0.0,0.0
2023-12-14 00:00:00-05:00,22.742786144637694,22.948941778804063,22.311731180237548,22.53662872314453,142200,0.0,0.0
2023-12-15 00:00:00-05:00,22.695929441264067,22.70530039483686,22.222707903460936,22.32110023498535,350600,0.0,0.0
2023-12-18 00:00:00-05:00,22.255504757645802,22.480402275454402,22.236762850996772,22.24613380432129,118400,0.0,0.0
2023-12-19 00:00:00-05:00,22.236764025372686,22.625650565908433,22.236764025372686,22.396066665649414,91400,0.0,0.0
2023-12-20 00:00:00-05:00,22.30235701250721,22.93956751926339,22.227391175672746,22.508514404296875,139400,0.0,0.0
2023-12-21 00:00:00-05:00,22.649077483673928,22.808380126953125,22.6097205492866,22.808380126953125,67400,0.0,0.0
2023-12-22 00:00:00-05:00,22.89271647399254,23.03327720650686,22.68655906479996,22.83649253845215,100400,0.0,0.0
2023-12-26 00:00:00-05:00,22.873974292680067,23.26286082822085,22.873974292680067,23.173837661743164,62000,0.0,0.0
2023-12-27 00:00:00-05:00,23.211322650838603,23.276917542723876,23.04171249115618,23.108243942260742,60100,0.0,0.0
2023-12-28 00:00:00-05:00,23.014536618787766,23.314400008636188,23.014536618787766,23.192581176757812,56800,0.0,0.0
2023-12-29 00:00:00-05:00,23.23943194492325,23.314397785236164,22.80931536910315,22.883344650268555,72000,0.0,0.0
2024-01-02 00:00:00-05:00,22.80838026110852,23.37062499289077,22.80838026110852,23.342512130737305,82300,0.0,0.0
2024-01-03 00:00:00-05:00,23.35188205641545,23.52055564725473,23.089500716518057,23.183208465576172,81300,0.0,0.0
2024-01-04 00:00:00-05:00,23.14572717149361,23.33782725885056,22.93019880563505,23.03327751159668,83400,0.0,0.0
2024-01-05 00:00:00-05:00,22.873974571464007,23.276916648801027,22.873974571464007,23.052019119262695,88400,0.0,0.0
2024-01-08 00:00:00-05:00,23.11761472852938,23.60020724731744,23.11761472852938,23.44559097290039,105400,0.0,0.0
2024-01-09 00:00:00-05:00,23.21132234829441,23.59552252775186,23.21132234829441,23.55803871154785,84500,0.0,0.0
2024-01-10 00:00:00-05:00,23.483072417782072,23.61426398466274,23.351882638228105,23.586151123046875,62400,0.0,0.0
2024-01-11 00:00:00-05:00,23.520558006546242,23.65174779599095,23.221631168602798,23.483074188232422,69200,0.0,0.0
2024-01-12 00:00:00-05:00,23.68923070407112,23.68923070407112,23.417478393718213,23.53929901123047,82400,0.0,0.0
2024-01-16 00:00:00-05:00,23.426849369666336,23.426849369666336,22.967683336500087,23.211322784423828,74400,0.0,0.0
2024-01-17 00:00:00-05:00,22.93956947818899,23.276916666415108,22.93019852436863,23.15509605407715,65100,0.0,0.0
2024-01-18 00:00:00-05:00,23.12698511297133,23.22069286438723,22.939569610139525,23.042648315429688,48600,0.0,0.0
2024-01-19 00:00:00-05:00,23.15509780106439,23.19258161917387,22.789639511131078,23.061391830444336,41900,0.0,0.0
2024-01-22 00:00:00-05:00,23.136353678226214,23.136353678226214,22.611591039404836,22.742782592773438,70200,0.0,0.0
2024-01-23 00:00:00-05:00,22.91145898558801,22.930199106377696,21.9931251484776,22.367956161499023,91400,0.0,0.0
2024-01-24 00:00:00-05:00,22.602225706540995,22.602225706540995,22.189912645357666,22.199283599853516,65800,0.0,0.0
2024-01-25 00:00:00-05:00,22.452291187501544,22.8271222007589,22.339843313385728,22.686559677124023,74500,0.0,0.0
2024-01-26 00:00:00-05:00,22.827121757646374,22.972367074503747,22.3492138336143,22.386695861816406,84500,0.0,0.0
2024-01-29 00:00:00-05:00,22.358585658494512,22.452291626313524,21.983754637911385,22.33984375,51200,0.0,0.0
2024-01-30 00:00:00-05:00,22.1992808250253,22.44292024948293,22.1992808250253,22.24613380432129,33400,0.0,0.0
2024-01-31 00:00:00-05:00,22.292990653927614,22.6022249932241,21.89004855995682,21.908788681030273,90900,0.0,0.0
2024-02-01 00:00:00-05:00,21.908786344749615,22.442919953236903,21.768225621390464,22.15242576599121,530000,0.0,0.0
2024-02-02 00:00:00-05:00,21.95564399599543,22.377326221487117,21.95564399599543,22.208654403686523,183800,0.0,0.0
2024-02-05 00:00:00-05:00,21.946272939056353,22.161799528011652,21.721375395712545,21.777599334716797,205100,0.0,0.0
2024-02-06 00:00:00-05:00,21.702632752958454,22.255506531894824,21.702632752958454,21.92753028869629,74900,0.0,0.0
2024-02-07 00:00:00-05:00,21.890049151450146,22.068091924082808,21.740117454850633,21.76822853088379,97600,0.0,0.0
2024-02-08 00:00:00-05:00,21.786968371490104,22.114944596913347,21.786968371490104,21.890047073364258,74000,0.0,0.0
2024-02-09 00:00:00-05:00,22.002495676308808,22.517887415565855,21.86193494281205,22.4991455078125,117000,0.0,0.0
2024-02-12 00:00:00-05:00,22.433550902869598,22.939569907348833,22.29205182105969,22.592853546142578,164500,0.0,0.0
2024-02-13 00:00:00-05:00,22.264878423845584,22.264878423845584,21.154446235824903,21.44025230407715,142300,0.0,0.0
2024-02-14 00:00:00-05:00,21.53395858504944,21.75885611484186,21.458992741785302,21.524587631225586,92600,0.0,0.0
2024-02-15 00:00:00-05:00,21.665150429418894,22.246135275343658,21.665150429418894,22.16179847717285,103600,0.0,0.0
2024-02-16 00:00:00-05:00,21.9650127643681,22.41480780839094,21.852563109699076,21.899417877197266,118900,0.0,0.0
2024-02-20 00:00:00-05:00,21.740114549114576,22.274246370275293,21.740114549114576,22.15242576599121,122600,0.0,0.0
2024-02-21 00:00:00-05:00,22.15242737674147,22.396066815698607,21.988440152119693,22.386695861816406,161200,0.0,0.0
2024-02-22 00:00:00-05:00,22.302359646973795,22.81775140000209,22.16929674541896,22.46166229248047,315000,0.0,0.0
2024-02-23 00:00:00-05:00,22.405438936613823,22.93019987006345,22.302360225867243,22.53662872314453,160500,0.0,0.0
2024-02-26 00:00:00-05:00,22.433549296158414,22.68655788661397,22.218020944347742,22.24613380432129,115900,0.0,0.0
2024-02-27 00:00:00-05:00,22.377324015721353,22.504767553576595,21.59486816468541,22.00249481201172,375200,0.0,0.0
2024-02-28 00:00:00-05:00,21.9181581669266,22.246134392652078,21.815081252284095,21.99312400817871,306100,0.0,0.0
2024-02-29 00:00:00-05:00,22.255506394043184,22.255506394043184,21.580813791008758,21.608924865722656,380100,0.0,0.0
2024-03-01 00:00:00-05:00,21.580812893433244,21.712002669513005,21.33342543721046,21.665149688720703,117400,0.0,0.0
2024-03-04 00:00:00-05:00,21.59018370724694,21.70263157535095,21.37465534994875,21.562070846557617,109500,0.0,0.0
2024-03-05 00:00:00-05:00,21.56207244788686,22.011867528360668,21.318432999131854,21.796340942382812,134800,0.0,0.0
2024-03-06 00:00:00-05:00,21.92752953910513,22.152427067154857,21.864746115031167,21.974384307861328,99400,0.0,0.0
2024-03-07 00:00:00-05:00,22.03060855724359,22.03060855724359,21.6932613666944,21.84319305419922,75100,0.0,0.0
2024-03-08 00:00:00-05:00,21.936899912601802,22.105573501009168,21.69794685390912,21.786968231201172,83800,0.0,0.0
2024-03-11 00:00:00-04:00,21.730744436040272,21.74011538960338,21.41213916420118,21.562070846557617,86500,0.0,0.0
2024-03-12 00:00:00-04:00,21.4964767035706,21.4964767035706,21.177871420695165,21.29969024658203,86800,0.0,0.0
2024-03-13 00:00:00-04:00,21.29968935723599,21.38402615137731,21.065420881804904,21.243465423583984,141300,0.0,0.0
2024-03-14 00:00:00-04:00,21.138536423094433,21.205309487572592,20.84282635779278,21.02406883239746,121700,0.4,0.0
2024-03-15 00:00:00-04:00,20.861905459820264,21.10991918617583,20.83901157717628,20.985912322998047,245400,0.0,0.0
2024-03-18 00:00:00-04:00,20.928678106492686,21.362704848057295,20.919138837296487,21.253005981445312,82000,0.0,0.0
2024-03-19 00:00:00-04:00,21.281621382904927,21.529636916880115,21.262544664468,21.377012252807617,80700,0.0,0.0
2024-03-20 00:00:00-04:00,21.25300686249385,21.739498695090425,21.25300686249385,21.644107818603516,115600,0.0,0.0
2024-03-21 00:00:00-04:00,21.644106965824157,21.78719236520213,21.310239820989175,21.424707412719727,88100,0.0,0.0
2024-03-22 00:00:00-04:00,21.501021387680275,21.501021387680275,21.05268483541278,21.081302642822266,51300,0.0,0.0
2024-03-25 00:00:00-04:00,21.195771684137178,21.44378724037037,21.195771684137178,21.434247970581055,87300,0.0,0.0
2024-03-26 00:00:00-04:00,21.434245891968786,21.481942236289957,21.100380578868094,21.148075103759766,93800,0.0,0.0
2024-03-27 00:00:00-04:00,21.300700731868165,21.796731818706615,21.300700731868165,21.625028610229492,146000,0.0,0.0
2024-03-28 00:00:00-04:00,21.72995889646416,21.93981736408247,21.663184010948267,21.853965759277344,119900,0.0,0.0
2024-04-01 00:00:00-04:00,21.901660769084454,21.901660769084454,21.56779543129873,21.615489959716797,100200,0.0,0.0
2024-04-02 00:00:00-04:00,21.567795905705953,21.776701001413958,21.272084000834614,21.319780349731445,110200,0.0,0.0
2024-04-03 00:00:00-04:00,21.224388041010585,21.372243983481926,21.062224104549276,21.081302642822266,108300,0.0,0.0
2024-04-04 00:00:00-04:00,21.243467961488562,21.39609263874389,21.1671556228609,21.291162490844727,116900,0.0,0.0
2024-04-05 00:00:00-04:00,21.27208206207084,21.467632526150958,21.18623046131084,21.3483943939209,47800,0.0,0.0
2024-04-08 00:00:00-04:00,21.405630860729858,21.577334069094924,21.36747378356892,21.567794799804688,72400,0.0,0.0
2024-04-09 00:00:00-04:00,21.596410148655732,21.79196061474026,21.501021097437548,21.663183212280273,82400,0.0,0.0
2024-04-10 00:00:00-04:00,21.348396104442497,21.415170992162395,20.804670469016603,21.033607482910156,121900,0.0,0.0
2024-04-11 00:00:00-04:00,21.09084197823159,21.386552044673916,20.823747899859114,21.16715431213379,84700,0.0,0.0
2024-04-12 00:00:00-04:00,21.16715536446569,21.191002628852658,20.83328820475917,20.890522003173828,71500,0.0,0.0
2024-04-15 00:00:00-04:00,20.938218264351576,20.98591279292728,20.442187161673818,20.690202713012695,92300,0.0,0.0
2024-04-16 00:00:00-04:00,20.499420695570894,20.499420695570894,20.251405147429445,20.289562225341797,65500,0.0,0.0
2024-04-17 00:00:00-04:00,20.401169606109242,20.461267190915393,20.03200912475586,20.03200912475586,54500,0.0,0.0
2024-04-18 00:00:00-04:00,20.05108722853315,20.375415133803788,20.003390878093505,20.35633659362793,84300,0.0,0.0
2024-04-19 00:00:00-04:00,20.327715302427702,20.942984472016846,20.327715302427702,20.814207077026367,83700,0.0,0.0
2024-04-22 00:00:00-04:00,20.90959935578791,21.07176329161764,20.79990049028979,20.938217163085938,55800,0.0,0.0
2024-04-23 00:00:00-04:00,20.985911689153102,21.066992747353193,20.880981548489885,20.938217163085938,39600,0.0,0.0
2024-04-24 00:00:00-04:00,20.766513772618513,20.880981361928818,20.699740708949246,20.737895965576172,58600,0.0,0.0
2024-04-25 00:00:00-04:00,20.690201977780546,20.81420883932855,20.518498769922104,20.58527183532715,63200,0.0,0.0
2024-04-26 00:00:00-04:00,20.65204449744106,20.99545090645194,20.65204449744106,20.90959930419922,63900,0.0,0.0
2024-04-29 00:00:00-04:00,20.92867993668367,21.224390029907227,20.92867993668367,21.224390029907227,76300,0.0,0.0
2024-04-30 00:00:00-04:00,21.195769329809742,21.254911704276434,20.72835607862939,20.747434616088867,88900,0.0,0.0
2024-05-01 00:00:00-04:00,20.852365117467645,20.982095899488485,20.15601304345087,20.308639526367188,137900,0.0,0.0
2024-05-02 00:00:00-04:00,20.44218704998839,20.690202599972242,20.327717634830602,20.575733184814453,86700,0.0,0.0
2024-05-03 00:00:00-04:00,20.718817375679684,20.833286784132955,20.528037454163602,20.709278106689453,72200,0.0,0.0
2024-05-06 00:00:00-04:00,20.74743513442378,20.85713399841218,20.489880330574746,20.53757667541504,35600,0.0,0.0
2024-05-07 00:00:00-04:00,20.671124123703922,20.861905876403576,20.63296704539214,20.661584854125977,75100,0.0,0.0
2024-05-08 00:00:00-04:00,20.57573282318378,20.938217781954535,20.57573282318378,20.928678512573242,55200,0.0,0.0
2024-05-09 00:00:00-04:00,20.861904315550746,21.157614372624,20.861904315550746,21.148075103759766,46000,0.0,0.0
2024-05-10 00:00:00-04:00,21.06222663752686,21.214851323206563,20.957296483835897,21.128999710083008,63400,0.0,0.0
2024-05-13 00:00:00-04:00,21.2530069718025,21.2530069718025,20.737897327781642,20.890522003173828,51300,0.0,0.0
2024-05-14 00:00:00-04:00,21.06222470950759,21.100381787149534,20.718818288448517,21.014530181884766,84400,0.0,0.0
2024-05-15 00:00:00-04:00,21.071762616552746,21.348394133853194,20.90005941712444,20.919137954711914,71600,0.0,0.0
2024-05-16 00:00:00-04:00,20.957293948489752,21.11945788483509,20.901013534225367,21.02406883239746,65100,0.0,0.0
2024-05-17 00:00:00-04:00,21.090841362085875,21.29593109459961,20.938216698740238,21.176692962646484,67600,0.0,0.0
2024-05-20 00:00:00-04:00,21.205310060620832,21.377013270735915,20.938217795490345,20.985912322998047,62800,0.0,0.0
2024-05-21 00:00:00-04:00,20.985910434329924,21.148074360463287,20.88575084392005,21.04314422607422,68100,0.0,0.0
2024-05-22 00:00:00-04:00,20.97637236830033,21.090841777780465,20.842826240098113,20.90959930419922,67300,0.0,0.0
2024-05-23 00:00:00-04:00,20.79513091342138,20.88575306436613,20.394490689758822,20.51849937438965,114000,0.0,0.0
2024-05-24 00:00:00-04:00,20.57573256606506,20.81420883932855,20.508959500660016,20.58527183532715,76300,0.0,0.0
2024-05-28 00:00:00-04:00,20.71881715279084,20.756974228341285,20.26094316276253,20.394489288330078,89500,0.0,0.0
2024-05-29 00:00:00-04:00,20.270481817322544,20.54711514839096,20.270481817322544,20.404027938842773,81100,0.0,0.0
2024-05-30 00:00:00-04:00,20.489881763599758,20.842827462384243,20.432647965218095,20.833288192749023,89800,0.0,0.0
2024-05-31 00:00:00-04:00,20.852365641835046,21.291161105536496,20.852365641835046,21.081302642822266,233200,0.0,0.0
2024-06-03 00:00:00-04:00,21.09084346312954,21.648877102934616,21.04314711393914,21.548717498779297,89900,0.0,0.0
2024-06-04 00:00:00-04:00,21.529637284423693,21.987511284457792,21.462864220180744,21.920738220214844,120300,0.0,0.0
2024-06-05 00:00:00-04:00,21.92073890329665,22.101981382910672,21.796732040042595,21.997051239013672,66400,0.0,0.0
2024-06-06 00:00:00-04:00,21.873045587060272,22.049517532035612,21.796733247117174,21.863506317138672,46000,0.0,0.0
2024-06-07 00:00:00-04:00,21.663184425131167,21.75380657606342,21.48194376212592,21.529638290405273,63100,0.0,0.0
2024-06-10 00:00:00-04:00,21.48194246004633,21.701340187920465,21.329317795487846,21.46286392211914,68200,0.0,0.0
2024-06-11 00:00:00-04:00,21.348395129411518,21.53917687532419,21.195770460453208,21.453325271606445,58300,0.0,0.0
2024-06-12 00:00:00-04:00,21.825347645260337,21.853965452937423,21.26254531638084,21.338857650756836,85500,0.0,0.0
2024-06-13 00:00:00-04:00,21.280582427978516,21.49426173215669,21.193167746143022,21.280582427978516,69100,0.4,0.0
2024-06-14 00:00:00-04:00,21.18345395639778,21.270868634760863,21.105752225914525,21.241731643676758,61000,0.0,0.0
2024-06-17 00:00:00-04:00,21.232019539205666,21.38742300634533,21.047477227269017,21.280582427978516,59200,0.0,0.0
2024-06-18 00:00:00-04:00,21.329144826097608,21.756505277178455,21.261156042357445,21.513687133789062,79100,0.0,0.0
2024-06-20 00:00:00-04:00,21.387421044318366,21.8439184555938,21.387421044318366,21.785642623901367,100400,0.0,0.0
2024-06-21 00:00:00-04:00,21.882771592308153,22.232428456544724,21.688516337966966,21.717655181884766,326300,0.0,0.0
2024-06-24 00:00:00-04:00,21.68851569751785,22.232427800034205,21.68851569751785,22.028461456298828,83300,0.0,0.0
2024-06-25 00:00:00-04:00,21.892482877489282,22.028460433667018,21.78564231046091,21.9410457611084,80400,0.0,0.0
2024-06-26 00:00:00-04:00,21.756503468756282,22.081880717181203,21.746790521521408,21.9410457611084,88300,0.0,0.0
2024-06-27 00:00:00-04:00,22.018748466213967,22.154726028442383,21.882770903985552,22.154726028442383,78000,0.0,0.0
2024-06-28 00:00:00-04:00,22.251853709073842,22.824904654999532,22.159583484835256,22.708351135253906,528500,0.0,0.0
2024-07-01 00:00:00-04:00,22.70835075150478,22.815191321753158,22.222714490456255,22.310129165649414,122500,0.0,0.0
2024-07-02 00:00:00-04:00,22.446107518946793,22.873466074656868,22.446107518946793,22.72777557373047,91600,0.0,0.0
2024-07-03 00:00:00-04:00,22.815192610883823,22.980309023072135,22.722922382990955,22.747203826904297,54400,0.0,0.0
2024-07-05 00:00:00-04:00,22.747202850412485,22.776341693390876,22.310129468513335,22.533523559570312,94200,0.0,0.0
2024-07-08 00:00:00-04:00,22.611225491597263,22.960882347705148,22.611225491597263,22.883180618286133,53500,0.0,0.0
2024-07-09 00:00:00-04:00,22.8249045365057,22.8249045365057,22.533523517487335,22.659788131713867,66100,0.0,0.0
2024-07-10 00:00:00-04:00,22.77633957364896,23.13570934082668,22.5888832211226,22.990018844604492,65700,0.0,0.0
2024-07-11 00:00:00-04:00,23.16485029411949,24.048708151386077,23.16485029411949,23.718475341796875,117300,0.0,0.0
2024-07-12 00:00:00-04:00,23.99043052358741,24.301237414645012,23.91272880082301,24.14583396911621,75000,0.0,0.0
2024-07-15 00:00:00-04:00,24.301238790537177,24.82572498575354,24.301238790537177,24.757736206054688,94100,0.0,0.0
2024-07-16 00:00:00-04:00,24.93256533466985,25.486190367381518,24.86457655557267,25.2142333984375,112200,0.0,0.0
2024-07-17 00:00:00-04:00,25.214232690237612,25.593030217155103,25.214232690237612,25.35021209716797,93300,0.0,0.0
2024-07-18 00:00:00-04:00,25.1850956104202,25.62216711328371,24.76744814914345,24.796586990356445,93700,0.0,0.0
2024-07-19 00:00:00-04:00,24.854864368175654,25.155958335907638,24.796588534675507,25.078256607055664,78800,0.0,0.0
2024-07-22 00:00:00-04:00,25.097682631584085,25.350213714791607,24.903427382176652,25.25308609008789,65700,0.0,0.0
2024-07-23 00:00:00-04:00,25.253085361880352,25.52504233269743,25.20452247720655,25.262798309326172,133500,0.0,0.0
2024-07-24 00:00:00-04:00,25.214235066037812,25.427916217395854,24.971416923171244,24.990842819213867,66100,0.0,0.0
2024-07-25 00:00:00-04:00,25.068542795611044,25.369638605523733,24.88400235379327,24.91313934326172,87500,0.0,0.0
2024-07-26 00:00:00-04:00,25.15595798968373,25.563892523680995,25.000554534118614,25.486190795898438,67700,0.0,0.0
2024-07-29 00:00:00-04:00,25.4861892304012,25.520183618433247,25.078254721461445,25.20452117919922,91500,0.0,0.0
2024-07-30 00:00:00-04:00,25.330787527601263,25.38906336073018,25.107395290144304,25.15595817565918,103300,0.0,0.0
2024-07-31 00:00:00-04:00,25.175384112858474,25.52018541723279,24.981128865364454,25.029693603515625,130300,0.0,0.0
2024-08-01 00:00:00-04:00,25.03940630006554,25.19480975548033,24.612045871397218,24.80630111694336,105100,0.0,0.0
2024-08-02 00:00:00-04:00,24.43721714494783,24.76744995927594,24.262387790002908,24.36922836303711,89100,0.0,0.0
2024-08-05 00:00:00-04:00,23.786463670527883,23.835028407812054,23.397955035031032,23.69904899597168,102200,0.0,0.0
2024-08-06 00:00:00-04:00,23.621346526757833,24.13612161046548,23.4756560245931,23.961292266845703,68700,0.0,0.0
2024-08-07 00:00:00-04:00,23.95157928417784,24.61204486907086,23.95157928417784,24.087556838989258,98000,0.0,0.0
2024-08-08 00:00:00-04:00,24.301238405140428,24.534343582934774,24.084645052518983,24.359514236450195,53900,0.0,0.0
2024-08-09 00:00:00-04:00,24.485778982657926,24.534343719482422,23.7573246032881,24.534343719482422,94700,0.0,0.0
2024-08-12 00:00:00-04:00,24.64118410961157,25.019979791324825,24.07978761233711,24.86457633972168,86900,0.0,0.0
2024-08-13 00:00:00-04:00,25.078255759589368,25.311360938268002,24.932565254484636,25.039405822753906,82600,0.0,0.0
2024-08-14 00:00:00-04:00,25.175384231259468,25.26279890778736,24.922853149351713,25.078256607055664,41300,0.0,0.0
2024-08-15 00:00:00-04:00,25.379351477289294,25.379351477289294,24.990842819213867,24.990842819213867,105900,0.0,0.0
2024-08-16 00:00:00-04:00,25.068543381845608,25.301648565820823,24.932565820998896,25.10739517211914,105600,0.0,0.0
2024-08-19 00:00:00-04:00,25.087970292288862,25.311362537736343,25.06077477901892,25.19481086730957,76800,0.0,0.0
2024-08-20 00:00:00-04:00,25.13653198868563,25.26279845364733,25.000554428777924,25.05883026123047,52800,0.0,0.0
2024-08-21 00:00:00-04:00,25.233660311786288,25.437628509866578,25.058830957019005,25.30164909362793,74700,0.0,0.0
2024-08-22 00:00:00-04:00,25.379349242279407,25.427913978109157,25.223945792734703,25.272510528564453,57200,0.0,0.0
2024-08-23 00:00:00-04:00,25.466764808778095,26.457463223841863,25.466764808778095,26.117517471313477,156700,0.0,0.0
2024-08-26 00:00:00-04:00,26.36033486655944,26.55459010617681,26.117516743315363,26.127229690551758,155900,0.0,0.0
2024-08-27 00:00:00-04:00,26.127229690551758,26.48660132807731,26.10780379607897,26.127229690551758,201700,0.0,0.0
2024-08-28 00:00:00-04:00,26.175795223703116,26.32148573157432,25.69987005740569,25.73872184753418,175000,0.0,0.0
2024-08-29 00:00:00-04:00,25.942688188042805,25.942688188042805,25.661020119832518,25.73872184753418,197900,0.0,0.0
2024-08-30 00:00:00-04:00,25.89412500840227,26.03010256719466,25.622168038262185,25.64159393310547,267400,0.0,0.0
2024-09-03 00:00:00-04:00,25.622167503874056,25.79699684870669,25.389062328282293,25.44734001159668,209000,0.0,0.0
2024-09-04 00:00:00-04:00,25.418201011848826,25.53475452519742,24.98112765248565,25.146244049072266,138700,0.0,0.0
2024-09-05 00:00:00-04:00,25.223946956402138,25.495903931929305,25.06854349968814,25.15595817565918,158900,0.0,0.0
2024-09-06 00:00:00-04:00,25.20452262119479,25.26279845364733,24.903426806320148,25.05883026123047,165000,0.0,0.0
2024-09-09 00:00:00-04:00,24.922852153588014,25.146244383542648,24.485778788411324,24.738309860229492,202500,0.0,0.0
2024-09-10 00:00:00-04:00,24.854864410542742,24.981129025434175,24.650896214111537,24.95199203491211,123600,0.0,0.0
2024-09-11 00:00:00-04:00,24.816012053251722,24.92285262287451,24.495492196938656,24.884002685546875,128600,0.0,0.0
2024-09-12 00:00:00-04:00,25.04911916628447,25.107394998737014,24.699460466458596,25.05883026123047,134700,0.0,0.0
2024-09-13 00:00:00-04:00,25.315338623002066,25.463323469416554,25.019368930173098,25.157487869262695,156100,0.4,0.0
2024-09-16 00:00:00-04:00,25.256144936242457,25.344936219999195,24.861518053839955,25.039098739624023,123500,0.0,0.0
2024-09-17 00:00:00-04:00,25.167354664513738,25.236414136495014,24.831921330550834,24.910846710205078,207300,0.0,0.0
2024-09-18 00:00:00-04:00,24.989770374185106,25.6507710890569,24.871381371967004,24.960172653198242,304900,0.0,0.0
2024-09-19 00:00:00-04:00,25.3153381727198,25.3153381727198,24.782592358757686,24.871381759643555,179600,0.0,0.0
2024-09-20 00:00:00-04:00,24.812188361398018,24.83685218856878,24.259710729509422,24.358367919921875,1037800,0.0,0.0
2024-09-23 00:00:00-04:00,24.368234770435276,24.86151885986328,24.368234770435276,24.86151885986328,128800,0.0,0.0
2024-09-24 00:00:00-04:00,24.77272776624252,25.088429284859494,24.77272776624252,24.910846710205078,150200,0.0,0.0
2024-09-25 00:00:00-04:00,24.970039367224512,24.979905274538996,24.767792971601065,24.7825927734375,119000,0.0,0.0
2024-09-26 00:00:00-04:00,25.009503292423535,25.039099132987793,24.73326352953736,24.762861251831055,139500,0.0,0.0
2024-09-27 00:00:00-04:00,24.93057852555101,25.108161100205425,24.762861858569558,24.910846710205078,431200,0.0,0.0
2024-09-30 00:00:00-04:00,24.733263942843497,25.078563181788994,24.733263942843497,24.86151885986328,206500,0.0,0.0
2024-10-01 00:00:00-04:00,24.96017417236531,25.02923552553798,24.703668101784675,24.86151885986328,135500,0.0,0.0
2024-10-02 00:00:00-04:00,24.713532419721307,24.891114995090813,24.585279382915267,24.841787338256836,181000,0.0,0.0
2024-10-03 00:00:00-04:00,24.7135318863544,24.7135318863544,24.40769628077939,24.624740600585938,93300,0.0,0.0
2024-10-04 00:00:00-04:00,24.762860158473877,24.999636281180724,24.452090674164545,24.960172653198242,109600,0.0,0.0
2024-10-07 00:00:00-04:00,24.782592258682207,24.851651726719776,24.57541197284012,24.752994537353516,70900,0.0,0.0
2024-10-08 00:00:00-04:00,24.841786013560455,24.841786013560455,24.486620881760736,24.61487579345703,66300,0.0,0.0
2024-10-09 00:00:00-04:00,24.52608550791813,24.718466001556784,24.4086825248338,24.674070358276367,825200,0.0,0.0
2024-10-10 00:00:00-04:00,24.605010689677783,24.866450652606165,24.55568115213411,24.81218910217285,162900,0.0,0.0
2024-10-11 00:00:00-04:00,25.078561755785344,25.729696566267478,25.078561755785344,25.709964752197266,1095300,0.0,0.0
2024-10-14 00:00:00-04:00,25.65077202223187,26.065130722475562,25.571846645124946,25.90727996826172,104800,0.0,0.0
2024-10-15 00:00:00-04:00,25.83821982372319,26.499220545379615,25.83821982372319,26.203248977661133,142900,0.0,0.0
2024-10-16 00:00:00-04:00,26.282175771207218,26.617609103687865,26.27230986357785,26.361101150512695,121700,0.0,0.0
2024-10-17 00:00:00-04:00,26.370966494046442,26.864250574586315,26.183519898286484,26.77545928955078,264600,0.0,0.0
2024-10-18 00:00:00-04:00,26.795191811633632,27.18981871013563,26.56828158021117,26.854385375976562,158700,0.0,0.0
2024-10-21 00:00:00-04:00,26.953042035305177,26.953042035305177,26.30388112947503,26.449892044067383,151100,0.0,0.0
2024-10-22 00:00:00-04:00,26.420295320775246,27.34766801241073,26.36109987785686,27.327938079833984,159400,0.0,0.0
2024-10-23 00:00:00-04:00,27.298341017461823,27.49565540182828,26.943175878293975,27.031967163085938,104200,0.0,0.0
2024-10-24 00:00:00-04:00,27.031967163085938,27.288475110070557,26.943175878293975,27.031967163085938,87000,0.0,0.0
2024-10-25 00:00:00-04:00,27.20954955621477,27.20954955621477,26.321638595782716,26.351234436035156,81400,0.0,0.0
2024-10-28 00:00:00-04:00,26.499220414857113,26.903713195190267,26.499220414857113,26.716264724731445,73300,0.0,0.0
2024-10-29 00:00:00-04:00,26.518951834765982,26.58801318797792,26.262445764039516,26.43016242980957,82600,0.0,0.0
2024-10-30 00:00:00-04:00,26.32163932792028,26.61760902905357,26.193384410827576,26.43016242980957,65800,0.0,0.0
2024-10-31 00:00:00-04:00,26.321638694034935,26.40155009743599,26.055264840392187,26.094728469848633,79900,0.0,0.0
2024-11-01 00:00:00-04:00,26.301907672901713,26.311773580563507,25.571847441494487,25.917146682739258,116800,0.0,0.0
2024-11-04 00:00:00-05:00,25.956606781475465,26.380831375315168,25.956606781475465,26.34136962890625,75100,0.0,0.0
2024-11-05 00:00:00-05:00,26.29204085418478,26.992505220064064,26.29204085418478,26.98263931274414,86200,0.0,0.0
2024-11-06 00:00:00-05:00,27.62390744597411,27.979072572432887,27.01223438170948,27.347667694091797,187500,0.0,0.0
2024-11-07 00:00:00-05:00,27.3575346048166,27.62390845943334,27.071430817128913,27.21941566467285,127700,0.0,0.0
2024-11-08 00:00:00-05:00,27.249012285804817,28.117191402916404,27.209548657798702,27.229280471801758,92100,0.0,0.0
2024-11-11 00:00:00-05:00,27.258877728692827,27.68310234317385,27.17008832452023,27.38713264465332,129100,0.0,0.0
2024-11-12 00:00:00-05:00,27.44632507558835,27.663371268495663,27.04183229282574,27.209548950195312,85500,0.0,0.0
2024-11-13 00:00:00-05:00,27.42659362662414,27.42659362662414,26.923445529544175,26.93330955505371,102700,0.0,0.0
2024-11-14 00:00:00-05:00,26.943176588846864,27.07143150658626,26.744876173030477,26.923446655273438,67800,0.0,0.0
2024-11-15 00:00:00-05:00,27.071430990068393,27.18981811616806,26.657072285260682,26.893848419189453,112900,0.0,0.0
2024-11-18 00:00:00-05:00,26.765592633750625,27.17008729967449,26.548548321804365,27.14048957824707,90900,0.0,0.0
2024-11-19 00:00:00-05:00,26.893848198700613,27.870550448797857,26.558414874619206,27.850818634033203,80100,0.0,0.0
2024-11-20 00:00:00-05:00,27.692967450478182,28.561148469382672,27.65350570328947,28.38356590270996,173400,0.0,0.0
2024-11-21 00:00:00-05:00,28.699266983827542,29.72529685808251,28.699266983827542,29.103759765625,380300,0.0,0.0
2024-11-22 00:00:00-05:00,29.291209781406216,29.498388195907616,28.847253347861113,29.380001068115234,196000,0.0,0.0
2024-11-25 00:00:00-05:00,29.6200008392334,30.649999618530273,29.209999084472656,30.56999969482422,259400,0.4,0.0
2024-11-26 00:00:00-05:00,30.5,31.709999084472656,30.40999984741211,30.899999618530273,231800,0.0,0.0
2024-11-27 00:00:00-05:00,31.18000030517578,31.579999923706055,30.829999923706055,31.25,163200,0.0,0.0
2024-11-29 00:00:00-05:00,31.40999984741211,31.690000534057617,30.834999084472656,30.899999618530273,96500,0.0,0.0
2024-12-02 00:00:00-05:00,31.010000228881836,31.579999923706055,30.43000030517578,31.469999313354492,232200,0.0,0.0
2024-12-03 00:00:00-05:00,31.520000457763672,32.099998474121094,31.5,31.610000610351562,148800,0.0,0.0
2024-12-04 00:00:00-05:00,31.670000076293945,31.8799991607666,31.299999237060547,31.75,111200,0.0,0.0
2024-12-05 00:00:00-05:00,31.81999969482422,32.20000076293945,31.549999237060547,31.729999542236328,132400,0.0,0.0
2024-12-06 00:00:00-05:00,31.790000915527344,31.790000915527344,30.709999084472656,31.469999313354492,188900,0.0,0.0
2024-12-09 00:00:00-05:00,31.3700008392334,31.6200008392334,30.875,31.25,162600,0.0,0.0
2024-12-10 00:00:00-05:00,31.06999969482422,31.200000762939453,30.540000915527344,30.610000610351562,94700,0.0,0.0
2024-12-11 00:00:00-05:00,30.610000610351562,31.0,30.530000686645508,30.799999237060547,127000,0.0,0.0
2024-12-12 00:00:00-05:00,30.93000030517578,31.288999557495117,30.799999237060547,31.0,210900,0.0,0.0
2024-12-13 00:00:00-05:00,30.90999984741211,31.440000534057617,30.799999237060547,31.440000534057617,137800,0.0,0.0
2024-12-16 00:00:00-05:00,31.299999237060547,31.510000228881836,31.049999237060547,31.290000915527344,156700,0.0,0.0
2024-12-17 00:00:00-05:00,31.200000762939453,31.299999237060547,30.649999618530273,30.729999542236328,124600,0.0,0.0
2024-12-18 00:00:00-05:00,30.799999237060547,31.399999618530273,29.239999771118164,29.510000228881836,374800,0.0,0.0
2024-12-19 00:00:00-05:00,29.709999084472656,29.989999771118164,29.264999389648438,29.75,127000,0.0,0.0
2024-12-20 00:00:00-05:00,29.520000457763672,30.6200008392334,29.360000610351562,29.56999969482422,616100,0.0,0.0
2024-12-23 00:00:00-05:00,29.56999969482422,29.56999969482422,28.940000534057617,29.350000381469727,322100,0.0,0.0
2024-12-24 00:00:00-05:00,29.610000610351562,29.799999237060547,29.329999923706055,29.350000381469727,74900,0.0,0.0
