Date,Open,High,Low,Close,Volume,Dividends,Stock Splits
2022-01-03 00:00:00-05:00,133.4785162808632,134.6487926728366,131.32022181586052,133.411376953125,205800,0.0,0.0
2022-01-04 00:00:00-05:00,133.92936901346494,136.08766360463272,132.95095267068336,134.02529907226562,240300,0.0,0.0
2022-01-05 00:00:00-05:00,134.5145115106884,136.2699262569476,132.9605440395521,133.1523895263672,141200,0.0,0.0
2022-01-06 00:00:00-05:00,135.77111599665872,136.6824076716437,133.94856192043355,134.08285522460938,230500,0.0,0.0
2022-01-07 00:00:00-05:00,133.87182079849416,135.9821504227739,133.01809594261803,134.08285522460938,173300,0.0,0.0
2022-01-10 00:00:00-05:00,133.11402511656323,133.7471137538146,131.51209262855136,132.5576629638672,185100,0.0,0.0
2022-01-11 00:00:00-05:00,132.71112398251677,132.7782633049833,129.91012472741934,132.40415954589844,130500,0.0,0.0
2022-01-12 00:00:00-05:00,132.83586359408054,133.72796650388318,131.48334313631563,132.00132751464844,141000,0.0,0.0
2022-01-13 00:00:00-05:00,132.0492708050219,133.2483234282619,130.9077703657978,131.5504608154297,216200,0.0,0.0
2022-01-14 00:00:00-05:00,130.63916089623933,130.9748867898938,128.88374640646853,130.07321166992188,201400,0.0,0.0
2022-01-18 00:00:00-05:00,129.51687732108715,129.51687732108715,127.94372080327864,128.3849639892578,173800,0.0,0.0
2022-01-19 00:00:00-05:00,128.98928298651177,128.98928298651177,126.811799378101,126.97486877441406,139000,0.0,0.0
2022-01-20 00:00:00-05:00,127.25307061557166,127.61757268947632,123.87653405680987,124.17389678955078,156100,0.0,0.0
2022-01-21 00:00:00-05:00,124.11632149181835,125.9388754326248,123.08994016549468,123.62711334228516,184100,0.0,0.0
2022-01-24 00:00:00-05:00,122.54316797951805,127.34896522748407,121.87170149330598,127.15711975097656,285400,0.0,0.0
2022-01-25 00:00:00-05:00,125.65112037873021,126.07317458233138,122.03477378126375,124.5767593383789,253500,0.0,0.0
2022-01-26 00:00:00-05:00,125.16189584318367,126.89812157374072,121.008383419705,122.14028930664062,327900,0.0,0.0
2022-01-27 00:00:00-05:00,123.08993185632984,124.19305422442483,118.79251745835965,119.74217224121094,276400,0.0,0.0
2022-01-28 00:00:00-05:00,119.8572899381084,120.98919583773875,117.60307260840716,120.75897979736328,328600,0.0,0.0
2022-01-31 00:00:00-05:00,119.90526486723397,123.1858711575767,118.72539384082829,122.62950897216797,494000,0.0,0.0
2022-02-01 00:00:00-05:00,122.62951183146549,124.16430511230145,121.71823472460132,123.81897735595703,172700,0.0,0.0
2022-02-02 00:00:00-05:00,123.66547768514725,123.99161645441208,122.17865696657141,123.17626953125,160600,0.0,0.0
2022-02-03 00:00:00-05:00,122.71584456845939,124.56718215074694,122.14030076078399,122.62950897216797,287400,0.0,0.0
2022-02-04 00:00:00-05:00,122.05394822116197,122.97481964929607,119.95321324884551,121.48799896240234,131100,0.0,0.0
2022-02-07 00:00:00-05:00,121.68945714298842,123.59835425011124,120.60551617120917,121.56475830078125,163400,0.0,0.0
2022-02-08 00:00:00-05:00,121.69903244854147,124.56716391513247,121.1426703445796,124.34654235839844,219400,0.0,0.0
2022-02-09 00:00:00-05:00,125.21945397131216,126.15952174291769,124.12591859180199,124.88372802734375,294600,0.0,0.0
2022-02-10 00:00:00-05:00,124.81655565876606,124.81655565876606,121.24818181490254,121.71820831298828,320500,0.0,0.0
2022-02-11 00:00:00-05:00,122.8501269433544,123.11871352579696,119.95321207629996,120.82611846923828,248000,0.0,0.0
2022-02-14 00:00:00-05:00,121.30575319467508,122.31296031133105,120.19303618162722,121.5935287475586,297900,0.0,0.0
2022-02-15 00:00:00-05:00,122.96524735993738,123.98204164584894,121.72782417052079,122.23622131347656,252400,0.0,0.0
2022-02-16 00:00:00-05:00,121.6990429631056,123.4160871312049,121.1139047201832,122.81175994873047,201400,0.0,0.0
2022-02-17 00:00:00-05:00,121.83334421520186,122.60073352331973,121.11391262222075,121.69905090332031,204600,0.0,0.0
2022-02-18 00:00:00-05:00,121.6414800139124,124.23143057885481,121.6414800139124,122.18824768066406,339800,0.0,0.0
2022-02-22 00:00:00-05:00,122.27458926995739,123.33934856563782,121.45923496456834,122.09233093261719,298700,0.0,0.0
2022-02-23 00:00:00-05:00,122.63909172323244,122.89808385048451,120.18343447531171,120.41365051269531,233400,0.0,0.0
2022-02-24 00:00:00-05:00,118.56231881096612,121.29615725652452,117.58389511619015,120.99879455566406,318000,0.0,0.0
2022-02-25 00:00:00-05:00,121.26737485710822,122.82134225141341,120.64386607813236,122.27458190917969,332800,0.0,0.0
2022-02-28 00:00:00-05:00,121.04675756744525,122.61031948639918,120.43284323617277,122.2649917602539,385400,0.0,0.0
2022-03-01 00:00:00-05:00,122.61031935864173,123.26260424974359,119.03234326808983,120.3561019897461,279700,0.0,0.0
2022-03-02 00:00:00-05:00,121.38248238652889,124.12590774708629,120.7877497176329,123.14749145507812,284500,0.0,0.0
2022-03-03 00:00:00-05:00,123.89569834880507,125.77580444356691,123.48321668390446,124.82616424560547,295800,0.0,0.0
2022-03-04 00:00:00-05:00,123.79019450942297,124.22185052208657,122.02518526012457,123.18586730957031,264100,0.0,0.0
2022-03-07 00:00:00-05:00,123.42566096548191,124.44245509894765,120.32731353981598,120.86448669433594,453600,0.0,0.0
2022-03-08 00:00:00-05:00,121.59352118669909,125.4496709086266,121.15227073323527,121.3441162109375,687300,0.0,0.0
2022-03-09 00:00:00-05:00,123.11873277438858,124.06837311189636,121.28657680017155,121.81415557861328,415500,0.0,0.0
2022-03-10 00:00:00-05:00,120.6630832311323,121.1331098834002,119.68465204003377,120.76860046386719,211300,0.0,0.0
2022-03-11 00:00:00-05:00,121.32494846620246,122.59114779178282,120.38488795370283,120.56714630126953,253400,0.0,0.0
2022-03-14 00:00:00-04:00,121.53595919653404,122.65827790523004,120.81652769224887,122.06354522705078,286300,0.0,0.0
2022-03-15 00:00:00-04:00,122.19783284868716,124.3657144116706,122.19783284868716,124.06835174560547,226900,0.0,0.0
2022-03-16 00:00:00-04:00,124.53839463737005,126.82139535487966,123.770998085219,126.38972473144531,364800,0.0,0.0
2022-03-17 00:00:00-04:00,126.47607273502257,127.33938474293758,125.58396999909613,127.10916137695312,184900,0.0,0.0
2022-03-18 00:00:00-04:00,127.30101775297086,129.39215837750055,125.66070742197184,128.71109008789062,517700,0.0,0.0
2022-03-21 00:00:00-04:00,129.15234782911136,129.59360560824405,128.02044924630417,128.7782440185547,254200,0.0,0.0
2022-03-22 00:00:00-04:00,128.93172867643437,129.8142296143814,128.42333155606136,129.6031951904297,339000,0.0,0.0
2022-03-23 00:00:00-04:00,129.82382837457695,130.006086724003,127.87656799142991,127.93412017822266,289300,0.0,0.0
2022-03-24 00:00:00-04:00,128.6535507224889,129.5552406731115,127.68472143345471,128.0204620361328,268800,0.0,0.0
2022-03-25 00:00:00-04:00,128.0300277299863,129.2290802001953,127.42570060120225,129.2290802001953,221600,0.0,0.0
2022-03-28 00:00:00-04:00,129.0372578421059,129.88138097923797,128.09718999855463,129.41136169433594,200400,0.0,0.0
2022-03-29 00:00:00-04:00,130.21711480011655,134.14041146798513,129.90056315136005,133.77590942382812,447400,0.0,0.0
2022-03-30 00:00:00-04:00,133.84331338159006,134.4019185924547,132.1097135368176,133.42916870117188,279700,0.56,0.0
2022-03-31 00:00:00-04:00,133.3328530355451,134.50784755009695,131.72446227779534,132.72608947753906,281000,0.0,0.0
2022-04-01 00:00:00-04:00,133.10170878961856,134.02630022874197,131.9170884078924,132.3697509765625,379200,0.0,0.0
2022-04-04 00:00:00-04:00,132.369743291344,132.69719692323525,130.50130891567522,130.7613525390625,409200,0.0,0.0
2022-04-05 00:00:00-04:00,130.08720709944032,130.8769492468543,126.69705754770905,126.71632385253906,593300,0.0,0.0
2022-04-06 00:00:00-04:00,126.18662093986524,126.80301048153683,123.96184016751755,126.23477935791016,357900,0.0,0.0
2022-04-07 00:00:00-04:00,125.6472370438288,126.44660477510125,124.32776740099506,125.66648864746094,244400,0.0,0.0
2022-04-08 00:00:00-04:00,125.91692306562675,127.18821977945959,124.9249216001136,125.09827423095703,200400,0.0,0.0
2022-04-11 00:00:00-04:00,124.77082908460655,125.65688799307115,122.4400986891176,122.5653076171875,238000,0.0,0.0
2022-04-12 00:00:00-04:00,122.6134457474279,124.4144554815118,122.12226528246376,122.87348937988281,296000,0.0,0.0
2022-04-13 00:00:00-04:00,122.69051042139344,124.89602456287501,122.69051042139344,124.7515640258789,182300,0.0,0.0
2022-04-14 00:00:00-04:00,124.23148297935634,125.52204600869028,124.0388493485687,124.69377136230469,204200,0.0,0.0
2022-04-18 00:00:00-04:00,124.25074552343327,125.7724602261382,123.94255813963244,124.59746551513672,310500,0.0,0.0
2022-04-19 00:00:00-04:00,124.54931030579922,127.71793365478516,124.54931030579922,127.71793365478516,201800,0.0,0.0
2022-04-20 00:00:00-04:00,128.55584638772487,130.43390689235997,128.06466585447694,128.33433532714844,275300,0.0,0.0
2022-04-21 00:00:00-04:00,129.7115812740333,129.92346654112205,127.8527869806185,128.24766540527344,233600,0.0,0.0
2022-04-22 00:00:00-04:00,127.38083869088359,128.07427860590553,124.76118005544123,125.26200103759766,204700,0.0,0.0
2022-04-25 00:00:00-04:00,124.94419895952868,125.31981109965909,121.93930183848545,125.1368179321289,246600,0.0,0.0
2022-04-26 00:00:00-04:00,124.05812541339746,124.93455853644959,122.16079862871707,122.24748229980469,225100,0.0,0.0
2022-04-27 00:00:00-04:00,122.69051313045138,124.56857363228767,122.15117418591214,123.61510467529297,284400,0.0,0.0
2022-04-28 00:00:00-04:00,131.1369862608254,132.46606730884542,128.23801741047748,130.8384246826172,546900,0.0,0.0
2022-04-29 00:00:00-04:00,129.96197928025074,133.03430048740358,129.51894250883566,129.7597198486328,564400,0.0,0.0
2022-05-02 00:00:00-04:00,130.2605444131626,130.90582593806195,126.3599484619837,128.1898651123047,364900,0.0,0.0
2022-05-03 00:00:00-04:00,128.23798939456083,130.88653980387747,127.53492376438884,130.19309997558594,261100,0.0,0.0
2022-05-04 00:00:00-04:00,130.1931007925664,134.4885744950004,129.87528767382915,134.22853088378906,216100,0.0,0.0
2022-05-05 00:00:00-04:00,133.94923625450622,134.0455383619784,129.81748934228207,130.74208068847656,192500,0.0,0.0
2022-05-06 00:00:00-04:00,130.23164194842983,131.11770074927054,127.50604084024933,131.0984344482422,300800,0.0,0.0
2022-05-09 00:00:00-04:00,130.65542584985798,133.66032250090728,130.65542584985798,131.63778686523438,405200,0.0,0.0
2022-05-10 00:00:00-04:00,133.21728625765286,133.21728625765286,127.14969469078082,129.13369750976562,306300,0.0,0.0
2022-05-11 00:00:00-04:00,128.82551489207205,131.0117774609752,128.04539858800158,128.93145751953125,388700,0.0,0.0
2022-05-12 00:00:00-04:00,129.25891318538248,129.94271259871508,124.99233109477885,128.28616333007812,532800,0.0,0.0
2022-05-13 00:00:00-04:00,128.86404846842603,130.0005105752725,126.60073536291445,128.33433532714844,450100,0.0,0.0
2022-05-16 00:00:00-04:00,128.22839643894122,129.46117540593437,125.82062272280075,128.8929443359375,218200,0.0,0.0
2022-05-17 00:00:00-04:00,130.36651045903992,131.33924582284968,128.95073823201955,130.67469787597656,272100,0.0,0.0
2022-05-18 00:00:00-04:00,130.1449504538949,131.08879335182274,126.98595346436157,127.25562286376953,286900,0.0,0.0
2022-05-19 00:00:00-04:00,126.41774191781425,128.7292134299965,125.05976875357817,127.188232421875,223300,0.0,0.0
2022-05-20 00:00:00-04:00,128.0646661176912,128.2187671583585,123.37432774849593,125.93618774414062,252000,0.0,0.0
2022-05-23 00:00:00-04:00,126.957104678045,127.66017051666049,125.43538986457708,125.83025360107422,302600,0.0,0.0
2022-05-24 00:00:00-04:00,124.77084629295416,126.53333854922316,122.74831034093776,125.1368179321289,220000,0.0,0.0
2022-05-25 00:00:00-04:00,124.37596310601127,126.44664270033628,123.7499477949507,125.80136108398438,213500,0.0,0.0
2022-05-26 00:00:00-04:00,126.28289789766939,129.17222605356517,125.8687679160148,128.51731872558594,164700,0.0,0.0
2022-05-27 00:00:00-04:00,129.0277750204611,130.89620971679688,129.0277750204611,130.89620971679688,165100,0.0,0.0
2022-05-31 00:00:00-04:00,130.16422831180304,131.59926659487243,129.07592469320275,130.8095245361328,275600,0.0,0.0
2022-06-01 00:00:00-04:00,131.42592790387832,131.79189951808058,128.94110364799903,130.75173950195312,161700,0.0,0.0
2022-06-02 00:00:00-04:00,131.57039514250914,133.55439844802007,130.71322823782089,133.44845581054688,173100,0.0,0.0
2022-06-03 00:00:00-04:00,132.94761331358293,133.81442057940157,131.88820180542632,132.55274963378906,161700,0.0,0.0
2022-06-06 00:00:00-04:00,133.12099774945474,134.44045307647846,132.56239246972228,134.1418914794922,174600,0.0,0.0
2022-06-07 00:00:00-04:00,133.16914932691188,135.25909509439717,132.3697667105381,135.1531524658203,168000,0.0,0.0
2022-06-08 00:00:00-04:00,134.65232989292886,134.65232989292886,132.97652885479962,133.29434204101562,162900,0.0,0.0
2022-06-09 00:00:00-04:00,133.5929310594023,135.50950964293693,132.7550157645198,133.44845581054688,326800,0.0,0.0
2022-06-10 00:00:00-04:00,131.53188235095527,131.5607744626748,129.18189262519374,129.70196533203125,244900,0.0,0.0
2022-06-13 00:00:00-04:00,127.429012704538,127.69868218275316,124.41447533520166,124.93456268310547,286800,0.0,0.0
2022-06-14 00:00:00-04:00,124.83824504544613,126.13844871086954,121.70814660970196,123.10465240478516,341300,0.0,0.0
2022-06-15 00:00:00-04:00,123.96181446177464,124.31816022881762,121.71776050043438,122.97943878173828,278500,0.0,0.0
2022-06-16 00:00:00-04:00,121.21695172919276,121.4192038248725,117.34524776063289,119.42556762695312,523400,0.0,0.0
2022-06-17 00:00:00-04:00,120.26347278979519,120.30199804734526,117.44156196874138,117.80754089355469,656700,0.0,0.0
2022-06-21 00:00:00-04:00,118.83807195930656,119.72413087124724,116.54587416156215,119.37741088867188,342500,0.0,0.0
2022-06-22 00:00:00-04:00,118.04832273337989,120.22495210614743,117.48009169576682,119.70487213134766,289100,0.0,0.0
2022-06-23 00:00:00-04:00,119.19442508703087,120.29236924914504,115.91021840446804,117.27783203125,307700,0.0,0.0
2022-06-24 00:00:00-04:00,118.48171618302952,121.159166510534,117.97126937227078,121.13990020751953,497600,0.0,0.0
2022-06-27 00:00:00-04:00,121.68887129512345,122.97944171284543,120.45609243803723,122.85423278808594,204800,0.0,0.0
2022-06-28 00:00:00-04:00,122.85422414814953,124.14478712716884,120.05157981045927,120.3694076538086,458700,0.0,0.0
2022-06-29 00:00:00-04:00,120.59194006084923,120.59194006084923,118.14430702906263,118.77313995361328,247000,0.56,0.0
2022-06-30 00:00:00-04:00,117.88308256489252,119.75992680650289,117.38001479324143,119.34392547607422,315100,0.0,0.0
2022-07-01 00:00:00-04:00,119.21816851946967,120.95956389195875,117.83472282669028,120.19528198242188,187300,0.0,0.0
2022-07-05 00:00:00-04:00,118.11527144967836,118.42486071251506,115.07749692772889,117.76699829101562,489300,0.0,0.0
2022-07-06 00:00:00-04:00,117.90243610786439,119.02466762546706,116.61573345442028,118.1346206665039,320100,0.0,0.0
2022-07-07 00:00:00-04:00,119.19880822499609,121.12402026536782,119.19880822499609,120.93053436279297,259700,0.0,0.0
2022-07-08 00:00:00-04:00,120.83378828041523,120.96922988491083,119.2858789568843,119.44066619873047,147000,0.0,0.0
2022-07-11 00:00:00-04:00,118.24104010528467,119.78894946428817,118.24104010528467,118.84085083007812,173900,0.0,0.0
2022-07-12 00:00:00-04:00,118.8408485414623,120.6306263150136,117.89275730652446,118.20233917236328,207000,0.0,0.0
2022-07-13 00:00:00-04:00,117.06074813937418,119.4116378393972,116.01590663247207,117.13814544677734,172000,0.0,0.0
2022-07-14 00:00:00-04:00,115.98688906034077,116.02558771556808,114.32288379063544,115.70632934570312,369000,0.0,0.0
2022-07-15 00:00:00-04:00,117.19619297929235,119.71154649137928,116.07396151495176,118.65703582763672,584600,0.0,0.0
2022-07-18 00:00:00-04:00,118.66670785756135,119.65349768345995,117.80567573815195,118.144287109375,210100,0.0,0.0
2022-07-19 00:00:00-04:00,119.46000768088562,122.7589884161095,119.3535882331997,122.37200927734375,191600,0.0,0.0
2022-07-20 00:00:00-04:00,122.29464527479914,123.57167153668318,121.22078144309953,123.15567016601562,184700,0.0,0.0
2022-07-21 00:00:00-04:00,123.35882439147291,124.45203379004468,120.02113713782695,124.3649673461914,270400,0.0,0.0
2022-07-22 00:00:00-04:00,125.100206150749,125.27435378162582,122.74931646809993,123.5039291381836,220100,0.0,0.0
2022-07-25 00:00:00-04:00,124.04569833358043,125.27435661906023,123.00085681073467,124.93574523925781,298900,0.0,0.0
2022-07-26 00:00:00-04:00,125.13891413915422,126.2127777999107,122.82671569280359,125.97091674804688,240800,0.0,0.0
2022-07-27 00:00:00-04:00,126.00961571270615,130.09223169833342,125.58393787351802,129.3569793701172,353200,0.0,0.0
2022-07-28 00:00:00-04:00,130.1696341640807,133.1300113748631,129.26023415563827,132.133544921875,382300,0.0,0.0
2022-07-29 00:00:00-04:00,133.60408155707577,137.37710892557155,129.0957869748,136.83534240722656,449100,0.0,0.0
2022-08-01 00:00:00-04:00,135.70340123402414,137.31903126665944,135.25837040946516,136.1387481689453,269900,0.0,0.0
2022-08-02 00:00:00-04:00,135.9355810117798,136.1000447564951,133.91362615012878,134.21353149414062,187000,0.0,0.0
2022-08-03 00:00:00-04:00,134.56183068437787,135.68406966981019,133.25578967311594,135.02621459960938,146700,0.0,0.0
2022-08-04 00:00:00-04:00,135.05524800840269,137.03849727551443,134.37802509940502,136.74827575683594,285700,0.0,0.0
2022-08-05 00:00:00-04:00,135.6356799519623,137.97689324919637,135.6356799519623,137.96722412109375,209700,0.0,0.0
2022-08-08 00:00:00-04:00,138.10266799776934,139.02173709158362,136.95140696742214,137.28033447265625,195800,0.0,0.0
2022-08-09 00:00:00-04:00,137.66731471880462,138.04461737209652,134.40701767674162,136.92237854003906,243400,0.0,0.0
2022-08-10 00:00:00-04:00,139.24423776205447,140.34713833064436,138.8282438384162,139.3119659423828,246400,0.0,0.0
2022-08-11 00:00:00-04:00,140.1439715482135,141.42099025373616,138.79922466091432,140.12461853027344,187000,0.0,0.0
2022-08-12 00:00:00-04:00,140.61803370274023,142.50454711914062,139.00238874502392,142.50454711914062,125500,0.0,0.0
2022-08-15 00:00:00-04:00,142.04019098472804,143.58809313580832,141.19850433578574,143.24949645996094,180200,0.0,0.0
2022-08-16 00:00:00-04:00,142.74639555168162,143.66546459500182,142.2142982859614,143.1720733642578,194800,0.0,0.0
2022-08-17 00:00:00-04:00,142.2626660226164,143.02694041019097,141.459685602086,142.5529022216797,174400,0.0,0.0
2022-08-18 00:00:00-04:00,142.89149002997678,143.45260937711234,142.3497236981288,142.96888732910156,95900,0.0,0.0
2022-08-19 00:00:00-04:00,142.24331214490562,143.1236898639909,141.469353872765,142.40777587890625,153500,0.0,0.0
2022-08-22 00:00:00-04:00,141.42098221018554,141.42098221018554,138.9927026487944,139.3022918701172,153100,0.0,0.0
2022-08-23 00:00:00-04:00,139.6118901518977,140.8018425550967,138.83793172855394,138.94435119628906,172300,0.0,0.0
2022-08-24 00:00:00-04:00,138.84760107965639,139.64089767803944,138.28648165054273,139.0314178466797,159300,0.0,0.0
2022-08-25 00:00:00-04:00,139.65056770091357,140.9662923235574,139.2829342033727,140.76312255859375,170500,0.0,0.0
2022-08-26 00:00:00-04:00,140.95661656831916,140.95661656831916,136.19679288992052,136.31288146972656,165500,0.0,0.0
2022-08-29 00:00:00-04:00,136.03234613844177,136.129096475049,134.24256824540947,135.39382934570312,121700,0.0,0.0
2022-08-30 00:00:00-04:00,135.2196683304692,137.6092564797853,133.08161033717693,133.43955993652344,251600,0.0,0.0
2022-08-31 00:00:00-04:00,133.74917041708323,134.67792341219763,131.71753154391126,132.23995971679688,158600,0.0,0.0
2022-09-01 00:00:00-04:00,131.55307421926562,133.00424069616628,130.856513129391,132.6849822998047,226300,0.0,0.0
2022-09-02 00:00:00-04:00,133.2364163303921,134.24255180253712,130.69203336196753,131.09835815429688,242300,0.0,0.0
2022-09-06 00:00:00-04:00,130.68237014962835,131.84330028912262,129.6278594673727,131.3112030029297,158200,0.0,0.0
2022-09-07 00:00:00-04:00,131.15640691752907,134.36831373151267,130.45984596759996,133.61370849609375,203900,0.0,0.0
2022-09-08 00:00:00-04:00,132.47212372026388,134.15548189811864,131.39827485818128,134.05874633789062,147600,0.0,0.0
2022-09-09 00:00:00-04:00,134.7263051996698,136.06138322891465,134.5618414189996,135.21971130371094,188500,0.0,0.0
2022-09-12 00:00:00-04:00,136.7966314879782,137.0771986291415,135.82918709340402,136.8546905517578,192800,0.0,0.0
2022-09-13 00:00:00-04:00,134.52309872759636,136.28383923049378,134.51341483935573,135.0358428955078,249400,0.0,0.0
2022-09-14 00:00:00-04:00,135.12294961246008,135.74211340148557,133.2654582453835,134.99717712402344,317800,0.0,0.0
2022-09-15 00:00:00-04:00,134.55215128706266,135.8001479041887,131.98841510588557,132.38507080078125,267400,0.0,0.0
2022-09-16 00:00:00-04:00,131.28217978420363,131.51437171501686,128.43789137035859,129.6665496826172,454400,0.0,0.0
2022-09-19 00:00:00-04:00,129.54077427229686,133.13966792718614,129.2505528178922,132.85911560058594,316200,0.0,0.0
2022-09-20 00:00:00-04:00,132.84946134960995,132.84946134960995,130.03419483040668,131.4466552734375,163500,0.0,0.0
2022-09-21 00:00:00-04:00,132.54955734259806,133.6427742830914,130.1890053103054,130.23736572265625,201200,0.0,0.0
2022-09-22 00:00:00-04:00,129.49242463613226,130.05352933597808,125.55491927440437,125.63231658935547,271400,0.0,0.0
2022-09-23 00:00:00-04:00,124.4423558818718,125.06151959785991,122.0624365835887,123.39751434326172,388900,0.0,0.0
2022-09-26 00:00:00-04:00,123.07827082132486,125.17762327971619,122.10114996563931,122.6042251586914,292900,0.0,0.0
2022-09-27 00:00:00-04:00,123.56197612474318,123.91992575987662,120.60159919346388,121.60773468017578,467600,0.0,0.0
2022-09-28 00:00:00-04:00,122.61389080886337,124.72291971755426,121.48198272813394,123.73612976074219,294000,0.0,0.0
2022-09-29 00:00:00-04:00,122.84215427783005,123.60007811718066,121.41375592822011,123.54177856445312,245500,0.56,0.0
2022-09-30 00:00:00-04:00,123.6195202187398,124.31914452785938,121.92876641401638,122.16197204589844,301100,0.0,0.0
2022-10-03 00:00:00-04:00,123.61951874443297,124.95074131512872,122.37574550459753,123.67781829833984,354000,0.0,0.0
2022-10-04 00:00:00-04:00,125.15480098627097,126.63178722626107,124.4551767055886,126.49573516845703,366700,0.0,0.0
2022-10-05 00:00:00-04:00,125.93217274674949,127.9241434621418,125.58236057918279,126.41802215576172,300400,0.0,0.0
2022-10-06 00:00:00-04:00,125.82528171568343,126.46659164891412,123.38631567583073,123.60980224609375,341900,0.0,0.0
2022-10-07 00:00:00-04:00,122.66724472339091,122.66724472339091,119.49951222391402,120.52951049804688,240100,0.0,0.0
2022-10-10 00:00:00-04:00,120.77245684612761,121.21943744930977,117.07999807065875,118.97481536865234,356500,0.0,0.0
2022-10-11 00:00:00-04:00,118.47923795387395,120.8015975510776,118.22659418376105,119.87848663330078,268100,0.0,0.0
2022-10-12 00:00:00-04:00,120.29632646217968,120.79188756214673,118.90679674237407,118.97481536865234,187900,0.0,0.0
2022-10-13 00:00:00-04:00,116.76904171939081,121.94819804508086,116.61357376812438,121.15140533447266,270600,0.0,0.0
2022-10-14 00:00:00-04:00,122.69640518596006,122.71584331365919,118.70272990672146,119.0331039428711,346300,0.0,0.0
2022-10-17 00:00:00-04:00,120.67526793917077,123.13366454578548,120.61696097406991,122.79357147216797,303200,0.0,0.0
2022-10-18 00:00:00-04:00,124.86329219106389,126.31112869891786,123.73611805717543,126.13621520996094,347000,0.0,0.0
2022-10-19 00:00:00-04:00,126.36941213768088,126.89412288374476,124.3579962328615,126.33053588867188,325200,0.0,0.0
2022-10-20 00:00:00-04:00,126.74839156961387,126.99131626525421,122.86159643936848,123.0850830078125,254100,0.0,0.0
2022-10-21 00:00:00-04:00,123.41545168720361,128.02130136450728,123.19195772839645,127.61318969726562,405700,0.0,0.0
2022-10-24 00:00:00-04:00,128.46830294019261,130.0618883551534,128.0407531023098,129.22622680664062,362400,0.0,0.0
2022-10-25 00:00:00-04:00,129.1290657047372,133.20048645155305,128.75010372835058,133.113037109375,369900,0.0,0.0
2022-10-26 00:00:00-04:00,133.58915718432655,135.62001910157042,132.52029731798848,134.4053955078125,481400,0.0,0.0
2022-10-27 00:00:00-04:00,135.27990389460982,139.05009986541288,134.55112981738426,135.95037841796875,615000,0.0,0.0
2022-10-28 00:00:00-04:00,137.4565157895302,138.57396345450667,136.1350048571245,136.78604125976562,415500,0.0,0.0
2022-10-31 00:00:00-04:00,136.75692676740346,138.57399920818173,135.49371506349826,137.98126220703125,635400,0.0,0.0
2022-11-01 00:00:00-04:00,139.30273135050538,139.56509416070335,137.30103432716732,138.85574340820312,408700,0.0,0.0
2022-11-02 00:00:00-04:00,137.88404303281268,139.16669246568708,134.75517195474183,134.84263610839844,348900,0.0,0.0
2022-11-03 00:00:00-04:00,133.77377329692214,137.5148196435011,132.15103806462693,136.84434509277344,261900,0.0,0.0
2022-11-04 00:00:00-04:00,138.47675147450093,139.92458761460145,136.34874415916084,138.5544891357422,220200,0.0,0.0
2022-11-07 00:00:00-05:00,138.7294387214702,139.90518594005553,137.14556496830917,139.448486328125,242900,0.0,0.0
2022-11-08 00:00:00-05:00,139.83718224695812,142.01377813789532,139.17641933224684,141.3918914794922,245500,0.0,0.0
2022-11-09 00:00:00-05:00,140.07036533607695,141.85830225929752,138.97235585869467,140.06065368652344,247300,0.0,0.0
2022-11-10 00:00:00-05:00,143.81142523261542,143.81142523261542,140.06066719765985,141.67369079589844,487900,0.0,0.0
2022-11-11 00:00:00-05:00,141.57650413376646,142.5384912286954,140.36188070292263,141.32386779785156,252200,0.0,0.0
2022-11-14 00:00:00-05:00,141.42103996697733,144.1903875392217,139.740005157212,141.78057861328125,361800,0.0,0.0
2022-11-15 00:00:00-05:00,142.40245626143476,145.76452566837082,142.22754277460047,144.2195281982422,311300,0.0,0.0
2022-11-16 00:00:00-05:00,144.20011238883524,145.10380008562242,142.82030171514555,144.2098388671875,255000,0.0,0.0
2022-11-17 00:00:00-05:00,142.58708453262525,143.64623264597532,139.17641232037138,141.7028350830078,274300,0.0,0.0
2022-11-18 00:00:00-05:00,143.5004538486906,144.46244087894212,142.10122020506822,143.54904174804688,291800,0.0,0.0
2022-11-21 00:00:00-05:00,143.68507211359105,145.09404699296235,143.5198851252184,144.78309631347656,172800,0.0,0.0
2022-11-22 00:00:00-05:00,145.65765039915584,145.70623830661674,143.20897999416167,145.40501403808594,324400,0.0,0.0
2022-11-23 00:00:00-05:00,145.4535878257014,146.41556009608476,143.8794406000223,144.09320068359375,826800,0.0,0.0
2022-11-25 00:00:00-05:00,144.7928271412804,145.55075098924058,144.1515172270463,144.73452758789062,93700,0.0,0.0
2022-11-28 00:00:00-05:00,143.646234304989,144.12237205111592,141.02265053007167,141.42103576660156,186700,0.0,0.0
2022-11-29 00:00:00-05:00,140.95460827878563,142.10122043225704,140.30357194181724,140.69224548339844,177100,0.0,0.0
2022-11-30 00:00:00-05:00,141.07121060001788,143.89885738452372,138.7974391932164,143.69480895996094,379300,0.0,0.0
2022-12-01 00:00:00-05:00,144.89000751344395,145.74510719529397,142.70368523076118,143.9766082763672,251800,0.0,0.0
2022-12-02 00:00:00-05:00,143.11178603366366,144.88028481776269,142.23726311804165,144.03489685058594,230300,0.0,0.0
2022-12-05 00:00:00-05:00,143.30612598253967,143.3935901375936,141.74169041851067,142.44131469726562,163400,0.0,0.0
2022-12-06 00:00:00-05:00,142.45106231169436,142.6745489034477,138.0686908560223,139.74974060058594,291600,0.0,0.0
2022-12-07 00:00:00-05:00,139.749752878025,142.75229913461595,139.749752878025,142.480224609375,326600,0.0,0.0
2022-12-08 00:00:00-05:00,143.25755884723404,144.23898420586852,141.97492403487922,143.63653564453125,249500,0.0,0.0
2022-12-09 00:00:00-05:00,143.57822446473716,144.2972869901336,141.41134006417505,141.63482666015625,199100,0.0,0.0
2022-12-12 00:00:00-05:00,142.22754182868007,143.70452808578918,140.62424481591862,143.49075317382812,163100,0.0,0.0
2022-12-13 00:00:00-05:00,145.90055077282761,146.08517589421433,143.1117803077308,143.54904174804688,228900,0.0,0.0
2022-12-14 00:00:00-05:00,144.21953919168678,145.2495375836197,141.52792926942695,142.01377868652344,221600,0.0,0.0
2022-12-15 00:00:00-05:00,140.71171884493555,140.71171884493555,137.69946107600256,139.01124572753906,367600,0.0,0.0
2022-12-16 00:00:00-05:00,137.6605528765283,139.44847492381137,137.01922817686844,138.06866455078125,920100,0.0,0.0
2022-12-19 00:00:00-05:00,137.82575447645263,139.36104036239223,135.96009455639802,136.523681640625,209300,0.0,0.0
2022-12-20 00:00:00-05:00,136.16415782861438,138.93349051732716,135.97953268397745,136.523681640625,236300,0.0,0.0
2022-12-21 00:00:00-05:00,137.39819384121847,140.21612904105496,137.20385706152703,140.06065368652344,292400,0.0,0.0
2022-12-22 00:00:00-05:00,138.93350374290367,140.84775175065744,137.71888012513853,139.8760528564453,362100,0.0,0.0
2022-12-23 00:00:00-05:00,139.8760260034818,141.39187361513325,139.30272732442435,140.9449005126953,224800,0.0,0.0
2022-12-27 00:00:00-05:00,141.80969855322004,144.0154585656022,141.56677389894276,142.40243530273438,458300,0.0,0.0
2022-12-28 00:00:00-05:00,142.58709159788174,143.30613924256292,138.43793344380836,138.62255859375,691400,0.0,0.0
2022-12-29 00:00:00-05:00,139.471738560041,142.41949731249426,138.58350430017302,141.99002075195312,282300,0.64,0.0
2022-12-30 00:00:00-05:00,141.06275892385398,141.59960465872697,140.08668118545376,141.03347778320312,214900,0.0,0.0
2023-01-03 00:00:00-05:00,141.47267211590082,143.1710373964735,140.3208929465227,142.68299865722656,268700,0.0,0.0
2023-01-04 00:00:00-05:00,143.7469597876375,145.45509567634818,143.1027449636778,145.29891967773438,370900,0.0,0.0
2023-01-05 00:00:00-05:00,145.06467774319617,145.65033038019035,144.21549482394332,144.8011474609375,226200,0.0,0.0
2023-01-06 00:00:00-05:00,146.265251320631,151.096833023543,146.265251320631,149.97433471679688,382000,0.0,0.0
2023-01-09 00:00:00-05:00,149.97433523759375,152.8537764173335,149.71080497755239,150.5795135498047,401000,0.0,0.0
2023-01-10 00:00:00-05:00,150.46237014961432,151.98506385873517,149.63271304830482,151.52630615234375,494000,0.0,0.0
2023-01-11 00:00:00-05:00,152.05337336198667,153.97624750168623,151.819109366949,153.4198760986328,204100,0.0,0.0
2023-01-12 00:00:00-05:00,154.20074118832895,155.12801196632188,152.73662473030973,153.4198760986328,232800,0.0,0.0
2023-01-13 00:00:00-05:00,152.99041964553294,154.99136695778876,148.54926325992056,154.28860473632812,218800,0.0,0.0
2023-01-17 00:00:00-05:00,154.43499551983786,155.58675991240364,153.57604248554347,155.1963348388672,256000,0.0,0.0
2023-01-18 00:00:00-05:00,155.54773337487313,155.96743961125242,151.89719763790566,152.843994140625,387700,0.0,0.0
2023-01-19 00:00:00-05:00,152.71712661559667,152.77568889579103,150.35500542682135,150.60879516601562,431500,0.0,0.0
2023-01-20 00:00:00-05:00,151.11633971798796,153.20514516601492,150.09145526915785,152.9806365966797,298500,0.0,0.0
2023-01-23 00:00:00-05:00,153.24419221688714,154.38620128883147,152.50237855899323,154.1714630126953,365000,0.0,0.0
2023-01-24 00:00:00-05:00,154.88400069126303,156.13339383665348,153.2441973211641,154.46429443359375,434500,0.0,0.0
2023-01-25 00:00:00-05:00,153.64439733108543,154.69856305491743,152.2681241727133,154.15194702148438,966500,0.0,0.0
2023-01-26 00:00:00-05:00,154.44477969016145,156.93378095523215,153.73224709609713,156.86546325683594,334100,0.0,0.0
2023-01-27 00:00:00-05:00,156.29933583699574,160.03771542979234,156.2602843862469,159.1982879638672,391200,0.0,0.0
2023-01-30 00:00:00-05:00,159.29587107413434,159.5886973507783,158.05624827614068,158.8956756591797,343800,0.0,0.0
2023-01-31 00:00:00-05:00,158.8956834417622,163.30755884966877,158.5150137316091,162.87808227539062,585700,0.0,0.0
2023-02-01 00:00:00-05:00,162.61456703675245,166.6652839392636,161.9313006634241,165.51351928710938,337100,0.0,0.0
2023-02-02 00:00:00-05:00,165.70871401854166,168.7052647896251,165.11330603039283,168.03176879882812,333600,0.0,0.0
2023-02-03 00:00:00-05:00,167.40708378944706,170.44268608340903,167.07522094035173,170.3255615234375,627000,0.0,0.0
2023-02-06 00:00:00-05:00,168.66622410647005,169.8375143299932,167.4266012971411,168.37339782714844,347100,0.0,0.0
2023-02-07 00:00:00-05:00,167.69015132633655,169.76918669322424,166.9288119141641,169.54469299316406,437900,0.0,0.0
2023-02-08 00:00:00-05:00,168.58814852735847,169.38852452979535,168.02202165062783,168.19772338867188,330800,0.0,0.0
2023-02-09 00:00:00-05:00,169.50566306642781,170.10107108064017,167.58278873661564,167.8658447265625,194700,0.0,0.0
2023-02-10 00:00:00-05:00,167.86582033295056,168.50027970488105,166.95807532014697,168.2172088623047,186200,0.0,0.0
2023-02-13 00:00:00-05:00,167.9341790479869,170.03274024275578,167.9341790479869,169.7399139404297,288100,0.0,0.0
2023-02-14 00:00:00-05:00,169.80821289046045,170.47193847672708,168.4026588327647,170.14007568359375,250400,0.0,0.0
2023-02-15 00:00:00-05:00,169.16400599342026,171.9751142394547,169.16400599342026,171.7603759765625,256700,0.0,0.0
2023-02-16 00:00:00-05:00,169.7594327607879,171.78967617556899,168.92977564733462,170.20843505859375,441500,0.0,0.0
2023-02-17 00:00:00-05:00,170.09128693888803,172.2972319730165,169.27138528251464,172.07272338867188,601700,0.0,0.0
2023-02-21 00:00:00-05:00,164.6740729356225,168.86143965472948,159.20803193727036,159.43252563476562,918400,0.0,0.0
2023-02-22 00:00:00-05:00,160.6233435805715,161.58966586323027,158.1538681964294,160.12554931640625,743000,0.0,0.0
2023-02-23 00:00:00-05:00,160.9844747925733,162.7999797623694,159.3934783989908,162.3314666748047,914900,0.0,0.0
2023-02-24 00:00:00-05:00,161.05282101351614,162.2533924180903,158.80783931760527,161.94105529785156,307700,0.0,0.0
2023-02-27 00:00:00-05:00,163.08306441013045,166.66526779301265,162.99522099136072,164.00057983398438,596500,0.0,0.0
2023-02-28 00:00:00-05:00,164.47883126388416,165.80629739764942,163.44419138931576,163.91270446777344,417700,0.0,0.0
2023-03-01 00:00:00-05:00,163.0147312054377,165.93320888822674,162.80976322908347,165.15234375,285600,0.0,0.0
2023-03-02 00:00:00-05:00,164.72286686971566,167.78775024414062,164.00057890556843,167.78775024414062,318800,0.0,0.0
2023-03-03 00:00:00-05:00,168.4905179970754,169.95463446182234,166.9776095651805,169.29090881347656,276200,0.0,0.0
2023-03-06 00:00:00-05:00,168.87120330964086,169.9546501895672,165.6891952602131,166.655517578125,425400,0.0,0.0
2023-03-07 00:00:00-05:00,166.43099183515724,167.06545123284232,165.70870391877108,166.2650604248047,408300,0.0,0.0
2023-03-08 00:00:00-05:00,165.93320074633277,167.92439260203307,165.93320074633277,167.62181091308594,209100,0.0,0.0
2023-03-09 00:00:00-05:00,167.98298355969118,169.7301561459347,166.98738010324178,167.2313995361328,397200,0.0,0.0
2023-03-10 00:00:00-05:00,166.8507407845176,166.8507407845176,162.26317812335535,162.54623413085938,436800,0.0,0.0
2023-03-13 00:00:00-04:00,160.5452591169357,163.31733115929717,160.1743597113226,161.51158142089844,193800,0.0,0.0
2023-03-14 00:00:00-04:00,164.010312676577,166.09911807783712,162.9854282506933,165.3475341796875,293400,0.0,0.0
2023-03-15 00:00:00-04:00,161.80439168507868,162.3412373563157,156.89472243440335,159.12017822265625,370100,0.0,0.0
2023-03-16 00:00:00-04:00,157.40227803143492,159.65702993595923,156.9728163719553,158.8956756591797,664100,0.0,0.0
2023-03-17 00:00:00-04:00,158.21242274974486,158.21242274974486,155.59654179616004,156.74830627441406,1155800,0.0,0.0
2023-03-20 00:00:00-04:00,157.67557246203688,160.67213790977354,157.67557246203688,159.99864196777344,369600,0.0,0.0
2023-03-21 00:00:00-04:00,162.01913253765946,163.20017813945512,161.05281031402072,163.0830535888672,300700,0.0,0.0
2023-03-22 00:00:00-04:00,162.68285091761365,163.03423944744796,158.9151908064088,159.15921020507812,428400,0.0,0.0
2023-03-23 00:00:00-04:00,159.35443400077608,161.56037905256474,158.16361805965914,159.80343627929688,412100,0.0,0.0
2023-03-24 00:00:00-04:00,158.23195173421828,158.73951629304767,154.942574751184,156.92401123046875,537800,0.0,0.0
2023-03-27 00:00:00-04:00,157.98792211698068,159.71558365219508,156.83614279558364,158.3978729248047,351700,0.0,0.0
2023-03-28 00:00:00-04:00,158.76879529716282,161.15042716377053,158.6126192975052,160.92591857910156,291600,0.0,0.0
2023-03-29 00:00:00-04:00,161.25780460029196,163.01473255868243,160.62334515419423,162.87808227539062,257400,0.0,0.0
2023-03-30 00:00:00-04:00,164.20085909821307,165.04351835052097,163.4953762380899,164.4066162109375,254700,0.64,0.0
2023-03-31 00:00:00-04:00,165.26889417612128,166.21933604981194,164.41644185788394,165.6902313232422,285000,0.0,0.0
2023-04-03 00:00:00-04:00,165.3080753226987,167.18935793369258,164.18125538021508,165.7196044921875,297100,0.0,0.0
2023-04-04 00:00:00-04:00,165.28847792860665,165.28847792860665,158.3610327175597,159.3016815185547,408600,0.0,0.0
2023-04-05 00:00:00-04:00,158.13569101381924,158.60600798726944,154.0105759299356,155.65670776367188,465100,0.0,0.0
2023-04-06 00:00:00-04:00,155.43134098147323,155.43134098147323,150.4929607092542,151.07106018066406,733600,0.0,0.0
2023-04-10 00:00:00-04:00,150.28719484229885,156.46014739676897,149.28775830588435,156.33277893066406,630900,0.0,0.0
2023-04-11 00:00:00-04:00,157.1362339451881,158.14546343994854,156.25438786566514,157.1460418701172,240000,0.0,0.0
2023-04-12 00:00:00-04:00,158.0964889778127,158.4198215871189,156.68552324187246,156.97947692871094,371800,0.0,0.0
2023-04-13 00:00:00-04:00,156.50913868843165,156.75409759232377,153.2952790654557,156.32296752929688,329400,0.0,0.0
2023-04-14 00:00:00-04:00,155.87224239855712,158.4786085717339,155.18636049801168,155.79385375976562,243300,0.0,0.0
2023-04-17 00:00:00-04:00,156.21519332312147,157.37140718556944,156.21519332312147,156.94027709960938,225500,0.0,0.0
2023-04-18 00:00:00-04:00,157.7535510454705,158.45903396052012,156.40137296644093,157.83193969726562,181200,0.0,0.0
2023-04-19 00:00:00-04:00,157.76334226340555,157.76334226340555,155.74488309325505,157.09706115722656,170500,0.0,0.0
2023-04-20 00:00:00-04:00,156.4699575344482,157.34201066598393,155.6370912504746,156.56793212890625,226600,0.0,0.0
2023-04-21 00:00:00-04:00,156.8422902924849,157.05784036757743,154.6768470569972,156.81288146972656,325900,0.0,0.0
2023-04-24 00:00:00-04:00,156.75410640132324,158.4590258506202,156.30339036545197,157.48898315429688,332200,0.0,0.0
2023-04-25 00:00:00-04:00,156.9892680141131,157.35180241789234,155.1961669921875,155.1961669921875,507800,0.0,0.0
2023-04-26 00:00:00-04:00,154.34372578386638,156.15641288326015,152.09010065249234,152.9033660888672,1160100,0.0,0.0
2023-04-27 00:00:00-04:00,155.90164214792955,161.05557199620497,153.63822431522894,160.50686645507812,805700,0.0,0.0
2023-04-28 00:00:00-04:00,161.2907494481108,166.13114002642058,158.8117664112203,164.4164276123047,835300,0.0,0.0
2023-05-01 00:00:00-04:00,164.1518766491722,168.12021429750436,164.1518766491722,167.1795654296875,453900,0.0,0.0
2023-05-02 00:00:00-04:00,167.09137681213826,167.91443519259923,163.81872923903924,166.74842834472656,391800,0.0,0.0
2023-05-03 00:00:00-04:00,167.23833531827077,169.72712614892092,166.45447878843618,166.53286743164062,330800,0.0,0.0
2023-05-04 00:00:00-04:00,166.62103777636017,166.62103777636017,162.6527008203419,163.30918884277344,327500,0.0,0.0
2023-05-05 00:00:00-04:00,165.42565968772706,167.6792847424822,163.9167043675502,167.02279663085938,299200,0.0,0.0
2023-05-08 00:00:00-04:00,167.18935709962057,168.35536388290777,165.51383160617735,166.08213806152344,194800,0.0,0.0
2023-05-09 00:00:00-04:00,165.53343225630127,166.60144949526403,164.9357319292579,165.8077850341797,214900,0.0,0.0
2023-05-10 00:00:00-04:00,166.66024815316464,166.82681842556167,161.86885224926527,164.70057678222656,254800,0.0,0.0
2023-05-11 00:00:00-04:00,164.19106113288055,164.19106113288055,162.61352519515907,163.6619415283203,196200,0.0,0.0
2023-05-12 00:00:00-04:00,164.49480694630995,165.4256477853352,163.2014167649322,164.93572998046875,241300,0.0,0.0
2023-05-15 00:00:00-04:00,164.93574636651044,166.3957069524544,164.07348615992808,166.30751037597656,230800,0.0,0.0
2023-05-16 00:00:00-04:00,165.4158682209451,165.94497291460615,163.2308238693163,164.06369018554688,331800,0.0,0.0
2023-05-17 00:00:00-04:00,164.93572953968612,166.06253450742565,164.073469421072,165.7097930908203,227300,0.0,0.0
2023-05-18 00:00:00-04:00,165.49423577860253,167.72825987091326,164.7887529124933,166.9639892578125,231700,0.0,0.0
2023-05-19 00:00:00-04:00,168.3847429774562,169.1294126030177,166.3172893967894,166.76800537109375,240600,0.0,0.0
2023-05-22 00:00:00-04:00,167.24814872635255,168.47294328325523,165.76858733290663,167.8262481689453,212100,0.0,0.0
2023-05-23 00:00:00-04:00,167.4441060401895,168.5219311867737,165.48443482902167,166.34669494628906,446900,0.0,0.0
2023-05-24 00:00:00-04:00,166.08214705416657,166.13114182817955,164.20086435069456,165.15130615234375,944300,0.0,0.0
2023-05-25 00:00:00-04:00,165.7783767846115,168.65909565361156,164.83772809124474,167.54208374023438,343100,0.0,0.0
2023-05-26 00:00:00-04:00,167.87525377988877,170.81476090623715,167.23835159851612,170.138671875,236000,0.0,0.0
2023-05-30 00:00:00-04:00,171.2654545060316,172.98997469610552,170.5697796166213,171.8043670654297,456000,0.0,0.0
2023-05-31 00:00:00-04:00,170.90293449111584,171.82398240621518,166.0821448248459,166.23892211914062,446500,0.0,0.0
2023-06-01 00:00:00-04:00,166.69946273121872,171.93178210443102,166.4251099143459,171.71621704101562,446000,0.0,0.0
2023-06-02 00:00:00-04:00,173.31333513587245,178.6142346572572,173.2153455901026,178.13412475585938,582900,0.0,0.0
2023-06-05 00:00:00-04:00,177.53642313598968,177.5658170092887,173.44070236009503,177.0366973876953,284800,0.0,0.0
2023-06-06 00:00:00-04:00,176.7525524974062,180.8384653682108,175.79231774567296,179.9566192626953,237000,0.0,0.0
2023-06-07 00:00:00-04:00,180.11340788173982,185.71805440326304,179.29033452024603,185.3261260986328,308000,0.0,0.0
2023-06-08 00:00:00-04:00,184.66961664834804,187.88347621887192,184.40505685015296,186.76646423339844,372500,0.0,0.0
2023-06-09 00:00:00-04:00,186.24716885648513,186.923257871521,184.24829568584806,186.6782989501953,231200,0.0,0.0
2023-06-12 00:00:00-04:00,186.33534516177298,188.53997539078276,185.32611563080363,188.16763305664062,261800,0.0,0.0
2023-06-13 00:00:00-04:00,188.44198878111627,192.527901417574,188.44198878111627,191.32269287109375,338500,0.0,0.0
2023-06-14 00:00:00-04:00,191.45988393605157,191.50887870977235,189.0298956607803,190.63682556152344,396300,0.0,0.0
2023-06-15 00:00:00-04:00,189.26504472995774,192.83164565270337,189.26504472995774,192.13595581054688,335000,0.0,0.0
2023-06-16 00:00:00-04:00,192.51808429457805,193.28235482596884,190.76418524205408,191.9791717529297,666000,0.0,0.0
2023-06-20 00:00:00-04:00,191.0679500685645,191.7538320273075,189.2454551775586,190.52903747558594,268600,0.0,0.0
2023-06-21 00:00:00-04:00,189.26504608008386,192.32212833535803,188.91230466977495,191.13653564453125,334700,0.0,0.0
2023-06-22 00:00:00-04:00,191.19533763843714,191.19533763843714,188.4224009189877,188.99070739746094,352700,0.0,0.0
2023-06-23 00:00:00-04:00,187.84430588786125,188.91232319703056,185.00277342860971,185.7670440673828,663900,0.0,0.0
2023-06-26 00:00:00-04:00,186.09039691173354,189.19647432936148,186.00221528578504,187.9716796875,444900,0.0,0.0
2023-06-27 00:00:00-04:00,188.3733909048842,190.80337896535835,187.9324678825839,190.17628479003906,287400,0.0,0.0
2023-06-28 00:00:00-04:00,192.60631451497926,193.25299472686166,190.06852863920864,190.39187622070312,488600,0.0,0.0
2023-06-29 00:00:00-04:00,190.32305493735547,194.3438223607497,189.4382796971541,193.99974060058594,393800,0.64,0.0
2023-06-30 00:00:00-04:00,195.63164624991626,196.33946044141427,194.04889715511,195.26791381835938,370500,0.0,0.0
2023-07-03 00:00:00-04:00,194.16686352039926,195.60215759277344,193.17396457341266,195.60215759277344,121900,0.0,0.0
2023-07-05 00:00:00-04:00,193.86209926157917,194.15702432394576,191.26678571367452,191.59120178222656,340200,0.0,0.0
2023-07-06 00:00:00-04:00,190.27387347351146,191.50271531330355,185.958181532182,190.0182647705078,284600,0.0,0.0
2023-07-07 00:00:00-04:00,190.17558156122783,192.54479249550852,188.19960906030983,190.16575622558594,261700,0.0,0.0
2023-07-10 00:00:00-04:00,190.71627892495786,193.99974115787273,190.66712224472002,193.68516540527344,186900,0.0,0.0
2023-07-11 00:00:00-04:00,193.79330171695347,194.97298702558197,193.07564719543973,194.7272186279297,270800,0.0,0.0
2023-07-12 00:00:00-04:00,197.08659076109853,197.3913411764494,194.69772911779006,195.6906280517578,290100,0.0,0.0
2023-07-13 00:00:00-04:00,195.66113811112496,197.0669411644437,194.73704652372192,196.43777465820312,158000,0.0,0.0
2023-07-14 00:00:00-04:00,196.35912696985895,197.4208482617361,194.85502555649455,196.43777465820312,328500,0.0,0.0
2023-07-17 00:00:00-04:00,195.52350034383807,200.0259790624116,195.47434366558593,199.23951721191406,255200,0.0,0.0
2023-07-18 00:00:00-04:00,198.47272400127525,205.01015729275696,198.47272400127525,204.23353576660156,468900,0.0,0.0
2023-07-19 00:00:00-04:00,204.71525785134818,205.88510286913115,201.9429830180233,205.4722137451172,461800,0.0,0.0
2023-07-20 00:00:00-04:00,206.44545538485838,207.29089927835972,204.154892103622,206.48477172851562,330000,0.0,0.0
2023-07-21 00:00:00-04:00,205.62949746060121,206.91732144112578,203.26028654959146,204.33184814453125,428700,0.0,0.0
2023-07-24 00:00:00-04:00,204.51861249339066,206.5044252427029,203.3684182525968,203.43724060058594,394500,0.0,0.0
2023-07-25 00:00:00-04:00,202.36570602806177,204.03692814356455,201.7266991894345,201.9331512451172,345500,0.0,0.0
2023-07-26 00:00:00-04:00,201.6873910532783,202.5131693085882,198.66934778615152,200.50770568847656,379100,0.0,0.0
2023-07-27 00:00:00-04:00,205.46239687528137,205.46239687528137,186.96094321956684,194.4126434326172,781200,0.0,0.0
2023-07-28 00:00:00-04:00,196.39842170342163,196.39842170342163,193.1051194937538,195.75942993164062,456600,0.0,0.0
2023-07-31 00:00:00-04:00,195.9659077127961,197.6666360137751,194.15705570533564,197.31272888183594,365900,0.0,0.0
2023-08-01 00:00:00-04:00,196.44759943736605,198.25645126261776,196.14284902121645,196.75234985351562,244000,0.0,0.0
2023-08-02 00:00:00-04:00,195.10080275667477,196.70320260235513,193.94076805192017,194.38314819335938,232400,0.0,0.0
2023-08-03 00:00:00-04:00,193.16415328680313,193.8031451802629,191.29630428962687,191.57156372070312,501300,0.0,0.0
2023-08-04 00:00:00-04:00,192.32851834589076,192.32851834589076,187.4229756857384,188.07180786132812,322800,0.0,0.0
2023-08-07 00:00:00-04:00,188.79928427467416,193.77363419559885,188.5338502075995,193.65567016601562,306100,0.0,0.0
2023-08-08 00:00:00-04:00,191.46341365440014,192.6332736673132,188.65182248908843,191.49290466308594,200600,0.0,0.0
2023-08-09 00:00:00-04:00,190.7949120410985,191.68951255135806,188.6616442862184,189.0352020263672,287200,0.0,0.0
2023-08-10 00:00:00-04:00,189.231845235194,190.52949460455798,186.01719031937435,186.7151641845703,195900,0.0,0.0
2023-08-11 00:00:00-04:00,186.58737435282228,187.71790300517577,185.81073779990786,186.076171875,155700,0.0,0.0
2023-08-14 00:00:00-04:00,185.1225827598221,188.09146916050145,183.42186967290363,187.51145935058594,243900,0.0,0.0
2023-08-15 00:00:00-04:00,186.44973838926518,187.4328119671896,184.59172992700857,185.82057189941406,270700,0.0,0.0
2023-08-16 00:00:00-04:00,185.81074634848088,187.3934955349008,184.08054211384405,184.3361358642578,319900,0.0,0.0
2023-08-17 00:00:00-04:00,184.69987299888936,185.6829466001174,181.170627370091,181.4065704345703,216900,0.0,0.0
2023-08-18 00:00:00-04:00,180.97402655813067,182.46830272220814,179.67637712656062,180.8462371826172,266500,0.0,0.0
2023-08-21 00:00:00-04:00,180.88554635195916,182.65508187072223,179.4207612557722,182.59609985351562,206500,0.0,0.0
2023-08-22 00:00:00-04:00,183.7856079119566,183.87408093650367,181.45572826247331,182.2618408203125,238300,0.0,0.0
2023-08-23 00:00:00-04:00,182.389648841192,185.35853539526508,181.88828669154097,184.82766723632812,174700,0.0,0.0
2023-08-24 00:00:00-04:00,184.1984977159496,186.31211498017174,182.40931154397245,182.47811889648438,114100,0.0,0.0
2023-08-25 00:00:00-04:00,183.62830747547528,184.65071239933806,181.66216031475255,183.28424072265625,124000,0.0,0.0
2023-08-28 00:00:00-04:00,184.62122953045247,185.83040588745646,183.29407413825592,185.03411865234375,234700,0.0,0.0
2023-08-29 00:00:00-04:00,185.03410216208522,187.8063617335807,184.03136295513454,187.77687072753906,148100,0.0,0.0
2023-08-30 00:00:00-04:00,187.77688108738462,189.91998931455498,187.76705575166594,189.33013916015625,281200,0.0,0.0
2023-08-31 00:00:00-04:00,190.2149420646376,192.1220925068898,189.03524158421473,189.20237731933594,302200,0.0,0.0
2023-09-01 00:00:00-04:00,190.03795268093376,192.02376552658785,189.43827719291255,190.9128875732422,168800,0.0,0.0
2023-09-05 00:00:00-04:00,189.73322152024593,189.74304685692724,181.06250440389263,182.99916076660156,317200,0.0,0.0
2023-09-06 00:00:00-04:00,183.65783625246678,187.42299533158817,182.04558098030176,183.01882934570312,277400,0.0,0.0
2023-09-07 00:00:00-04:00,182.36014697645138,183.9330706864262,176.05864180156266,177.6610565185547,517000,0.0,0.0
2023-09-08 00:00:00-04:00,177.44478357094238,178.39836615637847,176.06848654068025,177.26783752441406,273500,0.0,0.0
2023-09-11 00:00:00-04:00,177.88718687910728,179.36179746113996,176.61902837878554,178.06414794921875,236300,0.0,0.0
2023-09-12 00:00:00-04:00,177.23833098202033,179.94178335514795,176.92375523341383,179.38143920898438,238800,0.0,0.0
2023-09-13 00:00:00-04:00,179.47975584551062,179.88280462447432,175.24269599382777,175.91119384765625,454700,0.0,0.0
2023-09-14 00:00:00-04:00,177.68072032203773,178.9292129406729,177.11053585817928,177.96580505371094,427900,0.0,0.0
2023-09-15 00:00:00-04:00,177.8773408327029,178.4770163329329,176.3437484060198,178.1329345703125,699800,0.0,0.0
2023-09-18 00:00:00-04:00,178.8505652559498,179.9417775056508,177.7790186775576,177.96580505371094,321900,0.0,0.0
2023-09-19 00:00:00-04:00,177.73970642409114,178.6146413110582,175.71457724755024,177.46444702148438,320000,0.0,0.0
2023-09-20 00:00:00-04:00,178.55565979960505,180.6201053249752,176.68781099035115,176.72714233398438,213400,0.0,0.0
2023-09-21 00:00:00-04:00,175.87185979397145,175.97017315348012,173.64029353814834,173.66978454589844,171400,0.0,0.0
2023-09-22 00:00:00-04:00,173.67961445261983,175.23287257055787,173.59114142704112,173.8074188232422,180700,0.0,0.0
2023-09-25 00:00:00-04:00,173.30604627783515,176.9827471103414,173.30604627783515,176.69766235351562,225300,0.0,0.0
2023-09-26 00:00:00-04:00,175.62609951199704,176.49120911401263,174.84947793783365,174.99693298339844,245600,0.0,0.0
2023-09-27 00:00:00-04:00,173.38468483090026,177.54309693046648,173.38468483090026,177.26783752441406,380400,0.0,0.0
2023-09-28 00:00:00-04:00,177.5144592843348,182.70385420115528,177.25795516508526,181.7370147705078,338600,0.64,0.0
2023-09-29 00:00:00-04:00,183.28594310945408,183.75949499980058,178.50104727238653,179.34950256347656,372300,0.0,0.0
2023-10-02 00:00:00-04:00,179.45800420298076,179.86250360587758,175.6695594417524,176.48841857910156,181900,0.0,0.0
2023-10-03 00:00:00-04:00,175.28480562700787,177.4552679528191,175.26506990884408,177.23822021484375,327000,0.0,0.0
2023-10-04 00:00:00-04:00,177.08038564915458,178.88582004697216,176.29112248914444,178.34320068359375,242300,0.0,0.0
2023-10-05 00:00:00-04:00,178.5799664536568,179.86251718796885,176.6857439300028,178.205078125,228200,0.0,0.0
2023-10-06 00:00:00-04:00,177.88936812533413,183.04915209664603,177.84003635559327,181.86526489257812,210900,0.0,0.0
2023-10-09 00:00:00-04:00,180.4840706766774,182.9011769216924,178.29387251404194,182.24017333984375,201500,0.0,0.0
2023-10-10 00:00:00-04:00,183.20699534099592,185.19988128292024,182.3980115769698,182.98008728027344,182200,0.0,0.0
2023-10-11 00:00:00-04:00,183.50297371186034,185.44652791731744,183.24646959813379,185.1702880859375,153100,0.0,0.0
2023-10-12 00:00:00-04:00,185.99902923876652,185.99902923876652,181.43118104935442,182.0724639892578,244700,0.0,0.0
2023-10-13 00:00:00-04:00,182.60519316059114,182.60519316059114,179.80332331285953,180.84909057617188,231800,0.0,0.0
2023-10-16 00:00:00-04:00,182.29935747537039,184.44022377331834,180.34594286708545,182.85183715820312,504400,0.0,0.0
2023-10-17 00:00:00-04:00,182.792648820585,187.76499617634067,182.1020492028252,185.7227783203125,284900,0.0,0.0
2023-10-18 00:00:00-04:00,183.749620894261,183.749620894261,172.97622210924231,173.52870178222656,459300,0.0,0.0
2023-10-19 00:00:00-04:00,173.430030602178,175.94580012372387,171.37796763695002,171.9403076171875,285300,0.0,0.0
2023-10-20 00:00:00-04:00,171.89099232857606,173.15380737620296,168.76355076109832,169.49362182617188,358400,0.0,0.0
2023-10-23 00:00:00-04:00,169.48373934918223,171.16092915678072,168.4182514286512,168.7832794189453,237100,0.0,0.0
2023-10-24 00:00:00-04:00,170.7465879737699,170.88470790841632,164.136521669271,165.74464416503906,556300,0.0,0.0
2023-10-25 00:00:00-04:00,165.34999034810565,166.24776223489764,161.79831401879946,162.27186584472656,908300,0.0,0.0
2023-10-26 00:00:00-04:00,163.19927175643056,167.23436080986235,162.41988395316346,165.86302185058594,681200,0.0,0.0
2023-10-27 00:00:00-04:00,173.62734987048003,174.3968772113766,166.53387279508928,170.35191345214844,802500,0.0,0.0
2023-10-30 00:00:00-04:00,170.60842440519824,173.53855364943917,169.09896571015793,172.2362823486328,383700,0.0,0.0
2023-10-31 00:00:00-04:00,173.91348101277956,175.11710400235063,171.13134668146884,172.45335388183594,576000,0.0,0.0
2023-11-01 00:00:00-04:00,172.5618703171265,174.14038159078504,170.56898421566703,173.89373779296875,326400,0.0,0.0
2023-11-02 00:00:00-04:00,176.12339818232803,178.52076854628777,176.0740664145468,178.07681274414062,220600,0.0,0.0
2023-11-03 00:00:00-04:00,180.09930318370047,183.6509648203159,180.09930318370047,181.47064208984375,260700,0.0,0.0
2023-11-06 00:00:00-05:00,181.76660215538942,182.37827390117803,179.57640422531503,180.444580078125,240000,0.0,0.0
2023-11-07 00:00:00-05:00,179.78358085243354,179.78358085243354,177.24809060868623,177.93869018554688,264100,0.0,0.0
2023-11-08 00:00:00-05:00,178.757560924606,181.02668687036194,178.2248018922753,180.1979522705078,318600,0.0,0.0
2023-11-09 00:00:00-05:00,181.75673574448686,182.5164028254045,180.77016059407927,181.58901977539062,230600,0.0,0.0
2023-11-10 00:00:00-05:00,182.07244369381263,185.15055328961566,181.5396846921133,184.82498168945312,242400,0.0,0.0
2023-11-13 00:00:00-05:00,184.79539296672533,186.78827902827743,183.45365013131536,186.5120391845703,242700,0.0,0.0
2023-11-14 00:00:00-05:00,189.3237674539276,193.0826314642296,188.3569280108449,192.33282470703125,458600,0.0,0.0
2023-11-15 00:00:00-05:00,193.18127492652314,195.34187688249048,192.29336332590677,193.03329467773438,374300,0.0,0.0
2023-11-16 00:00:00-05:00,192.74720061441246,194.74008682251448,191.40545768033542,192.036865234375,261700,0.0,0.0
2023-11-17 00:00:00-05:00,193.09249423353717,193.7140414103349,187.6465950586882,192.56961059570312,227500,0.0,0.0
2023-11-20 00:00:00-05:00,192.12564605230483,193.86201286002904,191.3265075524562,192.4512176513672,228400,0.0,0.0
2023-11-21 00:00:00-05:00,192.2045720361311,194.09879445938637,191.7014090905869,193.04315185546875,186000,0.0,0.0
2023-11-22 00:00:00-05:00,193.8620333364815,194.3651812860268,191.52385485090642,191.75076293945312,158500,0.0,0.0
2023-11-24 00:00:00-05:00,191.1094966954711,193.54632369286793,190.1623778396939,193.2108917236328,79200,0.0,0.0
2023-11-27 00:00:00-05:00,192.03685558897345,195.04591294300462,191.70142363578773,194.31585693359375,228100,0.0,0.0
2023-11-28 00:00:00-05:00,194.3059872654995,194.64141922855688,191.18840594616537,191.36599731445312,177700,0.0,0.0
2023-11-29 00:00:00-05:00,193.18128051819508,194.4046391413795,191.96779728117698,193.1615447998047,207100,0.0,0.0
2023-11-30 00:00:00-05:00,194.0100026571194,195.50960114220356,192.52027955833464,195.4010772705078,235400,0.0,0.0
2023-12-01 00:00:00-05:00,195.65758292145546,199.42629201130146,195.47013124203943,199.06126403808594,183600,0.0,0.0
2023-12-04 00:00:00-05:00,197.50248443607612,201.7348852647504,197.50248443607612,201.51783752441406,223700,0.0,0.0
2023-12-05 00:00:00-05:00,200.27477405992428,201.65597337669118,199.10074711370066,200.34384155273438,190900,0.0,0.0
2023-12-06 00:00:00-05:00,200.99494589238108,203.65869571765128,199.88012623841473,200.12677001953125,237000,0.0,0.0
2023-12-07 00:00:00-05:00,200.43261556886137,202.02100219803728,199.75187629150847,202.0012664794922,151400,0.0,0.0
2023-12-08 00:00:00-05:00,201.82369941524485,204.6650258041945,201.66584376754122,204.0237579345703,685000,0.0,0.0
2023-12-11 00:00:00-05:00,204.10269348981984,205.98704078511702,202.89907047488697,205.4641571044922,207200,0.0,0.0
2023-12-12 00:00:00-05:00,205.9278415157365,205.95743756802972,203.56006700862113,203.82644653320312,322600,0.0,0.0
2023-12-13 00:00:00-05:00,203.678452029677,206.99334538521794,201.87301756287903,206.5592498779297,369100,0.0,0.0
2023-12-14 00:00:00-05:00,207.99964773884062,214.79715015083656,207.2301203000443,213.57379150390625,672300,0.0,0.0
2023-12-15 00:00:00-05:00,214.540639994964,215.4384119457081,212.59708573380453,213.544189453125,757000,0.0,0.0
2023-12-18 00:00:00-05:00,213.49486570614408,215.16218019065224,210.95937528862942,214.98460388183594,513900,0.0,0.0
2023-12-19 00:00:00-05:00,216.35592053872878,217.03665976037476,212.07418825531687,213.1002197265625,429200,0.0,0.0
2023-12-20 00:00:00-05:00,212.8831950020474,215.5370846930729,211.39347187261333,211.51185607910156,247900,0.0,0.0
2023-12-21 00:00:00-05:00,213.7414981106127,214.04734904939718,211.78808354804863,213.6527099609375,135400,0.0,0.0
2023-12-22 00:00:00-05:00,214.79715083233876,216.41513353621613,212.80426474028914,215.42855834960938,128300,0.0,0.0
2023-12-26 00:00:00-05:00,215.76399201427975,218.0429783048163,215.65546814073312,216.88868713378906,159800,0.0,0.0
2023-12-27 00:00:00-05:00,216.8492229929494,218.17123009327028,216.71110307282544,217.5003662109375,131600,0.0,0.0
2023-12-28 00:00:00-05:00,217.50037568961739,217.61914239300398,216.2136810267961,216.86692810058594,128500,0.71,0.0
2023-12-29 00:00:00-05:00,216.69865503997937,217.77749279363573,214.99626193210847,215.2338104248047,178400,0.0,0.0
2024-01-02 00:00:00-05:00,213.679872518481,214.8675847591956,210.2552868701303,211.53208923339844,268400,0.0,0.0
2024-01-03 00:00:00-05:00,209.37438925163698,210.4532420434271,207.24640554520718,207.5037384033203,318700,0.0,0.0
2024-01-04 00:00:00-05:00,207.7809028365906,210.89866480039478,207.7809028365906,210.0177764892578,289700,0.0,0.0
2024-01-05 00:00:00-05:00,209.36451302188055,211.37373019351182,208.15700126027406,209.0675811767578,314600,0.0,0.0
2024-01-08 00:00:00-05:00,207.99864311648395,210.24540886596606,206.59318177483857,210.03756713867188,245900,0.0,0.0
2024-01-09 00:00:00-05:00,207.35530316177304,208.7409650177642,206.26655805879318,208.1669158935547,210500,0.0,0.0
2024-01-10 00:00:00-05:00,208.34506399077543,209.18636838996554,206.08840607357118,207.04847717285156,215300,0.0,0.0
2024-01-11 00:00:00-05:00,207.45427604349075,208.6122966352978,205.1580192407896,208.2559814453125,197300,0.0,0.0
2024-01-12 00:00:00-05:00,209.15666385278942,211.75972951937456,208.9488070378322,210.27508544921875,203000,0.0,0.0
2024-01-16 00:00:00-05:00,209.03787856043311,210.5819059511523,206.37541448941445,210.4532470703125,180400,0.0,0.0
2024-01-17 00:00:00-05:00,208.65187551719237,210.21570241908552,207.98873631050142,208.3351593017578,165400,0.0,0.0
2024-01-18 00:00:00-05:00,209.5624679656601,213.39286017180734,209.5624679656601,213.27407836914062,210900,0.0,0.0
2024-01-19 00:00:00-05:00,214.18465165867616,218.55941627534622,212.58124084698483,218.46043395996094,350600,0.0,0.0
2024-01-22 00:00:00-05:00,219.13345818931268,221.31094823572553,219.13345818931268,220.9942169189453,252200,0.0,0.0
2024-01-23 00:00:00-05:00,222.69661691776835,222.69661691776835,218.3614512756099,220.40036010742188,213100,0.0,0.0
2024-01-24 00:00:00-05:00,220.83586220853033,223.191502410478,216.81742781879458,217.7379150390625,185900,0.0,0.0
2024-01-25 00:00:00-05:00,220.20239824182116,221.65735059903736,219.1829438830343,220.5983123779297,274500,0.0,0.0
2024-01-26 00:00:00-05:00,221.4495236194736,223.4884324726416,220.19252069542674,221.75634765625,278700,0.0,0.0
2024-01-29 00:00:00-05:00,222.0532770247227,223.63688834906185,219.84609523803346,223.42904663085938,199200,0.0,0.0
2024-01-30 00:00:00-05:00,223.0331331855078,225.28979103440213,221.07340718043244,224.68603515625,191600,0.0,0.0
2024-01-31 00:00:00-05:00,224.80482243598354,225.8440612608146,219.6580439578615,219.94508361816406,783600,0.0,0.0
2024-02-01 00:00:00-05:00,221.70684271533727,224.71571464991018,219.72731733395034,223.48841857910156,297700,0.0,0.0
2024-02-02 00:00:00-05:00,222.92427142813932,225.75499364294555,219.97478251004588,224.1812744140625,235400,0.0,0.0
2024-02-05 00:00:00-05:00,222.01368969587165,222.01368969587165,219.3116414995286,220.3409881591797,237600,0.0,0.0
2024-02-06 00:00:00-05:00,220.0044655766691,222.0235900690307,220.0044655766691,221.47921752929688,232900,0.0,0.0
2024-02-07 00:00:00-05:00,222.86488967095292,226.04203492985312,222.28093323883712,224.51779174804688,311600,0.0,0.0
2024-02-08 00:00:00-05:00,225.38879020150716,228.1898207897306,224.64646808774916,227.7444305419922,221200,0.0,0.0
2024-02-09 00:00:00-05:00,228.14031089931598,230.258402552586,227.1901320265737,229.24884033203125,308100,0.0,0.0
2024-02-12 00:00:00-05:00,228.71437462069872,231.81233681413673,228.23929273661182,229.31813049316406,249900,0.0,0.0
2024-02-13 00:00:00-05:00,224.71574240730826,227.96217832816367,222.95396580846165,224.92359924316406,364600,0.0,0.0
2024-02-14 00:00:00-05:00,226.1607860526696,229.96147134902284,226.1607860526696,229.1795654296875,401100,0.0,0.0
2024-02-15 00:00:00-05:00,236.90962595929923,248.5195394503977,236.058429341637,247.2427520751953,742500,0.0,0.0
2024-02-16 00:00:00-05:00,246.64887441739447,250.39017640627986,243.93693414652995,247.34170532226562,454600,0.0,0.0
2024-02-20 00:00:00-05:00,246.22327852606864,247.34170014101048,241.46252221204688,244.4615020751953,380500,0.0,0.0
2024-02-21 00:00:00-05:00,244.96627753153692,244.96627753153692,241.2150834015431,243.9468231201172,196200,0.0,0.0
2024-02-22 00:00:00-05:00,245.4611599872345,247.44068547100252,243.93693200986874,245.98573303222656,378200,0.0,0.0
2024-02-23 00:00:00-05:00,246.46083563890323,247.93558768521794,244.5407084443963,247.47039794921875,208600,0.0,0.0
2024-02-26 00:00:00-05:00,246.23317776528668,250.88505970809314,246.18368660686275,250.6376190185547,215800,0.0,0.0
2024-02-27 00:00:00-05:00,250.94444274902344,251.19188343825806,248.0642446042944,250.94444274902344,210500,0.0,0.0
2024-02-28 00:00:00-05:00,250.67721557790242,254.09189404020958,250.67721557790242,253.9434356689453,252800,0.0,0.0
2024-02-29 00:00:00-05:00,255.46765049475675,256.38815281391163,253.05264205588716,253.97312927246094,268400,0.0,0.0
2024-03-01 00:00:00-05:00,253.9533163684825,255.22021149655788,249.99428042018283,251.58779907226562,233400,0.0,0.0
2024-03-04 00:00:00-05:00,253.2011280308909,254.4779003016561,252.32022463593955,252.6864471435547,180600,0.0,0.0
2024-03-05 00:00:00-05:00,252.11237386055663,252.11237386055663,248.84615370062158,250.2912139892578,236600,0.0,0.0
2024-03-06 00:00:00-05:00,251.81544992620465,253.89394274599698,250.92466944666248,251.73626708984375,175200,0.0,0.0
2024-03-07 00:00:00-05:00,253.50792693495643,254.29972501836164,250.5386388144458,252.53794860839844,197000,0.0,0.0
2024-03-08 00:00:00-05:00,253.31986873063346,256.1901745295296,250.33078113757188,251.8253173828125,162000,0.0,0.0
2024-03-11 00:00:00-04:00,251.7758720430901,251.7758720430901,248.32159434983603,250.19224548339844,173500,0.0,0.0
2024-03-12 00:00:00-04:00,249.7072299526833,251.5877881819983,249.0045068790156,249.9447784423828,179000,0.0,0.0
2024-03-13 00:00:00-04:00,250.57824741817237,250.57824741817237,245.37210050311566,246.22329711914062,630900,0.0,0.0
2024-03-14 00:00:00-04:00,246.70826961996485,247.46049901218078,242.94718306921231,244.253662109375,579800,0.0,0.0
2024-03-15 00:00:00-04:00,244.42189841523884,247.96525073226607,244.42189841523884,245.86695861816406,897200,0.0,0.0
2024-03-18 00:00:00-04:00,245.46115025025324,248.9253197094302,245.46115025025324,246.38162231445312,249200,0.0,0.0
2024-03-19 00:00:00-04:00,245.98573766261163,249.94478870467202,245.95604598800267,249.47959899902344,194500,0.0,0.0
2024-03-20 00:00:00-04:00,249.51919304842917,253.37926169731688,248.15331563301618,253.36936950683594,201500,0.0,0.0
2024-03-21 00:00:00-04:00,254.3591042038021,258.4567362415589,253.89391453099145,254.41848754882812,256300,0.0,0.0
2024-03-22 00:00:00-04:00,255.1410284962861,255.46763689816564,252.4884717001835,255.39837646484375,323400,0.0,0.0
2024-03-25 00:00:00-04:00,255.1410572577788,256.3386618065546,253.24071446517482,253.4287567138672,262100,0.0,0.0
2024-03-26 00:00:00-04:00,253.448562898468,254.99259042235565,250.4198760986328,250.4198760986328,283300,0.0,0.0
2024-03-27 00:00:00-04:00,251.3429147066635,256.6927475847519,250.787090274407,256.4446105957031,384400,0.71,0.0
2024-03-28 00:00:00-04:00,256.355301246215,256.6232783070023,253.31810672997878,253.53646850585938,247900,0.0,0.0
2024-04-01 00:00:00-04:00,253.69528837794348,253.69528837794348,249.87397231626593,250.75733947753906,181700,0.0,0.0
2024-04-02 00:00:00-04:00,251.0650252736151,251.0650252736151,245.65564145048927,247.3529052734375,285700,0.0,0.0
2024-04-03 00:00:00-04:00,246.10228852314333,250.94592790384866,246.10228852314333,248.1866455078125,238800,0.0,0.0
2024-04-04 00:00:00-04:00,250.80697614606112,251.52161197352285,244.81197727625226,245.0898895263672,141800,0.0,0.0
2024-04-05 00:00:00-04:00,246.04272568941548,249.05014494928633,245.1990538225529,246.12213134765625,256900,0.0,0.0
2024-04-08 00:00:00-04:00,247.03528327953734,248.30574357049517,243.8690525804023,244.70278930664062,205500,0.0,0.0
2024-04-09 00:00:00-04:00,244.63331603842377,246.99558521433335,240.8219352088663,242.92613220214844,206100,0.0,0.0
2024-04-10 00:00:00-04:00,239.39266151320479,241.88395161351045,237.07010276040208,239.77975463867188,155500,0.0,0.0
2024-04-11 00:00:00-04:00,240.25616740429282,242.09238726956661,239.1643736870354,240.75244140625,157200,0.0,0.0
2024-04-12 00:00:00-04:00,238.78720126180048,239.32317052156614,235.0651462367923,236.82196044921875,217900,0.0,0.0
2024-04-15 00:00:00-04:00,239.25369609600196,241.22885690389018,237.08993360165937,237.09986877441406,198200,0.0,0.0
2024-04-16 00:00:00-04:00,236.23635190057885,240.3653553530013,235.92866443353776,237.7251739501953,270800,0.0,0.0
2024-04-17 00:00:00-04:00,238.5192111265092,238.5192111265092,233.90386891353236,234.84678649902344,238600,0.0,0.0
2024-04-18 00:00:00-04:00,236.13710228388678,239.45220902478883,234.54901939916155,237.1494903564453,291100,0.0,0.0
2024-04-19 00:00:00-04:00,237.05025429160165,239.0452704341181,235.19419427127423,236.58375549316406,214600,0.0,0.0
2024-04-22 00:00:00-04:00,236.88151079514682,237.45719045615402,233.07013008614794,233.4075927734375,262900,0.0,0.0
2024-04-23 00:00:00-04:00,234.84679043398165,239.04526436830167,234.02297375009383,237.98324584960938,175100,0.0,0.0
2024-04-24 00:00:00-04:00,237.58621930679664,240.84177566390204,234.7276912524365,235.83934020996094,309100,0.0,0.0
2024-04-25 00:00:00-04:00,231.41256239330065,231.9584668276277,220.37543337235002,226.23146057128906,746800,0.0,0.0
2024-04-26 00:00:00-04:00,225.33818299915032,228.28605192474154,223.92876658293778,228.22650146484375,482700,0.0,0.0
2024-04-29 00:00:00-04:00,228.69299928145924,230.17188617952553,221.8245686095033,223.4523468017578,414000,0.0,0.0
2024-04-30 00:00:00-04:00,222.63843639059266,223.2538112956919,217.0106911255081,217.89405822753906,426500,0.0,0.0
2024-05-01 00:00:00-04:00,217.7948023544808,220.94119287081546,215.8692719388068,217.695556640625,403900,0.0,0.0
2024-05-02 00:00:00-04:00,219.83947073094208,220.95111968880596,216.63352965875487,220.9014892578125,237900,0.0,0.0
2024-05-03 00:00:00-04:00,222.27120572589592,223.6012164361046,219.97842222596339,221.2687225341797,199200,0.0,0.0
2024-05-06 00:00:00-04:00,223.32331591313428,225.55654907226562,222.8171218492939,225.55654907226562,198200,0.0,0.0
2024-05-07 00:00:00-04:00,224.86175992093501,229.60613830740124,224.85182474775243,227.05528259277344,389600,0.0,0.0
2024-05-08 00:00:00-04:00,226.51931129172343,227.83940198130279,225.09995974169294,227.7500762939453,180500,0.0,0.0
2024-05-09 00:00:00-04:00,228.4448621020383,230.03292988997887,228.2463555216809,229.42747497558594,119000,0.0,0.0
2024-05-10 00:00:00-04:00,229.42746809041228,236.67307164412517,229.42746809041228,236.29591369628906,736700,0.0,0.0
2024-05-13 00:00:00-04:00,236.42494289732974,236.69293511192444,229.6954683180856,229.93368530273438,275800,0.0,0.0
2024-05-14 00:00:00-04:00,230.74757650506913,231.4324371127047,226.92627543265982,228.94114685058594,245500,0.0,0.0
2024-05-15 00:00:00-04:00,231.0155598297578,231.0155598297578,226.8766362573068,227.28358459472656,238600,0.0,0.0
2024-05-16 00:00:00-04:00,226.519310480315,227.41259764085171,223.8294986805658,226.5590057373047,271200,0.0,0.0
2024-05-17 00:00:00-04:00,226.66818665934238,226.80714277644847,223.37293510579136,225.27862548828125,282300,0.0,0.0
2024-05-20 00:00:00-04:00,225.2290073923308,227.05529221576046,224.35556023978543,226.062744140625,163600,0.0,0.0
2024-05-21 00:00:00-04:00,225.37789489936728,225.37789489936728,222.6384525652237,223.35308837890625,241200,0.0,0.0
2024-05-22 00:00:00-04:00,223.48211982036938,227.2935006506081,223.48211982036938,225.42750549316406,293100,0.0,0.0
2024-05-23 00:00:00-04:00,218.36056167662144,220.37543292048565,200.49469753944334,204.03810119628906,1046500,0.0,0.0
2024-05-24 00:00:00-04:00,204.4748101927813,204.4748101927813,199.9587288610288,200.96119689941406,600200,0.0,0.0
2024-05-28 00:00:00-04:00,200.99098822952428,202.73786741573412,197.2689328919405,197.88430786132812,534200,0.0,0.0
2024-05-29 00:00:00-04:00,197.57661271168192,197.8644601278673,193.56672524739065,195.02577209472656,452000,0.0,0.0
2024-05-30 00:00:00-04:00,195.22428852686832,197.57662268123346,195.0753972245791,195.4823455810547,669600,0.0,0.0
2024-05-31 00:00:00-04:00,195.8495812723177,198.3905017633905,193.527007410717,194.896728515625,673300,0.0,0.0
2024-06-03 00:00:00-04:00,195.9984565496099,197.09026541754648,189.70570580734443,190.7180938720703,366900,0.0,0.0
2024-06-04 00:00:00-04:00,190.6188517060483,192.01834805961087,188.19703209579052,188.56427001953125,398500,0.0,0.0
2024-06-05 00:00:00-04:00,189.79503902110798,191.22431063397522,187.52209550909288,188.71316528320312,480500,0.0,0.0
2024-06-06 00:00:00-04:00,187.94889371972062,189.9240697322407,187.77022720063414,187.88934326171875,303200,0.0,0.0
2024-06-07 00:00:00-04:00,186.87694319694177,188.3657652524592,185.8049894995595,185.9935760498047,265400,0.0,0.0
2024-06-10 00:00:00-04:00,185.05065178328326,187.76030358617598,183.60152503756782,187.48239135742188,411300,0.0,0.0
2024-06-11 00:00:00-04:00,185.88439486950594,186.34097362965363,183.6809370191763,183.6908721923828,774300,0.0,0.0
2024-06-12 00:00:00-04:00,187.244174071818,190.96622907042357,185.24915804479443,188.16725158691406,854700,0.0,0.0
2024-06-13 00:00:00-04:00,187.06553947472156,187.1449451392214,182.81743486701401,185.42784118652344,364000,0.0,0.0
2024-06-14 00:00:00-04:00,183.69087074341965,183.69087074341965,171.7207288083145,180.8819580078125,1003700,0.0,0.0
2024-06-17 00:00:00-04:00,180.33605638105536,184.30624855360955,179.8993328188614,183.08541870117188,399400,0.0,0.0
2024-06-18 00:00:00-04:00,183.2839163862956,185.18960671923165,181.61642787930128,183.56182861328125,331300,0.0,0.0
2024-06-20 00:00:00-04:00,182.55934685431345,185.79506303574266,181.10031522391978,185.09034729003906,436500,0.0,0.0
2024-06-21 00:00:00-04:00,185.87447445427497,187.0456738640407,183.3136987107093,186.50970458984375,1075000,0.0,0.0
2024-06-24 00:00:00-04:00,186.67842847641674,190.14242642673128,185.45759868476267,187.2342529296875,295400,0.0,0.0
2024-06-25 00:00:00-04:00,185.76528953730616,186.202013085744,182.50973326996328,183.80003356933594,246000,0.0,0.0
2024-06-26 00:00:00-04:00,182.8769817479268,185.69581462960173,180.90180563801292,185.4476776123047,217900,0.0,0.0
2024-06-27 00:00:00-04:00,185.33849461617086,186.39059313436096,183.83975250092973,185.71566772460938,448800,0.0,0.0
2024-06-28 00:00:00-04:00,186.6820918459407,189.6611199435057,185.99462265398196,187.9474334716797,1239700,0.71,0.0
2024-07-01 00:00:00-04:00,187.94744103419774,188.45556318650605,183.44403115707019,183.81268310546875,262500,0.0,0.0
2024-07-02 00:00:00-04:00,183.81267615040082,185.75551395661896,183.81267615040082,184.70936584472656,271300,0.0,0.0
2024-07-03 00:00:00-04:00,185.98467095489013,186.86144504914202,183.9222785139809,184.98834228515625,138400,0.0,0.0
2024-07-05 00:00:00-04:00,184.4204340822076,184.4204340822076,181.94952815273132,184.0418243408203,222200,0.0,0.0
2024-07-08 00:00:00-04:00,184.6595451810991,186.12414948774764,184.53003279669898,185.5662078857422,332800,0.0,0.0
2024-07-09 00:00:00-04:00,184.9883374082244,185.91493095208858,184.231133112186,185.4466552734375,283800,0.0,0.0
2024-07-10 00:00:00-04:00,185.14775724729216,187.66846754815666,184.36064909006652,187.48912048339844,277700,0.0,0.0
2024-07-11 00:00:00-04:00,188.6946821613877,194.9217362155055,188.6946821613877,193.44717407226562,324700,0.0,0.0
2024-07-12 00:00:00-04:00,194.87192394255572,199.24580626366145,192.84937792727166,196.20700073242188,384300,0.0,0.0
2024-07-15 00:00:00-04:00,197.2830359334493,202.30454098095532,196.97417647590703,199.6642608642578,395700,0.0,0.0
2024-07-16 00:00:00-04:00,201.22850532337944,209.956339113534,201.22850532337944,209.35855102539062,369900,0.0,0.0
2024-07-17 00:00:00-04:00,207.27620815283217,210.22534768156436,205.7119800589352,208.2227325439453,425400,0.0,0.0
2024-07-18 00:00:00-04:00,206.02083771790433,211.80950476126785,203.87873719436743,204.73558044433594,329300,0.0,0.0
2024-07-19 00:00:00-04:00,204.24738077469584,204.92487698432657,198.81739247270292,201.1886444091797,347500,0.0,0.0
2024-07-22 00:00:00-04:00,202.4141268105032,204.76546297020846,199.30557116712293,204.4067840576172,249000,0.0,0.0
2024-07-23 00:00:00-04:00,204.3769085307946,207.14670106580996,202.79273436357244,206.48912048339844,316000,0.0,0.0
2024-07-24 00:00:00-04:00,204.24737247537422,204.88502220084513,196.24685466243838,196.68524169921875,380300,0.0,0.0
2024-07-25 00:00:00-04:00,197.8409881359846,208.5017016939785,197.33285079263692,205.7418670654297,415300,0.0,0.0
2024-07-26 00:00:00-04:00,208.43194739551066,211.6102381735131,207.9238252646718,209.5876922607422,267900,0.0,0.0
2024-07-29 00:00:00-04:00,208.0433766347187,210.3847549719815,206.92749344560704,207.2761993408203,233800,0.0,0.0
2024-07-30 00:00:00-04:00,209.16924330189966,211.76966173733862,207.37584865629194,210.70358276367188,406500,0.0,0.0
2024-07-31 00:00:00-04:00,210.32498089493174,214.14090618791636,201.88607614165156,204.65586853027344,1261600,0.0,0.0
2024-08-01 00:00:00-04:00,205.97101730917007,207.9636746067654,195.58927461303043,198.06016540527344,581900,0.0,0.0
2024-08-02 00:00:00-04:00,194.2542011231915,195.51954278511556,190.04969293868047,195.12100219726562,344100,0.0,0.0
2024-08-05 00:00:00-04:00,190.08954433441227,193.09846123907994,186.24371497767098,190.04969787597656,298500,0.0,0.0
2024-08-06 00:00:00-04:00,190.29876762454978,193.60658596121633,188.67474709878425,190.02975463867188,304900,0.0,0.0
2024-08-07 00:00:00-04:00,191.73348876704813,195.61916443975977,185.55625414768423,186.33338928222656,389900,0.0,0.0
2024-08-08 00:00:00-04:00,189.24266170815727,190.17921304930385,187.13044988532852,188.3858184814453,178100,0.0,0.0
2024-08-09 00:00:00-04:00,188.08691904270404,189.8105633294607,185.94481855237015,188.95372009277344,212500,0.0,0.0
2024-08-12 00:00:00-04:00,188.95372448609595,188.95372448609595,186.67213854152098,187.1204833984375,222200,0.0,0.0
2024-08-13 00:00:00-04:00,187.54891083839988,190.1094675674113,185.9448211013139,189.89027404785156,137800,0.0,0.0
2024-08-14 00:00:00-04:00,190.0496892945674,190.52792278804847,187.2998277035903,188.4655303955078,174200,0.0,0.0
2024-08-15 00:00:00-04:00,192.0224110013157,194.7822455401689,190.56777972720022,191.57406616210938,198000,0.0,0.0
2024-08-16 00:00:00-04:00,191.97259029412365,193.43719457480137,190.96630386569106,192.74974060058594,242700,0.0,0.0
2024-08-19 00:00:00-04:00,193.20804711153812,195.15088490960315,192.79954872244616,194.15455627441406,154300,0.0,0.0
2024-08-20 00:00:00-04:00,193.4372033589188,194.68261418456922,191.11577095834298,192.05230712890625,136700,0.0,0.0
2024-08-21 00:00:00-04:00,192.42095241451037,195.957906874784,192.41097939847808,195.5992431640625,135600,0.0,0.0
2024-08-22 00:00:00-04:00,195.18077247553506,196.51586439342617,193.8755844030816,194.6925811767578,84300,0.0,0.0
2024-08-23 00:00:00-04:00,195.75865032463423,200.07275523496764,194.93169571476366,197.25314331054688,135000,0.0,0.0
2024-08-26 00:00:00-04:00,198.78749556011306,200.42147393023745,197.11365553062763,197.32289123535156,159300,0.0,0.0
2024-08-27 00:00:00-04:00,195.89813120268266,196.79483609517484,193.77596154959826,194.79220581054688,148100,0.0,0.0
2024-08-28 00:00:00-04:00,194.64276146944115,196.47600249719386,192.84936689760985,193.686279296875,175600,0.0,0.0
2024-08-29 00:00:00-04:00,195.45974532591669,196.11732587707547,192.58035616401426,192.61026000976562,204500,0.0,0.0
2024-08-30 00:00:00-04:00,193.61654300497517,194.7623148395666,189.86037984195283,192.89918518066406,462500,0.0,0.0
2024-09-03 00:00:00-04:00,191.37480746860533,192.5504679693826,184.70936641808555,186.0843048095703,293500,0.0,0.0
2024-09-04 00:00:00-04:00,182.3281448187393,182.3281448187393,173.3811177068136,175.24424743652344,578500,0.0,0.0
2024-09-05 00:00:00-04:00,174.79590160898795,174.84572108227556,171.52794483786866,173.8195037841797,372300,0.0,0.0
2024-09-06 00:00:00-04:00,174.3176736163288,176.39002390506369,171.27886808304694,174.41729736328125,361500,0.0,0.0
2024-09-09 00:00:00-04:00,175.96159800173984,177.73506172725814,173.29142939750116,173.8095245361328,372200,0.0,0.0
2024-09-10 00:00:00-04:00,173.7895983558718,173.95898760406138,171.3784848578355,172.66375732421875,366900,0.0,0.0
2024-09-11 00:00:00-04:00,172.87297514830612,175.95164216964443,168.88766062761445,175.3339080810547,284900,0.0,0.0
2024-09-12 00:00:00-04:00,176.48965853709117,177.32657096430995,173.82946283450863,175.9317169189453,215700,0.0,0.0
2024-09-13 00:00:00-04:00,176.9479723880203,179.83731936034783,176.44980806846254,178.1335906982422,345000,0.0,0.0
2024-09-16 00:00:00-04:00,179.25945521048905,184.06176677031183,179.08012334448867,183.643310546875,391000,0.0,0.0
2024-09-17 00:00:00-04:00,184.40050140494702,186.47286674304448,182.71670361756983,183.84255981445312,190200,0.0,0.0
2024-09-18 00:00:00-04:00,184.12154319782042,186.42306001734318,181.36170849604704,181.8997344970703,186600,0.0,0.0
2024-09-19 00:00:00-04:00,186.2437064740144,187.4990902975749,184.32079948482598,187.14041137695312,218200,0.0,0.0
2024-09-20 00:00:00-04:00,186.84151524907767,186.97104284174327,182.65693785367853,184.76914978027344,767600,0.0,0.0
2024-09-23 00:00:00-04:00,185.8352182081709,187.10054460786867,184.43039120720397,186.59242248535156,217500,0.0,0.0
2024-09-24 00:00:00-04:00,187.80794346264298,189.59136498986072,187.6485272359732,189.09320068359375,222400,0.0,0.0
2024-09-25 00:00:00-04:00,189.3024394122778,189.87035402784346,186.77177138514227,186.79168701171875,236000,0.0,0.0
2024-09-26 00:00:00-04:00,189.5216406832043,193.61655212198113,189.13307311030294,192.8892364501953,195700,0.0,0.0
2024-09-27 00:00:00-04:00,194.28408237426413,197.01402828677604,191.6936218614999,192.67999267578125,211300,0.0,0.0
2024-09-30 00:00:00-04:00,192.72999572753906,192.72999572753906,189.89999389648438,192.02000427246094,206600,0.71,0.0
2024-10-01 00:00:00-04:00,192.02000427246094,193.39999389648438,187.50999450683594,189.69000244140625,208900,0.0,0.0
2024-10-02 00:00:00-04:00,189.85000610351562,193.00999450683594,189.25,192.0800018310547,206500,0.0,0.0
2024-10-03 00:00:00-04:00,190.13999938964844,190.75999450683594,187.1699981689453,189.5399932861328,191600,0.0,0.0
2024-10-04 00:00:00-04:00,192.7100067138672,192.7100067138672,188.50999450683594,191.5,261200,0.0,0.0
2024-10-07 00:00:00-04:00,190.14999389648438,191.7899932861328,189.14999389648438,191.0399932861328,225400,0.0,0.0
2024-10-08 00:00:00-04:00,190.17999267578125,190.35000610351562,187.5500030517578,189.47999572753906,254300,0.0,0.0
2024-10-09 00:00:00-04:00,189.89999389648438,193.1300048828125,189.5399932861328,191.4199981689453,185600,0.0,0.0
2024-10-10 00:00:00-04:00,189.5399932861328,190.7100067138672,188.86000061035156,189.94000244140625,167300,0.0,0.0
2024-10-11 00:00:00-04:00,187.8699951171875,194.63999938964844,187.8699951171875,194.3300018310547,177300,0.0,0.0
2024-10-14 00:00:00-04:00,194.3300018310547,195.1199951171875,192.9499969482422,193.57000732421875,192800,0.0,0.0
2024-10-15 00:00:00-04:00,192.33999633789062,195.41000366210938,191.89999389648438,192.1999969482422,338600,0.0,0.0
2024-10-16 00:00:00-04:00,193.3000030517578,196.39999389648438,192.44000244140625,194.7100067138672,204600,0.0,0.0
2024-10-17 00:00:00-04:00,195.5,198.49000549316406,194.32000732421875,198.22000122070312,248900,0.0,0.0
2024-10-18 00:00:00-04:00,200.57000732421875,203.38999938964844,199.16000366210938,203.10000610351562,391400,0.0,0.0
2024-10-21 00:00:00-04:00,202.3000030517578,203.8300018310547,198.3300018310547,200.00999450683594,327900,0.0,0.0
2024-10-22 00:00:00-04:00,198.63999938964844,198.63999938964844,194.42999267578125,195.77000427246094,201800,0.0,0.0
2024-10-23 00:00:00-04:00,195.64999389648438,196.57000732421875,192.02999877929688,193.75999450683594,246900,0.0,0.0
2024-10-24 00:00:00-04:00,194.25,194.72999572753906,191.99000549316406,193.69000244140625,150400,0.0,0.0
2024-10-25 00:00:00-04:00,195.58999633789062,196.60000610351562,193.25,193.7100067138672,167700,0.0,0.0
2024-10-28 00:00:00-04:00,195.6699981689453,197.57000732421875,194.47999572753906,195.83999633789062,250400,0.0,0.0
2024-10-29 00:00:00-04:00,194.7899932861328,197.6999969482422,193.30999755859375,197.0800018310547,211600,0.0,0.0
2024-10-30 00:00:00-04:00,196.1999969482422,201.49000549316406,196.1999969482422,197.25999450683594,481400,0.0,0.0
2024-10-31 00:00:00-04:00,198.8800048828125,208.3699951171875,191.52000427246094,192.55999755859375,624200,0.0,0.0
2024-11-01 00:00:00-04:00,192.75999450683594,202.27999877929688,192.75999450683594,201.75,356700,0.0,0.0
2024-11-04 00:00:00-05:00,200.5800018310547,201.69000244140625,198.0500030517578,198.8000030517578,347600,0.0,0.0
2024-11-05 00:00:00-05:00,197.27000427246094,204.1699981689453,197.27000427246094,203.7899932861328,258300,0.0,0.0
2024-11-06 00:00:00-05:00,216.8699951171875,222.16000366210938,214.02999877929688,218.39999389648438,769000,0.0,0.0
2024-11-07 00:00:00-05:00,219.05999755859375,220.27999877929688,215.38999938964844,217.08999633789062,284600,0.0,0.0
2024-11-08 00:00:00-05:00,216.22999572753906,217.92999267578125,212.85000610351562,213.64999389648438,231800,0.0,0.0
2024-11-11 00:00:00-05:00,215.8300018310547,218.5500030517578,214.83999633789062,218.27999877929688,247200,0.0,0.0
2024-11-12 00:00:00-05:00,216.17999267578125,217.0399932861328,214.00999450683594,214.5399932861328,159600,0.0,0.0
2024-11-13 00:00:00-05:00,214.52000427246094,216.55999755859375,210.22999572753906,210.52999877929688,232500,0.0,0.0
2024-11-14 00:00:00-05:00,210.16000366210938,213.35000610351562,206.2100067138672,207.50999450683594,273200,0.0,0.0
2024-11-15 00:00:00-05:00,206.89999389648438,208.8300018310547,205.47999572753906,206.10000610351562,175000,0.0,0.0
2024-11-18 00:00:00-05:00,205.89999389648438,208.14999389648438,203.61000061035156,207.07000732421875,248900,0.0,0.0
2024-11-19 00:00:00-05:00,204.39999389648438,205.72000122070312,202.88999938964844,203.77000427246094,262200,0.0,0.0
2024-11-20 00:00:00-05:00,202.8800048828125,203.8300018310547,201.05999755859375,203.19000244140625,210700,0.0,0.0
2024-11-21 00:00:00-05:00,204.5,209.60000610351562,202.35000610351562,208.50999450683594,307800,0.0,0.0
2024-11-22 00:00:00-05:00,209.25,213.99000549316406,207.3800048828125,213.52000427246094,418600,0.0,0.0
2024-11-25 00:00:00-05:00,215.41000366210938,222.52000427246094,215.41000366210938,219.94000244140625,385300,0.0,0.0
2024-11-26 00:00:00-05:00,219.5399932861328,219.5399932861328,215.5800018310547,216.13999938964844,203800,0.0,0.0
2024-11-27 00:00:00-05:00,217.8000030517578,218.97999572753906,214.6199951171875,216.6199951171875,152100,0.0,0.0
2024-11-29 00:00:00-05:00,218.52999877929688,219.86000061035156,217.02000427246094,218.47999572753906,108100,0.0,0.0
2024-12-02 00:00:00-05:00,219.3000030517578,219.3000030517578,215.82000732421875,217.5399932861328,126400,0.0,0.0
2024-12-03 00:00:00-05:00,218.30999755859375,218.30999755859375,212.92999267578125,213.83999633789062,159900,0.0,0.0
2024-12-04 00:00:00-05:00,213.97999572753906,216.88999938964844,213.3000030517578,216.0800018310547,236200,0.0,0.0
2024-12-05 00:00:00-05:00,215.50999450683594,217.83999633789062,211.5,212.0,343600,0.0,0.0
2024-12-06 00:00:00-05:00,212.5800018310547,213.13999938964844,208.02000427246094,209.9199981689453,249000,0.0,0.0
2024-12-09 00:00:00-05:00,212.3300018310547,214.0,207.6699981689453,208.07000732421875,363700,0.0,0.0
2024-12-10 00:00:00-05:00,207.38999938964844,210.58999633789062,203.77999877929688,209.0,365900,0.0,0.0
2024-12-11 00:00:00-05:00,209.9600067138672,212.22000122070312,208.24000549316406,209.0800018310547,413100,0.0,0.0
2024-12-12 00:00:00-05:00,210.44000244140625,211.77999877929688,207.0800018310547,207.6300048828125,228600,0.0,0.0
2024-12-13 00:00:00-05:00,206.14999389648438,206.14999389648438,201.5,203.8000030517578,207700,0.0,0.0
2024-12-16 00:00:00-05:00,203.47999572753906,208.24000549316406,201.24000549316406,202.41000366210938,327800,0.0,0.0
2024-12-17 00:00:00-05:00,201.38999938964844,204.5,198.69000244140625,199.14999389648438,287900,0.0,0.0
2024-12-18 00:00:00-05:00,199.44000244140625,200.44000244140625,190.52999877929688,191.5800018310547,288300,0.0,0.0
2024-12-19 00:00:00-05:00,191.97000122070312,194.8800048828125,189.22000122070312,189.88999938964844,358200,0.0,0.0
2024-12-20 00:00:00-05:00,189.77000427246094,193.83999633789062,188.75999450683594,189.75,1242800,0.0,0.0
2024-12-23 00:00:00-05:00,189.89999389648438,191.0,188.75999450683594,189.55999755859375,336600,0.0,0.0
2024-12-24 00:00:00-05:00,189.07000732421875,191.25999450683594,188.0,190.0,203300,0.0,0.0
