Date,Open,High,Low,Close,Volume,Dividends,Stock Splits
2022-01-03 00:00:00-05:00,303.75,306.1199951171875,294.3900146484375,295.3399963378906,347000,0.0,0.0
2022-01-04 00:00:00-05:00,297.7200012207031,297.92999267578125,287.94000244140625,293.0,411800,0.0,0.0
2022-01-05 00:00:00-05:00,291.69000244140625,293.8399963378906,279.7799987792969,280.04998779296875,260200,0.0,0.0
2022-01-06 00:00:00-05:00,282.0199890136719,287.0799865722656,280.0799865722656,284.5899963378906,279100,0.0,0.0
2022-01-07 00:00:00-05:00,283.6300048828125,287.2699890136719,275.8599853515625,277.739990234375,188800,0.0,0.0
2022-01-10 00:00:00-05:00,272.3900146484375,275.25,267.04998779296875,274.45001220703125,274000,0.0,0.0
2022-01-11 00:00:00-05:00,274.9599914550781,279.70001220703125,272.3999938964844,277.4200134277344,163100,0.0,0.0
2022-01-12 00:00:00-05:00,280.3900146484375,285.2900085449219,277.17999267578125,277.82000732421875,83800,0.0,0.0
2022-01-13 00:00:00-05:00,281.5299987792969,281.5299987792969,267.5899963378906,268.010009765625,141700,0.0,0.0
2022-01-14 00:00:00-05:00,265.57000732421875,269.7099914550781,260.3399963378906,264.4100036621094,311000,0.0,0.0
2022-01-18 00:00:00-05:00,263.3699951171875,263.3699951171875,253.25999450683594,255.39999389648438,262000,0.0,0.0
2022-01-19 00:00:00-05:00,257.70001220703125,260.1600036621094,255.57000732421875,255.9199981689453,277200,0.0,0.0
2022-01-20 00:00:00-05:00,258.1099853515625,263.42999267578125,255.17999267578125,257.3599853515625,355400,0.0,0.0
2022-01-21 00:00:00-05:00,255.83999633789062,256.2900085449219,246.0,247.47999572753906,341700,0.0,0.0
2022-01-24 00:00:00-05:00,244.0,255.69000244140625,237.61000061035156,254.83999633789062,440700,0.0,0.0
2022-01-25 00:00:00-05:00,249.8699951171875,252.32000732421875,237.6699981689453,240.88999938964844,325100,0.0,0.0
2022-01-26 00:00:00-05:00,246.74000549316406,248.8000030517578,234.1999969482422,235.99000549316406,411600,0.0,0.0
2022-01-27 00:00:00-05:00,241.52999877929688,243.6300048828125,236.10000610351562,237.27000427246094,208000,0.0,0.0
2022-01-28 00:00:00-05:00,237.64999389648438,244.42999267578125,232.9499969482422,244.24000549316406,209900,0.0,0.0
2022-01-31 00:00:00-05:00,246.1999969482422,256.5799865722656,246.1999969482422,256.05999755859375,348600,0.0,0.0
2022-02-01 00:00:00-05:00,255.72999572753906,258.7099914550781,251.6300048828125,258.0400085449219,206700,0.0,0.0
2022-02-02 00:00:00-05:00,260.6700134277344,261.3800048828125,257.5,258.739990234375,210300,0.0,0.0
2022-02-03 00:00:00-05:00,254.8300018310547,255.61000061035156,247.1699981689453,248.25999450683594,378500,0.0,0.0
2022-02-04 00:00:00-05:00,253.5800018310547,256.82000732421875,246.83999633789062,254.5,267300,0.0,0.0
2022-02-07 00:00:00-05:00,255.0,258.5,253.25999450683594,253.89999389648438,188300,0.0,0.0
2022-02-08 00:00:00-05:00,255.41000366210938,256.94000244140625,252.0399932861328,256.0,288200,0.0,0.0
2022-02-09 00:00:00-05:00,260.0,272.54998779296875,259.79998779296875,270.5299987792969,259800,0.0,0.0
2022-02-10 00:00:00-05:00,263.1000061035156,274.010009765625,262.2900085449219,267.17999267578125,236500,0.0,0.0
2022-02-11 00:00:00-05:00,267.17999267578125,270.8800048828125,257.5899963378906,262.04998779296875,293900,0.0,0.0
2022-02-14 00:00:00-05:00,261.7300109863281,263.5299987792969,256.1000061035156,259.67999267578125,169400,0.0,0.0
2022-02-15 00:00:00-05:00,263.7699890136719,265.1199951171875,260.55999755859375,264.0,152600,0.0,0.0
2022-02-16 00:00:00-05:00,265.1000061035156,265.1000061035156,258.32000732421875,261.6199951171875,264500,0.0,0.0
2022-02-17 00:00:00-05:00,255.39999389648438,255.39999389648438,237.19000244140625,239.25,412100,0.0,0.0
2022-02-18 00:00:00-05:00,238.60000610351562,239.89999389648438,227.52000427246094,229.63999938964844,702900,0.0,0.0
2022-02-22 00:00:00-05:00,225.58999633789062,230.88999938964844,225.14999389648438,228.1300048828125,375700,0.0,0.0
2022-02-23 00:00:00-05:00,231.41000366210938,231.99000549316406,220.1199951171875,221.08999633789062,313600,0.0,0.0
2022-02-24 00:00:00-05:00,211.42999267578125,229.8300018310547,211.0,228.57000732421875,508900,0.0,0.0
2022-02-25 00:00:00-05:00,228.82000732421875,229.97999572753906,223.50999450683594,227.47999572753906,136100,0.0,0.0
2022-02-28 00:00:00-05:00,224.75,231.24000549316406,223.00999450683594,226.25,487100,0.0,0.0
2022-03-01 00:00:00-05:00,225.2100067138672,235.08999633789062,224.27999877929688,231.75,382200,0.0,0.0
2022-03-02 00:00:00-05:00,231.58999633789062,235.92999267578125,226.77999877929688,233.10000610351562,235000,0.0,0.0
2022-03-03 00:00:00-05:00,233.66000366210938,233.66000366210938,225.72000122070312,229.44000244140625,220500,0.0,0.0
2022-03-04 00:00:00-05:00,228.8000030517578,231.27000427246094,225.14999389648438,226.50999450683594,210700,0.0,0.0
2022-03-07 00:00:00-05:00,225.42999267578125,226.85000610351562,217.80999755859375,218.47000122070312,253500,0.0,0.0
2022-03-08 00:00:00-05:00,215.80999755859375,217.0,210.27000427246094,211.0500030517578,480400,0.0,0.0
2022-03-09 00:00:00-05:00,215.27000427246094,225.72000122070312,214.75,222.5800018310547,344600,0.0,0.0
2022-03-10 00:00:00-05:00,218.3000030517578,218.9499969482422,211.07000732421875,215.9499969482422,371000,0.0,0.0
2022-03-11 00:00:00-05:00,219.0,219.5,209.22999572753906,209.36000061035156,195600,0.0,0.0
2022-03-14 00:00:00-04:00,207.97000122070312,209.47999572753906,199.32000732421875,202.74000549316406,486300,0.0,0.0
2022-03-15 00:00:00-04:00,202.67999267578125,206.44000244140625,200.1199951171875,205.89999389648438,443100,0.0,0.0
2022-03-16 00:00:00-04:00,209.3000030517578,213.35000610351562,204.74000549316406,212.88999938964844,492900,0.0,0.0
2022-03-17 00:00:00-04:00,214.35000610351562,215.99000549316406,211.67999267578125,213.99000549316406,169200,0.0,0.0
2022-03-18 00:00:00-04:00,214.19000244140625,220.88999938964844,211.5,220.36000061035156,423000,0.0,0.0
2022-03-21 00:00:00-04:00,221.4499969482422,222.97999572753906,216.22000122070312,217.9600067138672,204700,0.0,0.0
2022-03-22 00:00:00-04:00,220.3000030517578,226.19000244140625,218.86000061035156,221.8000030517578,185100,0.0,0.0
2022-03-23 00:00:00-04:00,219.02999877929688,221.08999633789062,215.08999633789062,216.1999969482422,149300,0.0,0.0
2022-03-24 00:00:00-04:00,217.9199981689453,218.97000122070312,214.83999633789062,218.63999938964844,166800,0.0,0.0
2022-03-25 00:00:00-04:00,220.60000610351562,220.60000610351562,213.94000244140625,217.57000732421875,134900,0.0,0.0
2022-03-28 00:00:00-04:00,220.13999938964844,224.5,220.13999938964844,222.16000366210938,321700,0.0,0.0
2022-03-29 00:00:00-04:00,227.75999450683594,229.4600067138672,223.74000549316406,224.6999969482422,384700,0.0,0.0
2022-03-30 00:00:00-04:00,222.8699951171875,225.24000549316406,220.52999877929688,221.91000366210938,141800,0.0,0.0
2022-03-31 00:00:00-04:00,221.0,222.13999938964844,218.7100067138672,219.0,188300,0.0,0.0
2022-04-01 00:00:00-04:00,229.99000549316406,229.99000549316406,219.0,223.32000732421875,248700,0.0,0.0
2022-04-04 00:00:00-04:00,224.77999877929688,234.33999633789062,224.77999877929688,232.8300018310547,425800,0.0,0.0
2022-04-05 00:00:00-04:00,234.44000244140625,234.49000549316406,223.6300048828125,226.6699981689453,322300,0.0,0.0
2022-04-06 00:00:00-04:00,225.00999450683594,225.00999450683594,221.1699981689453,223.8000030517578,379700,0.0,0.0
2022-04-07 00:00:00-04:00,224.3000030517578,227.3699951171875,220.1300048828125,220.14999389648438,503400,0.0,0.0
2022-04-08 00:00:00-04:00,218.3300018310547,225.69000244140625,216.67999267578125,221.7899932861328,216100,0.0,0.0
2022-04-11 00:00:00-04:00,218.8300018310547,219.35000610351562,214.50999450683594,216.41000366210938,379500,0.0,0.0
2022-04-12 00:00:00-04:00,218.7100067138672,220.22999572753906,213.86000061035156,214.24000549316406,289000,0.0,0.0
2022-04-13 00:00:00-04:00,215.38999938964844,218.49000549316406,213.72999572753906,217.4499969482422,401300,0.0,0.0
2022-04-14 00:00:00-04:00,216.60000610351562,217.36000061035156,213.77999877929688,214.0,228300,0.0,0.0
2022-04-18 00:00:00-04:00,213.27000427246094,213.75999450683594,208.22000122070312,209.50999450683594,183000,0.0,0.0
2022-04-19 00:00:00-04:00,207.72999572753906,214.0,206.47999572753906,212.63999938964844,282400,0.0,0.0
2022-04-20 00:00:00-04:00,215.30999755859375,215.30999755859375,210.6199951171875,211.7899932861328,146900,0.0,0.0
2022-04-21 00:00:00-04:00,213.27999877929688,215.92999267578125,203.44000244140625,205.13999938964844,182400,0.0,0.0
2022-04-22 00:00:00-04:00,204.52000427246094,207.0800018310547,201.69000244140625,203.0500030517578,200400,0.0,0.0
2022-04-25 00:00:00-04:00,202.1199951171875,208.47000122070312,201.0,208.0,305000,0.0,0.0
2022-04-26 00:00:00-04:00,206.25,206.25,200.9199981689453,201.1300048828125,209300,0.0,0.0
2022-04-27 00:00:00-04:00,202.44000244140625,204.0500030517578,200.97999572753906,201.1999969482422,161800,0.0,0.0
2022-04-28 00:00:00-04:00,204.5500030517578,211.10000610351562,203.77000427246094,208.61000061035156,204500,0.0,0.0
2022-04-29 00:00:00-04:00,207.6699981689453,216.32000732421875,205.4600067138672,206.41000366210938,280400,0.0,0.0
2022-05-02 00:00:00-04:00,204.02000427246094,207.75,202.74000549316406,207.60000610351562,228100,0.0,0.0
2022-05-03 00:00:00-04:00,206.19000244140625,207.82000732421875,203.33999633789062,206.94000244140625,178300,0.0,0.0
2022-05-04 00:00:00-04:00,208.0500030517578,211.47000122070312,202.6199951171875,210.97000122070312,188800,0.0,0.0
2022-05-05 00:00:00-04:00,207.0500030517578,207.72999572753906,194.32000732421875,195.67999267578125,368700,0.0,0.0
2022-05-06 00:00:00-04:00,193.5500030517578,196.8699951171875,188.02999877929688,194.2899932861328,349200,0.0,0.0
2022-05-09 00:00:00-04:00,189.3000030517578,190.22000122070312,179.1300048828125,184.5800018310547,574500,0.0,0.0
2022-05-10 00:00:00-04:00,188.99000549316406,192.3699951171875,184.05999755859375,187.52000427246094,302800,0.0,0.0
2022-05-11 00:00:00-04:00,185.75999450683594,189.4499969482422,179.5500030517578,182.69000244140625,338100,0.0,0.0
2022-05-12 00:00:00-04:00,189.47000122070312,199.27999877929688,186.33999633789062,190.1199951171875,794300,0.0,0.0
2022-05-13 00:00:00-04:00,194.5,204.14999389648438,194.00999450683594,202.86000061035156,291600,0.0,0.0
2022-05-16 00:00:00-04:00,199.02000427246094,202.25,195.27000427246094,195.7899932861328,379700,0.0,0.0
2022-05-17 00:00:00-04:00,199.82000732421875,201.07000732421875,190.74000549316406,193.00999450683594,296000,0.0,0.0
2022-05-18 00:00:00-04:00,192.02000427246094,192.58999633789062,184.2100067138672,186.66000366210938,347100,0.0,0.0
2022-05-19 00:00:00-04:00,184.8000030517578,195.0,184.3000030517578,192.6699981689453,300300,0.0,0.0
2022-05-20 00:00:00-04:00,196.5,197.33999633789062,189.30999755859375,191.4199981689453,221600,0.0,0.0
2022-05-23 00:00:00-04:00,193.83999633789062,195.0500030517578,190.5399932861328,192.7899932861328,201700,0.0,0.0
2022-05-24 00:00:00-04:00,190.25,193.7899932861328,188.05999755859375,190.6999969482422,301100,0.0,0.0
2022-05-25 00:00:00-04:00,188.22999572753906,196.85000610351562,188.22999572753906,194.4499969482422,273100,0.0,0.0
2022-05-26 00:00:00-04:00,192.27999877929688,199.80999755859375,192.1199951171875,198.88999938964844,232000,0.0,0.0
2022-05-27 00:00:00-04:00,201.27000427246094,203.89999389648438,199.2899932861328,202.64999389648438,161400,0.0,0.0
2022-05-31 00:00:00-04:00,202.19000244140625,202.19000244140625,197.64999389648438,198.72000122070312,242900,0.0,0.0
2022-06-01 00:00:00-04:00,199.07000732421875,202.19000244140625,197.13999938964844,197.9600067138672,241200,0.0,0.0
2022-06-02 00:00:00-04:00,197.60000610351562,204.5,197.14999389648438,204.30999755859375,213100,0.0,0.0
2022-06-03 00:00:00-04:00,201.97000122070312,203.80999755859375,199.27999877929688,199.8699951171875,120400,0.0,0.0
2022-06-06 00:00:00-04:00,203.1199951171875,205.08999633789062,200.3300018310547,202.91000366210938,230900,0.0,0.0
2022-06-07 00:00:00-04:00,201.8699951171875,208.4600067138672,200.9199981689453,208.42999267578125,208100,0.0,0.0
2022-06-08 00:00:00-04:00,208.0500030517578,208.72999572753906,204.89999389648438,206.67999267578125,121300,0.0,0.0
2022-06-09 00:00:00-04:00,206.3300018310547,208.39999389648438,203.13999938964844,203.13999938964844,145500,0.0,0.0
2022-06-10 00:00:00-04:00,199.00999450683594,202.77000427246094,195.64999389648438,197.92999267578125,186700,0.0,0.0
2022-06-13 00:00:00-04:00,190.9499969482422,192.66000366210938,187.82000732421875,190.02999877929688,189500,0.0,0.0
2022-06-14 00:00:00-04:00,189.67999267578125,192.33999633789062,187.3300018310547,188.6300048828125,194100,0.0,0.0
2022-06-15 00:00:00-04:00,192.0,196.16000366210938,189.22000122070312,192.92999267578125,231100,0.0,0.0
2022-06-16 00:00:00-04:00,190.07000732421875,191.22000122070312,185.00999450683594,186.77999877929688,279700,0.0,0.0
2022-06-17 00:00:00-04:00,187.5,193.85000610351562,187.5,192.5500030517578,187200,0.0,0.0
2022-06-21 00:00:00-04:00,197.39999389648438,200.35000610351562,196.92999267578125,198.13999938964844,190400,0.0,0.0
2022-06-22 00:00:00-04:00,197.32000732421875,200.0,196.58999633789062,198.02999877929688,229800,0.0,0.0
2022-06-23 00:00:00-04:00,202.00999450683594,202.00999450683594,198.69000244140625,200.8800048828125,284200,0.0,0.0
2022-06-24 00:00:00-04:00,202.52000427246094,206.19000244140625,202.52000427246094,205.47000122070312,232300,0.0,0.0
2022-06-27 00:00:00-04:00,207.5800018310547,207.5800018310547,201.5,203.58999633789062,218400,0.0,0.0
2022-06-28 00:00:00-04:00,203.77999877929688,205.30999755859375,199.82000732421875,200.0800018310547,322600,0.0,0.0
2022-06-29 00:00:00-04:00,199.2100067138672,199.69000244140625,197.25,198.0,131900,0.0,0.0
2022-06-30 00:00:00-04:00,194.3000030517578,194.77000427246094,190.32000732421875,192.4499969482422,259200,0.0,0.0
2022-07-01 00:00:00-04:00,192.17999267578125,194.36000061035156,190.44000244140625,193.1999969482422,161400,0.0,0.0
2022-07-05 00:00:00-04:00,193.22000122070312,203.14999389648438,191.92999267578125,202.32000732421875,292800,0.0,0.0
2022-07-06 00:00:00-04:00,205.0,206.92999267578125,201.52999877929688,202.05999755859375,301400,0.0,0.0
2022-07-07 00:00:00-04:00,203.8699951171875,206.07000732421875,202.11000061035156,205.99000549316406,147200,0.0,0.0
2022-07-08 00:00:00-04:00,202.8800048828125,206.99000549316406,200.75999450683594,204.82000732421875,98700,0.0,0.0
2022-07-11 00:00:00-04:00,204.22999572753906,204.22999572753906,199.8000030517578,200.6699981689453,123200,0.0,0.0
2022-07-12 00:00:00-04:00,201.9600067138672,202.47000122070312,195.88999938964844,196.94000244140625,146700,0.0,0.0
2022-07-13 00:00:00-04:00,193.49000549316406,196.41000366210938,190.82000732421875,195.47999572753906,142800,0.0,0.0
2022-07-14 00:00:00-04:00,194.0,196.67999267578125,192.10000610351562,196.22000122070312,369200,0.0,0.0
2022-07-15 00:00:00-04:00,196.22000122070312,199.11000061035156,195.7100067138672,198.07000732421875,199900,0.0,0.0
2022-07-18 00:00:00-04:00,200.41000366210938,201.02999877929688,198.13999938964844,198.85000610351562,242000,0.0,0.0
2022-07-19 00:00:00-04:00,202.4199981689453,203.85000610351562,199.00999450683594,203.10000610351562,154800,0.0,0.0
2022-07-20 00:00:00-04:00,204.38999938964844,211.64999389648438,204.38999938964844,211.5,268100,0.0,0.0
2022-07-21 00:00:00-04:00,212.24000549316406,214.11000061035156,211.30999755859375,212.83999633789062,126000,0.0,0.0
2022-07-22 00:00:00-04:00,212.9499969482422,215.25999450683594,207.99000549316406,208.6699981689453,168300,0.0,0.0
2022-07-25 00:00:00-04:00,209.4199981689453,209.4199981689453,205.32000732421875,207.0,117800,0.0,0.0
2022-07-26 00:00:00-04:00,206.2899932861328,206.9199981689453,199.19000244140625,200.17999267578125,191800,0.0,0.0
2022-07-27 00:00:00-04:00,199.44000244140625,209.0,199.0800018310547,206.5399932861328,406000,0.0,0.0
2022-07-28 00:00:00-04:00,206.00999450683594,210.24000549316406,204.3800048828125,209.3300018310547,240900,0.0,0.0
2022-07-29 00:00:00-04:00,209.11000061035156,215.08999633789062,207.44000244140625,214.02000427246094,306900,0.0,0.0
2022-08-01 00:00:00-04:00,213.97999572753906,218.0,212.2100067138672,217.3800048828125,203600,0.0,0.0
2022-08-02 00:00:00-04:00,216.7899932861328,218.3800048828125,215.3300018310547,217.72000122070312,118900,0.0,0.0
2022-08-03 00:00:00-04:00,217.41000366210938,223.99000549316406,217.41000366210938,221.16000366210938,134900,0.0,0.0
2022-08-04 00:00:00-04:00,223.02000427246094,223.02000427246094,218.92999267578125,221.33999633789062,143100,0.0,0.0
2022-08-05 00:00:00-04:00,218.22999572753906,222.07000732421875,217.3699951171875,221.05999755859375,98500,0.0,0.0
2022-08-08 00:00:00-04:00,223.97000122070312,226.27000427246094,222.52999877929688,223.94000244140625,131700,0.0,0.0
2022-08-09 00:00:00-04:00,221.99000549316406,222.1199951171875,217.38999938964844,218.75,92800,0.0,0.0
2022-08-10 00:00:00-04:00,227.0800018310547,229.13999938964844,225.27999877929688,228.72999572753906,185200,0.0,0.0
2022-08-11 00:00:00-04:00,230.25999450683594,231.16000366210938,222.1999969482422,223.99000549316406,190100,0.0,0.0
2022-08-12 00:00:00-04:00,225.77999877929688,231.2100067138672,225.0800018310547,231.2100067138672,175000,0.0,0.0
2022-08-15 00:00:00-04:00,232.77999877929688,235.11000061035156,229.97000122070312,232.05999755859375,378100,0.0,0.0
2022-08-16 00:00:00-04:00,233.72999572753906,233.72999572753906,225.35000610351562,226.0399932861328,420500,0.0,0.0
2022-08-17 00:00:00-04:00,229.5,231.02000427246094,226.44000244140625,228.5399932861328,452600,0.0,0.0
2022-08-18 00:00:00-04:00,234.19000244140625,234.38999938964844,213.8000030517578,224.4600067138672,774000,0.0,0.0
2022-08-19 00:00:00-04:00,221.47000122070312,222.5800018310547,216.08999633789062,221.94000244140625,341400,0.0,0.0
2022-08-22 00:00:00-04:00,218.19000244140625,221.83999633789062,217.19000244140625,220.0,286400,0.0,0.0
2022-08-23 00:00:00-04:00,219.9499969482422,221.0500030517578,216.89999389648438,217.4499969482422,132400,0.0,0.0
2022-08-24 00:00:00-04:00,218.0399932861328,220.69000244140625,217.9499969482422,219.7100067138672,124900,0.0,0.0
2022-08-25 00:00:00-04:00,219.44000244140625,221.24000549316406,218.69000244140625,220.69000244140625,134800,0.0,0.0
2022-08-26 00:00:00-04:00,220.33999633789062,220.47999572753906,212.41000366210938,213.1199951171875,122300,0.0,0.0
2022-08-29 00:00:00-04:00,210.8699951171875,215.5800018310547,210.38999938964844,213.72999572753906,149800,0.0,0.0
2022-08-30 00:00:00-04:00,215.24000549316406,216.47999572753906,212.47000122070312,214.74000549316406,117600,0.0,0.0
2022-08-31 00:00:00-04:00,216.4499969482422,218.11000061035156,212.7100067138672,213.3699951171875,245600,0.0,0.0
2022-09-01 00:00:00-04:00,211.5399932861328,212.22000122070312,205.00999450683594,210.11000061035156,167000,0.0,0.0
2022-09-02 00:00:00-04:00,210.10000610351562,212.38999938964844,207.39999389648438,208.67999267578125,126300,0.0,0.0
2022-09-06 00:00:00-04:00,207.75999450683594,208.8300018310547,204.1999969482422,205.9499969482422,243000,0.0,0.0
2022-09-07 00:00:00-04:00,206.75,208.66000366210938,205.0,207.97000122070312,306600,0.0,0.0
2022-09-08 00:00:00-04:00,205.9600067138672,210.99000549316406,205.22000122070312,210.83999633789062,193100,0.0,0.0
2022-09-09 00:00:00-04:00,211.0,214.1999969482422,210.0,212.42999267578125,105800,0.0,0.0
2022-09-12 00:00:00-04:00,214.00999450683594,215.9600067138672,213.0800018310547,215.58999633789062,131200,0.0,0.0
2022-09-13 00:00:00-04:00,208.02000427246094,209.3800048828125,204.99000549316406,206.61000061035156,219800,0.0,0.0
2022-09-14 00:00:00-04:00,206.57000732421875,207.82000732421875,204.36000061035156,205.47000122070312,105500,0.0,0.0
2022-09-15 00:00:00-04:00,202.92999267578125,205.19000244140625,201.32000732421875,202.07000732421875,121200,0.0,0.0
2022-09-16 00:00:00-04:00,200.0,200.19000244140625,197.8000030517578,200.0399932861328,190100,0.0,0.0
2022-09-19 00:00:00-04:00,197.39999389648438,201.14999389648438,197.1699981689453,200.80999755859375,166000,0.0,0.0
2022-09-20 00:00:00-04:00,198.22000122070312,199.2899932861328,193.86000061035156,194.3699951171875,197400,0.0,0.0
2022-09-21 00:00:00-04:00,193.41000366210938,197.47999572753906,192.25999450683594,192.47999572753906,135100,0.0,0.0
2022-09-22 00:00:00-04:00,190.0,191.22000122070312,187.36000061035156,189.66000366210938,263000,0.0,0.0
2022-09-23 00:00:00-04:00,187.2899932861328,189.5,185.57000732421875,189.38999938964844,170000,0.0,0.0
2022-09-26 00:00:00-04:00,188.6199951171875,191.6300048828125,186.19000244140625,188.80999755859375,199000,0.0,0.0
2022-09-27 00:00:00-04:00,190.61000061035156,190.99000549316406,187.10000610351562,190.5500030517578,180500,0.0,0.0
2022-09-28 00:00:00-04:00,190.0,195.3300018310547,189.3000030517578,194.4199981689453,201000,0.0,0.0
2022-09-29 00:00:00-04:00,191.2899932861328,192.72999572753906,189.91000366210938,192.27000427246094,167800,0.0,0.0
2022-09-30 00:00:00-04:00,191.52000427246094,194.47000122070312,187.94000244140625,188.24000549316406,177700,0.0,0.0
2022-10-03 00:00:00-04:00,187.86000061035156,192.91000366210938,187.36000061035156,192.60000610351562,144500,0.0,0.0
2022-10-04 00:00:00-04:00,197.77000427246094,201.35000610351562,197.77000427246094,200.05999755859375,208700,0.0,0.0
2022-10-05 00:00:00-04:00,196.85000610351562,199.35000610351562,195.08999633789062,198.55999755859375,92000,0.0,0.0
2022-10-06 00:00:00-04:00,198.6199951171875,204.27999877929688,198.6199951171875,201.52000427246094,155000,0.0,0.0
2022-10-07 00:00:00-04:00,198.10000610351562,199.72000122070312,192.1300048828125,193.5500030517578,158800,0.0,0.0
2022-10-10 00:00:00-04:00,193.5500030517578,194.8699951171875,185.69000244140625,186.7100067138672,281900,0.0,0.0
2022-10-11 00:00:00-04:00,185.05999755859375,188.5,182.30999755859375,185.5,232700,0.0,0.0
2022-10-12 00:00:00-04:00,187.1999969482422,187.1999969482422,184.05999755859375,184.25999450683594,185400,0.0,0.0
2022-10-13 00:00:00-04:00,181.3699951171875,186.5,178.27999877929688,185.44000244140625,254600,0.0,0.0
2022-10-14 00:00:00-04:00,186.00999450683594,187.36000061035156,181.5,181.97999572753906,124700,0.0,0.0
2022-10-17 00:00:00-04:00,185.1300048828125,189.89999389648438,185.1300048828125,188.0,240100,0.0,0.0
2022-10-18 00:00:00-04:00,192.00999450683594,193.11000061035156,189.08999633789062,190.9499969482422,177600,0.0,0.0
2022-10-19 00:00:00-04:00,190.64999389648438,192.5,188.3800048828125,189.60000610351562,155200,0.0,0.0
2022-10-20 00:00:00-04:00,189.97999572753906,194.55999755859375,188.69000244140625,190.0,186900,0.0,0.0
2022-10-21 00:00:00-04:00,190.0,192.00999450683594,186.77999877929688,191.72000122070312,105900,0.0,0.0
2022-10-24 00:00:00-04:00,193.1199951171875,193.86000061035156,190.50999450683594,192.92999267578125,211700,0.0,0.0
2022-10-25 00:00:00-04:00,193.82000732421875,196.9499969482422,193.82000732421875,196.17999267578125,254600,0.0,0.0
2022-10-26 00:00:00-04:00,194.6199951171875,198.8800048828125,193.08999633789062,194.11000061035156,192200,0.0,0.0
2022-10-27 00:00:00-04:00,192.02999877929688,196.4199981689453,190.5,192.22000122070312,148300,0.0,0.0
2022-10-28 00:00:00-04:00,190.67999267578125,193.63999938964844,190.67999267578125,192.22000122070312,146200,0.0,0.0
2022-10-31 00:00:00-04:00,190.1999969482422,192.3800048828125,189.38999938964844,189.88999938964844,280200,0.0,0.0
2022-11-01 00:00:00-04:00,191.6699981689453,194.02999877929688,183.64999389648438,185.6300048828125,366100,0.0,0.0
2022-11-02 00:00:00-04:00,184.8699951171875,184.94000244140625,179.52999877929688,180.1699981689453,545500,0.0,0.0
2022-11-03 00:00:00-04:00,178.75,183.97999572753906,177.58999633789062,180.1199951171875,218700,0.0,0.0
2022-11-04 00:00:00-04:00,181.02000427246094,181.0500030517578,169.1999969482422,172.9600067138672,531600,0.0,0.0
2022-11-07 00:00:00-05:00,173.0,173.07000732421875,166.89999389648438,167.0,396000,0.0,0.0
2022-11-08 00:00:00-05:00,165.55999755859375,173.6300048828125,164.64999389648438,171.77999877929688,396900,0.0,0.0
2022-11-09 00:00:00-05:00,170.57000732421875,170.97999572753906,166.6300048828125,167.75999450683594,379300,0.0,0.0
2022-11-10 00:00:00-05:00,198.99000549316406,205.55999755859375,197.22999572753906,201.6199951171875,870000,0.0,0.0
2022-11-11 00:00:00-05:00,200.11000061035156,201.88999938964844,193.02999877929688,199.0500030517578,459500,0.0,0.0
2022-11-14 00:00:00-05:00,193.85000610351562,197.10000610351562,191.0399932861328,195.67999267578125,282900,0.0,0.0
2022-11-15 00:00:00-05:00,197.69000244140625,204.42999267578125,197.69000244140625,202.86000061035156,515700,0.0,0.0
2022-11-16 00:00:00-05:00,200.39999389648438,205.38999938964844,199.77000427246094,202.64999389648438,307600,0.0,0.0
2022-11-17 00:00:00-05:00,200.13999938964844,202.7100067138672,198.91000366210938,200.66000366210938,278800,0.0,0.0
2022-11-18 00:00:00-05:00,201.25,201.97000122070312,197.19000244140625,197.33999633789062,176200,0.0,0.0
2022-11-21 00:00:00-05:00,195.0,196.8000030517578,194.3699951171875,194.7899932861328,195700,0.0,0.0
2022-11-22 00:00:00-05:00,194.7899932861328,195.0500030517578,192.72999572753906,193.47000122070312,164700,0.0,0.0
2022-11-23 00:00:00-05:00,192.10000610351562,194.74000549316406,191.3699951171875,191.99000549316406,145500,0.0,0.0
2022-11-25 00:00:00-05:00,191.82000732421875,192.4600067138672,190.9199981689453,191.8800048828125,51400,0.0,0.0
2022-11-28 00:00:00-05:00,190.14999389648438,191.50999450683594,188.3000030517578,188.6199951171875,147400,0.0,0.0
2022-11-29 00:00:00-05:00,189.1699981689453,191.33999633789062,186.63999938964844,186.75,137900,0.0,0.0
2022-11-30 00:00:00-05:00,187.60000610351562,194.4499969482422,186.94000244140625,194.1699981689453,284100,0.0,0.0
2022-12-01 00:00:00-05:00,197.1699981689453,205.4499969482422,197.1699981689453,202.16000366210938,430600,0.0,0.0
2022-12-02 00:00:00-05:00,197.9199981689453,200.61000061035156,196.36000061035156,198.8800048828125,217400,0.0,0.0
2022-12-05 00:00:00-05:00,198.22999572753906,198.44000244140625,194.5800018310547,196.63999938964844,154200,0.0,0.0
2022-12-06 00:00:00-05:00,195.1699981689453,195.72999572753906,191.8800048828125,193.8300018310547,137300,0.0,0.0
2022-12-07 00:00:00-05:00,193.1699981689453,196.08999633789062,189.88999938964844,195.72000122070312,231800,0.0,0.0
2022-12-08 00:00:00-05:00,197.00999450683594,201.66000366210938,196.3000030517578,198.88999938964844,164400,0.0,0.0
2022-12-09 00:00:00-05:00,199.99000549316406,200.5,197.00999450683594,197.1999969482422,101800,0.0,0.0
2022-12-12 00:00:00-05:00,198.0399932861328,203.47999572753906,198.0399932861328,203.41000366210938,185500,0.0,0.0
2022-12-13 00:00:00-05:00,210.5,212.22999572753906,201.3800048828125,205.42999267578125,288400,0.0,0.0
2022-12-14 00:00:00-05:00,207.22999572753906,209.69000244140625,205.13999938964844,206.72999572753906,194100,0.0,0.0
2022-12-15 00:00:00-05:00,204.86000061035156,205.17999267578125,200.83999633789062,201.32000732421875,244100,0.0,0.0
2022-12-16 00:00:00-05:00,198.5800018310547,200.8000030517578,196.07000732421875,198.91000366210938,276300,0.0,0.0
2022-12-19 00:00:00-05:00,199.42999267578125,199.42999267578125,196.11000061035156,198.1999969482422,251000,0.0,0.0
2022-12-20 00:00:00-05:00,197.82000732421875,199.47999572753906,193.80999755859375,194.11000061035156,220900,0.0,0.0
2022-12-21 00:00:00-05:00,195.02000427246094,198.5500030517578,193.52999877929688,198.22000122070312,163000,0.0,0.0
2022-12-22 00:00:00-05:00,196.66000366210938,196.66000366210938,192.42999267578125,193.8800048828125,115100,0.0,0.0
2022-12-23 00:00:00-05:00,191.91000366210938,194.6699981689453,190.0,194.6699981689453,63500,0.0,0.0
2022-12-27 00:00:00-05:00,193.0,194.38999938964844,190.6300048828125,191.6999969482422,90600,0.0,0.0
2022-12-28 00:00:00-05:00,190.5,192.86000061035156,188.6999969482422,189.94000244140625,150600,0.0,0.0
2022-12-29 00:00:00-05:00,190.00999450683594,194.97999572753906,190.00999450683594,193.7899932861328,102100,0.0,0.0
2022-12-30 00:00:00-05:00,191.2899932861328,193.57000732421875,189.86000061035156,192.3000030517578,86500,0.0,0.0
2023-01-03 00:00:00-05:00,192.3000030517578,196.02999877929688,188.05999755859375,191.0500030517578,158500,0.0,0.0
2023-01-04 00:00:00-05:00,191.57000732421875,193.14999389648438,189.32000732421875,191.3300018310547,195100,0.0,0.0
2023-01-05 00:00:00-05:00,188.3699951171875,189.02999877929688,183.0,185.42999267578125,244700,0.0,0.0
2023-01-06 00:00:00-05:00,186.25,190.3300018310547,182.88999938964844,187.82000732421875,152800,0.0,0.0
2023-01-09 00:00:00-05:00,189.27999877929688,193.9499969482422,189.27999877929688,190.17999267578125,152100,0.0,0.0
2023-01-10 00:00:00-05:00,191.36000061035156,194.47999572753906,190.6699981689453,192.19000244140625,177200,0.0,0.0
2023-01-11 00:00:00-05:00,192.25,196.61000061035156,191.2899932861328,196.38999938964844,161700,0.0,0.0
2023-01-12 00:00:00-05:00,196.52000427246094,199.2899932861328,193.41000366210938,198.4199981689453,114500,0.0,0.0
2023-01-13 00:00:00-05:00,196.3699951171875,199.7899932861328,196.3699951171875,199.00999450683594,96200,0.0,0.0
2023-01-17 00:00:00-05:00,202.52999877929688,209.1699981689453,201.55999755859375,206.13999938964844,287100,0.0,0.0
2023-01-18 00:00:00-05:00,208.5,209.97999572753906,206.1999969482422,206.7100067138672,238500,0.0,0.0
2023-01-19 00:00:00-05:00,205.69000244140625,206.4600067138672,201.4600067138672,202.50999450683594,107700,0.0,0.0
2023-01-20 00:00:00-05:00,204.39999389648438,206.94000244140625,202.67999267578125,205.60000610351562,152900,0.0,0.0
2023-01-23 00:00:00-05:00,207.5500030517578,210.52000427246094,207.3800048828125,209.88999938964844,137800,0.0,0.0
2023-01-24 00:00:00-05:00,210.7100067138672,214.25999450683594,210.17999267578125,211.08999633789062,134000,0.0,0.0
2023-01-25 00:00:00-05:00,208.55999755859375,212.30999755859375,206.97000122070312,212.00999450683594,218600,0.0,0.0
2023-01-26 00:00:00-05:00,213.30999755859375,213.82000732421875,210.8000030517578,213.10000610351562,151100,0.0,0.0
2023-01-27 00:00:00-05:00,212.6999969482422,214.77000427246094,209.99000549316406,213.5500030517578,96200,0.0,0.0
2023-01-30 00:00:00-05:00,208.83999633789062,209.72000122070312,206.3000030517578,206.3300018310547,156700,0.0,0.0
2023-01-31 00:00:00-05:00,206.02999877929688,208.0800018310547,205.0,207.42999267578125,237400,0.0,0.0
2023-02-01 00:00:00-05:00,206.1699981689453,215.3800048828125,206.1699981689453,214.9600067138672,212700,0.0,0.0
2023-02-02 00:00:00-05:00,219.47999572753906,226.36000061035156,218.75999450683594,225.77999877929688,282700,0.0,0.0
2023-02-03 00:00:00-05:00,221.33999633789062,225.22000122070312,219.5500030517578,220.4499969482422,168400,0.0,0.0
2023-02-06 00:00:00-05:00,216.0,218.05999755859375,215.6999969482422,217.24000549316406,171800,0.0,0.0
2023-02-07 00:00:00-05:00,214.99000549316406,223.6999969482422,214.86000061035156,222.55999755859375,199400,0.0,0.0
2023-02-08 00:00:00-05:00,222.67999267578125,225.77000427246094,221.5,222.7899932861328,184500,0.0,0.0
2023-02-09 00:00:00-05:00,226.5500030517578,227.8300018310547,221.97999572753906,222.80999755859375,146900,0.0,0.0
2023-02-10 00:00:00-05:00,222.24000549316406,223.24000549316406,218.1199951171875,221.39999389648438,253200,0.0,0.0
2023-02-13 00:00:00-05:00,220.91000366210938,221.6699981689453,218.6300048828125,220.57000732421875,189900,0.0,0.0
2023-02-14 00:00:00-05:00,215.60000610351562,220.52999877929688,215.52999877929688,219.08999633789062,262600,0.0,0.0
2023-02-15 00:00:00-05:00,220.0500030517578,223.0800018310547,219.44000244140625,222.55999755859375,130700,0.0,0.0
2023-02-16 00:00:00-05:00,219.75999450683594,223.3000030517578,218.5399932861328,221.36000061035156,240900,0.0,0.0
2023-02-17 00:00:00-05:00,219.32000732421875,219.91000366210938,216.75,219.36000061035156,172800,0.0,0.0
2023-02-21 00:00:00-05:00,214.85000610351562,217.44000244140625,213.44000244140625,215.85000610351562,477000,0.0,0.0
2023-02-22 00:00:00-05:00,215.47000122070312,217.5500030517578,214.07000732421875,215.5500030517578,365000,0.0,0.0
2023-02-23 00:00:00-05:00,207.8000030517578,210.72000122070312,193.61000061035156,210.05999755859375,1144500,0.0,0.0
2023-02-24 00:00:00-05:00,205.99000549316406,207.00999450683594,202.27000427246094,203.99000549316406,464700,0.0,0.0
2023-02-27 00:00:00-05:00,204.99000549316406,210.16000366210938,204.42999267578125,205.6199951171875,444400,0.0,0.0
2023-02-28 00:00:00-05:00,204.74000549316406,209.64999389648438,204.52999877929688,207.41000366210938,336400,0.0,0.0
2023-03-01 00:00:00-05:00,206.8800048828125,210.27000427246094,206.25999450683594,208.7100067138672,342500,0.0,0.0
2023-03-02 00:00:00-05:00,206.49000549316406,211.49000549316406,205.6199951171875,210.77000427246094,310400,0.0,0.0
2023-03-03 00:00:00-05:00,212.0,216.6199951171875,211.5,213.3699951171875,315600,0.0,0.0
2023-03-06 00:00:00-05:00,214.4499969482422,215.50999450683594,212.0500030517578,212.3000030517578,151700,0.0,0.0
2023-03-07 00:00:00-05:00,212.3000030517578,214.1300048828125,209.3800048828125,210.0,164200,0.0,0.0
2023-03-08 00:00:00-05:00,212.42999267578125,213.75999450683594,210.5500030517578,212.38999938964844,279900,0.0,0.0
2023-03-09 00:00:00-05:00,215.0,215.0,210.02999877929688,210.3800048828125,347300,0.0,0.0
2023-03-10 00:00:00-05:00,210.97999572753906,211.89999389648438,204.19000244140625,204.50999450683594,544600,0.0,0.0
2023-03-13 00:00:00-04:00,202.19000244140625,205.0,201.2899932861328,202.49000549316406,900300,0.0,0.0
2023-03-14 00:00:00-04:00,203.83999633789062,207.0800018310547,203.83999633789062,206.7899932861328,544300,0.0,0.0
2023-03-15 00:00:00-04:00,204.9499969482422,206.63999938964844,203.97999572753906,205.4499969482422,221100,0.0,0.0
2023-03-16 00:00:00-04:00,205.1699981689453,211.80999755859375,204.75999450683594,211.5399932861328,199800,0.0,0.0
2023-03-17 00:00:00-04:00,211.99000549316406,213.50999450683594,211.11000061035156,212.7100067138672,244000,0.0,0.0
2023-03-20 00:00:00-04:00,213.6999969482422,213.8000030517578,209.61000061035156,210.61000061035156,245000,0.0,0.0
2023-03-21 00:00:00-04:00,211.38999938964844,213.07000732421875,210.02999877929688,210.41000366210938,289300,0.0,0.0
2023-03-22 00:00:00-04:00,211.17999267578125,212.9199981689453,207.19000244140625,207.27999877929688,326300,0.0,0.0
2023-03-23 00:00:00-04:00,209.07000732421875,213.07000732421875,208.9600067138672,211.07000732421875,349400,0.0,0.0
2023-03-24 00:00:00-04:00,209.25,210.66000366210938,207.33999633789062,210.07000732421875,150400,0.0,0.0
2023-03-27 00:00:00-04:00,212.60000610351562,212.69000244140625,208.32000732421875,211.0,236300,0.0,0.0
2023-03-28 00:00:00-04:00,210.1699981689453,211.2899932861328,207.8000030517578,209.2100067138672,226100,0.0,0.0
2023-03-29 00:00:00-04:00,211.52000427246094,220.17999267578125,210.99000549316406,220.0399932861328,279600,0.0,0.0
2023-03-30 00:00:00-04:00,222.25,225.10000610351562,221.2100067138672,224.39999389648438,255800,0.0,0.0
2023-03-31 00:00:00-04:00,225.6300048828125,228.9499969482422,224.8000030517578,228.88999938964844,231400,0.0,0.0
2023-04-03 00:00:00-04:00,226.5399932861328,226.75999450683594,222.77000427246094,224.89999389648438,301300,0.0,0.0
2023-04-04 00:00:00-04:00,225.3000030517578,229.8699951171875,225.14999389648438,228.0399932861328,206300,0.0,0.0
2023-04-05 00:00:00-04:00,228.0500030517578,228.1300048828125,222.11000061035156,222.82000732421875,172800,0.0,0.0
2023-04-06 00:00:00-04:00,222.5,225.77000427246094,221.14999389648438,225.39999389648438,128600,0.0,0.0
2023-04-10 00:00:00-04:00,222.44000244140625,224.91000366210938,221.92999267578125,224.91000366210938,109800,0.0,0.0
2023-04-11 00:00:00-04:00,223.1999969482422,224.75,220.77999877929688,222.64999389648438,107800,0.0,0.0
2023-04-12 00:00:00-04:00,224.88999938964844,226.9199981689453,223.8000030517578,224.0500030517578,218900,0.0,0.0
2023-04-13 00:00:00-04:00,225.72000122070312,228.97999572753906,225.57000732421875,228.94000244140625,144000,0.0,0.0
2023-04-14 00:00:00-04:00,227.1999969482422,229.41000366210938,225.47999572753906,227.30999755859375,109100,0.0,0.0
2023-04-17 00:00:00-04:00,226.5,226.85000610351562,222.67999267578125,223.9499969482422,167100,0.0,0.0
2023-04-18 00:00:00-04:00,224.6699981689453,224.89999389648438,217.4600067138672,218.4499969482422,301200,0.0,0.0
2023-04-19 00:00:00-04:00,217.38999938964844,217.38999938964844,210.25999450683594,210.72000122070312,345100,0.0,0.0
2023-04-20 00:00:00-04:00,209.02000427246094,212.39999389648438,208.19000244140625,208.33999633789062,218900,0.0,0.0
2023-04-21 00:00:00-04:00,208.00999450683594,210.13999938964844,208.0,209.0,118700,0.0,0.0
2023-04-24 00:00:00-04:00,208.72000122070312,209.39999389648438,205.99000549316406,207.0,183000,0.0,0.0
2023-04-25 00:00:00-04:00,206.1699981689453,206.1699981689453,198.61000061035156,198.99000549316406,271300,0.0,0.0
2023-04-26 00:00:00-04:00,201.57000732421875,201.6999969482422,198.47000122070312,199.85000610351562,178700,0.0,0.0
2023-04-27 00:00:00-04:00,205.6999969482422,205.75999450683594,202.2100067138672,202.92999267578125,189300,0.0,0.0
2023-04-28 00:00:00-04:00,202.5399932861328,204.2899932861328,200.05999755859375,204.00999450683594,217400,0.0,0.0
2023-05-01 00:00:00-04:00,203.63999938964844,205.10000610351562,200.16000366210938,204.64999389648438,215300,0.0,0.0
2023-05-02 00:00:00-04:00,205.5,206.32000732421875,197.57000732421875,198.1199951171875,303200,0.0,0.0
2023-05-03 00:00:00-04:00,198.83999633789062,198.83999633789062,186.35000610351562,190.2899932861328,689400,0.0,0.0
2023-05-04 00:00:00-04:00,192.89999389648438,195.52999877929688,190.38999938964844,190.92999267578125,467100,0.0,0.0
2023-05-05 00:00:00-04:00,192.0,192.8800048828125,184.16000366210938,187.22999572753906,901700,0.0,0.0
2023-05-08 00:00:00-04:00,192.1999969482422,194.0500030517578,187.8300018310547,188.52000427246094,1180700,0.0,0.0
2023-05-09 00:00:00-04:00,186.0800018310547,189.64999389648438,184.55999755859375,188.5399932861328,1120700,0.0,0.0
2023-05-10 00:00:00-04:00,191.64999389648438,192.86000061035156,187.50999450683594,190.7100067138672,842200,0.0,0.0
2023-05-11 00:00:00-04:00,199.60000610351562,199.99000549316406,178.6300048828125,180.0800018310547,1623800,0.0,0.0
2023-05-12 00:00:00-04:00,179.22999572753906,180.17999267578125,174.49000549316406,180.0500030517578,939200,0.0,0.0
2023-05-15 00:00:00-04:00,181.32000732421875,186.5500030517578,181.32000732421875,185.8300018310547,721700,0.0,0.0
2023-05-16 00:00:00-04:00,185.36000061035156,187.50999450683594,181.8800048828125,184.1699981689453,513900,0.0,0.0
2023-05-17 00:00:00-04:00,186.02000427246094,188.27999877929688,185.25999450683594,187.9600067138672,447400,0.0,0.0
2023-05-18 00:00:00-04:00,188.5500030517578,190.99000549316406,188.42999267578125,190.2899932861328,358200,0.0,0.0
2023-05-19 00:00:00-04:00,190.2899932861328,194.72000122070312,188.85000610351562,191.22999572753906,459300,0.0,0.0
2023-05-22 00:00:00-04:00,191.2100067138672,195.58999633789062,191.1699981689453,194.52000427246094,268500,0.0,0.0
2023-05-23 00:00:00-04:00,194.52000427246094,195.0,189.11000061035156,190.30999755859375,272700,0.0,0.0
2023-05-24 00:00:00-04:00,189.72999572753906,191.25999450683594,187.41000366210938,187.99000549316406,286700,0.0,0.0
2023-05-25 00:00:00-04:00,189.89999389648438,191.1300048828125,182.91000366210938,184.4499969482422,797100,0.0,0.0
2023-05-26 00:00:00-04:00,184.7100067138672,188.42999267578125,184.7100067138672,188.19000244140625,254900,0.0,0.0
2023-05-30 00:00:00-04:00,191.55999755859375,196.9199981689453,190.67999267578125,196.57000732421875,635900,0.0,0.0
2023-05-31 00:00:00-04:00,197.72999572753906,206.08999633789062,197.5500030517578,205.94000244140625,839100,0.0,0.0
2023-06-01 00:00:00-04:00,206.0,211.5500030517578,205.05999755859375,205.1699981689453,499600,0.0,0.0
2023-06-02 00:00:00-04:00,207.30999755859375,208.82000732421875,202.85000610351562,206.58999633789062,362800,0.0,0.0
2023-06-05 00:00:00-04:00,207.1199951171875,217.97000122070312,206.67999267578125,215.52999877929688,637500,0.0,0.0
2023-06-06 00:00:00-04:00,215.3000030517578,216.10000610351562,212.42999267578125,213.7100067138672,395300,0.0,0.0
2023-06-07 00:00:00-04:00,214.75,218.0,210.2100067138672,213.44000244140625,530500,0.0,0.0
2023-06-08 00:00:00-04:00,214.10000610351562,217.89999389648438,213.05999755859375,214.8699951171875,344900,0.0,0.0
2023-06-09 00:00:00-04:00,219.0399932861328,219.0399932861328,215.30999755859375,215.9199981689453,212400,0.0,0.0
2023-06-12 00:00:00-04:00,216.74000549316406,225.00999450683594,214.99000549316406,224.00999450683594,412100,0.0,0.0
2023-06-13 00:00:00-04:00,227.4600067138672,231.5399932861328,226.08999633789062,230.0500030517578,463400,0.0,0.0
2023-06-14 00:00:00-04:00,228.41000366210938,229.6999969482422,225.47000122070312,227.61000061035156,441100,0.0,0.0
2023-06-15 00:00:00-04:00,226.89999389648438,229.35000610351562,226.6999969482422,228.6199951171875,311500,0.0,0.0
2023-06-16 00:00:00-04:00,229.58999633789062,229.58999633789062,223.13999938964844,223.60000610351562,342000,0.0,0.0
2023-06-20 00:00:00-04:00,221.05999755859375,223.4600067138672,215.36000061035156,215.8000030517578,564400,0.0,0.0
2023-06-21 00:00:00-04:00,212.44000244140625,212.52000427246094,207.1199951171875,209.2100067138672,604800,0.0,0.0
2023-06-22 00:00:00-04:00,208.49000549316406,211.5800018310547,207.52000427246094,210.41000366210938,260900,0.0,0.0
2023-06-23 00:00:00-04:00,206.8800048828125,209.66000366210938,206.7100067138672,209.0,221600,0.0,0.0
2023-06-26 00:00:00-04:00,208.64999389648438,209.99000549316406,202.3000030517578,202.47999572753906,289400,0.0,0.0
2023-06-27 00:00:00-04:00,203.25,206.60000610351562,200.55999755859375,205.69000244140625,346100,0.0,0.0
2023-06-28 00:00:00-04:00,203.41000366210938,208.5,203.0,206.11000061035156,333900,0.0,0.0
2023-06-29 00:00:00-04:00,204.11000061035156,205.9199981689453,203.47000122070312,204.89999389648438,188300,0.0,0.0
2023-06-30 00:00:00-04:00,206.85000610351562,211.27999877929688,206.5,206.5,228900,0.0,0.0
2023-07-03 00:00:00-04:00,203.35000610351562,203.55999755859375,200.94000244140625,202.00999450683594,177900,0.0,0.0
2023-07-05 00:00:00-04:00,201.0,203.1300048828125,200.05999755859375,202.02999877929688,269900,0.0,0.0
2023-07-06 00:00:00-04:00,199.85000610351562,200.3300018310547,195.91000366210938,200.05999755859375,247500,0.0,0.0
2023-07-07 00:00:00-04:00,199.8000030517578,201.60000610351562,198.32000732421875,198.6699981689453,197700,0.0,0.0
2023-07-10 00:00:00-04:00,198.66000366210938,202.91000366210938,197.94000244140625,202.11000061035156,263900,0.0,0.0
2023-07-11 00:00:00-04:00,202.25,204.22000122070312,201.77000427246094,204.0,162300,0.0,0.0
2023-07-12 00:00:00-04:00,206.89999389648438,206.89999389648438,202.5399932861328,206.27999877929688,289900,0.0,0.0
2023-07-13 00:00:00-04:00,208.27999877929688,209.8000030517578,207.2899932861328,209.1199951171875,142600,0.0,0.0
2023-07-14 00:00:00-04:00,209.10000610351562,211.10000610351562,205.35000610351562,205.9600067138672,120000,0.0,0.0
2023-07-17 00:00:00-04:00,207.32000732421875,211.5800018310547,206.77000427246094,210.89999389648438,274900,0.0,0.0
2023-07-18 00:00:00-04:00,212.3000030517578,218.9199981689453,211.4199981689453,217.02999877929688,471100,0.0,0.0
2023-07-19 00:00:00-04:00,221.77000427246094,225.3699951171875,220.6999969482422,223.0,428100,0.0,0.0
2023-07-20 00:00:00-04:00,222.5,224.1699981689453,212.9199981689453,213.30999755859375,216500,0.0,0.0
2023-07-21 00:00:00-04:00,215.14999389648438,217.2899932861328,213.7100067138672,215.72999572753906,334800,0.0,0.0
2023-07-24 00:00:00-04:00,216.05999755859375,216.17999267578125,211.9600067138672,213.2899932861328,231200,0.0,0.0
2023-07-25 00:00:00-04:00,211.27000427246094,213.9600067138672,210.85000610351562,212.57000732421875,170700,0.0,0.0
2023-07-26 00:00:00-04:00,214.8000030517578,220.0,213.3300018310547,218.4499969482422,203800,0.0,0.0
2023-07-27 00:00:00-04:00,222.0,223.38999938964844,214.9600067138672,215.17999267578125,142200,0.0,0.0
2023-07-28 00:00:00-04:00,215.5800018310547,217.36000061035156,215.0800018310547,216.0,269100,0.0,0.0
2023-07-31 00:00:00-04:00,216.99000549316406,218.1300048828125,215.0500030517578,217.85000610351562,616400,0.0,0.0
2023-08-01 00:00:00-04:00,217.6999969482422,218.27000427246094,215.52999877929688,216.3000030517578,269900,0.0,0.0
2023-08-02 00:00:00-04:00,214.14999389648438,214.52000427246094,207.25,208.82000732421875,358600,0.0,0.0
2023-08-03 00:00:00-04:00,207.7100067138672,212.7899932861328,207.7100067138672,212.61000061035156,242700,0.0,0.0
2023-08-04 00:00:00-04:00,213.52999877929688,214.52000427246094,208.74000549316406,210.97999572753906,146900,0.0,0.0
2023-08-07 00:00:00-04:00,212.10000610351562,220.16000366210938,210.30999755859375,219.94000244140625,410800,0.0,0.0
2023-08-08 00:00:00-04:00,218.14999389648438,220.97000122070312,208.83999633789062,215.69000244140625,881100,0.0,0.0
2023-08-09 00:00:00-04:00,218.1300048828125,223.17999267578125,215.1999969482422,221.0399932861328,432000,0.0,0.0
2023-08-10 00:00:00-04:00,222.22000122070312,224.6300048828125,220.00999450683594,222.6300048828125,418700,0.0,0.0
2023-08-11 00:00:00-04:00,221.5,222.25,217.7100067138672,218.1999969482422,171800,0.0,0.0
2023-08-14 00:00:00-04:00,214.3000030517578,219.1699981689453,213.8699951171875,217.63999938964844,209600,0.0,0.0
2023-08-15 00:00:00-04:00,217.33999633789062,219.30999755859375,214.47000122070312,214.75999450683594,302300,0.0,0.0
2023-08-16 00:00:00-04:00,213.72999572753906,215.44000244140625,209.58999633789062,211.49000549316406,380000,0.0,0.0
2023-08-17 00:00:00-04:00,202.25,202.2899932861328,188.2899932861328,195.32000732421875,1625700,0.0,0.0
2023-08-18 00:00:00-04:00,192.39999389648438,196.55999755859375,191.47000122070312,194.8800048828125,358900,0.0,0.0
2023-08-21 00:00:00-04:00,195.92999267578125,197.83999633789062,192.9199981689453,195.64999389648438,446500,0.0,0.0
2023-08-22 00:00:00-04:00,197.6699981689453,200.60000610351562,197.3000030517578,199.1699981689453,394100,0.0,0.0
2023-08-23 00:00:00-04:00,200.57000732421875,201.5,198.97000122070312,200.24000549316406,154600,0.0,0.0
2023-08-24 00:00:00-04:00,200.38999938964844,200.69000244140625,196.74000549316406,198.35000610351562,261700,0.0,0.0
2023-08-25 00:00:00-04:00,198.8699951171875,199.2100067138672,194.4199981689453,196.82000732421875,255000,0.0,0.0
2023-08-28 00:00:00-04:00,198.30999755859375,198.60000610351562,194.61000061035156,195.2899932861328,205700,0.0,0.0
2023-08-29 00:00:00-04:00,194.02999877929688,197.55999755859375,193.6199951171875,194.44000244140625,336800,0.0,0.0
2023-08-30 00:00:00-04:00,194.33999633789062,197.7100067138672,194.22999572753906,195.61000061035156,209300,0.0,0.0
2023-08-31 00:00:00-04:00,195.2899932861328,198.86000061035156,194.27999877929688,194.8000030517578,221200,0.0,0.0
2023-09-01 00:00:00-04:00,194.85000610351562,197.35000610351562,194.35000610351562,195.69000244140625,252000,0.0,0.0
2023-09-05 00:00:00-04:00,195.77000427246094,195.8800048828125,193.4199981689453,194.80999755859375,203600,0.0,0.0
2023-09-06 00:00:00-04:00,196.39999389648438,196.42999267578125,190.00999450683594,191.49000549316406,478000,0.0,0.0
2023-09-07 00:00:00-04:00,190.82000732421875,191.7899932861328,187.8800048828125,190.07000732421875,368100,0.0,0.0
2023-09-08 00:00:00-04:00,187.75999450683594,189.66000366210938,185.36000061035156,187.44000244140625,400200,0.0,0.0
2023-09-11 00:00:00-04:00,188.86000061035156,189.11000061035156,185.02999877929688,187.10000610351562,272400,0.0,0.0
2023-09-12 00:00:00-04:00,186.39999389648438,186.4499969482422,182.2899932861328,182.9199981689453,474300,0.0,0.0
2023-09-13 00:00:00-04:00,182.35000610351562,182.77000427246094,176.3000030517578,177.38999938964844,834300,0.0,0.0
2023-09-14 00:00:00-04:00,174.4499969482422,179.3699951171875,173.0500030517578,179.0800018310547,760400,0.0,0.0
2023-09-15 00:00:00-04:00,177.8300018310547,179.00999450683594,173.9600067138672,176.4600067138672,534600,0.0,0.0
2023-09-18 00:00:00-04:00,179.47000122070312,180.3800048828125,177.74000549316406,177.8800048828125,355600,0.0,0.0
2023-09-19 00:00:00-04:00,177.60000610351562,178.02999877929688,175.67999267578125,177.7899932861328,489500,0.0,0.0
2023-09-20 00:00:00-04:00,178.25,178.8699951171875,175.75,175.8699951171875,232400,0.0,0.0
2023-09-21 00:00:00-04:00,174.1300048828125,174.3300018310547,172.02000427246094,172.1699981689453,311900,0.0,0.0
2023-09-22 00:00:00-04:00,173.83999633789062,174.52999877929688,171.7899932861328,171.88999938964844,184200,0.0,0.0
2023-09-25 00:00:00-04:00,171.33999633789062,172.1699981689453,170.42999267578125,171.32000732421875,166500,0.0,0.0
2023-09-26 00:00:00-04:00,171.30999755859375,171.86000061035156,166.3000030517578,166.63999938964844,317900,0.0,0.0
2023-09-27 00:00:00-04:00,168.75,168.91000366210938,165.74000549316406,167.60000610351562,959700,0.0,0.0
2023-09-28 00:00:00-04:00,167.63999938964844,170.72000122070312,166.88999938964844,167.8000030517578,282700,0.0,0.0
2023-09-29 00:00:00-04:00,167.44000244140625,170.5500030517578,167.44000244140625,170.0,482900,0.0,0.0
2023-10-02 00:00:00-04:00,170.5500030517578,173.1199951171875,170.0,172.75,577400,0.0,0.0
2023-10-03 00:00:00-04:00,173.25,174.17999267578125,168.42999267578125,168.72000122070312,451800,0.0,0.0
2023-10-04 00:00:00-04:00,170.00999450683594,170.8000030517578,165.72000122070312,169.97000122070312,394900,0.0,0.0
2023-10-05 00:00:00-04:00,170.8000030517578,170.8000030517578,166.0800018310547,167.08999633789062,297600,0.0,0.0
2023-10-06 00:00:00-04:00,165.4600067138672,170.35000610351562,165.4600067138672,169.91000366210938,1440000,0.0,0.0
2023-10-09 00:00:00-04:00,167.77000427246094,169.16000366210938,162.36000061035156,163.63999938964844,656500,0.0,0.0
2023-10-10 00:00:00-04:00,160.50999450683594,165.52000427246094,160.1999969482422,163.39999389648438,1263500,0.0,0.0
2023-10-11 00:00:00-04:00,163.2899932861328,165.13999938964844,158.2899932861328,163.83999633789062,571600,0.0,0.0
2023-10-12 00:00:00-04:00,161.85000610351562,164.99000549316406,159.9499969482422,164.39999389648438,458700,0.0,0.0
2023-10-13 00:00:00-04:00,163.44000244140625,163.61000061035156,158.44000244140625,158.6999969482422,1114800,0.0,0.0
2023-10-16 00:00:00-04:00,160.22000122070312,168.25,159.22999572753906,166.0,864200,0.0,0.0
2023-10-17 00:00:00-04:00,164.32000732421875,167.88999938964844,163.55999755859375,165.52999877929688,565700,0.0,0.0
2023-10-18 00:00:00-04:00,164.22999572753906,164.61000061035156,159.75,159.8300018310547,483400,0.0,0.0
2023-10-19 00:00:00-04:00,159.6199951171875,160.92999267578125,157.25,158.24000549316406,532200,0.0,0.0
2023-10-20 00:00:00-04:00,157.7100067138672,158.8800048828125,155.16000366210938,156.3000030517578,326900,0.0,0.0
2023-10-23 00:00:00-04:00,154.3000030517578,157.3000030517578,153.67999267578125,155.30999755859375,356000,0.0,0.0
2023-10-24 00:00:00-04:00,155.4499969482422,160.22999572753906,155.4499969482422,158.69000244140625,418300,0.0,0.0
2023-10-25 00:00:00-04:00,156.39999389648438,159.0399932861328,155.36000061035156,156.47999572753906,365900,0.0,0.0
2023-10-26 00:00:00-04:00,155.10000610351562,157.3800048828125,150.47000122070312,152.5500030517578,852900,0.0,0.0
2023-10-27 00:00:00-04:00,153.88999938964844,156.64999389648438,151.83999633789062,152.1300048828125,392900,0.0,0.0
2023-10-30 00:00:00-04:00,152.3300018310547,152.97000122070312,150.17999267578125,151.8300018310547,302700,0.0,0.0
2023-10-31 00:00:00-04:00,151.63999938964844,156.7100067138672,151.6199951171875,154.35000610351562,587500,0.0,0.0
2023-11-01 00:00:00-04:00,155.69000244140625,155.97999572753906,149.5399932861328,152.11000061035156,474100,0.0,0.0
2023-11-02 00:00:00-04:00,153.55999755859375,160.0,153.55999755859375,158.32000732421875,579400,0.0,0.0
2023-11-03 00:00:00-04:00,159.47999572753906,169.27000427246094,158.6999969482422,168.0500030517578,909200,0.0,0.0
2023-11-06 00:00:00-05:00,168.07000732421875,168.60000610351562,166.75,168.10000610351562,450500,0.0,0.0
2023-11-07 00:00:00-05:00,168.49000549316406,174.00999450683594,167.52999877929688,169.55999755859375,607500,0.0,0.0
2023-11-08 00:00:00-05:00,169.33999633789062,172.1999969482422,168.58999633789062,169.75,442000,0.0,0.0
2023-11-09 00:00:00-05:00,169.32000732421875,169.47000122070312,166.05999755859375,166.35000610351562,427200,0.0,0.0
2023-11-10 00:00:00-05:00,166.24000549316406,170.6699981689453,164.7899932861328,170.05999755859375,336100,0.0,0.0
2023-11-13 00:00:00-05:00,168.22000122070312,172.11000061035156,168.22000122070312,172.00999450683594,742100,0.0,0.0
2023-11-14 00:00:00-05:00,175.0,179.74000549316406,175.0,178.89999389648438,660100,0.0,0.0
2023-11-15 00:00:00-05:00,178.88999938964844,180.69000244140625,177.6199951171875,179.08999633789062,1240100,0.0,0.0
2023-11-16 00:00:00-05:00,194.82000732421875,200.36000061035156,186.6199951171875,195.14999389648438,1957100,0.0,0.0
2023-11-17 00:00:00-05:00,194.0,199.2899932861328,193.25,194.52000427246094,1077000,0.0,0.0
2023-11-20 00:00:00-05:00,193.97999572753906,196.5,192.69000244140625,195.14999389648438,1334800,0.0,0.0
2023-11-21 00:00:00-05:00,195.10000610351562,196.0,190.9199981689453,194.32000732421875,341800,0.0,0.0
2023-11-22 00:00:00-05:00,197.0800018310547,198.3000030517578,194.3699951171875,194.4499969482422,415600,0.0,0.0
2023-11-24 00:00:00-05:00,193.8000030517578,194.8800048828125,192.13999938964844,193.22999572753906,191600,0.0,0.0
2023-11-27 00:00:00-05:00,194.44000244140625,195.5500030517578,193.30999755859375,194.32000732421875,342600,0.0,0.0
2023-11-28 00:00:00-05:00,193.83999633789062,196.27000427246094,192.77999877929688,194.4199981689453,462300,0.0,0.0
2023-11-29 00:00:00-05:00,195.10000610351562,196.6699981689453,192.97999572753906,193.77999877929688,380900,0.0,0.0
2023-11-30 00:00:00-05:00,193.4199981689453,193.75,189.3000030517578,189.75,527500,0.0,0.0
2023-12-01 00:00:00-05:00,189.6999969482422,190.0,184.75,188.49000549316406,574300,0.0,0.0
2023-12-04 00:00:00-05:00,189.63999938964844,195.4499969482422,188.5800018310547,193.7899932861328,542000,0.0,0.0
2023-12-05 00:00:00-05:00,194.50999450683594,200.22000122070312,191.47999572753906,199.60000610351562,592900,0.0,0.0
2023-12-06 00:00:00-05:00,200.7899932861328,204.0,198.5500030517578,198.57000732421875,520000,0.0,0.0
2023-12-07 00:00:00-05:00,199.4499969482422,201.19000244140625,196.67999267578125,201.0399932861328,312100,0.0,0.0
2023-12-08 00:00:00-05:00,199.25999450683594,203.61000061035156,199.1199951171875,203.1999969482422,302900,0.0,0.0
2023-12-11 00:00:00-05:00,201.5,206.0,201.13999938964844,201.1699981689453,317800,0.0,0.0
2023-12-12 00:00:00-05:00,201.1699981689453,202.50999450683594,198.7100067138672,199.05999755859375,280800,0.0,0.0
2023-12-13 00:00:00-05:00,198.92999267578125,200.72999572753906,195.5500030517578,200.63999938964844,414400,0.0,0.0
2023-12-14 00:00:00-05:00,202.36000061035156,205.75999450683594,200.0,200.02000427246094,465800,0.0,0.0
2023-12-15 00:00:00-05:00,202.9499969482422,204.91000366210938,197.64999389648438,199.1999969482422,337400,0.0,0.0
2023-12-18 00:00:00-05:00,200.07000732421875,201.02000427246094,198.75999450683594,200.25,473600,0.0,0.0
2023-12-19 00:00:00-05:00,200.32000732421875,202.27000427246094,198.58999633789062,201.7100067138672,293100,0.0,0.0
2023-12-20 00:00:00-05:00,201.74000549316406,204.5,197.9499969482422,198.0,323500,0.0,0.0
2023-12-21 00:00:00-05:00,200.67999267578125,201.57000732421875,198.5800018310547,201.05999755859375,215100,0.0,0.0
2023-12-22 00:00:00-05:00,199.88999938964844,201.6699981689453,199.22000122070312,200.6699981689453,226600,0.0,0.0
2023-12-26 00:00:00-05:00,201.7100067138672,202.64999389648438,200.8300018310547,202.49000549316406,146100,0.0,0.0
2023-12-27 00:00:00-05:00,202.5800018310547,204.14999389648438,202.0,202.47999572753906,198900,0.0,0.0
2023-12-28 00:00:00-05:00,202.47999572753906,202.55999755859375,200.77000427246094,201.1999969482422,172400,0.0,0.0
2023-12-29 00:00:00-05:00,200.52000427246094,202.1199951171875,198.57000732421875,199.50999450683594,202000,0.0,0.0
2024-01-02 00:00:00-05:00,198.77000427246094,198.77000427246094,191.30999755859375,192.75999450683594,310500,0.0,0.0
2024-01-03 00:00:00-05:00,193.57000732421875,195.0500030517578,191.36000061035156,192.13999938964844,358600,0.0,0.0
2024-01-04 00:00:00-05:00,191.61000061035156,195.08999633789062,191.47000122070312,194.25,253100,0.0,0.0
2024-01-05 00:00:00-05:00,194.5,197.97999572753906,193.83999633789062,194.60000610351562,244800,0.0,0.0
2024-01-08 00:00:00-05:00,195.10000610351562,207.13999938964844,195.10000610351562,206.72000122070312,474600,0.0,0.0
2024-01-09 00:00:00-05:00,204.6699981689453,209.10000610351562,204.6699981689453,207.6699981689453,420200,0.0,0.0
2024-01-10 00:00:00-05:00,208.11000061035156,213.1199951171875,208.11000061035156,211.75999450683594,513800,0.0,0.0
2024-01-11 00:00:00-05:00,213.8000030517578,215.47999572753906,211.4499969482422,212.57000732421875,252000,0.0,0.0
2024-01-12 00:00:00-05:00,211.97000122070312,213.32000732421875,206.47999572753906,208.0399932861328,221300,0.0,0.0
2024-01-16 00:00:00-05:00,207.13999938964844,208.5399932861328,205.05999755859375,205.7100067138672,266900,0.0,0.0
2024-01-17 00:00:00-05:00,203.52999877929688,204.97000122070312,201.6300048828125,204.6300048828125,422100,0.0,0.0
2024-01-18 00:00:00-05:00,206.9600067138672,208.25999450683594,202.97999572753906,203.14999389648438,283500,0.0,0.0
2024-01-19 00:00:00-05:00,204.3300018310547,212.5399932861328,203.42999267578125,212.22000122070312,343400,0.0,0.0
2024-01-22 00:00:00-05:00,211.64999389648438,216.55999755859375,211.61000061035156,213.5800018310547,335500,0.0,0.0
2024-01-23 00:00:00-05:00,213.91000366210938,218.32000732421875,212.8699951171875,216.5,336600,0.0,0.0
2024-01-24 00:00:00-05:00,217.6999969482422,218.5399932861328,216.3000030517578,216.80999755859375,381500,0.0,0.0
2024-01-25 00:00:00-05:00,218.1199951171875,220.44000244140625,217.52000427246094,217.86000061035156,436700,0.0,0.0
2024-01-26 00:00:00-05:00,217.6199951171875,218.80999755859375,213.5500030517578,214.0,172500,0.0,0.0
2024-01-29 00:00:00-05:00,213.00999450683594,215.5,212.3000030517578,215.38999938964844,238200,0.0,0.0
2024-01-30 00:00:00-05:00,216.49000549316406,216.6699981689453,213.0500030517578,213.38999938964844,201100,0.0,0.0
2024-01-31 00:00:00-05:00,211.0,212.22000122070312,205.74000549316406,208.10000610351562,387600,0.0,0.0
2024-02-01 00:00:00-05:00,207.0399932861328,212.66000366210938,206.32000732421875,211.7100067138672,411500,0.0,0.0
2024-02-02 00:00:00-05:00,210.30999755859375,216.8000030517578,209.38999938964844,213.82000732421875,250100,0.0,0.0
2024-02-05 00:00:00-05:00,213.57000732421875,215.0,210.89999389648438,211.36000061035156,204500,0.0,0.0
2024-02-06 00:00:00-05:00,212.9199981689453,214.99000549316406,210.77999877929688,214.99000549316406,225600,0.0,0.0
2024-02-07 00:00:00-05:00,217.3800048828125,219.6300048828125,215.6999969482422,217.13999938964844,214000,0.0,0.0
2024-02-08 00:00:00-05:00,219.30999755859375,219.69000244140625,216.86000061035156,218.3699951171875,179800,0.0,0.0
2024-02-09 00:00:00-05:00,220.50999450683594,221.83999633789062,217.0800018310547,221.10000610351562,218100,0.0,0.0
2024-02-12 00:00:00-05:00,220.83999633789062,222.8300018310547,219.47999572753906,221.3699951171875,196400,0.0,0.0
2024-02-13 00:00:00-05:00,219.33999633789062,222.49000549316406,216.77999877929688,218.0399932861328,428600,0.0,0.0
2024-02-14 00:00:00-05:00,219.07000732421875,225.8300018310547,217.49000549316406,224.6999969482422,361600,0.0,0.0
2024-02-15 00:00:00-05:00,224.6999969482422,226.60000610351562,222.58999633789062,224.52999877929688,374100,0.0,0.0
2024-02-16 00:00:00-05:00,225.5,225.5,221.2899932861328,224.60000610351562,326900,0.0,0.0
2024-02-20 00:00:00-05:00,225.8000030517578,229.61000061035156,223.5500030517578,228.41000366210938,681300,0.0,0.0
2024-02-21 00:00:00-05:00,226.57000732421875,227.1199951171875,223.66000366210938,225.88999938964844,738900,0.0,0.0
2024-02-22 00:00:00-05:00,239.3800048828125,253.0,239.32000732421875,245.5,1503500,0.0,0.0
2024-02-23 00:00:00-05:00,245.9199981689453,247.49000549316406,236.27000427246094,238.1999969482422,709300,0.0,0.0
2024-02-26 00:00:00-05:00,237.17999267578125,246.47000122070312,237.0,243.42999267578125,643600,0.0,0.0
2024-02-27 00:00:00-05:00,247.32000732421875,249.3800048828125,241.2100067138672,248.88999938964844,424700,0.0,0.0
2024-02-28 00:00:00-05:00,246.72000122070312,247.10000610351562,242.30999755859375,245.25999450683594,483100,0.0,0.0
2024-02-29 00:00:00-05:00,246.50999450683594,247.91000366210938,242.77999877929688,245.14999389648438,430300,0.0,0.0
2024-03-01 00:00:00-05:00,246.10000610351562,249.5800018310547,245.1999969482422,248.75,314800,0.0,0.0
2024-03-04 00:00:00-05:00,250.0,250.1999969482422,245.8300018310547,245.97999572753906,204900,0.0,0.0
2024-03-05 00:00:00-05:00,242.83999633789062,242.83999633789062,237.11000061035156,239.00999450683594,363300,0.0,0.0
2024-03-06 00:00:00-05:00,241.14999389648438,242.50999450683594,236.8300018310547,237.0500030517578,237800,0.0,0.0
2024-03-07 00:00:00-05:00,237.97000122070312,239.52000427246094,235.6999969482422,238.97000122070312,217400,0.0,0.0
2024-03-08 00:00:00-05:00,238.66000366210938,240.0,235.00999450683594,239.02999877929688,415300,0.0,0.0
2024-03-11 00:00:00-04:00,236.6999969482422,241.24000549316406,236.6999969482422,238.77000427246094,332900,0.0,0.0
2024-03-12 00:00:00-04:00,239.97999572753906,242.60000610351562,238.42999267578125,241.0399932861328,233900,0.0,0.0
2024-03-13 00:00:00-04:00,244.0,244.17999267578125,240.57000732421875,240.61000061035156,266900,0.0,0.0
2024-03-14 00:00:00-04:00,240.64999389648438,242.10000610351562,239.39999389648438,240.52999877929688,238500,0.0,0.0
2024-03-15 00:00:00-04:00,238.14999389648438,240.0,237.02999877929688,237.8000030517578,412200,0.0,0.0
2024-03-18 00:00:00-04:00,239.85000610351562,240.39999389648438,237.97999572753906,238.83999633789062,295100,0.0,0.0
2024-03-19 00:00:00-04:00,238.57000732421875,247.0,237.8300018310547,244.9199981689453,350700,0.0,0.0
2024-03-20 00:00:00-04:00,245.44000244140625,248.99000549316406,243.9199981689453,248.4600067138672,141700,0.0,0.0
2024-03-21 00:00:00-04:00,251.63999938964844,257.3699951171875,250.8300018310547,256.3999938964844,567700,0.0,0.0
2024-03-22 00:00:00-04:00,259.9599914550781,262.19000244140625,257.67999267578125,261.2099914550781,473300,0.0,0.0
2024-03-25 00:00:00-04:00,261.3999938964844,270.7300109863281,260.04998779296875,260.29998779296875,949000,0.0,0.0
2024-03-26 00:00:00-04:00,263.04998779296875,265.94000244140625,261.0199890136719,261.57000732421875,379100,0.0,0.0
2024-03-27 00:00:00-04:00,262.3599853515625,262.55999755859375,255.24000549316406,255.58999633789062,355900,0.0,0.0
2024-03-28 00:00:00-04:00,256.0899963378906,261.80999755859375,256.0899963378906,260.6199951171875,276400,0.0,0.0
2024-04-01 00:00:00-04:00,260.0199890136719,260.6199951171875,254.07000732421875,254.61000061035156,346800,0.0,0.0
2024-04-02 00:00:00-04:00,252.0,253.02000427246094,248.7100067138672,251.5800018310547,367800,0.0,0.0
2024-04-03 00:00:00-04:00,250.0,252.97999572753906,249.0,251.83999633789062,237200,0.0,0.0
2024-04-04 00:00:00-04:00,251.55999755859375,256.4200134277344,249.77000427246094,249.97000122070312,188800,0.0,0.0
2024-04-05 00:00:00-04:00,249.75999450683594,250.57000732421875,244.0,244.11000061035156,342400,0.0,0.0
2024-04-08 00:00:00-04:00,244.89999389648438,245.19000244140625,241.9499969482422,242.0500030517578,272800,0.0,0.0
2024-04-09 00:00:00-04:00,243.5500030517578,244.8000030517578,242.52999877929688,243.58999633789062,175500,0.0,0.0
2024-04-10 00:00:00-04:00,241.02000427246094,243.44000244140625,240.00999450683594,242.67999267578125,235400,0.0,0.0
2024-04-11 00:00:00-04:00,242.9199981689453,243.6699981689453,238.3000030517578,240.19000244140625,298000,0.0,0.0
2024-04-12 00:00:00-04:00,236.2899932861328,238.1300048828125,231.60000610351562,231.97999572753906,503100,0.0,0.0
2024-04-15 00:00:00-04:00,236.47999572753906,236.47999572753906,230.22999572753906,231.57000732421875,284200,0.0,0.0
2024-04-16 00:00:00-04:00,232.72999572753906,232.72999572753906,228.49000549316406,231.4600067138672,254800,0.0,0.0
2024-04-17 00:00:00-04:00,233.3000030517578,233.35000610351562,229.88999938964844,230.5399932861328,179900,0.0,0.0
2024-04-18 00:00:00-04:00,231.47999572753906,235.7100067138672,230.17999267578125,230.9499969482422,262300,0.0,0.0
2024-04-19 00:00:00-04:00,230.0,230.99000549316406,223.5,224.19000244140625,387600,0.0,0.0
2024-04-22 00:00:00-04:00,225.97999572753906,226.77999877929688,222.13999938964844,224.4199981689453,257000,0.0,0.0
2024-04-23 00:00:00-04:00,227.49000549316406,229.05999755859375,225.74000549316406,228.42999267578125,274700,0.0,0.0
2024-04-24 00:00:00-04:00,229.75999450683594,231.6699981689453,228.8699951171875,230.7100067138672,172300,0.0,0.0
2024-04-25 00:00:00-04:00,226.0399932861328,228.38999938964844,225.11000061035156,227.0,239500,0.0,0.0
2024-04-26 00:00:00-04:00,227.30999755859375,229.38999938964844,223.5,225.47999572753906,352300,0.0,0.0
2024-04-29 00:00:00-04:00,226.8000030517578,229.2899932861328,224.5800018310547,225.35000610351562,280500,0.0,0.0
2024-04-30 00:00:00-04:00,224.89999389648438,225.55999755859375,223.0800018310547,223.50999450683594,272300,0.0,0.0
2024-05-01 00:00:00-04:00,223.33999633789062,224.13999938964844,220.61000061035156,220.94000244140625,313600,0.0,0.0
2024-05-02 00:00:00-04:00,221.9199981689453,221.97000122070312,217.5,219.52000427246094,781800,0.0,0.0
2024-05-03 00:00:00-04:00,222.39999389648438,223.82000732421875,219.61000061035156,221.47999572753906,394800,0.0,0.0
2024-05-06 00:00:00-04:00,224.05999755859375,224.08999633789062,221.8699951171875,222.10000610351562,620900,0.0,0.0
2024-05-07 00:00:00-04:00,222.27000427246094,224.3300018310547,222.13999938964844,223.42999267578125,542900,0.0,0.0
2024-05-08 00:00:00-04:00,222.7100067138672,223.32000732421875,221.10000610351562,222.02000427246094,352300,0.0,0.0
2024-05-09 00:00:00-04:00,222.13999938964844,223.6999969482422,221.60000610351562,222.85000610351562,548700,0.0,0.0
2024-05-10 00:00:00-04:00,223.52999877929688,228.41000366210938,223.52999877929688,225.14999389648438,460900,0.0,0.0
2024-05-13 00:00:00-04:00,226.5500030517578,229.3300018310547,225.42999267578125,225.5500030517578,382800,0.0,0.0
2024-05-14 00:00:00-04:00,225.0,226.47999572753906,223.6199951171875,224.0,362400,0.0,0.0
2024-05-15 00:00:00-04:00,226.22000122070312,228.8000030517578,224.6199951171875,228.10000610351562,542100,0.0,0.0
2024-05-16 00:00:00-04:00,211.24000549316406,215.64999389648438,194.36000061035156,198.60000610351562,2728900,0.0,0.0
2024-05-17 00:00:00-04:00,201.0,202.9600067138672,192.02999877929688,193.5500030517578,1389000,0.0,0.0
2024-05-20 00:00:00-04:00,194.0,202.36000061035156,193.3699951171875,200.67999267578125,886400,0.0,0.0
2024-05-21 00:00:00-04:00,202.3300018310547,202.3300018310547,197.61000061035156,199.85000610351562,757500,0.0,0.0
2024-05-22 00:00:00-04:00,199.63999938964844,199.63999938964844,194.61000061035156,196.5800018310547,691700,0.0,0.0
2024-05-23 00:00:00-04:00,196.27999877929688,197.1300048828125,190.0,190.10000610351562,684200,0.0,0.0
2024-05-24 00:00:00-04:00,190.0,191.6699981689453,187.89999389648438,189.66000366210938,389400,0.0,0.0
2024-05-28 00:00:00-04:00,191.22999572753906,195.85000610351562,189.4199981689453,191.3300018310547,461800,0.0,0.0
2024-05-29 00:00:00-04:00,189.94000244140625,191.17999267578125,189.44000244140625,190.30999755859375,311700,0.0,0.0
2024-05-30 00:00:00-04:00,189.5,191.47000122070312,186.27000427246094,186.47999572753906,567600,0.0,0.0
2024-05-31 00:00:00-04:00,187.0500030517578,187.0500030517578,182.10000610351562,183.57000732421875,777600,0.0,0.0
2024-06-03 00:00:00-04:00,184.0,184.07000732421875,177.47999572753906,178.3699951171875,831500,0.0,0.0
2024-06-04 00:00:00-04:00,178.3699951171875,178.52000427246094,170.24000549316406,170.89999389648438,2104200,0.0,0.0
2024-06-05 00:00:00-04:00,163.94000244140625,166.27000427246094,155.22999572753906,161.77999877929688,3101900,0.0,0.0
2024-06-06 00:00:00-04:00,158.35000610351562,170.05999755859375,158.35000610351562,168.82000732421875,1272500,0.0,0.0
2024-06-07 00:00:00-04:00,169.9600067138672,171.3699951171875,167.3699951171875,168.75,912300,0.0,0.0
2024-06-10 00:00:00-04:00,181.3000030517578,181.7100067138672,172.77999877929688,175.0800018310547,1653200,0.0,0.0
2024-06-11 00:00:00-04:00,174.0,175.89999389648438,169.72999572753906,174.94000244140625,971000,0.0,0.0
2024-06-12 00:00:00-04:00,176.25999450683594,177.2899932861328,173.0,174.17999267578125,1023300,0.0,0.0
2024-06-13 00:00:00-04:00,174.27000427246094,174.85000610351562,167.38999938964844,168.14999389648438,616700,0.0,0.0
2024-06-14 00:00:00-04:00,169.0,169.69000244140625,166.1199951171875,167.89999389648438,662500,0.0,0.0
2024-06-17 00:00:00-04:00,167.89999389648438,168.55999755859375,164.5500030517578,167.05999755859375,541000,0.0,0.0
2024-06-18 00:00:00-04:00,167.10000610351562,167.14999389648438,163.8000030517578,166.64999389648438,766700,0.0,0.0
2024-06-20 00:00:00-04:00,165.33999633789062,165.33999633789062,160.74000549316406,164.63999938964844,913900,0.0,0.0
2024-06-21 00:00:00-04:00,165.8000030517578,168.74000549316406,163.47000122070312,164.6699981689453,859600,0.0,0.0
2024-06-24 00:00:00-04:00,163.61000061035156,166.94000244140625,162.1699981689453,162.2899932861328,706300,0.0,0.0
2024-06-25 00:00:00-04:00,162.2899932861328,164.97000122070312,161.0800018310547,162.1999969482422,817500,0.0,0.0
2024-06-26 00:00:00-04:00,162.00999450683594,163.92999267578125,161.3800048828125,162.57000732421875,545400,0.0,0.0
2024-06-27 00:00:00-04:00,162.4199981689453,169.19000244140625,161.25999450683594,168.69000244140625,1078900,0.0,0.0
2024-06-28 00:00:00-04:00,169.75999450683594,172.99000549316406,169.27000427246094,171.97000122070312,530700,0.0,0.0
2024-07-01 00:00:00-04:00,172.6699981689453,173.10000610351562,167.89999389648438,168.60000610351562,413600,0.0,0.0
2024-07-02 00:00:00-04:00,167.7899932861328,169.85000610351562,167.52000427246094,169.5399932861328,348900,0.0,0.0
2024-07-03 00:00:00-04:00,169.08999633789062,171.13999938964844,168.41000366210938,169.88999938964844,228700,0.0,0.0
2024-07-05 00:00:00-04:00,169.89999389648438,172.5800018310547,169.52000427246094,171.19000244140625,424200,0.0,0.0
2024-07-08 00:00:00-04:00,171.5500030517578,173.72000122070312,169.86000061035156,173.72000122070312,427100,0.0,0.0
2024-07-09 00:00:00-04:00,173.9600067138672,175.47000122070312,171.83999633789062,172.72000122070312,593700,0.0,0.0
2024-07-10 00:00:00-04:00,171.35000610351562,171.9199981689453,169.1699981689453,171.55999755859375,489500,0.0,0.0
2024-07-11 00:00:00-04:00,171.77000427246094,175.0,170.50999450683594,170.50999450683594,441700,0.0,0.0
2024-07-12 00:00:00-04:00,172.0,174.92999267578125,170.66000366210938,174.19000244140625,284200,0.0,0.0
2024-07-15 00:00:00-04:00,175.25999450683594,179.89999389648438,174.3800048828125,178.32000732421875,706700,0.0,0.0
2024-07-16 00:00:00-04:00,179.38999938964844,182.64999389648438,177.86000061035156,181.72999572753906,458600,0.0,0.0
2024-07-17 00:00:00-04:00,180.57000732421875,182.8699951171875,177.80999755859375,180.7899932861328,531500,0.0,0.0
2024-07-18 00:00:00-04:00,182.08999633789062,182.6199951171875,177.16000366210938,178.13999938964844,564800,0.0,0.0
2024-07-19 00:00:00-04:00,177.52999877929688,179.07000732421875,175.1300048828125,176.89999389648438,274800,0.0,0.0
2024-07-22 00:00:00-04:00,180.8000030517578,182.57000732421875,179.13999938964844,181.42999267578125,405400,0.0,0.0
2024-07-23 00:00:00-04:00,182.33999633789062,185.41000366210938,181.7899932861328,184.0,415500,0.0,0.0
2024-07-24 00:00:00-04:00,184.39999389648438,185.11000061035156,180.27000427246094,180.94000244140625,382000,0.0,0.0
2024-07-25 00:00:00-04:00,181.0800018310547,184.02000427246094,180.5800018310547,181.8000030517578,605200,0.0,0.0
2024-07-26 00:00:00-04:00,183.0,183.38999938964844,180.77999877929688,180.99000549316406,322100,0.0,0.0
2024-07-29 00:00:00-04:00,180.25,182.39999389648438,179.83999633789062,179.9199981689453,310100,0.0,0.0
2024-07-30 00:00:00-04:00,181.32000732421875,183.22000122070312,178.72000122070312,180.11000061035156,270600,0.0,0.0
2024-07-31 00:00:00-04:00,181.64999389648438,184.6199951171875,180.61000061035156,181.0,451200,0.0,0.0
2024-08-01 00:00:00-04:00,181.1199951171875,183.22000122070312,176.52000427246094,176.72999572753906,411900,0.0,0.0
2024-08-02 00:00:00-04:00,172.44000244140625,172.8300018310547,169.44000244140625,171.75999450683594,304600,0.0,0.0
2024-08-05 00:00:00-04:00,163.3800048828125,170.0,163.3000030517578,169.0500030517578,605500,0.0,0.0
2024-08-06 00:00:00-04:00,168.86000061035156,170.50999450683594,167.5800018310547,168.10000610351562,606700,0.0,0.0
2024-08-07 00:00:00-04:00,169.05999755859375,171.50999450683594,164.35000610351562,164.50999450683594,465400,0.0,0.0
2024-08-08 00:00:00-04:00,167.02999877929688,171.0,166.25,171.0,466600,0.0,0.0
2024-08-09 00:00:00-04:00,166.77999877929688,167.52000427246094,151.52000427246094,157.57000732421875,1378700,0.0,0.0
2024-08-12 00:00:00-04:00,158.11000061035156,159.27999877929688,153.72999572753906,154.9499969482422,731000,0.0,0.0
2024-08-13 00:00:00-04:00,155.50999450683594,161.05999755859375,155.50999450683594,160.05999755859375,686500,0.0,0.0
2024-08-14 00:00:00-04:00,162.89999389648438,167.5500030517578,162.30999755859375,166.77999877929688,1131000,0.0,0.0
2024-08-15 00:00:00-04:00,175.0800018310547,177.19000244140625,166.8000030517578,174.3699951171875,1624900,0.0,0.0
2024-08-16 00:00:00-04:00,173.60000610351562,177.74000549316406,172.1699981689453,177.3000030517578,852000,0.0,0.0
2024-08-19 00:00:00-04:00,179.0800018310547,186.72000122070312,178.67999267578125,184.9600067138672,784000,0.0,0.0
2024-08-20 00:00:00-04:00,184.5,185.6999969482422,178.3800048828125,178.6300048828125,296900,0.0,0.0
2024-08-21 00:00:00-04:00,179.0,180.38999938964844,177.14999389648438,179.02000427246094,458000,0.0,0.0
2024-08-22 00:00:00-04:00,179.14999389648438,179.72000122070312,175.94000244140625,176.1300048828125,285800,0.0,0.0
2024-08-23 00:00:00-04:00,179.3000030517578,180.1300048828125,177.14999389648438,178.25999450683594,216300,0.0,0.0
2024-08-26 00:00:00-04:00,179.7899932861328,183.61000061035156,179.5,180.58999633789062,429600,0.0,0.0
2024-08-27 00:00:00-04:00,179.50999450683594,182.8300018310547,179.50999450683594,181.39999389648438,608000,0.0,0.0
2024-08-28 00:00:00-04:00,181.0,181.16000366210938,172.27000427246094,174.75,334400,0.0,0.0
2024-08-29 00:00:00-04:00,175.60000610351562,177.8000030517578,173.97000122070312,174.32000732421875,523700,0.0,0.0
2024-08-30 00:00:00-04:00,175.1300048828125,177.27000427246094,172.19000244140625,173.74000549316406,439200,0.0,0.0
2024-09-03 00:00:00-04:00,173.08999633789062,173.7100067138672,166.05999755859375,166.22999572753906,643700,0.0,0.0
2024-09-04 00:00:00-04:00,165.60000610351562,167.44000244140625,164.1999969482422,165.50999450683594,654800,0.0,0.0
2024-09-05 00:00:00-04:00,164.72000122070312,165.64999389648438,161.75,162.44000244140625,461300,0.0,0.0
2024-09-06 00:00:00-04:00,163.89999389648438,164.55999755859375,158.9499969482422,159.13999938964844,349100,0.0,0.0
2024-09-09 00:00:00-04:00,160.0500030517578,163.10000610351562,159.9499969482422,161.67999267578125,377200,0.0,0.0
2024-09-10 00:00:00-04:00,161.44000244140625,161.8300018310547,159.6699981689453,160.66000366210938,567100,0.0,0.0
2024-09-11 00:00:00-04:00,160.10000610351562,162.3800048828125,159.75999450683594,162.1199951171875,342700,0.0,0.0
2024-09-12 00:00:00-04:00,162.63999938964844,165.10000610351562,162.4600067138672,163.5500030517578,790300,0.0,0.0
2024-09-13 00:00:00-04:00,163.4600067138672,166.7899932861328,163.4600067138672,164.92999267578125,305200,0.0,0.0
2024-09-16 00:00:00-04:00,163.6300048828125,164.6199951171875,159.5800018310547,161.4600067138672,409200,0.0,0.0
2024-09-17 00:00:00-04:00,159.6999969482422,164.22000122070312,159.63999938964844,162.75,500400,0.0,0.0
2024-09-18 00:00:00-04:00,162.75,166.3000030517578,162.27000427246094,162.97999572753906,344700,0.0,0.0
2024-09-19 00:00:00-04:00,165.47000122070312,166.4199981689453,164.91000366210938,165.8300018310547,402500,0.0,0.0
2024-09-20 00:00:00-04:00,165.85000610351562,166.99000549316406,164.69000244140625,164.88999938964844,403300,0.0,0.0
2024-09-23 00:00:00-04:00,165.16000366210938,168.19000244140625,165.16000366210938,166.94000244140625,487700,0.0,0.0
2024-09-24 00:00:00-04:00,167.86000061035156,171.5,167.77999877929688,170.88999938964844,512000,0.0,0.0
2024-09-25 00:00:00-04:00,171.1699981689453,172.75999450683594,170.2100067138672,170.32000732421875,528400,0.0,0.0
2024-09-26 00:00:00-04:00,173.1300048828125,173.6300048828125,167.3000030517578,168.97000122070312,428100,0.0,0.0
2024-09-27 00:00:00-04:00,170.32000732421875,172.75,168.67999267578125,171.44000244140625,314800,0.0,0.0
2024-09-30 00:00:00-04:00,172.60000610351562,174.6199951171875,172.4600067138672,173.6699981689453,349200,0.0,0.0
2024-10-01 00:00:00-04:00,172.47000122070312,173.8300018310547,163.13999938964844,164.7100067138672,604900,0.0,0.0
2024-10-02 00:00:00-04:00,165.5,170.3300018310547,164.4199981689453,166.17999267578125,499800,0.0,0.0
2024-10-03 00:00:00-04:00,164.74000549316406,166.97999572753906,164.58999633789062,166.97999572753906,173400,0.0,0.0
2024-10-04 00:00:00-04:00,169.8699951171875,172.58999633789062,167.8699951171875,171.02999877929688,336000,0.0,0.0
2024-10-07 00:00:00-04:00,171.63999938964844,173.52000427246094,168.89999389648438,170.38999938964844,602100,0.0,0.0
2024-10-08 00:00:00-04:00,169.67999267578125,171.58999633789062,166.16000366210938,166.64999389648438,517300,0.0,0.0
2024-10-09 00:00:00-04:00,165.77000427246094,168.13999938964844,164.5800018310547,165.60000610351562,310600,0.0,0.0
2024-10-10 00:00:00-04:00,164.07000732421875,166.36000061035156,162.52999877929688,165.6699981689453,591200,0.0,0.0
2024-10-11 00:00:00-04:00,165.91000366210938,172.69000244140625,165.4499969482422,171.08999633789062,579400,0.0,0.0
2024-10-14 00:00:00-04:00,171.83999633789062,175.47999572753906,170.27000427246094,173.2899932861328,486200,0.0,0.0
2024-10-15 00:00:00-04:00,173.10000610351562,177.77000427246094,171.99000549316406,177.72000122070312,597000,0.0,0.0
2024-10-16 00:00:00-04:00,178.02000427246094,178.57000732421875,175.6999969482422,177.8800048828125,821800,0.0,0.0
2024-10-17 00:00:00-04:00,178.52000427246094,180.24000549316406,177.10000610351562,178.6999969482422,552000,0.0,0.0
2024-10-18 00:00:00-04:00,178.9199981689453,180.19000244140625,178.02999877929688,179.7100067138672,406600,0.0,0.0
2024-10-21 00:00:00-04:00,180.6999969482422,181.39999389648438,178.0,178.10000610351562,651100,0.0,0.0
2024-10-22 00:00:00-04:00,179.75,179.75,176.22000122070312,177.5500030517578,449300,0.0,0.0
2024-10-23 00:00:00-04:00,177.5500030517578,178.25,174.25,175.5,338400,0.0,0.0
2024-10-24 00:00:00-04:00,176.52000427246094,178.75,176.07000732421875,177.8000030517578,265600,0.0,0.0
2024-10-25 00:00:00-04:00,177.6699981689453,178.6199951171875,173.82000732421875,174.3300018310547,306800,0.0,0.0
2024-10-28 00:00:00-04:00,175.49000549316406,181.41000366210938,175.49000549316406,179.89999389648438,398600,0.0,0.0
2024-10-29 00:00:00-04:00,179.88999938964844,180.7899932861328,178.33999633789062,180.0399932861328,231900,0.0,0.0
2024-10-30 00:00:00-04:00,179.0,182.97000122070312,178.33999633789062,178.5399932861328,241200,0.0,0.0
2024-10-31 00:00:00-04:00,178.5500030517578,179.22000122070312,173.66000366210938,173.6999969482422,432300,0.0,0.0
2024-11-01 00:00:00-04:00,173.6999969482422,178.75,171.22999572753906,171.91000366210938,487900,0.0,0.0
2024-11-04 00:00:00-05:00,172.0,172.92999267578125,169.47999572753906,169.49000549316406,369800,0.0,0.0
2024-11-05 00:00:00-05:00,169.72000122070312,172.99000549316406,169.3000030517578,171.5,407900,0.0,0.0
2024-11-06 00:00:00-05:00,175.64999389648438,178.14999389648438,174.9600067138672,175.27999877929688,477100,0.0,0.0
2024-11-07 00:00:00-05:00,176.1300048828125,185.83999633789062,176.1300048828125,185.30999755859375,538800,0.0,0.0
2024-11-08 00:00:00-05:00,190.0,194.22000122070312,188.39999389648438,189.99000549316406,890900,0.0,0.0
2024-11-11 00:00:00-05:00,191.10000610351562,192.7899932861328,188.61000061035156,192.07000732421875,584100,0.0,0.0
2024-11-12 00:00:00-05:00,194.27000427246094,195.97999572753906,192.4600067138672,192.88999938964844,684900,0.0,0.0
2024-11-13 00:00:00-05:00,195.17999267578125,200.64999389648438,194.47000122070312,199.1699981689453,1353600,0.0,0.0
2024-11-14 00:00:00-05:00,181.32000732421875,184.1999969482422,168.1999969482422,182.19000244140625,3163700,0.0,0.0
2024-11-15 00:00:00-05:00,179.02000427246094,179.97999572753906,170.8699951171875,172.6199951171875,1165900,0.0,0.0
2024-11-18 00:00:00-05:00,174.22999572753906,175.24000549316406,171.6699981689453,173.8300018310547,510800,0.0,0.0
2024-11-19 00:00:00-05:00,172.0,175.24000549316406,170.94000244140625,172.6699981689453,465100,0.0,0.0
2024-11-20 00:00:00-05:00,171.75,171.77000427246094,166.27999877929688,170.97000122070312,488900,0.0,0.0
2024-11-21 00:00:00-05:00,171.8300018310547,174.30999755859375,168.69000244140625,171.30999755859375,548800,0.0,0.0
2024-11-22 00:00:00-05:00,171.30999755859375,176.47000122070312,169.52000427246094,176.16000366210938,390600,0.0,0.0
2024-11-25 00:00:00-05:00,178.33999633789062,185.99000549316406,178.2899932861328,183.6999969482422,703900,0.0,0.0
2024-11-26 00:00:00-05:00,185.2100067138672,185.61000061035156,180.50999450683594,182.50999450683594,422600,0.0,0.0
2024-11-27 00:00:00-05:00,182.92999267578125,185.05999755859375,179.6300048828125,179.83999633789062,291700,0.0,0.0
2024-11-29 00:00:00-05:00,180.5800018310547,184.10000610351562,180.0,182.44000244140625,150800,0.0,0.0
2024-12-02 00:00:00-05:00,183.0,185.50999450683594,182.10000610351562,184.50999450683594,248600,0.0,0.0
2024-12-03 00:00:00-05:00,183.35000610351562,185.52999877929688,181.6999969482422,185.3699951171875,391600,0.0,0.0
2024-12-04 00:00:00-05:00,185.5500030517578,192.99000549316406,185.07000732421875,192.38999938964844,472500,0.0,0.0
2024-12-05 00:00:00-05:00,193.08999633789062,193.44000244140625,189.6199951171875,190.64999389648438,417000,0.0,0.0
2024-12-06 00:00:00-05:00,191.6999969482422,193.52000427246094,188.0,189.80999755859375,273500,0.0,0.0
2024-12-09 00:00:00-05:00,190.08999633789062,193.10000610351562,185.4499969482422,186.44000244140625,378300,0.0,0.0
2024-12-10 00:00:00-05:00,186.44000244140625,187.94000244140625,181.30999755859375,181.4600067138672,408100,0.0,0.0
2024-12-11 00:00:00-05:00,182.5,185.36000061035156,180.72000122070312,183.22000122070312,305400,0.0,0.0
2024-12-12 00:00:00-05:00,183.33999633789062,192.77999877929688,182.8800048828125,192.3300018310547,550400,0.0,0.0
2024-12-13 00:00:00-05:00,192.30999755859375,193.4199981689453,185.8300018310547,186.6699981689453,362900,0.0,0.0
2024-12-16 00:00:00-05:00,187.0500030517578,190.5399932861328,184.33999633789062,186.3000030517578,382300,0.0,0.0
2024-12-17 00:00:00-05:00,186.3000030517578,191.35000610351562,186.1300048828125,189.8699951171875,336500,0.0,0.0
2024-12-18 00:00:00-05:00,190.25999450683594,191.66000366210938,181.22999572753906,181.75,347200,0.0,0.0
2024-12-19 00:00:00-05:00,178.69000244140625,180.75,172.4600067138672,175.55999755859375,533400,0.0,0.0
2024-12-20 00:00:00-05:00,175.0,177.8000030517578,173.36000061035156,176.02000427246094,391600,0.0,0.0
2024-12-23 00:00:00-05:00,173.67999267578125,174.9600067138672,172.2100067138672,173.6699981689453,315300,0.0,0.0
2024-12-24 00:00:00-05:00,174.52999877929688,177.10000610351562,173.9499969482422,175.4199981689453,179400,0.0,0.0
