Date,Open,High,Low,Close,Volume,Dividends,Stock Splits
2022-01-03 00:00:00-05:00,49.99171073348326,50.952025205550676,49.44383869933113,49.79472351074219,195000,0.0,0.0
2022-01-04 00:00:00-05:00,49.86243413050868,50.93971011610665,49.64082176229086,50.19485092163086,286800,0.0,0.0
2022-01-05 00:00:00-05:00,50.43492266428232,51.21056059108983,49.136037964065956,49.29608917236328,254700,0.0,0.0
2022-01-06 00:00:00-05:00,49.296094158287964,50.13328978489984,49.12988928511268,49.86859130859375,322050,0.0,0.0
2022-01-07 00:00:00-05:00,49.85627245737982,50.76118279460491,49.51770204814149,49.81318283081055,516600,0.0,0.0
2022-01-10 00:00:00-05:00,49.61003492038227,50.281025565099974,48.51429464369427,49.80702209472656,720900,0.0,0.0
2022-01-11 00:00:00-05:00,49.44382588193458,49.50538701488962,46.69215912608303,46.99995422363281,309000,0.0,0.0
2022-01-12 00:00:00-05:00,47.24619398281222,47.96642797728503,46.778347631498214,47.553985595703125,481350,0.0,0.0
2022-01-13 00:00:00-05:00,47.88640232541789,48.44042793259585,47.258504758664785,47.750972747802734,292050,0.0,0.0
2022-01-14 00:00:00-05:00,47.23388037558026,47.7078839050365,46.71063356880848,47.41240310668945,384750,0.0,0.0
2022-01-18 00:00:00-05:00,47.36314744782355,47.56629179470084,44.580701815701666,44.679195404052734,466200,0.0,0.0
2022-01-19 00:00:00-05:00,44.69766843703273,45.5594891935794,43.75582207121968,43.87278366088867,431100,0.0,0.0
2022-01-20 00:00:00-05:00,43.608086205438305,44.137490238215236,40.517848320281914,40.59171676635742,789000,0.0,0.0
2022-01-21 00:00:00-05:00,40.21004505448609,40.776384957510054,38.763420012797845,38.83113479614258,787350,0.0,0.0
2022-01-24 00:00:00-05:00,38.744954268196864,41.19498686140103,37.81542228076057,41.08417892456055,670350,0.0,0.0
2022-01-25 00:00:00-05:00,41.11496425036468,41.11496425036468,39.20664629386757,39.988441467285156,241800,0.0,0.0
2022-01-26 00:00:00-05:00,40.58555889680525,41.60743087185326,39.50212578028511,39.68064498901367,289500,0.0,0.0
2022-01-27 00:00:00-05:00,39.72373941151549,41.20114345076483,37.612280603915956,37.895450592041016,548100,0.0,0.0
2022-01-28 00:00:00-05:00,37.87082396628295,39.04043633274617,37.06440718573031,39.03428268432617,488700,0.0,0.0
2022-01-31 00:00:00-05:00,38.78189409666135,39.76067650145391,38.78189409666135,39.643714904785156,328800,0.0,0.0
2022-02-01 00:00:00-05:00,40.48091469763374,42.998659063551266,40.24083783087095,42.96788024902344,681300,0.0,0.0
2022-02-02 00:00:00-05:00,43.00481223806718,43.18948863047778,41.58896576693459,41.79210662841797,392100,0.0,0.0
2022-02-03 00:00:00-05:00,41.73054438787582,42.56773994877663,41.19498678379111,41.478153228759766,266100,0.0,0.0
2022-02-04 00:00:00-05:00,41.114958002686706,41.82287758284738,39.82222702108626,40.88103485107422,373500,0.0,0.0
2022-02-07 00:00:00-05:00,41.37351158078954,41.69977121937684,40.339328689218576,41.31810760498047,214200,0.0,0.0
2022-02-08 00:00:00-05:00,41.238081666073015,43.060213413179135,40.94875801361842,42.96172332763672,386250,0.0,0.0
2022-02-09 00:00:00-05:00,43.066364792493665,43.58345792589969,42.721637211025914,43.257198333740234,261300,0.0,0.0
2022-02-10 00:00:00-05:00,43.48497063267771,44.58071115195511,42.216864536484245,42.36460494995117,379950,0.0,0.0
2022-02-11 00:00:00-05:00,42.17992193198464,43.688104642435086,41.84750517325762,42.21685791015625,303450,0.0,0.0
2022-02-14 00:00:00-05:00,42.21069662977584,43.17101083428343,41.915215877990185,42.81397247314453,351150,0.0,0.0
2022-02-15 00:00:00-05:00,43.21410303587541,44.53761285042324,43.1648562409715,44.40834045410156,304650,0.0,0.0
2022-02-16 00:00:00-05:00,43.965123210352175,44.37140842384342,43.46034087588388,43.8173828125,203550,0.0,0.0
2022-02-17 00:00:00-05:00,43.64501672069755,43.71888867992579,42.30919598553056,42.647769927978516,282000,0.0,0.0
2022-02-18 00:00:00-05:00,42.38307105045462,43.15255189595315,41.921381838673675,42.592369079589844,288000,0.0,0.0
2022-02-22 00:00:00-05:00,42.86322611788426,43.09714931693855,41.65052401252651,42.044498443603516,217050,0.0,0.0
2022-02-23 00:00:00-05:00,42.339973515917805,42.91862426356696,40.9610631944442,41.096492767333984,370650,0.0,0.0
2022-02-24 00:00:00-05:00,39.551369921308506,43.01096353416047,39.45287632846476,42.9432487487793,337050,0.0,0.0
2022-02-25 00:00:00-05:00,42.83860251891427,44.02052575811738,42.72164092473366,43.45418930053711,258150,0.0,0.0
2022-02-28 00:00:00-05:00,42.97403189826427,44.09439751066392,42.74010871102299,43.91587829589844,200850,0.0,0.0
2022-03-01 00:00:00-05:00,43.528056047220936,44.02668121525152,42.3399756831626,42.894004821777344,291600,0.0,0.0
2022-03-02 00:00:00-05:00,43.20179292670425,44.95621310605389,43.09098851695429,44.79000473022461,289800,0.0,0.0
2022-03-03 00:00:00-05:00,44.371408776414356,45.23322953193778,42.82013282543578,43.74351119995117,223800,0.0,0.0
2022-03-04 00:00:00-05:00,43.36625081341618,43.81153990759813,42.29013461776568,43.09413146972656,323100,0.22,0.0
2022-03-07 00:00:00-05:00,43.044660170773696,43.044660170773696,39.79775703190889,39.88433837890625,367800,0.0,0.0
2022-03-08 00:00:00-05:00,40.24923269606283,41.48615066447658,39.92763671379666,40.459510803222656,205500,0.0,0.0
2022-03-09 00:00:00-05:00,41.47995632167534,42.512781871903435,41.436665652519046,41.721153259277344,224850,0.0,0.0
2022-03-10 00:00:00-05:00,40.917158176945755,41.232571721135066,40.38528421855425,40.84294509887695,171750,0.0,0.0
2022-03-11 00:00:00-05:00,41.23257028673331,41.23257028673331,39.655502620649905,39.90288543701172,202650,0.0,0.0
2022-03-14 00:00:00-04:00,40.261606408130085,40.92335610175846,38.919552861192415,39.48234939575195,248100,0.0,0.0
2022-03-15 00:00:00-04:00,39.66787248305872,41.05321984962577,39.66787248305872,41.04085159301758,191850,0.0,0.0
2022-03-16 00:00:00-04:00,41.294415825058174,42.160257466820504,40.47186838868977,41.5294303894043,232500,0.0,0.0
2022-03-17 00:00:00-04:00,41.17691571044622,42.147896547075085,40.880056273970084,42.13552474975586,183900,0.0,0.0
2022-03-18 00:00:00-04:00,42.586997878834566,42.9766280833813,40.781101285782434,42.964256286621094,624300,0.0,0.0
2022-03-21 00:00:00-04:00,42.87767423700429,43.273486794576385,41.653128252304796,41.8448486328125,173850,0.0,0.0
2022-03-22 00:00:00-04:00,42.27776754537713,43.230190583237516,41.857214953002,42.147891998291016,143850,0.0,0.0
2022-03-23 00:00:00-04:00,41.79536682308546,42.154071023702315,38.49280178634316,38.59175491333008,421350,0.0,0.0
2022-03-24 00:00:00-04:00,39.10507463069445,39.53181308653579,38.46806520394264,39.14836883544922,352200,0.0,0.0
2022-03-25 00:00:00-04:00,39.024681143985084,39.080343612705505,38.23305601823746,38.59794616699219,235050,0.0,0.0
2022-03-28 00:00:00-04:00,38.83914665976702,39.154560238166546,37.71355026052591,39.07415771484375,399750,0.0,0.0
2022-03-29 00:00:00-04:00,39.5936610845045,41.25112786099263,39.5936610845045,41.01611328125,681000,0.0,0.0
2022-03-30 00:00:00-04:00,40.95425999244358,41.49850212108764,38.567013455850265,38.68452072143555,697500,0.0,0.0
2022-03-31 00:00:00-04:00,38.75255582369848,38.77729233565662,37.17548817397241,37.29299545288086,498300,0.0,0.0
2022-04-01 00:00:00-04:00,37.47853086191768,38.152648540642154,36.81678143831888,37.85578918457031,300300,0.0,0.0
2022-04-04 00:00:00-04:00,36.74256569547763,36.85388707191647,34.8810070097677,35.77777099609375,477900,0.0,0.0
2022-04-05 00:00:00-04:00,35.728295837547655,36.16740254108897,34.819163560130555,35.258270263671875,558000,0.0,0.0
2022-04-06 00:00:00-04:00,35.00471023830391,35.93858279805168,34.88720293097203,35.116031646728516,607050,0.0,0.0
2022-04-07 00:00:00-04:00,35.165508064532936,35.44381689261817,33.89148538628928,34.44191360473633,614550,0.0,0.0
2022-04-08 00:00:00-04:00,34.410990003094966,35.629350165999014,33.9409607920502,35.010894775390625,627600,0.0,0.0
2022-04-11 00:00:00-04:00,34.83153451455384,36.06226631268169,34.4171678295577,35.64789962768555,414900,0.0,0.0
2022-04-12 00:00:00-04:00,36.53229526933237,37.3301062235481,35.75922082870746,35.926204681396484,470100,0.0,0.0
2022-04-13 00:00:00-04:00,35.703561680522064,37.31773419463479,35.54276018781435,36.81060028076172,316350,0.0,0.0
2022-04-14 00:00:00-04:00,36.97758293985344,37.71973140165109,36.1364813498161,36.247802734375,208950,0.0,0.0
2022-04-18 00:00:00-04:00,36.07463257866005,36.488999240788175,35.40051484257915,36.32820129394531,223800,0.0,0.0
2022-04-19 00:00:00-04:00,36.34675897663894,38.17739200591342,36.34675897663894,38.11554718017578,361350,0.0,0.0
2022-04-20 00:00:00-04:00,38.55465019275561,38.913354393818246,37.224965335439514,37.78776168823242,345300,0.0,0.0
2022-04-21 00:00:00-04:00,38.36911033963375,38.5422765342823,37.56511356660546,37.9609260559082,317550,0.0,0.0
2022-04-22 00:00:00-04:00,37.577486937992745,38.047512519343286,37.268255763615784,37.5898551940918,280650,0.0,0.0
2022-04-25 00:00:00-04:00,37.24351421542611,38.83294992162999,36.82914761197258,38.7154426574707,434250,0.0,0.0
2022-04-26 00:00:00-04:00,38.276346842515494,38.54846974999559,36.98995600805779,37.08890914916992,343800,0.0,0.0
2022-04-27 00:00:00-04:00,37.29300090313705,37.70736761915905,36.42715915888965,37.169307708740234,410250,0.0,0.0
2022-04-28 00:00:00-04:00,38.931910575025974,39.81630286756248,37.49708661836588,39.04323196411133,449400,0.0,0.0
2022-04-29 00:00:00-04:00,38.894805481702264,40.0327665968209,37.92382823344017,38.498992919921875,333900,0.0,0.0
2022-05-02 00:00:00-04:00,38.80203608973081,40.02658201960242,38.31345277407649,39.9832878112793,469050,0.0,0.0
2022-05-03 00:00:00-04:00,40.113173226520175,41.857221620701715,39.64314399186483,41.7335319519043,477450,0.0,0.0
2022-05-04 00:00:00-04:00,41.74589375362075,42.78490167394587,41.12125252959023,42.77253341674805,340200,0.0,0.0
2022-05-05 00:00:00-04:00,42.908598509435066,42.98281159777291,40.626486767416694,41.62220764160156,281250,0.0,0.0
2022-05-06 00:00:00-04:00,41.473773645039415,41.69641642591468,40.26159599066824,40.99755859375,220050,0.0,0.0
2022-05-09 00:00:00-04:00,40.63266801362751,42.16644510388981,40.63266801362751,41.68404769897461,349500,0.0,0.0
2022-05-10 00:00:00-04:00,42.22828945756688,42.22828945756688,40.67596176872956,41.28823471069336,223950,0.0,0.0
2022-05-11 00:00:00-04:00,41.03466340614286,42.030380553838796,39.27205777003107,39.408119201660156,305850,0.0,0.0
2022-05-12 00:00:00-04:00,39.42049179735694,40.36673248670817,39.08034171968019,40.32962417602539,258000,0.0,0.0
2022-05-13 00:00:00-04:00,40.75635210693923,42.32104772082453,40.33579961884469,41.95615768432617,347850,0.0,0.0
2022-05-16 00:00:00-04:00,41.62838606700105,42.09222932651628,39.60602917240721,39.96473693847656,284250,0.0,0.0
2022-05-17 00:00:00-04:00,40.583181994752955,41.77062284521095,39.99564923534233,41.659297943115234,224550,0.0,0.0
2022-05-18 00:00:00-04:00,40.99136758397832,41.16453376157642,38.17738269429521,38.567012786865234,477000,0.0,0.0
2022-05-19 00:00:00-04:00,38.10317479014311,38.59794042006874,36.340569137045485,36.408599853515625,483000,0.0,0.0
2022-05-20 00:00:00-04:00,36.76113071452991,37.05180426638783,34.47283646035433,35.41289138793945,619500,0.0,0.0
2022-05-23 00:00:00-04:00,35.63553465330448,35.93239407836173,35.10984653045438,35.62934875488281,351600,0.0,0.0
2022-05-24 00:00:00-04:00,35.37578250883813,35.37578250883813,33.409087793770595,33.8172721862793,476400,0.0,0.0
2022-05-25 00:00:00-04:00,33.817264255033535,36.48281628468291,33.71212523213488,36.260169982910156,418200,0.0,0.0
2022-05-26 00:00:00-04:00,36.48899977694987,37.41050388318891,35.87054449284695,35.920021057128906,296400,0.0,0.0
2022-05-27 00:00:00-04:00,36.12528228396314,36.97119026438499,36.06308049845662,36.62287521362305,170850,0.22,0.0
2022-05-31 00:00:00-04:00,36.74727483248443,37.51854571943919,35.95734732324225,37.3879280090332,288900,0.0,0.0
2022-06-01 00:00:00-04:00,37.44389867846523,37.935273880375995,36.31809521288495,37.02094650268555,279000,0.0,0.0
2022-06-02 00:00:00-04:00,37.0458294800626,37.97881707508103,36.98984894309802,37.81709671020508,227550,0.0,0.0
2022-06-03 00:00:00-04:00,37.51232035398724,37.599396437058765,36.454932834478484,36.61664962768555,190350,0.0,0.0
2022-06-06 00:00:00-04:00,37.213765472299116,38.21517257760273,36.76593183573331,38.11565399169922,189450,0.0,0.0
2022-06-07 00:00:00-04:00,37.518542514225594,38.19651243649583,37.17644870948578,37.232425689697266,192750,0.0,0.0
2022-06-08 00:00:00-04:00,37.31328368192541,37.47500405168682,36.43627659737785,37.17022705078125,218700,0.0,0.0
2022-06-09 00:00:00-04:00,37.07070672203139,38.28981110924022,36.92142885170369,37.47500228881836,248850,0.0,0.0
2022-06-10 00:00:00-04:00,36.865447120110545,37.36926125077696,35.35400828717636,35.47218704223633,263850,0.0,0.0
2022-06-13 00:00:00-04:00,34.46455972560134,35.31047121227706,34.209545589487405,34.38370132446289,311700,0.0,0.0
2022-06-14 00:00:00-04:00,34.45834280008567,34.83153570274402,33.96696757745179,34.284183502197266,267900,0.0,0.0
2022-06-15 00:00:00-04:00,34.707144761568756,35.049238606538154,33.82391631714944,34.63872528076172,233700,0.0,0.0
2022-06-16 00:00:00-04:00,33.799024769885385,34.09758047362983,31.597177344536288,31.678035736083984,465000,0.0,0.0
2022-06-17 00:00:00-04:00,32.3311308660743,32.374672473046296,31.286185684728444,31.52876091003418,727050,0.0,0.0
2022-06-21 00:00:00-04:00,32.331127842277645,32.43686766753112,31.14934382223084,31.373262405395508,347250,0.0,0.0
2022-06-22 00:00:00-04:00,30.968962951179577,32.691881254627454,30.968962951179577,31.976591110229492,323400,0.0,0.0
2022-06-23 00:00:00-04:00,32.312461582110416,33.08373220676762,31.97658910917692,32.306243896484375,390750,0.0,0.0
2022-06-24 00:00:00-04:00,32.49906423804504,33.38851372056882,32.30624833492269,32.922019958496094,1153800,0.0,0.0
2022-06-27 00:00:00-04:00,33.33875414096912,34.43967969452912,32.97800020193977,34.24064254760742,288150,0.0,0.0
2022-06-28 00:00:00-04:00,34.240649118281254,34.75068101537541,33.28277999560978,33.50669860839844,240900,0.0,0.0
2022-06-29 00:00:00-04:00,33.54401454949754,33.55645348216154,32.82872431487304,33.27655792236328,236850,0.0,0.0
2022-06-30 00:00:00-04:00,32.62967700571049,32.946892858488106,31.870848880513133,32.24404525756836,294900,0.0,0.0
2022-07-01 00:00:00-04:00,32.03879011905139,33.30765365787557,31.7277954795794,33.0650749206543,205800,0.0,0.0
2022-07-05 00:00:00-04:00,32.778959495953146,34.35260005298465,32.411987870498066,34.24064254760742,259650,0.0,0.0
2022-07-06 00:00:00-04:00,34.17223266870349,34.43346810754793,32.41821465015924,32.94068908691406,295200,0.0,0.0
2022-07-07 00:00:00-04:00,33.394735776236715,34.50188272985193,33.28277825522953,34.421024322509766,200850,0.0,0.0
2022-07-08 00:00:00-04:00,34.476993626320166,34.80664839461183,33.65596376869258,34.588951110839844,273450,0.0,0.0
2022-07-11 00:00:00-04:00,34.58896491931003,34.732021564469896,33.680855073828766,33.792816162109375,126000,0.0,0.0
2022-07-12 00:00:00-04:00,33.649750360235416,34.68225649773866,33.48181231481674,33.879886627197266,313050,0.0,0.0
2022-07-13 00:00:00-04:00,33.72439034168287,33.90476731568385,32.99666120003358,33.31387710571289,288300,0.0,0.0
2022-07-14 00:00:00-04:00,32.8224996934039,33.22679521545811,32.356005955361276,32.95311737060547,168000,0.0,0.0
2022-07-15 00:00:00-04:00,33.79281061421551,34.19088492746247,33.08373807444554,33.326316833496094,219000,0.0,0.0
2022-07-18 00:00:00-04:00,33.78659244906257,34.290406632352635,33.475597753248344,33.923431396484375,162000,0.0,0.0
2022-07-19 00:00:00-04:00,34.4894415161471,35.27936891640094,34.08514594709834,34.71957778930664,292200,0.0,0.0
2022-07-20 00:00:00-04:00,34.53298551750491,36.380300826455034,34.284189022649635,36.243465423583984,295050,0.0,0.0
2022-07-21 00:00:00-04:00,35.895139441261094,36.597990730341536,35.627686378093166,36.523353576660156,266400,0.0,0.0
2022-07-22 00:00:00-04:00,36.57310909717496,36.99606122894259,35.96977644787719,36.63530731201172,214800,0.0,0.0
2022-07-25 00:00:00-04:00,37.02716500724772,37.045825184071994,36.14393680559894,36.759708404541016,261900,0.0,0.0
2022-07-26 00:00:00-04:00,36.61043264917753,37.045827309214474,35.96355834571035,36.01953887939453,352500,0.0,0.0
2022-07-27 00:00:00-04:00,36.19992309774024,36.74727537561347,35.46597256264379,36.678855895996094,251400,0.0,0.0
2022-07-28 00:00:00-04:00,36.697513072672,38.05345650112667,36.486036963304,37.904178619384766,415500,0.0,0.0
2022-07-29 00:00:00-04:00,38.2649307135442,38.339571430247624,37.05204753963571,37.767337799072266,329250,0.0,0.0
2022-08-01 00:00:00-04:00,37.48744043002543,38.45152710041813,36.73482984836532,37.076927185058594,309000,0.0,0.0
2022-08-02 00:00:00-04:00,37.31327806558101,37.344380732862874,35.0430111341518,35.10520935058594,313650,0.0,0.0
2022-08-03 00:00:00-04:00,35.5530430697127,36.84678448430125,35.47840592148038,36.759708404541016,330750,0.0,0.0
2022-08-04 00:00:00-04:00,36.56066682479621,36.80946322047083,35.50327947388076,35.54059982299805,181950,0.0,0.0
2022-08-05 00:00:00-04:00,35.21717005984154,36.11284082977605,34.89995414444216,35.64634704589844,132000,0.0,0.0
2022-08-08 00:00:00-04:00,35.64634979616049,36.784592296477655,35.57792676388059,36.629093170166016,278250,0.0,0.0
2022-08-09 00:00:00-04:00,36.560669062464676,36.560669062464676,35.242046305151646,35.683658599853516,250200,0.0,0.0
2022-08-10 00:00:00-04:00,36.610433444071454,37.51232189386355,36.610433444071454,37.18888473510742,249750,0.0,0.0
2022-08-11 00:00:00-04:00,37.475004805486904,38.19651278099175,37.31950567880342,38.065895080566406,179250,0.0,0.0
2022-08-12 00:00:00-04:00,38.56348951576253,38.942907257272545,37.922839922301456,38.86204528808594,171150,0.0,0.0
2022-08-15 00:00:00-04:00,38.79362383088381,39.72661137591826,38.78118133951479,39.552452087402344,298500,0.0,0.0
2022-08-16 00:00:00-04:00,39.396955592746075,41.11987417805459,39.396955592746075,40.47300338745117,347400,0.0,0.0
2022-08-17 00:00:00-04:00,39.92565434575987,39.92565434575987,38.967788711180866,39.07974624633789,181200,0.0,0.0
2022-08-18 00:00:00-04:00,39.12328189320603,39.745271268415074,38.98644294939651,39.43427658081055,163050,0.0,0.0
2022-08-19 00:00:00-04:00,38.91180311179082,39.110836708541974,38.21516950736889,38.40176773071289,295200,0.0,0.0
2022-08-22 00:00:00-04:00,37.717576505976034,38.3893286843963,36.77836770533772,36.90898895263672,240750,0.0,0.0
2022-08-23 00:00:00-04:00,36.90898743631608,37.4438970997116,36.70995028926708,36.722389221191406,142800,0.0,0.0
2022-08-24 00:00:00-04:00,36.72860785034694,37.67403423148288,36.535788403463,37.34437942504883,196800,0.0,0.0
2022-08-25 00:00:00-04:00,37.46878242819482,38.43286915458844,37.319504552348036,37.71757888793945,167100,0.0,0.0
2022-08-26 00:00:00-04:00,37.39863041411526,37.64878464721076,35.42863362163169,35.45364761352539,309450,0.22,0.0
2022-08-29 00:00:00-04:00,35.134691510349825,35.57872018263618,34.790722361324875,35.1221809387207,177000,0.0,0.0
2022-08-30 00:00:00-04:00,35.27853710260155,35.36609322676186,34.334189176132654,34.42174530029297,235950,0.0,0.0
2022-08-31 00:00:00-04:00,34.35294930316682,34.35294930316682,33.0333665507873,33.127174377441406,287700,0.0,0.0
2022-09-01 00:00:00-04:00,33.05838410960587,33.28977961145615,32.64562108394289,32.99584197998047,266550,0.0,0.0
2022-09-02 00:00:00-04:00,33.22099254113972,33.70254592396899,31.651251686460714,31.93893051147461,294900,0.0,0.0
2022-09-06 00:00:00-04:00,32.07025841153981,32.37044773638869,31.238480692716063,31.73879623413086,273300,0.0,0.0
2022-09-07 00:00:00-04:00,31.59496096178556,31.93267489074086,31.20096018515788,31.626230239868164,338550,0.0,0.0
2022-09-08 00:00:00-04:00,31.276008462431502,31.55743553603937,30.18156586669047,30.538042068481445,331800,0.0,0.0
2022-09-09 00:00:00-04:00,30.72566332518585,31.60121745919173,30.706901041909763,31.276010513305664,247500,0.0,0.0
2022-09-12 00:00:00-04:00,31.701269912359994,32.98958683308956,31.58869981643155,32.80196762084961,337500,0.0,0.0
2022-09-13 00:00:00-04:00,31.945182272606747,31.945182272606747,30.000203092614793,30.187822341918945,342900,0.0,0.0
2022-09-14 00:00:00-04:00,30.137788094789197,30.494264278843914,29.631217240375523,30.21283721923828,283650,0.0,0.0
2022-09-15 00:00:00-04:00,29.906392557159986,30.53804234059521,29.800075940069394,30.000202178955078,202500,0.0,0.0
2022-09-16 00:00:00-04:00,29.725031798237882,29.96268262711542,29.043350381747516,29.91265106201172,665250,0.0,0.0
2022-09-19 00:00:00-04:00,29.54366634239173,30.29413799209079,29.424840933904203,30.19407844543457,240900,0.0,0.0
2022-09-20 00:00:00-04:00,29.893883473438198,29.893883473438198,28.61807700040178,29.26223373413086,250350,0.0,0.0
2022-09-21 00:00:00-04:00,29.643727308838205,29.76880620622438,28.88699863769959,28.98080825805664,296700,0.0,0.0
2022-09-22 00:00:00-04:00,28.805699804351367,29.29976193069246,28.030208797373568,28.5555419921875,355200,0.0,0.0
2022-09-23 00:00:00-04:00,27.992684796411528,27.992684796411528,26.460466921940338,27.267227172851562,479850,0.0,0.0
2022-09-26 00:00:00-04:00,26.910749364889917,27.730016562539998,26.82319324502871,27.20468521118164,325050,0.0,0.0
2022-09-27 00:00:00-04:00,27.53614859267983,27.867609058880728,26.841960168162768,27.311006546020508,453750,0.0,0.0
2022-09-28 00:00:00-04:00,27.40481143136855,28.2616031913293,26.99830547598118,28.05522346496582,277500,0.0,0.0
2022-09-29 00:00:00-04:00,27.55490965697642,27.579925438830767,26.504245029823977,27.52989387512207,305250,0.0,0.0
2022-09-30 00:00:00-04:00,27.561163471523486,28.436717635746817,27.404815280456408,27.41732406616211,329700,0.0,0.0
2022-10-03 00:00:00-04:00,27.57366787700806,27.767540605124672,26.992049692658227,27.217191696166992,309150,0.0,0.0
2022-10-04 00:00:00-04:00,27.667476837848874,29.105884943090633,27.636205773926996,29.09337615966797,343950,0.0,0.0
2022-10-05 00:00:00-04:00,28.242844609174124,29.15592154332155,28.242844609174124,28.955795288085938,352350,0.0,0.0
2022-10-06 00:00:00-04:00,28.8182053049139,29.618712051568842,28.736904467496892,29.3622989654541,366750,0.0,0.0
2022-10-07 00:00:00-04:00,29.055858053732173,29.281000088067472,27.035831453525407,27.24846649169922,222750,0.0,0.0
2022-10-10 00:00:00-04:00,27.386050514218983,28.392936996102122,27.029576098331077,28.199064254760742,339300,0.0,0.0
2022-10-11 00:00:00-04:00,27.992681811388106,28.84947174191059,27.817571369201854,28.011444091796875,237900,0.0,0.0
2022-10-12 00:00:00-04:00,28.13026873075651,28.636837763377645,27.5736663552917,28.29912567138672,267150,0.0,0.0
2022-10-13 00:00:00-04:00,27.64246418993809,28.461731445619062,26.74814780376322,27.892621994018555,272100,0.0,0.0
2022-10-14 00:00:00-04:00,28.349159109096085,28.349159109096085,27.210940223161664,27.479860305786133,189150,0.0,0.0
2022-10-17 00:00:00-04:00,27.880113615044806,28.192811769332376,27.54865496713041,27.961416244506836,195600,0.0,0.0
2022-10-18 00:00:00-04:00,28.60557113310718,29.12464899672378,28.267857220639147,28.56804656982422,224250,0.0,0.0
2022-10-19 00:00:00-04:00,28.067731803843103,28.349158879568428,26.110243901234835,27.035829544067383,321300,0.0,0.0
2022-10-20 00:00:00-04:00,26.88573426961207,27.69249449308444,26.841956208568753,26.948274612426758,411000,0.0,0.0
2022-10-21 00:00:00-04:00,27.129643728930137,27.73627783369914,26.754406968425087,27.64872169494629,185100,0.0,0.0
2022-10-24 00:00:00-04:00,27.873858141229874,28.46172984233839,27.679985406671136,28.25535011291504,236850,0.0,0.0
2022-10-25 00:00:00-04:00,28.16779559785566,28.98706285409939,28.16779559785566,28.580556869506836,334650,0.0,0.0
2022-10-26 00:00:00-04:00,28.918269497664987,29.92515416712209,28.486745962809366,28.88074493408203,272100,0.0,0.0
2022-10-27 00:00:00-04:00,31.7700732710697,31.7700732710697,29.968933506212544,30.431724548339844,366000,0.0,0.0
2022-10-28 00:00:00-04:00,30.306646596693653,30.713154358330893,28.76817525217417,29.556171417236328,371850,0.0,0.0
2022-10-31 00:00:00-04:00,29.43109412296869,29.643729156412718,28.549286499484378,28.586811065673828,340500,0.0,0.0
2022-11-01 00:00:00-04:00,29.105887281874626,29.706267781205913,28.980808383945128,29.506139755249023,255450,0.0,0.0
2022-11-02 00:00:00-04:00,29.230966237712614,29.731281830421768,28.57430068032958,28.605571746826172,514650,0.0,0.0
2022-11-03 00:00:00-04:00,28.09274665478749,28.636840295330554,27.567415295811003,28.25535011291504,339900,0.0,0.0
2022-11-04 00:00:00-04:00,28.74315925100268,29.28099943794136,28.286621694387847,28.93077850341797,199500,0.0,0.0
2022-11-07 00:00:00-05:00,29.287251541740382,29.981439879800256,28.943284121532553,29.787567138671875,158850,0.0,0.0
2022-11-08 00:00:00-05:00,29.968934022227778,30.882009126656126,29.70001393135061,30.02522087097168,351000,0.0,0.0
2022-11-09 00:00:00-05:00,29.8000758363926,30.169059035371788,29.5624250339078,29.6875057220459,170400,0.0,0.0
2022-11-10 00:00:00-05:00,31.132170815691573,33.87139973413522,31.132170815691573,33.32105255126953,543750,0.0,0.0
2022-11-11 00:00:00-05:00,34.134062366849896,35.2472672361198,33.783841454600115,34.678157806396484,250200,0.0,0.0
2022-11-14 00:00:00-05:00,34.446766310207614,35.22850906173908,34.00273393667405,34.09029006958008,275700,0.0,0.0
2022-11-15 00:00:00-05:00,34.74695713913208,35.36609822560675,33.890165215719676,33.971466064453125,249750,0.0,0.0
2022-11-16 00:00:00-05:00,33.5024144975218,33.62749518445057,32.82073495259723,33.40235137939453,249750,0.0,0.0
2022-11-17 00:00:00-05:00,32.86451202630395,33.80260467625949,32.86451202630395,33.67127227783203,258300,0.0,0.0
2022-11-18 00:00:00-05:00,34.47177765381837,34.94707927145699,33.327307040619345,34.00273132324219,216900,0.0,0.0
2022-11-21 00:00:00-05:00,33.82136899146982,33.82136899146982,33.15219638513727,33.458641052246094,235950,0.0,0.0
2022-11-22 00:00:00-05:00,33.63999833074716,34.578090850495656,33.63999833074716,34.415489196777344,215550,0.0,0.0
2022-11-23 00:00:00-05:00,34.39047381885418,34.5343132019043,34.24037914928655,34.5343132019043,130050,0.0,0.0
2022-11-25 00:00:00-05:00,34.64780598227321,34.95046531240903,34.53431098843528,34.7739143371582,59700,0.3,0.0
2022-11-28 00:00:00-05:00,34.521704802085694,34.64150648882498,34.01097186513526,34.34515380859375,341400,0.0,0.0
2022-11-29 00:00:00-05:00,34.22535177745649,34.99460082669575,34.22535177745649,34.685638427734375,139500,0.0,0.0
2022-11-30 00:00:00-05:00,34.50278953553231,35.28465206244585,33.42457792628775,35.2657356262207,315750,0.0,0.0
2022-12-01 00:00:00-05:00,35.688198422495965,36.35025935770739,35.44859500503562,36.20523452758789,295500,0.0,0.0
2022-12-02 00:00:00-05:00,35.25942885204073,36.552024329807786,35.221599587631275,36.419612884521484,208050,0.0,0.0
2022-12-05 00:00:00-05:00,36.14217622341951,36.37547292038135,35.37923014334711,36.331336975097656,301500,0.0,0.0
2022-12-06 00:00:00-05:00,36.173701666139955,36.72857054710019,35.877352594059595,36.26828384399414,340950,0.0,0.0
2022-12-07 00:00:00-05:00,36.07281870071379,36.43853046502035,34.89372180297033,35.53055953979492,322950,0.0,0.0
2022-12-08 00:00:00-05:00,35.55578607821738,36.388087728482134,35.29095954591337,35.713417053222656,332250,0.0,0.0
2022-12-09 00:00:00-05:00,35.37292824168129,36.38808388036227,35.37292824168129,35.555782318115234,251400,0.0,0.0
2022-12-12 00:00:00-05:00,35.45489625380098,36.57724380493164,35.253125745375634,36.57724380493164,248850,0.0,0.0
2022-12-13 00:00:00-05:00,37.64915509869415,38.07161258269223,36.29350714080295,36.69704818725586,518400,0.0,0.0
2022-12-14 00:00:00-05:00,38.10943917731901,39.925377366951324,37.62392934084567,39.3578987121582,491700,0.0,0.0
2022-12-15 00:00:00-05:00,38.828247867422434,39.53444462273826,38.50037260642495,39.16242980957031,305700,0.0,0.0
2022-12-16 00:00:00-05:00,38.90391328940285,39.58489059355075,38.52559537105294,39.03002166748047,1698150,0.0,0.0
2022-12-19 00:00:00-05:00,38.8219449759297,38.891304043590026,36.78532332642397,37.151031494140625,374400,0.0,0.0
2022-12-20 00:00:00-05:00,37.12580594864026,37.964414090142164,36.31241731422036,36.7348747253418,335700,0.0,0.0
2022-12-21 00:00:00-05:00,36.905123357893785,38.065303802490234,36.905123357893785,38.065303802490234,209250,0.0,0.0
2022-12-22 00:00:00-05:00,37.54196285669729,38.31121567633677,36.36286591997685,38.23554992675781,346350,0.0,0.0
2022-12-23 00:00:00-05:00,38.216630466410344,38.77149935698008,37.92028138919765,38.56972885131836,240000,0.0,0.0
2022-12-27 00:00:00-05:00,38.44992962261807,39.61641678608479,38.00225263751668,39.03002166748047,280650,0.0,0.0
2022-12-28 00:00:00-05:00,39.17503830485825,39.307453349172704,37.75003508566605,37.813087463378906,272250,0.0,0.0
2022-12-29 00:00:00-05:00,38.37426530090946,39.28853926419456,38.32382267413389,38.77149963378906,249000,0.0,0.0
2022-12-30 00:00:00-05:00,38.46254411877667,38.714757274418574,38.01486351254881,38.210330963134766,157350,0.0,0.0
2023-01-03 00:00:00-05:00,38.424711940606514,39.509230333514516,38.18510853641405,38.43101501464844,226050,0.0,0.0
2023-01-04 00:00:00-05:00,38.63908645964514,39.17503889414858,37.83200446736871,38.21662902832031,229650,0.0,0.0
2023-01-05 00:00:00-05:00,37.90766904875542,39.30745273828446,37.47890494950125,39.21917724609375,437100,0.0,0.0
2023-01-06 00:00:00-05:00,39.66685984297634,40.61266006095048,39.320068113425194,40.089317321777344,235500,0.0,0.0
2023-01-09 00:00:00-05:00,40.328918356569616,41.8737269725443,40.20911666589738,40.71354293823242,310200,0.0,0.0
2023-01-10 00:00:00-05:00,40.73876730527683,41.43865742662932,40.60635585572049,41.2495002746582,160650,0.0,0.0
2023-01-11 00:00:00-05:00,41.451270372006356,41.842201643101106,40.8774850244176,41.58998489379883,217800,0.0,0.0
2023-01-12 00:00:00-05:00,41.766537095658954,42.39707177113185,41.085559790465894,41.583683013916016,228300,0.0,0.0
2023-01-13 00:00:00-05:00,41.36299190074538,41.968303396551136,41.07925258807907,41.76653289794922,172800,0.0,0.0
2023-01-17 00:00:00-05:00,41.46388163679297,42.018750567989805,40.92162246113796,41.287330627441406,234150,0.0,0.0
2023-01-18 00:00:00-05:00,41.665646665708834,41.823281217000726,39.78035316288072,40.1208381652832,443100,0.0,0.0
2023-01-19 00:00:00-05:00,39.742527416087185,40.41719807678045,39.3515961122192,40.101932525634766,238950,0.0,0.0
2023-01-20 00:00:00-05:00,40.3036932974929,41.12338497518836,39.24439466350326,41.04141616821289,217950,0.0,0.0
2023-01-23 00:00:00-05:00,41.35669301620023,42.365545699397515,41.32516682084304,42.23944091796875,175200,0.0,0.0
2023-01-24 00:00:00-05:00,41.8989453231509,42.97085382816689,41.697174819798406,42.687110900878906,192750,0.0,0.0
2023-01-25 00:00:00-05:00,42.20790642495049,42.99607197776002,41.7413094447438,42.87627029418945,142650,0.0,0.0
2023-01-26 00:00:00-05:00,42.96454249642621,43.03390155043877,41.89263410743485,43.0086784362793,280950,0.0,0.0
2023-01-27 00:00:00-05:00,42.958239235783616,43.6644395852388,42.958239235783616,43.26089859008789,229950,0.0,0.0
2023-01-30 00:00:00-05:00,42.92040907659856,43.626605803356284,42.390759727559754,43.468971252441406,243300,0.0,0.0
2023-01-31 00:00:00-05:00,43.54464216529175,45.09575391927639,43.54464216529175,44.748958587646484,356400,0.0,0.0
2023-02-01 00:00:00-05:00,44.71743049647536,46.098301474773095,44.54718617871182,45.73258972167969,331500,0.0,0.0
2023-02-02 00:00:00-05:00,46.098302047357215,48.197975979285296,46.098302047357215,47.60527420043945,636300,0.0,0.0
2023-02-03 00:00:00-05:00,46.97474265794005,49.156385385916366,46.97474265794005,48.670875549316406,428250,0.0,0.0
2023-02-06 00:00:00-05:00,47.92054343673027,48.601517109814495,46.41987435382766,47.22064971923828,259050,0.0,0.0
2023-02-07 00:00:00-05:00,46.905379198022885,47.46024804612124,46.3631201035779,47.29631042480469,220200,0.0,0.0
2023-02-08 00:00:00-05:00,46.82971939024227,47.2710932954694,45.99111113507557,46.243324279785156,254700,0.0,0.0
2023-02-09 00:00:00-05:00,45.08313974058385,47.69354645444724,45.032697116199735,46.42617416381836,396450,0.0,0.0
2023-02-10 00:00:00-05:00,46.65316777571687,47.59896788486785,46.38834129175465,46.92429733276367,366450,0.0,0.0
2023-02-13 00:00:00-05:00,46.817111626226875,47.958379311527125,46.520762521566766,47.8133544921875,198300,0.0,0.0
2023-02-14 00:00:00-05:00,47.37197736390168,47.668330056457776,46.65947389500914,47.290008544921875,159750,0.0,0.0
2023-02-15 00:00:00-05:00,46.76666606786835,47.68094005207747,46.60272842908121,47.22064971923828,177300,0.0,0.0
2023-02-16 00:00:00-05:00,46.85494119656528,47.9016266197842,46.7414425786683,47.40350341796875,161850,0.0,0.0
2023-02-17 00:00:00-05:00,47.47327759711023,47.47327759711023,46.47738047471959,46.98484420776367,241200,0.3,0.0
2023-02-21 00:00:00-05:00,46.27439415101715,46.62327775713108,45.07551146288732,45.29752731323242,272400,0.0,0.0
2023-02-22 00:00:00-05:00,45.42439815297794,46.67402730232234,45.42439815297794,46.039695739746094,269250,0.0,0.0
2023-02-23 00:00:00-05:00,46.36319732674922,46.559841787240394,45.221405768973256,46.17290115356445,167700,0.0,0.0
2023-02-24 00:00:00-05:00,45.35461926593301,46.191932678222656,45.10088737892596,46.191932678222656,247500,0.0,0.0
2023-02-27 00:00:00-05:00,46.48372041423301,46.95946810652861,46.07140477966567,46.17290115356445,114300,0.0,0.0
2023-02-28 00:00:00-05:00,46.306112108927024,46.62962070012069,45.71618232931876,46.210960388183594,243150,0.0,0.0
2023-03-01 00:00:00-05:00,46.1094676391686,46.68036707462818,45.75424301761613,46.210960388183594,168600,0.0,0.0
2023-03-02 00:00:00-05:00,46.014321525781774,46.45200857101228,45.81133601902751,46.38857650756836,197850,0.0,0.0
2023-03-03 00:00:00-05:00,46.851636066712516,47.64454770663498,46.388574042906995,46.953128814697266,225450,0.0,0.0
2023-03-06 00:00:00-05:00,47.14977095835549,47.213203020185624,45.81133485353738,46.369544982910156,294150,0.0,0.0
2023-03-07 00:00:00-05:00,45.544921410635006,45.90648709951184,43.96543897236372,45.60200881958008,286500,0.0,0.0
2023-03-08 00:00:00-05:00,45.60834829277177,46.12215306319756,45.01841851651696,45.91282653808594,179850,0.0,0.0
2023-03-09 00:00:00-05:00,45.89379234162542,45.89379234162542,44.94229699747239,45.20237350463867,186450,0.0,0.0
2023-03-10 00:00:00-05:00,44.910590727966,45.06282987092178,43.50871877728911,43.984466552734375,423150,0.0,0.0
2023-03-13 00:00:00-04:00,43.07102769113092,43.43259698316485,42.182964291609196,42.70311737060547,220500,0.0,0.0
2023-03-14 00:00:00-04:00,43.927378063106744,44.2572277165708,42.55722218051023,43.25498580932617,318000,0.0,0.0
2023-03-15 00:00:00-04:00,42.182964960241065,43.375506636272846,42.170279273389795,43.29938888549805,256050,0.0,0.0
2023-03-16 00:00:00-04:00,42.65871104684262,44.669539336411056,42.65871104684262,44.21282196044922,226350,0.0,0.0
2023-03-17 00:00:00-04:00,43.47700115959112,44.143048746892696,42.76655185166971,43.01394271850586,776250,0.0,0.0
2023-03-20 00:00:00-04:00,43.48334122484884,44.30162786312438,42.81094905005641,42.96318817138672,283050,0.0,0.0
2023-03-21 00:00:00-04:00,43.775132316877304,44.68856701429797,43.67363957271945,43.876625061035156,357000,0.0,0.0
2023-03-22 00:00:00-04:00,44.04789588967566,44.32066175393027,43.051998678314405,43.102745056152344,249750,0.0,0.0
2023-03-23 00:00:00-04:00,43.457965304469425,43.457965304469425,41.688183287874104,42.34154510498047,317400,0.0,0.0
2023-03-24 00:00:00-04:00,41.992663341826365,42.335202279822795,41.16169099911916,41.973636627197266,199050,0.0,0.0
2023-03-27 00:00:00-04:00,42.51915821008225,43.03930761047502,41.669151950480845,41.99266052246094,204300,0.0,0.0
2023-03-28 00:00:00-04:00,41.884836142899395,42.69043723953215,41.884836142899395,42.60797119140625,219000,0.0,0.0
2023-03-29 00:00:00-04:00,43.05199552330249,43.05834018119249,41.92923063479317,42.36057662963867,159150,0.0,0.0
2023-03-30 00:00:00-04:00,42.804607117029946,43.19789241290301,42.13855961416429,42.34154510498047,118200,0.0,0.0
2023-03-31 00:00:00-04:00,42.60162606105196,43.83856947818745,42.60162606105196,43.64826965332031,189600,0.0,0.0
2023-04-03 00:00:00-04:00,43.70535723625733,44.111328228073134,43.058340060634144,43.50871276855469,179250,0.0,0.0
2023-04-04 00:00:00-04:00,43.13445971381334,43.19789540633939,41.30124551172048,41.91020202636719,300750,0.0,0.0
2023-04-05 00:00:00-04:00,41.59938490666446,41.59938490666446,40.66057508286614,41.12997817993164,275250,0.0,0.0
2023-04-06 00:00:00-04:00,41.27587780716387,41.345654534377495,40.62886054542619,40.7366943359375,185100,0.0,0.0
2023-04-10 00:00:00-04:00,40.69228899707378,42.51281751252828,40.69228899707378,41.91020202636719,252450,0.0,0.0
2023-04-11 00:00:00-04:00,42.297151216761684,43.90200509678494,41.93558188321459,43.70536422729492,269700,0.0,0.0
2023-04-12 00:00:00-04:00,44.079613121397706,44.21916293050736,43.077371306941366,43.41990661621094,145950,0.0,0.0
2023-04-13 00:00:00-04:00,43.64192453775721,43.75610297011833,42.836323594116145,43.540428161621094,214650,0.0,0.0
2023-04-14 00:00:00-04:00,43.534088761050036,44.257223699261054,43.153489132728204,43.69266891479492,205350,0.0,0.0
2023-04-17 00:00:00-04:00,43.768796977887696,44.073275275186546,43.27401883736015,43.9464111328125,83850,0.0,0.0
2023-04-18 00:00:00-04:00,43.6926685432739,44.257223322939595,43.6926685432739,43.99715042114258,128700,0.0,0.0
2023-04-19 00:00:00-04:00,44.269913325859086,44.91693052074496,43.74341559679798,44.78371810913086,207750,0.0,0.0
2023-04-20 00:00:00-04:00,44.390433697646394,45.06917056702313,44.08595543850567,44.69491195678711,181800,0.0,0.0
2023-04-21 00:00:00-04:00,44.52364464048385,44.52998929898201,43.80685430588744,44.07961654663086,144300,0.0,0.0
2023-04-24 00:00:00-04:00,44.04155659769831,44.6505131557669,43.80051038604598,43.96543884277344,117000,0.0,0.0
2023-04-25 00:00:00-04:00,43.699018682467425,43.699018682467425,42.44938950243875,43.00125503540039,243600,0.0,0.0
2023-04-26 00:00:00-04:00,42.69677302597066,42.82998181094364,40.724005365528186,40.95236587524414,327300,0.0,0.0
2023-04-27 00:00:00-04:00,41.61841072459803,44.13669904798817,41.16803439264564,43.45796585083008,513750,0.0,0.0
2023-04-28 00:00:00-04:00,43.31207229304967,44.21282134609718,43.31207229304967,43.534088134765625,239400,0.0,0.0
2023-05-01 00:00:00-04:00,43.388191371335814,44.21916373137383,43.23595224345863,43.9337158203125,211650,0.0,0.0
2023-05-02 00:00:00-04:00,43.60386938400679,43.60386938400679,41.50423384159369,42.98222351074219,196950,0.0,0.0
2023-05-03 00:00:00-04:00,43.11542665776862,44.20013446464825,42.03706713830967,42.284454345703125,350100,0.0,0.0
2023-05-04 00:00:00-04:00,41.86580148977079,41.86580148977079,40.70497583242454,40.946022033691406,186000,0.0,0.0
2023-05-05 00:00:00-04:00,41.56766829970961,42.43035672846976,41.37736847418394,42.22737121582031,172500,0.0,0.0
2023-05-08 00:00:00-04:00,42.278113598428206,42.512815121539916,41.415425251197675,41.68184280395508,140100,0.0,0.0
2023-05-09 00:00:00-04:00,41.56132246593761,41.68184556437317,41.098260417176476,41.225128173828125,152400,0.0,0.0
2023-05-10 00:00:00-04:00,41.89751444449082,42.430353185537236,40.81915490600042,41.4598274230957,150750,0.0,0.0
2023-05-11 00:00:00-04:00,41.136322184151105,42.40498163554724,40.324380135257584,41.326622009277344,128250,0.0,0.0
2023-05-12 00:00:00-04:00,41.561324420350836,41.67550286593953,40.59714321719309,40.96505355834961,170550,0.0,0.0
2023-05-15 00:00:00-04:00,41.16169092036637,41.745276045441294,40.87624301580449,41.70087432861328,163500,0.0,0.0
2023-05-16 00:00:00-04:00,41.3773669394311,41.49154537864453,40.647887326696306,41.19975280761719,177600,0.0,0.0
2023-05-17 00:00:00-04:00,41.516914348882295,43.7116977182091,41.516914348882295,43.622894287109375,240000,0.0,0.0
2023-05-18 00:00:00-04:00,43.51505624924342,44.16841443539701,43.0519942381053,44.00983428955078,163200,0.0,0.0
2023-05-19 00:00:00-04:00,44.51095687605937,44.52998722099846,43.00759592254287,43.62923812866211,181950,0.0,0.0
2023-05-22 00:00:00-04:00,43.66095943873017,43.94006635868991,43.30573475947897,43.591182708740234,159000,0.0,0.0
2023-05-23 00:00:00-04:00,43.47699781722957,44.11132932251357,43.115428532547654,43.7751350402832,209400,0.0,0.0
2023-05-24 00:00:00-04:00,43.59751809967952,43.77513221638142,43.216918495127906,43.438934326171875,199650,0.0,0.0
2023-05-25 00:00:00-04:00,43.178869115718655,44.041557592468095,42.88073185888807,43.984466552734375,162000,0.0,0.0
2023-05-26 00:00:00-04:00,43.96543337943194,45.05013756740985,43.96543337943194,44.878868103027344,173550,0.0,0.0
2023-05-30 00:00:00-04:00,45.24043759120311,45.24043759120311,41.96094974692327,42.11953353881836,184500,0.0,0.0
2023-05-31 00:00:00-04:00,41.85310916068754,41.85310916068754,40.77474608445461,41.56766128540039,212100,0.0,0.0
2023-06-01 00:00:00-04:00,41.51691470319769,43.15348797972048,41.2060954323622,43.128116607666016,180900,0.0,0.0
2023-06-02 00:00:00-04:00,43.7814732867172,46.12215105687503,43.76878760113102,46.09043502807617,243000,0.0,0.0
2023-06-05 00:00:00-04:00,45.70984477328331,46.03969441780474,43.74976273307985,44.02886962890625,365400,0.0,0.0
2023-06-06 00:00:00-04:00,44.34603076117101,48.15201252555054,44.00983647964646,47.765071868896484,396600,0.0,0.0
2023-06-07 00:00:00-04:00,47.77775916229445,49.832989239001556,47.6382057185776,49.2557487487793,318750,0.0,0.0
2023-06-08 00:00:00-04:00,49.00201234745578,49.458729696881754,47.86021715905742,49.17962646484375,317700,0.0,0.0
2023-06-09 00:00:00-04:00,49.32359994495283,49.989100445401355,48.66450348719544,49.47077941894531,176250,0.45,0.0
2023-06-12 00:00:00-04:00,49.797135647068686,50.648203370884225,49.42599038566496,49.77153778076172,170250,0.0,0.0
2023-06-13 00:00:00-04:00,49.47078362776925,51.72963504045616,49.47078362776925,51.55046463012695,262350,0.0,0.0
2023-06-14 00:00:00-04:00,51.63364876707634,52.14557312882948,49.98910580612589,50.30905532836914,234450,0.0,0.0
2023-06-15 00:00:00-04:00,49.93151665057251,51.21771886783386,49.67555628357119,51.166526794433594,157350,0.0,0.0
2023-06-16 00:00:00-04:00,51.16652578791109,51.58885946976885,49.26601872723241,50.05949401855469,650850,0.0,0.0
2023-06-20 00:00:00-04:00,50.03389924308888,50.47543040475692,49.33000734031491,49.73954391479492,150900,0.0,0.0
2023-06-21 00:00:00-04:00,47.95421795998927,49.86112537463059,47.95421795998927,49.541175842285156,144750,0.0,0.0
2023-06-22 00:00:00-04:00,49.54117704900445,49.90591827983701,48.45334275405938,48.65171432495117,157650,0.0,0.0
2023-06-23 00:00:00-04:00,47.72385285743794,48.53652557713615,47.04555519919648,47.711055755615234,554100,0.0,0.0
2023-06-26 00:00:00-04:00,47.65986344383966,49.11883934110104,47.65986344383966,48.13978958129883,249900,0.0,0.0
2023-06-27 00:00:00-04:00,48.09499881918514,50.45623458228599,47.72385720172277,50.187477111816406,121650,0.0,0.0
2023-06-28 00:00:00-04:00,50.200274728531376,50.724996233398606,49.75234316546752,50.54582214355469,175500,0.0,0.0
2023-06-29 00:00:00-04:00,50.654602944394355,51.37769230977169,50.28985807077517,50.82097625732422,84750,0.0,0.0
2023-06-30 00:00:00-04:00,51.5056724124579,51.67844611314536,50.58421511648862,51.19211959838867,120150,0.0,0.0
2023-07-03 00:00:00-04:00,50.968148825011205,52.030388791687386,50.692991007324004,51.179317474365234,65400,0.0,0.0
2023-07-05 00:00:00-04:00,51.11532862567574,51.11532862567574,49.96990566224002,50.008296966552734,154500,0.0,0.0
2023-07-06 00:00:00-04:00,49.246822755066034,49.694754317652084,48.5877225142919,49.368404388427734,151500,0.0,0.0
2023-07-07 00:00:00-04:00,49.58596130947022,50.70579002447341,49.58596130947022,50.142677307128906,110850,0.0,0.0
2023-07-10 00:00:00-04:00,50.18747670807337,51.268910625064585,50.18747670807337,50.96815490722656,108750,0.0,0.0
2023-07-11 00:00:00-04:00,51.454480314775,52.24795926112537,51.224117821670575,52.132774353027344,114300,0.0,0.0
2023-07-12 00:00:00-04:00,53.3165951125964,53.342192980662595,52.43353274136767,52.74708557128906,146250,0.0,0.0
2023-07-13 00:00:00-04:00,52.91345351212803,53.6301424833841,52.35034074899826,53.51496124267578,138900,0.0,0.0
2023-07-14 00:00:00-04:00,53.71973343426841,53.873309653584485,52.990247307903566,53.438175201416016,150600,0.0,0.0
2023-07-17 00:00:00-04:00,53.59174966158264,54.10367403737817,52.625500686515885,54.007686614990234,123750,0.0,0.0
2023-07-18 00:00:00-04:00,53.95648843606305,55.37067245295468,53.9500917163251,54.25724411010742,144000,0.0,0.0
2023-07-19 00:00:00-04:00,54.16125887326189,55.01232654084589,53.32298830721298,54.749969482421875,124050,0.0,0.0
2023-07-20 00:00:00-04:00,54.647591520362866,54.99313527011785,53.89890424202895,54.81396484375,358800,0.0,0.0
2023-07-21 00:00:00-04:00,55.26189248864415,55.28748669279315,52.33754412574539,52.971046447753906,269400,0.0,0.0
2023-07-24 00:00:00-04:00,53.290997717295156,54.18046041770403,53.09262615167663,53.34218978881836,159450,0.0,0.0
2023-07-25 00:00:00-04:00,53.15661898723997,53.94369754460244,52.759879517548704,53.34218978881836,92700,0.0,0.0
2023-07-26 00:00:00-04:00,53.25260068929048,53.96928966290503,53.03503530911533,53.71332931518555,167700,0.0,0.0
2023-07-27 00:00:00-04:00,54.16765707986791,55.90179059156312,53.67493024432324,54.25724411010742,189600,0.0,0.0
2023-07-28 00:00:00-04:00,55.345075285416556,55.76101219697401,54.67317804248807,54.8907470703125,180900,0.0,0.0
2023-07-31 00:00:00-04:00,55.249097526473065,55.83780452170409,54.73717680820879,55.38347625732422,182700,0.0,0.0
2023-08-01 00:00:00-04:00,55.13391333954165,55.665031549378064,54.84595838944641,54.999534606933594,288900,0.0,0.0
2023-08-02 00:00:00-04:00,54.23165591287703,54.95474534187064,54.23165591287703,54.47481918334961,129600,0.0,0.0
2023-08-03 00:00:00-04:00,54.3276369966349,54.634789429993944,53.77732496635933,54.21245574951172,246450,0.0,0.0
2023-08-04 00:00:00-04:00,54.19325451404405,54.58999396172778,53.79011834624086,54.526004791259766,167100,0.0,0.0
2023-08-07 00:00:00-04:00,54.711575065002954,55.02512785580311,53.91169945708242,54.12926483154297,153150,0.0,0.0
2023-08-08 00:00:00-04:00,53.18861648952694,53.89250842693788,52.311950843562215,53.726131439208984,183750,0.0,0.0
2023-08-09 00:00:00-04:00,53.681333314134264,53.681333314134264,52.75987608663786,53.15021514892578,93450,0.0,0.0
2023-08-10 00:00:00-04:00,53.34858670164444,53.80291493378879,52.343939159480044,53.15021514892578,136350,0.0,0.0
2023-08-11 00:00:00-04:00,52.90066176828801,53.21421093650479,52.158374856387844,52.43353271484375,214500,0.0,0.0
2023-08-14 00:00:00-04:00,51.99839732942642,52.88786006685607,51.49927369591447,52.855865478515625,127200,0.0,0.0
2023-08-15 00:00:00-04:00,52.446327362793284,52.638298548794396,51.985598713318105,52.094383239746094,158250,0.0,0.0
2023-08-16 00:00:00-04:00,52.055987781814444,52.90705551586095,51.620853341731014,51.6976432800293,127200,0.0,0.0
2023-08-17 00:00:00-04:00,51.7168401337893,52.727884452594516,50.520221353542034,50.71219253540039,130800,0.0,0.0
2023-08-18 00:00:00-04:00,50.12988213456891,51.53766591568252,49.944311335171754,51.41608428955078,104700,0.0,0.0
2023-08-21 00:00:00-04:00,51.537666340259996,51.78082959452669,50.39864366825997,50.94895935058594,143400,0.0,0.0
2023-08-22 00:00:00-04:00,51.14093269448529,51.35210138589778,50.48183607398132,51.204925537109375,159750,0.0,0.0
2023-08-23 00:00:00-04:00,51.134528640311956,52.331143730288694,50.884965011423155,52.030391693115234,104250,0.0,0.0
2023-08-24 00:00:00-04:00,51.87681389346026,52.40153537633172,51.230514443739786,51.30730438232422,120900,0.0,0.0
2023-08-25 00:00:00-04:00,51.538964830533374,51.78350049850494,50.63804549893771,51.40382766723633,65550,0.3,0.0
2023-08-28 00:00:00-04:00,51.60331830819782,52.420581525823394,51.493923479059426,51.957252502441406,64650,0.0,0.0
2023-08-29 00:00:00-04:00,52.02803696349077,54.53773664599715,51.64192762054598,54.48625564575195,129000,0.0,0.0
2023-08-30 00:00:00-04:00,54.1645075746593,54.968897851029766,53.6303916652492,54.17094039916992,125100,0.0,0.0
2023-08-31 00:00:00-04:00,54.22885192494616,54.88523561412351,53.54672589393261,53.82343673706055,142800,0.0,0.0
2023-09-01 00:00:00-04:00,54.17736964428075,55.16837797844795,54.145194479403955,54.48625564575195,179550,0.0,0.0
2023-09-05 00:00:00-04:00,53.842742244722636,54.01649108387013,50.56726032481138,50.612308502197266,233100,0.0,0.0
2023-09-06 00:00:00-04:00,50.73457678577825,51.59044797708695,50.73457678577825,51.15929412841797,212100,0.0,0.0
2023-09-07 00:00:00-04:00,50.91475883366451,51.01128801377202,50.10393213182,50.438560485839844,170100,0.0,0.0
2023-09-08 00:00:00-04:00,50.3162872989528,50.3162872989528,49.33171185975303,49.83365249633789,123450,0.0,0.0
2023-09-11 00:00:00-04:00,50.09750235599906,50.25194537135602,49.07431507787673,49.576255798339844,140700,0.0,0.0
2023-09-12 00:00:00-04:00,49.576251884155795,50.367772735643925,49.576251884155795,50.16828155517578,141000,0.0,0.0
2023-09-13 00:00:00-04:00,50.168281816867875,50.2390686539634,49.383197467245694,49.95592498779297,134400,0.0,0.0
2023-09-14 00:00:00-04:00,50.53508053972108,52.11812210083008,50.148974907520355,52.11812210083008,142950,0.0,0.0
2023-09-15 00:00:00-04:00,51.99586224276822,51.99586224276822,49.64060185866696,50.06532287597656,869550,0.0,0.0
2023-09-18 00:00:00-04:00,50.155411971483474,51.05633132647945,50.155411971483474,50.59300231933594,146850,0.0,0.0
2023-09-19 00:00:00-04:00,50.59300262458253,51.481048973079275,50.59300262458253,51.056331634521484,141900,0.0,0.0
2023-09-20 00:00:00-04:00,51.39739482063719,51.609755339343536,50.34846892175648,50.432125091552734,152700,0.0,0.0
2023-09-21 00:00:00-04:00,50.04601532423535,50.309853142315795,49.408937502329614,49.5247688293457,186900,0.0,0.0
2023-09-22 00:00:00-04:00,49.544077973011305,49.595558975368995,48.334272576499714,48.829776763916016,234450,0.0,0.0
2023-09-25 00:00:00-04:00,48.39218750701924,49.42181125987951,48.39218750701924,49.11935806274414,207000,0.0,0.0
2023-09-26 00:00:00-04:00,48.572371705132895,48.90700006123999,47.25960430517605,47.56205749511719,414000,0.0,0.0
2023-09-27 00:00:00-04:00,47.999642911496856,48.836211938661485,47.999642911496856,48.60454559326172,178500,0.0,0.0
2023-09-28 00:00:00-04:00,48.475850233382246,49.466858689576206,48.475850233382246,49.06144714355469,204000,0.0,0.0
2023-09-29 00:00:00-04:00,49.415373534196746,50.00097039520389,48.17982947990784,48.30209732055664,172650,0.0,0.0
2023-10-02 00:00:00-04:00,48.21844350483908,48.482281352922904,48.03182164059824,48.28923034667969,150300,0.0,0.0
2023-10-03 00:00:00-04:00,47.99964962819446,48.35358386066373,47.09229731968516,47.65858840942383,180300,0.0,0.0
2023-10-04 00:00:00-04:00,47.574928079325204,48.141219119640624,47.21456105366993,47.93529510498047,133500,0.0,0.0
2023-10-05 00:00:00-04:00,47.93529345641904,48.08973646210264,46.532437075345875,46.654701232910156,217500,0.0,0.0
2023-10-06 00:00:00-04:00,46.33294475000477,47.20812176064801,45.43846190385031,46.0691032409668,188400,0.0,0.0
2023-10-09 00:00:00-04:00,45.831003824286,46.500256828788,45.36767482116924,46.49382400512695,249450,0.0,0.0
2023-10-10 00:00:00-04:00,46.80913914286022,47.92885173272521,46.6611326593551,47.46552276611328,149550,0.0,0.0
2023-10-11 00:00:00-04:00,47.43335543505114,47.94173265873318,46.854195051718506,47.401180267333984,82200,0.0,0.0
2023-10-12 00:00:00-04:00,47.51057637118443,47.51057637118443,45.406288105854316,46.14632797241211,184350,0.0,0.0
2023-10-13 00:00:00-04:00,46.281463566868915,46.68687874658276,45.97901038800119,46.42947006225586,190950,0.0,0.0
2023-10-16 00:00:00-04:00,46.89923708797992,48.134784820284445,46.87993125192076,47.626407623291016,238200,0.0,0.0
2023-10-17 00:00:00-04:00,47.16307657717178,49.01639257264503,47.16307657717178,48.84264373779297,165150,0.0,0.0
2023-10-18 00:00:00-04:00,48.12190506700529,48.99708197988959,46.44877089244439,48.340702056884766,220350,0.0,0.0
2023-10-19 00:00:00-04:00,48.057561319932994,48.2441794916164,47.111597449377186,47.246734619140625,110700,0.0,0.0
2023-10-20 00:00:00-04:00,47.32395624476404,48.21843908092065,47.137334397645276,47.44622039794922,126900,0.0,0.0
2023-10-23 00:00:00-04:00,47.25317258125782,47.8966832839805,46.8348880469398,46.96358871459961,132150,0.0,0.0
2023-10-24 00:00:00-04:00,47.24673389266897,47.47196373288212,46.603219537458315,46.6160888671875,127200,0.0,0.0
2023-10-25 00:00:00-04:00,46.33294378004114,46.49382328445902,45.73447762056817,46.15919494628906,246900,0.0,0.0
2023-10-26 00:00:00-04:00,45.367674023924494,46.976458018134174,45.14244419109091,46.667572021484375,227100,0.0,0.0
2023-10-27 00:00:00-04:00,46.4101660030962,47.27890646872922,45.95326984172276,46.16563034057617,189000,0.0,0.0
2023-10-30 00:00:00-04:00,46.64182830793531,47.58135559954086,46.20424166666587,47.330387115478516,142200,0.0,0.0
2023-10-31 00:00:00-04:00,47.14377381345022,48.46297774311185,47.14377381345022,48.36001205444336,136200,0.0,0.0
2023-11-01 00:00:00-04:00,48.327835759508496,49.82078850048989,48.0833000793295,49.69852066040039,135600,0.0,0.0
2023-11-02 00:00:00-04:00,50.40638193374018,51.30086474344831,49.84008726771584,51.133548736572266,203850,0.0,0.0
2023-11-03 00:00:00-04:00,51.577575693155055,52.50423366886503,51.17859703306039,52.3176155090332,288450,0.0,0.0
2023-11-06 00:00:00-05:00,52.27256705757898,52.27256705757898,50.843968432023175,51.04989242553711,195450,0.0,0.0
2023-11-07 00:00:00-05:00,50.74101277542765,51.0370294736445,50.26481440147787,50.972679138183594,181800,0.0,0.0
2023-11-08 00:00:00-05:00,51.281560622273894,51.281560622273894,49.8014809445721,49.898006439208984,143100,0.0,0.0
2023-11-09 00:00:00-05:00,50.46429333807364,50.46429333807364,48.84264012101165,49.222312927246094,123150,0.0,0.0
2023-11-10 00:00:00-05:00,49.3381519631064,50.48360329856838,48.26992028694412,50.19402313232422,174600,0.0,0.0
2023-11-13 00:00:00-05:00,49.82078743304193,50.43212293817938,49.28667158818394,50.38064193725586,174450,0.0,0.0
2023-11-14 00:00:00-05:00,51.48105124912073,53.71404391323245,50.64448586474272,53.49524688720703,225600,0.0,0.0
2023-11-15 00:00:00-05:00,53.578906059217054,54.569914441150985,53.508119220191524,54.048667907714844,205950,0.0,0.0
2023-11-16 00:00:00-05:00,54.12588935687494,54.24172068839925,53.1863583283677,53.784828186035156,120000,0.0,0.0
2023-11-17 00:00:00-05:00,54.25459706230001,54.85949609897291,54.02936352681577,54.65357208251953,144750,0.0,0.0
2023-11-20 00:00:00-05:00,54.46695046482423,55.50300698803682,54.46695046482423,54.96889114379883,191250,0.0,0.0
2023-11-21 00:00:00-05:00,54.59565348439002,54.59565348439002,53.804132655024034,54.00362014770508,129450,0.0,0.0
2023-11-22 00:00:00-05:00,54.64069862515928,54.795141625834596,53.8234354452035,54.19023895263672,138450,0.0,0.0
2023-11-24 00:00:00-05:00,54.34946295561596,55.12281799316406,53.95953348350155,55.12281799316406,42300,0.55,0.0
2023-11-27 00:00:00-05:00,54.75238438544892,55.32427816845622,54.28447129026113,54.83036804199219,225900,0.0,0.0
2023-11-28 00:00:00-05:00,54.86286577437372,54.86286577437372,53.48512341380386,53.72557830810547,187200,0.0,0.0
2023-11-29 00:00:00-05:00,54.492435362332806,54.524928864053926,53.23166667115299,53.277156829833984,194550,0.0,0.0
2023-11-30 00:00:00-05:00,53.29015735129233,53.33564751009782,52.3933210830345,53.3161506652832,153450,0.0,0.0
2023-12-01 00:00:00-05:00,53.42013377475959,55.389270566386294,53.42013377475959,55.330780029296875,190200,0.0,0.0
2023-12-04 00:00:00-05:00,54.979846916120295,56.35109280909642,54.921356380144275,56.19512176513672,136800,0.0,0.0
2023-12-05 00:00:00-05:00,56.18862223123083,56.533057825821,54.42744684853234,55.194305419921875,178350,0.0,0.0
2023-12-06 00:00:00-05:00,55.811690739811446,57.36490466152473,55.5257419754996,55.64921951293945,229050,0.0,0.0
2023-12-07 00:00:00-05:00,56.299100846004826,56.90348815917969,53.77106699386935,56.90348815917969,190800,0.0,0.0
2023-12-08 00:00:00-05:00,56.87099528845847,57.514376298303944,56.35758828697133,57.098453521728516,157800,0.0,0.0
2023-12-11 00:00:00-05:00,57.07245763101333,58.13176143863317,56.69552853685943,57.47538375854492,194850,0.0,0.0
2023-12-12 00:00:00-05:00,57.65735287855173,57.65735287855173,56.201619386446644,56.58504867553711,196500,0.0,0.0
2023-12-13 00:00:00-05:00,56.72152330893011,58.04727527362042,55.4477579716366,57.94979476928711,442200,0.0,0.0
2023-12-14 00:00:00-05:00,58.48919249715781,61.12770709071808,58.463195465962,60.73127746582031,373500,0.0,0.0
2023-12-15 00:00:00-05:00,60.8872518330023,61.21219056957526,59.86694174585891,60.57530975341797,1875000,0.0,0.0
2023-12-18 00:00:00-05:00,61.153704699752815,61.17969801413213,60.12689440891057,60.86125946044922,200250,0.0,0.0
2023-12-19 00:00:00-05:00,61.348665213521755,64.4485927179876,61.30967152599122,64.31211853027344,437700,0.0,0.0
2023-12-20 00:00:00-05:00,63.92218663116051,65.78733874963326,63.59074401855469,63.59074401855469,466650,0.0,0.0
2023-12-21 00:00:00-05:00,64.35111188665478,64.59156676078449,62.8563885796748,64.20813751220703,222000,0.0,0.0
2023-12-22 00:00:00-05:00,64.46158718588042,65.37142008376338,63.96118429814472,64.81902313232422,149850,0.0,0.0
2023-12-26 00:00:00-05:00,65.293442252714,65.99530635573461,64.98799292282392,65.48190307617188,149550,0.0,0.0
2023-12-27 00:00:00-05:00,65.70936678642423,66.61269955004823,65.11797611159227,66.04080200195312,184200,0.0,0.0
2023-12-28 00:00:00-05:00,65.58588488494684,66.08629523463787,65.44291049932083,65.83283996582031,107250,0.0,0.0
2023-12-29 00:00:00-05:00,66.01480613805562,66.24876083629401,65.16346003679521,65.2154541015625,120750,0.0,0.0
2024-01-02 00:00:00-05:00,65.47540097931135,67.1715929646924,64.10415887784666,64.86451721191406,216750,0.0,0.0
2024-01-03 00:00:00-05:00,64.11065696715325,64.11065696715325,61.69959688419837,61.84257125854492,364950,0.0,0.0
2024-01-04 00:00:00-05:00,62.04404059081252,62.36247914345517,61.576127465726735,62.01154708862305,147150,0.0,0.0
2024-01-05 00:00:00-05:00,61.34216859527614,62.86938549887098,61.34216859527614,61.881568908691406,238500,0.0,0.0
2024-01-08 00:00:00-05:00,62.20651018108247,63.14883665064745,61.94006196676525,62.719913482666016,130800,0.0,0.0
2024-01-09 00:00:00-05:00,62.27800152484612,62.90188575404577,61.485149579899065,62.784912109375,111150,0.0,0.0
2024-01-10 00:00:00-05:00,62.784900597331145,64.00017532746105,62.15451257652873,63.961181640625,128100,0.0,0.0
2024-01-11 00:00:00-05:00,65.45591459321288,67.10660543504608,62.90188350798977,64.55258178710938,181500,0.0,0.0
2024-01-12 00:00:00-05:00,65.89132706285348,66.45022423184524,62.79789950676958,63.49327087402344,145050,0.0,0.0
2024-01-16 00:00:00-05:00,63.038350557502,63.298305999520196,61.88806650571751,62.26499557495117,145050,0.0,0.0
2024-01-17 00:00:00-05:00,61.60861961683151,62.063536074793724,59.14557278726874,61.5891227722168,147900,0.0,0.0
2024-01-18 00:00:00-05:00,62.336484735201616,63.05135292675357,61.92056196464672,62.901878356933594,144150,0.0,0.0
2024-01-19 00:00:00-05:00,63.1358471627395,63.94819222631898,62.1740200762636,63.837711334228516,148200,0.0,0.0
2024-01-22 00:00:00-05:00,64.47459656795735,65.54039693126731,64.22114127622824,65.29994201660156,171300,0.0,0.0
2024-01-23 00:00:00-05:00,65.91733227621174,66.88565210552838,64.64356308983865,64.89051818847656,144750,0.0,0.0
2024-01-24 00:00:00-05:00,66.22276594773095,66.22276594773095,64.43559365873138,64.72804260253906,168750,0.0,0.0
2024-01-25 00:00:00-05:00,65.50789776910388,66.09928844054578,64.68255239173055,65.9303207397461,218700,0.0,0.0
2024-01-26 00:00:00-05:00,66.29425945433802,67.20409243590329,66.26826613873835,66.76216888427734,234900,0.0,0.0
2024-01-29 00:00:00-05:00,67.08060635164465,67.80197100938625,66.23576787571177,67.62001037597656,145200,0.0,0.0
2024-01-30 00:00:00-05:00,66.97662841498243,67.44454526783808,66.03430195853534,66.07979583740234,205050,0.0,0.0
2024-01-31 00:00:00-05:00,66.3397411870195,67.42504198707437,65.16996025794242,65.24144744873047,192300,0.0,0.0
2024-02-01 00:00:00-05:00,65.42991130094002,66.41772409264239,64.61755894322557,66.2487564086914,151050,0.0,0.0
2024-02-02 00:00:00-05:00,65.48189948896075,67.40554593158932,64.99448955014752,66.7166748046875,159000,0.0,0.0
2024-02-05 00:00:00-05:00,65.80033795852637,66.17726700041864,64.81901794981465,65.57937622070312,151500,0.0,0.0
2024-02-06 00:00:00-05:00,65.57289465879376,66.80766267695182,65.33243231863158,66.72967529296875,176100,0.0,0.0
2024-02-07 00:00:00-05:00,66.78167102290956,67.63300976783277,65.88483839664997,67.23658752441406,241800,0.0,0.0
2024-02-08 00:00:00-05:00,66.63869308828845,69.82310099239315,65.41041785573768,68.52984619140625,425100,0.0,0.0
2024-02-09 00:00:00-05:00,69.2447125230192,72.85804368519908,68.51034743927805,71.59078216552734,319350,0.0,0.0
2024-02-12 00:00:00-05:00,71.9352223297581,73.81987541422403,70.87591470434019,73.11150360107422,274800,0.0,0.0
2024-02-13 00:00:00-05:00,69.68013706280412,71.23984757960869,69.14723318058016,69.52416229248047,343350,0.0,0.0
2024-02-14 00:00:00-05:00,71.03188344852859,71.64926744322109,69.55015293652325,71.12286376953125,201450,0.0,0.0
2024-02-15 00:00:00-05:00,71.64926289774176,72.43561454571602,70.44048830000216,72.07818603515625,186600,0.0,0.0
2024-02-16 00:00:00-05:00,71.78682374789238,73.07668770093379,71.44635577204515,72.80823516845703,306600,0.55,0.0
2024-02-20 00:00:00-05:00,71.95706520663926,73.0963268914795,71.34814469850312,72.94573211669922,435000,0.0,0.0
2024-02-21 00:00:00-05:00,72.38919028689125,73.48262456730826,72.27134003051374,73.404052734375,203850,0.0,0.0
2024-02-22 00:00:00-05:00,73.72488577429459,75.2635480426974,73.72488577429459,74.5629653930664,183300,0.0,0.0
2024-02-23 00:00:00-05:00,74.51713631834886,75.43378026012311,73.96714096165711,74.68737030029297,129900,0.0,0.0
2024-02-26 00:00:00-05:00,74.47784846827818,76.00341285740913,74.37308852110561,75.36175537109375,292500,0.0,0.0
2024-02-27 00:00:00-05:00,76.23912855169154,76.98554606043301,75.57783178680694,76.18675231933594,276900,0.0,0.0
2024-02-28 00:00:00-05:00,75.47306673672426,77.2539933910693,75.47306673672426,76.9200668334961,284550,0.0,0.0
2024-02-29 00:00:00-05:00,77.26053684403946,78.89086877086731,77.09685175836269,78.53075408935547,306150,0.0,0.0
2024-03-01 00:00:00-05:00,78.41944117690564,80.41642909094115,77.35220248466928,80.06941223144531,352650,0.0,0.0
2024-03-04 00:00:00-05:00,79.97774684520314,80.91403743772344,78.97597473143092,79.16585540771484,255150,0.0,0.0
2024-03-05 00:00:00-05:00,78.28194145619588,79.12002101082128,77.077205842933,77.46350860595703,294150,0.0,0.0
2024-03-06 00:00:00-05:00,77.46351314358614,77.46351314358614,72.32371917594416,73.81000518798828,616950,0.0,0.0
2024-03-07 00:00:00-05:00,74.72011022395832,76.02960590203472,73.5546529261915,73.71833801269531,520500,0.0,0.0
2024-03-08 00:00:00-05:00,74.29451310813594,75.78734041016847,72.74930208852962,73.41059875488281,314400,0.0,0.0
2024-03-11 00:00:00-04:00,72.58562102180228,73.3778657862292,71.28266682822203,73.24691772460938,237000,0.0,0.0
2024-03-12 00:00:00-04:00,73.54810471267217,73.54810471267217,71.19100197983569,71.46600341796875,432000,0.0,0.0
2024-03-13 00:00:00-04:00,71.36123901394346,73.30584321485385,70.80469476327255,72.64454650878906,414450,0.0,0.0
2024-03-14 00:00:00-04:00,72.96537849538574,73.076687350462,71.08624074915238,72.31062316894531,287850,0.0,0.0
2024-03-15 00:00:00-04:00,72.3171691466863,74.37963110762185,72.3171691466863,73.82964324951172,1803300,0.0,0.0
2024-03-18 00:00:00-04:00,74.47130326555832,75.5058049853867,73.1683490163135,74.42546844482422,286350,0.0,0.0
2024-03-19 00:00:00-04:00,73.81655327223586,75.38795251180238,73.81655327223586,74.60224914550781,209250,0.0,0.0
2024-03-20 00:00:00-04:00,74.63497996685383,75.38139735358082,73.26000293646894,74.66771697998047,284700,0.0,0.0
2024-03-21 00:00:00-04:00,75.42069670807584,77.12959307548604,75.38141078671863,76.30461120605469,267000,0.0,0.0
2024-03-22 00:00:00-04:00,76.6057801436832,77.22779089030038,75.06711803730276,75.99031829833984,244500,0.0,0.0
2024-03-25 00:00:00-04:00,76.27839730946374,76.91350581526807,75.48615264892578,75.48615264892578,179400,0.0,0.0
2024-03-26 00:00:00-04:00,76.06234297832977,76.41590123201804,75.51234765398998,75.7284164428711,227100,0.0,0.0
2024-03-27 00:00:00-04:00,76.27841113306178,77.20816040039062,76.1278238518646,77.20816040039062,141450,0.0,0.0
2024-03-28 00:00:00-04:00,77.58135737493375,79.04145515913548,77.02482064965879,78.22301483154297,400800,0.0,0.0
2024-04-01 00:00:00-04:00,78.19028104830518,79.20514349979823,77.22124592201892,77.61409759521484,244500,0.0,0.0
2024-04-02 00:00:00-04:00,76.61233231174981,77.1295831391077,75.3617543708942,76.75637817382812,405000,0.0,0.0
2024-04-03 00:00:00-04:00,76.2456767396775,77.86291091362123,75.95758498535105,76.15401458740234,185700,0.0,0.0
2024-04-04 00:00:00-04:00,76.93316220348724,77.19505832535604,73.75761927467077,74.12428283691406,222600,0.0,0.0
2024-04-05 00:00:00-04:00,74.11118643251265,76.25222023850247,73.4695289329864,75.56473541259766,137400,0.0,0.0
2024-04-08 00:00:00-04:00,76.32424131348843,76.74328110060256,75.10640786881582,75.27664184570312,204600,0.0,0.0
2024-04-09 00:00:00-04:00,75.56472882061605,75.56472882061605,74.28796283471863,74.85759735107422,134100,0.0,0.0
2024-04-10 00:00:00-04:00,72.8409693554991,73.42370172604504,70.94874136271645,71.30230712890625,232950,0.0,0.0
2024-04-11 00:00:00-04:00,71.72789509220567,71.74753430433783,70.38565497482334,71.40706634521484,220800,0.0,0.0
2024-04-12 00:00:00-04:00,71.25646909676378,71.25646909676378,69.49519674003157,70.1237564086914,134850,0.0,0.0
2024-04-15 00:00:00-04:00,70.6410005501812,71.36122978554356,68.99757860361113,69.1416244506836,148500,0.0,0.0
2024-04-16 00:00:00-04:00,68.56545184065534,69.22020715627768,67.81249296861927,68.67021179199219,160500,0.0,0.0
2024-04-17 00:00:00-04:00,69.48210261927306,69.48210261927306,67.8255826265075,68.22498321533203,200700,0.0,0.0
2024-04-18 00:00:00-04:00,68.10057218031888,68.59163488421973,66.69286558975571,67.20356750488281,179100,0.0,0.0
2024-04-19 00:00:00-04:00,66.7976259222813,67.95653420995602,66.7976259222813,67.70117950439453,192900,0.0,0.0
2024-04-22 00:00:00-04:00,67.86486814349706,70.06482708739439,67.86486814349706,69.10234832763672,225900,0.0,0.0
2024-04-23 00:00:00-04:00,68.74878803517302,71.57730690256034,68.72259991891599,71.01422119140625,207300,0.0,0.0
2024-04-24 00:00:00-04:00,70.96183627842845,71.42671087698507,69.35770008530787,69.93387603759766,123150,0.0,0.0
2024-04-25 00:00:00-04:00,68.76188552764155,68.92557061978395,67.42619419529451,68.36903381347656,145500,0.0,0.0
2024-04-26 00:00:00-04:00,68.42140419877018,69.48865039019701,68.41486279006206,69.06961059570312,97350,0.0,0.0
2024-04-29 00:00:00-04:00,69.35769479473261,70.32672234099799,69.29221327756014,70.16958618164062,149700,0.0,0.0
2024-04-30 00:00:00-04:00,69.6719829845406,69.7047200005526,68.28390802935516,68.41486358642578,253950,0.0,0.0
2024-05-01 00:00:00-04:00,68.83390633231114,69.36424751301179,66.62739089632821,68.1333236694336,345150,0.0,0.0
2024-05-02 00:00:00-04:00,71.43325621161597,73.10942292054884,67.0595263843448,72.24514770507812,520800,0.0,0.0
2024-05-03 00:00:00-04:00,73.44989022614368,74.14392395859946,70.98802765344897,72.76240539550781,345750,0.0,0.0
2024-05-06 00:00:00-04:00,73.63321354211229,74.61533889749039,73.37785885166788,74.10462951660156,217950,0.0,0.0
2024-05-07 00:00:00-04:00,74.51713115026435,75.5188957600453,74.09809137976484,74.73319244384766,266700,0.0,0.0
2024-05-08 00:00:00-04:00,73.98678549612004,75.414138834867,73.46952717063283,75.00164794921875,244800,0.0,0.0
2024-05-09 00:00:00-04:00,75.00164863598717,75.49926026117762,74.42546517670925,75.30937957763672,245400,0.0,0.0
2024-05-10 00:00:00-04:00,75.68913606650378,75.94449078959836,74.28797077996965,75.21772003173828,143400,0.0,0.0
2024-05-13 00:00:00-04:00,75.89209632744087,75.94448004223655,73.67903985752385,73.98677825927734,201750,0.0,0.0
2024-05-14 00:00:00-04:00,74.90343437709923,77.09684428463169,74.19630288668785,76.19329071044922,269700,0.0,0.0
2024-05-15 00:00:00-04:00,77.103401613064,77.22125187899823,74.85105883981208,75.53854370117188,189600,0.0,0.0
2024-05-16 00:00:00-04:00,75.59746647722957,75.68912861579348,73.22071735258514,73.6528549194336,180150,0.0,0.0
2024-05-17 00:00:00-04:00,73.836185992973,73.836185992973,72.29752390452691,72.93263244628906,180750,0.0,0.0
2024-05-20 00:00:00-04:00,72.91953745352438,74.26177751589451,72.91953745352438,73.88856506347656,156900,0.0,0.0
2024-05-21 00:00:00-04:00,73.08322986786904,73.78381253294879,72.99811661953602,73.3909683227539,90150,0.0,0.0
2024-05-22 00:00:00-04:00,73.03084409216633,73.52845568500463,71.83264992581206,72.41537475585938,171750,0.0,0.0
2024-05-23 00:00:00-04:00,72.68383459325837,73.06358848096306,71.36124114169354,72.60526275634766,162300,0.0,0.0
2024-05-24 00:00:00-04:00,73.292747535306,74.00642798277141,72.75585746725284,73.98023986816406,157800,0.0,0.0
2024-05-28 00:00:00-04:00,74.07190159877308,74.55641543488372,73.44334189359884,73.8951187133789,136200,0.0,0.0
2024-05-29 00:00:00-04:00,73.19452855001335,73.6463053233553,72.55942000825121,72.93263244628906,123600,0.0,0.0
2024-05-30 00:00:00-04:00,73.54810504896851,74.4843957456536,72.99156825407765,74.38618469238281,149100,0.0,0.0
2024-05-31 00:00:00-04:00,74.58260887450389,75.17188264434871,73.92785358087852,75.03438568115234,149550,0.0,0.0
2024-06-03 00:00:00-04:00,76.19179945130209,76.19179945130209,74.31882505937948,74.95195007324219,161400,0.55,0.0
2024-06-04 00:00:00-04:00,74.23309548678556,75.0178997137281,72.59753823948009,72.72284698486328,191550,0.0,0.0
2024-06-05 00:00:00-04:00,72.7294397264779,73.41532080007065,71.84571226201442,73.19768524169922,150750,0.0,0.0
2024-06-06 00:00:00-04:00,72.70965306517287,72.70965306517287,70.66521031183129,71.2719497680664,176550,0.0,0.0
2024-06-07 00:00:00-04:00,70.67180638086462,70.9421979378891,70.08484854605769,70.32227325439453,152850,0.0,0.0
2024-06-10 00:00:00-04:00,69.43194537278349,70.26290916090207,68.77244239609522,69.18133544921875,286350,0.0,0.0
2024-06-11 00:00:00-04:00,68.59437876918118,68.93072665130873,67.49961226303849,68.91753387451172,303150,0.0,0.0
2024-06-12 00:00:00-04:00,70.96857995497764,72.26778934613407,69.79467176639342,70.44757843017578,343500,0.0,0.0
2024-06-13 00:00:00-04:00,70.1178180448534,70.38162074212882,68.5020501095256,69.34620666503906,198750,0.0,0.0
2024-06-14 00:00:00-04:00,68.33717531308471,68.72627918100056,66.99179897156706,68.2580337524414,230700,0.0,0.0
2024-06-17 00:00:00-04:00,68.31739234332925,70.24972662956853,67.5523773140286,69.95294952392578,1070100,0.0,0.0
2024-06-18 00:00:00-04:00,69.92657178210203,70.37502808918238,68.69331127711453,70.23653411865234,279600,0.0,0.0
2024-06-20 00:00:00-04:00,69.82105400845762,71.27195008952722,69.38578291993008,70.50692749023438,472050,0.0,0.0
2024-06-21 00:00:00-04:00,70.36183711246397,71.5027708487441,69.36600128635109,71.20600128173828,841500,0.0,0.0
2024-06-24 00:00:00-04:00,71.06749823863564,72.33374069175699,71.06749823863564,71.5357437133789,245100,0.0,0.0
2024-06-25 00:00:00-04:00,71.31152018457183,71.31152018457183,69.59022501333544,70.67180633544922,214050,0.0,0.0
2024-06-26 00:00:00-04:00,70.52011897635272,70.93560089105408,69.76169277968744,70.80370330810547,225300,0.0,0.0
2024-06-27 00:00:00-04:00,71.02134204960672,71.14004686066882,69.88040828255066,70.77732849121094,156150,0.0,0.0
2024-06-28 00:00:00-04:00,71.52914865483866,72.01718330444672,70.30248451048796,71.58850860595703,1542600,0.0,0.0
2024-07-01 00:00:00-04:00,72.53158353651439,72.80197507697876,71.2059962925854,72.67667388916016,765150,0.0,0.0
2024-07-02 00:00:00-04:00,72.75582619194289,73.18450092487345,70.53990734026007,70.65202331542969,407700,0.0,0.0
2024-07-03 00:00:00-04:00,71.18621779732082,72.75582635857808,71.08729460042323,71.95123291015625,217950,0.0,0.0
2024-07-05 00:00:00-04:00,71.34449458059373,71.34449458059373,70.21015724378708,70.67180633544922,166200,0.0,0.0
2024-07-08 00:00:00-04:00,71.23897733080159,71.77976046216716,71.04771978974294,71.50936889648438,128400,0.0,0.0
2024-07-09 00:00:00-04:00,71.22578088678686,71.22578088678686,69.16154901680746,69.2538833618164,262800,0.0,0.0
2024-07-10 00:00:00-04:00,69.22091003261585,71.56871872027054,69.1087940675811,71.40384674072266,218550,0.0,0.0
2024-07-11 00:00:00-04:00,73.1910814308504,75.57846839432871,73.1910814308504,74.87940216064453,219000,0.0,0.0
2024-07-12 00:00:00-04:00,75.0640584047388,77.76140779666152,73.0921608261058,76.66664123535156,286200,0.0,0.0
2024-07-15 00:00:00-04:00,77.45144514472805,79.37057915324294,77.1810460393239,78.4472885131836,239850,0.0,0.0
2024-07-16 00:00:00-04:00,79.47609695537697,82.06133031292704,79.35079576220825,81.57330322265625,390900,0.0,0.0
2024-07-17 00:00:00-04:00,80.82147109721572,81.73158400807543,80.2674952320138,80.3862075805664,322050,0.0,0.0
2024-07-18 00:00:00-04:00,80.1356021340946,82.8329439809212,77.86033105077802,78.34835815429688,238800,0.0,0.0
2024-07-19 00:00:00-04:00,78.54621155873096,78.57918595483893,77.08871909922068,77.78118896484375,182550,0.0,0.0
2024-07-22 00:00:00-04:00,78.44728248804456,80.40598713099395,76.77215461141765,80.1487808227539,183150,0.0,0.0
2024-07-23 00:00:00-04:00,79.52226264486411,81.87007880205032,78.92211960237647,81.2369613647461,243900,0.0,0.0
2024-07-24 00:00:00-04:00,80.4389622454247,81.40842754064438,78.16369887477443,78.26921844482422,348450,0.0,0.0
2024-07-25 00:00:00-04:00,77.35251955177897,82.61531301856921,77.35251955177897,82.08771514892578,417750,0.0,0.0
2024-07-26 00:00:00-04:00,83.40671070263002,83.8947378158579,81.68542302859714,83.09674835205078,313500,0.0,0.0
2024-07-29 00:00:00-04:00,83.33416133487906,83.84857397774456,82.5559535293997,83.35395050048828,200250,0.0,0.0
2024-07-30 00:00:00-04:00,83.58476961679504,84.8510044859834,83.03739013677004,84.41574096679688,219900,0.0,0.0
2024-07-31 00:00:00-04:00,84.73230257991239,86.99438084978863,83.42649688301518,84.45531463623047,367650,0.0,0.0
2024-08-01 00:00:00-04:00,86.56570510660043,89.6917215653932,81.37545677779325,82.97144317626953,487050,0.0,0.0
2024-08-02 00:00:00-04:00,78.72427845712507,80.76212487195698,77.82076186554714,80.36642456054688,398550,0.0,0.0
2024-08-05 00:00:00-04:00,74.46391598084924,80.13560276172053,74.46391598084924,79.23208618164062,391350,0.0,0.0
2024-08-06 00:00:00-04:00,79.25846738309458,81.1512233041075,79.0672098555235,79.87179565429688,299400,0.0,0.0
2024-08-07 00:00:00-04:00,81.171007654874,81.83051066726057,76.93703182561038,77.91309356689453,216600,0.0,0.0
2024-08-08 00:00:00-04:00,79.33101697020048,80.60384830232795,78.5857835311293,78.88255310058594,167850,0.0,0.0
2024-08-09 00:00:00-04:00,78.67151182671712,79.91796511749503,78.24943352362806,78.67810821533203,126450,0.0,0.0
2024-08-12 00:00:00-04:00,79.2057051046394,79.69373219306958,77.86032864351256,78.908935546875,354300,0.0,0.0
2024-08-13 00:00:00-04:00,79.66076040243158,83.20226642464615,78.26922427078881,82.76040649414062,313500,0.0,0.0
2024-08-14 00:00:00-04:00,82.88570108726057,83.53860766891151,81.15122080510228,81.48097229003906,229950,0.0,0.0
2024-08-15 00:00:00-04:00,83.66391210821041,85.06864096004166,82.59552359525908,83.1692886352539,186300,0.0,0.0
2024-08-16 00:00:00-04:00,83.30119127707265,85.02907534317292,82.10090511102757,83.06377410888672,112050,0.0,0.0
2024-08-19 00:00:00-04:00,83.42649841308594,83.72326798074997,82.51638544912517,83.42649841308594,144750,0.0,0.0
2024-08-20 00:00:00-04:00,83.67050706134934,83.67050706134934,82.27896346299246,82.45043182373047,127500,0.0,0.0
2024-08-21 00:00:00-04:00,83.23523526287705,85.37860107421875,81.77115404748163,85.37860107421875,153600,0.0,0.0
2024-08-22 00:00:00-04:00,85.45774552537604,86.30849850927963,83.52541879048945,84.05301666259766,137250,0.0,0.0
2024-08-23 00:00:00-04:00,84.72570545546485,88.40570535494882,84.72570545546485,87.70004272460938,279000,0.0,0.0
2024-08-26 00:00:00-04:00,88.15035700309657,88.87882167941495,87.05766756731933,87.27620697021484,156300,0.366667,0.0
2024-08-27 00:00:00-04:00,86.9715810650716,87.04442753901348,85.54777808827315,86.83251190185547,134250,0.0,0.0
2024-08-28 00:00:00-04:00,86.32258705005725,87.50798673205229,85.59412237066333,85.60074615478516,117750,0.0,0.0
2024-08-29 00:00:00-04:00,86.70668909460791,86.70668909460791,84.8193121618995,85.13056182861328,244650,0.0,0.0
2024-08-30 00:00:00-04:00,85.84577906457228,85.84577906457228,84.15045398953384,85.57426452636719,159000,0.0,0.0
2024-09-03 00:00:00-04:00,84.58752923811281,84.94513780329177,82.39552651434217,83.54119110107422,186900,0.0,0.0
2024-09-04 00:00:00-04:00,83.16371643680426,84.10408915615984,82.60081604627375,83.85906219482422,198450,0.0,0.0
2024-09-05 00:00:00-04:00,84.46832757633557,85.93187324429584,82.20347828293782,82.53459930419922,248250,0.0,0.0
2024-09-06 00:00:00-04:00,82.54784010146709,83.24319349504201,80.8326512318777,82.8723373413086,181800,0.0,0.0
2024-09-09 00:00:00-04:00,83.46172553137609,85.93187428347406,82.58095163759249,83.554443359375,346800,0.0,0.0
2024-09-10 00:00:00-04:00,83.66702306190142,84.30939374382459,81.69355210318565,83.93853759765625,325950,0.0,0.0
2024-09-11 00:00:00-04:00,83.71999980782081,85.44843624505742,82.49486490215145,85.26301574707031,244050,0.0,0.0
2024-09-12 00:00:00-04:00,85.98484344212949,87.51461171104286,85.56763598116234,87.06429290771484,374550,0.0,0.0
2024-09-13 00:00:00-04:00,88.51459213592203,90.4152089810511,88.51459213592203,89.62052917480469,223950,0.0,0.0
2024-09-16 00:00:00-04:00,89.62053322625364,90.62051249759585,88.82584580538148,90.42183685302734,160650,0.0,0.0
2024-09-17 00:00:00-04:00,91.54763879034304,92.87873141021052,91.3357231703293,92.53437042236328,349800,0.0,0.0
2024-09-18 00:00:00-04:00,92.83237915927923,96.9978529690145,92.22311981335966,93.05091857910156,624900,0.0,0.0
2024-09-19 00:00:00-04:00,95.26941193868647,97.13691743643018,92.852246025648,96.96473693847656,473850,0.0,0.0
2024-09-20 00:00:00-04:00,96.4879270036335,97.87862619234349,95.72635851040954,97.32234954833984,1210650,0.0,0.0
2024-09-23 00:00:00-04:00,97.82564495750815,97.82564495750815,93.44163203166993,94.51445770263672,358500,0.0,0.0
2024-09-24 00:00:00-04:00,94.89855349823914,95.36211986393552,93.53434953765294,94.68663787841797,274800,0.0,0.0
2024-09-25 00:00:00-04:00,94.43499378928745,94.70650832797858,92.2363671839859,92.36881256103516,281700,0.0,0.0
2024-09-26 00:00:00-04:00,93.96480110687732,95.88528933781048,93.46812337745325,93.54096984863281,144300,0.0,0.0
2024-09-27 00:00:00-04:00,94.88530939160759,96.28925610816718,93.69990966566834,94.09062957763672,155700,0.0,0.0
2024-09-30 00:00:00-04:00,93.69991249277568,94.95154252145218,93.27608122488323,94.28267669677734,201150,0.0,0.0
2024-10-01 00:00:00-04:00,94.36876460743323,96.18329494721714,92.50125915195513,95.57403564453125,289050,0.0,0.0
2024-10-02 00:00:00-04:00,95.07073824091457,96.38859092891897,94.04427143786202,94.6336669921875,261450,0.0,0.0
2024-10-03 00:00:00-04:00,93.74626815603361,96.02435735262786,93.45488227478415,95.7660903930664,199350,0.0,0.0
2024-10-04 00:00:00-04:00,97.44816741395859,98.24285479960558,96.36872551133708,96.79255676269531,274650,0.0,0.0
2024-10-07 00:00:00-04:00,96.799179853181,96.799179853181,95.09722349693767,96.04422760009766,115350,0.0,0.0
2024-10-08 00:00:00-04:00,96.04422681000283,96.5210331710906,95.11709406725383,95.50119018554688,152550,0.0,0.0
2024-10-09 00:00:00-04:00,95.50119627274732,96.73295495921963,94.64028615979205,95.06411743164062,148200,0.0,0.0
2024-10-10 00:00:00-04:00,94.27605568952013,94.27605568952013,91.92511248214133,92.08404541015625,391500,0.0,0.0
2024-10-11 00:00:00-04:00,92.07743274779405,93.77275779825914,92.07743274779405,93.67342376708984,304650,0.0,0.0
2024-10-14 00:00:00-04:00,93.53435483583527,93.98467365878815,92.9780706182691,93.70653533935547,147000,0.0,0.0
2024-10-15 00:00:00-04:00,93.70653458900175,95.93827248979436,93.15025037589001,94.25618743896484,206550,0.0,0.0
2024-10-16 00:00:00-04:00,95.09722286252989,97.24287422686317,94.88530723978343,96.38858795166016,493200,0.0,0.0
2024-10-17 00:00:00-04:00,96.12369666463708,96.9448640140733,95.83231079034658,96.52765655517578,160200,0.0,0.0
2024-10-18 00:00:00-04:00,97.13029327924346,97.19651596445595,96.02435624731359,96.04422760009766,154950,0.0,0.0
2024-10-21 00:00:00-04:00,96.01774424031147,96.01774424031147,92.97144753642807,93.15687561035156,211350,0.0,0.0
2024-10-22 00:00:00-04:00,92.71317897787364,92.71317897787364,90.42183459939773,90.53441619873047,171150,0.0,0.0
2024-10-23 00:00:00-04:00,89.56754703497106,89.87880426953909,87.25633891441828,88.83246612548828,241500,0.0,0.0
2024-10-24 00:00:00-04:00,89.48808481382166,90.2032943739076,88.26294237975554,89.54768371582031,287550,0.0,0.0
2024-10-25 00:00:00-04:00,90.58077598430395,92.59397448672388,88.73975798541129,89.13047790527344,202050,0.0,0.0
2024-10-28 00:00:00-04:00,90.05760665800443,90.89864536319082,89.50132246531619,89.86555480957031,204300,0.0,0.0
2024-10-29 00:00:00-04:00,89.4019919009882,90.62712677179323,88.7132623123324,90.36223602294922,154200,0.0,0.0
2024-10-30 00:00:00-04:00,89.97813611086053,91.2694936146401,88.6139245597678,88.73975372314453,153450,0.0,0.0
2024-10-31 00:00:00-04:00,87.75964220278703,90.11058549838792,83.28954259612661,83.4286117553711,589800,0.0,0.0
2024-11-01 00:00:00-04:00,83.45510684784243,84.7464644085096,76.1440099999672,76.66717529296875,1307550,0.0,0.0
2024-11-04 00:00:00-05:00,75.94532988437149,77.91880071305336,75.94532988437149,76.24333953857422,481350,0.0,0.0
2024-11-05 00:00:00-05:00,76.15725043332765,78.86580231804194,76.15725043332765,78.47508239746094,578700,0.0,0.0
2024-11-06 00:00:00-05:00,84.10409047572226,88.04440084995822,83.81932838393192,86.21000671386719,897150,0.0,0.0
2024-11-07 00:00:00-05:00,86.33583073067206,86.33583073067206,83.37563571248931,83.94515991210938,353850,0.0,0.0
2024-11-08 00:00:00-05:00,84.11071538554663,84.11071538554663,82.33592012626977,83.33589935302734,283200,0.0,0.0
2024-11-11 00:00:00-05:00,84.34912170934922,88.27619229257624,84.34912170934922,87.48812866210938,723000,0.0,0.0
2024-11-12 00:00:00-05:00,87.28946074855601,87.86560116780566,84.04449597343198,85.98484802246094,498300,0.0,0.0
2024-11-13 00:00:00-05:00,87.20336207092183,88.41525690608337,85.91862076681832,87.71328735351562,653550,0.0,0.0
2024-11-14 00:00:00-05:00,87.62056961346029,88.93179847693531,86.67357309503402,86.85900115966797,686850,0.0,0.0
2024-11-15 00:00:00-05:00,87.30270063443393,87.51461626805839,83.7199986377886,85.09745025634766,463800,0.0,0.0
2024-11-18 00:00:00-05:00,86.5212566016846,88.14373511944783,86.29610098854103,86.8921127319336,414600,0.0,0.0
2024-11-19 00:00:00-05:00,85.49479484863019,87.26959019327305,84.89878307023241,85.87889099121094,537600,0.0,0.0
2024-11-20 00:00:00-05:00,86.01795765509561,87.01793690090618,84.94513951662074,86.60735321044922,299250,0.0,0.0
2024-11-21 00:00:00-05:00,87.09740643943492,88.95828817873371,86.44178820254878,88.24969482421875,418200,0.0,0.0
2024-11-22 00:00:00-05:00,88.28281029461843,90.51454808486987,88.28281029461843,89.69999694824219,331050,0.0,0.0
2024-11-25 00:00:00-05:00,90.99333190917969,95.23332977294922,90.99333190917969,93.66000366210938,503850,0.6,0.0
2024-11-26 00:00:00-05:00,93.45333099365234,93.45333099365234,90.0,92.23332977294922,391950,0.0,0.0
2024-11-27 00:00:00-05:00,92.04000091552734,93.83333587646484,89.50666809082031,89.61333465576172,260850,0.0,0.0
2024-11-29 00:00:00-05:00,89.78666687011719,90.55999755859375,88.92666625976562,89.59333038330078,150150,0.0,0.0
2024-12-02 00:00:00-05:00,89.4000015258789,91.413330078125,88.94000244140625,90.00666809082031,334350,0.0,0.0
2024-12-03 00:00:00-05:00,89.78666687011719,90.95333099365234,87.6066665649414,89.42666625976562,297450,0.0,0.0
2024-12-04 00:00:00-05:00,89.43333435058594,92.08000183105469,88.31999969482422,92.0,431850,0.0,0.0
2024-12-05 00:00:00-05:00,91.72666931152344,92.47333526611328,90.21333312988281,90.83333587646484,506400,0.0,0.0
2024-12-06 00:00:00-05:00,92.1066665649414,92.25333404541016,90.586669921875,91.73332977294922,220050,0.0,0.0
2024-12-09 00:00:00-05:00,92.74666595458984,93.3133316040039,90.76000213623047,91.13333129882812,322350,0.0,0.0
2024-12-10 00:00:00-05:00,90.8066635131836,91.92666625976562,89.6066665649414,90.57333374023438,283500,0.0,0.0
2024-12-11 00:00:00-05:00,91.54666900634766,92.12666320800781,90.05999755859375,90.17333221435547,389100,0.0,0.0
2024-12-12 00:00:00-05:00,90.44000244140625,91.64666748046875,89.04666900634766,90.66000366210938,540900,0.0,0.0
2024-12-13 00:00:00-05:00,91.76667022705078,91.82666778564453,87.94000244140625,89.72666931152344,381300,0.0,0.0
2024-12-16 00:00:00-05:00,91.36000061035156,91.45999908447266,87.55999755859375,88.25,457800,0.0,1.5
2024-12-17 00:00:00-05:00,88.19999694824219,90.02999877929688,87.33000183105469,88.0,534400,0.0,0.0
2024-12-18 00:00:00-05:00,87.66000366210938,88.18000030517578,82.97000122070312,83.87999725341797,501900,0.0,0.0
2024-12-19 00:00:00-05:00,84.62000274658203,86.11000061035156,82.70999908447266,83.5199966430664,589300,0.0,0.0
2024-12-20 00:00:00-05:00,82.83000183105469,84.66999816894531,82.22000122070312,82.88999938964844,2451000,0.0,0.0
2024-12-23 00:00:00-05:00,82.91000366210938,83.02999877929688,81.47000122070312,83.0,349600,0.0,0.0
2024-12-24 00:00:00-05:00,83.0,83.69999694824219,82.47000122070312,83.5999984741211,128100,0.0,0.0
