Date,Open,High,Low,Close,Volume,Dividends,Stock Splits
2022-01-03 00:00:00-05:00,39.714847564697266,40.088497161865234,39.08554458618164,39.29203414916992,627082,0.0,0.0
2022-01-04 00:00:00-05:00,39.97050094604492,40.058998107910156,39.45919418334961,39.75417709350586,658914,0.0,0.0
2022-01-05 00:00:00-05:00,39.852508544921875,40.76696014404297,38.68239974975586,38.77089309692383,798142,0.0,0.0
2022-01-06 00:00:00-05:00,38.869224548339844,39.705013275146484,38.32841873168945,39.22320556640625,350051,0.0,0.0
2022-01-07 00:00:00-05:00,39.410030364990234,39.43952941894531,38.357913970947266,38.47591018676758,354119,0.0,0.0
2022-01-10 00:00:00-05:00,38.47591018676758,38.47591018676758,36.465091705322266,37.148475646972656,561587,0.0,0.0
2022-01-11 00:00:00-05:00,37.315635681152344,37.718780517578125,36.32251739501953,37.708946228027344,480329,0.0,0.0
2022-01-12 00:00:00-05:00,37.728614807128906,38.56932067871094,37.728614807128906,38.27925109863281,473414,0.0,0.0
2022-01-13 00:00:00-05:00,38.023597717285156,39.09537887573242,37.857425689697266,38.22025680541992,451751,0.0,0.0
2022-01-14 00:00:00-05:00,37.69911575317383,38.053096771240234,36.65683364868164,37.40412902832031,409648,0.0,0.0
2022-01-18 00:00:00-05:00,36.9124870300293,37.32546615600586,36.38249969482422,36.568336486816406,608369,0.0,0.0
2022-01-19 00:00:00-05:00,36.568336486816406,36.941986083984375,35.693214416503906,35.7128791809082,398664,0.0,0.0
2022-01-20 00:00:00-05:00,35.94886779785156,36.46017837524414,35.13274383544922,35.290069580078125,599115,0.0,0.0
2022-01-21 00:00:00-05:00,34.93608856201172,35.57030487060547,33.88397216796875,33.942970275878906,823567,0.0,0.0
2022-01-24 00:00:00-05:00,33.146507263183594,34.55260467529297,32.35004806518555,34.36578369140625,859874,0.0,0.0
2022-01-25 00:00:00-05:00,33.67748260498047,33.844642639160156,32.586036682128906,33.09734344482422,601556,0.0,0.0
2022-01-26 00:00:00-05:00,33.70698165893555,34.503440856933594,32.389381408691406,33.254669189453125,1240638,0.0,0.0
2022-01-27 00:00:00-05:00,33.874141693115234,34.611602783203125,33.52015686035156,34.316619873046875,1053409,0.0,0.0
2022-01-28 00:00:00-05:00,34.306785583496094,34.69026565551758,33.33333206176758,34.63126754760742,593623,0.0,0.0
2022-01-31 00:00:00-05:00,34.21828842163086,35.00491714477539,33.9626350402832,34.96558380126953,585284,0.0,0.0
2022-02-01 00:00:00-05:00,34.985252380371094,35.43756103515625,34.29695129394531,35.30973434448242,813092,0.0,0.0
2022-02-02 00:00:00-05:00,35.22123718261719,35.56538772583008,34.6411018371582,35.083580017089844,450124,0.0,0.0
2022-02-03 00:00:00-05:00,34.6411018371582,35.142574310302734,33.66764831542969,33.78564453125,549180,0.0,0.0
2022-02-04 00:00:00-05:00,33.598819732666016,34.2871208190918,33.20550537109375,33.91347122192383,460599,0.0,0.0
2022-02-07 00:00:00-05:00,33.78564453125,34.321533203125,33.23500442504883,33.8053092956543,568808,0.0,0.0
2022-02-08 00:00:00-05:00,33.588985443115234,34.59193801879883,33.588985443115234,34.473941802978516,445955,0.0,0.0
2022-02-09 00:00:00-05:00,35.03441619873047,35.66371536254883,34.719764709472656,34.92625427246094,723494,0.0,0.0
2022-02-10 00:00:00-05:00,34.316619873046875,35.51523971557617,33.7659797668457,34.35594940185547,1417190,0.0,0.0
2022-02-11 00:00:00-05:00,34.405113220214844,35.06391143798828,34.06096267700195,34.178958892822266,499652,0.0,0.0
2022-02-14 00:00:00-05:00,34.178958892822266,34.59193801879883,33.156341552734375,33.51032257080078,573080,0.0,0.0
2022-02-15 00:00:00-05:00,34.00196838378906,35.12290954589844,34.00196838378906,34.89675521850586,572063,0.0,0.0
2022-02-16 00:00:00-05:00,34.67060089111328,35.830875396728516,34.6607666015625,35.683380126953125,559350,0.0,0.0
2022-02-17 00:00:00-05:00,35.19173812866211,35.79154586791992,34.514259338378906,34.601768493652344,379341,0.0,0.0
2022-02-18 00:00:00-05:00,34.54277420043945,35.17207336425781,34.375614166259766,34.857425689697266,708035,0.0,0.0
2022-02-22 00:00:00-05:00,34.6411018371582,35.083580017089844,33.79547882080078,34.12979507446289,659626,0.0,0.0
2022-02-23 00:00:00-05:00,34.405113220214844,34.709930419921875,32.63520050048828,32.69419860839844,1069681,0.0,0.0
2022-02-24 00:00:00-05:00,29.872173309326172,30.86528968811035,28.56440544128418,30.757129669189453,2098681,0.0,0.0
2022-02-25 00:00:00-05:00,30.99311637878418,31.425762176513672,29.970500946044922,31.238937377929688,1039476,0.0,0.0
2022-02-28 00:00:00-05:00,30.57030487060547,31.01278305053711,30.024581909179688,30.698131561279297,999406,0.0,0.0
2022-03-01 00:00:00-05:00,30.609636306762695,30.609636306762695,26.951818466186523,27.138643264770508,3724763,0.0,0.0
2022-03-02 00:00:00-05:00,27.856441497802734,29.508358001708984,27.620452880859375,29.174041748046875,2543619,0.0,0.0
2022-03-03 00:00:00-05:00,31.00295066833496,31.00295066833496,28.601770401000977,29.154375076293945,1758596,0.0,0.0
2022-03-04 00:00:00-05:00,28.505407333374023,28.657817840576172,27.55162239074707,28.633235931396484,1107208,0.0,0.0
2022-03-07 00:00:00-05:00,28.5545711517334,28.5545711517334,25.973451614379883,26.302852630615234,1736222,0.0,0.0
2022-03-08 00:00:00-05:00,26.597837448120117,27.969518661499023,26.194690704345703,27.718780517578125,1290065,0.0,0.0
2022-03-09 00:00:00-05:00,28.397247314453125,29.2330379486084,28.397247314453125,28.977384567260742,849500,0.0,0.0
2022-03-10 00:00:00-05:00,28.072763442993164,29.242870330810547,28.072763442993164,29.22320556640625,731426,0.0,0.0
2022-03-11 00:00:00-05:00,29.498525619506836,29.626352310180664,29.041297912597656,29.321533203125,715358,0.0,0.0
2022-03-14 00:00:00-04:00,29.69518280029297,30.186824798583984,29.43952751159668,30.00983238220215,823668,0.0,0.0
2022-03-15 00:00:00-04:00,30.275320053100586,31.091445922851562,30.039331436157227,30.698131561279297,1184703,0.0,0.0
2022-03-16 00:00:00-04:00,31.061946868896484,31.946903228759766,30.265487670898438,30.855457305908203,1233519,0.0,0.0
2022-03-17 00:00:00-04:00,30.747295379638672,31.740413665771484,30.46214485168457,31.366764068603516,848483,0.0,0.0
2022-03-18 00:00:00-04:00,31.356931686401367,31.88790512084961,31.071779251098633,31.6420841217041,1608894,0.0,0.0
2022-03-21 00:00:00-04:00,31.494592666625977,32.47296142578125,31.327434539794922,31.97640037536621,1784835,0.0,0.0
2022-03-22 00:00:00-04:00,32.16322326660156,32.49754333496094,31.278268814086914,31.622419357299805,875739,0.0,0.0
2022-03-23 00:00:00-04:00,31.307767868041992,31.730579376220703,31.10127830505371,31.31760025024414,838923,0.0,0.0
2022-03-24 00:00:00-04:00,31.592920303344727,31.701082229614258,31.10127830505371,31.170108795166016,1080868,0.0,0.0
2022-03-25 00:00:00-04:00,31.01278305053711,31.425762176513672,30.639135360717773,31.170108795166016,956794,0.0,0.0
2022-03-28 00:00:00-04:00,30.77679443359375,31.047197341918945,30.34906578063965,30.8751220703125,840856,0.0,0.0
2022-03-29 00:00:00-04:00,31.33726692199707,32.271385192871094,31.307767868041992,32.2517204284668,960862,0.0,0.0
2022-03-30 00:00:00-04:00,31.99606704711914,32.143558502197266,30.737462997436523,30.943952560424805,651490,0.0,0.0
2022-03-31 00:00:00-04:00,30.707965850830078,31.00295066833496,30.363815307617188,30.54080581665039,910622,0.0,0.0
2022-04-01 00:00:00-04:00,30.953786849975586,31.042280197143555,29.98033332824707,30.294984817504883,646609,0.0,0.0
2022-04-04 00:00:00-04:00,30.294984817504883,30.501474380493164,29.754179000854492,30.068830490112305,658914,0.0,0.0
2022-04-05 00:00:00-04:00,29.862340927124023,30.491641998291016,29.183874130249023,29.262537002563477,896384,0.0,0.0
2022-04-06 00:00:00-04:00,28.98721694946289,28.99704933166504,27.87610626220703,28.416912078857422,809837,0.0,0.0
2022-04-07 00:00:00-04:00,28.475910186767578,28.475910186767578,27.354965209960938,27.590953826904297,924656,0.0,0.0
2022-04-08 00:00:00-04:00,27.708948135375977,28.820058822631836,27.394296646118164,28.013765335083008,1164668,0.0,0.0
2022-04-11 00:00:00-04:00,27.89577293395996,28.88888931274414,27.78761100769043,28.161258697509766,758784,0.0,0.0
2022-04-12 00:00:00-04:00,28.30875015258789,29.075712203979492,28.053096771240234,28.12192726135254,457447,0.0,0.0
2022-04-13 00:00:00-04:00,28.02359962463379,28.78564453125,28.02359962463379,28.603736877441406,395105,0.0,0.0
2022-04-14 00:00:00-04:00,28.42674446105957,28.820058822631836,28.249753952026367,28.515241622924805,569418,0.0,0.0
2022-04-18 00:00:00-04:00,28.495574951171875,28.721731185913086,27.99410057067871,28.190757751464844,400495,0.0,0.0
2022-04-19 00:00:00-04:00,28.161258697509766,29.154375076293945,28.161258697509766,28.928220748901367,560876,0.0,0.0
2022-04-20 00:00:00-04:00,29.42969512939453,30.00983238220215,29.4100284576416,29.773845672607422,365917,0.0,0.0
2022-04-21 00:00:00-04:00,30.167158126831055,30.288101196289062,28.495574951171875,29.0363826751709,492533,0.0,0.0
2022-04-22 00:00:00-04:00,28.918386459350586,28.918386459350586,27.502458572387695,27.78761100769043,639083,0.0,0.0
2022-04-25 00:00:00-04:00,27.600786209106445,28.161258697509766,27.030481338500977,28.131759643554688,577758,0.0,0.0
2022-04-26 00:00:00-04:00,27.915437698364258,27.954769134521484,27.148475646972656,27.295969009399414,522128,0.0,0.0
2022-04-27 00:00:00-04:00,27.394296646118164,27.6597843170166,26.961652755737305,27.118976593017578,769869,0.0,0.0
2022-04-28 00:00:00-04:00,27.531957626342773,28.21042251586914,26.78466033935547,27.935102462768555,490703,0.0,0.0
2022-04-29 00:00:00-04:00,27.954769134521484,28.23992156982422,27.207473754882812,27.33530044555664,449209,0.0,0.0
2022-05-02 00:00:00-04:00,27.305801391601562,28.102262496948242,26.932153701782227,27.87610626220703,735596,0.0,0.0
2022-05-03 00:00:00-04:00,27.58112144470215,29.164207458496094,27.58112144470215,28.879056930541992,1110056,0.0,0.0
2022-05-04 00:00:00-04:00,28.77089500427246,30.23598861694336,28.633235931396484,30.176990509033203,1197721,0.0,0.0
2022-05-05 00:00:00-04:00,28.88888931274414,29.705015182495117,27.045230865478516,28.289085388183594,1429597,0.0,0.0
2022-05-06 00:00:00-04:00,27.935102462768555,27.99410057067871,25.958702087402344,26.745328903198242,1358712,0.0,0.0
2022-05-09 00:00:00-04:00,26.627334594726562,26.941986083984375,25.88987159729004,25.99803352355957,1416173,0.0,0.0
2022-05-10 00:00:00-04:00,26.548673629760742,26.78466033935547,24.375614166259766,25.211406707763672,1357187,0.0,0.0
2022-05-11 00:00:00-04:00,25.43756103515625,25.860374450683594,24.021631240844727,24.149459838867188,1323727,0.0,0.0
2022-05-12 00:00:00-04:00,24.080629348754883,25.142576217651367,23.67748260498047,25.13274383544922,1041510,0.0,0.0
2022-05-13 00:00:00-04:00,25.388397216796875,25.988201141357422,25.22123908996582,25.594886779785156,876247,0.0,0.0
2022-05-16 00:00:00-04:00,25.20157241821289,25.45722770690918,24.33628273010254,25.24090576171875,918961,0.0,0.0
2022-05-17 00:00:00-04:00,25.958702087402344,26.56833839416504,25.88495635986328,26.35201644897461,862721,0.0,0.0
2022-05-18 00:00:00-04:00,26.31268310546875,26.519174575805664,25.870206832885742,26.22418975830078,939911,0.0,0.0
2022-05-19 00:00:00-04:00,25.870206832885742,26.79449462890625,25.847591400146484,26.22418975830078,1228536,0.0,0.0
2022-05-20 00:00:00-04:00,26.65683364868164,26.853490829467773,24.739429473876953,25.378564834594727,713324,0.0,0.0
2022-05-23 00:00:00-04:00,25.703048706054688,25.9636173248291,25.23107147216797,25.801376342773438,955166,0.0,0.0
2022-05-24 00:00:00-04:00,25.693214416503906,25.78171157836914,24.434612274169922,25.368732452392578,564842,0.0,0.0
2022-05-25 00:00:00-04:00,25.063913345336914,26.53883934020996,25.054080963134766,26.21435546875,1140667,0.0,0.0
2022-05-26 00:00:00-04:00,26.33234977722168,27.34513282775879,26.33234977722168,26.90265464782715,654745,0.0,0.0
2022-05-27 00:00:00-04:00,26.932153701782227,27.55162239074707,26.922321319580078,27.354965209960938,544400,0.0,0.0
2022-05-31 00:00:00-04:00,27.07964515686035,27.394296646118164,26.499507904052734,26.853490829467773,589555,0.0,0.0
2022-06-01 00:00:00-04:00,27.19763946533203,27.276302337646484,26.401180267333984,26.863323211669922,726443,0.0,0.0
2022-06-02 00:00:00-04:00,27.01081657409668,27.56637191772461,26.79449462890625,27.492624282836914,410766,0.0,0.0
2022-06-03 00:00:00-04:00,27.423795700073242,27.45329475402832,26.9813175201416,27.246803283691406,367340,0.0,0.0
2022-06-06 00:00:00-04:00,27.55162239074707,27.645034790039062,27.148475646972656,27.374631881713867,373137,0.0,0.0
2022-06-07 00:00:00-04:00,27.12881088256836,27.90560531616211,26.863323211669922,27.797443389892578,359306,0.0,0.0
2022-06-08 00:00:00-04:00,27.472959518432617,27.571287155151367,26.548673629760742,26.65683364868164,507178,0.0,0.0
2022-06-09 00:00:00-04:00,26.391347885131836,26.922321319580078,26.371681213378906,26.666667938232422,632371,0.0,0.0
2022-06-10 00:00:00-04:00,25.948869705200195,26.155359268188477,25.475910186767578,25.575220108032227,684746,0.0,0.0
2022-06-13 00:00:00-04:00,24.690265655517578,25.4473934173584,24.5526065826416,24.79842758178711,1048934,0.0,0.0
2022-06-14 00:00:00-04:00,24.847591400146484,24.955751419067383,24.33628273010254,24.54277229309082,686170,0.0,0.0
2022-06-15 00:00:00-04:00,24.906587600708008,25.486726760864258,24.582103729248047,25.12291145324707,946725,0.0,0.0
2022-06-16 00:00:00-04:00,24.434612274169922,24.434612274169922,22.851524353027344,23.00885009765625,1248571,0.0,0.0
2022-06-17 00:00:00-04:00,23.185840606689453,23.588987350463867,22.881023406982422,23.52998924255371,995440,0.0,0.0
2022-06-21 00:00:00-04:00,23.805309295654297,24.031465530395508,22.54670524597168,22.812192916870117,987609,0.0,0.0
2022-06-22 00:00:00-04:00,22.80236053466797,23.274335861206055,22.44837760925293,23.11701011657715,848890,0.0,0.0
2022-06-23 00:00:00-04:00,23.00885009765625,23.402162551879883,22.77286148071289,23.048181533813477,751156,0.0,0.0
2022-06-24 00:00:00-04:00,23.264503479003906,24.23795509338379,23.264503479003906,23.824974060058594,2707763,0.0,0.0
2022-06-27 00:00:00-04:00,24.080629348754883,24.198623657226562,23.367748260498047,24.09046173095703,1188975,0.0,0.0
2022-06-28 00:00:00-04:00,24.316617965698242,24.483776092529297,23.077678680419922,23.11701011657715,1127039,0.0,0.0
2022-06-29 00:00:00-04:00,23.08751106262207,23.08751106262207,22.12389373779297,22.2320556640625,1046595,0.0,0.0
2022-06-30 00:00:00-04:00,21.937070846557617,23.195674896240234,21.6420841217041,22.90068817138672,1033170,0.0,0.0
2022-07-01 00:00:00-04:00,22.615535736083984,23.156341552734375,22.291051864624023,22.694198608398438,569215,0.0,0.0
2022-07-05 00:00:00-04:00,22.00589942932129,22.723697662353516,21.622419357299805,22.67453384399414,597691,0.0,0.0
2022-07-06 00:00:00-04:00,22.576204299926758,23.028514862060547,22.291051864624023,22.930187225341797,517348,0.0,0.0
2022-07-07 00:00:00-04:00,23.264503479003906,23.55948829650879,23.180923461914062,23.22517204284668,458565,0.0,0.0
2022-07-08 00:00:00-04:00,23.24483871459961,23.362831115722656,22.866273880004883,23.107177734375,429174,0.0,0.0
2022-07-11 00:00:00-04:00,22.763029098510742,23.294002532958984,22.763029098510742,23.294002532958984,597284,0.0,0.0
2022-07-12 00:00:00-04:00,23.20550537109375,23.962635040283203,23.058013916015625,23.185840606689453,776785,0.0,0.0
2022-07-13 00:00:00-04:00,22.969518661499023,23.284168243408203,22.65486717224121,23.195674896240234,714646,0.0,0.0
2022-07-14 00:00:00-04:00,22.586036682128906,22.9990177154541,22.300884246826172,22.77286148071289,483278,0.0,0.0
2022-07-15 00:00:00-04:00,23.274335861206055,23.352998733520508,22.625368118286133,23.136676788330078,463345,0.0,0.0
2022-07-18 00:00:00-04:00,23.352998733520508,23.815143585205078,23.352998733520508,23.618486404418945,449921,0.0,0.0
2022-07-19 00:00:00-04:00,24.0707950592041,25.004915237426758,23.962635040283203,24.77876091003418,604810,0.0,0.0
2022-07-20 00:00:00-04:00,24.582103729248047,24.955751419067383,24.45919418334961,24.857423782348633,701425,0.0,0.0
2022-07-21 00:00:00-04:00,24.5526065826416,25.260570526123047,24.257619857788086,25.260570526123047,512161,0.0,0.0
2022-07-22 00:00:00-04:00,25.368732452392578,25.55555534362793,24.837757110595703,25.054080963134766,335102,0.0,0.0
2022-07-25 00:00:00-04:00,25.034414291381836,25.467060089111328,24.808259963989258,25.378564834594727,427140,0.0,0.0
2022-07-26 00:00:00-04:00,25.08357810974121,25.506391525268555,25.08357810974121,25.417896270751953,310287,0.0,0.0
2022-07-27 00:00:00-04:00,25.565387725830078,26.31268310546875,25.32939910888672,26.253686904907227,531383,0.0,0.0
2022-07-28 00:00:00-04:00,26.381513595581055,26.68633270263672,26.086528778076172,26.519174575805664,642439,0.0,0.0
2022-07-29 00:00:00-04:00,26.529006958007812,27.31563377380371,26.529006958007812,27.050146102905273,714951,0.0,0.0
2022-08-01 00:00:00-04:00,26.78466033935547,27.24188804626465,26.371681213378906,27.187807083129883,526908,0.0,0.0
2022-08-02 00:00:00-04:00,27.10914421081543,27.423795700073242,26.833824157714844,26.853490829467773,364493,0.0,0.0
2022-08-03 00:00:00-04:00,26.99114990234375,27.187807083129883,26.68633270263672,27.059980392456055,512466,0.0,0.0
2022-08-04 00:00:00-04:00,27.33530044555664,29.13471031188965,26.666667938232422,28.89872169494629,901062,0.0,0.0
2022-08-05 00:00:00-04:00,28.5349063873291,29.862340927124023,28.30875015258789,29.744346618652344,624336,0.0,0.0
2022-08-08 00:00:00-04:00,29.773845672607422,30.506391525268555,29.739429473876953,30.33431625366211,752173,0.0,0.0
2022-08-09 00:00:00-04:00,30.167158126831055,30.314651489257812,29.616519927978516,29.783676147460938,415038,0.0,0.0
2022-08-10 00:00:00-04:00,30.66863250732422,31.13274383544922,30.412979125976562,30.727630615234375,496093,0.0,0.0
2022-08-11 00:00:00-04:00,31.081613540649414,31.11111068725586,30.44247817993164,30.825958251953125,513280,0.0,0.0
2022-08-12 00:00:00-04:00,30.924287796020508,31.592920303344727,30.56047248840332,31.31760025024414,754004,0.0,0.0
2022-08-15 00:00:00-04:00,30.9636173248291,31.268436431884766,30.707965850830078,31.258604049682617,768954,0.0,0.0
2022-08-16 00:00:00-04:00,31.052114486694336,31.701082229614258,30.943952560424805,31.406095504760742,370900,0.0,0.0
2022-08-17 00:00:00-04:00,30.845624923706055,31.071779251098633,30.558504104614258,30.825958251953125,433649,0.0,0.0
2022-08-18 00:00:00-04:00,30.717796325683594,30.953786849975586,30.66863250732422,30.7669620513916,380256,0.0,0.0
2022-08-19 00:00:00-04:00,30.678466796875,30.904621124267578,30.157325744628906,30.245820999145508,503822,0.0,0.0
2022-08-22 00:00:00-04:00,29.744346618652344,30.245820999145508,29.469026565551758,29.54768943786621,547553,0.0,0.0
2022-08-23 00:00:00-04:00,29.44936180114746,30.01966667175293,29.351032257080078,29.351032257080078,450023,0.0,0.0
2022-08-24 00:00:00-04:00,29.54768943786621,29.9115047454834,29.292034149169922,29.567354202270508,795904,0.0,0.0
2022-08-25 00:00:00-04:00,29.69518280029297,30.33431625366211,29.69518280029297,30.245820999145508,722477,0.0,0.0
2022-08-26 00:00:00-04:00,30.127826690673828,30.275320053100586,28.908554077148438,29.10521125793457,600233,0.0,0.0
2022-08-29 00:00:00-04:00,28.711898803710938,29.282203674316406,28.584070205688477,28.918386459350586,552129,0.0,0.0
2022-08-30 00:00:00-04:00,29.0363826751709,29.22320556640625,28.23992156982422,28.485742568969727,638473,0.0,0.0
2022-08-31 00:00:00-04:00,28.505407333374023,28.859390258789062,27.925270080566406,27.944936752319336,761326,0.0,0.0
2022-09-01 00:00:00-04:00,27.728614807128906,27.90560531616211,27.246803283691406,27.58112144470215,766310,0.0,0.0
2022-09-02 00:00:00-04:00,28.14159393310547,28.33824920654297,27.34513282775879,27.531957626342773,554672,0.0,0.0
2022-09-06 00:00:00-04:00,27.571287155151367,27.630285263061523,26.961652755737305,27.040315628051758,489889,0.0,0.0
2022-09-07 00:00:00-04:00,27.020648956298828,28.190757751464844,27.020648956298828,28.171091079711914,432835,0.0,0.0
2022-09-08 00:00:00-04:00,27.728614807128906,28.259586334228516,27.55162239074707,28.220256805419922,346695,0.0,0.0
2022-09-09 00:00:00-04:00,28.33824920654297,28.711898803710938,28.23992156982422,28.603736877441406,555180,0.0,0.0
2022-09-12 00:00:00-04:00,28.75122833251953,28.928220748901367,28.21042251586914,28.34808349609375,544909,0.0,0.0
2022-09-13 00:00:00-04:00,27.6597843170166,28.200590133666992,27.492624282836914,27.6597843170166,761428,0.0,0.0
2022-09-14 00:00:00-04:00,27.58112144470215,27.728614807128906,26.951818466186523,27.512290954589844,745868,0.0,0.0
2022-09-15 00:00:00-04:00,27.305801391601562,27.944936752319336,27.2320556640625,27.531957626342773,680678,0.0,0.0
2022-09-16 00:00:00-04:00,27.22713851928711,27.236970901489258,26.293018341064453,26.35201644897461,1143311,0.0,0.0
2022-09-19 00:00:00-04:00,26.076696395874023,27.600786209106445,26.076696395874023,27.46312713623047,1247859,0.0,0.0
2022-09-20 00:00:00-04:00,27.020648956298828,27.236970901489258,25.614553451538086,26.175025939941406,986388,0.0,0.0
2022-09-21 00:00:00-04:00,26.401180267333984,26.961652755737305,25.830875396728516,25.840707778930664,848280,0.0,0.0
2022-09-22 00:00:00-04:00,26.32251739501953,26.32251739501953,25.634218215942383,25.634218215942383,958624,0.0,0.0
2022-09-23 00:00:00-04:00,25.10324478149414,25.20157241821289,24.021631240844727,24.47394371032715,1026865,0.0,0.0
2022-09-26 00:00:00-04:00,24.23795509338379,24.788593292236328,23.56932258605957,23.716814041137695,1036425,0.0,0.0
2022-09-27 00:00:00-04:00,23.90363883972168,24.257619857788086,23.11701011657715,23.706981658935547,854280,0.0,0.0
2022-09-28 00:00:00-04:00,23.952802658081055,24.469026565551758,23.588987350463867,24.22812271118164,684339,0.0,0.0
2022-09-29 00:00:00-04:00,23.805309295654297,23.913471221923828,23.12192726135254,23.864307403564453,698374,0.0,0.0
2022-09-30 00:00:00-04:00,23.942970275878906,24.464109420776367,23.539823532104492,23.55948829650879,776683,0.0,0.0
2022-10-03 00:00:00-04:00,23.854473114013672,24.35594940185547,23.56440544128418,24.051130294799805,1015881,0.0,0.0
2022-10-04 00:00:00-04:00,24.68043327331543,25.265487670898438,24.631267547607422,25.024581909179688,866891,0.0,0.0
2022-10-05 00:00:00-04:00,24.6607666015625,25.063913345336914,24.434612274169922,24.86725616455078,758784,0.0,0.0
2022-10-06 00:00:00-04:00,24.54277229309082,25.004915237426758,24.518190383911133,24.631267547607422,616607,0.0,0.0
2022-10-07 00:00:00-04:00,24.296951293945312,24.375614166259766,23.264503479003906,23.618486404418945,1418512,0.0,0.0
2022-10-10 00:00:00-04:00,23.834808349609375,24.09046173095703,23.048181533813477,23.294002532958984,782378,0.0,0.0
2022-10-11 00:00:00-04:00,23.333332061767578,23.638151168823242,22.80236053466797,23.451326370239258,1211349,0.0,0.0
2022-10-12 00:00:00-04:00,23.352998733520508,24.021631240844727,23.053096771240234,23.815143585205078,966659,0.0,0.0
2022-10-13 00:00:00-04:00,23.32349967956543,24.936086654663086,22.9990177154541,24.827924728393555,1653235,0.0,0.0
2022-10-14 00:00:00-04:00,24.975418090820312,25.152408599853516,23.86922264099121,24.031465530395508,953539,0.0,0.0
2022-10-17 00:00:00-04:00,24.75909423828125,24.98525047302246,24.591936111450195,24.91642189025879,751665,0.0,0.0
2022-10-18 00:00:00-04:00,25.585054397583008,25.939035415649414,25.358898162841797,25.64405059814453,739766,0.0,0.0
2022-10-19 00:00:00-04:00,25.290069580078125,25.506391525268555,24.351032257080078,24.67060089111328,736918,0.0,0.0
2022-10-20 00:00:00-04:00,24.47394371032715,25.004915237426758,24.041297912597656,24.257619857788086,622913,0.0,0.0
2022-10-21 00:00:00-04:00,24.287118911743164,25.11307716369629,24.09046173095703,25.063913345336914,623523,0.0,0.0
2022-10-24 00:00:00-04:00,25.152408599853516,25.34906578063965,24.690265655517578,25.01474952697754,803023,0.0,0.0
2022-10-25 00:00:00-04:00,24.955751419067383,25.821041107177734,24.739429473876953,25.614553451538086,1119615,0.0,0.0
2022-10-26 00:00:00-04:00,25.565387725830078,25.698131561279297,25.039331436157227,25.585054397583008,903605,0.0,0.0
2022-10-27 00:00:00-04:00,25.722713470458984,25.722713470458984,25.172075271606445,25.45722770690918,803633,0.0,0.0
2022-10-28 00:00:00-04:00,25.496559143066406,26.69124984741211,25.31956672668457,26.53883934020996,721256,0.0,0.0
2022-10-31 00:00:00-04:00,26.371681213378906,26.499507904052734,25.79154396057129,25.90953826904297,805973,0.0,0.0
2022-11-01 00:00:00-04:00,26.184856414794922,26.35201644897461,25.358898162841797,25.683382034301758,930555,0.0,0.0
2022-11-02 00:00:00-04:00,25.742380142211914,26.066862106323242,24.700098037719727,24.700098037719727,1017102,0.0,0.0
2022-11-03 00:00:00-04:00,24.86725616455078,26.597837448120117,23.952802658081055,25.830875396728516,1190704,0.0,0.0
2022-11-04 00:00:00-04:00,26.509340286254883,27.33530044555664,26.23402214050293,27.276302337646484,785633,0.0,0.0
2022-11-07 00:00:00-05:00,27.32546615600586,27.56145477294922,26.87315559387207,27.384464263916016,576944,0.0,0.0
2022-11-08 00:00:00-05:00,27.55162239074707,28.09242820739746,27.256637573242188,27.4827938079834,541349,0.0,0.0
2022-11-09 00:00:00-05:00,27.276302337646484,27.354965209960938,26.68633270263672,26.75516128540039,486126,0.0,0.0
2022-11-10 00:00:00-05:00,28.12192726135254,29.22320556640625,27.974435806274414,28.928220748901367,1108937,0.0,0.0
2022-11-11 00:00:00-05:00,29.026548385620117,30.23598861694336,28.98721694946289,30.029499053955078,1098869,0.0,0.0
2022-11-14 00:00:00-05:00,29.832841873168945,29.931169509887695,29.0363826751709,29.075712203979492,593521,0.0,0.0
2022-11-15 00:00:00-05:00,29.66568374633789,29.89183807373047,28.805309295654297,29.174041748046875,666644,0.0,0.0
2022-11-16 00:00:00-05:00,29.00688362121582,29.34119987487793,28.820058822631836,29.144542694091797,797430,0.0,0.0
2022-11-17 00:00:00-05:00,28.66273307800293,28.859390258789062,27.55162239074707,28.013765335083008,915300,0.0,0.0
2022-11-18 00:00:00-05:00,28.633235931396484,28.918386459350586,28.190757751464844,28.75122833251953,944895,0.0,0.0
2022-11-21 00:00:00-05:00,28.5545711517334,28.99704933166504,28.475910186767578,28.741395950317383,800684,0.0,0.0
2022-11-22 00:00:00-05:00,28.829891204833984,29.31170082092285,28.638151168823242,29.301868438720703,453989,0.0,0.0
2022-11-23 00:00:00-05:00,29.144542694091797,29.606685638427734,29.144542694091797,29.53785514831543,359815,0.0,0.0
2022-11-25 00:00:00-05:00,29.469026565551758,30.029499053955078,29.469026565551758,29.960668563842773,272861,0.0,0.0
2022-11-28 00:00:00-05:00,29.596853256225586,29.76892852783203,29.026548385620117,29.22320556640625,621794,0.0,0.0
2022-11-29 00:00:00-05:00,29.065879821777344,29.390363693237305,28.810226440429688,29.00688362121582,481651,0.0,0.0
2022-11-30 00:00:00-05:00,28.88888931274414,29.862340927124023,28.5349063873291,29.783676147460938,713527,0.0,0.0
2022-12-01 00:00:00-05:00,29.9115047454834,30.00983238220215,29.34119987487793,29.744346618652344,406088,0.0,0.0
2022-12-02 00:00:00-05:00,29.34119987487793,30.029499053955078,29.085546493530273,29.813175201416016,394494,0.0,0.0
2022-12-05 00:00:00-05:00,29.43952751159668,29.43952751159668,28.46116065979004,28.75122833251953,670712,0.0,0.0
2022-12-06 00:00:00-05:00,28.849557876586914,29.272369384765625,28.77089500427246,29.164207458496094,541349,0.0,0.0
2022-12-07 00:00:00-05:00,29.13471031188965,29.64601707458496,28.86922264099121,29.242870330810547,602878,0.0,0.0
2022-12-08 00:00:00-05:00,29.57718849182129,29.960668563842773,29.262537002563477,29.754179000854492,555689,0.0,0.0
2022-12-09 00:00:00-05:00,29.64601707458496,30.285152435302734,29.434612274169922,30.029499053955078,859365,0.0,0.0
2022-12-12 00:00:00-05:00,30.078662872314453,30.471975326538086,29.705015182495117,30.46214485168457,789294,0.0,0.0
2022-12-13 00:00:00-05:00,31.632251739501953,31.6420841217041,30.64798355102539,31.278268814086914,820617,0.0,0.0
2022-12-14 00:00:00-05:00,31.1200008392334,31.450000762939453,30.56999969482422,30.65999984741211,885100,0.0,1.017
2022-12-15 00:00:00-05:00,30.100000381469727,30.40999984741211,29.520000457763672,30.34000015258789,724400,0.0,0.0
2022-12-16 00:00:00-05:00,29.899999618530273,30.850000381469727,29.899999618530273,30.809999465942383,1668500,0.0,0.0
2022-12-19 00:00:00-05:00,30.729999542236328,30.8799991607666,29.770000457763672,29.850000381469727,1227800,0.0,0.0
2022-12-20 00:00:00-05:00,29.709999084472656,29.875,29.149999618530273,29.510000228881836,842800,0.0,0.0
2022-12-21 00:00:00-05:00,29.860000610351562,30.110000610351562,29.6200008392334,29.68000030517578,652300,0.0,0.0
2022-12-22 00:00:00-05:00,29.280000686645508,29.559999465942383,28.1299991607666,28.760000228881836,753700,0.0,0.0
2022-12-23 00:00:00-05:00,28.610000610351562,29.299999237060547,28.59000015258789,29.190000534057617,391700,0.0,0.0
2022-12-27 00:00:00-05:00,29.200000762939453,29.399999618530273,28.979999542236328,29.020000457763672,504300,0.0,0.0
2022-12-28 00:00:00-05:00,29.139999389648438,29.290000915527344,28.40999984741211,28.459999084472656,526000,0.0,0.0
2022-12-29 00:00:00-05:00,28.729999542236328,29.094999313354492,28.510000228881836,28.8799991607666,641800,0.0,0.0
2022-12-30 00:00:00-05:00,28.559999465942383,28.790000915527344,28.010000228881836,28.389999389648438,515000,0.0,0.0
2023-01-03 00:00:00-05:00,28.809999465942383,29.219999313354492,28.420000076293945,28.649999618530273,613700,0.0,0.0
2023-01-04 00:00:00-05:00,29.079999923706055,29.940000534057617,28.989999771118164,29.579999923706055,560500,0.0,0.0
2023-01-05 00:00:00-05:00,29.25,29.565000534057617,28.84000015258789,29.350000381469727,474500,0.0,0.0
2023-01-06 00:00:00-05:00,29.799999237060547,30.75,29.530000686645508,30.719999313354492,659800,0.0,0.0
2023-01-09 00:00:00-05:00,30.93000030517578,30.93000030517578,29.56999969482422,29.690000534057617,867000,0.0,0.0
2023-01-10 00:00:00-05:00,29.600000381469727,30.079999923706055,29.31999969482422,29.940000534057617,991500,0.0,0.0
2023-01-11 00:00:00-05:00,30.190000534057617,31.5,30.0,31.43000030517578,626900,0.0,0.0
2023-01-12 00:00:00-05:00,31.59000015258789,31.59000015258789,30.950000762939453,30.989999771118164,482000,0.0,0.0
2023-01-13 00:00:00-05:00,30.93000030517578,32.095001220703125,30.8700008392334,32.02000045776367,591600,0.0,0.0
2023-01-17 00:00:00-05:00,31.860000610351562,32.04999923706055,31.540000915527344,31.899999618530273,620800,0.0,0.0
2023-01-18 00:00:00-05:00,31.950000762939453,32.404998779296875,31.360000610351562,31.399999618530273,553000,0.0,0.0
2023-01-19 00:00:00-05:00,31.06999969482422,31.239999771118164,30.459999084472656,30.520000457763672,439500,0.0,0.0
2023-01-20 00:00:00-05:00,30.760000228881836,31.489999771118164,30.309999465942383,31.43000030517578,603900,0.0,0.0
2023-01-23 00:00:00-05:00,31.3799991607666,31.8700008392334,31.084999084472656,31.65999984741211,325700,0.0,0.0
2023-01-24 00:00:00-05:00,31.719999313354492,32.119998931884766,31.3700008392334,32.060001373291016,407200,0.0,0.0
2023-01-25 00:00:00-05:00,31.68000030517578,32.040000915527344,31.3700008392334,32.0,380100,0.0,0.0
2023-01-26 00:00:00-05:00,32.15999984741211,32.20000076293945,30.875,32.0,408500,0.0,0.0
2023-01-27 00:00:00-05:00,31.950000762939453,32.68000030517578,31.940000534057617,32.029998779296875,516600,0.0,0.0
2023-01-30 00:00:00-05:00,31.81999969482422,32.02000045776367,31.760000228881836,31.770000457763672,373600,0.0,0.0
2023-01-31 00:00:00-05:00,32.0,32.959999084472656,31.844999313354492,32.86000061035156,546800,0.0,0.0
2023-02-01 00:00:00-05:00,32.75,33.9900016784668,32.630001068115234,33.65999984741211,625800,0.0,0.0
2023-02-02 00:00:00-05:00,33.90999984741211,34.400001525878906,33.560001373291016,34.25,866000,0.0,0.0
2023-02-03 00:00:00-05:00,33.709999084472656,34.040000915527344,32.915000915527344,33.220001220703125,587400,0.0,0.0
2023-02-06 00:00:00-05:00,32.779998779296875,32.82500076293945,32.369998931884766,32.70000076293945,435000,0.0,0.0
2023-02-07 00:00:00-05:00,32.34000015258789,32.900001525878906,32.18000030517578,32.65999984741211,600200,0.0,0.0
2023-02-08 00:00:00-05:00,32.2599983215332,32.65999984741211,32.06999969482422,32.380001068115234,287300,0.0,0.0
2023-02-09 00:00:00-05:00,32.56999969482422,32.981998443603516,31.93000030517578,32.06999969482422,283100,0.0,0.0
2023-02-10 00:00:00-05:00,31.799999237060547,32.099998474121094,31.510000228881836,32.040000915527344,440200,0.0,0.0
2023-02-13 00:00:00-05:00,32.099998474121094,32.5099983215332,31.8799991607666,32.4900016784668,638200,0.0,0.0
2023-02-14 00:00:00-05:00,32.20000076293945,32.92499923706055,31.820999145507812,32.59000015258789,716200,0.0,0.0
2023-02-15 00:00:00-05:00,32.54999923706055,34.09000015258789,32.54999923706055,33.4900016784668,1167900,0.0,0.0
2023-02-16 00:00:00-05:00,32.439998626708984,32.90999984741211,31.0,31.200000762939453,1311100,0.0,0.0
2023-02-17 00:00:00-05:00,31.110000610351562,31.510000228881836,29.770000457763672,30.549999237060547,1316000,0.0,0.0
2023-02-21 00:00:00-05:00,30.049999237060547,30.579999923706055,29.75,29.940000534057617,861400,0.0,0.0
2023-02-22 00:00:00-05:00,30.219999313354492,30.219999313354492,29.69700050354004,29.899999618530273,639000,0.0,0.0
2023-02-23 00:00:00-05:00,30.110000610351562,30.260000228881836,29.709999084472656,30.059999465942383,804600,0.0,0.0
2023-02-24 00:00:00-05:00,29.530000686645508,30.1299991607666,29.440000534057617,29.75,792600,0.0,0.0
2023-02-27 00:00:00-05:00,30.100000381469727,30.25,29.7549991607666,29.829999923706055,736900,0.0,0.0
2023-02-28 00:00:00-05:00,29.780000686645508,29.93000030517578,29.399999618530273,29.540000915527344,1086300,0.0,0.0
2023-03-01 00:00:00-05:00,29.469999313354492,29.93000030517578,29.350000381469727,29.510000228881836,732100,0.0,0.0
2023-03-02 00:00:00-05:00,29.260000228881836,30.459999084472656,29.020000457763672,30.43000030517578,760900,0.0,0.0
2023-03-03 00:00:00-05:00,30.639999389648438,30.850000381469727,30.350000381469727,30.68000030517578,498600,0.0,0.0
2023-03-06 00:00:00-05:00,30.670000076293945,30.729999542236328,29.920000076293945,30.0,691200,0.0,0.0
2023-03-07 00:00:00-05:00,30.020000457763672,30.100000381469727,29.610000610351562,29.649999618530273,656300,0.0,0.0
2023-03-08 00:00:00-05:00,29.780000686645508,30.280000686645508,29.600000381469727,29.93000030517578,507000,0.0,0.0
2023-03-09 00:00:00-05:00,29.90999984741211,30.149999618530273,29.020000457763672,29.1299991607666,452100,0.0,0.0
2023-03-10 00:00:00-05:00,29.170000076293945,29.170000076293945,28.0049991607666,28.18000030517578,1065600,0.0,0.0
2023-03-13 00:00:00-04:00,27.540000915527344,28.010000228881836,27.094999313354492,27.18000030517578,1006200,0.0,0.0
2023-03-14 00:00:00-04:00,28.010000228881836,28.209999084472656,27.30500030517578,27.600000381469727,883300,0.0,0.0
2023-03-15 00:00:00-04:00,26.760000228881836,27.149999618530273,26.500999450683594,26.829999923706055,1165000,0.0,0.0
2023-03-16 00:00:00-04:00,26.6200008392334,27.6200008392334,26.30500030517578,27.530000686645508,672300,0.0,0.0
2023-03-17 00:00:00-04:00,27.190000534057617,27.190000534057617,26.459999084472656,26.610000610351562,1153200,0.0,0.0
2023-03-20 00:00:00-04:00,26.969999313354492,27.18000030517578,26.649999618530273,26.809999465942383,527800,0.0,0.0
2023-03-21 00:00:00-04:00,27.3799991607666,27.559999465942383,27.079999923706055,27.469999313354492,490400,0.0,0.0
2023-03-22 00:00:00-04:00,27.350000381469727,27.8799991607666,27.139999389648438,27.190000534057617,888900,0.0,0.0
2023-03-23 00:00:00-04:00,27.15999984741211,28.110000610351562,27.09000015258789,27.270000457763672,1010700,0.0,0.0
2023-03-24 00:00:00-04:00,26.90999984741211,27.260000228881836,26.5,27.18000030517578,492900,0.0,0.0
2023-03-27 00:00:00-04:00,27.5,27.915000915527344,27.420000076293945,27.549999237060547,484100,0.0,0.0
2023-03-28 00:00:00-04:00,27.459999084472656,28.309999465942383,27.274999618530273,28.239999771118164,511400,0.0,0.0
2023-03-29 00:00:00-04:00,28.549999237060547,28.729999542236328,28.135000228881836,28.3799991607666,408300,0.0,0.0
2023-03-30 00:00:00-04:00,28.68000030517578,28.875,28.065000534057617,28.18000030517578,303900,0.0,0.0
2023-03-31 00:00:00-04:00,28.389999389648438,28.739999771118164,28.344999313354492,28.489999771118164,545700,0.0,0.0
2023-04-03 00:00:00-04:00,28.540000915527344,28.81999969482422,28.110000610351562,28.3799991607666,441700,0.0,0.0
2023-04-04 00:00:00-04:00,28.540000915527344,28.540000915527344,27.290000915527344,27.440000534057617,604000,0.0,0.0
2023-04-05 00:00:00-04:00,27.040000915527344,27.125,26.040000915527344,26.190000534057617,871200,0.0,0.0
2023-04-06 00:00:00-04:00,26.25,26.25,25.690000534057617,25.81999969482422,819800,0.0,0.0
2023-04-10 00:00:00-04:00,25.639999389648438,26.540000915527344,25.43000030517578,26.34000015258789,1050100,0.0,0.0
2023-04-11 00:00:00-04:00,26.459999084472656,26.860000610351562,26.3700008392334,26.399999618530273,654900,0.0,0.0
2023-04-12 00:00:00-04:00,26.670000076293945,26.719999313354492,26.34000015258789,26.469999313354492,684800,0.0,0.0
2023-04-13 00:00:00-04:00,26.559999465942383,27.010000228881836,26.325000762939453,26.93000030517578,523700,0.0,0.0
2023-04-14 00:00:00-04:00,26.780000686645508,27.15999984741211,26.549999237060547,26.700000762939453,383700,0.0,0.0
2023-04-17 00:00:00-04:00,26.600000381469727,27.079999923706055,26.5,27.0,552000,0.0,0.0
2023-04-18 00:00:00-04:00,27.149999618530273,27.420000076293945,26.829999923706055,27.010000228881836,572700,0.0,0.0
2023-04-19 00:00:00-04:00,26.950000762939453,27.469999313354492,26.889999389648438,27.43000030517578,546400,0.0,0.0
2023-04-20 00:00:00-04:00,27.149999618530273,27.739999771118164,27.084999084472656,27.440000534057617,298800,0.0,0.0
2023-04-21 00:00:00-04:00,27.469999313354492,27.530000686645508,26.864999771118164,27.299999237060547,365000,0.0,0.0
2023-04-24 00:00:00-04:00,27.3700008392334,27.610000610351562,27.049999237060547,27.389999389648438,483000,0.0,0.0
2023-04-25 00:00:00-04:00,27.15999984741211,27.34000015258789,26.850000381469727,26.969999313354492,597300,0.0,0.0
2023-04-26 00:00:00-04:00,26.649999618530273,26.950000762939453,26.18000030517578,26.3700008392334,447100,0.0,0.0
2023-04-27 00:00:00-04:00,26.479999542236328,27.1299991607666,26.43000030517578,27.100000381469727,360000,0.0,0.0
2023-04-28 00:00:00-04:00,26.940000534057617,27.549999237060547,26.940000534057617,27.40999984741211,351200,0.0,0.0
2023-05-01 00:00:00-04:00,27.260000228881836,27.790000915527344,27.260000228881836,27.719999313354492,412800,0.0,0.0
2023-05-02 00:00:00-04:00,27.600000381469727,27.690000534057617,27.200000762939453,27.59000015258789,1025700,0.0,0.0
2023-05-03 00:00:00-04:00,27.65999984741211,28.219999313354492,27.290000915527344,27.399999618530273,1254600,0.0,0.0
2023-05-04 00:00:00-04:00,28.690000534057617,31.829999923706055,28.56999969482422,28.829999923706055,2069400,0.0,0.0
2023-05-05 00:00:00-04:00,29.540000915527344,30.049999237060547,29.200000762939453,29.8700008392334,1111700,0.0,0.0
2023-05-08 00:00:00-04:00,30.06999969482422,30.700000762939453,29.93000030517578,30.479999542236328,946900,0.0,0.0
2023-05-09 00:00:00-04:00,30.389999389648438,30.719999313354492,30.21500015258789,30.559999465942383,604400,0.0,0.0
2023-05-10 00:00:00-04:00,31.40999984741211,31.40999984741211,30.559999465942383,31.06999969482422,823800,0.0,0.0
2023-05-11 00:00:00-04:00,30.860000610351562,31.15999984741211,30.704999923706055,30.989999771118164,403700,0.0,0.0
2023-05-12 00:00:00-04:00,31.1299991607666,31.520000457763672,31.040000915527344,31.450000762939453,834100,0.0,0.0
2023-05-15 00:00:00-04:00,31.420000076293945,32.220001220703125,31.239999771118164,32.099998474121094,1133700,0.0,0.0
2023-05-16 00:00:00-04:00,32.0,32.04999923706055,31.4950008392334,31.84000015258789,907300,0.0,0.0
2023-05-17 00:00:00-04:00,32.029998779296875,32.40999984741211,31.670000076293945,31.940000534057617,1039900,0.0,0.0
2023-05-18 00:00:00-04:00,31.979999542236328,32.650001525878906,31.84000015258789,32.560001373291016,476400,0.0,0.0
2023-05-19 00:00:00-04:00,32.7599983215332,32.797000885009766,32.09000015258789,32.310001373291016,459100,0.0,0.0
2023-05-22 00:00:00-04:00,32.34000015258789,32.56999969482422,32.13999938964844,32.34000015258789,470900,0.0,0.0
2023-05-23 00:00:00-04:00,32.08000183105469,32.45000076293945,31.780000686645508,31.920000076293945,564900,0.0,0.0
2023-05-24 00:00:00-04:00,31.670000076293945,31.670000076293945,31.110000610351562,31.270000457763672,896800,0.0,0.0
2023-05-25 00:00:00-04:00,31.40999984741211,31.940000534057617,31.219999313354492,31.90999984741211,646500,0.0,0.0
2023-05-26 00:00:00-04:00,31.959999084472656,32.22999954223633,31.520000457763672,31.899999618530273,553900,0.0,0.0
2023-05-30 00:00:00-04:00,31.8799991607666,32.220001220703125,31.389999389648438,31.56999969482422,432100,0.0,0.0
2023-05-31 00:00:00-04:00,31.489999771118164,31.729999542236328,31.34000015258789,31.6299991607666,866900,0.0,0.0
2023-06-01 00:00:00-04:00,31.579999923706055,32.369998931884766,31.579999923706055,32.209999084472656,870700,0.0,0.0
2023-06-02 00:00:00-04:00,32.630001068115234,33.625,32.5,33.59000015258789,666800,0.0,0.0
2023-06-05 00:00:00-04:00,33.380001068115234,33.5,32.849998474121094,33.150001525878906,446400,0.0,0.0
2023-06-06 00:00:00-04:00,33.029998779296875,34.5,32.95000076293945,33.91999816894531,694100,0.0,0.0
2023-06-07 00:00:00-04:00,33.90999984741211,34.641998291015625,33.68000030517578,34.09000015258789,722900,0.0,0.0
2023-06-08 00:00:00-04:00,33.91999816894531,34.54999923706055,33.790000915527344,34.540000915527344,465600,0.0,0.0
2023-06-09 00:00:00-04:00,34.43000030517578,34.43000030517578,33.97999954223633,34.2599983215332,551400,0.0,0.0
2023-06-12 00:00:00-04:00,34.130001068115234,34.470001220703125,33.84000015258789,34.22999954223633,434700,0.0,0.0
2023-06-13 00:00:00-04:00,34.29999923706055,34.70000076293945,34.29999923706055,34.529998779296875,449900,0.0,0.0
2023-06-14 00:00:00-04:00,34.47999954223633,34.66999816894531,33.970001220703125,34.33000183105469,451800,0.0,0.0
2023-06-15 00:00:00-04:00,34.029998779296875,34.54999923706055,34.029998779296875,34.459999084472656,609500,0.0,0.0
2023-06-16 00:00:00-04:00,34.849998474121094,34.88999938964844,33.72999954223633,33.88999938964844,1178400,0.0,0.0
2023-06-20 00:00:00-04:00,33.59000015258789,33.970001220703125,33.472999572753906,33.900001525878906,593800,0.0,0.0
2023-06-21 00:00:00-04:00,33.880001068115234,34.31999969482422,33.689998626708984,34.15999984741211,1183000,0.0,0.0
2023-06-22 00:00:00-04:00,33.959999084472656,34.22999954223633,33.790000915527344,34.02000045776367,1410200,0.0,0.0
2023-06-23 00:00:00-04:00,33.599998474121094,34.97999954223633,33.599998474121094,34.95000076293945,2430100,0.0,0.0
2023-06-26 00:00:00-04:00,34.779998779296875,35.52000045776367,34.779998779296875,35.15999984741211,828600,0.0,0.0
2023-06-27 00:00:00-04:00,35.2400016784668,36.51499938964844,35.099998474121094,36.4900016784668,1008600,0.0,0.0
2023-06-28 00:00:00-04:00,36.560001373291016,37.31999969482422,36.52399826049805,37.08000183105469,1154700,0.0,0.0
2023-06-29 00:00:00-04:00,37.02000045776367,37.72999954223633,36.810001373291016,37.540000915527344,604200,0.0,0.0
2023-06-30 00:00:00-04:00,38.0,38.0,37.61000061035156,37.849998474121094,818500,0.0,0.0
2023-07-03 00:00:00-04:00,37.5,37.869998931884766,37.09000015258789,37.09000015258789,396600,0.0,0.0
2023-07-05 00:00:00-04:00,36.86000061035156,37.060001373291016,36.52000045776367,36.52000045776367,563800,0.0,0.0
2023-07-06 00:00:00-04:00,35.45000076293945,36.349998474121094,35.209999084472656,35.369998931884766,1020300,0.0,0.0
2023-07-07 00:00:00-04:00,35.5099983215332,36.349998474121094,35.310001373291016,35.810001373291016,867400,0.0,0.0
2023-07-10 00:00:00-04:00,35.81999969482422,36.52000045776367,35.540000915527344,36.189998626708984,930200,0.0,0.0
2023-07-11 00:00:00-04:00,36.459999084472656,37.040000915527344,36.27000045776367,36.869998931884766,523100,0.0,0.0
2023-07-12 00:00:00-04:00,37.209999084472656,37.27000045776367,36.599998474121094,36.61000061035156,610800,0.0,0.0
2023-07-13 00:00:00-04:00,37.25,37.28499984741211,36.724998474121094,37.2599983215332,698800,0.0,0.0
2023-07-14 00:00:00-04:00,37.75,37.75,36.755001068115234,37.0,647800,0.0,0.0
2023-07-17 00:00:00-04:00,37.040000915527344,37.34000015258789,36.869998931884766,37.150001525878906,644300,0.0,0.0
2023-07-18 00:00:00-04:00,37.060001373291016,37.53499984741211,37.060001373291016,37.40999984741211,981000,0.0,0.0
2023-07-19 00:00:00-04:00,37.40999984741211,37.689998626708984,37.02000045776367,37.02000045776367,753700,0.0,0.0
2023-07-20 00:00:00-04:00,37.20000076293945,37.290000915527344,36.5,36.88999938964844,748700,0.0,0.0
2023-07-21 00:00:00-04:00,36.939998626708984,36.959999084472656,36.599998474121094,36.880001068115234,802300,0.0,0.0
2023-07-24 00:00:00-04:00,36.43000030517578,36.875,36.2599983215332,36.43000030517578,545000,0.0,0.0
2023-07-25 00:00:00-04:00,36.290000915527344,36.81999969482422,36.27000045776367,36.599998474121094,459400,0.0,0.0
2023-07-26 00:00:00-04:00,36.66999816894531,37.20000076293945,36.564998626708984,37.06999969482422,608400,0.0,0.0
2023-07-27 00:00:00-04:00,37.310001373291016,37.4900016784668,36.02000045776367,36.08000183105469,751100,0.0,0.0
2023-07-28 00:00:00-04:00,36.560001373291016,36.5890007019043,36.04999923706055,36.16999816894531,640000,0.0,0.0
2023-07-31 00:00:00-04:00,36.209999084472656,36.27000045776367,35.86000061035156,36.18000030517578,651900,0.0,0.0
2023-08-01 00:00:00-04:00,36.130001068115234,36.7599983215332,36.0,36.61000061035156,506800,0.0,0.0
2023-08-02 00:00:00-04:00,36.2599983215332,36.869998931884766,36.16999816894531,36.5,574200,0.0,0.0
2023-08-03 00:00:00-04:00,37.31999969482422,38.13999938964844,36.459999084472656,37.290000915527344,1028600,0.0,0.0
2023-08-04 00:00:00-04:00,37.7599983215332,39.31999969482422,37.290000915527344,39.029998779296875,1735400,0.0,0.0
2023-08-07 00:00:00-04:00,39.189998626708984,39.5099983215332,38.61000061035156,39.31999969482422,697700,0.0,0.0
2023-08-08 00:00:00-04:00,38.959999084472656,39.54999923706055,38.83000183105469,39.52000045776367,666000,0.0,0.0
2023-08-09 00:00:00-04:00,39.33000183105469,39.560001373291016,38.34000015258789,38.36000061035156,605100,0.0,0.0
2023-08-10 00:00:00-04:00,38.29999923706055,38.665000915527344,37.79999923706055,38.0099983215332,584900,0.0,0.0
2023-08-11 00:00:00-04:00,38.099998474121094,38.55500030517578,38.0099983215332,38.189998626708984,341400,0.0,0.0
2023-08-14 00:00:00-04:00,38.029998779296875,38.36000061035156,37.810001373291016,38.349998474121094,237100,0.0,0.0
2023-08-15 00:00:00-04:00,38.34000015258789,38.400001525878906,38.0099983215332,38.150001525878906,412200,0.0,0.0
2023-08-16 00:00:00-04:00,38.20000076293945,38.70000076293945,37.900001525878906,38.02000045776367,505700,0.0,0.0
2023-08-17 00:00:00-04:00,38.09000015258789,38.439998626708984,36.470001220703125,36.52000045776367,765100,0.0,0.0
2023-08-18 00:00:00-04:00,36.25,36.41600036621094,35.84000015258789,36.130001068115234,1065300,0.0,0.0
2023-08-21 00:00:00-04:00,36.2400016784668,36.349998474121094,35.41999816894531,36.0099983215332,481000,0.0,0.0
2023-08-22 00:00:00-04:00,36.189998626708984,36.41999816894531,35.95000076293945,35.970001220703125,577300,0.0,0.0
2023-08-23 00:00:00-04:00,36.18000030517578,36.630001068115234,35.974998474121094,36.630001068115234,892400,0.0,0.0
2023-08-24 00:00:00-04:00,36.369998931884766,36.494998931884766,35.66999816894531,35.68000030517578,513500,0.0,0.0
2023-08-25 00:00:00-04:00,35.7599983215332,36.43000030517578,35.279998779296875,36.130001068115234,626900,0.0,0.0
2023-08-28 00:00:00-04:00,36.349998474121094,36.900001525878906,36.2400016784668,36.68000030517578,310400,0.0,0.0
2023-08-29 00:00:00-04:00,36.58000183105469,37.209999084472656,36.279998779296875,36.9900016784668,507600,0.0,0.0
2023-08-30 00:00:00-04:00,37.04999923706055,37.7599983215332,37.04999923706055,37.18000030517578,404000,0.0,0.0
2023-08-31 00:00:00-04:00,37.220001220703125,37.564998626708984,37.040000915527344,37.40999984741211,956700,0.0,0.0
2023-09-01 00:00:00-04:00,37.61000061035156,38.529998779296875,37.422000885009766,38.369998931884766,1035700,0.0,0.0
2023-09-05 00:00:00-04:00,38.0,38.10499954223633,36.26499938964844,36.31999969482422,557200,0.0,0.0
2023-09-06 00:00:00-04:00,36.18000030517578,36.68000030517578,35.66999816894531,36.0,776300,0.0,0.0
2023-09-07 00:00:00-04:00,34.0,34.0,32.61000061035156,33.40999984741211,3328100,0.0,0.0
2023-09-08 00:00:00-04:00,32.849998474121094,33.13999938964844,31.68000030517578,32.34000015258789,4438500,0.0,0.0
2023-09-11 00:00:00-04:00,32.65999984741211,32.95000076293945,32.01499938964844,32.91999816894531,2120600,0.0,0.0
2023-09-12 00:00:00-04:00,32.70000076293945,32.70000076293945,31.600000381469727,32.41999816894531,2221000,0.0,0.0
2023-09-13 00:00:00-04:00,32.400001525878906,33.04999923706055,32.22999954223633,33.0,1321400,0.0,0.0
2023-09-14 00:00:00-04:00,33.20000076293945,33.560001373291016,32.790000915527344,32.939998626708984,1219000,0.0,0.0
2023-09-15 00:00:00-04:00,32.689998626708984,32.900001525878906,31.860000610351562,32.0,1160300,0.0,0.0
2023-09-18 00:00:00-04:00,32.06999969482422,32.279998779296875,31.6299991607666,32.150001525878906,733500,0.0,0.0
2023-09-19 00:00:00-04:00,32.16999816894531,32.290000915527344,31.764999389648438,32.20000076293945,534300,0.0,0.0
2023-09-20 00:00:00-04:00,32.45000076293945,32.71500015258789,32.15999984741211,32.209999084472656,680600,0.0,0.0
2023-09-21 00:00:00-04:00,31.950000762939453,31.950000762939453,30.899999618530273,30.989999771118164,1142700,0.0,0.0
2023-09-22 00:00:00-04:00,31.0,31.09000015258789,30.079999923706055,30.1200008392334,1130700,0.0,0.0
2023-09-25 00:00:00-04:00,30.0,30.559999465942383,29.979999542236328,30.270000457763672,965100,0.0,0.0
2023-09-26 00:00:00-04:00,30.139999389648438,30.684999465942383,30.049999237060547,30.059999465942383,1044700,0.0,0.0
2023-09-27 00:00:00-04:00,30.110000610351562,30.610000610351562,30.079999923706055,30.360000610351562,1279900,0.0,0.0
2023-09-28 00:00:00-04:00,30.3799991607666,31.954999923706055,30.3799991607666,31.360000610351562,1958100,0.0,0.0
2023-09-29 00:00:00-04:00,31.729999542236328,31.809999465942383,31.049999237060547,31.139999389648438,1328200,0.0,0.0
2023-10-02 00:00:00-04:00,31.06999969482422,31.6200008392334,30.989999771118164,31.31999969482422,1473200,0.0,0.0
2023-10-03 00:00:00-04:00,31.100000381469727,31.3799991607666,30.809999465942383,31.110000610351562,1867300,0.0,0.0
2023-10-04 00:00:00-04:00,31.239999771118164,32.31999969482422,31.209999084472656,32.22999954223633,2073000,0.0,0.0
2023-10-05 00:00:00-04:00,32.16999816894531,32.52000045776367,32.04999923706055,32.13999938964844,1854800,0.0,0.0
2023-10-06 00:00:00-04:00,31.84000015258789,32.9900016784668,31.84000015258789,32.79999923706055,2336900,0.0,0.0
2023-10-09 00:00:00-04:00,32.52000045776367,32.72999954223633,32.0,32.439998626708984,814900,0.0,0.0
2023-10-10 00:00:00-04:00,32.599998474121094,33.06999969482422,32.279998779296875,32.720001220703125,1110600,0.0,0.0
2023-10-11 00:00:00-04:00,32.77000045776367,33.470001220703125,32.65999984741211,33.43000030517578,782700,0.0,0.0
2023-10-12 00:00:00-04:00,33.54999923706055,33.566001892089844,32.45100021362305,33.02000045776367,744400,0.0,0.0
2023-10-13 00:00:00-04:00,33.150001525878906,33.310001373291016,32.560001373291016,32.790000915527344,764000,0.0,0.0
2023-10-16 00:00:00-04:00,33.209999084472656,33.5,33.04999923706055,33.33000183105469,354200,0.0,0.0
2023-10-17 00:00:00-04:00,33.29999923706055,33.970001220703125,33.29999923706055,33.599998474121094,680500,0.0,0.0
2023-10-18 00:00:00-04:00,33.150001525878906,33.150001525878906,31.780000686645508,31.780000686645508,1487400,0.0,0.0
2023-10-19 00:00:00-04:00,36.04999923706055,36.06999969482422,33.650001525878906,33.83000183105469,5801300,0.0,0.0
2023-10-20 00:00:00-04:00,33.619998931884766,35.060001373291016,33.3849983215332,34.93000030517578,2715200,0.0,0.0
2023-10-23 00:00:00-04:00,32.63999938964844,33.722999572753906,32.18000030517578,32.189998626708984,1881000,0.0,0.0
2023-10-24 00:00:00-04:00,32.720001220703125,33.08000183105469,32.22999954223633,32.619998931884766,806800,0.0,0.0
2023-10-25 00:00:00-04:00,32.43000030517578,32.8650016784668,32.130001068115234,32.470001220703125,1255100,0.0,0.0
2023-10-26 00:00:00-04:00,32.470001220703125,32.58000183105469,31.15999984741211,31.280000686645508,1587300,0.0,0.0
2023-10-27 00:00:00-04:00,31.450000762939453,31.665000915527344,30.829999923706055,31.489999771118164,1201400,0.0,0.0
2023-10-30 00:00:00-04:00,31.989999771118164,32.59000015258789,31.665000915527344,32.5,903100,0.0,0.0
2023-10-31 00:00:00-04:00,32.41999816894531,33.040000915527344,32.41999816894531,32.900001525878906,563700,0.0,0.0
2023-11-01 00:00:00-04:00,32.7599983215332,34.04499816894531,32.599998474121094,33.91999816894531,899000,0.0,0.0
2023-11-02 00:00:00-04:00,34.459999084472656,34.65999984741211,32.31999969482422,33.70000076293945,1737000,0.0,0.0
2023-11-03 00:00:00-04:00,34.34000015258789,34.77000045776367,34.11000061035156,34.34000015258789,1178600,0.0,0.0
2023-11-06 00:00:00-05:00,34.4900016784668,34.573001861572266,33.78499984741211,33.869998931884766,615500,0.0,0.0
2023-11-07 00:00:00-05:00,33.650001525878906,34.220001220703125,33.4900016784668,33.689998626708984,589400,0.0,0.0
2023-11-08 00:00:00-05:00,33.90999984741211,34.15999984741211,33.130001068115234,33.209999084472656,857000,0.0,0.0
2023-11-09 00:00:00-05:00,33.43000030517578,33.970001220703125,33.04499816894531,33.279998779296875,902300,0.0,0.0
2023-11-10 00:00:00-05:00,33.5,33.61000061035156,33.23500061035156,33.560001373291016,751900,0.0,0.0
2023-11-13 00:00:00-05:00,33.33000183105469,33.599998474121094,33.17499923706055,33.43000030517578,392500,0.0,0.0
2023-11-14 00:00:00-05:00,34.16999816894531,35.36000061035156,34.16999816894531,35.13999938964844,806300,0.0,0.0
2023-11-15 00:00:00-05:00,35.130001068115234,35.310001373291016,33.90999984741211,33.970001220703125,813700,0.0,0.0
2023-11-16 00:00:00-05:00,34.130001068115234,34.4900016784668,33.70000076293945,33.88999938964844,578100,0.0,0.0
2023-11-17 00:00:00-05:00,33.83000183105469,34.56999969482422,33.83000183105469,34.36000061035156,701600,0.0,0.0
2023-11-20 00:00:00-05:00,34.36000061035156,34.36000061035156,33.72999954223633,33.810001373291016,559400,0.0,0.0
2023-11-21 00:00:00-05:00,33.93000030517578,34.650001525878906,33.93000030517578,34.27000045776367,999700,0.0,0.0
2023-11-22 00:00:00-05:00,34.5,34.779998779296875,34.2400016784668,34.52000045776367,535300,0.0,0.0
2023-11-24 00:00:00-05:00,34.40999984741211,35.0,34.369998931884766,34.90999984741211,239200,0.0,0.0
2023-11-27 00:00:00-05:00,34.709999084472656,35.255001068115234,34.56999969482422,35.150001525878906,690000,0.0,0.0
2023-11-28 00:00:00-05:00,35.209999084472656,35.41999816894531,34.40999984741211,34.45000076293945,555200,0.0,0.0
2023-11-29 00:00:00-05:00,34.619998931884766,35.150001525878906,34.619998931884766,34.900001525878906,734800,0.0,0.0
2023-11-30 00:00:00-05:00,35.0,35.060001373291016,34.5099983215332,34.689998626708984,893900,0.0,0.0
2023-12-01 00:00:00-05:00,34.83000183105469,35.72999954223633,34.560001373291016,35.54999923706055,804200,0.0,0.0
2023-12-04 00:00:00-05:00,35.38999938964844,35.75,35.16999816894531,35.540000915527344,601400,0.0,0.0
2023-12-05 00:00:00-05:00,35.43000030517578,35.61000061035156,34.790000915527344,34.900001525878906,467800,0.0,0.0
2023-12-06 00:00:00-05:00,35.29999923706055,35.720001220703125,34.939998626708984,35.43000030517578,586800,0.0,0.0
2023-12-07 00:00:00-05:00,35.40999984741211,35.959999084472656,35.189998626708984,35.939998626708984,600700,0.0,0.0
2023-12-08 00:00:00-05:00,35.849998474121094,36.439998626708984,35.75,36.41999816894531,620400,0.0,0.0
2023-12-11 00:00:00-05:00,36.52000045776367,36.91999816894531,36.209999084472656,36.540000915527344,874900,0.0,0.0
2023-12-12 00:00:00-05:00,36.79999923706055,37.630001068115234,36.540000915527344,37.310001373291016,1095300,0.0,0.0
2023-12-13 00:00:00-05:00,37.22999954223633,37.900001525878906,36.60499954223633,37.4900016784668,870400,0.0,0.0
2023-12-14 00:00:00-05:00,38.0,38.599998474121094,37.40999984741211,38.54999923706055,1090300,0.0,0.0
2023-12-15 00:00:00-05:00,38.45000076293945,39.08000183105469,38.11000061035156,38.34000015258789,1450000,0.0,0.0
2023-12-18 00:00:00-05:00,38.56999969482422,38.56999969482422,38.04999923706055,38.400001525878906,468500,0.0,0.0
2023-12-19 00:00:00-05:00,38.83000183105469,39.31999969482422,38.31999969482422,38.68000030517578,710700,0.0,0.0
2023-12-20 00:00:00-05:00,38.56999969482422,39.040000915527344,38.185001373291016,38.2400016784668,610500,0.0,0.0
2023-12-21 00:00:00-05:00,38.619998931884766,39.0,38.119998931884766,38.52000045776367,328000,0.0,0.0
2023-12-22 00:00:00-05:00,38.7599983215332,39.1349983215332,38.630001068115234,38.970001220703125,351400,0.0,0.0
2023-12-26 00:00:00-05:00,38.97999954223633,39.459999084472656,38.97999954223633,39.15999984741211,391600,0.0,0.0
2023-12-27 00:00:00-05:00,39.16999816894531,39.310001373291016,38.88999938964844,38.9900016784668,310400,0.0,0.0
2023-12-28 00:00:00-05:00,38.810001373291016,38.915000915527344,38.599998474121094,38.84000015258789,388200,0.0,0.0
2023-12-29 00:00:00-05:00,38.7400016784668,38.880001068115234,38.369998931884766,38.459999084472656,418100,0.0,0.0
2024-01-02 00:00:00-05:00,38.099998474121094,38.625,37.810001373291016,38.27000045776367,473300,0.0,0.0
2024-01-03 00:00:00-05:00,38.279998779296875,38.279998779296875,36.689998626708984,36.810001373291016,789400,0.0,0.0
2024-01-04 00:00:00-05:00,37.18000030517578,37.18000030517578,36.310001373291016,36.56999969482422,554500,0.0,0.0
2024-01-05 00:00:00-05:00,36.349998474121094,36.939998626708984,36.349998474121094,36.810001373291016,628800,0.0,0.0
2024-01-08 00:00:00-05:00,36.9900016784668,37.79999923706055,36.7400016784668,37.77000045776367,501300,0.0,0.0
2024-01-09 00:00:00-05:00,37.029998779296875,37.255001068115234,36.4900016784668,36.97999954223633,742700,0.0,0.0
2024-01-10 00:00:00-05:00,36.7599983215332,37.099998474121094,36.584999084472656,36.810001373291016,603300,0.0,0.0
2024-01-11 00:00:00-05:00,36.599998474121094,36.77000045776367,36.18000030517578,36.65999984741211,415100,0.0,0.0
2024-01-12 00:00:00-05:00,36.06999969482422,36.38999938964844,35.189998626708984,35.31999969482422,951700,0.0,0.0
2024-01-16 00:00:00-05:00,35.27000045776367,35.27000045776367,34.6150016784668,34.79999923706055,1241600,0.0,0.0
2024-01-17 00:00:00-05:00,34.470001220703125,35.290000915527344,34.380001068115234,35.099998474121094,882700,0.0,0.0
2024-01-18 00:00:00-05:00,35.189998626708984,36.20500183105469,35.16999816894531,36.130001068115234,1164100,0.0,0.0
2024-01-19 00:00:00-05:00,36.33000183105469,36.400001525878906,35.630001068115234,36.34000015258789,871000,0.0,0.0
2024-01-22 00:00:00-05:00,36.70000076293945,37.08000183105469,36.58000183105469,37.0,791100,0.0,0.0
2024-01-23 00:00:00-05:00,37.43000030517578,37.47999954223633,35.72999954223633,35.810001373291016,922500,0.0,0.0
2024-01-24 00:00:00-05:00,36.27000045776367,36.33000183105469,35.029998779296875,35.08000183105469,772000,0.0,0.0
2024-01-25 00:00:00-05:00,35.7400016784668,36.375,35.564998626708984,35.880001068115234,965700,0.0,0.0
2024-01-26 00:00:00-05:00,36.08000183105469,36.68000030517578,35.84000015258789,36.5,788500,0.0,0.0
2024-01-29 00:00:00-05:00,36.630001068115234,37.45000076293945,36.41999816894531,37.380001068115234,946200,0.0,0.0
2024-01-30 00:00:00-05:00,37.209999084472656,37.90999984741211,36.994998931884766,37.560001373291016,648000,0.0,0.0
2024-01-31 00:00:00-05:00,37.34000015258789,37.52000045776367,36.125,36.18000030517578,870400,0.0,0.0
2024-02-01 00:00:00-05:00,36.56999969482422,37.38999938964844,36.09000015258789,37.369998931884766,696900,0.0,0.0
2024-02-02 00:00:00-05:00,36.86000061035156,37.63999938964844,36.75,37.34000015258789,612100,0.0,0.0
2024-02-05 00:00:00-05:00,36.779998779296875,36.86000061035156,36.220001220703125,36.47999954223633,656500,0.0,0.0
2024-02-06 00:00:00-05:00,36.34000015258789,36.849998474121094,36.08000183105469,36.310001373291016,1064600,0.0,0.0
2024-02-07 00:00:00-05:00,36.630001068115234,37.619998931884766,36.41999816894531,37.43000030517578,867900,0.0,0.0
2024-02-08 00:00:00-05:00,37.439998626708984,38.099998474121094,37.31999969482422,37.7400016784668,757900,0.0,0.0
2024-02-09 00:00:00-05:00,37.61000061035156,37.79199981689453,37.45000076293945,37.65999984741211,508300,0.0,0.0
2024-02-12 00:00:00-05:00,37.7599983215332,38.720001220703125,37.7599983215332,38.2599983215332,776700,0.0,0.0
2024-02-13 00:00:00-05:00,37.040000915527344,37.577999114990234,36.61000061035156,37.0,1042500,0.0,0.0
2024-02-14 00:00:00-05:00,37.380001068115234,37.95000076293945,36.91999816894531,37.630001068115234,1024800,0.0,0.0
2024-02-15 00:00:00-05:00,40.0,41.20000076293945,37.3849983215332,39.54999923706055,2126000,0.0,0.0
2024-02-16 00:00:00-05:00,39.9900016784668,41.9900016784668,39.63999938964844,41.540000915527344,1921600,0.0,0.0
2024-02-20 00:00:00-05:00,41.099998474121094,41.27000045776367,39.790000915527344,39.97999954223633,1350000,0.0,0.0
2024-02-21 00:00:00-05:00,39.77000045776367,41.34000015258789,39.54999923706055,41.290000915527344,2009300,0.0,0.0
2024-02-22 00:00:00-05:00,41.40999984741211,42.279998779296875,41.380001068115234,41.79999923706055,1750100,0.0,0.0
2024-02-23 00:00:00-05:00,42.58000183105469,42.97999954223633,42.0,42.2400016784668,1120400,0.0,0.0
2024-02-26 00:00:00-05:00,42.2599983215332,42.650001525878906,41.970001220703125,42.25,1112900,0.0,0.0
2024-02-27 00:00:00-05:00,42.54999923706055,43.08000183105469,42.529998779296875,42.59000015258789,1547600,0.0,0.0
2024-02-28 00:00:00-05:00,42.33000183105469,42.880001068115234,42.27000045776367,42.38999938964844,1030000,0.0,0.0
2024-02-29 00:00:00-05:00,42.900001525878906,43.22999954223633,42.59000015258789,42.709999084472656,1542800,0.0,0.0
2024-03-01 00:00:00-05:00,42.95000076293945,43.560001373291016,42.7599983215332,43.20000076293945,1151100,0.0,0.0
2024-03-04 00:00:00-05:00,43.20000076293945,44.41999816894531,43.08000183105469,43.91999816894531,1490700,0.0,0.0
2024-03-05 00:00:00-05:00,43.529998779296875,43.9900016784668,42.77000045776367,43.150001525878906,1318700,0.0,0.0
2024-03-06 00:00:00-05:00,43.41999816894531,43.867000579833984,43.04999923706055,43.43000030517578,1029600,0.0,0.0
2024-03-07 00:00:00-05:00,43.7400016784668,44.16999816894531,43.310001373291016,43.349998474121094,1168600,0.0,0.0
2024-03-08 00:00:00-05:00,43.59000015258789,43.73500061035156,42.869998931884766,42.9900016784668,841800,0.0,0.0
2024-03-11 00:00:00-04:00,42.790000915527344,42.790000915527344,41.93000030517578,42.150001525878906,1468300,0.0,0.0
2024-03-12 00:00:00-04:00,42.150001525878906,42.560001373291016,42.02000045776367,42.15999984741211,1386400,0.0,0.0
2024-03-13 00:00:00-04:00,42.040000915527344,42.599998474121094,41.7599983215332,41.97999954223633,1440700,0.0,0.0
2024-03-14 00:00:00-04:00,41.630001068115234,41.959999084472656,41.18000030517578,41.63999938964844,1310400,0.0,0.0
2024-03-15 00:00:00-04:00,41.36000061035156,41.900001525878906,40.63999938964844,40.81999969482422,1822200,0.0,0.0
2024-03-18 00:00:00-04:00,41.040000915527344,41.33000183105469,40.619998931884766,41.22999954223633,1117600,0.0,0.0
2024-03-19 00:00:00-04:00,41.06999969482422,42.34000015258789,41.06999969482422,42.20000076293945,1460100,0.0,0.0
2024-03-20 00:00:00-04:00,42.279998779296875,42.880001068115234,42.20000076293945,42.619998931884766,889000,0.0,0.0
2024-03-21 00:00:00-04:00,43.040000915527344,43.814998626708984,42.724998474121094,43.619998931884766,938600,0.0,0.0
2024-03-22 00:00:00-04:00,43.38999938964844,43.529998779296875,42.93000030517578,43.369998931884766,706600,0.0,0.0
2024-03-25 00:00:00-04:00,43.36000061035156,43.56999969482422,42.79600143432617,42.81999969482422,659900,0.0,0.0
2024-03-26 00:00:00-04:00,42.9900016784668,43.4900016784668,42.869998931884766,43.459999084472656,680000,0.0,0.0
2024-03-27 00:00:00-04:00,43.68000030517578,44.040000915527344,43.14500045776367,44.029998779296875,860700,0.0,0.0
2024-03-28 00:00:00-04:00,44.029998779296875,44.779998779296875,43.880001068115234,44.56999969482422,895100,0.0,0.0
2024-04-01 00:00:00-04:00,44.709999084472656,44.89400100708008,42.95500183105469,43.11000061035156,788900,0.0,0.0
2024-04-02 00:00:00-04:00,42.959999084472656,43.02000045776367,41.95000076293945,42.40999984741211,765400,0.0,0.0
2024-04-03 00:00:00-04:00,42.25,43.099998474121094,42.119998931884766,42.7400016784668,744900,0.0,0.0
2024-04-04 00:00:00-04:00,43.22999954223633,43.77000045776367,42.15999984741211,42.31999969482422,814400,0.0,0.0
2024-04-05 00:00:00-04:00,42.5,43.16999816894531,42.41999816894531,43.11000061035156,750400,0.0,0.0
2024-04-08 00:00:00-04:00,43.25,43.31999969482422,42.68000030517578,42.70000076293945,376900,0.0,0.0
2024-04-09 00:00:00-04:00,42.560001373291016,42.95000076293945,41.7400016784668,42.279998779296875,737600,0.0,0.0
2024-04-10 00:00:00-04:00,41.150001525878906,42.09000015258789,40.709999084472656,41.5,746700,0.0,0.0
2024-04-11 00:00:00-04:00,41.560001373291016,42.02000045776367,41.35499954223633,41.599998474121094,627000,0.0,0.0
2024-04-12 00:00:00-04:00,41.2400016784668,41.60499954223633,40.92499923706055,41.029998779296875,623300,0.0,0.0
2024-04-15 00:00:00-04:00,41.959999084472656,41.970001220703125,40.13999938964844,40.189998626708984,496800,0.0,0.0
2024-04-16 00:00:00-04:00,40.060001373291016,40.165000915527344,39.400001525878906,39.5,1000000,0.0,0.0
2024-04-17 00:00:00-04:00,40.029998779296875,40.439998626708984,38.8849983215332,39.029998779296875,1040900,0.0,0.0
2024-04-18 00:00:00-04:00,39.540000915527344,39.70500183105469,38.459999084472656,38.470001220703125,960900,0.0,0.0
2024-04-19 00:00:00-04:00,38.5,38.88999938964844,37.80500030517578,38.310001373291016,1001200,0.0,0.0
2024-04-22 00:00:00-04:00,38.54999923706055,39.040000915527344,38.119998931884766,38.790000915527344,814300,0.0,0.0
2024-04-23 00:00:00-04:00,38.88999938964844,39.779998779296875,38.81999969482422,39.560001373291016,847600,0.0,0.0
2024-04-24 00:00:00-04:00,39.31999969482422,39.650001525878906,38.57500076293945,38.93000030517578,579800,0.0,0.0
2024-04-25 00:00:00-04:00,38.189998626708984,39.540000915527344,38.0,39.369998931884766,819200,0.0,0.0
2024-04-26 00:00:00-04:00,39.56999969482422,40.29999923706055,39.56999969482422,40.0,536100,0.0,0.0
2024-04-29 00:00:00-04:00,40.06999969482422,40.58000183105469,39.689998626708984,40.130001068115234,884000,0.0,0.0
2024-04-30 00:00:00-04:00,39.84000015258789,39.9900016784668,38.79999923706055,38.900001525878906,1132200,0.0,0.0
2024-05-01 00:00:00-04:00,38.970001220703125,40.04999923706055,38.52299880981445,39.22999954223633,1086100,0.0,0.0
2024-05-02 00:00:00-04:00,38.04999923706055,39.54999923706055,37.09000015258789,39.099998474121094,2884300,0.0,0.0
2024-05-03 00:00:00-04:00,39.66999816894531,40.31999969482422,39.27000045776367,39.459999084472656,1489500,0.0,0.0
2024-05-06 00:00:00-04:00,39.93000030517578,40.4900016784668,39.56999969482422,40.310001373291016,1102900,0.0,0.0
2024-05-07 00:00:00-04:00,40.38999938964844,40.560001373291016,39.959999084472656,40.470001220703125,774200,0.0,0.0
2024-05-08 00:00:00-04:00,40.08000183105469,40.54999923706055,39.97999954223633,40.400001525878906,888500,0.0,0.0
2024-05-09 00:00:00-04:00,40.36000061035156,40.970001220703125,40.36000061035156,40.599998474121094,998700,0.0,0.0
2024-05-10 00:00:00-04:00,40.7400016784668,41.33000183105469,40.33000183105469,40.61000061035156,794800,0.0,0.0
2024-05-13 00:00:00-04:00,40.75,40.810001373291016,40.0099983215332,40.13999938964844,699400,0.0,0.0
2024-05-14 00:00:00-04:00,40.54999923706055,40.900001525878906,40.20000076293945,40.72999954223633,616200,0.0,0.0
2024-05-15 00:00:00-04:00,41.369998931884766,42.36000061035156,41.310001373291016,42.130001068115234,989600,0.0,0.0
2024-05-16 00:00:00-04:00,41.86000061035156,42.005001068115234,40.11000061035156,40.130001068115234,1158500,0.0,0.0
2024-05-17 00:00:00-04:00,40.2400016784668,40.33000183105469,39.7599983215332,40.040000915527344,797400,0.0,0.0
2024-05-20 00:00:00-04:00,40.06999969482422,40.470001220703125,39.880001068115234,40.400001525878906,627600,0.0,0.0
2024-05-21 00:00:00-04:00,40.040000915527344,40.130001068115234,39.040000915527344,40.119998931884766,852000,0.0,0.0
2024-05-22 00:00:00-04:00,40.0099983215332,40.380001068115234,38.810001373291016,39.369998931884766,1068900,0.0,0.0
2024-05-23 00:00:00-04:00,39.56999969482422,39.56999969482422,38.43000030517578,38.70000076293945,688500,0.0,0.0
2024-05-24 00:00:00-04:00,38.97999954223633,39.659000396728516,38.86000061035156,39.459999084472656,663600,0.0,0.0
2024-05-28 00:00:00-04:00,39.56999969482422,39.625,38.51499938964844,38.79999923706055,1054400,0.0,0.0
2024-05-29 00:00:00-04:00,38.34000015258789,38.599998474121094,38.220001220703125,38.59000015258789,684800,0.0,0.0
2024-05-30 00:00:00-04:00,38.650001525878906,39.38999938964844,38.45000076293945,38.88999938964844,787500,0.0,0.0
2024-05-31 00:00:00-04:00,38.93000030517578,39.029998779296875,37.41999816894531,38.63999938964844,1375300,0.0,0.0
2024-06-03 00:00:00-04:00,39.2400016784668,39.30500030517578,38.150001525878906,38.43000030517578,874400,0.0,0.0
2024-06-04 00:00:00-04:00,38.380001068115234,38.380001068115234,37.3129997253418,37.7400016784668,1275000,0.0,0.0
2024-06-05 00:00:00-04:00,37.970001220703125,38.36000061035156,37.45000076293945,38.2400016784668,556500,0.0,0.0
2024-06-06 00:00:00-04:00,38.06999969482422,38.34000015258789,37.88999938964844,38.09000015258789,641800,0.0,0.0
2024-06-07 00:00:00-04:00,37.959999084472656,38.189998626708984,37.43000030517578,37.720001220703125,627700,0.0,0.0
2024-06-10 00:00:00-04:00,37.41999816894531,37.85499954223633,37.04999923706055,37.52000045776367,691100,0.0,0.0
2024-06-11 00:00:00-04:00,37.2400016784668,37.5099983215332,36.770999908447266,36.83000183105469,1063000,0.0,0.0
2024-06-12 00:00:00-04:00,37.709999084472656,38.40999984741211,37.470001220703125,37.63999938964844,1013400,0.0,0.0
2024-06-13 00:00:00-04:00,37.33000183105469,37.61000061035156,37.04999923706055,37.15999984741211,1043200,0.0,0.0
2024-06-14 00:00:00-04:00,36.58000183105469,36.93000030517578,36.2599983215332,36.93000030517578,804200,0.0,0.0
2024-06-17 00:00:00-04:00,36.83000183105469,37.54999923706055,36.630001068115234,37.4900016784668,738600,0.0,0.0
2024-06-18 00:00:00-04:00,37.400001525878906,37.45000076293945,36.7400016784668,37.0099983215332,801000,0.0,0.0
2024-06-20 00:00:00-04:00,36.81999969482422,36.869998931884766,35.75,35.90999984741211,957200,0.0,0.0
2024-06-21 00:00:00-04:00,35.209999084472656,35.880001068115234,35.0,35.70000076293945,1751300,0.0,0.0
2024-06-24 00:00:00-04:00,35.77000045776367,36.04999923706055,35.41999816894531,35.63999938964844,785100,0.0,0.0
2024-06-25 00:00:00-04:00,35.29999923706055,35.45000076293945,34.63999938964844,35.29999923706055,756700,0.0,0.0
2024-06-26 00:00:00-04:00,35.04999923706055,35.91999816894531,35.04999923706055,35.79999923706055,1073800,0.0,0.0
2024-06-27 00:00:00-04:00,35.970001220703125,36.483001708984375,35.85599899291992,36.369998931884766,921500,0.0,0.0
2024-06-28 00:00:00-04:00,36.650001525878906,36.98500061035156,36.310001373291016,36.61000061035156,2269800,0.0,0.0
2024-07-01 00:00:00-04:00,36.7400016784668,36.7400016784668,35.43000030517578,35.630001068115234,1080000,0.0,0.0
2024-07-02 00:00:00-04:00,35.5099983215332,35.880001068115234,35.35900115966797,35.61000061035156,1030300,0.0,0.0
2024-07-03 00:00:00-04:00,35.599998474121094,36.2599983215332,35.400001525878906,36.18000030517578,689400,0.0,0.0
2024-07-05 00:00:00-04:00,35.939998626708984,36.18000030517578,35.63999938964844,35.91999816894531,1128500,0.0,0.0
2024-07-08 00:00:00-04:00,36.18000030517578,36.654998779296875,35.849998474121094,36.08000183105469,855000,0.0,0.0
2024-07-09 00:00:00-04:00,36.22999954223633,36.380001068115234,35.4900016784668,35.650001525878906,649900,0.0,0.0
2024-07-10 00:00:00-04:00,35.869998931884766,37.099998474121094,35.810001373291016,37.02000045776367,865700,0.0,0.0
2024-07-11 00:00:00-04:00,37.61000061035156,38.150001525878906,37.560001373291016,38.0099983215332,867800,0.0,0.0
2024-07-12 00:00:00-04:00,38.369998931884766,39.25,38.25,38.349998474121094,884300,0.0,0.0
2024-07-15 00:00:00-04:00,38.779998779296875,39.33000183105469,38.46900177001953,39.13999938964844,1090300,0.0,0.0
2024-07-16 00:00:00-04:00,39.54999923706055,41.31999969482422,39.380001068115234,41.18000030517578,1175400,0.0,0.0
2024-07-17 00:00:00-04:00,40.72999954223633,40.97999954223633,39.83000183105469,39.84000015258789,1475100,0.0,0.0
2024-07-18 00:00:00-04:00,39.61000061035156,40.10499954223633,38.81999969482422,39.310001373291016,1515900,0.0,0.0
2024-07-19 00:00:00-04:00,39.16999816894531,39.18000030517578,38.279998779296875,38.630001068115234,962700,0.0,0.0
2024-07-22 00:00:00-04:00,38.959999084472656,39.029998779296875,38.33000183105469,38.9900016784668,994700,0.0,0.0
2024-07-23 00:00:00-04:00,38.650001525878906,39.33000183105469,38.459999084472656,39.15999984741211,1058000,0.0,0.0
2024-07-24 00:00:00-04:00,38.88999938964844,39.25,37.349998474121094,37.439998626708984,1050400,0.0,0.0
2024-07-25 00:00:00-04:00,37.70000076293945,39.75,37.52000045776367,38.86000061035156,927800,0.0,0.0
2024-07-26 00:00:00-04:00,39.65999984741211,40.630001068115234,39.65999984741211,40.11000061035156,1124700,0.0,0.0
2024-07-29 00:00:00-04:00,40.220001220703125,40.689998626708984,39.91999816894531,40.13999938964844,583100,0.0,0.0
2024-07-30 00:00:00-04:00,40.959999084472656,41.849998474121094,40.52000045776367,40.939998626708984,1005000,0.0,0.0
2024-07-31 00:00:00-04:00,41.18000030517578,42.775001525878906,40.720001220703125,41.779998779296875,1024400,0.0,0.0
2024-08-01 00:00:00-04:00,41.779998779296875,42.02000045776367,40.13999938964844,40.459999084472656,836400,0.0,0.0
2024-08-02 00:00:00-04:00,38.9900016784668,39.279998779296875,37.33000183105469,38.72999954223633,1224800,0.0,0.0
2024-08-05 00:00:00-04:00,36.09000015258789,37.540000915527344,35.709999084472656,36.83000183105469,1160400,0.0,0.0
2024-08-06 00:00:00-04:00,36.869998931884766,38.54999923706055,36.09000015258789,37.970001220703125,1653300,0.0,0.0
2024-08-07 00:00:00-04:00,38.5099983215332,39.07500076293945,37.29499816894531,37.31999969482422,974400,0.0,0.0
2024-08-08 00:00:00-04:00,38.130001068115234,39.54600143432617,37.8650016784668,38.630001068115234,1335500,0.0,0.0
2024-08-09 00:00:00-04:00,38.880001068115234,39.150001525878906,37.90999984741211,38.279998779296875,567000,0.0,0.0
2024-08-12 00:00:00-04:00,38.560001373291016,38.560001373291016,37.349998474121094,37.540000915527344,561600,0.0,0.0
2024-08-13 00:00:00-04:00,37.83000183105469,38.72999954223633,37.54999923706055,38.619998931884766,850100,0.0,0.0
2024-08-14 00:00:00-04:00,38.900001525878906,39.0,38.1150016784668,38.38999938964844,591900,0.0,0.0
2024-08-15 00:00:00-04:00,39.540000915527344,39.81999969482422,38.757999420166016,39.650001525878906,726200,0.0,0.0
2024-08-16 00:00:00-04:00,39.59000015258789,39.66999816894531,38.775001525878906,38.84000015258789,523000,0.0,0.0
2024-08-19 00:00:00-04:00,38.84000015258789,39.15999984741211,38.58000183105469,39.04999923706055,551100,0.0,0.0
2024-08-20 00:00:00-04:00,39.04999923706055,39.36000061035156,38.599998474121094,38.61000061035156,688900,0.0,0.0
2024-08-21 00:00:00-04:00,38.939998626708984,39.2130012512207,38.529998779296875,39.04999923706055,1411500,0.0,0.0
2024-08-22 00:00:00-04:00,38.970001220703125,39.6150016784668,38.82500076293945,39.220001220703125,639000,0.0,0.0
2024-08-23 00:00:00-04:00,39.529998779296875,40.959999084472656,39.529998779296875,40.36000061035156,872200,0.0,0.0
2024-08-26 00:00:00-04:00,41.5,41.9900016784668,40.400001525878906,40.5099983215332,1235200,0.0,0.0
2024-08-27 00:00:00-04:00,40.2599983215332,40.2599983215332,38.59000015258789,39.040000915527344,1274700,0.0,0.0
2024-08-28 00:00:00-04:00,38.939998626708984,39.220001220703125,38.0,39.130001068115234,1408000,0.0,0.0
2024-08-29 00:00:00-04:00,39.470001220703125,40.31999969482422,39.2400016784668,39.79999923706055,849000,0.0,0.0
2024-08-30 00:00:00-04:00,40.08000183105469,40.599998474121094,39.779998779296875,40.5,733700,0.0,0.0
2024-09-03 00:00:00-04:00,39.810001373291016,40.0099983215332,37.65999984741211,37.77000045776367,1325000,0.0,0.0
2024-09-04 00:00:00-04:00,37.70000076293945,37.93000030517578,36.689998626708984,36.83000183105469,949900,0.0,0.0
2024-09-05 00:00:00-04:00,36.81999969482422,37.189998626708984,36.279998779296875,36.5099983215332,620300,0.0,0.0
2024-09-06 00:00:00-04:00,36.630001068115234,37.54999923706055,35.88999938964844,35.91999816894531,1062200,0.0,0.0
2024-09-09 00:00:00-04:00,35.95000076293945,36.472999572753906,35.599998474121094,35.650001525878906,847900,0.0,0.0
2024-09-10 00:00:00-04:00,35.93000030517578,36.275001525878906,35.63999938964844,36.189998626708984,558300,0.0,0.0
2024-09-11 00:00:00-04:00,35.880001068115234,36.165000915527344,34.79999923706055,36.08000183105469,665700,0.0,0.0
2024-09-12 00:00:00-04:00,36.290000915527344,37.72999954223633,35.970001220703125,37.540000915527344,884000,0.0,0.0
2024-09-13 00:00:00-04:00,38.380001068115234,38.93000030517578,37.6349983215332,37.709999084472656,965600,0.0,0.0
2024-09-16 00:00:00-04:00,38.08000183105469,38.54999923706055,37.72999954223633,38.369998931884766,877800,0.0,0.0
2024-09-17 00:00:00-04:00,38.560001373291016,39.4900016784668,38.31999969482422,39.099998474121094,1055800,0.0,0.0
2024-09-18 00:00:00-04:00,39.34000015258789,40.279998779296875,38.709999084472656,39.150001525878906,888700,0.0,0.0
2024-09-19 00:00:00-04:00,40.540000915527344,40.61000061035156,39.38999938964844,40.279998779296875,910900,0.0,0.0
2024-09-20 00:00:00-04:00,40.18000030517578,40.380001068115234,39.31999969482422,39.36000061035156,1974100,0.0,0.0
2024-09-23 00:00:00-04:00,39.40999984741211,39.959999084472656,38.56999969482422,38.97999954223633,1239600,0.0,0.0
2024-09-24 00:00:00-04:00,39.220001220703125,39.34000015258789,38.47999954223633,38.56999969482422,837200,0.0,0.0
2024-09-25 00:00:00-04:00,38.7400016784668,39.0099983215332,38.38999938964844,38.59000015258789,719800,0.0,0.0
2024-09-26 00:00:00-04:00,39.189998626708984,40.099998474121094,39.029998779296875,39.209999084472656,807400,0.0,0.0
2024-09-27 00:00:00-04:00,39.36000061035156,39.61000061035156,38.380001068115234,38.709999084472656,846000,0.0,0.0
2024-09-30 00:00:00-04:00,38.400001525878906,39.099998474121094,38.279998779296875,39.029998779296875,938800,0.0,0.0
2024-10-01 00:00:00-04:00,38.75,38.9900016784668,37.7400016784668,37.81999969482422,1334800,0.0,0.0
2024-10-02 00:00:00-04:00,37.95000076293945,37.98500061035156,37.16999816894531,37.29999923706055,846100,0.0,0.0
2024-10-03 00:00:00-04:00,37.09000015258789,37.25,36.439998626708984,37.060001373291016,777700,0.0,0.0
2024-10-04 00:00:00-04:00,37.61000061035156,37.61000061035156,36.63999938964844,37.060001373291016,704000,0.0,0.0
2024-10-07 00:00:00-04:00,36.52000045776367,37.09199905395508,36.22999954223633,36.83000183105469,556700,0.0,0.0
2024-10-08 00:00:00-04:00,37.20000076293945,37.529998779296875,36.4900016784668,36.83000183105469,974200,0.0,0.0
2024-10-09 00:00:00-04:00,36.689998626708984,38.084999084472656,36.630001068115234,37.939998626708984,1288000,0.0,0.0
2024-10-10 00:00:00-04:00,37.150001525878906,37.86000061035156,36.83000183105469,37.790000915527344,1239400,0.0,0.0
2024-10-11 00:00:00-04:00,37.84000015258789,38.709999084472656,37.790000915527344,38.59000015258789,887500,0.0,0.0
2024-10-14 00:00:00-04:00,38.540000915527344,39.0,38.33000183105469,38.88999938964844,863800,0.0,0.0
2024-10-15 00:00:00-04:00,38.959999084472656,40.35499954223633,38.77000045776367,39.540000915527344,1245700,0.0,0.0
2024-10-16 00:00:00-04:00,39.7400016784668,40.709999084472656,39.650001525878906,40.650001525878906,1049200,0.0,0.0
2024-10-17 00:00:00-04:00,40.75,41.95000076293945,40.43000030517578,41.75,2264400,0.0,0.0
2024-10-18 00:00:00-04:00,41.779998779296875,42.650001525878906,41.4900016784668,42.279998779296875,1340400,0.0,0.0
2024-10-21 00:00:00-04:00,42.099998474121094,42.2400016784668,41.2400016784668,41.43000030517578,1810000,0.0,0.0
2024-10-22 00:00:00-04:00,41.13999938964844,41.25,40.2599983215332,40.29999923706055,2075000,0.0,0.0
2024-10-23 00:00:00-04:00,39.880001068115234,40.926998138427734,39.880001068115234,40.619998931884766,1864300,0.0,0.0
2024-10-24 00:00:00-04:00,40.720001220703125,46.029998779296875,40.34000015258789,43.290000915527344,5201700,0.0,0.0
2024-10-25 00:00:00-04:00,45.61000061035156,46.20000076293945,44.7400016784668,45.099998474121094,4314000,0.0,0.0
2024-10-28 00:00:00-04:00,45.400001525878906,46.400001525878906,45.04999923706055,45.630001068115234,3253000,0.0,0.0
2024-10-29 00:00:00-04:00,45.880001068115234,46.15999984741211,45.31999969482422,46.0099983215332,1637000,0.0,0.0
2024-10-30 00:00:00-04:00,45.7599983215332,46.974998474121094,45.439998626708984,46.41999816894531,1470300,0.0,0.0
2024-10-31 00:00:00-04:00,47.58000183105469,48.16999816894531,46.689998626708984,47.40999984741211,2319600,0.0,0.0
2024-11-01 00:00:00-04:00,47.880001068115234,48.220001220703125,47.18000030517578,47.83000183105469,1387700,0.0,0.0
2024-11-04 00:00:00-05:00,47.650001525878906,47.79999923706055,46.560001373291016,46.70000076293945,1605600,0.0,0.0
2024-11-05 00:00:00-05:00,46.5099983215332,47.59000015258789,46.33000183105469,47.41999816894531,1928100,0.0,0.0
2024-11-06 00:00:00-05:00,50.810001373291016,51.7400016784668,49.03499984741211,51.0,2271900,0.0,0.0
2024-11-07 00:00:00-05:00,50.91999816894531,50.91999816894531,49.689998626708984,49.810001373291016,1281200,0.0,0.0
2024-11-08 00:00:00-05:00,49.86000061035156,50.790000915527344,49.055999755859375,50.40999984741211,1093000,0.0,0.0
2024-11-11 00:00:00-05:00,51.150001525878906,51.15999984741211,50.040000915527344,50.099998474121094,862800,0.0,0.0
2024-11-12 00:00:00-05:00,50.099998474121094,50.2599983215332,48.91999816894531,48.9900016784668,1126900,0.0,0.0
2024-11-13 00:00:00-05:00,49.18000030517578,49.4900016784668,48.470001220703125,48.68000030517578,3489300,0.0,0.0
2024-11-14 00:00:00-05:00,49.0,49.29999923706055,48.0099983215332,48.529998779296875,836500,0.0,0.0
2024-11-15 00:00:00-05:00,48.52000045776367,48.79999923706055,47.88999938964844,48.43000030517578,1085700,0.0,0.0
2024-11-18 00:00:00-05:00,48.38999938964844,49.0,48.040000915527344,48.52000045776367,618300,0.0,0.0
2024-11-19 00:00:00-05:00,47.90999984741211,48.650001525878906,47.65999984741211,48.38999938964844,528400,0.0,0.0
2024-11-20 00:00:00-05:00,48.36000061035156,48.61000061035156,47.935001373291016,48.400001525878906,753900,0.0,0.0
2024-11-21 00:00:00-05:00,48.65999984741211,53.4900016784668,48.209999084472656,51.15999984741211,4709800,0.0,0.0
2024-11-22 00:00:00-05:00,51.45000076293945,51.762001037597656,50.849998474121094,51.65999984741211,2052200,0.0,0.0
2024-11-25 00:00:00-05:00,50.75,50.900001525878906,50.66999816894531,50.75,35129600,0.0,0.0
2024-11-26 00:00:00-05:00,50.75,50.900001525878906,50.720001220703125,50.849998474121094,13200100,0.0,0.0
2024-11-27 00:00:00-05:00,50.900001525878906,51.13999938964844,50.849998474121094,51.09000015258789,5738300,0.0,0.0
2024-11-29 00:00:00-05:00,51.15999984741211,51.189998626708984,50.939998626708984,50.939998626708984,1656200,0.0,0.0
2024-12-02 00:00:00-05:00,51.0,51.040000915527344,50.77000045776367,50.91999816894531,4255100,0.0,0.0
2024-12-03 00:00:00-05:00,50.880001068115234,50.97999954223633,50.72999954223633,50.7400016784668,3756300,0.0,0.0
2024-12-04 00:00:00-05:00,50.79999923706055,50.849998474121094,50.625,50.79999923706055,6400600,0.0,0.0
2024-12-05 00:00:00-05:00,50.75,50.939998626708984,50.709999084472656,50.84000015258789,2633700,0.0,0.0
2024-12-06 00:00:00-05:00,50.900001525878906,50.959999084472656,50.78499984741211,50.79999923706055,2040200,0.0,0.0
2024-12-09 00:00:00-05:00,50.849998474121094,50.939998626708984,50.79499816894531,50.81999969482422,2804600,0.0,0.0
2024-12-10 00:00:00-05:00,50.880001068115234,50.95000076293945,50.83000183105469,50.900001525878906,1774200,0.0,0.0
2024-12-11 00:00:00-05:00,50.959999084472656,51.060001373291016,50.90999984741211,50.93000030517578,3117000,0.0,0.0
2024-12-12 00:00:00-05:00,50.93000030517578,51.0099983215332,50.81999969482422,50.81999969482422,2988100,0.0,0.0
2024-12-13 00:00:00-05:00,50.86000061035156,50.91999816894531,50.744998931884766,50.779998779296875,2107600,0.0,0.0
2024-12-16 00:00:00-05:00,50.779998779296875,50.85499954223633,50.720001220703125,50.75,4579500,0.0,0.0
2024-12-17 00:00:00-05:00,50.79999923706055,50.869998931884766,50.75,50.77000045776367,3159000,0.0,0.0
2024-12-18 00:00:00-05:00,50.79999923706055,50.79999923706055,50.29999923706055,50.369998931884766,7625200,0.0,0.0
2024-12-19 00:00:00-05:00,50.5099983215332,50.61000061035156,50.349998474121094,50.349998474121094,5363300,0.0,0.0
2024-12-20 00:00:00-05:00,50.349998474121094,50.7400016784668,50.345001220703125,50.5,4223300,0.0,0.0
2024-12-23 00:00:00-05:00,50.54999923706055,50.75,50.529998779296875,50.59000015258789,2027900,0.0,0.0
2024-12-24 00:00:00-05:00,50.58000183105469,50.689998626708984,50.505001068115234,50.63999938964844,1495500,0.0,0.0
