Date,Open,High,Low,Close,Volume,Dividends,Stock Splits
2022-01-03 00:00:00-05:00,16.190000534057617,16.479999542236328,15.449999809265137,15.789999961853027,860400,0.0,0.0
2022-01-04 00:00:00-05:00,15.640000343322754,15.880000114440918,14.289999961853027,14.75,837600,0.0,0.0
2022-01-05 00:00:00-05:00,14.5,15.15999984741211,13.899999618530273,13.9399995803833,723200,0.0,0.0
2022-01-06 00:00:00-05:00,14.199999809265137,15.079999923706055,13.670000076293945,14.40999984741211,778000,0.0,0.0
2022-01-07 00:00:00-05:00,14.460000038146973,15.6850004196167,14.289999961853027,14.399999618530273,781400,0.0,0.0
2022-01-10 00:00:00-05:00,14.460000038146973,14.717000007629395,14.010000228881836,14.479999542236328,791600,0.0,0.0
2022-01-11 00:00:00-05:00,14.539999961853027,15.050000190734863,14.3100004196167,14.800000190734863,1227700,0.0,0.0
2022-01-12 00:00:00-05:00,15.09000015258789,16.149999618530273,15.09000015258789,15.359999656677246,761700,0.0,0.0
2022-01-13 00:00:00-05:00,15.1899995803833,15.25,13.600000381469727,13.720000267028809,602700,0.0,0.0
2022-01-14 00:00:00-05:00,13.75,14.199999809265137,13.100000381469727,13.420000076293945,606400,0.0,0.0
2022-01-18 00:00:00-05:00,13.0,13.199999809265137,12.420000076293945,12.470000267028809,640400,0.0,0.0
2022-01-19 00:00:00-05:00,12.579999923706055,12.6899995803833,11.923999786376953,12.15999984741211,1204600,0.0,0.0
2022-01-20 00:00:00-05:00,12.880000114440918,13.229999542236328,12.130000114440918,12.170000076293945,1142500,0.0,0.0
2022-01-21 00:00:00-05:00,12.0600004196167,12.199999809265137,11.510000228881836,11.609999656677246,814900,0.0,0.0
2022-01-24 00:00:00-05:00,10.850000381469727,11.125,10.180000305175781,11.100000381469727,1921100,0.0,0.0
2022-01-25 00:00:00-05:00,10.880000114440918,10.9399995803833,10.039999961853027,10.369999885559082,1935300,0.0,0.0
2022-01-26 00:00:00-05:00,10.699999809265137,10.859999656677246,9.640000343322754,9.770000457763672,1749800,0.0,0.0
2022-01-27 00:00:00-05:00,9.75,10.0,9.199999809265137,9.289999961853027,1577100,0.0,0.0
2022-01-28 00:00:00-05:00,9.300000190734863,9.579999923706055,8.920000076293945,9.350000381469727,2479200,0.0,0.0
2022-01-31 00:00:00-05:00,9.630000114440918,11.479999542236328,9.630000114440918,11.430000305175781,1764700,0.0,0.0
2022-02-01 00:00:00-05:00,11.430000305175781,11.630000114440918,11.0,11.279999732971191,704500,0.0,0.0
2022-02-02 00:00:00-05:00,11.489999771118164,11.489999771118164,10.430000305175781,10.600000381469727,726000,0.0,0.0
2022-02-03 00:00:00-05:00,10.210000038146973,10.524999618530273,10.039999961853027,10.270000457763672,1362000,0.0,0.0
2022-02-04 00:00:00-05:00,10.369999885559082,10.65999984741211,10.029999732971191,10.569999694824219,845200,0.0,0.0
2022-02-07 00:00:00-05:00,10.5,11.0,10.390000343322754,10.59000015258789,957500,0.0,0.0
2022-02-08 00:00:00-05:00,10.489999771118164,10.890000343322754,10.251999855041504,10.84000015258789,631500,0.0,0.0
2022-02-09 00:00:00-05:00,11.069999694824219,11.789999961853027,10.960000038146973,11.59000015258789,1045400,0.0,0.0
2022-02-10 00:00:00-05:00,11.229999542236328,12.039999961853027,11.17199993133545,11.449999809265137,1016800,0.0,0.0
2022-02-11 00:00:00-05:00,11.420000076293945,11.649999618530273,10.6899995803833,10.819999694824219,835000,0.0,0.0
2022-02-14 00:00:00-05:00,10.649999618530273,11.180000305175781,10.532999992370605,10.739999771118164,1314800,0.0,0.0
2022-02-15 00:00:00-05:00,11.010000228881836,11.329999923706055,10.930000305175781,11.199999809265137,885500,0.0,0.0
2022-02-16 00:00:00-05:00,11.109999656677246,11.229999542236328,10.869999885559082,11.069999694824219,915300,0.0,0.0
2022-02-17 00:00:00-05:00,11.050000190734863,11.199999809265137,10.369999885559082,10.430000305175781,553500,0.0,0.0
2022-02-18 00:00:00-05:00,9.779999732971191,9.850000381469727,8.6899995803833,8.9399995803833,2587100,0.0,0.0
2022-02-22 00:00:00-05:00,9.350000381469727,10.3100004196167,9.255000114440918,10.020000457763672,2184400,0.0,0.0
2022-02-23 00:00:00-05:00,10.239999771118164,11.199999809265137,9.859999656677246,10.760000228881836,2568700,0.0,0.0
2022-02-24 00:00:00-05:00,9.819999694824219,11.4399995803833,9.732000350952148,11.34000015258789,2759100,0.0,0.0
2022-02-25 00:00:00-05:00,11.180000305175781,11.399999618530273,10.579999923706055,11.25,1785100,0.0,0.0
2022-02-28 00:00:00-05:00,11.029999732971191,12.380000114440918,10.970000267028809,12.079999923706055,8196000,0.0,0.0
2022-03-01 00:00:00-05:00,12.270000457763672,12.5,11.510000228881836,11.739999771118164,1591200,0.0,0.0
2022-03-02 00:00:00-05:00,11.539999961853027,11.680000305175781,10.920000076293945,11.180000305175781,1660300,0.0,0.0
2022-03-03 00:00:00-05:00,11.260000228881836,11.430000305175781,10.8100004196167,11.09000015258789,2187800,0.0,0.0
2022-03-04 00:00:00-05:00,10.569999694824219,10.949999809265137,9.869999885559082,9.970000267028809,1014100,0.0,0.0
2022-03-07 00:00:00-05:00,9.949999809265137,10.369999885559082,9.600000381469727,9.609999656677246,1793400,0.0,0.0
2022-03-08 00:00:00-05:00,9.609999656677246,10.140000343322754,9.220000267028809,9.779999732971191,944900,0.0,0.0
2022-03-09 00:00:00-05:00,10.130000114440918,11.15999984741211,10.130000114440918,11.130000114440918,1654500,0.0,0.0
2022-03-10 00:00:00-05:00,10.199999809265137,10.5,9.90999984741211,10.079999923706055,1098000,0.0,0.0
2022-03-11 00:00:00-05:00,10.199999809265137,10.489999771118164,8.220000267028809,8.260000228881836,2128000,0.0,0.0
2022-03-14 00:00:00-04:00,7.599999904632568,7.630000114440918,6.440000057220459,6.570000171661377,3400900,0.0,0.0
2022-03-15 00:00:00-04:00,6.300000190734863,7.260000228881836,6.300000190734863,7.070000171661377,2270700,0.0,0.0
2022-03-16 00:00:00-04:00,8.399999618530273,10.4399995803833,8.220000267028809,10.40999984741211,4378200,0.0,0.0
2022-03-17 00:00:00-04:00,9.8100004196167,10.260000228881836,9.670000076293945,9.800000190734863,1123100,0.0,0.0
2022-03-18 00:00:00-04:00,9.869999885559082,11.59000015258789,9.710000038146973,11.09000015258789,1292000,0.0,0.0
2022-03-21 00:00:00-04:00,10.760000228881836,11.260000228881836,10.539999961853027,10.720000267028809,822800,0.0,0.0
2022-03-22 00:00:00-04:00,11.09000015258789,11.684000015258789,10.880000114440918,11.289999961853027,1846700,0.0,0.0
2022-03-23 00:00:00-04:00,11.069999694824219,12.166999816894531,10.779999732971191,11.569999694824219,765900,0.0,0.0
2022-03-24 00:00:00-04:00,11.630000114440918,11.890000343322754,10.770000457763672,11.369999885559082,495100,0.0,0.0
2022-03-25 00:00:00-04:00,10.9399995803833,11.029999732971191,10.270000457763672,10.369999885559082,429600,0.0,0.0
2022-03-28 00:00:00-04:00,10.529999732971191,11.09000015258789,10.199999809265137,10.40999984741211,579900,0.0,0.0
2022-03-29 00:00:00-04:00,10.84000015258789,11.5600004196167,10.84000015258789,11.050000190734863,1492700,0.0,0.0
2022-03-30 00:00:00-04:00,11.039999961853027,11.489999771118164,10.699999809265137,10.739999771118164,599100,0.0,0.0
2022-03-31 00:00:00-04:00,10.619999885559082,10.640000343322754,9.890000343322754,9.9399995803833,556300,0.0,0.0
2022-04-01 00:00:00-04:00,10.779999732971191,11.34000015258789,9.949999809265137,10.079999923706055,523600,0.0,0.0
2022-04-04 00:00:00-04:00,10.510000228881836,11.130000114440918,10.354999542236328,11.109999656677246,635500,0.0,0.0
2022-04-05 00:00:00-04:00,10.979999542236328,11.140000343322754,10.279999732971191,10.390000343322754,365500,0.0,0.0
2022-04-06 00:00:00-04:00,10.119999885559082,10.119999885559082,9.484999656677246,9.609999656677246,479200,0.0,0.0
2022-04-07 00:00:00-04:00,9.539999961853027,9.710000038146973,9.0,9.010000228881836,450800,0.0,0.0
2022-04-08 00:00:00-04:00,9.119999885559082,9.229999542236328,8.859999656677246,8.920000076293945,386400,0.0,0.0
2022-04-11 00:00:00-04:00,8.720000267028809,9.239999771118164,8.5,8.8100004196167,503400,0.0,0.0
2022-04-12 00:00:00-04:00,8.989999771118164,9.119999885559082,8.182000160217285,8.239999771118164,532600,0.0,0.0
2022-04-13 00:00:00-04:00,8.399999618530273,8.609999656677246,8.25,8.40999984741211,1198900,0.0,0.0
2022-04-14 00:00:00-04:00,8.460000038146973,8.5600004196167,7.840000152587891,7.849999904632568,514000,0.0,0.0
2022-04-18 00:00:00-04:00,7.789999961853027,7.789999961853027,7.039999961853027,7.099999904632568,1085500,0.0,0.0
2022-04-19 00:00:00-04:00,7.019999980926514,7.380000114440918,6.929999828338623,7.199999809265137,901700,0.0,0.0
2022-04-20 00:00:00-04:00,7.199999809265137,7.21999979019165,6.909999847412109,6.960000038146973,877800,0.0,0.0
2022-04-21 00:00:00-04:00,6.980000019073486,7.179999828338623,6.78000020980835,6.849999904632568,1055400,0.0,0.0
2022-04-22 00:00:00-04:00,6.920000076293945,7.309999942779541,6.789999961853027,6.800000190734863,846300,0.0,0.0
2022-04-25 00:00:00-04:00,6.579999923706055,7.050000190734863,6.570000171661377,6.920000076293945,1211100,0.0,0.0
2022-04-26 00:00:00-04:00,6.920000076293945,7.070000171661377,6.610000133514404,6.710000038146973,2273700,0.0,0.0
2022-04-27 00:00:00-04:00,6.860000133514404,7.130000114440918,6.78000020980835,6.800000190734863,731400,0.0,0.0
2022-04-28 00:00:00-04:00,6.989999771118164,7.0,6.539999961853027,6.869999885559082,1021000,0.0,0.0
2022-04-29 00:00:00-04:00,7.449999809265137,7.879000186920166,7.329999923706055,7.369999885559082,1624300,0.0,0.0
2022-05-02 00:00:00-04:00,7.199999809265137,7.46999979019165,7.0,7.210000038146973,744900,0.0,0.0
2022-05-03 00:00:00-04:00,7.869999885559082,8.220000267028809,7.579999923706055,7.639999866485596,1026900,0.0,0.0
2022-05-04 00:00:00-04:00,7.5,7.639999866485596,7.0,7.610000133514404,918200,0.0,0.0
2022-05-05 00:00:00-04:00,7.289999961853027,7.380000114440918,6.929999828338623,7.099999904632568,636400,0.0,0.0
2022-05-06 00:00:00-04:00,7.019999980926514,7.019999980926514,6.630000114440918,6.670000076293945,986000,0.0,0.0
2022-05-09 00:00:00-04:00,6.599999904632568,6.639999866485596,6.070000171661377,6.239999771118164,1029400,0.0,0.0
2022-05-10 00:00:00-04:00,6.539999961853027,6.853000164031982,6.119999885559082,6.199999809265137,1462800,0.0,0.0
2022-05-11 00:00:00-04:00,6.25,6.440000057220459,5.880000114440918,5.900000095367432,924800,0.0,0.0
2022-05-12 00:00:00-04:00,5.78000020980835,6.159999847412109,5.619999885559082,5.949999809265137,806700,0.0,0.0
2022-05-13 00:00:00-04:00,6.139999866485596,6.710000038146973,6.139999866485596,6.610000133514404,1361600,0.0,0.0
2022-05-16 00:00:00-04:00,6.760000228881836,7.190000057220459,6.519999980926514,6.699999809265137,899200,0.0,0.0
2022-05-17 00:00:00-04:00,7.119999885559082,7.28000020980835,6.71999979019165,7.159999847412109,1081200,0.0,0.0
2022-05-18 00:00:00-04:00,6.889999866485596,7.079999923706055,6.650000095367432,6.730000019073486,492700,0.0,0.0
2022-05-19 00:00:00-04:00,6.710000038146973,7.170000076293945,6.710000038146973,6.989999771118164,713200,0.0,0.0
2022-05-20 00:00:00-04:00,7.190000057220459,7.28000020980835,6.78000020980835,6.989999771118164,705300,0.0,0.0
2022-05-23 00:00:00-04:00,6.934999942779541,6.934999942779541,6.550000190734863,6.699999809265137,530100,0.0,0.0
2022-05-24 00:00:00-04:00,6.210000038146973,6.210000038146973,5.309999942779541,5.380000114440918,1452300,0.0,0.0
2022-05-25 00:00:00-04:00,5.46999979019165,5.679999828338623,5.320000171661377,5.570000171661377,668700,0.0,0.0
2022-05-26 00:00:00-04:00,5.599999904632568,5.949999809265137,5.329999923706055,5.820000171661377,1003300,0.0,0.0
2022-05-27 00:00:00-04:00,5.78000020980835,5.829999923706055,5.610000133514404,5.760000228881836,809900,0.0,0.0
2022-05-31 00:00:00-04:00,6.099999904632568,6.179999828338623,5.849999904632568,6.090000152587891,1816400,0.0,0.0
2022-06-01 00:00:00-04:00,6.110000133514404,6.46999979019165,5.809999942779541,5.889999866485596,516400,0.0,0.0
2022-06-02 00:00:00-04:00,5.869999885559082,6.340000152587891,5.78000020980835,6.260000228881836,764500,0.0,0.0
2022-06-03 00:00:00-04:00,6.119999885559082,6.119999885559082,5.840000152587891,5.889999866485596,457000,0.0,0.0
2022-06-06 00:00:00-04:00,6.239999771118164,7.119999885559082,6.184999942779541,6.650000095367432,1456400,0.0,0.0
2022-06-07 00:00:00-04:00,6.480000019073486,7.170000076293945,6.429999828338623,7.03000020980835,1113700,0.0,0.0
2022-06-08 00:00:00-04:00,7.010000228881836,7.550000190734863,6.730000019073486,7.550000190734863,1984700,0.0,0.0
2022-06-09 00:00:00-04:00,7.130000114440918,7.309999942779541,6.769999980926514,6.929999828338623,848800,0.0,0.0
2022-06-10 00:00:00-04:00,6.989999771118164,7.050000190734863,6.5,6.590000152587891,1355400,0.0,0.0
2022-06-13 00:00:00-04:00,6.300000190734863,6.369999885559082,5.800000190734863,5.880000114440918,531100,0.0,0.0
2022-06-14 00:00:00-04:00,6.070000171661377,6.75,6.070000171661377,6.679999828338623,622600,0.0,0.0
2022-06-15 00:00:00-04:00,6.730000019073486,6.789999961853027,6.440000057220459,6.53000020980835,829500,0.0,0.0
2022-06-16 00:00:00-04:00,6.079999923706055,6.5,5.960000038146973,6.300000190734863,440900,0.0,0.0
2022-06-17 00:00:00-04:00,6.619999885559082,6.690000057220459,6.300000190734863,6.550000190734863,448700,0.0,0.0
2022-06-21 00:00:00-04:00,6.75,7.059999942779541,6.650000095367432,6.96999979019165,434000,0.0,0.0
2022-06-22 00:00:00-04:00,6.670000076293945,6.909999847412109,6.599999904632568,6.630000114440918,303500,0.0,0.0
2022-06-23 00:00:00-04:00,6.760000228881836,7.0,6.559999942779541,6.679999828338623,391300,0.0,0.0
2022-06-24 00:00:00-04:00,6.929999828338623,7.46999979019165,6.75,7.28000020980835,648000,0.0,0.0
2022-06-27 00:00:00-04:00,7.420000076293945,7.449999809265137,7.039999961853027,7.309999942779541,767700,0.0,0.0
2022-06-28 00:00:00-04:00,7.380000114440918,7.599999904632568,6.929999828338623,7.130000114440918,809300,0.0,0.0
2022-06-29 00:00:00-04:00,6.980000019073486,6.980000019073486,6.480000019073486,6.71999979019165,730500,0.0,0.0
2022-06-30 00:00:00-04:00,6.570000171661377,6.829999923706055,6.150000095367432,6.570000171661377,1103000,0.0,0.0
2022-07-01 00:00:00-04:00,6.489999771118164,7.03000020980835,6.400000095367432,6.53000020980835,424300,0.0,0.0
2022-07-05 00:00:00-04:00,6.239999771118164,6.849999904632568,6.239999771118164,6.46999979019165,877100,0.0,0.0
2022-07-06 00:00:00-04:00,6.519999980926514,6.579999923706055,6.190000057220459,6.320000171661377,360500,0.0,0.0
2022-07-07 00:00:00-04:00,6.460000038146973,6.659999847412109,6.289999961853027,6.559999942779541,508400,0.0,0.0
2022-07-08 00:00:00-04:00,6.360000133514404,6.670000076293945,6.204999923706055,6.230000019073486,439000,0.0,0.0
2022-07-11 00:00:00-04:00,6.079999923706055,6.164999961853027,5.760000228881836,5.96999979019165,379300,0.0,0.0
2022-07-12 00:00:00-04:00,6.010000228881836,6.269999980926514,5.659999847412109,5.900000095367432,600300,0.0,0.0
2022-07-13 00:00:00-04:00,5.71999979019165,5.900000095367432,5.420000076293945,5.619999885559082,522300,0.0,0.0
2022-07-14 00:00:00-04:00,5.550000190734863,5.550000190734863,4.929999828338623,4.960000038146973,624700,0.0,0.0
2022-07-15 00:00:00-04:00,5.0,5.150000095367432,4.809999942779541,5.090000152587891,307000,0.0,0.0
2022-07-18 00:00:00-04:00,5.21999979019165,5.380000114440918,5.099999904632568,5.119999885559082,470600,0.0,0.0
2022-07-19 00:00:00-04:00,5.159999847412109,5.420000076293945,5.079999923706055,5.309999942779541,243600,0.0,0.0
2022-07-20 00:00:00-04:00,5.309999942779541,5.46999979019165,5.150000095367432,5.300000190734863,455200,0.0,0.0
2022-07-21 00:00:00-04:00,5.320000171661377,5.489999771118164,5.199999809265137,5.360000133514404,441300,0.0,0.0
2022-07-22 00:00:00-04:00,5.300000190734863,5.389999866485596,4.994999885559082,5.119999885559082,414100,0.0,0.0
2022-07-25 00:00:00-04:00,5.159999847412109,5.25,5.010000228881836,5.190000057220459,249900,0.0,0.0
2022-07-26 00:00:00-04:00,5.300000190734863,5.300000190734863,4.920000076293945,5.039999961853027,232400,0.0,0.0
2022-07-27 00:00:00-04:00,5.119999885559082,5.21999979019165,4.956999778747559,5.190000057220459,256100,0.0,0.0
2022-07-28 00:00:00-04:00,5.139999866485596,5.199999809265137,4.829999923706055,5.0,403600,0.0,0.0
2022-07-29 00:00:00-04:00,4.800000190734863,4.96999979019165,4.71999979019165,4.909999847412109,708000,0.0,0.0
2022-08-01 00:00:00-04:00,4.889999866485596,4.889999866485596,4.650000095367432,4.760000228881836,475200,0.0,0.0
2022-08-02 00:00:00-04:00,4.659999847412109,5.159999847412109,4.646999835968018,5.099999904632568,567000,0.0,0.0
2022-08-03 00:00:00-04:00,5.0,5.440000057220459,5.0,5.369999885559082,263600,0.0,0.0
2022-08-04 00:00:00-04:00,5.510000228881836,5.570000171661377,5.269999980926514,5.340000152587891,270700,0.0,0.0
2022-08-05 00:00:00-04:00,5.190000057220459,5.28000020980835,5.010000228881836,5.199999809265137,314100,0.0,0.0
2022-08-08 00:00:00-04:00,5.179999828338623,5.230000019073486,5.019999980926514,5.070000171661377,256800,0.0,0.0
2022-08-09 00:00:00-04:00,5.050000190734863,5.050000190734863,4.849999904632568,4.880000114440918,201700,0.0,0.0
2022-08-10 00:00:00-04:00,4.849999904632568,5.079999923706055,4.760000228881836,5.03000020980835,416300,0.0,0.0
2022-08-11 00:00:00-04:00,5.090000152587891,5.559999942779541,5.059999942779541,5.119999885559082,680600,0.0,0.0
2022-08-12 00:00:00-04:00,5.03000020980835,5.03000020980835,4.670000076293945,4.730000019073486,1186800,0.0,0.0
2022-08-15 00:00:00-04:00,4.71999979019165,4.789000034332275,4.599999904632568,4.730000019073486,982500,0.0,0.0
2022-08-16 00:00:00-04:00,4.809999942779541,4.829999923706055,4.360000133514404,4.5,1392600,0.0,0.0
2022-08-17 00:00:00-04:00,4.480000019073486,4.579999923706055,4.269999980926514,4.340000152587891,881200,0.0,0.0
2022-08-18 00:00:00-04:00,4.289999961853027,4.489999771118164,4.179999828338623,4.46999979019165,878700,0.0,0.0
2022-08-19 00:00:00-04:00,4.449999809265137,4.449999809265137,4.179999828338623,4.199999809265137,2967000,0.0,0.0
2022-08-22 00:00:00-04:00,4.210000038146973,4.264999866485596,3.9800000190734863,4.050000190734863,1062200,0.0,0.0
2022-08-23 00:00:00-04:00,4.050000190734863,4.079999923706055,3.8499999046325684,3.859999895095825,1007200,0.0,0.0
2022-08-24 00:00:00-04:00,3.809999942779541,4.110000133514404,3.799999952316284,4.050000190734863,1186400,0.0,0.0
2022-08-25 00:00:00-04:00,4.179999828338623,4.610000133514404,4.110000133514404,4.550000190734863,1035700,0.0,0.0
2022-08-26 00:00:00-04:00,5.019999980926514,5.300000190734863,4.309999942779541,4.440000057220459,1740600,0.0,0.0
2022-08-29 00:00:00-04:00,4.389999866485596,4.53000020980835,4.139999866485596,4.139999866485596,456800,0.0,0.0
2022-08-30 00:00:00-04:00,4.159999847412109,4.21999979019165,4.039999961853027,4.099999904632568,1233100,0.0,0.0
2022-08-31 00:00:00-04:00,4.230000019073486,4.230000019073486,4.039999961853027,4.139999866485596,1270700,0.0,0.0
2022-09-01 00:00:00-04:00,4.079999923706055,4.199999809265137,4.050000190734863,4.199999809265137,403900,0.0,0.0
2022-09-02 00:00:00-04:00,4.090000152587891,4.113999843597412,3.8499999046325684,3.859999895095825,933100,0.0,0.0
2022-09-06 00:00:00-04:00,3.799999952316284,3.880000114440918,3.7100000381469727,3.799999952316284,632700,0.0,0.0
2022-09-07 00:00:00-04:00,3.950000047683716,4.050000190734863,3.9000000953674316,4.0,1144400,0.0,0.0
2022-09-08 00:00:00-04:00,3.9700000286102295,4.170000076293945,3.940000057220459,4.150000095367432,682800,0.0,0.0
2022-09-09 00:00:00-04:00,4.340000152587891,4.550000190734863,4.289999961853027,4.510000228881836,631900,0.0,0.0
2022-09-12 00:00:00-04:00,4.550000190734863,4.659999847412109,4.309999942779541,4.650000095367432,674200,0.0,0.0
2022-09-13 00:00:00-04:00,4.380000114440918,4.489999771118164,4.309999942779541,4.320000171661377,201200,0.0,0.0
2022-09-14 00:00:00-04:00,4.380000114440918,4.380000114440918,4.21999979019165,4.269999980926514,959600,0.0,0.0
2022-09-15 00:00:00-04:00,4.230000019073486,4.349999904632568,4.150000095367432,4.150000095367432,551200,0.0,0.0
2022-09-16 00:00:00-04:00,4.139999866485596,4.179999828338623,3.9700000286102295,4.010000228881836,556800,0.0,0.0
2022-09-19 00:00:00-04:00,3.950000047683716,4.119999885559082,3.950000047683716,4.079999923706055,287100,0.0,0.0
2022-09-20 00:00:00-04:00,4.03000020980835,4.239999771118164,3.990000009536743,4.090000152587891,397100,0.0,0.0
2022-09-21 00:00:00-04:00,4.050000190734863,4.079999923706055,3.944999933242798,3.9800000190734863,344700,0.0,0.0
2022-09-22 00:00:00-04:00,3.9800000190734863,4.03000020980835,3.930000066757202,3.930000066757202,449000,0.0,0.0
2022-09-23 00:00:00-04:00,3.9100000858306885,4.050000190734863,3.9000000953674316,4.050000190734863,387100,0.0,0.0
2022-09-26 00:00:00-04:00,4.039999961853027,4.199999809265137,3.950000047683716,3.950000047683716,297000,0.0,0.0
2022-09-27 00:00:00-04:00,4.070000171661377,4.139999866485596,3.9149999618530273,4.010000228881836,316700,0.0,0.0
2022-09-28 00:00:00-04:00,3.940000057220459,4.045000076293945,3.9100000858306885,4.0,342300,0.0,0.0
2022-09-29 00:00:00-04:00,3.930000066757202,3.9600000381469727,3.75,3.809999942779541,960000,0.0,0.0
2022-09-30 00:00:00-04:00,3.7799999713897705,3.799999952316284,3.6050000190734863,3.630000114440918,359600,0.0,0.0
2022-10-03 00:00:00-04:00,3.619999885559082,4.039999961853027,3.619999885559082,3.9800000190734863,406300,0.0,0.0
2022-10-04 00:00:00-04:00,4.099999904632568,4.264999866485596,3.9700000286102295,4.21999979019165,484500,0.0,0.0
2022-10-05 00:00:00-04:00,4.199999809265137,4.210000038146973,3.890000104904175,3.9000000953674316,566700,0.0,0.0
2022-10-06 00:00:00-04:00,3.8499999046325684,3.890000104904175,3.6600000858306885,3.6600000858306885,503500,0.0,0.0
2022-10-07 00:00:00-04:00,3.569999933242798,3.5799999237060547,3.4049999713897705,3.4100000858306885,1146800,0.0,0.0
2022-10-10 00:00:00-04:00,3.359999895095825,3.359999895095825,2.9600000381469727,2.9600000381469727,959100,0.0,0.0
2022-10-11 00:00:00-04:00,2.930000066757202,3.0799999237060547,2.8570001125335693,2.9700000286102295,847400,0.0,0.0
2022-10-12 00:00:00-04:00,2.9700000286102295,3.065000057220459,2.890000104904175,2.9700000286102295,491800,0.0,0.0
2022-10-13 00:00:00-04:00,2.8299999237060547,3.0799999237060547,2.75,2.950000047683716,1045700,0.0,0.0
2022-10-14 00:00:00-04:00,2.9700000286102295,3.049999952316284,2.805000066757202,2.819999933242798,927700,0.0,0.0
2022-10-17 00:00:00-04:00,2.990000009536743,3.359999895095825,2.984999895095825,3.2300000190734863,920000,0.0,0.0
2022-10-18 00:00:00-04:00,3.380000114440918,3.450000047683716,3.2899999618530273,3.3499999046325684,565500,0.0,0.0
2022-10-19 00:00:00-04:00,3.0999999046325684,3.4200000762939453,3.059999942779541,3.119999885559082,1196000,0.0,0.0
2022-10-20 00:00:00-04:00,3.1600000858306885,3.3499999046325684,3.140000104904175,3.140000104904175,491900,0.0,0.0
2022-10-21 00:00:00-04:00,3.069999933242798,3.200000047683716,3.049999952316284,3.1600000858306885,504600,0.0,0.0
2022-10-24 00:00:00-04:00,2.700000047683716,2.799999952316284,2.5299999713897705,2.569999933242798,2012100,0.0,0.0
2022-10-25 00:00:00-04:00,2.619999885559082,2.890000104904175,2.615000009536743,2.7899999618530273,933700,0.0,0.0
2022-10-26 00:00:00-04:00,2.799999952316284,3.0850000381469727,2.690000057220459,2.950000047683716,866000,0.0,0.0
2022-10-27 00:00:00-04:00,2.819999933242798,3.1700000762939453,2.819999933242798,2.9700000286102295,582400,0.0,0.0
2022-10-28 00:00:00-04:00,2.869999885559082,2.9700000286102295,2.6700000762939453,2.700000047683716,915400,0.0,0.0
2022-10-31 00:00:00-04:00,2.7799999713897705,2.9700000286102295,2.7049999237060547,2.7899999618530273,957700,0.0,0.0
2022-11-01 00:00:00-04:00,3.0799999237060547,3.2200000286102295,2.930000066757202,2.940000057220459,896400,0.0,0.0
2022-11-02 00:00:00-04:00,3.0399999618530273,3.0399999618530273,2.8499999046325684,2.880000114440918,836000,0.0,0.0
2022-11-03 00:00:00-04:00,2.75,3.130000114440918,2.75,2.9700000286102295,710800,0.0,0.0
2022-11-04 00:00:00-04:00,3.2699999809265137,3.2699999809265137,2.9800000190734863,3.069999933242798,671800,0.0,0.0
2022-11-07 00:00:00-05:00,3.130000114440918,3.2890000343322754,3.109999895095825,3.180000066757202,579500,0.0,0.0
2022-11-08 00:00:00-05:00,3.119999885559082,3.119999885559082,2.869999885559082,2.890000104904175,297000,0.0,0.0
2022-11-09 00:00:00-05:00,2.7799999713897705,2.9800000190734863,2.759999990463257,2.7799999713897705,561900,0.0,0.0
2022-11-10 00:00:00-05:00,2.9700000286102295,3.0889999866485596,2.9100000858306885,3.0399999618530273,537600,0.0,0.0
2022-11-11 00:00:00-05:00,3.119999885559082,3.7149999141693115,3.119999885559082,3.6700000762939453,997300,0.0,0.0
2022-11-14 00:00:00-05:00,3.5999999046325684,3.687999963760376,3.430000066757202,3.5,799600,0.0,0.0
2022-11-15 00:00:00-05:00,3.8299999237060547,4.199999809265137,3.7699999809265137,3.7699999809265137,1479200,0.0,0.0
2022-11-16 00:00:00-05:00,3.700000047683716,3.7850000858306885,3.299999952316284,3.309999942779541,511500,0.0,0.0
2022-11-17 00:00:00-05:00,3.25,3.5999999046325684,3.2100000381469727,3.490000009536743,736600,0.0,0.0
2022-11-18 00:00:00-05:00,3.4200000762939453,3.5239999294281006,3.0999999046325684,3.259999990463257,575200,0.0,0.0
2022-11-21 00:00:00-05:00,3.2300000190734863,3.450000047683716,3.2300000190734863,3.3499999046325684,519000,0.0,0.0
2022-11-22 00:00:00-05:00,3.109999895095825,3.130000114440918,2.5,2.680000066757202,2285700,0.0,0.0
2022-11-23 00:00:00-05:00,2.7200000286102295,2.9200000762939453,2.690000057220459,2.869999885559082,1016300,0.0,0.0
2022-11-25 00:00:00-05:00,2.799999952316284,2.8399999141693115,2.619999885559082,2.619999885559082,403900,0.0,0.0
2022-11-28 00:00:00-05:00,2.609999895095825,2.700000047683716,2.494999885559082,2.5,1305900,0.0,0.0
2022-11-29 00:00:00-05:00,2.6500000953674316,2.9600000381469727,2.630000114440918,2.6500000953674316,1378200,0.0,0.0
2022-11-30 00:00:00-05:00,2.7809998989105225,3.2699999809265137,2.7699999809265137,3.140000104904175,2313900,0.0,0.0
2022-12-01 00:00:00-05:00,3.0,3.184999942779541,2.940000057220459,2.940000057220459,840400,0.0,0.0
2022-12-02 00:00:00-05:00,2.8499999046325684,3.319999933242798,2.809999942779541,3.1500000953674316,1342000,0.0,0.0
2022-12-05 00:00:00-05:00,3.180000066757202,3.490000009536743,3.0399999618530273,3.059999942779541,1379300,0.0,0.0
2022-12-06 00:00:00-05:00,3.0999999046325684,3.2799999713897705,3.0199999809265137,3.2100000381469727,689300,0.0,0.0
2022-12-07 00:00:00-05:00,3.069999933242798,3.1449999809265137,2.930000066757202,3.0899999141693115,841900,0.0,0.0
2022-12-08 00:00:00-05:00,3.2799999713897705,3.8299999237060547,3.200000047683716,3.240000009536743,3250500,0.0,0.0
2022-12-09 00:00:00-05:00,3.430000066757202,3.8499999046325684,3.2300000190734863,3.8399999141693115,7078200,0.0,0.0
2022-12-12 00:00:00-05:00,3.759999990463257,3.759999990463257,3.3299999237060547,3.509999990463257,1162900,0.0,0.0
2022-12-13 00:00:00-05:00,3.7799999713897705,3.880000114440918,3.609999895095825,3.7200000286102295,867700,0.0,0.0
2022-12-14 00:00:00-05:00,3.690000057220459,4.03000020980835,3.640000104904175,3.869999885559082,757500,0.0,0.0
2022-12-15 00:00:00-05:00,4.050000190734863,4.099999904632568,3.75,3.75,1148600,0.0,0.0
2022-12-16 00:00:00-05:00,3.819999933242798,4.099999904632568,3.7799999713897705,4.019999980926514,1030200,0.0,0.0
2022-12-19 00:00:00-05:00,4.0,4.010000228881836,3.5999999046325684,3.6700000762939453,763400,0.0,0.0
2022-12-20 00:00:00-05:00,3.559999942779541,3.819999933242798,3.559999942779541,3.740000009536743,431500,0.0,0.0
2022-12-21 00:00:00-05:00,3.7300000190734863,4.21999979019165,3.634999990463257,4.119999885559082,1106100,0.0,0.0
2022-12-22 00:00:00-05:00,4.199999809265137,4.199999809265137,3.940000057220459,3.9700000286102295,493000,0.0,0.0
2022-12-23 00:00:00-05:00,3.950000047683716,4.079999923706055,3.940000057220459,4.019999980926514,347900,0.0,0.0
2022-12-27 00:00:00-05:00,4.03000020980835,4.03000020980835,3.75,3.9000000953674316,521600,0.0,0.0
2022-12-28 00:00:00-05:00,3.8299999237060547,4.019999980926514,3.819999933242798,3.930000066757202,408700,0.0,0.0
2022-12-29 00:00:00-05:00,3.8499999046325684,4.099999904632568,3.700000047683716,4.090000152587891,508600,0.0,0.0
2022-12-30 00:00:00-05:00,3.9100000858306885,4.199999809265137,3.9100000858306885,3.9100000858306885,478700,0.0,0.0
2023-01-03 00:00:00-05:00,4.079999923706055,4.369999885559082,3.950000047683716,4.0,767400,0.0,0.0
2023-01-04 00:00:00-05:00,4.230000019073486,4.53000020980835,4.090000152587891,4.5,685700,0.0,0.0
2023-01-05 00:00:00-05:00,4.420000076293945,4.659999847412109,4.25,4.53000020980835,657800,0.0,0.0
2023-01-06 00:00:00-05:00,4.519999980926514,4.679999828338623,4.360000133514404,4.489999771118164,547600,0.0,0.0
2023-01-09 00:00:00-05:00,4.610000133514404,4.670000076293945,4.409999847412109,4.429999828338623,515300,0.0,0.0
2023-01-10 00:00:00-05:00,4.519999980926514,4.670000076293945,4.46999979019165,4.579999923706055,994800,0.0,0.0
2023-01-11 00:00:00-05:00,4.599999904632568,4.644999980926514,4.239999771118164,4.360000133514404,540800,0.0,0.0
2023-01-12 00:00:00-05:00,4.300000190734863,4.510000228881836,4.255000114440918,4.429999828338623,345500,0.0,0.0
2023-01-13 00:00:00-05:00,4.460000038146973,4.820000171661377,4.394999980926514,4.789999961853027,606500,0.0,0.0
2023-01-17 00:00:00-05:00,4.619999885559082,4.760000228881836,4.309999942779541,4.309999942779541,601400,0.0,0.0
2023-01-18 00:00:00-05:00,4.369999885559082,4.570000171661377,4.050000190734863,4.090000152587891,524400,0.0,0.0
2023-01-19 00:00:00-05:00,4.099999904632568,4.139999866485596,3.75,3.8299999237060547,1123100,0.0,0.0
2023-01-20 00:00:00-05:00,3.990000009536743,4.210000038146973,3.934999942779541,4.170000076293945,594600,0.0,0.0
2023-01-23 00:00:00-05:00,4.199999809265137,4.579999923706055,4.199999809265137,4.579999923706055,585000,0.0,0.0
2023-01-24 00:00:00-05:00,4.5,4.570000171661377,4.329999923706055,4.329999923706055,364500,0.0,0.0
2023-01-25 00:00:00-05:00,4.230000019073486,4.400000095367432,4.159999847412109,4.190000057220459,277600,0.0,0.0
2023-01-26 00:00:00-05:00,4.329999923706055,4.5,4.079999923706055,4.159999847412109,496400,0.0,0.0
2023-01-27 00:00:00-05:00,4.139999866485596,4.320000171661377,3.990000009536743,4.119999885559082,460300,0.0,0.0
2023-01-30 00:00:00-05:00,4.0,4.070000171661377,3.9200000762939453,3.9700000286102295,479300,0.0,0.0
2023-01-31 00:00:00-05:00,3.9200000762939453,4.099999904632568,3.890000104904175,3.890000104904175,821000,0.0,0.0
2023-02-01 00:00:00-05:00,3.990000009536743,4.324999809265137,3.9649999141693115,4.260000228881836,748500,0.0,0.0
2023-02-02 00:00:00-05:00,4.260000228881836,4.389999866485596,4.144999980926514,4.159999847412109,674500,0.0,0.0
2023-02-03 00:00:00-05:00,4.119999885559082,4.369999885559082,3.9700000286102295,4.019999980926514,678600,0.0,0.0
2023-02-06 00:00:00-05:00,3.950000047683716,4.070000171661377,3.880000114440918,3.990000009536743,345900,0.0,0.0
2023-02-07 00:00:00-05:00,4.059999942779541,4.320000171661377,3.9800000190734863,4.239999771118164,450500,0.0,0.0
2023-02-08 00:00:00-05:00,4.5,4.579999923706055,4.21999979019165,4.409999847412109,1285700,0.0,0.0
2023-02-09 00:00:00-05:00,4.449999809265137,4.849999904632568,4.429999828338623,4.539999961853027,1244700,0.0,0.0
2023-02-10 00:00:00-05:00,4.369999885559082,4.5,3.9600000381469727,4.0,923600,0.0,0.0
2023-02-13 00:00:00-05:00,4.039999961853027,4.119999885559082,3.9700000286102295,4.0,719600,0.0,0.0
2023-02-14 00:00:00-05:00,4.019999980926514,4.150000095367432,3.859999895095825,3.880000114440918,643500,0.0,0.0
2023-02-15 00:00:00-05:00,3.880000114440918,4.070000171661377,3.869999885559082,4.050000190734863,500700,0.0,0.0
2023-02-16 00:00:00-05:00,3.950000047683716,4.050000190734863,3.9200000762939453,3.950000047683716,336100,0.0,0.0
2023-02-17 00:00:00-05:00,3.9000000953674316,4.03000020980835,3.8499999046325684,4.010000228881836,383400,0.0,0.0
2023-02-21 00:00:00-05:00,3.9100000858306885,4.010000228881836,3.8499999046325684,3.9100000858306885,396900,0.0,0.0
2023-02-22 00:00:00-05:00,3.9000000953674316,4.079999923706055,3.869999885559082,3.930000066757202,431000,0.0,0.0
2023-02-23 00:00:00-05:00,3.9600000381469727,4.011000156402588,3.8299999237060547,3.8299999237060547,362000,0.0,0.0
2023-02-24 00:00:00-05:00,3.7899999618530273,3.9200000762939453,3.7100000381469727,3.7799999713897705,611400,0.0,0.0
2023-02-27 00:00:00-05:00,3.880000114440918,3.9749999046325684,3.8299999237060547,3.8399999141693115,376600,0.0,0.0
2023-02-28 00:00:00-05:00,3.7699999809265137,3.809999942779541,2.9800000190734863,3.059999942779541,1692000,0.0,0.0
2023-03-01 00:00:00-05:00,3.190000057220459,3.3399999141693115,2.8499999046325684,2.9800000190734863,1081900,0.0,0.0
2023-03-02 00:00:00-05:00,2.890000104904175,3.299999952316284,2.8499999046325684,3.2200000286102295,1040300,0.0,0.0
2023-03-03 00:00:00-05:00,3.200000047683716,3.490000009536743,3.193000078201294,3.390000104904175,503900,0.0,0.0
2023-03-06 00:00:00-05:00,3.309999942779541,3.5299999713897705,3.1600000858306885,3.3499999046325684,405100,0.0,0.0
2023-03-07 00:00:00-05:00,3.319999933242798,3.515000104904175,3.2699999809265137,3.380000114440918,408400,0.0,0.0
2023-03-08 00:00:00-05:00,3.299999952316284,3.4800000190734863,3.2100000381469727,3.25,702600,0.0,0.0
2023-03-09 00:00:00-05:00,3.1700000762939453,3.359999895095825,3.109999895095825,3.140000104904175,437100,0.0,0.0
2023-03-10 00:00:00-05:00,3.0799999237060547,3.130000114440918,2.8399999141693115,2.950000047683716,878100,0.0,0.0
2023-03-13 00:00:00-04:00,2.950000047683716,3.2300000190734863,2.950000047683716,3.1500000953674316,396900,0.0,0.0
2023-03-14 00:00:00-04:00,3.109999895095825,3.25,3.058000087738037,3.130000114440918,377300,0.0,0.0
2023-03-15 00:00:00-04:00,3.0299999713897705,3.1600000858306885,2.940000057220459,3.140000104904175,705600,0.0,0.0
2023-03-16 00:00:00-04:00,3.009999990463257,3.390000104904175,3.009999990463257,3.319999933242798,534300,0.0,0.0
2023-03-17 00:00:00-04:00,3.299999952316284,3.430000066757202,3.2200000286102295,3.2200000286102295,322200,0.0,0.0
2023-03-20 00:00:00-04:00,3.25,3.305000066757202,3.134999990463257,3.1500000953674316,317100,0.0,0.0
2023-03-21 00:00:00-04:00,3.2100000381469727,3.4600000381469727,3.200000047683716,3.3399999141693115,624700,0.0,0.0
2023-03-22 00:00:00-04:00,3.3499999046325684,3.380000114440918,3.180000066757202,3.190000057220459,464800,0.0,0.0
2023-03-23 00:00:00-04:00,3.390000104904175,3.690000057220459,3.3499999046325684,3.430000066757202,752100,0.0,0.0
2023-03-24 00:00:00-04:00,3.390000104904175,3.559999942779541,3.369999885559082,3.430000066757202,535400,0.0,0.0
2023-03-27 00:00:00-04:00,3.369999885559082,3.5250000953674316,3.365000009536743,3.4800000190734863,289500,0.0,0.0
2023-03-28 00:00:00-04:00,3.5299999713897705,3.5799999237060547,3.2699999809265137,3.299999952316284,443800,0.0,0.0
2023-03-29 00:00:00-04:00,3.3299999237060547,3.5399999618530273,3.299999952316284,3.509999990463257,369800,0.0,0.0
2023-03-30 00:00:00-04:00,3.369999885559082,3.6549999713897705,3.369999885559082,3.549999952316284,422100,0.0,0.0
2023-03-31 00:00:00-04:00,3.490000009536743,3.734999895095825,3.4739999771118164,3.619999885559082,668900,0.0,0.0
2023-04-03 00:00:00-04:00,3.690000057220459,3.8299999237060547,3.559999942779541,3.690000057220459,782200,0.0,0.0
2023-04-04 00:00:00-04:00,3.6500000953674316,4.21999979019165,3.640000104904175,4.019999980926514,1857800,0.0,0.0
2023-04-05 00:00:00-04:00,3.950000047683716,4.110000133514404,3.7799999713897705,3.8299999237060547,762500,0.0,0.0
2023-04-06 00:00:00-04:00,3.869999885559082,4.010000228881836,3.625,3.640000104904175,675400,0.0,0.0
2023-04-10 00:00:00-04:00,3.680000066757202,3.680000066757202,3.444999933242798,3.5,381400,0.0,0.0
2023-04-11 00:00:00-04:00,3.5,3.7300000190734863,3.490000009536743,3.5999999046325684,408000,0.0,0.0
2023-04-12 00:00:00-04:00,3.5999999046325684,3.619999885559082,3.4000000953674316,3.450000047683716,422600,0.0,0.0
2023-04-13 00:00:00-04:00,3.5199999809265137,3.615000009536743,3.3949999809265137,3.5,1310400,0.0,0.0
2023-04-14 00:00:00-04:00,3.4600000381469727,3.6050000190734863,3.424999952316284,3.5399999618530273,332400,0.0,0.0
2023-04-17 00:00:00-04:00,3.619999885559082,3.7149999141693115,3.559999942779541,3.6600000858306885,316200,0.0,0.0
2023-04-18 00:00:00-04:00,3.680000066757202,3.759999990463257,3.5399999618530273,3.5399999618530273,251200,0.0,0.0
2023-04-19 00:00:00-04:00,3.4100000858306885,3.5399999618530273,3.4100000858306885,3.5199999809265137,243000,0.0,0.0
2023-04-20 00:00:00-04:00,3.450000047683716,3.619999885559082,3.450000047683716,3.4600000381469727,279900,0.0,0.0
2023-04-21 00:00:00-04:00,3.380000114440918,3.509999990463257,3.380000114440918,3.390000104904175,282700,0.0,0.0
2023-04-24 00:00:00-04:00,3.359999895095825,3.4749999046325684,3.309999942779541,3.3299999237060547,273500,0.0,0.0
2023-04-25 00:00:00-04:00,3.259999990463257,3.3350000381469727,3.119999885559082,3.1600000858306885,409100,0.0,0.0
2023-04-26 00:00:00-04:00,3.1700000762939453,3.3399999141693115,3.1600000858306885,3.190000057220459,356900,0.0,0.0
2023-04-27 00:00:00-04:00,3.25,3.380000114440918,3.2300000190734863,3.3399999141693115,310100,0.0,0.0
2023-04-28 00:00:00-04:00,3.319999933242798,3.509999990463257,3.319999933242798,3.3499999046325684,374200,0.0,0.0
2023-05-01 00:00:00-04:00,3.369999885559082,3.5250000953674316,3.3299999237060547,3.4600000381469727,327900,0.0,0.0
2023-05-02 00:00:00-04:00,3.390000104904175,3.390000104904175,3.109999895095825,3.2100000381469727,389000,0.0,0.0
2023-05-03 00:00:00-04:00,3.190000057220459,3.234999895095825,3.069999933242798,3.0999999046325684,888500,0.0,0.0
2023-05-04 00:00:00-04:00,3.119999885559082,3.3499999046325684,3.109999895095825,3.130000114440918,362700,0.0,0.0
2023-05-05 00:00:00-04:00,3.1500000953674316,3.505000114440918,3.119999885559082,3.359999895095825,570600,0.0,0.0
2023-05-08 00:00:00-04:00,3.3499999046325684,3.5199999809265137,3.2869999408721924,3.390000104904175,405500,0.0,0.0
2023-05-09 00:00:00-04:00,3.3399999141693115,3.4800000190734863,3.2899999618530273,3.440000057220459,231700,0.0,0.0
2023-05-10 00:00:00-04:00,3.369999885559082,3.5199999809265137,3.0999999046325684,3.119999885559082,548800,0.0,0.0
2023-05-11 00:00:00-04:00,3.119999885559082,3.25,2.869999885559082,2.930000066757202,934200,0.0,0.0
2023-05-12 00:00:00-04:00,2.890000104904175,2.9100000858306885,2.7799999713897705,2.8499999046325684,588100,0.0,0.0
2023-05-15 00:00:00-04:00,2.869999885559082,3.109999895095825,2.8499999046325684,3.0399999618530273,1012600,0.0,0.0
2023-05-16 00:00:00-04:00,2.930000066757202,3.1500000953674316,2.819999933242798,2.9600000381469727,370200,0.0,0.0
2023-05-17 00:00:00-04:00,2.940000057220459,3.109999895095825,2.930000066757202,3.0899999141693115,657600,0.0,0.0
2023-05-18 00:00:00-04:00,3.049999952316284,3.1500000953674316,3.0,3.0399999618530273,309000,0.0,0.0
2023-05-19 00:00:00-04:00,3.0299999713897705,3.0799999237060547,2.98799991607666,3.0199999809265137,285600,0.0,0.0
2023-05-22 00:00:00-04:00,2.9100000858306885,3.1500000953674316,2.9100000858306885,3.049999952316284,460200,0.0,0.0
2023-05-23 00:00:00-04:00,2.9800000190734863,3.1549999713897705,2.9800000190734863,3.069999933242798,302700,0.0,0.0
2023-05-24 00:00:00-04:00,3.0199999809265137,3.119999885559082,2.940000057220459,2.950000047683716,515400,0.0,0.0
2023-05-25 00:00:00-04:00,2.940000057220459,2.9800000190734863,2.8299999237060547,2.8399999141693115,332000,0.0,0.0
2023-05-26 00:00:00-04:00,2.859999895095825,2.9600000381469727,2.859999895095825,2.880000114440918,419700,0.0,0.0
2023-05-30 00:00:00-04:00,2.944999933242798,3.009999990463257,2.859999895095825,2.859999895095825,789200,0.0,0.0
2023-05-31 00:00:00-04:00,2.6600000858306885,2.7899999618530273,2.380000114440918,2.740000009536743,1131200,0.0,0.0
2023-06-01 00:00:00-04:00,2.7200000286102295,3.0889999866485596,2.7200000286102295,3.0250000953674316,447800,0.0,0.0
2023-06-02 00:00:00-04:00,3.059999942779541,3.1700000762939453,2.9700000286102295,2.990000009536743,450800,0.0,0.0
2023-06-05 00:00:00-04:00,3.0399999618530273,3.049999952316284,2.9549999237060547,2.9800000190734863,346200,0.0,0.0
2023-06-06 00:00:00-04:00,3.009999990463257,3.1700000762939453,2.940000057220459,3.059999942779541,695200,0.0,0.0
2023-06-07 00:00:00-04:00,3.059999942779541,3.1710000038146973,3.0,3.0,250400,0.0,0.0
2023-06-08 00:00:00-04:00,3.0,3.0799999237060547,2.9800000190734863,3.0299999713897705,282300,0.0,0.0
2023-06-09 00:00:00-04:00,3.0199999809265137,3.1489999294281006,3.009999990463257,3.009999990463257,224600,0.0,0.0
2023-06-12 00:00:00-04:00,3.009999990463257,3.1700000762939453,3.009999990463257,3.059999942779541,355900,0.0,0.0
2023-06-13 00:00:00-04:00,3.140000104904175,3.3949999809265137,3.11299991607666,3.369999885559082,919000,0.0,0.0
2023-06-14 00:00:00-04:00,3.3399999141693115,3.490000009536743,3.3399999141693115,3.390000104904175,410900,0.0,0.0
2023-06-15 00:00:00-04:00,3.4000000953674316,3.5,3.3399999141693115,3.440000057220459,512900,0.0,0.0
2023-06-16 00:00:00-04:00,3.430000066757202,3.4800000190734863,3.3450000286102295,3.4600000381469727,309600,0.0,0.0
2023-06-20 00:00:00-04:00,3.3499999046325684,3.4700000286102295,3.2109999656677246,3.319999933242798,356800,0.0,0.0
2023-06-21 00:00:00-04:00,3.2799999713897705,3.430000066757202,3.2300000190734863,3.2899999618530273,347500,0.0,0.0
2023-06-22 00:00:00-04:00,3.25,3.440000057220459,3.2100000381469727,3.319999933242798,324800,0.0,0.0
2023-06-23 00:00:00-04:00,3.25,3.3299999237060547,3.200000047683716,3.240000009536743,207800,0.0,0.0
2023-06-26 00:00:00-04:00,3.200000047683716,3.2300000190734863,3.0199999809265137,3.0899999141693115,423900,0.0,0.0
2023-06-27 00:00:00-04:00,3.1700000762939453,3.240000009536743,3.130000114440918,3.180000066757202,555700,0.0,0.0
2023-06-28 00:00:00-04:00,3.1600000858306885,3.2200000286102295,3.1389999389648438,3.140000104904175,260900,0.0,0.0
2023-06-29 00:00:00-04:00,3.0799999237060547,3.240000009536743,3.069999933242798,3.1700000762939453,210200,0.0,0.0
2023-06-30 00:00:00-04:00,3.180000066757202,3.2799999713897705,3.109999895095825,3.130000114440918,231300,0.0,0.0
2023-07-03 00:00:00-04:00,3.119999885559082,3.319999933242798,3.119999885559082,3.180000066757202,153000,0.0,0.0
2023-07-05 00:00:00-04:00,3.130000114440918,3.140000104904175,3.0250000953674316,3.049999952316284,202800,0.0,0.0
2023-07-06 00:00:00-04:00,3.049999952316284,3.059999942779541,2.940000057220459,2.9700000286102295,357500,0.0,0.0
2023-07-07 00:00:00-04:00,2.990000009536743,3.109999895095825,2.990000009536743,3.0299999713897705,260300,0.0,0.0
2023-07-10 00:00:00-04:00,2.9800000190734863,3.0299999713897705,2.9649999141693115,2.990000009536743,367400,0.0,0.0
2023-07-11 00:00:00-04:00,2.990000009536743,3.119999885559082,2.9600000381469727,2.9600000381469727,347500,0.0,0.0
2023-07-12 00:00:00-04:00,3.059999942779541,3.111999988555908,3.0299999713897705,3.0799999237060547,234700,0.0,0.0
2023-07-13 00:00:00-04:00,3.109999895095825,3.4040000438690186,3.109999895095825,3.3399999141693115,553400,0.0,0.0
2023-07-14 00:00:00-04:00,3.390000104904175,3.390000104904175,3.1600000858306885,3.180000066757202,288100,0.0,0.0
2023-07-17 00:00:00-04:00,3.1500000953674316,3.25,3.0799999237060547,3.190000057220459,194400,0.0,0.0
2023-07-18 00:00:00-04:00,3.190000057220459,3.3399999141693115,3.190000057220459,3.240000009536743,229500,0.0,0.0
2023-07-19 00:00:00-04:00,3.259999990463257,3.4210000038146973,3.259999990463257,3.2899999618530273,253400,0.0,0.0
2023-07-20 00:00:00-04:00,3.240000009536743,3.2750000953674316,3.119999885559082,3.1500000953674316,175000,0.0,0.0
2023-07-21 00:00:00-04:00,3.0199999809265137,3.1500000953674316,2.994999885559082,3.0199999809265137,393200,0.0,0.0
2023-07-24 00:00:00-04:00,3.0,3.125,2.9700000286102295,2.990000009536743,319200,0.0,0.0
2023-07-25 00:00:00-04:00,3.0199999809265137,3.190000057220459,2.9800000190734863,3.0,335900,0.0,0.0
2023-07-26 00:00:00-04:00,2.950000047683716,3.140000104904175,2.950000047683716,3.069999933242798,356700,0.0,0.0
2023-07-27 00:00:00-04:00,3.0999999046325684,3.1700000762939453,3.0,3.009999990463257,296400,0.0,0.0
2023-07-28 00:00:00-04:00,3.119999885559082,3.259999990463257,3.049999952316284,3.190000057220459,343700,0.0,0.0
2023-07-31 00:00:00-04:00,3.200000047683716,3.309999942779541,3.190000057220459,3.2300000190734863,353000,0.0,0.0
2023-08-01 00:00:00-04:00,3.1700000762939453,3.240000009536743,3.049999952316284,3.200000047683716,1102800,0.0,0.0
2023-08-02 00:00:00-04:00,3.0799999237060547,3.2100000381469727,3.009999990463257,3.049999952316284,361500,0.0,0.0
2023-08-03 00:00:00-04:00,3.069999933242798,3.1600000858306885,3.0350000858306885,3.0899999141693115,281900,0.0,0.0
2023-08-04 00:00:00-04:00,3.0899999141693115,3.140000104904175,3.0199999809265137,3.0299999713897705,243700,0.0,0.0
2023-08-07 00:00:00-04:00,3.059999942779541,3.059999942779541,2.930000066757202,3.0199999809265137,316600,0.0,0.0
2023-08-08 00:00:00-04:00,2.940000057220459,3.009999990463257,2.9000000953674316,3.009999990463257,268900,0.0,0.0
2023-08-09 00:00:00-04:00,3.009999990463257,3.0299999713897705,2.930000066757202,2.930000066757202,298700,0.0,0.0
2023-08-10 00:00:00-04:00,3.0,3.0899999141693115,2.9700000286102295,2.9700000286102295,164700,0.0,0.0
2023-08-11 00:00:00-04:00,2.930000066757202,2.9600000381469727,2.869999885559082,2.9000000953674316,273400,0.0,0.0
2023-08-14 00:00:00-04:00,2.880000114440918,2.9200000762939453,2.8499999046325684,2.9000000953674316,217500,0.0,0.0
2023-08-15 00:00:00-04:00,2.799999952316284,2.859999895095825,2.700000047683716,2.799999952316284,356400,0.0,0.0
2023-08-16 00:00:00-04:00,2.7699999809265137,2.819999933242798,2.740000009536743,2.7799999713897705,196300,0.0,0.0
2023-08-17 00:00:00-04:00,2.799999952316284,2.990000009536743,2.799999952316284,2.930000066757202,323300,0.0,0.0
2023-08-18 00:00:00-04:00,2.8299999237060547,2.9200000762939453,2.740000009536743,2.8299999237060547,416200,0.0,0.0
2023-08-21 00:00:00-04:00,2.8299999237060547,2.950000047683716,2.8299999237060547,2.8299999237060547,277000,0.0,0.0
2023-08-22 00:00:00-04:00,2.7100000381469727,2.9100000858306885,2.7100000381469727,2.7699999809265137,348100,0.0,0.0
2023-08-23 00:00:00-04:00,2.7699999809265137,2.880000114440918,2.7699999809265137,2.8399999141693115,227100,0.0,0.0
2023-08-24 00:00:00-04:00,2.8399999141693115,2.9800000190734863,2.7790000438690186,2.819999933242798,386400,0.0,0.0
2023-08-25 00:00:00-04:00,2.809999942779541,2.944999933242798,2.809999942779541,2.859999895095825,240500,0.0,0.0
2023-08-28 00:00:00-04:00,2.890000104904175,2.930000066757202,2.8499999046325684,2.8499999046325684,298800,0.0,0.0
2023-08-29 00:00:00-04:00,2.869999885559082,2.950000047683716,2.811000108718872,2.890000104904175,440500,0.0,0.0
2023-08-30 00:00:00-04:00,2.8399999141693115,2.930000066757202,2.819999933242798,2.880000114440918,210100,0.0,0.0
2023-08-31 00:00:00-04:00,2.819999933242798,2.9600000381469727,2.7899999618530273,2.799999952316284,402900,0.0,0.0
2023-09-01 00:00:00-04:00,2.869999885559082,2.9600000381469727,2.7899999618530273,2.819999933242798,446200,0.0,0.0
2023-09-05 00:00:00-04:00,2.75,2.809999942779541,2.6700000762939453,2.7100000381469727,319400,0.0,0.0
2023-09-06 00:00:00-04:00,2.609999895095825,2.740000009536743,2.5999999046325684,2.619999885559082,243100,0.0,0.0
2023-09-07 00:00:00-04:00,2.619999885559082,2.680000066757202,2.4600000381469727,2.509999990463257,360800,0.0,0.0
2023-09-08 00:00:00-04:00,2.5199999809265137,2.549999952316284,2.430000066757202,2.450000047683716,279400,0.0,0.0
2023-09-11 00:00:00-04:00,2.5299999713897705,2.5899999141693115,2.4800000190734863,2.4800000190734863,305200,0.0,0.0
2023-09-12 00:00:00-04:00,2.440000057220459,2.5199999809265137,2.440000057220459,2.440000057220459,255700,0.0,0.0
2023-09-13 00:00:00-04:00,2.440000057220459,2.505000114440918,2.380000114440918,2.380000114440918,248000,0.0,0.0
2023-09-14 00:00:00-04:00,2.490000009536743,2.5199999809265137,2.424999952316284,2.509999990463257,340700,0.0,0.0
2023-09-15 00:00:00-04:00,2.5,2.5899999141693115,2.4860000610351562,2.5,217600,0.0,0.0
2023-09-18 00:00:00-04:00,2.4700000286102295,2.5799999237060547,2.424999952316284,2.5299999713897705,251500,0.0,0.0
2023-09-19 00:00:00-04:00,2.5299999713897705,2.5799999237060547,2.5,2.559999942779541,258300,0.0,0.0
2023-09-20 00:00:00-04:00,2.559999942779541,2.6600000858306885,2.5450000762939453,2.559999942779541,240100,0.0,0.0
2023-09-21 00:00:00-04:00,2.5,2.575000047683716,2.5,2.5199999809265137,214100,0.0,0.0
2023-09-22 00:00:00-04:00,2.5999999046325684,2.740000009536743,2.5399999618530273,2.7200000286102295,344700,0.0,0.0
2023-09-25 00:00:00-04:00,2.700000047683716,2.8010001182556152,2.700000047683716,2.759999990463257,266700,0.0,0.0
2023-09-26 00:00:00-04:00,2.700000047683716,2.819999933242798,2.690000057220459,2.700000047683716,293300,0.0,0.0
2023-09-27 00:00:00-04:00,2.700000047683716,2.809999942779541,2.684999942779541,2.7799999713897705,211300,0.0,0.0
2023-09-28 00:00:00-04:00,2.700000047683716,2.740000009536743,2.450000047683716,2.4549999237060547,455700,0.0,0.0
2023-09-29 00:00:00-04:00,2.490000009536743,2.5799999237060547,2.4690001010894775,2.5299999713897705,141500,0.0,0.0
2023-10-02 00:00:00-04:00,2.430000066757202,2.509999990463257,2.390000104904175,2.490000009536743,438800,0.0,0.0
2023-10-03 00:00:00-04:00,2.4200000762939453,2.549999952316284,2.369999885559082,2.380000114440918,426000,0.0,0.0
2023-10-04 00:00:00-04:00,2.380000114440918,2.4800000190734863,2.380000114440918,2.4700000286102295,175800,0.0,0.0
2023-10-05 00:00:00-04:00,2.450000047683716,2.5,2.4000000953674316,2.4700000286102295,194000,0.0,0.0
2023-10-06 00:00:00-04:00,2.450000047683716,2.5450000762939453,2.450000047683716,2.490000009536743,225000,0.0,0.0
2023-10-09 00:00:00-04:00,2.4700000286102295,2.5399999618530273,2.4700000286102295,2.5399999618530273,192900,0.0,0.0
2023-10-10 00:00:00-04:00,2.549999952316284,2.7899999618530273,2.5399999618530273,2.7200000286102295,378700,0.0,0.0
2023-10-11 00:00:00-04:00,2.7200000286102295,2.7699999809265137,2.7049999237060547,2.7300000190734863,182100,0.0,0.0
2023-10-12 00:00:00-04:00,2.7300000190734863,2.7850000858306885,2.630000114440918,2.6700000762939453,238100,0.0,0.0
2023-10-13 00:00:00-04:00,2.640000104904175,2.7049999237060547,2.5899999141693115,2.609999895095825,219900,0.0,0.0
2023-10-16 00:00:00-04:00,2.5799999237060547,2.740000009536743,2.569999933242798,2.700000047683716,221500,0.0,0.0
2023-10-17 00:00:00-04:00,2.6600000858306885,2.944999933242798,2.6600000858306885,2.9100000858306885,297600,0.0,0.0
2023-10-18 00:00:00-04:00,2.9200000762939453,2.930000066757202,2.8499999046325684,2.880000114440918,355200,0.0,0.0
2023-10-19 00:00:00-04:00,2.8399999141693115,3.0299999713897705,2.819999933242798,2.9100000858306885,314600,0.0,0.0
2023-10-20 00:00:00-04:00,2.890000104904175,2.990000009536743,2.8399999141693115,2.869999885559082,216700,0.0,0.0
2023-10-23 00:00:00-04:00,2.859999895095825,2.9749999046325684,2.8010001182556152,2.9100000858306885,233100,0.0,0.0
2023-10-24 00:00:00-04:00,2.9100000858306885,3.009999990463257,2.8299999237060547,2.880000114440918,381800,0.0,0.0
2023-10-25 00:00:00-04:00,2.809999942779541,2.984999895095825,2.7799999713897705,2.7799999713897705,203600,0.0,0.0
2023-10-26 00:00:00-04:00,2.75,2.984999895095825,2.680000066757202,2.890000104904175,308500,0.0,0.0
2023-10-27 00:00:00-04:00,2.940000057220459,3.0399999618530273,2.940000057220459,2.9600000381469727,285400,0.0,0.0
2023-10-30 00:00:00-04:00,3.049999952316284,3.049999952316284,2.9000000953674316,2.950000047683716,335300,0.0,0.0
2023-10-31 00:00:00-04:00,2.9200000762939453,3.0199999809265137,2.8949999809265137,2.940000057220459,294700,0.0,0.0
2023-11-01 00:00:00-04:00,2.9200000762939453,3.049999952316284,2.8499999046325684,2.950000047683716,495400,0.0,0.0
2023-11-02 00:00:00-04:00,2.9200000762939453,3.0269999504089355,2.9200000762939453,2.9700000286102295,234200,0.0,0.0
2023-11-03 00:00:00-04:00,3.0,3.049999952316284,2.984999895095825,3.009999990463257,372700,0.0,0.0
2023-11-06 00:00:00-05:00,3.069999933242798,3.0799999237060547,2.994999885559082,3.0799999237060547,161500,0.0,0.0
2023-11-07 00:00:00-05:00,3.0799999237060547,3.1700000762939453,3.0199999809265137,3.0799999237060547,245500,0.0,0.0
2023-11-08 00:00:00-05:00,3.0899999141693115,3.3450000286102295,3.075000047683716,3.299999952316284,380600,0.0,0.0
2023-11-09 00:00:00-05:00,3.299999952316284,3.3399999141693115,3.119999885559082,3.1500000953674316,296700,0.0,0.0
2023-11-10 00:00:00-05:00,3.109999895095825,3.240000009536743,2.9820001125335693,3.240000009536743,170400,0.0,0.0
2023-11-13 00:00:00-05:00,3.25,3.309999942779541,3.2300000190734863,3.25,145700,0.0,0.0
2023-11-14 00:00:00-05:00,3.2300000190734863,3.315000057220459,3.1559998989105225,3.25,203900,0.0,0.0
2023-11-15 00:00:00-05:00,3.2699999809265137,3.2699999809265137,3.125,3.140000104904175,471900,0.0,0.0
2023-11-16 00:00:00-05:00,3.0,3.069999933242798,2.924999952316284,2.990000009536743,312900,0.0,0.0
2023-11-17 00:00:00-05:00,3.0,3.190000057220459,2.9700000286102295,3.1500000953674316,302800,0.0,0.0
2023-11-20 00:00:00-05:00,3.1500000953674316,3.240000009536743,3.049999952316284,3.1600000858306885,288500,0.0,0.0
2023-11-21 00:00:00-05:00,3.0999999046325684,3.2209999561309814,3.049999952316284,3.0799999237060547,223300,0.0,0.0
2023-11-22 00:00:00-05:00,2.950000047683716,2.9700000286102295,2.7699999809265137,2.809999942779541,633700,0.0,0.0
2023-11-24 00:00:00-05:00,2.7899999618530273,2.9579999446868896,2.7799999713897705,2.880000114440918,173000,0.0,0.0
2023-11-27 00:00:00-05:00,2.819999933242798,2.890000104904175,2.7100000381469727,2.7200000286102295,376400,0.0,0.0
2023-11-28 00:00:00-05:00,2.7200000286102295,2.7699999809265137,2.6700000762939453,2.690000057220459,394200,0.0,0.0
2023-11-29 00:00:00-05:00,2.6700000762939453,2.740000009536743,2.5999999046325684,2.630000114440918,440300,0.0,0.0
2023-11-30 00:00:00-05:00,2.640000104904175,2.640000104904175,2.5,2.509999990463257,2821900,0.0,0.0
2023-12-01 00:00:00-05:00,2.509999990463257,2.7100000381469727,2.509999990463257,2.7100000381469727,452600,0.0,0.0
2023-12-04 00:00:00-05:00,2.5899999141693115,2.7200000286102295,2.5899999141693115,2.700000047683716,251400,0.0,0.0
2023-12-05 00:00:00-05:00,2.6500000953674316,2.7200000286102295,2.6050000190734863,2.6700000762939453,213500,0.0,0.0
2023-12-06 00:00:00-05:00,2.5899999141693115,2.75,2.5899999141693115,2.5999999046325684,288700,0.0,0.0
2023-12-07 00:00:00-05:00,2.5999999046325684,2.674999952316284,2.559999942779541,2.640000104904175,207900,0.0,0.0
2023-12-08 00:00:00-05:00,2.549999952316284,2.700000047683716,2.549999952316284,2.640000104904175,223700,0.0,0.0
2023-12-11 00:00:00-05:00,2.640000104904175,2.6549999713897705,2.5999999046325684,2.630000114440918,209100,0.0,0.0
2023-12-12 00:00:00-05:00,2.640000104904175,2.640000104904175,2.509999990463257,2.509999990463257,218800,0.0,0.0
2023-12-13 00:00:00-05:00,2.5,2.5999999046325684,2.490000009536743,2.5899999141693115,457800,0.0,0.0
2023-12-14 00:00:00-05:00,2.619999885559082,2.680000066757202,2.5199999809265137,2.5299999713897705,331200,0.0,0.0
2023-12-15 00:00:00-05:00,2.5299999713897705,2.7699999809265137,2.5199999809265137,2.6500000953674316,995700,0.0,0.0
2023-12-18 00:00:00-05:00,2.6700000762939453,2.8889999389648438,2.6570000648498535,2.799999952316284,755400,0.0,0.0
2023-12-19 00:00:00-05:00,2.7899999618530273,2.869999885559082,2.7209999561309814,2.7699999809265137,260500,0.0,0.0
2023-12-20 00:00:00-05:00,2.75,2.75,2.609999895095825,2.609999895095825,186400,0.0,0.0
2023-12-21 00:00:00-05:00,2.6500000953674316,2.740000009536743,2.630000114440918,2.700000047683716,206000,0.0,0.0
2023-12-22 00:00:00-05:00,2.630000114440918,2.680000066757202,2.5810000896453857,2.619999885559082,245900,0.0,0.0
2023-12-26 00:00:00-05:00,2.609999895095825,2.680000066757202,2.5799999237060547,2.5799999237060547,73700,0.0,0.0
2023-12-27 00:00:00-05:00,2.609999895095825,2.63100004196167,2.559999942779541,2.559999942779541,172500,0.0,0.0
2023-12-28 00:00:00-05:00,2.569999933242798,2.6500000953674316,2.569999933242798,2.619999885559082,138400,0.0,0.0
2023-12-29 00:00:00-05:00,2.5999999046325684,2.6649999618530273,2.5999999046325684,2.630000114440918,227400,0.0,0.0
2024-01-02 00:00:00-05:00,2.549999952316284,2.5999999046325684,2.5,2.5,291800,0.0,0.0
2024-01-03 00:00:00-05:00,2.5399999618530273,2.559999942779541,2.4700000286102295,2.509999990463257,155400,0.0,0.0
2024-01-04 00:00:00-05:00,2.490000009536743,2.5299999713897705,2.4709999561309814,2.490000009536743,199600,0.0,0.0
2024-01-05 00:00:00-05:00,2.4700000286102295,2.5250000953674316,2.4600000381469727,2.4600000381469727,216900,0.0,0.0
2024-01-08 00:00:00-05:00,2.450000047683716,2.4839999675750732,2.4000000953674316,2.450000047683716,540900,0.0,0.0
2024-01-09 00:00:00-05:00,2.440000057220459,2.450000047683716,2.4000000953674316,2.430000066757202,370400,0.0,0.0
2024-01-10 00:00:00-05:00,2.4100000858306885,2.569999933242798,2.4100000858306885,2.559999942779541,789700,0.0,0.0
2024-01-11 00:00:00-05:00,2.5799999237060547,2.8399999141693115,2.575000047683716,2.75,1844500,0.0,0.0
2024-01-12 00:00:00-05:00,2.75,2.880000114440918,2.7100000381469727,2.7300000190734863,219500,0.0,0.0
2024-01-16 00:00:00-05:00,2.700000047683716,2.700000047683716,2.5899999141693115,2.619999885559082,332900,0.0,0.0
2024-01-17 00:00:00-05:00,2.559999942779541,2.625,2.559999942779541,2.609999895095825,172000,0.0,0.0
2024-01-18 00:00:00-05:00,2.619999885559082,2.6500000953674316,2.5899999141693115,2.5999999046325684,147100,0.0,0.0
2024-01-19 00:00:00-05:00,2.5899999141693115,2.634999990463257,2.565000057220459,2.609999895095825,190900,0.0,0.0
2024-01-22 00:00:00-05:00,2.5299999713897705,2.640000104904175,2.5299999713897705,2.559999942779541,283300,0.0,0.0
2024-01-23 00:00:00-05:00,2.609999895095825,2.7249999046325684,2.549999952316284,2.6500000953674316,232100,0.0,0.0
2024-01-24 00:00:00-05:00,2.6700000762939453,2.815000057220459,2.6700000762939453,2.7799999713897705,762000,0.0,0.0
2024-01-25 00:00:00-05:00,2.75,2.828000068664551,2.7249999046325684,2.7699999809265137,340500,0.0,0.0
2024-01-26 00:00:00-05:00,2.680000066757202,2.7899999618530273,2.609999895095825,2.7300000190734863,246500,0.0,0.0
2024-01-29 00:00:00-05:00,2.7200000286102295,2.799999952316284,2.680000066757202,2.7899999618530273,136100,0.0,0.0
2024-01-30 00:00:00-05:00,2.75,2.7699999809265137,2.740000009536743,2.759999990463257,156500,0.0,0.0
2024-01-31 00:00:00-05:00,2.7200000286102295,2.880000114440918,2.7200000286102295,2.799999952316284,237300,0.0,0.0
2024-02-01 00:00:00-05:00,2.809999942779541,2.9600000381469727,2.7950000762939453,2.9200000762939453,407700,0.0,0.0
2024-02-02 00:00:00-05:00,2.890000104904175,2.9600000381469727,2.859999895095825,2.940000057220459,554900,0.0,0.0
2024-02-05 00:00:00-05:00,2.950000047683716,2.950000047683716,2.8499999046325684,2.9200000762939453,147100,0.0,0.0
2024-02-06 00:00:00-05:00,2.940000057220459,3.0450000762939453,2.9049999713897705,3.0,210300,0.0,0.0
2024-02-07 00:00:00-05:00,2.9800000190734863,3.0450000762939453,2.9100000858306885,2.9100000858306885,101800,0.0,0.0
2024-02-08 00:00:00-05:00,2.9000000953674316,2.994999885559082,2.880000114440918,2.880000114440918,84400,0.0,0.0
2024-02-09 00:00:00-05:00,2.890000104904175,2.9100000858306885,2.859999895095825,2.869999885559082,87300,0.0,0.0
2024-02-12 00:00:00-05:00,2.7899999618530273,2.950000047683716,2.7899999618530273,2.8499999046325684,116400,0.0,0.0
2024-02-13 00:00:00-05:00,2.799999952316284,2.8399999141693115,2.7249999046325684,2.7300000190734863,67000,0.0,0.0
2024-02-14 00:00:00-05:00,2.75,2.8989999294281006,2.7149999141693115,2.740000009536743,166700,0.0,0.0
2024-02-15 00:00:00-05:00,2.759999990463257,2.875,2.740000009536743,2.859999895095825,125200,0.0,0.0
2024-02-16 00:00:00-05:00,2.8499999046325684,2.9100000858306885,2.819999933242798,2.869999885559082,97700,0.0,0.0
2024-02-20 00:00:00-05:00,2.8499999046325684,2.8499999046325684,2.7200000286102295,2.7300000190734863,142000,0.0,0.0
2024-02-21 00:00:00-05:00,2.75,2.7899999618530273,2.7300000190734863,2.740000009536743,142400,0.0,0.0
2024-02-22 00:00:00-05:00,2.759999990463257,2.7799999713897705,2.7179999351501465,2.740000009536743,227100,0.0,0.0
2024-02-23 00:00:00-05:00,2.740000009536743,2.7899999618530273,2.7200000286102295,2.75,96200,0.0,0.0
2024-02-26 00:00:00-05:00,2.75,2.799999952316284,2.744999885559082,2.75,192500,0.0,0.0
2024-02-27 00:00:00-05:00,2.8499999046325684,3.2899999618530273,2.8499999046325684,3.2699999809265137,952400,0.0,0.0
2024-02-28 00:00:00-05:00,3.2899999618530273,3.2899999618530273,2.9240000247955322,3.0,602700,0.0,0.0
2024-02-29 00:00:00-05:00,2.990000009536743,2.990000009536743,2.619999885559082,2.619999885559082,1079100,0.0,0.0
2024-03-01 00:00:00-05:00,2.75,2.7899999618530273,2.640000104904175,2.75,266800,0.0,0.0
2024-03-04 00:00:00-05:00,2.690000057220459,2.7899999618530273,2.684999942779541,2.7100000381469727,231500,0.0,0.0
2024-03-05 00:00:00-05:00,2.700000047683716,2.7100000381469727,2.619999885559082,2.680000066757202,187700,0.0,0.0
2024-03-06 00:00:00-05:00,2.740000009536743,2.7769999504089355,2.680000066757202,2.7100000381469727,131500,0.0,0.0
2024-03-07 00:00:00-05:00,2.7100000381469727,2.7100000381469727,2.619999885559082,2.6500000953674316,181200,0.0,0.0
2024-03-08 00:00:00-05:00,2.6600000858306885,2.700000047683716,2.5950000286102295,2.630000114440918,172300,0.0,0.0
2024-03-11 00:00:00-04:00,2.609999895095825,2.6600000858306885,2.5899999141693115,2.619999885559082,113400,0.0,0.0
2024-03-12 00:00:00-04:00,2.630000114440918,2.700000047683716,2.619999885559082,2.6500000953674316,135300,0.0,0.0
2024-03-13 00:00:00-04:00,2.6500000953674316,2.690000057220459,2.569999933242798,2.569999933242798,96300,0.0,0.0
2024-03-14 00:00:00-04:00,2.5399999618530273,2.559999942779541,2.5,2.5199999809265137,155200,0.0,0.0
2024-03-15 00:00:00-04:00,2.5,2.5399999618530273,2.5,2.5199999809265137,123200,0.0,0.0
2024-03-18 00:00:00-04:00,2.509999990463257,2.5399999618530273,2.4800000190734863,2.5299999713897705,187700,0.0,0.0
2024-03-19 00:00:00-04:00,2.5,2.5299999713897705,2.4800000190734863,2.5199999809265137,92700,0.0,0.0
2024-03-20 00:00:00-04:00,2.5,2.5399999618530273,2.4800000190734863,2.5299999713897705,141400,0.0,0.0
2024-03-21 00:00:00-04:00,2.5299999713897705,2.5320000648498535,2.490000009536743,2.509999990463257,91500,0.0,0.0
2024-03-22 00:00:00-04:00,2.509999990463257,2.5480000972747803,2.4800000190734863,2.5199999809265137,162400,0.0,0.0
2024-03-25 00:00:00-04:00,2.509999990463257,2.5299999713897705,2.4800000190734863,2.5,85100,0.0,0.0
2024-03-26 00:00:00-04:00,2.569999933242798,2.5880000591278076,2.509999990463257,2.5199999809265137,114100,0.0,0.0
2024-03-27 00:00:00-04:00,2.5,2.5299999713897705,2.4800000190734863,2.509999990463257,150600,0.0,0.0
2024-03-28 00:00:00-04:00,2.509999990463257,2.5799999237060547,2.490000009536743,2.509999990463257,268200,0.0,0.0
2024-04-01 00:00:00-04:00,2.5,2.559999942779541,2.5,2.549999952316284,97900,0.0,0.0
2024-04-02 00:00:00-04:00,2.490000009536743,2.549999952316284,2.490000009536743,2.5399999618530273,97000,0.0,0.0
2024-04-03 00:00:00-04:00,2.5199999809265137,2.609999895095825,2.515000104904175,2.5899999141693115,100800,0.0,0.0
2024-04-04 00:00:00-04:00,2.5999999046325684,2.759999990463257,2.5999999046325684,2.680000066757202,171800,0.0,0.0
2024-04-05 00:00:00-04:00,2.6700000762939453,2.684000015258789,2.549999952316284,2.549999952316284,136800,0.0,0.0
2024-04-08 00:00:00-04:00,2.559999942779541,2.609999895095825,2.490000009536743,2.5,161000,0.0,0.0
2024-04-09 00:00:00-04:00,2.4800000190734863,2.5399999618530273,2.4800000190734863,2.5199999809265137,104900,0.0,0.0
2024-04-10 00:00:00-04:00,2.5199999809265137,2.5199999809265137,2.484999895095825,2.5,58200,0.0,0.0
2024-04-11 00:00:00-04:00,2.5199999809265137,2.555000066757202,2.4800000190734863,2.5,114100,0.0,0.0
2024-04-12 00:00:00-04:00,2.509999990463257,2.5450000762939453,2.430000066757202,2.440000057220459,163200,0.0,0.0
2024-04-15 00:00:00-04:00,2.4600000381469727,2.4649999141693115,2.3550000190734863,2.369999885559082,184600,0.0,0.0
2024-04-16 00:00:00-04:00,2.369999885559082,2.380000114440918,2.315000057220459,2.359999895095825,119500,0.0,0.0
2024-04-17 00:00:00-04:00,2.380000114440918,2.430000066757202,2.369999885559082,2.4100000858306885,94400,0.0,0.0
2024-04-18 00:00:00-04:00,2.4100000858306885,2.4600000381469727,2.390000104904175,2.430000066757202,93700,0.0,0.0
2024-04-19 00:00:00-04:00,2.390000104904175,2.424999952316284,2.3440001010894775,2.4000000953674316,132100,0.0,0.0
2024-04-22 00:00:00-04:00,2.4000000953674316,2.4800000190734863,2.390000104904175,2.450000047683716,90000,0.0,0.0
2024-04-23 00:00:00-04:00,2.4200000762939453,2.5299999713897705,2.4200000762939453,2.490000009536743,88900,0.0,0.0
2024-04-24 00:00:00-04:00,2.5299999713897705,2.5299999713897705,2.4749999046325684,2.490000009536743,65000,0.0,0.0
2024-04-25 00:00:00-04:00,2.4700000286102295,2.5399999618530273,2.4700000286102295,2.5,72100,0.0,0.0
2024-04-26 00:00:00-04:00,2.5,2.5450000762939453,2.4700000286102295,2.5199999809265137,96100,0.0,0.0
2024-04-29 00:00:00-04:00,2.5299999713897705,2.569999933242798,2.4860000610351562,2.5399999618530273,99300,0.0,0.0
2024-04-30 00:00:00-04:00,2.4700000286102295,2.509999990463257,2.4700000286102295,2.490000009536743,68800,0.0,0.0
2024-05-01 00:00:00-04:00,2.4700000286102295,2.5399999618530273,2.4700000286102295,2.5199999809265137,62500,0.0,0.0
2024-05-02 00:00:00-04:00,2.5899999141693115,2.630000114440918,2.509999990463257,2.559999942779541,188500,0.0,0.0
2024-05-03 00:00:00-04:00,2.569999933242798,2.5999999046325684,2.494999885559082,2.5899999141693115,337700,0.0,0.0
2024-05-06 00:00:00-04:00,2.619999885559082,2.8499999046325684,2.5899999141693115,2.75,484800,0.0,0.0
2024-05-07 00:00:00-04:00,2.75,2.799999952316284,2.744999885559082,2.759999990463257,104000,0.0,0.0
2024-05-08 00:00:00-04:00,2.75,2.7899999618530273,2.684999942779541,2.7200000286102295,195300,0.0,0.0
2024-05-09 00:00:00-04:00,2.7100000381469727,2.740000009536743,2.6600000858306885,2.7200000286102295,88200,0.0,0.0
2024-05-10 00:00:00-04:00,2.7300000190734863,2.799999952316284,2.7100000381469727,2.759999990463257,125000,0.0,0.0
2024-05-13 00:00:00-04:00,2.7200000286102295,2.8399999141693115,2.690000057220459,2.7200000286102295,146800,0.0,0.0
2024-05-14 00:00:00-04:00,2.7100000381469727,2.759999990463257,2.7100000381469727,2.740000009536743,63000,0.0,0.0
2024-05-15 00:00:00-04:00,2.7699999809265137,2.7699999809265137,2.7200000286102295,2.7200000286102295,68200,0.0,0.0
2024-05-16 00:00:00-04:00,2.7200000286102295,2.9700000286102295,2.7200000286102295,2.950000047683716,235600,0.0,0.0
2024-05-17 00:00:00-04:00,2.950000047683716,3.009999990463257,2.9100000858306885,2.9200000762939453,542700,0.0,0.0
2024-05-20 00:00:00-04:00,2.9200000762939453,2.950000047683716,2.8499999046325684,2.869999885559082,73600,0.0,0.0
2024-05-21 00:00:00-04:00,2.859999895095825,3.0199999809265137,2.8299999237060547,2.9200000762939453,177300,0.0,0.0
2024-05-22 00:00:00-04:00,2.9200000762939453,2.9600000381469727,2.799999952316284,2.8499999046325684,180500,0.0,0.0
2024-05-23 00:00:00-04:00,2.8499999046325684,2.8499999046325684,2.509999990463257,2.5299999713897705,341800,0.0,0.0
2024-05-24 00:00:00-04:00,2.549999952316284,2.7100000381469727,2.5199999809265137,2.5799999237060547,98700,0.0,0.0
2024-05-28 00:00:00-04:00,2.5899999141693115,2.6010000705718994,2.4600000381469727,2.509999990463257,272200,0.0,0.0
2024-05-29 00:00:00-04:00,2.4600000381469727,2.5299999713897705,2.440000057220459,2.4800000190734863,120800,0.0,0.0
2024-05-30 00:00:00-04:00,2.4600000381469727,2.5,2.450000047683716,2.4800000190734863,128700,0.0,0.0
2024-05-31 00:00:00-04:00,2.4800000190734863,2.490000009536743,2.450000047683716,2.4600000381469727,102500,0.0,0.0
2024-06-03 00:00:00-04:00,2.4600000381469727,2.4600000381469727,2.380000114440918,2.390000104904175,198400,0.0,0.0
2024-06-04 00:00:00-04:00,2.4000000953674316,2.4800000190734863,2.390000104904175,2.450000047683716,131100,0.0,0.0
2024-06-05 00:00:00-04:00,2.4800000190734863,2.509999990463257,2.450000047683716,2.4800000190734863,200900,0.0,0.0
2024-06-06 00:00:00-04:00,2.490000009536743,2.562000036239624,2.4700000286102295,2.549999952316284,81900,0.0,0.0
2024-06-07 00:00:00-04:00,2.5199999809265137,2.5739998817443848,2.4700000286102295,2.4800000190734863,66900,0.0,0.0
2024-06-10 00:00:00-04:00,2.490000009536743,2.5999999046325684,2.4600000381469727,2.5399999618530273,143700,0.0,0.0
2024-06-11 00:00:00-04:00,2.5399999618530273,2.549999952316284,2.490000009536743,2.509999990463257,73500,0.0,0.0
2024-06-12 00:00:00-04:00,2.5199999809265137,2.5199999809265137,2.4200000762939453,2.440000057220459,111400,0.0,0.0
2024-06-13 00:00:00-04:00,2.440000057220459,2.4600000381469727,2.4000000953674316,2.4000000953674316,126100,0.0,0.0
2024-06-14 00:00:00-04:00,2.4000000953674316,2.4100000858306885,2.380000114440918,2.390000104904175,161900,0.0,0.0
2024-06-17 00:00:00-04:00,2.4000000953674316,2.4019999504089355,2.369999885559082,2.369999885559082,107300,0.0,0.0
2024-06-18 00:00:00-04:00,2.380000114440918,2.384999990463257,2.319999933242798,2.3399999141693115,148300,0.0,0.0
2024-06-20 00:00:00-04:00,2.3399999141693115,2.368000030517578,2.2899999618530273,2.319999933242798,150500,0.0,0.0
2024-06-21 00:00:00-04:00,2.2799999713897705,2.319999933242798,2.2799999713897705,2.2899999618530273,99900,0.0,0.0
2024-06-24 00:00:00-04:00,2.2899999618530273,2.299999952316284,2.2799999713897705,2.2799999713897705,132400,0.0,0.0
2024-06-25 00:00:00-04:00,2.2699999809265137,2.2899999618530273,2.2100000381469727,2.2100000381469727,134400,0.0,0.0
2024-06-26 00:00:00-04:00,2.2100000381469727,2.2300000190734863,2.184999942779541,2.2200000286102295,128900,0.0,0.0
2024-06-27 00:00:00-04:00,2.1600000858306885,2.2200000286102295,2.1600000858306885,2.190000057220459,137600,0.0,0.0
2024-06-28 00:00:00-04:00,2.200000047683716,2.2200000286102295,2.119999885559082,2.119999885559082,177400,0.0,0.0
2024-07-01 00:00:00-04:00,2.119999885559082,2.2100000381469727,2.049999952316284,2.1700000762939453,162700,0.0,0.0
2024-07-02 00:00:00-04:00,2.1600000858306885,2.190000057220459,2.0299999713897705,2.180000066757202,298000,0.0,0.0
2024-07-03 00:00:00-04:00,2.180000066757202,2.369999885559082,2.180000066757202,2.3499999046325684,164600,0.0,0.0
2024-07-05 00:00:00-04:00,2.3299999237060547,2.390000104904175,2.319999933242798,2.319999933242798,131000,0.0,0.0
2024-07-08 00:00:00-04:00,2.299999952316284,2.4000000953674316,2.2850000858306885,2.319999933242798,111600,0.0,0.0
2024-07-09 00:00:00-04:00,2.319999933242798,2.5299999713897705,2.319999933242798,2.4100000858306885,188100,0.0,0.0
2024-07-10 00:00:00-04:00,2.390000104904175,2.440000057220459,2.3399999141693115,2.390000104904175,100300,0.0,0.0
2024-07-11 00:00:00-04:00,2.4100000858306885,2.5199999809265137,2.4000000953674316,2.5,361500,0.0,0.0
2024-07-12 00:00:00-04:00,2.559999942779541,2.5999999046325684,2.5250000953674316,2.549999952316284,136600,0.0,0.0
2024-07-15 00:00:00-04:00,2.5399999618530273,2.549999952316284,2.4200000762939453,2.440000057220459,84300,0.0,0.0
2024-07-16 00:00:00-04:00,2.440000057220459,2.5850000381469727,2.4200000762939453,2.5399999618530273,95500,0.0,0.0
2024-07-17 00:00:00-04:00,2.5,2.5399999618530273,2.4800000190734863,2.509999990463257,96300,0.0,0.0
2024-07-18 00:00:00-04:00,2.5,2.5450000762939453,2.4200000762939453,2.450000047683716,145600,0.0,0.0
2024-07-19 00:00:00-04:00,2.450000047683716,2.5799999237060547,2.430000066757202,2.490000009536743,101200,0.0,0.0
2024-07-22 00:00:00-04:00,2.5199999809265137,2.5999999046325684,2.490000009536743,2.5199999809265137,88900,0.0,0.0
2024-07-23 00:00:00-04:00,2.509999990463257,2.5899999141693115,2.490000009536743,2.509999990463257,75200,0.0,0.0
2024-07-24 00:00:00-04:00,2.4700000286102295,2.5799999237060547,2.4700000286102295,2.490000009536743,88200,0.0,0.0
2024-07-25 00:00:00-04:00,2.4700000286102295,2.5899999141693115,2.450000047683716,2.4800000190734863,76600,0.0,0.0
2024-07-26 00:00:00-04:00,2.5199999809265137,2.559999942779541,2.4800000190734863,2.490000009536743,82600,0.0,0.0
2024-07-29 00:00:00-04:00,2.5,2.5350000858306885,2.4700000286102295,2.490000009536743,67400,0.0,0.0
2024-07-30 00:00:00-04:00,2.490000009536743,2.5230000019073486,2.4700000286102295,2.5,71200,0.0,0.0
2024-07-31 00:00:00-04:00,2.5,2.5450000762939453,2.4800000190734863,2.5,105100,0.0,0.0
2024-08-01 00:00:00-04:00,2.4600000381469727,2.5,2.3299999237060547,2.359999895095825,135600,0.0,0.0
2024-08-02 00:00:00-04:00,2.200000047683716,2.390000104904175,2.200000047683716,2.2899999618530273,133100,0.0,0.0
2024-08-05 00:00:00-04:00,2.200000047683716,2.2899999618530273,2.059999942779541,2.059999942779541,260300,0.0,0.0
2024-08-06 00:00:00-04:00,2.0899999141693115,2.2699999809265137,2.0899999141693115,2.2300000190734863,91300,0.0,0.0
2024-08-07 00:00:00-04:00,2.200000047683716,2.490000009536743,2.200000047683716,2.200000047683716,82400,0.0,0.0
2024-08-08 00:00:00-04:00,2.2300000190734863,2.305000066757202,2.180000066757202,2.190000057220459,75100,0.0,0.0
2024-08-09 00:00:00-04:00,2.1700000762939453,2.359999895095825,2.1700000762939453,2.3299999237060547,150000,0.0,0.0
2024-08-12 00:00:00-04:00,2.319999933242798,2.4000000953674316,2.2799999713897705,2.299999952316284,82100,0.0,0.0
2024-08-13 00:00:00-04:00,2.2799999713897705,2.4000000953674316,2.2750000953674316,2.309999942779541,60900,0.0,0.0
2024-08-14 00:00:00-04:00,2.319999933242798,2.3350000381469727,2.25,2.259999990463257,40500,0.0,0.0
2024-08-15 00:00:00-04:00,2.259999990463257,2.3299999237060547,2.259999990463257,2.2899999618530273,68600,0.0,0.0
2024-08-16 00:00:00-04:00,2.2799999713897705,2.309999942779541,2.190000057220459,2.2799999713897705,65000,0.0,0.0
2024-08-19 00:00:00-04:00,2.299999952316284,2.369999885559082,2.2200000286102295,2.3399999141693115,449200,0.0,0.0
2024-08-20 00:00:00-04:00,2.180000066757202,2.299999952316284,2.140000104904175,2.180000066757202,160700,0.0,0.0
2024-08-21 00:00:00-04:00,2.180000066757202,2.309999942779541,2.180000066757202,2.2899999618530273,120000,0.0,0.0
2024-08-22 00:00:00-04:00,2.200000047683716,2.259999990463257,2.119999885559082,2.140000104904175,135100,0.0,0.0
2024-08-23 00:00:00-04:00,2.140000104904175,2.140000104904175,1.6540000438690186,2.109999895095825,298600,0.0,0.0
2024-08-26 00:00:00-04:00,2.109999895095825,2.140000104904175,2.0139999389648438,2.0899999141693115,127400,0.0,0.0
2024-08-27 00:00:00-04:00,2.0899999141693115,2.1500000953674316,2.049999952316284,2.0799999237060547,62400,0.0,0.0
2024-08-28 00:00:00-04:00,2.0,2.0,1.850000023841858,1.8899999856948853,193200,0.0,0.0
2024-08-29 00:00:00-04:00,1.909999966621399,2.0,1.8880000114440918,1.9700000286102295,108400,0.0,0.0
2024-08-30 00:00:00-04:00,1.9600000381469727,2.049999952316284,1.7799999713897705,1.899999976158142,375300,0.0,0.0
2024-09-03 00:00:00-04:00,1.8700000047683716,1.940000057220459,1.809999942779541,1.840000033378601,261500,0.0,0.0
2024-09-04 00:00:00-04:00,1.8300000429153442,1.9220000505447388,1.7799999713897705,1.8300000429153442,383400,0.0,0.0
2024-09-05 00:00:00-04:00,1.8300000429153442,1.934999942779541,1.7960000038146973,1.909999966621399,144300,0.0,0.0
2024-09-06 00:00:00-04:00,1.909999966621399,1.9500000476837158,1.8270000219345093,1.899999976158142,91200,0.0,0.0
2024-09-09 00:00:00-04:00,1.8619999885559082,2.0,1.8619999885559082,1.9500000476837158,104900,0.0,0.0
2024-09-10 00:00:00-04:00,1.9500000476837158,2.002000093460083,1.8730000257492065,1.9900000095367432,56100,0.0,0.0
2024-09-11 00:00:00-04:00,1.909999966621399,2.0,1.909999966621399,1.9700000286102295,74900,0.0,0.0
2024-09-12 00:00:00-04:00,1.9800000190734863,2.009999990463257,1.9299999475479126,1.9900000095367432,68500,0.0,0.0
2024-09-13 00:00:00-04:00,1.9900000095367432,2.0,1.9600000381469727,1.9800000190734863,76300,0.0,0.0
2024-09-16 00:00:00-04:00,1.9900000095367432,2.0,1.9500000476837158,1.9800000190734863,50500,0.0,0.0
2024-09-17 00:00:00-04:00,1.9900000095367432,2.009999990463257,1.9500000476837158,1.9850000143051147,60100,0.0,0.0
2024-09-18 00:00:00-04:00,2.0,2.0,1.9700000286102295,1.9900000095367432,79600,0.0,0.0
2024-09-19 00:00:00-04:00,1.9700000286102295,2.0,1.9700000286102295,1.9700000286102295,99800,0.0,0.0
2024-09-20 00:00:00-04:00,1.9800000190734863,2.0399999618530273,1.9700000286102295,1.9700000286102295,200900,0.0,0.0
2024-09-23 00:00:00-04:00,1.9700000286102295,2.0199999809265137,1.9700000286102295,1.9900000095367432,164300,0.0,0.0
2024-09-24 00:00:00-04:00,2.0399999618530273,2.125,2.0199999809265137,2.069999933242798,244900,0.0,0.0
2024-09-25 00:00:00-04:00,2.059999942779541,2.190000057220459,2.059999942779541,2.1600000858306885,127900,0.0,0.0
2024-09-26 00:00:00-04:00,2.2899999618530273,2.390000104904175,2.2100000381469727,2.359999895095825,395200,0.0,0.0
2024-09-27 00:00:00-04:00,2.390000104904175,2.430000066757202,2.369999885559082,2.4100000858306885,444900,0.0,0.0
2024-09-30 00:00:00-04:00,2.5299999713897705,2.680000066757202,2.390000104904175,2.4100000858306885,909700,0.0,0.0
2024-10-01 00:00:00-04:00,2.390000104904175,2.75,2.390000104904175,2.75,318300,0.0,0.0
2024-10-02 00:00:00-04:00,6.03000020980835,6.429999828338623,3.950000047683716,4.940000057220459,81673400,0.0,0.0
2024-10-03 00:00:00-04:00,4.909999847412109,5.289999961853027,4.309999942779541,4.949999809265137,6339300,0.0,0.0
2024-10-04 00:00:00-04:00,5.300000190734863,5.300000190734863,4.690000057220459,4.710000038146973,4104200,0.0,0.0
2024-10-07 00:00:00-04:00,4.730000019073486,4.78000020980835,3.9200000762939453,4.070000171661377,3232900,0.0,0.0
2024-10-08 00:00:00-04:00,3.6700000762939453,4.03000020980835,3.6600000858306885,3.7699999809265137,2034400,0.0,0.0
2024-10-09 00:00:00-04:00,3.630000114440918,3.694999933242798,3.009999990463257,3.109999895095825,2589900,0.0,0.0
2024-10-10 00:00:00-04:00,3.3299999237060547,3.359999895095825,3.015000104904175,3.2300000190734863,2182200,0.0,0.0
2024-10-11 00:00:00-04:00,3.069999933242798,3.359999895095825,3.0299999713897705,3.259999990463257,1154900,0.0,0.0
2024-10-14 00:00:00-04:00,3.180000066757202,3.2100000381469727,2.9200000762939453,2.930000066757202,1125700,0.0,0.0
2024-10-15 00:00:00-04:00,2.819999933242798,2.940000057220459,2.7300000190734863,2.7899999618530273,886500,0.0,0.0
2024-10-16 00:00:00-04:00,2.809999942779541,2.869999885559082,2.7300000190734863,2.8499999046325684,1055500,0.0,0.0
2024-10-17 00:00:00-04:00,2.7799999713897705,2.819999933242798,2.630000114440918,2.7100000381469727,1107100,0.0,0.0
2024-10-18 00:00:00-04:00,2.9079999923706055,2.940000057220459,2.7950000762939453,2.8299999237060547,1029200,0.0,0.0
2024-10-21 00:00:00-04:00,2.819999933242798,2.869999885559082,2.7149999141693115,2.859999895095825,808700,0.0,0.0
2024-10-22 00:00:00-04:00,2.799999952316284,3.0299999713897705,2.75,2.8299999237060547,1398500,0.0,0.0
2024-10-23 00:00:00-04:00,2.8499999046325684,2.8580000400543213,2.619999885559082,2.6700000762939453,679900,0.0,0.0
2024-10-24 00:00:00-04:00,2.640000104904175,2.694999933242798,2.619999885559082,2.6500000953674316,345400,0.0,0.0
2024-10-25 00:00:00-04:00,2.680000066757202,2.9549999237060547,2.6500000953674316,2.809999942779541,949500,0.0,0.0
2024-10-28 00:00:00-04:00,2.8499999046325684,3.049999952316284,2.759999990463257,2.9800000190734863,1107500,0.0,0.0
2024-10-29 00:00:00-04:00,3.069999933242798,3.069999933242798,2.875,2.940000057220459,505000,0.0,0.0
2024-10-30 00:00:00-04:00,2.880000114440918,3.0,2.8550000190734863,2.880000114440918,339400,0.0,0.0
2024-10-31 00:00:00-04:00,2.880000114440918,2.9600000381469727,2.7750000953674316,2.819999933242798,273200,0.0,0.0
2024-11-01 00:00:00-04:00,2.8299999237060547,2.869999885559082,2.75,2.799999952316284,175900,0.0,0.0
2024-11-04 00:00:00-05:00,2.799999952316284,2.930000066757202,2.7200000286102295,2.740000009536743,750800,0.0,0.0
2024-11-05 00:00:00-05:00,2.819999933242798,3.390000104904175,2.7899999618530273,3.2699999809265137,2136700,0.0,0.0
2024-11-06 00:00:00-05:00,3.1500000953674316,3.4000000953674316,3.059999942779541,3.0999999046325684,1451100,0.0,0.0
2024-11-07 00:00:00-05:00,3.440000057220459,3.815000057220459,3.440000057220459,3.7799999713897705,2824100,0.0,0.0
2024-11-08 00:00:00-05:00,3.619999885559082,5.46999979019165,3.619999885559082,5.349999904632568,6969000,0.0,0.0
2024-11-11 00:00:00-05:00,5.199999809265137,5.21999979019165,4.03000020980835,5.019999980926514,4965800,0.0,0.0
2024-11-12 00:00:00-05:00,4.869999885559082,4.889999866485596,4.0,4.050000190734863,1523500,0.0,0.0
2024-11-13 00:00:00-05:00,4.369999885559082,4.5,4.110000133514404,4.170000076293945,822500,0.0,0.0
2024-11-14 00:00:00-05:00,4.110000133514404,4.511000156402588,4.110000133514404,4.190000057220459,994600,0.0,0.0
2024-11-15 00:00:00-05:00,4.260000228881836,4.710000038146973,4.190000057220459,4.389999866485596,1347700,0.0,0.0
2024-11-18 00:00:00-05:00,4.480000019073486,4.739999771118164,3.9700000286102295,4.070000171661377,1163700,0.0,0.0
2024-11-19 00:00:00-05:00,4.070000171661377,4.28000020980835,4.065000057220459,4.099999904632568,487700,0.0,0.0
2024-11-20 00:00:00-05:00,4.159999847412109,4.639999866485596,4.159999847412109,4.380000114440918,814600,0.0,0.0
2024-11-21 00:00:00-05:00,4.53000020980835,4.789999961853027,4.360000133514404,4.559999942779541,841100,0.0,0.0
2024-11-22 00:00:00-05:00,4.420000076293945,4.559999942779541,4.360000133514404,4.489999771118164,514400,0.0,0.0
2024-11-25 00:00:00-05:00,4.570000171661377,5.079999923706055,4.420000076293945,4.760000228881836,3074200,0.0,0.0
2024-11-26 00:00:00-05:00,4.349999904632568,5.0,4.269999980926514,4.739999771118164,1818400,0.0,0.0
2024-11-27 00:00:00-05:00,4.829999923706055,6.489999771118164,4.820000171661377,6.349999904632568,7581000,0.0,0.0
2024-11-29 00:00:00-05:00,6.019999980926514,6.059999942779541,5.039999961853027,5.159999847412109,4118300,0.0,0.0
2024-12-02 00:00:00-05:00,5.349999904632568,5.8979997634887695,4.860000133514404,5.059999942779541,5145300,0.0,0.0
2024-12-03 00:00:00-05:00,5.0,5.78000020980835,4.940000057220459,5.53000020980835,2249100,0.0,0.0
2024-12-04 00:00:00-05:00,5.5,5.949999809265137,5.309999942779541,5.519999980926514,1533100,0.0,0.0
2024-12-05 00:00:00-05:00,5.789999961853027,6.3480000495910645,5.5,6.099999904632568,2736000,0.0,0.0
2024-12-06 00:00:00-05:00,6.150000095367432,6.349999904632568,5.710000038146973,6.159999847412109,2099800,0.0,0.0
2024-12-09 00:00:00-05:00,6.510000228881836,6.639999866485596,5.880000114440918,5.989999771118164,2667900,0.0,0.0
2024-12-10 00:00:00-05:00,5.690000057220459,5.940000057220459,5.059999942779541,5.099999904632568,2141300,0.0,0.0
2024-12-11 00:00:00-05:00,5.300000190734863,5.489999771118164,4.920000076293945,5.019999980926514,1554900,0.0,0.0
2024-12-12 00:00:00-05:00,5.099999904632568,5.389999866485596,5.019999980926514,5.25,970000,0.0,0.0
2024-12-13 00:00:00-05:00,5.25,5.328000068664551,4.699999809265137,4.809999942779541,2401900,0.0,0.0
2024-12-16 00:00:00-05:00,4.909999847412109,4.909999847412109,4.400000095367432,4.650000095367432,1921700,0.0,0.0
2024-12-17 00:00:00-05:00,4.590000152587891,4.679999828338623,4.210000038146973,4.53000020980835,1803900,0.0,0.0
2024-12-18 00:00:00-05:00,4.619999885559082,4.860000133514404,4.510000228881836,4.559999942779541,1668700,0.0,0.0
2024-12-19 00:00:00-05:00,4.539999961853027,4.574999809265137,3.940000057220459,3.9600000381469727,2456100,0.0,0.0
2024-12-20 00:00:00-05:00,3.9800000190734863,4.603000164031982,3.9800000190734863,4.550000190734863,914700,0.0,0.0
2024-12-23 00:00:00-05:00,4.46999979019165,4.46999979019165,4.190000057220459,4.340000152587891,737600,0.0,0.0
2024-12-24 00:00:00-05:00,4.329999923706055,4.5,4.269999980926514,4.360000133514404,352800,0.0,0.0
2024-12-26 00:00:00-05:00,4.440000057220459,4.630000114440918,4.309999942779541,4.550000190734863,601000,0.0,0.0
2024-12-27 00:00:00-05:00,4.579999923706055,4.590000152587891,4.309999942779541,4.400000095367432,662200,0.0,0.0
2024-12-30 00:00:00-05:00,4.260000228881836,4.275000095367432,4.03000020980835,4.199999809265137,665900,0.0,0.0
2024-12-31 00:00:00-05:00,4.190000057220459,4.21999979019165,4.050000190734863,4.159999847412109,364300,0.0,0.0
2025-01-02 00:00:00-05:00,4.099999904632568,4.440000057220459,4.099999904632568,4.369999885559082,544600,0.0,0.0
2025-01-03 00:00:00-05:00,4.400000095367432,4.619999885559082,4.329999923706055,4.429999828338623,466300,0.0,0.0
2025-01-06 00:00:00-05:00,4.46999979019165,4.570000171661377,4.300000190734863,4.349999904632568,397200,0.0,0.0
2025-01-07 00:00:00-05:00,4.400000095367432,4.590000152587891,4.139999866485596,4.190000057220459,599600,0.0,0.0
2025-01-08 00:00:00-05:00,4.150000095367432,4.21999979019165,3.6500000953674316,3.680000066757202,1008800,0.0,0.0
2025-01-10 00:00:00-05:00,3.940000057220459,3.940000057220459,3.5420000553131104,3.859999895095825,654400,0.0,0.0
2025-01-13 00:00:00-05:00,3.8299999237060547,3.9839999675750732,3.700000047683716,3.759999990463257,379300,0.0,0.0
2025-01-14 00:00:00-05:00,3.819999933242798,3.9100000858306885,3.7300000190734863,3.7899999618530273,457400,0.0,0.0
2025-01-15 00:00:00-05:00,3.8499999046325684,4.050000190734863,3.8499999046325684,4.0,504235,0.0,0.0
