Date,Open,High,Low,Close,Volume,Dividends,Stock Splits
2022-01-03 00:00:00-05:00,9.970000267028809,9.994999885559082,9.970000267028809,9.979999542236328,47300,0.0,0.0
2022-01-04 00:00:00-05:00,9.979999542236328,9.989999771118164,9.979999542236328,9.989999771118164,8000,0.0,0.0
2022-01-05 00:00:00-05:00,9.989999771118164,9.989999771118164,9.989999771118164,9.989999771118164,1100,0.0,0.0
2022-01-06 00:00:00-05:00,9.979999542236328,9.982999801635742,9.979999542236328,9.979999542236328,9700,0.0,0.0
2022-01-07 00:00:00-05:00,9.979999542236328,9.979999542236328,9.979999542236328,9.979999542236328,0,0.0,0.0
2022-01-10 00:00:00-05:00,9.984000205993652,9.984999656677246,9.984000205993652,9.984999656677246,5300,0.0,0.0
2022-01-11 00:00:00-05:00,9.970000267028809,9.989999771118164,9.970000267028809,9.989999771118164,50500,0.0,0.0
2022-01-12 00:00:00-05:00,9.979999542236328,10.010000228881836,9.979999542236328,9.989999771118164,5500,0.0,0.0
2022-01-13 00:00:00-05:00,9.989999771118164,9.989999771118164,9.989999771118164,9.989999771118164,0,0.0,0.0
2022-01-14 00:00:00-05:00,9.970000267028809,9.970000267028809,9.970000267028809,9.970000267028809,2000,0.0,0.0
2022-01-18 00:00:00-05:00,9.970000267028809,9.989999771118164,9.970000267028809,9.979999542236328,7100,0.0,0.0
2022-01-19 00:00:00-05:00,9.970000267028809,9.989999771118164,9.970000267028809,9.970000267028809,8400,0.0,0.0
2022-01-20 00:00:00-05:00,9.972000122070312,9.979999542236328,9.970000267028809,9.970000267028809,5400,0.0,0.0
2022-01-21 00:00:00-05:00,9.970000267028809,9.979999542236328,9.970000267028809,9.979999542236328,3900,0.0,0.0
2022-01-24 00:00:00-05:00,9.970000267028809,10.0,9.970000267028809,9.989999771118164,21800,0.0,0.0
2022-01-25 00:00:00-05:00,9.989999771118164,9.989999771118164,9.989999771118164,9.989999771118164,0,0.0,0.0
2022-01-26 00:00:00-05:00,9.989999771118164,9.989999771118164,9.989999771118164,9.989999771118164,0,0.0,0.0
2022-01-27 00:00:00-05:00,9.970000267028809,9.989999771118164,9.970000267028809,9.970000267028809,36200,0.0,0.0
2022-01-28 00:00:00-05:00,9.970000267028809,9.989999771118164,9.970000267028809,9.989999771118164,5100,0.0,0.0
2022-01-31 00:00:00-05:00,10.0,10.0,9.979999542236328,9.989999771118164,5500,0.0,0.0
2022-02-01 00:00:00-05:00,10.0,10.0,9.96500015258789,9.994999885559082,101100,0.0,0.0
2022-02-02 00:00:00-05:00,9.989999771118164,9.989999771118164,9.989999771118164,9.989999771118164,400,0.0,0.0
2022-02-03 00:00:00-05:00,9.989999771118164,10.010000228881836,9.989999771118164,10.0,44800,0.0,0.0
2022-02-04 00:00:00-05:00,10.0,10.0,9.994999885559082,10.0,6000,0.0,0.0
2022-02-07 00:00:00-05:00,9.979999542236328,10.0,9.979999542236328,10.0,2100,0.0,0.0
2022-02-08 00:00:00-05:00,9.979999542236328,10.0,9.979999542236328,10.0,6000,0.0,0.0
2022-02-09 00:00:00-05:00,9.989999771118164,10.010000228881836,9.989999771118164,10.0,48600,0.0,0.0
2022-02-10 00:00:00-05:00,9.989999771118164,10.0,9.989999771118164,10.0,288300,0.0,0.0
2022-02-11 00:00:00-05:00,9.989999771118164,10.010000228881836,9.989999771118164,10.0,8700,0.0,0.0
2022-02-14 00:00:00-05:00,9.989999771118164,10.020000457763672,9.989999771118164,10.010000228881836,5300,0.0,0.0
2022-02-15 00:00:00-05:00,10.0,10.0,10.0,10.0,200,0.0,0.0
2022-02-16 00:00:00-05:00,10.0,10.0,10.0,10.0,100,0.0,0.0
2022-02-17 00:00:00-05:00,10.0,10.0,10.0,10.0,200,0.0,0.0
2022-02-18 00:00:00-05:00,10.010000228881836,10.010000228881836,10.005000114440918,10.010000228881836,800,0.0,0.0
2022-02-22 00:00:00-05:00,10.010000228881836,10.010000228881836,10.010000228881836,10.010000228881836,12800,0.0,0.0
2022-02-23 00:00:00-05:00,10.010000228881836,10.010000228881836,10.010000228881836,10.010000228881836,13400,0.0,0.0
2022-02-24 00:00:00-05:00,10.0,10.029999732971191,10.0,10.020000457763672,15300,0.0,0.0
2022-02-25 00:00:00-05:00,10.015000343322754,10.020000457763672,10.015000343322754,10.020000457763672,2900,0.0,0.0
2022-02-28 00:00:00-05:00,10.015000343322754,10.020000457763672,10.015000343322754,10.020000457763672,5100,0.0,0.0
2022-03-01 00:00:00-05:00,10.010000228881836,10.020000457763672,10.010000228881836,10.020000457763672,27700,0.0,0.0
2022-03-02 00:00:00-05:00,10.020000457763672,10.020000457763672,10.010000228881836,10.010000228881836,1400,0.0,0.0
2022-03-03 00:00:00-05:00,10.020000457763672,10.020000457763672,10.010000228881836,10.010000228881836,26400,0.0,0.0
2022-03-04 00:00:00-05:00,10.010000228881836,10.010000228881836,10.010000228881836,10.010000228881836,600,0.0,0.0
2022-03-07 00:00:00-05:00,10.024999618530273,10.029999732971191,10.020000457763672,10.029999732971191,10500,0.0,0.0
2022-03-08 00:00:00-05:00,10.029999732971191,10.029999732971191,10.029999732971191,10.029999732971191,27200,0.0,0.0
2022-03-09 00:00:00-05:00,10.024999618530273,10.029999732971191,10.020000457763672,10.029999732971191,17400,0.0,0.0
2022-03-10 00:00:00-05:00,10.029999732971191,10.029999732971191,10.029999732971191,10.029999732971191,0,0.0,0.0
2022-03-11 00:00:00-05:00,10.029999732971191,10.029999732971191,10.029999732971191,10.029999732971191,1300,0.0,0.0
2022-03-14 00:00:00-04:00,10.039999961853027,10.039999961853027,10.0,10.010000228881836,450200,0.0,0.0
2022-03-15 00:00:00-04:00,10.024999618530273,10.029999732971191,10.010000228881836,10.029999732971191,11100,0.0,0.0
2022-03-16 00:00:00-04:00,10.029999732971191,10.029999732971191,10.010000228881836,10.010000228881836,54500,0.0,0.0
2022-03-17 00:00:00-04:00,10.010000228881836,10.029999732971191,10.010000228881836,10.029999732971191,8900,0.0,0.0
2022-03-18 00:00:00-04:00,10.029999732971191,10.039999961853027,10.020000457763672,10.029999732971191,45500,0.0,0.0
2022-03-21 00:00:00-04:00,10.010000228881836,10.039999961853027,10.010000228881836,10.020000457763672,28400,0.0,0.0
2022-03-22 00:00:00-04:00,10.029999732971191,10.029999732971191,10.029999732971191,10.029999732971191,100,0.0,0.0
2022-03-23 00:00:00-04:00,10.029999732971191,10.050000190734863,10.020000457763672,10.039999961853027,53200,0.0,0.0
2022-03-24 00:00:00-04:00,10.039999961853027,10.039999961853027,10.020000457763672,10.03499984741211,24700,0.0,0.0
2022-03-25 00:00:00-04:00,10.029999732971191,10.039999961853027,10.029999732971191,10.039999961853027,99500,0.0,0.0
2022-03-28 00:00:00-04:00,10.039999961853027,10.050000190734863,10.029999732971191,10.050000190734863,68500,0.0,0.0
2022-03-29 00:00:00-04:00,10.0600004196167,10.0600004196167,10.050000190734863,10.050000190734863,16500,0.0,0.0
2022-03-30 00:00:00-04:00,10.0600004196167,10.0600004196167,10.045000076293945,10.050000190734863,98600,0.0,0.0
2022-03-31 00:00:00-04:00,10.050000190734863,10.0600004196167,10.050000190734863,10.0600004196167,105600,0.0,0.0
2022-04-01 00:00:00-04:00,10.0600004196167,10.0600004196167,10.0600004196167,10.0600004196167,0,0.0,0.0
2022-04-04 00:00:00-04:00,10.0600004196167,10.0600004196167,10.039999961853027,10.039999961853027,25600,0.0,0.0
2022-04-05 00:00:00-04:00,10.0600004196167,10.069999694824219,10.050000190734863,10.069999694824219,3800,0.0,0.0
2022-04-06 00:00:00-04:00,10.050000190734863,10.0600004196167,10.050000190734863,10.0600004196167,1300,0.0,0.0
2022-04-07 00:00:00-04:00,10.0600004196167,10.0600004196167,10.0600004196167,10.0600004196167,400,0.0,0.0
2022-04-08 00:00:00-04:00,10.0600004196167,10.0649995803833,10.0600004196167,10.0649995803833,101600,0.0,0.0
2022-04-11 00:00:00-04:00,10.0649995803833,10.0649995803833,10.0649995803833,10.0649995803833,0,0.0,0.0
2022-04-12 00:00:00-04:00,10.0649995803833,10.0649995803833,10.0649995803833,10.0649995803833,200,0.0,0.0
2022-04-13 00:00:00-04:00,10.0600004196167,10.069999694824219,10.0600004196167,10.069999694824219,47400,0.0,0.0
2022-04-14 00:00:00-04:00,10.0649995803833,10.069999694824219,10.0600004196167,10.069999694824219,638400,0.0,0.0
2022-04-18 00:00:00-04:00,10.069999694824219,10.069999694824219,10.069999694824219,10.069999694824219,2200,0.0,0.0
2022-04-19 00:00:00-04:00,10.079999923706055,10.079999923706055,10.069999694824219,10.069999694824219,5100,0.0,0.0
2022-04-20 00:00:00-04:00,10.0600004196167,10.0600004196167,10.0600004196167,10.0600004196167,100,0.0,0.0
2022-04-21 00:00:00-04:00,10.069999694824219,10.069999694824219,10.069999694824219,10.069999694824219,200,0.0,0.0
2022-04-22 00:00:00-04:00,10.069999694824219,10.069999694824219,10.069999694824219,10.069999694824219,0,0.0,0.0
2022-04-25 00:00:00-04:00,10.0600004196167,10.0649995803833,10.0600004196167,10.0649995803833,800,0.0,0.0
2022-04-26 00:00:00-04:00,10.0600004196167,10.079000473022461,10.0600004196167,10.069999694824219,90400,0.0,0.0
2022-04-27 00:00:00-04:00,10.069999694824219,10.069999694824219,10.069999694824219,10.069999694824219,10000,0.0,0.0
2022-04-28 00:00:00-04:00,10.069999694824219,10.079999923706055,10.069999694824219,10.079999923706055,292300,0.0,0.0
2022-04-29 00:00:00-04:00,10.09000015258789,10.09000015258789,10.069999694824219,10.069999694824219,9200,0.0,0.0
2022-05-02 00:00:00-04:00,10.074999809265137,10.079999923706055,10.074999809265137,10.079999923706055,3700,0.0,0.0
2022-05-03 00:00:00-04:00,10.079999923706055,10.079999923706055,10.069999694824219,10.079999923706055,7000,0.0,0.0
2022-05-04 00:00:00-04:00,10.079000473022461,10.079999923706055,10.079000473022461,10.079999923706055,200,0.0,0.0
2022-05-05 00:00:00-04:00,10.079999923706055,10.079999923706055,10.069999694824219,10.069999694824219,53300,0.0,0.0
2022-05-06 00:00:00-04:00,10.069999694824219,10.069999694824219,10.069999694824219,10.069999694824219,200,0.0,0.0
2022-05-09 00:00:00-04:00,10.074999809265137,10.074999809265137,10.069999694824219,10.069999694824219,120500,0.0,0.0
2022-05-10 00:00:00-04:00,10.069999694824219,10.069999694824219,10.050000190734863,10.0600004196167,517500,0.0,0.0
2022-05-11 00:00:00-04:00,10.079999923706055,10.079999923706055,10.0600004196167,10.069999694824219,40200,0.0,0.0
2022-05-12 00:00:00-04:00,10.0600004196167,10.0649995803833,10.0600004196167,10.0600004196167,81400,0.0,0.0
2022-05-13 00:00:00-04:00,10.0600004196167,10.069999694824219,10.0600004196167,10.0649995803833,11800,0.0,0.0
2022-05-16 00:00:00-04:00,10.069999694824219,10.069999694824219,10.0600004196167,10.0600004196167,35500,0.0,0.0
2022-05-17 00:00:00-04:00,10.079999923706055,10.079999923706055,10.069999694824219,10.069999694824219,11400,0.0,0.0
2022-05-18 00:00:00-04:00,10.079999923706055,10.079999923706055,10.069999694824219,10.074999809265137,176500,0.0,0.0
2022-05-19 00:00:00-04:00,10.071000099182129,10.079999923706055,10.069999694824219,10.079999923706055,5500,0.0,0.0
2022-05-20 00:00:00-04:00,10.069999694824219,10.069999694824219,10.069999694824219,10.069999694824219,900,0.0,0.0
2022-05-23 00:00:00-04:00,10.079999923706055,10.079999923706055,10.069999694824219,10.069999694824219,164300,0.0,0.0
2022-05-24 00:00:00-04:00,10.071000099182129,10.079999923706055,10.069999694824219,10.069999694824219,217600,0.0,0.0
2022-05-25 00:00:00-04:00,10.069999694824219,10.079999923706055,10.069999694824219,10.069999694824219,365900,0.0,0.0
2022-05-26 00:00:00-04:00,10.079999923706055,10.079999923706055,10.069999694824219,10.069999694824219,115700,0.0,0.0
2022-05-27 00:00:00-04:00,10.079999923706055,10.09000015258789,10.074999809265137,10.088000297546387,338100,0.0,0.0
2022-05-31 00:00:00-04:00,10.079999923706055,10.09000015258789,10.079999923706055,10.079999923706055,116100,0.0,0.0
2022-06-01 00:00:00-04:00,10.079999923706055,10.09000015258789,10.079999923706055,10.079999923706055,184300,0.0,0.0
2022-06-02 00:00:00-04:00,10.079999923706055,10.09000015258789,10.079999923706055,10.09000015258789,2900,0.0,0.0
2022-06-03 00:00:00-04:00,10.079999923706055,10.09000015258789,10.079999923706055,10.09000015258789,37000,0.0,0.0
2022-06-06 00:00:00-04:00,10.09000015258789,10.100000381469727,10.09000015258789,10.09000015258789,110100,0.0,0.0
2022-06-07 00:00:00-04:00,10.100000381469727,10.100000381469727,10.100000381469727,10.100000381469727,600,0.0,0.0
2022-06-08 00:00:00-04:00,10.100000381469727,10.11299991607666,10.079999923706055,10.079999923706055,10400,0.0,0.0
2022-06-09 00:00:00-04:00,10.09000015258789,10.100000381469727,10.079999923706055,10.09000015258789,13600,0.0,0.0
2022-06-10 00:00:00-04:00,10.09000015258789,10.270000457763672,10.07800006866455,10.270000457763672,28000,0.0,0.0
2022-06-13 00:00:00-04:00,10.180000305175781,10.180000305175781,10.079999923706055,10.100000381469727,14200,0.0,0.0
2022-06-14 00:00:00-04:00,10.0600004196167,10.100000381469727,10.039999961853027,10.100000381469727,40500,0.0,0.0
2022-06-15 00:00:00-04:00,10.069999694824219,10.140000343322754,10.0600004196167,10.130000114440918,4500,0.0,0.0
2022-06-16 00:00:00-04:00,10.149999618530273,10.260000228881836,10.085000038146973,10.229999542236328,9900,0.0,0.0
2022-06-17 00:00:00-04:00,10.229999542236328,10.289999961853027,10.180000305175781,10.270000457763672,30800,0.0,0.0
2022-06-21 00:00:00-04:00,10.270000457763672,10.270000457763672,10.199999809265137,10.199999809265137,1100,0.0,0.0
2022-06-22 00:00:00-04:00,10.0600004196167,10.109999656677246,10.0600004196167,10.069999694824219,3000,0.0,0.0
2022-06-23 00:00:00-04:00,10.09000015258789,10.149999618530273,10.0,10.020000457763672,28100,0.0,0.0
2022-06-24 00:00:00-04:00,10.020000457763672,10.029999732971191,9.949999809265137,9.960000038146973,8700,0.0,0.0
2022-06-27 00:00:00-04:00,9.979999542236328,10.0,9.960000038146973,10.0,800,0.0,0.0
2022-06-28 00:00:00-04:00,9.979999542236328,10.050000190734863,9.979999542236328,10.0,2000,0.0,0.0
2022-06-29 00:00:00-04:00,10.0,10.100000381469727,9.960000038146973,9.961000442504883,18400,0.0,0.0
2022-06-30 00:00:00-04:00,10.0,10.015000343322754,10.0,10.0,800,0.0,0.0
2022-07-01 00:00:00-04:00,9.970000267028809,9.970000267028809,9.970000267028809,9.970000267028809,600,0.0,0.0
2022-07-05 00:00:00-04:00,9.954999923706055,9.970000267028809,9.9399995803833,9.9399995803833,2100,0.0,0.0
2022-07-06 00:00:00-04:00,9.9399995803833,9.970000267028809,9.9399995803833,9.954999923706055,800,0.0,0.0
2022-07-07 00:00:00-04:00,9.954999923706055,9.954999923706055,9.954999923706055,9.954999923706055,0,0.0,0.0
2022-07-08 00:00:00-04:00,9.960000038146973,9.979999542236328,9.920000076293945,9.96500015258789,242200,0.0,0.0
2022-07-11 00:00:00-04:00,9.96500015258789,9.96500015258789,9.96500015258789,9.96500015258789,0,0.0,0.0
2022-07-12 00:00:00-04:00,10.1899995803833,10.1899995803833,10.15999984741211,10.1899995803833,800,0.0,0.0
2022-07-13 00:00:00-04:00,10.15999984741211,10.1899995803833,10.15999984741211,10.1899995803833,700,0.0,0.0
2022-07-14 00:00:00-04:00,10.140000343322754,10.170000076293945,10.109999656677246,10.170000076293945,700,0.0,0.0
2022-07-15 00:00:00-04:00,10.100000381469727,10.15999984741211,10.100000381469727,10.15999984741211,700,0.0,0.0
2022-07-18 00:00:00-04:00,10.100000381469727,10.15999984741211,10.100000381469727,10.15999984741211,700,0.0,0.0
2022-07-19 00:00:00-04:00,10.069999694824219,10.079999923706055,10.020000457763672,10.020000457763672,700,0.0,0.0
2022-07-20 00:00:00-04:00,10.020000457763672,10.029999732971191,9.960000038146973,10.0,17000,0.0,0.0
2022-07-21 00:00:00-04:00,9.979999542236328,10.0,9.960000038146973,9.979999542236328,10900,0.0,0.0
2022-07-22 00:00:00-04:00,10.020000457763672,10.020000457763672,10.020000457763672,10.020000457763672,700,0.0,0.0
2022-07-25 00:00:00-04:00,10.020000457763672,10.020000457763672,10.020000457763672,10.020000457763672,600,0.0,0.0
2022-07-26 00:00:00-04:00,9.979999542236328,9.989999771118164,9.979999542236328,9.989999771118164,3800,0.0,0.0
2022-07-27 00:00:00-04:00,10.020000457763672,10.020000457763672,9.989999771118164,10.0,11700,0.0,0.0
2022-07-28 00:00:00-04:00,10.0,10.0,10.0,10.0,0,0.0,0.0
2022-07-29 00:00:00-04:00,9.979999542236328,10.020000457763672,9.970000267028809,9.979999542236328,2100,0.0,0.0
2022-08-01 00:00:00-04:00,9.979999542236328,10.020000457763672,9.979999542236328,10.020000457763672,12300,0.0,0.0
2022-08-02 00:00:00-04:00,10.010000228881836,10.010000228881836,9.979999542236328,9.979999542236328,4500,0.0,0.0
2022-08-03 00:00:00-04:00,10.020000457763672,10.020000457763672,9.979999542236328,10.020000457763672,3200,0.0,0.0
2022-08-04 00:00:00-04:00,10.020000457763672,10.020000457763672,10.020000457763672,10.020000457763672,1700,0.0,0.0
2022-08-05 00:00:00-04:00,10.020000457763672,10.020000457763672,9.979999542236328,10.020000457763672,800,0.0,0.0
2022-08-08 00:00:00-04:00,10.005000114440918,10.010000228881836,10.005000114440918,10.010000228881836,700,0.0,0.0
2022-08-09 00:00:00-04:00,10.020000457763672,10.020000457763672,9.989999771118164,10.010000228881836,3300,0.0,0.0
2022-08-10 00:00:00-04:00,10.020000457763672,10.020000457763672,9.989999771118164,10.020000457763672,43600,0.0,0.0
2022-08-11 00:00:00-04:00,10.329999923706055,11.0,10.156000137329102,10.180000305175781,37900,0.0,0.0
2022-08-12 00:00:00-04:00,10.173999786376953,10.229999542236328,9.949999809265137,10.029999732971191,162300,0.0,0.0
2022-08-15 00:00:00-04:00,10.050000190734863,10.050000190734863,9.960000038146973,10.039999961853027,6700,0.0,0.0
2022-08-16 00:00:00-04:00,10.020000457763672,10.0600004196167,10.010000228881836,10.039999961853027,6800,0.0,0.0
2022-08-17 00:00:00-04:00,10.03499984741211,10.03499984741211,10.0,10.03499984741211,2800,0.0,0.0
2022-08-18 00:00:00-04:00,10.01099967956543,10.039999961853027,10.01099967956543,10.039999961853027,600,0.0,0.0
2022-08-19 00:00:00-04:00,10.0,10.039999961853027,10.0,10.039999961853027,3400,0.0,0.0
2022-08-22 00:00:00-04:00,10.039999961853027,10.039999961853027,10.020000457763672,10.020000457763672,1600,0.0,0.0
2022-08-23 00:00:00-04:00,10.0600004196167,10.125,10.0600004196167,10.069999694824219,24700,0.0,0.0
2022-08-24 00:00:00-04:00,10.09000015258789,10.100000381469727,10.050000190734863,10.0600004196167,7800,0.0,0.0
2022-08-25 00:00:00-04:00,10.050000190734863,10.069999694824219,10.039999961853027,10.069999694824219,3400,0.0,0.0
2022-08-26 00:00:00-04:00,10.029999732971191,10.0600004196167,10.029999732971191,10.0600004196167,3300,0.0,0.0
2022-08-29 00:00:00-04:00,10.0600004196167,10.0600004196167,10.0600004196167,10.0600004196167,0,0.0,0.0
2022-08-30 00:00:00-04:00,10.0649995803833,10.0649995803833,10.0649995803833,10.0649995803833,100,0.0,0.0
2022-08-31 00:00:00-04:00,10.0649995803833,10.0649995803833,10.0649995803833,10.0649995803833,0,0.0,0.0
2022-09-01 00:00:00-04:00,10.029999732971191,10.100000381469727,10.029999732971191,10.100000381469727,5700,0.0,0.0
2022-09-02 00:00:00-04:00,10.079999923706055,10.079999923706055,10.069999694824219,10.069999694824219,1800,0.0,0.0
2022-09-06 00:00:00-04:00,10.09000015258789,10.09000015258789,10.09000015258789,10.09000015258789,1400,0.0,0.0
2022-09-07 00:00:00-04:00,10.09000015258789,10.09000015258789,10.09000015258789,10.09000015258789,0,0.0,0.0
2022-09-08 00:00:00-04:00,10.100000381469727,10.119999885559082,10.071000099182129,10.100000381469727,8700,0.0,0.0
2022-09-09 00:00:00-04:00,10.069999694824219,10.069999694824219,10.069999694824219,10.069999694824219,1100,0.0,0.0
2022-09-12 00:00:00-04:00,10.069999694824219,10.069999694824219,10.069999694824219,10.069999694824219,0,0.0,0.0
2022-09-13 00:00:00-04:00,10.069999694824219,10.069999694824219,10.069999694824219,10.069999694824219,5600,0.0,0.0
2022-09-14 00:00:00-04:00,10.069999694824219,10.069999694824219,10.069999694824219,10.069999694824219,0,0.0,0.0
2022-09-15 00:00:00-04:00,10.069999694824219,10.071999549865723,10.069999694824219,10.069999694824219,1100,0.0,0.0
2022-09-16 00:00:00-04:00,10.069999694824219,10.069999694824219,10.069999694824219,10.069999694824219,0,0.0,0.0
2022-09-19 00:00:00-04:00,10.069999694824219,10.069999694824219,10.069999694824219,10.069999694824219,900,0.0,0.0
2022-09-20 00:00:00-04:00,10.0600004196167,10.0600004196167,10.0600004196167,10.0600004196167,600,0.0,0.0
2022-09-21 00:00:00-04:00,10.039999961853027,10.039999961853027,10.029999732971191,10.029999732971191,2600,0.0,0.0
2022-09-22 00:00:00-04:00,10.010000228881836,10.010000228881836,9.970000267028809,9.989999771118164,23100,0.0,0.0
2022-09-23 00:00:00-04:00,9.979999542236328,9.989999771118164,9.979999542236328,9.989999771118164,5900,0.0,0.0
2022-09-26 00:00:00-04:00,10.109999656677246,10.260000228881836,10.020000457763672,10.020000457763672,93200,0.0,0.0
2022-09-27 00:00:00-04:00,10.020000457763672,10.020000457763672,10.0,10.010000228881836,12800,0.0,0.0
2022-09-28 00:00:00-04:00,10.010000228881836,10.010000228881836,10.005999565124512,10.010000228881836,13200,0.0,0.0
2022-09-29 00:00:00-04:00,10.010000228881836,10.010000228881836,10.0,10.0,7500,0.0,0.0
2022-09-30 00:00:00-04:00,10.020000457763672,10.020000457763672,10.0,10.0,4100,0.0,0.0
2022-10-03 00:00:00-04:00,10.020000457763672,10.050000190734863,10.0,10.020000457763672,27500,0.0,0.0
2022-10-04 00:00:00-04:00,10.020000457763672,10.029999732971191,10.020000457763672,10.029999732971191,10200,0.0,0.0
2022-10-05 00:00:00-04:00,10.020000457763672,10.020000457763672,10.020000457763672,10.020000457763672,1700,0.0,0.0
2022-10-06 00:00:00-04:00,10.020000457763672,10.020000457763672,10.020000457763672,10.020000457763672,400,0.0,0.0
2022-10-07 00:00:00-04:00,10.020000457763672,10.020000457763672,10.010000228881836,10.020000457763672,2400,0.0,0.0
2022-10-10 00:00:00-04:00,10.010000228881836,10.010000228881836,10.010000228881836,10.010000228881836,200,0.0,0.0
2022-10-11 00:00:00-04:00,10.020000457763672,10.020000457763672,10.020000457763672,10.020000457763672,3000,0.0,0.0
2022-10-12 00:00:00-04:00,10.024999618530273,10.024999618530273,10.020000457763672,10.020000457763672,200,0.0,0.0
2022-10-13 00:00:00-04:00,10.020000457763672,10.020000457763672,10.020000457763672,10.020000457763672,1200,0.0,0.0
2022-10-14 00:00:00-04:00,10.020000457763672,10.020000457763672,10.020000457763672,10.020000457763672,300,0.0,0.0
2022-10-17 00:00:00-04:00,10.029999732971191,10.029999732971191,10.020000457763672,10.020000457763672,1200,0.0,0.0
2022-10-18 00:00:00-04:00,10.020000457763672,10.020000457763672,10.020000457763672,10.020000457763672,100,0.0,0.0
2022-10-19 00:00:00-04:00,10.020000457763672,10.020000457763672,10.020000457763672,10.020000457763672,0,0.0,0.0
2022-10-20 00:00:00-04:00,10.050000190734863,10.052000045776367,10.050000190734863,10.050000190734863,11600,0.0,0.0
2022-10-21 00:00:00-04:00,10.050000190734863,10.0600004196167,10.050000190734863,10.0600004196167,20900,0.0,0.0
2022-10-24 00:00:00-04:00,10.0600004196167,10.0600004196167,10.0600004196167,10.0600004196167,6700,0.0,0.0
2022-10-25 00:00:00-04:00,10.100000381469727,10.100000381469727,10.069999694824219,10.069999694824219,600,0.0,0.0
2022-10-26 00:00:00-04:00,10.069999694824219,10.09000015258789,10.069999694824219,10.09000015258789,41500,0.0,0.0
2022-10-27 00:00:00-04:00,10.0600004196167,10.09000015258789,10.0600004196167,10.09000015258789,8200,0.0,0.0
2022-10-28 00:00:00-04:00,10.09000015258789,10.09000015258789,10.09000015258789,10.09000015258789,0,0.0,0.0
2022-10-31 00:00:00-04:00,10.09000015258789,10.09000015258789,10.09000015258789,10.09000015258789,0,0.0,0.0
2022-11-01 00:00:00-04:00,10.0600004196167,10.069999694824219,10.0600004196167,10.0600004196167,8800,0.0,0.0
2022-11-02 00:00:00-04:00,10.09000015258789,10.09000015258789,10.079999923706055,10.079999923706055,1500,0.0,0.0
2022-11-03 00:00:00-04:00,10.079999923706055,10.079999923706055,10.079999923706055,10.079999923706055,0,0.0,0.0
2022-11-04 00:00:00-04:00,10.079999923706055,10.09000015258789,10.079999923706055,10.09000015258789,4300,0.0,0.0
2022-11-07 00:00:00-05:00,10.09000015258789,10.09000015258789,10.09000015258789,10.09000015258789,1400,0.0,0.0
2022-11-08 00:00:00-05:00,10.09000015258789,10.09000015258789,10.09000015258789,10.09000015258789,2300,0.0,0.0
2022-11-09 00:00:00-05:00,10.09000015258789,10.09000015258789,10.09000015258789,10.09000015258789,0,0.0,0.0
2022-11-10 00:00:00-05:00,10.09000015258789,10.09000015258789,10.079999923706055,10.079999923706055,2200,0.0,0.0
2022-11-11 00:00:00-05:00,10.079999923706055,10.079999923706055,10.079999923706055,10.079999923706055,1500,0.0,0.0
2022-11-14 00:00:00-05:00,10.09000015258789,10.09000015258789,10.09000015258789,10.09000015258789,100,0.0,0.0
2022-11-15 00:00:00-05:00,10.09000015258789,10.109999656677246,10.09000015258789,10.100000381469727,2700,0.0,0.0
2022-11-16 00:00:00-05:00,10.100000381469727,10.100000381469727,10.100000381469727,10.100000381469727,7600,0.0,0.0
2022-11-17 00:00:00-05:00,10.079999923706055,10.100000381469727,10.079999923706055,10.100000381469727,700,0.0,0.0
2022-11-18 00:00:00-05:00,10.097999572753906,10.109999656677246,10.097999572753906,10.109999656677246,1500,0.0,0.0
2022-11-21 00:00:00-05:00,10.109999656677246,10.109999656677246,10.109999656677246,10.109999656677246,100,0.0,0.0
2022-11-22 00:00:00-05:00,10.109999656677246,10.109999656677246,10.109999656677246,10.109999656677246,200,0.0,0.0
2022-11-23 00:00:00-05:00,10.109999656677246,10.119999885559082,10.109999656677246,10.119999885559082,3200,0.0,0.0
2022-11-25 00:00:00-05:00,10.130000114440918,10.130000114440918,10.130000114440918,10.130000114440918,8200,0.0,0.0
2022-11-28 00:00:00-05:00,10.109999656677246,10.130000114440918,10.109999656677246,10.119999885559082,5500,0.0,0.0
2022-11-29 00:00:00-05:00,10.119999885559082,10.119999885559082,10.119999885559082,10.119999885559082,0,0.0,0.0
2022-11-30 00:00:00-05:00,10.109999656677246,10.119999885559082,10.109999656677246,10.119999885559082,2500,0.0,0.0
2022-12-01 00:00:00-05:00,10.109999656677246,10.109999656677246,10.109999656677246,10.109999656677246,1700,0.0,0.0
2022-12-02 00:00:00-05:00,10.119999885559082,10.119999885559082,10.119999885559082,10.119999885559082,12800,0.0,0.0
2022-12-05 00:00:00-05:00,10.119999885559082,10.12399959564209,10.100000381469727,10.119999885559082,17500,0.0,0.0
2022-12-06 00:00:00-05:00,10.119999885559082,10.119999885559082,10.119999885559082,10.119999885559082,1800,0.0,0.0
2022-12-07 00:00:00-05:00,10.182999610900879,10.305000305175781,9.9399995803833,10.239999771118164,8500,0.0,0.0
2022-12-08 00:00:00-05:00,10.25,10.25,10.149999618530273,10.149999618530273,900,0.0,0.0
2022-12-09 00:00:00-05:00,10.149999618530273,10.149999618530273,10.149999618530273,10.149999618530273,0,0.0,0.0
2022-12-12 00:00:00-05:00,10.149999618530273,10.149999618530273,10.149999618530273,10.149999618530273,0,0.0,0.0
2022-12-13 00:00:00-05:00,10.100000381469727,10.100000381469727,10.100000381469727,10.100000381469727,44900,0.0,0.0
2022-12-14 00:00:00-05:00,10.100000381469727,10.100000381469727,10.100000381469727,10.100000381469727,100,0.0,0.0
2022-12-15 00:00:00-05:00,10.100000381469727,10.100000381469727,10.100000381469727,10.100000381469727,0,0.0,0.0
2022-12-16 00:00:00-05:00,10.100000381469727,10.100000381469727,10.100000381469727,10.100000381469727,0,0.0,0.0
2022-12-19 00:00:00-05:00,10.0600004196167,10.100000381469727,9.600000381469727,10.09000015258789,17700,0.0,0.0
2022-12-20 00:00:00-05:00,9.960000038146973,10.050000190734863,9.9399995803833,9.9399995803833,6000,0.0,0.0
2022-12-21 00:00:00-05:00,9.949999809265137,10.029999732971191,9.729999542236328,9.899999618530273,119700,0.0,0.0
2022-12-22 00:00:00-05:00,9.949999809265137,9.989999771118164,9.920000076293945,9.979999542236328,3900,0.0,0.0
2022-12-23 00:00:00-05:00,9.989999771118164,10.140000343322754,9.949999809265137,9.949999809265137,6500,0.0,0.0
2022-12-27 00:00:00-05:00,9.949999809265137,9.949999809265137,9.949999809265137,9.949999809265137,0,0.0,0.0
2022-12-28 00:00:00-05:00,9.920000076293945,9.920000076293945,9.920000076293945,9.920000076293945,1100,0.0,0.0
2022-12-29 00:00:00-05:00,9.970000267028809,9.979999542236328,9.970000267028809,9.979999542236328,500,0.0,0.0
2022-12-30 00:00:00-05:00,9.989999771118164,10.220000267028809,9.989999771118164,10.069999694824219,12000,0.0,0.0
2023-01-03 00:00:00-05:00,10.069999694824219,10.069999694824219,10.069999694824219,10.069999694824219,0,0.0,0.0
2023-01-04 00:00:00-05:00,10.069999694824219,10.069999694824219,10.069999694824219,10.069999694824219,0,0.0,0.0
2023-01-05 00:00:00-05:00,10.010000228881836,10.149999618530273,10.010000228881836,10.149999618530273,13700,0.0,0.0
2023-01-06 00:00:00-05:00,10.050000190734863,10.050000190734863,10.020000457763672,10.020000457763672,1100,0.0,0.0
2023-01-09 00:00:00-05:00,10.079999923706055,10.112000465393066,10.079999923706055,10.112000465393066,2100,0.0,0.0
2023-01-10 00:00:00-05:00,10.112000465393066,10.112000465393066,10.112000465393066,10.112000465393066,100,0.0,0.0
2023-01-11 00:00:00-05:00,10.112000465393066,10.112000465393066,10.112000465393066,10.112000465393066,100,0.0,0.0
2023-01-12 00:00:00-05:00,10.112000465393066,10.112000465393066,10.112000465393066,10.112000465393066,0,0.0,0.0
2023-01-13 00:00:00-05:00,10.112000465393066,10.112000465393066,10.112000465393066,10.112000465393066,0,0.0,0.0
2023-01-17 00:00:00-05:00,10.100000381469727,10.149999618530273,10.100000381469727,10.138999938964844,4300,0.0,0.0
2023-01-18 00:00:00-05:00,10.100000381469727,10.130000114440918,10.100000381469727,10.109999656677246,6200,0.0,0.0
2023-01-19 00:00:00-05:00,10.109999656677246,10.109999656677246,10.109999656677246,10.109999656677246,0,0.0,0.0
2023-01-20 00:00:00-05:00,10.109999656677246,10.109999656677246,10.109999656677246,10.109999656677246,0,0.0,0.0
2023-01-23 00:00:00-05:00,10.109999656677246,10.109999656677246,10.109999656677246,10.109999656677246,0,0.0,0.0
2023-01-24 00:00:00-05:00,10.109999656677246,10.109999656677246,10.109999656677246,10.109999656677246,0,0.0,0.0
2023-01-25 00:00:00-05:00,10.109999656677246,10.109999656677246,10.109999656677246,10.109999656677246,1000,0.0,0.0
2023-01-26 00:00:00-05:00,10.109999656677246,10.109999656677246,10.109999656677246,10.109999656677246,2700,0.0,0.0
2023-01-27 00:00:00-05:00,10.109999656677246,10.109999656677246,10.109999656677246,10.109999656677246,0,0.0,0.0
2023-01-30 00:00:00-05:00,10.119999885559082,10.119999885559082,10.119999885559082,10.119999885559082,100,0.0,0.0
2023-01-31 00:00:00-05:00,10.119999885559082,10.119999885559082,10.119999885559082,10.119999885559082,0,0.0,0.0
2023-02-01 00:00:00-05:00,10.130000114440918,10.130000114440918,10.130000114440918,10.130000114440918,200,0.0,0.0
2023-02-02 00:00:00-05:00,10.130000114440918,10.130000114440918,10.130000114440918,10.130000114440918,0,0.0,0.0
2023-02-03 00:00:00-05:00,10.140000343322754,10.140000343322754,10.140000343322754,10.140000343322754,300,0.0,0.0
2023-02-06 00:00:00-05:00,10.140000343322754,10.140000343322754,10.140000343322754,10.140000343322754,0,0.0,0.0
2023-02-07 00:00:00-05:00,10.140000343322754,10.140000343322754,10.140000343322754,10.140000343322754,400,0.0,0.0
2023-02-08 00:00:00-05:00,10.170000076293945,10.279999732971191,10.170000076293945,10.229999542236328,1700,0.0,0.0
2023-02-09 00:00:00-05:00,10.1899995803833,10.199999809265137,10.1899995803833,10.199999809265137,600,0.0,0.0
2023-02-10 00:00:00-05:00,10.199999809265137,10.199999809265137,10.199999809265137,10.199999809265137,400,0.0,0.0
2023-02-13 00:00:00-05:00,10.239999771118164,10.239999771118164,10.239999771118164,10.239999771118164,300,0.0,0.0
2023-02-14 00:00:00-05:00,10.180000305175781,10.199999809265137,10.149999618530273,10.180000305175781,18800,0.0,0.0
2023-02-15 00:00:00-05:00,10.1899995803833,10.239999771118164,10.149999618530273,10.15999984741211,35100,0.0,0.0
2023-02-16 00:00:00-05:00,10.199999809265137,10.210000038146973,10.1899995803833,10.199999809265137,4000,0.0,0.0
2023-02-17 00:00:00-05:00,10.199999809265137,10.21500015258789,10.180000305175781,10.199999809265137,5600,0.0,0.0
2023-02-21 00:00:00-05:00,10.199999809265137,10.199999809265137,10.199999809265137,10.199999809265137,0,0.0,0.0
2023-02-22 00:00:00-05:00,10.1899995803833,10.1899995803833,10.180000305175781,10.1899995803833,5300,0.0,0.0
2023-02-23 00:00:00-05:00,10.210000038146973,10.739999771118164,10.210000038146973,10.369999885559082,80400,0.0,0.0
2023-02-24 00:00:00-05:00,10.260000228881836,10.319999694824219,10.210000038146973,10.24899959564209,12900,0.0,0.0
2023-02-27 00:00:00-05:00,10.25,10.449999809265137,10.220000267028809,10.239999771118164,5200,0.0,0.0
2023-02-28 00:00:00-05:00,10.270000457763672,10.270000457763672,10.220000267028809,10.260000228881836,24600,0.0,0.0
2023-03-01 00:00:00-05:00,10.369999885559082,11.489999771118164,10.300000190734863,10.414999961853027,92900,0.0,0.0
2023-03-02 00:00:00-05:00,10.5,10.517000198364258,10.1899995803833,10.270000457763672,16700,0.0,0.0
2023-03-03 00:00:00-05:00,10.020000457763672,10.020000457763672,8.779999732971191,9.479999542236328,38900,0.0,0.0
2023-03-06 00:00:00-05:00,9.199999809265137,13.470000267028809,9.0,11.484000205993652,142800,0.0,0.0
2023-03-07 00:00:00-05:00,11.109999656677246,11.75,9.28499984741211,9.5,50800,0.0,0.0
2023-03-08 00:00:00-05:00,9.399999618530273,9.890000343322754,9.010000228881836,9.220000267028809,19500,0.0,0.0
2023-03-09 00:00:00-05:00,9.010000228881836,9.890000343322754,8.039999961853027,9.380000114440918,81900,0.0,0.0
2023-03-10 00:00:00-05:00,8.479999542236328,10.5,8.100000381469727,9.640000343322754,57400,0.0,0.0
2023-03-13 00:00:00-04:00,8.430000305175781,9.550000190734863,8.399999618530273,8.819999694824219,26600,0.0,0.0
2023-03-14 00:00:00-04:00,9.100000381469727,10.979999542236328,9.0,9.9399995803833,82400,0.0,0.0
2023-03-15 00:00:00-04:00,4.5,5.599999904632568,3.630000114440918,4.099999904632568,732700,0.0,0.0
2023-03-16 00:00:00-04:00,4.25,5.510000228881836,3.7699999809265137,4.070000171661377,1356400,0.0,0.0
2023-03-17 00:00:00-04:00,3.5899999141693115,3.700000047683716,2.575000047683716,2.680000066757202,401500,0.0,0.0
2023-03-20 00:00:00-04:00,2.1500000953674316,2.2200000286102295,1.8300000429153442,1.9500000476837158,368000,0.0,0.0
2023-03-21 00:00:00-04:00,1.9600000381469727,2.0399999618530273,1.7799999713897705,1.8300000429153442,278700,0.0,0.0
2023-03-22 00:00:00-04:00,1.75,1.7699999809265137,1.5800000429153442,1.7000000476837158,207500,0.0,0.0
2023-03-23 00:00:00-04:00,1.7699999809265137,2.5999999046325684,1.6799999475479126,1.899999976158142,6267300,0.0,0.0
2023-03-24 00:00:00-04:00,1.8200000524520874,1.940000057220459,1.7690000534057617,1.909999966621399,396500,0.0,0.0
2023-03-27 00:00:00-04:00,1.8700000047683716,1.940000057220459,1.6699999570846558,1.8200000524520874,250900,0.0,0.0
2023-03-28 00:00:00-04:00,1.7999999523162842,1.8049999475479126,1.6299999952316284,1.659999966621399,90400,0.0,0.0
2023-03-29 00:00:00-04:00,1.659999966621399,1.7000000476837158,1.5,1.5299999713897705,138800,0.0,0.0
2023-03-30 00:00:00-04:00,1.5299999713897705,1.6299999952316284,1.4600000381469727,1.5099999904632568,229500,0.0,0.0
2023-03-31 00:00:00-04:00,1.5499999523162842,2.049999952316284,1.4199999570846558,1.809999942779541,988500,0.0,0.0
2023-04-03 00:00:00-04:00,1.7599999904632568,2.0899999141693115,1.6799999475479126,1.9700000286102295,313800,0.0,0.0
2023-04-04 00:00:00-04:00,2.049999952316284,2.497999906539917,1.840000033378601,1.840000033378601,886600,0.0,0.0
2023-04-05 00:00:00-04:00,1.8700000047683716,1.9010000228881836,1.2999999523162842,1.5700000524520874,297800,0.0,0.0
2023-04-06 00:00:00-04:00,1.5299999713897705,1.6480000019073486,1.350000023841858,1.5,86100,0.0,0.0
2023-04-10 00:00:00-04:00,1.4800000190734863,1.4900000095367432,1.3600000143051147,1.440000057220459,103700,0.0,0.0
2023-04-11 00:00:00-04:00,1.4199999570846558,1.440000057220459,1.2100000381469727,1.3300000429153442,137300,0.0,0.0
2023-04-12 00:00:00-04:00,1.3600000143051147,1.6399999856948853,1.2899999618530273,1.600000023841858,4023600,0.0,0.0
2023-04-13 00:00:00-04:00,2.75,9.729999542236328,2.700000047683716,7.130000114440918,163777400,0.0,0.0
2023-04-14 00:00:00-04:00,18.75,21.0,11.5,13.850000381469727,38025200,0.0,0.0
2023-04-17 00:00:00-04:00,12.100000381469727,12.5,9.0,12.449999809265137,8132600,0.0,0.0
2023-04-18 00:00:00-04:00,11.180000305175781,12.960000038146973,10.199999809265137,10.199999809265137,4327100,0.0,0.0
2023-04-19 00:00:00-04:00,9.649999618530273,12.5,9.5600004196167,11.270000457763672,9592300,0.0,0.0
2023-04-20 00:00:00-04:00,11.199999809265137,12.449999809265137,10.420000076293945,10.770000457763672,3976000,0.0,0.0
2023-04-21 00:00:00-04:00,10.5,10.949999809265137,8.0,8.069999694824219,1392200,0.0,0.0
2023-04-24 00:00:00-04:00,8.0600004196167,8.75,6.261000156402588,6.289999961853027,1407800,0.0,0.0
2023-04-25 00:00:00-04:00,8.640000343322754,13.65999984741211,8.050000190734863,12.5,53815000,0.0,0.0
2023-04-26 00:00:00-04:00,11.520000457763672,11.600000381469727,9.010000228881836,9.270000457763672,6512300,0.0,0.0
2023-04-27 00:00:00-04:00,8.59000015258789,12.149999618530273,8.5600004196167,10.100000381469727,7425200,0.0,0.0
2023-04-28 00:00:00-04:00,10.880000114440918,17.639999389648438,10.100000381469727,12.59000015258789,15931500,0.0,0.0
2023-05-01 00:00:00-04:00,13.890000343322754,16.0,12.609999656677246,13.140000343322754,4487600,0.0,0.0
2023-05-02 00:00:00-04:00,13.949999809265137,14.989999771118164,12.251999855041504,13.279999732971191,1496400,0.0,0.0
2023-05-03 00:00:00-04:00,12.630000114440918,12.836000442504883,10.0,10.300000190734863,1196800,0.0,0.0
2023-05-04 00:00:00-04:00,11.199999809265137,12.140000343322754,10.399999618530273,10.680000305175781,994000,0.0,0.0
2023-05-05 00:00:00-04:00,10.800000190734863,10.800000190734863,10.0,10.470000267028809,662300,0.0,0.0
2023-05-08 00:00:00-04:00,10.65999984741211,11.197999954223633,9.199999809265137,9.520000457763672,837500,0.0,0.0
2023-05-09 00:00:00-04:00,9.619999885559082,9.720000267028809,8.90999984741211,9.149999618530273,361800,0.0,0.0
2023-05-10 00:00:00-04:00,8.850000381469727,9.0,7.900000095367432,8.270000457763672,414200,0.0,0.0
2023-05-11 00:00:00-04:00,8.369999885559082,8.369999885559082,7.75,7.929999828338623,234400,0.0,0.0
2023-05-12 00:00:00-04:00,8.140000343322754,8.600000381469727,7.25,8.550000190734863,443800,0.0,0.0
2023-05-15 00:00:00-04:00,8.100000381469727,9.279999732971191,7.729000091552734,8.609999656677246,919000,0.0,0.0
2023-05-16 00:00:00-04:00,8.649999618530273,8.850000381469727,7.821000099182129,8.130000114440918,283200,0.0,0.0
2023-05-17 00:00:00-04:00,7.96999979019165,8.199999809265137,7.050000190734863,7.170000076293945,528000,0.0,0.0
2023-05-18 00:00:00-04:00,7.400000095367432,8.100000381469727,7.239999771118164,7.360000133514404,771500,0.0,0.0
2023-05-19 00:00:00-04:00,7.150000095367432,7.360000133514404,7.010000228881836,7.199999809265137,252300,0.0,0.0
2023-05-22 00:00:00-04:00,7.239999771118164,8.220000267028809,6.829999923706055,7.559999942779541,777600,0.0,0.0
2023-05-23 00:00:00-04:00,7.599999904632568,7.889999866485596,7.079999923706055,7.260000228881836,264100,0.0,0.0
2023-05-24 00:00:00-04:00,7.059999942779541,7.21999979019165,6.800000190734863,6.96999979019165,233000,0.0,0.0
2023-05-25 00:00:00-04:00,7.179999828338623,7.328000068664551,6.329999923706055,6.599999904632568,480700,0.0,0.0
2023-05-26 00:00:00-04:00,6.460000038146973,7.760000228881836,6.369999885559082,7.289999961853027,859000,0.0,0.0
2023-05-30 00:00:00-04:00,7.510000228881836,11.970000267028809,7.179999828338623,11.199999809265137,5189000,0.0,0.0
2023-05-31 00:00:00-04:00,10.949999809265137,15.600000381469727,9.800000190734863,12.300000190734863,23129900,0.0,0.0
2023-06-01 00:00:00-04:00,11.210000038146973,12.739999771118164,10.600000381469727,10.789999961853027,2945200,0.0,0.0
2023-06-02 00:00:00-04:00,11.350000381469727,11.449999809265137,9.390000343322754,9.979999542236328,767100,0.0,0.0
2023-06-05 00:00:00-04:00,10.170000076293945,13.149999618530273,10.0,11.529999732971191,5943700,0.0,0.0
2023-06-06 00:00:00-04:00,11.069999694824219,12.25,10.510000228881836,11.800000190734863,2605100,0.0,0.0
2023-06-07 00:00:00-04:00,12.149999618530273,13.6899995803833,11.199999809265137,11.270000457763672,3135600,0.0,0.0
2023-06-08 00:00:00-04:00,11.199999809265137,11.789999961853027,10.640000343322754,11.140000343322754,805800,0.0,0.0
2023-06-09 00:00:00-04:00,11.380000114440918,12.0,10.800000190734863,11.359999656677246,1016000,0.0,0.0
2023-06-12 00:00:00-04:00,11.220000267028809,11.300000190734863,10.28499984741211,10.789999961853027,434800,0.0,0.0
2023-06-13 00:00:00-04:00,10.6899995803833,12.5,10.149999618530273,11.359999656677246,2519800,0.0,0.0
2023-06-14 00:00:00-04:00,11.0,11.600000381469727,10.5,10.600000381469727,847200,0.0,0.0
2023-06-15 00:00:00-04:00,10.600000381469727,12.130000114440918,10.503999710083008,11.239999771118164,1510600,0.0,0.0
2023-06-16 00:00:00-04:00,11.239999771118164,11.569999694824219,10.75,11.029999732971191,625800,0.0,0.0
2023-06-20 00:00:00-04:00,10.930000305175781,14.140000343322754,10.800000190734863,13.600000381469727,2728600,0.0,0.0
2023-06-21 00:00:00-04:00,13.180000305175781,13.489999771118164,10.949999809265137,11.899999618530273,1244800,0.0,0.0
2023-06-22 00:00:00-04:00,11.800000190734863,12.0,11.199999809265137,11.890000343322754,780600,0.0,0.0
2023-06-23 00:00:00-04:00,11.699999809265137,11.699999809265137,10.319999694824219,10.600000381469727,935300,0.0,0.0
2023-06-26 00:00:00-04:00,10.5600004196167,11.300000190734863,9.65999984741211,9.670000076293945,766800,0.0,0.0
2023-06-27 00:00:00-04:00,9.899999618530273,9.979999542236328,9.119000434875488,9.289999961853027,781000,0.0,0.0
2023-06-28 00:00:00-04:00,9.289999961853027,10.619999885559082,9.289999961853027,10.479999542236328,1055100,0.0,0.0
2023-06-29 00:00:00-04:00,10.15999984741211,10.699999809265137,9.90999984741211,10.449999809265137,390500,0.0,0.0
2023-06-30 00:00:00-04:00,10.5600004196167,11.25,10.420000076293945,10.920000076293945,575800,0.0,0.0
2023-07-03 00:00:00-04:00,11.0,11.0,10.399999618530273,10.579999923706055,228400,0.0,0.0
2023-07-05 00:00:00-04:00,10.579999923706055,11.3100004196167,10.420000076293945,10.609999656677246,639500,0.0,0.0
2023-07-06 00:00:00-04:00,10.460000038146973,10.520000457763672,9.880000114440918,10.510000228881836,303700,0.0,0.0
2023-07-07 00:00:00-04:00,10.300000190734863,10.529999732971191,9.779999732971191,10.229999542236328,518400,0.0,0.0
2023-07-10 00:00:00-04:00,9.850000381469727,9.949999809265137,9.149999618530273,9.550000190734863,617900,0.0,0.0
2023-07-11 00:00:00-04:00,9.609999656677246,10.199999809265137,9.5,9.579999923706055,475400,0.0,0.0
2023-07-12 00:00:00-04:00,9.8100004196167,9.8100004196167,9.229999542236328,9.609999656677246,289600,0.0,0.0
2023-07-13 00:00:00-04:00,9.539999961853027,10.09000015258789,9.449999809265137,9.65999984741211,373400,0.0,0.0
2023-07-14 00:00:00-04:00,9.699999809265137,9.699999809265137,8.140000343322754,8.1899995803833,937300,0.0,0.0
2023-07-17 00:00:00-04:00,8.40999984741211,8.789999961853027,8.225000381469727,8.539999961853027,362000,0.0,0.0
2023-07-18 00:00:00-04:00,8.5600004196167,8.5600004196167,7.650000095367432,7.985000133514404,770400,0.0,0.0
2023-07-19 00:00:00-04:00,8.149999618530273,8.1899995803833,7.590000152587891,7.650000095367432,424300,0.0,0.0
2023-07-20 00:00:00-04:00,7.539999961853027,7.75,6.869999885559082,7.059999942779541,716200,0.0,0.0
2023-07-21 00:00:00-04:00,7.210000038146973,8.199999809265137,7.130000114440918,7.210000038146973,1653500,0.0,0.0
2023-07-24 00:00:00-04:00,7.019999980926514,7.177999973297119,6.849999904632568,6.869999885559082,309800,0.0,0.0
2023-07-25 00:00:00-04:00,6.889999866485596,7.138000011444092,6.683000087738037,6.96999979019165,655100,0.0,0.0
2023-07-26 00:00:00-04:00,6.849999904632568,6.90500020980835,6.460000038146973,6.650000095367432,477900,0.0,0.0
2023-07-27 00:00:00-04:00,6.800000190734863,6.925000190734863,6.099999904632568,6.28000020980835,727000,0.0,0.0
2023-07-28 00:00:00-04:00,6.28000020980835,6.659999847412109,6.199999809265137,6.53000020980835,489500,0.0,0.0
2023-07-31 00:00:00-04:00,6.5,6.690000057220459,6.289999961853027,6.690000057220459,309800,0.0,0.0
2023-08-01 00:00:00-04:00,6.570000171661377,7.839000225067139,6.559999942779541,7.510000228881836,1389600,0.0,0.0
2023-08-02 00:00:00-04:00,7.21999979019165,7.400000095367432,6.75,7.130000114440918,410800,0.0,0.0
2023-08-03 00:00:00-04:00,7.019999980926514,8.079999923706055,7.0,7.650000095367432,655700,0.0,0.0
2023-08-04 00:00:00-04:00,7.820000171661377,7.849999904632568,7.210000038146973,7.320000171661377,318000,0.0,0.0
2023-08-07 00:00:00-04:00,7.269999980926514,7.269999980926514,6.550000190734863,6.769999980926514,318600,0.0,0.0
2023-08-08 00:00:00-04:00,6.659999847412109,6.699999809265137,6.369999885559082,6.480000019073486,157700,0.0,0.0
2023-08-09 00:00:00-04:00,6.53000020980835,6.590000152587891,6.230000019073486,6.309999942779541,141300,0.0,0.0
2023-08-10 00:00:00-04:00,6.320000171661377,6.909999847412109,6.320000171661377,6.75,228900,0.0,0.0
2023-08-11 00:00:00-04:00,6.5,6.920000076293945,6.5,6.650000095367432,176100,0.0,0.0
2023-08-14 00:00:00-04:00,6.630000114440918,6.630000114440918,6.070000171661377,6.130000114440918,217800,0.0,0.0
2023-08-15 00:00:00-04:00,6.289999961853027,6.489999771118164,6.079999923706055,6.079999923706055,212200,0.0,0.0
2023-08-16 00:00:00-04:00,6.019999980926514,6.099999904632568,4.900000095367432,4.960000038146973,397700,0.0,0.0
2023-08-17 00:00:00-04:00,5.0,5.010000228881836,4.309999942779541,4.340000152587891,326700,0.0,0.0
2023-08-18 00:00:00-04:00,4.199999809265137,4.320000171661377,4.059999942779541,4.110000133514404,173800,0.0,0.0
2023-08-21 00:00:00-04:00,4.150000095367432,4.789999961853027,4.0,4.679999828338623,260100,0.0,0.0
2023-08-22 00:00:00-04:00,4.760000228881836,4.769999980926514,4.449999809265137,4.679999828338623,183700,0.0,0.0
2023-08-23 00:00:00-04:00,4.53000020980835,4.788000106811523,4.380000114440918,4.670000076293945,213300,0.0,0.0
2023-08-24 00:00:00-04:00,4.78000020980835,4.78000020980835,4.329999923706055,4.400000095367432,157900,0.0,0.0
2023-08-25 00:00:00-04:00,4.409999847412109,4.460000038146973,4.168000221252441,4.429999828338623,111800,0.0,0.0
2023-08-28 00:00:00-04:00,4.400000095367432,4.690000057220459,4.360000133514404,4.590000152587891,118500,0.0,0.0
2023-08-29 00:00:00-04:00,4.5,4.929999828338623,4.409999847412109,4.699999809265137,134200,0.0,0.0
2023-08-30 00:00:00-04:00,4.75,4.900000095367432,4.449999809265137,4.5,144100,0.0,0.0
2023-08-31 00:00:00-04:00,4.389999866485596,4.427999973297119,3.880000114440918,3.9700000286102295,372600,0.0,0.0
2023-09-01 00:00:00-04:00,3.9700000286102295,3.9700000286102295,2.9200000762939453,3.1500000953674316,1214100,0.0,0.0
2023-09-05 00:00:00-04:00,3.109999895095825,5.690000057220459,3.0999999046325684,4.809999942779541,11513600,0.0,0.0
2023-09-06 00:00:00-04:00,4.570000171661377,4.659999847412109,3.5799999237060547,3.75,1820800,0.0,0.0
2023-09-07 00:00:00-04:00,3.6500000953674316,3.7100000381469727,3.319999933242798,3.490000009536743,423400,0.0,0.0
2023-09-08 00:00:00-04:00,3.4100000858306885,3.609999895095825,3.25,3.2799999713897705,411800,0.0,0.0
2023-09-11 00:00:00-04:00,2.880000114440918,2.881999969482422,2.240000009536743,2.319999933242798,2908100,0.0,0.0
2023-09-12 00:00:00-04:00,1.9700000286102295,1.9800000190734863,1.75,1.8300000429153442,3666800,0.0,0.0
2023-09-13 00:00:00-04:00,1.909999966621399,2.259999990463257,1.8899999856948853,1.9600000381469727,5587700,0.0,0.0
2023-09-14 00:00:00-04:00,1.899999976158142,2.0199999809265137,1.7000000476837158,1.909999966621399,1400500,0.0,0.0
2023-09-15 00:00:00-04:00,1.899999976158142,1.899999976158142,1.7699999809265137,1.8300000429153442,936100,0.0,0.0
2023-09-18 00:00:00-04:00,1.7699999809265137,1.850000023841858,1.7000000476837158,1.7200000286102295,901800,0.0,0.0
2023-09-19 00:00:00-04:00,1.6799999475479126,1.7799999713897705,1.6200000047683716,1.6799999475479126,766100,0.0,0.0
2023-09-20 00:00:00-04:00,1.690000057220459,1.75,1.649999976158142,1.6799999475479126,430700,0.0,0.0
2023-09-21 00:00:00-04:00,1.659999966621399,1.7100000381469727,1.559999942779541,1.590000033378601,587000,0.0,0.0
2023-09-22 00:00:00-04:00,1.6299999952316284,1.7200000286102295,1.5099999904632568,1.5499999523162842,1005900,0.0,0.0
2023-09-25 00:00:00-04:00,1.5299999713897705,1.7100000381469727,1.5199999809265137,1.590000033378601,631600,0.0,0.0
2023-09-26 00:00:00-04:00,1.5299999713897705,1.5679999589920044,1.2899999618530273,1.4950000047683716,712000,0.0,0.0
2023-09-27 00:00:00-04:00,1.590000033378601,1.590000033378601,1.4800000190734863,1.5499999523162842,805200,0.0,0.0
2023-09-28 00:00:00-04:00,1.7000000476837158,1.8049999475479126,1.5210000276565552,1.690000057220459,2055800,0.0,0.0
2023-09-29 00:00:00-04:00,1.6299999952316284,1.8700000047683716,1.6299999952316284,1.809999942779541,1135400,0.0,0.0
2023-10-02 00:00:00-04:00,1.899999976158142,1.9700000286102295,1.690000057220459,1.7999999523162842,964200,0.0,0.0
2023-10-03 00:00:00-04:00,1.7899999618530273,1.8300000429153442,1.7200000286102295,1.7300000190734863,444300,0.0,0.0
2023-10-04 00:00:00-04:00,1.7200000286102295,1.7899999618530273,1.659999966621399,1.690000057220459,330900,0.0,0.0
2023-10-05 00:00:00-04:00,1.7200000286102295,1.7699999809265137,1.649999976158142,1.7699999809265137,325000,0.0,0.0
2023-10-06 00:00:00-04:00,1.75,1.809999942779541,1.6299999952316284,1.6799999475479126,586400,0.0,0.0
2023-10-09 00:00:00-04:00,1.6799999475479126,1.7699999809265137,1.590000033378601,1.6299999952316284,290400,0.0,0.0
2023-10-10 00:00:00-04:00,1.649999976158142,1.6699999570846558,1.6050000190734863,1.6299999952316284,250600,0.0,0.0
2023-10-11 00:00:00-04:00,1.6299999952316284,1.6699999570846558,1.5299999713897705,1.5399999618530273,393300,0.0,0.0
2023-10-12 00:00:00-04:00,1.5399999618530273,1.590000033378601,1.4600000381469727,1.5,238500,0.0,0.0
2023-10-13 00:00:00-04:00,1.5499999523162842,1.5800000429153442,1.4800000190734863,1.5700000524520874,329800,0.0,0.0
2023-10-16 00:00:00-04:00,1.5800000429153442,1.6799999475479126,1.5299999713897705,1.6399999856948853,359800,0.0,0.0
2023-10-17 00:00:00-04:00,1.6200000047683716,1.649999976158142,1.600000023841858,1.6100000143051147,141400,0.0,0.0
2023-10-18 00:00:00-04:00,1.6200000047683716,1.6200000047683716,1.5299999713897705,1.5299999713897705,253900,0.0,0.0
2023-10-19 00:00:00-04:00,1.5299999713897705,1.559999942779541,1.350000023841858,1.3799999952316284,461600,0.0,0.0
2023-10-20 00:00:00-04:00,1.3799999952316284,1.4199999570846558,1.2999999523162842,1.3350000381469727,264100,0.0,0.0
2023-10-23 00:00:00-04:00,1.3600000143051147,1.409999966621399,1.2999999523162842,1.309999942779541,242400,0.0,0.0
2023-10-24 00:00:00-04:00,1.350000023841858,1.4199999570846558,1.3309999704360962,1.3700000047683716,215500,0.0,0.0
2023-10-25 00:00:00-04:00,1.3899999856948853,1.468999981880188,1.340000033378601,1.350000023841858,266900,0.0,0.0
2023-10-26 00:00:00-04:00,1.350000023841858,1.3600000143051147,1.25,1.2699999809265137,334200,0.0,0.0
2023-10-27 00:00:00-04:00,1.2999999523162842,1.2999999523162842,1.2000000476837158,1.2200000286102295,297500,0.0,0.0
2023-10-30 00:00:00-04:00,1.2200000286102295,1.2599999904632568,1.1699999570846558,1.2300000190734863,266200,0.0,0.0
2023-10-31 00:00:00-04:00,1.2000000476837158,1.25600004196167,1.1799999475479126,1.2300000190734863,275400,0.0,0.0
2023-11-01 00:00:00-04:00,1.2000000476837158,1.2400000095367432,1.1799999475479126,1.2100000381469727,231700,0.0,0.0
2023-11-02 00:00:00-04:00,1.2200000286102295,1.4500000476837158,1.2200000286102295,1.3799999952316284,897200,0.0,0.0
2023-11-03 00:00:00-04:00,1.399999976158142,1.6699999570846558,1.3799999952316284,1.5700000524520874,1081500,0.0,0.0
2023-11-06 00:00:00-05:00,1.6100000143051147,1.6399999856948853,1.350000023841858,1.3899999856948853,847800,0.0,0.0
2023-11-07 00:00:00-05:00,1.4600000381469727,1.4600000381469727,1.3200000524520874,1.3799999952316284,336000,0.0,0.0
2023-11-08 00:00:00-05:00,1.3899999856948853,1.3899999856948853,1.2599999904632568,1.2949999570846558,351900,0.0,0.0
2023-11-09 00:00:00-05:00,1.309999942779541,1.3300000429153442,1.2319999933242798,1.25,227500,0.0,0.0
2023-11-10 00:00:00-05:00,1.25,1.3600000143051147,1.2000000476837158,1.3600000143051147,451100,0.0,0.0
2023-11-13 00:00:00-05:00,1.4299999475479126,1.5199999809265137,1.3300000429153442,1.4800000190734863,673200,0.0,0.0
2023-11-14 00:00:00-05:00,1.600000023841858,1.6089999675750732,1.399999976158142,1.399999976158142,1019100,0.0,0.0
2023-11-15 00:00:00-05:00,1.649999976158142,1.649999976158142,1.4299999475479126,1.4700000286102295,1065600,0.0,0.0
2023-11-16 00:00:00-05:00,1.5299999713897705,1.5299999713897705,1.309999942779541,1.3600000143051147,372600,0.0,0.0
2023-11-17 00:00:00-05:00,1.3899999856948853,1.3899999856948853,1.25,1.3600000143051147,369000,0.0,0.0
2023-11-20 00:00:00-05:00,1.399999976158142,1.5449999570846558,1.3700000047683716,1.5099999904632568,562400,0.0,0.0
2023-11-21 00:00:00-05:00,1.4700000286102295,1.4850000143051147,1.409999966621399,1.4600000381469727,162800,0.0,0.0
2023-11-22 00:00:00-05:00,1.5,1.5299999713897705,1.38100004196167,1.409999966621399,279800,0.0,0.0
2023-11-24 00:00:00-05:00,1.399999976158142,1.4199999570846558,1.350000023841858,1.3700000047683716,111800,0.0,0.0
2023-11-27 00:00:00-05:00,1.3899999856948853,1.409999966621399,1.350000023841858,1.3700000047683716,165000,0.0,0.0
2023-11-28 00:00:00-05:00,1.340000033378601,1.4320000410079956,1.340000033378601,1.3600000143051147,186600,0.0,0.0
2023-11-29 00:00:00-05:00,1.3899999856948853,1.440000057220459,1.3600000143051147,1.3600000143051147,277800,0.0,0.0
2023-11-30 00:00:00-05:00,1.3600000143051147,1.399999976158142,1.350000023841858,1.3700000047683716,211600,0.0,0.0
2023-12-01 00:00:00-05:00,1.3700000047683716,1.5470000505447388,1.350000023841858,1.4900000095367432,349400,0.0,0.0
2023-12-04 00:00:00-05:00,1.4600000381469727,1.5399999618530273,1.4500000476837158,1.5,317600,0.0,0.0
2023-12-05 00:00:00-05:00,1.5099999904632568,1.590000033378601,1.4500000476837158,1.4600000381469727,244200,0.0,0.0
2023-12-06 00:00:00-05:00,1.5,1.5,1.3899999856948853,1.4299999475479126,214300,0.0,0.0
2023-12-07 00:00:00-05:00,1.4500000476837158,1.4700000286102295,1.3700000047683716,1.4199999570846558,165100,0.0,0.0
2023-12-08 00:00:00-05:00,1.409999966621399,1.440000057220459,1.3799999952316284,1.399999976158142,123200,0.0,0.0
2023-12-11 00:00:00-05:00,1.4500000476837158,1.5,1.3600000143051147,1.4299999475479126,489300,0.0,0.0
2023-12-12 00:00:00-05:00,1.4199999570846558,1.440000057220459,1.3600000143051147,1.440000057220459,163100,0.0,0.0
2023-12-13 00:00:00-05:00,1.4500000476837158,1.4500000476837158,1.3700000047683716,1.3799999952316284,143400,0.0,0.0
2023-12-14 00:00:00-05:00,1.3899999856948853,1.4900000095367432,1.3899999856948853,1.409999966621399,328700,0.0,0.0
2023-12-15 00:00:00-05:00,1.4199999570846558,1.440000057220459,1.2300000190734863,1.2999999523162842,618300,0.0,0.0
2023-12-18 00:00:00-05:00,1.340000033378601,1.350000023841858,1.2799999713897705,1.2899999618530273,371000,0.0,0.0
2023-12-19 00:00:00-05:00,1.2899999618530273,1.3600000143051147,1.2899999618530273,1.3200000524520874,245200,0.0,0.0
2023-12-20 00:00:00-05:00,1.309999942779541,1.3600000143051147,1.25,1.2899999618530273,434800,0.0,0.0
2023-12-21 00:00:00-05:00,1.2999999523162842,1.3300000429153442,1.25,1.2899999618530273,186900,0.0,0.0
2023-12-22 00:00:00-05:00,1.2699999809265137,1.3700000047683716,1.2699999809265137,1.350000023841858,274900,0.0,0.0
2023-12-26 00:00:00-05:00,1.340000033378601,1.4299999475479126,1.309999942779541,1.3700000047683716,304300,0.0,0.0
2023-12-27 00:00:00-05:00,1.399999976158142,1.409999966621399,1.3200000524520874,1.340000033378601,233400,0.0,0.0
2023-12-28 00:00:00-05:00,1.340000033378601,1.3899999856948853,1.3300000429153442,1.3600000143051147,234300,0.0,0.0
2023-12-29 00:00:00-05:00,1.340000033378601,1.3799999952316284,1.2899999618530273,1.2899999618530273,403300,0.0,0.0
2024-01-02 00:00:00-05:00,1.340000033378601,1.340000033378601,1.2300000190734863,1.25,540600,0.0,0.0
2024-01-03 00:00:00-05:00,1.2400000095367432,1.2599999904632568,1.1699999570846558,1.2000000476837158,388400,0.0,0.0
2024-01-04 00:00:00-05:00,1.2100000381469727,1.2300000190734863,1.1799999475479126,1.2000000476837158,212900,0.0,0.0
2024-01-05 00:00:00-05:00,1.2000000476837158,1.2400000095367432,1.1950000524520874,1.2100000381469727,126100,0.0,0.0
2024-01-08 00:00:00-05:00,1.2100000381469727,1.2309999465942383,1.1200000047683716,1.190000057220459,618300,0.0,0.0
2024-01-09 00:00:00-05:00,1.190000057220459,1.2300000190734863,1.159999966621399,1.2200000286102295,188500,0.0,0.0
2024-01-10 00:00:00-05:00,1.2200000286102295,1.2599999904632568,1.2000000476837158,1.25,189900,0.0,0.0
2024-01-11 00:00:00-05:00,1.25,1.25,1.1699999570846558,1.2100000381469727,172400,0.0,0.0
2024-01-12 00:00:00-05:00,1.2200000286102295,1.2410000562667847,1.149999976158142,1.1799999475479126,115100,0.0,0.0
2024-01-16 00:00:00-05:00,1.159999966621399,1.1699999570846558,1.059999942779541,1.0800000429153442,339300,0.0,0.0
2024-01-17 00:00:00-05:00,1.0499999523162842,1.0700000524520874,1.0299999713897705,1.059999942779541,141900,0.0,0.0
2024-01-18 00:00:00-05:00,1.090000033378601,1.090000033378601,1.0399999618530273,1.0399999618530273,104700,0.0,0.0
2024-01-19 00:00:00-05:00,1.0700000524520874,1.149999976158142,1.0299999713897705,1.1399999856948853,211600,0.0,0.0
2024-01-22 00:00:00-05:00,1.1200000047683716,1.6200000047683716,1.1119999885559082,1.3799999952316284,5709100,0.0,0.0
2024-01-23 00:00:00-05:00,1.4299999475479126,1.7000000476837158,1.2200000286102295,1.3200000524520874,2322300,0.0,0.0
2024-01-24 00:00:00-05:00,1.3700000047683716,1.3700000047683716,1.2300000190734863,1.25,566900,0.0,0.0
2024-01-25 00:00:00-05:00,1.2899999618530273,1.3200000524520874,1.1449999809265137,1.1699999570846558,388100,0.0,0.0
2024-01-26 00:00:00-05:00,1.159999966621399,1.2799999713897705,1.159999966621399,1.2200000286102295,267300,0.0,0.0
2024-01-29 00:00:00-05:00,1.2400000095367432,1.3200000524520874,1.2000000476837158,1.2200000286102295,542500,0.0,0.0
2024-01-30 00:00:00-05:00,1.2100000381469727,1.2699999809265137,1.1699999570846558,1.2100000381469727,238300,0.0,0.0
2024-01-31 00:00:00-05:00,1.2200000286102295,1.2200000286102295,1.0800000429153442,1.1200000047683716,449800,0.0,0.0
2024-02-01 00:00:00-05:00,1.159999966621399,1.1799999475479126,1.1100000143051147,1.149999976158142,196900,0.0,0.0
2024-02-02 00:00:00-05:00,1.1299999952316284,1.1699999570846558,1.1130000352859497,1.1299999952316284,198600,0.0,0.0
2024-02-05 00:00:00-05:00,1.1399999856948853,1.2000000476837158,1.100000023841858,1.190000057220459,371700,0.0,0.0
2024-02-06 00:00:00-05:00,1.1799999475479126,1.2599999904632568,1.125,1.2050000429153442,393700,0.0,0.0
2024-02-07 00:00:00-05:00,1.2200000286102295,1.2300000190734863,1.149999976158142,1.2000000476837158,151900,0.0,0.0
2024-02-08 00:00:00-05:00,1.2300000190734863,1.2799999713897705,1.2200000286102295,1.25,415400,0.0,0.0
2024-02-09 00:00:00-05:00,1.2999999523162842,1.4700000286102295,1.2699999809265137,1.2999999523162842,1063200,0.0,0.0
2024-02-12 00:00:00-05:00,1.2999999523162842,1.4500000476837158,1.2999999523162842,1.3300000429153442,510900,0.0,0.0
2024-02-13 00:00:00-05:00,1.2699999809265137,1.3300000429153442,1.2200000286102295,1.2799999713897705,288700,0.0,0.0
2024-02-14 00:00:00-05:00,1.2999999523162842,1.3799999952316284,1.2699999809265137,1.3600000143051147,317600,0.0,0.0
2024-02-15 00:00:00-05:00,1.5099999904632568,1.656999945640564,1.399999976158142,1.5499999523162842,2160000,0.0,0.0
2024-02-16 00:00:00-05:00,1.6299999952316284,1.7899999618530273,1.4500000476837158,1.5399999618530273,1894200,0.0,0.0
2024-02-20 00:00:00-05:00,1.4700000286102295,1.5199999809265137,1.350000023841858,1.4800000190734863,473200,0.0,0.0
2024-02-21 00:00:00-05:00,1.409999966621399,1.4470000267028809,1.3600000143051147,1.3799999952316284,201600,0.0,0.0
2024-02-22 00:00:00-05:00,1.409999966621399,1.4589999914169312,1.3200000524520874,1.340000033378601,376700,0.0,0.0
2024-02-23 00:00:00-05:00,1.3200000524520874,1.3359999656677246,1.2000000476837158,1.274999976158142,353900,0.0,0.0
2024-02-26 00:00:00-05:00,1.2699999809265137,1.6299999952316284,1.2699999809265137,1.5499999523162842,1344400,0.0,0.0
2024-02-27 00:00:00-05:00,1.6699999570846558,3.450000047683716,1.5299999713897705,2.819999933242798,100179100,0.0,0.0
2024-02-28 00:00:00-05:00,2.799999952316284,2.9000000953674316,2.309999942779541,2.369999885559082,7942100,0.0,0.0
2024-02-29 00:00:00-05:00,2.4700000286102295,3.450000047683716,2.369999885559082,2.9800000190734863,19911800,0.0,0.0
2024-03-01 00:00:00-05:00,2.7200000286102295,3.450000047683716,2.609999895095825,2.819999933242798,6511800,0.0,0.0
2024-03-04 00:00:00-05:00,2.9600000381469727,3.2699999809265137,2.3499999046325684,2.5399999618530273,5532200,0.0,0.0
2024-03-05 00:00:00-05:00,2.5899999141693115,2.5999999046325684,1.909999966621399,2.109999895095825,2648900,0.0,0.0
2024-03-06 00:00:00-05:00,2.0899999141693115,2.3499999046325684,1.9600000381469727,2.130000114440918,2305300,0.0,0.0
2024-03-07 00:00:00-05:00,2.109999895095825,2.299999952316284,2.059999942779541,2.119999885559082,1362600,0.0,0.0
2024-03-08 00:00:00-05:00,2.190000057220459,2.305000066757202,1.75,1.8799999952316284,1961300,0.0,0.0
2024-03-11 00:00:00-04:00,1.850000023841858,1.9700000286102295,1.7799999713897705,1.9299999475479126,689000,0.0,0.0
2024-03-12 00:00:00-04:00,1.9800000190734863,2.0899999141693115,1.8300000429153442,2.0299999713897705,961800,0.0,0.0
2024-03-13 00:00:00-04:00,2.259999990463257,3.3299999237060547,2.1700000762939453,3.240000009536743,25039200,0.0,0.0
2024-03-14 00:00:00-04:00,3.0899999141693115,3.109999895095825,2.4700000286102295,2.6549999713897705,5418900,0.0,0.0
2024-03-15 00:00:00-04:00,2.690000057220459,3.309999942779541,2.6600000858306885,2.9100000858306885,6116400,0.0,0.0
2024-03-18 00:00:00-04:00,3.0,3.0,2.6600000858306885,2.8299999237060547,2068600,0.0,0.0
2024-03-19 00:00:00-04:00,2.700000047683716,2.7699999809265137,2.2200000286102295,2.569999933242798,1812700,0.0,0.0
2024-03-20 00:00:00-04:00,2.609999895095825,2.9600000381469727,2.4800000190734863,2.809999942779541,1568700,0.0,0.0
2024-03-21 00:00:00-04:00,2.880000114440918,2.9600000381469727,2.4200000762939453,2.4800000190734863,1822900,0.0,0.0
2024-03-22 00:00:00-04:00,2.430000066757202,2.5250000953674316,2.3299999237060547,2.390000104904175,649700,0.0,0.0
2024-03-25 00:00:00-04:00,2.359999895095825,2.440000057220459,2.309999942779541,2.3399999141693115,839100,0.0,0.0
2024-03-26 00:00:00-04:00,2.3499999046325684,2.382999897003174,2.2200000286102295,2.299999952316284,384300,0.0,0.0
2024-03-27 00:00:00-04:00,2.299999952316284,2.4700000286102295,2.1500000953674316,2.380000114440918,796400,0.0,0.0
2024-03-28 00:00:00-04:00,2.430000066757202,2.634999990463257,2.390000104904175,2.450000047683716,894000,0.0,0.0
2024-04-01 00:00:00-04:00,3.7799999713897705,7.070000171661377,3.5299999713897705,6.150000095367432,239762100,0.0,0.0
2024-04-02 00:00:00-04:00,4.889999866485596,5.159999847412109,4.110000133514404,4.480000019073486,18410900,0.0,0.0
2024-04-03 00:00:00-04:00,4.75,5.610000133514404,4.730000019073486,4.940000057220459,30724800,0.0,0.0
2024-04-04 00:00:00-04:00,4.889999866485596,5.150000095367432,4.308000087738037,4.690000057220459,6150100,0.0,0.0
2024-04-05 00:00:00-04:00,4.610000133514404,5.400000095367432,4.610000133514404,4.949999809265137,7390000,0.0,0.0
2024-04-08 00:00:00-04:00,5.0,6.579999923706055,4.949999809265137,5.510000228881836,24307800,0.0,0.0
2024-04-09 00:00:00-04:00,5.480000019073486,5.739999771118164,4.75,4.840000152587891,7364400,0.0,0.0
2024-04-10 00:00:00-04:00,4.679999828338623,5.15500020980835,4.511000156402588,4.730000019073486,3369100,0.0,0.0
2024-04-11 00:00:00-04:00,4.650000095367432,4.828000068664551,4.21999979019165,4.329999923706055,2740000,0.0,0.0
2024-04-12 00:00:00-04:00,4.21999979019165,4.420000076293945,3.940000057220459,4.389999866485596,1980600,0.0,0.0
2024-04-15 00:00:00-04:00,4.28000020980835,4.579999923706055,4.099999904632568,4.230000019073486,1757800,0.0,0.0
2024-04-16 00:00:00-04:00,3.990000009536743,4.150000095367432,3.799999952316284,3.9100000858306885,3416800,0.0,0.0
2024-04-17 00:00:00-04:00,5.190000057220459,5.429999828338623,4.079999923706055,4.199999809265137,23233800,0.0,0.0
2024-04-18 00:00:00-04:00,4.079999923706055,4.110000133514404,3.1050000190734863,3.1700000762939453,4860100,0.0,0.0
2024-04-19 00:00:00-04:00,3.1700000762939453,3.630000114440918,3.1500000953674316,3.4800000190734863,2809800,0.0,0.0
2024-04-22 00:00:00-04:00,3.490000009536743,3.680000066757202,3.390000104904175,3.619999885559082,1428400,0.0,0.0
2024-04-23 00:00:00-04:00,3.559999942779541,3.640000104904175,3.4200000762939453,3.5199999809265137,1171900,0.0,0.0
2024-04-24 00:00:00-04:00,3.5999999046325684,3.609999895095825,3.3399999141693115,3.4800000190734863,879200,0.0,0.0
2024-04-25 00:00:00-04:00,3.440000057220459,3.5,3.1600000858306885,3.2100000381469727,930600,0.0,0.0
2024-04-26 00:00:00-04:00,3.259999990463257,3.75,3.2200000286102295,3.690000057220459,1972600,0.0,0.0
2024-04-29 00:00:00-04:00,3.6500000953674316,3.7799999713897705,3.4110000133514404,3.509999990463257,880800,0.0,0.0
2024-04-30 00:00:00-04:00,3.440000057220459,3.559999942779541,3.3399999141693115,3.359999895095825,582800,0.0,0.0
2024-05-01 00:00:00-04:00,3.319999933242798,3.634999990463257,3.25,3.369999885559082,1268600,0.0,0.0
2024-05-02 00:00:00-04:00,3.430000066757202,3.559999942779541,3.309999942779541,3.440000057220459,627400,0.0,0.0
2024-05-03 00:00:00-04:00,3.5299999713897705,3.5299999713897705,3.319999933242798,3.369999885559082,541600,0.0,0.0
2024-05-06 00:00:00-04:00,3.4000000953674316,4.059999942779541,3.4000000953674316,3.7799999713897705,2293400,0.0,0.0
2024-05-07 00:00:00-04:00,3.8499999046325684,3.9000000953674316,3.4100000858306885,3.559999942779541,1045900,0.0,0.0
2024-05-08 00:00:00-04:00,3.5799999237060547,3.5999999046325684,3.4200000762939453,3.5199999809265137,369400,0.0,0.0
2024-05-09 00:00:00-04:00,3.490000009536743,3.5999999046325684,3.4100000858306885,3.4700000286102295,437200,0.0,0.0
2024-05-10 00:00:00-04:00,3.5,3.819000005722046,3.4700000286102295,3.5399999618530273,1033400,0.0,0.0
2024-05-13 00:00:00-04:00,3.549999952316284,3.680000066757202,3.2699999809265137,3.3499999046325684,1139700,0.0,0.0
2024-05-14 00:00:00-04:00,3.2799999713897705,3.380000114440918,3.174999952316284,3.259999990463257,1088500,0.0,0.0
2024-05-15 00:00:00-04:00,3.259999990463257,3.3499999046325684,3.109999895095825,3.3299999237060547,772000,0.0,0.0
2024-05-16 00:00:00-04:00,3.2899999618530273,3.319999933242798,3.200000047683716,3.200000047683716,449800,0.0,0.0
2024-05-17 00:00:00-04:00,3.1700000762939453,3.200000047683716,2.9549999237060547,3.059999942779541,1020500,0.0,0.0
2024-05-20 00:00:00-04:00,3.0799999237060547,3.299999952316284,2.984999895095825,3.259999990463257,658500,0.0,0.0
2024-05-21 00:00:00-04:00,3.3299999237060547,3.377000093460083,3.0999999046325684,3.140000104904175,868400,0.0,0.0
2024-05-22 00:00:00-04:00,3.1500000953674316,3.2909998893737793,3.0899999141693115,3.259999990463257,665600,0.0,0.0
2024-05-23 00:00:00-04:00,3.4700000286102295,3.4700000286102295,3.180000066757202,3.299999952316284,2773200,0.0,0.0
2024-05-24 00:00:00-04:00,3.1600000858306885,3.190000057220459,2.75,2.884999990463257,2767500,0.0,0.0
2024-05-28 00:00:00-04:00,2.9000000953674316,2.9100000858306885,2.619999885559082,2.700000047683716,1092500,0.0,0.0
2024-05-29 00:00:00-04:00,2.549999952316284,2.559999942779541,2.0199999809265137,2.2799999713897705,1705200,0.0,0.0
2024-05-30 00:00:00-04:00,2.2899999618530273,2.3959999084472656,2.2100000381469727,2.380000114440918,961900,0.0,0.0
2024-05-31 00:00:00-04:00,2.3299999237060547,2.4700000286102295,2.309999942779541,2.359999895095825,448200,0.0,0.0
2024-06-03 00:00:00-04:00,2.3399999141693115,2.690000057220459,2.299999952316284,2.6700000762939453,1169500,0.0,0.0
2024-06-04 00:00:00-04:00,2.7200000286102295,2.7799999713897705,2.509999990463257,2.6500000953674316,628200,0.0,0.0
2024-06-05 00:00:00-04:00,2.6600000858306885,2.759999990463257,2.559999942779541,2.7100000381469727,387100,0.0,0.0
2024-06-06 00:00:00-04:00,2.7200000286102295,2.7200000286102295,2.5299999713897705,2.559999942779541,288800,0.0,0.0
2024-06-07 00:00:00-04:00,2.5399999618530273,2.680000066757202,2.4800000190734863,2.619999885559082,359700,0.0,0.0
2024-06-10 00:00:00-04:00,2.619999885559082,2.630000114440918,2.509999990463257,2.509999990463257,256600,0.0,0.0
2024-06-11 00:00:00-04:00,2.490000009536743,2.509999990463257,2.4000000953674316,2.494999885559082,215500,0.0,0.0
2024-06-12 00:00:00-04:00,2.559999942779541,2.625,2.4600000381469727,2.509999990463257,352700,0.0,0.0
2024-06-13 00:00:00-04:00,2.4700000286102295,2.5,2.369999885559082,2.4100000858306885,276800,0.0,0.0
2024-06-14 00:00:00-04:00,2.359999895095825,2.4189999103546143,2.299999952316284,2.380000114440918,206900,0.0,0.0
2024-06-17 00:00:00-04:00,2.4000000953674316,2.4000000953674316,2.3299999237060547,2.3399999141693115,220500,0.0,0.0
2024-06-18 00:00:00-04:00,2.319999933242798,2.3299999237060547,2.25,2.259999990463257,258700,0.0,0.0
2024-06-20 00:00:00-04:00,2.25,2.2799999713897705,2.1600000858306885,2.2100000381469727,386000,0.0,0.0
2024-06-21 00:00:00-04:00,2.190000057220459,2.299999952316284,2.1500000953674316,2.2799999713897705,204400,0.0,0.0
2024-06-24 00:00:00-04:00,2.299999952316284,2.299999952316284,2.049999952316284,2.109999895095825,279400,0.0,0.0
2024-06-25 00:00:00-04:00,2.130000114440918,2.1500000953674316,2.059999942779541,2.065000057220459,203800,0.0,0.0
2024-06-26 00:00:00-04:00,2.0399999618530273,2.2799999713897705,2.0399999618530273,2.2200000286102295,281800,0.0,0.0
2024-06-27 00:00:00-04:00,2.2200000286102295,2.2200000286102295,2.109999895095825,2.1500000953674316,222700,0.0,0.0
2024-06-28 00:00:00-04:00,2.1700000762939453,2.180000066757202,2.009999990463257,2.0199999809265137,655700,0.0,0.0
2024-07-01 00:00:00-04:00,2.0299999713897705,2.0799999237060547,2.0,2.009999990463257,262800,0.0,0.0
2024-07-02 00:00:00-04:00,2.0,2.0999999046325684,2.0,2.0799999237060547,181000,0.0,0.0
2024-07-03 00:00:00-04:00,2.0799999237060547,2.1700000762939453,2.059999942779541,2.069999933242798,157900,0.0,0.0
2024-07-05 00:00:00-04:00,2.109999895095825,2.1700000762939453,2.069999933242798,2.1600000858306885,199500,0.0,0.0
2024-07-08 00:00:00-04:00,2.2100000381469727,2.309999942779541,2.130000114440918,2.2300000190734863,334900,0.0,0.0
2024-07-09 00:00:00-04:00,2.259999990463257,2.3949999809265137,2.1700000762939453,2.3499999046325684,325200,0.0,0.0
2024-07-10 00:00:00-04:00,2.309999942779541,2.549999952316284,2.309999942779541,2.4800000190734863,457100,0.0,0.0
2024-07-11 00:00:00-04:00,2.549999952316284,2.6600000858306885,2.319999933242798,2.369999885559082,561100,0.0,0.0
2024-07-12 00:00:00-04:00,2.4200000762939453,2.509000062942505,2.4000000953674316,2.4700000286102295,194100,0.0,0.0
2024-07-15 00:00:00-04:00,2.559999942779541,2.5999999046325684,2.4600000381469727,2.5,241600,0.0,0.0
2024-07-16 00:00:00-04:00,2.5199999809265137,2.559999942779541,2.4800000190734863,2.5199999809265137,174300,0.0,0.0
2024-07-17 00:00:00-04:00,2.450000047683716,2.549999952316284,2.309999942779541,2.3399999141693115,222500,0.0,0.0
2024-07-18 00:00:00-04:00,2.3299999237060547,2.384000062942505,2.1600000858306885,2.2300000190734863,188200,0.0,0.0
2024-07-19 00:00:00-04:00,2.2899999618530273,2.309999942779541,2.0999999046325684,2.1700000762939453,234200,0.0,0.0
2024-07-22 00:00:00-04:00,2.1700000762939453,2.240000009536743,2.0969998836517334,2.200000047683716,220900,0.0,0.0
2024-07-23 00:00:00-04:00,2.1500000953674316,2.259999990463257,2.140000104904175,2.190000057220459,152600,0.0,0.0
2024-07-24 00:00:00-04:00,2.130000114440918,2.2100000381469727,2.109999895095825,2.130000114440918,104100,0.0,0.0
2024-07-25 00:00:00-04:00,2.109999895095825,2.359999895095825,2.0999999046325684,2.2100000381469727,322700,0.0,0.0
2024-07-26 00:00:00-04:00,2.240000009536743,2.390000104904175,2.180000066757202,2.25,192700,0.0,0.0
2024-07-29 00:00:00-04:00,2.2300000190734863,2.25,2.0999999046325684,2.1700000762939453,150100,0.0,0.0
2024-07-30 00:00:00-04:00,2.200000047683716,2.200000047683716,2.0799999237060547,2.0899999141693115,185200,0.0,0.0
2024-07-31 00:00:00-04:00,2.119999885559082,2.2300000190734863,2.059999942779541,2.059999942779541,267900,0.0,0.0
2024-08-01 00:00:00-04:00,2.059999942779541,2.130000114440918,1.9299999475479126,1.9500000476837158,298400,0.0,0.0
2024-08-02 00:00:00-04:00,1.8799999952316284,1.9299999475479126,1.850000023841858,1.8899999856948853,301400,0.0,0.0
2024-08-05 00:00:00-04:00,1.6100000143051147,2.0390000343322754,1.6100000143051147,1.9500000476837158,571900,0.0,0.0
2024-08-06 00:00:00-04:00,1.9299999475479126,1.996000051498413,1.8300000429153442,1.8600000143051147,216500,0.0,0.0
2024-08-07 00:00:00-04:00,1.8799999952316284,1.9299999475479126,1.7699999809265137,1.809999942779541,110100,0.0,0.0
2024-08-08 00:00:00-04:00,1.8200000524520874,1.9800000190734863,1.8200000524520874,1.9500000476837158,165000,0.0,0.0
2024-08-09 00:00:00-04:00,1.9700000286102295,2.0299999713897705,1.909999966621399,1.9800000190734863,218700,0.0,0.0
2024-08-12 00:00:00-04:00,2.009999990463257,2.0299999713897705,1.090000033378601,1.4700000286102295,9200700,0.0,0.0
2024-08-13 00:00:00-04:00,2.430000066757202,3.759999990463257,2.4000000953674316,2.7100000381469727,188360900,0.0,0.0
2024-08-14 00:00:00-04:00,2.5999999046325684,2.7200000286102295,2.140000104904175,2.240000009536743,9204700,0.0,0.0
2024-08-15 00:00:00-04:00,2.369999885559082,2.5,2.200000047683716,2.4200000762939453,4286700,0.0,0.0
2024-08-16 00:00:00-04:00,2.4200000762939453,2.4210000038146973,2.1600000858306885,2.2799999713897705,2326600,0.0,0.0
2024-08-19 00:00:00-04:00,2.2100000381469727,2.4800000190734863,2.109999895095825,2.4200000762939453,1821600,0.0,0.0
2024-08-20 00:00:00-04:00,2.390000104904175,2.4700000286102295,2.299999952316284,2.4100000858306885,1041000,0.0,0.0
2024-08-21 00:00:00-04:00,2.440000057220459,2.740000009536743,2.390000104904175,2.7200000286102295,2994400,0.0,0.0
2024-08-22 00:00:00-04:00,2.7200000286102295,2.8499999046325684,2.440000057220459,2.450000047683716,1393800,0.0,0.0
2024-08-23 00:00:00-04:00,2.440000057220459,2.619999885559082,2.4100000858306885,2.5399999618530273,716400,0.0,0.0
2024-08-26 00:00:00-04:00,2.5,2.5899999141693115,2.380000114440918,2.4000000953674316,664200,0.0,0.0
2024-08-27 00:00:00-04:00,2.3499999046325684,2.364000082015991,2.200000047683716,2.2200000286102295,584700,0.0,0.0
2024-08-28 00:00:00-04:00,2.200000047683716,2.2100000381469727,2.069999933242798,2.0799999237060547,567100,0.0,0.0
2024-08-29 00:00:00-04:00,2.0799999237060547,2.2899999618530273,2.0799999237060547,2.109999895095825,526100,0.0,0.0
2024-08-30 00:00:00-04:00,2.059999942779541,2.1600000858306885,2.059999942779541,2.0899999141693115,358300,0.0,0.0
2024-09-03 00:00:00-04:00,2.0999999046325684,2.11299991607666,1.8849999904632568,1.9199999570846558,504200,0.0,0.0
2024-09-04 00:00:00-04:00,1.899999976158142,1.9900000095367432,1.8600000143051147,1.9299999475479126,298700,0.0,0.0
2024-09-05 00:00:00-04:00,1.9900000095367432,2.069999933242798,1.9049999713897705,1.9299999475479126,347400,0.0,0.0
2024-09-06 00:00:00-04:00,1.9199999570846558,1.968999981880188,1.7699999809265137,1.7899999618530273,541900,0.0,0.0
2024-09-09 00:00:00-04:00,1.7999999523162842,1.9179999828338623,1.7999999523162842,1.8200000524520874,286500,0.0,0.0
2024-09-10 00:00:00-04:00,1.8300000429153442,1.8700000047683716,1.75,1.8200000524520874,198100,0.0,0.0
2024-09-11 00:00:00-04:00,1.8200000524520874,1.8799999952316284,1.7599999904632568,1.850000023841858,389300,0.0,0.0
2024-09-12 00:00:00-04:00,1.8600000143051147,1.899999976158142,1.8200000524520874,1.8799999952316284,300500,0.0,0.0
2024-09-13 00:00:00-04:00,1.8700000047683716,1.9880000352859497,1.8700000047683716,1.9199999570846558,253400,0.0,0.0
2024-09-16 00:00:00-04:00,1.940000057220459,1.9500000476837158,1.850000023841858,1.8799999952316284,202900,0.0,0.0
2024-09-17 00:00:00-04:00,1.899999976158142,1.9229999780654907,1.7799999713897705,1.8300000429153442,306400,0.0,0.0
2024-09-18 00:00:00-04:00,1.8200000524520874,1.8700000047683716,1.7799999713897705,1.7899999618530273,247000,0.0,0.0
2024-09-19 00:00:00-04:00,1.809999942779541,1.840000033378601,1.7100000381469727,1.75,371400,0.0,0.0
2024-09-20 00:00:00-04:00,1.75,1.7899999618530273,1.7000000476837158,1.7799999713897705,345600,0.0,0.0
2024-09-23 00:00:00-04:00,1.7799999713897705,1.7999999523162842,1.6799999475479126,1.7000000476837158,236300,0.0,0.0
2024-09-24 00:00:00-04:00,1.7000000476837158,1.7200000286102295,1.659999966621399,1.6799999475479126,177300,0.0,0.0
2024-09-25 00:00:00-04:00,1.690000057220459,1.7400000095367432,1.600000023841858,1.6100000143051147,337600,0.0,0.0
2024-09-26 00:00:00-04:00,1.690000057220459,1.690000057220459,1.590000033378601,1.600000023841858,228600,0.0,0.0
2024-09-27 00:00:00-04:00,1.600000023841858,1.75,1.600000023841858,1.7100000381469727,258800,0.0,0.0
2024-09-30 00:00:00-04:00,1.7000000476837158,1.7200000286102295,1.6299999952316284,1.6799999475479126,181200,0.0,0.0
2024-10-01 00:00:00-04:00,1.690000057220459,1.690000057220459,1.5110000371932983,1.590000033378601,277200,0.0,0.0
2024-10-02 00:00:00-04:00,1.590000033378601,1.6089999675750732,1.5499999523162842,1.5700000524520874,90900,0.0,0.0
2024-10-03 00:00:00-04:00,1.559999942779541,1.590000033378601,1.5,1.5199999809265137,199800,0.0,0.0
2024-10-04 00:00:00-04:00,1.5199999809265137,1.5800000429153442,1.5099999904632568,1.5700000524520874,124100,0.0,0.0
2024-10-07 00:00:00-04:00,1.600000023841858,1.718999981880188,1.5499999523162842,1.6799999475479126,371500,0.0,0.0
2024-10-08 00:00:00-04:00,1.6699999570846558,1.690000057220459,1.5700000524520874,1.5700000524520874,207200,0.0,0.0
2024-10-09 00:00:00-04:00,1.5499999523162842,1.590000033378601,1.5299999713897705,1.559999942779541,174000,0.0,0.0
2024-10-10 00:00:00-04:00,1.5499999523162842,1.600000023841858,1.5199999809265137,1.559999942779541,234600,0.0,0.0
2024-10-11 00:00:00-04:00,1.5399999618530273,1.5989999771118164,1.5299999713897705,1.5800000429153442,344400,0.0,0.0
2024-10-14 00:00:00-04:00,1.559999942779541,1.6399999856948853,1.5499999523162842,1.600000023841858,249800,0.0,0.0
2024-10-15 00:00:00-04:00,1.590000033378601,1.6299999952316284,1.5199999809265137,1.6100000143051147,364700,0.0,0.0
2024-10-16 00:00:00-04:00,1.6100000143051147,1.6100000143051147,1.5399999618530273,1.600000023841858,231800,0.0,0.0
2024-10-17 00:00:00-04:00,1.600000023841858,1.6100000143051147,1.5199999809265137,1.5700000524520874,276500,0.0,0.0
2024-10-18 00:00:00-04:00,1.5499999523162842,1.600000023841858,1.5499999523162842,1.590000033378601,150200,0.0,0.0
2024-10-21 00:00:00-04:00,1.5800000429153442,1.659999966621399,1.5800000429153442,1.6200000047683716,462800,0.0,0.0
2024-10-22 00:00:00-04:00,1.6200000047683716,1.6519999504089355,1.5520000457763672,1.559999942779541,192000,0.0,0.0
2024-10-23 00:00:00-04:00,1.5499999523162842,1.559999942779541,1.409999966621399,1.4299999475479126,583300,0.0,0.0
2024-10-24 00:00:00-04:00,1.399999976158142,1.465000033378601,1.399999976158142,1.399999976158142,252400,0.0,0.0
2024-10-25 00:00:00-04:00,1.3899999856948853,1.465000033378601,1.3899999856948853,1.4299999475479126,214800,0.0,0.0
2024-10-28 00:00:00-04:00,1.4299999475479126,1.5499999523162842,1.4299999475479126,1.5199999809265137,330400,0.0,0.0
2024-10-29 00:00:00-04:00,1.5099999904632568,1.5299999713897705,1.4800000190734863,1.5,211100,0.0,0.0
2024-10-30 00:00:00-04:00,1.5,1.5,1.440000057220459,1.4500000476837158,127500,0.0,0.0
2024-10-31 00:00:00-04:00,1.4800000190734863,1.4800000190734863,1.406999945640564,1.409999966621399,129200,0.0,0.0
2024-11-01 00:00:00-04:00,1.399999976158142,1.440000057220459,1.3899999856948853,1.399999976158142,256600,0.0,0.0
2024-11-04 00:00:00-05:00,1.4199999570846558,1.4199999570846558,1.3300000429153442,1.350000023841858,371400,0.0,0.0
2024-11-05 00:00:00-05:00,1.3300000429153442,1.4199999570846558,1.309999942779541,1.409999966621399,209800,0.0,0.0
2024-11-06 00:00:00-05:00,1.399999976158142,1.4700000286102295,1.3899999856948853,1.4199999570846558,237100,0.0,0.0
2024-11-07 00:00:00-05:00,1.4500000476837158,1.6890000104904175,1.4450000524520874,1.5499999523162842,1066400,0.0,0.0
2024-11-08 00:00:00-05:00,1.5700000524520874,1.6699999570846558,1.5199999809265137,1.659999966621399,778800,0.0,0.0
2024-11-11 00:00:00-05:00,1.8300000429153442,2.0199999809265137,1.7200000286102295,1.840000033378601,1587900,0.0,0.0
2024-11-12 00:00:00-05:00,1.8899999856948853,1.9199999570846558,1.6799999475479126,1.7400000095367432,1480600,0.0,0.0
2024-11-13 00:00:00-05:00,1.440000057220459,1.590000033378601,1.350000023841858,1.4199999570846558,989800,0.0,0.0
2024-11-14 00:00:00-05:00,1.4199999570846558,1.4700000286102295,1.399999976158142,1.4299999475479126,296900,0.0,0.0
2024-11-15 00:00:00-05:00,1.409999966621399,1.4299999475479126,1.340000033378601,1.3899999856948853,351900,0.0,0.0
2024-11-18 00:00:00-05:00,1.3700000047683716,1.3899999856948853,1.350000023841858,1.3600000143051147,270800,0.0,0.0
2024-11-19 00:00:00-05:00,1.3700000047683716,1.4800000190734863,1.350000023841858,1.3799999952316284,607800,0.0,0.0
2024-11-20 00:00:00-05:00,1.3799999952316284,1.406999945640564,1.2400000095367432,1.2999999523162842,578400,0.0,0.0
2024-11-21 00:00:00-05:00,1.2999999523162842,1.3600000143051147,1.25,1.350000023841858,532800,0.0,0.0
2024-11-22 00:00:00-05:00,1.350000023841858,1.5,1.3200000524520874,1.409999966621399,617400,0.0,0.0
2024-11-25 00:00:00-05:00,1.4199999570846558,1.5199999809265137,1.409999966621399,1.4299999475479126,733100,0.0,0.0
2024-11-26 00:00:00-05:00,1.4500000476837158,1.5800000429153442,1.4299999475479126,1.5199999809265137,839400,0.0,0.0
2024-11-27 00:00:00-05:00,1.559999942779541,1.6299999952316284,1.5199999809265137,1.590000033378601,602600,0.0,0.0
2024-11-29 00:00:00-05:00,1.6100000143051147,1.7200000286102295,1.5440000295639038,1.6699999570846558,498900,0.0,0.0
2024-12-02 00:00:00-05:00,1.7100000381469727,1.7400000095367432,1.590000033378601,1.6399999856948853,697100,0.0,0.0
2024-12-03 00:00:00-05:00,1.659999966621399,1.6799999475479126,1.5199999809265137,1.5700000524520874,526700,0.0,0.0
2024-12-04 00:00:00-05:00,1.5700000524520874,1.6100000143051147,1.4900000095367432,1.5299999713897705,537900,0.0,0.0
2024-12-05 00:00:00-05:00,1.5099999904632568,1.6799999475479126,1.4600000381469727,1.5299999713897705,1467600,0.0,0.0
2024-12-06 00:00:00-05:00,1.590000033378601,2.0899999141693115,1.559999942779541,2.009999990463257,8467300,0.0,0.0
2024-12-09 00:00:00-05:00,2.1500000953674316,2.3399999141693115,1.8869999647140503,2.25,7727800,0.0,0.0
2024-12-10 00:00:00-05:00,2.0899999141693115,2.5,2.009999990463257,2.130000114440918,6111200,0.0,0.0
2024-12-11 00:00:00-05:00,2.119999885559082,2.119999885559082,1.7999999523162842,1.7999999523162842,2555100,0.0,0.0
2024-12-12 00:00:00-05:00,1.7799999713897705,1.9600000381469727,1.7699999809265137,1.7799999713897705,1041200,0.0,0.0
2024-12-13 00:00:00-05:00,1.7699999809265137,1.809999942779541,1.659999966621399,1.690000057220459,846600,0.0,0.0
2024-12-16 00:00:00-05:00,1.7100000381469727,1.899999976158142,1.690000057220459,1.8300000429153442,1452000,0.0,0.0
2024-12-17 00:00:00-05:00,1.850000023841858,1.9600000381469727,1.7309999465942383,1.7599999904632568,1328500,0.0,0.0
2024-12-18 00:00:00-05:00,1.7899999618530273,1.9500000476837158,1.6399999856948853,1.659999966621399,1935200,0.0,0.0
2024-12-19 00:00:00-05:00,1.6699999570846558,1.7300000190734863,1.5399999618530273,1.5800000429153442,1129400,0.0,0.0
2024-12-20 00:00:00-05:00,1.5499999523162842,1.6799999475479126,1.5299999713897705,1.590000033378601,982700,0.0,0.0
2024-12-23 00:00:00-05:00,1.6200000047683716,1.6699999570846558,1.5299999713897705,1.5499999523162842,598000,0.0,0.0
2024-12-24 00:00:00-05:00,1.559999942779541,1.600000023841858,1.5,1.5700000524520874,428000,0.0,0.0
2024-12-26 00:00:00-05:00,1.600000023841858,2.0450000762939453,1.590000033378601,2.0299999713897705,3481400,0.0,0.0
2024-12-27 00:00:00-05:00,2.049999952316284,2.25,1.909999966621399,2.069999933242798,3367400,0.0,0.0
2024-12-30 00:00:00-05:00,2.0,2.0848000049591064,1.8200000524520874,1.9900000095367432,1731217,0.0,0.0
