Date,Open,High,Low,Close,Volume,Dividends,Stock Splits
2022-01-03 00:00:00-05:00,15.899999618530273,16.399999618530273,15.800000190734863,16.299999237060547,8200,0.0,0.0
2022-01-04 00:00:00-05:00,16.399999618530273,17.399999618530273,16.399999618530273,17.200000762939453,16610,0.0,0.0
2022-01-05 00:00:00-05:00,17.5,18.0,16.399999618530273,16.399999618530273,9530,0.0,0.0
2022-01-06 00:00:00-05:00,16.399999618530273,17.200000762939453,15.699999809265137,17.200000762939453,11540,0.0,0.0
2022-01-07 00:00:00-05:00,17.299999237060547,18.100000381469727,16.600000381469727,17.899999618530273,9720,0.0,0.0
2022-01-10 00:00:00-05:00,17.200000762939453,17.5,16.100000381469727,16.200000762939453,9720,0.0,0.0
2022-01-11 00:00:00-05:00,16.100000381469727,16.600000381469727,15.899999618530273,15.899999618530273,6060,0.0,0.0
2022-01-12 00:00:00-05:00,16.399999618530273,17.600000381469727,16.100000381469727,16.399999618530273,8180,0.0,0.0
2022-01-13 00:00:00-05:00,16.200000762939453,16.299999237060547,15.100000381469727,15.100000381469727,9080,0.0,0.0
2022-01-14 00:00:00-05:00,15.0,15.199999809265137,14.100000381469727,14.699999809265137,7770,0.0,0.0
2022-01-18 00:00:00-05:00,14.300000190734863,14.399999618530273,13.600000381469727,13.899999618530273,14500,0.0,0.0
2022-01-19 00:00:00-05:00,13.800000190734863,13.800000190734863,12.5,12.5,10240,0.0,0.0
2022-01-20 00:00:00-05:00,12.5,13.899999618530273,12.399999618530273,13.5,16010,0.0,0.0
2022-01-21 00:00:00-05:00,13.0,13.100000381469727,12.100000381469727,12.300000190734863,5880,0.0,0.0
2022-01-24 00:00:00-05:00,11.100000381469727,11.399999618530273,10.300000190734863,11.199999809265137,14610,0.0,0.0
2022-01-25 00:00:00-05:00,11.199999809265137,12.100000381469727,10.600000381469727,11.800000190734863,7090,0.0,0.0
2022-01-26 00:00:00-05:00,11.800000190734863,12.0,11.5,11.699999809265137,2990,0.0,0.0
2022-01-27 00:00:00-05:00,11.899999618530273,12.399999618530273,11.399999618530273,11.399999618530273,4550,0.0,0.0
2022-01-28 00:00:00-05:00,11.399999618530273,11.399999618530273,10.699999809265137,10.800000190734863,3370,0.0,0.0
2022-01-31 00:00:00-05:00,10.600000381469727,11.5,10.600000381469727,11.300000190734863,3180,0.0,0.0
2022-02-01 00:00:00-05:00,11.5,14.800000190734863,11.300000190734863,12.899999618530273,23070,0.0,0.0
2022-02-02 00:00:00-05:00,13.300000190734863,13.300000190734863,11.800000190734863,12.300000190734863,3680,0.0,0.0
2022-02-03 00:00:00-05:00,11.899999618530273,14.5,11.800000190734863,13.600000381469727,34540,0.0,0.0
2022-02-04 00:00:00-05:00,13.199999809265137,13.5,12.300000190734863,12.300000190734863,20500,0.0,0.0
2022-02-07 00:00:00-05:00,12.5,14.5,12.300000190734863,14.0,65050,0.0,0.0
2022-02-08 00:00:00-05:00,13.800000190734863,13.899999618530273,12.600000381469727,13.0,20410,0.0,0.0
2022-02-09 00:00:00-05:00,13.199999809265137,13.5,13.0,13.199999809265137,5810,0.0,0.0
2022-02-10 00:00:00-05:00,13.199999809265137,14.100000381469727,13.199999809265137,13.699999809265137,16440,0.0,0.0
2022-02-11 00:00:00-05:00,13.600000381469727,13.899999618530273,13.199999809265137,13.199999809265137,4510,0.0,0.0
2022-02-14 00:00:00-05:00,13.0,13.199999809265137,12.5,12.5,3400,0.0,0.0
2022-02-15 00:00:00-05:00,12.5,13.699999809265137,12.5,13.699999809265137,6100,0.0,0.0
2022-02-16 00:00:00-05:00,13.300000190734863,13.5,12.699999809265137,13.0,5270,0.0,0.0
2022-02-17 00:00:00-05:00,12.600000381469727,13.300000190734863,12.600000381469727,12.699999809265137,5150,0.0,0.0
2022-02-18 00:00:00-05:00,12.699999809265137,12.899999618530273,11.800000190734863,11.800000190734863,4210,0.0,0.0
2022-02-22 00:00:00-05:00,11.899999618530273,12.0,11.0,11.5,2520,0.0,0.0
2022-02-23 00:00:00-05:00,11.399999618530273,11.800000190734863,11.100000381469727,11.300000190734863,3110,0.0,0.0
2022-02-24 00:00:00-05:00,10.600000381469727,11.199999809265137,10.199999809265137,10.699999809265137,5230,0.0,0.0
2022-02-25 00:00:00-05:00,10.600000381469727,11.399999618530273,10.600000381469727,11.100000381469727,2300,0.0,0.0
2022-02-28 00:00:00-05:00,11.100000381469727,12.199999809265137,10.699999809265137,11.300000190734863,11170,0.0,0.0
2022-03-01 00:00:00-05:00,11.800000190734863,12.300000190734863,11.100000381469727,11.699999809265137,13950,0.0,0.0
2022-03-02 00:00:00-05:00,12.0,12.199999809265137,11.199999809265137,11.800000190734863,5520,0.0,0.0
2022-03-03 00:00:00-05:00,12.0,12.0,10.800000190734863,11.300000190734863,3470,0.0,0.0
2022-03-04 00:00:00-05:00,11.0,11.399999618530273,10.899999618530273,10.899999618530273,3070,0.0,0.0
2022-03-07 00:00:00-05:00,10.899999618530273,11.0,10.199999809265137,10.199999809265137,9530,0.0,0.0
2022-03-08 00:00:00-05:00,10.199999809265137,11.0,10.199999809265137,10.600000381469727,3940,0.0,0.0
2022-03-09 00:00:00-05:00,10.5,12.800000190734863,10.5,11.5,25080,0.0,0.0
2022-03-10 00:00:00-05:00,11.600000381469727,12.0,11.0,11.5,7000,0.0,0.0
2022-03-11 00:00:00-05:00,11.5,11.5,10.5,10.899999618530273,10590,0.0,0.0
2022-03-14 00:00:00-04:00,10.699999809265137,10.899999618530273,10.300000190734863,10.300000190734863,4070,0.0,0.0
2022-03-15 00:00:00-04:00,10.699999809265137,10.699999809265137,10.199999809265137,10.399999618530273,2670,0.0,0.0
2022-03-16 00:00:00-04:00,10.699999809265137,12.800000190734863,10.199999809265137,11.899999618530273,56290,0.0,0.0
2022-03-17 00:00:00-04:00,12.199999809265137,12.5,11.199999809265137,12.300000190734863,10110,0.0,0.0
2022-03-18 00:00:00-04:00,11.699999809265137,12.699999809265137,11.300000190734863,12.199999809265137,11900,0.0,0.0
2022-03-21 00:00:00-04:00,12.0,12.899999618530273,12.0,12.0,6640,0.0,0.0
2022-03-22 00:00:00-04:00,12.399999618530273,17.5,12.199999809265137,14.5,378970,0.0,0.0
2022-03-23 00:00:00-04:00,13.800000190734863,14.199999809265137,12.199999809265137,12.800000190734863,32690,0.0,0.0
2022-03-24 00:00:00-04:00,12.5,13.0,11.100000381469727,12.100000381469727,42270,0.0,0.0
2022-03-25 00:00:00-04:00,12.0,12.5,11.699999809265137,12.100000381469727,7350,0.0,0.0
2022-03-28 00:00:00-04:00,12.300000190734863,14.5,12.300000190734863,14.0,61490,0.0,0.0
2022-03-29 00:00:00-04:00,14.800000190734863,15.0,13.199999809265137,14.800000190734863,22370,0.0,0.0
2022-03-30 00:00:00-04:00,14.100000381469727,14.800000190734863,13.699999809265137,13.800000190734863,9250,0.0,0.0
2022-03-31 00:00:00-04:00,13.600000381469727,14.5,13.199999809265137,13.699999809265137,8310,0.0,0.0
2022-04-01 00:00:00-04:00,13.199999809265137,13.800000190734863,13.199999809265137,13.399999618530273,1830,0.0,0.0
2022-04-04 00:00:00-04:00,14.0,16.200000762939453,13.5,14.399999618530273,23280,0.0,0.0
2022-04-05 00:00:00-04:00,14.100000381469727,16.399999618530273,13.5,15.399999618530273,67580,0.0,0.0
2022-04-06 00:00:00-04:00,16.0,18.100000381469727,15.800000190734863,16.799999237060547,164780,0.0,0.0
2022-04-07 00:00:00-04:00,16.799999237060547,17.5,12.600000381469727,13.5,209850,0.0,0.0
2022-04-08 00:00:00-04:00,13.600000381469727,13.899999618530273,13.0,13.600000381469727,16770,0.0,0.0
2022-04-11 00:00:00-04:00,13.100000381469727,13.199999809265137,12.5,13.100000381469727,15890,0.0,0.0
2022-04-12 00:00:00-04:00,12.699999809265137,13.100000381469727,11.800000190734863,12.699999809265137,28130,0.0,0.0
2022-04-13 00:00:00-04:00,12.300000190734863,12.899999618530273,12.300000190734863,12.399999618530273,7400,0.0,0.0
2022-04-14 00:00:00-04:00,12.0,12.399999618530273,12.0,12.199999809265137,6560,0.0,0.0
2022-04-18 00:00:00-04:00,12.399999618530273,12.5,11.199999809265137,11.600000381469727,10560,0.0,0.0
2022-04-19 00:00:00-04:00,12.300000190734863,12.800000190734863,12.0,12.699999809265137,9490,0.0,0.0
2022-04-20 00:00:00-04:00,13.0,13.0,12.100000381469727,12.300000190734863,2860,0.0,0.0
2022-04-21 00:00:00-04:00,12.300000190734863,12.5,11.0,11.199999809265137,10110,0.0,0.0
2022-04-22 00:00:00-04:00,11.600000381469727,11.899999618530273,10.600000381469727,10.699999809265137,6590,0.0,0.0
2022-04-25 00:00:00-04:00,11.0,11.5,10.800000190734863,11.100000381469727,4650,0.0,0.0
2022-04-26 00:00:00-04:00,11.300000190734863,11.300000190734863,10.800000190734863,11.100000381469727,2000,0.0,0.0
2022-04-27 00:00:00-04:00,11.100000381469727,11.199999809265137,10.899999618530273,11.0,1090,0.0,0.0
2022-04-28 00:00:00-04:00,11.199999809265137,11.600000381469727,10.800000190734863,11.100000381469727,6210,0.0,0.0
2022-04-29 00:00:00-04:00,11.399999618530273,11.399999618530273,11.100000381469727,11.300000190734863,34570,0.0,0.0
2022-05-02 00:00:00-04:00,12.0,12.0,10.5,11.100000381469727,12060,0.0,0.0
2022-05-03 00:00:00-04:00,11.899999618530273,11.899999618530273,11.199999809265137,11.300000190734863,8090,0.0,0.0
2022-05-04 00:00:00-04:00,11.600000381469727,11.600000381469727,10.899999618530273,10.899999618530273,2620,0.0,0.0
2022-05-05 00:00:00-04:00,11.0,11.5,10.800000190734863,11.199999809265137,2730,0.0,0.0
2022-05-06 00:00:00-04:00,11.0,11.399999618530273,10.699999809265137,10.899999618530273,3540,0.0,0.0
2022-05-09 00:00:00-04:00,10.600000381469727,10.600000381469727,9.300000190734863,9.399999618530273,10860,0.0,0.0
2022-05-10 00:00:00-04:00,9.800000190734863,9.899999618530273,8.800000190734863,9.199999809265137,2580,0.0,0.0
2022-05-11 00:00:00-04:00,8.800000190734863,8.800000190734863,7.300000190734863,7.900000095367432,10410,0.0,0.0
2022-05-12 00:00:00-04:00,7.699999809265137,7.800000190734863,6.699999809265137,7.400000095367432,5960,0.0,0.0
2022-05-13 00:00:00-04:00,7.5,8.100000381469727,7.400000095367432,7.5,1650,0.0,0.0
2022-05-16 00:00:00-04:00,7.800000190734863,7.800000190734863,7.199999809265137,7.800000190734863,860,0.0,0.0
2022-05-17 00:00:00-04:00,7.900000095367432,8.0,7.5,7.599999904632568,2830,0.0,0.0
2022-05-18 00:00:00-04:00,7.300000190734863,7.900000095367432,7.099999904632568,7.5,3600,0.0,0.0
2022-05-19 00:00:00-04:00,7.699999809265137,8.0,7.099999904632568,7.599999904632568,7900,0.0,0.0
2022-05-20 00:00:00-04:00,7.800000190734863,7.800000190734863,7.099999904632568,7.5,6420,0.0,0.0
2022-05-23 00:00:00-04:00,7.5,7.699999809265137,7.099999904632568,7.5,6370,0.0,0.0
2022-05-24 00:00:00-04:00,7.099999904632568,7.699999809265137,7.099999904632568,7.300000190734863,890,0.0,0.0
2022-05-25 00:00:00-04:00,7.599999904632568,7.599999904632568,7.099999904632568,7.5,2570,0.0,0.0
2022-05-26 00:00:00-04:00,7.599999904632568,7.900000095367432,6.800000190734863,7.900000095367432,15050,0.0,0.0
2022-05-27 00:00:00-04:00,7.599999904632568,8.0,7.599999904632568,7.900000095367432,1370,0.0,0.0
2022-05-31 00:00:00-04:00,8.100000381469727,8.300000190734863,7.699999809265137,8.100000381469727,9220,0.0,0.0
2022-06-01 00:00:00-04:00,8.300000190734863,8.300000190734863,8.0,8.100000381469727,590,0.0,0.0
2022-06-02 00:00:00-04:00,7.800000190734863,7.900000095367432,7.400000095367432,7.599999904632568,3990,0.0,0.0
2022-06-03 00:00:00-04:00,7.599999904632568,8.199999809265137,7.5,8.0,1720,0.0,0.0
2022-06-06 00:00:00-04:00,8.0,8.0,7.599999904632568,7.699999809265137,450,0.0,0.0
2022-06-07 00:00:00-04:00,7.599999904632568,8.0,7.5,7.900000095367432,970,0.0,0.0
2022-06-08 00:00:00-04:00,8.0,8.5,7.5,8.5,4570,0.0,0.0
2022-06-09 00:00:00-04:00,7.900000095367432,9.199999809265137,7.900000095367432,9.0,26720,0.0,0.0
2022-06-10 00:00:00-04:00,9.0,9.5,8.0,9.100000381469727,11760,0.0,0.0
2022-06-13 00:00:00-04:00,8.199999809265137,9.800000190734863,8.199999809265137,9.100000381469727,8110,0.0,0.0
2022-06-14 00:00:00-04:00,8.399999618530273,9.199999809265137,8.399999618530273,8.899999618530273,5170,0.0,0.0
2022-06-15 00:00:00-04:00,8.800000190734863,9.199999809265137,8.5,9.199999809265137,4270,0.0,0.0
2022-06-16 00:00:00-04:00,9.699999809265137,9.699999809265137,8.800000190734863,9.0,2890,0.0,0.0
2022-06-17 00:00:00-04:00,8.899999618530273,9.5,8.800000190734863,9.5,2900,0.0,0.0
2022-06-21 00:00:00-04:00,9.199999809265137,9.600000381469727,9.0,9.5,4540,0.0,0.0
2022-06-22 00:00:00-04:00,9.399999618530273,9.800000190734863,8.800000190734863,9.800000190734863,3240,0.0,0.0
2022-06-23 00:00:00-04:00,9.699999809265137,10.600000381469727,9.0,10.399999618530273,17280,0.0,0.0
2022-06-24 00:00:00-04:00,10.300000190734863,10.600000381469727,9.600000381469727,10.600000381469727,9120,0.0,0.0
2022-06-27 00:00:00-04:00,10.300000190734863,10.600000381469727,9.800000190734863,10.600000381469727,3300,0.0,0.0
2022-06-28 00:00:00-04:00,10.5,10.699999809265137,10.300000190734863,10.699999809265137,3080,0.0,0.0
2022-06-29 00:00:00-04:00,10.699999809265137,10.699999809265137,9.899999618530273,10.699999809265137,2630,0.0,0.0
2022-06-30 00:00:00-04:00,10.600000381469727,10.699999809265137,9.899999618530273,10.600000381469727,270,0.0,0.0
2022-07-01 00:00:00-04:00,10.5,10.800000190734863,10.0,10.800000190734863,3590,0.0,0.0
2022-07-05 00:00:00-04:00,10.699999809265137,10.699999809265137,9.699999809265137,10.600000381469727,1960,0.0,0.0
2022-07-06 00:00:00-04:00,10.600000381469727,10.800000190734863,10.0,10.800000190734863,2120,0.0,0.0
2022-07-07 00:00:00-04:00,10.899999618530273,10.899999618530273,10.100000381469727,10.899999618530273,2110,0.0,0.0
2022-07-08 00:00:00-04:00,10.199999809265137,10.899999618530273,10.0,10.899999618530273,1470,0.0,0.0
2022-07-11 00:00:00-04:00,10.199999809265137,10.899999618530273,10.199999809265137,10.800000190734863,840,0.0,0.0
2022-07-12 00:00:00-04:00,11.0,11.0,9.899999618530273,10.800000190734863,2920,0.0,0.0
2022-07-13 00:00:00-04:00,10.100000381469727,10.800000190734863,10.0,10.699999809265137,730,0.0,0.0
2022-07-14 00:00:00-04:00,10.0,11.0,10.0,11.0,3590,0.0,0.0
2022-07-15 00:00:00-04:00,10.5,10.899999618530273,9.899999618530273,10.699999809265137,3750,0.0,0.0
2022-07-18 00:00:00-04:00,11.0,11.5,10.699999809265137,10.899999618530273,8090,0.0,0.0
2022-07-19 00:00:00-04:00,11.100000381469727,11.199999809265137,10.699999809265137,10.699999809265137,650,0.0,0.0
2022-07-20 00:00:00-04:00,10.199999809265137,11.5,10.199999809265137,11.300000190734863,14610,0.0,0.0
2022-07-21 00:00:00-04:00,10.899999618530273,11.300000190734863,10.899999618530273,11.100000381469727,570,0.0,0.0
2022-07-22 00:00:00-04:00,10.699999809265137,11.5,10.300000190734863,10.600000381469727,3490,0.0,0.0
2022-07-25 00:00:00-04:00,10.199999809265137,10.5,10.0,10.100000381469727,1920,0.0,0.0
2022-07-26 00:00:00-04:00,9.800000190734863,10.399999618530273,9.800000190734863,10.199999809265137,1370,0.0,0.0
2022-07-27 00:00:00-04:00,10.300000190734863,10.5,10.0,10.5,2350,0.0,0.0
2022-07-28 00:00:00-04:00,10.300000190734863,10.5,10.100000381469727,10.199999809265137,560,0.0,0.0
2022-07-29 00:00:00-04:00,10.300000190734863,10.300000190734863,9.899999618530273,10.0,1600,0.0,0.0
2022-08-01 00:00:00-04:00,10.0,10.899999618530273,9.399999618530273,10.0,2450,0.0,0.0
2022-08-02 00:00:00-04:00,10.100000381469727,13.600000381469727,9.399999618530273,12.699999809265137,29430,0.0,0.0
2022-08-03 00:00:00-04:00,12.800000190734863,13.899999618530273,11.0,11.600000381469727,33300,0.0,0.0
2022-08-04 00:00:00-04:00,11.600000381469727,12.399999618530273,10.5,11.399999618530273,6010,0.0,0.0
2022-08-05 00:00:00-04:00,11.0,12.0,10.899999618530273,11.0,10260,0.0,0.0
2022-08-08 00:00:00-04:00,11.0,12.600000381469727,11.0,12.5,23960,0.0,0.0
2022-08-09 00:00:00-04:00,12.0,12.600000381469727,11.100000381469727,11.5,9060,0.0,0.0
2022-08-10 00:00:00-04:00,11.399999618530273,12.5,10.5,11.0,9210,0.0,0.0
2022-08-11 00:00:00-04:00,10.800000190734863,11.399999618530273,10.699999809265137,11.300000190734863,4210,0.0,0.0
2022-08-12 00:00:00-04:00,11.5,11.5,10.600000381469727,10.899999618530273,2550,0.0,0.0
2022-08-15 00:00:00-04:00,10.899999618530273,10.899999618530273,10.600000381469727,10.800000190734863,2610,0.0,0.0
2022-08-16 00:00:00-04:00,10.800000190734863,10.800000190734863,10.600000381469727,10.699999809265137,1430,0.0,0.0
2022-08-17 00:00:00-04:00,10.5,10.5,10.199999809265137,10.199999809265137,620,0.0,0.0
2022-08-18 00:00:00-04:00,10.300000190734863,11.100000381469727,10.300000190734863,11.100000381469727,1360,0.0,0.0
2022-08-19 00:00:00-04:00,10.300000190734863,10.399999618530273,9.5,10.100000381469727,4570,0.0,0.0
2022-08-22 00:00:00-04:00,10.100000381469727,10.399999618530273,9.800000190734863,10.399999618530273,3050,0.0,0.0
2022-08-23 00:00:00-04:00,10.199999809265137,10.5,9.5,9.899999618530273,2400,0.0,0.0
2022-08-24 00:00:00-04:00,9.899999618530273,10.399999618530273,9.699999809265137,10.300000190734863,1760,0.0,0.0
2022-08-25 00:00:00-04:00,10.300000190734863,10.5,10.100000381469727,10.399999618530273,1000,0.0,0.0
2022-08-26 00:00:00-04:00,10.199999809265137,10.199999809265137,9.699999809265137,9.699999809265137,2580,0.0,0.0
2022-08-29 00:00:00-04:00,9.800000190734863,9.800000190734863,9.199999809265137,9.800000190734863,440,0.0,0.0
2022-08-30 00:00:00-04:00,9.5,9.5,8.100000381469727,8.5,7210,0.0,0.0
2022-08-31 00:00:00-04:00,8.5,8.899999618530273,8.5,8.899999618530273,660,0.0,0.0
2022-09-01 00:00:00-04:00,8.600000381469727,8.899999618530273,8.600000381469727,8.699999809265137,700,0.0,0.0
2022-09-02 00:00:00-04:00,8.699999809265137,9.0,8.699999809265137,8.699999809265137,720,0.0,0.0
2022-09-06 00:00:00-04:00,9.0,9.0,8.600000381469727,9.0,570,0.0,0.0
2022-09-07 00:00:00-04:00,9.100000381469727,9.699999809265137,8.899999618530273,9.600000381469727,2060,0.0,0.0
2022-09-08 00:00:00-04:00,9.199999809265137,9.5,8.199999809265137,9.0,2100,0.0,0.0
2022-09-09 00:00:00-04:00,9.399999618530273,9.399999618530273,8.0,8.899999618530273,2990,0.0,0.0
2022-09-12 00:00:00-04:00,9.199999809265137,9.199999809265137,8.699999809265137,8.800000190734863,360,0.0,0.0
2022-09-13 00:00:00-04:00,8.800000190734863,8.899999618530273,8.600000381469727,8.600000381469727,330,0.0,0.0
2022-09-14 00:00:00-04:00,8.5,9.0,8.5,8.5,830,0.0,0.0
2022-09-15 00:00:00-04:00,8.600000381469727,8.600000381469727,8.199999809265137,8.199999809265137,590,0.0,0.0
2022-09-16 00:00:00-04:00,8.600000381469727,8.600000381469727,7.5,7.900000095367432,2390,0.0,0.0
2022-09-19 00:00:00-04:00,7.599999904632568,7.599999904632568,6.099999904632568,6.400000095367432,8240,0.0,0.0
2022-09-20 00:00:00-04:00,6.400000095367432,7.199999809265137,6.400000095367432,7.0,5710,0.0,0.0
2022-09-21 00:00:00-04:00,6.900000095367432,7.0,6.5,7.0,360,0.0,0.0
2022-09-22 00:00:00-04:00,6.5,7.199999809265137,6.5,6.900000095367432,950,0.0,0.0
2022-09-23 00:00:00-04:00,6.400000095367432,6.400000095367432,6.099999904632568,6.300000190734863,4790,0.0,0.0
2022-09-26 00:00:00-04:00,6.900000095367432,6.900000095367432,6.400000095367432,6.800000190734863,2900,0.0,0.0
2022-09-27 00:00:00-04:00,8.100000381469727,10.0,7.400000095367432,9.300000190734863,458040,0.0,0.0
2022-09-28 00:00:00-04:00,9.300000190734863,10.899999618530273,8.600000381469727,9.600000381469727,65120,0.0,0.0
2022-09-29 00:00:00-04:00,9.300000190734863,10.199999809265137,8.100000381469727,9.199999809265137,23240,0.0,0.0
2022-09-30 00:00:00-04:00,6.0,6.699999809265137,5.0,6.300000190734863,66950,0.0,0.0
2022-10-03 00:00:00-04:00,6.400000095367432,6.400000095367432,5.5,5.900000095367432,15900,0.0,0.0
2022-10-04 00:00:00-04:00,6.0,6.0,5.5,5.800000190734863,24270,0.0,0.0
2022-10-05 00:00:00-04:00,5.800000190734863,5.800000190734863,5.5,5.800000190734863,4630,0.0,0.0
2022-10-06 00:00:00-04:00,5.900000095367432,5.900000095367432,5.5,5.800000190734863,4600,0.0,0.0
2022-10-07 00:00:00-04:00,5.699999809265137,5.699999809265137,5.400000095367432,5.599999904632568,2630,0.0,0.0
2022-10-10 00:00:00-04:00,5.699999809265137,5.699999809265137,5.099999904632568,5.199999809265137,2670,0.0,0.0
2022-10-11 00:00:00-04:00,5.400000095367432,5.400000095367432,5.199999809265137,5.300000190734863,2200,0.0,0.0
2022-10-12 00:00:00-04:00,5.400000095367432,5.900000095367432,5.199999809265137,5.5,10980,0.0,0.0
2022-10-13 00:00:00-04:00,5.800000190734863,6.199999809265137,5.300000190734863,5.800000190734863,19670,0.0,0.0
2022-10-14 00:00:00-04:00,5.599999904632568,5.800000190734863,5.400000095367432,5.5,6390,0.0,0.0
2022-10-17 00:00:00-04:00,5.599999904632568,5.800000190734863,5.5,5.800000190734863,5520,0.0,0.0
2022-10-18 00:00:00-04:00,5.800000190734863,5.800000190734863,5.5,5.699999809265137,3030,0.0,0.0
2022-10-19 00:00:00-04:00,5.5,5.699999809265137,5.400000095367432,5.699999809265137,2520,0.0,0.0
2022-10-20 00:00:00-04:00,5.300000190734863,6.300000190734863,5.300000190734863,5.699999809265137,7880,0.0,0.0
2022-10-21 00:00:00-04:00,5.800000190734863,6.0,5.599999904632568,5.599999904632568,180,0.0,0.0
2022-10-24 00:00:00-04:00,5.599999904632568,5.900000095367432,5.5,5.699999809265137,1820,0.0,0.0
2022-10-25 00:00:00-04:00,5.599999904632568,5.900000095367432,5.400000095367432,5.599999904632568,17600,0.0,0.0
2022-10-26 00:00:00-04:00,5.800000190734863,5.800000190734863,5.300000190734863,5.400000095367432,8380,0.0,0.0
2022-10-27 00:00:00-04:00,5.300000190734863,5.5,5.0,5.300000190734863,12300,0.0,0.0
2022-10-28 00:00:00-04:00,5.0,5.400000095367432,5.0,5.199999809265137,1770,0.0,0.0
2022-10-31 00:00:00-04:00,5.5,5.699999809265137,5.300000190734863,5.599999904632568,2230,0.0,0.0
2022-11-01 00:00:00-04:00,5.900000095367432,5.900000095367432,5.400000095367432,5.5,1630,0.0,0.0
2022-11-02 00:00:00-04:00,5.599999904632568,5.900000095367432,5.5,5.599999904632568,1040,0.0,0.0
2022-11-03 00:00:00-04:00,5.5,5.699999809265137,5.199999809265137,5.5,10600,0.0,0.0
2022-11-04 00:00:00-04:00,5.800000190734863,6.300000190734863,5.699999809265137,6.099999904632568,48690,0.0,0.0
2022-11-07 00:00:00-05:00,6.5,6.5,6.099999904632568,6.199999809265137,28690,0.0,0.0
2022-11-08 00:00:00-05:00,6.099999904632568,7.599999904632568,5.699999809265137,6.900000095367432,157740,0.0,0.0
2022-11-09 00:00:00-05:00,7.300000190734863,7.300000190734863,5.300000190734863,6.199999809265137,128790,0.0,0.0
2022-11-10 00:00:00-05:00,5.699999809265137,5.800000190734863,5.099999904632568,5.5,26430,0.0,0.0
2022-11-11 00:00:00-05:00,5.400000095367432,5.5,4.800000190734863,5.0,17770,0.0,0.0
2022-11-14 00:00:00-05:00,5.300000190734863,5.400000095367432,5.0,5.099999904632568,4770,0.0,0.0
2022-11-15 00:00:00-05:00,5.099999904632568,5.5,5.099999904632568,5.300000190734863,4960,0.0,0.0
2022-11-16 00:00:00-05:00,5.099999904632568,5.5,5.099999904632568,5.300000190734863,2070,0.0,0.0
2022-11-17 00:00:00-05:00,5.199999809265137,5.599999904632568,5.199999809265137,5.400000095367432,3980,0.0,0.0
2022-11-18 00:00:00-05:00,5.199999809265137,5.400000095367432,5.0,5.300000190734863,1270,0.0,0.0
2022-11-21 00:00:00-05:00,5.0,5.300000190734863,5.0,5.099999904632568,4840,0.0,0.0
2022-11-22 00:00:00-05:00,5.099999904632568,5.300000190734863,5.099999904632568,5.199999809265137,3180,0.0,0.0
2022-11-23 00:00:00-05:00,5.0,5.099999904632568,4.800000190734863,5.0,5010,0.0,0.0
2022-11-25 00:00:00-05:00,4.900000095367432,5.0,4.800000190734863,5.0,3510,0.0,0.0
2022-11-28 00:00:00-05:00,5.0,5.0,4.599999904632568,4.900000095367432,5180,0.0,0.0
2022-11-29 00:00:00-05:00,4.900000095367432,4.900000095367432,4.599999904632568,4.900000095367432,3980,0.0,0.0
2022-11-30 00:00:00-05:00,4.900000095367432,5.199999809265137,4.800000190734863,5.099999904632568,4310,0.0,0.0
2022-12-01 00:00:00-05:00,5.199999809265137,5.199999809265137,4.900000095367432,5.0,860,0.0,0.0
2022-12-02 00:00:00-05:00,4.800000190734863,5.300000190734863,4.800000190734863,5.300000190734863,4040,0.0,0.0
2022-12-05 00:00:00-05:00,5.300000190734863,5.5,5.0,5.199999809265137,6840,0.0,0.0
2022-12-06 00:00:00-05:00,5.199999809265137,5.199999809265137,4.900000095367432,5.199999809265137,2800,0.0,0.0
2022-12-07 00:00:00-05:00,5.0,5.800000190734863,5.0,5.599999904632568,7060,0.0,0.0
2022-12-08 00:00:00-05:00,5.400000095367432,6.400000095367432,5.400000095367432,6.199999809265137,13700,0.0,0.0
2022-12-09 00:00:00-05:00,6.699999809265137,6.699999809265137,5.900000095367432,6.300000190734863,5180,0.0,0.0
2022-12-12 00:00:00-05:00,5.800000190734863,7.300000190734863,5.800000190734863,7.199999809265137,15950,0.0,0.0
2022-12-13 00:00:00-05:00,7.300000190734863,7.699999809265137,6.099999904632568,6.699999809265137,9370,0.0,0.0
2022-12-14 00:00:00-05:00,6.699999809265137,7.400000095367432,6.5,7.199999809265137,2160,0.0,0.0
2022-12-15 00:00:00-05:00,7.099999904632568,7.099999904632568,5.5,6.0,13720,0.0,0.0
2022-12-16 00:00:00-05:00,5.800000190734863,6.099999904632568,5.400000095367432,5.699999809265137,3620,0.0,0.0
2022-12-19 00:00:00-05:00,5.400000095367432,5.900000095367432,5.400000095367432,5.900000095367432,1870,0.0,0.0
2022-12-20 00:00:00-05:00,5.599999904632568,6.199999809265137,5.599999904632568,5.900000095367432,2900,0.0,0.0
2022-12-21 00:00:00-05:00,6.0,6.0,5.599999904632568,5.599999904632568,1170,0.0,0.0
2022-12-22 00:00:00-05:00,5.699999809265137,5.800000190734863,5.400000095367432,5.400000095367432,3660,0.0,0.0
2022-12-23 00:00:00-05:00,5.800000190734863,6.0,5.400000095367432,5.900000095367432,3620,0.0,0.0
2022-12-27 00:00:00-05:00,5.599999904632568,6.0,5.5,5.800000190734863,3560,0.0,0.0
2022-12-28 00:00:00-05:00,5.800000190734863,6.0,5.599999904632568,5.800000190734863,3090,0.0,0.0
2022-12-29 00:00:00-05:00,6.0,6.0,5.800000190734863,5.800000190734863,4430,0.0,0.0
2022-12-30 00:00:00-05:00,6.0,6.199999809265137,5.800000190734863,5.900000095367432,16610,0.0,0.0
2023-01-03 00:00:00-05:00,6.099999904632568,7.400000095367432,5.900000095367432,7.400000095367432,15540,0.0,0.0
2023-01-04 00:00:00-05:00,6.800000190734863,7.900000095367432,6.800000190734863,7.800000190734863,5570,0.0,0.0
2023-01-05 00:00:00-05:00,8.0,8.5,7.199999809265137,7.599999904632568,18580,0.0,0.0
2023-01-06 00:00:00-05:00,8.300000190734863,8.300000190734863,6.400000095367432,7.800000190734863,17880,0.0,0.0
2023-01-09 00:00:00-05:00,8.199999809265137,8.199999809265137,7.5,7.900000095367432,4890,0.0,0.0
2023-01-10 00:00:00-05:00,8.0,8.0,7.699999809265137,8.0,2710,0.0,0.0
2023-01-11 00:00:00-05:00,8.399999618530273,9.5,8.0,8.800000190734863,18160,0.0,0.0
2023-01-12 00:00:00-05:00,8.899999618530273,8.899999618530273,8.0,8.800000190734863,3430,0.0,0.0
2023-01-13 00:00:00-05:00,8.899999618530273,9.5,8.699999809265137,8.899999618530273,1290,0.0,0.0
2023-01-17 00:00:00-05:00,8.5,9.399999618530273,8.5,9.100000381469727,2360,0.0,0.0
2023-01-18 00:00:00-05:00,8.699999809265137,9.100000381469727,8.600000381469727,8.600000381469727,1050,0.0,0.0
2023-01-19 00:00:00-05:00,8.800000190734863,8.899999618530273,8.600000381469727,8.899999618530273,1670,0.0,0.0
2023-01-20 00:00:00-05:00,8.600000381469727,8.800000190734863,8.600000381469727,8.699999809265137,620,0.0,0.0
2023-01-23 00:00:00-05:00,8.5,9.100000381469727,8.5,8.5,1630,0.0,0.0
2023-01-24 00:00:00-05:00,9.100000381469727,9.100000381469727,8.0,8.600000381469727,5630,0.0,0.0
2023-01-25 00:00:00-05:00,8.600000381469727,8.699999809265137,8.0,8.5,3160,0.0,0.0
2023-01-26 00:00:00-05:00,8.800000190734863,8.800000190734863,8.399999618530273,8.5,610,0.0,0.0
2023-01-27 00:00:00-05:00,8.399999618530273,9.0,8.399999618530273,8.800000190734863,1040,0.0,0.0
2023-01-30 00:00:00-05:00,8.800000190734863,9.5,8.800000190734863,9.399999618530273,6670,0.0,0.0
2023-01-31 00:00:00-05:00,9.399999618530273,9.5,9.399999618530273,9.399999618530273,2110,0.0,0.0
2023-02-01 00:00:00-05:00,9.600000381469727,10.899999618530273,9.600000381469727,10.800000190734863,20120,0.0,0.0
2023-02-02 00:00:00-05:00,10.800000190734863,11.199999809265137,10.800000190734863,10.899999618530273,5440,0.0,0.0
2023-02-03 00:00:00-05:00,10.800000190734863,11.399999618530273,10.5,10.800000190734863,7660,0.0,0.0
2023-02-06 00:00:00-05:00,10.699999809265137,10.800000190734863,10.199999809265137,10.699999809265137,9280,0.0,0.0
2023-02-07 00:00:00-05:00,10.399999618530273,10.600000381469727,10.300000190734863,10.600000381469727,8350,0.0,0.0
2023-02-08 00:00:00-05:00,10.5,10.5,8.300000190734863,8.300000190734863,38360,0.0,0.0
2023-02-09 00:00:00-05:00,8.399999618530273,9.300000190734863,8.399999618530273,8.899999618530273,9380,0.0,0.0
2023-02-10 00:00:00-05:00,8.699999809265137,9.100000381469727,8.5,8.5,7700,0.0,0.0
2023-02-13 00:00:00-05:00,8.399999618530273,8.600000381469727,7.0,8.0,16830,0.0,0.0
2023-02-14 00:00:00-05:00,8.199999809265137,8.300000190734863,7.800000190734863,8.199999809265137,1810,0.0,0.0
2023-02-15 00:00:00-05:00,7.900000095367432,8.5,7.900000095367432,8.100000381469727,1340,0.0,0.0
2023-02-16 00:00:00-05:00,8.5,8.800000190734863,8.100000381469727,8.300000190734863,1910,0.0,0.0
2023-02-17 00:00:00-05:00,8.399999618530273,8.5,8.300000190734863,8.399999618530273,2030,0.0,0.0
2023-02-21 00:00:00-05:00,8.300000190734863,9.0,8.300000190734863,8.600000381469727,4510,0.0,0.0
2023-02-22 00:00:00-05:00,8.600000381469727,9.199999809265137,8.600000381469727,9.0,1360,0.0,0.0
2023-02-23 00:00:00-05:00,9.0,9.5,9.0,9.399999618530273,420,0.0,0.0
2023-02-24 00:00:00-05:00,9.0,9.300000190734863,9.0,9.300000190734863,1320,0.0,0.0
2023-02-27 00:00:00-05:00,8.699999809265137,9.300000190734863,8.300000190734863,9.100000381469727,13110,0.0,0.0
2023-02-28 00:00:00-05:00,9.199999809265137,9.199999809265137,8.300000190734863,8.899999618530273,3350,0.0,0.0
2023-03-01 00:00:00-05:00,8.899999618530273,8.899999618530273,7.800000190734863,8.899999618530273,3610,0.0,0.0
2023-03-02 00:00:00-05:00,8.899999618530273,8.899999618530273,8.600000381469727,8.899999618530273,2320,0.0,0.0
2023-03-03 00:00:00-05:00,8.899999618530273,8.899999618530273,7.900000095367432,8.899999618530273,1180,0.0,0.0
2023-03-06 00:00:00-05:00,8.800000190734863,8.899999618530273,8.600000381469727,8.899999618530273,710,0.0,0.0
2023-03-07 00:00:00-05:00,8.800000190734863,9.399999618530273,8.800000190734863,9.199999809265137,4030,0.0,0.0
2023-03-08 00:00:00-05:00,8.899999618530273,9.600000381469727,8.899999618530273,9.199999809265137,1900,0.0,0.0
2023-03-09 00:00:00-05:00,9.800000190734863,9.800000190734863,7.599999904632568,8.300000190734863,8020,0.0,0.0
2023-03-10 00:00:00-05:00,8.300000190734863,9.0,7.800000190734863,8.0,8810,0.0,0.0
2023-03-13 00:00:00-04:00,8.0,10.300000190734863,8.0,10.300000190734863,40070,0.0,0.0
2023-03-14 00:00:00-04:00,10.0,10.5,9.899999618530273,10.5,16160,0.0,0.0
2023-03-15 00:00:00-04:00,10.399999618530273,11.199999809265137,9.5,11.199999809265137,19330,0.0,0.0
2023-03-16 00:00:00-04:00,9.399999618530273,11.100000381469727,9.399999618530273,10.800000190734863,23180,0.0,0.0
2023-03-17 00:00:00-04:00,10.600000381469727,10.800000190734863,10.399999618530273,10.800000190734863,2700,0.0,0.0
2023-03-20 00:00:00-04:00,10.699999809265137,10.699999809265137,10.5,10.600000381469727,4940,0.0,0.0
2023-03-21 00:00:00-04:00,10.899999618530273,11.0,10.199999809265137,10.600000381469727,10400,0.0,0.0
2023-03-22 00:00:00-04:00,10.0,10.699999809265137,10.0,10.300000190734863,20860,0.0,0.0
2023-03-23 00:00:00-04:00,10.300000190734863,11.399999618530273,10.300000190734863,11.0,33030,0.0,0.0
2023-03-24 00:00:00-04:00,11.0,11.100000381469727,10.800000190734863,11.0,19770,0.0,0.0
2023-03-27 00:00:00-04:00,11.100000381469727,11.300000190734863,10.600000381469727,10.899999618530273,3690,0.0,0.0
2023-03-28 00:00:00-04:00,10.600000381469727,10.800000190734863,10.399999618530273,10.5,2650,0.0,0.0
2023-03-29 00:00:00-04:00,10.5,11.0,10.399999618530273,10.600000381469727,2110,0.0,0.0
2023-03-30 00:00:00-04:00,9.800000190734863,10.699999809265137,9.800000190734863,10.199999809265137,30130,0.0,0.0
2023-03-31 00:00:00-04:00,10.199999809265137,10.5,10.100000381469727,10.199999809265137,17290,0.0,0.0
2023-04-03 00:00:00-04:00,10.600000381469727,10.600000381469727,10.199999809265137,10.300000190734863,2450,0.0,0.0
2023-04-04 00:00:00-04:00,10.300000190734863,10.699999809265137,10.300000190734863,10.5,1180,0.0,0.0
2023-04-05 00:00:00-04:00,10.399999618530273,10.5,9.699999809265137,10.300000190734863,13410,0.0,0.0
2023-04-06 00:00:00-04:00,10.100000381469727,10.5,10.100000381469727,10.199999809265137,3250,0.0,0.0
2023-04-10 00:00:00-04:00,10.100000381469727,10.399999618530273,10.100000381469727,10.300000190734863,4690,0.0,0.0
2023-04-11 00:00:00-04:00,10.0,10.300000190734863,10.0,10.199999809265137,8650,0.0,0.0
2023-04-12 00:00:00-04:00,10.0,10.5,10.0,10.199999809265137,5970,0.0,0.0
2023-04-13 00:00:00-04:00,10.300000190734863,10.300000190734863,10.100000381469727,10.199999809265137,1430,0.0,0.0
2023-04-14 00:00:00-04:00,10.399999618530273,10.399999618530273,10.100000381469727,10.199999809265137,2600,0.0,0.0
2023-04-17 00:00:00-04:00,10.0,10.399999618530273,10.0,10.399999618530273,1540,0.0,0.0
2023-04-18 00:00:00-04:00,10.399999618530273,10.699999809265137,10.399999618530273,10.600000381469727,21730,0.0,0.0
2023-04-19 00:00:00-04:00,10.600000381469727,10.600000381469727,10.300000190734863,10.5,4250,0.0,0.0
2023-04-20 00:00:00-04:00,10.5,10.699999809265137,10.199999809265137,10.699999809265137,11460,0.0,0.0
2023-04-21 00:00:00-04:00,10.600000381469727,10.800000190734863,10.199999809265137,10.699999809265137,14550,0.0,0.0
2023-04-24 00:00:00-04:00,10.5,11.0,10.300000190734863,10.5,23800,0.0,0.0
2023-04-25 00:00:00-04:00,10.600000381469727,10.600000381469727,10.199999809265137,10.600000381469727,9900,0.0,0.0
2023-04-26 00:00:00-04:00,10.300000190734863,10.800000190734863,10.199999809265137,10.699999809265137,1220,0.0,0.0
2023-04-27 00:00:00-04:00,10.5,10.899999618530273,10.300000190734863,10.5,1990,0.0,0.0
2023-04-28 00:00:00-04:00,10.899999618530273,11.0,10.600000381469727,10.899999618530273,7800,0.0,0.0
2023-05-01 00:00:00-04:00,10.699999809265137,11.699999809265137,10.5,11.0,36160,0.0,0.0
2023-05-02 00:00:00-04:00,11.600000381469727,12.399999618530273,10.300000190734863,11.399999618530273,24350,0.0,0.0
2023-05-03 00:00:00-04:00,11.399999618530273,11.800000190734863,11.0,11.300000190734863,3130,0.0,0.0
2023-05-04 00:00:00-04:00,11.100000381469727,11.300000190734863,10.699999809265137,11.300000190734863,2980,0.0,0.0
2023-05-05 00:00:00-04:00,10.300000190734863,11.399999618530273,9.800000190734863,11.300000190734863,8670,0.0,0.0
2023-05-08 00:00:00-04:00,11.399999618530273,11.600000381469727,10.300000190734863,11.399999618530273,5550,0.0,0.0
2023-05-09 00:00:00-04:00,11.5,11.5,10.5,11.199999809265137,7110,0.0,0.0
2023-05-10 00:00:00-04:00,11.300000190734863,11.300000190734863,10.600000381469727,10.899999618530273,2990,0.0,0.0
2023-05-11 00:00:00-04:00,10.899999618530273,11.100000381469727,10.399999618530273,11.100000381469727,4070,0.0,0.0
2023-05-12 00:00:00-04:00,10.699999809265137,11.399999618530273,10.600000381469727,11.300000190734863,15930,0.0,0.0
2023-05-15 00:00:00-04:00,11.300000190734863,11.5,10.5,11.5,28100,0.0,0.0
2023-05-16 00:00:00-04:00,11.399999618530273,12.0,10.800000190734863,12.0,20210,0.0,0.0
2023-05-17 00:00:00-04:00,12.300000190734863,13.0,12.100000381469727,13.0,29840,0.0,0.0
2023-05-18 00:00:00-04:00,13.199999809265137,13.800000190734863,11.699999809265137,12.5,22250,0.0,0.0
2023-05-19 00:00:00-04:00,13.0,14.100000381469727,12.300000190734863,14.100000381469727,7920,0.0,0.0
2023-05-22 00:00:00-04:00,14.699999809265137,16.0,14.399999618530273,15.300000190734863,21840,0.0,0.0
2023-05-23 00:00:00-04:00,15.399999618530273,16.399999618530273,12.800000190734863,14.199999809265137,173330,0.0,0.0
2023-05-24 00:00:00-04:00,14.0,14.199999809265137,13.0,13.899999618530273,28300,0.0,0.0
2023-05-25 00:00:00-04:00,13.899999618530273,15.100000381469727,12.300000190734863,13.100000381469727,50550,0.0,0.0
2023-05-26 00:00:00-04:00,13.0,13.399999618530273,11.100000381469727,12.199999809265137,24050,0.0,0.0
2023-05-30 00:00:00-04:00,11.899999618530273,12.800000190734863,11.5,12.800000190734863,12390,0.0,0.0
2023-05-31 00:00:00-04:00,12.699999809265137,13.0,12.0,12.5,24200,0.0,0.0
2023-06-01 00:00:00-04:00,12.600000381469727,13.399999618530273,11.5,12.399999618530273,22460,0.0,0.0
2023-06-02 00:00:00-04:00,12.100000381469727,12.800000190734863,11.300000190734863,12.0,26730,0.0,0.0
2023-06-05 00:00:00-04:00,11.300000190734863,12.0,10.300000190734863,10.699999809265137,49520,0.0,0.0
2023-06-06 00:00:00-04:00,10.899999618530273,11.600000381469727,10.800000190734863,11.600000381469727,37420,0.0,0.0
2023-06-07 00:00:00-04:00,11.100000381469727,11.699999809265137,10.300000190734863,10.899999618530273,33440,0.0,0.0
2023-06-08 00:00:00-04:00,10.5,11.0,10.0,10.399999618530273,14360,0.0,0.0
2023-06-09 00:00:00-04:00,10.199999809265137,10.600000381469727,9.100000381469727,9.600000381469727,48300,0.0,0.0
2023-06-12 00:00:00-04:00,9.300000190734863,9.899999618530273,8.600000381469727,9.0,28770,0.0,0.0
2023-06-13 00:00:00-04:00,8.899999618530273,9.5,7.900000095367432,8.0,28570,0.0,0.0
2023-06-14 00:00:00-04:00,8.0,8.800000190734863,8.0,8.699999809265137,19500,0.0,0.0
2023-06-15 00:00:00-04:00,8.600000381469727,8.899999618530273,8.5,8.899999618530273,11130,0.0,0.0
2023-06-16 00:00:00-04:00,8.800000190734863,9.0,8.5,8.800000190734863,11170,0.0,0.0
2023-06-20 00:00:00-04:00,8.399999618530273,9.0,8.399999618530273,8.800000190734863,17640,0.0,0.0
2023-06-21 00:00:00-04:00,8.899999618530273,9.0,8.199999809265137,8.5,9730,0.0,0.0
2023-06-22 00:00:00-04:00,8.800000190734863,8.800000190734863,8.5,8.699999809265137,6660,0.0,0.0
2023-06-23 00:00:00-04:00,8.399999618530273,8.899999618530273,8.399999618530273,8.899999618530273,7790,0.0,0.0
2023-06-26 00:00:00-04:00,8.899999618530273,9.300000190734863,8.600000381469727,8.600000381469727,6460,0.0,0.0
2023-06-27 00:00:00-04:00,9.399999618530273,9.399999618530273,8.800000190734863,9.0,4000,0.0,0.0
2023-06-28 00:00:00-04:00,9.199999809265137,9.300000190734863,8.5,9.0,8530,0.0,0.0
2023-06-29 00:00:00-04:00,9.199999809265137,9.199999809265137,8.300000190734863,8.300000190734863,17580,0.0,0.0
2023-06-30 00:00:00-04:00,8.399999618530273,8.800000190734863,8.300000190734863,8.600000381469727,5760,0.0,0.0
2023-07-03 00:00:00-04:00,8.600000381469727,8.600000381469727,8.0,8.600000381469727,2440,0.0,0.0
2023-07-05 00:00:00-04:00,8.399999618530273,8.800000190734863,7.900000095367432,8.300000190734863,8520,0.0,0.0
2023-07-06 00:00:00-04:00,8.300000190734863,8.300000190734863,7.900000095367432,8.199999809265137,5200,0.0,0.0
2023-07-07 00:00:00-04:00,8.5,8.699999809265137,7.900000095367432,8.399999618530273,6050,0.0,0.0
2023-07-10 00:00:00-04:00,8.699999809265137,8.699999809265137,7.800000190734863,8.0,8040,0.0,0.0
2023-07-11 00:00:00-04:00,8.0,8.300000190734863,7.800000190734863,8.0,7990,0.0,0.0
2023-07-12 00:00:00-04:00,8.300000190734863,8.300000190734863,7.699999809265137,7.900000095367432,2270,0.0,0.0
2023-07-13 00:00:00-04:00,7.900000095367432,8.5,7.0,7.300000190734863,8960,0.0,0.0
2023-07-14 00:00:00-04:00,7.199999809265137,7.199999809265137,6.099999904632568,6.699999809265137,12740,0.0,0.0
2023-07-17 00:00:00-04:00,6.699999809265137,7.0,6.699999809265137,6.900000095367432,3750,0.0,0.0
2023-07-18 00:00:00-04:00,7.0,7.300000190734863,6.300000190734863,6.699999809265137,13610,0.0,0.0
2023-07-19 00:00:00-04:00,7.0,7.400000095367432,6.400000095367432,6.800000190734863,31570,0.0,0.0
2023-07-20 00:00:00-04:00,7.300000190734863,7.300000190734863,5.5,5.800000190734863,49620,0.0,0.0
2023-07-21 00:00:00-04:00,5.699999809265137,6.199999809265137,5.400000095367432,6.099999904632568,17870,0.0,0.0
2023-07-24 00:00:00-04:00,6.099999904632568,6.199999809265137,5.5,6.199999809265137,11940,0.0,0.0
2023-07-25 00:00:00-04:00,6.199999809265137,6.199999809265137,5.599999904632568,6.0,13440,0.0,0.0
2023-07-26 00:00:00-04:00,6.199999809265137,6.199999809265137,5.599999904632568,5.900000095367432,9600,0.0,0.0
2023-07-27 00:00:00-04:00,6.099999904632568,6.099999904632568,5.699999809265137,5.900000095367432,6660,0.0,0.0
2023-07-28 00:00:00-04:00,6.199999809265137,6.199999809265137,5.599999904632568,5.900000095367432,32670,0.0,0.0
2023-07-31 00:00:00-04:00,5.699999809265137,6.199999809265137,5.599999904632568,6.199999809265137,43480,0.0,0.0
2023-08-01 00:00:00-04:00,6.199999809265137,7.199999809265137,5.900000095367432,6.800000190734863,29100,0.0,0.0
2023-08-02 00:00:00-04:00,6.699999809265137,7.099999904632568,6.5,7.0,22990,0.0,0.0
2023-08-03 00:00:00-04:00,7.0,7.099999904632568,6.400000095367432,6.599999904632568,13220,0.0,0.0
2023-08-04 00:00:00-04:00,7.099999904632568,7.099999904632568,6.5,6.900000095367432,19240,0.0,0.0
2023-08-07 00:00:00-04:00,7.0,7.0,6.300000190734863,7.0,22990,0.0,0.0
2023-08-08 00:00:00-04:00,6.800000190734863,7.0,6.400000095367432,6.800000190734863,16450,0.0,0.0
2023-08-09 00:00:00-04:00,6.800000190734863,6.800000190734863,6.199999809265137,6.599999904632568,7170,0.0,0.0
2023-08-10 00:00:00-04:00,6.5,7.800000190734863,6.099999904632568,7.800000190734863,25630,0.0,0.0
2023-08-11 00:00:00-04:00,7.5,8.699999809265137,7.5,8.300000190734863,73050,0.0,0.0
2023-08-14 00:00:00-04:00,8.300000190734863,8.600000381469727,7.800000190734863,8.0,36320,0.0,0.0
2023-08-15 00:00:00-04:00,8.399999618530273,8.399999618530273,7.800000190734863,8.100000381469727,6990,0.0,0.0
2023-08-16 00:00:00-04:00,8.199999809265137,8.399999618530273,7.699999809265137,8.100000381469727,14820,0.0,0.0
2023-08-17 00:00:00-04:00,8.100000381469727,8.5,6.5,6.699999809265137,20000,0.0,0.0
2023-08-18 00:00:00-04:00,6.800000190734863,7.300000190734863,6.5,7.199999809265137,16080,0.0,0.0
2023-08-21 00:00:00-04:00,7.099999904632568,7.199999809265137,6.400000095367432,6.900000095367432,4940,0.0,0.0
2023-08-22 00:00:00-04:00,6.5,6.699999809265137,6.0,6.5,34020,0.0,0.0
2023-08-23 00:00:00-04:00,6.5,6.5,5.699999809265137,6.199999809265137,9150,0.0,0.0
2023-08-24 00:00:00-04:00,5.599999904632568,6.199999809265137,5.199999809265137,5.5,9180,0.0,0.0
2023-08-25 00:00:00-04:00,5.5,7.099999904632568,4.699999809265137,5.0,169370,0.0,0.0
2023-08-28 00:00:00-04:00,4.800000190734863,4.800000190734863,4.199999809265137,4.5,60600,0.0,0.0
2023-08-29 00:00:00-04:00,4.599999904632568,4.699999809265137,3.4000000953674316,4.099999904632568,99710,0.0,0.0
2023-08-30 00:00:00-04:00,4.0,4.099999904632568,3.5,3.700000047683716,58770,0.0,0.0
2023-08-31 00:00:00-04:00,3.5999999046325684,3.9000000953674316,3.5999999046325684,3.799999952316284,13650,0.0,0.0
2023-09-01 00:00:00-04:00,3.799999952316284,4.199999809265137,3.799999952316284,4.199999809265137,11070,0.0,0.0
2023-09-05 00:00:00-04:00,4.099999904632568,4.099999904632568,3.700000047683716,3.799999952316284,3780,0.0,0.0
2023-09-06 00:00:00-04:00,3.799999952316284,3.9000000953674316,3.5,3.700000047683716,7840,0.0,0.0
2023-09-07 00:00:00-04:00,3.700000047683716,3.9000000953674316,3.5,3.700000047683716,5760,0.0,0.0
2023-09-08 00:00:00-04:00,3.700000047683716,3.799999952316284,3.5999999046325684,3.700000047683716,4360,0.0,0.0
2023-09-11 00:00:00-04:00,3.700000047683716,3.700000047683716,3.5,3.5999999046325684,23760,0.0,0.0
2023-09-12 00:00:00-04:00,3.700000047683716,3.799999952316284,3.0999999046325684,3.299999952316284,183890,0.0,0.0
2023-09-13 00:00:00-04:00,3.4000000953674316,3.5,3.200000047683716,3.299999952316284,24140,0.0,0.0
2023-09-14 00:00:00-04:00,3.4000000953674316,3.5999999046325684,3.299999952316284,3.5,16550,0.0,0.0
2023-09-15 00:00:00-04:00,3.4000000953674316,3.5999999046325684,3.0,3.299999952316284,51520,0.0,0.0
2023-09-18 00:00:00-04:00,3.009999990463257,3.2899999618530273,2.819999933242798,2.930000066757202,109900,0.0,0.1
2023-09-19 00:00:00-04:00,2.940000057220459,3.190000057220459,2.859999895095825,3.0999999046325684,62700,0.0,0.0
2023-09-20 00:00:00-04:00,3.049999952316284,3.0999999046325684,2.890000104904175,2.930000066757202,28900,0.0,0.0
2023-09-21 00:00:00-04:00,2.8499999046325684,3.059999942779541,2.680000066757202,2.950000047683716,58000,0.0,0.0
2023-09-22 00:00:00-04:00,2.9000000953674316,3.2200000286102295,2.859999895095825,3.1700000762939453,26800,0.0,0.0
2023-09-25 00:00:00-04:00,3.200000047683716,3.440000057220459,3.009999990463257,3.25,8000,0.0,0.0
2023-09-26 00:00:00-04:00,3.3499999046325684,3.3499999046325684,3.049999952316284,3.259999990463257,16200,0.0,0.0
2023-09-27 00:00:00-04:00,3.309999942779541,3.359999895095825,3.140000104904175,3.2799999713897705,12400,0.0,0.0
2023-09-28 00:00:00-04:00,3.2899999618530273,3.5399999618530273,3.2200000286102295,3.299999952316284,13700,0.0,0.0
2023-09-29 00:00:00-04:00,3.5,3.5,3.0999999046325684,3.0999999046325684,7000,0.0,0.0
2023-10-02 00:00:00-04:00,2.859999895095825,3.0999999046325684,2.509999990463257,2.6600000858306885,58700,0.0,0.0
2023-10-03 00:00:00-04:00,2.549999952316284,2.680000066757202,2.4200000762939453,2.549999952316284,26500,0.0,0.0
2023-10-04 00:00:00-04:00,2.5,2.5299999713897705,2.3499999046325684,2.440000057220459,21500,0.0,0.0
2023-10-05 00:00:00-04:00,2.440000057220459,2.490000009536743,2.430000066757202,2.4800000190734863,19400,0.0,0.0
2023-10-06 00:00:00-04:00,2.430000066757202,2.569999933242798,2.369999885559082,2.4600000381469727,6800,0.0,0.0
2023-10-09 00:00:00-04:00,2.4100000858306885,2.490000009536743,2.380000114440918,2.390000104904175,7500,0.0,0.0
2023-10-10 00:00:00-04:00,2.450000047683716,2.4700000286102295,2.390000104904175,2.450000047683716,3600,0.0,0.0
2023-10-11 00:00:00-04:00,2.4800000190734863,2.5999999046325684,2.4100000858306885,2.5199999809265137,10400,0.0,0.0
2023-10-12 00:00:00-04:00,2.5999999046325684,2.6600000858306885,2.490000009536743,2.619999885559082,7500,0.0,0.0
2023-10-13 00:00:00-04:00,2.5399999618530273,2.6600000858306885,2.5,2.6500000953674316,12000,0.0,0.0
2023-10-16 00:00:00-04:00,2.6700000762939453,2.6700000762939453,2.5999999046325684,2.640000104904175,4400,0.0,0.0
2023-10-17 00:00:00-04:00,2.6500000953674316,2.799999952316284,2.609999895095825,2.700000047683716,7300,0.0,0.0
2023-10-18 00:00:00-04:00,2.7300000190734863,2.890000104904175,2.7300000190734863,2.8399999141693115,9600,0.0,0.0
2023-10-19 00:00:00-04:00,2.859999895095825,2.859999895095825,2.759999990463257,2.8499999046325684,2800,0.0,0.0
2023-10-20 00:00:00-04:00,2.809999942779541,2.8399999141693115,2.700000047683716,2.799999952316284,2400,0.0,0.0
2023-10-23 00:00:00-04:00,2.7300000190734863,2.75,2.609999895095825,2.75,14800,0.0,0.0
2023-10-24 00:00:00-04:00,2.75,3.2799999713897705,2.75,2.799999952316284,12100,0.0,0.0
2023-10-25 00:00:00-04:00,2.8299999237060547,2.869999885559082,2.8299999237060547,2.869999885559082,800,0.0,0.0
2023-10-26 00:00:00-04:00,2.9100000858306885,2.9700000286102295,2.9000000953674316,2.940000057220459,1600,0.0,0.0
2023-10-27 00:00:00-04:00,2.799999952316284,2.940000057220459,2.490000009536743,2.5799999237060547,20000,0.0,0.0
2023-10-30 00:00:00-04:00,2.5299999713897705,2.5299999713897705,2.1500000953674316,2.319999933242798,10200,0.0,0.0
2023-10-31 00:00:00-04:00,2.5,2.5,2.1500000953674316,2.359999895095825,6900,0.0,0.0
2023-11-01 00:00:00-04:00,2.109999895095825,2.2200000286102295,2.109999895095825,2.2200000286102295,2800,0.0,0.0
2023-11-02 00:00:00-04:00,2.0299999713897705,2.2100000381469727,2.0299999713897705,2.109999895095825,4100,0.0,0.0
2023-11-03 00:00:00-04:00,2.4000000953674316,2.4000000953674316,2.059999942779541,2.130000114440918,3800,0.0,0.0
2023-11-06 00:00:00-05:00,2.059999942779541,2.140000104904175,1.850000023841858,1.909999966621399,11500,0.0,0.0
2023-11-07 00:00:00-05:00,1.9199999570846558,1.9199999570846558,1.8300000429153442,1.8300000429153442,1700,0.0,0.0
2023-11-08 00:00:00-05:00,1.8899999856948853,1.8899999856948853,1.7200000286102295,1.7599999904632568,8800,0.0,0.0
2023-11-09 00:00:00-05:00,1.75,1.7599999904632568,1.600000023841858,1.600000023841858,15100,0.0,0.0
2023-11-10 00:00:00-05:00,1.690000057220459,1.7000000476837158,1.559999942779541,1.6100000143051147,12500,0.0,0.0
2023-11-13 00:00:00-05:00,1.6100000143051147,1.690000057220459,1.6100000143051147,1.6799999475479126,3600,0.0,0.0
2023-11-14 00:00:00-05:00,1.7899999618530273,1.8300000429153442,1.7100000381469727,1.7899999618530273,16600,0.0,0.0
2023-11-15 00:00:00-05:00,1.6200000047683716,2.0399999618530273,1.6200000047683716,2.0399999618530273,14600,0.0,0.0
2023-11-16 00:00:00-05:00,1.9900000095367432,2.0,1.8799999952316284,1.9199999570846558,4000,0.0,0.0
2023-11-17 00:00:00-05:00,1.899999976158142,1.909999966621399,1.7899999618530273,1.909999966621399,2800,0.0,0.0
2023-11-20 00:00:00-05:00,1.8600000143051147,2.119999885559082,1.7200000286102295,1.9199999570846558,5200,0.0,0.0
2023-11-21 00:00:00-05:00,1.8899999856948853,2.0,1.840000033378601,1.9800000190734863,7000,0.0,0.0
2023-11-22 00:00:00-05:00,1.8300000429153442,2.3399999141693115,1.8200000524520874,2.3399999141693115,18700,0.0,0.0
2023-11-24 00:00:00-05:00,2.3499999046325684,2.3499999046325684,2.059999942779541,2.299999952316284,2400,0.0,0.0
2023-11-27 00:00:00-05:00,2.140000104904175,2.3299999237060547,2.140000104904175,2.309999942779541,4500,0.0,0.0
2023-11-28 00:00:00-05:00,2.25,2.569999933242798,2.25,2.5199999809265137,27100,0.0,0.0
2023-11-29 00:00:00-05:00,2.4800000190734863,3.0,2.4800000190734863,2.630000114440918,45200,0.0,0.0
2023-11-30 00:00:00-05:00,2.4600000381469727,2.890000104904175,2.440000057220459,2.7200000286102295,13000,0.0,0.0
2023-12-01 00:00:00-05:00,2.819999933242798,3.0199999809265137,2.75,2.869999885559082,28900,0.0,0.0
2023-12-04 00:00:00-05:00,2.7100000381469727,2.9200000762939453,2.7100000381469727,2.740000009536743,18300,0.0,0.0
2023-12-05 00:00:00-05:00,2.690000057220459,2.75,2.619999885559082,2.7200000286102295,12300,0.0,0.0
2023-12-06 00:00:00-05:00,2.630000114440918,2.690000057220459,2.509999990463257,2.6500000953674316,3000,0.0,0.0
2023-12-07 00:00:00-05:00,2.549999952316284,2.569999933242798,2.5,2.569999933242798,2900,0.0,0.0
2023-12-08 00:00:00-05:00,2.5,2.5,2.5,2.5,1600,0.0,0.0
2023-12-11 00:00:00-05:00,2.490000009536743,2.490000009536743,2.299999952316284,2.3499999046325684,3500,0.0,0.0
2023-12-12 00:00:00-05:00,2.309999942779541,2.309999942779541,2.069999933242798,2.240000009536743,6800,0.0,0.0
2023-12-13 00:00:00-05:00,2.180000066757202,2.259999990463257,2.0299999713897705,2.240000009536743,9300,0.0,0.0
2023-12-14 00:00:00-05:00,2.140000104904175,2.140000104904175,1.9900000095367432,2.140000104904175,7600,0.0,0.0
2023-12-15 00:00:00-05:00,2.0999999046325684,2.3499999046325684,2.0899999141693115,2.1600000858306885,6000,0.0,0.0
2023-12-18 00:00:00-05:00,2.240000009536743,2.240000009536743,2.069999933242798,2.140000104904175,9000,0.0,0.0
2023-12-19 00:00:00-05:00,2.240000009536743,2.3499999046325684,2.180000066757202,2.2200000286102295,3400,0.0,0.0
2023-12-20 00:00:00-05:00,2.319999933242798,2.619999885559082,2.259999990463257,2.4200000762939453,19400,0.0,0.0
2023-12-21 00:00:00-05:00,2.5399999618530273,2.559999942779541,2.180000066757202,2.4000000953674316,18700,0.0,0.0
2023-12-22 00:00:00-05:00,2.509999990463257,2.509999990463257,2.4200000762939453,2.4200000762939453,1700,0.0,0.0
2023-12-26 00:00:00-05:00,2.4200000762939453,2.4200000762939453,2.4200000762939453,2.4200000762939453,600,0.0,0.0
2023-12-27 00:00:00-05:00,2.2799999713897705,2.4200000762939453,2.2799999713897705,2.3499999046325684,5000,0.0,0.0
2023-12-28 00:00:00-05:00,2.4200000762939453,2.450000047683716,2.319999933242798,2.4000000953674316,10200,0.0,0.0
2023-12-29 00:00:00-05:00,2.380000114440918,2.9700000286102295,2.380000114440918,2.5899999141693115,43200,0.0,0.0
2024-01-02 00:00:00-05:00,2.5999999046325684,2.5999999046325684,2.119999885559082,2.200000047683716,22100,0.0,0.0
2024-01-03 00:00:00-05:00,2.559999942779541,2.559999942779541,2.0,2.069999933242798,38700,0.0,0.0
2024-01-04 00:00:00-05:00,2.200000047683716,2.200000047683716,2.0299999713897705,2.0899999141693115,26200,0.0,0.0
2024-01-05 00:00:00-05:00,2.140000104904175,2.200000047683716,1.840000033378601,1.909999966621399,31400,0.0,0.0
2024-01-08 00:00:00-05:00,1.8600000143051147,1.940000057220459,1.6699999570846558,1.940000057220459,11500,0.0,0.0
2024-01-09 00:00:00-05:00,1.899999976158142,1.940000057220459,1.850000023841858,1.899999976158142,3900,0.0,0.0
2024-01-10 00:00:00-05:00,1.7999999523162842,1.8899999856948853,1.7999999523162842,1.8899999856948853,2900,0.0,0.0
2024-01-11 00:00:00-05:00,1.940000057220459,2.0,1.850000023841858,1.850000023841858,7400,0.0,0.0
2024-01-12 00:00:00-05:00,1.8700000047683716,1.899999976158142,1.850000023841858,1.899999976158142,4300,0.0,0.0
2024-01-16 00:00:00-05:00,1.8799999952316284,2.109999895095825,1.8799999952316284,2.109999895095825,25700,0.0,0.0
2024-01-17 00:00:00-05:00,2.1500000953674316,2.3299999237060547,1.9900000095367432,2.069999933242798,54700,0.0,0.0
2024-01-18 00:00:00-05:00,2.0999999046325684,2.180000066757202,1.8700000047683716,1.8899999856948853,210300,0.0,0.0
2024-01-19 00:00:00-05:00,1.7000000476837158,1.8200000524520874,1.6100000143051147,1.7000000476837158,195300,0.0,0.0
2024-01-22 00:00:00-05:00,1.7400000095367432,2.0199999809265137,1.6699999570846558,1.940000057220459,84400,0.0,0.0
2024-01-23 00:00:00-05:00,1.909999966621399,1.9700000286102295,1.7999999523162842,1.9299999475479126,17200,0.0,0.0
2024-01-24 00:00:00-05:00,1.8799999952316284,2.0899999141693115,1.7100000381469727,1.850000023841858,15800,0.0,0.0
2024-01-25 00:00:00-05:00,1.8600000143051147,1.8600000143051147,1.809999942779541,1.809999942779541,4900,0.0,0.0
2024-01-26 00:00:00-05:00,1.8600000143051147,1.9500000476837158,1.7699999809265137,1.7799999713897705,16500,0.0,0.0
2024-01-29 00:00:00-05:00,1.7599999904632568,2.0,1.600000023841858,1.600000023841858,35200,0.0,0.0
2024-01-30 00:00:00-05:00,1.6299999952316284,1.7699999809265137,1.590000033378601,1.7599999904632568,8800,0.0,0.0
2024-01-31 00:00:00-05:00,1.7699999809265137,1.8300000429153442,1.600000023841858,1.6100000143051147,17900,0.0,0.0
2024-02-01 00:00:00-05:00,1.6100000143051147,1.7200000286102295,1.5499999523162842,1.5499999523162842,10600,0.0,0.0
2024-02-02 00:00:00-05:00,1.5700000524520874,1.75,1.5700000524520874,1.5700000524520874,11300,0.0,0.0
2024-02-05 00:00:00-05:00,1.600000023841858,1.6100000143051147,1.5299999713897705,1.5299999713897705,6100,0.0,0.0
2024-02-06 00:00:00-05:00,1.590000033378601,1.6799999475479126,1.4500000476837158,1.4500000476837158,21900,0.0,0.0
2024-02-07 00:00:00-05:00,1.4500000476837158,1.5099999904632568,1.399999976158142,1.4600000381469727,27200,0.0,0.0
2024-02-08 00:00:00-05:00,1.5199999809265137,1.7999999523162842,1.440000057220459,1.440000057220459,91800,0.0,0.0
2024-02-09 00:00:00-05:00,1.4700000286102295,1.6100000143051147,1.440000057220459,1.5800000429153442,20000,0.0,0.0
2024-02-12 00:00:00-05:00,1.590000033378601,1.600000023841858,1.440000057220459,1.5800000429153442,33100,0.0,0.0
2024-02-13 00:00:00-05:00,1.559999942779541,2.4000000953674316,1.5399999618530273,2.299999952316284,739000,0.0,0.0
2024-02-14 00:00:00-05:00,1.7100000381469727,2.640000104904175,1.6399999856948853,1.9900000095367432,346600,0.0,0.0
2024-02-15 00:00:00-05:00,1.9500000476837158,1.9600000381469727,1.6799999475479126,1.690000057220459,84600,0.0,0.0
2024-02-16 00:00:00-05:00,1.7000000476837158,2.180000066757202,1.7000000476837158,1.9299999475479126,135200,0.0,0.0
2024-02-20 00:00:00-05:00,1.909999966621399,2.0999999046325684,1.8600000143051147,2.0999999046325684,46100,0.0,0.0
2024-02-21 00:00:00-05:00,2.049999952316284,2.240000009536743,1.9199999570846558,2.049999952316284,97000,0.0,0.0
2024-02-22 00:00:00-05:00,2.0,2.180000066757202,1.9800000190734863,1.9800000190734863,25700,0.0,0.0
2024-02-23 00:00:00-05:00,2.059999942779541,2.0999999046325684,1.909999966621399,1.9500000476837158,31700,0.0,0.0
2024-02-26 00:00:00-05:00,1.7000000476837158,1.7000000476837158,1.409999966621399,1.559999942779541,150100,0.0,0.0
2024-02-27 00:00:00-05:00,1.5199999809265137,1.5499999523162842,1.4800000190734863,1.5199999809265137,19800,0.0,0.0
2024-02-28 00:00:00-05:00,1.5199999809265137,1.5399999618530273,1.4199999570846558,1.4800000190734863,16700,0.0,0.0
2024-02-29 00:00:00-05:00,1.5700000524520874,1.5800000429153442,1.4800000190734863,1.5399999618530273,16100,0.0,0.0
2024-03-01 00:00:00-05:00,1.5299999713897705,1.5700000524520874,1.4700000286102295,1.5299999713897705,23000,0.0,0.0
2024-03-04 00:00:00-05:00,1.5399999618530273,1.5700000524520874,1.5099999904632568,1.5299999713897705,28400,0.0,0.0
2024-03-05 00:00:00-05:00,1.5,1.600000023841858,1.409999966621399,1.5199999809265137,10000,0.0,0.0
2024-03-06 00:00:00-05:00,1.5499999523162842,1.5499999523162842,1.4199999570846558,1.4900000095367432,9500,0.0,0.0
2024-03-07 00:00:00-05:00,1.5800000429153442,1.6399999856948853,1.4800000190734863,1.5499999523162842,29100,0.0,0.0
2024-03-08 00:00:00-05:00,1.6399999856948853,1.6399999856948853,1.5499999523162842,1.5700000524520874,28600,0.0,0.0
2024-03-11 00:00:00-04:00,1.600000023841858,1.7100000381469727,1.5,1.5,95700,0.0,0.0
2024-03-12 00:00:00-04:00,1.559999942779541,1.559999942779541,1.4199999570846558,1.4700000286102295,21500,0.0,0.0
2024-03-13 00:00:00-04:00,1.4900000095367432,1.5499999523162842,1.440000057220459,1.5099999904632568,20400,0.0,0.0
2024-03-14 00:00:00-04:00,1.4900000095367432,1.5099999904632568,1.4199999570846558,1.4700000286102295,26300,0.0,0.0
2024-03-15 00:00:00-04:00,1.4900000095367432,1.5,1.4600000381469727,1.4600000381469727,4400,0.0,0.0
2024-03-18 00:00:00-04:00,1.559999942779541,1.559999942779541,1.4500000476837158,1.5099999904632568,24900,0.0,0.0
2024-03-19 00:00:00-04:00,1.5299999713897705,1.5800000429153442,1.5,1.5700000524520874,14400,0.0,0.0
2024-03-20 00:00:00-04:00,1.590000033378601,1.7100000381469727,1.5299999713897705,1.6200000047683716,33800,0.0,0.0
2024-03-21 00:00:00-04:00,1.590000033378601,1.6699999570846558,1.559999942779541,1.6299999952316284,13800,0.0,0.0
2024-03-22 00:00:00-04:00,1.649999976158142,1.75,1.600000023841858,1.6799999475479126,55700,0.0,0.0
2024-03-25 00:00:00-04:00,1.7100000381469727,1.8899999856948853,1.7000000476837158,1.850000023841858,64300,0.0,0.0
2024-03-26 00:00:00-04:00,1.9299999475479126,1.9299999475479126,1.75,1.8300000429153442,20100,0.0,0.0
2024-03-27 00:00:00-04:00,1.7699999809265137,1.8700000047683716,1.649999976158142,1.7000000476837158,96100,0.0,0.0
2024-03-28 00:00:00-04:00,1.6100000143051147,1.7000000476837158,1.4700000286102295,1.5499999523162842,71600,0.0,0.0
2024-04-01 00:00:00-04:00,1.6399999856948853,1.649999976158142,1.5299999713897705,1.6399999856948853,12600,0.0,0.0
2024-04-02 00:00:00-04:00,1.5800000429153442,1.6399999856948853,1.5800000429153442,1.600000023841858,2600,0.0,0.0
2024-04-03 00:00:00-04:00,1.5299999713897705,1.6100000143051147,1.5299999713897705,1.6100000143051147,5800,0.0,0.0
2024-04-04 00:00:00-04:00,1.649999976158142,1.649999976158142,1.5399999618530273,1.5399999618530273,7200,0.0,0.0
2024-04-05 00:00:00-04:00,1.6299999952316284,1.6299999952316284,1.4600000381469727,1.4700000286102295,19200,0.0,0.0
2024-04-08 00:00:00-04:00,1.8799999952316284,1.8899999856948853,1.2200000286102295,1.5199999809265137,7956800,0.0,0.0
2024-04-09 00:00:00-04:00,1.5,1.600000023841858,1.3899999856948853,1.5399999618530273,836500,0.0,0.0
2024-04-10 00:00:00-04:00,1.3700000047683716,1.7200000286102295,1.3200000524520874,1.600000023841858,526500,0.0,0.0
2024-04-11 00:00:00-04:00,1.600000023841858,1.7999999523162842,1.4700000286102295,1.649999976158142,291400,0.0,0.0
2024-04-12 00:00:00-04:00,1.6200000047683716,1.7300000190734863,1.590000033378601,1.6200000047683716,63100,0.0,0.0
2024-04-15 00:00:00-04:00,1.6299999952316284,1.6299999952316284,1.4700000286102295,1.590000033378601,100000,0.0,0.0
2024-04-16 00:00:00-04:00,1.5099999904632568,1.840000033378601,1.4800000190734863,1.7400000095367432,420500,0.0,0.0
2024-04-17 00:00:00-04:00,1.6699999570846558,1.840000033378601,1.6399999856948853,1.8300000429153442,89000,0.0,0.0
2024-04-18 00:00:00-04:00,1.809999942779541,1.9500000476837158,1.7699999809265137,1.8300000429153442,155800,0.0,0.0
2024-04-19 00:00:00-04:00,1.7799999713897705,2.0799999237060547,1.659999966621399,2.069999933242798,147200,0.0,0.0
2024-04-22 00:00:00-04:00,1.9700000286102295,2.200000047683716,1.899999976158142,1.909999966621399,173900,0.0,0.0
2024-04-23 00:00:00-04:00,1.899999976158142,2.0,1.850000023841858,1.9500000476837158,26200,0.0,0.0
2024-04-24 00:00:00-04:00,1.909999966621399,2.0,1.8600000143051147,1.8700000047683716,26600,0.0,0.0
2024-04-25 00:00:00-04:00,1.899999976158142,2.0299999713897705,1.8799999952316284,1.9800000190734863,33500,0.0,0.0
2024-04-26 00:00:00-04:00,2.0899999141693115,2.0899999141693115,1.899999976158142,2.069999933242798,36900,0.0,0.0
2024-04-29 00:00:00-04:00,1.8600000143051147,2.0399999618530273,1.8600000143051147,2.0299999713897705,47400,0.0,0.0
2024-04-30 00:00:00-04:00,2.009999990463257,2.0299999713897705,1.7999999523162842,1.899999976158142,42000,0.0,0.0
2024-05-01 00:00:00-04:00,1.9299999475479126,1.9600000381469727,1.7999999523162842,1.8899999856948853,43400,0.0,0.0
2024-05-02 00:00:00-04:00,1.9700000286102295,1.9700000286102295,1.75,1.8200000524520874,30400,0.0,0.0
2024-05-03 00:00:00-04:00,1.8700000047683716,1.8700000047683716,1.7599999904632568,1.8700000047683716,12200,0.0,0.0
2024-05-06 00:00:00-04:00,1.9199999570846558,1.9199999570846558,1.7799999713897705,1.899999976158142,16500,0.0,0.0
2024-05-07 00:00:00-04:00,1.7999999523162842,1.9800000190734863,1.7999999523162842,1.9600000381469727,35500,0.0,0.0
2024-05-08 00:00:00-04:00,1.9500000476837158,1.9800000190734863,1.7899999618530273,1.8600000143051147,47700,0.0,0.0
2024-05-09 00:00:00-04:00,1.909999966621399,1.909999966621399,1.7799999713897705,1.840000033378601,33200,0.0,0.0
2024-05-10 00:00:00-04:00,1.399999976158142,1.909999966621399,1.25,1.909999966621399,2266500,0.0,0.0
2024-05-13 00:00:00-04:00,1.6299999952316284,1.7599999904632568,1.3799999952316284,1.5399999618530273,248100,0.0,0.0
2024-05-14 00:00:00-04:00,1.5099999904632568,1.6699999570846558,1.3899999856948853,1.5,236200,0.0,0.0
2024-05-15 00:00:00-04:00,1.4500000476837158,1.4800000190734863,1.3700000047683716,1.399999976158142,101800,0.0,0.0
2024-05-16 00:00:00-04:00,1.3600000143051147,1.440000057220459,1.3200000524520874,1.399999976158142,59400,0.0,0.0
2024-05-17 00:00:00-04:00,1.3700000047683716,1.5,1.350000023841858,1.399999976158142,114600,0.0,0.0
2024-05-20 00:00:00-04:00,1.3799999952316284,1.4800000190734863,1.3799999952316284,1.409999966621399,71100,0.0,0.0
2024-05-21 00:00:00-04:00,1.399999976158142,1.5,1.3799999952316284,1.4199999570846558,290500,0.0,0.0
2024-05-22 00:00:00-04:00,1.3899999856948853,1.4700000286102295,1.3899999856948853,1.4199999570846558,69200,0.0,0.0
2024-05-23 00:00:00-04:00,1.399999976158142,1.4500000476837158,1.3899999856948853,1.409999966621399,22000,0.0,0.0
2024-05-24 00:00:00-04:00,1.3799999952316284,1.4500000476837158,1.3799999952316284,1.440000057220459,8600,0.0,0.0
2024-05-28 00:00:00-04:00,1.440000057220459,1.4900000095367432,1.4199999570846558,1.4500000476837158,13000,0.0,0.0
2024-05-29 00:00:00-04:00,1.5199999809265137,1.5199999809265137,1.4199999570846558,1.4600000381469727,10300,0.0,0.0
2024-05-30 00:00:00-04:00,1.4800000190734863,1.4900000095367432,1.4199999570846558,1.4600000381469727,30100,0.0,0.0
2024-05-31 00:00:00-04:00,1.4700000286102295,1.4800000190734863,1.4299999475479126,1.4800000190734863,8400,0.0,0.0
2024-06-03 00:00:00-04:00,1.4800000190734863,1.5,1.399999976158142,1.4800000190734863,16700,0.0,0.0
2024-06-04 00:00:00-04:00,1.4299999475479126,1.649999976158142,1.409999966621399,1.649999976158142,159400,0.0,0.0
2024-06-05 00:00:00-04:00,1.600000023841858,1.7999999523162842,1.5499999523162842,1.7200000286102295,190600,0.0,0.0
2024-06-06 00:00:00-04:00,1.7200000286102295,1.7899999618530273,1.7000000476837158,1.7799999713897705,30200,0.0,0.0
2024-06-07 00:00:00-04:00,1.7100000381469727,1.850000023841858,1.6399999856948853,1.7799999713897705,143500,0.0,0.0
2024-06-10 00:00:00-04:00,1.7699999809265137,1.7999999523162842,1.6799999475479126,1.7899999618530273,20300,0.0,0.0
2024-06-11 00:00:00-04:00,1.7400000095367432,1.7799999713897705,1.649999976158142,1.7200000286102295,142800,0.0,0.0
2024-06-12 00:00:00-04:00,1.6699999570846558,1.899999976158142,1.6699999570846558,1.8300000429153442,172300,0.0,0.0
2024-06-13 00:00:00-04:00,1.7999999523162842,2.009999990463257,1.7699999809265137,1.9900000095367432,134200,0.0,0.0
2024-06-14 00:00:00-04:00,1.9299999475479126,1.9900000095367432,1.8600000143051147,1.9700000286102295,95200,0.0,0.0
2024-06-17 00:00:00-04:00,1.9299999475479126,2.0999999046325684,1.8700000047683716,2.0399999618530273,45100,0.0,0.0
2024-06-18 00:00:00-04:00,2.0,2.0399999618530273,1.9500000476837158,2.009999990463257,11600,0.0,0.0
2024-06-20 00:00:00-04:00,2.0399999618530273,2.059999942779541,1.899999976158142,1.9800000190734863,173800,0.0,0.0
2024-06-21 00:00:00-04:00,1.9900000095367432,2.440000057220459,1.909999966621399,2.2799999713897705,454400,0.0,0.0
2024-06-24 00:00:00-04:00,2.200000047683716,2.5999999046325684,2.200000047683716,2.559999942779541,194900,0.0,0.0
2024-06-25 00:00:00-04:00,2.640000104904175,2.6600000858306885,2.049999952316284,2.2200000286102295,180200,0.0,0.0
2024-06-26 00:00:00-04:00,2.2200000286102295,2.440000057220459,2.0399999618530273,2.319999933242798,344800,0.0,0.0
2024-06-27 00:00:00-04:00,2.359999895095825,2.609999895095825,2.2899999618530273,2.569999933242798,136300,0.0,0.0
2024-06-28 00:00:00-04:00,2.549999952316284,2.7899999618530273,2.4000000953674316,2.7899999618530273,121200,0.0,0.0
2024-07-01 00:00:00-04:00,2.619999885559082,2.740000009536743,2.4000000953674316,2.430000066757202,29200,0.0,0.0
2024-07-02 00:00:00-04:00,2.4100000858306885,2.7899999618530273,2.369999885559082,2.6500000953674316,268400,0.0,0.0
2024-07-03 00:00:00-04:00,2.5999999046325684,3.200000047683716,2.440000057220459,2.880000114440918,582200,0.0,0.0
2024-07-05 00:00:00-04:00,2.880000114440918,3.299999952316284,2.700000047683716,3.119999885559082,418800,0.0,0.0
2024-07-08 00:00:00-04:00,3.1500000953674316,4.0,3.119999885559082,3.759999990463257,1067800,0.0,0.0
2024-07-09 00:00:00-04:00,3.950000047683716,4.75,2.4100000858306885,3.619999885559082,2597300,0.0,0.0
2024-07-10 00:00:00-04:00,3.549999952316284,5.739999771118164,3.549999952316284,5.460000038146973,1893100,0.0,0.0
2024-07-11 00:00:00-04:00,5.690000057220459,6.409999847412109,5.309999942779541,5.960000038146973,1815500,0.0,0.0
2024-07-12 00:00:00-04:00,5.559999942779541,6.389999866485596,4.5,5.050000190734863,977100,0.0,0.0
2024-07-15 00:00:00-04:00,5.110000133514404,5.590000152587891,4.900000095367432,5.170000076293945,160000,0.0,0.0
2024-07-16 00:00:00-04:00,5.150000095367432,5.78000020980835,4.039999961853027,4.059999942779541,488900,0.0,0.0
2024-07-17 00:00:00-04:00,4.090000152587891,4.300000190734863,3.359999895095825,3.640000104904175,560100,0.0,0.0
2024-07-18 00:00:00-04:00,3.6600000858306885,3.8399999141693115,3.3299999237060547,3.609999895095825,133600,0.0,0.0
2024-07-19 00:00:00-04:00,3.6500000953674316,4.199999809265137,3.4700000286102295,3.7300000190734863,582400,0.0,0.0
2024-07-22 00:00:00-04:00,4.179999828338623,4.460000038146973,3.5,3.8299999237060547,611500,0.0,0.0
2024-07-23 00:00:00-04:00,3.7100000381469727,3.890000104904175,3.5199999809265137,3.7200000286102295,553700,0.0,0.0
2024-07-24 00:00:00-04:00,3.869999885559082,4.380000114440918,3.6500000953674316,3.990000009536743,641800,0.0,0.0
2024-07-25 00:00:00-04:00,4.0,4.46999979019165,3.740000009536743,4.150000095367432,937000,0.0,0.0
2024-07-26 00:00:00-04:00,4.070000171661377,4.400000095367432,3.5299999713897705,4.159999847412109,843500,0.0,0.0
2024-07-29 00:00:00-04:00,4.079999923706055,4.829999923706055,3.799999952316284,3.930000066757202,1184300,0.0,0.0
2024-07-30 00:00:00-04:00,3.940000057220459,4.099999904632568,3.25,3.930000066757202,689100,0.0,0.0
2024-07-31 00:00:00-04:00,3.9000000953674316,4.480000019073486,2.890000104904175,4.139999866485596,1548800,0.0,0.0
2024-08-01 00:00:00-04:00,4.090000152587891,4.349999904632568,3.809999942779541,4.159999847412109,532300,0.0,0.0
2024-08-02 00:00:00-04:00,4.139999866485596,4.320000171661377,4.010000228881836,4.25,268700,0.0,0.0
2024-08-05 00:00:00-04:00,4.099999904632568,4.190000057220459,3.7799999713897705,3.809999942779541,560900,0.0,0.0
2024-08-06 00:00:00-04:00,3.799999952316284,3.880000114440918,3.5,3.5199999809265137,500000,0.0,0.0
2024-08-07 00:00:00-04:00,3.549999952316284,3.7100000381469727,2.450000047683716,2.559999942779541,362000,0.0,0.0
2024-08-08 00:00:00-04:00,2.5399999618530273,3.1500000953674316,2.4800000190734863,3.0,77800,0.0,0.0
2024-08-09 00:00:00-04:00,2.740000009536743,3.009999990463257,2.700000047683716,2.9600000381469727,56500,0.0,0.0
2024-08-12 00:00:00-04:00,2.990000009536743,2.990000009536743,2.7200000286102295,2.8299999237060547,31800,0.0,0.0
2024-08-13 00:00:00-04:00,2.819999933242798,2.990000009536743,2.7200000286102295,2.759999990463257,15600,0.0,0.0
2024-08-14 00:00:00-04:00,2.759999990463257,2.8299999237060547,2.630000114440918,2.6600000858306885,27300,0.0,0.0
2024-08-15 00:00:00-04:00,2.7300000190734863,2.7799999713897705,2.549999952316284,2.6700000762939453,42400,0.0,0.0
2024-08-16 00:00:00-04:00,2.7699999809265137,2.890000104904175,2.5899999141693115,2.6600000858306885,31500,0.0,0.0
2024-08-19 00:00:00-04:00,2.7200000286102295,2.819999933242798,2.630000114440918,2.7699999809265137,55400,0.0,0.0
2024-08-20 00:00:00-04:00,2.819999933242798,4.190000057220459,2.680000066757202,3.180000066757202,4345000,0.0,0.0
2024-08-21 00:00:00-04:00,3.180000066757202,3.640000104904175,3.130000114440918,3.190000057220459,2142500,0.0,0.0
2024-08-22 00:00:00-04:00,3.450000047683716,3.5799999237060547,1.9500000476837158,2.380000114440918,4248100,0.0,0.0
2024-08-23 00:00:00-04:00,2.380000114440918,2.9800000190734863,2.0999999046325684,2.180000066757202,3945200,0.0,0.0
2024-08-26 00:00:00-04:00,2.2100000381469727,2.440000057220459,1.909999966621399,2.190000057220459,317200,0.0,0.0
2024-08-27 00:00:00-04:00,2.180000066757202,2.4200000762939453,2.1600000858306885,2.2899999618530273,221100,0.0,0.0
2024-08-28 00:00:00-04:00,2.319999933242798,2.319999933242798,1.9199999570846558,1.9700000286102295,213100,0.0,0.0
2024-08-29 00:00:00-04:00,2.059999942779541,2.1700000762939453,1.9199999570846558,2.069999933242798,142300,0.0,0.0
2024-08-30 00:00:00-04:00,2.0899999141693115,2.3399999141693115,1.9600000381469727,2.3399999141693115,159000,0.0,0.0
2024-09-03 00:00:00-04:00,2.240000009536743,2.240000009536743,1.9500000476837158,1.9700000286102295,199400,0.0,0.0
2024-09-04 00:00:00-04:00,1.9700000286102295,2.0999999046325684,1.8700000047683716,1.9500000476837158,50800,0.0,0.0
2024-09-05 00:00:00-04:00,1.9199999570846558,2.049999952316284,1.6699999570846558,1.850000023841858,131200,0.0,0.0
2024-09-06 00:00:00-04:00,1.8700000047683716,1.940000057220459,1.7699999809265137,1.850000023841858,68000,0.0,0.0
2024-09-09 00:00:00-04:00,1.850000023841858,1.9199999570846558,1.7100000381469727,1.809999942779541,142600,0.0,0.0
2024-09-10 00:00:00-04:00,1.7999999523162842,1.8799999952316284,1.6200000047683716,1.649999976158142,139700,0.0,0.0
2024-09-11 00:00:00-04:00,1.649999976158142,1.7300000190734863,1.5,1.5099999904632568,148300,0.0,0.0
2024-09-12 00:00:00-04:00,1.4900000095367432,1.5099999904632568,0.6600000262260437,0.7900000214576721,1265900,0.0,0.0
2024-09-13 00:00:00-04:00,0.800000011920929,1.1799999475479126,0.800000011920929,1.0700000524520874,1182400,0.0,0.0
2024-09-16 00:00:00-04:00,1.0,1.1100000143051147,0.9800000190734863,1.0199999809265137,117300,0.0,0.0
2024-09-17 00:00:00-04:00,1.0399999618530273,1.0800000429153442,0.9900000095367432,1.059999942779541,52600,0.0,0.0
2024-09-18 00:00:00-04:00,1.0499999523162842,1.1200000047683716,1.0099999904632568,1.100000023841858,95700,0.0,0.0
2024-09-19 00:00:00-04:00,1.1100000143051147,1.1200000047683716,0.949999988079071,1.0199999809265137,195300,0.0,0.0
2024-09-20 00:00:00-04:00,1.0199999809265137,1.0399999618530273,0.9300000071525574,0.9800000190734863,135400,0.0,0.0
2024-09-23 00:00:00-04:00,0.949999988079071,1.0299999713897705,0.7200000286102295,0.7900000214576721,395400,0.0,0.0
2024-09-24 00:00:00-04:00,0.8199999928474426,0.8500000238418579,0.6899999976158142,0.75,238600,0.0,0.0
2024-09-25 00:00:00-04:00,0.75,0.800000011920929,0.7200000286102295,0.7799999713897705,50600,0.0,0.0
2024-09-26 00:00:00-04:00,0.800000011920929,0.8399999737739563,0.75,0.8299999833106995,64700,0.0,0.0
2024-09-27 00:00:00-04:00,0.8700000047683716,0.8799999952316284,0.8100000023841858,0.8100000023841858,140300,0.0,0.0
2024-09-30 00:00:00-04:00,0.8500000238418579,0.8600000143051147,0.7300000190734863,0.7599999904632568,171900,0.0,0.0
2024-10-01 00:00:00-04:00,0.7599999904632568,0.7599999904632568,0.7300000190734863,0.75,27900,0.0,0.0
2024-10-02 00:00:00-04:00,0.7599999904632568,0.7599999904632568,0.699999988079071,0.7300000190734863,171100,0.0,0.0
2024-10-03 00:00:00-04:00,0.7900000214576721,0.7900000214576721,0.7099999785423279,0.7200000286102295,129400,0.0,0.0
2024-10-04 00:00:00-04:00,0.7200000286102295,0.7699999809265137,0.6700000166893005,0.699999988079071,84400,0.0,0.0
2024-10-07 00:00:00-04:00,0.699999988079071,0.699999988079071,0.6499999761581421,0.699999988079071,77900,0.0,0.0
2024-10-08 00:00:00-04:00,0.7099999785423279,0.8199999928474426,0.6600000262260437,0.699999988079071,462600,0.0,0.0
2024-10-09 00:00:00-04:00,0.699999988079071,0.7099999785423279,0.6499999761581421,0.6499999761581421,100600,0.0,0.0
2024-10-10 00:00:00-04:00,0.6800000071525574,0.7300000190734863,0.6399999856948853,0.7099999785423279,339300,0.0,0.0
2024-10-11 00:00:00-04:00,0.699999988079071,0.7300000190734863,0.6899999976158142,0.699999988079071,279700,0.0,0.0
2024-10-14 00:00:00-04:00,0.7099999785423279,0.75,0.6700000166893005,0.6800000071525574,178400,0.0,0.0
2024-10-15 00:00:00-04:00,0.699999988079071,0.699999988079071,0.6499999761581421,0.6899999976158142,191400,0.0,0.0
2024-10-16 00:00:00-04:00,0.6800000071525574,0.7200000286102295,0.6399999856948853,0.6499999761581421,258600,0.0,0.0
2024-10-17 00:00:00-04:00,0.75,0.7699999809265137,0.550000011920929,0.5799999833106995,7098000,0.0,0.0
2024-10-18 00:00:00-04:00,0.6499999761581421,0.6600000262260437,0.46000000834465027,0.5400000214576721,3585800,0.0,0.0
2024-10-21 00:00:00-04:00,0.49000000953674316,0.5600000023841858,0.49000000953674316,0.5299999713897705,1027700,0.0,0.0
2024-10-22 00:00:00-04:00,0.5099999904632568,0.5099999904632568,0.49000000953674316,0.5,680000,0.0,0.0
2024-10-23 00:00:00-04:00,0.5,0.5099999904632568,0.4399999976158142,0.4699999988079071,803500,0.0,0.0
2024-10-24 00:00:00-04:00,0.4399999976158142,0.46000000834465027,0.4000000059604645,0.41999998688697815,2727300,0.0,0.0
2024-10-25 00:00:00-04:00,0.46000000834465027,0.47999998927116394,0.3700000047683716,0.3799999952316284,2797000,0.0,0.0
2024-10-28 00:00:00-04:00,0.38999998569488525,0.38999998569488525,0.36000001430511475,0.38999998569488525,871500,0.0,0.0
2024-10-29 00:00:00-04:00,0.3799999952316284,0.38999998569488525,0.3100000023841858,0.3400000035762787,984000,0.0,0.0
2024-10-30 00:00:00-04:00,0.33000001311302185,0.36000001430511475,0.3100000023841858,0.3400000035762787,655600,0.0,0.0
2024-10-31 00:00:00-04:00,0.33000001311302185,0.3400000035762787,0.30000001192092896,0.33000001311302185,692100,0.0,0.0
2024-11-01 00:00:00-04:00,0.3199999928474426,0.36000001430511475,0.2800000011920929,0.30000001192092896,1763100,0.0,0.0
2024-11-04 00:00:00-05:00,0.2800000011920929,0.28999999165534973,0.23000000417232513,0.2800000011920929,903700,0.0,0.0
2024-11-05 00:00:00-05:00,0.2800000011920929,0.3700000047683716,0.27000001072883606,0.3199999928474426,6242100,0.0,0.0
2024-11-06 00:00:00-05:00,0.2800000011920929,0.28999999165534973,0.23000000417232513,0.2800000011920929,1230200,0.0,0.0
2024-11-07 00:00:00-05:00,0.2800000011920929,0.3199999928474426,0.2800000011920929,0.30000001192092896,909200,0.0,0.0
2024-11-08 00:00:00-05:00,0.30000001192092896,0.30000001192092896,0.2800000011920929,0.2800000011920929,748300,0.0,0.0
2024-11-11 00:00:00-05:00,0.28999999165534973,0.3100000023841858,0.2800000011920929,0.3100000023841858,493600,0.0,0.0
2024-11-12 00:00:00-05:00,0.3199999928474426,0.3199999928474426,0.2800000011920929,0.30000001192092896,715800,0.0,0.0
2024-11-13 00:00:00-05:00,0.28999999165534973,0.33000001311302185,0.27000001072883606,0.30000001192092896,843100,0.0,0.0
2024-11-14 00:00:00-05:00,0.30000001192092896,0.3199999928474426,0.2800000011920929,0.30000001192092896,844900,0.0,0.0
2024-11-15 00:00:00-05:00,0.28999999165534973,0.3199999928474426,0.2800000011920929,0.3100000023841858,1280900,0.0,0.0
2024-11-18 00:00:00-05:00,0.30000001192092896,0.30000001192092896,0.27000001072883606,0.2800000011920929,1402600,0.0,0.0
2024-11-19 00:00:00-05:00,0.27000001072883606,0.2800000011920929,0.25,0.25999999046325684,567300,0.0,0.0
2024-11-20 00:00:00-05:00,0.25999999046325684,0.272599995136261,0.25,0.25099998712539673,463688,0.0,0.0
