Date,Open,High,Low,Close,Volume,Dividends,Stock Splits
2022-01-03 00:00:00-05:00,21.68419288370226,22.350008902401317,21.62665357617165,21.74995231628418,292000,0.0,0.0
2022-01-04 00:00:00-05:00,21.947234082223577,22.448649211141507,21.947234082223577,22.21027183532715,181300,0.0,0.0
2022-01-05 00:00:00-05:00,22.333569835854806,22.473308833475354,21.7335147857666,21.7335147857666,196000,0.0,0.0
2022-01-06 00:00:00-05:00,21.963674607536113,22.16095293890523,21.717077085281918,21.930795669555664,174200,0.0,0.0
2022-01-07 00:00:00-05:00,21.77461138533154,22.037649099881428,21.61843215438187,21.725292205810547,164200,0.0,0.0
2022-01-10 00:00:00-05:00,21.684196962720172,21.81571742045289,21.182781782897436,21.7828369140625,311600,0.0,0.0
2022-01-11 00:00:00-05:00,21.832154474559793,22.14451299061427,21.66775665837787,22.12807273864746,261200,0.0,0.0
2022-01-12 00:00:00-05:00,22.284251283226833,22.432210410533642,21.98833302861322,22.02121353149414,395300,0.0,0.0
2022-01-13 00:00:00-05:00,22.325349627654447,22.506187684211024,22.062311884361744,22.169170379638672,292800,0.0,0.0
2022-01-14 00:00:00-05:00,21.955454163096075,22.317131882615566,21.56911763240559,21.67597770690918,356300,0.0,0.0
2022-01-18 00:00:00-05:00,21.49513517214393,22.16094963729819,21.380056554613915,21.93901252746582,340600,0.0,0.0
2022-01-19 00:00:00-05:00,21.914351172035797,22.086970658441917,20.87041883222444,20.90329933166504,249700,0.0,0.0
2022-01-20 00:00:00-05:00,20.936178047693943,21.059478351498033,19.90046584340763,19.941566467285156,300000,0.0,0.0
2022-01-21 00:00:00-05:00,19.859366752248814,20.62382110890592,19.7689469477066,20.031986236572266,387700,0.0,0.0
2022-01-24 00:00:00-05:00,19.74428737390542,20.821098590487598,19.61276851849821,20.796438217163086,282500,0.0,0.0
2022-01-25 00:00:00-05:00,20.393666243001512,20.54984550785326,20.04020864941383,20.25392723083496,334800,0.0,0.0
2022-01-26 00:00:00-05:00,20.492302690468506,20.516961497454904,19.473030715546408,19.703187942504883,315100,0.0,0.0
2022-01-27 00:00:00-05:00,19.727851215248386,20.11418773712865,19.357953377830977,19.53057289123535,333800,0.0,0.0
2022-01-28 00:00:00-05:00,20.985502528461264,21.363618928408734,18.98805731980904,19.966230392456055,771800,0.0,0.0
2022-01-31 00:00:00-05:00,19.925128326761488,20.763562328667383,19.86758901507104,20.722461700439453,623000,0.0,0.0
2022-02-01 00:00:00-05:00,20.83754469354967,20.977283712657194,20.442988016479788,20.673145294189453,602600,0.0,0.0
2022-02-02 00:00:00-05:00,20.664919995363896,20.714240743525142,20.196383862631354,20.681360244750977,470900,0.0,0.0
2022-02-03 00:00:00-05:00,20.615602996250114,20.944400179637547,20.442985062907454,20.714242935180664,322500,0.0,0.0
2022-02-04 00:00:00-05:00,20.763562342691866,20.944400403530935,20.13884690366328,20.78000259399414,517400,0.0,0.0
2022-02-07 00:00:00-05:00,20.78831758867148,21.004516281916395,20.613696482217566,20.771686553955078,354500,0.29,0.0
2022-02-08 00:00:00-05:00,20.821576414693798,21.345441238475033,20.771683318316523,21.27060317993164,296500,0.0,0.0
2022-02-09 00:00:00-05:00,21.353758855351046,21.41196588749517,21.14587569139478,21.30386734008789,325700,0.0,0.0
2022-02-10 00:00:00-05:00,21.037775747739616,21.428597114557373,20.888101200599987,21.07935333251953,418300,0.0,0.0
2022-02-11 00:00:00-05:00,21.037772986847518,21.41196327064645,20.90472790505734,21.09598159790039,295300,0.0,0.0
2022-02-14 00:00:00-05:00,21.137562838816763,21.345446028975847,20.746743012285915,20.82989501953125,404600,0.0,0.0
2022-02-15 00:00:00-05:00,20.97125249228662,21.30386681524041,20.96293697561051,21.03777503967285,266700,0.0,0.0
2022-02-16 00:00:00-05:00,20.946309292091158,21.145876951054696,20.630325975881814,20.83820915222168,470000,0.0,0.0
2022-02-17 00:00:00-05:00,20.655269567990914,20.829890649801257,20.464017453811238,20.588747024536133,456800,0.0,0.0
2022-02-18 00:00:00-05:00,20.505596434366627,20.913047270605603,20.505596434366627,20.671903610229492,390400,0.0,0.0
2022-02-22 00:00:00-05:00,21.17913678682379,21.786156848549236,20.871470583422777,21.445228576660156,939300,0.0,0.0
2022-02-23 00:00:00-05:00,21.54500895419884,21.569955502489698,19.391339451786397,19.4744930267334,1633800,0.0,0.0
2022-02-24 00:00:00-05:00,19.133567782086388,21.046092374146482,19.075360746348792,20.90473175048828,974700,0.0,0.0
2022-02-25 00:00:00-05:00,20.813266832814175,21.495123484152924,20.572121556303998,21.245662689208984,484600,0.0,0.0
2022-02-28 00:00:00-05:00,21.245658829930424,21.927516943432465,21.162506832743325,21.669740676879883,420300,0.0,0.0
2022-03-01 00:00:00-05:00,21.603220744259826,21.78615896668472,20.962940137818453,21.154193878173828,500400,0.0,0.0
2022-03-02 00:00:00-05:00,21.11261327042101,21.727947235107422,21.0627217559931,21.727947235107422,404800,0.0,0.0
2022-03-03 00:00:00-05:00,21.952464236340536,22.077193831372018,21.594904900833534,22.03561782836914,375200,0.0,0.0
2022-03-04 00:00:00-05:00,21.952464452836658,22.002355974136712,21.428599514128916,21.81110382080078,250800,0.0,0.0
2022-03-07 00:00:00-05:00,21.91920227978892,21.91920227978892,20.330974964143433,20.37255096435547,537700,0.0,0.0
2022-03-08 00:00:00-05:00,20.43907317016411,21.212398814784244,20.181298483964973,20.88810157775879,414100,0.0,0.0
2022-03-09 00:00:00-05:00,21.212395647961177,21.686368950091502,21.037772986847518,21.09598159790039,329700,0.0,0.0
2022-03-10 00:00:00-05:00,20.913046035773018,21.653111180039815,20.904730518868597,21.60321807861328,287600,0.0,0.0
2022-03-11 00:00:00-05:00,21.65311199708557,21.894255652322272,21.495120341985338,21.520065307617188,218200,0.0,0.0
2022-03-14 00:00:00-04:00,21.78616011175083,22.509592763474433,21.769529075015747,21.927520751953125,389500,0.0,0.0
2022-03-15 00:00:00-04:00,22.035618146036718,22.24350133609367,21.520067136845416,21.711320877075195,304800,0.0,0.0
2022-03-16 00:00:00-04:00,21.94415148034033,22.434755990429522,21.94415148034033,22.40981101989746,301200,0.0,0.0
2022-03-17 00:00:00-04:00,22.18529243090728,22.576112224379028,22.18529243090728,22.56779670715332,235400,0.0,0.0
2022-03-18 00:00:00-04:00,22.47632755583713,22.576110583246564,22.085506204752743,22.243497848510742,1434900,0.0,0.0
2022-03-21 00:00:00-04:00,22.218552295144654,22.33496794704038,21.67805637870498,21.7030029296875,331600,0.0,0.0
2022-03-22 00:00:00-04:00,21.90257185351207,22.384860765069092,21.88594081855633,22.285076141357422,517000,0.0,0.0
2022-03-23 00:00:00-04:00,22.11876824872429,22.401489469467634,21.744577931263215,21.752893447875977,331700,0.0,0.0
2022-03-24 00:00:00-04:00,21.786157991761243,21.902572065532773,21.561643775753744,21.827733993530273,188700,0.0,0.0
2022-03-25 00:00:00-04:00,21.902571049331332,22.235183806119945,21.85267953231872,22.135400772094727,355000,0.0,0.0
2022-03-28 00:00:00-04:00,21.944146860250893,22.609373954123807,21.7528947249968,22.592742919921875,719000,0.0,0.0
2022-03-29 00:00:00-04:00,22.850516513595185,23.316175932852257,22.775678449286822,23.000192642211914,325900,0.0,0.0
2022-03-30 00:00:00-04:00,22.833885254414,22.85883180427767,22.210235782025848,22.243497848510742,417300,0.0,0.0
2022-03-31 00:00:00-04:00,22.235179763303933,22.285071271245233,21.57826988633908,21.67805290222168,351100,0.0,0.0
2022-04-01 00:00:00-04:00,21.81942099364068,21.910890111314224,21.19577137900758,21.345447540283203,402500,0.0,0.0
2022-04-04 00:00:00-04:00,21.25397605500948,22.077193264299613,20.996201353762547,21.960779190063477,430300,0.0,0.0
2022-04-05 00:00:00-04:00,21.91920408152671,22.07719416413728,21.07935580282235,21.154193878173828,559600,0.0,0.0
2022-04-06 00:00:00-04:00,21.046088434508967,21.046088434508967,20.555484102239134,20.605377197265625,532500,0.0,0.0
2022-04-07 00:00:00-04:00,20.563800638641695,20.946306456049207,20.37254852294922,20.788314819335938,326900,0.0,0.0
2022-04-08 00:00:00-04:00,20.77168345152346,21.10429616605905,20.597062371150727,20.813261032104492,363800,0.0,0.0
2022-04-11 00:00:00-04:00,20.605379829566346,21.245658770642727,20.605379829566346,20.62200927734375,392000,0.0,0.0
2022-04-12 00:00:00-04:00,20.79663185631487,21.30386728252486,20.70516275689401,20.746740341186523,451500,0.0,0.0
2022-04-13 00:00:00-04:00,20.763370881225917,21.195768264480147,20.705163846176838,21.06272315979004,356500,0.0,0.0
2022-04-14 00:00:00-04:00,21.12093067430336,21.395336407208813,20.863155976367402,21.0045166015625,353500,0.0,0.0
2022-04-18 00:00:00-04:00,20.946308146532466,21.262289859437928,20.879785597182757,21.179136276245117,232900,0.0,0.0
2022-04-19 00:00:00-04:00,21.320494397431567,22.185289023822097,21.28723391965943,21.95245933532715,310100,0.0,0.0
2022-04-20 00:00:00-04:00,22.160346511485745,22.534536867204828,21.777842224326495,21.98572540283203,261300,0.0,0.0
2022-04-21 00:00:00-04:00,21.977405548095703,22.326649282502153,21.82772943534687,21.977405548095703,216100,0.0,0.0
2022-04-22 00:00:00-04:00,21.836048570444014,21.869309053221897,21.27060608901539,21.453542709350586,434100,0.0,0.0
2022-04-25 00:00:00-04:00,21.303867685147306,22.00235366821289,21.037775898714344,22.00235366821289,607400,0.0,0.0
2022-04-26 00:00:00-04:00,21.95246132668914,22.093821938594512,21.59490203857422,21.59490203857422,477100,0.0,0.0
2022-04-27 00:00:00-04:00,21.744577389653024,22.56779448154022,21.711316910053053,22.168659210205078,559100,0.0,0.0
2022-04-28 00:00:00-04:00,22.318338299805905,22.54285251453072,21.960778976952938,22.418121337890625,378000,0.0,0.0
2022-04-29 00:00:00-04:00,21.73626341103618,22.35991291137752,19.25829644365871,19.740585327148438,1419100,0.0,0.0
2022-05-02 00:00:00-04:00,19.73226916784177,20.613694908235576,19.707324203694636,20.5139102935791,438200,0.0,0.0
2022-05-03 00:00:00-04:00,20.372548009430957,20.846521321601056,20.148033834395907,20.779998779296875,403600,0.0,0.0
2022-05-04 00:00:00-04:00,20.954627686081402,21.387023546849548,20.655275363530155,21.345447540283203,305800,0.0,0.0
2022-05-05 00:00:00-04:00,21.16250821683945,21.17082214828377,20.622010683636947,20.9379940032959,337500,0.0,0.0
2022-05-06 00:00:00-04:00,20.721793519112513,21.303867003399986,20.497279324942543,21.07103729248047,378800,0.0,0.0
2022-05-09 00:00:00-04:00,20.784699391055984,21.5426500106633,20.582579332914527,20.86049461364746,291100,0.32,0.0
2022-05-10 00:00:00-04:00,21.10472393127169,21.214206641240267,20.085701697468675,20.380460739135742,351000,0.0,0.0
2022-05-11 00:00:00-04:00,20.296245203418927,20.658377630524736,19.81620979309082,19.81620979309082,383900,0.0,0.0
2022-05-12 00:00:00-04:00,19.757255387972275,20.287821989984053,19.622508671402713,20.077280044555664,354200,0.0,0.0
2022-05-13 00:00:00-04:00,20.270976207400775,20.582578962029448,20.085699892353194,20.313085556030273,238500,0.0,0.0
2022-05-16 00:00:00-04:00,20.321505819448767,20.717325665029033,20.0014828014016,20.313085556030273,230600,0.0,0.0
2022-05-17 00:00:00-04:00,20.27097935833749,20.80996625411638,20.27097935833749,20.767858505249023,247200,0.0,0.0
2022-05-18 00:00:00-04:00,20.54889309930838,20.574158710473235,19.235111838579037,19.496183395385742,507700,0.0,0.0
2022-05-19 00:00:00-04:00,19.294063372799698,19.294063372799698,18.611907932733573,18.696125030517578,469800,0.0,0.0
2022-05-20 00:00:00-04:00,18.864559942502517,19.125631532100943,17.736054869647727,18.342416763305664,522000,0.0,0.0
2022-05-23 00:00:00-04:00,18.51084563982007,18.527689379315046,17.971858826440187,18.106605529785156,286000,0.0,0.0
2022-05-24 00:00:00-04:00,17.98028347816291,18.232933184448765,17.56762143453193,18.182403564453125,374800,0.0,0.0
2022-05-25 00:00:00-04:00,18.05607798863165,18.99930502023416,18.05607798863165,18.88982391357422,243500,0.0,0.0
2022-05-26 00:00:00-04:00,19.016147103027507,19.824628951619545,18.97403935944048,19.588821411132812,279600,0.0,0.0
2022-05-27 00:00:00-04:00,19.68988319318092,19.883583015214686,19.40354760828144,19.86673927307129,209900,0.0,0.0
2022-05-31 00:00:00-04:00,19.689880638264658,19.9004225688147,19.403545090519458,19.588821411132812,278900,0.0,0.0
2022-06-01 00:00:00-04:00,19.58882272124455,19.6814616909007,19.22669031946966,19.32775115966797,226200,0.0,0.0
2022-06-02 00:00:00-04:00,19.58882222701456,19.68988145835556,19.378280287695368,19.54671287536621,160600,0.0,0.0
2022-06-03 00:00:00-04:00,19.277219084266704,19.395123660337358,19.075099019112358,19.083520889282227,183300,0.0,0.0
2022-06-06 00:00:00-04:00,19.209847922101492,19.858317542439448,18.88140297952072,19.81620979309082,203400,0.0,0.0
2022-06-07 00:00:00-04:00,19.41196627199233,19.68146130513642,19.21826807224199,19.580400466918945,149500,0.0,0.0
2022-06-08 00:00:00-04:00,19.361435706974262,19.57197763715838,19.159315646754408,19.487760543823242,151800,0.0,0.0
2022-06-09 00:00:00-04:00,19.454074104850953,19.597242677467328,19.19300256877665,19.243532180786133,151900,0.0,0.0
2022-06-10 00:00:00-04:00,18.96562217084739,19.268801533385762,18.578224087731897,18.645597457885742,186800,0.0,0.0
2022-06-13 00:00:00-04:00,18.308726545436087,18.544534091815986,17.87922080362314,18.013967514038086,325100,0.0,0.0
2022-06-14 00:00:00-04:00,18.056075667739584,18.18240049958893,16.952834840697086,17.5086669921875,773300,0.0,0.0
2022-06-15 00:00:00-04:00,17.66868205912439,17.99712863060381,17.104429504981344,17.752899169921875,587200,0.0,0.0
2022-06-16 00:00:00-04:00,17.517088526210273,17.60972749256332,16.910728325563284,17.146535873413086,442800,0.0,0.0
2022-06-17 00:00:00-04:00,17.213911124218395,17.256018873756116,16.75071784776506,17.04547691345215,434400,0.0,0.0
2022-06-21 00:00:00-04:00,17.331814019565154,17.483404487220014,17.003369077184736,17.112850189208984,259300,0.0,0.0
2022-06-22 00:00:00-04:00,17.09600706889219,17.542356616968398,17.053899318037413,17.390766143798828,240000,0.0,0.0
2022-06-23 00:00:00-04:00,17.298126293903834,17.971859848961213,17.298126293903834,17.94659423828125,237900,0.0,0.0
2022-06-24 00:00:00-04:00,18.005548725699082,18.350839037333593,17.904489478744207,17.988706588745117,356000,0.0,0.0
2022-06-27 00:00:00-04:00,18.148717330808303,18.224512569178344,17.685525635264945,17.988706588745117,248500,0.0,0.0
2022-06-28 00:00:00-04:00,18.115024787731777,18.384518155566514,17.62656765695452,17.660253524780273,223700,0.0,0.0
2022-06-29 00:00:00-04:00,17.702368283173843,17.719212025393357,16.961259688592033,17.197067260742188,388400,0.0,0.0
2022-06-30 00:00:00-04:00,16.834932043984633,17.205486279852067,16.506487156685882,17.02020835876465,228900,0.0,0.0
2022-07-01 00:00:00-04:00,17.02021120002668,17.306548392863725,16.877044209915827,17.298128128051758,210200,0.0,0.0
2022-07-05 00:00:00-04:00,17.163379208952385,17.76974105834961,16.784404659386734,17.76974105834961,378100,0.0,0.0
2022-07-06 00:00:00-04:00,17.651835880554568,17.74447485028263,17.12969275699611,17.32339096069336,213900,0.0,0.0
2022-07-07 00:00:00-04:00,17.49182507651101,17.643415533057027,17.29812687372779,17.57604217529297,239400,0.0,0.0
2022-07-08 00:00:00-04:00,17.49182662452758,17.92133242064979,17.331814283311612,17.845537185668945,189800,0.0,0.0
2022-07-11 00:00:00-04:00,17.634996178590065,17.955019272051175,17.634996178590065,17.752899169921875,148800,0.0,0.0
2022-07-12 00:00:00-04:00,17.643414370176544,18.064498230025077,17.643414370176544,17.786582946777344,183400,0.0,0.0
2022-07-13 00:00:00-04:00,17.57604268208155,18.047656200028477,17.542355199074397,17.90448760986328,188100,0.0,0.0
2022-07-14 00:00:00-04:00,17.719208325089237,18.13187028544501,17.474978932831778,18.047653198242188,271500,0.0,0.0
2022-07-15 00:00:00-04:00,18.39294332131673,18.477160415439084,17.870798622804102,18.28346061706543,211400,0.0,0.0
2022-07-18 00:00:00-04:00,18.44347744113656,18.78034429361742,18.359260326439383,18.578224182128906,223600,0.0,0.0
2022-07-19 00:00:00-04:00,18.77192154781733,19.226691337008702,18.67928257325842,19.066679000854492,207100,0.0,0.0
2022-07-20 00:00:00-04:00,19.1087902387597,19.277222856191354,19.016151255072216,19.2519588470459,186100,0.0,0.0
2022-07-21 00:00:00-04:00,19.04983480257405,19.226689255247514,18.679280550767665,19.20142364501953,134000,0.0,0.0
2022-07-22 00:00:00-04:00,19.327751104872412,19.327751104872412,19.016148320926316,19.125629425048828,169500,0.0,0.0
2022-07-25 00:00:00-04:00,19.218266707465318,19.218266707465318,18.872978078063053,18.923507690429688,199000,0.0,0.0
2022-07-26 00:00:00-04:00,18.611910754784958,18.990885342814114,18.611910754784958,18.687705993652344,194800,0.0,0.0
2022-07-27 00:00:00-04:00,18.78033907755364,19.142471445757128,18.519267540179637,19.091941833496094,125400,0.0,0.0
2022-07-28 00:00:00-04:00,19.041409079391624,19.3614320459841,18.97403573872441,19.353010177612305,184900,0.0,0.0
2022-07-29 00:00:00-04:00,19.344595008643804,19.386704365086054,19.049837545086568,19.361438751220703,182800,0.0,0.0
2022-08-01 00:00:00-04:00,19.13405100306163,19.824629918235505,19.0329917710023,19.681461334228516,238700,0.0,0.0
2022-08-02 00:00:00-04:00,19.72356760883499,19.908843924663735,19.083519963734684,19.091941833496094,182600,0.0,0.0
2022-08-03 00:00:00-04:00,19.42038806235398,19.88358129333997,19.235111733744095,19.64777374267578,276300,0.0,0.0
2022-08-04 00:00:00-04:00,21.028932394250063,21.719511438281007,20.75101704476862,21.264739990234375,715700,0.0,0.0
2022-08-05 00:00:00-04:00,21.05419251490445,21.247890700527794,20.405722999931616,21.0457706451416,260500,0.0,0.0
2022-08-08 00:00:00-04:00,21.25631598450466,21.57634066166609,21.096303645923943,21.382640838623047,202800,0.0,0.0
2022-08-09 00:00:00-04:00,21.27315642335145,21.306842296275224,20.885758443729806,21.079458236694336,231100,0.0,0.0
2022-08-10 00:00:00-04:00,21.534229848088785,21.93004973218335,21.399483131977995,21.879518508911133,307600,0.0,0.0
2022-08-11 00:00:00-04:00,21.98900272020903,22.527989621432322,21.98058084908896,22.317447662353516,309100,0.0,0.0
2022-08-12 00:00:00-04:00,22.527989264533726,22.822748323835885,22.325869179777072,22.772218704223633,313900,0.0,0.0
2022-08-15 00:00:00-04:00,22.59851402916871,22.720104271881457,22.216371136516457,22.572458267211914,216900,0.82,0.0
2022-08-16 00:00:00-04:00,22.35533173539324,23.22383724954158,22.251112001359406,22.97197151184082,238700,0.0,0.0
2022-08-17 00:00:00-04:00,22.641937501791194,22.92854424270465,22.520347265204496,22.68536376953125,150000,0.0,0.0
2022-08-18 00:00:00-04:00,22.615885795503935,22.91117616473037,22.45955452815041,22.84169578552246,158900,0.0,0.0
2022-08-19 00:00:00-04:00,22.659311651090373,22.659311651090373,22.337963844332197,22.494295120239258,147500,0.0,0.0
2022-08-22 00:00:00-04:00,22.277166600807654,22.277166600807654,21.608416942507176,21.643157958984375,188400,0.0,0.0
2022-08-23 00:00:00-04:00,21.556308905141684,22.077412600757818,21.556308905141684,21.79080581665039,150500,0.0,0.0
2022-08-24 00:00:00-04:00,21.912396359100075,21.999247252266265,21.64316008117358,21.773435592651367,150500,0.0,0.0
2022-08-25 00:00:00-04:00,21.556306901329197,22.216371300212877,21.53893639323001,22.129520416259766,163000,0.0,0.0
2022-08-26 00:00:00-04:00,22.129523514575205,22.216374410688154,21.36523927317597,21.399978637695312,158700,0.0,0.0
2022-08-29 00:00:00-04:00,21.313129035201985,21.391293018175286,21.01783698737207,21.035205841064453,195200,0.0,0.0
2022-08-30 00:00:00-04:00,21.174166911667577,21.269703062781048,20.92230113583623,20.974411010742188,174600,0.0,0.0
2022-08-31 00:00:00-04:00,20.974410063669037,21.174165955574697,20.496732642756715,20.644378662109375,236500,0.0,0.0
2022-09-01 00:00:00-04:00,20.670433140430777,20.809393907423626,20.3056607129388,20.435937881469727,160600,0.0,0.0
2022-09-02 00:00:00-04:00,20.722543915331194,20.774653786918876,20.210125484513956,20.279605865478516,142000,0.0,0.0
2022-09-06 00:00:00-04:00,20.40119405653974,20.418564564161372,19.854036318800656,19.940885543823242,224100,0.0,0.0
2022-09-07 00:00:00-04:00,20.001684414789285,20.844134244134246,20.001684414789285,20.748598098754883,201100,0.0,0.0
2022-09-08 00:00:00-04:00,20.566212207292573,20.87018948876104,20.131959421349887,20.67911720275879,220300,0.0,0.0
2022-09-09 00:00:00-04:00,20.870189821002977,21.3565524851694,20.800709440407775,21.14811134338379,247200,0.0,0.0
2022-09-12 00:00:00-04:00,21.33049335840888,21.556304973878962,21.278383495313534,21.408658981323242,271700,0.0,0.0
2022-09-13 00:00:00-04:00,21.009152278271216,21.104686773962822,20.32303201502773,20.488048553466797,237100,0.0,0.0
2022-09-14 00:00:00-04:00,20.548840957428443,20.61832133441255,20.210124326698775,20.479360580444336,224300,0.0,0.0
2022-09-15 00:00:00-04:00,20.4793588592658,20.64437536193789,19.662963255908995,19.84535026550293,309600,0.0,0.0
2022-09-16 00:00:00-04:00,19.697706154381493,20.010368682718617,19.55874539879674,19.888776779174805,553200,0.0,0.0
2022-09-19 00:00:00-04:00,19.819296563998265,20.331714975624966,19.819296563998265,20.166698455810547,203800,0.0,0.0
2022-09-20 00:00:00-04:00,20.04510665376081,20.131957534116253,19.82798028114358,19.914831161499023,177300,0.0,0.0
2022-09-21 00:00:00-04:00,20.079848831825714,20.21880958582787,19.662964913276394,19.758501052856445,165300,0.0,0.0
2022-09-22 00:00:00-04:00,19.723762161043926,19.723762161043926,19.306879854124222,19.31556510925293,185400,0.0,0.0
2022-09-23 00:00:00-04:00,19.176602049607304,19.32424805607272,18.672868908115213,18.907365798950195,210600,0.0,0.0
2022-09-26 00:00:00-04:00,18.5686485006581,18.985532436439783,18.368892615590724,18.473114013671875,270200,0.0,0.0
2022-09-27 00:00:00-04:00,18.6033891613884,18.872625421155327,18.360207008233917,18.681554794311523,292600,0.0,0.0
2022-09-28 00:00:00-04:00,18.664184098109274,19.428469910895068,18.50785283383296,19.167917251586914,356200,0.0,0.0
2022-09-29 00:00:00-04:00,18.889998162931516,18.889998162931516,18.377579689436594,18.62076187133789,248800,0.0,0.0
2022-09-30 00:00:00-04:00,18.646813366230944,18.724978997433123,18.32546724377119,18.360206604003906,198600,0.0,0.0
2022-10-03 00:00:00-04:00,18.551279291620613,18.88131067554044,18.490484167467717,18.681554794311523,231300,0.0,0.0
2022-10-04 00:00:00-04:00,19.09843642267933,19.74981557075111,19.09843642267933,19.628225326538086,231900,0.0,0.0
2022-10-05 00:00:00-04:00,19.39373368937935,19.541379735867636,19.220031873554323,19.411104202270508,127800,0.0,0.0
2022-10-06 00:00:00-04:00,19.44583588835009,19.66296224407188,19.332930912253516,19.6021671295166,155800,0.0,0.0
2022-10-07 00:00:00-04:00,19.402417937102488,19.558749231908763,19.185291506881146,19.27214241027832,273000,0.0,0.0
2022-10-10 00:00:00-04:00,19.36767461364715,19.619542037941006,19.280825377104584,19.524005889892578,189300,0.0,0.0
2022-10-11 00:00:00-04:00,19.34161930614324,20.027737840240377,19.34161930614324,19.784557342529297,221500,0.0,0.0
2022-10-12 00:00:00-04:00,19.76718741442188,19.923518685567814,19.411100255275237,19.706392288208008,229700,0.0,0.0
2022-10-13 00:00:00-04:00,19.44584123936915,20.2709222807711,19.141865582946092,20.236181259155273,245600,0.0,0.0
2022-10-14 00:00:00-04:00,20.305656899675284,20.401193030245466,19.593482688442634,19.61085319519043,181100,0.0,0.0
2022-10-17 00:00:00-04:00,19.862723417823965,20.192754810580364,19.801926635500344,20.045108795166016,159200,0.0,0.0
2022-10-18 00:00:00-04:00,20.383824925713704,20.70517271224769,19.75850151798351,19.93220329284668,196100,0.0,0.0
2022-10-19 00:00:00-04:00,19.82798131626785,19.888776438727653,19.107121787807724,19.33293342590332,136100,0.0,0.0
2022-10-20 00:00:00-04:00,19.30687777915061,19.593484541423216,18.950790639858674,19.037641525268555,145100,0.0,0.0
2022-10-21 00:00:00-04:00,19.11580515250563,19.532687370918385,19.055010036054938,19.37635612487793,200900,0.0,0.0
2022-10-24 00:00:00-04:00,19.532688768159474,19.54137402206553,19.072380250395412,19.30687713623047,229700,0.0,0.0
2022-10-25 00:00:00-04:00,19.23739779293027,19.845352346606894,19.23739779293027,19.445838928222656,226000,0.0,0.0
2022-10-26 00:00:00-04:00,19.428472282038438,20.036425248202516,19.081068693895446,19.385046005249023,336600,0.0,0.0
2022-10-27 00:00:00-04:00,21.27838706970215,21.703954612311037,20.66174889261875,21.27838706970215,544100,0.0,0.0
2022-10-28 00:00:00-04:00,21.278388167325996,21.99924778183491,21.278388167325996,21.79949188232422,331300,0.0,0.0
2022-10-31 00:00:00-04:00,21.730011558429364,22.364020279461233,21.643160662928672,22.225059509277344,348900,0.0,0.0
2022-11-01 00:00:00-04:00,22.59851528656623,23.006712307344838,21.96450661922619,22.84169578552246,396100,0.0,0.0
2022-11-02 00:00:00-04:00,22.937234246459973,22.937234246459973,21.799492300732464,22.060043334960938,281900,0.0,0.0
2022-11-03 00:00:00-04:00,21.851599089307957,22.55508810757785,21.63447270594318,22.364017486572266,233600,0.0,0.0
2022-11-04 00:00:00-04:00,22.63325540003528,23.58861188829913,22.53772091078897,23.57124137878418,249200,0.0,0.0
2022-11-07 00:00:00-05:00,23.562556240051205,24.57870786007806,23.562556240051205,24.483173370361328,475700,0.0,0.0
2022-11-08 00:00:00-05:00,24.483174823438098,25.186663938580175,24.101031872262062,24.839262008666992,332500,0.0,0.0
2022-11-09 00:00:00-05:00,24.674244006337766,25.264828080410535,24.29210107784192,24.483173370361328,245000,0.0,0.0
2022-11-10 00:00:00-05:00,25.403786612418617,25.75118849119441,24.239989076112593,24.43974494934082,383900,0.0,0.0
2022-11-11 00:00:00-05:00,24.491857117468786,25.11718051570531,24.37895046855901,24.847944259643555,224600,0.0,0.0
2022-11-14 00:00:00-05:00,24.656870649033653,25.57748767301867,24.622131290387813,24.813201904296875,285500,0.0,0.0
2022-11-15 00:00:00-05:00,25.13455218742829,25.968316756995776,25.00427668050124,25.942262649536133,306800,0.0,0.0
2022-11-16 00:00:00-05:00,25.54274982962505,25.75119097701179,25.065072407264967,25.230087280273438,212600,0.0,0.0
2022-11-17 00:00:00-05:00,25.01296169436862,25.35168001940207,24.795835285019788,25.195348739624023,198000,0.0,0.0
2022-11-18 00:00:00-05:00,25.27351439068804,25.3690488843945,23.93601491336716,24.622135162353516,376800,0.0,0.0
2022-11-21 00:00:00-05:00,24.682926513410994,24.682926513410994,23.883901382709542,24.51791000366211,231800,0.0,0.0
2022-11-22 00:00:00-05:00,24.691613910265094,24.986905940058108,24.413692389646474,24.6481876373291,203700,0.0,0.0
2022-11-23 00:00:00-05:00,24.613450030186083,25.06507336165848,24.578709009360647,24.9434814453125,141100,0.0,0.0
2022-11-25 00:00:00-05:00,24.92611179302807,25.299567815680966,24.839260900289467,24.89137077331543,131800,0.0,0.0
2022-11-28 00:00:00-05:00,24.752408952535383,25.065071490450617,24.048919898769025,24.179195404052734,230500,0.0,0.0
2022-11-29 00:00:00-05:00,24.2399889089793,24.26604467091139,23.866531270666734,24.118398666381836,219800,0.0,0.0
2022-11-30 00:00:00-05:00,23.979439556416757,24.735038482171806,23.710201634326634,24.708984375,302400,0.0,0.0
2022-12-01 00:00:00-05:00,24.804516386906986,24.908737774822523,23.901271536657664,23.918642044067383,247700,0.0,0.0
2022-12-02 00:00:00-05:00,23.918644013150534,23.918644013150534,23.55387161023071,23.770998001098633,348200,0.0,0.0
2022-12-05 00:00:00-05:00,23.623356715944325,23.623356715944325,23.0501430618797,23.14567756652832,334100,0.0,0.0
2022-12-06 00:00:00-05:00,23.14567337018218,23.29511378986342,22.952280576284643,23.24237060546875,287000,0.32,0.0
2022-12-07 00:00:00-05:00,23.110509261907875,23.558828794920494,23.040182788223085,23.45334243774414,188100,0.0,0.0
2022-12-08 00:00:00-05:00,23.23357692448914,23.44455131267489,22.969857681750405,23.18962287902832,331800,0.0,0.0
2022-12-09 00:00:00-05:00,23.031395846436,23.50608785223315,22.873164618945086,23.09292984008789,574500,0.0,0.0
2022-12-12 00:00:00-05:00,23.092929391066452,23.41818097309525,22.679769710279135,23.198415756225586,484000,0.0,0.0
2022-12-13 00:00:00-05:00,23.840130748615152,23.989571158670714,23.277530670166016,23.277530670166016,624300,0.0,0.0
2022-12-14 00:00:00-05:00,23.13688205347925,23.752225339089566,22.811630467377807,23.084138870239258,468700,0.0,0.0
2022-12-15 00:00:00-05:00,23.110509750074353,23.435761314359755,22.776465699717207,23.233577728271484,433600,0.0,0.0
2022-12-16 00:00:00-05:00,22.96985835607335,23.391808821507386,22.90832436729715,23.356645584106445,1237600,0.0,0.0
2022-12-19 00:00:00-05:00,23.479713722942215,23.901664191274648,23.259948517703105,23.365436553955078,306400,0.0,0.0
2022-12-20 00:00:00-05:00,23.33906433921256,23.6555267741878,23.09292838016557,23.25994873046875,237200,0.0,0.0
2022-12-21 00:00:00-05:00,23.470925804840785,23.69069102145287,23.391810192726393,23.44455337524414,191000,0.0,0.0
2022-12-22 00:00:00-05:00,23.21599593439817,23.21599593439817,22.380887491478635,22.60065269470215,485900,0.0,0.0
2022-12-23 00:00:00-05:00,22.61823623946495,23.532460367531638,22.477586631558626,23.488506317138672,305900,0.0,0.0
2022-12-27 00:00:00-05:00,23.47971542209281,23.47971542209281,22.94348942264376,23.09292984008789,186900,0.0,0.0
2022-12-28 00:00:00-05:00,23.145671844482422,23.30390306391187,22.934697444134986,23.145671844482422,257900,0.0,0.0
2022-12-29 00:00:00-05:00,23.242373088075663,23.558833904921695,23.172048275812568,23.418184280395508,259000,0.0,0.0
2022-12-30 00:00:00-05:00,23.374229083397925,23.374229083397925,23.04897581797253,23.224788665771484,191000,0.0,0.0
2023-01-03 00:00:00-05:00,23.47092599414102,23.664318782716233,22.96985988781676,23.20720672607422,333500,0.0,0.0
2023-01-04 00:00:00-05:00,23.383018529515876,23.708270099293657,23.33027534892295,23.514877319335938,165000,0.0,0.0
2023-01-05 00:00:00-05:00,23.251161661586465,24.262081369334656,23.101721240324515,24.156593322753906,243300,0.0,0.0
2023-01-06 00:00:00-05:00,24.253290362075614,24.543380391972008,24.20054717755143,24.393939971923828,208400,0.0,0.0
2023-01-09 00:00:00-05:00,24.47305536504949,24.78072701255488,24.270871762311167,24.499427795410156,185500,0.0,0.0
2023-01-10 00:00:00-05:00,24.666447606134934,25.26420926753954,24.55217043047843,25.237836837768555,315300,0.0,0.0
2023-01-11 00:00:00-05:00,25.325743702819917,25.95866861497761,25.325743702819917,25.888343811035156,274300,0.0,0.0
2023-01-12 00:00:00-05:00,26.02020044719695,26.134477615356445,25.686156398714527,26.134477615356445,195000,0.0,0.0
2023-01-13 00:00:00-05:00,25.835598254047287,26.16964232127486,25.57188066554176,25.967458724975586,212400,0.0,0.0
2023-01-17 00:00:00-05:00,25.958666555166708,26.046571295612885,25.589460944596247,25.633413314819336,242000,0.0,0.0
2023-01-18 00:00:00-05:00,25.800435274892223,25.8619692637202,25.053233246247984,25.123558044433594,334500,0.0,0.0
2023-01-19 00:00:00-05:00,24.98291114367276,25.070817570058573,24.07747780224744,24.2796630859375,281900,0.0,0.0
2023-01-20 00:00:00-05:00,24.402729795144463,24.631285821072662,24.051105784745516,24.587331771850586,304200,0.0,0.0
2023-01-23 00:00:00-05:00,24.587332623945905,25.07081712209113,24.341196646474355,24.895004272460938,290900,0.0,0.0
2023-01-24 00:00:00-05:00,24.877422464737297,25.281791345169992,24.701611293107256,24.75435447692871,195900,0.0,0.0
2023-01-25 00:00:00-05:00,24.613705679635057,24.745564481869405,24.28845240255974,24.420312881469727,249100,0.0,0.0
2023-01-26 00:00:00-05:00,24.587332901534896,24.974120169082752,22.96986070270817,23.383020401000977,662400,0.0,0.0
2023-01-27 00:00:00-05:00,23.444553910671218,24.02473396164324,23.383019916882606,23.734643936157227,269300,0.0,0.0
2023-01-30 00:00:00-05:00,23.734643745470308,24.32361460177678,23.576412518899083,23.97199058532715,244300,0.0,0.0
2023-01-31 00:00:00-05:00,24.139011205851123,25.273000557405055,24.139011205851123,25.264209747314453,376400,0.0,0.0
2023-02-01 00:00:00-05:00,25.062024131954786,25.589460958291358,24.55216892438704,25.38727569580078,1170500,0.0,0.0
2023-02-02 00:00:00-05:00,25.510345279514404,26.292708869119885,25.396066434510523,26.26633644104004,357900,0.0,0.0
2023-02-03 00:00:00-05:00,26.3278728000167,27.936554068398898,26.275127942467748,26.811355590820312,709800,0.0,0.0
2023-02-06 00:00:00-05:00,26.70474965018131,26.820240203739264,26.047347488504908,26.695865631103516,356300,0.32,0.0
2023-02-07 00:00:00-05:00,26.589261665540807,26.615912029197283,25.949625826530355,26.535959243774414,289600,0.0,0.0
2023-02-08 00:00:00-05:00,26.438240970693414,26.75805894155601,25.816373070561415,25.88744354248047,282400,0.0,0.0
2023-02-09 00:00:00-05:00,26.216137513223558,26.411580827590985,25.718644361999903,26.10064697265625,232800,0.0,0.0
2023-02-10 00:00:00-05:00,25.90520450068879,26.313860873322746,25.887436463953996,26.251672744750977,199800,0.0,0.0
2023-02-13 00:00:00-05:00,26.393816087427012,26.704749981190385,26.12730228960321,26.61591148376465,229500,0.0,0.0
2023-02-14 00:00:00-05:00,26.367165270864263,26.367165270864263,25.6742270362045,26.207256317138672,241300,0.0,0.0
2023-02-15 00:00:00-05:00,26.047347798264784,26.571493068914254,26.029579759897892,26.482654571533203,179500,0.0,0.0
2023-02-16 00:00:00-05:00,26.118417836720365,26.571492641060267,26.029579340769786,26.340513229370117,165200,0.0,0.0
2023-02-17 00:00:00-05:00,26.411583753316496,26.544840650349055,26.145069959251376,26.29609489440918,202700,0.0,0.0
2023-02-21 00:00:00-05:00,25.949621324671483,26.047343826334387,25.292219255423642,25.381057739257812,389200,0.0,0.0
2023-02-22 00:00:00-05:00,25.407713116307768,26.047347233568207,25.407713116307768,25.718647003173828,345300,0.0,0.0
2023-02-23 00:00:00-05:00,25.887437577707953,26.225023512379934,25.59427173678403,26.056230545043945,219400,0.0,0.0
2023-02-24 00:00:00-05:00,25.718646221404406,26.029578404365694,25.58538763504578,25.967391967773438,171100,0.0,0.0
2023-02-27 00:00:00-05:00,26.047349095700312,26.331630945917226,25.700880802555133,25.7630672454834,156400,0.0,0.0
2023-02-28 00:00:00-05:00,25.851902084937663,26.411581686457602,25.843018066570266,26.251672744750977,274900,0.0,0.0
2023-03-01 00:00:00-05:00,26.171717693624927,26.544837984516573,25.98515839540571,26.367162704467773,213700,0.0,0.0
2023-03-02 00:00:00-05:00,26.189486310632457,26.260556763118373,25.90520450068879,26.251672744750977,197100,0.0,0.0
2023-03-03 00:00:00-05:00,26.420469276444788,26.420469276444788,26.136187428070816,26.287212371826172,155900,0.0,0.0
2023-03-06 00:00:00-05:00,26.29609629060903,26.29609629060903,25.487669151973964,25.798603057861328,300400,0.0,0.0
2023-03-07 00:00:00-05:00,25.798605227788848,26.171723912892634,25.798605227788848,26.029582977294922,188500,0.0,0.0
2023-03-08 00:00:00-05:00,26.08288379605025,26.42046805173236,25.82525232387034,26.393815994262695,224400,0.0,0.0
2023-03-09 00:00:00-05:00,26.37605155228933,26.69586779271918,26.242794644239098,26.260560989379883,446900,0.0,0.0
2023-03-10 00:00:00-05:00,26.056230916356334,26.056230916356334,24.972406030258476,25.363292694091797,448500,0.0,0.0
2023-03-13 00:00:00-04:00,24.874682219461793,24.963520709136233,23.33778261757097,24.190628051757812,515800,0.0,0.0
2023-03-14 00:00:00-04:00,24.776961427027658,24.936870380623724,24.22616580292274,24.492679595947266,225500,0.0,0.0
2023-03-15 00:00:00-04:00,23.844159805926065,24.190628051757812,23.568762012943218,24.190628051757812,318700,0.0,0.0
2023-03-16 00:00:00-04:00,23.844161182545715,24.403840819236738,23.604297754912412,23.95965003967285,222100,0.0,0.0
2023-03-17 00:00:00-04:00,23.835278616400245,23.8885810387498,23.36443575136105,23.417739868164062,691500,0.0,0.0
2023-03-20 00:00:00-04:00,23.70202033327425,24.252815952541546,23.70202033327425,23.915231704711914,279800,0.0,0.0
2023-03-21 00:00:00-04:00,24.35942473907645,24.80361556094549,24.323888659989237,24.53710174560547,196100,0.0,0.0
2023-03-22 00:00:00-04:00,24.474912183504195,24.776962060361267,23.91523252606515,23.933000564575195,190500,0.0,0.0
2023-03-23 00:00:00-04:00,24.048486918112022,24.137325406944395,23.444387227395787,23.746437072753906,266000,0.0,0.0
2023-03-24 00:00:00-04:00,23.61318143228672,24.101790604958197,23.462156501641356,23.906347274780273,155400,0.0,0.0
2023-03-27 00:00:00-04:00,24.163978406730973,24.181744749629512,23.773090057256923,23.98630142211914,180200,0.0,0.0
2023-03-28 00:00:00-04:00,23.986304482205075,24.23505195350528,23.790861129760742,23.790861129760742,193600,0.0,0.0
2023-03-29 00:00:00-04:00,24.012953786519116,24.021837805309126,23.58652935686527,23.773090362548828,230100,0.0,0.0
2023-03-30 00:00:00-04:00,23.897466730575776,24.172864575516677,23.781977858327515,23.85304832458496,161700,0.0,0.0
2023-03-31 00:00:00-04:00,23.98630188842802,24.40384060759375,23.924115450940928,24.394956588745117,224000,0.0,0.0
2023-04-03 00:00:00-04:00,24.492679415042417,24.59040192917453,23.97741817640162,24.181745529174805,172100,0.0,0.0
2023-04-04 00:00:00-04:00,24.190630088343962,24.190630088343962,23.479925500021384,23.533227920532227,146400,0.0,0.0
2023-04-05 00:00:00-04:00,23.320017348478665,23.488810329447954,23.18676044537805,23.417739868164062,155700,0.0,0.0
2023-04-06 00:00:00-04:00,23.435504913330078,23.53322742759753,23.24894559822316,23.435504913330078,120900,0.0,0.0
2023-04-10 00:00:00-04:00,23.43550440722052,23.84416079896092,23.408854045325562,23.639833450317383,165800,0.0,0.0
2023-04-11 00:00:00-04:00,23.79085917140422,24.07514100408736,23.737555056936095,23.968534469604492,118600,0.0,0.0
2023-04-12 00:00:00-04:00,24.128444092785248,24.146212131433703,23.719789370591336,23.808626174926758,110800,0.0,0.0
2023-04-13 00:00:00-04:00,23.915232034571645,23.915232034571645,23.497693304887157,23.835277557373047,119500,0.0,0.0
2023-04-14 00:00:00-04:00,23.879694522934575,24.208396431043973,23.657599142833256,23.799741744995117,125100,0.0,0.0
2023-04-17 00:00:00-04:00,23.773091148011943,24.163979515420703,23.728671052594255,24.101791381835938,138600,0.0,0.0
2023-04-18 00:00:00-04:00,24.217282838384495,24.4660302986377,23.879696878437045,24.208398818969727,151500,0.0,0.0
2023-04-19 00:00:00-04:00,24.155096881994943,24.403842652789788,24.021839977004355,24.306121826171875,125400,0.0,0.0
2023-04-20 00:00:00-04:00,24.199516777467405,24.315007344845416,23.90635089063231,24.163982391357422,143400,0.0,0.0
2023-04-21 00:00:00-04:00,24.092909846469684,24.11956021013996,23.666485388757458,23.719789505004883,132100,0.0,0.0
2023-04-24 00:00:00-04:00,23.764207415949336,23.835277875022637,23.479925579656133,23.622066497802734,253000,0.0,0.0
2023-04-25 00:00:00-04:00,23.453272951279317,23.764206837577547,23.399970531884964,23.435504913330078,192100,0.0,0.0
2023-04-26 00:00:00-04:00,23.311133329011497,23.630951252015738,23.311133329011497,23.417739868164062,161400,0.0,0.0
2023-04-27 00:00:00-04:00,23.142339969117035,24.44826200369931,22.893594205923023,24.3771915435791,311400,0.0,0.0
2023-04-28 00:00:00-04:00,24.466029814597185,24.83026613112938,24.466029814597185,24.812498092651367,191000,0.0,0.0
2023-05-01 00:00:00-04:00,24.82138047259951,25.09677827300682,23.906346884854834,24.030719757080078,278300,0.0,0.0
2023-05-02 00:00:00-04:00,24.057371961975097,24.146210454594538,23.4799243016287,24.07513999938965,194300,0.0,0.0
2023-05-03 00:00:00-04:00,24.181745478222176,24.439376944226403,23.746438716706084,23.78197479248047,183000,0.0,0.0
2023-05-04 00:00:00-04:00,23.559881890437197,23.7642092643591,23.40885694135285,23.666486740112305,169200,0.0,0.0
2023-05-05 00:00:00-04:00,23.959649795322434,24.190629201674433,23.80862486403279,24.128442764282227,232400,0.0,0.0
2023-05-08 00:00:00-04:00,24.164455138192643,24.425545599571766,23.85834789573808,24.41654396057129,180900,0.36,0.0
2023-05-09 00:00:00-04:00,24.407542853315142,24.94773053827751,24.335517714172507,24.73165512084961,328900,0.0,0.0
2023-05-10 00:00:00-04:00,25.09178089847684,25.11878925063589,24.37152783677661,24.70464515686035,231800,0.0,0.0
2023-05-11 00:00:00-04:00,24.515579520710155,24.641624801181443,24.137447113725806,24.488571166992188,167800,0.0,0.0
2023-05-12 00:00:00-04:00,24.560596698437262,25.082779390985444,24.560596698437262,24.9027156829834,236500,0.0,0.0
2023-05-15 00:00:00-04:00,25.019755535729125,25.181810798848673,24.515577881975066,24.533584594726562,235300,0.0,0.0
2023-05-16 00:00:00-04:00,24.28149650715589,24.542588698358227,23.90336411393455,24.326513290405273,161400,0.0,0.0
2023-05-17 00:00:00-04:00,24.47956583627385,24.89370992056209,24.37152727846865,24.68663787841797,201000,0.0,0.0
2023-05-18 00:00:00-04:00,24.740655626785927,24.803677401621268,24.53358359026564,24.695640563964844,123900,0.0,0.0
2023-05-19 00:00:00-04:00,24.794676716949994,24.794676716949994,24.281495708083323,24.43454933166504,164500,0.0,0.0
2023-05-22 00:00:00-04:00,24.37152897429553,24.506575893037937,24.092431779932596,24.218475341796875,183900,0.0,0.0
2023-05-23 00:00:00-04:00,24.083426192347908,24.335515009941698,24.056416124215318,24.07442283630371,160300,0.0,0.0
2023-05-24 00:00:00-04:00,24.074424523920474,24.083427880595806,23.696292129630006,23.903364181518555,173700,0.0,0.0
2023-05-25 00:00:00-04:00,23.88536023864874,24.083428942596136,23.552242895830855,23.66928482055664,148500,0.0,0.0
2023-05-26 00:00:00-04:00,23.615262985229492,23.75030989720418,23.43520100833479,23.615262985229492,196700,0.0,0.0
2023-05-30 00:00:00-04:00,23.642272969880196,23.732304816612594,23.030058472757467,23.048065185546875,205300,0.0,0.0
2023-05-31 00:00:00-04:00,23.00304790843918,23.111086465635484,22.291799940713407,22.53488540649414,333900,0.0,0.0
2023-06-01 00:00:00-04:00,22.588904030072296,22.84999449339337,22.516878897030487,22.777969360351562,211000,0.0,0.0
2023-06-02 00:00:00-04:00,23.039061969506452,23.795326739122334,22.940026765776025,23.714298248291016,230500,0.0,0.0
2023-06-05 00:00:00-04:00,23.903363912090118,24.047414182842367,23.525231522061798,23.858348846435547,186700,0.0,0.0
2023-06-06 00:00:00-04:00,23.867350862353668,24.713647443396713,23.867350862353668,24.470561981201172,325500,0.0,0.0
2023-06-07 00:00:00-04:00,24.569599216691966,25.929073468553913,24.533585789435232,25.830039978027344,204300,0.0,0.0
2023-06-08 00:00:00-04:00,25.776021529952576,25.776021529952576,25.199820393721282,25.262842178344727,163500,0.0,0.0
2023-06-09 00:00:00-04:00,25.31686073516139,25.58695457152856,25.08277860894297,25.406890869140625,103000,0.0,0.0
2023-06-12 00:00:00-04:00,25.53293389455886,25.731002575935342,25.32586013992142,25.5599422454834,159200,0.0,0.0
2023-06-13 00:00:00-04:00,25.55093962826593,25.83904187843689,25.343867584855396,25.35287094116211,162800,0.0,0.0
2023-06-14 00:00:00-04:00,25.370877046387726,25.559942372658544,25.109784871387546,25.16380500793457,171200,0.0,0.0
2023-06-15 00:00:00-04:00,25.02875737870426,25.35287134201196,24.902713822846668,25.298852920532227,229900,0.0,0.0
2023-06-16 00:00:00-04:00,25.469915107805466,25.469915107805466,24.677636854913253,24.803680419921875,582100,0.0,0.0
2023-06-20 00:00:00-04:00,24.803679117016078,25.226828292542876,24.64162384932388,25.217824935913086,169700,0.0,0.0
2023-06-21 00:00:00-04:00,25.082776686869888,25.406888922231083,25.037759906115138,25.235830307006836,127200,0.0,0.0
2023-06-22 00:00:00-04:00,25.190815048797884,25.20882176218812,24.830689367066707,24.992746353149414,227500,0.0,0.0
2023-06-23 00:00:00-04:00,24.812680926163946,25.208820007095532,24.72264908269569,24.76766586303711,208200,0.0,0.0
2023-06-26 00:00:00-04:00,24.740658317439145,25.100784010816728,24.623618111046966,24.659629821777344,114200,0.0,0.0
2023-06-27 00:00:00-04:00,24.70464370121918,25.433898359193684,24.659626921582138,25.415891647338867,139900,0.0,0.0
2023-06-28 00:00:00-04:00,25.3618749215416,25.62296539200237,25.20882129499057,25.469913482666016,138400,0.0,0.0
2023-06-29 00:00:00-04:00,25.48791701058024,25.694990764374797,25.406888523707277,25.586952209472656,155300,0.0,0.0
2023-06-30 00:00:00-04:00,25.776015835930313,25.776015835930313,25.30785337476872,25.460906982421875,190200,0.0,0.0
2023-07-03 00:00:00-04:00,25.379880073310215,25.947077761980886,25.379880073310215,25.91106605529785,116600,0.0,0.0
2023-07-05 00:00:00-04:00,25.685987976580485,25.685987976580485,24.983741647218174,25.60495948791504,453800,0.0,0.0
2023-07-06 00:00:00-04:00,25.370877382337213,25.433899158595324,24.81268131779538,25.3078556060791,243900,0.0,0.0
2023-07-07 00:00:00-04:00,25.280845475309047,25.622964424389856,25.1818102744528,25.208820343017578,165700,0.0,0.0
2023-07-10 00:00:00-04:00,25.145799533622608,25.97408944542465,25.145799533622608,25.93807601928711,188800,0.0,0.0
2023-07-11 00:00:00-04:00,26.001096618154193,26.69433958491766,26.001096618154193,26.622314453125,194500,0.0,0.0
2023-07-12 00:00:00-04:00,26.9014128734826,26.991444721708188,26.514278845377515,26.631319046020508,272400,0.0,0.0
2023-07-13 00:00:00-04:00,26.78437189950038,26.78437189950038,26.289199324378657,26.370227813720703,127500,0.0,0.0
2023-07-14 00:00:00-04:00,26.33421421758547,26.622314747946596,26.181160596179293,26.595306396484375,152500,0.0,0.0
2023-07-17 00:00:00-04:00,26.568296327807538,26.802378438029606,26.316207505134244,26.595306396484375,144400,0.0,0.0
2023-07-18 00:00:00-04:00,26.5412870787514,27.09948316147468,26.5412870787514,26.955432891845703,176800,0.0,0.0
2023-07-19 00:00:00-04:00,27.009451432144488,27.927773192968925,26.81138273983938,27.91876983642578,292000,0.0,0.0
2023-07-20 00:00:00-04:00,27.855748642962393,27.855748642962393,27.144498916046054,27.639673233032227,172800,0.0,0.0
2023-07-21 00:00:00-04:00,27.801729478717657,27.801729478717657,27.30655686156015,27.378582000732422,141900,0.0,0.0
2023-07-24 00:00:00-04:00,27.333564844976006,27.954780978932998,27.27954470681177,27.9007625579834,151400,0.0,0.0
2023-07-25 00:00:00-04:00,27.765715586771808,28.134844610686848,27.7297021614071,27.801727294921875,143700,0.0,0.0
2023-07-26 00:00:00-04:00,27.774721092771614,27.954783081887346,27.378581969173368,27.67568588256836,141500,0.0,0.0
2023-07-27 00:00:00-04:00,27.891760274834745,28.09883232745474,27.64867479538621,27.83774185180664,176700,0.0,0.0
2023-07-28 00:00:00-04:00,27.954782943426512,28.089831581112875,27.729704170235593,27.999799728393555,129900,0.0,0.0
2023-07-31 00:00:00-04:00,27.92777172520742,28.63001632651888,27.92777172520742,28.33291244506836,261400,0.0,0.0
2023-08-01 00:00:00-04:00,28.134846862280533,28.57600105501532,28.017806654907947,28.170860290527344,186100,0.0,0.0
2023-08-02 00:00:00-04:00,27.954779735589725,28.044811577977807,27.576647371331422,27.594654083251953,185100,0.0,0.0
2023-08-03 00:00:00-04:00,28.711048009348364,32.28530005783784,28.26989381610903,32.07822799682617,801400,0.0,0.0
2023-08-04 00:00:00-04:00,31.86214780438487,32.59140420231242,31.16890483128987,31.871152877807617,313000,0.0,0.0
2023-08-07 00:00:00-04:00,31.835139538855007,32.339313750153835,31.610060784688248,31.619062423706055,203400,0.0,0.0
2023-08-08 00:00:00-04:00,31.4029837597495,31.475007163750504,30.961827960439365,31.411985397338867,180700,0.0,0.0
2023-08-09 00:00:00-04:00,31.204920538249844,31.520029442506605,30.970840128577606,31.06987190246582,185800,0.0,0.0
2023-08-10 00:00:00-04:00,31.186911473711575,31.56504556474619,30.5386835658975,30.655725479125977,150100,0.0,0.0
2023-08-11 00:00:00-04:00,30.493667789234184,30.700739825071423,30.169553842904893,30.196565628051758,157300,0.0,0.0
2023-08-14 00:00:00-04:00,30.11340625211227,30.56617150337956,29.799243543529208,30.501487731933594,207000,0.86,0.0
2023-08-15 00:00:00-04:00,30.50148598285788,30.50148598285788,29.910121747626597,30.325925827026367,145000,0.0,0.0
2023-08-16 00:00:00-04:00,30.372127097920533,30.667809231121616,29.57748004313923,29.59596061706543,157200,0.0,0.0
2023-08-17 00:00:00-04:00,29.697603063035558,29.91936643319495,28.995357090609737,29.07851791381836,159200,0.0,0.0
2023-08-18 00:00:00-04:00,28.90295771406065,29.43888203954161,28.801316316371377,29.254079818725586,196800,0.0,0.0
2023-08-21 00:00:00-04:00,29.235597113934567,29.49431985174446,28.79207393117858,28.81055450439453,134300,0.0,0.0
2023-08-22 00:00:00-04:00,28.801315330233603,28.949156396862605,28.551832869395458,28.62575340270996,135500,0.0,0.0
2023-08-23 00:00:00-04:00,28.47791001113566,29.124715946635515,28.182227902017228,29.060035705566406,138500,0.0,0.0
2023-08-24 00:00:00-04:00,29.133957239870195,29.291038586069472,28.376269606059026,28.4779109954834,153200,0.0,0.0
2023-08-25 00:00:00-04:00,28.64423431886758,28.662714893018133,28.19147082660628,28.209951400756836,113000,0.0,0.0
2023-08-28 00:00:00-04:00,28.403991993813474,28.61651330822153,28.163749818324327,28.27463150024414,134100,0.0,0.0
2023-08-29 00:00:00-04:00,28.348549794036018,29.115475932633796,28.05286768215317,29.041555404663086,140700,0.0,0.0
2023-08-30 00:00:00-04:00,28.884477823879013,29.457361549654173,28.884477823879013,29.217121124267578,137300,0.0,0.0
2023-08-31 00:00:00-04:00,29.32799888188262,29.485080232967114,28.9953556060791,28.9953556060791,277500,0.0,0.0
2023-09-01 00:00:00-04:00,29.36496068349625,29.854685321296884,29.235598427576445,29.24483871459961,149700,0.0,0.0
2023-09-05 00:00:00-04:00,28.902955113829535,28.902955113829535,27.98818790413615,28.145267486572266,262100,0.0,0.0
2023-09-06 00:00:00-04:00,28.24690817935729,28.69043134360445,28.172987651982766,28.422470092773438,254400,0.0,0.0
2023-09-07 00:00:00-04:00,28.450192281584965,28.755114691561605,28.052868767468997,28.745874404907227,170200,0.0,0.0
2023-09-08 00:00:00-04:00,28.551832957565516,28.699674024651063,27.978949263210154,28.05286979675293,150900,0.0,0.0
2023-09-11 00:00:00-04:00,28.04362975821094,28.357792469152177,27.951228649862717,28.209951400756836,151500,0.0,0.0
2023-09-12 00:00:00-04:00,28.043630992078487,28.33931314187863,27.951229879664783,28.136032104492188,163800,0.0,0.0
2023-09-13 00:00:00-04:00,28.256147800266916,28.30234746788654,27.914264267706898,27.997425079345703,99500,0.0,0.0
2023-09-14 00:00:00-04:00,28.302349046873097,28.838273328219948,28.18222884691796,28.764352798461914,158300,0.0,0.0
2023-09-15 00:00:00-04:00,28.514875657273098,28.73663727411872,28.31159285336111,28.607275009155273,591900,0.0,0.0
2023-09-18 00:00:00-04:00,28.70891469361487,28.71815498073122,28.25615119934082,28.25615119934082,151200,0.0,0.0
2023-09-19 00:00:00-04:00,28.320832630821013,28.67195650630447,28.191472130592707,28.468673706054688,92900,0.0,0.0
2023-09-20 00:00:00-04:00,28.459432890268562,28.477913464930882,27.47998534442548,27.64630699157715,274800,0.0,0.0
2023-09-21 00:00:00-04:00,27.443024604580884,27.72022616123139,27.14734071177462,27.674026489257812,206200,0.0,0.0
2023-09-22 00:00:00-04:00,27.609345123399642,27.831108488764308,26.98102146288161,26.999500274658203,156500,0.0,0.0
2023-09-25 00:00:00-04:00,26.999498084765694,27.443023017116765,26.944058129123466,27.193540573120117,115500,0.0,0.0
2023-09-26 00:00:00-04:00,27.10114174096953,27.39682387902125,26.592938286493712,26.6021785736084,282400,0.0,0.0
2023-09-27 00:00:00-04:00,26.934819337391882,27.3044219995233,26.934819337391882,27.10114097595215,325400,0.0,0.0
2023-09-28 00:00:00-04:00,27.14734362223187,27.997430719476686,26.925582000655574,27.77566909790039,274000,0.0,0.0
2023-09-29 00:00:00-04:00,28.062111387518563,28.108311062227543,27.55390615369669,27.627826690673828,249100,0.0,0.0
2023-10-02 00:00:00-04:00,27.47998373808982,27.812627012948578,27.406063206166156,27.516944885253906,182100,0.0,0.0
2023-10-03 00:00:00-04:00,27.507704471662183,27.507704471662183,26.925578743342754,27.406063079833984,188100,0.0,0.0
2023-10-04 00:00:00-04:00,27.36910626421614,27.67402870591746,27.175063749094576,27.4799861907959,151000,0.0,0.0
2023-10-05 00:00:00-04:00,27.295183181762695,27.443024245026578,27.017979866339548,27.295183181762695,161800,0.0,0.0
2023-10-06 00:00:00-04:00,27.03646171434833,27.91426784855688,27.03646171434833,27.729467391967773,147500,0.0,0.0
2023-10-09 00:00:00-04:00,27.479983682432316,27.969708306937545,27.461503108887705,27.91426658630371,119300,0.0,0.0
2023-10-10 00:00:00-04:00,28.108310905074205,28.182231441638056,27.747948509626013,27.75718879699707,144600,0.0,0.0
2023-10-11 00:00:00-04:00,27.72022846957728,27.988191524070764,27.489226565664133,27.70174789428711,136200,0.0,0.0
2023-10-12 00:00:00-04:00,27.82186817607402,27.82186817607402,26.999500249815174,27.17506217956543,117700,0.0,0.0
2023-10-13 00:00:00-04:00,27.276701833436054,27.38758174653208,26.805457796766824,26.823938369750977,182100,0.0,0.0
2023-10-16 00:00:00-04:00,26.999499728849738,27.239741901134376,26.879379523909677,27.036460876464844,126300,0.0,0.0
2023-10-17 00:00:00-04:00,26.87013745068686,27.563143060758637,26.87013745068686,27.43378257751465,126100,0.0,0.0
2023-10-18 00:00:00-04:00,27.193542356007423,27.461503627850192,26.9071005102708,27.082660675048828,99200,0.0,0.0
2023-10-19 00:00:00-04:00,26.88861985405133,27.064181780696362,26.491296328572613,26.68533706665039,209000,0.0,0.0
2023-10-20 00:00:00-04:00,26.814698110877703,26.93481831058953,26.43585517633459,26.472814559936523,245100,0.0,0.0
2023-10-23 00:00:00-04:00,26.352694389361698,26.472814589206337,26.01081083804251,26.186372756958008,318500,0.0,0.0
2023-10-24 00:00:00-04:00,26.36193524232476,26.43585577360316,25.80753037653452,26.038532257080078,173000,0.0,0.0
2023-10-25 00:00:00-04:00,25.81677039270381,26.251053289112875,25.59500880119251,25.99233055114746,463300,0.0,0.0
2023-10-26 00:00:00-04:00,24.698720656784115,25.410206872182297,23.451310148759724,23.57143211364746,843000,0.0,0.0
2023-10-27 00:00:00-04:00,23.70079215419336,24.449237739878246,23.68231158111362,23.9410343170166,371500,0.0,0.0
2023-10-30 00:00:00-04:00,24.079636831874407,24.5139215186358,23.90407666213279,24.181278228759766,292600,0.0,0.0
2023-10-31 00:00:00-04:00,24.403037491809336,24.430758350772617,23.977994895465507,24.264436721801758,250600,0.0,0.0
2023-11-01 00:00:00-04:00,24.199758279993024,24.301397912276425,23.76547360262058,24.04267692565918,397800,0.0,0.0
2023-11-02 00:00:00-04:00,24.36608085274625,24.985166006738194,24.135078955919475,24.95744514465332,346000,0.0,0.0
2023-11-03 00:00:00-04:00,25.484129156857943,25.567289980608177,24.8465634289077,25.133007049560547,382600,0.0,0.0
2023-11-06 00:00:00-05:00,25.32964640581217,25.32964640581217,24.505614309386434,24.66480255126953,381000,0.36,0.0
2023-11-07 00:00:00-05:00,24.57116379657752,25.23600948323699,24.458796668663126,25.086185455322266,250500,0.0,0.0
2023-11-08 00:00:00-05:00,24.964451848530473,25.207916335840196,24.795899373774258,25.039363861083984,204700,0.0,0.0
2023-11-09 00:00:00-05:00,25.114275666638914,25.114275666638914,24.14978373621748,24.25278663635254,173500,0.0,0.0
2023-11-10 00:00:00-05:00,24.355793646841658,24.47752500808856,23.97186932577543,24.065509796142578,156200,0.0,0.0
2023-11-13 00:00:00-05:00,23.93440878805167,24.196601708049123,23.719036989148307,24.131053924560547,172500,0.0,0.0
2023-11-14 00:00:00-05:00,24.852085562666662,25.66675350346463,24.767809322440208,25.45138168334961,260000,0.0,0.0
2023-11-15 00:00:00-05:00,25.51692842643397,26.116224522530143,25.51692842643397,25.8633975982666,184000,0.0,0.0
2023-11-16 00:00:00-05:00,25.797846637286554,25.900851318028618,25.236007470439688,25.488834381103516,188100,0.0,0.0
2023-11-17 00:00:00-05:00,25.62930065745728,25.816579818725586,25.348379236489595,25.816579818725586,184300,0.0,0.0
2023-11-20 00:00:00-05:00,25.73230357103963,25.994496540067438,25.573115301637653,25.816579818725586,174600,0.0,0.0
2023-11-21 00:00:00-05:00,25.779121280020235,25.96640041643675,25.53565679523985,25.629297256469727,152500,0.0,0.0
2023-11-22 00:00:00-05:00,25.7510280964076,26.01322102545567,25.526292065527773,25.666751861572266,102000,0.0,0.0
2023-11-24 00:00:00-05:00,25.69484651306459,26.00385880256604,25.676118062538844,25.900854110717773,61900,0.0,0.0
2023-11-27 00:00:00-05:00,25.85403344882967,25.900852786707365,25.54502117512444,25.69484519958496,168100,0.0,0.0
2023-11-28 00:00:00-05:00,25.65738681257159,25.741663044698846,25.301555221623406,25.573110580444336,173500,0.0,0.0
2023-11-29 00:00:00-05:00,25.86339861793041,26.163046677792114,25.479472531933872,25.53565788269043,188700,0.0,0.0
2023-11-30 00:00:00-05:00,25.666753472302556,25.72293703703754,25.07682157747693,25.133005142211914,290100,0.0,0.0
2023-12-01 00:00:00-05:00,25.22664604849444,25.779122838503277,25.09554868042979,25.732301712036133,228900,0.0,0.0
2023-12-04 00:00:00-05:00,25.882125686226313,26.565699842756917,25.882125686226313,26.21923065185547,187400,0.0,0.0
2023-12-05 00:00:00-05:00,26.003858649253832,26.23795892131544,25.83530616760254,25.83530616760254,195700,0.0,0.0
2023-12-06 00:00:00-05:00,25.9851294879642,26.790434973359286,25.872760574589634,26.696794509887695,212000,0.0,0.0
2023-12-07 00:00:00-05:00,26.668701523088952,27.24927096098726,26.42523703532794,27.118173599243164,187700,0.0,0.0
2023-12-08 00:00:00-05:00,26.97771522443495,27.333548643061448,26.97771522443495,27.32418441772461,272000,0.0,0.0
2023-12-11 00:00:00-05:00,27.46464385345057,27.84856815684074,27.38973183781452,27.8298397064209,249700,0.0,0.0
2023-12-12 00:00:00-05:00,27.72683476295581,27.72683476295581,27.164993793965568,27.277360916137695,182400,0.0,0.0
2023-12-13 00:00:00-05:00,27.24927044475143,28.58832420904708,26.90280127633602,28.44786262512207,413600,0.0,0.0
2023-12-14 00:00:00-05:00,28.841154139035677,30.049112456107764,28.83179169943783,29.796283721923828,365300,0.0,0.0
2023-12-15 00:00:00-05:00,29.777554435342044,29.824375562234984,28.75687708763978,29.384265899658203,1460500,0.0,0.0
2023-12-18 00:00:00-05:00,29.53408849638002,29.53408849638002,28.906699752833564,29.093978881835938,220000,0.0,0.0
2023-12-19 00:00:00-05:00,29.34680968954895,29.92737735301922,29.318717014461047,29.880558013916016,219000,0.0,0.0
2023-12-20 00:00:00-05:00,29.79628325127106,30.189573577818283,29.262534900453726,29.28126335144043,248000,0.0,0.0
2023-12-21 00:00:00-05:00,29.66518514504075,29.768189830669286,29.402992211642307,29.487268447875977,247500,0.0,0.0
2023-12-22 00:00:00-05:00,29.646456045156125,29.96483253371025,29.459175127403153,29.861827850341797,141800,0.0,0.0
2023-12-26 00:00:00-05:00,29.992925058142553,30.62031563104472,29.92737726916441,30.451763153076172,156300,0.0,0.0
2023-12-27 00:00:00-05:00,30.592220819931626,30.657772180246273,30.142748741187585,30.404943466186523,125200,0.0,0.0
2023-12-28 00:00:00-05:00,30.245753351277884,30.423671837799713,30.142748663730835,30.17084312438965,89600,0.0,0.0
2023-12-29 00:00:00-05:00,30.170844496504525,30.208297825608682,29.852466194512264,29.889923095703125,183200,0.0,0.0
2024-01-02 00:00:00-05:00,29.730733911128638,29.9648341781454,29.37490229112221,29.64645767211914,181200,0.0,0.0
2024-01-03 00:00:00-05:00,29.365537481080015,29.365537481080015,28.466591544902432,28.49468421936035,137700,0.0,0.0
2024-01-04 00:00:00-05:00,28.728782785868187,28.728782785868187,28.15757760791124,28.391677856445312,177400,0.0,0.0
2024-01-05 00:00:00-05:00,28.15758117836473,28.625781734801905,27.95157357650799,28.09203338623047,156200,0.0,0.0
2024-01-08 00:00:00-05:00,28.22312620865039,28.616414709013064,28.22312620865039,28.485319137573242,203600,0.0,0.0
2024-01-09 00:00:00-05:00,28.176307365729155,28.25121937729931,27.886023544150202,28.045211791992188,160700,0.0,0.0
2024-01-10 00:00:00-05:00,28.035849158561593,28.251220980794557,27.84856822598481,28.063940048217773,144000,0.0,0.0
2024-01-11 00:00:00-05:00,27.99839192057115,27.99839192057115,27.39909580120939,27.61446762084961,140600,0.0,0.0
2024-01-12 00:00:00-05:00,27.90475197079916,27.93284464667935,27.23054382406484,27.57701301574707,113000,0.0,0.0
2024-01-16 00:00:00-05:00,27.361639749902363,27.361639749902363,26.902803421020508,26.902803421020508,152800,0.0,0.0
2024-01-17 00:00:00-05:00,26.752977956873135,27.06199023475136,26.66870171872059,26.949623107910156,120900,0.0,0.0
2024-01-18 00:00:00-05:00,27.04326327377806,27.146267967422748,26.48142403655382,26.818527221679688,193900,0.0,0.0
2024-01-19 00:00:00-05:00,26.949621641388603,27.267998126852337,26.575059809518432,27.230541229248047,148600,0.0,0.0
2024-01-22 00:00:00-05:00,27.614466112001875,28.0920308507905,27.614466112001875,27.97966194152832,195700,0.0,0.0
2024-01-23 00:00:00-05:00,28.27931216413848,28.28867460283424,27.78301896923072,27.792383193969727,169600,0.0,0.0
2024-01-24 00:00:00-05:00,28.16694416213115,28.23249195137586,27.52082692263858,27.717472076416016,185400,0.0,0.0
2024-01-25 00:00:00-05:00,26.041312606540924,27.942207374164646,25.339011821572395,27.85793113708496,524200,0.0,0.0
2024-01-26 00:00:00-05:00,28.110759276724718,28.569595565915737,27.94220680599267,28.466590881347656,290400,0.0,0.0
2024-01-29 00:00:00-05:00,28.46659327805771,28.93479383126933,28.26994990300965,28.831790924072266,226400,0.0,0.0
2024-01-30 00:00:00-05:00,28.65387460096821,28.878610655221507,28.494686339283362,28.794334411621094,295500,0.0,0.0
2024-01-31 00:00:00-05:00,28.775602904763936,28.775602904763936,27.230541579573178,27.277360916137695,233000,0.0,0.0
2024-02-01 00:00:00-05:00,27.436551056170156,28.101396754780165,27.28672702556236,28.08266830444336,168400,0.0,0.0
2024-02-02 00:00:00-05:00,27.86729481830936,28.24185487244459,27.586373438175524,27.97966194152832,183200,0.0,0.0
2024-02-05 00:00:00-05:00,27.619492387904373,27.970186814011853,27.268799769621264,27.809057235717773,210500,0.36,0.0
2024-02-06 00:00:00-05:00,27.704795783201135,28.08392366271843,27.69531736023516,28.03653335571289,197000,0.0,0.0
2024-02-07 00:00:00-05:00,27.941750672581648,28.017576247776027,27.647926794681464,27.951229095458984,137300,0.0,0.0
2024-02-08 00:00:00-05:00,28.017576060525144,28.832702344285206,27.99862102272147,28.813745498657227,155000,0.0,0.0
2024-02-09 00:00:00-05:00,28.813743880510124,29.240263844065257,28.491484754229404,29.09809112548828,295800,0.0,0.0
2024-02-12 00:00:00-05:00,29.09809075459213,30.064866313287176,29.050698643787747,29.808956146240234,189700,0.0,0.0
2024-02-13 00:00:00-05:00,28.624181954719063,29.335047382655883,28.444095540117605,28.842180252075195,242900,0.0,0.0
2024-02-14 00:00:00-05:00,29.164438699502924,29.553044979605822,28.880091450372653,29.534088134765625,120000,0.0,0.0
2024-02-15 00:00:00-05:00,29.723654769262154,30.159651380069892,29.53408992501789,29.99852180480957,182800,0.0,0.0
2024-02-16 00:00:00-05:00,29.7426071911141,29.92269359652239,29.420349876765204,29.808956146240234,139300,0.0,0.0
2024-02-20 00:00:00-05:00,29.40139407361303,29.761565089359898,29.297133233975458,29.685739517211914,157800,0.0,0.0
2024-02-21 00:00:00-05:00,29.5151317912491,29.903738077952596,29.363480645600138,29.77104377746582,165500,0.0,0.0
2024-02-22 00:00:00-05:00,29.856349162433915,29.989043469096497,29.45826443462182,29.60043716430664,174500,0.0,0.0
2024-02-23 00:00:00-05:00,29.666783143401215,30.036434395339835,29.46774169128557,29.989042282104492,163300,0.0,0.0
2024-02-26 00:00:00-05:00,29.94165114431536,30.244953429292693,29.903737454781087,30.06486701965332,157100,0.0,0.0
2024-02-27 00:00:00-05:00,30.32077973034741,30.93686273751454,30.3113013077357,30.71886444091797,169800,0.0,0.0
2024-02-28 00:00:00-05:00,30.595645918428172,31.173817027167846,30.519822155255724,31.06007957458496,174300,0.0,0.0
2024-02-29 00:00:00-05:00,31.297035949701804,31.751989393703912,31.192775107517214,31.68564224243164,176100,0.0,0.0
2024-03-01 00:00:00-05:00,31.733032045774255,31.751988890930242,31.353905989600015,31.448686599731445,145000,0.0,0.0
2024-03-04 00:00:00-05:00,31.761466154550615,32.71876696841828,31.761466154550615,32.03633499145508,233200,0.0,0.0
2024-03-05 00:00:00-05:00,31.818337162393394,32.45337884272736,31.64772916562598,31.657209396362305,185900,0.0,0.0
2024-03-06 00:00:00-05:00,31.78990257832478,31.96998718381738,30.946342855027513,30.9842529296875,205400,0.0,0.0
2024-03-07 00:00:00-05:00,31.24964684862839,31.647729771608997,31.012691694764115,31.230690002441406,226400,0.0,0.0
2024-03-08 00:00:00-05:00,31.524511722027505,31.932074871308036,31.334950493602886,31.34442710876465,156700,0.0,0.0
2024-03-11 00:00:00-04:00,31.259123265371063,31.401297803046162,30.832603267994447,31.012691497802734,154000,0.0,0.0
2024-03-12 00:00:00-04:00,31.126424722865256,31.458160444766264,30.85155591577688,31.32546615600586,152500,0.0,0.0
2024-03-13 00:00:00-04:00,31.29703539857813,31.84676944453195,31.29703539857813,31.58138084411621,138700,0.0,0.0
2024-03-14 00:00:00-04:00,31.533989653099653,31.62877026039972,30.690429954924486,30.775733947753906,166300,0.0,0.0
2024-03-15 00:00:00-04:00,30.567214808070403,31.11695249981995,30.567214808070403,30.898950576782227,1119800,0.0,0.0
2024-03-18 00:00:00-04:00,30.823124858315232,31.022166306953565,30.225996896751752,30.282867431640625,230600,0.0,0.0
2024-03-19 00:00:00-04:00,30.225997145501392,30.55773651161053,29.998520427546566,30.16912841796875,180500,0.0,0.0
2024-03-20 00:00:00-04:00,30.292344582419293,31.315992534644888,30.169128703627845,31.13590431213379,186600,0.0,0.0
2024-03-21 00:00:00-04:00,31.249645643885692,31.761466008607705,31.126427956244942,31.68564224243164,188100,0.0,0.0
2024-03-22 00:00:00-04:00,31.63824976021118,31.63824976021118,31.06007866834088,31.069555282592773,130200,0.0,0.0
2024-03-25 00:00:00-04:00,31.145384801701102,32.415464522075204,31.145384801701102,31.68564224243164,307000,0.0,0.0
2024-03-26 00:00:00-04:00,31.761466008607705,32.05529168970532,31.68564224243164,31.68564224243164,191500,0.0,0.0
2024-03-27 00:00:00-04:00,31.951030814207023,32.30172703130746,31.951030814207023,32.21642303466797,179200,0.0,0.0
2024-03-28 00:00:00-04:00,32.35859212813048,32.82302577602369,32.320678439394634,32.76615524291992,358500,0.0,0.0
2024-04-01 00:00:00-04:00,32.8325068719194,32.86094033452819,32.1026845345535,32.273292541503906,235100,0.0,0.0
2024-04-02 00:00:00-04:00,31.884685453959005,31.884685453959005,31.050602286150262,31.40129852294922,255200,0.0,0.0
2024-04-03 00:00:00-04:00,31.259123880994604,31.524512499856144,31.03164895501293,31.202253341674805,213300,0.0,0.0
2024-04-04 00:00:00-04:00,31.581379956749686,31.581379956749686,30.652516265745096,30.775733947753906,155200,0.0,0.0
2024-04-05 00:00:00-04:00,30.709389039115106,31.43920772297696,30.709389039115106,31.34442710876465,141100,0.0,0.0
2024-04-08 00:00:00-04:00,31.63825299777123,31.770947304766374,31.50555869077608,31.56242561340332,112900,0.0,0.0
2024-04-09 00:00:00-04:00,31.609816896484165,31.714077745383833,31.31599481211108,31.420255661010742,118200,0.0,0.0
2024-04-10 00:00:00-04:00,30.747297747525884,30.747297747525884,30.0459125560012,30.36817169189453,194400,0.0,0.0
2024-04-11 00:00:00-04:00,30.48191102590196,30.48191102590196,30.008000715414898,30.235477447509766,130800,0.0,0.0
2024-04-12 00:00:00-04:00,30.007998585731272,30.093302580190823,29.676261030369044,30.083824157714844,101600,0.0,0.0
2024-04-15 00:00:00-04:00,30.1786075507686,30.263911547987284,29.1739182375338,29.47722053527832,139800,0.0,0.0
2024-04-16 00:00:00-04:00,29.297132785424136,29.496176039155312,28.870612818731765,29.316089630126953,119600,0.0,0.0
2024-04-17 00:00:00-04:00,29.609913143359815,29.83738985364472,29.39191485531481,29.429826736450195,137500,0.0,0.0
2024-04-18 00:00:00-04:00,29.62887191772461,30.08382536792794,29.515132651261624,29.62887191772461,160400,0.0,0.0
2024-04-19 00:00:00-04:00,29.4867009180862,30.225999866024708,29.4867009180862,30.159652709960938,157500,0.0,0.0
2024-04-22 00:00:00-04:00,30.330260323011085,30.586172328364345,30.17860916602198,30.339736938476562,203900,0.0,0.0
2024-04-23 00:00:00-04:00,30.718867247643576,32.43442393280101,30.55773947199533,32.273292541503906,256900,0.0,0.0
2024-04-24 00:00:00-04:00,32.045814778692936,32.25433284548681,31.410773116549493,31.666685104370117,268700,0.0,0.0
2024-04-25 00:00:00-04:00,29.846869179362923,29.979563479089784,26.81384447592899,27.543664932250977,941600,0.0,0.0
2024-04-26 00:00:00-04:00,27.496276855083224,28.027055904816585,27.155060847771008,27.29723358154297,436900,0.0,0.0
2024-04-29 00:00:00-04:00,27.486796776587347,27.714273498489156,26.974972796440063,27.382535934448242,360600,0.0,0.0
2024-04-30 00:00:00-04:00,27.174017861716155,27.316190596363707,26.766454696655273,26.766454696655273,304900,0.0,0.0
2024-05-01 00:00:00-04:00,26.77593089446762,27.63844746184046,26.491585448806518,27.278276443481445,254300,0.0,0.0
2024-05-02 00:00:00-04:00,27.57210019983141,27.57210019983141,27.00340750299247,27.543664932250977,173500,0.0,0.0
2024-05-03 00:00:00-04:00,28.093402960985635,28.320879695783468,27.752188762701085,27.89436149597168,207900,0.0,0.0
2024-05-06 00:00:00-04:00,28.134498887224748,28.355424857277544,28.009626412253702,28.182525634765625,163500,0.39,0.0
2024-05-07 00:00:00-04:00,28.3266073572876,28.69161722963057,28.028837495609984,28.07686424255371,205500,0.0,0.0
2024-05-08 00:00:00-04:00,27.903964754951986,28.576350198342393,27.83672657703353,28.489900588989258,162000,0.0,0.0
2024-05-09 00:00:00-04:00,28.499506066239718,29.412028898619408,28.499506066239718,29.36400032043457,151500,0.0,0.0
2024-05-10 00:00:00-04:00,29.306367505829165,29.344788535811468,29.047018683062728,29.258338928222656,119400,0.0,0.0
2024-05-13 00:00:00-04:00,29.508083342521516,29.6521672496203,28.73964438780858,28.75885581970215,127800,0.0,0.0
2024-05-14 00:00:00-04:00,29.28715737205442,29.28715737205442,28.710827239968225,28.75885581970215,133900,0.0,0.0
2024-05-15 00:00:00-04:00,29.114256841507167,29.114256841507167,28.403450382298907,28.739643096923828,248400,0.0,0.0
2024-05-16 00:00:00-04:00,28.70122018889373,28.922147981186654,28.537926689600468,28.62437629699707,134100,0.0,0.0
2024-05-17 00:00:00-04:00,28.576349564131323,28.576349564131323,28.249762565401593,28.278579711914062,124700,0.0,0.0
2024-05-20 00:00:00-04:00,28.24976348876953,28.633982960979854,28.240157772951406,28.24976348876953,121000,0.0,0.0
2024-05-21 00:00:00-04:00,28.288187295543818,28.40345222499989,27.750278184405417,27.932783126831055,130600,0.0,0.0
2024-05-22 00:00:00-04:00,27.971205969622908,28.182526228196643,27.41408725874396,27.52935218811035,219600,0.0,0.0
2024-05-23 00:00:00-04:00,27.529350211849827,27.731066571914848,26.799332327224356,26.895387649536133,153600,0.0,0.0
2024-05-24 00:00:00-04:00,27.164343223619944,27.567774127063412,27.001049719080854,27.558168411254883,129300,0.0,0.0
2024-05-28 00:00:00-04:00,27.692644073867864,27.85593757431174,27.173948257936264,27.289213180541992,143000,0.0,0.0
2024-05-29 00:00:00-04:00,26.84736090443169,27.375662428992136,26.84736090443169,26.895387649536133,149300,0.0,0.0
2024-05-30 00:00:00-04:00,27.106707975003435,27.61579990232508,27.087498376165236,27.471717834472656,128100,0.0,0.0
2024-05-31 00:00:00-04:00,27.70225051912695,28.028837528617167,27.635012340485368,27.961599349975586,163400,0.0,0.0
2024-06-03 00:00:00-04:00,28.12489314069249,28.182525604099425,27.615801189639456,27.779094696044922,138500,0.0,0.0
2024-06-04 00:00:00-04:00,27.30842331665073,27.683037045508698,26.818542838550336,26.924203872680664,188000,0.0,0.0
2024-06-05 00:00:00-04:00,27.001049973537196,27.289214122096908,26.828150751560184,27.2027645111084,104000,0.0,0.0
2024-06-06 00:00:00-04:00,27.15473614586944,27.26039535025803,26.741699547333234,26.96262550354004,102100,0.0,0.0
2024-06-07 00:00:00-04:00,26.741700834366778,26.981838232784508,26.45353668910668,26.693674087524414,105500,0.0,0.0
2024-06-10 00:00:00-04:00,26.434324878069415,26.98183784546594,26.434324878069415,26.703277587890625,140000,0.0,0.0
2024-06-11 00:00:00-04:00,26.43432517249935,26.520774782219892,26.174976343337715,26.4631404876709,137200,0.0,0.0
2024-06-12 00:00:00-04:00,27.241188376976762,27.567775401148648,27.087500581143292,27.1739501953125,137500,0.0,0.0
2024-06-13 00:00:00-04:00,27.154737094672782,27.23158098786894,26.43432490892018,26.5880126953125,170100,0.0,0.0
2024-06-14 00:00:00-04:00,26.280637109649113,26.626433712810915,26.280637109649113,26.357481002807617,169000,0.0,0.0
2024-06-17 00:00:00-04:00,26.319057848352106,26.63603913312912,26.184581494841527,26.597618103027344,225300,0.0,0.0
2024-06-18 00:00:00-04:00,26.7801221160292,27.07789381196787,26.50156368395141,26.626434326171875,215100,0.0,0.0
2024-06-20 00:00:00-04:00,26.501562671715654,26.74170006320847,26.030893604242078,26.136552810668945,200700,0.0,0.0
2024-06-21 00:00:00-04:00,26.069315648252434,26.184582406778002,25.733124752767388,26.050106048583984,642900,0.0,0.0
2024-06-24 00:00:00-04:00,26.20379287984091,26.443930271888966,26.050105095498388,26.19418716430664,147200,0.0,0.0
2024-06-25 00:00:00-04:00,26.328662841833147,26.559194512430143,25.70430600495343,25.809967041015625,159800,0.0,0.0
2024-06-26 00:00:00-04:00,25.80996927703276,26.050106683721516,25.63707005108037,25.973262786865234,162900,0.0,0.0
2024-06-27 00:00:00-04:00,26.126949618354036,26.338269868900387,25.915627535704733,26.11734390258789,136700,0.0,0.0
2024-06-28 00:00:00-04:00,26.395901089949284,26.818543403267334,26.34787434548029,26.78972625732422,295900,0.0,0.0
2024-07-01 00:00:00-04:00,26.818543987010397,26.84736113358076,26.17497570376222,26.309452056884766,157500,0.0,0.0
2024-07-02 00:00:00-04:00,26.30945245286465,26.962626461467114,26.30945245286465,26.530380249023438,204900,0.0,0.0
2024-07-03 00:00:00-04:00,26.530380798889958,26.72248961992336,26.194188071952794,26.223003387451172,78900,0.0,0.0
2024-07-05 00:00:00-04:00,26.174975311221658,26.203792457359857,25.608250928557254,25.742727279663086,196100,0.0,0.0
2024-07-08 00:00:00-04:00,25.934839922385585,26.184583045194252,25.83878459328948,25.973262786865234,168400,0.0,0.0
2024-07-09 00:00:00-04:00,25.99247067670682,25.99247067670682,25.483380580570536,25.50259017944336,143600,0.0,0.0
2024-07-10 00:00:00-04:00,25.694701500286847,26.1461591474638,25.694701500286847,25.829177856445312,251500,0.0,0.0
2024-07-11 00:00:00-04:00,26.47274627602764,27.33724054350091,26.271031740861822,27.270002365112305,202700,0.0,0.0
2024-07-12 00:00:00-04:00,27.65422470418151,27.971206008534583,27.414087296880606,27.64461898803711,203600,0.0,0.0
2024-07-15 00:00:00-04:00,27.855936010504315,28.25936688118194,27.586981486018296,27.68303680419922,212000,0.0,0.0
2024-07-16 00:00:00-04:00,28.067257714724523,29.479266752095636,28.0288366847017,29.431238174438477,236900,0.0,0.0
2024-07-17 00:00:00-04:00,29.13346992860911,30.151652013774136,28.98938785189473,29.844276428222656,239900,0.0,0.0
2024-07-18 00:00:00-04:00,29.786642618399476,30.526266232785936,28.941357964214117,29.19110107421875,251000,0.0,0.0
2024-07-19 00:00:00-04:00,29.085442470211685,29.085442470211685,28.240157798481846,28.42266273498535,215500,0.0,0.0
2024-07-22 00:00:00-04:00,28.509111712317633,28.56674417389589,27.99041406180453,28.4995059967041,296600,0.0,0.0
2024-07-23 00:00:00-04:00,28.355423233812793,28.509111015667912,28.13449727640892,28.23055076599121,187500,0.0,0.0
2024-07-24 00:00:00-04:00,28.000019378341257,28.249762484424757,27.558167459033992,27.70224952697754,250900,0.0,0.0
2024-07-25 00:00:00-04:00,27.827120617262615,28.96056941252705,27.74067100866767,28.845304489135742,340300,0.0,0.0
2024-07-26 00:00:00-04:00,29.39281845669459,29.834670398250058,29.04702001053606,29.623350143432617,154400,0.0,0.0
2024-07-29 00:00:00-04:00,29.58492660522461,29.777037255845435,29.344789208000048,29.58492660522461,125200,0.0,0.0
2024-07-30 00:00:00-04:00,29.729011514412782,29.729011514412782,29.200708123394456,29.55611228942871,162100,0.0,0.0
2024-07-31 00:00:00-04:00,29.690587397117124,30.459026328945903,29.06623053599337,29.65216636657715,204200,0.0,0.0
2024-08-01 00:00:00-04:00,31.13141245669193,34.214775799944185,30.526267013509806,30.785614013671875,677500,0.0,0.0
2024-08-02 00:00:00-04:00,29.63295397852141,30.247705104136482,28.835697925450784,30.142044067382812,273200,0.0,0.0
2024-08-05 00:00:00-04:00,28.8356981668234,30.180467181414354,28.614772208219055,29.44084358215332,281200,0.0,0.0
2024-08-06 00:00:00-04:00,29.210313779111512,29.642561840678656,28.85491144591453,29.267946243286133,200900,0.0,0.0
2024-08-07 00:00:00-04:00,29.536899525792364,29.565716672691654,28.79727591097026,28.845304489135742,189900,0.0,0.0
2024-08-08 00:00:00-04:00,29.018202519512315,29.07583681459253,28.41305707799377,28.998992919921875,238700,0.0,0.0
2024-08-09 00:00:00-04:00,29.075836166237572,29.16228577482721,28.720432016246505,29.133468627929688,182700,0.0,0.0
2024-08-12 00:00:00-04:00,29.26794554062685,29.26794554062685,28.240157765689915,28.537927627563477,228200,0.0,0.0
2024-08-13 00:00:00-04:00,28.843830856661555,29.70233778259365,28.764887842495956,29.564186096191406,178500,0.79,0.0
2024-08-14 00:00:00-04:00,29.78128099773595,29.850355900328257,29.110264431725078,29.3076229095459,176600,0.0,0.0
2024-08-15 00:00:00-04:00,29.998374833968896,30.314146903460674,29.652998427156014,29.958904266357422,226900,0.0,0.0
2024-08-16 00:00:00-04:00,29.91943141313756,30.452298184831815,29.83062028452185,29.988506317138672,274800,0.0,0.0
2024-08-19 00:00:00-04:00,29.88982777308668,30.235202279396447,29.633262509720925,30.22533416748047,184900,0.0,0.0
2024-08-20 00:00:00-04:00,30.106921770877793,30.3930894990774,29.88982894665223,30.136526107788086,148800,0.0,0.0
2024-08-21 00:00:00-04:00,30.383222047367475,31.162784066496528,30.126656784243387,31.152915954589844,188700,0.0,0.0
2024-08-22 00:00:00-04:00,30.995030128347434,30.995030128347434,29.1793389331014,29.33722496032715,510700,0.0,0.0
2024-08-23 00:00:00-04:00,29.63326244380703,30.76806896152184,29.455640194014297,30.669389724731445,320800,0.0,0.0
2024-08-26 00:00:00-04:00,31.024634600611016,31.754857950276904,30.600315194770722,31.419349670410156,351600,0.0,0.0
2024-08-27 00:00:00-04:00,31.024634974126602,31.675913435523697,30.866748944306106,31.389745712280273,191700,0.0,0.0
2024-08-28 00:00:00-04:00,31.37001089275623,31.922610106568218,31.221991095170978,31.23185920715332,242100,0.0,0.0
2024-08-29 00:00:00-04:00,31.587101476823065,31.587101476823065,30.77793700690999,31.113445281982422,331500,0.0,0.0
2024-08-30 00:00:00-04:00,31.212123907366923,31.23186013191599,30.5016367629501,31.064105987548828,265700,0.0,0.0
2024-09-03 00:00:00-04:00,30.718728880173682,30.90621924477864,30.037846088237124,30.19573211669922,170300,0.0,0.0
2024-09-04 00:00:00-04:00,29.949035477782466,30.09705339674631,29.52471606317615,30.057580947875977,181500,0.0,0.0
2024-09-05 00:00:00-04:00,30.195733093638427,30.43256214399383,29.712206880560736,29.73194122314453,210900,0.0,0.0
2024-09-06 00:00:00-04:00,29.731940500948355,30.027978218314267,29.396434099373558,29.643131256103516,206400,0.0,0.0
2024-09-09 00:00:00-04:00,29.50497983773687,29.74180888450095,28.291230267264723,28.31096649169922,352000,0.0,0.0
2024-09-10 00:00:00-04:00,28.50832320718263,29.01158563943834,28.2517579349258,28.981983184814453,401100,0.0,0.0
2024-09-11 00:00:00-04:00,28.705681866181934,29.011585819476917,28.310966784164215,28.725418090820312,310400,0.0,0.0
2024-09-12 00:00:00-04:00,28.991849520540175,29.238546681437775,28.784624808818172,29.021453857421875,263200,0.0,0.0
2024-09-13 00:00:00-04:00,29.751677554902106,30.580580175202762,29.593791520763887,30.402957916259766,351400,0.0,0.0
2024-09-16 00:00:00-04:00,30.491768723054324,31.241728318349473,30.205600995013395,30.768070220947266,588500,0.0,0.0
2024-09-17 00:00:00-04:00,31.133179930898535,31.754857809966442,30.76806919875381,31.527896881103516,519300,0.0,0.0
2024-09-18 00:00:00-04:00,31.320670368024157,33.323851931092165,31.044368878657906,31.71538543701172,440600,0.0,0.0
2024-09-19 00:00:00-04:00,32.54428886025943,32.830458468981675,31.616708894811374,31.99168586730957,402100,0.0,0.0
2024-09-20 00:00:00-04:00,31.53776325027494,31.942346432087795,31.172652516516955,31.419349670410156,3122400,0.0,0.0
2024-09-23 00:00:00-04:00,31.774594036470834,31.774594036470834,30.679258075648452,30.748332977294922,266500,0.0,0.0
2024-09-24 00:00:00-04:00,30.90621930909373,31.261463814947653,30.66939026590775,31.162784576416016,213000,0.0,0.0
2024-09-25 00:00:00-04:00,31.05423783130713,31.05423783130713,30.047714848679178,30.09705352783203,427300,0.0,0.0
2024-09-26 00:00:00-04:00,30.432561626879295,31.34040724555708,30.343750499236364,30.98516273498535,357600,0.0,0.0
2024-09-27 00:00:00-04:00,31.488425356572368,31.79433119016643,31.10357838920237,31.360143661499023,297700,0.0,0.0
2024-09-30 00:00:00-04:00,31.30093482162384,31.81406724564057,31.12331444834684,31.46868896484375,219100,0.0,0.0
2024-10-01 00:00:00-04:00,31.46868909580734,31.58710267848481,30.94569232170691,31.508161544799805,212400,0.0,0.0
2024-10-02 00:00:00-04:00,31.29106710491171,31.547632379087887,30.78780655104112,30.807540893554688,181600,0.0,0.0
2024-10-03 00:00:00-04:00,30.55097545744332,30.837145067097975,30.25493961765917,30.43256187438965,216300,0.0,0.0
2024-10-04 00:00:00-04:00,30.82727602311245,30.916087148793512,30.55097453408804,30.60031509399414,151700,0.0,0.0
2024-10-07 00:00:00-04:00,30.314146032317684,30.48190017468316,29.899694732482388,30.46216583251953,152800,0.0,0.0
2024-10-08 00:00:00-04:00,30.600315540798054,30.679258555650566,30.215468578660793,30.274675369262695,162800,0.0,0.0
2024-10-09 00:00:00-04:00,30.41282465741739,30.580578796394345,29.633262634277344,29.633262634277344,200100,0.0,0.0
2024-10-10 00:00:00-04:00,29.376698571832115,29.4359053638495,29.041190280150293,29.248414993286133,212900,0.0,0.0
2024-10-11 00:00:00-04:00,29.14973637300428,29.66286501854116,29.13986826106993,29.297754287719727,233700,0.0,0.0
2024-10-14 00:00:00-04:00,29.29775560943725,29.603659564602815,29.1102652385261,29.58392333984375,190800,0.0,0.0
2024-10-15 00:00:00-04:00,29.426035879665356,30.462165043490835,29.426035879665356,29.889827728271484,262600,0.0,0.0
2024-10-16 00:00:00-04:00,30.215469569112113,31.08384276095469,30.215469569112113,30.92595672607422,244800,0.0,0.0
2024-10-17 00:00:00-04:00,30.876616202161816,31.04436845732362,30.294410777500637,30.629919052124023,188000,0.0,0.0
2024-10-18 00:00:00-04:00,30.718729528735246,31.083842153606128,30.590447833707618,30.72859764099121,221000,0.0,0.0
2024-10-21 00:00:00-04:00,30.728597780318623,30.748334004920043,29.495111974979565,29.504980087280273,161700,0.0,0.0
2024-10-22 00:00:00-04:00,29.366829806436897,29.426036597137696,29.031321522215816,29.34709358215332,197900,0.0,0.0
2024-10-23 00:00:00-04:00,29.1102650795722,29.55432072347651,28.97211527131307,29.20894432067871,160500,0.0,0.0
2024-10-24 00:00:00-04:00,29.307623228151105,29.356961907067706,28.695813445975478,28.9425106048584,215300,0.0,0.0
2024-10-25 00:00:00-04:00,29.28788610561586,29.45564024379809,28.79449180297988,28.96224594116211,171800,0.0,0.0
2024-10-28 00:00:00-04:00,29.09052844298191,29.544452192784043,29.031321652016395,29.386566162109375,225400,0.0,0.0
2024-10-29 00:00:00-04:00,28.942511076300487,29.258283143670216,28.84383183470995,29.10039710998535,155300,0.0,0.0
2024-10-30 00:00:00-04:00,29.001717123475117,29.722074251078414,28.98198278138388,29.011585235595703,263400,0.0,0.0
2024-10-31 00:00:00-04:00,28.616870253902086,29.18920758369413,26.98866939174799,27.304441452026367,334600,0.0,0.0
2024-11-01 00:00:00-04:00,27.68928926237076,27.758364167401247,27.284706062492194,27.58074378967285,247200,0.0,0.0
2024-11-04 00:00:00-05:00,27.541270018962507,27.985325647361364,27.521533795000355,27.778099060058594,217600,0.0,0.0
2024-11-05 00:00:00-05:00,27.669554514312953,27.857043001749403,27.531402824125603,27.6103458404541,224200,0.0,0.0
2024-11-06 00:00:00-05:00,28.873435435659374,29.48524333005175,28.251757546994615,28.380041122436523,435300,0.0,0.0
2024-11-07 00:00:00-05:00,28.478720978551415,29.32735793581994,28.202419479586094,28.429380416870117,275600,0.0,0.0
2024-11-08 00:00:00-05:00,28.429380743004913,28.88330450493024,28.32083527036081,28.69581413269043,215500,0.0,0.0
2024-11-11 00:00:00-05:00,29.169471634947932,29.337225778824305,28.676077315564473,29.130001068115234,209500,0.0,0.0
2024-11-12 00:00:00-05:00,29.059999465942383,29.309999465942383,28.40999984741211,28.639999389648438,238900,0.39,0.0
2024-11-13 00:00:00-05:00,29.010000228881836,29.760000228881836,28.799999237060547,29.299999237060547,256100,0.0,0.0
2024-11-14 00:00:00-05:00,29.440000534057617,29.510000228881836,29.020000457763672,29.15999984741211,190200,0.0,0.0
2024-11-15 00:00:00-05:00,29.389999389648438,29.389999389648438,28.850000381469727,28.8799991607666,173600,0.0,0.0
2024-11-18 00:00:00-05:00,28.969999313354492,29.149999618530273,28.559999465942383,28.889999389648438,167900,0.0,0.0
2024-11-19 00:00:00-05:00,28.649999618530273,29.149999618530273,28.309999465942383,29.100000381469727,154900,0.0,0.0
2024-11-20 00:00:00-05:00,29.1200008392334,29.1200008392334,28.68000030517578,28.969999313354492,116100,0.0,0.0
2024-11-21 00:00:00-05:00,29.0,29.389999389648438,28.790000915527344,29.309999465942383,172200,0.0,0.0
2024-11-22 00:00:00-05:00,29.59000015258789,29.969999313354492,29.520000457763672,29.93000030517578,168000,0.0,0.0
2024-11-25 00:00:00-05:00,30.450000762939453,31.6299991607666,30.270000457763672,31.040000915527344,222400,0.0,0.0
2024-11-26 00:00:00-05:00,30.770000457763672,30.850000381469727,30.469999313354492,30.510000228881836,113800,0.0,0.0
2024-11-27 00:00:00-05:00,30.799999237060547,31.043100357055664,30.6299991607666,30.75,114749,0.0,0.0
