Date,Open,High,Low,Close,Volume,Dividends,Stock Splits
2022-01-03 00:00:00-05:00,270.9354272949995,273.5453371642797,258.4547450919877,261.9677429199219,104000,0.0,0.0
2022-01-04 00:00:00-05:00,264.2073954125807,269.81556358858694,264.2073954125807,267.76556396484375,43500,0.0,0.0
2022-01-05 00:00:00-05:00,268.4066834186428,268.4066834186428,257.03681275998144,258.50885009765625,61500,0.0,0.0
2022-01-06 00:00:00-05:00,259.1953439204158,259.1953439204158,251.7448665343147,256.67572021484375,40900,0.0,0.0
2022-01-07 00:00:00-05:00,258.048277755786,264.40602305742544,256.64850280587433,261.90447998046875,70700,0.0,0.0
2022-01-10 00:00:00-05:00,261.21822747951603,261.21822747951603,252.55761608826677,259.186279296875,61000,0.0,0.0
2022-01-11 00:00:00-05:00,259.9448345597903,263.5842779286359,256.6937123985251,263.3404541015625,41900,0.0,0.0
2022-01-12 00:00:00-05:00,265.8058375494746,266.78118787132564,263.35847716714363,264.595703125,61200,0.0,0.0
2022-01-13 00:00:00-05:00,266.5915989188432,266.5915989188432,257.3891296386719,257.3891296386719,36900,0.0,0.0
2022-01-14 00:00:00-05:00,253.81291877416348,257.5788085638488,249.55034151574793,256.7479553222656,45600,0.0,0.0
2022-01-18 00:00:00-05:00,254.1740747596947,258.07539314728643,252.35885944515465,255.87185668945312,80200,0.0,0.0
2022-01-19 00:00:00-05:00,258.0573538705748,258.0573538705748,249.15292087310547,250.1372833251953,96100,0.0,0.0
2022-01-20 00:00:00-05:00,252.45824697642195,256.4950515603553,245.72121801041501,247.33775329589844,86400,0.0,0.0
2022-01-21 00:00:00-05:00,243.68023657706374,244.7007304838936,235.9317532290213,236.16656494140625,98500,0.0,0.0
2022-01-24 00:00:00-05:00,230.99185505866046,238.26170267134225,222.19577269145068,236.98837280273438,89600,0.0,0.0
2022-01-25 00:00:00-05:00,233.41210484479652,237.94562401174545,225.82617154415786,227.62332153320312,76800,0.0,0.0
2022-01-26 00:00:00-05:00,231.36211674906195,234.69451367133536,222.51185159977877,225.62750244140625,87000,0.0,0.0
2022-01-27 00:00:00-05:00,227.2992081596681,231.46942972778947,221.39368055437905,222.9563751220703,57100,1.5,0.0
2022-01-28 00:00:00-05:00,223.91032881110857,225.17320251464844,217.11443380766613,225.17320251464844,67500,0.0,0.0
2022-01-31 00:00:00-05:00,224.9006727390317,237.75656134126643,224.9006727390317,237.74746704101562,66500,0.0,0.0
2022-02-01 00:00:00-05:00,238.864970013411,239.84618395204325,232.54150657784822,238.0290985107422,96400,0.0,0.0
2022-02-02 00:00:00-05:00,236.9025127329725,236.9025127329725,231.8419231603992,234.85829162597656,64100,0.0,0.0
2022-02-03 00:00:00-05:00,231.22412747559287,234.59481327968854,226.4542780875895,227.5354461669922,63700,0.0,0.0
2022-02-04 00:00:00-05:00,243.74385636037385,248.0594345733596,231.83285993800268,244.85227966308594,73300,0.0,0.0
2022-02-07 00:00:00-05:00,243.5075883135685,246.7147427226845,235.01273681349534,236.9388427734375,54600,0.0,0.0
2022-02-08 00:00:00-05:00,237.52943417418643,241.6451319893947,237.52943417418643,238.83773803710938,34100,0.0,0.0
2022-02-09 00:00:00-05:00,242.47188490942497,246.03335683556526,239.08301059122726,245.3156280517578,56500,0.0,0.0
2022-02-10 00:00:00-05:00,241.5360650020045,245.83345391954836,233.15020650142242,235.20352172851562,76200,0.0,0.0
2022-02-11 00:00:00-05:00,236.67540929690472,240.76385206786853,231.2877569219789,232.8050079345703,47300,0.0,0.0
2022-02-14 00:00:00-05:00,232.6778109511245,234.31317686063343,227.70808084725743,230.20657348632812,58100,0.0,0.0
2022-02-15 00:00:00-05:00,234.44943498267648,240.5275879244189,233.6681015616148,238.06544494628906,38100,0.0,0.0
2022-02-16 00:00:00-05:00,238.0381728715185,240.52757084509267,236.55724392466223,239.81890869140625,30400,0.0,0.0
2022-02-17 00:00:00-05:00,236.3392255083309,238.24717079242546,227.66263963784888,227.98971557617188,38300,0.0,0.0
2022-02-18 00:00:00-05:00,227.61718881828838,232.47789753730962,226.56327601792606,229.34341430664062,35600,0.0,0.0
2022-02-22 00:00:00-05:00,228.53481436313047,231.96002406954486,222.1659353138098,227.2901153564453,46500,0.0,0.0
2022-02-23 00:00:00-05:00,227.9806387082547,230.47913141437675,217.73227700820416,217.81405639648438,57100,0.0,0.0
2022-02-24 00:00:00-05:00,210.28221450395378,220.62143532649176,209.0920257320893,219.2586212158203,74700,0.0,0.0
2022-02-25 00:00:00-05:00,221.3936836995965,226.2362180683201,220.91215716630845,225.5457305908203,39500,0.0,0.0
2022-02-28 00:00:00-05:00,222.62932880922014,224.17386270976147,214.94306423616945,218.6135711669922,92700,0.0,0.0
2022-03-01 00:00:00-05:00,216.91456487392375,219.8037239422771,206.93877012813664,210.2367706298828,61700,0.0,0.0
2022-03-02 00:00:00-05:00,212.84430760388167,219.9854539613585,211.85398549970967,218.13201904296875,44800,0.0,0.0
2022-03-03 00:00:00-05:00,220.3851948377558,220.42153044352094,211.43604428850884,213.23495483398438,48100,0.0,0.0
2022-03-04 00:00:00-05:00,210.30945530438512,210.30945530438512,197.90785329011533,200.22463989257812,69500,0.0,0.0
2022-03-07 00:00:00-05:00,199.25251358594045,201.4421049988824,187.8230438232422,187.8230438232422,80100,0.0,0.0
2022-03-08 00:00:00-05:00,190.36695550495568,194.00112639435608,185.1246601152823,187.20523071289062,80000,0.0,0.0
2022-03-09 00:00:00-05:00,193.43785208892942,199.779476991007,192.52930928322868,197.19921875,44500,0.0,0.0
2022-03-10 00:00:00-05:00,194.08289898540403,196.81762155183048,189.51293003449456,193.22886657714844,48900,0.0,0.0
2022-03-11 00:00:00-05:00,196.60865529551873,197.88970396367023,191.50264922378952,192.28399658203125,35100,0.0,0.0
2022-03-14 00:00:00-04:00,194.42813342259825,200.2337205903594,192.71098831278894,194.11013793945312,42200,0.0,0.0
2022-03-15 00:00:00-04:00,194.66435802295555,199.99751321162103,194.66435802295555,198.2440185546875,58200,0.0,0.0
2022-03-16 00:00:00-04:00,202.39607708933843,212.98059483203824,198.4802599622844,210.19137573242188,58400,0.0,0.0
2022-03-17 00:00:00-04:00,209.69167546040552,215.81524489777647,203.01388051191597,215.10658264160156,44100,0.0,0.0
2022-03-18 00:00:00-04:00,214.54329125339135,217.0962942439602,210.93637531212295,216.696533203125,102000,0.0,0.0
2022-03-21 00:00:00-04:00,220.17626127385046,222.20232172193576,216.33312906881667,217.93215942382812,71800,0.0,0.0
2022-03-22 00:00:00-04:00,220.2125994871204,225.71836641665215,219.8582683638316,220.93942260742188,45700,0.0,0.0
2022-03-23 00:00:00-04:00,219.6129371406421,221.42094205985745,214.84308808319628,216.20590209960938,35200,0.0,0.0
2022-03-24 00:00:00-04:00,218.46820493257104,221.03028838618923,216.62385031847387,219.5766143798828,27800,0.0,0.0
2022-03-25 00:00:00-04:00,221.33008173318564,222.39307499992978,220.3397735440728,222.1659393310547,30200,0.0,0.0
2022-03-28 00:00:00-04:00,221.43003542942745,221.43003542942745,215.91517439985813,218.25921630859375,23900,0.0,0.0
2022-03-29 00:00:00-04:00,221.42097492162063,226.56331670399823,221.42097492162063,224.74623107910156,44100,0.0,0.0
2022-03-30 00:00:00-04:00,223.8558526007163,224.82800001922092,219.45850892001994,220.348876953125,29500,0.0,0.0
2022-03-31 00:00:00-04:00,220.84859274757343,223.3289107913956,217.8140630230021,218.04119873046875,31000,0.0,0.0
2022-04-01 00:00:00-04:00,219.9854577905774,222.52028593209425,216.3421925353578,217.80494689941406,38200,0.0,0.0
2022-04-04 00:00:00-04:00,218.21379135787558,220.13081711769306,215.57902292435,215.8970184326172,35000,0.0,0.0
2022-04-05 00:00:00-04:00,216.43308370799207,217.9957785542296,210.18230432304202,210.83645629882812,39600,0.0,0.0
2022-04-06 00:00:00-04:00,210.39125256643857,210.39125256643857,200.92422485351562,200.92422485351562,31300,0.0,0.0
2022-04-07 00:00:00-04:00,202.06900988932887,202.27797085411174,194.00114529269686,198.3530731201172,65700,0.0,0.0
2022-04-08 00:00:00-04:00,189.08587695385208,193.7830404199303,179.26453390084671,185.16098022460938,112200,0.0,0.0
2022-04-11 00:00:00-04:00,185.16100599066178,189.11315843815308,180.06408086276022,180.70005798339844,57600,0.0,0.0
2022-04-12 00:00:00-04:00,181.92659327850674,183.97989476760822,179.2009652078755,180.14584350585938,48600,0.0,0.0
2022-04-13 00:00:00-04:00,180.31848901174737,188.65890518675926,180.31848901174737,188.0774383544922,40200,0.0,0.0
2022-04-14 00:00:00-04:00,188.0683444920432,188.967806782562,184.43417358398438,184.43417358398438,34700,0.0,0.0
2022-04-18 00:00:00-04:00,182.61707844348362,183.26214984528306,179.89145040701374,180.45474243164062,33600,0.0,0.0
2022-04-19 00:00:00-04:00,181.02713467249586,190.89390904154732,181.02713467249586,190.43055725097656,38800,0.0,0.0
2022-04-20 00:00:00-04:00,193.22884298763833,193.96477417485931,189.57651153811176,190.5577392578125,30600,0.0,0.0
2022-04-21 00:00:00-04:00,194.21918058268957,194.21918058268957,183.83453011378435,184.88844299316406,26600,0.0,0.0
2022-04-22 00:00:00-04:00,183.52564316952302,185.35180918256398,177.87450591930144,178.65585327148438,84300,0.0,0.0
2022-04-25 00:00:00-04:00,177.32936127143068,180.00047908388518,173.32269841601067,179.364501953125,67200,0.0,0.0
2022-04-26 00:00:00-04:00,178.56500441547615,178.56500441547615,167.00835219687534,168.10768127441406,68200,0.0,0.0
2022-04-27 00:00:00-04:00,168.11671913957372,171.13308727142905,165.00950506430428,165.74542236328125,64100,0.0,0.0
2022-04-28 00:00:00-04:00,169.80366285426197,169.80366285426197,161.31164367560743,168.55780029296875,62500,1.5,0.0
2022-04-29 00:00:00-04:00,173.27558546715426,173.57789190292672,161.5315109099153,162.29185485839844,58200,0.0,0.0
2022-05-02 00:00:00-04:00,163.0613586396551,166.24929589467038,160.43222772337552,164.7652587890625,75500,0.0,0.0
2022-05-03 00:00:00-04:00,163.69344908210138,166.25846195758635,159.26880501698383,162.88729858398438,150300,0.0,0.0
2022-05-04 00:00:00-04:00,164.15149603274756,169.49221543339723,159.8551016655126,168.438720703125,69300,0.0,0.0
2022-05-05 00:00:00-04:00,165.5805743098277,168.823474013124,158.0595915891103,161.4124298095703,50700,0.0,0.0
2022-05-06 00:00:00-04:00,161.0184914621531,162.4292406785585,155.7327352972862,160.111572265625,102800,0.0,0.0
2022-05-09 00:00:00-04:00,158.24279325461364,158.4809677115098,151.49131130993948,155.90679931640625,80600,0.0,0.0
2022-05-10 00:00:00-04:00,159.93749467568313,159.93749467568313,152.4256841724517,157.02438354492188,56600,0.0,0.0
2022-05-11 00:00:00-04:00,155.96176809831005,158.74662993626754,151.13404895458814,151.54627990722656,59200,0.0,0.0
2022-05-12 00:00:00-04:00,149.75077328295765,156.10833567621333,147.77204803502553,155.43043518066406,67100,0.0,0.0
2022-05-13 00:00:00-04:00,158.74664333427526,162.4750755929044,156.88701205335096,158.39854431152344,74000,0.0,0.0
2022-05-16 00:00:00-04:00,156.83203109528296,159.34208152965923,153.70821211219823,156.9144744873047,71600,0.0,0.0
2022-05-17 00:00:00-04:00,161.95290375329353,166.377547971742,161.50403591981072,165.8553924560547,83700,0.0,0.0
2022-05-18 00:00:00-04:00,162.02621223753053,163.38201356508637,158.93904336111885,160.3131561279297,103500,0.0,0.0
2022-05-19 00:00:00-04:00,159.6902054900003,165.8279053780987,159.6902054900003,162.54835510253906,76200,0.0,0.0
2022-05-20 00:00:00-04:00,166.16684349521927,168.41122444693758,163.18044403088587,168.14556884765625,53100,0.0,0.0
2022-05-23 00:00:00-04:00,170.73805998145968,170.92127218261052,166.9546658247274,167.1195526123047,48300,0.0,0.0
2022-05-24 00:00:00-04:00,165.38816959980971,166.71648949421783,160.56046455275714,166.07522583007812,59900,0.0,0.0
2022-05-25 00:00:00-04:00,166.2859242543271,170.93958654943518,165.27823624582564,168.87841796875,45600,0.0,0.0
2022-05-26 00:00:00-04:00,170.2250316010538,177.0864231309415,170.2250316010538,175.6573486328125,34500,0.0,0.0
2022-05-27 00:00:00-04:00,176.95820819672682,178.72624023661083,175.64822764053622,177.68191528320312,43300,0.0,0.0
2022-05-31 00:00:00-04:00,176.2528241275772,178.63462471505602,174.26494305813154,176.4910125732422,48000,0.0,0.0
2022-06-01 00:00:00-04:00,176.5001781540886,176.56431011710373,170.58234116062275,173.59622192382812,49400,0.0,0.0
2022-06-02 00:00:00-04:00,173.2663983963073,179.07430965176331,172.72591758387628,178.717041015625,48500,0.0,0.0
2022-06-03 00:00:00-04:00,176.35357734665428,178.61628351127436,174.83290360693786,176.4451904296875,40200,0.0,0.0
2022-06-06 00:00:00-04:00,177.81016974617094,182.1248753298679,177.81016974617094,180.8332061767578,40000,0.0,0.0
2022-06-07 00:00:00-04:00,178.30484047934777,180.2560847356212,176.88492140951203,178.3231658935547,33500,0.0,0.0
2022-06-08 00:00:00-04:00,176.15206726513944,177.56283068635554,174.33824255891483,175.13522338867188,29500,0.0,0.0
2022-06-09 00:00:00-04:00,173.25726105441035,176.61008477290542,171.16861127114018,172.11216735839844,40500,0.0,0.0
2022-06-10 00:00:00-04:00,168.28298705005585,168.67690659761635,160.31313676100513,166.7256622314453,39300,0.0,0.0
2022-06-13 00:00:00-04:00,160.96355586705226,162.31934304974052,155.8518553255239,157.6107177734375,69500,0.0,0.0
2022-06-14 00:00:00-04:00,159.34209061583942,162.3926220983463,156.7312712273836,161.55899047851562,57000,0.0,0.0
2022-06-15 00:00:00-04:00,162.70408836892778,166.6523695537342,160.36809422192897,163.6110076904297,51100,0.0,0.0
2022-06-16 00:00:00-04:00,157.903848581326,157.903848581326,152.3432804131954,154.30368041992188,61100,0.0,0.0
2022-06-17 00:00:00-04:00,154.75252088370593,159.06723966635005,154.75252088370593,156.3281707763672,90900,0.0,0.0
2022-06-21 00:00:00-04:00,160.2856300327201,161.70554895579457,159.81843685519755,161.03680419921875,41500,0.0,0.0
2022-06-22 00:00:00-04:00,158.61838172401974,162.8140069295814,158.61838172401974,160.51466369628906,44200,0.0,0.0
2022-06-23 00:00:00-04:00,160.32227913568812,167.5684356689453,160.32227913568812,167.5684356689453,66700,0.0,0.0
2022-06-24 00:00:00-04:00,169.14409736338789,177.0406598536022,167.67837168612581,174.2924346923828,210800,0.0,0.0
2022-06-27 00:00:00-04:00,175.66654397013357,175.66654397013357,169.90443814085484,172.0388946533203,51400,0.0,0.0
2022-06-28 00:00:00-04:00,173.96260757662628,175.7947572677048,168.43867737628005,169.2356719970703,49900,0.0,0.0
2022-06-29 00:00:00-04:00,170.52738077170218,170.52738077170218,163.55604843593028,164.83856201171875,40000,0.0,0.0
2022-06-30 00:00:00-04:00,160.99103541794668,160.99103541794668,152.2425158350971,156.6671600341797,87900,0.0,0.0
2022-07-01 00:00:00-04:00,155.4762486873878,160.47801031356664,153.1494103810127,159.16802978515625,59800,0.0,0.0
2022-07-05 00:00:00-04:00,157.2167947409118,164.4629517012156,154.10214517936777,164.2247772216797,62400,0.0,0.0
2022-07-06 00:00:00-04:00,163.8400199341572,163.8400199341572,159.1863572399338,160.55130004882812,52000,0.0,0.0
2022-07-07 00:00:00-04:00,162.5941662860303,165.76377814350968,162.4475909226959,164.9576416015625,37800,0.0,0.0
2022-07-08 00:00:00-04:00,165.4431193681191,165.4431193681191,159.69017057209675,160.2672882080078,52600,0.0,0.0
2022-07-11 00:00:00-04:00,157.93134409043122,157.93134409043122,152.48069995680046,153.4334259033203,51600,0.0,0.0
2022-07-12 00:00:00-04:00,153.6257715934192,159.01229695736382,153.6257715934192,158.06874084472656,66000,0.0,0.0
2022-07-13 00:00:00-04:00,154.57851348510584,159.21385113701422,153.62578757748258,158.7558135986328,74400,0.0,0.0
2022-07-14 00:00:00-04:00,156.8778608065573,161.97123612382367,153.86397987927873,161.43991088867188,66800,0.0,0.0
2022-07-15 00:00:00-04:00,164.38051030886874,166.37754722170277,158.48098471086615,165.369873046875,109700,0.0,0.0
2022-07-18 00:00:00-04:00,166.43252046012785,167.4951709500603,162.48423894443084,162.9056396484375,51900,0.0,0.0
2022-07-19 00:00:00-04:00,165.61719432489954,171.1594509115425,165.61719432489954,169.17156982421875,59300,0.0,0.0
2022-07-20 00:00:00-04:00,169.42807808616723,173.84356654671674,169.42807808616723,173.58706665039062,45800,0.0,0.0
2022-07-21 00:00:00-04:00,173.9076719970678,176.49101016726394,172.68013487052687,175.51080322265625,57800,0.0,0.0
2022-07-22 00:00:00-04:00,175.31844797377963,177.71856013766768,172.06637874263157,174.21914672851562,34900,0.0,0.0
2022-07-25 00:00:00-04:00,175.9230220745249,177.04980429419152,174.1000419236746,177.03147888183594,32500,0.0,0.0
2022-07-26 00:00:00-04:00,175.83144903353238,177.70023600319448,174.07258659791037,174.87872314453125,39600,0.0,0.0
2022-07-27 00:00:00-04:00,175.58408421557994,180.24690236232723,174.71381580759638,179.6148223876953,48500,0.0,0.0
2022-07-28 00:00:00-04:00,180.2702437194559,186.96298888094663,174.962204453446,186.82452392578125,35400,1.5,0.0
2022-07-29 00:00:00-04:00,185.05211512924177,191.5048360425468,185.05211512924177,190.46170043945312,60300,0.0,0.0
2022-08-01 00:00:00-04:00,187.83998152659322,191.46791858836477,184.58130785146753,188.85543823242188,44500,0.0,0.0
2022-08-02 00:00:00-04:00,187.10144004897978,189.82470604485215,184.2581898820812,187.322998046875,64400,0.0,0.0
2022-08-03 00:00:00-04:00,188.78158121416334,192.97261843302806,185.05211265352395,191.52330017089844,48000,0.0,0.0
2022-08-04 00:00:00-04:00,192.56645486110048,192.97262345871246,186.93531144971357,191.68023681640625,47000,0.0,0.0
2022-08-05 00:00:00-04:00,190.35091234190318,200.2100262325523,185.75369243780307,189.34469604492188,70700,0.0,0.0
2022-08-08 00:00:00-04:00,191.52330345117952,193.7203748094685,189.49240413739568,191.6525421142578,38800,0.0,0.0
2022-08-09 00:00:00-04:00,191.34789783718858,191.34789783718858,184.40590141816025,188.5692596435547,63700,0.0,0.0
2022-08-10 00:00:00-04:00,193.67421122426484,195.70511049713798,193.02801792189032,195.3358612060547,48800,0.0,0.0
2022-08-11 00:00:00-04:00,197.99447221396633,199.79458702316523,194.63425320814292,196.9974822998047,37600,0.0,0.0
2022-08-12 00:00:00-04:00,199.1207453867593,202.0655561095467,197.58833383729004,201.354736328125,39000,0.0,0.0
2022-08-15 00:00:00-04:00,199.8499904985489,204.71491371710846,198.78837419792066,203.9856414794922,31500,0.0,0.0
2022-08-16 00:00:00-04:00,202.73941368240645,205.42574666385883,200.6346617199788,202.86865234375,41000,0.0,0.0
2022-08-17 00:00:00-04:00,201.1331717303027,202.19477405583413,197.80987161270818,199.85923767089844,40600,0.0,0.0
2022-08-18 00:00:00-04:00,202.10243343421027,202.78556007709386,198.9822390759656,202.425537109375,49200,0.0,0.0
2022-08-19 00:00:00-04:00,199.66535531783725,201.1516068963026,193.44341908981704,195.15121459960938,56000,0.0,0.0
2022-08-22 00:00:00-04:00,191.70792621325919,191.83716487506527,188.04306991338123,190.1385955810547,49600,0.0,0.0
2022-08-23 00:00:00-04:00,190.6924556634028,193.56339879521886,188.55999692717745,188.92926025390625,50700,0.0,0.0
2022-08-24 00:00:00-04:00,189.61241295573393,190.4709380471744,187.4430485558642,189.4647216796875,37700,0.0,0.0
2022-08-25 00:00:00-04:00,191.31096275778106,193.76649706040166,190.5447571740091,192.77874755859375,31000,0.0,0.0
2022-08-26 00:00:00-04:00,193.62804602152565,193.62804602152565,183.16889886554267,183.8612518310547,56700,0.0,0.0
2022-08-29 00:00:00-04:00,182.63346848070324,184.1381866918788,180.28870608507592,182.3842315673828,58300,0.0,0.0
2022-08-30 00:00:00-04:00,184.082829602797,187.93231081377294,179.31943730833922,179.7071533203125,69900,0.0,0.0
2022-08-31 00:00:00-04:00,181.13801207012114,181.85805807674632,175.6822669471888,176.55001831054688,54200,0.0,0.0
2022-09-01 00:00:00-04:00,175.27605991223018,176.0791988741805,170.34651052516918,175.4699249267578,44800,0.0,0.0
2022-09-02 00:00:00-04:00,178.05473169088472,179.26403933245618,171.62046341102103,171.638916015625,40300,0.0,0.0
2022-09-06 00:00:00-04:00,171.5742885891632,171.98047122993503,169.10951384006827,171.24195861816406,48700,0.0,0.0
2022-09-07 00:00:00-04:00,169.87571695287753,174.58370837275757,168.94333933587174,174.01136779785156,39000,0.0,0.0
2022-09-08 00:00:00-04:00,173.06056342842172,178.49784196007113,172.58052805320813,178.23936462402344,33800,0.0,0.0
2022-09-09 00:00:00-04:00,179.47635662994082,184.59977158928552,179.47635662994082,181.94113159179688,45000,0.0,0.0
2022-09-12 00:00:00-04:00,184.3320432109695,185.8460018554555,181.894961382948,185.513671875,39300,0.0,0.0
2022-09-13 00:00:00-04:00,180.30719761506342,182.35654961448796,174.0206203020351,175.04530334472656,56700,0.0,0.0
2022-09-14 00:00:00-04:00,176.78076715611505,181.978033904294,170.65113694192087,172.5066375732422,48700,0.0,0.0
2022-09-15 00:00:00-04:00,172.29432859593146,175.04527354221378,170.75269114299635,171.92507934570312,46500,0.0,0.0
2022-09-16 00:00:00-04:00,171.46354358808009,172.24820191662528,168.00177838166653,171.5835418701172,134300,0.0,0.0
2022-09-19 00:00:00-04:00,169.94032762344705,179.2547788021697,169.94032762344705,177.64852905273438,50000,0.0,0.0
2022-09-20 00:00:00-04:00,175.32223093188105,175.87611893554208,170.78039719411458,172.44204711914062,39200,0.0,0.0
2022-09-21 00:00:00-04:00,175.11914090489196,175.11914090489196,167.01399663440486,167.54019165039062,43200,0.0,0.0
2022-09-22 00:00:00-04:00,166.96784689744203,166.96784689744203,161.17978589260193,162.8506622314453,53300,0.0,0.0
2022-09-23 00:00:00-04:00,159.81353897055666,161.5675084469026,154.3947270489031,158.17959594726562,55100,0.0,0.0
2022-09-26 00:00:00-04:00,158.1611203483013,161.3274746271215,155.7147979736328,155.7147979736328,48300,0.0,0.0
2022-09-27 00:00:00-04:00,157.38569598408512,159.06579868027896,151.7176330704475,153.00079345703125,48600,0.0,0.0
2022-09-28 00:00:00-04:00,154.3670354819181,156.10253828261636,153.3515787185396,154.07162475585938,69700,0.0,0.0
2022-09-29 00:00:00-04:00,151.97611078807898,151.97611078807898,147.74813991374512,149.73287963867188,56700,0.0,0.0
2022-09-30 00:00:00-04:00,149.66825426169845,153.47157541253588,146.76960371659322,147.2588653564453,69600,0.0,0.0
2022-10-03 00:00:00-04:00,149.4282360863188,152.6961501442343,146.74191714360805,151.0345001220703,65700,0.0,0.0
2022-10-04 00:00:00-04:00,154.53320449835405,157.17337818592404,154.0254901663273,156.19485473632812,90000,0.0,0.0
2022-10-05 00:00:00-04:00,152.8069123757542,154.95782392205362,150.15751289756267,153.76698303222656,50700,0.0,0.0
2022-10-06 00:00:00-04:00,154.78241678243282,156.0932699512539,150.02826570938612,152.39149475097656,62400,0.0,0.0
2022-10-07 00:00:00-04:00,150.3790679902237,150.3790679902237,142.80011826965531,144.57254028320312,68700,0.0,0.0
2022-10-10 00:00:00-04:00,145.17257090476454,146.32649256297157,142.23700096754558,144.29559326171875,46500,0.0,0.0
2022-10-11 00:00:00-04:00,142.53239824243263,143.11397926834843,138.5259856073541,140.15994262695312,57800,0.0,0.0
2022-10-12 00:00:00-04:00,139.81838509374396,139.81838509374396,134.84267548783706,136.39353942871094,63100,0.0,0.0
2022-10-13 00:00:00-04:00,133.45796373458157,144.63714270668083,130.90086951717817,144.184814453125,76600,0.0,0.0
2022-10-14 00:00:00-04:00,145.08024837497044,145.08024837497044,135.82118321721188,136.61508178710938,66000,0.0,0.0
2022-10-17 00:00:00-04:00,139.09832992215516,143.5755517293189,138.59061564555483,141.3046417236328,52300,0.0,0.0
2022-10-18 00:00:00-04:00,144.9694594239709,146.83420050861432,141.8307985841168,143.6678466796875,62200,0.0,0.0
2022-10-19 00:00:00-04:00,142.22776356310257,142.30160214782126,137.03972261432455,139.74452209472656,55300,0.0,0.0
2022-10-20 00:00:00-04:00,140.76919971181,145.98491936905907,139.56911850893363,142.0892791748047,68300,0.0,0.0
2022-10-21 00:00:00-04:00,140.94460666074573,150.04674167755698,133.83645174051637,149.48362731933594,71000,0.0,0.0
2022-10-24 00:00:00-04:00,151.6529917034869,154.45933693155652,149.15129755503725,153.25001525878906,48200,0.0,0.0
2022-10-25 00:00:00-04:00,153.12078123071586,158.38267517089844,151.8283946300141,158.38267517089844,52200,0.0,0.0
2022-10-26 00:00:00-04:00,159.9981806958419,162.46295585993104,157.19183511579908,158.77963256835938,87800,0.0,0.0
2022-10-27 00:00:00-04:00,161.36440980454495,162.5644911634045,157.87495178718706,158.86270141601562,76400,0.0,0.0
2022-10-28 00:00:00-04:00,159.2541793111523,164.54835330649115,158.2754986738788,163.29937744140625,89300,1.65,0.0
2022-10-31 00:00:00-04:00,162.46981081872764,162.64690714792695,158.05178931997423,159.84136962890625,69000,0.0,0.0
2022-11-01 00:00:00-04:00,162.81467276297653,163.73743110486762,157.88400776461765,161.26744079589844,47500,0.0,0.0
2022-11-02 00:00:00-04:00,161.26744765046968,163.69083151990574,156.59774780273438,156.59774780273438,64500,0.0,0.0
2022-11-03 00:00:00-04:00,153.9040512528552,153.9040512528552,149.3741711344988,152.0771942138672,57700,0.0,0.0
2022-11-04 00:00:00-04:00,155.38605553662498,158.97453173554302,152.76691577226822,156.5884246826172,55700,0.0,0.0
2022-11-07 00:00:00-05:00,158.06113007540122,158.1729744180206,154.39807140907135,157.9213104248047,57100,0.0,0.0
2022-11-08 00:00:00-05:00,158.732206008821,161.07170664299892,155.1623608604544,159.83204650878906,47400,0.0,0.0
2022-11-09 00:00:00-05:00,159.8507041217193,159.8507041217193,154.46331709726869,155.60044860839844,61600,0.0,0.0
2022-11-10 00:00:00-05:00,163.70949510352585,175.34177594245412,161.50048402757014,174.8105010986328,104600,0.0,0.0
2022-11-11 00:00:00-05:00,176.6280331870935,188.74499588594426,176.6280331870935,188.4933319091797,94300,0.0,0.0
2022-11-14 00:00:00-05:00,186.3682063286537,186.59190922414106,175.80780547253062,176.3018035888672,83900,0.0,0.0
2022-11-15 00:00:00-05:00,178.77178740429406,185.74369660508688,178.77178740429406,180.14193725585938,76000,0.0,0.0
2022-11-16 00:00:00-05:00,178.17527072907748,180.9621629098745,175.83575586741551,178.20323181152344,53100,0.0,0.0
2022-11-17 00:00:00-05:00,174.50289034307073,176.8517207370142,172.9369986730017,176.49752807617188,59000,0.0,0.0
2022-11-18 00:00:00-05:00,181.20450538811207,181.20450538811207,171.8185136075082,175.0714569091797,66200,0.0,0.0
2022-11-21 00:00:00-05:00,172.83447446628264,178.1100167035535,172.60145596699317,175.79847717285156,47200,0.0,0.0
2022-11-22 00:00:00-05:00,175.9569548973899,178.0448060896731,174.18601972146658,176.84242248535156,51000,0.0,0.0
2022-11-23 00:00:00-05:00,175.8264388082529,179.59201151079907,174.29783801699668,179.32171630859375,34400,0.0,0.0
2022-11-25 00:00:00-05:00,178.259153894682,180.6545909201375,177.69058818134076,180.53341674804688,21000,0.0,0.0
2022-11-28 00:00:00-05:00,179.2937377745069,179.73181364969437,175.6866162964032,177.187255859375,52500,0.0,0.0
2022-11-29 00:00:00-05:00,177.18726376110573,179.2378236086922,174.84774904198167,176.348388671875,53100,0.0,0.0
2022-11-30 00:00:00-05:00,177.52280519522847,181.23245541738356,172.52688841135875,180.76641845703125,86900,0.0,0.0
2022-12-01 00:00:00-05:00,182.630568613389,188.3441863708741,180.58932442560075,185.50135803222656,75700,0.0,0.0
2022-12-02 00:00:00-05:00,180.85963873696255,186.78763014365597,180.85963873696255,184.82095336914062,78600,0.0,0.0
2022-12-05 00:00:00-05:00,184.1218837542229,184.1218837542229,178.63196870009787,179.33102416992188,82600,0.0,0.0
2022-12-06 00:00:00-05:00,179.7038906115596,180.7944156096916,174.9503069785841,176.88902282714844,69200,0.0,0.0
2022-12-07 00:00:00-05:00,178.05410267221166,179.81572203841222,174.81980461655604,176.11538696289062,70200,0.0,0.0
2022-12-08 00:00:00-05:00,178.61332682131027,181.1951612959948,176.62800485412967,178.9022674560547,67600,0.0,0.0
2022-12-09 00:00:00-05:00,176.8423946956621,179.3869669364217,175.84508291883756,178.3803253173828,81500,0.0,0.0
2022-12-12 00:00:00-05:00,178.50148522005273,181.2883915782316,176.33908095261822,180.71051025390625,37900,0.0,0.0
2022-12-13 00:00:00-05:00,189.53726919654233,193.55450619177395,182.91953756267114,184.86756896972656,85900,0.0,0.0
2022-12-14 00:00:00-05:00,183.24574876863622,186.94608357898767,180.1232952703642,181.15789794921875,54200,0.0,0.0
2022-12-15 00:00:00-05:00,178.4921693468256,179.1819092204727,172.06086449531983,175.1833038330078,90100,0.0,0.0
2022-12-16 00:00:00-05:00,171.83715770475405,177.3736793629843,165.14485920350927,176.4602508544922,229900,0.0,0.0
2022-12-19 00:00:00-05:00,177.7185485718115,178.01681907969765,172.52690376701338,174.96893310546875,96500,0.0,0.0
2022-12-20 00:00:00-05:00,174.96895039760577,179.6386364974276,173.02091895078289,176.814453125,71900,0.0,0.0
2022-12-21 00:00:00-05:00,179.59200672930314,181.90356042805604,178.26846339109085,180.58001708984375,61000,0.0,0.0
2022-12-22 00:00:00-05:00,178.40829714878743,178.65063128151397,170.2899259234325,174.7079620361328,82000,0.0,0.0
2022-12-23 00:00:00-05:00,175.7891711615525,179.94621345160138,173.23528314970883,177.03814697265625,57800,0.0,0.0
2022-12-27 00:00:00-05:00,178.08207005091344,179.74116076250039,175.41633763415214,179.26580810546875,64800,0.0,0.0
2022-12-28 00:00:00-05:00,179.54542394366172,180.29107178562543,171.87444447968767,171.92105102539062,73900,0.0,0.0
2022-12-29 00:00:00-05:00,174.1207392742103,181.09264871625462,172.58282288425008,177.76515197753906,92700,0.0,0.0
2022-12-30 00:00:00-05:00,174.68930731822883,178.95820794356098,173.64538898970062,178.43624877929688,101500,0.0,0.0
2023-01-03 00:00:00-05:00,181.45617105848876,183.31100355674286,178.95821940599438,180.92489624023438,100500,0.0,0.0
2023-01-04 00:00:00-05:00,181.11130462147523,188.4374071522372,181.11130462147523,188.38148498535156,91300,0.0,0.0
2023-01-05 00:00:00-05:00,187.5612417295378,187.5612417295378,184.00072654591142,184.64385986328125,86600,0.0,0.0
2023-01-06 00:00:00-05:00,187.73832326682353,191.7835205802319,185.9114663869767,191.0751495361328,53700,0.0,0.0
2023-01-09 00:00:00-05:00,192.38008739643408,195.91265617873248,190.87013191463967,191.71832275390625,79400,0.0,0.0
2023-01-10 00:00:00-05:00,190.13379555571925,197.94456662796432,189.89144719409086,197.422607421875,74500,0.0,0.0
2023-01-11 00:00:00-05:00,199.5291104178511,201.88725676493277,197.73951562120146,199.12831115722656,83300,0.0,0.0
2023-01-12 00:00:00-05:00,200.86197925543814,202.0457174077786,196.6956066685952,198.5970458984375,70200,0.0,0.0
2023-01-13 00:00:00-05:00,196.40663868691067,202.01772827112396,195.17629415345385,200.19085693359375,40600,0.0,0.0
2023-01-17 00:00:00-05:00,198.64359925014372,200.8619398422352,196.7421746157225,197.14295959472656,69100,0.0,0.0
2023-01-18 00:00:00-05:00,197.62765087971337,200.8246721243982,195.53048436063884,197.478515625,77700,0.0,0.0
2023-01-19 00:00:00-05:00,196.39732058412974,198.58768597065963,192.65969470784947,197.478515625,88400,0.0,0.0
2023-01-20 00:00:00-05:00,199.1562490614583,203.1828155517578,197.4412363218065,203.1828155517578,62300,0.0,0.0
2023-01-23 00:00:00-05:00,203.06165895658472,204.87920056202398,200.79671155417446,203.5836181640625,68400,0.0,0.0
2023-01-24 00:00:00-05:00,201.78470589188518,203.84458147261077,200.44251705290927,200.63824462890625,85300,0.0,0.0
2023-01-25 00:00:00-05:00,198.19622981737646,198.29875853404252,192.72495957371407,195.63302612304688,60300,0.0,0.0
2023-01-26 00:00:00-05:00,197.4691998769745,199.19354248046875,193.284182461587,199.19354248046875,62300,0.0,0.0
2023-01-27 00:00:00-05:00,198.4665194212716,201.12293613639068,198.18690858584537,199.7993927001953,44300,0.0,0.0
2023-01-30 00:00:00-05:00,198.41860983589763,201.28347596996377,195.80734549775391,196.38970947265625,61700,1.65,0.0
2023-01-31 00:00:00-05:00,197.0096841116566,202.16645541671673,195.7510054883435,201.83770751953125,76500,0.0,0.0
2023-02-01 00:00:00-05:00,201.01109645650288,210.72349833143568,199.42367008378682,208.3094940185547,100600,0.0,0.0
2023-02-02 00:00:00-05:00,211.13680026422924,221.03707471488204,206.36513313294486,216.61294555664062,99200,0.0,0.0
2023-02-03 00:00:00-05:00,216.18084425000208,233.16346499096525,208.58187712123808,230.1295166015625,141600,0.0,0.0
2023-02-06 00:00:00-05:00,224.1649602093798,224.1649602093798,202.91790202768087,203.73509216308594,181800,0.0,0.0
2023-02-07 00:00:00-05:00,202.39186303554888,207.85860564612648,200.31599459165122,206.86294555664062,93500,0.0,0.0
2023-02-08 00:00:00-05:00,205.36008043176912,211.29647548230417,201.00170954680158,203.82901000976562,86400,0.0,0.0
2023-02-09 00:00:00-05:00,206.42147845645775,206.62812651968542,200.66355366239654,201.0580596923828,70100,0.0,0.0
2023-02-10 00:00:00-05:00,199.66789344210875,200.7292974034685,197.07540477111078,200.12814331054688,64600,0.0,0.0
2023-02-13 00:00:00-05:00,201.44318057082825,204.53348501392892,200.93594828779646,202.99302673339844,77300,0.0,0.0
2023-02-14 00:00:00-05:00,202.11007192898157,205.90486871550544,199.98724971295368,203.6881103515625,89900,0.0,0.0
2023-02-15 00:00:00-05:00,201.3210710378646,204.46773151034014,200.588414907996,203.78204345703125,77500,0.0,0.0
2023-02-16 00:00:00-05:00,199.6303184450945,204.72134543729803,198.55012435915987,201.67800903320312,51100,0.0,0.0
2023-02-17 00:00:00-05:00,202.26037748916093,204.2047297530961,200.07179695745543,203.48147583007812,86700,0.0,0.0
2023-02-21 00:00:00-05:00,199.91212033643538,201.57469283123382,194.76473718602517,196.50244140625,75000,0.0,0.0
2023-02-22 00:00:00-05:00,197.25385897674352,199.13246715747442,194.69895070433807,196.96267700195312,76800,0.0,0.0
2023-02-23 00:00:00-05:00,199.47065770899266,199.93092196648715,195.43164643370733,198.11805725097656,51300,0.0,0.0
2023-02-24 00:00:00-05:00,194.37960624350183,196.3051826487282,192.28496196820532,195.5255584716797,70100,0.0,0.0
2023-02-27 00:00:00-05:00,198.40921147273954,198.8506855695871,194.0414529109084,195.7040252685547,60700,0.0,0.0
2023-02-28 00:00:00-05:00,196.81240783216694,199.14187823446753,195.37527355312335,197.65777587890625,43800,0.0,0.0
2023-03-01 00:00:00-05:00,198.0523100900014,199.0855361823402,192.49161622617953,194.1166229248047,49600,0.0,0.0
2023-03-02 00:00:00-05:00,191.270499053648,192.94245921014326,189.80518694639534,191.58985900878906,39100,0.0,0.0
2023-03-03 00:00:00-05:00,193.86299382452393,196.54940441758743,189.98366288087507,195.54434204101562,31200,0.0,0.0
2023-03-06 00:00:00-05:00,195.9012754536984,198.69100998594647,188.26472796313607,190.03062438964844,71900,0.0,0.0
2023-03-07 00:00:00-05:00,190.50969727395614,190.50969727395614,184.39481735623107,184.7423553466797,55100,0.0,0.0
2023-03-08 00:00:00-05:00,185.65345365763042,188.7531601213727,183.6339555318971,188.3680419921875,72100,0.0,0.0
2023-03-09 00:00:00-05:00,188.06746208242407,188.06746208242407,180.34638147875353,180.83482360839844,58000,0.0,0.0
2023-03-10 00:00:00-05:00,180.35579760427942,181.0508878848346,169.0747591142424,171.33848571777344,97800,0.0,0.0
2023-03-13 00:00:00-04:00,166.84859308636067,166.86736884899454,159.47505011452427,162.56536865234375,130100,0.0,0.0
2023-03-14 00:00:00-04:00,168.65203917242903,170.1737070940068,161.30667487748863,161.9735870361328,145400,0.0,0.0
2023-03-15 00:00:00-04:00,156.76986791635682,160.70555487459526,154.985195639026,160.6961669921875,91700,0.0,0.0
2023-03-16 00:00:00-04:00,158.16943166760956,167.02707761474605,156.3002111734587,165.52418518066406,113200,0.0,0.0
2023-03-17 00:00:00-04:00,163.20409329395426,164.5191133485891,159.58776664474297,161.07186889648438,165800,0.0,0.0
2023-03-20 00:00:00-04:00,163.60798245965316,164.1433926802532,158.80815223274692,159.60655212402344,83500,0.0,0.0
2023-03-21 00:00:00-04:00,163.04439949921624,167.3182358136985,162.49960142769186,166.3507537841797,84100,0.0,0.0
2023-03-22 00:00:00-04:00,166.35080973751397,167.29011410795133,161.07190942945593,161.72003173828125,96500,0.0,0.0
2023-03-23 00:00:00-04:00,161.55094113996054,165.62751809523064,157.79372418594673,159.08056640625,64700,0.0,0.0
2023-03-24 00:00:00-04:00,157.13619500154803,158.2727594021348,154.98519466677888,158.03793334960938,79200,0.0,0.0
2023-03-27 00:00:00-04:00,164.40641922478403,166.00323355891413,162.0018026746617,165.03575134277344,63800,0.0,0.0
2023-03-28 00:00:00-04:00,163.32620844216893,166.57619274013967,162.0581421201695,165.4208526611328,63900,0.0,0.0
2023-03-29 00:00:00-04:00,167.15858452819123,167.91001643461667,164.45338380059593,167.49673461914062,89200,0.0,0.0
2023-03-30 00:00:00-04:00,169.65710700845167,171.8926554194788,166.77345078854216,168.93385314941406,98600,0.0,0.0
2023-03-31 00:00:00-04:00,169.8637639463009,179.5761656976443,168.31391778714934,178.83412170410156,146700,0.0,0.0
2023-04-03 00:00:00-04:00,178.1202605090804,178.27994050359032,170.50250285339015,174.006103515625,84700,0.0,0.0
2023-04-04 00:00:00-04:00,174.04368739253994,174.18459163708872,168.45482967561364,170.4931182861328,103400,0.0,0.0
2023-04-05 00:00:00-04:00,168.3139017965526,170.6715498973255,167.14915956785686,168.8680877685547,113100,0.0,0.0
2023-04-06 00:00:00-04:00,168.82113047408023,171.03788883623503,166.72648623758772,168.33270263671875,110000,0.0,0.0
2023-04-10 00:00:00-04:00,167.9475953799291,170.43674579989417,166.2944107997457,169.18746948242188,49800,0.0,0.0
2023-04-11 00:00:00-04:00,169.53501310238627,174.5227159018298,169.53501310238627,172.04295349121094,63000,0.0,0.0
2023-04-12 00:00:00-04:00,174.07187703412902,174.19397684502064,169.81681543562064,169.8262176513672,47100,0.0,0.0
2023-04-13 00:00:00-04:00,171.3384800327141,171.7705519320553,169.1498995591023,171.2257537841797,41100,0.0,0.0
2023-04-14 00:00:00-04:00,172.56896290611002,174.59786334899556,169.87316453016905,173.01043701171875,50900,0.0,0.0
2023-04-17 00:00:00-04:00,173.01042603119527,176.65493055848117,171.98658799280395,176.2510223388672,38800,0.0,0.0
2023-04-18 00:00:00-04:00,176.96489159511188,177.13397379075676,174.89842538456006,176.0725555419922,51000,0.0,0.0
2023-04-19 00:00:00-04:00,174.381804911368,179.51041173547185,174.381804911368,177.17153930664062,73100,0.0,0.0
2023-04-20 00:00:00-04:00,175.170839858479,176.3167920927223,174.16577751670653,175.92227172851562,65300,0.0,0.0
2023-04-21 00:00:00-04:00,176.55161291014383,178.36446302528913,173.949736422581,177.5848388671875,70400,0.0,0.0
2023-04-24 00:00:00-04:00,177.2466957754299,177.78210603732452,174.00609922322664,176.12892150878906,55700,0.0,0.0
2023-04-25 00:00:00-04:00,174.19393986024377,176.11951610282998,170.9815216064453,170.9815216064453,47400,0.0,0.0
2023-04-26 00:00:00-04:00,170.07979841350675,172.5031903523759,166.25682388849256,167.09280395507812,77200,0.0,0.0
2023-04-27 00:00:00-04:00,168.36326240290649,168.8562774658203,165.95508512649698,168.8562774658203,85200,1.65,0.0
2023-04-28 00:00:00-04:00,170.41117180570743,174.431098823636,165.79392383912895,172.7529754638672,43000,0.0,0.0
2023-05-01 00:00:00-04:00,173.26494473595596,174.990490390948,166.32485902051107,166.9506072998047,50600,0.0,0.0
2023-05-02 00:00:00-04:00,165.80339594884697,166.8557853905382,162.02047942237235,166.04989624023438,53100,0.0,0.0
2023-05-03 00:00:00-04:00,166.30590273776065,168.79939107641144,163.67966676773895,164.09683227539062,44500,0.0,0.0
2023-05-04 00:00:00-04:00,162.31442879427132,162.31442879427132,156.73962053403434,158.59788513183594,54400,0.0,0.0
2023-05-05 00:00:00-04:00,162.34282636156107,163.18663305420094,157.26102019385692,160.01998901367188,98600,0.0,0.0
2023-05-08 00:00:00-04:00,161.01550276703355,161.01550276703355,157.09985296743048,158.38926696777344,38100,0.0,0.0
2023-05-09 00:00:00-04:00,156.72064789072064,162.1627227353048,156.4362155146005,158.95816040039062,49700,0.0,0.0
2023-05-10 00:00:00-04:00,162.3049255989621,162.3049255989621,157.45066767086493,161.37579345703125,54800,0.0,0.0
2023-05-11 00:00:00-04:00,159.47957486273953,163.3098845114203,159.47957486273953,162.39022827148438,44600,0.0,0.0
2023-05-12 00:00:00-04:00,163.51848686575667,164.11579332152522,160.56990108065247,162.57986450195312,27900,0.0,0.0
2023-05-15 00:00:00-04:00,163.10132633625986,167.38673409720357,161.55592169632624,165.40521240234375,33200,0.0,0.0
2023-05-16 00:00:00-04:00,163.70809818042153,164.76996342945412,162.75052430169245,162.987548828125,31900,0.0,0.0
2023-05-17 00:00:00-04:00,164.03994612303438,170.7335167538427,164.03994612303438,169.2734375,46200,0.0,0.0
2023-05-18 00:00:00-04:00,167.67116094298072,174.29835764712863,167.67116094298072,173.72950744628906,38600,0.0,0.0
2023-05-19 00:00:00-04:00,176.1945754700167,176.1945754700167,170.2594856276171,174.0044708251953,52400,0.0,0.0
2023-05-22 00:00:00-04:00,175.5214286810241,177.75894106632978,174.56384021687154,175.77740478515625,64700,0.0,0.0
2023-05-23 00:00:00-04:00,174.73448914362413,180.58425289954218,174.2888818629049,178.34674072265625,62100,0.0,0.0
2023-05-24 00:00:00-04:00,176.51690185875105,177.33226682441764,174.58278805035764,175.6446533203125,50700,0.0,0.0
2023-05-25 00:00:00-04:00,176.30834089591772,180.01539372138032,175.31283493061673,179.2474365234375,44400,0.0,0.0
2023-05-26 00:00:00-04:00,178.92508128581068,185.27733590018488,178.24244947091614,184.26287841796875,31400,0.0,0.0
2023-05-30 00:00:00-04:00,184.68001291700998,185.4384942508804,183.9215460499677,184.87911987304688,32900,0.0,0.0
2023-05-31 00:00:00-04:00,183.41905358607005,183.41905358607005,179.91107925691412,180.87814331054688,42900,0.0,0.0
2023-06-01 00:00:00-04:00,180.2144881889565,186.16854308655783,180.13863860510332,184.60418701171875,33100,0.0,0.0
2023-06-02 00:00:00-04:00,187.5338266382912,193.08968266259262,186.7089713677925,191.4115447998047,58900,0.0,0.0
2023-06-05 00:00:00-04:00,189.61962162407164,191.10814259789854,184.58522298464518,188.63360595703125,60800,0.0,0.0
2023-06-06 00:00:00-04:00,187.9888854316144,196.90100156306045,187.9888854316144,196.26577758789062,57800,0.0,0.0
2023-06-07 00:00:00-04:00,198.01029557107236,203.33860230672414,198.01029557107236,201.7742462158203,72800,0.0,0.0
2023-06-08 00:00:00-04:00,200.56069353075748,200.66498491489813,196.7493490561573,200.27627563476562,50500,0.0,0.0
2023-06-09 00:00:00-04:00,201.93542463169976,201.93542463169976,197.41299252966698,199.31866455078125,36100,0.0,0.0
2023-06-12 00:00:00-04:00,198.07668241551283,201.88804138815337,196.5881757025867,201.67945861816406,47300,0.0,0.0
2023-06-13 00:00:00-04:00,201.2907087235863,205.82261656140258,201.2907087235863,203.84109497070312,44400,0.0,0.0
2023-06-14 00:00:00-04:00,203.2817284202248,205.215842286592,191.7623271832478,200.90199279785156,44600,0.0,0.0
2023-06-15 00:00:00-04:00,200.7692453330626,204.61853571147822,200.28572051762276,204.2013702392578,49700,0.0,0.0
2023-06-16 00:00:00-04:00,205.40546976539503,205.73730992297072,198.14304852972558,200.67446899414062,105400,0.0,0.0
2023-06-20 00:00:00-04:00,200.4089947365271,200.43743652412923,197.37506903522302,197.7069091796875,33400,0.0,0.0
2023-06-21 00:00:00-04:00,196.73037369523556,197.53626294047825,193.93348693847656,193.93348693847656,20200,0.0,0.0
2023-06-22 00:00:00-04:00,193.4783839942649,193.4783839942649,187.6855040909647,189.15504455566406,43500,0.0,0.0
2023-06-23 00:00:00-04:00,187.40108828917607,187.90357916336404,184.6136773467266,186.55728149414062,77200,0.0,0.0
2023-06-26 00:00:00-04:00,186.16854862573794,189.89456731735433,186.09269903962795,186.82273864746094,32500,0.0,0.0
2023-06-27 00:00:00-04:00,188.70943861547858,191.183975224096,188.6430792715261,189.8566436767578,32100,0.0,0.0
2023-06-28 00:00:00-04:00,188.3586609439687,190.5677314072464,188.20696176533667,188.48191833496094,23700,0.0,0.0
2023-06-29 00:00:00-04:00,189.91352359501013,192.64405068767692,189.28777539180257,189.69546508789062,32500,0.0,0.0
2023-06-30 00:00:00-04:00,192.16054630389417,192.16054630389417,187.07875357369244,187.22096252441406,31500,0.0,0.0
2023-07-03 00:00:00-04:00,186.6710455516732,190.22641364039683,186.6710455516732,189.0602569580078,23700,0.0,0.0
2023-07-05 00:00:00-04:00,187.2019560588279,188.9369772168909,185.42901734437598,186.14956665039062,47200,0.0,0.0
2023-07-06 00:00:00-04:00,183.58971684908673,183.58971684908673,178.47946863135613,182.70799255371094,44000,0.0,0.0
2023-07-07 00:00:00-04:00,183.51389410335662,185.2204738388002,183.2105101875173,183.21998596191406,31500,0.0,0.0
2023-07-10 00:00:00-04:00,182.47097218551303,186.08322374058346,182.0348406809766,184.88861083984375,29200,0.0,0.0
2023-07-11 00:00:00-04:00,184.00689198485367,187.84669241278155,183.9784501974996,187.09768676757812,22600,0.0,0.0
2023-07-12 00:00:00-04:00,190.89958065549948,191.9330042339044,189.7523754542797,190.8521728515625,33300,0.0,0.0
2023-07-13 00:00:00-04:00,192.57769294210323,195.58316236255087,190.8237200324647,194.98587036132812,39200,0.0,0.0
2023-07-14 00:00:00-04:00,194.96689458013057,196.55021668633634,192.4165083519134,195.8865509033203,40400,0.0,0.0
2023-07-17 00:00:00-04:00,194.900532787359,199.74530017594194,194.73934338002405,197.10958862304688,33800,0.0,0.0
2023-07-18 00:00:00-04:00,196.9958412388524,205.21585083007812,196.9958412388524,205.21585083007812,35600,0.0,0.0
2023-07-19 00:00:00-04:00,204.4004731130306,207.15944215333607,203.841098686349,205.31065368652344,26600,0.0,0.0
2023-07-20 00:00:00-04:00,204.30567428640467,206.0691374131577,202.59909473360665,205.43389892578125,27500,0.0,0.0
2023-07-21 00:00:00-04:00,206.1828934442445,206.1828934442445,203.1584582128498,203.64198303222656,20700,0.0,0.0
2023-07-24 00:00:00-04:00,203.36704842958665,207.33958190008337,203.36704842958665,207.23529052734375,25600,0.0,0.0
2023-07-25 00:00:00-04:00,206.61899779917871,211.52067737036097,205.5571326294885,205.70883178710938,44300,0.0,0.0
2023-07-26 00:00:00-04:00,205.39598579347293,207.7188234033001,204.28671267694725,205.5950927734375,19900,0.0,0.0
2023-07-27 00:00:00-04:00,205.07362538274432,205.81314075587287,198.18094802875993,199.8780517578125,34600,0.0,0.0
2023-07-28 00:00:00-04:00,193.27500284305327,200.53739402844687,190.5993988514381,192.8163299560547,58900,1.65,0.0
2023-07-31 00:00:00-04:00,193.8674801940259,199.40981552287437,193.37057603607124,196.5908660888672,46200,0.0,0.0
2023-08-01 00:00:00-04:00,195.0237075658552,197.19287145114785,192.94055669258364,196.17996215820312,43800,0.0,0.0
2023-08-02 00:00:00-04:00,195.7021759725368,197.0399779637849,191.89898352803303,194.24969482421875,38100,0.0,0.0
2023-08-03 00:00:00-04:00,193.02656550530457,195.9601940690178,193.02656550530457,195.13839721679688,30800,0.0,0.0
2023-08-04 00:00:00-04:00,194.3452610406063,199.97360916445362,194.3452610406063,196.80108642578125,47900,0.0,0.0
2023-08-07 00:00:00-04:00,196.7055371199848,202.08542587459854,196.58130744039474,200.60427856445312,35600,0.0,0.0
2023-08-08 00:00:00-04:00,197.84266029730392,197.84266029730392,193.44701474293896,196.70553588867188,50000,0.0,0.0
2023-08-09 00:00:00-04:00,194.9950525226683,195.90284781344138,192.96923382145482,194.2974853515625,30700,0.0,0.0
2023-08-10 00:00:00-04:00,194.40259349686954,198.34913130034175,192.46277329064216,193.5043487548828,36300,0.0,0.0
2023-08-11 00:00:00-04:00,193.27500440235065,194.36436163085355,190.0164978189273,191.5549774169922,62200,0.0,0.0
2023-08-14 00:00:00-04:00,190.81916571534552,192.28119729950856,188.73600035783295,190.63760375976562,39500,0.0,0.0
2023-08-15 00:00:00-04:00,188.48758172745536,190.0069458069713,185.1812785677211,186.4713134765625,35700,0.0,0.0
2023-08-16 00:00:00-04:00,185.32461721381054,189.40493533969197,185.32461721381054,187.02554321289062,22900,0.0,0.0
2023-08-17 00:00:00-04:00,188.8220367215964,195.663957528571,187.4077721458027,191.6983184814453,65800,0.0,0.0
2023-08-18 00:00:00-04:00,190.55161124038497,191.27784450427288,187.62754798140375,188.72645568847656,41800,0.0,0.0
2023-08-21 00:00:00-04:00,189.47182958870494,189.47182958870494,186.1177591572402,187.42689514160156,23300,0.0,0.0
2023-08-22 00:00:00-04:00,187.39821799050964,188.4875752566638,185.53484563800234,186.60508728027344,21600,0.0,0.0
2023-08-23 00:00:00-04:00,186.624200194854,192.08053696788005,186.624200194854,191.74609375,22000,0.0,0.0
2023-08-24 00:00:00-04:00,190.54205110026018,194.6032534170291,188.497116869878,188.5831298828125,38900,0.0,0.0
2023-08-25 00:00:00-04:00,190.9051727676906,193.36101266779102,190.32227021178355,191.87030029296875,21900,0.0,0.0
2023-08-28 00:00:00-04:00,192.6060807562503,195.12880322994582,191.65050384074522,194.04901123046875,32500,0.0,0.0
2023-08-29 00:00:00-04:00,194.8230500279137,195.683063524678,194.0203542391922,195.1957244873047,24700,0.0,0.0
2023-08-30 00:00:00-04:00,194.04903760997084,196.87753749904897,193.80057824635753,195.63528442382812,18700,0.0,0.0
2023-08-31 00:00:00-04:00,195.0141624360307,199.09448044524743,194.56504006452457,197.90000915527344,83800,0.0,0.0
2023-09-01 00:00:00-04:00,198.7122457690277,203.060124287611,198.7122457690277,201.2254180908203,33900,0.0,0.0
2023-09-05 00:00:00-04:00,199.14223289236543,200.6711618627462,193.05521231509857,193.25588989257812,44100,0.0,0.0
2023-09-06 00:00:00-04:00,192.45321912555355,193.9821482942425,190.52296391174644,192.12832641601562,24800,0.0,0.0
2023-09-07 00:00:00-04:00,190.63759712816292,191.2204996374568,188.47799852011252,191.19183349609375,33300,0.0,0.0
2023-09-08 00:00:00-04:00,189.16604409478876,192.94057062309648,188.78380451639683,191.4403076171875,23100,0.0,0.0
2023-09-11 00:00:00-04:00,192.4436369387708,192.4627525599951,188.94622188300735,191.19183349609375,30600,0.0,0.0
2023-09-12 00:00:00-04:00,190.63761931458436,195.16705972939562,189.86360424580772,193.0074462890625,22600,0.0,0.0
2023-09-13 00:00:00-04:00,190.04516834151073,193.85791143863398,190.04516834151073,193.0170135498047,28700,0.0,0.0
2023-09-14 00:00:00-04:00,194.36435944203652,197.08775977309858,194.36435944203652,196.3615264892578,38400,0.0,0.0
2023-09-15 00:00:00-04:00,195.63528206667883,197.57510227901003,194.84215137883209,197.5655517578125,115800,0.0,0.0
2023-09-18 00:00:00-04:00,198.28222123953284,198.28222123953284,193.51388691094468,195.46327209472656,36300,0.0,0.0
2023-09-19 00:00:00-04:00,195.51107903981432,196.65776863510504,194.794396220139,195.9410858154297,26900,0.0,0.0
2023-09-20 00:00:00-04:00,197.5368806945999,197.5368806945999,193.83880233141156,194.32614135742188,22800,0.0,0.0
2023-09-21 00:00:00-04:00,192.08053941965002,195.34861121238313,190.1598347798096,192.69210815429688,39500,0.0,0.0
2023-09-22 00:00:00-04:00,192.8067785285346,195.22438721163027,190.99117345024797,191.9658660888672,35700,0.0,0.0
2023-09-25 00:00:00-04:00,192.46278178767687,194.05859375,191.5932031517499,194.05859375,20800,0.0,0.0
2023-09-26 00:00:00-04:00,193.56166875705958,193.56166875705958,189.62469630561063,189.63424682617188,34200,0.0,0.0
2023-09-27 00:00:00-04:00,188.81246172106924,191.60274489692785,187.31221336715254,191.134521484375,30000,0.0,0.0
2023-09-28 00:00:00-04:00,190.6184933036374,195.38682771839743,190.58982716050028,193.3705596923828,38600,0.0,0.0
2023-09-29 00:00:00-04:00,194.7943874457771,195.4250572171619,191.93720681756244,193.0170135498047,28400,0.0,0.0
2023-10-02 00:00:00-04:00,192.99789446287,193.2941210100583,188.0002306644634,189.70115661621094,28500,0.0,0.0
2023-10-03 00:00:00-04:00,187.92376290629846,187.92376290629846,182.36229816439513,183.00253295898438,28700,0.0,0.0
2023-10-04 00:00:00-04:00,183.6523390000266,183.88166813952526,179.69625095325412,183.28921508789062,28400,0.0,0.0
2023-10-05 00:00:00-04:00,181.884532166623,186.36619086331217,181.84631550024687,185.23861694335938,25700,0.0,0.0
2023-10-06 00:00:00-04:00,182.84967267779183,186.81531156664818,182.00876021557806,184.30213928222656,37300,0.0,0.0
2023-10-09 00:00:00-04:00,182.41964832697556,185.56350490605345,181.66474889248335,184.87548828125,34800,0.0,0.0
2023-10-10 00:00:00-04:00,185.85972946552715,187.67531996211704,184.18746968884503,184.35946655273438,29100,0.0,0.0
2023-10-11 00:00:00-04:00,185.81195004678725,187.34087912288354,181.14874406849535,181.75074768066406,29400,0.0,0.0
2023-10-12 00:00:00-04:00,182.74456450796015,182.74456450796015,175.53950521937264,177.90933227539062,24100,0.0,0.0
2023-10-13 00:00:00-04:00,179.17066498632934,179.17066498632934,171.17249116724233,173.57098388671875,41700,0.0,0.0
2023-10-16 00:00:00-04:00,176.0650540575569,178.3488823980507,173.50411481557435,174.15390014648438,42200,0.0,0.0
2023-10-17 00:00:00-04:00,172.3287409801688,176.15104872065,171.90828479576436,173.45632934570312,41900,0.0,0.0
2023-10-18 00:00:00-04:00,171.1534021976291,171.1534021976291,167.42665761799276,169.5767059326172,37300,0.0,0.0
2023-10-19 00:00:00-04:00,168.77401534775635,169.89203875609925,164.33058785965392,164.70326232910156,46300,0.0,0.0
2023-10-20 00:00:00-04:00,165.94551474829893,165.94551474829893,162.45764975155294,163.34634399414062,53800,0.0,0.0
2023-10-23 00:00:00-04:00,164.10123989726864,166.31818561407323,162.4576462330027,163.41322326660156,69300,0.0,0.0
2023-10-24 00:00:00-04:00,164.16814789506307,165.51551509891587,162.54366974918025,164.56948852539062,38200,0.0,0.0
2023-10-25 00:00:00-04:00,163.29855868847318,163.85279511767433,161.28229056434165,163.41322326660156,37600,0.0,0.0
2023-10-26 00:00:00-04:00,164.14901407226492,166.22261438954425,164.14901407226492,165.82127380371094,58000,0.0,0.0
2023-10-27 00:00:00-04:00,161.42562205790486,174.12524906041318,161.42562205790486,166.28952026367188,43600,0.0,0.0
2023-10-30 00:00:00-04:00,169.06229283645825,174.7237883968306,167.0817327737554,173.62240600585938,57300,1.9,0.0
2023-10-31 00:00:00-04:00,172.2891392759577,178.57861013760527,172.2891392759577,177.98927307128906,40300,0.0,0.0
2023-11-01 00:00:00-04:00,179.1389799677683,180.97462717608605,175.62228390378286,180.5978240966797,42800,0.0,0.0
2023-11-02 00:00:00-04:00,181.42868708054272,187.747155615726,181.42868708054272,187.7278289794922,29500,0.0,0.0
2023-11-03 00:00:00-04:00,190.7131444727878,195.5920805993155,190.7131444727878,194.22018432617188,30700,0.0,0.0
2023-11-06 00:00:00-05:00,193.44730557969046,193.44730557969046,190.51994648129482,192.65509033203125,27900,0.0,0.0
2023-11-07 00:00:00-05:00,194.26849939936838,194.26849939936838,186.3269473421496,188.0080108642578,56300,0.0,0.0
2023-11-08 00:00:00-05:00,188.89685639314874,189.46686688351116,186.62645563742748,187.2737579345703,28800,0.0,0.0
2023-11-09 00:00:00-05:00,185.54439675466293,188.98380101897493,185.54439675466293,186.44288635253906,44800,0.0,0.0
2023-11-10 00:00:00-05:00,184.74251704849303,187.71818532142788,184.67488118819892,186.70375061035156,39400,0.0,0.0
2023-11-13 00:00:00-05:00,186.04679553288562,186.97426776201388,184.05656460982465,185.8922119140625,56600,0.0,0.0
2023-11-14 00:00:00-05:00,191.5440281159431,196.97366321779836,189.86297925278933,196.68382263183594,35600,0.0,0.0
2023-11-15 00:00:00-05:00,195.80465114826904,201.25359831826898,194.36511886211986,195.25396728515625,71600,0.0,0.0
2023-11-16 00:00:00-05:00,193.51491980594284,193.51491980594284,191.1382448448692,191.23486328125,53700,0.0,0.0
2023-11-17 00:00:00-05:00,194.08493976254147,194.7032594567292,191.2928378203947,192.32659912109375,77500,0.0,0.0
2023-11-20 00:00:00-05:00,191.205895646765,196.93501261796837,190.3267179294399,191.33148193359375,45000,0.0,0.0
2023-11-21 00:00:00-05:00,190.7035033897086,190.72283002658412,187.26409912109375,187.26409912109375,58400,0.0,0.0
2023-11-22 00:00:00-05:00,189.26395914139022,190.23008453719495,187.86308026585402,189.35092163085938,35600,0.0,0.0
2023-11-24 00:00:00-05:00,188.60701576912524,191.47640959949507,188.60701576912524,191.33148193359375,10600,0.0,0.0
2023-11-27 00:00:00-05:00,190.05621667906854,190.05621667906854,186.88732609937733,187.553955078125,29500,0.0,0.0
2023-11-28 00:00:00-05:00,185.58304745080957,187.97904935267164,185.21592977799796,185.37049865722656,32800,0.0,0.0
2023-11-29 00:00:00-05:00,187.2737460489857,190.18179296965332,187.2737460489857,188.44276428222656,34200,0.0,0.0
2023-11-30 00:00:00-05:00,189.07074578377146,192.16234424542068,187.66986684323243,188.9934539794922,67100,0.0,0.0
2023-12-01 00:00:00-05:00,187.64088748275574,194.954449528204,187.64088748275574,194.41342163085938,49500,0.0,0.0
2023-12-04 00:00:00-05:00,192.52946545737117,198.39385361781297,192.52946545737117,197.4567108154297,34700,0.0,0.0
2023-12-05 00:00:00-05:00,195.99786075120906,197.0895872016471,193.25406807528233,195.21530151367188,74400,0.0,0.0
2023-12-06 00:00:00-05:00,196.21040969182621,198.80928945261067,195.9109131677633,196.229736328125,42700,0.0,0.0
2023-12-07 00:00:00-05:00,195.93990500629454,199.6981325101534,195.93990500629454,199.6884765625,36000,0.0,0.0
2023-12-08 00:00:00-05:00,199.05081497958983,202.1907225295416,198.12334285107013,199.44692993164062,36600,0.0,0.0
2023-12-11 00:00:00-05:00,198.4518188600736,200.73187535822527,197.66925965697087,198.18130493164062,38000,0.0,0.0
2023-12-12 00:00:00-05:00,199.00249980894222,201.46612245359688,197.9687533276679,200.9250946044922,31500,0.0,0.0
2023-12-13 00:00:00-05:00,200.13288587093692,209.93906826878145,198.1426697549062,209.6878662109375,71800,0.0,0.0
2023-12-14 00:00:00-05:00,212.62489902831604,219.14624606802974,212.62489902831604,218.00621032714844,59900,0.0,0.0
2023-12-15 00:00:00-05:00,219.1848753003694,219.1945459896519,211.3882506139603,212.47030639648438,83800,0.0,0.0
2023-12-18 00:00:00-05:00,212.576583700166,212.576583700166,209.939065323145,210.5960235595703,42500,0.0,0.0
2023-12-19 00:00:00-05:00,212.55723672386566,219.79352103105,212.55723672386566,218.9336700439453,69700,0.0,0.0
2023-12-20 00:00:00-05:00,222.8657998309916,229.4644380712162,221.30068140296333,227.88966369628906,78300,0.0,0.0
2023-12-21 00:00:00-05:00,228.9910548875854,228.9910548875854,225.03959065189363,227.53219604492188,53300,0.0,0.0
2023-12-22 00:00:00-05:00,229.21325106742634,232.46908894684427,227.7060978026739,232.1889190673828,30800,0.0,0.0
2023-12-26 00:00:00-05:00,233.91828321130103,235.0873014621273,231.2904208756374,234.96170043945312,22500,0.0,0.0
2023-12-27 00:00:00-05:00,234.18881225838695,238.60401281209636,234.18881225838695,237.08718872070312,27700,0.0,0.0
2023-12-28 00:00:00-05:00,235.62833271967796,239.4735078390284,235.10663146907436,238.7392578125,29400,0.0,0.0
2023-12-29 00:00:00-05:00,234.38202160581628,235.27085518077936,231.87008973690516,233.57046508789062,33400,0.0,0.0
2024-01-02 00:00:00-05:00,231.34839436882365,232.11162694706107,225.83181185796263,227.64813232421875,32000,0.0,0.0
2024-01-03 00:00:00-05:00,226.7206540838403,226.7206540838403,221.02051991356348,221.3489990234375,46600,0.0,0.0
2024-01-04 00:00:00-05:00,223.25227085323644,230.6238127573886,223.25227085323644,229.95718383789062,24800,0.0,0.0
2024-01-05 00:00:00-05:00,227.47424316351075,230.86535306064783,225.50335365475567,226.26658630371094,49700,0.0,0.0
2024-01-08 00:00:00-05:00,225.8511444625844,230.72041011238156,225.8511444625844,230.3726043701172,22600,0.0,0.0
2024-01-09 00:00:00-05:00,227.21337586490327,228.48866853282854,224.53721898716776,225.46469116210938,37500,0.0,0.0
2024-01-10 00:00:00-05:00,225.4646852161468,228.55629836283185,223.72567124851648,225.3487548828125,31900,0.0,0.0
2024-01-11 00:00:00-05:00,224.92366642239475,227.0394835426244,222.8271759391361,224.89468383789062,38100,0.0,0.0
2024-01-12 00:00:00-05:00,228.38239154138006,229.61903092181348,226.22793594386152,229.12631225585938,31400,0.0,0.0
2024-01-16 00:00:00-05:00,226.2086089579111,229.48377359573266,221.2137422236466,222.60496520996094,42000,0.0,0.0
2024-01-17 00:00:00-05:00,218.3443420795809,224.42126440588908,218.3443420795809,221.52288818359375,38400,0.0,0.0
2024-01-18 00:00:00-05:00,221.96732169716012,224.6918025368694,220.66304644548578,224.0155029296875,40600,0.0,0.0
2024-01-19 00:00:00-05:00,223.117007749953,234.21777943553553,223.07835447753143,232.0150146484375,39200,0.0,0.0
2024-01-22 00:00:00-05:00,232.63334691507012,237.2224429267698,232.63334691507012,236.4012451171875,37900,0.0,0.0
2024-01-23 00:00:00-05:00,239.4735044822419,239.4735044822419,231.87010210157052,234.52694702148438,31900,0.0,0.0
2024-01-24 00:00:00-05:00,238.40112018119544,239.04842248931527,229.60938708297908,232.83624267578125,65800,0.0,0.0
2024-01-25 00:00:00-05:00,237.28041029303932,237.28041029303932,232.3435087812745,236.36257934570312,24000,0.0,0.0
2024-01-26 00:00:00-05:00,238.49771128872604,239.75367722790622,235.17423763129054,237.62820434570312,24800,0.0,0.0
2024-01-29 00:00:00-05:00,237.07751148226063,238.9228145356091,235.51239305057433,238.3238067626953,41200,0.0,0.0
2024-01-30 00:00:00-05:00,237.6228252266019,239.8816415030993,236.7173614501953,236.7173614501953,31400,1.9,0.0
2024-01-31 00:00:00-05:00,236.72708714588393,238.2946233626659,229.4541101186884,229.88250732421875,43900,0.0,0.0
2024-02-01 00:00:00-05:00,232.35548411169844,233.54330720620183,224.8293707851137,232.90072631835938,39800,0.0,0.0
2024-02-02 00:00:00-05:00,227.52631584412663,236.73679545901953,224.0212616390172,224.88778686523438,56800,0.0,0.0
2024-02-05 00:00:00-05:00,222.78477096700752,228.40257378034124,220.3799172014761,226.35797119140625,55300,0.0,0.0
2024-02-06 00:00:00-05:00,224.78070342096947,227.04925048916155,223.86549393309525,223.93365478515625,41800,0.0,0.0
2024-02-07 00:00:00-05:00,224.0894393840515,228.81150973563223,220.4578089638082,226.0172119140625,33300,0.0,0.0
2024-02-08 00:00:00-05:00,223.69998309748007,229.3470087575758,222.28823039653926,225.57908630371094,31000,0.0,0.0
2024-02-09 00:00:00-05:00,227.63343150310243,231.0021642559266,224.33284474610284,227.92552185058594,49300,0.0,0.0
2024-02-12 00:00:00-05:00,227.81842044326527,232.83258107938613,227.81842044326527,231.67396545410156,48200,0.0,0.0
2024-02-13 00:00:00-05:00,224.108885397009,227.46790188378466,219.76652834738647,222.16163635253906,45900,0.0,0.0
2024-02-14 00:00:00-05:00,226.45532957579374,227.34133147812312,221.3340698124032,224.9364776611328,42500,0.0,0.0
2024-02-15 00:00:00-05:00,225.62775989843018,230.7879581588546,225.384353759492,229.58067321777344,44400,0.0,0.0
2024-02-16 00:00:00-05:00,225.62777413379885,230.0188158090053,225.62777413379885,227.0882110595703,42000,0.0,0.0
2024-02-20 00:00:00-05:00,223.60262309555688,229.58067738205963,223.42736294704991,225.3940887451172,42300,0.0,0.0
2024-02-21 00:00:00-05:00,223.23264389471353,225.87117305962045,221.2561871735946,223.93365478515625,67600,0.0,0.0
2024-02-22 00:00:00-05:00,223.9239107829007,228.64598083496094,223.83627328447503,228.64598083496094,113500,0.0,0.0
2024-02-23 00:00:00-05:00,227.5750045924992,231.97577680252,227.33159845828573,229.29830932617188,44400,0.0,0.0
2024-02-26 00:00:00-05:00,227.3024040384543,230.74902856118968,224.4886295586914,224.8585968017578,40400,0.0,0.0
2024-02-27 00:00:00-05:00,228.0228810465824,228.0228810465824,224.16733590451173,225.41357421875,49600,0.0,0.0
2024-02-28 00:00:00-05:00,222.48294734440609,225.88090247561624,222.3563862513592,222.73609924316406,84700,0.0,0.0
2024-02-29 00:00:00-05:00,226.68900227102523,226.68900227102523,223.54419918268954,226.1924591064453,39900,0.0,0.0
2024-03-01 00:00:00-05:00,227.5457905268426,230.54454094088152,223.48576325089002,229.93116760253906,93700,0.0,0.0
2024-03-04 00:00:00-05:00,227.36081898594188,230.47641471047768,220.38966333856462,221.27566528320312,131000,0.0,0.0
2024-03-05 00:00:00-05:00,220.56489967921965,224.2159917526284,218.8902791160413,221.18801879882812,99000,0.0,0.0
2024-03-06 00:00:00-05:00,231.94658207900233,245.84020914784358,227.8476308717665,239.1514129638672,148700,0.0,0.0
2024-03-07 00:00:00-05:00,240.97208061553513,245.6649581650265,240.97208061553513,241.66336059570312,67800,0.0,0.0
2024-03-08 00:00:00-05:00,242.8511677445354,246.94040279633066,241.838604735274,243.9124298095703,55200,0.0,0.0
2024-03-11 00:00:00-04:00,241.87754161815113,244.23372612018596,239.32665003227117,242.51040649414062,51600,0.0,0.0
2024-03-12 00:00:00-04:00,240.40737691835255,244.74974903511173,240.22238587313433,240.77735900878906,58400,0.0,0.0
2024-03-13 00:00:00-04:00,239.88164202534114,243.22116738817508,233.35834509393254,235.35427856445312,52900,0.0,0.0
2024-03-14 00:00:00-04:00,235.3542537238045,235.3542537238045,225.1019886006655,227.82814025878906,83500,0.0,0.0
2024-03-15 00:00:00-04:00,225.83221914783655,230.7977104656978,225.18962335727431,225.22857666015625,315100,0.0,0.0
2024-03-18 00:00:00-04:00,226.77662281765083,227.48736456187214,224.4009765971508,225.2675018310547,49100,0.0,0.0
2024-03-19 00:00:00-04:00,222.77505858640401,229.1133647024372,222.77505858640401,227.79896545410156,44000,0.0,0.0
2024-03-20 00:00:00-04:00,225.52065642700677,235.86054426360823,225.52065642700677,233.8354034423828,37400,0.0,0.0
2024-03-21 00:00:00-04:00,234.61432922300312,240.64106808395022,234.61432922300312,239.48245239257812,49300,0.0,0.0
2024-03-22 00:00:00-04:00,238.77168981206083,239.51163912122914,236.46418952797762,236.98020935058594,41400,0.0,0.0
2024-03-25 00:00:00-04:00,237.93439823389676,239.161159952417,237.17497219057472,237.37942504882812,24800,0.0,0.0
2024-03-26 00:00:00-04:00,238.5282946662922,239.5408577074101,231.39162460849647,233.04678344726562,49600,0.0,0.0
2024-03-27 00:00:00-04:00,236.4252686131377,241.07919311523438,236.4252686131377,241.07919311523438,38000,0.0,0.0
2024-03-28 00:00:00-04:00,245.44100477045097,256.4429798125215,237.30150308655232,241.4394073486328,102700,0.0,0.0
2024-04-01 00:00:00-04:00,240.1737110320207,240.1737110320207,234.8772056468717,235.57821655273438,50000,0.0,0.0
2024-04-02 00:00:00-04:00,230.64192176201183,236.0650177001953,230.64192176201183,236.0650177001953,52900,0.0,0.0
2024-04-03 00:00:00-04:00,233.251250599125,239.8232165940725,233.251250599125,238.06094360351562,27700,0.0,0.0
2024-04-04 00:00:00-04:00,239.5116470881994,241.20575920856623,233.7380604499989,234.30274963378906,21200,0.0,0.0
2024-04-05 00:00:00-04:00,232.9786173812926,236.01633614933618,232.50155084889263,235.0135040283203,24400,0.0,0.0
2024-04-08 00:00:00-04:00,232.09263533322806,236.6686679510305,230.8463970421584,233.31939697265625,40300,0.0,0.0
2024-04-09 00:00:00-04:00,233.36808117359365,233.6114873219484,230.37904654075808,233.31939697265625,22200,0.0,0.0
2024-04-10 00:00:00-04:00,226.26061799083357,227.54580958132618,221.89878398518988,222.2979736328125,43200,0.0,0.0
2024-04-11 00:00:00-04:00,224.61519268686837,227.78921839711236,222.31743803213308,225.44277954101562,34400,0.0,0.0
2024-04-12 00:00:00-04:00,222.34664647238446,223.0866106808448,219.57182525965564,219.67892456054688,32300,0.0,0.0
2024-04-15 00:00:00-04:00,222.50241279856718,224.18677907680097,216.35884438724415,218.07241821289062,35900,0.0,0.0
2024-04-16 00:00:00-04:00,215.1807564961409,216.02781995713897,210.95522951369983,213.68138122558594,64300,0.0,0.0
2024-04-17 00:00:00-04:00,216.5146415333482,216.63147173036745,212.28909951305346,212.8148651123047,43400,0.0,0.0
2024-04-18 00:00:00-04:00,211.87044534074184,219.14342213816468,211.87044534074184,214.002685546875,44200,0.0,0.0
2024-04-19 00:00:00-04:00,213.0387933101409,219.43551397193582,213.0387933101409,219.3965606689453,42800,0.0,0.0
2024-04-22 00:00:00-04:00,218.4716320448352,226.14379895045502,218.4716320448352,225.66671752929688,62400,0.0,0.0
2024-04-23 00:00:00-04:00,224.80990510371404,229.84355715567102,224.80990510371404,226.99082946777344,20100,0.0,0.0
2024-04-24 00:00:00-04:00,224.83912045044758,229.81434272201176,224.06023266000489,228.5096893310547,36200,0.0,0.0
2024-04-25 00:00:00-04:00,224.43993464978925,225.36487499782504,220.46754471676368,224.6638641357422,38900,0.0,0.0
2024-04-26 00:00:00-04:00,212.21122040703736,234.03013599653477,212.21122040703736,221.57748413085938,74500,0.0,0.0
2024-04-29 00:00:00-04:00,221.71494157395682,222.8636709480415,214.96000476080175,218.1509246826172,72800,1.9,0.0
2024-04-30 00:00:00-04:00,217.8563728392086,219.34874571950655,214.67526577416993,215.33309936523438,84600,0.0,0.0
2024-05-01 00:00:00-04:00,216.2069193640019,219.8985628150866,214.59673270134283,215.9025421142578,58200,0.0,0.0
2024-05-02 00:00:00-04:00,219.2014592290323,219.3487414405467,215.5392692867604,219.22109985351562,60900,0.0,0.0
2024-05-03 00:00:00-04:00,220.39928689238994,224.08111753020597,219.95747021213347,222.4807586669922,25200,0.0,0.0
2024-05-06 00:00:00-04:00,223.86511073804195,225.13166883952596,221.94074902273334,223.4232940673828,30200,0.0,0.0
2024-05-07 00:00:00-04:00,225.06294238191722,226.59458155300993,220.5269317626953,220.5269317626953,52100,0.0,0.0
2024-05-08 00:00:00-04:00,219.6825697368224,230.28624537291483,219.28984711309622,229.90333557128906,52100,0.0,0.0
2024-05-09 00:00:00-04:00,228.2145967584295,234.45898223179753,228.2145967584295,230.2764129638672,51500,0.0,0.0
2024-05-10 00:00:00-04:00,228.8233121867211,229.92294745245718,226.37858628476087,226.486572265625,31700,0.0,0.0
2024-05-13 00:00:00-04:00,228.45022068052126,229.70696599030111,226.4473114013672,226.4473114013672,23400,0.0,0.0
2024-05-14 00:00:00-04:00,229.92296826287614,230.84588293646954,226.18223047508823,228.26370239257812,34300,0.0,0.0
2024-05-15 00:00:00-04:00,229.59896795812784,232.17133554102756,227.7629515322606,230.1684112548828,37500,0.0,0.0
2024-05-16 00:00:00-04:00,230.2567794509382,232.0142333218025,228.44040370644012,231.13059997558594,23600,0.0,0.0
2024-05-17 00:00:00-04:00,232.06332589318123,232.06332589318123,228.93131297116196,229.0982208251953,27000,0.0,0.0
2024-05-20 00:00:00-04:00,228.22441295257929,231.52333391143196,228.22441295257929,229.1178741455078,40700,0.0,0.0
2024-05-21 00:00:00-04:00,227.02658190095957,233.06479313211193,227.02658190095957,232.6916961669922,22500,0.0,0.0
2024-05-22 00:00:00-04:00,230.89496856867245,231.60188127232536,228.47969598236483,230.1389617919922,46400,0.0,0.0
2024-05-23 00:00:00-04:00,230.0996947205598,230.0996947205598,224.8371307124872,225.4949493408203,25800,0.0,0.0
2024-05-24 00:00:00-04:00,225.96620881569063,229.87386911321758,225.42621898398133,228.41094970703125,50800,0.0,0.0
2024-05-28 00:00:00-04:00,228.1556887972987,228.1556887972987,223.54111568464344,224.38548278808594,26600,0.0,0.0
2024-05-29 00:00:00-04:00,223.25639022845868,223.3054842997275,220.85093055035733,221.5774688720703,39600,0.0,0.0
2024-05-30 00:00:00-04:00,222.93239148206604,225.3182255611594,221.5774729931634,222.56912231445312,27900,0.0,0.0
2024-05-31 00:00:00-04:00,222.12729880489252,226.30004012826257,221.27310392310474,224.4345703125,75700,0.0,0.0
2024-06-03 00:00:00-04:00,227.08548231968533,227.08548231968533,223.2367439361532,225.81893920898438,26600,0.0,0.0
2024-06-04 00:00:00-04:00,224.79786768056448,227.78259858747748,221.2829447494198,223.08949279785156,19500,0.0,0.0
2024-06-05 00:00:00-04:00,222.73602875323692,224.44440357697613,221.13565489504575,222.5789337158203,42500,0.0,0.0
2024-06-06 00:00:00-04:00,220.3992864192908,221.93092556430938,217.14945964697964,217.94473266601562,60100,0.0,0.0
2024-06-07 00:00:00-04:00,216.04000345098362,216.31492726301877,212.80000437838729,214.03709411621094,53500,0.0,0.0
2024-06-10 00:00:00-04:00,211.31744867222883,213.20254425635218,211.31744867222883,212.41709899902344,57300,0.0,0.0
2024-06-11 00:00:00-04:00,210.29635740109384,211.40582053192287,208.35235495268313,211.08181762695312,34100,0.0,0.0
2024-06-12 00:00:00-04:00,217.14945755101232,225.23967203702563,213.81127047134174,214.78326416015625,45500,0.0,0.0
2024-06-13 00:00:00-04:00,213.2123580149284,214.2727270201615,209.19671172293934,209.56979370117188,49600,0.0,0.0
2024-06-14 00:00:00-04:00,207.0563346764396,209.90361102206026,206.14324787630443,208.76470947265625,35700,0.0,0.0
2024-06-17 00:00:00-04:00,208.6665348333413,211.62181233400645,206.19234030870996,211.61199951171875,39700,0.0,0.0
2024-06-18 00:00:00-04:00,212.96690922084446,216.73710025718708,212.08326086515302,213.3792724609375,45300,0.0,0.0
2024-06-20 00:00:00-04:00,211.61198906915433,217.44401124157014,211.61198906915433,216.000732421875,27500,0.0,0.0
2024-06-21 00:00:00-04:00,215.8338221923395,217.54219699603846,215.02872137107917,215.22509765625,106000,0.0,0.0
2024-06-24 00:00:00-04:00,217.0316546548844,222.9422245270583,217.0316546548844,221.28294372558594,36000,0.0,0.0
2024-06-25 00:00:00-04:00,220.2029369577583,220.2029369577583,215.8338340382409,218.6516571044922,35600,0.0,0.0
2024-06-26 00:00:00-04:00,217.54220162833874,218.69093101029452,215.50001106661486,216.32473754882812,20000,0.0,0.0
2024-06-27 00:00:00-04:00,217.77782418427853,218.48473686170792,215.5196317414573,216.81564331054688,23800,0.0,0.0
2024-06-28 00:00:00-04:00,219.25056493196587,221.91130788786015,215.36256003678054,221.74440002441406,313400,0.0,0.0
2024-07-01 00:00:00-04:00,220.89021054056067,222.5396785529366,217.64038357153555,218.86766052246094,31600,0.0,0.0
2024-07-02 00:00:00-04:00,219.7512977409551,221.8425673716271,218.94619691101397,221.33201599121094,16700,0.0,0.0
2024-07-03 00:00:00-04:00,220.93929358897867,222.65748123452863,220.93929358897867,222.5789337158203,10900,0.0,0.0
2024-07-05 00:00:00-04:00,221.41056933992797,221.41056933992797,217.41456347603506,217.4342041015625,15700,0.0,0.0
2024-07-08 00:00:00-04:00,217.79748283748015,218.73021034197708,217.09057010153523,218.04293823242188,43000,0.0,0.0
2024-07-09 00:00:00-04:00,217.3262030347571,220.41893488128554,216.4425546633149,218.6811065673828,24400,0.0,0.0
2024-07-10 00:00:00-04:00,218.4160204958834,223.03057861328125,218.4160204958834,223.03057861328125,16600,0.0,0.0
2024-07-11 00:00:00-04:00,227.51748322595145,230.87531082868733,225.28875929351577,225.6127471923828,65100,0.0,0.0
2024-07-12 00:00:00-04:00,228.08695892072416,229.15714080078507,225.76985949356597,226.73204040527344,39600,0.0,0.0
2024-07-15 00:00:00-04:00,227.4880429145257,234.62588955114785,226.30986008822208,227.33094787597656,68900,0.0,0.0
2024-07-16 00:00:00-04:00,230.48259234188305,240.41862092163416,230.4727795203933,239.201171875,55800,0.0,0.0
2024-07-17 00:00:00-04:00,238.3371695089687,243.3837314278426,235.30334466461886,240.4088134765625,70800,0.0,0.0
2024-07-18 00:00:00-04:00,238.40589993995002,244.18882788155065,238.39607213700944,238.9655303955078,27800,0.0,0.0
2024-07-19 00:00:00-04:00,239.0440893747546,240.36955443429892,235.2051635926266,235.9317169189453,25400,0.0,0.0
2024-07-22 00:00:00-04:00,236.4226224821485,238.39607832292242,233.55570547219838,237.2178955078125,36500,0.0,0.0
2024-07-23 00:00:00-04:00,236.12806865025448,241.8619025637292,236.12806865025448,236.7957000732422,62500,0.0,0.0
2024-07-24 00:00:00-04:00,235.85317080516364,240.32046179457757,233.0844268798828,233.0844268798828,49500,0.0,0.0
2024-07-25 00:00:00-04:00,233.7324234289246,243.8353750334543,233.7324234289246,241.3218994140625,68200,0.0,0.0
2024-07-26 00:00:00-04:00,237.79716188057293,242.5590020996128,226.92840577665694,230.21749877929688,36800,0.0,0.0
2024-07-29 00:00:00-04:00,228.01824179982515,228.01824179982515,220.00657436912886,222.1763916015625,41600,0.0,0.0
2024-07-30 00:00:00-04:00,224.58186028963223,228.76441457918966,221.40075316569644,225.1709442138672,43700,0.0,0.0
2024-07-31 00:00:00-04:00,225.27985502928763,227.8935165181962,222.7552920316173,223.7453155517578,52000,1.9,0.0
2024-08-01 00:00:00-04:00,223.15129168966186,224.77492963145514,212.50853902496766,212.6669464111328,52900,0.0,0.0
2024-08-02 00:00:00-04:00,205.93478426565562,208.05343396650645,202.51920618760286,205.16256713867188,42200,0.0,0.0
2024-08-05 00:00:00-04:00,194.46040706580666,197.0344741158855,191.9061447148525,194.13369750976562,57000,0.0,0.0
2024-08-06 00:00:00-04:00,194.55942104083036,198.17300074703678,192.1635660009684,194.876220703125,41900,0.0,0.0
2024-08-07 00:00:00-04:00,197.48989005155536,197.50969475204408,190.4706268310547,190.4706268310547,37200,0.0,0.0
2024-08-08 00:00:00-04:00,193.85650427022838,196.61867836831433,190.67853721043852,195.8959503173828,27400,0.0,0.0
2024-08-09 00:00:00-04:00,196.34146618419237,196.34146618419237,193.9752955360199,195.51974487304688,20900,0.0,0.0
2024-08-12 00:00:00-04:00,195.2425453890711,198.00470436811995,192.9753830643825,195.49005126953125,47600,0.0,0.0
2024-08-13 00:00:00-04:00,194.54950405548465,196.38105349317019,192.72786452056482,195.27223205566406,49300,0.0,0.0
2024-08-14 00:00:00-04:00,195.35143802111128,199.3313214870566,189.53009519325911,198.42050170898438,44800,0.0,0.0
2024-08-15 00:00:00-04:00,203.78643209314723,206.62780978939682,203.38051883560306,203.94483947753906,35300,0.0,0.0
2024-08-16 00:00:00-04:00,203.31122649241308,206.47929866998157,203.31122649241308,206.04368591308594,23900,0.0,0.0
2024-08-19 00:00:00-04:00,205.57836688826276,209.03355422659422,205.02395616376978,208.64744567871094,39500,0.0,0.0
2024-08-20 00:00:00-04:00,207.994024590006,207.994024590006,205.20216629487203,207.4495086669922,26800,0.0,0.0
2024-08-21 00:00:00-04:00,207.3010142120079,209.05335998740446,204.924963921669,205.81597900390625,23300,0.0,0.0
2024-08-22 00:00:00-04:00,205.85557134913185,209.25135968162127,205.85557134913185,207.8554229736328,23000,0.0,0.0
2024-08-23 00:00:00-04:00,208.10293563665388,216.5676395405805,208.10293563665388,214.57769775390625,25800,0.0,0.0
2024-08-26 00:00:00-04:00,217.74576594317108,218.26058238103528,211.70661669099314,212.31053161621094,37200,0.0,0.0
2024-08-27 00:00:00-04:00,207.61783410976756,210.54829519990162,207.3802230322325,207.58811950683594,26000,0.0,0.0
2024-08-28 00:00:00-04:00,205.45957838968903,207.82573398086694,202.03410549529417,202.3311004638672,32000,0.0,0.0
2024-08-29 00:00:00-04:00,204.96455941795364,206.34069144795106,202.55880961784223,205.7070770263672,36800,0.0,0.0
2024-08-30 00:00:00-04:00,207.8059193936172,209.96417840410663,205.2318674469085,209.54837036132812,36200,0.0,0.0
2024-09-03 00:00:00-04:00,208.13263709964642,208.13263709964642,202.35090345953944,203.59832763671875,44000,0.0,0.0
2024-09-04 00:00:00-04:00,201.58857789994627,203.98443292939658,199.19272287049597,200.1728515625,24100,0.0,0.0
2024-09-05 00:00:00-04:00,201.93509812035438,202.75681945285928,199.08382555518654,199.8857421875,17200,0.0,0.0
2024-09-06 00:00:00-04:00,198.08389857186637,200.10353981276774,194.8168180850159,195.07421875,23500,0.0,0.0
2024-09-09 00:00:00-04:00,195.98505151388275,197.52948570014968,193.75749872063795,194.7772216796875,32800,0.0,0.0
2024-09-10 00:00:00-04:00,195.87615931476319,195.87615931476319,191.30224038363525,193.79710388183594,35300,0.0,0.0
2024-09-11 00:00:00-04:00,192.11406846061357,194.15351450944883,188.52027822303756,193.04469299316406,40200,0.0,0.0
2024-09-12 00:00:00-04:00,192.8763791932248,196.38105562135644,192.8763791932248,195.69793701171875,22800,0.0,0.0
2024-09-13 00:00:00-04:00,198.70762605282292,202.38060482844418,197.4799914576512,201.9449920654297,32400,0.0,0.0
2024-09-16 00:00:00-04:00,203.25182364387405,204.37053990479646,202.30139445535292,204.033935546875,20500,0.0,0.0
2024-09-17 00:00:00-04:00,206.48921412019152,207.19212236415223,204.1032537963652,204.32106018066406,24900,0.0,0.0
2024-09-18 00:00:00-04:00,203.5587250389584,207.80591905266692,203.5587250389584,203.9745330810547,41700,0.0,0.0
2024-09-19 00:00:00-04:00,208.9939685940592,209.17216557436123,207.22181805495853,207.75643920898438,23600,0.0,0.0
2024-09-20 00:00:00-04:00,207.6871290338993,207.6871290338993,204.16264778394998,205.1427764892578,116300,0.0,0.0
2024-09-23 00:00:00-04:00,206.3803100710628,207.53863577917306,205.14278066839458,206.12289428710938,16200,0.0,0.0
2024-09-24 00:00:00-04:00,206.38030868220264,208.00394664331452,205.2219678753275,206.74661254882812,16800,0.0,0.0
2024-09-25 00:00:00-04:00,205.42988012519888,205.7169802987284,202.15290469543206,202.22219848632812,22000,0.0,0.0
2024-09-26 00:00:00-04:00,204.79625407237023,205.4397632804198,203.20231569336335,204.7467498779297,24200,0.0,0.0
2024-09-27 00:00:00-04:00,206.45950004262738,209.0434620569772,204.59826608100235,205.756591796875,19500,0.0,0.0
2024-09-30 00:00:00-04:00,204.24184471237473,207.36041259765625,202.01429190672815,207.36041259765625,34300,0.0,0.0
2024-10-01 00:00:00-04:00,205.7070828594937,205.7070828594937,201.11337439610955,203.08352661132812,21800,0.0,0.0
2024-10-02 00:00:00-04:00,203.80624425068348,204.49925769955746,202.311314160501,202.9053192138672,23000,0.0,0.0
2024-10-03 00:00:00-04:00,202.40039893183717,203.45971618047074,200.97476272990562,202.15289306640625,21000,0.0,0.0
2024-10-04 00:00:00-04:00,204.9348573670428,206.55849524626814,203.75672702599923,206.3109893798828,22000,0.0,0.0
2024-10-07 00:00:00-04:00,204.6081547862139,204.6081547862139,201.39057841350981,203.3211212158203,18600,0.0,0.0
2024-10-08 00:00:00-04:00,201.5588767196733,202.34100372874855,199.9847430116411,201.31137084960938,28900,0.0,0.0
2024-10-09 00:00:00-04:00,201.95489081289978,204.00423151734634,201.95489081289978,203.82603454589844,23900,0.0,0.0
2024-10-10 00:00:00-04:00,201.44007452550957,203.18251037597656,201.28166714640554,203.18251037597656,18400,0.0,0.0
2024-10-11 00:00:00-04:00,203.93494164736225,206.07338087860313,203.93494164736225,205.83578491210938,19300,0.0,0.0
2024-10-14 00:00:00-04:00,204.23193818539835,210.70670024051086,204.23193818539835,210.65719604492188,31200,0.0,0.0
2024-10-15 00:00:00-04:00,211.83532455965474,219.82480616278298,211.83532455965474,215.41920471191406,38200,0.0,0.0
2024-10-16 00:00:00-04:00,218.191271497692,221.31974928199472,218.191271497692,220.69602966308594,25200,0.0,0.0
2024-10-17 00:00:00-04:00,221.06233788846131,221.9137586920179,220.85444141574888,221.4187469482422,15300,0.0,0.0
2024-10-18 00:00:00-04:00,221.75536504817208,223.16119657904284,219.64661019858622,221.91375732421875,23600,0.0,0.0
2024-10-21 00:00:00-04:00,221.4187545417361,221.4187545417361,214.33019760875342,214.67669677734375,21900,0.0,0.0
2024-10-22 00:00:00-04:00,214.46879277742863,214.46879277742863,212.30063892430888,212.99365234375,16600,0.0,0.0
2024-10-23 00:00:00-04:00,210.54830027943308,211.865033374407,204.93486873131894,207.15252685546875,24500,0.0,0.0
2024-10-24 00:00:00-04:00,208.95435668478063,212.79565268402283,207.20201086672142,210.82550048828125,37200,0.0,0.0
2024-10-25 00:00:00-04:00,221.3791469766235,221.3791469766235,207.98413074219826,211.6076202392578,28900,0.0,0.0
2024-10-28 00:00:00-04:00,213.37976493641744,223.19090150170499,213.37976493641744,223.1710968017578,29100,0.0,0.0
2024-10-29 00:00:00-04:00,223.15128211695406,223.15128211695406,219.68620000267492,221.7058563232422,44900,0.0,0.0
2024-10-30 00:00:00-04:00,220.21091988622183,225.47785215814474,220.21091988622183,223.27999877929688,38300,0.0,0.0
2024-10-31 00:00:00-04:00,221.2899932861328,223.97999572753906,216.3699951171875,216.3699951171875,29000,2.25,0.0
2024-11-01 00:00:00-04:00,217.52999877929688,218.61000061035156,215.66000366210938,217.05999755859375,17100,0.0,0.0
2024-11-04 00:00:00-05:00,215.3699951171875,215.4499969482422,213.64999389648438,215.4499969482422,20300,0.0,0.0
2024-11-05 00:00:00-05:00,213.5800018310547,218.52000427246094,213.5800018310547,218.52000427246094,22900,0.0,0.0
2024-11-06 00:00:00-05:00,233.25,242.58999633789062,233.25,238.92999267578125,53900,0.0,0.0
2024-11-07 00:00:00-05:00,237.00999450683594,238.1999969482422,234.72999572753906,234.77000427246094,49800,0.0,0.0
2024-11-08 00:00:00-05:00,234.63999938964844,238.27000427246094,234.63999938964844,236.64999389648438,37900,0.0,0.0
2024-11-11 00:00:00-05:00,238.72999572753906,245.58999633789062,238.72999572753906,244.0500030517578,27600,0.0,0.0
2024-11-12 00:00:00-05:00,240.9499969482422,243.27000427246094,239.4499969482422,241.8000030517578,33400,0.0,0.0
2024-11-13 00:00:00-05:00,242.97999572753906,245.0,238.0399932861328,238.63999938964844,26200,0.0,0.0
2024-11-14 00:00:00-05:00,241.22999572753906,241.7899932861328,238.64999389648438,241.52999877929688,26900,0.0,0.0
2024-11-15 00:00:00-05:00,243.74000549316406,244.60000610351562,237.99000549316406,238.0,25200,0.0,0.0
2024-11-18 00:00:00-05:00,237.41000366210938,239.1699981689453,235.35000610351562,235.8800048828125,20700,0.0,0.0
2024-11-19 00:00:00-05:00,233.5800018310547,235.16000366210938,232.36000061035156,232.36000061035156,27000,0.0,0.0
2024-11-20 00:00:00-05:00,232.36000061035156,235.75,231.89999389648438,234.47999572753906,21000,0.0,0.0
2024-11-21 00:00:00-05:00,236.72999572753906,240.6199951171875,232.50999450683594,239.39999389648438,29300,0.0,0.0
2024-11-22 00:00:00-05:00,240.3800048828125,244.4199981689453,240.3800048828125,242.08999633789062,31200,0.0,0.0
2024-11-25 00:00:00-05:00,243.97999572753906,249.75999450683594,243.97999572753906,244.02999877929688,46900,0.0,0.0
2024-11-26 00:00:00-05:00,242.8300018310547,248.52000427246094,239.00999450683594,247.6699981689453,46900,0.0,0.0
2024-11-27 00:00:00-05:00,249.5,250.99000549316406,244.9600067138672,246.9199981689453,40801,0.0,0.0
