Date,Open,High,Low,Close,Volume,Dividends,Stock Splits
2022-01-03 00:00:00-05:00,21.959999084472656,22.399999618530273,20.8799991607666,22.059999465942383,211700,0.0,0.0
2022-01-04 00:00:00-05:00,22.049999237060547,22.049999237060547,20.3799991607666,20.81999969482422,249100,0.0,0.0
2022-01-05 00:00:00-05:00,20.829999923706055,21.56999969482422,19.729999542236328,19.989999771118164,343800,0.0,0.0
2022-01-06 00:00:00-05:00,20.260000228881836,20.4950008392334,19.165000915527344,19.56999969482422,219700,0.0,0.0
2022-01-07 00:00:00-05:00,19.420000076293945,20.1200008392334,18.8700008392334,19.190000534057617,386200,0.0,0.0
2022-01-10 00:00:00-05:00,19.40999984741211,19.920000076293945,18.469999313354492,19.739999771118164,656500,0.0,0.0
2022-01-11 00:00:00-05:00,19.540000915527344,22.079999923706055,19.540000915527344,20.520000457763672,581600,0.0,0.0
2022-01-12 00:00:00-05:00,20.920000076293945,21.280000686645508,18.829999923706055,18.969999313354492,1211300,0.0,0.0
2022-01-13 00:00:00-05:00,18.969999313354492,20.280000686645508,18.360000610351562,18.43000030517578,430900,0.0,0.0
2022-01-14 00:00:00-05:00,18.200000762939453,18.81999969482422,17.049999237060547,18.5,873500,0.0,0.0
2022-01-18 00:00:00-05:00,18.049999237060547,18.43000030517578,16.610000610351562,16.780000686645508,602500,0.0,0.0
2022-01-19 00:00:00-05:00,16.899999618530273,17.790000915527344,16.65999984741211,16.719999313354492,371100,0.0,0.0
2022-01-20 00:00:00-05:00,16.93000030517578,17.920000076293945,15.930000305175781,16.06999969482422,614800,0.0,0.0
2022-01-21 00:00:00-05:00,15.8100004196167,16.389999389648438,15.239999771118164,15.4399995803833,602300,0.0,0.0
2022-01-24 00:00:00-05:00,15.869999885559082,16.540000915527344,14.5649995803833,16.030000686645508,860100,0.0,0.0
2022-01-25 00:00:00-05:00,15.640000343322754,16.25,15.15999984741211,15.710000038146973,385900,0.0,0.0
2022-01-26 00:00:00-05:00,14.779999732971191,16.09000015258789,14.489999771118164,14.670000076293945,1502900,0.0,0.0
2022-01-27 00:00:00-05:00,15.130000114440918,15.130000114440918,13.90999984741211,14.359999656677246,905200,0.0,0.0
2022-01-28 00:00:00-05:00,14.100000381469727,15.229999542236328,13.729999542236328,15.199999809265137,621600,0.0,0.0
2022-01-31 00:00:00-05:00,15.199999809265137,16.040000915527344,15.199999809265137,16.0,536700,0.0,0.0
2022-02-01 00:00:00-05:00,16.1200008392334,16.56999969482422,15.460000038146973,16.309999465942383,826000,0.0,0.0
2022-02-02 00:00:00-05:00,16.450000762939453,16.450000762939453,14.3100004196167,14.380000114440918,793600,0.0,0.0
2022-02-03 00:00:00-05:00,14.029999732971191,14.670000076293945,13.470000267028809,13.649999618530273,800700,0.0,0.0
2022-02-04 00:00:00-05:00,13.760000228881836,13.880000114440918,13.220000267028809,13.680000305175781,424800,0.0,0.0
2022-02-07 00:00:00-05:00,13.84000015258789,14.5,13.65999984741211,14.100000381469727,581500,0.0,0.0
2022-02-08 00:00:00-05:00,14.020000457763672,14.199999809265137,13.550000190734863,13.850000381469727,704800,0.0,0.0
2022-02-09 00:00:00-05:00,14.119999885559082,15.739999771118164,14.119999885559082,15.34000015258789,581700,0.0,0.0
2022-02-10 00:00:00-05:00,14.770000457763672,16.3700008392334,14.399999618530273,15.239999771118164,714800,0.0,0.0
2022-02-11 00:00:00-05:00,15.550000190734863,15.8100004196167,14.725000381469727,15.0,452000,0.0,0.0
2022-02-14 00:00:00-05:00,14.75,15.420000076293945,14.579999923706055,14.970000267028809,732700,0.0,0.0
2022-02-15 00:00:00-05:00,15.350000381469727,16.0,15.28499984741211,15.6899995803833,631000,0.0,0.0
2022-02-16 00:00:00-05:00,15.510000228881836,15.510000228881836,14.859999656677246,15.1899995803833,188500,0.0,0.0
2022-02-17 00:00:00-05:00,14.899999618530273,15.529999732971191,14.720000267028809,14.899999618530273,556100,0.0,0.0
2022-02-18 00:00:00-05:00,14.819999694824219,15.15999984741211,14.579999923706055,15.0,369300,0.0,0.0
2022-02-22 00:00:00-05:00,14.6899995803833,15.92199993133545,14.489999771118164,15.59000015258789,565100,0.0,0.0
2022-02-23 00:00:00-05:00,15.75,16.010000228881836,15.350000381469727,15.75,767500,0.0,0.0
2022-02-24 00:00:00-05:00,14.930000305175781,16.469999313354492,14.5,16.389999389648438,645300,0.0,0.0
2022-02-25 00:00:00-05:00,16.510000228881836,17.09000015258789,15.920000076293945,16.850000381469727,470800,0.0,0.0
2022-02-28 00:00:00-05:00,16.719999313354492,18.350000381469727,16.450000762939453,18.1200008392334,448300,0.0,0.0
2022-03-01 00:00:00-05:00,17.520000457763672,18.875,17.520000457763672,18.139999389648438,421800,0.0,0.0
2022-03-02 00:00:00-05:00,18.139999389648438,18.889999389648438,17.56999969482422,18.860000610351562,292900,0.0,0.0
2022-03-03 00:00:00-05:00,18.969999313354492,19.37299919128418,17.190000534057617,17.420000076293945,348000,0.0,0.0
2022-03-04 00:00:00-05:00,17.31999969482422,17.68000030517578,16.604999542236328,16.6299991607666,338100,0.0,0.0
2022-03-07 00:00:00-05:00,16.649999618530273,17.670000076293945,16.549999237060547,17.149999618530273,207700,0.0,0.0
2022-03-08 00:00:00-05:00,16.93000030517578,18.540000915527344,16.860000610351562,17.56999969482422,259300,0.0,0.0
2022-03-09 00:00:00-05:00,17.8799991607666,18.860000610351562,17.815000534057617,18.6299991607666,281100,0.0,0.0
2022-03-10 00:00:00-05:00,18.309999465942383,18.899999618530273,18.170000076293945,18.690000534057617,255700,0.0,0.0
2022-03-11 00:00:00-05:00,18.59000015258789,19.149999618530273,18.09000015258789,18.1299991607666,261100,0.0,0.0
2022-03-14 00:00:00-04:00,17.969999313354492,18.05500030517578,15.430000305175781,15.789999961853027,548900,0.0,0.0
2022-03-15 00:00:00-04:00,16.100000381469727,16.989999771118164,15.729999542236328,16.600000381469727,520400,0.0,0.0
2022-03-16 00:00:00-04:00,17.010000228881836,18.34000015258789,16.84000015258789,18.31999969482422,377900,0.0,0.0
2022-03-17 00:00:00-04:00,18.3799991607666,19.030000686645508,17.290000915527344,19.0,354800,0.0,0.0
2022-03-18 00:00:00-04:00,19.040000915527344,20.399999618530273,18.68000030517578,20.0,1107500,0.0,0.0
2022-03-21 00:00:00-04:00,19.93000030517578,20.030000686645508,17.844999313354492,17.93000030517578,289200,0.0,0.0
2022-03-22 00:00:00-04:00,18.100000381469727,18.969999313354492,17.889999389648438,18.8799991607666,268900,0.0,0.0
2022-03-23 00:00:00-04:00,18.56999969482422,19.665000915527344,18.420000076293945,18.540000915527344,217400,0.0,0.0
2022-03-24 00:00:00-04:00,18.690000534057617,18.940000534057617,18.18000030517578,18.8700008392334,140000,0.0,0.0
2022-03-25 00:00:00-04:00,18.829999923706055,18.829999923706055,17.809999465942383,17.950000762939453,398800,0.0,0.0
2022-03-28 00:00:00-04:00,17.889999389648438,18.649999618530273,17.229999542236328,17.75,214100,0.0,0.0
2022-03-29 00:00:00-04:00,18.0,18.895000457763672,18.0,18.6200008392334,283900,0.0,0.0
2022-03-30 00:00:00-04:00,18.459999084472656,18.959999084472656,17.209999084472656,17.309999465942383,277700,0.0,0.0
2022-03-31 00:00:00-04:00,17.350000381469727,17.690000534057617,16.799999237060547,16.899999618530273,291800,0.0,0.0
2022-04-01 00:00:00-04:00,17.139999389648438,18.239999771118164,16.899999618530273,18.18000030517578,880400,0.0,0.0
2022-04-04 00:00:00-04:00,18.479999542236328,19.5,17.829999923706055,19.459999084472656,343100,0.0,0.0
2022-04-05 00:00:00-04:00,19.450000762939453,19.84600067138672,18.43000030517578,18.770000457763672,411200,0.0,0.0
2022-04-06 00:00:00-04:00,18.479999542236328,19.25,18.309999465942383,19.059999465942383,186700,0.0,0.0
2022-04-07 00:00:00-04:00,18.979999542236328,19.229999542236328,17.350000381469727,17.670000076293945,174500,0.0,0.0
2022-04-08 00:00:00-04:00,17.56999969482422,17.829999923706055,16.65999984741211,16.93000030517578,209600,0.0,0.0
2022-04-11 00:00:00-04:00,16.729999542236328,17.219999313354492,16.25,16.790000915527344,274700,0.0,0.0
2022-04-12 00:00:00-04:00,17.229999542236328,18.479999542236328,17.020000457763672,17.209999084472656,244200,0.0,0.0
2022-04-13 00:00:00-04:00,17.239999771118164,18.09000015258789,16.549999237060547,17.959999084472656,382700,0.0,0.0
2022-04-14 00:00:00-04:00,17.8799991607666,17.8799991607666,15.989999771118164,16.010000228881836,180600,0.0,0.0
2022-04-18 00:00:00-04:00,15.920000076293945,16.264999389648438,14.770000457763672,14.899999618530273,280400,0.0,0.0
2022-04-19 00:00:00-04:00,14.859999656677246,16.014999389648438,14.75,15.5600004196167,230300,0.0,0.0
2022-04-20 00:00:00-04:00,15.380000114440918,15.970000267028809,14.819999694824219,15.850000381469727,192700,0.0,0.0
2022-04-21 00:00:00-04:00,16.15999984741211,16.309999465942383,14.529999732971191,14.640000343322754,278800,0.0,0.0
2022-04-22 00:00:00-04:00,14.520000457763672,15.039999961853027,14.0600004196167,14.399999618530273,271600,0.0,0.0
2022-04-25 00:00:00-04:00,14.229999542236328,15.1899995803833,14.229999542236328,15.109999656677246,238200,0.0,0.0
2022-04-26 00:00:00-04:00,14.949999809265137,15.210000038146973,13.8100004196167,13.960000038146973,403600,0.0,0.0
2022-04-27 00:00:00-04:00,13.960000038146973,14.470000267028809,13.574999809265137,13.65999984741211,317500,0.0,0.0
2022-04-28 00:00:00-04:00,13.880000114440918,14.0,12.614999771118164,13.829999923706055,300800,0.0,0.0
2022-04-29 00:00:00-04:00,13.619999885559082,14.069999694824219,12.699999809265137,12.779999732971191,228400,0.0,0.0
2022-05-02 00:00:00-04:00,12.680000305175781,13.5600004196167,12.53499984741211,13.0,451300,0.0,0.0
2022-05-03 00:00:00-04:00,13.039999961853027,13.135000228881836,12.3100004196167,12.630000114440918,243100,0.0,0.0
2022-05-04 00:00:00-04:00,12.649999618530273,12.664999961853027,11.289999961853027,12.170000076293945,464900,0.0,0.0
2022-05-05 00:00:00-04:00,11.989999771118164,12.149999618530273,10.600000381469727,11.050000190734863,452300,0.0,0.0
2022-05-06 00:00:00-04:00,10.920000076293945,11.199999809265137,10.0600004196167,10.510000228881836,341400,0.0,0.0
2022-05-09 00:00:00-04:00,10.079999923706055,10.539999961853027,9.154999732971191,9.300000190734863,426800,0.0,0.0
2022-05-10 00:00:00-04:00,11.75,11.75,9.25,9.800000190734863,644900,0.0,0.0
2022-05-11 00:00:00-04:00,9.710000038146973,10.039999961853027,8.470000267028809,8.579999923706055,882400,0.0,0.0
2022-05-12 00:00:00-04:00,8.40999984741211,9.609999656677246,8.3100004196167,9.0,600000,0.0,0.0
2022-05-13 00:00:00-04:00,9.359999656677246,9.890000343322754,9.010000228881836,9.65999984741211,650600,0.0,0.0
2022-05-16 00:00:00-04:00,9.680000305175781,10.1899995803833,9.470000267028809,9.579999923706055,273600,0.0,0.0
2022-05-17 00:00:00-04:00,9.949999809265137,10.149999618530273,9.550000190734863,9.75,488300,0.0,0.0
2022-05-18 00:00:00-04:00,9.319999694824219,9.609999656677246,8.420000076293945,8.640000343322754,344900,0.0,0.0
2022-05-19 00:00:00-04:00,8.65999984741211,9.100000381469727,8.420000076293945,8.760000228881836,354800,0.0,0.0
2022-05-20 00:00:00-04:00,9.020000457763672,9.140000343322754,8.154999732971191,8.75,396900,0.0,0.0
2022-05-23 00:00:00-04:00,8.850000381469727,8.989999771118164,8.359999656677246,8.460000038146973,234100,0.0,0.0
2022-05-24 00:00:00-04:00,8.239999771118164,8.430000305175781,7.650000095367432,7.75,369100,0.0,0.0
2022-05-25 00:00:00-04:00,7.730000019073486,8.079999923706055,7.590000152587891,7.900000095367432,311500,0.0,0.0
2022-05-26 00:00:00-04:00,7.860000133514404,8.140000343322754,7.699999809265137,7.940000057220459,346300,0.0,0.0
2022-05-27 00:00:00-04:00,7.920000076293945,8.180000305175781,7.599999904632568,8.050000190734863,418600,0.0,0.0
2022-05-31 00:00:00-04:00,8.0,8.239999771118164,7.21999979019165,7.670000076293945,760600,0.0,0.0
2022-06-01 00:00:00-04:00,7.789999961853027,7.929999828338623,7.382999897003174,7.420000076293945,436900,0.0,0.0
2022-06-02 00:00:00-04:00,7.349999904632568,7.630000114440918,7.239999771118164,7.480000019073486,287500,0.0,0.0
2022-06-03 00:00:00-04:00,7.480000019073486,7.710000038146973,7.260000228881836,7.599999904632568,470700,0.0,0.0
2022-06-06 00:00:00-04:00,7.71999979019165,7.840000152587891,7.03000020980835,7.150000095367432,505300,0.0,0.0
2022-06-07 00:00:00-04:00,7.059999942779541,7.840000152587891,7.010000228881836,7.75,533600,0.0,0.0
2022-06-08 00:00:00-04:00,7.679999828338623,8.260000228881836,7.659999847412109,7.980000019073486,510400,0.0,0.0
2022-06-09 00:00:00-04:00,7.869999885559082,8.010000228881836,7.599999904632568,7.78000020980835,606900,0.0,0.0
2022-06-10 00:00:00-04:00,7.599999904632568,7.639999866485596,6.78000020980835,6.784999847412109,580400,0.0,0.0
2022-06-13 00:00:00-04:00,6.460000038146973,6.579999923706055,5.820000171661377,6.460000038146973,881500,0.0,0.0
2022-06-14 00:00:00-04:00,6.539999961853027,6.650000095367432,6.25,6.630000114440918,457200,0.0,0.0
2022-06-15 00:00:00-04:00,6.570000171661377,6.880000114440918,6.389999866485596,6.670000076293945,985500,0.0,0.0
2022-06-16 00:00:00-04:00,6.429999828338623,6.670000076293945,5.829999923706055,5.889999866485596,777400,0.0,0.0
2022-06-17 00:00:00-04:00,6.0,6.610000133514404,6.0,6.46999979019165,3420800,0.0,0.0
2022-06-21 00:00:00-04:00,6.590000152587891,6.980000019073486,6.590000152587891,6.739999771118164,733200,0.0,0.0
2022-06-22 00:00:00-04:00,6.559999942779541,7.159999847412109,6.559999942779541,6.789999961853027,426700,0.0,0.0
2022-06-23 00:00:00-04:00,6.849999904632568,7.449999809265137,6.849999904632568,7.449999809265137,202900,0.0,0.0
2022-06-24 00:00:00-04:00,7.550000190734863,8.109999656677246,7.260000228881836,8.0,1944100,0.0,0.0
2022-06-27 00:00:00-04:00,7.889999866485596,8.3100004196167,7.550000190734863,8.180000305175781,331400,0.0,0.0
2022-06-28 00:00:00-04:00,8.170000076293945,8.28600025177002,7.840000152587891,8.0600004196167,288000,0.0,0.0
2022-06-29 00:00:00-04:00,8.119999885559082,8.225000381469727,7.71999979019165,8.100000381469727,338700,0.0,0.0
2022-06-30 00:00:00-04:00,8.0600004196167,8.1899995803833,7.809999942779541,8.09000015258789,229700,0.0,0.0
2022-07-01 00:00:00-04:00,8.069999694824219,8.3100004196167,8.050000190734863,8.229999542236328,197100,0.0,0.0
2022-07-05 00:00:00-04:00,8.069999694824219,9.170000076293945,7.989999771118164,9.149999618530273,320500,0.0,0.0
2022-07-06 00:00:00-04:00,9.130000114440918,9.479999542236328,9.020999908447266,9.40999984741211,256300,0.0,0.0
2022-07-07 00:00:00-04:00,9.449999809265137,9.949999809265137,9.3100004196167,9.760000228881836,221000,0.0,0.0
2022-07-08 00:00:00-04:00,9.460000038146973,9.84000015258789,9.359999656677246,9.75,173400,0.0,0.0
2022-07-11 00:00:00-04:00,9.739999771118164,9.979999542236328,9.140000343322754,9.260000228881836,208200,0.0,0.0
2022-07-12 00:00:00-04:00,9.3100004196167,10.239999771118164,8.779999732971191,10.140000343322754,790500,0.0,0.0
2022-07-13 00:00:00-04:00,9.930000305175781,10.930000305175781,9.720000267028809,10.859999656677246,224700,0.0,0.0
2022-07-14 00:00:00-04:00,10.670000076293945,11.279999732971191,10.239999771118164,10.470000267028809,161700,0.0,0.0
2022-07-15 00:00:00-04:00,10.710000038146973,10.710000038146973,10.039999961853027,10.359999656677246,151400,0.0,0.0
2022-07-18 00:00:00-04:00,10.5,10.739999771118164,10.329999923706055,10.369999885559082,190100,0.0,0.0
2022-07-19 00:00:00-04:00,10.59000015258789,10.880000114440918,10.270000457763672,10.619999885559082,156700,0.0,0.0
2022-07-20 00:00:00-04:00,10.770000457763672,11.550000190734863,10.619999885559082,11.510000228881836,197000,0.0,0.0
2022-07-21 00:00:00-04:00,11.510000228881836,12.15999984741211,11.404999732971191,11.979999542236328,221000,0.0,0.0
2022-07-22 00:00:00-04:00,12.09000015258789,12.09000015258789,11.319999694824219,11.649999618530273,324700,0.0,0.0
2022-07-25 00:00:00-04:00,11.59000015258789,11.59000015258789,11.079999923706055,11.550000190734863,210300,0.0,0.0
2022-07-26 00:00:00-04:00,11.420000076293945,11.949999809265137,11.119999885559082,11.8100004196167,175300,0.0,0.0
2022-07-27 00:00:00-04:00,12.0,12.15999984741211,11.755000114440918,11.970000267028809,130400,0.0,0.0
2022-07-28 00:00:00-04:00,11.930000305175781,11.960000038146973,10.739999771118164,11.039999961853027,312800,0.0,0.0
2022-07-29 00:00:00-04:00,10.920000076293945,10.9399995803833,9.649999618530273,9.680000305175781,239900,0.0,0.0
2022-08-01 00:00:00-04:00,9.880000114440918,10.020000457763672,9.3100004196167,9.420000076293945,250300,0.0,0.0
2022-08-02 00:00:00-04:00,9.270000457763672,9.925000190734863,9.15999984741211,9.829999923706055,134700,0.0,0.0
2022-08-03 00:00:00-04:00,10.029999732971191,10.539999961853027,9.979999542236328,10.1899995803833,144700,0.0,0.0
2022-08-04 00:00:00-04:00,10.260000228881836,11.020000457763672,10.260000228881836,10.859999656677246,252500,0.0,0.0
2022-08-05 00:00:00-04:00,10.59000015258789,11.6850004196167,10.050000190734863,11.470000267028809,674200,0.0,0.0
2022-08-08 00:00:00-04:00,11.59000015258789,11.9399995803833,11.329999923706055,11.760000228881836,257600,0.0,0.0
2022-08-09 00:00:00-04:00,11.390000343322754,11.890000343322754,11.09000015258789,11.770000457763672,321300,0.0,0.0
2022-08-10 00:00:00-04:00,12.069999694824219,12.84000015258789,11.619999885559082,12.789999961853027,200500,0.0,0.0
2022-08-11 00:00:00-04:00,13.170000076293945,13.979999542236328,12.720000267028809,12.979999542236328,140100,0.0,0.0
2022-08-12 00:00:00-04:00,13.180000305175781,14.569999694824219,13.04699993133545,14.520000457763672,141600,0.0,0.0
2022-08-15 00:00:00-04:00,14.3100004196167,15.289999961853027,14.3100004196167,15.140000343322754,168700,0.0,0.0
2022-08-16 00:00:00-04:00,15.020000457763672,15.390000343322754,14.5,14.619999885559082,321100,0.0,0.0
2022-08-17 00:00:00-04:00,14.329999923706055,14.850000381469727,13.710000038146973,14.380000114440918,271800,0.0,0.0
2022-08-18 00:00:00-04:00,14.220000267028809,14.604999542236328,13.355999946594238,14.4399995803833,468800,0.0,0.0
2022-08-19 00:00:00-04:00,14.130000114440918,14.319999694824219,13.65999984741211,13.859999656677246,161100,0.0,0.0
2022-08-22 00:00:00-04:00,13.5,13.883000373840332,13.170000076293945,13.40999984741211,132300,0.0,0.0
2022-08-23 00:00:00-04:00,13.4399995803833,13.989999771118164,13.329999923706055,13.65999984741211,121200,0.0,0.0
2022-08-24 00:00:00-04:00,13.579999923706055,14.145000457763672,13.180000305175781,13.949999809265137,135000,0.0,0.0
2022-08-25 00:00:00-04:00,14.09000015258789,14.350000381469727,13.619999885559082,13.930000305175781,222700,0.0,0.0
2022-08-26 00:00:00-04:00,13.899999618530273,13.9399995803833,13.220000267028809,13.25,220900,0.0,0.0
2022-08-29 00:00:00-04:00,13.220000267028809,13.569999694824219,12.800000190734863,13.300000190734863,298700,0.0,0.0
2022-08-30 00:00:00-04:00,13.520000457763672,13.710000038146973,12.729999542236328,12.899999618530273,148700,0.0,0.0
2022-08-31 00:00:00-04:00,13.0,13.128000259399414,12.65999984741211,13.0,157400,0.0,0.0
2022-09-01 00:00:00-04:00,12.9399995803833,13.348999977111816,12.699999809265137,13.1899995803833,276700,0.0,0.0
2022-09-02 00:00:00-04:00,13.460000038146973,13.890000343322754,13.079999923706055,13.34000015258789,224600,0.0,0.0
2022-09-06 00:00:00-04:00,13.300000190734863,13.300000190734863,11.845000267028809,11.880000114440918,183900,0.0,0.0
2022-09-07 00:00:00-04:00,11.729999542236328,12.369999885559082,11.729999542236328,12.109999656677246,116400,0.0,0.0
2022-09-08 00:00:00-04:00,11.890000343322754,13.630000114440918,11.890000343322754,13.600000381469727,195400,0.0,0.0
2022-09-09 00:00:00-04:00,13.699999809265137,13.970000267028809,13.0600004196167,13.079999923706055,121900,0.0,0.0
2022-09-12 00:00:00-04:00,13.020000457763672,13.260000228881836,12.470000267028809,13.010000228881836,94600,0.0,0.0
2022-09-13 00:00:00-04:00,12.460000038146973,12.5649995803833,12.1850004196167,12.449999809265137,161100,0.0,0.0
2022-09-14 00:00:00-04:00,12.359999656677246,12.885000228881836,12.270000457763672,12.4399995803833,143300,0.0,0.0
2022-09-15 00:00:00-04:00,12.279999732971191,12.9399995803833,11.954999923706055,12.640000343322754,124700,0.0,0.0
2022-09-16 00:00:00-04:00,12.239999771118164,12.989999771118164,11.880000114440918,12.180000305175781,223100,0.0,0.0
2022-09-19 00:00:00-04:00,12.029999732971191,12.029999732971191,10.970000267028809,11.020000457763672,192700,0.0,0.0
2022-09-20 00:00:00-04:00,10.869999885559082,11.220000267028809,10.329999923706055,10.989999771118164,78300,0.0,0.0
2022-09-21 00:00:00-04:00,10.989999771118164,11.180000305175781,10.470000267028809,10.539999961853027,75100,0.0,0.0
2022-09-22 00:00:00-04:00,10.40999984741211,10.680000305175781,9.890000343322754,10.579999923706055,110500,0.0,0.0
2022-09-23 00:00:00-04:00,10.329999923706055,10.5600004196167,9.710000038146973,9.789999961853027,152300,0.0,0.0
2022-09-26 00:00:00-04:00,9.75,10.279999732971191,9.59000015258789,9.630000114440918,154500,0.0,0.0
2022-09-27 00:00:00-04:00,9.819999694824219,9.90999984741211,9.100000381469727,9.479999542236328,200400,0.0,0.0
2022-09-28 00:00:00-04:00,9.710000038146973,10.204999923706055,9.710000038146973,9.9399995803833,118500,0.0,0.0
2022-09-29 00:00:00-04:00,9.710000038146973,9.930000305175781,9.199999809265137,9.5,115800,0.0,0.0
2022-09-30 00:00:00-04:00,9.59000015258789,10.260000228881836,9.350000381469727,9.569999694824219,163600,0.0,0.0
2022-10-03 00:00:00-04:00,9.75,9.845000267028809,9.329999923706055,9.720000267028809,161900,0.0,0.0
2022-10-04 00:00:00-04:00,9.9399995803833,10.760000228881836,9.9399995803833,10.520000457763672,190100,0.0,0.0
2022-10-05 00:00:00-04:00,10.279999732971191,10.550000190734863,9.890000343322754,10.5,93700,0.0,0.0
2022-10-06 00:00:00-04:00,10.449999809265137,10.699999809265137,10.170000076293945,10.529999732971191,82400,0.0,0.0
2022-10-07 00:00:00-04:00,10.34000015258789,10.6850004196167,9.960000038146973,10.010000228881836,237100,0.0,0.0
2022-10-10 00:00:00-04:00,10.079999923706055,10.149999618530273,9.763999938964844,9.880000114440918,95100,0.0,0.0
2022-10-11 00:00:00-04:00,9.789999961853027,10.604999542236328,9.75,10.4399995803833,174500,0.0,0.0
2022-10-12 00:00:00-04:00,10.510000228881836,10.90999984741211,9.8100004196167,10.850000381469727,400500,0.0,0.0
2022-10-13 00:00:00-04:00,10.520000457763672,11.510000228881836,10.354999542236328,11.399999618530273,110300,0.0,0.0
2022-10-14 00:00:00-04:00,11.520000457763672,11.699999809265137,10.920000076293945,10.989999771118164,81900,0.0,0.0
2022-10-17 00:00:00-04:00,11.119999885559082,11.619999885559082,11.0,11.489999771118164,95700,0.0,0.0
2022-10-18 00:00:00-04:00,11.869999885559082,12.039999961853027,11.390000343322754,11.800000190734863,69900,0.0,0.0
2022-10-19 00:00:00-04:00,11.65999984741211,12.010000228881836,11.050000190734863,11.390000343322754,180100,0.0,0.0
2022-10-20 00:00:00-04:00,11.470000267028809,11.675000190734863,11.279999732971191,11.380000114440918,109600,0.0,0.0
2022-10-21 00:00:00-04:00,11.449999809265137,11.850000381469727,11.430000305175781,11.710000038146973,222100,0.0,0.0
2022-10-24 00:00:00-04:00,11.869999885559082,11.899999618530273,11.350000381469727,11.600000381469727,93900,0.0,0.0
2022-10-25 00:00:00-04:00,11.630000114440918,12.279999732971191,11.59000015258789,12.039999961853027,145700,0.0,0.0
2022-10-26 00:00:00-04:00,12.109999656677246,13.270000457763672,12.109999656677246,12.489999771118164,203300,0.0,0.0
2022-10-27 00:00:00-04:00,12.5600004196167,12.694999694824219,11.890000343322754,11.890000343322754,395800,0.0,0.0
2022-10-28 00:00:00-04:00,12.010000228881836,12.529999732971191,11.609999656677246,12.510000228881836,98700,0.0,0.0
2022-10-31 00:00:00-04:00,12.579999923706055,12.579999923706055,12.109999656677246,12.140000343322754,111400,0.0,0.0
2022-11-01 00:00:00-04:00,12.329999923706055,13.050000190734863,12.270000457763672,12.890000343322754,185600,0.0,0.0
2022-11-02 00:00:00-04:00,12.890000343322754,13.399999618530273,12.180000305175781,12.8100004196167,108700,0.0,0.0
2022-11-03 00:00:00-04:00,12.760000228881836,13.229999542236328,12.491000175476074,12.640000343322754,85900,0.0,0.0
2022-11-04 00:00:00-04:00,12.789999961853027,12.789999961853027,11.699999809265137,12.210000038146973,103900,0.0,0.0
2022-11-07 00:00:00-05:00,12.180000305175781,12.739999771118164,11.90999984741211,12.649999618530273,147100,0.0,0.0
2022-11-08 00:00:00-05:00,12.829999923706055,13.029999732971191,12.149999618530273,12.5,253300,0.0,0.0
2022-11-09 00:00:00-05:00,12.630000114440918,12.65999984741211,12.050000190734863,12.420000076293945,225900,0.0,0.0
2022-11-10 00:00:00-05:00,13.010000228881836,13.640000343322754,12.180000305175781,12.609999656677246,159000,0.0,0.0
2022-11-11 00:00:00-05:00,12.609999656677246,13.510000228881836,12.595000267028809,12.789999961853027,213200,0.0,0.0
2022-11-14 00:00:00-05:00,12.699999809265137,12.96500015258789,11.710000038146973,12.380000114440918,351600,0.0,0.0
2022-11-15 00:00:00-05:00,12.569999694824219,12.770000457763672,11.470000267028809,11.600000381469727,129100,0.0,0.0
2022-11-16 00:00:00-05:00,11.59000015258789,12.095000267028809,10.75,11.0,365300,0.0,0.0
2022-11-17 00:00:00-05:00,10.829999923706055,10.960000038146973,10.109999656677246,10.579999923706055,183100,0.0,0.0
2022-11-18 00:00:00-05:00,10.850000381469727,11.28600025177002,10.420000076293945,10.520000457763672,88400,0.0,0.0
2022-11-21 00:00:00-05:00,10.510000228881836,10.774999618530273,10.34000015258789,10.479999542236328,96900,0.0,0.0
2022-11-22 00:00:00-05:00,10.489999771118164,10.8100004196167,10.199999809265137,10.710000038146973,59600,0.0,0.0
2022-11-23 00:00:00-05:00,10.609999656677246,10.875,10.46500015258789,10.619999885559082,40800,0.0,0.0
2022-11-25 00:00:00-05:00,10.609999656677246,10.795000076293945,10.449999809265137,10.680000305175781,30100,0.0,0.0
2022-11-28 00:00:00-05:00,10.609999656677246,10.96500015258789,9.699999809265137,10.069999694824219,164600,0.0,0.0
2022-11-29 00:00:00-05:00,10.0,10.989999771118164,10.0,10.800000190734863,119700,0.0,0.0
2022-11-30 00:00:00-05:00,10.899999618530273,11.199999809265137,10.475000381469727,11.100000381469727,82500,0.0,0.0
2022-12-01 00:00:00-05:00,11.140000343322754,11.670000076293945,10.819999694824219,11.079999923706055,46600,0.0,0.0
2022-12-02 00:00:00-05:00,10.789999961853027,11.390000343322754,10.210000038146973,11.350000381469727,80800,0.0,0.0
2022-12-05 00:00:00-05:00,11.329999923706055,11.920000076293945,11.199999809265137,11.84000015258789,74500,0.0,0.0
2022-12-06 00:00:00-05:00,11.859999656677246,11.859999656677246,10.520000457763672,10.569999694824219,139700,0.0,0.0
2022-12-07 00:00:00-05:00,10.479999542236328,10.75100040435791,10.149999618530273,10.609999656677246,95400,0.0,0.0
2022-12-08 00:00:00-05:00,10.619999885559082,11.210000038146973,10.170000076293945,10.859999656677246,71900,0.0,0.0
2022-12-09 00:00:00-05:00,10.989999771118164,10.989999771118164,10.569999694824219,10.75,123200,0.0,0.0
2022-12-12 00:00:00-05:00,10.850000381469727,11.949999809265137,10.585000038146973,11.300000190734863,136100,0.0,0.0
2022-12-13 00:00:00-05:00,11.579999923706055,11.609999656677246,10.930000305175781,11.460000038146973,58500,0.0,0.0
2022-12-14 00:00:00-05:00,11.479999542236328,12.329999923706055,11.069999694824219,11.220000267028809,83200,0.0,0.0
2022-12-15 00:00:00-05:00,11.039999961853027,11.470000267028809,10.449999809265137,10.5600004196167,59600,0.0,0.0
2022-12-16 00:00:00-05:00,10.399999618530273,10.5600004196167,9.934000015258789,10.430000305175781,142200,0.0,0.0
2022-12-19 00:00:00-05:00,10.399999618530273,10.399999618530273,9.369999885559082,9.510000228881836,83000,0.0,0.0
2022-12-20 00:00:00-05:00,9.390000343322754,10.220000267028809,9.225000381469727,10.0600004196167,151300,0.0,0.0
2022-12-21 00:00:00-05:00,10.239999771118164,10.989999771118164,10.0,10.59000015258789,120500,0.0,0.0
2022-12-22 00:00:00-05:00,10.489999771118164,10.600000381469727,9.1899995803833,10.300000190734863,164700,0.0,0.0
2022-12-23 00:00:00-05:00,10.1899995803833,11.260000228881836,10.175000190734863,11.140000343322754,155600,0.0,0.0
2022-12-27 00:00:00-05:00,11.100000381469727,11.34000015258789,10.345000267028809,10.739999771118164,369200,0.0,0.0
2022-12-28 00:00:00-05:00,10.699999809265137,11.460000038146973,10.699999809265137,11.149999618530273,195200,0.0,0.0
2022-12-29 00:00:00-05:00,11.069999694824219,11.654999732971191,10.949999809265137,11.460000038146973,148100,0.0,0.0
2022-12-30 00:00:00-05:00,11.40999984741211,11.664999961853027,10.930000305175781,11.270000457763672,302900,0.0,0.0
2023-01-03 00:00:00-05:00,11.220000267028809,11.71500015258789,10.75,11.199999809265137,341100,0.0,0.0
2023-01-04 00:00:00-05:00,11.350000381469727,11.890000343322754,10.75,11.710000038146973,99600,0.0,0.0
2023-01-05 00:00:00-05:00,11.829999923706055,11.949999809265137,11.149999618530273,11.699999809265137,89300,0.0,0.0
2023-01-06 00:00:00-05:00,11.770000457763672,11.770000457763672,10.880000114440918,10.949999809265137,260300,0.0,0.0
2023-01-09 00:00:00-05:00,11.020000457763672,11.350000381469727,10.020000457763672,10.479999542236328,1059200,0.0,0.0
2023-01-10 00:00:00-05:00,10.449999809265137,10.914999961853027,8.710000038146973,9.470000267028809,429500,0.0,0.0
2023-01-11 00:00:00-05:00,9.369999885559082,9.640000343322754,8.640000343322754,8.90999984741211,413000,0.0,0.0
2023-01-12 00:00:00-05:00,8.84000015258789,9.270000457763672,8.229999542236328,9.180000305175781,375100,0.0,0.0
2023-01-13 00:00:00-05:00,9.130000114440918,10.845000267028809,9.130000114440918,10.010000228881836,211800,0.0,0.0
2023-01-17 00:00:00-05:00,9.989999771118164,9.989999771118164,9.1899995803833,9.600000381469727,176200,0.0,0.0
2023-01-18 00:00:00-05:00,9.680000305175781,9.83899974822998,9.119999885559082,9.470000267028809,255500,0.0,0.0
2023-01-19 00:00:00-05:00,9.4399995803833,9.645000457763672,9.239999771118164,9.270000457763672,174100,0.0,0.0
2023-01-20 00:00:00-05:00,9.479999542236328,9.479999542236328,8.859999656677246,9.029999732971191,115000,0.0,0.0
2023-01-23 00:00:00-05:00,9.029999732971191,9.15999984741211,8.880000114440918,9.109999656677246,77800,0.0,0.0
2023-01-24 00:00:00-05:00,9.079999923706055,9.416999816894531,8.930000305175781,9.34000015258789,100400,0.0,0.0
2023-01-25 00:00:00-05:00,9.170000076293945,9.779999732971191,9.079999923706055,9.550000190734863,147300,0.0,0.0
2023-01-26 00:00:00-05:00,9.75,9.890000343322754,9.229999542236328,9.399999618530273,122100,0.0,0.0
2023-01-27 00:00:00-05:00,9.34000015258789,9.600000381469727,9.100000381469727,9.180000305175781,126800,0.0,0.0
2023-01-30 00:00:00-05:00,9.15999984741211,9.359999656677246,8.850000381469727,9.279999732971191,101000,0.0,0.0
2023-01-31 00:00:00-05:00,9.279999732971191,9.6899995803833,9.140000343322754,9.300000190734863,113200,0.0,0.0
2023-02-01 00:00:00-05:00,9.350000381469727,9.640000343322754,8.680000305175781,9.15999984741211,156600,0.0,0.0
2023-02-02 00:00:00-05:00,9.15999984741211,9.350000381469727,8.920000076293945,9.229999542236328,87400,0.0,0.0
2023-02-03 00:00:00-05:00,9.09000015258789,9.15999984741211,8.630000114440918,8.720000267028809,189200,0.0,0.0
2023-02-06 00:00:00-05:00,8.710000038146973,9.739999771118164,8.710000038146973,9.3100004196167,144900,0.0,0.0
2023-02-07 00:00:00-05:00,9.270000457763672,9.309000015258789,8.8100004196167,8.960000038146973,69200,0.0,0.0
2023-02-08 00:00:00-05:00,8.9399995803833,8.960000038146973,8.260000228881836,8.319999694824219,303500,0.0,0.0
2023-02-09 00:00:00-05:00,8.369999885559082,8.520000457763672,7.880000114440918,8.130000114440918,134500,0.0,0.0
2023-02-10 00:00:00-05:00,8.079999923706055,8.239999771118164,7.739999771118164,8.170000076293945,182700,0.0,0.0
2023-02-13 00:00:00-05:00,8.239999771118164,8.279999732971191,7.800000190734863,8.119999885559082,110900,0.0,0.0
2023-02-14 00:00:00-05:00,8.119999885559082,8.260000228881836,7.809999942779541,8.050000190734863,82500,0.0,0.0
2023-02-15 00:00:00-05:00,7.920000076293945,7.989999771118164,7.610000133514404,7.760000228881836,129300,0.0,0.0
2023-02-16 00:00:00-05:00,7.760000228881836,8.0,7.269999980926514,7.46999979019165,133300,0.0,0.0
2023-02-17 00:00:00-05:00,7.599999904632568,7.699999809265137,7.369999885559082,7.639999866485596,120900,0.0,0.0
2023-02-21 00:00:00-05:00,7.590000152587891,7.619999885559082,7.085000038146973,7.110000133514404,216600,0.0,0.0
2023-02-22 00:00:00-05:00,7.090000152587891,7.21999979019165,6.929999828338623,7.150000095367432,98200,0.0,0.0
2023-02-23 00:00:00-05:00,7.150000095367432,7.269999980926514,6.840000152587891,6.96999979019165,163300,0.0,0.0
2023-02-24 00:00:00-05:00,6.869999885559082,6.949999809265137,6.454999923706055,6.559999942779541,189400,0.0,0.0
2023-02-27 00:00:00-05:00,6.679999828338623,6.829999923706055,6.559999942779541,6.679999828338623,123000,0.0,0.0
2023-02-28 00:00:00-05:00,6.769999980926514,6.900000095367432,6.510000228881836,6.619999885559082,151700,0.0,0.0
2023-03-01 00:00:00-05:00,6.739999771118164,6.809999942779541,6.46999979019165,6.53000020980835,132300,0.0,0.0
2023-03-02 00:00:00-05:00,6.449999809265137,6.5,6.284999847412109,6.46999979019165,325600,0.0,0.0
2023-03-03 00:00:00-05:00,6.510000228881836,6.705999851226807,6.460000038146973,6.519999980926514,158800,0.0,0.0
2023-03-06 00:00:00-05:00,6.5,6.590000152587891,6.28000020980835,6.489999771118164,127000,0.0,0.0
2023-03-07 00:00:00-05:00,6.449999809265137,6.590000152587891,6.369999885559082,6.389999866485596,105900,0.0,0.0
2023-03-08 00:00:00-05:00,6.400000095367432,6.440000057220459,6.139999866485596,6.239999771118164,133800,0.0,0.0
2023-03-09 00:00:00-05:00,6.300000190734863,6.329999923706055,5.679999828338623,5.869999885559082,160300,0.0,0.0
2023-03-10 00:00:00-05:00,5.789999961853027,5.809999942779541,5.09499979019165,5.389999866485596,387000,0.0,0.0
2023-03-13 00:00:00-04:00,5.300000190734863,5.989999771118164,5.199999809265137,5.630000114440918,746500,0.0,0.0
2023-03-14 00:00:00-04:00,5.739999771118164,5.860000133514404,5.090000152587891,5.25,259500,0.0,0.0
2023-03-15 00:00:00-04:00,5.210000038146973,5.409999847412109,4.690000057220459,5.190000057220459,344600,0.0,0.0
2023-03-16 00:00:00-04:00,5.139999866485596,5.170000076293945,4.954999923706055,5.0,375000,0.0,0.0
2023-03-17 00:00:00-04:00,4.949999809265137,5.03000020980835,4.659999847412109,4.769999980926514,401000,0.0,0.0
2023-03-20 00:00:00-04:00,4.789999961853027,4.855000019073486,4.519999980926514,4.610000133514404,303500,0.0,0.0
2023-03-21 00:00:00-04:00,4.730000019073486,5.068999767303467,4.699999809265137,4.809999942779541,1074000,0.0,0.0
2023-03-22 00:00:00-04:00,4.849999904632568,5.0,4.675000190734863,4.800000190734863,247600,0.0,0.0
2023-03-23 00:00:00-04:00,4.840000152587891,4.909999847412109,4.670000076293945,4.869999885559082,335300,0.0,0.0
2023-03-24 00:00:00-04:00,4.829999923706055,4.929999828338623,4.570000171661377,4.659999847412109,229200,0.0,0.0
2023-03-27 00:00:00-04:00,4.670000076293945,5.039999961853027,4.610000133514404,4.989999771118164,209700,0.0,0.0
2023-03-28 00:00:00-04:00,4.960000038146973,5.079999923706055,4.800000190734863,4.869999885559082,213700,0.0,0.0
2023-03-29 00:00:00-04:00,4.900000095367432,5.059999942779541,4.829999923706055,5.0,231400,0.0,0.0
2023-03-30 00:00:00-04:00,5.03000020980835,5.21999979019165,4.440000057220459,4.559999942779541,185300,0.0,0.0
2023-03-31 00:00:00-04:00,4.579999923706055,4.699999809265137,4.493000030517578,4.519999980926514,168400,0.0,0.0
2023-04-03 00:00:00-04:00,4.590000152587891,4.730000019073486,4.429999828338623,4.610000133514404,206000,0.0,0.0
2023-04-04 00:00:00-04:00,4.610000133514404,4.610000133514404,4.230000019073486,4.369999885559082,195200,0.0,0.0
2023-04-05 00:00:00-04:00,4.380000114440918,4.630000114440918,4.300000190734863,4.380000114440918,137500,0.0,0.0
2023-04-06 00:00:00-04:00,4.380000114440918,4.539999961853027,4.300000190734863,4.449999809265137,86600,0.0,0.0
2023-04-10 00:00:00-04:00,4.420000076293945,4.539999961853027,4.269999980926514,4.440000057220459,100000,0.0,0.0
2023-04-11 00:00:00-04:00,4.440000057220459,4.690000057220459,4.320000171661377,4.630000114440918,120500,0.0,0.0
2023-04-12 00:00:00-04:00,4.679999828338623,4.960000038146973,4.599999904632568,4.639999866485596,156100,0.0,0.0
2023-04-13 00:00:00-04:00,4.650000095367432,5.03000020980835,4.599999904632568,4.949999809265137,289300,0.0,0.0
2023-04-14 00:00:00-04:00,4.96999979019165,5.019999980926514,4.760000228881836,4.800000190734863,85600,0.0,0.0
2023-04-17 00:00:00-04:00,4.800000190734863,4.920000076293945,4.480000019073486,4.849999904632568,249200,0.0,0.0
2023-04-18 00:00:00-04:00,4.880000114440918,5.15500020980835,4.519999980926514,4.659999847412109,109800,0.0,0.0
2023-04-19 00:00:00-04:00,4.570000171661377,5.0229997634887695,4.570000171661377,4.960000038146973,1201800,0.0,0.0
2023-04-20 00:00:00-04:00,4.960000038146973,5.039999961853027,4.730000019073486,5.0,1259900,0.0,0.0
2023-04-21 00:00:00-04:00,4.980000019073486,6.340000152587891,4.980000019073486,6.0,1285800,0.0,0.0
2023-04-24 00:00:00-04:00,6.03000020980835,6.179999828338623,5.21999979019165,5.46999979019165,566200,0.0,0.0
2023-04-25 00:00:00-04:00,5.449999809265137,6.150000095367432,5.434999942779541,5.489999771118164,479700,0.0,0.0
2023-04-26 00:00:00-04:00,5.539999961853027,5.876999855041504,5.119999885559082,5.659999847412109,290900,0.0,0.0
2023-04-27 00:00:00-04:00,5.679999828338623,5.809999942779541,5.480000019073486,5.579999923706055,167800,0.0,0.0
2023-04-28 00:00:00-04:00,5.579999923706055,6.03000020980835,5.359000205993652,5.940000057220459,212500,0.0,0.0
2023-05-01 00:00:00-04:00,6.059999942779541,6.590000152587891,5.914999961853027,6.489999771118164,422400,0.0,0.0
2023-05-02 00:00:00-04:00,6.590000152587891,6.711999893188477,5.760000228881836,5.784999847412109,332200,0.0,0.0
2023-05-03 00:00:00-04:00,5.809999942779541,6.150000095367432,5.748000144958496,6.119999885559082,285800,0.0,0.0
2023-05-04 00:00:00-04:00,6.099999904632568,6.449999809265137,5.96999979019165,6.349999904632568,257700,0.0,0.0
2023-05-05 00:00:00-04:00,6.409999847412109,6.679999828338623,6.295000076293945,6.369999885559082,208800,0.0,0.0
2023-05-08 00:00:00-04:00,6.400000095367432,6.400000095367432,5.980000019073486,6.130000114440918,273100,0.0,0.0
2023-05-09 00:00:00-04:00,5.949999809265137,6.559999942779541,5.909999847412109,6.519999980926514,197400,0.0,0.0
2023-05-10 00:00:00-04:00,6.599999904632568,6.71999979019165,6.269999980926514,6.489999771118164,247700,0.0,0.0
2023-05-11 00:00:00-04:00,6.480000019073486,6.690000057220459,6.170000076293945,6.269999980926514,197500,0.0,0.0
2023-05-12 00:00:00-04:00,6.489999771118164,6.980000019073486,6.409999847412109,6.53000020980835,415800,0.0,0.0
2023-05-15 00:00:00-04:00,6.599999904632568,6.815000057220459,6.460000038146973,6.460000038146973,187800,0.0,0.0
2023-05-16 00:00:00-04:00,6.380000114440918,6.380000114440918,5.96999979019165,6.034999847412109,220800,0.0,0.0
2023-05-17 00:00:00-04:00,6.059999942779541,6.375,5.949999809265137,6.309999942779541,104000,0.0,0.0
2023-05-18 00:00:00-04:00,6.25,6.340000152587891,5.760000228881836,6.010000228881836,155700,0.0,0.0
2023-05-19 00:00:00-04:00,6.090000152587891,6.517000198364258,6.039999961853027,6.389999866485596,165600,0.0,0.0
2023-05-22 00:00:00-04:00,6.409999847412109,6.78000020980835,6.300000190734863,6.5,170400,0.0,0.0
2023-05-23 00:00:00-04:00,6.5,7.28000020980835,6.5,6.809999942779541,223200,0.0,0.0
2023-05-24 00:00:00-04:00,6.760000228881836,7.019999980926514,6.349999904632568,6.659999847412109,210900,0.0,0.0
2023-05-25 00:00:00-04:00,6.5,6.710000038146973,6.46999979019165,6.510000228881836,251400,0.0,0.0
2023-05-26 00:00:00-04:00,6.5,6.889999866485596,6.485000133514404,6.809999942779541,209600,0.0,0.0
2023-05-30 00:00:00-04:00,6.809999942779541,7.119999885559082,6.599999904632568,6.679999828338623,171300,0.0,0.0
2023-05-31 00:00:00-04:00,6.699999809265137,6.789999961853027,6.614999771118164,6.670000076293945,653300,0.0,0.0
2023-06-01 00:00:00-04:00,6.710000038146973,7.639999866485596,6.710000038146973,7.380000114440918,440400,0.0,0.0
2023-06-02 00:00:00-04:00,7.610000133514404,8.479999542236328,7.454999923706055,8.319999694824219,305300,0.0,0.0
2023-06-05 00:00:00-04:00,8.25,8.616000175476074,8.022000312805176,8.430000305175781,267800,0.0,0.0
2023-06-06 00:00:00-04:00,8.430000305175781,8.9399995803833,8.170000076293945,8.350000381469727,300100,0.0,0.0
2023-06-07 00:00:00-04:00,8.380000114440918,8.399999618530273,8.020000457763672,8.220000267028809,134700,0.0,0.0
2023-06-08 00:00:00-04:00,8.220000267028809,8.220000267028809,7.860000133514404,7.940000057220459,136400,0.0,0.0
2023-06-09 00:00:00-04:00,8.0,8.15999984741211,7.860000133514404,8.0,175100,0.0,0.0
2023-06-12 00:00:00-04:00,7.730000019073486,9.0,7.71999979019165,8.75,314200,0.0,0.0
2023-06-13 00:00:00-04:00,8.9399995803833,9.609999656677246,8.760000228881836,9.350000381469727,250900,0.0,0.0
2023-06-14 00:00:00-04:00,9.239999771118164,9.550000190734863,9.100000381469727,9.220000267028809,208600,0.0,0.0
2023-06-15 00:00:00-04:00,9.15999984741211,9.9399995803833,9.039999961853027,9.5600004196167,217300,0.0,0.0
2023-06-16 00:00:00-04:00,9.680000305175781,10.15999984741211,9.390000343322754,9.430000305175781,308200,0.0,0.0
2023-06-20 00:00:00-04:00,9.369999885559082,9.5,8.0,8.140000343322754,795900,0.0,0.0
2023-06-21 00:00:00-04:00,8.09000015258789,8.251999855041504,7.289999961853027,7.309999942779541,327400,0.0,0.0
2023-06-22 00:00:00-04:00,7.269999980926514,7.309999942779541,6.900000095367432,7.210000038146973,320000,0.0,0.0
2023-06-23 00:00:00-04:00,7.150000095367432,7.820000171661377,7.079999923706055,7.75,407200,0.0,0.0
2023-06-26 00:00:00-04:00,7.820000171661377,7.820000171661377,7.369999885559082,7.369999885559082,166600,0.0,0.0
2023-06-27 00:00:00-04:00,7.349999904632568,7.349999904632568,6.880000114440918,7.21999979019165,120800,0.0,0.0
2023-06-28 00:00:00-04:00,7.210000038146973,7.309999942779541,7.059999942779541,7.28000020980835,69600,0.0,0.0
2023-06-29 00:00:00-04:00,7.260000228881836,7.539999961853027,7.130000114440918,7.329999923706055,213000,0.0,0.0
2023-06-30 00:00:00-04:00,7.340000152587891,7.789999961853027,7.171000003814697,7.510000228881836,144500,0.0,0.0
2023-07-03 00:00:00-04:00,7.5,7.5,7.300000190734863,7.349999904632568,52700,0.0,0.0
2023-07-05 00:00:00-04:00,7.300000190734863,7.639999866485596,7.269999980926514,7.289999961853027,112100,0.0,0.0
2023-07-06 00:00:00-04:00,6.539999961853027,6.668000221252441,5.614999771118164,6.329999923706055,702400,0.0,0.0
2023-07-07 00:00:00-04:00,6.260000228881836,6.460000038146973,5.949999809265137,6.179999828338623,320300,0.0,0.0
2023-07-10 00:00:00-04:00,6.170000076293945,6.730000019073486,6.170000076293945,6.659999847412109,155700,0.0,0.0
2023-07-11 00:00:00-04:00,6.679999828338623,6.829999923706055,6.510000228881836,6.670000076293945,149500,0.0,0.0
2023-07-12 00:00:00-04:00,6.860000133514404,6.940000057220459,6.650000095367432,6.699999809265137,74500,0.0,0.0
2023-07-13 00:00:00-04:00,6.760000228881836,7.130000114440918,6.679999828338623,7.110000133514404,98100,0.0,0.0
2023-07-14 00:00:00-04:00,7.119999885559082,7.170000076293945,6.519999980926514,6.769999980926514,164400,0.0,0.0
2023-07-17 00:00:00-04:00,6.820000171661377,7.170000076293945,6.78000020980835,6.875,104000,0.0,0.0
2023-07-18 00:00:00-04:00,6.889999866485596,7.25,6.860000133514404,6.929999828338623,77400,0.0,0.0
2023-07-19 00:00:00-04:00,6.989999771118164,7.440000057220459,6.989999771118164,7.114999771118164,103700,0.0,0.0
2023-07-20 00:00:00-04:00,7.079999923706055,7.289999961853027,6.739999771118164,6.809999942779541,82700,0.0,0.0
2023-07-21 00:00:00-04:00,6.889999866485596,6.960000038146973,6.699999809265137,6.730000019073486,65900,0.0,0.0
2023-07-24 00:00:00-04:00,6.449999809265137,6.485000133514404,5.998000144958496,6.159999847412109,309900,0.0,0.0
2023-07-25 00:00:00-04:00,6.190000057220459,6.360000133514404,5.849999904632568,5.860000133514404,120300,0.0,0.0
2023-07-26 00:00:00-04:00,5.920000076293945,5.994999885559082,5.75,5.860000133514404,128200,0.0,0.0
2023-07-27 00:00:00-04:00,5.96999979019165,5.974999904632568,5.550000190734863,5.699999809265137,222100,0.0,0.0
2023-07-28 00:00:00-04:00,5.699999809265137,6.099999904632568,5.610000133514404,5.940000057220459,102100,0.0,0.0
2023-07-31 00:00:00-04:00,5.940000057220459,6.1579999923706055,5.940000057220459,6.110000133514404,93900,0.0,0.0
2023-08-01 00:00:00-04:00,6.059999942779541,6.199999809265137,5.789999961853027,5.960000038146973,104700,0.0,0.0
2023-08-02 00:00:00-04:00,5.880000114440918,6.090000152587891,5.690000057220459,5.769999980926514,81600,0.0,0.0
2023-08-03 00:00:00-04:00,5.760000228881836,5.760000228881836,5.380000114440918,5.650000095367432,127100,0.0,0.0
2023-08-04 00:00:00-04:00,5.730000019073486,5.849999904632568,5.510000228881836,5.559999942779541,70400,0.0,0.0
2023-08-07 00:00:00-04:00,5.539999961853027,5.539999961853027,4.980000019073486,5.170000076293945,179000,0.0,0.0
2023-08-08 00:00:00-04:00,5.139999866485596,5.315000057220459,5.019999980926514,5.03000020980835,61100,0.0,0.0
2023-08-09 00:00:00-04:00,5.03000020980835,5.050000190734863,4.885000228881836,4.989999771118164,93400,0.0,0.0
2023-08-10 00:00:00-04:00,5.039999961853027,5.25,5.0,5.039999961853027,54100,0.0,0.0
2023-08-11 00:00:00-04:00,4.940000057220459,5.21999979019165,4.75,5.059999942779541,119800,0.0,0.0
2023-08-14 00:00:00-04:00,5.019999980926514,5.099999904632568,4.570000171661377,4.900000095367432,192300,0.0,0.0
2023-08-15 00:00:00-04:00,4.800000190734863,4.900000095367432,4.619999885559082,4.860000133514404,140100,0.0,0.0
2023-08-16 00:00:00-04:00,4.860000133514404,4.980000019073486,4.420000076293945,4.550000190734863,374900,0.0,0.0
2023-08-17 00:00:00-04:00,4.550000190734863,4.909999847412109,4.320000171661377,4.559999942779541,245600,0.0,0.0
2023-08-18 00:00:00-04:00,4.510000228881836,4.789999961853027,4.431000232696533,4.710000038146973,124700,0.0,0.0
2023-08-21 00:00:00-04:00,4.699999809265137,4.809999942779541,4.59499979019165,4.769999980926514,87000,0.0,0.0
2023-08-22 00:00:00-04:00,4.800000190734863,5.0,4.659999847412109,4.940000057220459,134200,0.0,0.0
2023-08-23 00:00:00-04:00,4.960000038146973,5.210000038146973,4.71999979019165,4.960000038146973,143500,0.0,0.0
2023-08-24 00:00:00-04:00,4.960000038146973,5.03000020980835,4.400000095367432,4.489999771118164,244100,0.0,0.0
2023-08-25 00:00:00-04:00,4.489999771118164,4.630000114440918,4.199999809265137,4.21999979019165,118400,0.0,0.0
2023-08-28 00:00:00-04:00,4.179999828338623,4.269999980926514,3.990000009536743,4.190000057220459,138100,0.0,0.0
2023-08-29 00:00:00-04:00,4.159999847412109,4.309999942779541,4.099999904632568,4.28000020980835,86200,0.0,0.0
2023-08-30 00:00:00-04:00,4.260000228881836,4.389999866485596,4.168000221252441,4.349999904632568,76600,0.0,0.0
2023-08-31 00:00:00-04:00,4.340000152587891,4.440000057220459,3.936000108718872,4.260000228881836,321000,0.0,0.0
2023-09-01 00:00:00-04:00,4.369999885559082,4.599999904632568,4.239999771118164,4.519999980926514,327400,0.0,0.0
2023-09-05 00:00:00-04:00,4.539999961853027,4.829999923706055,4.400000095367432,4.550000190734863,332000,0.0,0.0
2023-09-06 00:00:00-04:00,4.539999961853027,4.989999771118164,4.409999847412109,4.840000152587891,377400,0.0,0.0
2023-09-07 00:00:00-04:00,4.809999942779541,5.090000152587891,4.670000076293945,4.96999979019165,391800,0.0,0.0
2023-09-08 00:00:00-04:00,4.989999771118164,4.989999771118164,4.730000019073486,4.920000076293945,144800,0.0,0.0
2023-09-11 00:00:00-04:00,4.960000038146973,5.010000228881836,4.611000061035156,4.960000038146973,96400,0.0,0.0
2023-09-12 00:00:00-04:00,4.889999866485596,5.099999904632568,4.889999866485596,5.050000190734863,120600,0.0,0.0
2023-09-13 00:00:00-04:00,5.079999923706055,5.199999809265137,4.960000038146973,5.150000095367432,202000,0.0,0.0
2023-09-14 00:00:00-04:00,5.179999828338623,5.309999942779541,4.989999771118164,5.010000228881836,85600,0.0,0.0
2023-09-15 00:00:00-04:00,5.010000228881836,5.349999904632568,5.010000228881836,5.179999828338623,267800,0.0,0.0
2023-09-18 00:00:00-04:00,5.239999771118164,5.25,4.769999980926514,5.159999847412109,113800,0.0,0.0
2023-09-19 00:00:00-04:00,5.159999847412109,5.25,4.724999904632568,4.960000038146973,72000,0.0,0.0
2023-09-20 00:00:00-04:00,4.949999809265137,5.010000228881836,4.789999961853027,4.820000171661377,106600,0.0,0.0
2023-09-21 00:00:00-04:00,4.760000228881836,5.050000190734863,4.699999809265137,5.019999980926514,130800,0.0,0.0
2023-09-22 00:00:00-04:00,5.019999980926514,5.059999942779541,4.800000190734863,5.03000020980835,135600,0.0,0.0
2023-09-25 00:00:00-04:00,4.980000019073486,5.014999866485596,4.71999979019165,4.809999942779541,66600,0.0,0.0
2023-09-26 00:00:00-04:00,4.800000190734863,5.019999980926514,4.710000038146973,4.940000057220459,71600,0.0,0.0
2023-09-27 00:00:00-04:00,4.989999771118164,4.989999771118164,4.659999847412109,4.760000228881836,89600,0.0,0.0
2023-09-28 00:00:00-04:00,4.739999771118164,4.96999979019165,4.639999866485596,4.949999809265137,96200,0.0,0.0
2023-09-29 00:00:00-04:00,4.980000019073486,4.985000133514404,4.710000038146973,4.800000190734863,133500,0.0,0.0
2023-10-02 00:00:00-04:00,4.789999961853027,4.880000114440918,4.760000228881836,4.809999942779541,321400,0.0,0.0
2023-10-03 00:00:00-04:00,8.09000015258789,8.319999694824219,6.909999847412109,7.510000228881836,42677500,0.0,0.0
2023-10-04 00:00:00-04:00,7.119999885559082,7.449999809265137,6.010000228881836,6.380000114440918,4059600,0.0,0.0
2023-10-05 00:00:00-04:00,6.889999866485596,6.900000095367432,6.110000133514404,6.554999828338623,3236900,0.0,0.0
2023-10-06 00:00:00-04:00,6.579999923706055,9.600000381469727,6.46999979019165,8.350000381469727,7079300,0.0,0.0
2023-10-09 00:00:00-04:00,7.690000057220459,8.420000076293945,7.25,8.1899995803833,1897500,0.0,0.0
2023-10-10 00:00:00-04:00,8.140000343322754,9.890000343322754,7.870999813079834,9.520000457763672,2937600,0.0,0.0
2023-10-11 00:00:00-04:00,9.430000305175781,10.161999702453613,8.930000305175781,9.09000015258789,1615100,0.0,0.0
2023-10-12 00:00:00-04:00,9.170000076293945,9.869999885559082,8.739999771118164,9.449999809265137,926000,0.0,0.0
2023-10-13 00:00:00-04:00,9.529999732971191,9.850000381469727,9.010000228881836,9.130000114440918,679700,0.0,0.0
2023-10-16 00:00:00-04:00,9.149999618530273,9.390000343322754,8.569999694824219,9.270000457763672,608200,0.0,0.0
2023-10-17 00:00:00-04:00,9.140000343322754,9.399999618530273,8.329999923706055,8.5,623500,0.0,0.0
2023-10-18 00:00:00-04:00,8.350000381469727,8.460000038146973,7.630000114440918,7.699999809265137,626600,0.0,0.0
2023-10-19 00:00:00-04:00,7.809999942779541,7.840000152587891,6.96999979019165,7.050000190734863,789500,0.0,0.0
2023-10-20 00:00:00-04:00,6.929999828338623,7.697999954223633,6.829999923706055,7.159999847412109,441700,0.0,0.0
2023-10-23 00:00:00-04:00,6.940000057220459,7.320000171661377,6.769999980926514,6.934999942779541,439100,0.0,0.0
2023-10-24 00:00:00-04:00,7.010000228881836,7.269999980926514,6.909999847412109,7.099999904632568,392900,0.0,0.0
2023-10-25 00:00:00-04:00,6.940000057220459,7.269999980926514,6.559999942779541,6.78000020980835,222200,0.0,0.0
2023-10-26 00:00:00-04:00,6.769999980926514,6.960000038146973,6.679999828338623,6.920000076293945,168800,0.0,0.0
2023-10-27 00:00:00-04:00,6.909999847412109,6.929999828338623,6.489999771118164,6.684999942779541,239400,0.0,0.0
2023-10-30 00:00:00-04:00,6.730000019073486,6.980000019073486,6.485000133514404,6.880000114440918,282500,0.0,0.0
2023-10-31 00:00:00-04:00,7.019999980926514,7.320000171661377,6.839000225067139,7.199999809265137,247800,0.0,0.0
2023-11-01 00:00:00-04:00,7.21999979019165,7.260000228881836,7.051000118255615,7.239999771118164,201600,0.0,0.0
2023-11-02 00:00:00-04:00,7.369999885559082,7.75,7.215000152587891,7.699999809265137,322300,0.0,0.0
2023-11-03 00:00:00-04:00,7.929999828338623,8.65999984741211,7.929999828338623,8.319999694824219,328000,0.0,0.0
2023-11-06 00:00:00-05:00,8.390000343322754,9.109999656677246,8.25,8.960000038146973,469900,0.0,0.0
2023-11-07 00:00:00-05:00,9.109999656677246,9.279999732971191,8.710000038146973,9.119999885559082,302700,0.0,0.0
2023-11-08 00:00:00-05:00,8.890000343322754,9.260000228881836,8.5,9.010000228881836,281500,0.0,0.0
2023-11-09 00:00:00-05:00,8.989999771118164,8.994000434875488,7.800000190734863,7.840000152587891,305600,0.0,0.0
2023-11-10 00:00:00-05:00,8.050000190734863,8.145000457763672,7.599999904632568,7.800000190734863,358300,0.0,0.0
2023-11-13 00:00:00-05:00,7.699999809265137,8.5600004196167,7.53000020980835,8.430000305175781,273900,0.0,0.0
2023-11-14 00:00:00-05:00,7.679999828338623,8.829999923706055,7.599999904632568,8.829999923706055,369800,0.0,0.0
2023-11-15 00:00:00-05:00,8.770000457763672,9.319999694824219,8.5600004196167,8.770000457763672,249600,0.0,0.0
2023-11-16 00:00:00-05:00,8.720000267028809,9.050000190734863,8.515000343322754,8.930000305175781,243100,0.0,0.0
2023-11-17 00:00:00-05:00,9.020000457763672,9.75,9.020000457763672,9.5,295600,0.0,0.0
2023-11-20 00:00:00-05:00,9.479999542236328,10.489999771118164,9.479999542236328,9.800000190734863,306800,0.0,0.0
2023-11-21 00:00:00-05:00,9.800000190734863,9.925000190734863,9.079999923706055,9.149999618530273,513500,0.0,0.0
2023-11-22 00:00:00-05:00,9.430000305175781,9.479999542236328,8.973999977111816,9.210000038146973,827600,0.0,0.0
2023-11-24 00:00:00-05:00,9.180000305175781,9.6850004196167,8.789999961853027,8.84000015258789,378200,0.0,0.0
2023-11-27 00:00:00-05:00,8.850000381469727,9.15999984741211,8.829999923706055,8.869999885559082,351200,0.0,0.0
2023-11-28 00:00:00-05:00,8.829999923706055,9.180000305175781,8.569999694824219,8.989999771118164,199600,0.0,0.0
2023-11-29 00:00:00-05:00,9.069999694824219,9.300000190734863,8.225000381469727,8.324999809265137,613600,0.0,0.0
2023-11-30 00:00:00-05:00,8.720000267028809,8.779999732971191,7.809999942779541,7.840000152587891,524900,0.0,0.0
2023-12-01 00:00:00-05:00,7.75,8.029999732971191,7.349999904632568,8.010000228881836,335100,0.0,0.0
2023-12-04 00:00:00-05:00,7.989999771118164,8.619999885559082,7.989999771118164,8.300000190734863,333000,0.0,0.0
2023-12-05 00:00:00-05:00,8.109999656677246,8.409000396728516,7.980000019073486,8.15999984741211,213200,0.0,0.0
2023-12-06 00:00:00-05:00,8.25,8.59000015258789,8.109999656677246,8.430000305175781,235400,0.0,0.0
2023-12-07 00:00:00-05:00,8.489999771118164,9.279999732971191,8.270000457763672,9.25,436900,0.0,0.0
2023-12-08 00:00:00-05:00,10.220000267028809,13.5,10.149999618530273,12.260000228881836,3847700,0.0,0.0
2023-12-11 00:00:00-05:00,12.25,12.649999618530273,11.440999984741211,12.5,983200,0.0,0.0
2023-12-12 00:00:00-05:00,12.979999542236328,13.300000190734863,12.279999732971191,12.8100004196167,712900,0.0,0.0
2023-12-13 00:00:00-05:00,12.930000305175781,13.4399995803833,12.664999961853027,13.300000190734863,621400,0.0,0.0
2023-12-14 00:00:00-05:00,13.680000305175781,13.760000228881836,12.800000190734863,13.1899995803833,402200,0.0,0.0
2023-12-15 00:00:00-05:00,13.390000343322754,14.180000305175781,13.359999656677246,13.550000190734863,2172400,0.0,0.0
2023-12-18 00:00:00-05:00,13.359999656677246,13.760000228881836,13.069999694824219,13.59000015258789,526600,0.0,0.0
2023-12-19 00:00:00-05:00,13.670000076293945,14.069999694824219,13.670000076293945,13.989999771118164,362400,0.0,0.0
2023-12-20 00:00:00-05:00,13.920000076293945,13.989999771118164,13.140000343322754,13.15999984741211,275400,0.0,0.0
2023-12-21 00:00:00-05:00,13.600000381469727,14.0,12.920000076293945,13.029999732971191,246100,0.0,0.0
2023-12-22 00:00:00-05:00,13.399999618530273,15.5,13.399999618530273,15.380000114440918,929100,0.0,0.0
2023-12-26 00:00:00-05:00,15.4399995803833,15.506999969482422,14.930000305175781,15.09000015258789,437000,0.0,0.0
2023-12-27 00:00:00-05:00,15.170000076293945,15.25,14.680000305175781,14.869999885559082,276100,0.0,0.0
2023-12-28 00:00:00-05:00,14.789999961853027,15.930000305175781,14.739999771118164,15.28499984741211,462300,0.0,0.0
2023-12-29 00:00:00-05:00,15.039999961853027,15.25,14.65999984741211,14.890000343322754,729000,0.0,0.0
2024-01-02 00:00:00-05:00,14.710000038146973,15.350000381469727,14.3100004196167,14.550000190734863,435200,0.0,0.0
2024-01-03 00:00:00-05:00,14.140000343322754,14.649999618530273,13.770000457763672,14.380000114440918,462600,0.0,0.0
2024-01-04 00:00:00-05:00,13.59000015258789,13.895999908447266,13.050000190734863,13.0600004196167,426300,0.0,0.0
2024-01-05 00:00:00-05:00,13.0600004196167,13.104999542236328,12.510000228881836,12.59000015258789,313100,0.0,0.0
2024-01-08 00:00:00-05:00,12.510000228881836,14.329999923706055,12.449999809265137,14.319999694824219,363200,0.0,0.0
2024-01-09 00:00:00-05:00,14.149999618530273,14.699999809265137,13.970000267028809,14.470000267028809,232300,0.0,0.0
2024-01-10 00:00:00-05:00,14.430000305175781,14.789999961853027,14.154999732971191,14.399999618530273,340700,0.0,0.0
2024-01-11 00:00:00-05:00,14.319999694824219,14.5649995803833,13.788000106811523,14.050000190734863,209200,0.0,0.0
2024-01-12 00:00:00-05:00,14.050000190734863,14.550000190734863,14.050000190734863,14.34000015258789,290500,0.0,0.0
2024-01-16 00:00:00-05:00,14.109999656677246,14.260000228881836,13.649999618530273,13.970000267028809,220300,0.0,0.0
2024-01-17 00:00:00-05:00,13.800000190734863,14.149999618530273,13.279999732971191,13.949999809265137,276900,0.0,0.0
2024-01-18 00:00:00-05:00,14.039999961853027,14.039999961853027,12.6899995803833,12.760000228881836,346800,0.0,0.0
2024-01-19 00:00:00-05:00,12.8100004196167,13.329999923706055,12.470000267028809,13.3100004196167,223900,0.0,0.0
2024-01-22 00:00:00-05:00,13.40999984741211,13.680000305175781,13.029999732971191,13.359999656677246,200500,0.0,0.0
2024-01-23 00:00:00-05:00,13.550000190734863,13.920000076293945,13.321000099182129,13.59000015258789,204200,0.0,0.0
2024-01-24 00:00:00-05:00,13.930000305175781,14.539999961853027,13.755999565124512,14.210000038146973,177600,0.0,0.0
2024-01-25 00:00:00-05:00,14.479999542236328,15.09000015258789,14.307999610900879,14.479999542236328,211400,0.0,0.0
2024-01-26 00:00:00-05:00,14.470000267028809,14.789999961853027,14.25,14.739999771118164,136800,0.0,0.0
2024-01-29 00:00:00-05:00,14.789999961853027,15.229999542236328,14.260000228881836,14.970000267028809,219500,0.0,0.0
2024-01-30 00:00:00-05:00,14.75,14.75,13.850000381469727,14.40999984741211,339100,0.0,0.0
2024-01-31 00:00:00-05:00,14.289999961853027,14.720000267028809,13.680000305175781,14.40999984741211,282200,0.0,0.0
2024-02-01 00:00:00-05:00,14.470000267028809,15.1899995803833,14.149999618530273,15.0,296100,0.0,0.0
2024-02-02 00:00:00-05:00,14.75,14.90999984741211,14.140000343322754,14.699999809265137,340900,0.0,0.0
2024-02-05 00:00:00-05:00,14.510000228881836,15.779999732971191,14.229999542236328,15.649999618530273,508400,0.0,0.0
2024-02-06 00:00:00-05:00,15.869999885559082,16.0,14.701000213623047,15.640000343322754,321700,0.0,0.0
2024-02-07 00:00:00-05:00,15.670000076293945,15.670000076293945,14.390000343322754,15.050000190734863,348200,0.0,0.0
2024-02-08 00:00:00-05:00,15.029999732971191,15.135000228881836,13.779999732971191,13.819999694824219,426100,0.0,0.0
2024-02-09 00:00:00-05:00,13.979999542236328,14.225000381469727,13.359999656677246,14.0600004196167,322900,0.0,0.0
2024-02-12 00:00:00-05:00,14.199999809265137,15.0,14.149999618530273,14.989999771118164,239600,0.0,0.0
2024-02-13 00:00:00-05:00,14.289999961853027,14.579999923706055,13.899999618530273,14.15999984741211,209200,0.0,0.0
2024-02-14 00:00:00-05:00,14.539999961853027,16.0,14.5,15.84000015258789,276200,0.0,0.0
2024-02-15 00:00:00-05:00,16.1299991607666,17.420000076293945,16.059999465942383,16.790000915527344,573700,0.0,0.0
2024-02-16 00:00:00-05:00,16.790000915527344,16.790000915527344,15.470000267028809,15.850000381469727,299400,0.0,0.0
2024-02-20 00:00:00-05:00,15.850000381469727,16.34000015258789,15.850000381469727,16.25,261600,0.0,0.0
2024-02-21 00:00:00-05:00,16.1200008392334,16.260000228881836,15.319999694824219,15.859999656677246,222100,0.0,0.0
2024-02-22 00:00:00-05:00,15.960000038146973,16.290000915527344,15.654999732971191,16.049999237060547,150700,0.0,0.0
2024-02-23 00:00:00-05:00,16.1299991607666,16.290000915527344,15.65999984741211,15.850000381469727,213200,0.0,0.0
2024-02-26 00:00:00-05:00,15.760000228881836,17.415000915527344,15.4399995803833,16.450000762939453,868300,0.0,0.0
2024-02-27 00:00:00-05:00,16.809999465942383,16.989999771118164,15.875,16.40999984741211,312000,0.0,0.0
2024-02-28 00:00:00-05:00,16.170000076293945,16.170000076293945,14.029999732971191,14.510000228881836,648300,0.0,0.0
2024-02-29 00:00:00-05:00,14.869999885559082,15.414999961853027,14.600000381469727,14.670000076293945,542500,0.0,0.0
2024-03-01 00:00:00-05:00,14.729999542236328,15.260000228881836,14.689000129699707,15.029999732971191,441900,0.0,0.0
2024-03-04 00:00:00-05:00,15.260000228881836,15.277999877929688,14.585000038146973,14.699999809265137,308000,0.0,0.0
2024-03-05 00:00:00-05:00,14.4399995803833,14.9399995803833,14.4399995803833,14.770000457763672,203900,0.0,0.0
2024-03-06 00:00:00-05:00,15.119999885559082,15.244999885559082,14.684000015258789,14.770000457763672,305300,0.0,0.0
2024-03-07 00:00:00-05:00,14.850000381469727,16.389999389648438,14.6899995803833,16.239999771118164,298700,0.0,0.0
2024-03-08 00:00:00-05:00,14.119999885559082,16.079999923706055,13.300000190734863,15.210000038146973,1006800,0.0,0.0
2024-03-11 00:00:00-04:00,15.579999923706055,15.579999923706055,13.109000205993652,13.460000038146973,813700,0.0,0.0
2024-03-12 00:00:00-04:00,13.40999984741211,13.498000144958496,12.3100004196167,12.369999885559082,821000,0.0,0.0
2024-03-13 00:00:00-04:00,12.260000228881836,12.369999885559082,11.038000106811523,11.600000381469727,489300,0.0,0.0
2024-03-14 00:00:00-04:00,11.489999771118164,11.550000190734863,10.800000190734863,11.149999618530273,379200,0.0,0.0
2024-03-15 00:00:00-04:00,11.140000343322754,11.680000305175781,10.954999923706055,11.300000190734863,546600,0.0,0.0
2024-03-18 00:00:00-04:00,11.100000381469727,11.260000228881836,10.779999732971191,10.949999809265137,261900,0.0,0.0
2024-03-19 00:00:00-04:00,11.199999809265137,11.869999885559082,11.055000305175781,11.5600004196167,405700,0.0,0.0
2024-03-20 00:00:00-04:00,11.520000457763672,12.180000305175781,11.350000381469727,12.0,254000,0.0,0.0
2024-03-21 00:00:00-04:00,12.239999771118164,12.6899995803833,12.039999961853027,12.510000228881836,580700,0.0,0.0
2024-03-22 00:00:00-04:00,12.050000190734863,12.380000114440918,11.510000228881836,11.739999771118164,525100,0.0,0.0
2024-03-25 00:00:00-04:00,11.75,12.170000076293945,11.496999740600586,11.720000267028809,268800,0.0,0.0
2024-03-26 00:00:00-04:00,11.850000381469727,11.890000343322754,11.170000076293945,11.1899995803833,262000,0.0,0.0
2024-03-27 00:00:00-04:00,11.609999656677246,11.65999984741211,10.949999809265137,11.40999984741211,197200,0.0,0.0
2024-03-28 00:00:00-04:00,11.449999809265137,11.449999809265137,10.600000381469727,11.149999618530273,1184900,0.0,0.0
2024-04-01 00:00:00-04:00,11.25,11.449999809265137,10.649999618530273,11.020000457763672,525500,0.0,0.0
2024-04-02 00:00:00-04:00,10.739999771118164,10.958999633789062,10.550000190734863,10.720000267028809,379300,0.0,0.0
2024-04-03 00:00:00-04:00,10.739999771118164,10.970000267028809,10.489999771118164,10.800000190734863,317600,0.0,0.0
2024-04-04 00:00:00-04:00,11.029999732971191,11.289999961853027,10.739999771118164,11.239999771118164,300200,0.0,0.0
2024-04-05 00:00:00-04:00,11.140000343322754,12.300000190734863,10.989999771118164,12.229999542236328,920600,0.0,0.0
2024-04-08 00:00:00-04:00,12.420000076293945,12.869999885559082,12.100000381469727,12.140000343322754,894300,0.0,0.0
2024-04-09 00:00:00-04:00,12.5600004196167,12.699999809265137,11.795000076293945,12.34000015258789,439600,0.0,0.0
2024-04-10 00:00:00-04:00,12.020000457763672,12.229999542236328,11.729999542236328,12.050000190734863,458900,0.0,0.0
2024-04-11 00:00:00-04:00,12.010000228881836,13.710000038146973,11.800000190734863,13.380000114440918,587700,0.0,0.0
2024-04-12 00:00:00-04:00,13.319999694824219,13.630000114440918,12.510000228881836,13.029999732971191,359300,0.0,0.0
2024-04-15 00:00:00-04:00,13.100000381469727,13.100000381469727,12.119999885559082,12.890000343322754,328200,0.0,0.0
2024-04-16 00:00:00-04:00,12.829999923706055,14.604999542236328,12.829999923706055,14.489999771118164,1546200,0.0,0.0
2024-04-17 00:00:00-04:00,14.600000381469727,17.040000915527344,14.600000381469727,16.079999923706055,2028400,0.0,0.0
2024-04-18 00:00:00-04:00,16.09000015258789,16.148000717163086,15.079999923706055,15.739999771118164,667300,0.0,0.0
2024-04-19 00:00:00-04:00,15.600000381469727,16.149999618530273,15.430000305175781,15.600000381469727,477100,0.0,0.0
2024-04-22 00:00:00-04:00,15.600000381469727,15.65999984741211,13.880000114440918,14.229999542236328,287300,0.0,0.0
2024-04-23 00:00:00-04:00,14.350000381469727,15.760000228881836,14.121999740600586,15.5,443800,0.0,0.0
2024-04-24 00:00:00-04:00,15.59000015258789,16.25,15.239999771118164,16.219999313354492,441600,0.0,0.0
2024-04-25 00:00:00-04:00,16.049999237060547,17.020000457763672,15.739999771118164,16.8700008392334,509800,0.0,0.0
2024-04-26 00:00:00-04:00,16.809999465942383,17.3700008392334,16.540000915527344,16.860000610351562,466700,0.0,0.0
2024-04-29 00:00:00-04:00,16.989999771118164,17.450000762939453,16.530000686645508,16.93000030517578,554800,0.0,0.0
2024-04-30 00:00:00-04:00,16.770000457763672,17.145999908447266,16.469999313354492,17.020000457763672,527100,0.0,0.0
2024-05-01 00:00:00-04:00,17.020000457763672,17.469999313354492,16.850000381469727,16.940000534057617,424700,0.0,0.0
2024-05-02 00:00:00-04:00,17.389999389648438,17.389999389648438,16.530000686645508,16.6200008392334,494400,0.0,0.0
2024-05-03 00:00:00-04:00,16.920000076293945,17.1299991607666,15.21399974822998,15.359999656677246,1284800,0.0,0.0
2024-05-06 00:00:00-04:00,15.550000190734863,16.450000762939453,15.380000114440918,15.779999732971191,976200,0.0,0.0
2024-05-07 00:00:00-04:00,15.680000305175781,17.825000762939453,15.470000267028809,17.559999465942383,950200,0.0,0.0
2024-05-08 00:00:00-04:00,17.34000015258789,17.559999465942383,16.020000457763672,16.610000610351562,471200,0.0,0.0
2024-05-09 00:00:00-04:00,16.43000030517578,17.100000381469727,16.0,16.950000762939453,360300,0.0,0.0
2024-05-10 00:00:00-04:00,17.5,17.5,15.9399995803833,16.209999084472656,388600,0.0,0.0
2024-05-13 00:00:00-04:00,16.549999237060547,16.969999313354492,15.447999954223633,15.609999656677246,438200,0.0,0.0
2024-05-14 00:00:00-04:00,15.960000038146973,16.290000915527344,14.875,15.170000076293945,385300,0.0,0.0
2024-05-15 00:00:00-04:00,15.720000267028809,15.869999885559082,14.979999542236328,15.020000457763672,321900,0.0,0.0
2024-05-16 00:00:00-04:00,14.989999771118164,15.0,14.399999618530273,14.65999984741211,224300,0.0,0.0
2024-05-17 00:00:00-04:00,14.680000305175781,14.680999755859375,14.130000114440918,14.210000038146973,200000,0.0,0.0
2024-05-20 00:00:00-04:00,13.989999771118164,14.15999984741211,13.720000267028809,13.789999961853027,307600,0.0,0.0
2024-05-21 00:00:00-04:00,13.819999694824219,14.180000305175781,13.329999923706055,13.619999885559082,363700,0.0,0.0
2024-05-22 00:00:00-04:00,13.640000343322754,15.069999694824219,13.600000381469727,15.0,418200,0.0,0.0
2024-05-23 00:00:00-04:00,15.0,15.345000267028809,14.039999961853027,14.6899995803833,1361600,0.0,0.0
2024-05-24 00:00:00-04:00,14.680000305175781,15.210000038146973,12.989999771118164,13.170000076293945,526800,0.0,0.0
2024-05-28 00:00:00-04:00,13.369999885559082,13.390000343322754,12.479999542236328,12.5600004196167,396300,0.0,0.0
2024-05-29 00:00:00-04:00,12.5,12.5,11.079999923706055,11.1899995803833,1129200,0.0,0.0
2024-05-30 00:00:00-04:00,11.1899995803833,11.225000381469727,10.640000343322754,10.649999618530273,523400,0.0,0.0
2024-05-31 00:00:00-04:00,10.609999656677246,11.079999923706055,10.4399995803833,10.630000114440918,664800,0.0,0.0
2024-06-03 00:00:00-04:00,10.6899995803833,10.970000267028809,8.4399995803833,8.960000038146973,4263100,0.0,0.0
2024-06-04 00:00:00-04:00,8.789999961853027,8.928999900817871,8.15999984741211,8.369999885559082,1000900,0.0,0.0
2024-06-05 00:00:00-04:00,8.579999923706055,9.300000190734863,8.369999885559082,8.800000190734863,1938700,0.0,0.0
2024-06-06 00:00:00-04:00,8.739999771118164,9.289999961853027,8.569999694824219,9.279999732971191,1474300,0.0,0.0
2024-06-07 00:00:00-04:00,9.09000015258789,9.39799976348877,8.800000190734863,9.010000228881836,860100,0.0,0.0
2024-06-10 00:00:00-04:00,8.859999656677246,8.975000381469727,8.550000190734863,8.670000076293945,554700,0.0,0.0
2024-06-11 00:00:00-04:00,8.609999656677246,8.779999732971191,8.3100004196167,8.5600004196167,475900,0.0,0.0
2024-06-12 00:00:00-04:00,8.739999771118164,9.039999961853027,8.430000305175781,8.529999732971191,491800,0.0,0.0
2024-06-13 00:00:00-04:00,8.550000190734863,8.75,8.34000015258789,8.4399995803833,541600,0.0,0.0
2024-06-14 00:00:00-04:00,8.359999656677246,8.399999618530273,7.980000019073486,8.050000190734863,381400,0.0,0.0
2024-06-17 00:00:00-04:00,8.479999542236328,8.550000190734863,7.289999961853027,7.380000114440918,1066700,0.0,0.0
2024-06-18 00:00:00-04:00,7.380000114440918,7.460000038146973,6.809999942779541,6.929999828338623,946800,0.0,0.0
2024-06-20 00:00:00-04:00,6.920000076293945,7.239999771118164,6.75,6.880000114440918,791300,0.0,0.0
2024-06-21 00:00:00-04:00,7.130000114440918,7.130000114440918,6.550000190734863,6.559999942779541,851200,0.0,0.0
2024-06-24 00:00:00-04:00,6.570000171661377,6.789999961853027,6.363999843597412,6.550000190734863,995300,0.0,0.0
2024-06-25 00:00:00-04:00,6.550000190734863,6.880000114440918,6.070000171661377,6.570000171661377,1510600,0.0,0.0
2024-06-26 00:00:00-04:00,6.599999904632568,6.599999904632568,5.618000030517578,5.880000114440918,1358600,0.0,0.0
2024-06-27 00:00:00-04:00,5.880000114440918,6.179999828338623,5.710000038146973,5.835000038146973,875700,0.0,0.0
2024-06-28 00:00:00-04:00,5.679999828338623,6.210000038146973,5.550000190734863,6.03000020980835,3587100,0.0,0.0
2024-07-01 00:00:00-04:00,5.820000171661377,6.25,5.769999980926514,5.989999771118164,671300,0.0,0.0
2024-07-02 00:00:00-04:00,5.96999979019165,6.059999942779541,5.699999809265137,5.71999979019165,473300,0.0,0.0
2024-07-03 00:00:00-04:00,5.71999979019165,6.090000152587891,5.559999942779541,5.599999904632568,452100,0.0,0.0
2024-07-05 00:00:00-04:00,5.5,5.739999771118164,5.289999961853027,5.449999809265137,937800,0.0,0.0
2024-07-08 00:00:00-04:00,5.489999771118164,5.840000152587891,5.320000171661377,5.639999866485596,862500,0.0,0.0
2024-07-09 00:00:00-04:00,5.650000095367432,6.380000114440918,5.449999809265137,6.360000133514404,587300,0.0,0.0
2024-07-10 00:00:00-04:00,6.369999885559082,6.769999980926514,6.340000152587891,6.760000228881836,1199600,0.0,0.0
2024-07-11 00:00:00-04:00,6.840000152587891,8.0,6.800000190734863,7.699999809265137,1558600,0.0,0.0
2024-07-12 00:00:00-04:00,7.760000228881836,7.989999771118164,6.809999942779541,7.059999942779541,1528500,0.0,0.0
2024-07-15 00:00:00-04:00,7.159999847412109,8.039999961853027,6.889999866485596,8.0,1058300,0.0,0.0
2024-07-16 00:00:00-04:00,8.170000076293945,8.779999732971191,7.829999923706055,8.130000114440918,1050900,0.0,0.0
2024-07-17 00:00:00-04:00,8.0,8.109999656677246,7.639999866485596,7.659999847412109,852400,0.0,0.0
2024-07-18 00:00:00-04:00,7.659999847412109,7.769999980926514,6.519999980926514,6.610000133514404,811500,0.0,0.0
2024-07-19 00:00:00-04:00,6.619999885559082,6.639999866485596,6.105000019073486,6.150000095367432,1412800,0.0,0.0
2024-07-22 00:00:00-04:00,6.340000152587891,6.78000020980835,6.050000190734863,6.730000019073486,829000,0.0,0.0
2024-07-23 00:00:00-04:00,6.639999866485596,6.835000038146973,6.550000190734863,6.650000095367432,705300,0.0,0.0
2024-07-24 00:00:00-04:00,6.539999961853027,6.75,6.170000076293945,6.210000038146973,619400,0.0,0.0
2024-07-25 00:00:00-04:00,6.260000228881836,6.440000057220459,5.989999771118164,6.099999904632568,804000,0.0,0.0
2024-07-26 00:00:00-04:00,6.28000020980835,6.379000186920166,5.989999771118164,6.050000190734863,736400,0.0,0.0
2024-07-29 00:00:00-04:00,6.03000020980835,6.076000213623047,5.710000038146973,5.849999904632568,977600,0.0,0.0
2024-07-30 00:00:00-04:00,5.949999809265137,6.019999980926514,5.21999979019165,5.449999809265137,1371200,0.0,0.0
2024-07-31 00:00:00-04:00,5.519999980926514,5.599999904632568,4.210000038146973,4.800000190734863,8653200,0.0,0.0
2024-08-01 00:00:00-04:00,3.200000047683716,3.490000009536743,2.7149999141693115,2.799999952316284,10800300,0.0,0.0
2024-08-02 00:00:00-04:00,2.869999885559082,3.0199999809265137,2.509999990463257,2.859999895095825,3279300,0.0,0.0
2024-08-05 00:00:00-04:00,2.559999942779541,2.890000104904175,2.5,2.7300000190734863,2104200,0.0,0.0
2024-08-06 00:00:00-04:00,2.7799999713897705,2.799999952316284,2.5999999046325684,2.75,1225500,0.0,0.0
2024-08-07 00:00:00-04:00,2.75,2.75,2.5,2.569999933242798,1843400,0.0,0.0
2024-08-08 00:00:00-04:00,2.509999990463257,2.690000057220459,2.450000047683716,2.630000114440918,1501500,0.0,0.0
2024-08-09 00:00:00-04:00,2.740000009536743,2.75,2.490000009536743,2.609999895095825,1577200,0.0,0.0
2024-08-12 00:00:00-04:00,2.609999895095825,2.6500000953674316,2.4200000762939453,2.5199999809265137,1536000,0.0,0.0
2024-08-13 00:00:00-04:00,2.4600000381469727,2.6549999713897705,2.4600000381469727,2.640000104904175,1020900,0.0,0.0
2024-08-14 00:00:00-04:00,2.690000057220459,2.7699999809265137,2.5199999809265137,2.5799999237060547,1539000,0.0,0.0
2024-08-15 00:00:00-04:00,2.5799999237060547,2.7899999618530273,2.559999942779541,2.6500000953674316,1420600,0.0,0.0
2024-08-16 00:00:00-04:00,2.619999885559082,2.7300000190734863,2.5299999713897705,2.5399999618530273,845100,0.0,0.0
2024-08-19 00:00:00-04:00,2.509999990463257,2.6600000858306885,2.5,2.569999933242798,865900,0.0,0.0
2024-08-20 00:00:00-04:00,2.5999999046325684,2.7300000190734863,2.4800000190734863,2.509999990463257,874900,0.0,0.0
2024-08-21 00:00:00-04:00,2.5,2.5999999046325684,2.4600000381469727,2.5,643000,0.0,0.0
2024-08-22 00:00:00-04:00,2.5299999713897705,2.569999933242798,2.299999952316284,2.3299999237060547,1164200,0.0,0.0
2024-08-23 00:00:00-04:00,2.359999895095825,2.4800000190734863,2.3399999141693115,2.390000104904175,744500,0.0,0.0
2024-08-26 00:00:00-04:00,2.390000104904175,2.5850000381469727,2.319999933242798,2.569999933242798,951600,0.0,0.0
2024-08-27 00:00:00-04:00,2.5299999713897705,2.569999933242798,2.4200000762939453,2.490000009536743,702200,0.0,0.0
2024-08-28 00:00:00-04:00,2.4800000190734863,2.490000009536743,2.299999952316284,2.3399999141693115,640100,0.0,0.0
2024-08-29 00:00:00-04:00,2.369999885559082,2.4200000762939453,2.299999952316284,2.299999952316284,430500,0.0,0.0
2024-08-30 00:00:00-04:00,2.3299999237060547,2.365999937057495,2.244999885559082,2.319999933242798,860700,0.0,0.0
2024-09-03 00:00:00-04:00,2.299999952316284,2.309999942779541,2.0799999237060547,2.140000104904175,668200,0.0,0.0
2024-09-04 00:00:00-04:00,2.119999885559082,2.200000047683716,2.0209999084472656,2.059999942779541,790700,0.0,0.0
2024-09-05 00:00:00-04:00,2.059999942779541,2.109999895095825,1.965000033378601,1.9900000095367432,541800,0.0,0.0
2024-09-06 00:00:00-04:00,1.9600000381469727,2.009999990463257,1.8799999952316284,1.909999966621399,746600,0.0,0.0
2024-09-09 00:00:00-04:00,1.9199999570846558,2.0999999046325684,1.8799999952316284,2.0999999046325684,620700,0.0,0.0
2024-09-10 00:00:00-04:00,2.0999999046325684,2.190000057220459,2.009999990463257,2.1600000858306885,708500,0.0,0.0
2024-09-11 00:00:00-04:00,2.1500000953674316,2.190000057220459,2.0999999046325684,2.180000066757202,261500,0.0,0.0
2024-09-12 00:00:00-04:00,2.180000066757202,2.240000009536743,2.121999979019165,2.140000104904175,231900,0.0,0.0
2024-09-13 00:00:00-04:00,2.1600000858306885,2.2200000286102295,2.1549999713897705,2.2200000286102295,235100,0.0,0.0
2024-09-16 00:00:00-04:00,2.25,2.359999895095825,2.1549999713897705,2.180000066757202,428000,0.0,0.0
2024-09-17 00:00:00-04:00,2.2200000286102295,2.2200000286102295,2.140000104904175,2.180000066757202,423300,0.0,0.0
2024-09-18 00:00:00-04:00,2.180000066757202,2.259999990463257,2.130000114440918,2.140000104904175,389300,0.0,0.0
2024-09-19 00:00:00-04:00,2.2100000381469727,2.259999990463257,2.140000104904175,2.1700000762939453,401600,0.0,0.0
2024-09-20 00:00:00-04:00,2.1700000762939453,2.2149999141693115,2.059999942779541,2.069999933242798,888000,0.0,0.0
2024-09-23 00:00:00-04:00,2.0799999237060547,2.0799999237060547,1.9299999475479126,1.9900000095367432,646500,0.0,0.0
2024-09-24 00:00:00-04:00,2.0399999618530273,2.059999942779541,1.8700000047683716,1.9500000476837158,537600,0.0,0.0
2024-09-25 00:00:00-04:00,1.940000057220459,1.940000057220459,1.7899999618530273,1.809999942779541,645100,0.0,0.0
2024-09-26 00:00:00-04:00,1.8300000429153442,1.8799999952316284,1.7599999904632568,1.8700000047683716,496700,0.0,0.0
2024-09-27 00:00:00-04:00,1.899999976158142,2.010999917984009,1.8799999952316284,1.9700000286102295,509000,0.0,0.0
2024-09-30 00:00:00-04:00,1.9600000381469727,1.9900000095367432,1.7699999809265137,1.8200000524520874,610200,0.0,0.0
2024-10-01 00:00:00-04:00,1.8200000524520874,1.909999966621399,1.7699999809265137,1.8600000143051147,544100,0.0,0.0
2024-10-02 00:00:00-04:00,1.909999966621399,1.9299999475479126,1.7999999523162842,1.8300000429153442,484900,0.0,0.0
2024-10-03 00:00:00-04:00,1.7999999523162842,1.8300000429153442,1.6799999475479126,1.7200000286102295,594400,0.0,0.0
2024-10-04 00:00:00-04:00,1.7200000286102295,1.7400000095367432,1.6399999856948853,1.6799999475479126,371300,0.0,0.0
2024-10-07 00:00:00-04:00,1.6799999475479126,1.690000057220459,1.559999942779541,1.590000033378601,393100,0.0,0.0
2024-10-08 00:00:00-04:00,1.6100000143051147,1.6699999570846558,1.5800000429153442,1.649999976158142,288400,0.0,0.0
2024-10-09 00:00:00-04:00,1.6799999475479126,1.6799999475479126,1.590000033378601,1.6200000047683716,272400,0.0,0.0
2024-10-10 00:00:00-04:00,1.590000033378601,1.6050000190734863,1.4199999570846558,1.440000057220459,630600,0.0,0.0
2024-10-11 00:00:00-04:00,1.4500000476837158,1.5499999523162842,1.440000057220459,1.5399999618530273,560500,0.0,0.0
2024-10-14 00:00:00-04:00,1.5499999523162842,1.6100000143051147,1.5,1.5499999523162842,317000,0.0,0.0
2024-10-15 00:00:00-04:00,1.559999942779541,1.5750000476837158,1.5199999809265137,1.559999942779541,385900,0.0,0.0
2024-10-16 00:00:00-04:00,1.559999942779541,1.6200000047683716,1.5499999523162842,1.559999942779541,588700,0.0,0.0
2024-10-17 00:00:00-04:00,1.559999942779541,1.5700000524520874,1.4800000190734863,1.5099999904632568,752000,0.0,0.0
2024-10-18 00:00:00-04:00,1.5,1.5099999904632568,1.4500000476837158,1.4800000190734863,327600,0.0,0.0
2024-10-21 00:00:00-04:00,1.4800000190734863,1.5549999475479126,1.4299999475479126,1.5,637400,0.0,0.0
2024-10-22 00:00:00-04:00,1.4700000286102295,1.5700000524520874,1.4600000381469727,1.5,1856700,0.0,0.0
2024-10-23 00:00:00-04:00,1.4800000190734863,1.7699999809265137,1.4600000381469727,1.659999966621399,1284900,0.0,0.0
2024-10-24 00:00:00-04:00,1.6699999570846558,1.6699999570846558,1.4500000476837158,1.4550000429153442,823800,0.0,0.0
2024-10-25 00:00:00-04:00,1.5,1.5049999952316284,1.4600000381469727,1.4700000286102295,298700,0.0,0.0
2024-10-28 00:00:00-04:00,1.4700000286102295,1.524999976158142,1.4299999475479126,1.4600000381469727,792900,0.0,0.0
2024-10-29 00:00:00-04:00,1.4600000381469727,1.5299999713897705,1.3700000047683716,1.399999976158142,979400,0.0,0.0
2024-10-30 00:00:00-04:00,1.4199999570846558,1.440000057220459,1.3600000143051147,1.3799999952316284,1045100,0.0,0.0
2024-10-31 00:00:00-04:00,1.3899999856948853,1.4700000286102295,1.3350000381469727,1.4299999475479126,1094000,0.0,0.0
2024-11-01 00:00:00-04:00,1.409999966621399,1.5149999856948853,1.399999976158142,1.4500000476837158,752800,0.0,0.0
2024-11-04 00:00:00-05:00,1.4500000476837158,1.565000057220459,1.4299999475479126,1.4900000095367432,791100,0.0,0.0
2024-11-05 00:00:00-05:00,1.4800000190734863,1.5199999809265137,1.4459999799728394,1.5199999809265137,498200,0.0,0.0
2024-11-06 00:00:00-05:00,1.5399999618530273,1.5700000524520874,1.440000057220459,1.5299999713897705,739300,0.0,0.0
2024-11-07 00:00:00-05:00,1.5299999713897705,1.5549999475479126,1.4509999752044678,1.5099999904632568,808100,0.0,0.0
2024-11-08 00:00:00-05:00,1.5499999523162842,1.6299999952316284,1.440000057220459,1.4500000476837158,917800,0.0,0.0
2024-11-11 00:00:00-05:00,1.5,1.5750000476837158,1.4700000286102295,1.4800000190734863,738400,0.0,0.0
2024-11-12 00:00:00-05:00,1.4700000286102295,1.5,1.340000033378601,1.340000033378601,983900,0.0,0.0
2024-11-13 00:00:00-05:00,1.350000023841858,1.409999966621399,1.2949999570846558,1.340000033378601,1022100,0.0,0.0
2024-11-14 00:00:00-05:00,1.3300000429153442,1.3799999952316284,1.3250000476837158,1.3300000429153442,1387400,0.0,0.0
2024-11-15 00:00:00-05:00,1.350000023841858,1.350000023841858,1.25,1.2899999618530273,573900,0.0,0.0
2024-11-18 00:00:00-05:00,1.2699999809265137,1.2999999523162842,1.2100000381469727,1.2200000286102295,1681100,0.0,0.0
2024-11-19 00:00:00-05:00,1.2200000286102295,1.2649999856948853,1.190000057220459,1.2300000190734863,922000,0.0,0.0
2024-11-20 00:00:00-05:00,1.2200000286102295,1.25,1.2100000381469727,1.2100000381469727,579900,0.0,0.0
2024-11-21 00:00:00-05:00,1.2200000286102295,1.3300000429153442,1.2100000381469727,1.2899999618530273,449200,0.0,0.0
2024-11-22 00:00:00-05:00,1.2699999809265137,1.440000057220459,1.2699999809265137,1.409999966621399,968900,0.0,0.0
2024-11-25 00:00:00-05:00,1.4299999475479126,1.5950000286102295,1.4299999475479126,1.4700000286102295,1117600,0.0,0.0
2024-11-26 00:00:00-05:00,1.4800000190734863,1.5499999523162842,1.4700000286102295,1.4900000095367432,550400,0.0,0.0
2024-11-27 00:00:00-05:00,1.5199999809265137,1.5299999713897705,1.472000002861023,1.5099999904632568,330500,0.0,0.0
2024-11-29 00:00:00-05:00,1.5299999713897705,1.5700000524520874,1.4509999752044678,1.4800000190734863,290600,0.0,0.0
2024-12-02 00:00:00-05:00,1.4800000190734863,1.690000057220459,1.4700000286102295,1.659999966621399,1598900,0.0,0.0
2024-12-03 00:00:00-05:00,1.659999966621399,1.809999942779541,1.5449999570846558,1.5499999523162842,1487500,0.0,0.0
2024-12-04 00:00:00-05:00,1.559999942779541,1.6799999475479126,1.5199999809265137,1.559999942779541,1192000,0.0,0.0
2024-12-05 00:00:00-05:00,1.5800000429153442,1.8700000047683716,1.5800000429153442,1.809999942779541,1751600,0.0,0.0
2024-12-06 00:00:00-05:00,1.8200000524520874,1.8200000524520874,1.600000023841858,1.6200000047683716,1181400,0.0,0.0
2024-12-09 00:00:00-05:00,1.6399999856948853,1.7899999618530273,1.6399999856948853,1.7200000286102295,727300,0.0,0.0
2024-12-10 00:00:00-05:00,1.659999966621399,1.7200000286102295,1.559999942779541,1.5800000429153442,1258200,0.0,0.0
2024-12-11 00:00:00-05:00,1.5800000429153442,1.590000033378601,1.5099999904632568,1.5099999904632568,1135600,0.0,0.0
2024-12-12 00:00:00-05:00,1.5199999809265137,1.6100000143051147,1.399999976158142,1.4199999570846558,2638600,0.0,0.0
2024-12-13 00:00:00-05:00,1.4299999475479126,1.5149999856948853,1.4199999570846558,1.4500000476837158,795100,0.0,0.0
2024-12-16 00:00:00-05:00,1.4600000381469727,1.600000023841858,1.434999942779541,1.5399999618530273,674000,0.0,0.0
2024-12-17 00:00:00-05:00,1.5299999713897705,1.8799999952316284,1.5199999809265137,1.7899999618530273,1736600,0.0,0.0
2024-12-18 00:00:00-05:00,1.8200000524520874,2.049999952316284,1.6799999475479126,1.840000033378601,3208800,0.0,0.0
2024-12-19 00:00:00-05:00,1.7799999713897705,1.8049999475479126,1.4700000286102295,1.4800000190734863,2717700,0.0,0.0
2024-12-20 00:00:00-05:00,1.5099999904632568,1.6699999570846558,1.5099999904632568,1.6200000047683716,2165200,0.0,0.0
2024-12-23 00:00:00-05:00,1.6299999952316284,1.9299999475479126,1.6299999952316284,1.8700000047683716,1877500,0.0,0.0
2024-12-24 00:00:00-05:00,1.8600000143051147,1.965000033378601,1.75,1.8300000429153442,545900,0.0,0.0
2024-12-26 00:00:00-05:00,1.7599999904632568,1.8849999904632568,1.6699999570846558,1.690000057220459,557500,0.0,0.0
2024-12-27 00:00:00-05:00,1.6699999570846558,1.7050000429153442,1.5800000429153442,1.6200000047683716,470500,0.0,0.0
2024-12-30 00:00:00-05:00,1.5800000429153442,1.7000000476837158,1.5399999618530273,1.659999966621399,1125700,0.0,0.0
2024-12-31 00:00:00-05:00,1.659999966621399,1.7079999446868896,1.559999942779541,1.6699999570846558,651900,0.0,0.0
2025-01-02 00:00:00-05:00,1.7000000476837158,1.7300000190734863,1.559999942779541,1.559999942779541,759700,0.0,0.0
2025-01-03 00:00:00-05:00,1.559999942779541,1.8700000047683716,1.559999942779541,1.809999942779541,1142600,0.0,0.0
2025-01-06 00:00:00-05:00,1.7999999523162842,1.8580000400543213,1.7599999904632568,1.7899999618530273,744900,0.0,0.0
2025-01-07 00:00:00-05:00,1.7899999618530273,1.8899999856948853,1.7599999904632568,1.8600000143051147,716100,0.0,0.0
2025-01-08 00:00:00-05:00,1.850000023841858,1.940000057220459,1.7710000276565552,1.850000023841858,994200,0.0,0.0
2025-01-10 00:00:00-05:00,1.809999942779541,1.8650000095367432,1.7100000381469727,1.7699999809265137,1078500,0.0,0.0
2025-01-13 00:00:00-05:00,1.850000023841858,1.8509999513626099,1.6299999952316284,1.690000057220459,818900,0.0,0.0
2025-01-14 00:00:00-05:00,1.690000057220459,1.7660000324249268,1.5800000429153442,1.590000033378601,546800,0.0,0.0
2025-01-15 00:00:00-05:00,1.6100000143051147,1.690000057220459,1.559999942779541,1.6299999952316284,449300,0.0,0.0
2025-01-16 00:00:00-05:00,1.6399999856948853,1.649999976158142,1.5800000429153442,1.6299999952316284,294500,0.0,0.0
2025-01-17 00:00:00-05:00,1.6299999952316284,1.7699999809265137,1.625,1.7400000095367432,579500,0.0,0.0
2025-01-21 00:00:00-05:00,1.7999999523162842,1.7999999523162842,1.6299999952316284,1.649999976158142,1605300,0.0,0.0
2025-01-22 00:00:00-05:00,1.7599999904632568,1.8700000047683716,1.659999966621399,1.7999999523162842,1439700,0.0,0.0
2025-01-23 00:00:00-05:00,1.4500000476837158,1.6299999952316284,1.3450000286102295,1.6299999952316284,6378300,0.0,0.0
2025-01-24 00:00:00-05:00,1.5499999523162842,1.5499999523162842,1.4500000476837158,1.5149999856948853,1477700,0.0,0.0
2025-01-27 00:00:00-05:00,1.4500000476837158,1.559999942779541,1.4299999475479126,1.5549999475479126,928902,0.0,0.0
