Date,Open,High,Low,Close,Volume,Dividends,Stock Splits
2022-01-03 00:00:00-05:00,9.819999694824219,9.829999923706055,9.8100004196167,9.819999694824219,90400,0.0,0.0
2022-01-04 00:00:00-05:00,9.800000190734863,9.850000381469727,9.800000190734863,9.84000015258789,285000,0.0,0.0
2022-01-05 00:00:00-05:00,9.800000190734863,9.84000015258789,9.800000190734863,9.829999923706055,220500,0.0,0.0
2022-01-06 00:00:00-05:00,9.829999923706055,9.84000015258789,9.819999694824219,9.819999694824219,1643500,0.0,0.0
2022-01-07 00:00:00-05:00,9.829999923706055,9.84000015258789,9.819999694824219,9.829999923706055,103400,0.0,0.0
2022-01-10 00:00:00-05:00,9.829999923706055,9.84000015258789,9.819999694824219,9.819999694824219,136200,0.0,0.0
2022-01-11 00:00:00-05:00,9.829999923706055,9.829999923706055,9.819999694824219,9.819999694824219,66800,0.0,0.0
2022-01-12 00:00:00-05:00,9.819999694824219,9.829999923706055,9.8149995803833,9.829999923706055,370500,0.0,0.0
2022-01-13 00:00:00-05:00,9.829999923706055,9.829999923706055,9.819999694824219,9.819999694824219,91700,0.0,0.0
2022-01-14 00:00:00-05:00,9.819999694824219,9.829999923706055,9.8100004196167,9.8100004196167,317700,0.0,0.0
2022-01-18 00:00:00-05:00,9.8100004196167,9.819999694824219,9.800000190734863,9.8100004196167,595200,0.0,0.0
2022-01-19 00:00:00-05:00,9.800000190734863,9.829999923706055,9.800000190734863,9.8100004196167,263600,0.0,0.0
2022-01-20 00:00:00-05:00,9.819999694824219,9.829999923706055,9.800000190734863,9.8100004196167,415600,0.0,0.0
2022-01-21 00:00:00-05:00,9.800000190734863,9.819999694824219,9.789999961853027,9.800000190734863,1098200,0.0,0.0
2022-01-24 00:00:00-05:00,9.789999961853027,9.800000190734863,9.774999618530273,9.800000190734863,1053900,0.0,0.0
2022-01-25 00:00:00-05:00,9.789999961853027,9.8149995803833,9.789999961853027,9.800000190734863,381400,0.0,0.0
2022-01-26 00:00:00-05:00,9.789999961853027,9.8100004196167,9.789999961853027,9.800000190734863,220600,0.0,0.0
2022-01-27 00:00:00-05:00,9.800000190734863,9.8100004196167,9.789999961853027,9.8100004196167,213900,0.0,0.0
2022-01-28 00:00:00-05:00,9.800000190734863,9.8100004196167,9.789999961853027,9.8100004196167,677800,0.0,0.0
2022-01-31 00:00:00-05:00,9.800000190734863,9.819999694824219,9.800000190734863,9.800000190734863,159000,0.0,0.0
2022-02-01 00:00:00-05:00,9.800000190734863,9.819999694824219,9.800000190734863,9.819999694824219,138900,0.0,0.0
2022-02-02 00:00:00-05:00,9.800000190734863,9.819999694824219,9.800000190734863,9.8100004196167,260200,0.0,0.0
2022-02-03 00:00:00-05:00,9.800000190734863,9.819999694824219,9.800000190734863,9.8100004196167,231000,0.0,0.0
2022-02-04 00:00:00-05:00,9.8100004196167,9.829999923706055,9.8100004196167,9.819999694824219,130100,0.0,0.0
2022-02-07 00:00:00-05:00,9.819999694824219,9.829999923706055,9.819999694824219,9.829999923706055,315600,0.0,0.0
2022-02-08 00:00:00-05:00,9.84000015258789,9.84000015258789,9.819999694824219,9.819999694824219,190100,0.0,0.0
2022-02-09 00:00:00-05:00,9.8100004196167,9.84000015258789,9.8100004196167,9.829999923706055,267000,0.0,0.0
2022-02-10 00:00:00-05:00,9.819999694824219,9.84000015258789,9.819999694824219,9.84000015258789,86100,0.0,0.0
2022-02-11 00:00:00-05:00,9.829999923706055,9.84000015258789,9.824999809265137,9.829999923706055,256500,0.0,0.0
2022-02-14 00:00:00-05:00,9.829999923706055,9.84000015258789,9.829999923706055,9.84000015258789,61500,0.0,0.0
2022-02-15 00:00:00-05:00,9.84000015258789,9.84000015258789,9.829999923706055,9.84000015258789,62100,0.0,0.0
2022-02-16 00:00:00-05:00,9.84000015258789,9.84000015258789,9.819999694824219,9.84000015258789,275400,0.0,0.0
2022-02-17 00:00:00-05:00,9.84000015258789,9.84000015258789,9.829999923706055,9.829999923706055,146600,0.0,0.0
2022-02-18 00:00:00-05:00,9.819999694824219,9.84000015258789,9.8100004196167,9.829999923706055,790000,0.0,0.0
2022-02-22 00:00:00-05:00,9.829999923706055,9.829999923706055,9.8149995803833,9.819999694824219,899900,0.0,0.0
2022-02-23 00:00:00-05:00,9.829999923706055,9.829999923706055,9.8100004196167,9.819999694824219,547000,0.0,0.0
2022-02-24 00:00:00-05:00,9.8100004196167,9.829999923706055,9.779999732971191,9.819999694824219,566000,0.0,0.0
2022-02-25 00:00:00-05:00,9.819999694824219,9.829999923706055,9.819999694824219,9.819999694824219,170100,0.0,0.0
2022-02-28 00:00:00-05:00,9.8100004196167,9.84000015258789,9.8100004196167,9.829999923706055,528300,0.0,0.0
2022-03-01 00:00:00-05:00,9.829999923706055,9.84000015258789,9.819999694824219,9.84000015258789,212300,0.0,0.0
2022-03-02 00:00:00-05:00,9.84000015258789,9.850000381469727,9.829999923706055,9.84000015258789,374200,0.0,0.0
2022-03-03 00:00:00-05:00,9.829999923706055,9.850000381469727,9.829999923706055,9.84000015258789,82400,0.0,0.0
2022-03-04 00:00:00-05:00,9.829999923706055,9.850000381469727,9.829999923706055,9.84000015258789,129900,0.0,0.0
2022-03-07 00:00:00-05:00,9.829999923706055,9.850000381469727,9.829999923706055,9.850000381469727,720400,0.0,0.0
2022-03-08 00:00:00-05:00,9.84000015258789,9.850000381469727,9.829999923706055,9.84000015258789,677700,0.0,0.0
2022-03-09 00:00:00-05:00,9.829999923706055,9.850000381469727,9.829999923706055,9.84000015258789,170700,0.0,0.0
2022-03-10 00:00:00-05:00,9.84000015258789,9.850000381469727,9.84000015258789,9.850000381469727,66900,0.0,0.0
2022-03-11 00:00:00-05:00,9.850000381469727,9.850000381469727,9.84000015258789,9.84000015258789,246500,0.0,0.0
2022-03-14 00:00:00-04:00,9.829999923706055,9.850000381469727,9.819999694824219,9.829999923706055,1686000,0.0,0.0
2022-03-15 00:00:00-04:00,9.819999694824219,9.850000381469727,9.819999694824219,9.850000381469727,348200,0.0,0.0
2022-03-16 00:00:00-04:00,9.84000015258789,9.869999885559082,9.84000015258789,9.850000381469727,232500,0.0,0.0
2022-03-17 00:00:00-04:00,9.84000015258789,9.850000381469727,9.84000015258789,9.84000015258789,64100,0.0,0.0
2022-03-18 00:00:00-04:00,9.859999656677246,9.859999656677246,9.850000381469727,9.859999656677246,79100,0.0,0.0
2022-03-21 00:00:00-04:00,9.859999656677246,9.859999656677246,9.850000381469727,9.859999656677246,118700,0.0,0.0
2022-03-22 00:00:00-04:00,9.84000015258789,9.850000381469727,9.84000015258789,9.84000015258789,117400,0.0,0.0
2022-03-23 00:00:00-04:00,9.850000381469727,9.859999656677246,9.850000381469727,9.859999656677246,36100,0.0,0.0
2022-03-24 00:00:00-04:00,9.84000015258789,9.859999656677246,9.84000015258789,9.84000015258789,153500,0.0,0.0
2022-03-25 00:00:00-04:00,9.84000015258789,9.859999656677246,9.84000015258789,9.850000381469727,88000,0.0,0.0
2022-03-28 00:00:00-04:00,9.859999656677246,9.859999656677246,9.84000015258789,9.850000381469727,131500,0.0,0.0
2022-03-29 00:00:00-04:00,9.850000381469727,9.869999885559082,9.850000381469727,9.869999885559082,247700,0.0,0.0
2022-03-30 00:00:00-04:00,9.850000381469727,9.869999885559082,9.850000381469727,9.859999656677246,1028100,0.0,0.0
2022-03-31 00:00:00-04:00,9.880000114440918,9.880000114440918,9.859999656677246,9.859999656677246,147500,0.0,0.0
2022-04-01 00:00:00-04:00,9.850000381469727,9.899999618530273,9.850000381469727,9.880000114440918,773500,0.0,0.0
2022-04-04 00:00:00-04:00,9.880000114440918,9.899999618530273,9.859999656677246,9.880000114440918,93700,0.0,0.0
2022-04-05 00:00:00-04:00,9.850000381469727,9.899999618530273,9.850000381469727,9.880000114440918,106100,0.0,0.0
2022-04-06 00:00:00-04:00,9.890000343322754,9.90999984741211,9.869999885559082,9.90999984741211,1385700,0.0,0.0
2022-04-07 00:00:00-04:00,9.890000343322754,9.899999618530273,9.880000114440918,9.880000114440918,61100,0.0,0.0
2022-04-08 00:00:00-04:00,9.90999984741211,9.90999984741211,9.880000114440918,9.890000343322754,37700,0.0,0.0
2022-04-11 00:00:00-04:00,9.890000343322754,9.899999618530273,9.880000114440918,9.899999618530273,68800,0.0,0.0
2022-04-12 00:00:00-04:00,9.880000114440918,9.899999618530273,9.880000114440918,9.890000343322754,49300,0.0,0.0
2022-04-13 00:00:00-04:00,9.880000114440918,9.899999618530273,9.880000114440918,9.880000114440918,81200,0.0,0.0
2022-04-14 00:00:00-04:00,9.880000114440918,9.890000343322754,9.869999885559082,9.880000114440918,106900,0.0,0.0
2022-04-18 00:00:00-04:00,9.859999656677246,9.899999618530273,9.859999656677246,9.899999618530273,338900,0.0,0.0
2022-04-19 00:00:00-04:00,9.880000114440918,9.9399995803833,9.880000114440918,9.90999984741211,160300,0.0,0.0
2022-04-20 00:00:00-04:00,9.899999618530273,9.899999618530273,9.880000114440918,9.890000343322754,110900,0.0,0.0
2022-04-21 00:00:00-04:00,9.890000343322754,9.899999618530273,9.890000343322754,9.890000343322754,61600,0.0,0.0
2022-04-22 00:00:00-04:00,9.90999984741211,9.90999984741211,9.890000343322754,9.899999618530273,204200,0.0,0.0
2022-04-25 00:00:00-04:00,9.890000343322754,9.90999984741211,9.890000343322754,9.890000343322754,259800,0.0,0.0
2022-04-26 00:00:00-04:00,9.899999618530273,9.90999984741211,9.890000343322754,9.890000343322754,261900,0.0,0.0
2022-04-27 00:00:00-04:00,9.890000343322754,9.899999618530273,9.890000343322754,9.890000343322754,221600,0.0,0.0
2022-04-28 00:00:00-04:00,9.890000343322754,9.895000457763672,9.880000114440918,9.890000343322754,217800,0.0,0.0
2022-04-29 00:00:00-04:00,9.890000343322754,9.899999618530273,9.880000114440918,9.890000343322754,269800,0.0,0.0
2022-05-02 00:00:00-04:00,9.899999618530273,9.899999618530273,9.880000114440918,9.890000343322754,878100,0.0,0.0
2022-05-03 00:00:00-04:00,9.890000343322754,9.899999618530273,9.880000114440918,9.880000114440918,161500,0.0,0.0
2022-05-04 00:00:00-04:00,9.880000114440918,9.895000457763672,9.875,9.880000114440918,172100,0.0,0.0
2022-05-05 00:00:00-04:00,9.899999618530273,9.899999618530273,9.880000114440918,9.890000343322754,440200,0.0,0.0
2022-05-06 00:00:00-04:00,9.890000343322754,9.895000457763672,9.869999885559082,9.890000343322754,424800,0.0,0.0
2022-05-09 00:00:00-04:00,9.880000114440918,9.890000343322754,9.880000114440918,9.890000343322754,243500,0.0,0.0
2022-05-10 00:00:00-04:00,9.880000114440918,9.890000343322754,9.878000259399414,9.880000114440918,208000,0.0,0.0
2022-05-11 00:00:00-04:00,9.859999656677246,9.885000228881836,9.859999656677246,9.869999885559082,608300,0.0,0.0
2022-05-12 00:00:00-04:00,9.869999885559082,9.871000289916992,9.859999656677246,9.869999885559082,290500,0.0,0.0
2022-05-13 00:00:00-04:00,9.859999656677246,9.869999885559082,9.859999656677246,9.859999656677246,84500,0.0,0.0
2022-05-16 00:00:00-04:00,9.869999885559082,9.890000343322754,9.859999656677246,9.880000114440918,153600,0.0,0.0
2022-05-17 00:00:00-04:00,9.880000114440918,9.890000343322754,9.880000114440918,9.880000114440918,81200,0.0,0.0
2022-05-18 00:00:00-04:00,9.869999885559082,9.890000343322754,9.869999885559082,9.880000114440918,47700,0.0,0.0
2022-05-19 00:00:00-04:00,9.880000114440918,9.880000114440918,9.869999885559082,9.869999885559082,128900,0.0,0.0
2022-05-20 00:00:00-04:00,9.869999885559082,9.880000114440918,9.869999885559082,9.869999885559082,292300,0.0,0.0
2022-05-23 00:00:00-04:00,9.869999885559082,9.880000114440918,9.869999885559082,9.869999885559082,80300,0.0,0.0
2022-05-24 00:00:00-04:00,9.869999885559082,9.880000114440918,9.869999885559082,9.880000114440918,92300,0.0,0.0
2022-05-25 00:00:00-04:00,9.869999885559082,9.890000343322754,9.869999885559082,9.880000114440918,72900,0.0,0.0
2022-05-26 00:00:00-04:00,9.869999885559082,9.890000343322754,9.869999885559082,9.880000114440918,95400,0.0,0.0
2022-05-27 00:00:00-04:00,9.880000114440918,9.899999618530273,9.880000114440918,9.890000343322754,504100,0.0,0.0
2022-05-31 00:00:00-04:00,9.890000343322754,9.899999618530273,9.880000114440918,9.899999618530273,312800,0.0,0.0
2022-06-01 00:00:00-04:00,9.899999618530273,9.899999618530273,9.890000343322754,9.890000343322754,20100,0.0,0.0
2022-06-02 00:00:00-04:00,9.899999618530273,9.899999618530273,9.880000114440918,9.890000343322754,457400,0.0,0.0
2022-06-03 00:00:00-04:00,9.890000343322754,9.899999618530273,9.890000343322754,9.890000343322754,53500,0.0,0.0
2022-06-06 00:00:00-04:00,9.890000343322754,9.899999618530273,9.890000343322754,9.890000343322754,34000,0.0,0.0
2022-06-07 00:00:00-04:00,9.890000343322754,9.899999618530273,9.890000343322754,9.890000343322754,157700,0.0,0.0
2022-06-08 00:00:00-04:00,9.899999618530273,9.90999984741211,9.899999618530273,9.899999618530273,553700,0.0,0.0
2022-06-09 00:00:00-04:00,9.899999618530273,9.90999984741211,9.899999618530273,9.90999984741211,21600,0.0,0.0
2022-06-10 00:00:00-04:00,9.90999984741211,9.920000076293945,9.90999984741211,9.90999984741211,41000,0.0,0.0
2022-06-13 00:00:00-04:00,9.90999984741211,9.90999984741211,9.899999618530273,9.904999732971191,248100,0.0,0.0
2022-06-14 00:00:00-04:00,9.90999984741211,9.90999984741211,9.899999618530273,9.90999984741211,98400,0.0,0.0
2022-06-15 00:00:00-04:00,9.899999618530273,9.90999984741211,9.899999618530273,9.90999984741211,245300,0.0,0.0
2022-06-16 00:00:00-04:00,9.899999618530273,9.90999984741211,9.890000343322754,9.899999618530273,362700,0.0,0.0
2022-06-17 00:00:00-04:00,9.899999618530273,9.90999984741211,9.890000343322754,9.90999984741211,172800,0.0,0.0
2022-06-21 00:00:00-04:00,9.899999618530273,9.920000076293945,9.890000343322754,9.920000076293945,469200,0.0,0.0
2022-06-22 00:00:00-04:00,9.904000282287598,9.920000076293945,9.899999618530273,9.920000076293945,195300,0.0,0.0
2022-06-23 00:00:00-04:00,9.930000305175781,9.930000305175781,9.899999618530273,9.899999618530273,79000,0.0,0.0
2022-06-24 00:00:00-04:00,9.904999732971191,9.920000076293945,9.899999618530273,9.899999618530273,136200,0.0,0.0
2022-06-27 00:00:00-04:00,9.90999984741211,9.920000076293945,9.899999618530273,9.90999984741211,49900,0.0,0.0
2022-06-28 00:00:00-04:00,9.899999618530273,9.920000076293945,9.899999618530273,9.90999984741211,823700,0.0,0.0
2022-06-29 00:00:00-04:00,9.920000076293945,9.920000076293945,9.90999984741211,9.920000076293945,27400,0.0,0.0
2022-06-30 00:00:00-04:00,9.90999984741211,9.920000076293945,9.90999984741211,9.920000076293945,75300,0.0,0.0
2022-07-01 00:00:00-04:00,9.90999984741211,9.920000076293945,9.90999984741211,9.920000076293945,35900,0.0,0.0
2022-07-05 00:00:00-04:00,9.90999984741211,9.920000076293945,9.90999984741211,9.920000076293945,104500,0.0,0.0
2022-07-06 00:00:00-04:00,9.90999984741211,9.940999984741211,9.90999984741211,9.930000305175781,123000,0.0,0.0
2022-07-07 00:00:00-04:00,9.920000076293945,9.9399995803833,9.920000076293945,9.930000305175781,129700,0.0,0.0
2022-07-08 00:00:00-04:00,9.92199993133545,9.9399995803833,9.920000076293945,9.930000305175781,46700,0.0,0.0
2022-07-11 00:00:00-04:00,9.920000076293945,9.9399995803833,9.920000076293945,9.930000305175781,30100,0.0,0.0
2022-07-12 00:00:00-04:00,9.932000160217285,9.949999809265137,9.930000305175781,9.949999809265137,149700,0.0,0.0
2022-07-13 00:00:00-04:00,9.9399995803833,9.954999923706055,9.9399995803833,9.9399995803833,498200,0.0,0.0
2022-07-14 00:00:00-04:00,9.9399995803833,9.949999809265137,9.930000305175781,9.9399995803833,123900,0.0,0.0
2022-07-15 00:00:00-04:00,9.930000305175781,9.949999809265137,9.930000305175781,9.9399995803833,261300,0.0,0.0
2022-07-18 00:00:00-04:00,9.930000305175781,9.9399995803833,9.930000305175781,9.930000305175781,106100,0.0,0.0
2022-07-19 00:00:00-04:00,9.930000305175781,9.9399995803833,9.930000305175781,9.930000305175781,62100,0.0,0.0
2022-07-20 00:00:00-04:00,9.9399995803833,9.949999809265137,9.930000305175781,9.9399995803833,224100,0.0,0.0
2022-07-21 00:00:00-04:00,9.9399995803833,9.949999809265137,9.9350004196167,9.949999809265137,225100,0.0,0.0
2022-07-22 00:00:00-04:00,9.9399995803833,9.949999809265137,9.9399995803833,9.949999809265137,144700,0.0,0.0
2022-07-25 00:00:00-04:00,9.9399995803833,9.949999809265137,9.9399995803833,9.949999809265137,110700,0.0,0.0
2022-07-26 00:00:00-04:00,9.9399995803833,9.960000038146973,9.9399995803833,9.960000038146973,339000,0.0,0.0
2022-07-27 00:00:00-04:00,9.960000038146973,9.960000038146973,9.949999809265137,9.949999809265137,50000,0.0,0.0
2022-07-28 00:00:00-04:00,9.960000038146973,9.960000038146973,9.949999809265137,9.960000038146973,69400,0.0,0.0
2022-07-29 00:00:00-04:00,9.949999809265137,9.960000038146973,9.949999809265137,9.960000038146973,275900,0.0,0.0
2022-08-01 00:00:00-04:00,9.949999809265137,9.960000038146973,9.949999809265137,9.949999809265137,125000,0.0,0.0
2022-08-02 00:00:00-04:00,9.949999809265137,9.960000038146973,9.949999809265137,9.949999809265137,28500,0.0,0.0
2022-08-03 00:00:00-04:00,9.960000038146973,9.960000038146973,9.949999809265137,9.960000038146973,24700,0.0,0.0
2022-08-04 00:00:00-04:00,9.958999633789062,9.960000038146973,9.949999809265137,9.949999809265137,14800,0.0,0.0
2022-08-05 00:00:00-04:00,9.960000038146973,9.960000038146973,9.949999809265137,9.960000038146973,42200,0.0,0.0
2022-08-08 00:00:00-04:00,9.960000038146973,9.970000267028809,9.960000038146973,9.970000267028809,69500,0.0,0.0
2022-08-09 00:00:00-04:00,9.960000038146973,9.970000267028809,9.960000038146973,9.960000038146973,73100,0.0,0.0
2022-08-10 00:00:00-04:00,9.960000038146973,9.970000267028809,9.960000038146973,9.960000038146973,36700,0.0,0.0
2022-08-11 00:00:00-04:00,9.970000267028809,9.970000267028809,9.960000038146973,9.970000267028809,23000,0.0,0.0
2022-08-12 00:00:00-04:00,9.970000267028809,9.979999542236328,9.960000038146973,9.970000267028809,152800,0.0,0.0
2022-08-15 00:00:00-04:00,9.970000267028809,9.970000267028809,9.960000038146973,9.960000038146973,74500,0.0,0.0
2022-08-16 00:00:00-04:00,9.960000038146973,9.970000267028809,9.960000038146973,9.960000038146973,56900,0.0,0.0
2022-08-17 00:00:00-04:00,9.970000267028809,9.979999542236328,9.960000038146973,9.970000267028809,142700,0.0,0.0
2022-08-18 00:00:00-04:00,9.970000267028809,9.979999542236328,9.970000267028809,9.970000267028809,1385200,0.0,0.0
2022-08-19 00:00:00-04:00,9.970000267028809,9.975000381469727,9.970000267028809,9.970000267028809,21200,0.0,0.0
2022-08-22 00:00:00-04:00,9.970000267028809,9.979999542236328,9.970000267028809,9.979999542236328,15400,0.0,0.0
2022-08-23 00:00:00-04:00,9.970000267028809,9.979999542236328,9.970000267028809,9.975000381469727,11800,0.0,0.0
2022-08-24 00:00:00-04:00,9.975000381469727,9.979999542236328,9.970000267028809,9.979999542236328,84100,0.0,0.0
2022-08-25 00:00:00-04:00,9.979999542236328,9.989999771118164,9.979999542236328,9.979999542236328,86500,0.0,0.0
2022-08-26 00:00:00-04:00,9.979999542236328,9.989999771118164,9.979999542236328,9.979999542236328,222500,0.0,0.0
2022-08-29 00:00:00-04:00,9.979999542236328,9.989999771118164,9.979999542236328,9.979999542236328,133500,0.0,0.0
2022-08-30 00:00:00-04:00,9.979999542236328,9.984999656677246,9.979999542236328,9.984999656677246,312400,0.0,0.0
2022-08-31 00:00:00-04:00,9.979999542236328,9.989999771118164,9.979999542236328,9.984999656677246,85000,0.0,0.0
2022-09-01 00:00:00-04:00,9.979999542236328,10.0,9.979999542236328,10.0,140400,0.0,0.0
2022-09-02 00:00:00-04:00,9.989999771118164,10.0,9.989999771118164,9.989999771118164,51000,0.0,0.0
2022-09-06 00:00:00-04:00,9.989999771118164,10.0,9.989999771118164,10.0,23200,0.0,0.0
2022-09-07 00:00:00-04:00,10.0,10.0,9.989999771118164,9.994999885559082,79600,0.0,0.0
2022-09-08 00:00:00-04:00,10.0,10.010000228881836,10.0,10.005000114440918,135100,0.0,0.0
2022-09-09 00:00:00-04:00,10.0,10.010000228881836,10.0,10.0,14400,0.0,0.0
2022-09-12 00:00:00-04:00,10.0,10.010000228881836,10.0,10.010000228881836,110100,0.0,0.0
2022-09-13 00:00:00-04:00,10.0,10.010000228881836,10.0,10.005000114440918,60300,0.0,0.0
2022-09-14 00:00:00-04:00,10.010000228881836,10.020000457763672,10.0,10.0,2506800,0.0,0.0
2022-09-15 00:00:00-04:00,10.005000114440918,10.010000228881836,10.0,10.005000114440918,172300,0.0,0.0
2022-09-16 00:00:00-04:00,10.010000228881836,10.020000457763672,10.0,10.010000228881836,60800,0.0,0.0
2022-09-19 00:00:00-04:00,10.010000228881836,10.029999732971191,10.010000228881836,10.029999732971191,1624300,0.0,0.0
2022-09-20 00:00:00-04:00,10.020000457763672,10.029999732971191,10.020000457763672,10.024999618530273,338800,0.0,0.0
2022-09-21 00:00:00-04:00,10.020000457763672,10.029999732971191,10.020000457763672,10.020000457763672,230500,0.0,0.0
2022-09-22 00:00:00-04:00,10.020000457763672,10.029999732971191,10.020000457763672,10.020000457763672,266700,0.0,0.0
2022-09-23 00:00:00-04:00,10.020000457763672,10.029999732971191,10.020000457763672,10.020000457763672,124000,0.0,0.0
2022-09-26 00:00:00-04:00,10.020000457763672,10.027000427246094,10.010000228881836,10.020000457763672,199500,0.0,0.0
2022-09-27 00:00:00-04:00,10.020000457763672,10.029999732971191,10.010000228881836,10.020000457763672,127400,0.0,0.0
2022-09-28 00:00:00-04:00,10.020000457763672,10.029999732971191,10.020000457763672,10.020000457763672,77600,0.0,0.0
2022-09-29 00:00:00-04:00,10.029999732971191,10.039999961853027,10.029999732971191,10.029999732971191,263200,0.0,0.0
2022-09-30 00:00:00-04:00,10.03499984741211,10.039999961853027,10.029999732971191,10.03499984741211,55400,0.0,0.0
2022-10-03 00:00:00-04:00,10.029999732971191,10.038000106811523,10.029999732971191,10.029999732971191,54900,0.0,0.0
2022-10-04 00:00:00-04:00,10.029999732971191,10.039999961853027,10.029999732971191,10.029999732971191,81500,0.0,0.0
2022-10-05 00:00:00-04:00,10.020000457763672,10.039999961853027,10.020000457763672,10.039999961853027,160600,0.0,0.0
2022-10-06 00:00:00-04:00,10.039999961853027,10.050000190734863,10.039999961853027,10.050000190734863,267700,0.0,0.0
2022-10-07 00:00:00-04:00,10.020000457763672,10.050000190734863,10.020000457763672,10.050000190734863,39900,0.0,0.0
2022-10-10 00:00:00-04:00,10.0,10.045000076293945,10.0,10.020000457763672,37700,0.0,0.0
2022-10-11 00:00:00-04:00,10.0,10.020000457763672,10.0,10.0,48800,0.0,0.0
2022-10-12 00:00:00-04:00,9.989999771118164,10.008999824523926,9.989999771118164,9.989999771118164,26600,0.0,0.0
2022-10-13 00:00:00-04:00,9.970000267028809,9.970000267028809,9.920000076293945,9.920000076293945,38000,0.0,0.0
2022-10-14 00:00:00-04:00,9.916000366210938,9.930000305175781,9.789999961853027,9.829999923706055,241000,0.0,0.0
2022-10-17 00:00:00-04:00,9.829999923706055,10.0,9.829999923706055,9.920000076293945,119200,0.0,0.0
2022-10-18 00:00:00-04:00,9.890000343322754,9.890000343322754,9.829999923706055,9.829999923706055,52900,0.0,0.0
2022-10-19 00:00:00-04:00,9.829999923706055,9.869999885559082,9.829999923706055,9.845000267028809,41500,0.0,0.0
2022-10-20 00:00:00-04:00,9.835000038146973,9.890000343322754,9.835000038146973,9.869999885559082,18900,0.0,0.0
2022-10-21 00:00:00-04:00,9.850000381469727,9.854999542236328,9.829999923706055,9.829999923706055,18800,0.0,0.0
2022-10-24 00:00:00-04:00,9.829999923706055,9.850000381469727,9.829999923706055,9.829999923706055,83900,0.0,0.0
2022-10-25 00:00:00-04:00,9.85099983215332,9.899999618530273,9.84000015258789,9.899999618530273,39900,0.0,0.0
2022-10-26 00:00:00-04:00,9.890000343322754,9.90999984741211,9.850000381469727,9.880000114440918,58800,0.0,0.0
2022-10-27 00:00:00-04:00,9.859999656677246,9.885000228881836,9.859999656677246,9.875,6200,0.0,0.0
2022-10-28 00:00:00-04:00,9.869999885559082,9.875,9.859999656677246,9.869999885559082,15600,0.0,0.0
2022-10-31 00:00:00-04:00,9.850000381469727,9.859999656677246,9.850000381469727,9.850000381469727,9900,0.0,0.0
2022-11-01 00:00:00-04:00,9.84000015258789,9.850000381469727,9.84000015258789,9.84000015258789,35900,0.0,0.0
2022-11-02 00:00:00-04:00,9.835000038146973,9.84000015258789,9.829999923706055,9.84000015258789,19500,0.0,0.0
2022-11-03 00:00:00-04:00,9.850000381469727,9.850000381469727,9.833000183105469,9.850000381469727,7800,0.0,0.0
2022-11-04 00:00:00-04:00,9.835000038146973,9.850000381469727,9.829999923706055,9.845000267028809,18800,0.0,0.0
2022-11-07 00:00:00-05:00,9.850000381469727,9.850000381469727,9.829999923706055,9.850000381469727,8200,0.0,0.0
2022-11-08 00:00:00-05:00,9.829999923706055,9.84000015258789,9.829999923706055,9.829999923706055,7500,0.0,0.0
2022-11-09 00:00:00-05:00,9.829999923706055,9.84000015258789,9.829999923706055,9.84000015258789,20700,0.0,0.0
2022-11-10 00:00:00-05:00,9.829999923706055,9.84000015258789,9.829999923706055,9.829999923706055,28100,0.0,0.0
2022-11-11 00:00:00-05:00,9.829999923706055,9.84000015258789,9.829999923706055,9.84000015258789,18200,0.0,0.0
2022-11-14 00:00:00-05:00,9.829999923706055,9.84000015258789,9.829999923706055,9.829999923706055,5100,0.0,0.0
2022-11-15 00:00:00-05:00,9.833000183105469,9.84000015258789,9.829999923706055,9.84000015258789,36400,0.0,0.0
2022-11-16 00:00:00-05:00,9.829999923706055,9.836000442504883,9.829999923706055,9.829999923706055,8600,0.0,0.0
2022-11-17 00:00:00-05:00,9.829999923706055,9.84000015258789,9.829999923706055,9.84000015258789,11300,0.0,0.0
2022-11-18 00:00:00-05:00,9.819999694824219,9.84000015258789,9.819999694824219,9.835000038146973,26600,0.0,0.0
2022-11-21 00:00:00-05:00,9.819999694824219,9.84000015258789,9.819999694824219,9.829999923706055,17800,0.0,0.0
2022-11-22 00:00:00-05:00,9.819999694824219,9.829999923706055,9.819999694824219,9.829999923706055,6900,0.0,0.0
2022-11-23 00:00:00-05:00,9.819999694824219,9.821999549865723,9.819999694824219,9.821000099182129,14300,0.0,0.0
2022-11-25 00:00:00-05:00,9.819999694824219,9.829999923706055,9.819999694824219,9.829999923706055,6000,0.0,0.0
2022-11-28 00:00:00-05:00,9.819999694824219,9.84000015258789,9.819999694824219,9.819999694824219,19100,0.0,0.0
2022-11-29 00:00:00-05:00,9.819999694824219,9.84000015258789,9.819999694824219,9.84000015258789,10600,0.0,0.0
2022-11-30 00:00:00-05:00,9.829999923706055,9.84000015258789,9.819999694824219,9.84000015258789,33600,0.0,0.0
2022-12-01 00:00:00-05:00,9.829999923706055,9.84000015258789,9.829999923706055,9.835000038146973,12100,0.0,0.0
2022-12-02 00:00:00-05:00,9.84000015258789,9.850000381469727,9.84000015258789,9.850000381469727,8100,0.0,0.0
2022-12-05 00:00:00-05:00,9.850000381469727,9.859999656677246,9.847000122070312,9.850000381469727,36100,0.0,0.0
2022-12-06 00:00:00-05:00,9.850000381469727,9.859999656677246,9.850000381469727,9.850000381469727,24600,0.0,0.0
2022-12-07 00:00:00-05:00,9.859999656677246,9.869999885559082,9.859999656677246,9.864999771118164,41700,0.0,0.0
2022-12-08 00:00:00-05:00,9.859999656677246,9.869999885559082,9.859999656677246,9.864999771118164,21800,0.0,0.0
2022-12-09 00:00:00-05:00,9.859999656677246,9.864999771118164,9.859999656677246,9.859999656677246,39200,0.0,0.0
2022-12-12 00:00:00-05:00,9.859999656677246,9.869000434875488,9.850000381469727,9.850000381469727,15100,0.0,0.0
2022-12-13 00:00:00-05:00,9.850000381469727,9.859999656677246,9.850000381469727,9.859999656677246,28700,0.0,0.0
2022-12-14 00:00:00-05:00,9.859999656677246,9.869999885559082,9.859999656677246,9.859999656677246,19800,0.0,0.0
2022-12-15 00:00:00-05:00,9.859999656677246,9.880000114440918,9.859999656677246,9.880000114440918,46500,0.0,0.0
2022-12-16 00:00:00-05:00,9.869999885559082,9.869999885559082,9.859999656677246,9.869999885559082,18800,0.0,0.0
2022-12-19 00:00:00-05:00,9.859999656677246,9.869999885559082,9.859999656677246,9.861000061035156,23100,0.0,0.0
2022-12-20 00:00:00-05:00,9.864999771118164,9.904999732971191,9.859999656677246,9.899999618530273,81300,0.0,0.0
2022-12-21 00:00:00-05:00,9.880000114440918,9.904999732971191,9.880000114440918,9.899999618530273,15500,0.0,0.0
2022-12-22 00:00:00-05:00,9.880000114440918,9.90999984741211,9.869999885559082,9.90999984741211,41300,0.0,0.0
2022-12-23 00:00:00-05:00,9.880000114440918,9.899999618530273,9.880000114440918,9.887999534606934,32600,0.0,0.0
2022-12-27 00:00:00-05:00,9.880000114440918,9.925000190734863,9.880000114440918,9.906000137329102,47500,0.0,0.0
2022-12-28 00:00:00-05:00,9.899999618530273,9.913000106811523,9.890000343322754,9.904999732971191,24000,0.0,0.0
2022-12-29 00:00:00-05:00,9.899999618530273,9.914999961853027,9.899999618530273,9.914999961853027,60600,0.0,0.0
2022-12-30 00:00:00-05:00,9.90999984741211,9.914999961853027,9.899999618530273,9.90999984741211,33800,0.0,0.0
2023-01-03 00:00:00-05:00,9.90999984741211,9.930000305175781,9.899999618530273,9.930000305175781,27900,0.0,0.0
2023-01-04 00:00:00-05:00,9.920000076293945,9.930000305175781,9.90999984741211,9.930000305175781,22700,0.0,0.0
2023-01-05 00:00:00-05:00,9.920000076293945,9.932000160217285,9.90999984741211,9.930000305175781,37600,0.0,0.0
2023-01-06 00:00:00-05:00,9.930000305175781,9.9399995803833,9.930000305175781,9.9399995803833,27200,0.0,0.0
2023-01-09 00:00:00-05:00,9.9350004196167,9.960000038146973,9.920000076293945,9.949999809265137,181700,0.0,0.0
2023-01-10 00:00:00-05:00,9.9399995803833,9.960000038146973,9.9399995803833,9.949999809265137,15400,0.0,0.0
2023-01-11 00:00:00-05:00,9.9399995803833,9.975000381469727,9.9399995803833,9.970000267028809,9200,0.0,0.0
2023-01-12 00:00:00-05:00,9.96500015258789,9.970000267028809,9.960000038146973,9.970000267028809,17900,0.0,0.0
2023-01-13 00:00:00-05:00,9.960000038146973,9.984999656677246,9.960000038146973,9.979999542236328,27800,0.0,0.0
2023-01-17 00:00:00-05:00,9.960000038146973,9.989999771118164,9.960000038146973,9.989999771118164,12900,0.0,0.0
2023-01-18 00:00:00-05:00,10.0,10.020000457763672,9.979999542236328,9.984999656677246,35500,0.0,0.0
2023-01-19 00:00:00-05:00,9.979999542236328,10.050000190734863,9.979999542236328,10.050000190734863,57700,0.0,0.0
2023-01-20 00:00:00-05:00,10.0600004196167,10.0600004196167,10.0,10.020000457763672,212900,0.0,0.0
2023-01-23 00:00:00-05:00,10.0,10.09000015258789,10.0,10.069999694824219,92200,0.0,0.0
2023-01-24 00:00:00-05:00,10.069999694824219,10.109999656677246,10.0600004196167,10.0600004196167,24000,0.0,0.0
2023-01-25 00:00:00-05:00,10.039999961853027,10.050000190734863,10.029999732971191,10.039999961853027,6900,0.0,0.0
2023-01-26 00:00:00-05:00,10.039999961853027,10.039999961853027,10.020000457763672,10.020000457763672,19000,0.0,0.0
2023-01-27 00:00:00-05:00,10.020000457763672,10.022000312805176,10.010000228881836,10.010000228881836,28900,0.0,0.0
2023-01-30 00:00:00-05:00,9.989999771118164,10.01200008392334,9.989999771118164,10.0,18900,0.0,0.0
2023-01-31 00:00:00-05:00,10.0,10.020000457763672,10.0,10.0,32100,0.0,0.0
2023-02-01 00:00:00-05:00,10.0,10.012999534606934,10.0,10.0,36100,0.0,0.0
2023-02-02 00:00:00-05:00,10.0,10.020000457763672,9.989999771118164,9.989999771118164,758900,0.0,0.0
2023-02-03 00:00:00-05:00,9.989999771118164,10.020000457763672,9.989999771118164,10.0,1331500,0.0,0.0
2023-02-06 00:00:00-05:00,10.0,10.020000457763672,10.0,10.0,273000,0.0,0.0
2023-02-07 00:00:00-05:00,10.050000190734863,10.050000190734863,10.0,10.010000228881836,124800,0.0,0.0
2023-02-08 00:00:00-05:00,10.010000228881836,10.029999732971191,10.010000228881836,10.010000228881836,26700,0.0,0.0
2023-02-09 00:00:00-05:00,10.010000228881836,10.041000366210938,10.005000114440918,10.020000457763672,88100,0.0,0.0
2023-02-10 00:00:00-05:00,10.020000457763672,10.029999732971191,10.010000228881836,10.010000228881836,17400,0.0,0.0
2023-02-13 00:00:00-05:00,10.010000228881836,10.020000457763672,10.010000228881836,10.010000228881836,13900,0.0,0.0
2023-02-14 00:00:00-05:00,10.010000228881836,10.050000190734863,10.010000228881836,10.029999732971191,76300,0.0,0.0
2023-02-15 00:00:00-05:00,10.027000427246094,10.029999732971191,10.020000457763672,10.020000457763672,5000,0.0,0.0
2023-02-16 00:00:00-05:00,10.027999877929688,10.029000282287598,10.020000457763672,10.020000457763672,113600,0.0,0.0
2023-02-17 00:00:00-05:00,10.020000457763672,10.031000137329102,10.020000457763672,10.020000457763672,11300,0.0,0.0
2023-02-21 00:00:00-05:00,10.039999961853027,10.0600004196167,10.029999732971191,10.029999732971191,43300,0.0,0.0
2023-02-22 00:00:00-05:00,10.039999961853027,10.039999961853027,10.029999732971191,10.029999732971191,36200,0.0,0.0
2023-02-23 00:00:00-05:00,10.029999732971191,10.038999557495117,10.029999732971191,10.029999732971191,20500,0.0,0.0
2023-02-24 00:00:00-05:00,10.029999732971191,10.0600004196167,10.029999732971191,10.029999732971191,14600,0.0,0.0
2023-02-27 00:00:00-05:00,10.029999732971191,10.055000305175781,10.029999732971191,10.029999732971191,4000,0.0,0.0
2023-02-28 00:00:00-05:00,10.029999732971191,10.039999961853027,10.029999732971191,10.029999732971191,6700,0.0,0.0
2023-03-01 00:00:00-05:00,10.029999732971191,10.031999588012695,10.029999732971191,10.029999732971191,20000,0.0,0.0
2023-03-02 00:00:00-05:00,10.029999732971191,10.039999961853027,10.029999732971191,10.039999961853027,17800,0.0,0.0
2023-03-03 00:00:00-05:00,10.029999732971191,10.039999961853027,10.029999732971191,10.029999732971191,30500,0.0,0.0
2023-03-06 00:00:00-05:00,10.029999732971191,10.029999732971191,10.029999732971191,10.029999732971191,11900,0.0,0.0
2023-03-07 00:00:00-05:00,10.020000457763672,10.039999961853027,10.020000457763672,10.029999732971191,23200,0.0,0.0
2023-03-08 00:00:00-05:00,10.029999732971191,10.050000190734863,10.020000457763672,10.050000190734863,52700,0.0,0.0
2023-03-09 00:00:00-05:00,10.050000190734863,10.050000190734863,10.039999961853027,10.039999961853027,5300,0.0,0.0
2023-03-10 00:00:00-05:00,10.029999732971191,10.050000190734863,10.029999732971191,10.039999961853027,32700,0.0,0.0
2023-03-13 00:00:00-04:00,10.020000457763672,10.050000190734863,10.020000457763672,10.039999961853027,42400,0.0,0.0
2023-03-14 00:00:00-04:00,10.029999732971191,10.039999961853027,10.029999732971191,10.029999732971191,14000,0.0,0.0
2023-03-15 00:00:00-04:00,10.029999732971191,10.039999961853027,10.020000457763672,10.039999961853027,65200,0.0,0.0
2023-03-16 00:00:00-04:00,10.029999732971191,10.039999961853027,10.029999732971191,10.029999732971191,64900,0.0,0.0
2023-03-17 00:00:00-04:00,10.020000457763672,10.039999961853027,10.020000457763672,10.039999961853027,11600,0.0,0.0
2023-03-20 00:00:00-04:00,9.960000038146973,10.050000190734863,9.84000015258789,10.039999961853027,53500,0.0,0.0
2023-03-21 00:00:00-04:00,10.029999732971191,10.039999961853027,10.029999732971191,10.03499984741211,21700,0.0,0.0
2023-03-22 00:00:00-04:00,10.039999961853027,10.069999694824219,10.031999588012695,10.0600004196167,25700,0.0,0.0
2023-03-23 00:00:00-04:00,10.0600004196167,10.069999694824219,10.050000190734863,10.0649995803833,16700,0.0,0.0
2023-03-24 00:00:00-04:00,10.0600004196167,10.079999923706055,10.0600004196167,10.069999694824219,12900,0.0,0.0
2023-03-27 00:00:00-04:00,10.0600004196167,10.079999923706055,10.0600004196167,10.0600004196167,14400,0.0,0.0
2023-03-28 00:00:00-04:00,10.0600004196167,10.083000183105469,10.050000190734863,10.079999923706055,34500,0.0,0.0
2023-03-29 00:00:00-04:00,10.079999923706055,10.079999923706055,10.069999694824219,10.079999923706055,5300,0.0,0.0
2023-03-30 00:00:00-04:00,10.069999694824219,10.079999923706055,10.069999694824219,10.079999923706055,28400,0.0,0.0
2023-03-31 00:00:00-04:00,10.069999694824219,10.079999923706055,10.069999694824219,10.074999809265137,9200,0.0,0.0
2023-04-03 00:00:00-04:00,10.069999694824219,10.079999923706055,10.069999694824219,10.079999923706055,14300,0.0,0.0
2023-04-04 00:00:00-04:00,10.069999694824219,10.079999923706055,10.069999694824219,10.069999694824219,9100,0.0,0.0
2023-04-05 00:00:00-04:00,10.069999694824219,10.079999923706055,10.069999694824219,10.069999694824219,4100,0.0,0.0
2023-04-06 00:00:00-04:00,10.069999694824219,10.079999923706055,10.0600004196167,10.0600004196167,30400,0.0,0.0
2023-04-10 00:00:00-04:00,10.0600004196167,10.0600004196167,10.050000190734863,10.050000190734863,11400,0.0,0.0
2023-04-11 00:00:00-04:00,10.050000190734863,10.069999694824219,10.039999961853027,10.039999961853027,15300,0.0,0.0
2023-04-12 00:00:00-04:00,9.9399995803833,10.03499984741211,9.9399995803833,10.022000312805176,10100,0.0,0.0
2023-04-13 00:00:00-04:00,10.0,10.029999732971191,10.0,10.020000457763672,40300,0.0,0.0
2023-04-14 00:00:00-04:00,10.010000228881836,10.050000190734863,10.010000228881836,10.029999732971191,19400,0.0,0.0
2023-04-17 00:00:00-04:00,10.024999618530273,10.039999961853027,10.024999618530273,10.039999961853027,13100,0.0,0.0
2023-04-18 00:00:00-04:00,10.010000228881836,10.039999961853027,10.010000228881836,10.034000396728516,18100,0.0,0.0
2023-04-19 00:00:00-04:00,10.029999732971191,10.039999961853027,10.029999732971191,10.029999732971191,27900,0.0,0.0
2023-04-20 00:00:00-04:00,10.029999732971191,10.045000076293945,10.020000457763672,10.020000457763672,197900,0.0,0.0
2023-04-21 00:00:00-04:00,10.01099967956543,10.024999618530273,10.010000228881836,10.01200008392334,47200,0.0,0.0
2023-04-24 00:00:00-04:00,10.020000457763672,10.029999732971191,10.010000228881836,10.010000228881836,49500,0.0,0.0
2023-04-25 00:00:00-04:00,9.989999771118164,10.020000457763672,9.989999771118164,10.010000228881836,15500,0.0,0.0
2023-04-26 00:00:00-04:00,10.020000457763672,10.029999732971191,10.020000457763672,10.029999732971191,32800,0.0,0.0
2023-04-27 00:00:00-04:00,10.024999618530273,10.055000305175781,10.020000457763672,10.050000190734863,85700,0.0,0.0
2023-04-28 00:00:00-04:00,10.029999732971191,10.050000190734863,10.029999732971191,10.039999961853027,16400,0.0,0.0
2023-05-01 00:00:00-04:00,10.029999732971191,10.050000190734863,10.029999732971191,10.039999961853027,25400,0.0,0.0
2023-05-02 00:00:00-04:00,10.029999732971191,10.039999961853027,10.029999732971191,10.039999961853027,20700,0.0,0.0
2023-05-03 00:00:00-04:00,10.0600004196167,10.079999923706055,10.0600004196167,10.079999923706055,111200,0.0,0.0
2023-05-04 00:00:00-04:00,10.069999694824219,10.079999923706055,10.069999694824219,10.079999923706055,28900,0.0,0.0
2023-05-05 00:00:00-04:00,10.069999694824219,10.079999923706055,10.069999694824219,10.079000473022461,15500,0.0,0.0
2023-05-08 00:00:00-04:00,10.074999809265137,10.09000015258789,10.069999694824219,10.079999923706055,22800,0.0,0.0
2023-05-09 00:00:00-04:00,10.079999923706055,10.149999618530273,10.079999923706055,10.114999771118164,59500,0.0,0.0
2023-05-10 00:00:00-04:00,10.119999885559082,10.119999885559082,10.100000381469727,10.119999885559082,36300,0.0,0.0
2023-05-11 00:00:00-04:00,10.100000381469727,10.138999938964844,10.100000381469727,10.119000434875488,20100,0.0,0.0
2023-05-12 00:00:00-04:00,10.130000114440918,10.140000343322754,10.119999885559082,10.119999885559082,10400,0.0,0.0
2023-05-15 00:00:00-04:00,10.133000373840332,10.145000457763672,10.130000114440918,10.140000343322754,9400,0.0,0.0
2023-05-16 00:00:00-04:00,10.140000343322754,10.300000190734863,10.140000343322754,10.199999809265137,39900,0.0,0.0
2023-05-17 00:00:00-04:00,10.140000343322754,10.180000305175781,10.140000343322754,10.170000076293945,8500,0.0,0.0
2023-05-18 00:00:00-04:00,10.149999618530273,10.199999809265137,10.149999618530273,10.170000076293945,18600,0.0,0.0
2023-05-19 00:00:00-04:00,10.149999618530273,10.199999809265137,10.149999618530273,10.199999809265137,78400,0.0,0.0
2023-05-22 00:00:00-04:00,10.199999809265137,10.199999809265137,10.170000076293945,10.1899995803833,226800,0.0,0.0
2023-05-23 00:00:00-04:00,10.180000305175781,10.199999809265137,10.180000305175781,10.199999809265137,254400,0.0,0.0
2023-05-24 00:00:00-04:00,10.180000305175781,10.1899995803833,10.180000305175781,10.1850004196167,12500,0.0,0.0
2023-05-25 00:00:00-04:00,10.199999809265137,10.199999809265137,10.180000305175781,10.1899995803833,103100,0.0,0.0
2023-05-26 00:00:00-04:00,10.1899995803833,10.199999809265137,10.180000305175781,10.192999839782715,53500,0.0,0.0
2023-05-30 00:00:00-04:00,10.220000267028809,10.222000122070312,10.1899995803833,10.1899995803833,59000,0.0,0.0
2023-05-31 00:00:00-04:00,10.1899995803833,10.229999542236328,10.180000305175781,10.1899995803833,38700,0.0,0.0
2023-06-01 00:00:00-04:00,10.180000305175781,10.194999694824219,10.180000305175781,10.1899995803833,32900,0.0,0.0
2023-06-02 00:00:00-04:00,10.180000305175781,10.199999809265137,10.180000305175781,10.1899995803833,64700,0.0,0.0
2023-06-05 00:00:00-04:00,10.180000305175781,10.199999809265137,10.180000305175781,10.1899995803833,414500,0.0,0.0
2023-06-06 00:00:00-04:00,10.180000305175781,10.199999809265137,10.180000305175781,10.1899995803833,272900,0.0,0.0
2023-06-07 00:00:00-04:00,10.1899995803833,10.204000473022461,10.1899995803833,10.199999809265137,18900,0.0,0.0
2023-06-08 00:00:00-04:00,10.199999809265137,10.210000038146973,10.199999809265137,10.199999809265137,21000,0.0,0.0
2023-06-09 00:00:00-04:00,10.194999694824219,10.210000038146973,10.1899995803833,10.199999809265137,106600,0.0,0.0
2023-06-12 00:00:00-04:00,10.199999809265137,10.210000038146973,10.199999809265137,10.210000038146973,46700,0.0,0.0
2023-06-13 00:00:00-04:00,10.199999809265137,10.220000267028809,10.199999809265137,10.210000038146973,17700,0.0,0.0
2023-06-14 00:00:00-04:00,10.199999809265137,10.210000038146973,10.199999809265137,10.199999809265137,81600,0.0,0.0
2023-06-15 00:00:00-04:00,10.1899995803833,10.239999771118164,10.1899995803833,10.220000267028809,242900,0.0,0.0
2023-06-16 00:00:00-04:00,10.1899995803833,10.229999542236328,10.1899995803833,10.229999542236328,220900,0.0,0.0
2023-06-20 00:00:00-04:00,10.199999809265137,10.229999542236328,10.199999809265137,10.220000267028809,11900,0.0,0.0
2023-06-21 00:00:00-04:00,10.220000267028809,10.239999771118164,10.220000267028809,10.239999771118164,19100,0.0,0.0
2023-06-22 00:00:00-04:00,10.239999771118164,10.239999771118164,10.229999542236328,10.239999771118164,13200,0.0,0.0
2023-06-23 00:00:00-04:00,10.229999542236328,10.239999771118164,10.229999542236328,10.239999771118164,10300,0.0,0.0
2023-06-26 00:00:00-04:00,10.220000267028809,10.234999656677246,10.220000267028809,10.229999542236328,7800,0.0,0.0
2023-06-27 00:00:00-04:00,10.229999542236328,10.25,10.229999542236328,10.25,45400,0.0,0.0
2023-06-28 00:00:00-04:00,10.220000267028809,10.300000190734863,10.220000267028809,10.270000457763672,843100,0.0,0.0
2023-06-29 00:00:00-04:00,10.279999732971191,10.279999732971191,10.260000228881836,10.270000457763672,2800,0.0,0.0
2023-06-30 00:00:00-04:00,10.270000457763672,10.270000457763672,10.260000228881836,10.270000457763672,12800,0.0,0.0
2023-07-03 00:00:00-04:00,10.260000228881836,10.270000457763672,10.260000228881836,10.270000457763672,6900,0.0,0.0
2023-07-05 00:00:00-04:00,10.25,10.279999732971191,10.25,10.270000457763672,6900,0.0,0.0
2023-07-06 00:00:00-04:00,10.260000228881836,10.279999732971191,10.260000228881836,10.279999732971191,17900,0.0,0.0
2023-07-07 00:00:00-04:00,10.270000457763672,10.279999732971191,10.270000457763672,10.279999732971191,4800,0.0,0.0
2023-07-10 00:00:00-04:00,10.274999618530273,10.274999618530273,10.270000457763672,10.270000457763672,14700,0.0,0.0
2023-07-11 00:00:00-04:00,10.270000457763672,10.289999961853027,10.260000228881836,10.289999961853027,105400,0.0,0.0
2023-07-12 00:00:00-04:00,10.260000228881836,10.289999961853027,10.260000228881836,10.289999961853027,11500,0.0,0.0
2023-07-13 00:00:00-04:00,10.274999618530273,10.300000190734863,10.26099967956543,10.300000190734863,59400,0.0,0.0
2023-07-14 00:00:00-04:00,10.260000228881836,10.300000190734863,10.260000228881836,10.300000190734863,7500,0.0,0.0
2023-07-17 00:00:00-04:00,10.270000457763672,10.300000190734863,10.270000457763672,10.295000076293945,9400,0.0,0.0
2023-07-18 00:00:00-04:00,10.279999732971191,10.300000190734863,10.279999732971191,10.300000190734863,39000,0.0,0.0
2023-07-19 00:00:00-04:00,10.270000457763672,10.3100004196167,10.270000457763672,10.3100004196167,15200,0.0,0.0
2023-07-20 00:00:00-04:00,10.300000190734863,10.3100004196167,10.300000190734863,10.300000190734863,10000,0.0,0.0
2023-07-21 00:00:00-04:00,10.279999732971191,10.305000305175781,10.279999732971191,10.305000305175781,37000,0.0,0.0
2023-07-24 00:00:00-04:00,10.300000190734863,10.305000305175781,10.289999961853027,10.300000190734863,21800,0.0,0.0
2023-07-25 00:00:00-04:00,10.300000190734863,10.3100004196167,10.289999961853027,10.3100004196167,8700,0.0,0.0
2023-07-26 00:00:00-04:00,10.289999961853027,10.3100004196167,10.289999961853027,10.3100004196167,12200,0.0,0.0
2023-07-27 00:00:00-04:00,10.300000190734863,10.319999694824219,10.289999961853027,10.319999694824219,12400,0.0,0.0
2023-07-28 00:00:00-04:00,10.300000190734863,10.34000015258789,10.289999961853027,10.34000015258789,25800,0.0,0.0
2023-07-31 00:00:00-04:00,10.319999694824219,10.319999694824219,10.289999961853027,10.300000190734863,16600,0.0,0.0
2023-08-01 00:00:00-04:00,10.289999961853027,10.3100004196167,10.289999961853027,10.300000190734863,30300,0.0,0.0
2023-08-02 00:00:00-04:00,10.300000190734863,10.319999694824219,10.289999961853027,10.300000190734863,18200,0.0,0.0
2023-08-03 00:00:00-04:00,10.3100004196167,10.319999694824219,10.289999961853027,10.300000190734863,16400,0.0,0.0
2023-08-04 00:00:00-04:00,10.289999961853027,10.3149995803833,10.289999961853027,10.289999961853027,18300,0.0,0.0
2023-08-07 00:00:00-04:00,10.289999961853027,10.3100004196167,10.289999961853027,10.300000190734863,83200,0.0,0.0
2023-08-08 00:00:00-04:00,10.289999961853027,10.305000305175781,10.289999961853027,10.300000190734863,2700,0.0,0.0
2023-08-09 00:00:00-04:00,10.302000045776367,10.305999755859375,10.300000190734863,10.305000305175781,1800,0.0,0.0
2023-08-10 00:00:00-04:00,10.3100004196167,10.319999694824219,10.3100004196167,10.3100004196167,35100,0.0,0.0
2023-08-11 00:00:00-04:00,10.3100004196167,10.321000099182129,10.3100004196167,10.319999694824219,36300,0.0,0.0
2023-08-14 00:00:00-04:00,10.319999694824219,10.329999923706055,10.319999694824219,10.319999694824219,3800,0.0,0.0
2023-08-15 00:00:00-04:00,10.34000015258789,10.34000015258789,10.3100004196167,10.319999694824219,14000,0.0,0.0
2023-08-16 00:00:00-04:00,10.3149995803833,10.321999549865723,10.3100004196167,10.319999694824219,14800,0.0,0.0
2023-08-17 00:00:00-04:00,10.319999694824219,10.350000381469727,10.3100004196167,10.319999694824219,10300,0.0,0.0
2023-08-18 00:00:00-04:00,10.324999809265137,10.324999809265137,10.319999694824219,10.319999694824219,5200,0.0,0.0
2023-08-21 00:00:00-04:00,10.324000358581543,10.32699966430664,10.319999694824219,10.319999694824219,6700,0.0,0.0
2023-08-22 00:00:00-04:00,10.319999694824219,10.34000015258789,10.319999694824219,10.329999923706055,259600,0.0,0.0
2023-08-23 00:00:00-04:00,10.430000305175781,10.430000305175781,10.319999694824219,10.319999694824219,30800,0.0,0.0
2023-08-24 00:00:00-04:00,10.329999923706055,10.34000015258789,10.3100004196167,10.319999694824219,20300,0.0,0.0
2023-08-25 00:00:00-04:00,10.329999923706055,10.350000381469727,10.319999694824219,10.329999923706055,106900,0.0,0.0
2023-08-28 00:00:00-04:00,10.350000381469727,10.350000381469727,10.329999923706055,10.329999923706055,6400,0.0,0.0
2023-08-29 00:00:00-04:00,10.319999694824219,10.350000381469727,10.319999694824219,10.329999923706055,14400,0.0,0.0
2023-08-30 00:00:00-04:00,10.329999923706055,10.34000015258789,10.319999694824219,10.329999923706055,5500,0.0,0.0
2023-08-31 00:00:00-04:00,10.319999694824219,10.34000015258789,10.319999694824219,10.329999923706055,7300,0.0,0.0
2023-09-01 00:00:00-04:00,10.329999923706055,10.329999923706055,10.319999694824219,10.329999923706055,11900,0.0,0.0
2023-09-05 00:00:00-04:00,10.324999809265137,10.350000381469727,10.319999694824219,10.345000267028809,8800,0.0,0.0
2023-09-06 00:00:00-04:00,10.329999923706055,10.350000381469727,10.329999923706055,10.345000267028809,10200,0.0,0.0
2023-09-07 00:00:00-04:00,10.350000381469727,10.359999656677246,10.329999923706055,10.329999923706055,20000,0.0,0.0
2023-09-08 00:00:00-04:00,10.329999923706055,10.359999656677246,10.329999923706055,10.350000381469727,16400,0.0,0.0
2023-09-11 00:00:00-04:00,10.350000381469727,10.359999656677246,10.347999572753906,10.350000381469727,3800,0.0,0.0
2023-09-12 00:00:00-04:00,10.34000015258789,10.359999656677246,10.34000015258789,10.350000381469727,10500,0.0,0.0
2023-09-13 00:00:00-04:00,10.350000381469727,10.359999656677246,10.350000381469727,10.350000381469727,9900,0.0,0.0
2023-09-14 00:00:00-04:00,10.350000381469727,10.359999656677246,10.350000381469727,10.350000381469727,18100,0.0,0.0
2023-09-15 00:00:00-04:00,10.350000381469727,10.354999542236328,10.350000381469727,10.350000381469727,53700,0.0,0.0
2023-09-18 00:00:00-04:00,10.350000381469727,10.357000350952148,10.350000381469727,10.350000381469727,2500,0.0,0.0
2023-09-19 00:00:00-04:00,10.350000381469727,10.369999885559082,10.350000381469727,10.369999885559082,4100,0.0,0.0
2023-09-20 00:00:00-04:00,10.35099983215332,10.385000228881836,10.35099983215332,10.369999885559082,7100,0.0,0.0
2023-09-21 00:00:00-04:00,10.369999885559082,10.390000343322754,10.369999885559082,10.369999885559082,4400,0.0,0.0
2023-09-22 00:00:00-04:00,10.357999801635742,10.385000228881836,10.350000381469727,10.369999885559082,4800,0.0,0.0
2023-09-25 00:00:00-04:00,10.350000381469727,10.383999824523926,10.350000381469727,10.383999824523926,5100,0.0,0.0
2023-09-26 00:00:00-04:00,10.359999656677246,10.399999618530273,10.359999656677246,10.390000343322754,15200,0.0,0.0
2023-09-27 00:00:00-04:00,10.369999885559082,10.40999984741211,10.369999885559082,10.380000114440918,656100,0.0,0.0
2023-09-28 00:00:00-04:00,10.329999923706055,10.399999618530273,10.329999923706055,10.350000381469727,444200,0.0,0.0
2023-09-29 00:00:00-04:00,10.359999656677246,10.378000259399414,10.359999656677246,10.359999656677246,79400,0.0,0.0
2023-10-02 00:00:00-04:00,10.359999656677246,10.369999885559082,10.359999656677246,10.359999656677246,114700,0.0,0.0
2023-10-03 00:00:00-04:00,10.359999656677246,10.380000114440918,10.359999656677246,10.380000114440918,380300,0.0,0.0
2023-10-04 00:00:00-04:00,10.380000114440918,10.399999618530273,10.359999656677246,10.369999885559082,179200,0.0,0.0
2023-10-05 00:00:00-04:00,10.229999542236328,10.229999542236328,5.670000076293945,7.380000114440918,462900,0.0,0.0
2023-10-06 00:00:00-04:00,7.329999923706055,7.329999923706055,6.300000190734863,6.630000114440918,97100,0.0,0.0
2023-10-09 00:00:00-04:00,6.579999923706055,6.900000095367432,6.360000133514404,6.519999980926514,69000,0.0,0.0
2023-10-10 00:00:00-04:00,6.510000228881836,8.149999618530273,6.2729997634887695,7.889999866485596,274700,0.0,0.0
2023-10-11 00:00:00-04:00,6.699999809265137,6.699999809265137,5.380000114440918,6.409999847412109,254300,0.0,0.0
2023-10-12 00:00:00-04:00,6.019999980926514,6.519999980926514,6.019999980926514,6.150000095367432,161600,0.0,0.0
2023-10-13 00:00:00-04:00,5.800000190734863,6.0,3.0199999809265137,3.3499999046325684,422500,0.0,0.0
2023-10-16 00:00:00-04:00,3.059999942779541,3.5199999809265137,2.4100000858306885,2.5399999618530273,198100,0.0,0.0
2023-10-17 00:00:00-04:00,2.6500000953674316,3.5899999141693115,2.5999999046325684,3.0199999809265137,453900,0.0,0.0
2023-10-18 00:00:00-04:00,2.700000047683716,3.450000047683716,2.4000000953674316,2.7249999046325684,285900,0.0,0.0
2023-10-19 00:00:00-04:00,2.700000047683716,2.796999931335449,2.4570000171661377,2.5199999809265137,71800,0.0,0.0
2023-10-20 00:00:00-04:00,2.440000057220459,2.5999999046325684,2.299999952316284,2.390000104904175,83300,0.0,0.0
2023-10-23 00:00:00-04:00,2.319999933242798,2.450000047683716,2.0399999618530273,2.049999952316284,57000,0.0,0.0
2023-10-24 00:00:00-04:00,2.049999952316284,2.2249999046325684,1.809999942779541,1.940000057220459,92100,0.0,0.0
2023-10-25 00:00:00-04:00,1.9500000476837158,2.055000066757202,1.7999999523162842,1.8899999856948853,67100,0.0,0.0
2023-10-26 00:00:00-04:00,1.840000033378601,2.049999952316284,1.6399999856948853,1.6399999856948853,68800,0.0,0.0
2023-10-27 00:00:00-04:00,1.649999976158142,1.7599999904632568,1.3309999704360962,1.3700000047683716,188800,0.0,0.0
2023-10-30 00:00:00-04:00,1.5499999523162842,1.5889999866485596,1.2999999523162842,1.3899999856948853,219000,0.0,0.0
2023-10-31 00:00:00-04:00,1.3200000524520874,1.440000057220459,1.2610000371932983,1.3300000429153442,88200,0.0,0.0
2023-11-01 00:00:00-04:00,1.2899999618530273,1.409999966621399,1.2599999904632568,1.3899999856948853,83300,0.0,0.0
2023-11-02 00:00:00-04:00,1.3300000429153442,1.3650000095367432,1.2000000476837158,1.274999976158142,117700,0.0,0.0
2023-11-03 00:00:00-04:00,1.2899999618530273,1.399999976158142,1.2599999904632568,1.2999999523162842,38900,0.0,0.0
2023-11-06 00:00:00-05:00,1.340000033378601,1.3799999952316284,1.2000000476837158,1.2100000381469727,111400,0.0,0.0
2023-11-07 00:00:00-05:00,1.2000000476837158,1.2699999809265137,1.1100000143051147,1.1100000143051147,91200,0.0,0.0
2023-11-08 00:00:00-05:00,1.1200000047683716,1.1799999475479126,1.0499999523162842,1.0499999523162842,50700,0.0,0.0
2023-11-09 00:00:00-05:00,1.1100000143051147,1.1200000047683716,0.8999999761581421,0.9279999732971191,99300,0.0,0.0
2023-11-10 00:00:00-05:00,0.9259999990463257,1.0499999523162842,0.8999999761581421,0.949999988079071,47900,0.0,0.0
2023-11-13 00:00:00-05:00,0.949999988079071,0.9779999852180481,0.8799999952316284,0.8799999952316284,39300,0.0,0.0
2023-11-14 00:00:00-05:00,0.8899999856948853,0.949999988079071,0.7379999756813049,0.8799999952316284,261600,0.0,0.0
2023-11-15 00:00:00-05:00,0.8539999723434448,0.9399999976158142,0.8539999723434448,0.9100000262260437,43800,0.0,0.0
2023-11-16 00:00:00-05:00,0.9829999804496765,1.0800000429153442,0.7799999713897705,0.8289999961853027,272700,0.0,0.0
2023-11-17 00:00:00-05:00,0.8769999742507935,0.8920000195503235,0.7599999904632568,0.8090000152587891,180400,0.0,0.0
2023-11-20 00:00:00-05:00,0.8199999928474426,1.4900000095367432,0.8199999928474426,1.2599999904632568,8291100,0.0,0.0
2023-11-21 00:00:00-05:00,1.1799999475479126,1.4800000190734863,1.1699999570846558,1.440000057220459,1645900,0.0,0.0
2023-11-22 00:00:00-05:00,1.4500000476837158,2.0799999237060547,1.4049999713897705,2.0199999809265137,6355700,0.0,0.0
2023-11-24 00:00:00-05:00,2.0999999046325684,2.6500000953674316,1.909999966621399,2.430000066757202,3392500,0.0,0.0
2023-11-27 00:00:00-05:00,2.369999885559082,3.380000114440918,2.299999952316284,3.2200000286102295,5289000,0.0,0.0
2023-11-28 00:00:00-05:00,3.4000000953674316,4.159999847412109,3.240000009536743,4.03000020980835,8307300,0.0,0.0
2023-11-29 00:00:00-05:00,4.239999771118164,4.699999809265137,3.0,3.25,3975300,0.0,0.0
2023-11-30 00:00:00-05:00,3.049999952316284,3.200000047683716,2.3399999141693115,2.700000047683716,1238000,0.0,0.0
2023-12-01 00:00:00-05:00,2.690000057220459,3.140000104904175,2.569999933242798,2.890000104904175,544000,0.0,0.0
2023-12-04 00:00:00-05:00,2.859999895095825,3.0899999141693115,2.630000114440918,3.0399999618530273,479000,0.0,0.0
2023-12-05 00:00:00-05:00,3.0399999618530273,3.5,2.9000000953674316,3.299999952316284,962100,0.0,0.0
2023-12-06 00:00:00-05:00,3.380000114440918,3.75,3.1600000858306885,3.4700000286102295,1077300,0.0,0.0
2023-12-07 00:00:00-05:00,3.4800000190734863,3.4800000190734863,3.0,3.2899999618530273,233400,0.0,0.0
2023-12-08 00:00:00-05:00,3.1600000858306885,3.2890000343322754,2.819999933242798,2.940000057220459,282100,0.0,0.0
2023-12-11 00:00:00-05:00,2.940000057220459,2.9790000915527344,2.3499999046325684,2.630000114440918,358100,0.0,0.0
2023-12-12 00:00:00-05:00,2.5799999237060547,2.6489999294281006,2.1500000953674316,2.2100000381469727,200400,0.0,0.0
2023-12-13 00:00:00-05:00,2.3399999141693115,2.4230000972747803,2.009999990463257,2.2899999618530273,428700,0.0,0.0
2023-12-14 00:00:00-05:00,2.3499999046325684,2.380000114440918,2.009999990463257,2.0399999618530273,175500,0.0,0.0
2023-12-15 00:00:00-05:00,2.0999999046325684,2.0999999046325684,1.7999999523162842,1.7999999523162842,172500,0.0,0.0
2023-12-18 00:00:00-05:00,1.8600000143051147,1.878999948501587,1.6100000143051147,1.6299999952316284,252600,0.0,0.0
2023-12-19 00:00:00-05:00,1.7599999904632568,1.9199999570846558,1.690000057220459,1.690000057220459,209700,0.0,0.0
2023-12-20 00:00:00-05:00,1.659999966621399,1.7999999523162842,1.6410000324249268,1.649999976158142,91700,0.0,0.0
2023-12-21 00:00:00-05:00,1.6200000047683716,1.7100000381469727,1.6100000143051147,1.6299999952316284,74900,0.0,0.0
2023-12-22 00:00:00-05:00,1.6100000143051147,1.6790000200271606,1.600000023841858,1.6299999952316284,99000,0.0,0.0
2023-12-26 00:00:00-05:00,1.6299999952316284,1.850000023841858,1.5110000371932983,1.7599999904632568,147300,0.0,0.0
2023-12-27 00:00:00-05:00,1.7699999809265137,1.8600000143051147,1.7200000286102295,1.809999942779541,107700,0.0,0.0
2023-12-28 00:00:00-05:00,1.7999999523162842,1.809999942779541,1.7000000476837158,1.7699999809265137,68200,0.0,0.0
2023-12-29 00:00:00-05:00,1.7100000381469727,1.7699999809265137,1.5,1.7200000286102295,153800,0.0,0.0
2024-01-02 00:00:00-05:00,1.659999966621399,1.7000000476837158,1.600000023841858,1.600000023841858,79400,0.0,0.0
2024-01-03 00:00:00-05:00,1.600000023841858,1.6679999828338623,1.4199999570846558,1.4199999570846558,54200,0.0,0.0
2024-01-04 00:00:00-05:00,1.4500000476837158,1.6380000114440918,1.4199999570846558,1.4199999570846558,70800,0.0,0.0
2024-01-05 00:00:00-05:00,1.4500000476837158,1.5299999713897705,1.3799999952316284,1.409999966621399,52100,0.0,0.0
2024-01-08 00:00:00-05:00,1.3799999952316284,1.5,1.3300000429153442,1.399999976158142,103300,0.0,0.0
2024-01-09 00:00:00-05:00,1.3899999856948853,1.4500000476837158,1.2699999809265137,1.440000057220459,62600,0.0,0.0
2024-01-10 00:00:00-05:00,1.4800000190734863,1.4800000190734863,1.3200000524520874,1.4299999475479126,52000,0.0,0.0
2024-01-11 00:00:00-05:00,1.4800000190734863,1.4800000190734863,1.2799999713897705,1.340000033378601,117000,0.0,0.0
2024-01-12 00:00:00-05:00,1.2599999904632568,1.3799999952316284,1.2599999904632568,1.3300000429153442,48300,0.0,0.0
2024-01-16 00:00:00-05:00,1.2799999713897705,1.3250000476837158,1.149999976158142,1.1699999570846558,44300,0.0,0.0
2024-01-17 00:00:00-05:00,1.090000033378601,1.2599999904632568,1.090000033378601,1.2200000286102295,76000,0.0,0.0
2024-01-18 00:00:00-05:00,1.2899999618530273,1.2899999618530273,1.0950000286102295,1.1699999570846558,86300,0.0,0.0
2024-01-19 00:00:00-05:00,1.1299999952316284,1.3899999856948853,1.0700000524520874,1.340000033378601,149100,0.0,0.0
2024-01-22 00:00:00-05:00,1.309999942779541,1.3899999856948853,1.2200000286102295,1.2300000190734863,80500,0.0,0.0
2024-01-23 00:00:00-05:00,1.1299999952316284,1.2599999904632568,1.0850000381469727,1.090000033378601,153000,0.0,0.0
2024-01-24 00:00:00-05:00,1.149999976158142,1.2000000476837158,1.0499999523162842,1.0800000429153442,133600,0.0,0.0
2024-01-25 00:00:00-05:00,1.090000033378601,1.090000033378601,1.0,1.0,118900,0.0,0.0
2024-01-26 00:00:00-05:00,1.0,1.069000005722046,0.9900000095367432,1.0,95000,0.0,0.0
2024-01-29 00:00:00-05:00,1.0199999809265137,1.0199999809265137,0.9599999785423279,0.9800000190734863,135300,0.0,0.0
2024-01-30 00:00:00-05:00,0.9700000286102295,1.0299999713897705,0.9599999785423279,1.0199999809265137,104200,0.0,0.0
2024-01-31 00:00:00-05:00,1.0299999713897705,1.0750000476837158,0.9800000190734863,1.0269999504089355,164000,0.0,0.0
2024-02-01 00:00:00-05:00,1.090000033378601,1.090000033378601,1.0099999904632568,1.059999942779541,53300,0.0,0.0
2024-02-02 00:00:00-05:00,1.0399999618530273,1.1160000562667847,0.9700000286102295,1.0199999809265137,95100,0.0,0.0
2024-02-05 00:00:00-05:00,0.9900000095367432,1.0099999904632568,0.9100000262260437,0.9300000071525574,82900,0.0,0.0
2024-02-06 00:00:00-05:00,0.9319999814033508,0.9599999785423279,0.8999999761581421,0.9100000262260437,84400,0.0,0.0
2024-02-07 00:00:00-05:00,0.9100000262260437,0.9259999990463257,0.8500000238418579,0.8799999952316284,93900,0.0,0.0
2024-02-08 00:00:00-05:00,0.8799999952316284,1.649999976158142,0.8600000143051147,1.399999976158142,4941300,0.0,0.0
2024-02-09 00:00:00-05:00,1.3600000143051147,2.200000047683716,1.2400000095367432,1.840000033378601,5526400,0.0,0.0
2024-02-12 00:00:00-05:00,1.8799999952316284,2.0999999046325684,1.7000000476837158,1.7699999809265137,1130300,0.0,0.0
2024-02-13 00:00:00-05:00,1.809999942779541,1.8869999647140503,1.5,1.7400000095367432,646900,0.0,0.0
2024-02-14 00:00:00-05:00,1.7899999618530273,1.7899999618530273,1.5499999523162842,1.7200000286102295,284700,0.0,0.0
2024-02-15 00:00:00-05:00,1.6699999570846558,1.7130000591278076,1.3049999475479126,1.4500000476837158,406000,0.0,0.0
2024-02-16 00:00:00-05:00,1.5199999809265137,2.4800000190734863,1.4500000476837158,2.0999999046325684,8353700,0.0,0.0
2024-02-20 00:00:00-05:00,3.240000009536743,3.4600000381469727,2.5799999237060547,3.059999942779541,15003700,0.0,0.0
2024-02-21 00:00:00-05:00,3.0,3.0,2.0,2.569999933242798,2728500,0.0,0.0
2024-02-22 00:00:00-05:00,2.4100000858306885,2.4200000762939453,2.0,2.1500000953674316,839300,0.0,0.0
2024-02-23 00:00:00-05:00,2.190000057220459,2.9000000953674316,2.0980000495910645,2.4600000381469727,2109600,0.0,0.0
2024-02-26 00:00:00-05:00,2.4800000190734863,2.5,2.109999895095825,2.1600000858306885,442000,0.0,0.0
2024-02-27 00:00:00-05:00,2.119999885559082,2.180000066757202,2.0,2.049999952316284,397500,0.0,0.0
2024-02-28 00:00:00-05:00,2.1500000953674316,2.1500000953674316,1.809999942779541,2.0399999618530273,580900,0.0,0.0
2024-02-29 00:00:00-05:00,1.9700000286102295,2.299999952316284,1.899999976158142,2.1600000858306885,395000,0.0,0.0
2024-03-01 00:00:00-05:00,2.2300000190734863,2.440000057220459,2.049999952316284,2.130000114440918,521500,0.0,0.0
2024-03-04 00:00:00-05:00,2.309999942779541,2.309999942779541,2.0,2.049999952316284,221200,0.0,0.0
2024-03-05 00:00:00-05:00,2.0199999809265137,2.2300000190734863,1.9639999866485596,2.0399999618530273,177000,0.0,0.0
2024-03-06 00:00:00-05:00,2.009999990463257,2.1500000953674316,1.9500000476837158,2.0399999618530273,190900,0.0,0.0
2024-03-07 00:00:00-05:00,2.069999933242798,2.25,1.9500000476837158,1.9800000190734863,349400,0.0,0.0
2024-03-08 00:00:00-05:00,1.9700000286102295,2.0309998989105225,1.7899999618530273,1.815000057220459,331700,0.0,0.0
2024-03-11 00:00:00-04:00,1.7599999904632568,1.850000023841858,1.6100000143051147,1.7300000190734863,257500,0.0,0.0
2024-03-12 00:00:00-04:00,1.7000000476837158,1.7999999523162842,1.7000000476837158,1.7699999809265137,123000,0.0,0.0
2024-03-13 00:00:00-04:00,1.659999966621399,1.819000005722046,1.649999976158142,1.690000057220459,170200,0.0,0.0
2024-03-14 00:00:00-04:00,1.6799999475479126,1.7899999618530273,1.649999976158142,1.6799999475479126,166300,0.0,0.0
2024-03-15 00:00:00-04:00,1.659999966621399,1.7599999904632568,1.600000023841858,1.600000023841858,186600,0.0,0.0
2024-03-18 00:00:00-04:00,1.5199999809265137,1.6799999475479126,1.3799999952316284,1.440000057220459,339300,0.0,0.0
2024-03-19 00:00:00-04:00,1.4600000381469727,1.5,1.309999942779541,1.350000023841858,141700,0.0,0.0
2024-03-20 00:00:00-04:00,1.350000023841858,1.4199999570846558,1.2799999713897705,1.3600000143051147,205700,0.0,0.0
2024-03-21 00:00:00-04:00,1.3799999952316284,1.3899999856948853,1.3300000429153442,1.3799999952316284,75200,0.0,0.0
2024-03-22 00:00:00-04:00,1.3799999952316284,1.399999976158142,1.2999999523162842,1.3700000047683716,60100,0.0,0.0
2024-03-25 00:00:00-04:00,1.3799999952316284,2.369999885559082,1.3700000047683716,2.240000009536743,23565200,0.0,0.0
2024-03-26 00:00:00-04:00,2.299999952316284,2.36899995803833,1.7640000581741333,1.8200000524520874,2532100,0.0,0.0
2024-03-27 00:00:00-04:00,1.8200000524520874,2.240000009536743,1.8200000524520874,2.049999952316284,1223700,0.0,0.0
2024-03-28 00:00:00-04:00,2.0799999237060547,2.299999952316284,1.7400000095367432,1.8300000429153442,1747100,0.0,0.0
2024-04-01 00:00:00-04:00,1.9500000476837158,2.630000114440918,1.850000023841858,2.299999952316284,4178400,0.0,0.0
2024-04-02 00:00:00-04:00,2.3299999237060547,2.3499999046325684,2.0,2.2200000286102295,749300,0.0,0.0
2024-04-03 00:00:00-04:00,2.630000114440918,2.6500000953674316,2.109999895095825,2.200000047683716,1383900,0.0,0.0
2024-04-04 00:00:00-04:00,2.2300000190734863,2.450000047683716,2.109999895095825,2.2699999809265137,644800,0.0,0.0
2024-04-05 00:00:00-04:00,2.25,2.25,2.049999952316284,2.180000066757202,266300,0.0,0.0
2024-04-08 00:00:00-04:00,2.109999895095825,2.4000000953674316,2.109999895095825,2.2699999809265137,345600,0.0,0.0
2024-04-09 00:00:00-04:00,2.299999952316284,2.309999942779541,2.0999999046325684,2.2100000381469727,217100,0.0,0.0
2024-04-10 00:00:00-04:00,2.0799999237060547,2.2100000381469727,2.0199999809265137,2.0399999618530273,188000,0.0,0.0
2024-04-11 00:00:00-04:00,2.109999895095825,2.130000114440918,2.009999990463257,2.0299999713897705,124400,0.0,0.0
2024-04-12 00:00:00-04:00,2.0999999046325684,2.3499999046325684,2.009999990463257,2.0799999237060547,456500,0.0,0.0
2024-04-15 00:00:00-04:00,2.180000066757202,2.369999885559082,2.119999885559082,2.1700000762939453,389000,0.0,0.0
2024-04-16 00:00:00-04:00,2.190000057220459,2.259000062942505,2.0799999237060547,2.0999999046325684,155400,0.0,0.0
2024-04-17 00:00:00-04:00,2.0799999237060547,2.2300000190734863,2.0799999237060547,2.0999999046325684,96600,0.0,0.0
2024-04-18 00:00:00-04:00,2.069999933242798,2.2100000381469727,2.009999990463257,2.0799999237060547,406600,0.0,0.0
2024-04-19 00:00:00-04:00,2.0799999237060547,2.2100000381469727,2.0299999713897705,2.049999952316284,151700,0.0,0.0
2024-04-22 00:00:00-04:00,2.0399999618530273,2.0989999771118164,1.8200000524520874,1.9600000381469727,274100,0.0,0.0
2024-04-23 00:00:00-04:00,1.940000057220459,2.052999973297119,1.940000057220459,1.9600000381469727,88500,0.0,0.0
2024-04-24 00:00:00-04:00,1.940000057220459,1.9900000095367432,1.7999999523162842,1.7999999523162842,172900,0.0,0.0
2024-04-25 00:00:00-04:00,1.8300000429153442,2.7300000190734863,1.8300000429153442,2.3499999046325684,7825500,0.0,0.0
2024-04-26 00:00:00-04:00,2.4000000953674316,2.680000066757202,2.0999999046325684,2.319999933242798,1523500,0.0,0.0
2024-04-29 00:00:00-04:00,2.2699999809265137,2.328000068664551,1.909999966621399,2.0799999237060547,570600,0.0,0.0
2024-04-30 00:00:00-04:00,2.0999999046325684,2.190000057220459,1.9500000476837158,2.0199999809265137,333000,0.0,0.0
2024-05-01 00:00:00-04:00,2.049999952316284,2.109999895095825,1.899999976158142,2.0,172500,0.0,0.0
2024-05-02 00:00:00-04:00,2.0199999809265137,2.140000104904175,1.9199999570846558,1.940000057220459,305700,0.0,0.0
2024-05-03 00:00:00-04:00,1.9299999475479126,2.0390000343322754,1.8799999952316284,1.909999966621399,151200,0.0,0.0
2024-05-06 00:00:00-04:00,1.940000057220459,1.9700000286102295,1.8329999446868896,1.850000023841858,125200,0.0,0.0
2024-05-07 00:00:00-04:00,1.850000023841858,1.9199999570846558,1.8200000524520874,1.850000023841858,150100,0.0,0.0
2024-05-08 00:00:00-04:00,1.8200000524520874,1.940000057220459,1.8070000410079956,1.850000023841858,117000,0.0,0.0
2024-05-09 00:00:00-04:00,1.7899999618530273,1.9900000095367432,1.7899999618530273,1.9299999475479126,98300,0.0,0.0
2024-05-10 00:00:00-04:00,1.940000057220459,2.0,1.7799999713897705,1.8200000524520874,115100,0.0,0.0
2024-05-13 00:00:00-04:00,1.850000023841858,1.9700000286102295,1.850000023841858,1.9600000381469727,120200,0.0,0.0
2024-05-14 00:00:00-04:00,1.9500000476837158,2.0399999618530273,1.899999976158142,2.009999990463257,203400,0.0,0.0
2024-05-15 00:00:00-04:00,1.9700000286102295,2.0290000438690186,1.909999966621399,1.940000057220459,120100,0.0,0.0
2024-05-16 00:00:00-04:00,1.8799999952316284,2.0269999504089355,1.8799999952316284,1.9900000095367432,125100,0.0,0.0
2024-05-17 00:00:00-04:00,2.0399999618530273,2.25,2.0,2.1600000858306885,525000,0.0,0.0
2024-05-20 00:00:00-04:00,2.1600000858306885,2.380000114440918,2.1500000953674316,2.190000057220459,449000,0.0,0.0
2024-05-21 00:00:00-04:00,2.190000057220459,2.2730000019073486,2.1510000228881836,2.2200000286102295,154200,0.0,0.0
2024-05-22 00:00:00-04:00,2.140000104904175,2.259999990463257,2.140000104904175,2.2100000381469727,135800,0.0,0.0
2024-05-23 00:00:00-04:00,2.119999885559082,2.2300000190734863,2.119999885559082,2.2100000381469727,118100,0.0,0.0
2024-05-24 00:00:00-04:00,2.1600000858306885,2.25,2.1500000953674316,2.1600000858306885,71300,0.0,0.0
2024-05-28 00:00:00-04:00,2.140000104904175,2.180000066757202,2.009999990463257,2.009999990463257,122100,0.0,0.0
2024-05-29 00:00:00-04:00,2.0,2.119999885559082,2.0,2.059999942779541,120300,0.0,0.0
2024-05-30 00:00:00-04:00,2.0199999809265137,2.119999885559082,2.009999990463257,2.059999942779541,52000,0.0,0.0
2024-05-31 00:00:00-04:00,2.049999952316284,2.140000104904175,2.0199999809265137,2.069999933242798,43300,0.0,0.0
2024-06-03 00:00:00-04:00,2.049999952316284,2.130000114440918,2.049999952316284,2.059999942779541,76400,0.0,0.0
2024-06-04 00:00:00-04:00,2.059999942779541,2.1549999713897705,2.059999942779541,2.0999999046325684,48500,0.0,0.0
2024-06-05 00:00:00-04:00,2.0999999046325684,2.1059999465942383,2.0299999713897705,2.0899999141693115,86600,0.0,0.0
2024-06-06 00:00:00-04:00,2.190000057220459,2.200000047683716,2.0799999237060547,2.0899999141693115,73300,0.0,0.0
2024-06-07 00:00:00-04:00,2.0999999046325684,2.0999999046325684,1.9700000286102295,2.049999952316284,141000,0.0,0.0
2024-06-10 00:00:00-04:00,2.0199999809265137,2.109999895095825,1.9900000095367432,2.0299999713897705,50000,0.0,0.0
2024-06-11 00:00:00-04:00,2.0299999713897705,2.049999952316284,1.9800000190734863,2.049999952316284,28100,0.0,0.0
2024-06-12 00:00:00-04:00,2.0,2.0999999046325684,2.0,2.049999952316284,45500,0.0,0.0
2024-06-13 00:00:00-04:00,2.0999999046325684,2.1600000858306885,2.049999952316284,2.0899999141693115,26500,0.0,0.0
2024-06-14 00:00:00-04:00,2.049999952316284,2.124000072479248,2.0,2.009999990463257,36500,0.0,0.0
2024-06-17 00:00:00-04:00,1.9900000095367432,2.109999895095825,1.9900000095367432,2.0999999046325684,59900,0.0,0.0
2024-06-18 00:00:00-04:00,2.1600000858306885,2.75,2.069999933242798,2.25,1831300,0.0,0.0
2024-06-20 00:00:00-04:00,2.2100000381469727,2.259999990463257,2.0299999713897705,2.0450000762939453,376900,0.0,0.0
2024-06-21 00:00:00-04:00,2.0899999141693115,2.5199999809265137,2.0399999618530273,2.380000114440918,687200,0.0,0.0
2024-06-24 00:00:00-04:00,2.509999990463257,2.5199999809265137,2.049999952316284,2.0899999141693115,559400,0.0,0.0
2024-06-25 00:00:00-04:00,2.1700000762939453,2.1700000762939453,2.0299999713897705,2.0999999046325684,160500,0.0,0.0
2024-06-26 00:00:00-04:00,2.049999952316284,2.0799999237060547,1.9600000381469727,1.9600000381469727,180800,0.0,0.0
2024-06-27 00:00:00-04:00,1.9700000286102295,1.9800000190734863,1.8700000047683716,1.899999976158142,138700,0.0,0.0
2024-06-28 00:00:00-04:00,1.850000023841858,1.9500000476837158,1.850000023841858,1.8899999856948853,104000,0.0,0.0
2024-07-01 00:00:00-04:00,1.8799999952316284,1.9500000476837158,1.850000023841858,1.850000023841858,18600,0.0,0.0
2024-07-02 00:00:00-04:00,1.8899999856948853,1.9299999475479126,1.8300000429153442,1.8899999856948853,23700,0.0,0.0
2024-07-03 00:00:00-04:00,1.899999976158142,1.9299999475479126,1.850000023841858,1.8600000143051147,23200,0.0,0.0
2024-07-05 00:00:00-04:00,1.850000023841858,1.899999976158142,1.8200000524520874,1.8450000286102295,60500,0.0,0.0
2024-07-08 00:00:00-04:00,1.8600000143051147,1.8799999952316284,1.8200000524520874,1.850000023841858,21100,0.0,0.0
2024-07-09 00:00:00-04:00,1.7999999523162842,1.840000033378601,1.7799999713897705,1.7899999618530273,100400,0.0,0.0
2024-07-10 00:00:00-04:00,1.7799999713897705,1.8600000143051147,1.7799999713897705,1.7999999523162842,34200,0.0,0.0
2024-07-11 00:00:00-04:00,1.7799999713897705,1.850000023841858,1.7599999904632568,1.8200000524520874,98700,0.0,0.0
2024-07-12 00:00:00-04:00,1.8300000429153442,1.8600000143051147,1.75,1.8389999866485596,74100,0.0,0.0
2024-07-15 00:00:00-04:00,1.7999999523162842,1.7999999523162842,1.75,1.7999999523162842,225700,0.0,0.0
2024-07-16 00:00:00-04:00,1.7799999713897705,1.850000023841858,1.7699999809265137,1.7999999523162842,67700,0.0,0.0
2024-07-17 00:00:00-04:00,1.7999999523162842,1.850000023841858,1.75,1.7699999809265137,59600,0.0,0.0
2024-07-18 00:00:00-04:00,1.75,1.809999942779541,1.7000000476837158,1.7480000257492065,64600,0.0,0.0
2024-07-19 00:00:00-04:00,1.7400000095367432,1.75,1.659999966621399,1.690000057220459,89800,0.0,0.0
2024-07-22 00:00:00-04:00,1.7000000476837158,1.7000000476837158,1.6200000047683716,1.6399999856948853,53300,0.0,0.0
2024-07-23 00:00:00-04:00,1.690000057220459,1.6979999542236328,1.5820000171661377,1.6200000047683716,40400,0.0,0.0
2024-07-24 00:00:00-04:00,1.6200000047683716,1.6200000047683716,1.5499999523162842,1.600000023841858,58500,0.0,0.0
2024-07-25 00:00:00-04:00,1.600000023841858,1.7000000476837158,1.5700000524520874,1.6100000143051147,97900,0.0,0.0
2024-07-26 00:00:00-04:00,1.6239999532699585,1.649999976158142,1.5800000429153442,1.5800000429153442,17000,0.0,0.0
2024-07-29 00:00:00-04:00,1.6399999856948853,1.6410000324249268,1.5199999809265137,1.6399999856948853,55400,0.0,0.0
2024-07-30 00:00:00-04:00,1.6100000143051147,1.6299999952316284,1.5299999713897705,1.5299999713897705,23000,0.0,0.0
2024-07-31 00:00:00-04:00,1.5199999809265137,1.600000023841858,1.5099999904632568,1.5800000429153442,45200,0.0,0.0
2024-08-01 00:00:00-04:00,1.590000033378601,1.600000023841858,1.4800000190734863,1.5199999809265137,45500,0.0,0.0
2024-08-02 00:00:00-04:00,1.5199999809265137,1.5199999809265137,1.3600000143051147,1.4500000476837158,46200,0.0,0.0
2024-08-05 00:00:00-04:00,1.399999976158142,1.409999966621399,1.3200000524520874,1.3799999952316284,44500,0.0,0.0
2024-08-06 00:00:00-04:00,1.3799999952316284,1.4299999475479126,1.3799999952316284,1.399999976158142,16300,0.0,0.0
2024-08-07 00:00:00-04:00,1.3600000143051147,1.399999976158142,1.3600000143051147,1.3609999418258667,23700,0.0,0.0
2024-08-08 00:00:00-04:00,1.3799999952316284,1.4199999570846558,1.3300000429153442,1.3300000429153442,27300,0.0,0.0
2024-08-09 00:00:00-04:00,1.3359999656677246,1.3630000352859497,1.25,1.2730000019073486,30700,0.0,0.0
2024-08-12 00:00:00-04:00,1.2599999904632568,1.3799999952316284,1.2400000095367432,1.2400000095367432,46500,0.0,0.0
2024-08-13 00:00:00-04:00,1.2300000190734863,1.3200000524520874,1.1799999475479126,1.2300000190734863,79400,0.0,0.0
2024-08-14 00:00:00-04:00,1.25,1.2979999780654907,1.1799999475479126,1.1799999475479126,73800,0.0,0.0
2024-08-15 00:00:00-04:00,1.2200000286102295,1.4199999570846558,1.2000000476837158,1.2799999713897705,159300,0.0,0.0
2024-08-16 00:00:00-04:00,1.3799999952316284,1.3799999952316284,1.2200000286102295,1.2999999523162842,118500,0.0,0.0
2024-08-19 00:00:00-04:00,1.2999999523162842,1.2999999523162842,1.2400000095367432,1.2799999713897705,48100,0.0,0.0
2024-08-20 00:00:00-04:00,1.25,1.3070000410079956,1.2400000095367432,1.25,51800,0.0,0.0
2024-08-21 00:00:00-04:00,1.2660000324249268,1.2999999523162842,1.2519999742507935,1.2699999809265137,19700,0.0,0.0
2024-08-22 00:00:00-04:00,1.2799999713897705,1.2999999523162842,1.2300000190734863,1.25,57700,0.0,0.0
2024-08-23 00:00:00-04:00,1.25,1.2899999618530273,1.2400000095367432,1.2599999904632568,59600,0.0,0.0
2024-08-26 00:00:00-04:00,1.2400000095367432,1.2829999923706055,1.2000000476837158,1.2100000381469727,65800,0.0,0.0
2024-08-27 00:00:00-04:00,1.2100000381469727,1.2400000095367432,1.1200000047683716,1.159999966621399,56800,0.0,0.0
2024-08-28 00:00:00-04:00,1.190000057220459,1.2100000381469727,1.100000023841858,1.1399999856948853,57000,0.0,0.0
2024-08-29 00:00:00-04:00,1.1200000047683716,1.2000000476837158,1.100000023841858,1.1399999856948853,37400,0.0,0.0
2024-08-30 00:00:00-04:00,1.1799999475479126,1.649999976158142,1.1699999570846558,1.2599999904632568,7631200,0.0,0.0
2024-09-03 00:00:00-04:00,1.149999976158142,1.2799999713897705,1.149999976158142,1.149999976158142,435100,0.0,0.0
2024-09-04 00:00:00-04:00,1.1699999570846558,1.2000000476837158,1.1200000047683716,1.190000057220459,415000,0.0,0.0
2024-09-05 00:00:00-04:00,1.149999976158142,1.2000000476837158,1.1100000143051147,1.1799999475479126,171400,0.0,0.0
2024-09-06 00:00:00-04:00,1.190000057220459,1.190000057220459,1.059999942779541,1.0800000429153442,241400,0.0,0.0
2024-09-09 00:00:00-04:00,1.0800000429153442,1.1100000143051147,1.0,1.0399999618530273,245300,0.0,0.0
2024-09-10 00:00:00-04:00,1.0399999618530273,1.059999942779541,0.9890000224113464,1.0,311300,0.0,0.0
2024-09-11 00:00:00-04:00,0.9819999933242798,1.0800000429153442,0.9800000190734863,1.065000057220459,122500,0.0,0.0
2024-09-12 00:00:00-04:00,1.0700000524520874,1.090000033378601,1.0399999618530273,1.0800000429153442,192200,0.0,0.0
2024-09-13 00:00:00-04:00,1.0700000524520874,1.1100000143051147,1.0299999713897705,1.0800000429153442,159300,0.0,0.0
2024-09-16 00:00:00-04:00,1.090000033378601,1.1100000143051147,1.0499999523162842,1.059999942779541,161400,0.0,0.0
2024-09-17 00:00:00-04:00,1.0399999618530273,1.1299999952316284,1.0399999618530273,1.1150000095367432,228800,0.0,0.0
2024-09-18 00:00:00-04:00,1.149999976158142,1.4900000095367432,1.1200000047683716,1.350000023841858,2014000,0.0,0.0
2024-09-19 00:00:00-04:00,1.4700000286102295,1.4700000286102295,1.0700000524520874,1.1699999570846558,836400,0.0,0.0
2024-09-20 00:00:00-04:00,1.1200000047683716,1.2300000190734863,1.100000023841858,1.1299999952316284,296200,0.0,0.0
2024-09-23 00:00:00-04:00,1.1100000143051147,1.1399999856948853,1.100000023841858,1.1299999952316284,103200,0.0,0.0
2024-09-24 00:00:00-04:00,1.149999976158142,1.1799999475479126,1.1260000467300415,1.159999966621399,75400,0.0,0.0
2024-09-25 00:00:00-04:00,1.149999976158142,1.1699999570846558,1.1200000047683716,1.1399999856948853,63000,0.0,0.0
2024-09-26 00:00:00-04:00,1.1699999570846558,1.1699999570846558,1.1100000143051147,1.1200000047683716,61900,0.0,0.0
2024-09-27 00:00:00-04:00,1.1200000047683716,1.1399999856948853,1.0800000429153442,1.100000023841858,100600,0.0,0.0
2024-09-30 00:00:00-04:00,1.1200000047683716,1.1200000047683716,1.059999942779541,1.090000033378601,100500,0.0,0.0
2024-10-01 00:00:00-04:00,1.059999942779541,1.1299999952316284,1.059999942779541,1.100000023841858,48900,0.0,0.0
2024-10-02 00:00:00-04:00,1.090000033378601,1.100000023841858,1.059999942779541,1.0700000524520874,63000,0.0,0.0
2024-10-03 00:00:00-04:00,1.0700000524520874,1.1299999952316284,1.0700000524520874,1.100000023841858,61200,0.0,0.0
2024-10-04 00:00:00-04:00,1.090000033378601,1.1239999532699585,1.059999942779541,1.090000033378601,109000,0.0,0.0
2024-10-07 00:00:00-04:00,1.0800000429153442,1.1100000143051147,0.9929999709129333,1.059999942779541,181700,0.0,0.0
2024-10-08 00:00:00-04:00,1.0800000429153442,1.090000033378601,1.0399999618530273,1.090000033378601,46700,0.0,0.0
2024-10-09 00:00:00-04:00,1.0700000524520874,1.090000033378601,1.0479999780654907,1.0499999523162842,50300,0.0,0.0
2024-10-10 00:00:00-04:00,1.0299999713897705,1.0809999704360962,1.0299999713897705,1.059999942779541,26600,0.0,0.0
2024-10-11 00:00:00-04:00,1.062000036239624,1.25,1.0199999809265137,1.1100000143051147,241100,0.0,0.0
2024-10-14 00:00:00-04:00,1.0800000429153442,1.1399999856948853,1.0499999523162842,1.100000023841858,140800,0.0,0.0
2024-10-15 00:00:00-04:00,1.0850000381469727,1.100000023841858,1.059999942779541,1.0700000524520874,68500,0.0,0.0
2024-10-16 00:00:00-04:00,1.090000033378601,1.100000023841858,1.059999942779541,1.100000023841858,46000,0.0,0.0
2024-10-17 00:00:00-04:00,1.100000023841858,1.100000023841858,1.0700000524520874,1.0700000524520874,51100,0.0,0.0
2024-10-18 00:00:00-04:00,1.0700000524520874,1.090000033378601,1.0499999523162842,1.059999942779541,42700,0.0,0.0
2024-10-21 00:00:00-04:00,1.100000023841858,1.1299999952316284,1.0499999523162842,1.100000023841858,111100,0.0,0.0
2024-10-22 00:00:00-04:00,1.1100000143051147,1.125,1.0800000429153442,1.100000023841858,49000,0.0,0.0
2024-10-23 00:00:00-04:00,1.059999942779541,1.1299999952316284,1.059999942779541,1.0800000429153442,32500,0.0,0.0
2024-10-24 00:00:00-04:00,1.059999942779541,1.1200000047683716,1.059999942779541,1.090000033378601,28800,0.0,0.0
2024-10-25 00:00:00-04:00,1.0700000524520874,1.1139999628067017,1.0700000524520874,1.100000023841858,35400,0.0,0.0
2024-10-28 00:00:00-04:00,1.100000023841858,1.2000000476837158,1.090000033378601,1.159999966621399,197300,0.0,0.0
2024-10-29 00:00:00-04:00,1.1299999952316284,1.2699999809265137,1.1100000143051147,1.2100000381469727,388500,0.0,0.0
2024-10-30 00:00:00-04:00,1.1799999475479126,1.2400000095367432,1.1799999475479126,1.2100000381469727,69100,0.0,0.0
2024-10-31 00:00:00-04:00,1.2400000095367432,1.2400000095367432,1.1399999856948853,1.1799999475479126,72800,0.0,0.0
2024-11-01 00:00:00-04:00,1.159999966621399,1.1799999475479126,1.1200000047683716,1.149999976158142,25900,0.0,0.0
2024-11-04 00:00:00-05:00,1.159999966621399,1.159999966621399,1.100000023841858,1.1299999952316284,99700,0.0,0.0
2024-11-05 00:00:00-05:00,1.1399999856948853,1.149999976158142,1.100000023841858,1.1399999856948853,35200,0.0,0.0
2024-11-06 00:00:00-05:00,1.1100000143051147,1.1399999856948853,1.059999942779541,1.1200000047683716,155500,0.0,0.0
2024-11-07 00:00:00-05:00,1.090000033378601,1.2740000486373901,1.090000033378601,1.2400000095367432,95000,0.0,0.0
2024-11-08 00:00:00-05:00,1.2400000095367432,1.2899999618530273,1.1480000019073486,1.25,144600,0.0,0.0
2024-11-11 00:00:00-05:00,1.2799999713897705,1.2799999713897705,1.2000000476837158,1.2400000095367432,74700,0.0,0.0
2024-11-12 00:00:00-05:00,1.190000057220459,1.2300000190734863,1.1399999856948853,1.1399999856948853,115200,0.0,0.0
2024-11-13 00:00:00-05:00,1.1200000047683716,1.2000000476837158,1.1200000047683716,1.1399999856948853,84200,0.0,0.0
2024-11-14 00:00:00-05:00,1.149999976158142,1.190000057220459,1.1399999856948853,1.149999976158142,31800,0.0,0.0
2024-11-15 00:00:00-05:00,1.1299999952316284,1.1799999475479126,1.1299999952316284,1.1799999475479126,41200,0.0,0.0
2024-11-18 00:00:00-05:00,1.1699999570846558,1.2300000190734863,1.1699999570846558,1.190000057220459,23500,0.0,0.0
2024-11-19 00:00:00-05:00,1.2100000381469727,1.25,1.149999976158142,1.2100000381469727,50600,0.0,0.0
2024-11-20 00:00:00-05:00,1.1799999475479126,1.25,1.1799999475479126,1.2400000095367432,16900,0.0,0.0
2024-11-21 00:00:00-05:00,1.2200000286102295,1.2699999809265137,1.149999976158142,1.149999976158142,55400,0.0,0.0
2024-11-22 00:00:00-05:00,1.1699999570846558,1.2100000381469727,1.149999976158142,1.149999976158142,75200,0.0,0.0
2024-11-25 00:00:00-05:00,1.190000057220459,1.2000000476837158,1.149999976158142,1.159999966621399,69900,0.0,0.0
2024-11-26 00:00:00-05:00,1.1699999570846558,1.190000057220459,1.1399999856948853,1.1399999856948853,48100,0.0,0.0
2024-11-27 00:00:00-05:00,1.149999976158142,1.2000000476837158,1.149999976158142,1.159999966621399,23300,0.0,0.0
2024-11-29 00:00:00-05:00,1.159999966621399,1.2000000476837158,1.149999976158142,1.159999966621399,23400,0.0,0.0
2024-12-02 00:00:00-05:00,1.149999976158142,1.2089999914169312,1.149999976158142,1.190000057220459,37800,0.0,0.0
2024-12-03 00:00:00-05:00,1.2000000476837158,1.225000023841858,1.1799999475479126,1.190000057220459,72800,0.0,0.0
2024-12-04 00:00:00-05:00,1.2000000476837158,1.2000000476837158,1.1799999475479126,1.190000057220459,20800,0.0,0.0
2024-12-05 00:00:00-05:00,1.190000057220459,1.2000000476837158,1.1299999952316284,1.1799999475479126,129500,0.0,0.0
2024-12-06 00:00:00-05:00,1.190000057220459,1.2000000476837158,1.149999976158142,1.190000057220459,57500,0.0,0.0
2024-12-09 00:00:00-05:00,1.2000000476837158,1.2100000381469727,1.190000057220459,1.1950000524520874,396800,0.0,0.0
2024-12-10 00:00:00-05:00,1.2200000286102295,1.2999999523162842,1.149999976158142,1.2599999904632568,946600,0.0,0.0
2024-12-11 00:00:00-05:00,1.2599999904632568,1.2599999904632568,1.1299999952316284,1.1399999856948853,316100,0.0,0.0
2024-12-12 00:00:00-05:00,1.1299999952316284,1.159999966621399,1.0499999523162842,1.100000023841858,159400,0.0,0.0
2024-12-13 00:00:00-05:00,1.090000033378601,1.1150000095367432,1.059999942779541,1.0800000429153442,123300,0.0,0.0
2024-12-16 00:00:00-05:00,1.0800000429153442,1.0980000495910645,1.0149999856948853,1.0499999523162842,191500,0.0,0.0
2024-12-17 00:00:00-05:00,1.0399999618530273,1.1299999952316284,1.0399999618530273,1.0800000429153442,74800,0.0,0.0
2024-12-18 00:00:00-05:00,1.090000033378601,1.090000033378601,1.0399999618530273,1.0800000429153442,141100,0.0,0.0
2024-12-19 00:00:00-05:00,1.059999942779541,1.0800000429153442,1.0299999713897705,1.0700000524520874,125600,0.0,0.0
2024-12-20 00:00:00-05:00,1.0800000429153442,1.0800000429153442,1.0299999713897705,1.0800000429153442,81500,0.0,0.0
2024-12-23 00:00:00-05:00,1.0700000524520874,1.1200000047683716,1.0499999523162842,1.100000023841858,96400,0.0,0.0
2024-12-24 00:00:00-05:00,1.0800000429153442,1.100000023841858,1.0499999523162842,1.0800000429153442,63300,0.0,0.0
2024-12-26 00:00:00-05:00,1.0800000429153442,1.1399999856948853,1.0299999713897705,1.1100000143051147,88900,0.0,0.0
2024-12-27 00:00:00-05:00,1.1200000047683716,1.149999976158142,1.0800000429153442,1.1200000047683716,109600,0.0,0.0
2024-12-30 00:00:00-05:00,1.0700000524520874,1.0989999771118164,1.0700000524520874,1.0700000524520874,65600,0.0,0.0
2024-12-31 00:00:00-05:00,1.0800000429153442,1.190000057220459,1.0800000429153442,1.1200000047683716,163000,0.0,0.0
2025-01-02 00:00:00-05:00,1.1200000047683716,1.1299999952316284,1.0800000429153442,1.100000023841858,49800,0.0,0.0
2025-01-03 00:00:00-05:00,1.090000033378601,1.1200000047683716,1.090000033378601,1.100000023841858,43600,0.0,0.0
2025-01-06 00:00:00-05:00,1.1299999952316284,1.1799999475479126,1.100000023841858,1.149999976158142,142200,0.0,0.0
2025-01-07 00:00:00-05:00,1.1100000143051147,1.1699999570846558,1.1100000143051147,1.1299999952316284,19300,0.0,0.0
2025-01-08 00:00:00-05:00,1.159999966621399,1.159999966621399,1.1200000047683716,1.1399999856948853,24100,0.0,0.0
2025-01-10 00:00:00-05:00,1.1200000047683716,1.149999976158142,1.1100000143051147,1.1299999952316284,29200,0.0,0.0
2025-01-13 00:00:00-05:00,1.100000023841858,1.1200000047683716,1.090000033378601,1.1100000143051147,74100,0.0,0.0
2025-01-14 00:00:00-05:00,1.1299999952316284,1.1299999952316284,1.090000033378601,1.090000033378601,41700,0.0,0.0
2025-01-15 00:00:00-05:00,1.100000023841858,1.100000023841858,1.0800000429153442,1.090000033378601,34200,0.0,0.0
2025-01-16 00:00:00-05:00,1.0800000429153442,1.1200000047683716,1.0700000524520874,1.0800000429153442,34300,0.0,0.0
2025-01-17 00:00:00-05:00,1.1200000047683716,1.1200000047683716,1.065000057220459,1.1100000143051147,24500,0.0,0.0
2025-01-21 00:00:00-05:00,1.0700000524520874,1.1200000047683716,1.0700000524520874,1.100000023841858,26600,0.0,0.0
2025-01-22 00:00:00-05:00,1.100000023841858,1.1299999952316284,1.090000033378601,1.1100000143051147,36600,0.0,0.0
2025-01-23 00:00:00-05:00,1.090000033378601,1.1169999837875366,1.090000033378601,1.090000033378601,2600,0.0,0.0
2025-01-24 00:00:00-05:00,1.0700000524520874,1.1100000143051147,1.0700000524520874,1.100000023841858,24800,0.0,0.0
2025-01-27 00:00:00-05:00,1.090000033378601,1.1380000114440918,1.0801000595092773,1.090000033378601,33434,0.0,0.0
