Date,Open,High,Low,Close,Volume,Dividends,Stock Splits
2022-01-03 00:00:00-05:00,17.600000381469727,20.399999618530273,17.5,19.5,689410,0.0,0.0
2022-01-04 00:00:00-05:00,19.200000762939453,19.399999618530273,17.399999618530273,18.100000381469727,234630,0.0,0.0
2022-01-05 00:00:00-05:00,18.0,18.399999618530273,17.200000762939453,17.299999237060547,137730,0.0,0.0
2022-01-06 00:00:00-05:00,17.299999237060547,17.5,16.600000381469727,17.299999237060547,189120,0.0,0.0
2022-01-07 00:00:00-05:00,17.200000762939453,17.600000381469727,16.600000381469727,16.799999237060547,106630,0.0,0.0
2022-01-10 00:00:00-05:00,16.799999237060547,16.799999237060547,16.0,16.399999618530273,106930,0.0,0.0
2022-01-11 00:00:00-05:00,16.600000381469727,16.799999237060547,16.100000381469727,16.299999237060547,102220,0.0,0.0
2022-01-12 00:00:00-05:00,16.5,16.549999237060547,15.899999618530273,16.0,120350,0.0,0.0
2022-01-13 00:00:00-05:00,16.200000762939453,16.299999237060547,15.800000190734863,16.0,90900,0.0,0.0
2022-01-14 00:00:00-05:00,16.100000381469727,16.600000381469727,15.5,16.5,130990,0.0,0.0
2022-01-18 00:00:00-05:00,16.25,16.399999618530273,15.399999618530273,15.399999618530273,118260,0.0,0.0
2022-01-19 00:00:00-05:00,15.399999618530273,16.299999237060547,15.399999618530273,15.899999618530273,108130,0.0,0.0
2022-01-20 00:00:00-05:00,16.100000381469727,16.200000762939453,15.399999618530273,15.399999618530273,62490,0.0,0.0
2022-01-21 00:00:00-05:00,15.600000381469727,15.800000190734863,15.199999809265137,15.5,103620,0.0,0.0
2022-01-24 00:00:00-05:00,15.300000190734863,15.949999809265137,14.649999618530273,15.899999618530273,110080,0.0,0.0
2022-01-25 00:00:00-05:00,15.699999809265137,16.200000762939453,15.199999809265137,16.0,56780,0.0,0.0
2022-01-26 00:00:00-05:00,16.0,16.200000762939453,15.199999809265137,15.199999809265137,54280,0.0,0.0
2022-01-27 00:00:00-05:00,15.300000190734863,15.399999618530273,14.75,15.0,86860,0.0,0.0
2022-01-28 00:00:00-05:00,14.899999618530273,15.5,14.5,15.5,102300,0.0,0.0
2022-01-31 00:00:00-05:00,15.399999618530273,16.600000381469727,15.350000381469727,16.5,128680,0.0,0.0
2022-02-01 00:00:00-05:00,16.5,16.799999237060547,16.100000381469727,16.5,61320,0.0,0.0
2022-02-02 00:00:00-05:00,16.5,16.5,15.550000190734863,15.600000381469727,55310,0.0,0.0
2022-02-03 00:00:00-05:00,15.5,15.699999809265137,14.949999809265137,15.0,65260,0.0,0.0
2022-02-04 00:00:00-05:00,15.100000381469727,15.5,15.0,15.199999809265137,157310,0.0,0.0
2022-02-07 00:00:00-05:00,15.199999809265137,15.899999618530273,15.199999809265137,15.800000190734863,104090,0.0,0.0
2022-02-08 00:00:00-05:00,15.600000381469727,15.800000190734863,15.449999809265137,15.800000190734863,69480,0.0,0.0
2022-02-09 00:00:00-05:00,15.800000190734863,16.100000381469727,15.5,15.600000381469727,191550,0.0,0.0
2022-02-10 00:00:00-05:00,15.5,15.600000381469727,14.800000190734863,14.899999618530273,123890,0.0,0.0
2022-02-11 00:00:00-05:00,14.800000190734863,15.0,14.199999809265137,14.199999809265137,96520,0.0,0.0
2022-02-14 00:00:00-05:00,14.199999809265137,14.390000343322754,13.699999809265137,13.899999618530273,47120,0.0,0.0
2022-02-15 00:00:00-05:00,14.0,14.399999618530273,14.0,14.199999809265137,36100,0.0,0.0
2022-02-16 00:00:00-05:00,14.300000190734863,14.399999618530273,14.0,14.199999809265137,36700,0.0,0.0
2022-02-17 00:00:00-05:00,14.100000381469727,14.25,13.600000381469727,13.699999809265137,45590,0.0,0.0
2022-02-18 00:00:00-05:00,13.600000381469727,14.100000381469727,13.5,13.699999809265137,81320,0.0,0.0
2022-02-22 00:00:00-05:00,13.399999618530273,13.800000190734863,13.300000190734863,13.399999618530273,57750,0.0,0.0
2022-02-23 00:00:00-05:00,13.600000381469727,13.699999809265137,12.899999618530273,13.0,84740,0.0,0.0
2022-02-24 00:00:00-05:00,12.800000190734863,13.649999618530273,12.699999809265137,13.399999618530273,123760,0.0,0.0
2022-02-25 00:00:00-05:00,13.300000190734863,14.100000381469727,13.100000381469727,13.899999618530273,49580,0.0,0.0
2022-02-28 00:00:00-05:00,13.699999809265137,14.100000381469727,13.350000381469727,13.399999618530273,38820,0.0,0.0
2022-03-01 00:00:00-05:00,13.399999618530273,13.75,13.100000381469727,13.149999618530273,42950,0.0,0.0
2022-03-02 00:00:00-05:00,13.100000381469727,13.25,12.899999618530273,13.100000381469727,48060,0.0,0.0
2022-03-03 00:00:00-05:00,13.199999809265137,13.25,12.399999618530273,12.5,72260,0.0,0.0
2022-03-04 00:00:00-05:00,12.399999618530273,12.699999809265137,12.300000190734863,12.300000190734863,34120,0.0,0.0
2022-03-07 00:00:00-05:00,12.300000190734863,13.0,12.300000190734863,12.699999809265137,57520,0.0,0.0
2022-03-08 00:00:00-05:00,12.699999809265137,13.5,12.5,12.899999618530273,64480,0.0,0.0
2022-03-09 00:00:00-05:00,13.199999809265137,13.699999809265137,13.100000381469727,13.5,143780,0.0,0.0
2022-03-10 00:00:00-05:00,13.300000190734863,13.5,13.100000381469727,13.300000190734863,38750,0.0,0.0
2022-03-11 00:00:00-05:00,13.300000190734863,13.5,12.800000190734863,12.899999618530273,73640,0.0,0.0
2022-03-14 00:00:00-04:00,12.800000190734863,12.899999618530273,12.199999809265137,12.300000190734863,58820,0.0,0.0
2022-03-15 00:00:00-04:00,12.5,12.5,12.100000381469727,12.300000190734863,67500,0.0,0.0
2022-03-16 00:00:00-04:00,12.600000381469727,12.949999809265137,12.300000190734863,12.699999809265137,41330,0.0,0.0
2022-03-17 00:00:00-04:00,12.800000190734863,13.800000190734863,12.800000190734863,13.5,59270,0.0,0.0
2022-03-18 00:00:00-04:00,13.600000381469727,14.399999618530273,13.5,14.399999618530273,103720,0.0,0.0
2022-03-21 00:00:00-04:00,14.399999618530273,14.5,13.5,13.600000381469727,119850,0.0,0.0
2022-03-22 00:00:00-04:00,13.600000381469727,14.100000381469727,13.5,13.699999809265137,34700,0.0,0.0
2022-03-23 00:00:00-04:00,13.5,14.0,13.300000190734863,13.5,138280,0.0,0.0
2022-03-24 00:00:00-04:00,13.399999618530273,14.600000381469727,13.300000190734863,14.0,1193940,0.0,0.0
2022-03-25 00:00:00-04:00,14.300000190734863,15.100000381469727,14.0,14.699999809265137,85660,0.0,0.0
2022-03-28 00:00:00-04:00,14.800000190734863,14.800000190734863,13.600000381469727,13.800000190734863,71140,0.0,0.0
2022-03-29 00:00:00-04:00,13.600000381469727,14.399999618530273,13.600000381469727,13.899999618530273,165400,0.0,0.0
2022-03-30 00:00:00-04:00,13.899999618530273,14.399999618530273,13.399999618530273,13.399999618530273,61180,0.0,0.0
2022-03-31 00:00:00-04:00,13.300000190734863,13.600000381469727,13.0,13.100000381469727,55040,0.0,0.0
2022-04-01 00:00:00-04:00,13.0,13.399999618530273,12.800000190734863,13.0,79800,0.0,0.0
2022-04-04 00:00:00-04:00,13.300000190734863,13.600000381469727,13.100000381469727,13.399999618530273,53810,0.0,0.0
2022-04-05 00:00:00-04:00,13.300000190734863,13.600000381469727,13.0,13.0,42320,0.0,0.0
2022-04-06 00:00:00-04:00,12.800000190734863,13.100000381469727,12.600000381469727,12.800000190734863,42400,0.0,0.0
2022-04-07 00:00:00-04:00,12.899999618530273,13.199999809265137,12.5,12.600000381469727,56790,0.0,0.0
2022-04-08 00:00:00-04:00,12.5,12.800000190734863,12.199999809265137,12.199999809265137,36790,0.0,0.0
2022-04-11 00:00:00-04:00,12.199999809265137,12.199999809265137,11.699999809265137,11.699999809265137,71530,0.0,0.0
2022-04-12 00:00:00-04:00,11.800000190734863,12.199999809265137,11.550000190734863,11.600000381469727,130420,0.0,0.0
2022-04-13 00:00:00-04:00,11.699999809265137,12.0,11.600000381469727,11.800000190734863,757860,0.0,0.0
2022-04-14 00:00:00-04:00,12.199999809265137,12.300000190734863,11.899999618530273,12.0,81110,0.0,0.0
2022-04-18 00:00:00-04:00,12.0,12.199999809265137,11.199999809265137,11.199999809265137,87520,0.0,0.0
2022-04-19 00:00:00-04:00,11.199999809265137,11.600000381469727,11.0,11.199999809265137,60330,0.0,0.0
2022-04-20 00:00:00-04:00,11.300000190734863,11.5,10.949999809265137,11.399999618530273,63820,0.0,0.0
2022-04-21 00:00:00-04:00,11.699999809265137,12.399999618530273,11.300000190734863,11.300000190734863,112300,0.0,0.0
2022-04-22 00:00:00-04:00,11.300000190734863,11.5,11.0,11.399999618530273,50490,0.0,0.0
2022-04-25 00:00:00-04:00,11.600000381469727,12.0,11.399999618530273,11.899999618530273,55500,0.0,0.0
2022-04-26 00:00:00-04:00,11.800000190734863,11.930000305175781,11.100000381469727,11.100000381469727,47750,0.0,0.0
2022-04-27 00:00:00-04:00,11.300000190734863,11.5,10.699999809265137,10.800000190734863,87600,0.0,0.0
2022-04-28 00:00:00-04:00,10.800000190734863,11.149999618530273,10.300000190734863,11.0,108410,0.0,0.0
2022-04-29 00:00:00-04:00,10.800000190734863,11.300000190734863,10.600000381469727,10.699999809265137,56490,0.0,0.0
2022-05-02 00:00:00-04:00,11.100000381469727,11.550000190734863,10.699999809265137,11.100000381469727,106430,0.0,0.0
2022-05-03 00:00:00-04:00,11.0,11.800000190734863,11.0,11.399999618530273,64630,0.0,0.0
2022-05-04 00:00:00-04:00,11.300000190734863,11.699999809265137,10.699999809265137,11.5,53570,0.0,0.0
2022-05-05 00:00:00-04:00,11.5,11.5,10.5,10.600000381469727,47690,0.0,0.0
2022-05-06 00:00:00-04:00,10.5,10.699999809265137,10.100000381469727,10.199999809265137,61890,0.0,0.0
2022-05-09 00:00:00-04:00,10.199999809265137,10.5,10.0,10.100000381469727,65660,0.0,0.0
2022-05-10 00:00:00-04:00,10.199999809265137,10.899999618530273,10.100000381469727,10.699999809265137,113230,0.0,0.0
2022-05-11 00:00:00-04:00,10.600000381469727,10.600000381469727,9.619999885559082,9.729999542236328,128360,0.0,0.0
2022-05-12 00:00:00-04:00,9.5,10.100000381469727,9.0,9.09000015258789,162100,0.0,0.0
2022-05-13 00:00:00-04:00,9.390000343322754,9.600000381469727,8.119999885559082,8.359999656677246,285720,0.0,0.0
2022-05-16 00:00:00-04:00,8.5,8.699999809265137,7.949999809265137,8.100000381469727,115690,0.0,0.0
2022-05-17 00:00:00-04:00,8.300000190734863,8.520000457763672,8.100000381469727,8.279999732971191,93530,0.0,0.0
2022-05-18 00:00:00-04:00,8.449999809265137,9.0,8.300000190734863,8.329999923706055,128700,0.0,0.0
2022-05-19 00:00:00-04:00,8.550000190734863,8.600000381469727,8.329999923706055,8.539999961853027,79990,0.0,0.0
2022-05-20 00:00:00-04:00,8.800000190734863,8.899999618530273,8.130000114440918,8.550000190734863,74930,0.0,0.0
2022-05-23 00:00:00-04:00,8.550000190734863,8.899999618530273,8.15999984741211,8.260000228881836,60320,0.0,0.0
2022-05-24 00:00:00-04:00,8.199999809265137,8.539999961853027,8.180000305175781,8.420000076293945,54550,0.0,0.0
2022-05-25 00:00:00-04:00,8.390000343322754,8.720000267028809,8.390000343322754,8.569999694824219,69320,0.0,0.0
2022-05-26 00:00:00-04:00,8.680000305175781,8.989999771118164,8.5,8.739999771118164,56180,0.0,0.0
2022-05-27 00:00:00-04:00,8.720000267028809,9.0,8.699999809265137,8.880000114440918,53590,0.0,0.0
2022-05-31 00:00:00-04:00,9.050000190734863,9.399999618530273,8.800000190734863,8.970000267028809,74470,0.0,0.0
2022-06-01 00:00:00-04:00,9.050000190734863,9.199999809265137,8.699999809265137,8.8100004196167,74100,0.0,0.0
2022-06-02 00:00:00-04:00,8.8100004196167,9.289999961853027,8.720000267028809,9.220000267028809,87770,0.0,0.0
2022-06-03 00:00:00-04:00,9.100000381469727,10.0,8.899999618530273,9.880000114440918,142390,0.0,0.0
2022-06-06 00:00:00-04:00,9.899999618530273,10.399999618530273,9.699999809265137,10.300000190734863,130150,0.0,0.0
2022-06-07 00:00:00-04:00,10.100000381469727,11.100000381469727,9.880000114440918,10.800000190734863,207720,0.0,0.0
2022-06-08 00:00:00-04:00,10.800000190734863,11.100000381469727,10.100000381469727,10.899999618530273,196690,0.0,0.0
2022-06-09 00:00:00-04:00,10.800000190734863,11.100000381469727,10.300000190734863,10.699999809265137,103230,0.0,0.0
2022-06-10 00:00:00-04:00,10.600000381469727,10.600000381469727,9.800000190734863,9.899999618530273,93980,0.0,0.0
2022-06-13 00:00:00-04:00,9.489999771118164,9.800000190734863,9.119999885559082,9.520000457763672,67210,0.0,0.0
2022-06-14 00:00:00-04:00,9.449999809265137,9.579999923706055,9.199999809265137,9.260000228881836,32730,0.0,0.0
2022-06-15 00:00:00-04:00,9.140000343322754,10.100000381469727,9.109999656677246,9.710000038146973,84820,0.0,0.0
2022-06-16 00:00:00-04:00,9.199999809265137,9.699999809265137,9.0,9.699999809265137,89740,0.0,0.0
2022-06-17 00:00:00-04:00,9.449999809265137,10.0,9.220000267028809,10.0,107900,0.0,0.0
2022-06-21 00:00:00-04:00,10.300000190734863,10.5,9.800000190734863,10.300000190734863,126000,0.0,0.0
2022-06-22 00:00:00-04:00,10.100000381469727,10.600000381469727,10.0,10.600000381469727,115230,0.0,0.0
2022-06-23 00:00:00-04:00,10.300000190734863,10.800000190734863,10.199999809265137,10.800000190734863,137630,0.0,0.0
2022-06-24 00:00:00-04:00,10.699999809265137,11.100000381469727,10.149999618530273,10.600000381469727,1125410,0.0,0.0
2022-06-27 00:00:00-04:00,10.5,10.699999809265137,10.100000381469727,10.600000381469727,55610,0.0,0.0
2022-06-28 00:00:00-04:00,10.600000381469727,12.300000190734863,10.600000381469727,11.699999809265137,139960,0.0,0.0
2022-06-29 00:00:00-04:00,11.5,12.0,11.399999618530273,11.800000190734863,83050,0.0,0.0
2022-06-30 00:00:00-04:00,11.600000381469727,12.199999809265137,11.300000190734863,12.0,82900,0.0,0.0
2022-07-01 00:00:00-04:00,11.899999618530273,11.899999618530273,11.300000190734863,11.800000190734863,57460,0.0,0.0
2022-07-05 00:00:00-04:00,11.699999809265137,12.0,11.399999618530273,11.600000381469727,78220,0.0,0.0
2022-07-06 00:00:00-04:00,11.699999809265137,12.300000190734863,11.699999809265137,12.300000190734863,91720,0.0,0.0
2022-07-07 00:00:00-04:00,13.0,14.399999618530273,13.0,14.0,614190,0.0,0.0
2022-07-08 00:00:00-04:00,14.0,15.600000381469727,13.449999809265137,15.300000190734863,397570,0.0,0.0
2022-07-11 00:00:00-04:00,15.300000190734863,16.299999237060547,14.5,16.100000381469727,278880,0.0,0.0
2022-07-12 00:00:00-04:00,15.800000190734863,17.899999618530273,15.0,17.399999618530273,194530,0.0,0.0
2022-07-13 00:00:00-04:00,17.200000762939453,17.700000762939453,16.700000762939453,17.5,833000,0.0,0.0
2022-07-14 00:00:00-04:00,17.299999237060547,18.200000762939453,16.700000762939453,17.5,102760,0.0,0.0
2022-07-15 00:00:00-04:00,17.700000762939453,17.799999237060547,14.699999809265137,16.5,202690,0.0,0.0
2022-07-18 00:00:00-04:00,17.100000381469727,17.5,16.600000381469727,16.799999237060547,59470,0.0,0.0
2022-07-19 00:00:00-04:00,16.799999237060547,17.549999237060547,16.649999618530273,17.100000381469727,310530,0.0,0.0
2022-07-20 00:00:00-04:00,16.899999618530273,17.700000762939453,16.799999237060547,17.399999618530273,105930,0.0,0.0
2022-07-21 00:00:00-04:00,17.200000762939453,17.700000762939453,17.030000686645508,17.200000762939453,18350,0.0,0.0
2022-07-22 00:00:00-04:00,17.100000381469727,17.200000762939453,15.680000305175781,15.800000190734863,29820,0.0,0.0
2022-07-25 00:00:00-04:00,15.800000190734863,16.0,15.199999809265137,15.5,59610,0.0,0.0
2022-07-26 00:00:00-04:00,15.100000381469727,16.0,15.100000381469727,15.5,20040,0.0,0.0
2022-07-27 00:00:00-04:00,15.699999809265137,16.450000762939453,15.399999618530273,16.100000381469727,21110,0.0,0.0
2022-07-28 00:00:00-04:00,16.100000381469727,16.100000381469727,15.300000190734863,15.5,21950,0.0,0.0
2022-07-29 00:00:00-04:00,15.300000190734863,15.300000190734863,14.600000381469727,14.600000381469727,26510,0.0,0.0
2022-08-01 00:00:00-04:00,14.600000381469727,15.0,13.600000381469727,13.800000190734863,57180,0.0,0.0
2022-08-02 00:00:00-04:00,13.600000381469727,14.0,13.0,13.100000381469727,28010,0.0,0.0
2022-08-03 00:00:00-04:00,13.199999809265137,14.149999618530273,12.699999809265137,13.899999618530273,90210,0.0,0.0
2022-08-04 00:00:00-04:00,13.899999618530273,15.600000381469727,13.399999618530273,15.100000381469727,46070,0.0,0.0
2022-08-05 00:00:00-04:00,14.699999809265137,16.100000381469727,14.699999809265137,16.100000381469727,32640,0.0,0.0
2022-08-08 00:00:00-04:00,16.399999618530273,16.399999618530273,14.800000190734863,15.199999809265137,33220,0.0,0.0
2022-08-09 00:00:00-04:00,15.199999809265137,15.5,14.800000190734863,14.899999618530273,46160,0.0,0.0
2022-08-10 00:00:00-04:00,15.199999809265137,15.399999618530273,14.800000190734863,15.399999618530273,10960,0.0,0.0
2022-08-11 00:00:00-04:00,15.300000190734863,15.899999618530273,14.850000381469727,15.100000381469727,39240,0.0,0.0
2022-08-12 00:00:00-04:00,15.800000190734863,15.800000190734863,14.5,14.699999809265137,124680,0.0,0.0
2022-08-15 00:00:00-04:00,14.850000381469727,15.0,13.899999618530273,14.100000381469727,26650,0.0,0.0
2022-08-16 00:00:00-04:00,13.899999618530273,14.300000190734863,12.800000190734863,14.0,105860,0.0,0.0
2022-08-17 00:00:00-04:00,14.100000381469727,14.399999618530273,13.5,13.5,26080,0.0,0.0
2022-08-18 00:00:00-04:00,13.5,14.100000381469727,13.0,13.5,23000,0.0,0.0
2022-08-19 00:00:00-04:00,13.399999618530273,13.399999618530273,12.699999809265137,12.699999809265137,216630,0.0,0.0
2022-08-22 00:00:00-04:00,12.399999618530273,12.899999618530273,12.300000190734863,12.399999618530273,35470,0.0,0.0
2022-08-23 00:00:00-04:00,12.300000190734863,12.680000305175781,12.0,12.5,18560,0.0,0.0
2022-08-24 00:00:00-04:00,12.300000190734863,12.800000190734863,12.199999809265137,12.5,13590,0.0,0.0
2022-08-25 00:00:00-04:00,12.5,13.0,11.699999809265137,11.899999618530273,40200,0.0,0.0
2022-08-26 00:00:00-04:00,11.800000190734863,12.100000381469727,11.050000190734863,11.699999809265137,125620,0.0,0.0
2022-08-29 00:00:00-04:00,11.699999809265137,11.699999809265137,11.199999809265137,11.199999809265137,20120,0.0,0.0
2022-08-30 00:00:00-04:00,11.199999809265137,12.149999618530273,10.600000381469727,12.100000381469727,76760,0.0,0.0
2022-08-31 00:00:00-04:00,12.100000381469727,12.289999961853027,11.0,11.600000381469727,38920,0.0,0.0
2022-09-01 00:00:00-04:00,11.5,11.600000381469727,10.5,11.199999809265137,18690,0.0,0.0
2022-09-02 00:00:00-04:00,11.300000190734863,11.5,11.100000381469727,11.100000381469727,14200,0.0,0.0
2022-09-06 00:00:00-04:00,11.100000381469727,11.300000190734863,10.600000381469727,10.600000381469727,18850,0.0,0.0
2022-09-07 00:00:00-04:00,10.699999809265137,11.100000381469727,10.5,11.0,21760,0.0,0.0
2022-09-08 00:00:00-04:00,10.800000190734863,11.600000381469727,10.800000190734863,11.300000190734863,12820,0.0,0.0
2022-09-09 00:00:00-04:00,11.399999618530273,12.100000381469727,11.300000190734863,11.399999618530273,55640,0.0,0.0
2022-09-12 00:00:00-04:00,11.5,12.199999809265137,10.399999618530273,10.5,186370,0.0,0.0
2022-09-13 00:00:00-04:00,10.5,11.100000381469727,10.5,10.600000381469727,48830,0.0,0.0
2022-09-14 00:00:00-04:00,10.600000381469727,11.399999618530273,10.600000381469727,10.899999618530273,43910,0.0,0.0
2022-09-15 00:00:00-04:00,10.899999618530273,11.399999618530273,10.850000381469727,11.0,25880,0.0,0.0
2022-09-16 00:00:00-04:00,10.899999618530273,11.550000190734863,10.699999809265137,11.100000381469727,47540,0.0,0.0
2022-09-19 00:00:00-04:00,10.800000190734863,11.0,10.5,10.550000190734863,78570,0.0,0.0
2022-09-20 00:00:00-04:00,10.600000381469727,10.699999809265137,10.199999809265137,10.199999809265137,47790,0.0,0.0
2022-09-21 00:00:00-04:00,10.300000190734863,10.699999809265137,10.199999809265137,10.5,67160,0.0,0.0
2022-09-22 00:00:00-04:00,10.399999618530273,10.399999618530273,10.0,10.100000381469727,22180,0.0,0.0
2022-09-23 00:00:00-04:00,10.0,10.09000015258789,9.5,9.649999618530273,49510,0.0,0.0
2022-09-26 00:00:00-04:00,9.5,9.979999542236328,9.100000381469727,9.199999809265137,38340,0.0,0.0
2022-09-27 00:00:00-04:00,9.300000190734863,9.59000015258789,8.800000190734863,8.8100004196167,19030,0.0,0.0
2022-09-28 00:00:00-04:00,8.800000190734863,10.199999809265137,8.800000190734863,9.680000305175781,218220,0.0,0.0
2022-09-29 00:00:00-04:00,9.699999809265137,9.800000190734863,9.210000038146973,9.489999771118164,23280,0.0,0.0
2022-09-30 00:00:00-04:00,10.300000190734863,10.300000190734863,9.460000038146973,9.5,31140,0.0,0.0
2022-10-03 00:00:00-04:00,10.0,10.600000381469727,9.65999984741211,10.0,55650,0.0,0.0
2022-10-04 00:00:00-04:00,10.0,10.600000381469727,10.0,10.300000190734863,19900,0.0,0.0
2022-10-05 00:00:00-04:00,10.300000190734863,10.699999809265137,10.100000381469727,10.100000381469727,17820,0.0,0.0
2022-10-06 00:00:00-04:00,10.100000381469727,10.399999618530273,9.899999618530273,10.199999809265137,22040,0.0,0.0
2022-10-07 00:00:00-04:00,10.0,10.199999809265137,9.699999809265137,9.75,18320,0.0,0.0
2022-10-10 00:00:00-04:00,9.800000190734863,9.930000305175781,9.300000190734863,9.300000190734863,15800,0.0,0.0
2022-10-11 00:00:00-04:00,9.199999809265137,9.630000114440918,9.100000381469727,9.130000114440918,16730,0.0,0.0
2022-10-12 00:00:00-04:00,9.199999809265137,9.369999885559082,9.0,9.3100004196167,14300,0.0,0.0
2022-10-13 00:00:00-04:00,9.0,9.220000267028809,9.0,9.100000381469727,24630,0.0,0.0
2022-10-14 00:00:00-04:00,9.010000228881836,9.300000190734863,9.010000228881836,9.300000190734863,7920,0.0,0.0
2022-10-17 00:00:00-04:00,9.199999809265137,9.699999809265137,9.029999732971191,9.40999984741211,15650,0.0,0.0
2022-10-18 00:00:00-04:00,9.399999618530273,9.649999618530273,9.100000381469727,9.229999542236328,18350,0.0,0.0
2022-10-19 00:00:00-04:00,9.0,9.3100004196167,8.520000457763672,8.550000190734863,54510,0.0,0.0
2022-10-20 00:00:00-04:00,8.550000190734863,8.800000190734863,8.5,8.5600004196167,18970,0.0,0.0
2022-10-21 00:00:00-04:00,8.529999732971191,9.0,8.520000457763672,8.800000190734863,15530,0.0,0.0
2022-10-24 00:00:00-04:00,9.199999809265137,9.699999809265137,8.529999732971191,8.970000267028809,41800,0.0,0.0
2022-10-25 00:00:00-04:00,9.0,9.5,8.800000190734863,9.199999809265137,23730,0.0,0.0
2022-10-26 00:00:00-04:00,9.180000305175781,9.5,9.0,9.109999656677246,12310,0.0,0.0
2022-10-27 00:00:00-04:00,9.0,9.369999885559082,9.0,9.199999809265137,7340,0.0,0.0
2022-10-28 00:00:00-04:00,9.300000190734863,9.479999542236328,8.899999618530273,9.050000190734863,19040,0.0,0.0
2022-10-31 00:00:00-04:00,8.899999618530273,9.050000190734863,8.649999618530273,8.649999618530273,28550,0.0,0.0
2022-11-01 00:00:00-04:00,8.699999809265137,9.210000038146973,8.649999618530273,8.760000228881836,22740,0.0,0.0
2022-11-02 00:00:00-04:00,8.800000190734863,9.550000190734863,8.420000076293945,8.420000076293945,29290,0.0,0.0
2022-11-03 00:00:00-04:00,8.399999618530273,8.59000015258789,8.119999885559082,8.180000305175781,23170,0.0,0.0
2022-11-04 00:00:00-04:00,8.289999961853027,9.5,7.300000190734863,8.0,157020,0.0,0.0
2022-11-07 00:00:00-05:00,8.0,8.199999809265137,7.699999809265137,7.75,30950,0.0,0.0
2022-11-08 00:00:00-05:00,7.699999809265137,8.15999984741211,7.210000038146973,7.300000190734863,82910,0.0,0.0
2022-11-09 00:00:00-05:00,7.300000190734863,7.699999809265137,6.800000190734863,6.800000190734863,58150,0.0,0.0
2022-11-10 00:00:00-05:00,7.0,8.0600004196167,7.0,7.320000171661377,29240,0.0,0.0
2022-11-11 00:00:00-05:00,7.5,7.980000019073486,7.050000190734863,7.650000095367432,20370,0.0,0.0
2022-11-14 00:00:00-05:00,7.889999866485596,8.0,7.190000057220459,7.349999904632568,31790,0.0,0.0
2022-11-15 00:00:00-05:00,7.389999866485596,7.550000190734863,7.0,7.010000228881836,47790,0.0,0.0
2022-11-16 00:00:00-05:00,7.0,7.389999866485596,6.300000190734863,6.409999847412109,60240,0.0,0.0
2022-11-17 00:00:00-05:00,6.409999847412109,7.170000076293945,6.380000114440918,7.130000114440918,206770,0.0,0.0
2022-11-18 00:00:00-05:00,7.199999809265137,7.449999809265137,7.130000114440918,7.260000228881836,21400,0.0,0.0
2022-11-21 00:00:00-05:00,7.5,7.5,6.909999847412109,6.909999847412109,14390,0.0,0.0
2022-11-22 00:00:00-05:00,7.199999809265137,7.320000171661377,6.800000190734863,6.940000057220459,590190,0.0,0.0
2022-11-23 00:00:00-05:00,7.5,7.5,7.0,7.210000038146973,8230,0.0,0.0
2022-11-25 00:00:00-05:00,7.300000190734863,7.300000190734863,6.849999904632568,7.110000133514404,13320,0.0,0.0
2022-11-28 00:00:00-05:00,7.0,7.199999809265137,6.550000190734863,6.800000190734863,24200,0.0,0.0
2022-11-29 00:00:00-05:00,7.0,7.0,6.599999904632568,6.800000190734863,22690,0.0,0.0
2022-11-30 00:00:00-05:00,7.0,7.0,6.5,6.699999809265137,68850,0.0,0.0
2022-12-01 00:00:00-05:00,6.800000190734863,6.880000114440918,6.510000228881836,6.78000020980835,22630,0.0,0.0
2022-12-02 00:00:00-05:00,6.900000095367432,6.949999809265137,6.409999847412109,6.599999904632568,68250,0.0,0.0
2022-12-05 00:00:00-05:00,6.630000114440918,6.659999847412109,6.420000076293945,6.599999904632568,32420,0.0,0.0
2022-12-06 00:00:00-05:00,6.539999961853027,6.699999809265137,6.389999866485596,6.409999847412109,18170,0.0,0.0
2022-12-07 00:00:00-05:00,6.699999809265137,6.699999809265137,6.300000190734863,6.320000171661377,22840,0.0,0.0
2022-12-08 00:00:00-05:00,6.5,6.5,6.150000095367432,6.199999809265137,53130,0.0,0.0
2022-12-09 00:00:00-05:00,6.159999847412109,6.380000114440918,6.159999847412109,6.199999809265137,26580,0.0,0.0
2022-12-12 00:00:00-05:00,6.199999809265137,7.0,6.190000057220459,6.360000133514404,42320,0.0,0.0
2022-12-13 00:00:00-05:00,6.420000076293945,6.699999809265137,6.28000020980835,6.699999809265137,58460,0.0,0.0
2022-12-14 00:00:00-05:00,6.599999904632568,6.869999885559082,6.25,6.309999942779541,8280,0.0,0.0
2022-12-15 00:00:00-05:00,6.300000190734863,6.409999847412109,6.260000228881836,6.309999942779541,20260,0.0,0.0
2022-12-16 00:00:00-05:00,6.199999809265137,6.630000114440918,6.0,6.190000057220459,205330,0.0,0.0
2022-12-19 00:00:00-05:00,6.159999847412109,6.5,5.900000095367432,5.900000095367432,48320,0.0,0.0
2022-12-20 00:00:00-05:00,5.900000095367432,6.199999809265137,5.610000133514404,5.730000019073486,150950,0.0,0.0
2022-12-21 00:00:00-05:00,5.710000038146973,5.900000095367432,5.429999828338623,5.630000114440918,337100,0.0,0.0
2022-12-22 00:00:00-05:00,5.539999961853027,6.300000190734863,5.480000019073486,6.079999923706055,43620,0.0,0.0
2022-12-23 00:00:00-05:00,6.099999904632568,6.110000133514404,5.599999904632568,5.699999809265137,34950,0.0,0.0
2022-12-27 00:00:00-05:00,5.559999942779541,5.800000190734863,5.309999942779541,5.400000095367432,247950,0.0,0.0
2022-12-28 00:00:00-05:00,5.400000095367432,5.579999923706055,5.360000133514404,5.519999980926514,31080,0.0,0.0
2022-12-29 00:00:00-05:00,5.699999809265137,6.0,5.510000228881836,5.900000095367432,26570,0.0,0.0
2022-12-30 00:00:00-05:00,5.730000019073486,6.099999904632568,5.5,5.800000190734863,44570,0.0,0.0
2023-01-03 00:00:00-05:00,6.099999904632568,6.400000095367432,5.75,6.400000095367432,26930,0.0,0.0
2023-01-04 00:00:00-05:00,6.400000095367432,6.599999904632568,6.300000190734863,6.46999979019165,12270,0.0,0.0
2023-01-05 00:00:00-05:00,6.429999828338623,6.760000228881836,6.300000190734863,6.409999847412109,18490,0.0,0.0
2023-01-06 00:00:00-05:00,6.409999847412109,6.699999809265137,6.199999809265137,6.409999847412109,18450,0.0,0.0
2023-01-09 00:00:00-05:00,6.5,6.789999961853027,6.400000095367432,6.699999809265137,30790,0.0,0.0
2023-01-10 00:00:00-05:00,6.699999809265137,6.800000190734863,6.559999942779541,6.599999904632568,36950,0.0,0.0
2023-01-11 00:00:00-05:00,6.699999809265137,6.900000095367432,6.519999980926514,6.550000190734863,25340,0.0,0.0
2023-01-12 00:00:00-05:00,6.610000133514404,7.0,6.599999904632568,6.820000171661377,29800,0.0,0.0
2023-01-13 00:00:00-05:00,7.0,7.0,6.710000038146973,6.800000190734863,24670,0.0,0.0
2023-01-17 00:00:00-05:00,6.699999809265137,6.800000190734863,6.420000076293945,6.590000152587891,46630,0.0,0.0
2023-01-18 00:00:00-05:00,6.559999942779541,6.75,6.420000076293945,6.5,10420,0.0,0.0
2023-01-19 00:00:00-05:00,6.449999809265137,6.800000190734863,6.320000171661377,6.690000057220459,26640,0.0,0.0
2023-01-20 00:00:00-05:00,6.800000190734863,6.960000038146973,6.559999942779541,6.800000190734863,6150,0.0,0.0
2023-01-23 00:00:00-05:00,6.800000190734863,7.03000020980835,6.429999828338623,6.5,46790,0.0,0.0
2023-01-24 00:00:00-05:00,6.429999828338623,6.699999809265137,6.349999904632568,6.599999904632568,10520,0.0,0.0
2023-01-25 00:00:00-05:00,6.53000020980835,7.0,6.349999904632568,7.0,40680,0.0,0.0
2023-01-26 00:00:00-05:00,7.050000190734863,7.050000190734863,6.599999904632568,6.650000095367432,4780,0.0,0.0
2023-01-27 00:00:00-05:00,6.5,7.0,6.5,6.940000057220459,23310,0.0,0.0
2023-01-30 00:00:00-05:00,7.0,7.099999904632568,6.75,6.940000057220459,168610,0.0,0.0
2023-01-31 00:00:00-05:00,7.099999904632568,7.199999809265137,6.5,6.510000228881836,144280,0.0,0.0
2023-02-01 00:00:00-05:00,6.599999904632568,7.0,6.599999904632568,6.710000038146973,8960,0.0,0.0
2023-02-02 00:00:00-05:00,7.0,7.199999809265137,6.699999809265137,6.989999771118164,19880,0.0,0.0
2023-02-03 00:00:00-05:00,6.989999771118164,7.199999809265137,6.949999809265137,7.0,27120,0.0,0.0
2023-02-06 00:00:00-05:00,6.900000095367432,7.199999809265137,6.800000190734863,6.920000076293945,20570,0.0,0.0
2023-02-07 00:00:00-05:00,6.909999847412109,7.099999904632568,6.800000190734863,6.880000114440918,2720,0.0,0.0
2023-02-08 00:00:00-05:00,6.880000114440918,6.929999828338623,6.599999904632568,6.610000133514404,50670,0.0,0.0
2023-02-09 00:00:00-05:00,6.800000190734863,6.880000114440918,6.510000228881836,6.599999904632568,45240,0.0,0.0
2023-02-10 00:00:00-05:00,6.599999904632568,6.880000114440918,6.099999904632568,6.289999961853027,71970,0.0,0.0
2023-02-13 00:00:00-05:00,6.400000095367432,6.409999847412109,6.21999979019165,6.230000019073486,8650,0.0,0.0
2023-02-14 00:00:00-05:00,6.21999979019165,6.409999847412109,6.159999847412109,6.260000228881836,25160,0.0,0.0
2023-02-15 00:00:00-05:00,6.159999847412109,6.5,6.159999847412109,6.21999979019165,14030,0.0,0.0
2023-02-16 00:00:00-05:00,6.320000171661377,6.699999809265137,6.300000190734863,6.320000171661377,5090,0.0,0.0
2023-02-17 00:00:00-05:00,6.199999809265137,6.599999904632568,6.199999809265137,6.210000038146973,13660,0.0,0.0
2023-02-21 00:00:00-05:00,6.300000190734863,6.489999771118164,6.25,6.480000019073486,31770,0.0,0.0
2023-02-22 00:00:00-05:00,6.699999809265137,6.900000095367432,6.269999980926514,6.570000171661377,33190,0.0,0.0
2023-02-23 00:00:00-05:00,6.400000095367432,7.019999980926514,6.349999904632568,7.0,54970,0.0,0.0
2023-02-24 00:00:00-05:00,7.0,7.090000152587891,6.699999809265137,7.0,37380,0.0,0.0
2023-02-27 00:00:00-05:00,7.0,7.099999904632568,6.900000095367432,7.0,18260,0.0,0.0
2023-02-28 00:00:00-05:00,7.0,7.289999961853027,7.0,7.199999809265137,32920,0.0,0.0
2023-03-01 00:00:00-05:00,7.099999904632568,7.550000190734863,7.099999904632568,7.5,34460,0.0,0.0
2023-03-02 00:00:00-05:00,7.5,7.5,7.25,7.429999828338623,35730,0.0,0.0
2023-03-03 00:00:00-05:00,7.699999809265137,7.699999809265137,7.349999904632568,7.599999904632568,22710,0.0,0.0
2023-03-06 00:00:00-05:00,7.760000228881836,7.760000228881836,7.449999809265137,7.659999847412109,23320,0.0,0.0
2023-03-07 00:00:00-05:00,7.800000190734863,8.0600004196167,7.440000057220459,8.0,61080,0.0,0.0
2023-03-08 00:00:00-05:00,7.900000095367432,8.390000343322754,7.900000095367432,8.279999732971191,106830,0.0,0.0
2023-03-09 00:00:00-05:00,8.34000015258789,8.34000015258789,7.900000095367432,8.100000381469727,71130,0.0,0.0
2023-03-10 00:00:00-05:00,7.849999904632568,8.0,7.650000095367432,7.900000095367432,85250,0.0,0.0
2023-03-13 00:00:00-04:00,7.840000152587891,8.0,7.309999942779541,8.0,24850,0.0,0.0
2023-03-14 00:00:00-04:00,7.800000190734863,8.289999961853027,7.550000190734863,7.900000095367432,21860,0.0,0.0
2023-03-15 00:00:00-04:00,7.699999809265137,8.199999809265137,7.320000171661377,8.1899995803833,79030,0.0,0.0
2023-03-16 00:00:00-04:00,8.300000190734863,8.489999771118164,7.889999866485596,8.479999542236328,50870,0.0,0.0
2023-03-17 00:00:00-04:00,8.479999542236328,8.600000381469727,7.510000228881836,7.510000228881836,81210,0.0,0.0
2023-03-20 00:00:00-04:00,7.710000038146973,8.119999885559082,7.699999809265137,7.860000133514404,13800,0.0,0.0
2023-03-21 00:00:00-04:00,7.760000228881836,8.079999923706055,7.599999904632568,7.820000171661377,19060,0.0,0.0
2023-03-22 00:00:00-04:00,7.800000190734863,7.809999942779541,7.340000152587891,7.800000190734863,11670,0.0,0.0
2023-03-23 00:00:00-04:00,7.860000133514404,7.900000095367432,7.25,7.480000019073486,45340,0.0,0.0
2023-03-24 00:00:00-04:00,7.460000038146973,7.650000095367432,7.300000190734863,7.579999923706055,467080,0.0,0.0
2023-03-27 00:00:00-04:00,7.579999923706055,8.130000114440918,7.579999923706055,8.09000015258789,31850,0.0,0.0
2023-03-28 00:00:00-04:00,7.849999904632568,8.119999885559082,7.809999942779541,8.0,19460,0.0,0.0
2023-03-29 00:00:00-04:00,7.900000095367432,8.199999809265137,7.25,7.510000228881836,15390,0.0,0.0
2023-03-30 00:00:00-04:00,7.510000228881836,7.900000095367432,7.110000133514404,7.199999809265137,13530,0.0,0.0
2023-03-31 00:00:00-04:00,7.199999809265137,7.570000171661377,7.150000095367432,7.170000076293945,11060,0.0,0.0
2023-04-03 00:00:00-04:00,7.099999904632568,7.400000095367432,6.840000152587891,6.929999828338623,12180,0.0,0.0
2023-04-04 00:00:00-04:00,7.0,7.099999904632568,6.900000095367432,7.0,12100,0.0,0.0
2023-04-05 00:00:00-04:00,6.900000095367432,7.400000095367432,6.900000095367432,7.21999979019165,4170,0.0,0.0
2023-04-06 00:00:00-04:00,7.340000152587891,7.340000152587891,6.809999942779541,6.809999942779541,97750,0.0,0.0
2023-04-10 00:00:00-04:00,6.809999942779541,7.400000095367432,6.809999942779541,7.199999809265137,125840,0.0,0.0
2023-04-11 00:00:00-04:00,7.099999904632568,7.599999904632568,7.099999904632568,7.5,9640,0.0,0.0
2023-04-12 00:00:00-04:00,7.400000095367432,7.699999809265137,7.210000038146973,7.5,16710,0.0,0.0
2023-04-13 00:00:00-04:00,7.400000095367432,8.300000190734863,7.28000020980835,8.279999732971191,74000,0.0,0.0
2023-04-14 00:00:00-04:00,8.100000381469727,8.5,8.0,8.399999618530273,40250,0.0,0.0
2023-04-17 00:00:00-04:00,8.430000305175781,8.890000343322754,8.300000190734863,8.800000190734863,25140,0.0,0.0
2023-04-18 00:00:00-04:00,8.800000190734863,9.149999618530273,8.800000190734863,9.100000381469727,29550,0.0,0.0
2023-04-19 00:00:00-04:00,8.699999809265137,9.199999809265137,8.699999809265137,9.199999809265137,18810,0.0,0.0
2023-04-20 00:00:00-04:00,9.199999809265137,10.100000381469727,8.600000381469727,10.0,71000,0.0,0.0
2023-04-21 00:00:00-04:00,10.199999809265137,10.199999809265137,9.300000190734863,9.300000190734863,230740,0.0,0.0
2023-04-24 00:00:00-04:00,9.199999809265137,9.289999961853027,9.020000457763672,9.020000457763672,10280,0.0,0.0
2023-04-25 00:00:00-04:00,8.800000190734863,9.0,8.210000038146973,8.220000267028809,15520,0.0,0.0
2023-04-26 00:00:00-04:00,8.100000381469727,8.4399995803833,7.820000171661377,8.020000457763672,14720,0.0,0.0
2023-04-27 00:00:00-04:00,8.020000457763672,8.420000076293945,7.900000095367432,8.180000305175781,7380,0.0,0.0
2023-04-28 00:00:00-04:00,8.180000305175781,8.4399995803833,7.099999904632568,7.840000152587891,17180,0.0,0.0
2023-05-01 00:00:00-04:00,7.599999904632568,8.260000228881836,7.559999942779541,8.100000381469727,14960,0.0,0.0
2023-05-02 00:00:00-04:00,8.100000381469727,8.300000190734863,7.210000038146973,7.5,34460,0.0,0.0
2023-05-03 00:00:00-04:00,7.699999809265137,8.0,7.599999904632568,7.699999809265137,7480,0.0,0.0
2023-05-04 00:00:00-04:00,7.800000190734863,8.0,7.630000114440918,7.840000152587891,10240,0.0,0.0
2023-05-05 00:00:00-04:00,8.0,8.25,7.619999885559082,8.079999923706055,12060,0.0,0.0
2023-05-08 00:00:00-04:00,8.0,8.289999961853027,7.940000057220459,8.149999618530273,9200,0.0,0.0
2023-05-09 00:00:00-04:00,8.199999809265137,8.300000190734863,7.71999979019165,8.069999694824219,9100,0.0,0.0
2023-05-10 00:00:00-04:00,8.300000190734863,8.489999771118164,8.029999732971191,8.489999771118164,11810,0.0,0.0
2023-05-11 00:00:00-04:00,8.239999771118164,8.489999771118164,8.220000267028809,8.399999618530273,4940,0.0,0.0
2023-05-12 00:00:00-04:00,8.1899995803833,8.300000190734863,8.0,8.100000381469727,7870,0.0,0.0
2023-05-15 00:00:00-04:00,8.100000381469727,8.390000343322754,8.100000381469727,8.300000190734863,5390,0.0,0.0
2023-05-16 00:00:00-04:00,8.100000381469727,8.380000114440918,8.0,8.0,7850,0.0,0.0
2023-05-17 00:00:00-04:00,8.0,8.149999618530273,7.699999809265137,7.909999847412109,15140,0.0,0.0
2023-05-18 00:00:00-04:00,7.800000190734863,7.980000019073486,7.5,7.590000152587891,10330,0.0,0.0
2023-05-19 00:00:00-04:00,7.519999980926514,8.300000190734863,7.429999828338623,8.270000457763672,21310,0.0,0.0
2023-05-22 00:00:00-04:00,8.25,9.0,8.1899995803833,9.0,21060,0.0,0.0
2023-05-23 00:00:00-04:00,9.0,9.739999771118164,8.800000190734863,9.239999771118164,21430,0.0,0.0
2023-05-24 00:00:00-04:00,9.300000190734863,9.300000190734863,8.640000343322754,8.9399995803833,6510,0.0,0.0
2023-05-25 00:00:00-04:00,8.800000190734863,10.050000190734863,8.600000381469727,9.600000381469727,49830,0.0,0.0
2023-05-26 00:00:00-04:00,10.0,10.0,9.359999656677246,9.920000076293945,23150,0.0,0.0
2023-05-30 00:00:00-04:00,9.600000381469727,11.25,9.5,11.199999809265137,61090,0.0,0.0
2023-05-31 00:00:00-04:00,11.300000190734863,12.300000190734863,11.100000381469727,12.300000190734863,84300,0.0,0.0
2023-06-01 00:00:00-04:00,12.300000190734863,12.399999618530273,11.399999618530273,11.399999618530273,25070,0.0,0.0
2023-06-02 00:00:00-04:00,11.600000381469727,12.300000190734863,11.399999618530273,12.100000381469727,13230,0.0,0.0
2023-06-05 00:00:00-04:00,12.0,13.5600004196167,11.100000381469727,13.5,77440,0.0,0.0
2023-06-06 00:00:00-04:00,13.5,14.300000190734863,13.0,14.0,74820,0.0,0.0
2023-06-07 00:00:00-04:00,14.0,15.300000190734863,13.5,14.800000190734863,84440,0.0,0.0
2023-06-08 00:00:00-04:00,15.0,15.699999809265137,14.600000381469727,14.699999809265137,74780,0.0,0.0
2023-06-09 00:00:00-04:00,15.0,16.200000762939453,14.699999809265137,15.600000381469727,114010,0.0,0.0
2023-06-12 00:00:00-04:00,15.800000190734863,15.899999618530273,13.300000190734863,15.300000190734863,58220,0.0,0.0
2023-06-13 00:00:00-04:00,15.300000190734863,15.5,14.600000381469727,14.600000381469727,17100,0.0,0.0
2023-06-14 00:00:00-04:00,15.0,15.399999618530273,14.619999885559082,14.699999809265137,27740,0.0,0.0
2023-06-15 00:00:00-04:00,14.300000190734863,15.100000381469727,13.899999618530273,14.600000381469727,57340,0.0,0.0
2023-06-16 00:00:00-04:00,14.5,15.199999809265137,14.300000190734863,15.199999809265137,50320,0.0,0.0
2023-06-20 00:00:00-04:00,15.100000381469727,16.200000762939453,14.699999809265137,15.699999809265137,57200,0.0,0.0
2023-06-21 00:00:00-04:00,15.899999618530273,16.0,15.199999809265137,15.600000381469727,42150,0.0,0.0
2023-06-22 00:00:00-04:00,15.600000381469727,16.100000381469727,15.300000190734863,15.800000190734863,75710,0.0,0.0
2023-06-23 00:00:00-04:00,15.800000190734863,15.850000381469727,13.300000190734863,13.300000190734863,84130,0.0,0.0
2023-06-26 00:00:00-04:00,13.0,14.800000190734863,11.899999618530273,14.100000381469727,43400,0.0,0.0
2023-06-27 00:00:00-04:00,13.899999618530273,14.899999618530273,13.520000457763672,14.600000381469727,46710,0.0,0.0
2023-06-28 00:00:00-04:00,14.399999618530273,15.779999732971191,14.0,15.300000190734863,95090,0.0,0.0
2023-06-29 00:00:00-04:00,15.399999618530273,16.100000381469727,14.899999618530273,15.899999618530273,67980,0.0,0.0
2023-06-30 00:00:00-04:00,15.899999618530273,16.299999237060547,15.390000343322754,15.899999618530273,50970,0.0,0.0
2023-07-03 00:00:00-04:00,15.899999618530273,16.0,15.010000228881836,15.600000381469727,20300,0.0,0.0
2023-07-05 00:00:00-04:00,15.600000381469727,16.0,15.199999809265137,15.699999809265137,14430,0.0,0.0
2023-07-06 00:00:00-04:00,15.399999618530273,16.0,15.199999809265137,15.399999618530273,8660,0.0,0.0
2023-07-07 00:00:00-04:00,15.600000381469727,17.899999618530273,15.0,17.0,187170,0.0,0.0
2023-07-10 00:00:00-04:00,17.399999618530273,19.799999237060547,17.200000762939453,18.799999237060547,271110,0.0,0.0
2023-07-11 00:00:00-04:00,19.200000762939453,19.600000381469727,18.100000381469727,19.0,40230,0.0,0.0
2023-07-12 00:00:00-04:00,19.600000381469727,21.0,18.899999618530273,20.5,93030,0.0,0.0
2023-07-13 00:00:00-04:00,20.799999237060547,20.799999237060547,20.0,20.600000381469727,26010,0.0,0.0
2023-07-14 00:00:00-04:00,20.600000381469727,20.8799991607666,19.600000381469727,20.100000381469727,60530,0.0,0.0
2023-07-17 00:00:00-04:00,20.299999237060547,22.299999237060547,20.299999237060547,22.299999237060547,75380,0.0,0.0
2023-07-18 00:00:00-04:00,22.899999618530273,22.899999618530273,21.200000762939453,22.100000381469727,78900,0.0,0.0
2023-07-19 00:00:00-04:00,22.100000381469727,23.399999618530273,22.010000228881836,23.299999237060547,104050,0.0,0.0
2023-07-20 00:00:00-04:00,23.299999237060547,23.299999237060547,21.0,21.299999237060547,88580,0.0,0.0
2023-07-21 00:00:00-04:00,21.200000762939453,22.299999237060547,20.200000762939453,20.700000762939453,90410,0.0,0.0
2023-07-24 00:00:00-04:00,20.899999618530273,21.389999389648438,20.0,20.100000381469727,92600,0.0,0.0
2023-07-25 00:00:00-04:00,20.100000381469727,20.5,17.0,17.399999618530273,115720,0.0,0.0
2023-07-26 00:00:00-04:00,17.0,19.899999618530273,16.700000762939453,19.700000762939453,87390,0.0,0.0
2023-07-27 00:00:00-04:00,19.600000381469727,19.700000762939453,17.600000381469727,18.200000762939453,39210,0.0,0.0
2023-07-28 00:00:00-04:00,18.200000762939453,21.0,18.200000762939453,20.799999237060547,50370,0.0,0.0
2023-07-31 00:00:00-04:00,20.600000381469727,22.200000762939453,20.0,21.799999237060547,35990,0.0,0.0
2023-08-01 00:00:00-04:00,21.5,22.5,20.600000381469727,22.299999237060547,47670,0.0,0.0
2023-08-02 00:00:00-04:00,21.5,22.549999237060547,20.899999618530273,21.0,40700,0.0,0.0
2023-08-03 00:00:00-04:00,21.0,22.299999237060547,20.799999237060547,21.0,28530,0.0,0.0
2023-08-04 00:00:00-04:00,20.899999618530273,21.5,20.149999618530273,20.299999237060547,22850,0.0,0.0
2023-08-07 00:00:00-04:00,20.399999618530273,21.100000381469727,18.200000762939453,18.299999237060547,42300,0.0,0.0
2023-08-08 00:00:00-04:00,17.959999084472656,19.100000381469727,17.5,18.5,44960,0.0,0.0
2023-08-09 00:00:00-04:00,18.5,19.0,18.100000381469727,18.5,13240,0.0,0.0
2023-08-10 00:00:00-04:00,18.5,19.5,18.200000762939453,18.299999237060547,19840,0.0,0.0
2023-08-11 00:00:00-04:00,19.100000381469727,19.809999465942383,18.100000381469727,18.899999618530273,42620,0.0,0.0
2023-08-14 00:00:00-04:00,19.100000381469727,19.100000381469727,17.0,17.899999618530273,46780,0.0,0.0
2023-08-15 00:00:00-04:00,17.799999237060547,18.0,17.5,17.899999618530273,20850,0.0,0.0
2023-08-16 00:00:00-04:00,17.799999237060547,17.809999465942383,16.799999237060547,17.100000381469727,20210,0.0,0.0
2023-08-17 00:00:00-04:00,17.0,17.200000762939453,15.899999618530273,15.899999618530273,31870,0.0,0.0
2023-08-18 00:00:00-04:00,15.699999809265137,16.700000762939453,15.699999809265137,16.0,15060,0.0,0.0
2023-08-21 00:00:00-04:00,16.0,16.5,15.1899995803833,15.699999809265137,16300,0.0,0.0
2023-08-22 00:00:00-04:00,15.100000381469727,15.880000114440918,15.100000381469727,15.399999618530273,18840,0.0,0.0
2023-08-23 00:00:00-04:00,15.5,16.899999618530273,15.5,16.700000762939453,10920,0.0,0.0
2023-08-24 00:00:00-04:00,16.700000762939453,16.799999237060547,16.049999237060547,16.200000762939453,7660,0.0,0.0
2023-08-25 00:00:00-04:00,16.100000381469727,16.200000762939453,15.199999809265137,16.0,28170,0.0,0.0
2023-08-28 00:00:00-04:00,16.399999618530273,17.5,16.200000762939453,17.200000762939453,19460,0.0,0.0
2023-08-29 00:00:00-04:00,17.100000381469727,18.600000381469727,16.799999237060547,18.5,29610,0.0,0.0
2023-08-30 00:00:00-04:00,18.5,18.600000381469727,17.799999237060547,18.0,44510,0.0,0.0
2023-08-31 00:00:00-04:00,18.100000381469727,18.299999237060547,17.25,17.399999618530273,11380,0.0,0.0
2023-09-01 00:00:00-04:00,17.5,18.200000762939453,17.5,18.0,8610,0.0,0.0
2023-09-05 00:00:00-04:00,18.0,18.5,17.5,17.799999237060547,20400,0.0,0.0
2023-09-06 00:00:00-04:00,17.600000381469727,18.389999389648438,17.299999237060547,17.600000381469727,8320,0.0,0.0
2023-09-07 00:00:00-04:00,17.700000762939453,17.799999237060547,17.100000381469727,17.799999237060547,13630,0.0,0.0
2023-09-08 00:00:00-04:00,17.700000762939453,17.700000762939453,17.0,17.299999237060547,57130,0.0,0.0
2023-09-11 00:00:00-04:00,17.299999237060547,17.399999618530273,16.200000762939453,16.600000381469727,16090,0.0,0.0
2023-09-12 00:00:00-04:00,16.299999237060547,17.100000381469727,16.200000762939453,16.299999237060547,22910,0.0,0.0
2023-09-13 00:00:00-04:00,16.100000381469727,16.450000762939453,15.0,15.199999809265137,38570,0.0,0.0
2023-09-14 00:00:00-04:00,15.300000190734863,15.899999618530273,15.100000381469727,15.600000381469727,11390,0.0,0.0
2023-09-15 00:00:00-04:00,15.199999809265137,16.399999618530273,15.199999809265137,15.600000381469727,17770,0.0,0.0
2023-09-18 00:00:00-04:00,14.100000381469727,15.699999809265137,13.699999809265137,15.399999618530273,17230,0.0,0.0
2023-09-19 00:00:00-04:00,15.300000190734863,15.899999618530273,13.600000381469727,15.899999618530273,9850,0.0,0.0
2023-09-20 00:00:00-04:00,16.0,16.5,15.600000381469727,16.100000381469727,7600,0.0,0.0
2023-09-21 00:00:00-04:00,15.600000381469727,15.84000015258789,14.510000228881836,15.5,11080,0.0,0.0
2023-09-22 00:00:00-04:00,15.300000190734863,17.0,15.300000190734863,16.799999237060547,29640,0.0,0.0
2023-09-25 00:00:00-04:00,16.100000381469727,16.5,15.699999809265137,16.0,18430,0.0,0.0
2023-09-26 00:00:00-04:00,15.899999618530273,17.600000381469727,15.649999618530273,17.200000762939453,31470,0.0,0.0
2023-09-27 00:00:00-04:00,17.200000762939453,17.5,16.700000762939453,16.700000762939453,19720,0.0,0.0
2023-09-28 00:00:00-04:00,16.700000762939453,17.0,15.220000267028809,15.300000190734863,12440,0.0,0.0
2023-09-29 00:00:00-04:00,15.899999618530273,16.260000228881836,14.699999809265137,15.0,20750,0.0,0.0
2023-10-02 00:00:00-04:00,14.5,14.800000190734863,12.600000381469727,12.600000381469727,38960,0.0,0.0
2023-10-03 00:00:00-04:00,12.5,12.550000190734863,11.600000381469727,11.899999618530273,29030,0.0,0.0
2023-10-04 00:00:00-04:00,12.100000381469727,12.470000267028809,11.600000381469727,12.0,12970,0.0,0.0
2023-10-05 00:00:00-04:00,11.699999809265137,12.600000381469727,11.5,11.600000381469727,16700,0.0,0.0
2023-10-06 00:00:00-04:00,11.600000381469727,11.899999618530273,11.100000381469727,11.399999618530273,15990,0.0,0.0
2023-10-09 00:00:00-04:00,11.199999809265137,11.300000190734863,9.899999618530273,10.100000381469727,34500,0.0,0.0
2023-10-10 00:00:00-04:00,10.0,11.489999771118164,10.0,10.399999618530273,24830,0.0,0.0
2023-10-11 00:00:00-04:00,10.199999809265137,10.600000381469727,10.0,10.0,13350,0.0,0.0
2023-10-12 00:00:00-04:00,10.0,10.199999809265137,9.350000381469727,9.989999771118164,40280,0.0,0.0
2023-10-13 00:00:00-04:00,10.0,10.0,9.699999809265137,9.789999961853027,10760,0.0,0.0
2023-10-16 00:00:00-04:00,9.850000381469727,10.029999732971191,8.699999809265137,8.800000190734863,69010,0.0,0.0
2023-10-17 00:00:00-04:00,8.699999809265137,10.0,8.609999656677246,9.399999618530273,53430,0.0,0.0
2023-10-18 00:00:00-04:00,9.199999809265137,10.569999694824219,9.100000381469727,10.100000381469727,39020,0.0,0.0
2023-10-19 00:00:00-04:00,9.800000190734863,9.800000190734863,8.880000114440918,8.880000114440918,15550,0.0,0.0
2023-10-20 00:00:00-04:00,8.920000076293945,10.199999809265137,8.899999618530273,9.600000381469727,18000,0.0,0.0
2023-10-23 00:00:00-04:00,9.319999694824219,10.300000190734863,9.100000381469727,9.9399995803833,22450,0.0,0.0
2023-10-24 00:00:00-04:00,9.880000114440918,10.199999809265137,9.210000038146973,9.600000381469727,21700,0.0,0.0
2023-10-25 00:00:00-04:00,9.399999618530273,10.399999618530273,9.399999618530273,9.899999618530273,18600,0.0,0.0
2023-10-26 00:00:00-04:00,9.600000381469727,10.199999809265137,9.359999656677246,10.100000381469727,14870,0.0,0.0
2023-10-27 00:00:00-04:00,10.199999809265137,10.199999809265137,9.100000381469727,9.5,7070,0.0,0.0
2023-10-30 00:00:00-04:00,9.300000190734863,9.630000114440918,8.699999809265137,8.699999809265137,22180,0.0,0.0
2023-10-31 00:00:00-04:00,8.800000190734863,9.430000305175781,8.699999809265137,8.960000038146973,26650,0.0,0.0
2023-11-01 00:00:00-04:00,9.0,9.1899995803833,8.369999885559082,9.130000114440918,15740,0.0,0.0
2023-11-02 00:00:00-04:00,9.399999618530273,10.600000381469727,9.149999618530273,9.710000038146973,30770,0.0,0.0
2023-11-03 00:00:00-04:00,9.899999618530273,10.0,9.3100004196167,9.3100004196167,24580,0.0,0.0
2023-11-06 00:00:00-05:00,11.300000190734863,11.5,9.3100004196167,9.550000190734863,106520,0.0,0.0
2023-11-07 00:00:00-05:00,9.800000190734863,10.5,8.979999542236328,9.100000381469727,18760,0.0,0.0
2023-11-08 00:00:00-05:00,9.300000190734863,9.899999618530273,8.800000190734863,9.199999809265137,20580,0.0,0.0
2023-11-09 00:00:00-05:00,9.260000228881836,9.399999618530273,8.800000190734863,9.100000381469727,12250,0.0,0.0
2023-11-10 00:00:00-05:00,8.720000267028809,9.800000190734863,8.720000267028809,9.369999885559082,13040,0.0,0.0
2023-11-13 00:00:00-05:00,9.300000190734863,9.460000038146973,8.399999618530273,9.050000190734863,39010,0.0,0.0
2023-11-14 00:00:00-05:00,8.8100004196167,9.100000381469727,8.5,8.609999656677246,13510,0.0,0.0
2023-11-15 00:00:00-05:00,8.520000457763672,8.9399995803833,8.300000190734863,8.800000190734863,27300,0.0,0.0
2023-11-16 00:00:00-05:00,8.600000381469727,8.979999542236328,8.3100004196167,8.890000343322754,10080,0.0,0.0
2023-11-17 00:00:00-05:00,8.630000114440918,9.140000343322754,8.5,9.0,12870,0.0,0.0
2023-11-20 00:00:00-05:00,9.0,9.350000381469727,8.5,9.140000343322754,16330,0.0,0.0
2023-11-21 00:00:00-05:00,9.180000305175781,9.180000305175781,8.600000381469727,8.600000381469727,13770,0.0,0.0
2023-11-22 00:00:00-05:00,9.0,9.399999618530273,8.300000190734863,8.399999618530273,16730,0.0,0.0
2023-11-24 00:00:00-05:00,8.5,9.029999732971191,8.399999618530273,8.800000190734863,8560,0.0,0.0
2023-11-27 00:00:00-05:00,8.869999885559082,9.09000015258789,8.40999984741211,8.5,11760,0.0,0.0
2023-11-28 00:00:00-05:00,8.5,8.9399995803833,8.100000381469727,8.1899995803833,20940,0.0,0.0
2023-11-29 00:00:00-05:00,8.149999618530273,8.399999618530273,8.149999618530273,8.199999809265137,6770,0.0,0.0
2023-11-30 00:00:00-05:00,8.149999618530273,8.5,8.0,8.09000015258789,18610,0.0,0.0
2023-12-01 00:00:00-05:00,8.010000228881836,8.289999961853027,7.809999942779541,8.279999732971191,28470,0.0,0.0
2023-12-04 00:00:00-05:00,8.119999885559082,9.0,7.900000095367432,8.8100004196167,93660,0.0,0.0
2023-12-05 00:00:00-05:00,8.319999694824219,8.989999771118164,8.300000190734863,8.850000381469727,24820,0.0,0.0
2023-12-06 00:00:00-05:00,8.829999923706055,9.449999809265137,8.300000190734863,9.229999542236328,18170,0.0,0.0
2023-12-07 00:00:00-05:00,9.229999542236328,10.300000190734863,8.699999809265137,10.100000381469727,57920,0.0,0.0
2023-12-08 00:00:00-05:00,10.199999809265137,10.399999618530273,8.800000190734863,9.0,40850,0.0,0.0
2023-12-11 00:00:00-05:00,8.5,8.899999618530273,8.119999885559082,8.3100004196167,54540,0.0,0.0
2023-12-12 00:00:00-05:00,8.079999923706055,8.5,8.050000190734863,8.100000381469727,34020,0.0,0.0
2023-12-13 00:00:00-05:00,8.100000381469727,8.65999984741211,7.840000152587891,8.399999618530273,46630,0.0,0.0
2023-12-14 00:00:00-05:00,8.520000457763672,8.899999618530273,7.920000076293945,8.079999923706055,35170,0.0,0.0
2023-12-15 00:00:00-05:00,8.100000381469727,8.779999732971191,7.920000076293945,8.149999618530273,21360,0.0,0.0
2023-12-18 00:00:00-05:00,8.0,8.569999694824219,7.650000095367432,7.730000019073486,32550,0.0,0.0
2023-12-19 00:00:00-05:00,7.829999923706055,8.09000015258789,7.650000095367432,7.889999866485596,31350,0.0,0.0
2023-12-20 00:00:00-05:00,7.800000190734863,8.1899995803833,7.699999809265137,7.900000095367432,26740,0.0,0.0
2023-12-21 00:00:00-05:00,7.900000095367432,8.0,7.599999904632568,7.710000038146973,20980,0.0,0.0
2023-12-22 00:00:00-05:00,7.849999904632568,8.220000267028809,7.710000038146973,7.900000095367432,19430,0.0,0.0
2023-12-26 00:00:00-05:00,7.900000095367432,8.300000190734863,7.730000019073486,8.0,21930,0.0,0.0
2023-12-27 00:00:00-05:00,8.050000190734863,8.199999809265137,7.5,7.53000020980835,43250,0.0,0.0
2023-12-28 00:00:00-05:00,7.599999904632568,7.699999809265137,7.5,7.559999942779541,17230,0.0,0.0
2023-12-29 00:00:00-05:00,7.539999961853027,7.800000190734863,7.400000095367432,7.53000020980835,36590,0.0,0.0
2024-01-02 00:00:00-05:00,7.53000020980835,8.300000190734863,7.53000020980835,8.279999732971191,26430,0.0,0.0
2024-01-03 00:00:00-05:00,8.300000190734863,8.670000076293945,7.900000095367432,8.399999618530273,21840,0.0,0.0
2024-01-04 00:00:00-05:00,8.59000015258789,9.100000381469727,8.210000038146973,8.899999618530273,103140,0.0,0.0
2024-01-05 00:00:00-05:00,8.800000190734863,9.130000114440918,8.34000015258789,8.350000381469727,40780,0.0,0.0
2024-01-08 00:00:00-05:00,8.460000038146973,9.699999809265137,8.460000038146973,9.199999809265137,97620,0.0,0.0
2024-01-09 00:00:00-05:00,9.399999618530273,9.5,8.569999694824219,9.199999809265137,26360,0.0,0.0
2024-01-10 00:00:00-05:00,9.399999618530273,9.449999809265137,8.609999656677246,8.699999809265137,31180,0.0,0.0
2024-01-11 00:00:00-05:00,8.899999618530273,9.210000038146973,8.329999923706055,8.779999732971191,43380,0.0,0.0
2024-01-12 00:00:00-05:00,8.720000267028809,9.0,8.5,8.510000228881836,41100,0.0,0.0
2024-01-16 00:00:00-05:00,8.550000190734863,8.600000381469727,8.069999694824219,8.069999694824219,71070,0.0,0.0
2024-01-17 00:00:00-05:00,8.010000228881836,8.199999809265137,8.0,8.0,51740,0.0,0.0
2024-01-18 00:00:00-05:00,8.100000381469727,9.399999618530273,8.0,8.5,420920,0.0,0.0
2024-01-19 00:00:00-05:00,8.399999618530273,8.699999809265137,8.25,8.479999542236328,35960,0.0,0.0
2024-01-22 00:00:00-05:00,8.550000190734863,8.899999618530273,8.300000190734863,8.609999656677246,34830,0.0,0.0
2024-01-23 00:00:00-05:00,8.670000076293945,8.819999694824219,8.5,8.640000343322754,35090,0.0,0.0
2024-01-24 00:00:00-05:00,8.789999961853027,9.100000381469727,8.5,9.09000015258789,43500,0.0,0.0
2024-01-25 00:00:00-05:00,9.100000381469727,10.300000190734863,8.90999984741211,8.949999809265137,123180,0.0,0.0
2024-01-26 00:00:00-05:00,9.050000190734863,9.8100004196167,9.0,9.399999618530273,39770,0.0,0.0
2024-01-29 00:00:00-05:00,9.600000381469727,11.199999809265137,9.5,10.699999809265137,126190,0.0,0.0
2024-01-30 00:00:00-05:00,10.899999618530273,10.899999618530273,10.100000381469727,10.600000381469727,84780,0.0,0.0
2024-01-31 00:00:00-05:00,10.699999809265137,10.899999618530273,10.300000190734863,10.5,53120,0.0,0.0
2024-02-01 00:00:00-05:00,10.399999618530273,11.899999618530273,10.300000190734863,11.899999618530273,126500,0.0,0.0
2024-02-02 00:00:00-05:00,12.0,15.0,11.90999984741211,14.199999809265137,269010,0.0,0.0
2024-02-05 00:00:00-05:00,17.100000381469727,20.899999618530273,15.800000190734863,19.100000381469727,2414660,0.0,0.0
2024-02-06 00:00:00-05:00,19.899999618530273,25.700000762939453,17.0,25.0,689950,0.0,0.0
2024-02-07 00:00:00-05:00,24.299999237060547,28.200000762939453,21.700000762939453,28.100000381469727,670450,0.0,0.0
2024-02-08 00:00:00-05:00,29.5,29.700000762939453,19.600000381469727,19.700000762939453,1518410,0.0,0.0
2024-02-09 00:00:00-05:00,19.100000381469727,20.5,16.799999237060547,17.299999237060547,394030,0.0,0.0
2024-02-12 00:00:00-05:00,18.399999618530273,20.700000762939453,16.600000381469727,19.899999618530273,232640,0.0,0.0
2024-02-13 00:00:00-05:00,19.0,23.100000381469727,18.0,22.899999618530273,341190,0.0,0.0
2024-02-14 00:00:00-05:00,22.299999237060547,24.700000762939453,20.5,21.0,238690,0.0,0.0
2024-02-15 00:00:00-05:00,21.799999237060547,22.100000381469727,19.079999923706055,20.0,547240,0.0,0.0
2024-02-16 00:00:00-05:00,20.0,22.0,19.5,20.299999237060547,297010,0.0,0.0
2024-02-20 00:00:00-05:00,20.299999237060547,21.700000762939453,19.549999237060547,19.600000381469727,129560,0.0,0.0
2024-02-21 00:00:00-05:00,19.100000381469727,20.0,18.18000030517578,19.700000762939453,151880,0.0,0.0
2024-02-22 00:00:00-05:00,19.799999237060547,22.399999618530273,19.799999237060547,21.0,133200,0.0,0.0
2024-02-23 00:00:00-05:00,21.0,22.0,20.0,20.0,109400,0.0,0.0
2024-02-26 00:00:00-05:00,19.899999618530273,21.049999237060547,19.0,19.5,89360,0.0,0.0
2024-02-27 00:00:00-05:00,20.0,20.25,19.0,20.0,136850,0.0,0.0
2024-02-28 00:00:00-05:00,20.399999618530273,22.299999237060547,19.200000762939453,19.700000762939453,116900,0.0,0.0
2024-02-29 00:00:00-05:00,19.799999237060547,20.5,18.700000762939453,19.799999237060547,90250,0.0,0.0
2024-03-01 00:00:00-05:00,19.799999237060547,20.200000762939453,19.100000381469727,19.700000762939453,101300,0.0,0.0
2024-03-04 00:00:00-05:00,19.899999618530273,20.399999618530273,19.399999618530273,19.700000762939453,261140,0.0,0.0
2024-03-05 00:00:00-05:00,19.399999618530273,20.0,18.799999237060547,18.799999237060547,117830,0.0,0.0
2024-03-06 00:00:00-05:00,19.0,19.399999618530273,18.0,18.5,131480,0.0,0.0
2024-03-07 00:00:00-05:00,18.5,19.899999618530273,18.299999237060547,19.200000762939453,132340,0.0,0.0
2024-03-08 00:00:00-05:00,19.5,20.899999618530273,18.799999237060547,18.799999237060547,128730,0.0,0.0
2024-03-11 00:00:00-04:00,18.600000381469727,18.600000381469727,17.5,17.899999618530273,94510,0.0,0.0
2024-03-12 00:00:00-04:00,18.200000762939453,19.100000381469727,17.799999237060547,18.100000381469727,89070,0.0,0.0
2024-03-13 00:00:00-04:00,18.0,18.299999237060547,17.600000381469727,18.0,164350,0.0,0.0
2024-03-14 00:00:00-04:00,17.799999237060547,18.200000762939453,16.700000762939453,17.299999237060547,162720,0.0,0.0
2024-03-15 00:00:00-04:00,17.5,18.5,17.0,17.0,830110,0.0,0.0
2024-03-18 00:00:00-04:00,17.200000762939453,17.899999618530273,16.549999237060547,17.700000762939453,144710,0.0,0.0
2024-03-19 00:00:00-04:00,15.0,18.0,14.0,16.5,408680,0.0,0.0
2024-03-20 00:00:00-04:00,16.0,16.600000381469727,14.5,15.199999809265137,216890,0.0,0.0
2024-03-21 00:00:00-04:00,15.6899995803833,17.649999618530273,14.520000457763672,14.75,256700,0.0,0.1
2024-03-22 00:00:00-04:00,14.3100004196167,16.479999542236328,14.0,16.059999465942383,576600,0.0,0.0
2024-03-25 00:00:00-04:00,15.75,16.434999465942383,14.859999656677246,14.949999809265137,357300,0.0,0.0
2024-03-26 00:00:00-04:00,14.920000076293945,14.920000076293945,13.670000076293945,14.149999618530273,682600,0.0,0.0
2024-03-27 00:00:00-04:00,14.15999984741211,15.15999984741211,13.729999542236328,14.65999984741211,166900,0.0,0.0
2024-03-28 00:00:00-04:00,14.630000114440918,14.8149995803833,13.829999923706055,14.140000343322754,109900,0.0,0.0
2024-04-01 00:00:00-04:00,14.210000038146973,14.210000038146973,13.699999809265137,13.890000343322754,174600,0.0,0.0
2024-04-02 00:00:00-04:00,13.670000076293945,13.670000076293945,13.194000244140625,13.399999618530273,102700,0.0,0.0
2024-04-03 00:00:00-04:00,13.399999618530273,13.61299991607666,13.125,13.350000381469727,167200,0.0,0.0
2024-04-04 00:00:00-04:00,13.359999656677246,14.156000137329102,13.074999809265137,13.170000076293945,166100,0.0,0.0
2024-04-05 00:00:00-04:00,13.210000038146973,13.399999618530273,12.569999694824219,12.619999885559082,241600,0.0,0.0
2024-04-08 00:00:00-04:00,12.670000076293945,13.135000228881836,12.34000015258789,12.579999923706055,213800,0.0,0.0
2024-04-09 00:00:00-04:00,12.529999732971191,12.720000267028809,11.869999885559082,12.010000228881836,511300,0.0,0.0
2024-04-10 00:00:00-04:00,11.90999984741211,12.3100004196167,11.4399995803833,11.979999542236328,371200,0.0,0.0
2024-04-11 00:00:00-04:00,12.010000228881836,12.0600004196167,11.460000038146973,11.970000267028809,280200,0.0,0.0
2024-04-12 00:00:00-04:00,11.949999809265137,12.239999771118164,11.520000457763672,11.729999542236328,151200,0.0,0.0
2024-04-15 00:00:00-04:00,11.720000267028809,12.09000015258789,11.369999885559082,11.529999732971191,99400,0.0,0.0
2024-04-16 00:00:00-04:00,11.520000457763672,12.015000343322754,11.430000305175781,11.609999656677246,60900,0.0,0.0
2024-04-17 00:00:00-04:00,11.640000343322754,11.680000305175781,11.220000267028809,11.350000381469727,68000,0.0,0.0
2024-04-18 00:00:00-04:00,11.220000267028809,11.574999809265137,11.005000114440918,11.149999618530273,103600,0.0,0.0
2024-04-19 00:00:00-04:00,11.149999618530273,11.34000015258789,10.920000076293945,11.34000015258789,138900,0.0,0.0
2024-04-22 00:00:00-04:00,11.369999885559082,11.71500015258789,11.220000267028809,11.34000015258789,168200,0.0,0.0
2024-04-23 00:00:00-04:00,11.3100004196167,11.869999885559082,10.920000076293945,11.0,305000,0.0,0.0
2024-04-24 00:00:00-04:00,11.069999694824219,11.210000038146973,10.1899995803833,10.1899995803833,404700,0.0,0.0
2024-04-25 00:00:00-04:00,10.199999809265137,10.21500015258789,9.34000015258789,9.390000343322754,847500,0.0,0.0
2024-04-26 00:00:00-04:00,9.600000381469727,10.100000381469727,9.109999656677246,9.1899995803833,798700,0.0,0.0
2024-04-29 00:00:00-04:00,9.289999961853027,9.96399974822998,8.760000228881836,9.529999732971191,811500,0.0,0.0
2024-04-30 00:00:00-04:00,10.0600004196167,10.979999542236328,9.680000305175781,9.720000267028809,294400,0.0,0.0
2024-05-01 00:00:00-04:00,9.600000381469727,10.244999885559082,9.5600004196167,9.789999961853027,203500,0.0,0.0
2024-05-02 00:00:00-04:00,10.109999656677246,10.149999618530273,9.5,10.0,374200,0.0,0.0
2024-05-03 00:00:00-04:00,10.100000381469727,10.6899995803833,10.0,10.430000305175781,900500,0.0,0.0
2024-05-06 00:00:00-04:00,10.489999771118164,10.670000076293945,10.079999923706055,10.65999984741211,206600,0.0,0.0
2024-05-07 00:00:00-04:00,10.630000114440918,10.84000015258789,10.300000190734863,10.34000015258789,340300,0.0,0.0
2024-05-08 00:00:00-04:00,10.170000076293945,10.170000076293945,9.600000381469727,9.8100004196167,200500,0.0,0.0
2024-05-09 00:00:00-04:00,9.779999732971191,9.930000305175781,9.4399995803833,9.609999656677246,212200,0.0,0.0
2024-05-10 00:00:00-04:00,9.449999809265137,10.760000228881836,9.1899995803833,9.300000190734863,340300,0.0,0.0
2024-05-13 00:00:00-04:00,9.329999923706055,9.470000267028809,9.039999961853027,9.170000076293945,218200,0.0,0.0
2024-05-14 00:00:00-04:00,9.270000457763672,9.449999809265137,8.779999732971191,8.930000305175781,232600,0.0,0.0
2024-05-15 00:00:00-04:00,9.0,9.0600004196167,8.680000305175781,8.75,252900,0.0,0.0
2024-05-16 00:00:00-04:00,8.770000457763672,8.770000457763672,8.149999618530273,8.25,353800,0.0,0.0
2024-05-17 00:00:00-04:00,8.170000076293945,8.380000114440918,7.849999904632568,8.039999961853027,1794600,0.0,0.0
2024-05-20 00:00:00-04:00,8.039999961853027,8.489999771118164,8.010000228881836,8.25,572700,0.0,0.0
2024-05-21 00:00:00-04:00,8.380000114440918,8.789999961853027,7.809999942779541,7.860000133514404,808100,0.0,0.0
2024-05-22 00:00:00-04:00,7.840000152587891,8.1899995803833,7.699999809265137,7.900000095367432,297700,0.0,0.0
2024-05-23 00:00:00-04:00,7.909999847412109,7.940000057220459,7.449999809265137,7.829999923706055,364300,0.0,0.0
2024-05-24 00:00:00-04:00,7.820000171661377,7.820000171661377,7.559999942779541,7.599999904632568,212100,0.0,0.0
2024-05-28 00:00:00-04:00,7.559999942779541,7.860000133514404,7.239999771118164,7.659999847412109,256000,0.0,0.0
2024-05-29 00:00:00-04:00,7.559999942779541,8.020000457763672,7.510000228881836,8.020000457763672,182100,0.0,0.0
2024-05-30 00:00:00-04:00,7.900000095367432,7.994999885559082,7.760000228881836,7.809999942779541,61800,0.0,0.0
2024-05-31 00:00:00-04:00,7.829999923706055,8.350000381469727,7.829999923706055,7.920000076293945,296000,0.0,0.0
2024-06-03 00:00:00-04:00,7.869999885559082,8.050999641418457,7.650000095367432,7.75,170000,0.0,0.0
2024-06-04 00:00:00-04:00,7.75,7.789999961853027,7.460000038146973,7.519999980926514,110900,0.0,0.0
2024-06-05 00:00:00-04:00,7.480000019073486,7.659999847412109,7.380000114440918,7.579999923706055,104200,0.0,0.0
2024-06-06 00:00:00-04:00,7.599999904632568,7.650000095367432,7.409999847412109,7.449999809265137,92200,0.0,0.0
2024-06-07 00:00:00-04:00,7.400000095367432,7.489999771118164,7.269999980926514,7.349999904632568,93800,0.0,0.0
2024-06-10 00:00:00-04:00,7.340000152587891,7.550000190734863,7.260000228881836,7.5,78700,0.0,0.0
2024-06-11 00:00:00-04:00,7.489999771118164,7.5,7.260000228881836,7.309999942779541,175800,0.0,0.0
2024-06-12 00:00:00-04:00,7.28000020980835,8.039999961853027,7.28000020980835,7.869999885559082,250200,0.0,0.0
2024-06-13 00:00:00-04:00,7.840000152587891,8.163000106811523,7.539999961853027,8.09000015258789,199800,0.0,0.0
2024-06-14 00:00:00-04:00,8.069999694824219,8.09000015258789,7.599999904632568,7.619999885559082,156400,0.0,0.0
2024-06-17 00:00:00-04:00,7.590000152587891,7.590000152587891,7.270999908447266,7.320000171661377,129000,0.0,0.0
2024-06-18 00:00:00-04:00,7.28000020980835,7.400000095367432,6.590000152587891,6.590000152587891,328900,0.0,0.0
2024-06-20 00:00:00-04:00,6.570000171661377,6.739999771118164,6.380000114440918,6.559999942779541,189900,0.0,0.0
2024-06-21 00:00:00-04:00,6.590000152587891,6.820000171661377,6.449999809265137,6.730000019073486,148500,0.0,0.0
2024-06-24 00:00:00-04:00,6.78000020980835,6.989999771118164,6.599999904632568,6.840000152587891,116600,0.0,0.0
2024-06-25 00:00:00-04:00,7.090000152587891,7.331999778747559,6.849999904632568,6.909999847412109,399000,0.0,0.0
2024-06-26 00:00:00-04:00,6.840000152587891,7.164999961853027,6.610000133514404,6.980000019073486,306000,0.0,0.0
2024-06-27 00:00:00-04:00,6.940000057220459,7.414000034332275,6.840000152587891,6.980000019073486,365500,0.0,0.0
2024-06-28 00:00:00-04:00,7.010000228881836,7.099999904632568,6.599999904632568,6.860000133514404,2980600,0.0,0.0
2024-07-01 00:00:00-04:00,6.980000019073486,7.0,6.579999923706055,6.96999979019165,408500,0.0,0.0
2024-07-02 00:00:00-04:00,6.900000095367432,7.050000190734863,6.669000148773193,6.840000152587891,543400,0.0,0.0
2024-07-03 00:00:00-04:00,6.849999904632568,7.150000095367432,6.835000038146973,7.130000114440918,107800,0.0,0.0
2024-07-05 00:00:00-04:00,7.090000152587891,7.158999919891357,6.760000228881836,6.889999866485596,199300,0.0,0.0
2024-07-08 00:00:00-04:00,6.940000057220459,7.300000190734863,6.885000228881836,7.179999828338623,215200,0.0,0.0
2024-07-09 00:00:00-04:00,7.119999885559082,7.550000190734863,7.040999889373779,7.46999979019165,196500,0.0,0.0
2024-07-10 00:00:00-04:00,7.510000228881836,7.980000019073486,7.420000076293945,7.78000020980835,423300,0.0,0.0
2024-07-11 00:00:00-04:00,7.849999904632568,8.279999732971191,7.75,7.789999961853027,363600,0.0,0.0
2024-07-12 00:00:00-04:00,7.840000152587891,8.119999885559082,7.53000020980835,7.909999847412109,225800,0.0,0.0
2024-07-15 00:00:00-04:00,7.989999771118164,8.75,7.949999809265137,8.670000076293945,394800,0.0,0.0
2024-07-16 00:00:00-04:00,8.770000457763672,9.210000038146973,8.529999732971191,8.920000076293945,333800,0.0,0.0
2024-07-17 00:00:00-04:00,8.050000190734863,8.805000305175781,6.900000095367432,8.779999732971191,2211600,0.0,0.0
2024-07-18 00:00:00-04:00,8.489999771118164,10.140000343322754,8.210000038146973,9.479999542236328,1197300,0.0,0.0
2024-07-19 00:00:00-04:00,9.770000457763672,9.946999549865723,8.0,8.170000076293945,558300,0.0,0.0
2024-07-22 00:00:00-04:00,8.220000267028809,8.463000297546387,7.440000057220459,7.760000228881836,413000,0.0,0.0
2024-07-23 00:00:00-04:00,7.699999809265137,8.050000190734863,7.539999961853027,7.840000152587891,283900,0.0,0.0
2024-07-24 00:00:00-04:00,7.800000190734863,8.069999694824219,7.670000076293945,7.869999885559082,419600,0.0,0.0
2024-07-25 00:00:00-04:00,7.840000152587891,8.539999961853027,7.808000087738037,8.09000015258789,341900,0.0,0.0
2024-07-26 00:00:00-04:00,8.220000267028809,8.579999923706055,7.809999942779541,8.170000076293945,300600,0.0,0.0
2024-07-29 00:00:00-04:00,8.140000343322754,8.220000267028809,7.460000038146973,7.559999942779541,226000,0.0,0.0
2024-07-30 00:00:00-04:00,7.539999961853027,7.630000114440918,7.113999843597412,7.420000076293945,270700,0.0,0.0
2024-07-31 00:00:00-04:00,7.460000038146973,7.639999866485596,7.170000076293945,7.420000076293945,245700,0.0,0.0
2024-08-01 00:00:00-04:00,7.840000152587891,7.929999828338623,7.230000019073486,7.570000171661377,261000,0.0,0.0
2024-08-02 00:00:00-04:00,7.349999904632568,7.769999980926514,7.110000133514404,7.150000095367432,220800,0.0,0.0
2024-08-05 00:00:00-04:00,6.880000114440918,6.929999828338623,6.429999828338623,6.71999979019165,403200,0.0,0.0
2024-08-06 00:00:00-04:00,6.71999979019165,6.849999904632568,6.539999961853027,6.699999809265137,124900,0.0,0.0
2024-08-07 00:00:00-04:00,6.760000228881836,7.050000190734863,6.659999847412109,6.75,157300,0.0,0.0
2024-08-08 00:00:00-04:00,6.849999904632568,7.130000114440918,6.75,6.920000076293945,315000,0.0,0.0
2024-08-09 00:00:00-04:00,6.920000076293945,7.039999961853027,6.550000190734863,6.559999942779541,104500,0.0,0.0
2024-08-12 00:00:00-04:00,6.559999942779541,6.670000076293945,6.389999866485596,6.489999771118164,133700,0.0,0.0
2024-08-13 00:00:00-04:00,6.550000190734863,7.019999980926514,6.550000190734863,6.760000228881836,160300,0.0,0.0
2024-08-14 00:00:00-04:00,6.769999980926514,6.989999771118164,6.389999866485596,6.449999809265137,187800,0.0,0.0
2024-08-15 00:00:00-04:00,6.53000020980835,6.715000152587891,6.510000228881836,6.53000020980835,120100,0.0,0.0
2024-08-16 00:00:00-04:00,6.550000190734863,6.909999847412109,6.429999828338623,6.820000171661377,199100,0.0,0.0
2024-08-19 00:00:00-04:00,6.769999980926514,7.340000152587891,6.769999980926514,7.25,274300,0.0,0.0
2024-08-20 00:00:00-04:00,7.25,7.389999866485596,6.909999847412109,6.909999847412109,227800,0.0,0.0
2024-08-21 00:00:00-04:00,6.949999809265137,7.260000228881836,6.820000171661377,7.190000057220459,374200,0.0,0.0
2024-08-22 00:00:00-04:00,7.210000038146973,7.210000038146973,6.809999942779541,7.050000190734863,105600,0.0,0.0
2024-08-23 00:00:00-04:00,7.050000190734863,7.369999885559082,7.010000228881836,7.320000171661377,114400,0.0,0.0
2024-08-26 00:00:00-04:00,7.369999885559082,7.579999923706055,7.159999847412109,7.46999979019165,247300,0.0,0.0
2024-08-27 00:00:00-04:00,7.449999809265137,7.449999809265137,7.079999923706055,7.239999771118164,75400,0.0,0.0
2024-08-28 00:00:00-04:00,7.170000076293945,7.28000020980835,6.610000133514404,6.920000076293945,273300,0.0,0.0
2024-08-29 00:00:00-04:00,6.96999979019165,7.090000152587891,6.840000152587891,6.880000114440918,164900,0.0,0.0
2024-08-30 00:00:00-04:00,6.889999866485596,6.989999771118164,6.699999809265137,6.940000057220459,87000,0.0,0.0
2024-09-03 00:00:00-04:00,6.909999847412109,7.130000114440918,6.730000019073486,6.760000228881836,102300,0.0,0.0
2024-09-04 00:00:00-04:00,6.730000019073486,6.985000133514404,6.639999866485596,6.769999980926514,131000,0.0,0.0
2024-09-05 00:00:00-04:00,6.869999885559082,7.0,6.659999847412109,6.820000171661377,112900,0.0,0.0
2024-09-06 00:00:00-04:00,6.809999942779541,6.829999923706055,6.539999961853027,6.760000228881836,101900,0.0,0.0
2024-09-09 00:00:00-04:00,6.78000020980835,7.070000171661377,6.769999980926514,6.960000038146973,124500,0.0,0.0
2024-09-10 00:00:00-04:00,7.0,7.199999809265137,6.900000095367432,7.179999828338623,93600,0.0,0.0
2024-09-11 00:00:00-04:00,7.139999866485596,7.179999828338623,6.900000095367432,7.03000020980835,105300,0.0,0.0
2024-09-12 00:00:00-04:00,7.050000190734863,7.21999979019165,6.929999828338623,7.050000190734863,133900,0.0,0.0
2024-09-13 00:00:00-04:00,7.110000133514404,7.380000114440918,7.052000045776367,7.230000019073486,99800,0.0,0.0
2024-09-16 00:00:00-04:00,7.289999961853027,7.489999771118164,7.1579999923706055,7.210000038146973,176200,0.0,0.0
2024-09-17 00:00:00-04:00,7.300000190734863,7.670000076293945,7.135000228881836,7.300000190734863,180100,0.0,0.0
2024-09-18 00:00:00-04:00,7.300000190734863,7.423999786376953,6.96999979019165,6.989999771118164,342900,0.0,0.0
2024-09-19 00:00:00-04:00,7.119999885559082,7.659999847412109,7.119999885559082,7.5,231400,0.0,0.0
2024-09-20 00:00:00-04:00,7.420000076293945,7.689000129699707,7.380000114440918,7.489999771118164,281900,0.0,0.0
2024-09-23 00:00:00-04:00,7.480000019073486,7.480000019073486,6.880000114440918,6.880000114440918,160600,0.0,0.0
2024-09-24 00:00:00-04:00,6.909999847412109,7.110000133514404,6.864999771118164,6.940000057220459,289000,0.0,0.0
2024-09-25 00:00:00-04:00,6.949999809265137,7.03000020980835,6.570000171661377,6.590000152587891,135300,0.0,0.0
2024-09-26 00:00:00-04:00,6.659999847412109,6.769999980926514,6.519999980926514,6.610000133514404,128800,0.0,0.0
2024-09-27 00:00:00-04:00,6.730000019073486,7.079999923706055,6.659999847412109,6.940000057220459,108800,0.0,0.0
2024-09-30 00:00:00-04:00,6.900000095367432,7.110000133514404,6.900000095367432,7.019999980926514,76200,0.0,0.0
2024-10-01 00:00:00-04:00,6.949999809265137,6.985000133514404,6.539999961853027,6.590000152587891,214400,0.0,0.0
2024-10-02 00:00:00-04:00,6.53000020980835,7.025000095367432,6.53000020980835,6.820000171661377,1014600,0.0,0.0
2024-10-03 00:00:00-04:00,6.789999961853027,7.489999771118164,6.710000038146973,7.28000020980835,191500,0.0,0.0
2024-10-04 00:00:00-04:00,7.409999847412109,7.699999809265137,7.190000057220459,7.53000020980835,381500,0.0,0.0
2024-10-07 00:00:00-04:00,7.570000171661377,8.140000343322754,7.400000095367432,7.440000057220459,335600,0.0,0.0
2024-10-08 00:00:00-04:00,7.409999847412109,7.90500020980835,7.409999847412109,7.610000133514404,126200,0.0,0.0
2024-10-09 00:00:00-04:00,7.559999942779541,7.863999843597412,7.320000171661377,7.519999980926514,214800,0.0,0.0
2024-10-10 00:00:00-04:00,7.420000076293945,7.46999979019165,7.199999809265137,7.440000057220459,134500,0.0,0.0
2024-10-11 00:00:00-04:00,7.440000057220459,7.670000076293945,7.400000095367432,7.650000095367432,134200,0.0,0.0
2024-10-14 00:00:00-04:00,7.650000095367432,7.849999904632568,7.440000057220459,7.730000019073486,168100,0.0,0.0
2024-10-15 00:00:00-04:00,7.71999979019165,7.860000133514404,7.559999942779541,7.690000057220459,150000,0.0,0.0
2024-10-16 00:00:00-04:00,7.789999961853027,8.210000038146973,7.769999980926514,8.210000038146973,242100,0.0,0.0
2024-10-17 00:00:00-04:00,8.199999809265137,8.300000190734863,7.929999828338623,8.079999923706055,198200,0.0,0.0
2024-10-18 00:00:00-04:00,8.079999923706055,8.5600004196167,8.020000457763672,8.479999542236328,166700,0.0,0.0
2024-10-21 00:00:00-04:00,8.4399995803833,8.529999732971191,8.180000305175781,8.260000228881836,211400,0.0,0.0
2024-10-22 00:00:00-04:00,8.279999732971191,8.329999923706055,8.079999923706055,8.140000343322754,183000,0.0,0.0
2024-10-23 00:00:00-04:00,8.020000457763672,8.270000457763672,7.900000095367432,8.119999885559082,142700,0.0,0.0
2024-10-24 00:00:00-04:00,8.170000076293945,8.270000457763672,8.029999732971191,8.079999923706055,97100,0.0,0.0
2024-10-25 00:00:00-04:00,8.210000038146973,8.210000038146973,7.900000095367432,7.980000019073486,92400,0.0,0.0
2024-10-28 00:00:00-04:00,8.020000457763672,8.199999809265137,7.860000133514404,7.920000076293945,235500,0.0,0.0
2024-10-29 00:00:00-04:00,7.960000038146973,8.010000228881836,7.619999885559082,7.760000228881836,171000,0.0,0.0
2024-10-30 00:00:00-04:00,7.739999771118164,8.069999694824219,7.710999965667725,7.880000114440918,187500,0.0,0.0
2024-10-31 00:00:00-04:00,7.900000095367432,7.900000095367432,7.289999961853027,7.295000076293945,130300,0.0,0.0
2024-11-01 00:00:00-04:00,7.320000171661377,7.505000114440918,7.170000076293945,7.409999847412109,175800,0.0,0.0
2024-11-04 00:00:00-05:00,7.489999771118164,7.730000019073486,7.295000076293945,7.539999961853027,127600,0.0,0.0
2024-11-05 00:00:00-05:00,7.53000020980835,7.767000198364258,7.260000228881836,7.71999979019165,104800,0.0,0.0
2024-11-06 00:00:00-05:00,8.020000457763672,8.079999923706055,7.760000228881836,7.940000057220459,187700,0.0,0.0
2024-11-07 00:00:00-05:00,7.980000019073486,8.119999885559082,7.869999885559082,7.900000095367432,110600,0.0,0.0
2024-11-08 00:00:00-05:00,7.909999847412109,8.0600004196167,7.829999923706055,8.0,126200,0.0,0.0
2024-11-11 00:00:00-05:00,8.180000305175781,8.180000305175781,7.75,7.760000228881836,147000,0.0,0.0
2024-11-12 00:00:00-05:00,7.789999961853027,7.96999979019165,7.590000152587891,7.889999866485596,202200,0.0,0.0
2024-11-13 00:00:00-05:00,7.900000095367432,8.050000190734863,7.53000020980835,7.559999942779541,124400,0.0,0.0
2024-11-14 00:00:00-05:00,7.639999866485596,7.639999866485596,7.224999904632568,7.25,204400,0.0,0.0
2024-11-15 00:00:00-05:00,7.289999961853027,7.289999961853027,6.809999942779541,6.860000133514404,233600,0.0,0.0
2024-11-18 00:00:00-05:00,7.300000190734863,7.728799819946289,6.849999904632568,6.849999904632568,405337,0.0,0.0
