Date,Open,High,Low,Close,Volume,Dividends,Stock Splits
2022-04-29 00:00:00-04:00,18.760000228881836,20.565000534057617,17.0,19.09000015258789,2337800,0.0,0.0
2022-05-02 00:00:00-04:00,17.940000534057617,20.950000762939453,17.65999984741211,20.059999465942383,294200,0.0,0.0
2022-05-03 00:00:00-04:00,18.155000686645508,20.739999771118164,18.155000686645508,20.18000030517578,221800,0.0,0.0
2022-05-04 00:00:00-04:00,20.489999771118164,20.649999618530273,18.506999969482422,18.75,201200,0.0,0.0
2022-05-05 00:00:00-04:00,19.299999237060547,20.59000015258789,17.010000228881836,17.760000228881836,132300,0.0,0.0
2022-05-06 00:00:00-04:00,17.780000686645508,18.360000610351562,13.220000267028809,15.470000267028809,130900,0.0,0.0
2022-05-09 00:00:00-04:00,15.0,15.869999885559082,10.850000381469727,11.9399995803833,209000,0.0,0.0
2022-05-10 00:00:00-04:00,12.5,14.09000015258789,11.645000457763672,13.140000343322754,55200,0.0,0.0
2022-05-11 00:00:00-04:00,13.25,14.5,11.704999923706055,13.430000305175781,135400,0.0,0.0
2022-05-12 00:00:00-04:00,14.039999961853027,14.579999923706055,12.260000228881836,13.0,138300,0.0,0.0
2022-05-13 00:00:00-04:00,13.15999984741211,14.979999542236328,11.579999923706055,14.619999885559082,84900,0.0,0.0
2022-05-16 00:00:00-04:00,14.609999656677246,16.049999237060547,12.0,14.510000228881836,240800,0.0,0.0
2022-05-17 00:00:00-04:00,14.399999618530273,17.68000030517578,13.180000305175781,15.649999618530273,284300,0.0,0.0
2022-05-18 00:00:00-04:00,15.609999656677246,15.875,11.630000114440918,12.890000343322754,227700,0.0,0.0
2022-05-19 00:00:00-04:00,12.989999771118164,13.904999732971191,11.0,11.289999961853027,171000,0.0,0.0
2022-05-20 00:00:00-04:00,10.529999732971191,13.520000457763672,9.84000015258789,10.170000076293945,156200,0.0,0.0
2022-05-23 00:00:00-04:00,10.180000305175781,10.489999771118164,9.0,9.5,216400,0.0,0.0
2022-05-24 00:00:00-04:00,9.8100004196167,10.899999618530273,8.920000076293945,10.109999656677246,242500,0.0,0.0
2022-05-25 00:00:00-04:00,9.829999923706055,10.010000228881836,8.819999694824219,9.670000076293945,220400,0.0,0.0
2022-05-26 00:00:00-04:00,10.420000076293945,10.600000381469727,9.75,9.90999984741211,147700,0.0,0.0
2022-05-27 00:00:00-04:00,9.989999771118164,10.84000015258789,9.420000076293945,9.579999923706055,100000,0.0,0.0
2022-05-31 00:00:00-04:00,9.5,10.020000457763672,9.399999618530273,9.880000114440918,65300,0.0,0.0
2022-06-01 00:00:00-04:00,9.850000381469727,10.149999618530273,9.40999984741211,10.050000190734863,93400,0.0,0.0
2022-06-02 00:00:00-04:00,9.890000343322754,11.5,9.5,10.869999885559082,126400,0.0,0.0
2022-06-03 00:00:00-04:00,10.789999961853027,10.824000358581543,9.449999809265137,9.859999656677246,190000,0.0,0.0
2022-06-06 00:00:00-04:00,10.039999961853027,11.300000190734863,8.880000114440918,10.109999656677246,330600,0.0,0.0
2022-06-07 00:00:00-04:00,10.050000190734863,10.1899995803833,8.625,8.949999809265137,294000,0.0,0.0
2022-06-08 00:00:00-04:00,8.949999809265137,9.520000457763672,8.510000228881836,9.239999771118164,173600,0.0,0.0
2022-06-09 00:00:00-04:00,8.880000114440918,9.414999961853027,8.710000038146973,8.949999809265137,159700,0.0,0.0
2022-06-10 00:00:00-04:00,8.880000114440918,9.069999694824219,8.675000190734863,9.0,134500,0.0,0.0
2022-06-13 00:00:00-04:00,8.949999809265137,9.119999885559082,8.5600004196167,8.75,153600,0.0,0.0
2022-06-14 00:00:00-04:00,8.880000114440918,9.649999618530273,7.900000095367432,8.699999809265137,117200,0.0,0.0
2022-06-15 00:00:00-04:00,8.819999694824219,9.675000190734863,8.8100004196167,9.510000228881836,187000,0.0,0.0
2022-06-16 00:00:00-04:00,9.1899995803833,10.0600004196167,9.119999885559082,9.65999984741211,236900,0.0,0.0
2022-06-17 00:00:00-04:00,9.779999732971191,10.4350004196167,8.760000228881836,9.260000228881836,803300,0.0,0.0
2022-06-21 00:00:00-04:00,9.270000457763672,9.510000228881836,8.947999954223633,9.199999809265137,286100,0.0,0.0
2022-06-22 00:00:00-04:00,9.020000457763672,9.899999618530273,8.614999771118164,9.680000305175781,371500,0.0,0.0
2022-06-23 00:00:00-04:00,9.680000305175781,12.130000114440918,9.65999984741211,11.899999618530273,222500,0.0,0.0
2022-06-24 00:00:00-04:00,11.9399995803833,14.550000190734863,11.9399995803833,14.039999961853027,1543500,0.0,0.0
2022-06-27 00:00:00-04:00,14.729999542236328,14.729999542236328,11.020000457763672,11.149999618530273,246400,0.0,0.0
2022-06-28 00:00:00-04:00,11.010000228881836,11.0600004196167,9.989999771118164,10.069999694824219,147800,0.0,0.0
2022-06-29 00:00:00-04:00,10.0,10.289999961853027,9.960000038146973,10.119999885559082,128000,0.0,0.0
2022-06-30 00:00:00-04:00,9.59000015258789,11.579999923706055,9.59000015258789,10.930000305175781,156200,0.0,0.0
2022-07-01 00:00:00-04:00,10.770000457763672,11.25,10.229999542236328,10.5,74800,0.0,0.0
2022-07-05 00:00:00-04:00,10.5,11.90999984741211,10.0,11.850000381469727,100800,0.0,0.0
2022-07-06 00:00:00-04:00,11.710000038146973,13.130000114440918,11.260000228881836,13.010000228881836,58800,0.0,0.0
2022-07-07 00:00:00-04:00,13.0600004196167,13.199999809265137,12.510000228881836,13.09000015258789,53800,0.0,0.0
2022-07-08 00:00:00-04:00,13.109999656677246,13.9399995803833,12.585000038146973,13.800000190734863,67500,0.0,0.0
2022-07-11 00:00:00-04:00,13.760000228881836,14.369999885559082,13.5649995803833,14.170000076293945,34200,0.0,0.0
2022-07-12 00:00:00-04:00,14.329999923706055,14.765000343322754,12.539999961853027,13.170000076293945,55500,0.0,0.0
2022-07-13 00:00:00-04:00,12.779999732971191,13.75,12.779999732971191,13.670000076293945,72100,0.0,0.0
2022-07-14 00:00:00-04:00,13.609999656677246,13.609999656677246,12.550000190734863,13.140000343322754,44800,0.0,0.0
2022-07-15 00:00:00-04:00,13.5600004196167,13.5600004196167,12.491999626159668,13.220000267028809,52200,0.0,0.0
2022-07-18 00:00:00-04:00,13.170000076293945,13.920000076293945,12.5,13.289999961853027,52500,0.0,0.0
2022-07-19 00:00:00-04:00,13.609999656677246,13.609999656677246,12.069999694824219,12.369999885559082,57800,0.0,0.0
2022-07-20 00:00:00-04:00,12.550000190734863,12.960000038146973,12.140000343322754,12.59000015258789,25300,0.0,0.0
2022-07-21 00:00:00-04:00,12.789999961853027,12.789999961853027,11.890000343322754,12.359999656677246,20600,0.0,0.0
2022-07-22 00:00:00-04:00,12.350000381469727,13.5600004196167,12.079999923706055,13.489999771118164,105100,0.0,0.0
2022-07-25 00:00:00-04:00,13.40999984741211,13.760000228881836,12.069999694824219,13.510000228881836,27700,0.0,0.0
2022-07-26 00:00:00-04:00,13.270000457763672,13.630000114440918,12.8100004196167,13.210000038146973,75600,0.0,0.0
2022-07-27 00:00:00-04:00,13.149999618530273,13.710000038146973,13.029999732971191,13.489999771118164,71300,0.0,0.0
2022-07-28 00:00:00-04:00,13.3100004196167,14.25,13.305000305175781,14.130000114440918,127700,0.0,0.0
2022-07-29 00:00:00-04:00,13.899999618530273,14.3100004196167,13.194999694824219,13.520000457763672,87900,0.0,0.0
2022-08-01 00:00:00-04:00,13.5600004196167,13.760000228881836,11.119999885559082,11.369999885559082,108200,0.0,0.0
2022-08-02 00:00:00-04:00,11.430000305175781,12.005000114440918,11.050000190734863,11.729999542236328,85900,0.0,0.0
2022-08-03 00:00:00-04:00,11.75,11.75,10.880000114440918,11.0600004196167,59100,0.0,0.0
2022-08-04 00:00:00-04:00,11.529999732971191,12.180000305175781,10.960000038146973,12.069999694824219,41300,0.0,0.0
2022-08-05 00:00:00-04:00,11.717000007629395,12.75,11.704999923706055,12.680000305175781,19600,0.0,0.0
2022-08-08 00:00:00-04:00,12.140000343322754,13.4399995803833,12.140000343322754,13.319999694824219,30600,0.0,0.0
2022-08-09 00:00:00-04:00,13.329999923706055,13.699999809265137,12.6899995803833,13.170000076293945,19100,0.0,0.0
2022-08-10 00:00:00-04:00,13.420000076293945,13.520000457763672,12.739999771118164,12.949999809265137,21500,0.0,0.0
2022-08-11 00:00:00-04:00,12.609999656677246,13.199999809265137,12.029999732971191,12.3100004196167,20200,0.0,0.0
2022-08-12 00:00:00-04:00,12.25,12.623000144958496,11.5600004196167,12.0600004196167,28000,0.0,0.0
2022-08-15 00:00:00-04:00,12.1899995803833,12.390000343322754,11.680000305175781,12.350000381469727,18100,0.0,0.0
2022-08-16 00:00:00-04:00,12.479999542236328,13.510000228881836,12.3100004196167,12.970000267028809,56800,0.0,0.0
2022-08-17 00:00:00-04:00,12.970000267028809,13.270000457763672,12.765000343322754,13.069999694824219,10600,0.0,0.0
2022-08-18 00:00:00-04:00,13.180000305175781,13.300000190734863,12.220000267028809,13.220000267028809,27600,0.0,0.0
2022-08-19 00:00:00-04:00,12.890000343322754,13.390000343322754,12.270000457763672,12.380000114440918,26800,0.0,0.0
2022-08-22 00:00:00-04:00,12.350000381469727,12.960000038146973,10.539999961853027,10.890000343322754,13700,0.0,0.0
2022-08-23 00:00:00-04:00,11.029999732971191,11.399999618530273,10.609999656677246,11.119999885559082,33100,0.0,0.0
2022-08-24 00:00:00-04:00,10.949999809265137,11.508000373840332,10.779999732971191,11.039999961853027,10900,0.0,0.0
2022-08-25 00:00:00-04:00,10.979999542236328,11.510000228881836,10.800000190734863,11.289999961853027,29200,0.0,0.0
2022-08-26 00:00:00-04:00,11.180000305175781,11.460000038146973,10.800000190734863,11.020000457763672,34300,0.0,0.0
2022-08-29 00:00:00-04:00,10.800000190734863,11.720000267028809,10.800000190734863,11.470000267028809,23400,0.0,0.0
2022-08-30 00:00:00-04:00,11.359999656677246,11.895000457763672,10.899999618530273,11.25,33200,0.0,0.0
2022-08-31 00:00:00-04:00,11.279999732971191,12.043000221252441,11.279999732971191,11.90999984741211,29600,0.0,0.0
2022-09-01 00:00:00-04:00,12.010000228881836,13.53499984741211,11.75,13.25,76100,0.0,0.0
2022-09-02 00:00:00-04:00,13.5,13.899999618530273,13.369999885559082,13.65999984741211,38500,0.0,0.0
2022-09-06 00:00:00-04:00,14.020000457763672,17.329999923706055,14.0,17.049999237060547,378500,0.0,0.0
2022-09-07 00:00:00-04:00,16.059999465942383,17.329999923706055,16.010000228881836,16.719999313354492,53900,0.0,0.0
2022-09-08 00:00:00-04:00,16.6200008392334,17.200000762939453,16.290000915527344,17.110000610351562,29500,0.0,0.0
2022-09-09 00:00:00-04:00,17.200000762939453,19.889999389648438,16.670000076293945,19.040000915527344,29500,0.0,0.0
2022-09-12 00:00:00-04:00,19.700000762939453,19.979999542236328,18.5,19.579999923706055,34900,0.0,0.0
2022-09-13 00:00:00-04:00,20.0,22.8799991607666,18.780000686645508,22.010000228881836,104800,0.0,0.0
2022-09-14 00:00:00-04:00,21.780000686645508,24.420000076293945,21.440000534057617,21.6200008392334,72900,0.0,0.0
2022-09-15 00:00:00-04:00,21.260000228881836,22.260000228881836,20.709999084472656,21.049999237060547,83800,0.0,0.0
2022-09-16 00:00:00-04:00,21.329999923706055,22.6299991607666,18.83099937438965,21.75,240600,0.0,0.0
2022-09-19 00:00:00-04:00,21.93000030517578,21.93000030517578,20.139999389648438,20.6200008392334,108200,0.0,0.0
2022-09-20 00:00:00-04:00,20.049999237060547,20.7450008392334,19.989999771118164,20.290000915527344,51200,0.0,0.0
2022-09-21 00:00:00-04:00,19.969999313354492,20.6200008392334,19.360000610351562,19.969999313354492,40100,0.0,0.0
2022-09-22 00:00:00-04:00,19.56999969482422,19.799999237060547,16.729000091552734,17.18000030517578,45100,0.0,0.0
2022-09-23 00:00:00-04:00,16.860000610351562,17.329999923706055,16.270000457763672,17.110000610351562,32500,0.0,0.0
2022-09-26 00:00:00-04:00,17.329999923706055,19.549999237060547,17.06999969482422,18.760000228881836,45300,0.0,0.0
2022-09-27 00:00:00-04:00,19.059999465942383,20.010000228881836,18.110000610351562,19.100000381469727,81800,0.0,0.0
2022-09-28 00:00:00-04:00,19.479999542236328,20.649999618530273,19.1299991607666,20.09000015258789,56300,0.0,0.0
2022-09-29 00:00:00-04:00,20.030000686645508,20.030000686645508,19.040000915527344,19.239999771118164,27500,0.0,0.0
2022-09-30 00:00:00-04:00,19.59000015258789,20.56999969482422,15.550000190734863,17.09000015258789,218500,0.0,0.0
2022-10-03 00:00:00-04:00,17.100000381469727,19.700000762939453,17.100000381469727,18.329999923706055,54600,0.0,0.0
2022-10-04 00:00:00-04:00,18.270000457763672,20.100000381469727,17.309999465942383,18.979999542236328,93900,0.0,0.0
2022-10-05 00:00:00-04:00,18.559999465942383,18.99799919128418,16.9950008392334,18.799999237060547,71600,0.0,0.0
2022-10-06 00:00:00-04:00,18.940000534057617,19.350000381469727,17.850000381469727,18.829999923706055,56100,0.0,0.0
2022-10-07 00:00:00-04:00,18.639999389648438,18.639999389648438,15.710000038146973,16.100000381469727,87200,0.0,0.0
2022-10-10 00:00:00-04:00,15.760000228881836,17.8700008392334,15.149999618530273,17.40999984741211,84900,0.0,0.0
2022-10-11 00:00:00-04:00,17.3700008392334,17.899999618530273,15.420000076293945,15.5600004196167,98600,0.0,0.0
2022-10-12 00:00:00-04:00,16.0,16.825000762939453,15.100000381469727,16.559999465942383,96900,0.0,0.0
2022-10-13 00:00:00-04:00,15.619999885559082,18.399999618530273,15.335000038146973,17.030000686645508,64100,0.0,0.0
2022-10-14 00:00:00-04:00,17.309999465942383,17.350000381469727,16.530000686645508,16.65999984741211,38800,0.0,0.0
2022-10-17 00:00:00-04:00,17.34000015258789,17.559999465942383,15.600000381469727,16.579999923706055,54500,0.0,0.0
2022-10-18 00:00:00-04:00,17.31999969482422,18.56999969482422,16.600000381469727,18.510000228881836,32400,0.0,0.0
2022-10-19 00:00:00-04:00,18.209999084472656,18.690000534057617,17.354999542236328,17.719999313354492,41300,0.0,0.0
2022-10-20 00:00:00-04:00,17.790000915527344,18.479999542236328,15.920000076293945,15.970000267028809,41600,0.0,0.0
2022-10-21 00:00:00-04:00,16.40999984741211,18.507999420166016,16.010000228881836,16.959999084472656,71100,0.0,0.0
2022-10-24 00:00:00-04:00,16.649999618530273,17.809999465942383,16.5,17.399999618530273,36600,0.0,0.0
2022-10-25 00:00:00-04:00,17.489999771118164,22.020000457763672,17.290000915527344,21.229999542236328,116500,0.0,0.0
2022-10-26 00:00:00-04:00,21.229999542236328,22.459999084472656,20.600000381469727,21.045000076293945,67000,0.0,0.0
2022-10-27 00:00:00-04:00,21.15999984741211,21.68000030517578,20.549999237060547,21.020000457763672,191100,0.0,0.0
2022-10-28 00:00:00-04:00,20.850000381469727,22.270000457763672,20.450000762939453,21.350000381469727,200000,0.0,0.0
2022-10-31 00:00:00-04:00,21.350000381469727,21.9060001373291,21.0,21.3799991607666,74500,0.0,0.0
2022-11-01 00:00:00-04:00,21.649999618530273,23.100000381469727,21.110000610351562,21.459999084472656,127400,0.0,0.0
2022-11-02 00:00:00-04:00,21.3799991607666,22.450000762939453,20.6299991607666,21.229999542236328,72400,0.0,0.0
2022-11-03 00:00:00-04:00,21.079999923706055,21.989999771118164,21.030000686645508,21.170000076293945,68300,0.0,0.0
2022-11-04 00:00:00-04:00,21.59000015258789,21.59000015258789,20.1200008392334,21.100000381469727,57300,0.0,0.0
2022-11-07 00:00:00-05:00,21.450000762939453,22.1200008392334,20.719999313354492,21.239999771118164,71300,0.0,0.0
2022-11-08 00:00:00-05:00,20.969999313354492,21.530000686645508,20.524999618530273,21.110000610351562,55800,0.0,0.0
2022-11-09 00:00:00-05:00,20.920000076293945,21.479999542236328,20.700000762939453,20.940000534057617,111400,0.0,0.0
2022-11-10 00:00:00-05:00,21.25,21.863000869750977,20.389999389648438,20.8799991607666,262300,0.0,0.0
2022-11-11 00:00:00-05:00,22.68000030517578,22.68000030517578,18.760000228881836,19.229999542236328,164900,0.0,0.0
2022-11-14 00:00:00-05:00,18.59000015258789,19.530000686645508,17.309999465942383,19.15999984741211,83400,0.0,0.0
2022-11-15 00:00:00-05:00,19.8799991607666,21.65999984741211,19.670000076293945,21.040000915527344,121600,0.0,0.0
2022-11-16 00:00:00-05:00,20.809999465942383,21.760000228881836,20.399999618530273,21.0,76800,0.0,0.0
2022-11-17 00:00:00-05:00,20.729999542236328,21.59000015258789,20.65999984741211,21.15999984741211,147500,0.0,0.0
2022-11-18 00:00:00-05:00,21.84000015258789,21.84000015258789,20.520000457763672,20.719999313354492,67400,0.0,0.0
2022-11-21 00:00:00-05:00,20.8799991607666,21.575000762939453,17.3799991607666,18.75,113900,0.0,0.0
2022-11-22 00:00:00-05:00,18.459999084472656,21.170000076293945,18.459999084472656,21.020000457763672,68000,0.0,0.0
2022-11-23 00:00:00-05:00,20.690000534057617,21.280000686645508,20.219999313354492,21.149999618530273,64700,0.0,0.0
2022-11-25 00:00:00-05:00,21.780000686645508,22.209999084472656,21.18000030517578,21.3700008392334,85200,0.0,0.0
2022-11-28 00:00:00-05:00,21.09000015258789,21.5,18.889999389648438,19.030000686645508,120500,0.0,0.0
2022-11-29 00:00:00-05:00,18.850000381469727,19.219999313354492,18.850000381469727,19.06999969482422,75200,0.0,0.0
2022-11-30 00:00:00-05:00,18.850000381469727,20.280000686645508,18.0,20.0,271300,0.0,0.0
2022-12-01 00:00:00-05:00,19.739999771118164,20.96500015258789,19.579999923706055,20.079999923706055,114000,0.0,0.0
2022-12-02 00:00:00-05:00,20.094999313354492,20.610000610351562,18.860000610351562,19.049999237060547,71400,0.0,0.0
2022-12-05 00:00:00-05:00,18.229999542236328,19.049999237060547,17.34000015258789,17.5,74000,0.0,0.0
2022-12-06 00:00:00-05:00,17.5,17.829999923706055,16.0,16.100000381469727,52500,0.0,0.0
2022-12-07 00:00:00-05:00,15.859999656677246,16.31999969482422,15.699999809265137,16.09000015258789,75000,0.0,0.0
2022-12-08 00:00:00-05:00,16.190000534057617,16.530000686645508,16.059999465942383,16.299999237060547,36700,0.0,0.0
2022-12-09 00:00:00-05:00,16.059999465942383,16.110000610351562,15.050000190734863,15.140000343322754,41100,0.0,0.0
2022-12-12 00:00:00-05:00,15.34000015258789,15.34000015258789,14.0600004196167,14.329999923706055,61300,0.0,0.0
2022-12-13 00:00:00-05:00,14.569999694824219,15.604999542236328,13.949999809265137,14.229999542236328,122600,0.0,0.0
2022-12-14 00:00:00-05:00,14.300000190734863,14.585000038146973,13.760000228881836,13.920000076293945,102600,0.0,0.0
2022-12-15 00:00:00-05:00,13.619999885559082,14.140000343322754,13.140000343322754,13.520000457763672,175400,0.0,0.0
2022-12-16 00:00:00-05:00,13.329999923706055,14.274999618530273,13.204999923706055,13.75,929800,0.0,0.0
2022-12-19 00:00:00-05:00,13.739999771118164,14.0600004196167,13.199999809265137,13.800000190734863,188600,0.0,0.0
2022-12-20 00:00:00-05:00,13.609999656677246,14.579999923706055,13.40999984741211,14.020000457763672,48700,0.0,0.0
2022-12-21 00:00:00-05:00,14.369999885559082,14.460000038146973,13.789999961853027,14.329999923706055,37300,0.0,0.0
2022-12-22 00:00:00-05:00,14.079999923706055,14.489999771118164,14.0,14.350000381469727,59600,0.0,0.0
2022-12-23 00:00:00-05:00,14.199999809265137,14.199999809265137,14.0,14.079999923706055,68500,0.0,0.0
2022-12-27 00:00:00-05:00,14.220000267028809,14.630000114440918,14.149999618530273,14.520000457763672,40400,0.0,0.0
2022-12-28 00:00:00-05:00,14.520000457763672,14.710000038146973,14.399999618530273,14.600000381469727,55500,0.0,0.0
2022-12-29 00:00:00-05:00,14.829999923706055,16.360000610351562,14.829999923706055,15.699999809265137,44500,0.0,0.0
2022-12-30 00:00:00-05:00,15.609999656677246,17.170000076293945,15.609999656677246,16.729999542236328,117700,0.0,0.0
2023-01-03 00:00:00-05:00,16.989999771118164,17.09000015258789,14.739999771118164,15.100000381469727,72300,0.0,0.0
2023-01-04 00:00:00-05:00,14.880000114440918,15.3100004196167,14.600000381469727,14.850000381469727,87400,0.0,0.0
2023-01-05 00:00:00-05:00,14.609999656677246,15.640000343322754,14.5,14.729999542236328,34900,0.0,0.0
2023-01-06 00:00:00-05:00,14.859999656677246,15.649999618530273,14.569999694824219,15.130000114440918,26300,0.0,0.0
2023-01-09 00:00:00-05:00,15.270000457763672,15.90999984741211,14.779999732971191,14.920000076293945,27700,0.0,0.0
2023-01-10 00:00:00-05:00,14.75,15.130000114440918,14.619999885559082,15.039999961853027,22400,0.0,0.0
2023-01-11 00:00:00-05:00,15.100000381469727,15.359999656677246,14.670000076293945,15.300000190734863,33100,0.0,0.0
2023-01-12 00:00:00-05:00,15.149999618530273,15.454999923706055,14.079999923706055,15.229999542236328,54000,0.0,0.0
2023-01-13 00:00:00-05:00,15.199999809265137,15.479999542236328,14.850000381469727,15.25,37500,0.0,0.0
2023-01-17 00:00:00-05:00,15.119999885559082,15.600000381469727,14.789999961853027,15.5,18500,0.0,0.0
2023-01-18 00:00:00-05:00,15.710000038146973,16.6200008392334,15.61299991607666,16.15999984741211,24000,0.0,0.0
2023-01-19 00:00:00-05:00,16.209999084472656,16.209999084472656,15.029000282287598,15.649999618530273,22900,0.0,0.0
2023-01-20 00:00:00-05:00,16.020000457763672,16.8700008392334,15.109999656677246,15.600000381469727,45300,0.0,0.0
2023-01-23 00:00:00-05:00,15.699999809265137,15.699999809265137,14.739999771118164,15.0,23000,0.0,0.0
2023-01-24 00:00:00-05:00,15.069999694824219,16.149999618530273,15.020000457763672,15.34000015258789,19000,0.0,0.0
2023-01-25 00:00:00-05:00,15.25,15.65999984741211,14.960000038146973,15.630000114440918,30600,0.0,0.0
2023-01-26 00:00:00-05:00,15.930000305175781,16.170000076293945,15.093999862670898,15.779999732971191,11100,0.0,0.0
2023-01-27 00:00:00-05:00,15.779999732971191,16.100000381469727,15.050000190734863,15.0600004196167,28300,0.0,0.0
2023-01-30 00:00:00-05:00,15.020000457763672,16.149999618530273,15.020000457763672,15.729999542236328,24500,0.0,0.0
2023-01-31 00:00:00-05:00,15.65999984741211,17.799999237060547,15.300000190734863,17.100000381469727,40000,0.0,0.0
2023-02-01 00:00:00-05:00,17.5,19.0,16.950000762939453,18.0,47800,0.0,0.0
2023-02-02 00:00:00-05:00,17.959999084472656,19.040000915527344,17.0,17.739999771118164,72600,0.0,0.0
2023-02-03 00:00:00-05:00,17.700000762939453,18.5,16.239999771118164,17.270000457763672,30700,0.0,0.0
2023-02-06 00:00:00-05:00,16.90999984741211,18.639999389648438,16.90999984741211,17.68000030517578,40900,0.0,0.0
2023-02-07 00:00:00-05:00,17.799999237060547,18.43000030517578,16.434999465942383,18.18000030517578,48600,0.0,0.0
2023-02-08 00:00:00-05:00,17.950000762939453,18.41200065612793,17.020000457763672,17.459999084472656,30900,0.0,0.0
2023-02-09 00:00:00-05:00,17.799999237060547,18.110000610351562,17.239999771118164,17.299999237060547,35400,0.0,0.0
2023-02-10 00:00:00-05:00,16.774999618530273,17.229999542236328,15.010000228881836,16.010000228881836,37400,0.0,0.0
2023-02-13 00:00:00-05:00,16.209999084472656,16.850000381469727,15.0,15.210000038146973,35700,0.0,0.0
2023-02-14 00:00:00-05:00,15.180000305175781,15.802000045776367,15.0,15.550000190734863,26500,0.0,0.0
2023-02-15 00:00:00-05:00,15.699999809265137,16.469999313354492,15.279999732971191,16.15999984741211,42200,0.0,0.0
2023-02-16 00:00:00-05:00,15.8100004196167,16.559999465942383,15.5,16.200000762939453,26200,0.0,0.0
2023-02-17 00:00:00-05:00,16.43000030517578,16.479999542236328,15.020000457763672,16.329999923706055,25400,0.0,0.0
2023-02-21 00:00:00-05:00,16.170000076293945,16.81999969482422,15.550000190734863,16.049999237060547,32700,0.0,0.0
2023-02-22 00:00:00-05:00,16.290000915527344,16.639999389648438,15.289999961853027,15.59000015258789,35200,0.0,0.0
2023-02-23 00:00:00-05:00,15.842000007629395,16.1200008392334,15.40999984741211,15.710000038146973,18900,0.0,0.0
2023-02-24 00:00:00-05:00,15.479999542236328,16.84000015258789,15.369999885559082,16.309999465942383,32200,0.0,0.0
2023-02-27 00:00:00-05:00,16.18000030517578,17.0,16.110000610351562,16.600000381469727,21000,0.0,0.0
2023-02-28 00:00:00-05:00,16.700000762939453,18.110000610351562,16.65999984741211,16.850000381469727,47500,0.0,0.0
2023-03-01 00:00:00-05:00,17.0,17.56999969482422,15.84000015258789,16.020000457763672,22000,0.0,0.0
2023-03-02 00:00:00-05:00,15.710000038146973,16.270000457763672,15.454999923706055,16.020000457763672,25500,0.0,0.0
2023-03-03 00:00:00-05:00,16.280000686645508,16.399999618530273,15.680000305175781,15.930000305175781,15900,0.0,0.0
2023-03-06 00:00:00-05:00,16.1200008392334,16.1200008392334,14.890000343322754,15.6899995803833,51600,0.0,0.0
2023-03-07 00:00:00-05:00,15.75,16.940000534057617,15.140000343322754,15.920000076293945,23200,0.0,0.0
2023-03-08 00:00:00-05:00,15.8100004196167,16.525999069213867,15.350000381469727,15.489999771118164,20300,0.0,0.0
2023-03-09 00:00:00-05:00,15.579999923706055,15.984000205993652,15.0,15.199999809265137,38300,0.0,0.0
2023-03-10 00:00:00-05:00,15.210000038146973,15.380000114440918,14.979999542236328,15.100000381469727,77600,0.0,0.0
2023-03-13 00:00:00-04:00,15.0,17.209999084472656,15.0,16.940000534057617,21100,0.0,0.0
2023-03-14 00:00:00-04:00,16.952999114990234,19.09000015258789,16.952999114990234,17.530000686645508,43500,0.0,0.0
2023-03-15 00:00:00-04:00,17.190000534057617,17.954999923706055,15.729999542236328,17.459999084472656,66900,0.0,0.0
2023-03-16 00:00:00-04:00,17.149999618530273,17.950000762939453,16.219999313354492,17.06999969482422,69700,0.0,0.0
2023-03-17 00:00:00-04:00,16.8700008392334,17.229999542236328,16.0,16.540000915527344,125200,0.0,0.0
2023-03-20 00:00:00-04:00,16.59000015258789,16.59000015258789,15.0,15.0,86900,0.0,0.0
2023-03-21 00:00:00-04:00,15.380000114440918,15.904999732971191,15.279999732971191,15.529999732971191,76100,0.0,0.0
2023-03-22 00:00:00-04:00,15.760000228881836,15.970000267028809,15.305000305175781,15.319999694824219,15800,0.0,0.0
2023-03-23 00:00:00-04:00,15.359999656677246,15.8100004196167,15.0,15.359999656677246,24900,0.0,0.0
2023-03-24 00:00:00-04:00,15.069999694824219,15.4399995803833,15.0,15.289999961853027,29600,0.0,0.0
2023-03-27 00:00:00-04:00,15.399999618530273,15.9399995803833,15.399999618530273,15.489999771118164,23400,0.0,0.0
2023-03-28 00:00:00-04:00,15.510000228881836,15.64900016784668,15.329999923706055,15.390000343322754,24400,0.0,0.0
2023-03-29 00:00:00-04:00,15.550000190734863,17.079999923706055,15.210000038146973,16.56999969482422,44200,0.0,0.0
2023-03-30 00:00:00-04:00,16.450000762939453,17.850000381469727,15.930000305175781,16.200000762939453,51300,0.0,0.0
2023-03-31 00:00:00-04:00,16.170000076293945,16.709999084472656,15.505000114440918,16.530000686645508,67000,0.0,0.0
2023-04-03 00:00:00-04:00,16.3799991607666,17.969999313354492,16.3799991607666,17.399999618530273,75800,0.0,0.0
2023-04-04 00:00:00-04:00,17.350000381469727,17.350000381469727,15.65999984741211,15.75,51500,0.0,0.0
2023-04-05 00:00:00-04:00,15.4399995803833,15.4399995803833,13.739999771118164,13.970000267028809,588300,0.0,0.0
2023-04-06 00:00:00-04:00,13.8100004196167,14.170000076293945,12.59000015258789,12.930000305175781,38700,0.0,0.0
2023-04-10 00:00:00-04:00,12.75,13.520000457763672,12.569999694824219,13.270000457763672,29900,0.0,0.0
2023-04-11 00:00:00-04:00,13.09000015258789,13.609999656677246,13.029999732971191,13.539999961853027,13400,0.0,0.0
2023-04-12 00:00:00-04:00,13.5,13.850000381469727,13.5,13.630000114440918,13300,0.0,0.0
2023-04-13 00:00:00-04:00,13.510000228881836,14.40999984741211,13.510000228881836,14.1899995803833,35500,0.0,0.0
2023-04-14 00:00:00-04:00,13.979999542236328,14.130000114440918,13.050000190734863,13.210000038146973,48800,0.0,0.0
2023-04-17 00:00:00-04:00,13.100000381469727,13.404999732971191,12.960000038146973,13.210000038146973,24200,0.0,0.0
2023-04-18 00:00:00-04:00,13.399999618530273,14.038000106811523,13.399999618530273,13.880000114440918,44800,0.0,0.0
2023-04-19 00:00:00-04:00,13.819999694824219,14.069999694824219,13.569999694824219,13.569999694824219,10200,0.0,0.0
2023-04-20 00:00:00-04:00,13.609999656677246,14.050000190734863,13.609999656677246,13.869999885559082,18600,0.0,0.0
2023-04-21 00:00:00-04:00,13.869999885559082,14.039999961853027,13.510000228881836,13.84000015258789,53800,0.0,0.0
2023-04-24 00:00:00-04:00,13.800000190734863,14.279999732971191,13.75,13.829999923706055,29700,0.0,0.0
2023-04-25 00:00:00-04:00,13.770000457763672,14.119999885559082,13.770000457763672,14.0,21700,0.0,0.0
2023-04-26 00:00:00-04:00,13.90999984741211,14.149999618530273,13.442000389099121,14.140000343322754,25300,0.0,0.0
2023-04-27 00:00:00-04:00,14.229999542236328,14.449999809265137,13.829999923706055,14.199999809265137,50100,0.0,0.0
2023-04-28 00:00:00-04:00,14.119999885559082,14.9399995803833,13.890000343322754,14.0,28900,0.0,0.0
2023-05-01 00:00:00-04:00,14.0,14.920000076293945,13.345000267028809,13.5,34600,0.0,0.0
2023-05-02 00:00:00-04:00,13.510000228881836,13.869999885559082,13.100000381469727,13.390000343322754,88200,0.0,0.0
2023-05-03 00:00:00-04:00,13.390000343322754,14.380000114440918,13.130000114440918,13.90999984741211,66100,0.0,0.0
2023-05-04 00:00:00-04:00,13.90999984741211,14.619999885559082,13.739999771118164,14.479999542236328,90200,0.0,0.0
2023-05-05 00:00:00-04:00,14.65999984741211,14.65999984741211,13.680000305175781,14.100000381469727,50800,0.0,0.0
2023-05-08 00:00:00-04:00,14.170000076293945,14.645000457763672,13.949999809265137,14.199999809265137,46100,0.0,0.0
2023-05-09 00:00:00-04:00,14.039999961853027,14.630000114440918,13.770000457763672,14.140000343322754,38300,0.0,0.0
2023-05-10 00:00:00-04:00,14.350000381469727,14.350000381469727,13.640000343322754,14.069999694824219,42100,0.0,0.0
2023-05-11 00:00:00-04:00,14.109999656677246,14.130000114440918,13.510000228881836,14.069999694824219,44800,0.0,0.0
2023-05-12 00:00:00-04:00,13.90999984741211,14.350000381469727,13.90999984741211,14.289999961853027,16900,0.0,0.0
2023-05-15 00:00:00-04:00,14.140000343322754,14.3100004196167,13.630000114440918,13.899999618530273,60300,0.0,0.0
2023-05-16 00:00:00-04:00,13.899999618530273,13.9399995803833,13.3100004196167,13.850000381469727,66200,0.0,0.0
2023-05-17 00:00:00-04:00,13.850000381469727,15.029999732971191,12.890000343322754,14.710000038146973,948900,0.0,0.0
2023-05-18 00:00:00-04:00,14.789999961853027,16.200000762939453,14.789999961853027,15.899999618530273,60400,0.0,0.0
2023-05-19 00:00:00-04:00,16.280000686645508,17.139999389648438,16.200000762939453,16.90999984741211,56500,0.0,0.0
2023-05-22 00:00:00-04:00,17.059999465942383,18.0,16.15999984741211,16.200000762939453,86400,0.0,0.0
2023-05-23 00:00:00-04:00,16.010000228881836,16.75,15.819999694824219,15.880000114440918,53500,0.0,0.0
2023-05-24 00:00:00-04:00,15.680000305175781,16.450000762939453,15.449999809265137,15.800000190734863,38800,0.0,0.0
2023-05-25 00:00:00-04:00,15.920000076293945,16.81999969482422,15.899999618530273,16.670000076293945,50800,0.0,0.0
2023-05-26 00:00:00-04:00,16.8700008392334,17.510000228881836,16.559999465942383,16.84000015258789,39000,0.0,0.0
2023-05-30 00:00:00-04:00,16.81999969482422,18.06999969482422,16.1299991607666,16.530000686645508,30400,0.0,0.0
2023-05-31 00:00:00-04:00,16.6299991607666,17.84000015258789,16.209999084472656,17.020000457763672,69700,0.0,0.0
2023-06-01 00:00:00-04:00,17.040000915527344,18.916000366210938,17.040000915527344,18.139999389648438,92300,0.0,0.0
2023-06-02 00:00:00-04:00,18.440000534057617,18.81999969482422,18.1200008392334,18.760000228881836,81800,0.0,0.0
2023-06-05 00:00:00-04:00,18.610000610351562,18.979999542236328,17.950000762939453,18.040000915527344,138100,0.0,0.0
2023-06-06 00:00:00-04:00,18.190000534057617,18.6200008392334,17.899999618530273,18.5,82800,0.0,0.0
2023-06-07 00:00:00-04:00,18.610000610351562,18.610000610351562,17.31999969482422,17.940000534057617,76000,0.0,0.0
2023-06-08 00:00:00-04:00,17.940000534057617,18.389999389648438,17.420000076293945,17.770000457763672,37700,0.0,0.0
2023-06-09 00:00:00-04:00,18.1200008392334,18.149999618530273,17.209999084472656,17.59000015258789,34200,0.0,0.0
2023-06-12 00:00:00-04:00,17.770000457763672,18.600000381469727,17.75,17.829999923706055,149100,0.0,0.0
2023-06-13 00:00:00-04:00,17.93000030517578,18.399999618530273,17.850000381469727,18.0,82800,0.0,0.0
2023-06-14 00:00:00-04:00,17.940000534057617,18.43000030517578,17.690000534057617,18.020000457763672,788500,0.0,0.0
2023-06-15 00:00:00-04:00,18.020000457763672,18.200000762939453,17.06999969482422,17.110000610351562,139500,0.0,0.0
2023-06-16 00:00:00-04:00,17.440000534057617,17.770000457763672,16.700000762939453,16.739999771118164,210500,0.0,0.0
2023-06-20 00:00:00-04:00,16.110000610351562,17.09000015258789,16.020000457763672,16.68000030517578,100300,0.0,0.0
2023-06-21 00:00:00-04:00,16.700000762939453,17.059999465942383,16.3799991607666,16.670000076293945,70600,0.0,0.0
2023-06-22 00:00:00-04:00,16.639999389648438,16.809999465942383,16.360000610351562,16.440000534057617,39200,0.0,0.0
2023-06-23 00:00:00-04:00,16.190000534057617,16.7549991607666,16.049999237060547,16.540000915527344,659600,0.0,0.0
2023-06-26 00:00:00-04:00,16.360000610351562,17.1200008392334,16.290000915527344,16.670000076293945,89200,0.0,0.0
2023-06-27 00:00:00-04:00,15.970000267028809,16.649999618530273,15.970000267028809,16.34000015258789,56200,0.0,0.0
2023-06-28 00:00:00-04:00,16.3700008392334,16.829999923706055,16.079999923706055,16.709999084472656,38200,0.0,0.0
2023-06-29 00:00:00-04:00,16.719999313354492,17.040000915527344,16.43000030517578,16.56999969482422,51300,0.0,0.0
2023-06-30 00:00:00-04:00,16.709999084472656,17.670000076293945,16.709999084472656,17.190000534057617,81800,0.0,0.0
2023-07-03 00:00:00-04:00,17.049999237060547,17.049999237060547,16.59000015258789,16.700000762939453,21300,0.0,0.0
2023-07-05 00:00:00-04:00,16.84000015258789,16.844999313354492,16.190000534057617,16.40999984741211,38000,0.0,0.0
2023-07-06 00:00:00-04:00,16.290000915527344,16.290000915527344,15.430000305175781,15.600000381469727,51800,0.0,0.0
2023-07-07 00:00:00-04:00,15.5600004196167,15.930000305175781,15.199999809265137,15.260000228881836,42600,0.0,0.0
2023-07-10 00:00:00-04:00,15.15999984741211,15.795000076293945,15.15999984741211,15.770000457763672,28400,0.0,0.0
2023-07-11 00:00:00-04:00,15.850000381469727,15.989999771118164,15.40999984741211,15.510000228881836,27400,0.0,0.0
2023-07-12 00:00:00-04:00,15.800000190734863,15.829999923706055,15.300000190734863,15.359999656677246,72200,0.0,0.0
2023-07-13 00:00:00-04:00,15.34000015258789,15.65999984741211,15.170000076293945,15.40999984741211,26500,0.0,0.0
2023-07-14 00:00:00-04:00,15.329999923706055,15.699999809265137,15.329999923706055,15.600000381469727,22200,0.0,0.0
2023-07-17 00:00:00-04:00,15.720000267028809,15.949999809265137,14.970000267028809,14.979999542236328,63300,0.0,0.0
2023-07-18 00:00:00-04:00,15.09000015258789,15.260000228881836,14.819999694824219,15.050000190734863,40000,0.0,0.0
2023-07-19 00:00:00-04:00,15.039999961853027,15.0600004196167,14.1899995803833,14.529999732971191,43300,0.0,0.0
2023-07-20 00:00:00-04:00,14.609999656677246,15.119999885559082,14.579999923706055,14.960000038146973,43200,0.0,0.0
2023-07-21 00:00:00-04:00,15.0,15.65999984741211,14.90999984741211,15.300000190734863,37800,0.0,0.0
2023-07-24 00:00:00-04:00,15.289999961853027,15.510000228881836,14.895000457763672,15.300000190734863,25200,0.0,0.0
2023-07-25 00:00:00-04:00,15.220000267028809,15.574999809265137,15.029999732971191,15.260000228881836,33100,0.0,0.0
2023-07-26 00:00:00-04:00,15.390000343322754,15.78499984741211,15.170000076293945,15.579999923706055,41300,0.0,0.0
2023-07-27 00:00:00-04:00,15.710000038146973,15.979999542236328,15.09000015258789,15.199999809265137,50000,0.0,0.0
2023-07-28 00:00:00-04:00,15.260000228881836,15.84000015258789,15.140000343322754,15.470000267028809,41600,0.0,0.0
2023-07-31 00:00:00-04:00,15.529999732971191,15.979999542236328,15.175000190734863,15.220000267028809,37300,0.0,0.0
2023-08-01 00:00:00-04:00,15.180000305175781,15.390000343322754,14.720000267028809,15.0,51200,0.0,0.0
2023-08-02 00:00:00-04:00,14.890000343322754,15.069999694824219,14.630000114440918,14.6899995803833,39100,0.0,0.0
2023-08-03 00:00:00-04:00,14.739999771118164,14.819999694824219,14.15999984741211,14.289999961853027,38900,0.0,0.0
2023-08-04 00:00:00-04:00,14.399999618530273,14.774999618530273,14.149999618530273,14.359999656677246,30900,0.0,0.0
2023-08-07 00:00:00-04:00,14.170000076293945,14.989999771118164,14.170000076293945,14.819999694824219,43700,0.0,0.0
2023-08-08 00:00:00-04:00,14.880000114440918,14.880000114440918,14.305000305175781,14.600000381469727,46200,0.0,0.0
2023-08-09 00:00:00-04:00,14.75,15.220000267028809,14.5,14.6899995803833,34100,0.0,0.0
2023-08-10 00:00:00-04:00,14.880000114440918,14.880000114440918,14.489999771118164,14.579999923706055,21500,0.0,0.0
2023-08-11 00:00:00-04:00,14.479999542236328,14.779999732971191,14.359999656677246,14.739999771118164,23100,0.0,0.0
2023-08-14 00:00:00-04:00,14.729000091552734,14.729000091552734,13.460000038146973,13.670000076293945,45800,0.0,0.0
2023-08-15 00:00:00-04:00,13.470000267028809,13.779999732971191,12.130000114440918,12.279999732971191,39100,0.0,0.0
2023-08-16 00:00:00-04:00,12.050000190734863,12.5,11.789999961853027,11.800000190734863,37400,0.0,0.0
2023-08-17 00:00:00-04:00,11.649999618530273,11.772000312805176,11.350000381469727,11.59000015258789,34500,0.0,0.0
2023-08-18 00:00:00-04:00,11.510000228881836,12.4399995803833,11.510000228881836,12.210000038146973,43700,0.0,0.0
2023-08-21 00:00:00-04:00,12.199999809265137,12.569999694824219,12.164999961853027,12.350000381469727,12900,0.0,0.0
2023-08-22 00:00:00-04:00,12.920000076293945,12.920000076293945,12.25,12.529999732971191,37600,0.0,0.0
2023-08-23 00:00:00-04:00,12.739999771118164,13.109999656677246,12.699999809265137,13.050000190734863,16300,0.0,0.0
2023-08-24 00:00:00-04:00,12.960000038146973,14.100000381469727,12.489999771118164,12.850000381469727,86600,0.0,0.0
2023-08-25 00:00:00-04:00,13.140000343322754,13.380000114440918,11.760000228881836,12.84000015258789,107800,0.0,0.0
2023-08-28 00:00:00-04:00,13.029999732971191,13.869999885559082,12.541999816894531,12.630000114440918,56900,0.0,0.0
2023-08-29 00:00:00-04:00,12.619999885559082,13.65999984741211,12.579999923706055,13.600000381469727,35000,0.0,0.0
2023-08-30 00:00:00-04:00,13.5,14.300000190734863,13.5,13.579999923706055,57700,0.0,0.0
2023-08-31 00:00:00-04:00,13.630000114440918,14.538999557495117,13.300000190734863,13.34000015258789,56000,0.0,0.0
2023-09-01 00:00:00-04:00,13.40999984741211,13.40999984741211,12.520000457763672,12.930000305175781,24000,0.0,0.0
2023-09-05 00:00:00-04:00,12.5,13.5,12.380000114440918,12.520000457763672,71000,0.0,0.0
2023-09-06 00:00:00-04:00,12.59000015258789,12.979999542236328,12.149999618530273,12.649999618530273,25600,0.0,0.0
2023-09-07 00:00:00-04:00,12.739999771118164,13.199999809265137,12.604999542236328,12.930000305175781,71300,0.0,0.0
2023-09-08 00:00:00-04:00,12.90999984741211,13.0600004196167,12.40999984741211,12.609999656677246,28000,0.0,0.0
2023-09-11 00:00:00-04:00,12.569999694824219,13.079999923706055,12.569999694824219,12.779999732971191,27900,0.0,0.0
2023-09-12 00:00:00-04:00,12.649999618530273,13.079999923706055,12.303000450134277,13.039999961853027,47800,0.0,0.0
2023-09-13 00:00:00-04:00,13.039999961853027,13.6899995803833,13.039999961853027,13.25,38200,0.0,0.0
2023-09-14 00:00:00-04:00,13.460000038146973,13.6899995803833,12.890000343322754,13.579999923706055,37100,0.0,0.0
2023-09-15 00:00:00-04:00,13.520000457763672,14.510000228881836,13.520000457763672,14.40999984741211,290100,0.0,0.0
2023-09-18 00:00:00-04:00,14.329999923706055,15.239999771118164,14.329999923706055,14.680000305175781,79100,0.0,0.0
2023-09-19 00:00:00-04:00,14.6899995803833,14.6899995803833,14.067000389099121,14.430000305175781,70900,0.0,0.0
2023-09-20 00:00:00-04:00,12.760000228881836,15.329999923706055,12.604999542236328,14.569999694824219,603700,0.0,0.0
2023-09-21 00:00:00-04:00,14.25,14.49899959564209,13.46500015258789,13.59000015258789,84100,0.0,0.0
2023-09-22 00:00:00-04:00,13.4399995803833,13.5649995803833,13.0,13.039999961853027,68800,0.0,0.0
2023-09-25 00:00:00-04:00,12.9399995803833,13.364999771118164,12.600000381469727,13.079999923706055,59600,0.0,0.0
2023-09-26 00:00:00-04:00,13.260000228881836,13.869999885559082,13.260000228881836,13.539999961853027,39900,0.0,0.0
2023-09-27 00:00:00-04:00,13.539999961853027,14.0,12.869999885559082,13.529999732971191,57000,0.0,0.0
2023-09-28 00:00:00-04:00,13.479999542236328,14.149999618530273,13.390000343322754,13.479999542236328,42900,0.0,0.0
2023-09-29 00:00:00-04:00,13.579999923706055,13.579999923706055,13.194999694824219,13.449999809265137,46200,0.0,0.0
2023-10-02 00:00:00-04:00,13.4399995803833,13.4399995803833,12.864999771118164,13.100000381469727,83400,0.0,0.0
2023-10-03 00:00:00-04:00,13.479999542236328,13.479999542236328,12.385000228881836,12.960000038146973,54800,0.0,0.0
2023-10-04 00:00:00-04:00,12.9399995803833,13.25,12.600000381469727,12.829999923706055,46200,0.0,0.0
2023-10-05 00:00:00-04:00,12.779999732971191,12.899999618530273,12.539999961853027,12.859999656677246,44200,0.0,0.0
2023-10-06 00:00:00-04:00,12.880000114440918,13.4399995803833,12.795000076293945,13.010000228881836,100800,0.0,0.0
2023-10-09 00:00:00-04:00,12.8100004196167,12.8100004196167,11.640000343322754,11.90999984741211,48700,0.0,0.0
2023-10-10 00:00:00-04:00,11.800000190734863,13.0,11.65999984741211,12.420000076293945,61400,0.0,0.0
2023-10-11 00:00:00-04:00,12.319999694824219,12.350000381469727,11.850000381469727,12.149999618530273,36500,0.0,0.0
2023-10-12 00:00:00-04:00,11.859999656677246,11.859999656677246,11.289999961853027,11.59000015258789,41400,0.0,0.0
2023-10-13 00:00:00-04:00,11.5,11.96500015258789,11.210000038146973,11.8100004196167,40300,0.0,0.0
2023-10-16 00:00:00-04:00,11.970000267028809,12.300000190734863,11.625,12.15999984741211,32300,0.0,0.0
2023-10-17 00:00:00-04:00,12.199999809265137,12.600000381469727,11.84000015258789,12.029999732971191,48900,0.0,0.0
2023-10-18 00:00:00-04:00,11.890000343322754,11.890000343322754,10.720000267028809,10.9399995803833,48600,0.0,0.0
2023-10-19 00:00:00-04:00,10.770000457763672,10.774999618530273,10.274999618530273,10.375,45300,0.0,0.0
2023-10-20 00:00:00-04:00,10.15999984741211,10.760000228881836,10.15999984741211,10.350000381469727,44900,0.0,0.0
2023-10-23 00:00:00-04:00,10.220000267028809,10.869999885559082,9.9399995803833,10.670000076293945,32000,0.0,0.0
2023-10-24 00:00:00-04:00,10.789999961853027,11.180000305175781,10.279999732971191,10.779999732971191,37700,0.0,0.0
2023-10-25 00:00:00-04:00,10.6899995803833,11.479999542236328,10.539999961853027,11.279999732971191,30100,0.0,0.0
2023-10-26 00:00:00-04:00,11.319999694824219,12.0,10.920000076293945,11.170000076293945,43000,0.0,0.0
2023-10-27 00:00:00-04:00,11.0,11.09000015258789,10.850000381469727,10.944999694824219,41000,0.0,0.0
2023-10-30 00:00:00-04:00,11.15999984741211,11.15999984741211,10.369999885559082,10.699999809265137,36600,0.0,0.0
2023-10-31 00:00:00-04:00,10.789999961853027,11.029999732971191,10.640000343322754,11.0,42600,0.0,0.0
2023-11-01 00:00:00-04:00,11.109999656677246,12.385000228881836,11.109999656677246,11.899999618530273,44200,0.0,0.0
2023-11-02 00:00:00-04:00,12.180000305175781,12.475000381469727,11.9399995803833,12.100000381469727,44600,0.0,0.0
2023-11-03 00:00:00-04:00,12.40999984741211,13.050000190734863,12.25,12.75,67900,0.0,0.0
2023-11-06 00:00:00-05:00,12.850000381469727,13.024999618530273,12.369999885559082,12.670000076293945,68900,0.0,0.0
2023-11-07 00:00:00-05:00,12.699999809265137,13.175000190734863,12.550000190734863,12.800000190734863,35000,0.0,0.0
2023-11-08 00:00:00-05:00,12.850000381469727,13.079999923706055,12.6899995803833,13.039999961853027,31800,0.0,0.0
2023-11-09 00:00:00-05:00,13.180000305175781,13.619999885559082,12.239999771118164,12.460000038146973,54900,0.0,0.0
2023-11-10 00:00:00-05:00,12.65999984741211,13.774999618530273,12.130000114440918,13.229999542236328,60600,0.0,0.0
2023-11-13 00:00:00-05:00,13.380000114440918,13.545000076293945,12.350000381469727,12.869999885559082,37000,0.0,0.0
2023-11-14 00:00:00-05:00,13.430000305175781,14.350000381469727,13.0600004196167,14.289999961853027,57800,0.0,0.0
2023-11-15 00:00:00-05:00,14.180000305175781,14.75,14.069999694824219,14.119999885559082,56100,0.0,0.0
2023-11-16 00:00:00-05:00,13.9399995803833,13.949999809265137,13.279999732971191,13.390000343322754,45100,0.0,0.0
2023-11-17 00:00:00-05:00,13.380000114440918,14.449999809265137,13.1899995803833,13.579999923706055,113200,0.0,0.0
2023-11-20 00:00:00-05:00,13.789999961853027,14.1899995803833,13.319999694824219,13.890000343322754,165500,0.0,0.0
2023-11-21 00:00:00-05:00,13.920000076293945,14.1899995803833,13.489999771118164,13.699999809265137,39500,0.0,0.0
2023-11-22 00:00:00-05:00,13.9399995803833,14.0,13.460000038146973,13.789999961853027,42700,0.0,0.0
2023-11-24 00:00:00-05:00,13.680000305175781,14.399999618530273,13.579999923706055,13.899999618530273,61100,0.0,0.0
2023-11-27 00:00:00-05:00,13.75,14.170000076293945,13.225000381469727,13.84000015258789,46000,0.0,0.0
2023-11-28 00:00:00-05:00,13.899999618530273,14.100000381469727,13.711000442504883,13.9399995803833,43700,0.0,0.0
2023-11-29 00:00:00-05:00,14.1899995803833,14.1899995803833,13.520000457763672,13.699999809265137,78500,0.0,0.0
2023-11-30 00:00:00-05:00,13.640000343322754,14.100000381469727,13.515000343322754,13.710000038146973,134300,0.0,0.0
2023-12-01 00:00:00-05:00,13.800000190734863,14.5,13.585000038146973,14.40999984741211,93700,0.0,0.0
2023-12-04 00:00:00-05:00,14.489999771118164,14.779999732971191,14.15999984741211,14.680000305175781,151200,0.0,0.0
2023-12-05 00:00:00-05:00,14.600000381469727,14.824000358581543,14.069999694824219,14.289999961853027,69400,0.0,0.0
2023-12-06 00:00:00-05:00,14.510000228881836,14.930000305175781,14.225000381469727,14.390000343322754,149200,0.0,0.0
2023-12-07 00:00:00-05:00,14.25,14.880000114440918,14.0649995803833,14.859999656677246,131000,0.0,0.0
2023-12-08 00:00:00-05:00,14.569999694824219,15.079999923706055,14.520000457763672,14.9399995803833,176000,0.0,0.0
2023-12-11 00:00:00-05:00,14.930000305175781,14.930000305175781,14.100000381469727,14.170000076293945,140200,0.0,0.0
2023-12-12 00:00:00-05:00,14.289999961853027,14.569999694824219,13.460000038146973,13.949999809265137,160200,0.0,0.0
2023-12-13 00:00:00-05:00,14.300000190734863,15.300000190734863,14.029999732971191,14.729999542236328,573400,0.0,0.0
2023-12-14 00:00:00-05:00,15.0,15.5,14.819999694824219,15.020000457763672,275900,0.0,0.0
2023-12-15 00:00:00-05:00,15.020000457763672,15.510000228881836,14.630000114440918,14.640000343322754,1627100,0.0,0.0
2023-12-18 00:00:00-05:00,14.779999732971191,15.350000381469727,14.640000343322754,15.149999618530273,258800,0.0,0.0
2023-12-19 00:00:00-05:00,15.210000038146973,15.6850004196167,14.84000015258789,15.010000228881836,236300,0.0,0.0
2023-12-20 00:00:00-05:00,15.039999961853027,16.31999969482422,14.609999656677246,14.649999618530273,181400,0.0,0.0
2023-12-21 00:00:00-05:00,14.789999961853027,15.020000457763672,14.612000465393066,14.729999542236328,111900,0.0,0.0
2023-12-22 00:00:00-05:00,14.880000114440918,15.359999656677246,14.880000114440918,15.140000343322754,221900,0.0,0.0
2023-12-26 00:00:00-05:00,15.149999618530273,16.19499969482422,15.149999618530273,16.1299991607666,168600,0.0,0.0
2023-12-27 00:00:00-05:00,16.0,17.1299991607666,15.949999809265137,17.110000610351562,122100,0.0,0.0
2023-12-28 00:00:00-05:00,16.84000015258789,17.420000076293945,15.619999885559082,16.200000762939453,103400,0.0,0.0
2023-12-29 00:00:00-05:00,16.079999923706055,17.989999771118164,15.850000381469727,16.049999237060547,138600,0.0,0.0
2024-01-02 00:00:00-05:00,15.920000076293945,16.104999542236328,15.020000457763672,15.210000038146973,159100,0.0,0.0
2024-01-03 00:00:00-05:00,15.0,15.335000038146973,14.625,15.039999961853027,112200,0.0,0.0
2024-01-04 00:00:00-05:00,15.149999618530273,15.979999542236328,15.140000343322754,15.289999961853027,81500,0.0,0.0
2024-01-05 00:00:00-05:00,15.020000457763672,15.475000381469727,14.609999656677246,15.1899995803833,73000,0.0,0.0
2024-01-08 00:00:00-05:00,15.300000190734863,15.640000343322754,15.154999732971191,15.350000381469727,86400,0.0,0.0
2024-01-09 00:00:00-05:00,15.079999923706055,15.359999656677246,14.770000457763672,15.119999885559082,88000,0.0,0.0
2024-01-10 00:00:00-05:00,15.119999885559082,15.460000038146973,14.989999771118164,15.109999656677246,63400,0.0,0.0
2024-01-11 00:00:00-05:00,14.949999809265137,15.140000343322754,14.600000381469727,15.020000457763672,66100,0.0,0.0
2024-01-12 00:00:00-05:00,15.350000381469727,15.4399995803833,14.84000015258789,14.890000343322754,44600,0.0,0.0
2024-01-16 00:00:00-05:00,14.630000114440918,14.869999885559082,14.319999694824219,14.760000228881836,57600,0.0,0.0
2024-01-17 00:00:00-05:00,14.430000305175781,14.869999885559082,14.220000267028809,14.829999923706055,67600,0.0,0.0
2024-01-18 00:00:00-05:00,14.90999984741211,14.979999542236328,14.0600004196167,14.550000190734863,85900,0.0,0.0
2024-01-19 00:00:00-05:00,14.829999923706055,14.850000381469727,14.270000457763672,14.829999923706055,93600,0.0,0.0
2024-01-22 00:00:00-05:00,15.0,15.489999771118164,14.850000381469727,15.220000267028809,114700,0.0,0.0
2024-01-23 00:00:00-05:00,15.479999542236328,15.479999542236328,14.869999885559082,14.989999771118164,65800,0.0,0.0
2024-01-24 00:00:00-05:00,15.270000457763672,15.270000457763672,14.454999923706055,14.539999961853027,37100,0.0,0.0
2024-01-25 00:00:00-05:00,14.84000015258789,15.350000381469727,14.321000099182129,15.34000015258789,68900,0.0,0.0
2024-01-26 00:00:00-05:00,15.529999732971191,15.529999732971191,15.109999656677246,15.350000381469727,66600,0.0,0.0
2024-01-29 00:00:00-05:00,15.359999656677246,15.460000038146973,15.114999771118164,15.350000381469727,91200,0.0,0.0
2024-01-30 00:00:00-05:00,15.210000038146973,15.210000038146973,13.984999656677246,14.149999618530273,81000,0.0,0.0
2024-01-31 00:00:00-05:00,14.109999656677246,14.970000267028809,13.904999732971191,14.170000076293945,164600,0.0,0.0
2024-02-01 00:00:00-05:00,14.09000015258789,14.460000038146973,13.854999542236328,14.460000038146973,75700,0.0,0.0
2024-02-02 00:00:00-05:00,14.229999542236328,14.559000015258789,14.149999618530273,14.5,62500,0.0,0.0
2024-02-05 00:00:00-05:00,14.289999961853027,14.859999656677246,14.289999961853027,14.720000267028809,48200,0.0,0.0
2024-02-06 00:00:00-05:00,14.6899995803833,15.1899995803833,14.444999694824219,15.100000381469727,63700,0.0,0.0
2024-02-07 00:00:00-05:00,14.779999732971191,15.09000015258789,14.630000114440918,14.970000267028809,1086700,0.0,0.0
2024-02-08 00:00:00-05:00,14.989999771118164,15.289999961853027,14.704999923706055,15.0600004196167,327400,0.0,0.0
2024-02-09 00:00:00-05:00,15.039999961853027,15.210000038146973,14.925000190734863,15.0,95200,0.0,0.0
2024-02-12 00:00:00-05:00,14.930000305175781,15.65999984741211,14.930000305175781,15.489999771118164,121000,0.0,0.0
2024-02-13 00:00:00-05:00,14.920000076293945,15.140000343322754,14.25,14.4399995803833,129500,0.0,0.0
2024-02-14 00:00:00-05:00,14.699999809265137,15.140000343322754,14.699999809265137,15.0,141100,0.0,0.0
2024-02-15 00:00:00-05:00,15.0600004196167,15.109999656677246,14.800000190734863,15.0,130400,0.0,0.0
2024-02-16 00:00:00-05:00,14.970000267028809,15.59000015258789,14.800000190734863,15.329999923706055,120100,0.0,0.0
2024-02-20 00:00:00-05:00,15.149999618530273,15.180000305175781,14.489999771118164,14.960000038146973,146300,0.0,0.0
2024-02-21 00:00:00-05:00,14.970000267028809,15.069999694824219,14.71500015258789,14.989999771118164,107800,0.0,0.0
2024-02-22 00:00:00-05:00,14.899999618530273,15.34000015258789,14.899999618530273,15.050000190734863,187300,0.0,0.0
2024-02-23 00:00:00-05:00,15.010000228881836,15.90999984741211,15.010000228881836,15.819999694824219,303200,0.0,0.0
2024-02-26 00:00:00-05:00,15.770000457763672,17.280000686645508,15.770000457763672,17.030000686645508,98200,0.0,0.0
2024-02-27 00:00:00-05:00,17.200000762939453,18.0,16.90999984741211,17.40999984741211,64600,0.0,0.0
2024-02-28 00:00:00-05:00,17.229999542236328,17.469999313354492,17.010000228881836,17.190000534057617,54700,0.0,0.0
2024-02-29 00:00:00-05:00,17.549999237060547,18.31999969482422,17.549999237060547,18.149999618530273,148300,0.0,0.0
2024-03-01 00:00:00-05:00,18.280000686645508,19.399999618530273,18.219999313354492,19.0,228900,0.0,0.0
2024-03-04 00:00:00-05:00,19.049999237060547,20.219999313354492,18.799999237060547,19.75,222400,0.0,0.0
2024-03-05 00:00:00-05:00,19.639999389648438,20.0,19.229999542236328,19.309999465942383,72800,0.0,0.0
2024-03-06 00:00:00-05:00,19.510000228881836,19.729999542236328,18.559999465942383,18.90999984741211,62500,0.0,0.0
2024-03-07 00:00:00-05:00,19.06999969482422,19.15999984741211,17.8700008392334,18.639999389648438,140000,0.0,0.0
2024-03-08 00:00:00-05:00,19.020000457763672,19.030000686645508,18.360000610351562,18.420000076293945,83000,0.0,0.0
2024-03-11 00:00:00-04:00,18.34000015258789,18.385000228881836,17.989999771118164,18.1200008392334,104700,0.0,0.0
2024-03-12 00:00:00-04:00,18.110000610351562,18.200000762939453,17.764999389648438,18.049999237060547,62400,0.0,0.0
2024-03-13 00:00:00-04:00,17.969999313354492,18.415000915527344,17.902999877929688,18.0,121300,0.0,0.0
2024-03-14 00:00:00-04:00,17.969999313354492,18.235000610351562,17.239999771118164,17.700000762939453,88000,0.0,0.0
2024-03-15 00:00:00-04:00,17.719999313354492,18.18000030517578,17.010000228881836,18.0,244700,0.0,0.0
2024-03-18 00:00:00-04:00,18.0,18.0,17.299999237060547,17.350000381469727,64600,0.0,0.0
2024-03-19 00:00:00-04:00,17.309999465942383,17.854999542236328,17.049999237060547,17.43000030517578,140900,0.0,0.0
2024-03-20 00:00:00-04:00,17.360000610351562,17.360000610351562,15.989999771118164,16.110000610351562,101600,0.0,0.0
2024-03-21 00:00:00-04:00,16.020000457763672,16.155000686645508,15.479999542236328,15.869999885559082,144700,0.0,0.0
2024-03-22 00:00:00-04:00,16.0,16.8700008392334,15.579999923706055,16.75,97000,0.0,0.0
2024-03-25 00:00:00-04:00,16.75,17.260000228881836,15.9350004196167,16.420000076293945,75800,0.0,0.0
2024-03-26 00:00:00-04:00,16.600000381469727,17.285999298095703,15.829999923706055,15.84000015258789,78200,0.0,0.0
2024-03-27 00:00:00-04:00,16.010000228881836,16.280000686645508,15.529999732971191,15.619999885559082,68000,0.0,0.0
2024-03-28 00:00:00-04:00,15.59000015258789,17.229999542236328,15.5600004196167,16.6299991607666,217300,0.0,0.0
2024-04-01 00:00:00-04:00,16.549999237060547,16.65999984741211,15.704999923706055,15.930000305175781,71700,0.0,0.0
2024-04-02 00:00:00-04:00,15.899999618530273,16.145000457763672,15.600000381469727,15.649999618530273,68100,0.0,0.0
2024-04-03 00:00:00-04:00,15.489999771118164,15.550000190734863,14.65999984741211,14.819999694824219,85500,0.0,0.0
2024-04-04 00:00:00-04:00,14.90999984741211,15.319999694824219,14.460000038146973,14.5,232200,0.0,0.0
2024-04-05 00:00:00-04:00,14.289999961853027,14.880000114440918,14.270000457763672,14.520000457763672,143000,0.0,0.0
2024-04-08 00:00:00-04:00,14.5,14.859999656677246,14.220000267028809,14.319999694824219,43100,0.0,0.0
2024-04-09 00:00:00-04:00,14.510000228881836,14.619999885559082,14.1899995803833,14.510000228881836,114700,0.0,0.0
2024-04-10 00:00:00-04:00,14.0,14.470000267028809,13.385000228881836,14.069999694824219,175400,0.0,0.0
2024-04-11 00:00:00-04:00,14.079999923706055,15.069999694824219,14.079999923706055,14.920000076293945,109100,0.0,0.0
2024-04-12 00:00:00-04:00,14.979999542236328,15.069999694824219,14.449999809265137,15.03499984741211,113100,0.0,0.0
2024-04-15 00:00:00-04:00,15.079999923706055,15.149999618530273,13.869999885559082,13.90999984741211,72500,0.0,0.0
2024-04-16 00:00:00-04:00,13.789999961853027,13.789999961853027,12.984999656677246,13.010000228881836,52500,0.0,0.0
2024-04-17 00:00:00-04:00,13.020000457763672,13.506999969482422,12.380000114440918,12.529999732971191,78000,0.0,0.0
2024-04-18 00:00:00-04:00,12.489999771118164,12.550000190734863,11.800000190734863,11.859999656677246,1140700,0.0,0.0
2024-04-19 00:00:00-04:00,11.789999961853027,12.5,11.729999542236328,12.300000190734863,276800,0.0,0.0
2024-04-22 00:00:00-04:00,12.430000305175781,13.399999618530273,12.210000038146973,12.979999542236328,88400,0.0,0.0
2024-04-23 00:00:00-04:00,12.989999771118164,13.15999984741211,12.699999809265137,12.8100004196167,162700,0.0,0.0
2024-04-24 00:00:00-04:00,12.6899995803833,12.84000015258789,12.470000267028809,12.579999923706055,49100,0.0,0.0
2024-04-25 00:00:00-04:00,12.399999618530273,12.399999618530273,11.789999961853027,12.020000457763672,52400,0.0,0.0
2024-04-26 00:00:00-04:00,12.579999923706055,13.199999809265137,11.98900032043457,12.789999961853027,369600,0.0,0.0
2024-04-29 00:00:00-04:00,12.819999694824219,13.359999656677246,12.819999694824219,13.279999732971191,63200,0.0,0.0
2024-04-30 00:00:00-04:00,13.039999961853027,13.729999542236328,13.039999961853027,13.199999809265137,91000,0.0,0.0
2024-05-01 00:00:00-04:00,13.279999732971191,14.170000076293945,13.199999809265137,13.5600004196167,108200,0.0,0.0
2024-05-02 00:00:00-04:00,13.800000190734863,14.40999984741211,13.770000457763672,14.020000457763672,278100,0.0,0.0
2024-05-03 00:00:00-04:00,14.3100004196167,14.40999984741211,13.59000015258789,13.609999656677246,62100,0.0,0.0
2024-05-06 00:00:00-04:00,13.630000114440918,14.015000343322754,13.550000190734863,13.800000190734863,40200,0.0,0.0
2024-05-07 00:00:00-04:00,13.850000381469727,14.050000190734863,13.734999656677246,13.890000343322754,62400,0.0,0.0
2024-05-08 00:00:00-04:00,13.789999961853027,13.869999885559082,13.479999542236328,13.479999542236328,36700,0.0,0.0
2024-05-09 00:00:00-04:00,13.5,14.449999809265137,13.21500015258789,13.989999771118164,353500,0.0,0.0
2024-05-10 00:00:00-04:00,13.949999809265137,14.5649995803833,13.40999984741211,13.84000015258789,222700,0.0,0.0
2024-05-13 00:00:00-04:00,14.170000076293945,14.34000015258789,13.510000228881836,13.640000343322754,35800,0.0,0.0
2024-05-14 00:00:00-04:00,13.880000114440918,14.210000038146973,13.079999923706055,13.130000114440918,197800,0.0,0.0
2024-05-15 00:00:00-04:00,13.619999885559082,15.300000190734863,13.619999885559082,15.100000381469727,570600,0.0,0.0
2024-05-16 00:00:00-04:00,14.9399995803833,16.30500030517578,14.9399995803833,15.569999694824219,169300,0.0,0.0
2024-05-17 00:00:00-04:00,15.619999885559082,16.045000076293945,15.5,15.84000015258789,112700,0.0,0.0
2024-05-20 00:00:00-04:00,15.729999542236328,15.819999694824219,14.449999809265137,14.489999771118164,113300,0.0,0.0
2024-05-21 00:00:00-04:00,14.40999984741211,14.609999656677246,13.550000190734863,14.529999732971191,169100,0.0,0.0
2024-05-22 00:00:00-04:00,14.4399995803833,15.170000076293945,13.920000076293945,14.140000343322754,210400,0.0,0.0
2024-05-23 00:00:00-04:00,14.119999885559082,14.449999809265137,12.86400032043457,13.079999923706055,174200,0.0,0.0
2024-05-24 00:00:00-04:00,13.180000305175781,13.305000305175781,12.75,12.890000343322754,249400,0.0,0.0
2024-05-28 00:00:00-04:00,12.890000343322754,13.944999694824219,10.9350004196167,12.670000076293945,676400,0.0,0.0
2024-05-29 00:00:00-04:00,12.40999984741211,12.859999656677246,12.029999732971191,12.640000343322754,176000,0.0,0.0
2024-05-30 00:00:00-04:00,12.770000457763672,13.0,11.970000267028809,12.130000114440918,158000,0.0,0.0
2024-05-31 00:00:00-04:00,12.180000305175781,12.520000457763672,11.699999809265137,12.140000343322754,180900,0.0,0.0
2024-06-03 00:00:00-04:00,12.199999809265137,12.430000305175781,11.920000076293945,12.399999618530273,195500,0.0,0.0
2024-06-04 00:00:00-04:00,12.600000381469727,14.229999542236328,12.600000381469727,13.770000457763672,321700,0.0,0.0
2024-06-05 00:00:00-04:00,13.880000114440918,14.15999984741211,13.569999694824219,13.770000457763672,162600,0.0,0.0
2024-06-06 00:00:00-04:00,13.770000457763672,14.260000228881836,13.465999603271484,13.75,104600,0.0,0.0
2024-06-07 00:00:00-04:00,13.529999732971191,13.880000114440918,13.289999961853027,13.539999961853027,84500,0.0,0.0
2024-06-10 00:00:00-04:00,13.380000114440918,14.0600004196167,13.15999984741211,14.0,111400,0.0,0.0
2024-06-11 00:00:00-04:00,13.880000114440918,15.15999984741211,13.460000038146973,14.760000228881836,311400,0.0,0.0
2024-06-12 00:00:00-04:00,15.0,15.369999885559082,14.029999732971191,14.600000381469727,407100,0.0,0.0
2024-06-13 00:00:00-04:00,14.779999732971191,15.140000343322754,14.430000305175781,14.800000190734863,140200,0.0,0.0
2024-06-14 00:00:00-04:00,14.609999656677246,15.180000305175781,14.390000343322754,15.09000015258789,219200,0.0,0.0
2024-06-17 00:00:00-04:00,14.890000343322754,15.600000381469727,14.380000114440918,15.289999961853027,234300,0.0,0.0
2024-06-18 00:00:00-04:00,15.289999961853027,15.289999961853027,12.5,12.800000190734863,175500,0.0,0.0
2024-06-20 00:00:00-04:00,12.75,13.359999656677246,12.460000038146973,12.829999923706055,100200,0.0,0.0
2024-06-21 00:00:00-04:00,12.850000381469727,13.420000076293945,12.699999809265137,13.069999694824219,221100,0.0,0.0
2024-06-24 00:00:00-04:00,13.0600004196167,14.0,12.949999809265137,13.430000305175781,81500,0.0,0.0
2024-06-25 00:00:00-04:00,13.34000015258789,13.6899995803833,13.0600004196167,13.069999694824219,81600,0.0,0.0
2024-06-26 00:00:00-04:00,12.920000076293945,13.229999542236328,12.449999809265137,13.079999923706055,144300,0.0,0.0
2024-06-27 00:00:00-04:00,13.25,13.789999961853027,13.057999610900879,13.369999885559082,130400,0.0,0.0
2024-06-28 00:00:00-04:00,13.460000038146973,14.600000381469727,13.0600004196167,14.460000038146973,1127700,0.0,0.0
2024-07-01 00:00:00-04:00,14.470000267028809,14.699999809265137,13.850000381469727,14.420000076293945,155300,0.0,0.0
2024-07-02 00:00:00-04:00,14.40999984741211,15.25,14.0,14.279999732971191,159100,0.0,0.0
2024-07-03 00:00:00-04:00,14.430000305175781,14.430000305175781,13.609999656677246,14.100000381469727,65600,0.0,0.0
2024-07-05 00:00:00-04:00,14.0600004196167,14.21500015258789,13.260000228881836,14.0600004196167,149200,0.0,0.0
2024-07-08 00:00:00-04:00,1.9800000190734863,2.3499999046325684,1.5499999523162842,1.6399999856948853,25635200,0.0,0.0
2024-07-09 00:00:00-04:00,1.7699999809265137,1.7799999713897705,1.6100000143051147,1.690000057220459,6836500,0.0,0.0
2024-07-10 00:00:00-04:00,1.649999976158142,1.690000057220459,1.600000023841858,1.6299999952316284,2726400,0.0,0.0
2024-07-11 00:00:00-04:00,1.6799999475479126,1.7400000095367432,1.6100000143051147,1.6699999570846558,2887000,0.0,0.0
2024-07-12 00:00:00-04:00,1.6399999856948853,1.7799999713897705,1.6399999856948853,1.75,1853500,0.0,0.0
2024-07-15 00:00:00-04:00,1.75,1.774999976158142,1.7300000190734863,1.75,1286500,0.0,0.0
2024-07-16 00:00:00-04:00,1.7799999713897705,1.899999976158142,1.75,1.8300000429153442,1323000,0.0,0.0
2024-07-17 00:00:00-04:00,1.8300000429153442,1.8899999856948853,1.7799999713897705,1.850000023841858,1789400,0.0,0.0
2024-07-18 00:00:00-04:00,1.8600000143051147,1.940000057220459,1.8300000429153442,1.8600000143051147,1420100,0.0,0.0
2024-07-19 00:00:00-04:00,1.8799999952316284,1.899999976158142,1.7649999856948853,1.7699999809265137,1049600,0.0,0.0
2024-07-22 00:00:00-04:00,1.809999942779541,1.909999966621399,1.7799999713897705,1.8899999856948853,1279700,0.0,0.0
2024-07-23 00:00:00-04:00,1.9199999570846558,2.0,1.8799999952316284,1.940000057220459,1072200,0.0,0.0
2024-07-24 00:00:00-04:00,1.9500000476837158,2.009999990463257,1.840000033378601,1.840000033378601,1211300,0.0,0.0
2024-07-25 00:00:00-04:00,1.850000023841858,1.9299999475479126,1.8350000381469727,1.8700000047683716,618800,0.0,0.0
2024-07-26 00:00:00-04:00,1.8899999856948853,1.9500000476837158,1.8799999952316284,1.8899999856948853,622300,0.0,0.0
2024-07-29 00:00:00-04:00,1.899999976158142,1.909999966621399,1.8600000143051147,1.8799999952316284,471300,0.0,0.0
2024-07-30 00:00:00-04:00,1.8700000047683716,1.940000057220459,1.850000023841858,1.8799999952316284,759600,0.0,0.0
2024-07-31 00:00:00-04:00,1.8799999952316284,1.909999966621399,1.8250000476837158,1.8300000429153442,812400,0.0,0.0
2024-08-01 00:00:00-04:00,1.75,1.8200000524520874,1.7400000095367432,1.7699999809265137,804800,0.0,0.0
2024-08-02 00:00:00-04:00,1.7200000286102295,1.7599999904632568,1.690000057220459,1.7000000476837158,892200,0.0,0.0
2024-08-05 00:00:00-04:00,1.600000023841858,1.659999966621399,1.5800000429153442,1.600000023841858,632300,0.0,0.0
2024-08-06 00:00:00-04:00,1.600000023841858,1.6890000104904175,1.5800000429153442,1.5800000429153442,680600,0.0,0.0
2024-08-07 00:00:00-04:00,1.6100000143051147,1.6799999475479126,1.600000023841858,1.6100000143051147,393600,0.0,0.0
2024-08-08 00:00:00-04:00,1.6200000047683716,1.7000000476837158,1.6200000047683716,1.659999966621399,350700,0.0,0.0
2024-08-09 00:00:00-04:00,1.7699999809265137,1.7699999809265137,1.590000033378601,1.600000023841858,751900,0.0,0.0
2024-08-12 00:00:00-04:00,1.6100000143051147,1.649999976158142,1.590000033378601,1.590000033378601,260500,0.0,0.0
2024-08-13 00:00:00-04:00,1.600000023841858,1.7200000286102295,1.600000023841858,1.7100000381469727,559500,0.0,0.0
2024-08-14 00:00:00-04:00,1.7100000381469727,1.7100000381469727,1.6399999856948853,1.6799999475479126,559800,0.0,0.0
2024-08-15 00:00:00-04:00,1.7100000381469727,1.8300000429153442,1.6799999475479126,1.809999942779541,604100,0.0,0.0
2024-08-16 00:00:00-04:00,1.7699999809265137,1.8600000143051147,1.7599999904632568,1.7899999618530273,578600,0.0,0.0
2024-08-19 00:00:00-04:00,1.7999999523162842,1.8700000047683716,1.7649999856948853,1.8700000047683716,386800,0.0,0.0
2024-08-20 00:00:00-04:00,1.8700000047683716,1.8700000047683716,1.809999942779541,1.8300000429153442,198900,0.0,0.0
2024-08-21 00:00:00-04:00,1.8300000429153442,2.009999990463257,1.7949999570846558,2.0,687100,0.0,0.0
2024-08-22 00:00:00-04:00,2.009999990463257,2.069999933242798,1.909999966621399,1.9199999570846558,628900,0.0,0.0
2024-08-23 00:00:00-04:00,1.9500000476837158,2.009999990463257,1.9199999570846558,1.940000057220459,352800,0.0,0.0
2024-08-26 00:00:00-04:00,1.9199999570846558,1.9800000190734863,1.909999966621399,1.9700000286102295,313100,0.0,0.0
2024-08-27 00:00:00-04:00,1.9600000381469727,1.975000023841858,1.8849999904632568,1.9299999475479126,463000,0.0,0.0
2024-08-28 00:00:00-04:00,1.9299999475479126,1.940000057220459,1.8650000095367432,1.909999966621399,1031400,0.0,0.0
2024-08-29 00:00:00-04:00,1.909999966621399,1.9900000095367432,1.8600000143051147,1.8899999856948853,476500,0.0,0.0
2024-08-30 00:00:00-04:00,1.8899999856948853,1.9299999475479126,1.8600000143051147,1.8700000047683716,779100,0.0,0.0
2024-09-03 00:00:00-04:00,1.850000023841858,1.875,1.8200000524520874,1.850000023841858,395700,0.0,0.0
2024-09-04 00:00:00-04:00,1.809999942779541,1.8450000286102295,1.725000023841858,1.7999999523162842,462500,0.0,0.0
2024-09-05 00:00:00-04:00,1.7799999713897705,1.7899999618530273,1.725000023841858,1.7400000095367432,295500,0.0,0.0
2024-09-06 00:00:00-04:00,1.7300000190734863,1.7799999713897705,1.7100000381469727,1.7400000095367432,218100,0.0,0.0
2024-09-09 00:00:00-04:00,1.7300000190734863,1.840000033378601,1.7079999446868896,1.75,215000,0.0,0.0
2024-09-10 00:00:00-04:00,1.7300000190734863,1.7599999904632568,1.7000000476837158,1.7400000095367432,167900,0.0,0.0
2024-09-11 00:00:00-04:00,1.7300000190734863,1.7300000190734863,1.6799999475479126,1.7100000381469727,161600,0.0,0.0
2024-09-12 00:00:00-04:00,1.690000057220459,1.75,1.690000057220459,1.7300000190734863,154000,0.0,0.0
2024-09-13 00:00:00-04:00,1.75,1.8350000381469727,1.7300000190734863,1.8300000429153442,188800,0.0,0.0
2024-09-16 00:00:00-04:00,1.8300000429153442,1.850000023841858,1.7799999713897705,1.7899999618530273,126100,0.0,0.0
2024-09-17 00:00:00-04:00,1.7999999523162842,1.8300000429153442,1.7699999809265137,1.809999942779541,133200,0.0,0.0
2024-09-18 00:00:00-04:00,1.809999942779541,1.8799999952316284,1.7949999570846558,1.809999942779541,157600,0.0,0.0
2024-09-19 00:00:00-04:00,1.850000023841858,1.8799999952316284,1.7949999570846558,1.809999942779541,153600,0.0,0.0
2024-09-20 00:00:00-04:00,1.7999999523162842,1.8300000429153442,1.7699999809265137,1.7999999523162842,816500,0.0,0.0
2024-09-23 00:00:00-04:00,1.7999999523162842,1.809999942779541,1.7699999809265137,1.7999999523162842,392400,0.0,0.0
2024-09-24 00:00:00-04:00,1.809999942779541,1.8300000429153442,1.784999966621399,1.7999999523162842,256800,0.0,0.0
2024-09-25 00:00:00-04:00,1.7899999618530273,1.7999999523162842,1.75,1.7599999904632568,163200,0.0,0.0
2024-09-26 00:00:00-04:00,1.7799999713897705,1.7999999523162842,1.75,1.7899999618530273,154100,0.0,0.0
2024-09-27 00:00:00-04:00,1.7999999523162842,1.8200000524520874,1.75,1.7599999904632568,112000,0.0,0.0
2024-09-30 00:00:00-04:00,1.7699999809265137,1.7999999523162842,1.7599999904632568,1.7599999904632568,83500,0.0,0.0
2024-10-01 00:00:00-04:00,1.7599999904632568,1.8200000524520874,1.7400000095367432,1.7799999713897705,287900,0.0,0.0
2024-10-02 00:00:00-04:00,1.7799999713897705,1.8200000524520874,1.7599999904632568,1.7999999523162842,330200,0.0,0.0
2024-10-03 00:00:00-04:00,1.7799999713897705,1.7999999523162842,1.7300000190734863,1.75,136300,0.0,0.0
2024-10-04 00:00:00-04:00,1.7799999713897705,1.8049999475479126,1.75,1.7699999809265137,119300,0.0,0.0
2024-10-07 00:00:00-04:00,1.7799999713897705,1.8200000524520874,1.774999976158142,1.7999999523162842,162600,0.0,0.0
2024-10-08 00:00:00-04:00,1.7999999523162842,1.7999999523162842,1.784999966621399,1.7999999523162842,116000,0.0,0.0
2024-10-09 00:00:00-04:00,1.7699999809265137,1.7699999809265137,1.7300000190734863,1.7300000190734863,115200,0.0,0.0
2024-10-10 00:00:00-04:00,1.75,1.75,1.7000000476837158,1.7300000190734863,144500,0.0,0.0
2024-10-11 00:00:00-04:00,1.7200000286102295,1.7999999523162842,1.7200000286102295,1.7999999523162842,98100,0.0,0.0
2024-10-14 00:00:00-04:00,1.7999999523162842,1.7999999523162842,1.75,1.7799999713897705,85500,0.0,0.0
2024-10-15 00:00:00-04:00,1.7699999809265137,1.815000057220459,1.7599999904632568,1.7999999523162842,99100,0.0,0.0
2024-10-16 00:00:00-04:00,1.7899999618530273,1.840000033378601,1.7699999809265137,1.8200000524520874,151100,0.0,0.0
2024-10-17 00:00:00-04:00,1.840000033378601,1.8899999856948853,1.784999966621399,1.8700000047683716,252000,0.0,0.0
2024-10-18 00:00:00-04:00,1.8799999952316284,1.8799999952316284,1.8300000429153442,1.8799999952316284,187300,0.0,0.0
2024-10-21 00:00:00-04:00,1.8799999952316284,1.8799999952316284,1.8300000429153442,1.8300000429153442,67400,0.0,0.0
2024-10-22 00:00:00-04:00,1.8200000524520874,1.8600000143051147,1.809999942779541,1.8600000143051147,101200,0.0,0.0
2024-10-23 00:00:00-04:00,1.8300000429153442,1.8700000047683716,1.8250000476837158,1.8700000047683716,70800,0.0,0.0
2024-10-24 00:00:00-04:00,1.8700000047683716,1.8700000047683716,1.8200000524520874,1.8200000524520874,61600,0.0,0.0
2024-10-25 00:00:00-04:00,1.8300000429153442,1.840000033378601,1.809999942779541,1.809999942779541,64600,0.0,0.0
2024-10-28 00:00:00-04:00,1.809999942779541,1.8600000143051147,1.809999942779541,1.840000033378601,110000,0.0,0.0
2024-10-29 00:00:00-04:00,1.7999999523162842,1.909999966621399,1.7999999523162842,1.909999966621399,160100,0.0,0.0
2024-10-30 00:00:00-04:00,1.9199999570846558,1.9450000524520874,1.8350000381469727,1.840000033378601,136600,0.0,0.0
2024-10-31 00:00:00-04:00,1.8200000524520874,1.840000033378601,1.8049999475479126,1.809999942779541,70100,0.0,0.0
2024-11-01 00:00:00-04:00,1.7999999523162842,1.8799999952316284,1.7999999523162842,1.8700000047683716,129200,0.0,0.0
2024-11-04 00:00:00-05:00,1.8700000047683716,1.9199999570846558,1.8329999446868896,1.899999976158142,113000,0.0,0.0
2024-11-05 00:00:00-05:00,1.8600000143051147,1.9199999570846558,1.8600000143051147,1.8899999856948853,103300,0.0,0.0
2024-11-06 00:00:00-05:00,1.9199999570846558,1.9850000143051147,1.909999966621399,1.9600000381469727,243500,0.0,0.0
2024-11-07 00:00:00-05:00,1.940000057220459,1.965000033378601,1.850000023841858,1.940000057220459,156300,0.0,0.0
2024-11-08 00:00:00-05:00,1.9199999570846558,1.9199999570846558,1.850000023841858,1.909999966621399,150400,0.0,0.0
2024-11-11 00:00:00-05:00,1.9299999475479126,1.9700000286102295,1.8899999856948853,1.9700000286102295,146600,0.0,0.0
2024-11-12 00:00:00-05:00,1.940000057220459,2.015000104904175,1.934999942779541,1.9800000190734863,222700,0.0,0.0
2024-11-13 00:00:00-05:00,1.9500000476837158,1.9700000286102295,1.8799999952316284,1.899999976158142,116800,0.0,0.0
2024-11-14 00:00:00-05:00,1.9199999570846558,1.9500000476837158,1.8700000047683716,1.8899999856948853,121700,0.0,0.0
2024-11-15 00:00:00-05:00,1.940000057220459,1.940000057220459,1.8300000429153442,1.8300000429153442,253700,0.0,0.0
2024-11-18 00:00:00-05:00,1.8300000429153442,1.8600000143051147,1.8025000095367432,1.8300000429153442,144446,0.0,0.0
