Date,Open,High,Low,Close,Volume,Dividends,Stock Splits
2022-03-01 00:00:00-05:00,10.050000190734863,10.069999694824219,10.039999961853027,10.0600004196167,370100,0.0,0.0
2022-03-02 00:00:00-05:00,10.069999694824219,10.079999923706055,10.050000190734863,10.079999923706055,407500,0.0,0.0
2022-03-03 00:00:00-05:00,10.079999923706055,10.119999885559082,10.069999694824219,10.100000381469727,434200,0.0,0.0
2022-03-04 00:00:00-05:00,10.09000015258789,10.100000381469727,10.039999961853027,10.039999961853027,184000,0.0,0.0
2022-03-07 00:00:00-05:00,10.079999923706055,10.09000015258789,10.050000190734863,10.050000190734863,219100,0.0,0.0
2022-03-08 00:00:00-05:00,10.079999923706055,10.100000381469727,10.050000190734863,10.069999694824219,82000,0.0,0.0
2022-03-09 00:00:00-05:00,10.09000015258789,10.100000381469727,10.050000190734863,10.069999694824219,237600,0.0,0.0
2022-03-10 00:00:00-05:00,10.100000381469727,10.25,10.09000015258789,10.180000305175781,1790200,0.0,0.0
2022-03-11 00:00:00-05:00,10.210000038146973,10.234999656677246,10.170000076293945,10.220000267028809,1265400,0.0,0.0
2022-03-14 00:00:00-04:00,10.229999542236328,10.239999771118164,10.0600004196167,10.079999923706055,504900,0.0,0.0
2022-03-15 00:00:00-04:00,10.069999694824219,10.09000015258789,10.050000190734863,10.0600004196167,310200,0.0,0.0
2022-03-16 00:00:00-04:00,10.100000381469727,10.100000381469727,10.0600004196167,10.09000015258789,322800,0.0,0.0
2022-03-17 00:00:00-04:00,10.100000381469727,10.149999618530273,10.071999549865723,10.140000343322754,814800,0.0,0.0
2022-03-18 00:00:00-04:00,10.170000076293945,10.229999542236328,10.140000343322754,10.140000343322754,244000,0.0,0.0
2022-03-21 00:00:00-04:00,10.149999618530273,10.199999809265137,10.140000343322754,10.1899995803833,261400,0.0,0.0
2022-03-22 00:00:00-04:00,10.149999618530273,10.270000457763672,10.149999618530273,10.229999542236328,645400,0.0,0.0
2022-03-23 00:00:00-04:00,10.220000267028809,10.25,10.140000343322754,10.15999984741211,267500,0.0,0.0
2022-03-24 00:00:00-04:00,10.199999809265137,10.220000267028809,10.15999984741211,10.170000076293945,174100,0.0,0.0
2022-03-25 00:00:00-04:00,10.199999809265137,10.229999542236328,10.109999656677246,10.15999984741211,395400,0.0,0.0
2022-03-28 00:00:00-04:00,10.229999542236328,10.229999542236328,10.119999885559082,10.149999618530273,328800,0.0,0.0
2022-03-29 00:00:00-04:00,10.149999618530273,10.1899995803833,10.140000343322754,10.180000305175781,303700,0.0,0.0
2022-03-30 00:00:00-04:00,10.199999809265137,10.270000457763672,10.1899995803833,10.229999542236328,925600,0.0,0.0
2022-03-31 00:00:00-04:00,10.210000038146973,10.729999542236328,10.210000038146973,10.470000267028809,1199800,0.0,0.0
2022-04-01 00:00:00-04:00,10.670000076293945,10.90999984741211,10.359999656677246,10.579999923706055,1565000,0.0,0.0
2022-04-04 00:00:00-04:00,10.579999923706055,10.619999885559082,10.260000228881836,10.350000381469727,702500,0.0,0.0
2022-04-05 00:00:00-04:00,10.460000038146973,10.5649995803833,10.399999618530273,10.420000076293945,466200,0.0,0.0
2022-04-06 00:00:00-04:00,10.5,10.550000190734863,10.420000076293945,10.489999771118164,476900,0.0,0.0
2022-04-07 00:00:00-04:00,10.529999732971191,10.529999732971191,10.34000015258789,10.399999618530273,488800,0.0,0.0
2022-04-08 00:00:00-04:00,10.430000305175781,10.890000343322754,10.199999809265137,10.729999542236328,3362400,0.0,0.0
2022-04-11 00:00:00-04:00,10.9399995803833,11.039999961853027,10.760000228881836,10.760000228881836,1692000,0.0,0.0
2022-04-12 00:00:00-04:00,10.770000457763672,10.859999656677246,10.569999694824219,10.789999961853027,1782500,0.0,0.0
2022-04-13 00:00:00-04:00,10.850000381469727,11.229999542236328,10.829999923706055,11.100000381469727,2510200,0.0,0.0
2022-04-14 00:00:00-04:00,11.140000343322754,11.1899995803833,10.899999618530273,10.979999542236328,1275900,0.0,0.0
2022-04-18 00:00:00-04:00,11.085000038146973,11.170000076293945,10.869999885559082,10.970000267028809,1240800,0.0,0.0
2022-04-19 00:00:00-04:00,10.970000267028809,11.029999732971191,10.329999923706055,10.449999809265137,1824400,0.0,0.0
2022-04-20 00:00:00-04:00,10.5,10.600000381469727,10.3100004196167,10.40999984741211,856500,0.0,0.0
2022-04-21 00:00:00-04:00,10.449999809265137,10.449999809265137,10.074999809265137,10.119999885559082,2914000,0.0,0.0
2022-04-22 00:00:00-04:00,10.100000381469727,10.140000343322754,10.079999923706055,10.100000381469727,1529200,0.0,0.0
2022-04-25 00:00:00-04:00,9.890000343322754,9.899999618530273,9.40999984741211,9.479999542236328,1509100,0.0,0.0
2022-04-26 00:00:00-04:00,9.890000343322754,10.229999542236328,9.619999885559082,9.90999984741211,1067900,0.0,0.0
2022-04-27 00:00:00-04:00,10.1899995803833,10.362000465393066,10.0,10.0600004196167,595200,0.0,0.0
2022-04-28 00:00:00-04:00,10.229999542236328,10.289999961853027,9.359999656677246,9.449999809265137,897300,0.0,0.0
2022-04-29 00:00:00-04:00,9.640000343322754,10.130000114440918,9.350000381469727,9.539999961853027,830100,0.0,0.0
2022-05-02 00:00:00-04:00,9.670000076293945,10.100000381469727,9.619999885559082,10.0,674900,0.0,0.0
2022-05-03 00:00:00-04:00,10.699999809265137,10.739999771118164,9.8100004196167,10.550000190734863,888300,0.0,0.0
2022-05-04 00:00:00-04:00,10.3100004196167,10.571000099182129,9.800000190734863,10.399999618530273,1075500,0.0,0.0
2022-05-05 00:00:00-04:00,10.40999984741211,10.460000038146973,9.635000228881836,9.9399995803833,681500,0.0,0.0
2022-05-06 00:00:00-04:00,9.84000015258789,10.609999656677246,9.399999618530273,10.609999656677246,729500,0.0,0.0
2022-05-09 00:00:00-04:00,10.59000015258789,10.720000267028809,10.050000190734863,10.529999732971191,831800,0.0,0.0
2022-05-10 00:00:00-04:00,10.710000038146973,10.800000190734863,9.930000305175781,10.300000190734863,642300,0.0,0.0
2022-05-11 00:00:00-04:00,10.149999618530273,10.289999961853027,10.0600004196167,10.1899995803833,462600,0.0,0.0
2022-05-12 00:00:00-04:00,10.0,10.0,9.3100004196167,9.84000015258789,681200,0.0,0.0
2022-05-13 00:00:00-04:00,10.029999732971191,10.119000434875488,9.5,9.619999885559082,583100,0.0,0.0
2022-05-16 00:00:00-04:00,9.699999809265137,10.0,9.65999984741211,9.779999732971191,390900,0.0,0.0
2022-05-17 00:00:00-04:00,9.90999984741211,10.0600004196167,9.772000312805176,9.850000381469727,415500,0.0,0.0
2022-05-18 00:00:00-04:00,9.770000457763672,9.83899974822998,9.3100004196167,9.600000381469727,441900,0.0,0.0
2022-05-19 00:00:00-04:00,9.649999618530273,9.899999618530273,9.59000015258789,9.84000015258789,345500,0.0,0.0
2022-05-20 00:00:00-04:00,9.994999885559082,10.239999771118164,9.75,9.899999618530273,557000,0.0,0.0
2022-05-23 00:00:00-04:00,10.069999694824219,10.069999694824219,9.630000114440918,9.670000076293945,316800,0.0,0.0
2022-05-24 00:00:00-04:00,9.680000305175781,9.699999809265137,8.869999885559082,8.960000038146973,835100,0.0,0.0
2022-05-25 00:00:00-04:00,9.100000381469727,9.770000457763672,8.970000267028809,9.520000457763672,426700,0.0,0.0
2022-05-26 00:00:00-04:00,9.479999542236328,9.640000343322754,9.369999885559082,9.460000038146973,222500,0.0,0.0
2022-05-27 00:00:00-04:00,9.529999732971191,9.970000267028809,9.5,9.899999618530273,466600,0.0,0.0
2022-05-31 00:00:00-04:00,10.050000190734863,10.125,9.75,9.789999961853027,389000,0.0,0.0
2022-06-01 00:00:00-04:00,9.914999961853027,9.960000038146973,9.319999694824219,9.600000381469727,480400,0.0,0.0
2022-06-02 00:00:00-04:00,9.5,9.890000343322754,9.3100004196167,9.479999542236328,488600,0.0,0.0
2022-06-03 00:00:00-04:00,9.510000228881836,9.609999656677246,9.229999542236328,9.4399995803833,514300,0.0,0.0
2022-06-06 00:00:00-04:00,9.890000343322754,10.074999809265137,9.760000228881836,9.850000381469727,708900,0.0,0.0
2022-06-07 00:00:00-04:00,9.6899995803833,10.149999618530273,9.640000343322754,10.140000343322754,569100,0.0,0.0
2022-06-08 00:00:00-04:00,10.069999694824219,10.149999618530273,9.899999618530273,10.130000114440918,321400,0.0,0.0
2022-06-09 00:00:00-04:00,10.100000381469727,10.630000114440918,9.920000076293945,9.960000038146973,659700,0.0,0.0
2022-06-10 00:00:00-04:00,9.930000305175781,10.430000305175781,9.729999542236328,9.989999771118164,440400,0.0,0.0
2022-06-13 00:00:00-04:00,9.59000015258789,9.899999618530273,9.199999809265137,9.710000038146973,715700,0.0,0.0
2022-06-14 00:00:00-04:00,9.710000038146973,9.84000015258789,9.520000457763672,9.75,392500,0.0,0.0
2022-06-15 00:00:00-04:00,9.75,10.350000381469727,9.739999771118164,10.350000381469727,659900,0.0,0.0
2022-06-16 00:00:00-04:00,10.050000190734863,10.119999885559082,9.760000228881836,9.979999542236328,737000,0.0,0.0
2022-06-17 00:00:00-04:00,10.020000457763672,10.40999984741211,9.949999809265137,10.319999694824219,1583400,0.0,0.0
2022-06-21 00:00:00-04:00,10.479999542236328,10.800000190734863,10.25,10.729999542236328,971000,0.0,0.0
2022-06-22 00:00:00-04:00,10.510000228881836,10.5600004196167,10.369999885559082,10.520000457763672,667600,0.0,0.0
2022-06-23 00:00:00-04:00,10.489999771118164,10.489999771118164,10.25,10.34000015258789,602800,0.0,0.0
2022-06-24 00:00:00-04:00,10.300000190734863,10.520000457763672,10.25,10.260000228881836,2315200,0.0,0.0
2022-06-27 00:00:00-04:00,10.779999732971191,10.960000038146973,10.444999694824219,10.680000305175781,678100,0.0,0.0
2022-06-28 00:00:00-04:00,10.819999694824219,10.850000381469727,10.489999771118164,10.640000343322754,424000,0.0,0.0
2022-06-29 00:00:00-04:00,10.75,10.75,9.649999618530273,9.8100004196167,581800,0.0,0.0
2022-06-30 00:00:00-04:00,9.880000114440918,10.260000228881836,9.819999694824219,9.989999771118164,404700,0.0,0.0
2022-07-01 00:00:00-04:00,9.949999809265137,10.670000076293945,9.449999809265137,10.649999618530273,946900,0.0,0.0
2022-07-05 00:00:00-04:00,10.359999656677246,10.5,10.1899995803833,10.460000038146973,439800,0.0,0.0
2022-07-06 00:00:00-04:00,10.520000457763672,10.75,10.359999656677246,10.520000457763672,499600,0.0,0.0
2022-07-07 00:00:00-04:00,10.6899995803833,10.9399995803833,10.630000114440918,10.779999732971191,549100,0.0,0.0
2022-07-08 00:00:00-04:00,10.739999771118164,10.767000198364258,10.199999809265137,10.199999809265137,632400,0.0,0.0
2022-07-11 00:00:00-04:00,10.300000190734863,10.329999923706055,9.979999542236328,10.229999542236328,227100,0.0,0.0
2022-07-12 00:00:00-04:00,10.270000457763672,10.399999618530273,9.75,10.079999923706055,430500,0.0,0.0
2022-07-13 00:00:00-04:00,9.90999984741211,10.378000259399414,9.819999694824219,10.220000267028809,362700,0.0,0.0
2022-07-14 00:00:00-04:00,10.170000076293945,10.319999694824219,9.918000221252441,10.279999732971191,378900,0.0,0.0
2022-07-15 00:00:00-04:00,10.34000015258789,10.569999694824219,10.210000038146973,10.279999732971191,301200,0.0,0.0
2022-07-18 00:00:00-04:00,10.390000343322754,10.600000381469727,10.270000457763672,10.279999732971191,297600,0.0,0.0
2022-07-19 00:00:00-04:00,10.420000076293945,10.850000381469727,10.350000381469727,10.670000076293945,579900,0.0,0.0
2022-07-20 00:00:00-04:00,10.699999809265137,11.90999984741211,10.670000076293945,11.829999923706055,1226100,0.0,0.0
2022-07-21 00:00:00-04:00,12.699999809265137,12.699999809265137,11.65999984741211,12.359999656677246,1017000,0.0,0.0
2022-07-22 00:00:00-04:00,12.279999732971191,13.329999923706055,11.8100004196167,12.65999984741211,1012200,0.0,0.0
2022-07-25 00:00:00-04:00,12.90999984741211,12.979999542236328,12.5600004196167,12.920000076293945,892700,0.0,0.0
2022-07-26 00:00:00-04:00,12.970000267028809,13.460000038146973,12.760000228881836,12.880000114440918,771700,0.0,0.0
2022-07-27 00:00:00-04:00,13.100000381469727,13.569999694824219,12.890000343322754,13.5,803000,0.0,0.0
2022-07-28 00:00:00-04:00,13.880000114440918,14.119999885559082,13.140000343322754,13.4399995803833,696800,0.0,0.0
2022-07-29 00:00:00-04:00,13.539999961853027,14.5,13.3100004196167,14.34000015258789,1131200,0.0,0.0
2022-08-01 00:00:00-04:00,15.630000114440918,15.850000381469727,15.0,15.130000114440918,1361300,0.0,0.0
2022-08-02 00:00:00-04:00,15.550000190734863,15.550000190734863,14.729999542236328,14.930000305175781,972100,0.0,0.0
2022-08-03 00:00:00-04:00,15.1899995803833,15.331000328063965,14.649999618530273,14.84000015258789,833300,0.0,0.0
2022-08-04 00:00:00-04:00,15.420000076293945,15.479999542236328,14.789999961853027,15.0,901200,0.0,0.0
2022-08-05 00:00:00-04:00,15.0,15.0,14.300000190734863,14.619999885559082,648900,0.0,0.0
2022-08-08 00:00:00-04:00,15.100000381469727,15.625,14.904999732971191,15.020000457763672,1375400,0.0,0.0
2022-08-09 00:00:00-04:00,15.0,15.15999984741211,14.800000190734863,15.0,412900,0.0,0.0
2022-08-10 00:00:00-04:00,15.25,15.289999961853027,13.6899995803833,14.270000457763672,1094000,0.0,0.0
2022-08-11 00:00:00-04:00,14.609999656677246,15.270000457763672,14.59000015258789,14.880000114440918,1063200,0.0,0.0
2022-08-12 00:00:00-04:00,15.0,15.050000190734863,14.788000106811523,14.869999885559082,542200,0.0,0.0
2022-08-15 00:00:00-04:00,14.800000190734863,15.0,14.6899995803833,15.0,619400,0.0,0.0
2022-08-16 00:00:00-04:00,14.680000305175781,14.710000038146973,13.699999809265137,14.199999809265137,1566900,0.0,0.0
2022-08-17 00:00:00-04:00,14.09000015258789,14.319999694824219,13.010000228881836,13.020000457763672,1022200,0.0,0.0
2022-08-18 00:00:00-04:00,13.550000190734863,14.149999618530273,13.100000381469727,13.850000381469727,930500,0.0,0.0
2022-08-19 00:00:00-04:00,13.600000381469727,14.229999542236328,13.5,14.050000190734863,732500,0.0,0.0
2022-08-22 00:00:00-04:00,13.859999656677246,14.4399995803833,13.619999885559082,14.15999984741211,853100,0.0,0.0
2022-08-23 00:00:00-04:00,14.300000190734863,14.850000381469727,14.130000114440918,14.729999542236328,1150600,0.0,0.0
2022-08-24 00:00:00-04:00,14.960000038146973,15.789999961853027,14.829999923706055,15.319999694824219,3036300,0.0,0.0
2022-08-25 00:00:00-04:00,15.800000190734863,15.819000244140625,14.800000190734863,14.829999923706055,1059000,0.0,0.0
2022-08-26 00:00:00-04:00,15.020000457763672,15.119999885559082,13.720000267028809,13.800000190734863,1604000,0.0,0.0
2022-08-29 00:00:00-04:00,13.699999809265137,14.729999542236328,13.449999809265137,14.569999694824219,1919200,0.0,0.0
2022-08-30 00:00:00-04:00,14.800000190734863,14.800000190734863,12.510000228881836,13.260000228881836,2801700,0.0,0.0
2022-08-31 00:00:00-04:00,13.489999771118164,13.920000076293945,13.210000038146973,13.720000267028809,826200,0.0,0.0
2022-09-01 00:00:00-04:00,13.680000305175781,13.680000305175781,12.65999984741211,12.9399995803833,1277300,0.0,0.0
2022-09-02 00:00:00-04:00,13.0,13.649999618530273,12.85099983215332,13.59000015258789,852100,0.0,0.0
2022-09-06 00:00:00-04:00,13.6899995803833,14.699999809265137,13.600000381469727,14.140000343322754,1744500,0.0,0.0
2022-09-07 00:00:00-04:00,14.140000343322754,14.510000228881836,13.989999771118164,14.130000114440918,641700,0.0,0.0
2022-09-08 00:00:00-04:00,14.130000114440918,14.529999732971191,13.960000038146973,14.5,791300,0.0,0.0
2022-09-09 00:00:00-04:00,14.600000381469727,14.619999885559082,13.760000228881836,13.90999984741211,1006500,0.0,0.0
2022-09-12 00:00:00-04:00,14.069999694824219,14.210000038146973,13.619999885559082,14.010000228881836,778000,0.0,0.0
2022-09-13 00:00:00-04:00,13.739999771118164,14.359999656677246,13.539999961853027,13.5600004196167,983800,0.0,0.0
2022-09-14 00:00:00-04:00,13.774999618530273,14.140000343322754,13.529999732971191,14.010000228881836,640700,0.0,0.0
2022-09-15 00:00:00-04:00,14.0,14.5,13.460000038146973,13.699999809265137,1062700,0.0,0.0
2022-09-16 00:00:00-04:00,13.550000190734863,14.15999984741211,13.5,13.930000305175781,2331600,0.0,0.0
2022-09-19 00:00:00-04:00,13.760000228881836,13.880000114440918,13.5,13.720000267028809,809800,0.0,0.0
2022-09-20 00:00:00-04:00,13.675000190734863,13.760000228881836,13.430000305175781,13.460000038146973,658200,0.0,0.0
2022-09-21 00:00:00-04:00,13.460000038146973,13.6899995803833,13.050000190734863,13.0600004196167,544400,0.0,0.0
2022-09-22 00:00:00-04:00,13.300000190734863,13.510000228881836,13.100000381469727,13.479999542236328,771600,0.0,0.0
2022-09-23 00:00:00-04:00,13.260000228881836,13.260000228881836,12.510000228881836,12.569999694824219,857100,0.0,0.0
2022-09-26 00:00:00-04:00,12.430000305175781,12.630000114440918,11.220000267028809,11.529999732971191,1346500,0.0,0.0
2022-09-27 00:00:00-04:00,11.90999984741211,12.539999961853027,11.84000015258789,12.5,783100,0.0,0.0
2022-09-28 00:00:00-04:00,12.260000228881836,12.645000457763672,12.109999656677246,12.399999618530273,637500,0.0,0.0
2022-09-29 00:00:00-04:00,12.1899995803833,12.420000076293945,11.770000457763672,12.350000381469727,556400,0.0,0.0
2022-09-30 00:00:00-04:00,12.279999732971191,12.375,11.640000343322754,11.680000305175781,494600,0.0,0.0
2022-10-03 00:00:00-04:00,11.779999732971191,12.194999694824219,11.649999618530273,11.720000267028809,538300,0.0,0.0
2022-10-04 00:00:00-04:00,12.079999923706055,12.399999618530273,11.994999885559082,12.180000305175781,946800,0.0,0.0
2022-10-05 00:00:00-04:00,12.050000190734863,12.0600004196167,11.336999893188477,11.609999656677246,745200,0.0,0.0
2022-10-06 00:00:00-04:00,11.609999656677246,11.880000114440918,11.380000114440918,11.510000228881836,575600,0.0,0.0
2022-10-07 00:00:00-04:00,11.399999618530273,11.588000297546387,11.260000228881836,11.4399995803833,546200,0.0,0.0
2022-10-10 00:00:00-04:00,11.5,11.569999694824219,10.90999984741211,10.920000076293945,554600,0.0,0.0
2022-10-11 00:00:00-04:00,10.824999809265137,11.0,10.569999694824219,10.859999656677246,591200,0.0,0.0
2022-10-12 00:00:00-04:00,10.800000190734863,10.850000381469727,10.359999656677246,10.6899995803833,501700,0.0,0.0
2022-10-13 00:00:00-04:00,10.460000038146973,11.279999732971191,10.3100004196167,11.1899995803833,698400,0.0,0.0
2022-10-14 00:00:00-04:00,11.260000228881836,11.260000228881836,11.0,11.039999961853027,515800,0.0,0.0
2022-10-17 00:00:00-04:00,11.239999771118164,11.460000038146973,11.079999923706055,11.100000381469727,435900,0.0,0.0
2022-10-18 00:00:00-04:00,11.329999923706055,11.65999984741211,10.90999984741211,11.649999618530273,907600,0.0,0.0
2022-10-19 00:00:00-04:00,11.649999618530273,11.699000358581543,11.390000343322754,11.520000457763672,747300,0.0,0.0
2022-10-20 00:00:00-04:00,11.399999618530273,11.760000228881836,11.140000343322754,11.239999771118164,655600,0.0,0.0
2022-10-21 00:00:00-04:00,11.199999809265137,12.220000267028809,11.199999809265137,12.100000381469727,930800,0.0,0.0
2022-10-24 00:00:00-04:00,12.045000076293945,12.359999656677246,11.850000381469727,12.210000038146973,860500,0.0,0.0
2022-10-25 00:00:00-04:00,12.199999809265137,12.260000228881836,11.954999923706055,12.0600004196167,522200,0.0,0.0
2022-10-26 00:00:00-04:00,12.15999984741211,12.15999984741211,11.569999694824219,11.569999694824219,678200,0.0,0.0
2022-10-27 00:00:00-04:00,11.8100004196167,11.8100004196167,11.289999961853027,11.65999984741211,595600,0.0,0.0
2022-10-28 00:00:00-04:00,11.84000015258789,11.84000015258789,11.40999984741211,11.489999771118164,497300,0.0,0.0
2022-10-31 00:00:00-04:00,11.5,11.571999549865723,10.989999771118164,11.279999732971191,783800,0.0,0.0
2022-11-01 00:00:00-04:00,11.5,11.609999656677246,11.25,11.300000190734863,535700,0.0,0.0
2022-11-02 00:00:00-04:00,11.300000190734863,11.680000305175781,10.960000038146973,11.390000343322754,560900,0.0,0.0
2022-11-03 00:00:00-04:00,11.390000343322754,11.779999732971191,11.199999809265137,11.270000457763672,414900,0.0,0.0
2022-11-04 00:00:00-04:00,11.329999923706055,11.699999809265137,11.210000038146973,11.649999618530273,652400,0.0,0.0
2022-11-07 00:00:00-05:00,11.729999542236328,11.760000228881836,11.380000114440918,11.539999961853027,592300,0.0,0.0
2022-11-08 00:00:00-05:00,11.600000381469727,11.880000114440918,11.479999542236328,11.630000114440918,400800,0.0,0.0
2022-11-09 00:00:00-05:00,11.489999771118164,11.6899995803833,11.460000038146973,11.489999771118164,458300,0.0,0.0
2022-11-10 00:00:00-05:00,11.710000038146973,11.842000007629395,11.5,11.670000076293945,451300,0.0,0.0
2022-11-11 00:00:00-05:00,11.720000267028809,12.029999732971191,11.619999885559082,11.699999809265137,734800,0.0,0.0
2022-11-14 00:00:00-05:00,11.699999809265137,12.140000343322754,11.300000190734863,12.079999923706055,774900,0.0,0.0
2022-11-15 00:00:00-05:00,11.9399995803833,12.039999961853027,11.399999618530273,11.529999732971191,723400,0.0,0.0
2022-11-16 00:00:00-05:00,11.4399995803833,11.5600004196167,10.979999542236328,11.09000015258789,684000,0.0,0.0
2022-11-17 00:00:00-05:00,10.949999809265137,11.164999961853027,10.699999809265137,11.069999694824219,429100,0.0,0.0
2022-11-18 00:00:00-05:00,11.149999618530273,11.210000038146973,10.8100004196167,11.119999885559082,388000,0.0,0.0
2022-11-21 00:00:00-05:00,11.0600004196167,11.0600004196167,10.649999618530273,10.760000228881836,450000,0.0,0.0
2022-11-22 00:00:00-05:00,10.770000457763672,10.989999771118164,10.569999694824219,10.920000076293945,453600,0.0,0.0
2022-11-23 00:00:00-05:00,10.890000343322754,11.029999732971191,10.670000076293945,11.0,336500,0.0,0.0
2022-11-25 00:00:00-05:00,11.0,11.40999984741211,10.819999694824219,11.220000267028809,358000,0.0,0.0
2022-11-28 00:00:00-05:00,11.039999961853027,11.399999618530273,10.710000038146973,10.770000457763672,565500,0.0,0.0
2022-11-29 00:00:00-05:00,10.819999694824219,10.869999885559082,10.6850004196167,10.800000190734863,453800,0.0,0.0
2022-11-30 00:00:00-05:00,10.8100004196167,10.949999809265137,10.680000305175781,10.899999618530273,703300,0.0,0.0
2022-12-01 00:00:00-05:00,10.899999618530273,11.180000305175781,10.789999961853027,10.899999618530273,616600,0.0,0.0
2022-12-02 00:00:00-05:00,10.770000457763672,11.149999618530273,10.75,11.140000343322754,519800,0.0,0.0
2022-12-05 00:00:00-05:00,11.149999618530273,11.15999984741211,10.65999984741211,10.890000343322754,647000,0.0,0.0
2022-12-06 00:00:00-05:00,10.899999618530273,11.0,10.819999694824219,10.819999694824219,415000,0.0,0.0
2022-12-07 00:00:00-05:00,10.789999961853027,11.039999961853027,10.720000267028809,10.850000381469727,444300,0.0,0.0
2022-12-08 00:00:00-05:00,10.869999885559082,11.069999694824219,10.760000228881836,10.9399995803833,570500,0.0,0.0
2022-12-09 00:00:00-05:00,10.949999809265137,11.130000114440918,10.680000305175781,10.779999732971191,384100,0.0,0.0
2022-12-12 00:00:00-05:00,10.829999923706055,10.920000076293945,10.640000343322754,10.890000343322754,353100,0.0,0.0
2022-12-13 00:00:00-05:00,11.050000190734863,11.239999771118164,10.25,10.34000015258789,906500,0.0,0.0
2022-12-14 00:00:00-05:00,10.359999656677246,10.579999923706055,10.130000114440918,10.510000228881836,1120000,0.0,0.0
2022-12-15 00:00:00-05:00,10.319999694824219,10.550000190734863,10.194999694824219,10.279999732971191,836000,0.0,0.0
2022-12-16 00:00:00-05:00,10.239999771118164,10.239999771118164,9.600000381469727,9.710000038146973,1939500,0.0,0.0
2022-12-19 00:00:00-05:00,9.75,10.1899995803833,9.649999618530273,9.960000038146973,1029900,0.0,0.0
2022-12-20 00:00:00-05:00,9.949999809265137,10.34000015258789,9.925000190734863,10.130000114440918,984200,0.0,0.0
2022-12-21 00:00:00-05:00,10.130000114440918,10.489999771118164,9.970000267028809,10.25,405700,0.0,0.0
2022-12-22 00:00:00-05:00,10.220000267028809,10.222000122070312,10.0,10.039999961853027,475900,0.0,0.0
2022-12-23 00:00:00-05:00,10.050000190734863,10.109999656677246,9.970000267028809,10.109999656677246,245000,0.0,0.0
2022-12-27 00:00:00-05:00,10.0600004196167,10.220000267028809,9.829999923706055,10.210000038146973,400300,0.0,0.0
2022-12-28 00:00:00-05:00,10.229999542236328,10.359999656677246,9.960000038146973,10.100000381469727,252400,0.0,0.0
2022-12-29 00:00:00-05:00,10.100000381469727,10.5,10.079999923706055,10.5,340800,0.0,0.0
2022-12-30 00:00:00-05:00,10.369999885559082,10.529999732971191,10.199999809265137,10.260000228881836,337500,0.0,0.0
2023-01-03 00:00:00-05:00,10.260000228881836,10.390000343322754,10.022000312805176,10.239999771118164,480200,0.0,0.0
2023-01-04 00:00:00-05:00,10.300000190734863,10.614999771118164,10.22599983215332,10.569999694824219,503200,0.0,0.0
2023-01-05 00:00:00-05:00,10.539999961853027,10.539999961853027,10.25,10.430000305175781,336000,0.0,0.0
2023-01-06 00:00:00-05:00,10.449999809265137,10.449999809265137,10.135000228881836,10.270000457763672,477800,0.0,0.0
2023-01-09 00:00:00-05:00,10.420000076293945,10.699999809265137,10.300000190734863,10.5,750800,0.0,0.0
2023-01-10 00:00:00-05:00,10.569999694824219,10.670000076293945,10.295000076293945,10.600000381469727,595700,0.0,0.0
2023-01-11 00:00:00-05:00,10.640000343322754,10.760000228881836,10.555000305175781,10.65999984741211,413000,0.0,0.0
2023-01-12 00:00:00-05:00,10.6899995803833,10.949999809265137,10.579999923706055,10.84000015258789,652300,0.0,0.0
2023-01-13 00:00:00-05:00,10.829999923706055,11.1899995803833,10.789999961853027,10.890000343322754,852700,0.0,0.0
2023-01-17 00:00:00-05:00,11.0,11.1899995803833,10.399999618530273,10.40999984741211,745900,0.0,0.0
2023-01-18 00:00:00-05:00,10.449999809265137,10.880000114440918,10.324999809265137,10.359999656677246,581800,0.0,0.0
2023-01-19 00:00:00-05:00,10.329999923706055,10.699999809265137,10.270000457763672,10.390000343322754,568200,0.0,0.0
2023-01-20 00:00:00-05:00,10.449999809265137,10.550000190734863,10.27299976348877,10.289999961853027,605400,0.0,0.0
2023-01-23 00:00:00-05:00,10.619999885559082,10.824999809265137,10.220999717712402,10.300000190734863,1127600,0.0,0.0
2023-01-24 00:00:00-05:00,11.319999694824219,11.319999694824219,10.220000267028809,10.5,1197600,0.0,0.0
2023-01-25 00:00:00-05:00,10.510000228881836,11.140000343322754,10.399999618530273,10.970000267028809,1894600,0.0,0.0
2023-01-26 00:00:00-05:00,11.180000305175781,11.180000305175781,10.520000457763672,10.680000305175781,1087200,0.0,0.0
2023-01-27 00:00:00-05:00,10.640000343322754,11.079999923706055,10.550000190734863,11.050000190734863,1049100,0.0,0.0
2023-01-30 00:00:00-05:00,11.050000190734863,11.109999656677246,10.609999656677246,10.720000267028809,1324500,0.0,0.0
2023-01-31 00:00:00-05:00,10.789999961853027,10.890000343322754,10.649999618530273,10.65999984741211,3376800,0.0,0.0
2023-02-01 00:00:00-05:00,10.65999984741211,11.180000305175781,10.520000457763672,11.0600004196167,1179800,0.0,0.0
2023-02-02 00:00:00-05:00,11.180000305175781,11.1899995803833,10.760000228881836,10.789999961853027,927800,0.0,0.0
2023-02-03 00:00:00-05:00,10.75,10.800000190734863,10.470000267028809,10.65999984741211,811900,0.0,0.0
2023-02-06 00:00:00-05:00,10.65999984741211,10.880000114440918,10.5600004196167,10.869999885559082,601400,0.0,0.0
2023-02-07 00:00:00-05:00,10.789999961853027,10.789999961853027,10.199999809265137,10.319999694824219,961800,0.0,0.0
2023-02-08 00:00:00-05:00,10.40999984741211,10.430000305175781,10.15999984741211,10.239999771118164,684100,0.0,0.0
2023-02-09 00:00:00-05:00,10.319999694824219,10.53499984741211,10.15999984741211,10.220000267028809,586500,0.0,0.0
2023-02-10 00:00:00-05:00,10.220000267028809,10.75,10.170000076293945,10.699999809265137,626500,0.0,0.0
2023-02-13 00:00:00-05:00,10.779999732971191,10.779999732971191,10.329999923706055,10.569999694824219,525400,0.0,0.0
2023-02-14 00:00:00-05:00,10.470000267028809,10.529999732971191,10.25,10.460000038146973,393800,0.0,0.0
2023-02-15 00:00:00-05:00,10.399999618530273,10.569999694824219,10.3100004196167,10.550000190734863,448500,0.0,0.0
2023-02-16 00:00:00-05:00,10.390000343322754,10.687999725341797,10.289999961853027,10.399999618530273,472000,0.0,0.0
2023-02-17 00:00:00-05:00,10.399999618530273,10.579999923706055,10.270000457763672,10.539999961853027,490000,0.0,0.0
2023-02-21 00:00:00-05:00,10.5,10.5,10.130000114440918,10.270000457763672,688000,0.0,0.0
2023-02-22 00:00:00-05:00,10.300000190734863,10.329999923706055,10.015000343322754,10.25,615400,0.0,0.0
2023-02-23 00:00:00-05:00,10.25,10.380000114440918,10.140000343322754,10.329999923706055,430000,0.0,0.0
2023-02-24 00:00:00-05:00,10.25,10.25,10.0600004196167,10.109999656677246,374800,0.0,0.0
2023-02-27 00:00:00-05:00,10.210000038146973,10.305000305175781,10.140000343322754,10.15999984741211,377700,0.0,0.0
2023-02-28 00:00:00-05:00,10.180000305175781,10.470000267028809,10.130000114440918,10.350000381469727,529200,0.0,0.0
2023-03-01 00:00:00-05:00,10.319999694824219,10.34000015258789,10.135000228881836,10.239999771118164,426400,0.0,0.0
2023-03-02 00:00:00-05:00,10.180000305175781,10.289999961853027,9.850000381469727,10.0,720500,0.0,0.0
2023-03-03 00:00:00-05:00,10.029999732971191,10.300000190734863,9.954999923706055,10.300000190734863,430600,0.0,0.0
2023-03-06 00:00:00-05:00,10.300000190734863,10.399999618530273,10.164999961853027,10.180000305175781,363100,0.0,0.0
2023-03-07 00:00:00-05:00,10.199999809265137,10.34000015258789,10.029999732971191,10.050000190734863,402200,0.0,0.0
2023-03-08 00:00:00-05:00,10.09000015258789,10.119999885559082,9.960000038146973,10.119999885559082,302000,0.0,0.0
2023-03-09 00:00:00-05:00,10.100000381469727,10.149999618530273,9.800000190734863,9.859999656677246,495300,0.0,0.0
2023-03-10 00:00:00-05:00,9.800000190734863,9.850000381469727,9.380000114440918,9.4399995803833,968800,0.0,0.0
2023-03-13 00:00:00-04:00,9.289999961853027,9.6899995803833,9.15999984741211,9.65999984741211,650200,0.0,0.0
2023-03-14 00:00:00-04:00,9.789999961853027,9.84000015258789,9.3100004196167,9.5,686200,0.0,0.0
2023-03-15 00:00:00-04:00,9.369999885559082,9.470000267028809,8.90999984741211,9.0,1053500,0.0,0.0
2023-03-16 00:00:00-04:00,9.050000190734863,9.069999694824219,8.600000381469727,8.800000190734863,858700,0.0,0.0
2023-03-17 00:00:00-04:00,8.779999732971191,8.8100004196167,8.539999961853027,8.760000228881836,1105000,0.0,0.0
2023-03-20 00:00:00-04:00,8.755000114440918,8.960000038146973,8.5600004196167,8.600000381469727,771200,0.0,0.0
2023-03-21 00:00:00-04:00,8.649999618530273,8.960000038146973,8.649999618530273,8.859999656677246,604200,0.0,0.0
2023-03-22 00:00:00-04:00,8.859999656677246,8.949999809265137,8.619999885559082,8.619999885559082,473900,0.0,0.0
2023-03-23 00:00:00-04:00,8.649999618530273,8.875,8.369999885559082,8.470000267028809,616100,0.0,0.0
2023-03-24 00:00:00-04:00,8.4399995803833,8.449999809265137,8.210000038146973,8.329999923706055,524200,0.0,0.0
2023-03-27 00:00:00-04:00,8.399999618530273,8.430000305175781,8.180000305175781,8.329999923706055,489300,0.0,0.0
2023-03-28 00:00:00-04:00,8.350000381469727,8.390000343322754,8.09000015258789,8.220000267028809,676400,0.0,0.0
2023-03-29 00:00:00-04:00,8.289999961853027,8.59000015258789,8.251999855041504,8.529999732971191,379300,0.0,0.0
2023-03-30 00:00:00-04:00,8.649999618530273,8.920000076293945,8.630000114440918,8.829999923706055,565300,0.0,0.0
2023-03-31 00:00:00-04:00,8.899999618530273,9.149999618530273,8.829999923706055,9.09000015258789,464600,0.0,0.0
2023-04-03 00:00:00-04:00,9.15999984741211,9.270000457763672,9.0,9.050000190734863,357200,0.0,0.0
2023-04-04 00:00:00-04:00,9.119999885559082,9.15999984741211,8.569999694824219,8.640000343322754,418800,0.0,0.0
2023-04-05 00:00:00-04:00,8.649999618530273,8.6899995803833,8.425000190734863,8.489999771118164,342200,0.0,0.0
2023-04-06 00:00:00-04:00,8.520000457763672,8.550000190734863,8.239999771118164,8.270000457763672,584000,0.0,0.0
2023-04-10 00:00:00-04:00,8.1899995803833,8.489999771118164,8.1899995803833,8.4399995803833,387300,0.0,0.0
2023-04-11 00:00:00-04:00,8.489999771118164,8.930000305175781,8.460000038146973,8.770000457763672,573100,0.0,0.0
2023-04-12 00:00:00-04:00,8.899999618530273,8.972999572753906,8.760000228881836,8.789999961853027,366600,0.0,0.0
2023-04-13 00:00:00-04:00,8.800000190734863,9.09000015258789,8.779999732971191,8.960000038146973,357500,0.0,0.0
2023-04-14 00:00:00-04:00,8.970000267028809,9.09000015258789,8.859999656677246,8.970000267028809,342100,0.0,0.0
2023-04-17 00:00:00-04:00,9.010000228881836,9.25,8.960000038146973,9.0,479900,0.0,0.0
2023-04-18 00:00:00-04:00,9.010000228881836,9.119999885559082,8.84000015258789,8.9399995803833,337000,0.0,0.0
2023-04-19 00:00:00-04:00,8.84000015258789,8.949999809265137,8.70300006866455,8.850000381469727,250500,0.0,0.0
2023-04-20 00:00:00-04:00,8.829999923706055,8.899999618530273,8.645000457763672,8.779999732971191,329400,0.0,0.0
2023-04-21 00:00:00-04:00,8.760000228881836,8.789999961853027,8.555000305175781,8.720000267028809,357200,0.0,0.0
2023-04-24 00:00:00-04:00,8.75,8.75,8.579999923706055,8.59000015258789,313000,0.0,0.0
2023-04-25 00:00:00-04:00,8.5,8.614999771118164,8.460000038146973,8.470000267028809,263200,0.0,0.0
2023-04-26 00:00:00-04:00,8.510000228881836,8.600000381469727,8.350000381469727,8.489999771118164,318500,0.0,0.0
2023-04-27 00:00:00-04:00,8.569999694824219,8.720000267028809,8.529999732971191,8.680000305175781,348600,0.0,0.0
2023-04-28 00:00:00-04:00,8.649999618530273,9.0,8.625,8.869999885559082,522200,0.0,0.0
2023-05-01 00:00:00-04:00,9.0,9.010000228881836,8.5,8.539999961853027,539200,0.0,0.0
2023-05-02 00:00:00-04:00,8.539999961853027,8.550000190734863,7.90500020980835,8.0600004196167,1074700,0.0,0.0
2023-05-03 00:00:00-04:00,8.140000343322754,8.260000228881836,7.75,7.829999923706055,702200,0.0,0.0
2023-05-04 00:00:00-04:00,7.900000095367432,7.9079999923706055,7.614999771118164,7.690000057220459,557400,0.0,0.0
2023-05-05 00:00:00-04:00,7.809999942779541,8.069999694824219,7.699999809265137,8.0600004196167,594200,0.0,0.0
2023-05-08 00:00:00-04:00,8.220000267028809,8.220000267028809,7.849999904632568,8.010000228881836,716400,0.0,0.0
2023-05-09 00:00:00-04:00,7.949999809265137,8.130000114440918,7.75,8.039999961853027,770300,0.0,0.0
2023-05-10 00:00:00-04:00,8.0,8.039999961853027,7.599999904632568,7.940000057220459,712400,0.0,0.0
2023-05-11 00:00:00-04:00,8.354999542236328,8.479999542236328,8.109999656677246,8.300000190734863,1279200,0.0,0.0
2023-05-12 00:00:00-04:00,8.399999618530273,8.510000228881836,8.180000305175781,8.300000190734863,843600,0.0,0.0
2023-05-15 00:00:00-04:00,8.390000343322754,8.489999771118164,8.130000114440918,8.300000190734863,668600,0.0,0.0
2023-05-16 00:00:00-04:00,8.350000381469727,8.460000038146973,7.869999885559082,7.929999828338623,766400,0.0,0.0
2023-05-17 00:00:00-04:00,7.949999809265137,8.182000160217285,7.800000190734863,8.149999618530273,839500,0.0,0.0
2023-05-18 00:00:00-04:00,8.149999618530273,8.1899995803833,7.760000228881836,7.789999961853027,761700,0.0,0.0
2023-05-19 00:00:00-04:00,7.849999904632568,7.96999979019165,7.670000076293945,7.690000057220459,726800,0.0,0.0
2023-05-22 00:00:00-04:00,8.010000228881836,8.289999961853027,7.820000171661377,8.109999656677246,1953800,0.0,0.0
2023-05-23 00:00:00-04:00,8.15999984741211,8.970000267028809,8.020000457763672,8.710000038146973,2506300,0.0,0.0
2023-05-24 00:00:00-04:00,8.675000190734863,8.675000190734863,7.900000095367432,7.980000019073486,1686700,0.0,0.0
2023-05-25 00:00:00-04:00,8.0,8.09000015258789,7.820000171661377,7.909999847412109,1361100,0.0,0.0
2023-05-26 00:00:00-04:00,7.980000019073486,8.050000190734863,7.730000019073486,7.789999961853027,956600,0.0,0.0
2023-05-30 00:00:00-04:00,7.800000190734863,7.840000152587891,7.320000171661377,7.5,1746400,0.0,0.0
2023-05-31 00:00:00-04:00,7.5,7.579999923706055,7.260000228881836,7.5,1286800,0.0,0.0
2023-06-01 00:00:00-04:00,7.519999980926514,7.710000038146973,7.340000152587891,7.590000152587891,1346400,0.0,0.0
2023-06-02 00:00:00-04:00,7.659999847412109,7.739999771118164,7.550000190734863,7.670000076293945,947000,0.0,0.0
2023-06-05 00:00:00-04:00,7.739999771118164,7.989999771118164,7.614999771118164,7.739999771118164,982300,0.0,0.0
2023-06-06 00:00:00-04:00,7.679999828338623,8.069999694824219,7.639999866485596,7.96999979019165,1100300,0.0,0.0
2023-06-07 00:00:00-04:00,8.0,8.34000015258789,7.920000076293945,8.239999771118164,1311500,0.0,0.0
2023-06-08 00:00:00-04:00,8.289999961853027,8.390000343322754,8.020000457763672,8.210000038146973,1490200,0.0,0.0
2023-06-09 00:00:00-04:00,8.229999542236328,8.229999542236328,7.679999828338623,7.880000114440918,1117000,0.0,0.0
2023-06-12 00:00:00-04:00,7.880000114440918,8.265000343322754,7.880000114440918,8.25,952100,0.0,0.0
2023-06-13 00:00:00-04:00,8.3100004196167,8.710000038146973,8.300000190734863,8.4399995803833,1374400,0.0,0.0
2023-06-14 00:00:00-04:00,8.4399995803833,8.539999961853027,8.119999885559082,8.229999542236328,1306200,0.0,0.0
2023-06-15 00:00:00-04:00,8.220000267028809,8.354999542236328,8.010000228881836,8.109999656677246,1728900,0.0,0.0
2023-06-16 00:00:00-04:00,8.149999618530273,8.23900032043457,7.96999979019165,8.170000076293945,4601900,0.0,0.0
2023-06-20 00:00:00-04:00,8.170000076293945,8.300000190734863,7.699999809265137,7.900000095367432,2069700,0.0,0.0
2023-06-21 00:00:00-04:00,7.889999866485596,8.109999656677246,7.732999801635742,8.079999923706055,1257200,0.0,0.0
2023-06-22 00:00:00-04:00,8.079999923706055,8.079999923706055,7.724999904632568,7.739999771118164,809400,0.0,0.0
2023-06-23 00:00:00-04:00,7.659999847412109,7.659999847412109,7.230000019073486,7.269999980926514,4708000,0.0,0.0
2023-06-26 00:00:00-04:00,7.300000190734863,7.320000171661377,6.690000057220459,6.730000019073486,1743300,0.0,0.0
2023-06-27 00:00:00-04:00,6.78000020980835,6.839000225067139,6.414999961853027,6.590000152587891,2105900,0.0,0.0
2023-06-28 00:00:00-04:00,6.590000152587891,6.78000020980835,6.510000228881836,6.670000076293945,1253100,0.0,0.0
2023-06-29 00:00:00-04:00,6.710000038146973,7.050000190734863,6.650000095367432,6.840000152587891,1074200,0.0,0.0
2023-06-30 00:00:00-04:00,6.900000095367432,6.952000141143799,6.769999980926514,6.800000190734863,986800,0.0,0.0
2023-07-03 00:00:00-04:00,6.860000133514404,7.099999904632568,6.860000133514404,7.070000171661377,599200,0.0,0.0
2023-07-05 00:00:00-04:00,7.039999961853027,7.090000152587891,6.860000133514404,6.909999847412109,684500,0.0,0.0
2023-07-06 00:00:00-04:00,6.800000190734863,6.809999942779541,6.46999979019165,6.670000076293945,1052100,0.0,0.0
2023-07-07 00:00:00-04:00,6.71999979019165,7.420000076293945,6.710000038146973,7.260000228881836,1887000,0.0,0.0
2023-07-10 00:00:00-04:00,7.289999961853027,7.679999828338623,7.260000228881836,7.489999771118164,1376400,0.0,0.0
2023-07-11 00:00:00-04:00,7.579999923706055,7.945000171661377,7.519999980926514,7.880000114440918,1271000,0.0,0.0
2023-07-12 00:00:00-04:00,8.029999732971191,8.050000190734863,7.610000133514404,7.630000114440918,1284200,0.0,0.0
2023-07-13 00:00:00-04:00,7.769999980926514,7.888999938964844,7.650000095367432,7.869999885559082,959300,0.0,0.0
2023-07-14 00:00:00-04:00,7.900000095367432,7.939000129699707,7.630000114440918,7.650000095367432,628400,0.0,0.0
2023-07-17 00:00:00-04:00,7.639999866485596,7.849999904632568,7.570000171661377,7.840000152587891,706000,0.0,0.0
2023-07-18 00:00:00-04:00,7.840000152587891,8.050000190734863,7.789999961853027,7.849999904632568,848800,0.0,0.0
2023-07-19 00:00:00-04:00,7.920000076293945,8.020000457763672,7.683000087738037,7.699999809265137,814200,0.0,0.0
2023-07-20 00:00:00-04:00,7.659999847412109,7.816999912261963,7.400000095367432,7.489999771118164,1227700,0.0,0.0
2023-07-21 00:00:00-04:00,7.559999942779541,7.598999977111816,7.400000095367432,7.440000057220459,474500,0.0,0.0
2023-07-24 00:00:00-04:00,7.489999771118164,7.710000038146973,7.349999904632568,7.360000133514404,551500,0.0,0.0
2023-07-25 00:00:00-04:00,7.409999847412109,7.519999980926514,7.340000152587891,7.489999771118164,736800,0.0,0.0
2023-07-26 00:00:00-04:00,7.489999771118164,7.730000019073486,7.364999771118164,7.400000095367432,780000,0.0,0.0
2023-07-27 00:00:00-04:00,7.440000057220459,7.480000019073486,6.804999828338623,6.849999904632568,1161700,0.0,0.0
2023-07-28 00:00:00-04:00,7.0,7.079999923706055,6.869999885559082,7.050000190734863,826000,0.0,0.0
2023-07-31 00:00:00-04:00,7.150000095367432,7.829999923706055,7.139999866485596,7.579999923706055,3117700,0.0,0.0
2023-08-01 00:00:00-04:00,7.550000190734863,7.730000019073486,7.380000114440918,7.5,1179100,0.0,0.0
2023-08-02 00:00:00-04:00,7.449999809265137,7.46999979019165,7.15500020980835,7.269999980926514,821200,0.0,0.0
2023-08-03 00:00:00-04:00,7.199999809265137,7.329999923706055,7.074999809265137,7.099999904632568,625800,0.0,0.0
2023-08-04 00:00:00-04:00,7.190000057220459,7.485000133514404,7.190000057220459,7.389999866485596,841300,0.0,0.0
2023-08-07 00:00:00-04:00,7.400000095367432,7.400000095367432,7.010000228881836,7.050000190734863,952100,0.0,0.0
2023-08-08 00:00:00-04:00,7.0,7.039999961853027,6.769999980926514,6.909999847412109,1380400,0.0,0.0
2023-08-09 00:00:00-04:00,6.920000076293945,6.980000019073486,6.760000228881836,6.920000076293945,986800,0.0,0.0
2023-08-10 00:00:00-04:00,6.860000133514404,7.940000057220459,6.849999904632568,7.070000171661377,2139900,0.0,0.0
2023-08-11 00:00:00-04:00,7.139999866485596,7.25,6.900000095367432,7.199999809265137,816900,0.0,0.0
2023-08-14 00:00:00-04:00,7.099999904632568,7.179999828338623,6.849999904632568,7.139999866485596,946700,0.0,0.0
2023-08-15 00:00:00-04:00,7.019999980926514,7.110000133514404,6.869999885559082,6.989999771118164,1068100,0.0,0.0
2023-08-16 00:00:00-04:00,6.949999809265137,7.320000171661377,6.869999885559082,6.980000019073486,1093400,0.0,0.0
2023-08-17 00:00:00-04:00,7.0,7.03000020980835,6.710000038146973,6.710000038146973,1273700,0.0,0.0
2023-08-18 00:00:00-04:00,6.599999904632568,6.769999980926514,6.519999980926514,6.670000076293945,963000,0.0,0.0
2023-08-21 00:00:00-04:00,6.679999828338623,6.894999980926514,6.53000020980835,6.53000020980835,883700,0.0,0.0
2023-08-22 00:00:00-04:00,6.539999961853027,6.610000133514404,6.230000019073486,6.230000019073486,1449500,0.0,0.0
2023-08-23 00:00:00-04:00,6.199999809265137,6.320000171661377,6.090000152587891,6.099999904632568,1040400,0.0,0.0
2023-08-24 00:00:00-04:00,6.079999923706055,6.079999923706055,5.800000190734863,5.820000171661377,1665000,0.0,0.0
2023-08-25 00:00:00-04:00,5.860000133514404,6.0,5.75,5.849999904632568,847300,0.0,0.0
2023-08-28 00:00:00-04:00,5.929999828338623,6.110000133514404,5.900000095367432,6.019999980926514,911100,0.0,0.0
2023-08-29 00:00:00-04:00,6.0,6.079999923706055,5.739999771118164,6.0,1084300,0.0,0.0
2023-08-30 00:00:00-04:00,6.0,6.210000038146973,5.860000133514404,6.010000228881836,1111600,0.0,0.0
2023-08-31 00:00:00-04:00,6.050000190734863,6.239999771118164,5.96999979019165,5.96999979019165,866500,0.0,0.0
2023-09-01 00:00:00-04:00,6.070000171661377,6.360000133514404,6.03000020980835,6.260000228881836,1250100,0.0,0.0
2023-09-05 00:00:00-04:00,6.320000171661377,6.34499979019165,6.150000095367432,6.199999809265137,1131800,0.0,0.0
2023-09-06 00:00:00-04:00,6.179999828338623,6.230000019073486,5.835000038146973,5.849999904632568,868800,0.0,0.0
2023-09-07 00:00:00-04:00,5.880000114440918,6.014999866485596,5.699999809265137,5.920000076293945,1279700,0.0,0.0
2023-09-08 00:00:00-04:00,5.940000057220459,5.989999771118164,5.849999904632568,5.920000076293945,778500,0.0,0.0
2023-09-11 00:00:00-04:00,5.960000038146973,6.070000171661377,5.909999847412109,5.920000076293945,1053400,0.0,0.0
2023-09-12 00:00:00-04:00,5.920000076293945,6.179999828338623,5.909999847412109,6.179999828338623,1092700,0.0,0.0
2023-09-13 00:00:00-04:00,6.199999809265137,6.5,6.130000114440918,6.360000133514404,1900900,0.0,0.0
2023-09-14 00:00:00-04:00,6.429999828338623,6.710000038146973,6.130000114440918,6.159999847412109,1708200,0.0,0.0
2023-09-15 00:00:00-04:00,6.159999847412109,6.210000038146973,5.96999979019165,6.0,1813000,0.0,0.0
2023-09-18 00:00:00-04:00,6.019999980926514,6.019999980926514,5.5,5.510000228881836,1941000,0.0,0.0
2023-09-19 00:00:00-04:00,5.53000020980835,5.784999847412109,5.429999828338623,5.670000076293945,1234500,0.0,0.0
2023-09-20 00:00:00-04:00,5.670000076293945,5.784999847412109,5.510000228881836,5.539999961853027,1051600,0.0,0.0
2023-09-21 00:00:00-04:00,5.460000038146973,5.510000228881836,5.300000190734863,5.309999942779541,1083400,0.0,0.0
2023-09-22 00:00:00-04:00,5.329999923706055,5.389999866485596,5.21999979019165,5.239999771118164,1048100,0.0,0.0
2023-09-25 00:00:00-04:00,5.239999771118164,5.409999847412109,5.03000020980835,5.170000076293945,1736600,0.0,0.0
2023-09-26 00:00:00-04:00,5.090000152587891,5.324999809265137,5.059999942779541,5.070000171661377,912000,0.0,0.0
2023-09-27 00:00:00-04:00,5.119999885559082,5.329999923706055,5.1020002365112305,5.139999866485596,946400,0.0,0.0
2023-09-28 00:00:00-04:00,5.139999866485596,5.150000095367432,5.005000114440918,5.059999942779541,712000,0.0,0.0
2023-09-29 00:00:00-04:00,5.099999904632568,5.170000076293945,4.880000114440918,4.900000095367432,983200,0.0,0.0
2023-10-02 00:00:00-04:00,4.900000095367432,4.900000095367432,4.480000019073486,4.510000228881836,1574200,0.0,0.0
2023-10-03 00:00:00-04:00,4.480000019073486,5.019999980926514,4.46999979019165,4.960000038146973,2158100,0.0,0.0
2023-10-04 00:00:00-04:00,4.960000038146973,5.0,4.650000095367432,4.679999828338623,1321300,0.0,0.0
2023-10-05 00:00:00-04:00,4.650000095367432,4.724999904632568,4.554999828338623,4.679999828338623,1124600,0.0,0.0
2023-10-06 00:00:00-04:00,4.960000038146973,5.840000152587891,4.90500020980835,5.75,14017200,0.0,0.0
2023-10-09 00:00:00-04:00,5.659999847412109,5.739999771118164,5.300000190734863,5.420000076293945,3242400,0.0,0.0
2023-10-10 00:00:00-04:00,5.429999828338623,5.789999961853027,5.409999847412109,5.710000038146973,2523300,0.0,0.0
2023-10-11 00:00:00-04:00,5.800000190734863,5.820000171661377,5.480000019073486,5.739999771118164,1223100,0.0,0.0
2023-10-12 00:00:00-04:00,5.75,5.760000228881836,5.349999904632568,5.480000019073486,1161300,0.0,0.0
2023-10-13 00:00:00-04:00,5.539999961853027,5.860000133514404,5.480000019073486,5.78000020980835,1932600,0.0,0.0
2023-10-16 00:00:00-04:00,5.800000190734863,5.9079999923706055,5.670000076293945,5.880000114440918,1175900,0.0,0.0
2023-10-17 00:00:00-04:00,5.829999923706055,5.860000133514404,5.539999961853027,5.610000133514404,1462400,0.0,0.0
2023-10-18 00:00:00-04:00,5.559999942779541,5.559999942779541,5.0,5.039999961853027,1763400,0.0,0.0
2023-10-19 00:00:00-04:00,5.070000171661377,5.159999847412109,4.380000114440918,4.460000038146973,4460600,0.0,0.0
2023-10-20 00:00:00-04:00,4.46999979019165,4.46999979019165,3.7899999618530273,3.799999952316284,5705400,0.0,0.0
2023-10-23 00:00:00-04:00,3.75,3.8299999237060547,3.424999952316284,3.450000047683716,2693000,0.0,0.0
2023-10-24 00:00:00-04:00,3.5,3.875,3.5,3.6700000762939453,2966900,0.0,0.0
2023-10-25 00:00:00-04:00,3.6700000762939453,3.700000047683716,3.490000009536743,3.5,1622800,0.0,0.0
2023-10-26 00:00:00-04:00,3.5250000953674316,3.630000114440918,3.434999942779541,3.5399999618530273,1461900,0.0,0.0
2023-10-27 00:00:00-04:00,3.5399999618530273,3.549999952316284,3.184999942779541,3.200000047683716,1951700,0.0,0.0
2023-10-30 00:00:00-04:00,3.2699999809265137,3.3499999046325684,3.069999933242798,3.069999933242798,1319100,0.0,0.0
2023-10-31 00:00:00-04:00,3.0799999237060547,3.4700000286102295,3.059999942779541,3.380000114440918,2417500,0.0,0.0
2023-11-01 00:00:00-04:00,3.3499999046325684,3.359999895095825,3.009999990463257,3.109999895095825,2495400,0.0,0.0
2023-11-02 00:00:00-04:00,3.2200000286102295,3.490000009536743,3.2200000286102295,3.4800000190734863,1703600,0.0,0.0
2023-11-03 00:00:00-04:00,3.5999999046325684,3.6500000953674316,3.369999885559082,3.450000047683716,2033800,0.0,0.0
2023-11-06 00:00:00-05:00,3.5299999713897705,3.5399999618530273,3.0799999237060547,3.259999990463257,2334000,0.0,0.0
2023-11-07 00:00:00-05:00,3.2699999809265137,3.309999942779541,3.140000104904175,3.2100000381469727,1229900,0.0,0.0
2023-11-08 00:00:00-05:00,3.259999990463257,3.259999990463257,3.069999933242798,3.0999999046325684,2405000,0.0,0.0
2023-11-09 00:00:00-05:00,2.1600000858306885,2.180000066757202,1.809999942779541,2.0799999237060547,7414200,0.0,0.0
2023-11-10 00:00:00-05:00,2.180000066757202,2.180000066757202,1.8200000524520874,2.0899999141693115,4330300,0.0,0.0
2023-11-13 00:00:00-05:00,2.069999933242798,2.309999942779541,2.0,2.309999942779541,3673100,0.0,0.0
2023-11-14 00:00:00-05:00,2.4100000858306885,2.4700000286102295,2.200000047683716,2.450000047683716,3579600,0.0,0.0
2023-11-15 00:00:00-05:00,2.5299999713897705,2.7950000762939453,2.509999990463257,2.680000066757202,3197100,0.0,0.0
2023-11-16 00:00:00-05:00,2.759999990463257,2.7899999618530273,2.2899999618530273,2.309999942779541,3212700,0.0,0.0
2023-11-17 00:00:00-05:00,2.380000114440918,2.509999990463257,2.259999990463257,2.5,2246300,0.0,0.0
2023-11-20 00:00:00-05:00,2.700000047683716,2.7100000381469727,2.5199999809265137,2.559999942779541,2263200,0.0,0.0
2023-11-21 00:00:00-05:00,2.5899999141693115,2.5899999141693115,2.4000000953674316,2.4800000190734863,1884200,0.0,0.0
2023-11-22 00:00:00-05:00,2.509999990463257,2.5999999046325684,2.4700000286102295,2.569999933242798,1258900,0.0,0.0
2023-11-24 00:00:00-05:00,2.5799999237060547,2.869999885559082,2.569999933242798,2.8299999237060547,1376800,0.0,0.0
2023-11-27 00:00:00-05:00,2.859999895095825,2.930000066757202,2.740000009536743,2.7899999618530273,1474700,0.0,0.0
2023-11-28 00:00:00-05:00,2.740000009536743,2.759999990463257,2.5899999141693115,2.6700000762939453,1321000,0.0,0.0
2023-11-29 00:00:00-05:00,2.740000009536743,2.8399999141693115,2.7300000190734863,2.759999990463257,1367100,0.0,0.0
2023-11-30 00:00:00-05:00,2.8299999237060547,2.8399999141693115,2.690000057220459,2.7699999809265137,1446300,0.0,0.0
2023-12-01 00:00:00-05:00,2.7799999713897705,3.1700000762939453,2.690000057220459,3.0399999618530273,1950600,0.0,0.0
2023-12-04 00:00:00-05:00,3.069999933242798,3.2100000381469727,3.055000066757202,3.1500000953674316,1881200,0.0,0.0
2023-12-05 00:00:00-05:00,3.200000047683716,3.2190001010894775,3.0199999809265137,3.0799999237060547,1271900,0.0,0.0
2023-12-06 00:00:00-05:00,3.140000104904175,3.2899999618530273,3.0950000286102295,3.109999895095825,1955400,0.0,0.0
2023-12-07 00:00:00-05:00,3.1500000953674316,3.1500000953674316,2.9749999046325684,3.140000104904175,1196500,0.0,0.0
2023-12-08 00:00:00-05:00,3.1700000762939453,3.4800000190734863,3.130000114440918,3.2300000190734863,1945800,0.0,0.0
2023-12-11 00:00:00-05:00,3.240000009536743,3.240000009536743,3.065000057220459,3.0899999141693115,1166300,0.0,0.0
2023-12-12 00:00:00-05:00,3.119999885559082,3.1500000953674316,2.809999942779541,2.8399999141693115,2225100,0.0,0.0
2023-12-13 00:00:00-05:00,2.880000114440918,3.190000057220459,2.8399999141693115,3.190000057220459,1644000,0.0,0.0
2023-12-14 00:00:00-05:00,3.380000114440918,3.740000009536743,3.375,3.4800000190734863,3138500,0.0,0.0
2023-12-15 00:00:00-05:00,3.690000057220459,3.759999990463257,3.5,3.5399999618530273,2009900,0.0,0.0
2023-12-18 00:00:00-05:00,3.559999942779541,3.6500000953674316,3.369999885559082,3.4000000953674316,1805100,0.0,0.0
2023-12-19 00:00:00-05:00,3.4100000858306885,3.6649999618530273,3.4100000858306885,3.5999999046325684,1625400,0.0,0.0
2023-12-20 00:00:00-05:00,3.5899999141693115,3.5999999046325684,3.2799999713897705,3.2899999618530273,1667400,0.0,0.0
2023-12-21 00:00:00-05:00,3.369999885559082,3.450000047683716,3.180000066757202,3.2799999713897705,1548700,0.0,0.0
2023-12-22 00:00:00-05:00,3.299999952316284,3.450000047683716,3.2699999809265137,3.2799999713897705,1353500,0.0,0.0
2023-12-26 00:00:00-05:00,3.2799999713897705,3.444999933242798,3.259999990463257,3.369999885559082,1401600,0.0,0.0
2023-12-27 00:00:00-05:00,3.390000104904175,3.5,3.3550000190734863,3.4000000953674316,1204100,0.0,0.0
2023-12-28 00:00:00-05:00,3.430000066757202,3.430999994277954,3.2699999809265137,3.359999895095825,1654300,0.0,0.0
2023-12-29 00:00:00-05:00,3.3399999141693115,3.3499999046325684,3.200000047683716,3.2899999618530273,1771400,0.0,0.0
2024-01-02 00:00:00-05:00,3.240000009536743,3.4200000762939453,3.140000104904175,3.140000104904175,1424300,0.0,0.0
2024-01-03 00:00:00-05:00,3.0399999618530273,3.069999933242798,2.869999885559082,2.880000114440918,2455600,0.0,0.0
2024-01-04 00:00:00-05:00,2.9000000953674316,2.940000057220459,2.7850000858306885,2.859999895095825,1644700,0.0,0.0
2024-01-05 00:00:00-05:00,2.8499999046325684,2.890000104904175,2.5850000381469727,2.619999885559082,2302000,0.0,0.0
2024-01-08 00:00:00-05:00,2.6700000762939453,2.6700000762939453,2.4800000190734863,2.5799999237060547,2342500,0.0,0.0
2024-01-09 00:00:00-05:00,2.509999990463257,2.549999952316284,2.384999990463257,2.4700000286102295,2483800,0.0,0.0
2024-01-10 00:00:00-05:00,2.4600000381469727,2.630000114440918,2.440000057220459,2.5299999713897705,2522000,0.0,0.0
2024-01-11 00:00:00-05:00,2.559999942779541,2.5999999046325684,2.3299999237060547,2.3399999141693115,2511400,0.0,0.0
2024-01-12 00:00:00-05:00,2.4000000953674316,2.5,2.3399999141693115,2.3499999046325684,1966300,0.0,0.0
2024-01-16 00:00:00-05:00,2.3499999046325684,2.365000009536743,2.109999895095825,2.1700000762939453,2122800,0.0,0.0
2024-01-17 00:00:00-05:00,2.1700000762939453,2.1700000762939453,2.009999990463257,2.0399999618530273,1331600,0.0,0.0
2024-01-18 00:00:00-05:00,2.069999933242798,2.069999933242798,1.8799999952316284,1.9199999570846558,2863800,0.0,0.0
2024-01-19 00:00:00-05:00,1.9900000095367432,2.0199999809265137,1.9199999570846558,1.9900000095367432,1906500,0.0,0.0
2024-01-22 00:00:00-05:00,2.0299999713897705,2.190000057220459,2.009999990463257,2.180000066757202,1687000,0.0,0.0
2024-01-23 00:00:00-05:00,2.2300000190734863,2.390000104904175,2.2300000190734863,2.3399999141693115,1891700,0.0,0.0
2024-01-24 00:00:00-05:00,2.5,2.509999990463257,2.25,2.2699999809265137,1879000,0.0,0.0
2024-01-25 00:00:00-05:00,2.390000104904175,2.5299999713897705,2.390000104904175,2.5199999809265137,1688900,0.0,0.0
2024-01-26 00:00:00-05:00,2.559999942779541,2.7799999713897705,2.5199999809265137,2.75,2931500,0.0,0.0
2024-01-29 00:00:00-05:00,2.819999933242798,3.0,2.680000066757202,2.9800000190734863,2921200,0.0,0.0
2024-01-30 00:00:00-05:00,2.950000047683716,3.065000057220459,2.8299999237060547,2.930000066757202,1832700,0.0,0.0
2024-01-31 00:00:00-05:00,2.9200000762939453,3.2200000286102295,2.859999895095825,2.890000104904175,2780200,0.0,0.0
2024-02-01 00:00:00-05:00,3.049999952316284,3.140000104904175,2.809000015258789,3.0799999237060547,1862100,0.0,0.0
2024-02-02 00:00:00-05:00,3.0199999809265137,3.190000057220459,2.9779999256134033,3.1500000953674316,1429800,0.0,0.0
2024-02-05 00:00:00-05:00,3.109999895095825,3.130000114440918,2.890000104904175,2.950000047683716,1411100,0.0,0.0
2024-02-06 00:00:00-05:00,2.940000057220459,3.0250000953674316,2.8499999046325684,2.8499999046325684,1380300,0.0,0.0
2024-02-07 00:00:00-05:00,2.8399999141693115,2.859999895095825,2.4549999237060547,2.7300000190734863,2454800,0.0,0.0
2024-02-08 00:00:00-05:00,2.6700000762939453,2.880000114440918,2.619999885559082,2.7200000286102295,1419900,0.0,0.0
2024-02-09 00:00:00-05:00,2.7100000381469727,2.799999952316284,2.630000114440918,2.700000047683716,1265000,0.0,0.0
2024-02-12 00:00:00-05:00,2.680000066757202,2.880000114440918,2.619999885559082,2.859999895095825,1741900,0.0,0.0
2024-02-13 00:00:00-05:00,2.859999895095825,2.869999885559082,2.5510001182556152,2.5899999141693115,1536700,0.0,0.0
2024-02-14 00:00:00-05:00,2.680000066757202,2.8399999141693115,2.5810000896453857,2.799999952316284,1071300,0.0,0.0
2024-02-15 00:00:00-05:00,2.8299999237060547,2.9000000953674316,2.744999885559082,2.8499999046325684,1318000,0.0,0.0
2024-02-16 00:00:00-05:00,2.859999895095825,2.859999895095825,2.6500000953674316,2.690000057220459,1841400,0.0,0.0
2024-02-20 00:00:00-05:00,2.75,2.8550000190734863,2.5999999046325684,2.6600000858306885,1601700,0.0,0.0
2024-02-21 00:00:00-05:00,2.6500000953674316,2.7149999141693115,2.569999933242798,2.619999885559082,707100,0.0,0.0
2024-02-22 00:00:00-05:00,2.6700000762939453,2.680000066757202,2.4700000286102295,2.5299999713897705,1287500,0.0,0.0
2024-02-23 00:00:00-05:00,2.5399999618530273,2.700000047683716,2.490000009536743,2.5999999046325684,950600,0.0,0.0
2024-02-26 00:00:00-05:00,2.609999895095825,2.7300000190734863,2.559999942779541,2.7300000190734863,1067000,0.0,0.0
2024-02-27 00:00:00-05:00,2.7699999809265137,3.1449999809265137,2.740000009536743,3.119999885559082,2662200,0.0,0.0
2024-02-28 00:00:00-05:00,3.0899999141693115,3.2200000286102295,2.9600000381469727,3.200000047683716,2023100,0.0,0.0
2024-02-29 00:00:00-05:00,3.259999990463257,3.319999933242798,3.049999952316284,3.0999999046325684,2288200,0.0,0.0
2024-03-01 00:00:00-05:00,3.119999885559082,3.5250000953674316,2.9600000381469727,3.450000047683716,2210900,0.0,0.0
2024-03-04 00:00:00-05:00,4.099999904632568,4.239999771118164,3.549999952316284,3.9000000953674316,5962300,0.0,0.0
2024-03-05 00:00:00-05:00,4.150000095367432,4.670000076293945,3.9000000953674316,4.480000019073486,7108200,0.0,0.0
2024-03-06 00:00:00-05:00,4.889999866485596,4.889999866485596,4.175000190734863,4.21999979019165,4808300,0.0,0.0
2024-03-07 00:00:00-05:00,4.284999847412109,4.5,4.199999809265137,4.460000038146973,2221900,0.0,0.0
2024-03-08 00:00:00-05:00,4.679999828338623,5.730000019073486,4.650000095367432,5.489999771118164,7380500,0.0,0.0
2024-03-11 00:00:00-04:00,6.099999904632568,6.534999847412109,5.300000190734863,5.480000019073486,8678300,0.0,0.0
2024-03-12 00:00:00-04:00,5.53000020980835,6.34499979019165,5.510000228881836,6.269999980926514,4323800,0.0,0.0
2024-03-13 00:00:00-04:00,6.670000076293945,7.28000020980835,6.426000118255615,7.079999923706055,8079900,0.0,0.0
2024-03-14 00:00:00-04:00,7.699999809265137,7.710000038146973,5.300000190734863,7.239999771118164,9205400,0.0,0.0
2024-03-15 00:00:00-04:00,6.340000152587891,8.15999984741211,6.099999904632568,7.849999904632568,8747600,0.0,0.0
2024-03-18 00:00:00-04:00,8.680000305175781,11.210000038146973,8.670000076293945,10.100000381469727,19603400,0.0,0.0
2024-03-19 00:00:00-04:00,8.729999542236328,8.739999771118164,6.349999904632568,6.579999923706055,15098800,0.0,0.0
2024-03-20 00:00:00-04:00,6.489999771118164,6.489999771118164,4.659999847412109,4.880000114440918,18256100,0.0,0.0
2024-03-21 00:00:00-04:00,5.0,5.40500020980835,4.510000228881836,4.570000171661377,10160700,0.0,0.0
2024-03-22 00:00:00-04:00,4.599999904632568,4.619999885559082,4.170000076293945,4.25,6243100,0.0,0.0
2024-03-25 00:00:00-04:00,4.309999942779541,4.579999923706055,4.039999961853027,4.070000171661377,6409900,0.0,0.0
2024-03-26 00:00:00-04:00,4.039999961853027,4.380000114440918,3.7899999618530273,4.159999847412109,6105500,0.0,0.0
2024-03-27 00:00:00-04:00,4.53000020980835,5.789999961853027,4.429999828338623,5.75,16605900,0.0,0.0
2024-03-28 00:00:00-04:00,5.760000228881836,5.800000190734863,4.949999809265137,5.309999942779541,10421600,0.0,0.0
2024-04-01 00:00:00-04:00,5.809999942779541,6.440000057220459,5.150000095367432,5.239999771118164,10859400,0.0,0.0
2024-04-02 00:00:00-04:00,5.059999942779541,5.809999942779541,4.909999847412109,5.71999979019165,6468100,0.0,0.0
2024-04-03 00:00:00-04:00,5.659999847412109,6.440000057220459,5.309999942779541,6.440000057220459,7072200,0.0,0.0
2024-04-04 00:00:00-04:00,6.289999961853027,7.369999885559082,6.039999961853027,6.159999847412109,12303600,0.0,0.0
2024-04-05 00:00:00-04:00,6.380000114440918,6.635000228881836,5.989999771118164,6.099999904632568,5530200,0.0,0.0
2024-04-08 00:00:00-04:00,6.25,6.800000190734863,5.650000095367432,5.940000057220459,6877300,0.0,0.0
2024-04-09 00:00:00-04:00,5.840000152587891,5.9120001792907715,5.489999771118164,5.610000133514404,4002200,0.0,0.0
2024-04-10 00:00:00-04:00,5.360000133514404,5.550000190734863,5.170000076293945,5.420000076293945,3478900,0.0,0.0
2024-04-11 00:00:00-04:00,5.53000020980835,5.639999866485596,5.139999866485596,5.320000171661377,3073800,0.0,0.0
2024-04-12 00:00:00-04:00,5.260000228881836,5.730000019073486,5.210000038146973,5.269999980926514,2869200,0.0,0.0
2024-04-15 00:00:00-04:00,5.309999942779541,5.429999828338623,4.789999961853027,4.849999904632568,4084500,0.0,0.0
2024-04-16 00:00:00-04:00,4.699999809265137,5.090000152587891,4.690000057220459,4.96999979019165,2869900,0.0,0.0
2024-04-17 00:00:00-04:00,5.099999904632568,5.25,4.920000076293945,4.929999828338623,1930300,0.0,0.0
2024-04-18 00:00:00-04:00,5.039999961853027,5.110000133514404,4.840000152587891,4.889999866485596,1836400,0.0,0.0
2024-04-19 00:00:00-04:00,4.860000133514404,5.090000152587891,4.78000020980835,4.849999904632568,2171100,0.0,0.0
2024-04-22 00:00:00-04:00,4.860000133514404,5.03000020980835,4.610000133514404,4.929999828338623,2325400,0.0,0.0
2024-04-23 00:00:00-04:00,4.960000038146973,5.550000190734863,4.900000095367432,5.480000019073486,3948200,0.0,0.0
2024-04-24 00:00:00-04:00,5.579999923706055,5.630000114440918,5.28000020980835,5.5,2908800,0.0,0.0
2024-04-25 00:00:00-04:00,5.300000190734863,5.889999866485596,5.300000190734863,5.889999866485596,2529500,0.0,0.0
2024-04-26 00:00:00-04:00,5.860000133514404,6.364999771118164,5.829999923706055,6.059999942779541,3685100,0.0,0.0
2024-04-29 00:00:00-04:00,6.03000020980835,6.21999979019165,5.880000114440918,6.079999923706055,2248600,0.0,0.0
2024-04-30 00:00:00-04:00,6.050000190734863,6.235000133514404,5.715000152587891,5.800000190734863,2526000,0.0,0.0
2024-05-01 00:00:00-04:00,5.75,5.949999809265137,5.579999923706055,5.730000019073486,1907100,0.0,0.0
2024-05-02 00:00:00-04:00,5.820000171661377,6.110000133514404,5.75,6.03000020980835,2127200,0.0,0.0
2024-05-03 00:00:00-04:00,6.130000114440918,6.300000190734863,5.880000114440918,6.159999847412109,2194800,0.0,0.0
2024-05-06 00:00:00-04:00,6.329999923706055,6.349999904632568,5.829999923706055,5.829999923706055,2227100,0.0,0.0
2024-05-07 00:00:00-04:00,5.840000152587891,5.989999771118164,5.539999961853027,5.659999847412109,2012700,0.0,0.0
2024-05-08 00:00:00-04:00,5.579999923706055,5.860000133514404,5.5,5.849999904632568,1406000,0.0,0.0
2024-05-09 00:00:00-04:00,5.840000152587891,5.980000019073486,5.579999923706055,5.860000133514404,2284700,0.0,0.0
2024-05-10 00:00:00-04:00,5.909999847412109,6.78000020980835,5.824999809265137,6.28000020980835,7501200,0.0,0.0
2024-05-13 00:00:00-04:00,6.460000038146973,6.954999923706055,6.03000020980835,6.380000114440918,6367700,0.0,0.0
2024-05-14 00:00:00-04:00,6.440000057220459,7.590000152587891,6.440000057220459,7.349999904632568,10028500,0.0,0.0
2024-05-15 00:00:00-04:00,7.679999828338623,7.809999942779541,6.869999885559082,7.010000228881836,3980000,0.0,0.0
2024-05-16 00:00:00-04:00,7.230000019073486,7.249000072479248,5.860000133514404,6.090000152587891,7261700,0.0,0.0
2024-05-17 00:00:00-04:00,6.269999980926514,6.949999809265137,6.050000190734863,6.309999942779541,4948400,0.0,0.0
2024-05-20 00:00:00-04:00,6.369999885559082,7.635000228881836,6.369999885559082,7.25,7371400,0.0,0.0
2024-05-21 00:00:00-04:00,7.144999980926514,7.53000020980835,6.829999923706055,7.400000095367432,3400400,0.0,0.0
2024-05-22 00:00:00-04:00,7.400000095367432,7.849999904632568,7.11299991607666,7.329999923706055,4749500,0.0,0.0
2024-05-23 00:00:00-04:00,7.53000020980835,7.570000171661377,6.630000114440918,6.670000076293945,4097900,0.0,0.0
2024-05-24 00:00:00-04:00,6.860000133514404,7.789999961853027,6.679999828338623,7.78000020980835,5349200,0.0,0.0
2024-05-28 00:00:00-04:00,8.8100004196167,9.59000015258789,8.109999656677246,9.479999542236328,18035700,0.0,0.0
2024-05-29 00:00:00-04:00,8.800000190734863,9.239999771118164,8.5,8.869999885559082,7028500,0.0,0.0
2024-05-30 00:00:00-04:00,9.029999732971191,9.279999732971191,8.274999618530273,8.710000038146973,4469600,0.0,0.0
2024-05-31 00:00:00-04:00,9.0600004196167,9.628999710083008,8.039999961853027,8.729999542236328,6980000,0.0,0.0
2024-06-03 00:00:00-04:00,8.770000457763672,9.4399995803833,7.559999942779541,7.630000114440918,9213300,0.0,0.0
2024-06-04 00:00:00-04:00,7.829999923706055,7.840000152587891,6.610000133514404,6.980000019073486,8553900,0.0,0.0
2024-06-05 00:00:00-04:00,7.179999828338623,7.809999942779541,7.059999942779541,7.789999961853027,4475300,0.0,0.0
2024-06-06 00:00:00-04:00,7.670000076293945,7.980000019073486,7.460000038146973,7.670000076293945,2745100,0.0,0.0
2024-06-07 00:00:00-04:00,7.5,8.09000015258789,7.420000076293945,8.079999923706055,2793200,0.0,0.0
2024-06-10 00:00:00-04:00,7.96999979019165,8.899999618530273,7.840000152587891,8.680000305175781,5600200,0.0,0.0
2024-06-11 00:00:00-04:00,8.550000190734863,8.979999542236328,8.149999618530273,8.960000038146973,3577600,0.0,0.0
2024-06-12 00:00:00-04:00,9.170000076293945,9.210000038146973,8.369999885559082,8.449999809265137,4023100,0.0,0.0
2024-06-13 00:00:00-04:00,8.5,8.609999656677246,7.920000076293945,8.420000076293945,3113800,0.0,0.0
2024-06-14 00:00:00-04:00,8.170000076293945,8.420000076293945,8.100000381469727,8.1899995803833,1775100,0.0,0.0
2024-06-17 00:00:00-04:00,8.220000267028809,8.850000381469727,8.0600004196167,8.5,3915000,0.0,0.0
2024-06-18 00:00:00-04:00,8.460000038146973,9.630000114440918,8.289999961853027,9.539999961853027,7552300,0.0,0.0
2024-06-20 00:00:00-04:00,9.569999694824219,10.597999572753906,9.119999885559082,9.510000228881836,8253800,0.0,0.0
2024-06-21 00:00:00-04:00,9.300000190734863,10.020000457763672,8.710000038146973,10.020000457763672,7258900,0.0,0.0
2024-06-24 00:00:00-04:00,10.0,10.319999694824219,9.319999694824219,10.020000457763672,4861200,0.0,0.0
2024-06-25 00:00:00-04:00,9.979999542236328,11.1899995803833,9.779999732971191,10.970000267028809,8707500,0.0,0.0
2024-06-26 00:00:00-04:00,10.9399995803833,12.149999618530273,10.920000076293945,11.520000457763672,8591500,0.0,0.0
2024-06-27 00:00:00-04:00,12.010000228881836,12.199999809265137,10.880000114440918,11.979999542236328,7422300,0.0,0.0
2024-06-28 00:00:00-04:00,12.220000267028809,12.399999618530273,11.029999732971191,11.6899995803833,9594900,0.0,0.0
2024-07-01 00:00:00-04:00,11.760000228881836,11.835000038146973,10.430000305175781,10.930000305175781,4521700,0.0,0.0
2024-07-02 00:00:00-04:00,11.055000305175781,12.0,10.75,10.930000305175781,4999100,0.0,0.0
2024-07-03 00:00:00-04:00,11.180000305175781,11.949999809265137,11.119999885559082,11.59000015258789,3760800,0.0,0.0
2024-07-05 00:00:00-04:00,11.989999771118164,13.279999732971191,11.529999732971191,12.220000267028809,8993700,0.0,0.0
2024-07-08 00:00:00-04:00,12.859999656677246,13.739999771118164,12.279999732971191,13.6899995803833,7945600,0.0,0.0
2024-07-09 00:00:00-04:00,13.100000381469727,13.319999694824219,12.319999694824219,12.770000457763672,7457400,0.0,0.0
2024-07-10 00:00:00-04:00,13.260000228881836,13.699999809265137,12.770000457763672,13.529999732971191,5454700,0.0,0.0
2024-07-11 00:00:00-04:00,13.8100004196167,14.069999694824219,12.800000190734863,13.0600004196167,6718600,0.0,0.0
2024-07-12 00:00:00-04:00,13.34000015258789,15.699999809265137,12.949999809265137,15.34000015258789,12852600,0.0,0.0
2024-07-15 00:00:00-04:00,16.75,16.90999984741211,14.970000267028809,15.8100004196167,10243400,0.0,0.0
2024-07-16 00:00:00-04:00,15.979999542236328,16.149999618530273,15.0,15.5600004196167,5521200,0.0,0.0
2024-07-17 00:00:00-04:00,14.859999656677246,15.25,13.640000343322754,13.930000305175781,7742200,0.0,0.0
2024-07-18 00:00:00-04:00,14.520000457763672,14.520000457763672,12.541000366210938,12.859999656677246,7539900,0.0,0.0
2024-07-19 00:00:00-04:00,12.5600004196167,13.180000305175781,11.220000267028809,11.300000190734863,8875500,0.0,0.0
2024-07-22 00:00:00-04:00,11.520000457763672,11.520000457763672,10.319999694824219,11.0600004196167,8427100,0.0,0.0
2024-07-23 00:00:00-04:00,11.180000305175781,12.5,11.029999732971191,11.510000228881836,8685300,0.0,0.0
2024-07-24 00:00:00-04:00,11.270000457763672,11.850000381469727,10.642000198364258,10.800000190734863,4239500,0.0,0.0
2024-07-25 00:00:00-04:00,10.489999771118164,10.789999961853027,9.680000305175781,10.420000076293945,6149200,0.0,0.0
2024-07-26 00:00:00-04:00,10.729999542236328,10.850000381469727,10.050000190734863,10.850000381469727,4151000,0.0,0.0
2024-07-29 00:00:00-04:00,11.170000076293945,11.170000076293945,8.600000381469727,9.5,16218700,0.0,0.0
2024-07-30 00:00:00-04:00,9.399999618530273,9.949999809265137,9.270000457763672,9.539999961853027,4149800,0.0,0.0
2024-07-31 00:00:00-04:00,9.800000190734863,10.75,9.640000343322754,10.220000267028809,6776300,0.0,0.0
2024-08-01 00:00:00-04:00,10.3100004196167,10.3100004196167,8.850000381469727,9.109999656677246,4924200,0.0,0.0
2024-08-02 00:00:00-04:00,8.15999984741211,8.829999923706055,8.0,8.59000015258789,4503100,0.0,0.0
2024-08-05 00:00:00-04:00,7.320000171661377,8.859999656677246,7.260000228881836,8.760000228881836,5165000,0.0,0.0
2024-08-06 00:00:00-04:00,9.15999984741211,9.399999618530273,8.130000114440918,8.130000114440918,4492300,0.0,0.0
2024-08-07 00:00:00-04:00,8.300000190734863,9.390000343322754,8.300000190734863,8.680000305175781,6196300,0.0,0.0
2024-08-08 00:00:00-04:00,9.100000381469727,9.3100004196167,8.550000190734863,8.59000015258789,6413800,0.0,0.0
2024-08-09 00:00:00-04:00,8.279999732971191,9.550000190734863,7.869999885559082,9.270000457763672,5382100,0.0,0.0
2024-08-12 00:00:00-04:00,9.5,9.979999542236328,8.819999694824219,9.229999542236328,3219000,0.0,0.0
2024-08-13 00:00:00-04:00,9.390000343322754,10.276000022888184,9.229999542236328,9.979999542236328,4755700,0.0,0.0
2024-08-14 00:00:00-04:00,10.0,10.25,9.430000305175781,9.430000305175781,3056700,0.0,0.0
2024-08-15 00:00:00-04:00,9.6899995803833,10.069999694824219,8.880000114440918,9.380000114440918,4724500,0.0,0.0
2024-08-16 00:00:00-04:00,9.239999771118164,9.8100004196167,8.960000038146973,9.079999923706055,2753700,0.0,0.0
2024-08-19 00:00:00-04:00,9.104999542236328,9.890000343322754,8.930000305175781,9.420000076293945,3586300,0.0,0.0
2024-08-20 00:00:00-04:00,9.420000076293945,9.420000076293945,8.680000305175781,8.920000076293945,3139900,0.0,0.0
2024-08-21 00:00:00-04:00,8.949999809265137,8.960000038146973,8.6899995803833,8.789999961853027,2324200,0.0,0.0
2024-08-22 00:00:00-04:00,8.829999923706055,8.880000114440918,7.98199987411499,8.029999732971191,3586200,0.0,0.0
2024-08-23 00:00:00-04:00,8.100000381469727,8.800000190734863,8.010000228881836,8.670000076293945,2772200,0.0,0.0
2024-08-26 00:00:00-04:00,8.625,8.760000228881836,8.170000076293945,8.199999809265137,1887200,0.0,0.0
2024-08-27 00:00:00-04:00,8.130000114440918,8.789999961853027,7.869999885559082,8.6899995803833,2590500,0.0,0.0
2024-08-28 00:00:00-04:00,8.539999961853027,8.609999656677246,7.980000019073486,8.039999961853027,2806500,0.0,0.0
2024-08-29 00:00:00-04:00,8.130000114440918,8.519000053405762,8.109999656677246,8.140000343322754,2168600,0.0,0.0
2024-08-30 00:00:00-04:00,8.289999961853027,8.600000381469727,8.010000228881836,8.229999542236328,3183500,0.0,0.0
2024-09-03 00:00:00-04:00,8.069999694824219,8.119999885559082,7.389999866485596,7.590000152587891,3774400,0.0,0.0
2024-09-04 00:00:00-04:00,7.480000019073486,8.104999542236328,7.380000114440918,8.050000190734863,2277000,0.0,0.0
2024-09-05 00:00:00-04:00,7.989999771118164,7.989999771118164,7.420000076293945,7.429999828338623,2119000,0.0,0.0
2024-09-06 00:00:00-04:00,7.449999809265137,7.510000228881836,6.880000114440918,6.980000019073486,3049800,0.0,0.0
2024-09-09 00:00:00-04:00,7.059999942779541,7.630000114440918,7.019999980926514,7.570000171661377,3152800,0.0,0.0
2024-09-10 00:00:00-04:00,7.650000095367432,8.270000457763672,7.369999885559082,8.25,3923200,0.0,0.0
2024-09-11 00:00:00-04:00,8.220000267028809,8.8100004196167,8.149999618530273,8.739999771118164,3260200,0.0,0.0
2024-09-12 00:00:00-04:00,8.75,8.84000015258789,8.50100040435791,8.630000114440918,1881600,0.0,0.0
2024-09-13 00:00:00-04:00,8.949999809265137,10.0600004196167,8.930000305175781,9.680000305175781,6424700,0.0,0.0
2024-09-16 00:00:00-04:00,9.720000267028809,10.050000190734863,9.350000381469727,9.680000305175781,3008200,0.0,0.0
2024-09-17 00:00:00-04:00,9.829999923706055,9.84000015258789,8.972999572753906,9.09000015258789,2953400,0.0,0.0
2024-09-18 00:00:00-04:00,9.010000228881836,9.760000228881836,8.800000190734863,9.170000076293945,2391400,0.0,0.0
2024-09-19 00:00:00-04:00,9.569999694824219,10.024999618530273,9.199999809265137,9.609999656677246,3885400,0.0,0.0
2024-09-20 00:00:00-04:00,10.210000038146973,11.628000259399414,9.710000038146973,10.699999809265137,17454400,0.0,0.0
2024-09-23 00:00:00-04:00,10.880000114440918,11.520000457763672,10.399999618530273,10.890000343322754,8728600,0.0,0.0
2024-09-24 00:00:00-04:00,10.960000038146973,12.239999771118164,10.960000038146973,11.949999809265137,11660100,0.0,0.0
2024-09-25 00:00:00-04:00,11.989999771118164,12.220000267028809,10.795000076293945,12.029999732971191,8113600,0.0,0.0
2024-09-26 00:00:00-04:00,12.260000228881836,12.609999656677246,11.510000228881836,11.890000343322754,6314500,0.0,0.0
2024-09-27 00:00:00-04:00,11.859999656677246,13.100000381469727,11.329999923706055,12.550000190734863,8345300,0.0,0.0
2024-09-30 00:00:00-04:00,12.260000228881836,12.604999542236328,10.710000038146973,11.579999923706055,8095400,0.0,0.0
2024-10-01 00:00:00-04:00,11.600000381469727,12.109999656677246,11.029999732971191,11.880000114440918,4795700,0.0,0.0
2024-10-02 00:00:00-04:00,11.6899995803833,12.630000114440918,11.460000038146973,12.390000343322754,5461800,0.0,0.0
2024-10-03 00:00:00-04:00,13.130000114440918,13.199999809265137,11.119999885559082,12.010000228881836,10266200,0.0,0.0
2024-10-04 00:00:00-04:00,12.119999885559082,13.489999771118164,11.949999809265137,13.149999618530273,9488000,0.0,0.0
2024-10-07 00:00:00-04:00,13.050000190734863,13.170000076293945,12.619999885559082,12.859999656677246,4292100,0.0,0.0
2024-10-08 00:00:00-04:00,12.645000457763672,12.989999771118164,12.260000228881836,12.899999618530273,4310900,0.0,0.0
2024-10-09 00:00:00-04:00,12.65999984741211,12.65999984741211,11.649999618530273,11.829999923706055,7056800,0.0,0.0
2024-10-10 00:00:00-04:00,11.729999542236328,12.260000228881836,11.260000228881836,12.0,4171200,0.0,0.0
2024-10-11 00:00:00-04:00,11.779999732971191,13.539999961853027,11.65999984741211,13.140000343322754,7317300,0.0,0.0
2024-10-14 00:00:00-04:00,13.239999771118164,14.399999618530273,13.199999809265137,13.9399995803833,9180200,0.0,0.0
2024-10-15 00:00:00-04:00,14.15999984741211,14.539999961853027,13.260000228881836,13.619999885559082,7550100,0.0,0.0
2024-10-16 00:00:00-04:00,14.920000076293945,19.40999984741211,14.329999923706055,19.06999969482422,40323500,0.0,0.0
2024-10-17 00:00:00-04:00,18.049999237060547,19.739999771118164,17.579999923706055,18.020000457763672,21031200,0.0,0.0
2024-10-18 00:00:00-04:00,17.8799991607666,20.350000381469727,17.219999313354492,18.209999084472656,30801600,0.0,0.0
2024-10-21 00:00:00-04:00,18.770000457763672,19.690000534057617,17.65999984741211,18.959999084472656,21010300,0.0,0.0
2024-10-22 00:00:00-04:00,18.450000762939453,19.06999969482422,16.709999084472656,17.809999465942383,17858300,0.0,0.0
2024-10-23 00:00:00-04:00,17.1299991607666,18.549999237060547,16.739999771118164,17.31999969482422,10768100,0.0,0.0
2024-10-24 00:00:00-04:00,17.399999618530273,19.049999237060547,17.18000030517578,18.389999389648438,11891500,0.0,0.0
2024-10-25 00:00:00-04:00,18.790000915527344,19.469999313354492,18.079999923706055,18.40999984741211,13420800,0.0,0.0
2024-10-28 00:00:00-04:00,18.889999389648438,22.239999771118164,18.690000534057617,22.0,27222900,0.0,0.0
2024-10-29 00:00:00-04:00,21.600000381469727,22.100000381469727,20.399999618530273,21.610000610351562,12629200,0.0,0.0
2024-10-30 00:00:00-04:00,22.239999771118164,22.75,20.010000228881836,20.799999237060547,12803400,0.0,0.0
2024-10-31 00:00:00-04:00,20.56999969482422,20.770000457763672,18.93000030517578,19.139999389648438,9810800,0.0,0.0
2024-11-01 00:00:00-04:00,19.899999618530273,20.44499969482422,18.709999084472656,19.010000228881836,9940300,0.0,0.0
2024-11-04 00:00:00-05:00,18.260000228881836,18.790000915527344,17.461000442504883,18.469999313354492,8202100,0.0,0.0
2024-11-05 00:00:00-05:00,18.670000076293945,19.030000686645508,18.020000457763672,18.81999969482422,5062300,0.0,0.0
2024-11-06 00:00:00-05:00,19.979999542236328,21.40999984741211,18.899999618530273,21.40999984741211,10502500,0.0,0.0
2024-11-07 00:00:00-05:00,21.579999923706055,22.360000610351562,21.190000534057617,21.670000076293945,12204200,0.0,0.0
2024-11-08 00:00:00-05:00,21.0,25.81999969482422,20.059999465942383,24.489999771118164,24689200,0.0,0.0
2024-11-11 00:00:00-05:00,23.81999969482422,25.079999923706055,21.299999237060547,23.489999771118164,16073600,0.0,0.0
2024-11-12 00:00:00-05:00,23.350000381469727,26.549999237060547,22.3799991607666,23.239999771118164,14941500,0.0,0.0
2024-11-13 00:00:00-05:00,24.280000686645508,26.670000076293945,23.75,24.979999542236328,16784300,0.0,0.0
2024-11-14 00:00:00-05:00,26.600000381469727,27.540000915527344,24.1299991607666,24.65999984741211,12614400,0.0,0.0
2024-11-15 00:00:00-05:00,24.0,24.1299991607666,22.410999298095703,23.010000228881836,8945200,0.0,0.0
2024-11-18 00:00:00-05:00,23.75,27.553800582885742,22.700000762939453,27.270000457763672,12898744,0.0,0.0
