Date,Open,High,Low,Close,Volume,Dividends,Stock Splits
2022-01-03 00:00:00-05:00,86.7948333326946,88.34315015827994,86.7948333326946,88.23637390136719,257600,0.0,0.0
2022-01-04 00:00:00-05:00,88.9838353149782,90.6923233236831,88.53891613840331,89.94486236572266,294800,0.0,0.0
2022-01-05 00:00:00-05:00,89.88257618069792,91.20843345885855,89.3219736594027,89.47325134277344,486000,0.0,0.0
2022-01-06 00:00:00-05:00,90.14062974096602,91.65335225681802,89.98935205823842,90.29190063476562,335700,0.0,0.0
2022-01-07 00:00:00-05:00,90.34529655109387,90.88809854755955,89.13511571854042,89.2240982055664,405800,0.0,0.0
2022-01-10 00:00:00-05:00,89.41096151799154,91.03936055935654,88.2452686483813,90.83470153808594,471300,0.0,0.0
2022-01-11 00:00:00-05:00,91.76902869644947,93.09489275638968,90.06944093920744,92.29403686523438,401200,0.0,0.0
2022-01-12 00:00:00-05:00,92.54319526887943,93.38853904855266,92.00039329197654,92.4453125,360600,0.0,0.0
2022-01-13 00:00:00-05:00,93.20167717069462,95.33729080432364,92.81904636638222,95.18601989746094,370700,0.0,0.0
2022-01-14 00:00:00-05:00,94.56313178069574,97.27714184586607,94.20720182172747,97.1525650024414,491100,0.0,0.0
2022-01-18 00:00:00-05:00,96.20933429069628,96.52967667125789,93.97583791203851,95.0703353881836,422500,0.0,0.0
2022-01-19 00:00:00-05:00,95.49745162512261,95.64872251555663,94.34065905243551,94.97245025634766,344700,0.0,0.0
2022-01-20 00:00:00-05:00,94.88347594174056,94.88347594174056,91.76904122027246,92.03599548339844,301100,0.0,0.0
2022-01-21 00:00:00-05:00,91.91141733498092,93.14829227800497,90.46987655460387,90.78131866455078,369000,0.0,0.0
2022-01-24 00:00:00-05:00,89.17960270404612,93.20166915727437,89.06391937080335,92.86353302001953,532700,0.0,0.0
2022-01-25 00:00:00-05:00,92.31182796330177,92.31182796330177,89.64231292963485,91.01266479492188,366800,0.0,0.0
2022-01-26 00:00:00-05:00,92.10718857165448,93.66440600643199,90.73683641437876,91.45760345458984,464400,0.0,0.0
2022-01-27 00:00:00-05:00,92.24954214812877,93.98473104222512,89.70460386792986,90.65673065185547,301300,0.0,0.0
2022-01-28 00:00:00-05:00,90.33639269441791,92.32073534239989,89.286383095593,92.28514099121094,328800,0.0,0.0
2022-01-31 00:00:00-05:00,91.69785423025755,93.65549608850768,90.73682708285685,93.3173599243164,759100,0.0,0.0
2022-02-01 00:00:00-05:00,95.39067318515708,97.65976380694904,94.76778902451092,97.08136749267578,505300,0.0,0.0
2022-02-02 00:00:00-05:00,97.60637737148629,97.60637737148629,94.68770847273153,95.35508728027344,384800,0.0,0.0
2022-02-03 00:00:00-05:00,95.381778192579,95.41737254247572,93.69108391158943,94.32286834716797,269300,0.0,0.0
2022-02-04 00:00:00-05:00,93.39743471339152,96.52076930010978,92.46310849611888,95.47966003417969,332200,0.0,0.0
2022-02-07 00:00:00-05:00,95.50635926613033,95.52415304740524,93.5309168871256,94.76779174804688,259300,0.0,0.0
2022-02-08 00:00:00-05:00,95.13263167002621,98.5051134114082,95.12373138465223,98.3271484375,320800,0.0,0.0
2022-02-09 00:00:00-05:00,99.48394155397672,100.71191617254739,98.80766243020383,99.01232147216797,354800,0.0,0.0
2022-02-10 00:00:00-05:00,97.90891739583486,100.35597297909102,97.62416938134037,98.06018829345703,283400,0.0,0.0
2022-02-11 00:00:00-05:00,98.20256675580735,98.9767286108857,97.22374586971875,97.56188201904297,387400,0.0,0.0
2022-02-14 00:00:00-05:00,97.60636698498928,98.74535894242976,97.24153001700385,97.66865539550781,361100,0.0,0.0
2022-02-15 00:00:00-05:00,97.90891709089206,102.35810904659144,97.90891709089206,102.10895538330078,501400,0.0,0.0
2022-02-16 00:00:00-05:00,101.5394629900889,102.81193220651654,101.29030931788125,102.80303192138672,346500,0.0,0.0
2022-02-17 00:00:00-05:00,101.49497696144694,102.10896769783892,98.86995610657299,98.95893859863281,350100,0.0,0.0
2022-02-18 00:00:00-05:00,98.55850801676016,99.39495153814454,97.20594977927844,98.16697692871094,575500,0.0,0.0
2022-02-22 00:00:00-05:00,98.59409449073839,98.59409449073839,94.88346331398299,95.96016693115234,649400,0.0,0.0
2022-02-23 00:00:00-05:00,96.55636865779594,97.17035254987003,94.83898023914814,95.17711639404297,491600,0.0,0.0
2022-02-24 00:00:00-05:00,92.69446617526933,94.39406080869631,91.41310347256386,94.03812408447266,427000,0.0,0.0
2022-02-25 00:00:00-05:00,94.62541592232198,97.19705524537065,94.48304530296012,97.07247161865234,592400,0.0,0.0
2022-02-28 00:00:00-05:00,95.05252735377157,96.5296621969732,92.97920247628241,94.57201385498047,445400,0.0,0.0
2022-03-01 00:00:00-05:00,94.15379770743415,94.83007678354164,86.95500840371233,87.49781036376953,596900,0.0,0.0
2022-03-02 00:00:00-05:00,88.34316504392532,91.31522915912724,88.12960570518767,90.238525390625,616200,0.0,0.0
2022-03-03 00:00:00-05:00,90.83470344704673,91.26182206758732,89.22409136300077,90.1584243774414,320700,0.0,0.0
2022-03-04 00:00:00-05:00,88.69909050272072,88.72578456804655,84.34778134248033,84.76600646972656,539100,0.0,0.0
2022-03-07 00:00:00-05:00,83.29777760732281,84.56134657333489,77.4337387084961,77.4337387084961,526100,0.0,0.0
2022-03-08 00:00:00-05:00,78.46594153904603,80.51257234392553,75.03116515909232,78.55492401123047,634800,0.0,0.0
2022-03-09 00:00:00-05:00,82.14989133772876,83.15540641449519,80.06767247373568,80.47699737548828,484100,0.0,0.0
2022-03-10 00:00:00-05:00,78.52823802324146,79.35578799861291,77.06000331997879,79.32909393310547,713300,0.0,0.0
2022-03-11 00:00:00-05:00,79.24011654325115,79.69392926389315,77.22907974902654,78.0477294921875,701900,0.0,0.0
2022-03-14 00:00:00-04:00,79.21341204251448,82.09649337062422,78.71510470680933,82.04309844970703,543100,0.0,0.0
2022-03-15 00:00:00-04:00,82.25666666835451,84.29439748838729,82.06090112746242,84.23210906982422,568400,0.0,0.0
2022-03-16 00:00:00-04:00,85.4867731296722,86.99060216845663,83.956250025643,86.1541519165039,423000,0.0,0.0
2022-03-17 00:00:00-04:00,85.41558255469167,86.86602343114649,85.10414048545927,86.78593444824219,288500,0.0,0.0
2022-03-18 00:00:00-04:00,87.11517760306663,87.40882589391029,85.53126639392636,86.5812759399414,847000,0.0,0.0
2022-03-21 00:00:00-04:00,86.70585253413708,87.08848330297994,83.77828349604692,84.37447357177734,377500,0.0,0.0
2022-03-22 00:00:00-04:00,85.67364179192164,85.67364179192164,83.97405394392106,84.11642456054688,342900,0.0,0.0
2022-03-23 00:00:00-04:00,83.3778579079735,83.60921779993133,82.22997231121268,82.43463134765625,380800,0.0,0.0
2022-03-24 00:00:00-04:00,82.86175527754634,83.84947645688506,81.76725104487187,83.840576171875,353700,0.0,0.0
2022-03-25 00:00:00-04:00,84.21429696960935,84.7570988808846,83.27107053509778,83.9028549194336,332700,0.0,0.0
2022-03-28 00:00:00-04:00,83.18209850533161,83.76048804730435,82.38124256938609,83.70709991455078,214800,0.0,0.0
2022-03-29 00:00:00-04:00,85.77151834581765,90.34528693943037,85.77151834581765,88.9660415649414,620400,0.0,0.0
2022-03-30 00:00:00-04:00,88.20968366178944,89.42876479000583,85.84271690007796,86.40331268310547,339500,0.0,0.0
2022-03-31 00:00:00-04:00,85.85161465288888,86.22534516388208,83.4579471054225,83.57362365722656,357400,0.0,0.0
2022-04-01 00:00:00-04:00,84.223207835322,85.1041459704787,83.1198100951005,83.66260528564453,383000,0.0,0.0
2022-04-04 00:00:00-04:00,83.87617203688798,85.37110086592931,83.35116383467158,83.98294830322266,322200,0.0,0.0
2022-04-05 00:00:00-04:00,83.39565924519341,83.99184936752052,81.50919931828325,81.77615356445312,604000,0.0,0.0
2022-04-06 00:00:00-04:00,81.26003948378501,81.84733606527514,80.07655282515401,80.3257064819336,632000,0.0,0.0
2022-04-07 00:00:00-04:00,80.0231735400049,80.42359813423883,78.57273928405738,78.84858703613281,514300,0.0,0.0
2022-04-08 00:00:00-04:00,79.31129310475916,80.8685102842762,77.71848157503894,78.19010162353516,861700,0.0,0.0
2022-04-11 00:00:00-04:00,78.14560935767061,80.47698844969867,77.59390709618748,78.24349212646484,547900,0.0,0.0
2022-04-12 00:00:00-04:00,79.21341592666607,79.49816395944968,77.15789127716337,77.59391021728516,452900,0.0,0.0
2022-04-13 00:00:00-04:00,77.2290856205598,79.07105107717626,76.9799319223012,78.83969116210938,596300,0.0,0.0
2022-04-14 00:00:00-04:00,78.94646550256547,79.29350194234537,77.10450024953043,77.83416748046875,551700,0.0,0.0
2022-04-18 00:00:00-04:00,77.54941534448712,79.24010960617096,77.01551367998906,78.9820556640625,436700,0.0,0.0
2022-04-19 00:00:00-04:00,81.00198679950006,84.77489963698852,80.40579671310691,84.6058349609375,848400,0.0,0.0
2022-04-20 00:00:00-04:00,85.57575837912937,87.75586656001215,85.1486397435364,85.3888931274414,534300,0.0,0.0
2022-04-21 00:00:00-04:00,86.05627709644675,86.95501584658915,83.76939251399114,84.10752868652344,493600,0.0,0.0
2022-04-22 00:00:00-04:00,83.43124683411145,83.929554145044,82.11428306945379,82.21216583251953,331800,0.0,0.0
2022-04-25 00:00:00-04:00,81.54478972423706,82.78166454637399,79.64943639272242,82.51471710205078,328300,0.0,0.0
2022-04-26 00:00:00-04:00,81.5447878253188,82.22996717320855,80.15664213816473,80.48587799072266,353100,0.0,0.0
2022-04-27 00:00:00-04:00,80.99309197186567,81.26004621993212,78.81299050539428,79.93418884277344,419100,0.0,0.0
2022-04-28 00:00:00-04:00,81.22446413518398,83.16431250251986,80.12996648844884,82.81727600097656,410600,0.0,0.0
2022-04-29 00:00:00-04:00,81.98080067750814,83.51132364986503,79.96977099422759,80.26341247558594,330100,0.0,0.0
2022-05-02 00:00:00-04:00,80.49477958054497,81.70496032858398,79.37358131331774,81.17105865478516,377900,0.0,0.0
2022-05-03 00:00:00-04:00,81.05538539744398,82.73718640184997,80.89522098542614,82.45243835449219,406700,0.0,0.0
2022-05-04 00:00:00-04:00,82.24776826213146,85.21093193203056,81.88293123869255,85.05965423583984,410800,0.0,0.0
2022-05-05 00:00:00-04:00,83.52913836804532,84.1075279337131,80.42359726637157,81.14437103271484,309200,0.0,0.0
2022-05-06 00:00:00-04:00,80.95750451309188,81.50029971738574,79.48036943935782,80.45919036865234,271400,0.0,0.0
2022-05-09 00:00:00-04:00,79.5159590845319,83.86726826912056,79.5159590845319,82.92404174804688,557000,0.0,0.0
2022-05-10 00:00:00-04:00,83.44013688846618,84.05412750620575,79.06213395144512,80.6994400024414,462300,0.0,0.0
2022-05-11 00:00:00-04:00,80.90410143015527,82.57700187880707,79.53374955178367,79.7295150756836,358500,0.0,0.0
2022-05-12 00:00:00-04:00,79.52486530454965,81.39352470548748,77.6828999710793,78.93756866455078,415600,0.0,0.0
2022-05-13 00:00:00-04:00,79.87188839549502,81.06426846905978,79.5604463456033,79.8985824584961,258100,0.0,0.0
2022-05-16 00:00:00-04:00,79.03544884900339,79.97867540957708,77.26467227940216,79.29350280761719,271900,0.0,0.0
2022-05-17 00:00:00-04:00,80.85962363438344,83.62702179939768,80.7528405747331,83.58252716064453,437300,0.0,0.0
2022-05-18 00:00:00-04:00,82.60370899323372,83.1732050860441,79.08884287002859,79.47147369384766,386800,0.0,0.0
2022-05-19 00:00:00-04:00,78.4659534299576,80.31681900315927,77.83416895610027,79.61384582519531,339000,0.0,0.0
2022-05-20 00:00:00-04:00,80.21893706102395,81.10877550476481,78.77739633814949,81.07318115234375,716700,0.0,0.0
2022-05-23 00:00:00-04:00,82.55030559247054,82.55030559247054,79.51596017093536,79.72061920166016,314600,0.0,0.0
2022-05-24 00:00:00-04:00,79.54264661204108,79.54264661204108,77.07779746112493,78.78628540039062,280400,0.0,0.0
2022-05-25 00:00:00-04:00,78.00324221836286,80.70834514711065,78.00324221836286,79.91638946533203,253200,0.0,0.0
2022-05-26 00:00:00-04:00,77.73627372265054,79.22230204076476,77.70067937630364,78.23458099365234,487300,0.0,0.0
2022-05-27 00:00:00-04:00,78.67062316779894,80.03207495410672,78.21680364272007,78.3057861328125,440900,0.0,0.0
2022-05-31 00:00:00-04:00,79.08305742300664,81.25219409142247,77.08564617155356,80.9900894165039,600500,1.36,0.0
2022-06-01 00:00:00-04:00,81.27026286231505,82.52655309892006,77.03141589882921,77.2302474975586,494400,0.0,0.0
2022-06-02 00:00:00-04:00,77.30255787840383,80.40261400956298,77.30255787840383,80.33934783935547,439100,0.0,0.0
2022-06-03 00:00:00-04:00,79.09209097617544,79.69763954020816,77.55561613407633,77.73638153076172,346200,0.0,0.0
2022-06-06 00:00:00-04:00,78.51365792644087,81.00815841840844,77.74541703387985,80.38453674316406,1124200,0.0,0.0
2022-06-07 00:00:00-04:00,79.9236018452377,82.06562553896435,79.00172233259964,82.03850555419922,364500,0.0,0.0
2022-06-08 00:00:00-04:00,81.3787214724568,82.56270553916525,80.2580035720115,80.37549591064453,323300,0.0,0.0
2022-06-09 00:00:00-04:00,80.26703531080892,80.47491379386386,78.19731805597908,78.5046157836914,332700,0.0,0.0
2022-06-10 00:00:00-04:00,76.95007323478244,77.57370183214,74.69959732046368,74.88035583496094,322900,0.0,0.0
2022-06-13 00:00:00-04:00,73.00947618537597,73.00947618537597,70.37036328616172,70.83130645751953,265900,0.0,0.0
2022-06-14 00:00:00-04:00,70.83129392310784,71.49106858340906,69.71056927752394,70.55110931396484,426300,0.0,0.0
2022-06-15 00:00:00-04:00,71.15668067315663,73.11793889981944,71.13860068373825,71.86164855957031,466100,0.0,0.0
2022-06-16 00:00:00-04:00,69.55692273221072,70.07209197859747,66.9991495898459,67.59566497802734,565200,0.0,0.0
2022-06-17 00:00:00-04:00,68.24641864456792,69.47559581825506,67.2251130675439,68.64408874511719,886400,0.0,0.0
2022-06-21 00:00:00-04:00,70.05402871782347,70.74995653951537,68.80677160226605,70.34324645996094,371600,0.0,0.0
2022-06-22 00:00:00-04:00,69.37616831464793,71.26512003011513,69.37616831464793,71.0301284790039,344000,0.0,0.0
2022-06-23 00:00:00-04:00,70.43363097056182,70.49689714089409,67.62279259702244,68.34584045410156,385900,0.0,0.0
2022-06-24 00:00:00-04:00,69.0508125656857,71.52724025080089,68.6440955352735,71.13860321044922,469700,0.0,0.0
2022-06-27 00:00:00-04:00,71.15667970137301,71.5995428991368,69.91846247195694,70.75900268554688,273300,0.0,0.0
2022-06-28 00:00:00-04:00,71.66280863016323,72.2231710676138,69.77384971208473,69.88230895996094,322200,0.0,0.0
2022-06-29 00:00:00-04:00,69.56597140271671,69.71057682378816,67.70413264764271,69.2406005859375,476600,0.0,0.0
2022-06-30 00:00:00-04:00,68.12891113223151,69.61115279773125,66.79128177336311,69.0598373413086,364500,0.0,0.0
2022-07-01 00:00:00-04:00,69.05985004652452,70.7318905004691,68.6350599370125,70.44267272949219,399400,0.0,0.0
2022-07-05 00:00:00-04:00,68.6712094270525,70.30709671208909,67.54145149086807,70.28901672363281,525000,0.0,0.0
2022-07-06 00:00:00-04:00,70.16247993411444,70.92168080471123,69.27675362982876,70.8764877319336,641700,0.0,0.0
2022-07-07 00:00:00-04:00,71.36454902690396,73.03658940604417,71.36454902690396,72.9100570678711,425400,0.0,0.0
2022-07-08 00:00:00-04:00,72.7564112244591,72.8558304746663,70.66862076109831,71.0482177734375,351500,0.0,0.0
2022-07-11 00:00:00-04:00,68.78869726028621,69.53885813565137,67.24318933236803,68.48139953613281,415200,0.0,0.0
2022-07-12 00:00:00-04:00,68.21026625835059,71.75318549130611,68.21026625835059,70.28901672363281,404200,0.0,0.0
2022-07-13 00:00:00-04:00,69.0236849584534,69.93652429513565,68.46332260786583,69.2948226928711,338600,0.0,0.0
2022-07-14 00:00:00-04:00,67.87585006396883,68.21026086903579,66.66475296190599,68.13795471191406,488100,0.0,0.0
2022-07-15 00:00:00-04:00,67.74932596928133,69.1502286278924,67.18896352673781,69.12311553955078,343300,0.0,0.0
2022-07-18 00:00:00-04:00,70.57823331512934,73.07274072781071,70.34324863303613,71.89779663085938,702700,0.0,0.0
2022-07-19 00:00:00-04:00,71.87067585008641,72.72025600120037,69.43040153349718,71.56338500976562,731900,0.0,0.0
2022-07-20 00:00:00-04:00,70.83130645751953,71.53627431048133,68.96946067902309,70.83130645751953,834700,0.0,0.0
2022-07-21 00:00:00-04:00,70.90360418993633,71.88875668029063,69.76481317311665,71.57242584228516,715200,0.0,0.0
2022-07-22 00:00:00-04:00,70.81323265283946,71.25609587431057,67.92105482517688,68.41814422607422,718200,0.0,0.0
2022-07-25 00:00:00-04:00,68.77062331748942,69.46655808319922,67.98431618946078,68.88812255859375,355100,0.0,0.0
2022-07-26 00:00:00-04:00,67.95719774451908,68.24641548402244,66.57437521203445,67.07146453857422,506900,0.0,0.0
2022-07-27 00:00:00-04:00,67.41491089176678,69.75577287375289,67.30645854520817,69.39424896240234,346100,0.0,0.0
2022-07-28 00:00:00-04:00,69.34002097873078,70.75899660495034,68.81581166573378,70.67765045166016,323000,0.0,0.0
2022-07-29 00:00:00-04:00,70.82226908062707,71.52723695964245,70.26190663796318,70.86746215820312,307300,0.0,0.0
2022-08-01 00:00:00-04:00,70.30708763053802,71.13858770924624,69.87325760506303,71.0301284790039,275900,0.0,0.0
2022-08-02 00:00:00-04:00,70.39748080531689,70.73189165978512,68.38199637014517,69.48463439941406,286400,0.0,0.0
2022-08-03 00:00:00-04:00,70.11729749465042,70.71380609324433,69.80999975346948,70.37940216064453,234900,0.0,0.0
2022-08-04 00:00:00-04:00,70.04499171123861,70.3794025411415,69.69250778846039,70.17152404785156,269700,0.0,0.0
2022-08-05 00:00:00-04:00,69.63828327783789,70.9578397451049,69.41233168627514,70.18960571289062,441400,0.0,0.0
2022-08-08 00:00:00-04:00,70.34324588620959,71.03013370849918,69.68346425410832,70.11729431152344,588800,0.0,0.0
2022-08-09 00:00:00-04:00,69.9636536687307,70.05403292567206,68.9423480683569,69.97268676757812,337500,0.0,0.0
2022-08-10 00:00:00-04:00,71.22897351125644,73.15408537620604,71.22897351125644,72.31354522705078,280500,0.0,0.0
2022-08-11 00:00:00-04:00,72.88294238562641,74.13923264106516,72.88294238562641,73.3167724609375,373900,0.0,0.0
2022-08-12 00:00:00-04:00,73.81385795427985,73.83193794153362,72.73833315950199,73.47945404052734,266600,0.0,0.0
2022-08-15 00:00:00-04:00,72.73833691402456,74.0850064231618,72.51238533015277,73.64214324951172,370800,0.0,0.0
2022-08-16 00:00:00-04:00,73.10889040664509,74.70863140492725,72.79255958355094,74.57305908203125,364000,0.0,0.0
2022-08-17 00:00:00-04:00,73.68732541507845,73.68732541507845,72.20508365726008,73.04562377929688,316500,0.0,0.0
2022-08-18 00:00:00-04:00,73.40715866550981,73.40715866550981,72.4039329858958,72.65699768066406,256900,0.0,0.0
2022-08-19 00:00:00-04:00,72.36777682226604,72.36777682226604,70.9578410711249,71.40974426269531,307000,0.0,0.0
2022-08-22 00:00:00-04:00,70.39747702189699,70.39747702189699,68.70735664168181,68.99657440185547,291400,0.0,0.0
2022-08-23 00:00:00-04:00,68.77061602176157,70.57822856826174,68.77061602176157,69.33097839355469,208900,0.0,0.0
2022-08-24 00:00:00-04:00,69.02369583694939,69.5659782867457,68.71639808158434,68.90619659423828,265900,0.0,0.0
2022-08-25 00:00:00-04:00,69.14118810829679,70.7318892687166,69.14118810829679,70.64151000976562,216100,0.0,0.0
2022-08-26 00:00:00-04:00,70.50592774548673,70.65053316034697,66.75513041546866,66.80032348632812,431500,0.0,0.0
2022-08-29 00:00:00-04:00,66.54725284682802,67.94815531656013,65.82421197171998,67.4691390991211,376200,0.0,0.0
2022-08-30 00:00:00-04:00,67.83066304149031,67.83066304149031,66.312268238343,66.49302673339844,307300,0.0,0.0
2022-08-31 00:00:00-04:00,67.14377548914959,67.17992857110448,66.23092913240058,66.26708221435547,399300,0.0,0.0
2022-09-01 00:00:00-04:00,66.10439773315089,66.6286070857069,64.61311583491174,66.28515625,425000,0.0,0.0
2022-09-02 00:00:00-04:00,67.12569858416171,68.01143189400875,65.39039194357905,65.43558502197266,418200,0.0,0.0
2022-09-06 00:00:00-04:00,66.2128501665018,66.2128501665018,64.45042377886729,65.30904388427734,475100,0.0,0.0
2022-09-07 00:00:00-04:00,65.13731764722777,65.86939851986567,64.62214834879839,65.30000305175781,410400,0.0,0.0
2022-09-08 00:00:00-04:00,64.77579493018153,65.4265365600586,63.4471985850983,65.4265365600586,346700,0.0,0.0
2022-09-09 00:00:00-04:00,65.9597872162109,67.32452977290033,65.9597872162109,67.29741668701172,425900,0.0,0.0
2022-09-12 00:00:00-04:00,68.15604105409989,69.31291209394033,68.07469489587922,68.66217041015625,374000,0.0,0.0
2022-09-13 00:00:00-04:00,66.92686128795967,67.55952295880734,65.73383721186475,65.90555572509766,263000,0.0,0.0
2022-09-14 00:00:00-04:00,65.73383155474501,66.01400928550873,64.38715527834479,65.05597686767578,395300,0.0,0.0
2022-09-15 00:00:00-04:00,65.03790478744638,66.63764590487682,64.84810627945376,65.49884796142578,429700,0.0,0.0
2022-09-16 00:00:00-04:00,64.56793156222193,64.56793156222193,62.64281951294064,63.257408142089844,1214100,0.0,0.0
2022-09-19 00:00:00-04:00,62.83261067125821,65.04694023401433,62.83261067125821,64.67637634277344,400000,0.0,0.0
2022-09-20 00:00:00-04:00,63.86295712111031,64.1160217844198,62.208989920272636,62.724159240722656,284000,0.0,0.0
2022-09-21 00:00:00-04:00,62.87781062061351,64.15218094732606,62.199955824403574,62.2089958190918,304600,0.0,0.0
2022-09-22 00:00:00-04:00,61.91073116313661,61.91073116313661,60.97077178955078,60.97077178955078,322200,0.0,0.0
2022-09-23 00:00:00-04:00,59.82294366175285,60.247733743487146,58.4220410809902,59.05470275878906,574600,0.0,0.0
2022-09-26 00:00:00-04:00,59.04567128287097,60.22965541050223,58.765486621721315,59.398155212402344,346500,0.0,0.0
2022-09-27 00:00:00-04:00,60.193500954898056,60.58213795749893,58.015331257898886,58.837791442871094,369800,0.0,0.0
2022-09-28 00:00:00-04:00,58.91913949518024,60.18446289739216,58.76548717162989,59.624107360839844,722700,0.0,0.0
2022-09-29 00:00:00-04:00,59.00951486842826,59.108934114270745,57.84360389986227,58.37684631347656,745800,0.0,0.0
2022-09-30 00:00:00-04:00,58.48530865834605,59.83197820240029,58.223203986799405,58.46723556518555,783500,0.0,0.0
2022-10-03 00:00:00-04:00,59.53372795700625,61.775163888713564,58.87394627418795,61.09730911254883,889400,0.0,0.0
2022-10-04 00:00:00-04:00,62.21802422651984,63.88103145347444,62.21802422651984,63.347782135009766,703600,0.0,0.0
2022-10-05 00:00:00-04:00,62.24514794335495,63.12183434072999,61.71189859289441,62.8506965637207,475000,0.0,0.0
2022-10-06 00:00:00-04:00,62.24514483332596,62.850693423435956,61.46787083284339,62.26321792602539,294600,0.0,0.0
2022-10-07 00:00:00-04:00,61.476898729215186,61.476898729215186,60.16638241130763,60.55501937866211,336500,0.0,0.0
2022-10-10 00:00:00-04:00,60.68155108987321,61.22383346092189,59.985623311201394,60.97980880737305,313100,0.0,0.0
2022-10-11 00:00:00-04:00,60.871356606686504,61.73900987969262,60.401380336285584,60.91654968261719,315900,0.0,0.0
2022-10-12 00:00:00-04:00,60.87135251670142,62.28129502415976,60.573094784787656,61.296142578125,389200,0.0,0.0
2022-10-13 00:00:00-04:00,60.26580544653364,65.17347401984858,59.09989447105053,64.58599853515625,545800,0.0,0.0
2022-10-14 00:00:00-04:00,65.01982778972574,65.23673937219208,63.74545758980944,64.2515869140625,468500,0.0,0.0
2022-10-17 00:00:00-04:00,65.67960142602895,66.4388022951319,64.54984356375863,65.86036682128906,518500,0.0,0.0
2022-10-18 00:00:00-04:00,67.25223602587135,68.17411549918239,66.36650273971368,67.15281677246094,431900,0.0,0.0
2022-10-19 00:00:00-04:00,66.25804418907227,66.82744662741445,64.64022992486231,65.31808471679688,428500,0.0,0.0
2022-10-20 00:00:00-04:00,68.4633301311444,69.5117487934854,67.0262813629818,68.63505554199219,534800,0.0,0.0
2022-10-21 00:00:00-04:00,67.07146613030953,69.09599035487888,65.62537739847428,68.72543334960938,884500,0.0,0.0
2022-10-24 00:00:00-04:00,68.56274529213425,69.5930839047995,67.31549510193283,67.70413208007812,530600,0.0,0.0
2022-10-25 00:00:00-04:00,67.29741881644703,69.26771690080452,67.19799956804634,69.17733764648438,272100,0.0,0.0
2022-10-26 00:00:00-04:00,69.2044466111973,69.79192207252898,68.03853568207603,68.57178497314453,374500,0.0,0.0
2022-10-27 00:00:00-04:00,69.1773347149886,70.14440717577263,68.5085199867675,68.69831848144531,260200,0.0,0.0
2022-10-28 00:00:00-04:00,69.21348373491685,71.51818551697245,69.0959845102256,71.03916931152344,350800,0.0,0.0
2022-10-31 00:00:00-04:00,70.22574089841915,71.78028870812527,69.80095776504089,70.8041763305664,475100,0.0,0.0
2022-11-01 00:00:00-04:00,71.42781607108442,73.09082337179741,71.02110596418748,72.5937271118164,741400,0.0,0.0
2022-11-02 00:00:00-04:00,72.0243338560336,72.91006026204869,70.47882574735803,70.7680435180664,347000,0.0,0.0
2022-11-03 00:00:00-04:00,69.90940881464662,71.25607813392354,69.04175568236455,70.01786804199219,282800,0.0,0.0
2022-11-04 00:00:00-04:00,70.96686661431137,71.88875288843865,70.09018030822233,71.08436584472656,175100,0.0,0.0
2022-11-07 00:00:00-05:00,71.23801706699685,71.68992024729891,70.5420892033496,71.38262939453125,200300,0.0,0.0
2022-11-08 00:00:00-05:00,71.79838015718408,72.891985036173,70.70477527819519,71.61761474609375,224000,0.0,0.0
2022-11-09 00:00:00-05:00,70.70477506023293,71.373589840467,70.40651730447485,70.84938049316406,186400,0.0,0.0
2022-11-10 00:00:00-05:00,73.09082245091757,75.30514526367188,72.73833852391579,75.30514526367188,318300,0.0,0.0
2022-11-11 00:00:00-05:00,75.86550627851643,77.02237728879578,75.08823227557966,76.80546569824219,309800,0.0,0.0
2022-11-14 00:00:00-05:00,75.96492783243662,76.87776729748343,75.53109774267048,75.64859008789062,221700,0.0,0.0
2022-11-15 00:00:00-05:00,76.70605107368128,77.64601055007388,75.62147926453802,76.2270278930664,171200,0.0,0.0
2022-11-16 00:00:00-05:00,75.63955157922545,76.56143097273933,75.63955157922545,76.21798706054688,422900,0.0,0.0
2022-11-17 00:00:00-05:00,74.97073758324022,75.62147928984483,73.9132857577555,75.56725311279297,387400,0.0,0.0
2022-11-18 00:00:00-05:00,76.78738799229679,77.39293660231712,75.94684779648671,77.38390350341797,301100,0.0,0.0
2022-11-21 00:00:00-05:00,77.18505881930686,78.77575982609652,77.00429342336781,78.60403442382812,430800,0.0,0.0
2022-11-22 00:00:00-05:00,78.95651993949411,80.33030249922108,78.78479453371764,80.25800323486328,405400,0.0,0.0
2022-11-23 00:00:00-05:00,79.61629593054383,80.62856149782642,79.20054584813178,79.73379516601562,313500,0.0,0.0
2022-11-25 00:00:00-05:00,79.90551566211892,80.38453188206915,79.55302487286866,79.77897644042969,107300,0.0,0.0
2022-11-28 00:00:00-05:00,79.28190135061854,79.70669147711092,78.1882963949125,78.3419418334961,248900,0.0,0.0
2022-11-29 00:00:00-05:00,78.24251569170538,79.26381438806457,78.24251569170538,79.00171661376953,558600,0.0,0.0
2022-11-30 00:00:00-05:00,78.8915421022428,80.37885170812939,77.30324194879421,80.35130310058594,379700,1.36,0.0
2022-12-01 00:00:00-05:00,81.06742223538458,82.16912841796875,80.443120197393,80.7919921875,332400,0.0,0.0
2022-12-02 00:00:00-05:00,80.11259306854518,80.96641766375723,79.35975900643703,80.7460708618164,568800,0.0,0.0
2022-12-05 00:00:00-05:00,80.06669719626223,80.6634576124531,79.25877982024309,80.35130310058594,384800,0.0,0.0
2022-12-06 00:00:00-05:00,80.28703149640441,80.58082024967787,78.8272705985859,79.745361328125,331300,0.0,0.0
2022-12-07 00:00:00-05:00,79.50665575450071,80.33293881174538,79.19450826869517,79.51583862304688,383400,0.0,0.0
2022-12-08 00:00:00-05:00,79.87389842840115,80.28703648055043,79.07515692250549,79.40567016601562,236500,0.0,0.0
2022-12-09 00:00:00-05:00,78.83645384618127,79.38730688565796,78.37740847920462,78.39576721191406,109100,0.0,0.0
2022-12-12 00:00:00-05:00,78.3774114393508,79.22205326541379,77.67966049394033,79.09352111816406,223300,0.0,0.0
2022-12-13 00:00:00-05:00,81.35201985499748,81.45301039529477,79.19450804810128,79.84635162353516,303000,0.0,0.0
2022-12-14 00:00:00-05:00,79.71781894471535,81.05823055615234,78.59774714495224,79.58928680419922,380300,0.0,0.0
2022-12-15 00:00:00-05:00,78.59775568731129,78.79055391903967,76.55959294550121,76.89010620117188,403800,0.0,0.0
2022-12-16 00:00:00-05:00,76.10053360456708,76.69729392942413,75.74247881054801,76.38513946533203,790900,0.0,0.0
2022-12-19 00:00:00-05:00,76.89928279089337,77.41341136685104,73.9981126734717,74.67749786376953,458200,0.0,0.0
2022-12-20 00:00:00-05:00,74.65913790474987,75.29262275006329,73.82367898253891,75.18244934082031,459100,0.0,0.0
2022-12-21 00:00:00-05:00,76.08217723759742,76.6697547129366,75.98118670235388,76.13726043701172,285100,0.0,0.0
2022-12-22 00:00:00-05:00,75.30180079518767,75.72412870727989,74.58569112555789,75.4946060180664,263300,0.0,0.0
2022-12-23 00:00:00-05:00,75.32017223873993,77.09208781387917,75.12737400573229,76.91764831542969,146400,0.0,0.0
2022-12-27 00:00:00-05:00,76.86255250512062,77.56947924357631,76.47695610232661,76.79828643798828,133300,0.0,0.0
2022-12-28 00:00:00-05:00,76.8350278135324,77.15635821990462,75.04474639892578,75.04474639892578,183700,0.0,0.0
2022-12-29 00:00:00-05:00,75.5680526752171,77.09208678893502,75.5680526752171,76.63304138183594,114200,0.0,0.0
2022-12-30 00:00:00-05:00,75.7975724784524,76.50450630084202,75.40279316327391,76.39433288574219,258500,0.0,0.0
2023-01-03 00:00:00-05:00,77.39504839566557,77.71637873804265,76.4585919641939,77.33995819091797,335800,0.0,0.0
2023-01-04 00:00:00-05:00,78.21215402335751,78.73546547596042,77.71638417281633,78.47840118408203,187100,0.0,0.0
2023-01-05 00:00:00-05:00,77.90917136023768,79.58009602533063,76.9084489320057,79.46074676513672,332300,0.0,0.0
2023-01-06 00:00:00-05:00,80.50738627463579,82.72916437871754,79.84635976329446,81.93960571289062,285700,0.0,0.0
2023-01-09 00:00:00-05:00,82.09566682864869,82.53635343650346,80.07587013679795,80.11259460449219,420600,0.0,0.0
2023-01-10 00:00:00-05:00,79.54338441074216,80.3145843062525,78.37741220516234,79.24959564208984,410100,0.0,0.0
2023-01-11 00:00:00-05:00,79.71783208621356,80.50739079638656,79.27714538574219,79.27714538574219,176000,0.0,0.0
2023-01-12 00:00:00-05:00,79.38731282979542,80.27786202912635,78.89154295580262,79.79127502441406,224700,0.0,0.0
2023-01-13 00:00:00-05:00,79.22205257808638,80.69099639425072,78.75382432889516,80.31458282470703,209300,0.0,0.0
2023-01-17 00:00:00-05:00,79.87389815723978,80.62673231946228,79.01089057939565,79.04761505126953,264700,0.0,0.0
2023-01-18 00:00:00-05:00,79.37812881483548,80.40639302062499,78.96499076137619,79.30467987060547,379400,0.0,0.0
2023-01-19 00:00:00-05:00,78.8915381725759,80.03915160636498,78.47840013820245,79.59846496582031,257600,0.0,0.0
2023-01-20 00:00:00-05:00,80.06669909723743,81.54482586903714,79.49748027059853,81.45301818847656,313600,0.0,0.0
2023-01-23 00:00:00-05:00,81.40711033265084,82.48127489783845,80.94806492826534,81.19595336914062,262700,0.0,0.0
2023-01-24 00:00:00-05:00,80.78280982529502,81.55400976152814,80.56246998829005,81.27857971191406,211800,0.0,0.0
2023-01-25 00:00:00-05:00,80.56246922971616,81.56318485856877,80.14014829423438,81.3520278930664,210700,0.0,0.0
2023-01-26 00:00:00-05:00,80.14013634397472,81.06740989256299,79.87388920608397,81.03068542480469,199100,0.0,0.0
2023-01-27 00:00:00-05:00,79.6902796805772,81.15922347560424,79.16696823470893,80.05751037597656,369600,0.0,0.0
2023-01-30 00:00:00-05:00,79.43321025828536,80.3329422939473,79.43321025828536,79.78208923339844,371900,0.0,0.0
2023-01-31 00:00:00-05:00,81.10413815243463,81.93960414508244,78.01935949932678,80.02079772949219,486200,0.0,0.0
2023-02-01 00:00:00-05:00,80.39720021057845,82.30683049757681,78.98333972911674,81.69171142578125,402100,0.0,0.0
2023-02-02 00:00:00-05:00,82.03139790569128,83.7115054707168,82.02221503796838,83.51870727539062,347600,0.0,0.0
2023-02-03 00:00:00-05:00,83.17902324124262,84.40008565933739,82.75670232311113,83.3810043334961,350400,0.0,0.0
2023-02-06 00:00:00-05:00,82.58226520727544,82.95868579992708,81.10413844908963,82.4445571899414,344700,0.0,0.0
2023-02-07 00:00:00-05:00,81.7376097648206,84.0512021342725,81.7376097648206,84.00529479980469,398700,0.0,0.0
2023-02-08 00:00:00-05:00,83.53707132698686,84.85912418425688,82.11403493623625,82.28846740722656,291400,0.0,0.0
2023-02-09 00:00:00-05:00,82.83015363299509,83.5370804716022,81.33366113644091,81.5264663696289,492000,0.0,0.0
2023-02-10 00:00:00-05:00,81.56317593532754,81.96713809223597,81.07658897603854,81.3979263305664,288400,0.0,0.0
2023-02-13 00:00:00-05:00,81.35201613938462,82.11403308883256,81.09495186836027,81.84778594970703,246700,0.0,0.0
2023-02-14 00:00:00-05:00,81.48054993453161,81.80188027985706,80.57164209933214,80.91133117675781,239800,0.0,0.0
2023-02-15 00:00:00-05:00,80.33293294464967,81.24184073899875,80.10341027909352,81.20511627197266,218500,0.0,0.0
2023-02-16 00:00:00-05:00,79.39648968213704,80.66345237223032,78.73546323357483,80.33293914794922,370100,0.0,0.0
2023-02-17 00:00:00-05:00,80.26867440208503,81.22348962083086,79.98406851155147,80.97560119628906,160000,0.0,0.0
2023-02-21 00:00:00-05:00,80.19522878563575,80.36966827647235,78.8364583443641,78.94662475585938,149600,0.0,0.0
2023-02-22 00:00:00-05:00,78.81808839809355,79.44239037965075,78.46921643952318,78.75382232666016,211700,0.0,0.0
2023-02-23 00:00:00-05:00,79.39649052329369,79.91061909785499,77.69801704544736,78.32231903076172,287800,0.0,0.0
2023-02-24 00:00:00-05:00,77.45013297966294,77.45013297966294,76.20152905171054,77.26651763916016,217500,0.0,0.0
2023-02-27 00:00:00-05:00,78.38657953042986,78.54266026902073,77.56947938773902,77.71637725830078,248000,0.0,0.0
2023-02-28 00:00:00-05:00,77.39504872871564,78.59774530299231,77.25733372296823,77.92753601074219,381500,0.0,0.0
2023-03-01 00:00:00-05:00,77.82654502321873,79.2128639319633,77.7163786228391,78.35903930664062,260000,0.0,0.0
2023-03-02 00:00:00-05:00,77.92753736644984,78.1295184444631,77.2022448610733,77.62457275390625,205900,0.0,0.0
2023-03-03 00:00:00-05:00,78.03770950653951,78.92825860633033,77.46849075088039,78.61610412597656,247100,0.0,0.0
2023-03-06 00:00:00-05:00,78.86399189355122,79.36893757178476,77.3950481863178,77.67047119140625,379100,0.0,0.0
2023-03-07 00:00:00-05:00,77.67048071708962,78.30396561409447,77.10126890074505,77.39505767822266,306100,0.0,0.0
2023-03-08 00:00:00-05:00,77.51440005481345,78.17542649636037,76.78910754280926,77.09207916259766,193500,0.0,0.0
2023-03-09 00:00:00-05:00,77.33079041573208,77.75311133909763,75.73330739600695,75.76084899902344,327700,0.0,0.0
2023-03-10 00:00:00-05:00,75.64149461423138,75.81593409420213,73.69513974682391,74.26435852050781,359100,0.0,0.0
2023-03-13 00:00:00-04:00,73.21774291992188,73.594163518399,71.97832171339542,72.5291748046875,375100,0.0,0.0
2023-03-14 00:00:00-04:00,74.38371861082537,75.8067622497409,73.81450675884108,74.40208435058594,591800,0.0,0.0
2023-03-15 00:00:00-04:00,72.78623143291722,73.19937646114711,71.48254428671909,72.29964447021484,376700,0.0,0.0
2023-03-16 00:00:00-04:00,71.51927271605832,74.29190377236574,71.24384268198844,73.51152801513672,359300,0.0,0.0
2023-03-17 00:00:00-04:00,73.41053340502955,73.41053340502955,71.73960856856364,72.29964447021484,735900,0.0,0.0
2023-03-20 00:00:00-04:00,73.03412857505455,74.20010085112412,72.40064365878148,73.2728271484375,400200,0.0,0.0
2023-03-21 00:00:00-04:00,74.5305965119266,74.8427439593225,73.72267929118823,74.41124725341797,265700,0.0,0.0
2023-03-22 00:00:00-04:00,74.57651880930412,74.57651880930412,71.014322020369,71.06941223144531,347700,0.0,0.0
2023-03-23 00:00:00-04:00,71.17039048004321,73.19937716219772,71.05104120646558,71.53762817382812,399300,0.0,0.0
2023-03-24 00:00:00-04:00,70.7664379649258,71.99667622992231,70.34411705286088,71.6478042602539,287700,0.0,0.0
2023-03-27 00:00:00-04:00,72.63933610899996,72.92394197439388,71.9324023727638,72.4373550415039,190000,0.0,0.0
2023-03-28 00:00:00-04:00,72.12521234970735,73.19020105968886,71.7579816264502,72.85968780517578,160800,0.0,0.0
2023-03-29 00:00:00-04:00,73.6308851325389,74.76013998706792,73.6308851325389,74.55815887451172,313700,0.0,0.0
2023-03-30 00:00:00-04:00,75.41198366565,75.67823085906704,74.36536063192919,74.55815887451172,193200,0.0,0.0
2023-03-31 00:00:00-04:00,75.12736644859828,75.77921002923846,74.85193642659193,75.77002716064453,242500,0.0,0.0
2023-04-03 00:00:00-04:00,75.6874049722605,75.86183745471439,74.68668239523342,74.96211242675781,298000,0.0,0.0
2023-04-04 00:00:00-04:00,75.20999481383654,75.20999481383654,73.25446397931829,73.64006042480469,289900,0.0,0.0
2023-04-05 00:00:00-04:00,73.21773174793431,73.36462961891877,72.01503519827203,72.49243927001953,440400,0.0,0.0
2023-04-06 00:00:00-04:00,72.59343958934411,72.59343958934411,71.56517536729146,71.65699005126953,383100,0.0,0.0
2023-04-10 00:00:00-04:00,71.19793349599244,72.24455628819905,71.19793349599244,72.18029022216797,302400,0.0,0.0
2023-04-11 00:00:00-04:00,72.35473556231906,72.98822047199928,72.19866180339055,72.42818450927734,197000,0.0,0.0
2023-04-12 00:00:00-04:00,72.8872189582158,73.05247556177741,71.70288113343682,71.83141326904297,236500,0.0,0.0
2023-04-13 00:00:00-04:00,72.03340641644742,73.8695880951878,71.29893794763761,73.75941467285156,287100,0.0,0.0
2023-04-14 00:00:00-04:00,73.75940841450459,74.35616881035665,72.71278550678474,73.4564437866211,226100,0.0,0.0
2023-04-17 00:00:00-04:00,73.72269199813431,74.01648076581115,72.9606749741836,73.97057342529297,210100,0.0,0.0
2023-04-18 00:00:00-04:00,74.31943706598724,74.74176493887208,72.85967626025719,73.02493286132812,270700,0.0,0.0
2023-04-19 00:00:00-04:00,72.48326746188104,73.43808275554329,72.46490872744471,72.98822021484375,316100,0.0,0.0
2023-04-20 00:00:00-04:00,67.02980621523275,69.90342768095114,66.43304583933286,67.76427459716797,895400,0.0,0.0
2023-04-21 00:00:00-04:00,67.80100719508722,68.52629979988755,66.9563653025896,68.48039245605469,373600,0.0,0.0
2023-04-24 00:00:00-04:00,68.46202926582738,68.67319322744825,67.97544227256509,68.38858032226562,258100,0.0,0.0
2023-04-25 00:00:00-04:00,67.5898443364581,69.04042241522183,67.41540485046133,68.76499938964844,585400,0.0,0.0
2023-04-26 00:00:00-04:00,68.3885790631909,69.20567928296104,67.75510119894456,68.66400909423828,471800,0.0,0.0
2023-04-27 00:00:00-04:00,68.59973877547753,69.41683894467963,68.10396895296005,68.24168395996094,456100,0.0,0.0
2023-04-28 00:00:00-04:00,68.27841345707053,69.78408176768392,68.27841345707053,69.50865173339844,403300,0.0,0.0
2023-05-01 00:00:00-04:00,69.31584984086803,70.17885736508742,69.19650056805153,69.57291412353516,231100,0.0,0.0
2023-05-02 00:00:00-04:00,69.16895904019475,69.48111356142908,67.98462804593146,68.62728881835938,296800,0.0,0.0
2023-05-03 00:00:00-04:00,68.79254413744621,69.9034331683529,66.80946464114945,67.06653594970703,646500,0.0,0.0
2023-05-04 00:00:00-04:00,66.51566985212402,66.53403558902797,63.88992983296404,63.899112701416016,1160500,0.0,0.0
2023-05-05 00:00:00-04:00,64.80802496937794,65.10182074405232,64.33062084448565,64.61522674560547,787200,0.0,0.0
2023-05-08 00:00:00-04:00,65.19362369880693,65.75365959587688,64.28470884682217,64.85392761230469,687800,0.0,0.0
2023-05-09 00:00:00-04:00,64.48669230364733,64.8080226651768,63.77976550828254,64.60604858398438,649200,0.0,0.0
2023-05-10 00:00:00-04:00,65.57004153688918,66.1208946015606,64.77130704468249,65.73529815673828,527100,0.0,0.0
2023-05-11 00:00:00-04:00,64.84474819144583,65.67103128060043,64.45915175133257,65.12017822265625,277500,0.0,0.0
2023-05-12 00:00:00-04:00,65.35888008966806,65.64348596922109,64.94573506619699,65.18444061279297,227700,0.0,0.0
2023-05-15 00:00:00-04:00,65.41396358751469,65.98318235367715,65.07426750060665,65.54249572753906,289300,0.0,0.0
2023-05-16 00:00:00-04:00,65.46905389733955,65.5149612399653,64.61522915763084,64.8263931274414,236200,0.0,0.0
2023-05-17 00:00:00-04:00,65.20280188111226,67.02062464524052,64.77130511304703,66.77274322509766,332700,0.0,0.0
2023-05-18 00:00:00-04:00,66.36877515897389,67.947892226954,66.24942589387342,67.77345275878906,361000,0.0,0.0
2023-05-19 00:00:00-04:00,68.40693716035868,68.40693716035868,66.72682956847568,66.95635223388672,263300,0.0,0.0
2023-05-22 00:00:00-04:00,67.03898210138722,68.29676892457636,66.57076087176016,67.9937973022461,224700,0.0,0.0
2023-05-23 00:00:00-04:00,67.846904463358,68.91188603824901,67.47966678066324,68.57219696044922,316600,0.0,0.0
2023-05-24 00:00:00-04:00,68.43448339426865,68.43448339426865,67.11243051053178,67.73673248291016,247900,0.0,0.0
2023-05-25 00:00:00-04:00,67.25932717168979,67.45212537966741,65.90054984304476,66.07498931884766,300800,0.0,0.0
2023-05-26 00:00:00-04:00,66.31369986166924,67.53475527088493,66.26779252105831,66.42386627197266,391300,0.0,0.0
2023-05-30 00:00:00-04:00,66.60748938652421,66.67175546142344,65.50577623963852,66.12089538574219,462400,0.0,0.0
2023-05-31 00:00:00-04:00,65.25864779276955,66.30833711704342,64.53699129824744,65.7647476196289,369600,1.47,0.0
2023-06-01 00:00:00-04:00,65.60542532842548,67.81726595438917,65.60542532842548,67.54547119140625,349600,0.0,0.0
2023-06-02 00:00:00-04:00,68.38896427473928,70.488335678304,68.3233591418286,70.19779968261719,312400,0.0,0.0
2023-06-05 00:00:00-04:00,69.51362334930818,69.66358201961913,68.07967752896872,68.65138244628906,170600,0.0,0.0
2023-06-06 00:00:00-04:00,68.6888758263038,71.03192654837547,68.6888758263038,70.69452667236328,241300,0.0,0.0
2023-06-07 00:00:00-04:00,70.92884041540628,72.4096503688817,70.72265078259018,72.33467102050781,339800,0.0,0.0
2023-06-08 00:00:00-04:00,72.02538639994596,72.46588113256443,71.10691441103543,71.80982971191406,198800,0.0,0.0
2023-06-09 00:00:00-04:00,71.76296346582929,72.02538402543804,70.91009664710081,71.66924285888672,269400,0.0,0.0
2023-06-12 00:00:00-04:00,71.64112280806997,72.34403804080088,71.46304866097596,71.78170013427734,259900,0.0,0.0
2023-06-13 00:00:00-04:00,72.15659800252904,72.67207209276184,71.79108261142734,72.30655670166016,240300,0.0,0.0
2023-06-14 00:00:00-04:00,71.55677646462202,72.88762772311723,69.91664075649186,70.53520965576172,532700,0.0,0.0
2023-06-15 00:00:00-04:00,70.30090373883048,71.61301372019375,70.18843471742535,71.54740142822266,326700,0.0,0.0
2023-06-16 00:00:00-04:00,71.9878908967501,72.06287023887431,71.06004477683986,71.75358581542969,496000,0.0,0.0
2023-06-20 00:00:00-04:00,72.52210866543759,72.52210866543759,70.8351163127446,72.09098815917969,365400,0.0,0.0
2023-06-21 00:00:00-04:00,71.88480338354383,73.50619785700073,71.60364154768222,72.8313980102539,489300,0.0,0.0
2023-06-22 00:00:00-04:00,72.65331644572335,73.70300578384565,72.21282889934186,73.35623168945312,400000,0.0,0.0
2023-06-23 00:00:00-04:00,72.73766885502855,73.55305309914887,71.55676926192204,71.78170013427734,732900,0.0,0.0
2023-06-26 00:00:00-04:00,71.65049098401914,73.40309556587123,71.65049098401914,73.35623168945312,259300,0.0,0.0
2023-06-27 00:00:00-04:00,73.43121079639015,74.82766707400923,72.9438593751513,74.43403625488281,501100,0.0,0.0
2023-06-28 00:00:00-04:00,74.0872692310289,74.54650518617431,73.46870038700057,74.23722076416016,325000,0.0,0.0
2023-06-29 00:00:00-04:00,74.30283189098988,75.67117281183889,73.87171136664766,74.81830596923828,199800,0.0,0.0
2023-06-30 00:00:00-04:00,75.27753176440588,75.57744196464562,74.3965424228915,74.41529083251953,433600,0.0,0.0
2023-07-03 00:00:00-04:00,74.11539178981309,75.53058946157974,74.11539178981309,74.7245864868164,219200,0.0,0.0
2023-07-05 00:00:00-04:00,74.70583100630542,75.15569990703817,73.46870046731985,74.43403625488281,449500,0.0,0.0
2023-07-06 00:00:00-04:00,73.52493395951515,73.91857194277631,72.75641355474636,73.36560821533203,374000,0.0,0.0
2023-07-07 00:00:00-04:00,73.68427411791505,75.28692022424764,73.68427411791505,74.37781524658203,452800,0.0,0.0
2023-07-10 00:00:00-04:00,74.08726939259275,75.54933080832285,74.08726939259275,74.63085174560547,304600,0.0,0.0
2023-07-11 00:00:00-04:00,75.0994705742179,76.39283934548207,74.5933706833438,76.33660125732422,365600,0.0,0.0
2023-07-12 00:00:00-04:00,77.48937995521288,78.10794167702231,77.24570065853696,77.68619537353516,365400,0.0,0.0
2023-07-13 00:00:00-04:00,78.00485130637452,78.64216141756182,76.74897234443618,78.42659759521484,331200,0.0,0.0
2023-07-14 00:00:00-04:00,78.10794369704736,78.9420764206863,77.46126649167097,78.77337646484375,334900,0.0,0.0
2023-07-17 00:00:00-04:00,78.47346775109173,80.24481374663537,78.47346775109173,79.92615509033203,288500,0.0,0.0
2023-07-18 00:00:00-04:00,79.99176015670339,81.97866998995384,79.94490342669619,81.79122161865234,320200,0.0,0.0
2023-07-19 00:00:00-04:00,81.88495146064328,83.32827177943813,81.7162514973965,83.27203369140625,553800,0.0,0.0
2023-07-20 00:00:00-04:00,80.31978643698007,80.62907088899857,76.18664813885961,77.18009948730469,1472400,0.0,0.0
2023-07-21 00:00:00-04:00,77.24569853968725,77.33941914339988,72.75641226274259,73.00009155273438,962000,0.0,0.0
2023-07-24 00:00:00-04:00,72.43776653730288,75.2306793622045,72.43776653730288,75.18382263183594,535300,0.0,0.0
2023-07-25 00:00:00-04:00,74.82767339069865,76.85207288925334,74.46215800630809,75.93359375,428700,0.0,0.0
2023-07-26 00:00:00-04:00,74.92140053368513,77.20821343120583,74.44341613095054,76.09292602539062,514200,0.0,0.0
2023-07-27 00:00:00-04:00,76.65525101994392,76.65525101994392,74.23722087227746,74.49964141845703,378600,0.0,0.0
2023-07-28 00:00:00-04:00,75.32439576200696,75.9991883508394,74.4621476782785,74.6777114868164,201900,0.0,0.0
2023-07-31 00:00:00-04:00,74.67771952641631,75.11821424532084,73.55305794019435,73.92794036865234,245000,0.0,0.0
2023-08-01 00:00:00-04:00,73.68426390794646,74.13412565593796,72.05349540781242,73.51556396484375,361900,0.0,0.0
2023-08-02 00:00:00-04:00,72.73767386445735,73.01884283708317,72.07224825636185,72.6533203125,260900,0.0,0.0
2023-08-03 00:00:00-04:00,72.54086045631252,73.90920138351086,72.02538637567223,73.80610656738281,572900,0.0,0.0
2023-08-04 00:00:00-04:00,73.79672780111441,74.12475349105928,72.10973547407353,72.25031280517578,275900,0.0,0.0
2023-08-07 00:00:00-04:00,73.92794158477652,75.27754123078314,73.2718901737589,74.09664154052734,334800,0.0,0.0
2023-08-08 00:00:00-04:00,73.10318868530452,73.10318868530452,72.05349929926035,73.00946807861328,330900,0.0,0.0
2023-08-09 00:00:00-04:00,72.85014163446442,73.17816732995404,72.1284779539634,72.41901397705078,198300,0.0,0.0
2023-08-10 00:00:00-04:00,72.6439500325624,73.35623233752968,71.62237615109626,72.08161926269531,254600,0.0,0.0
2023-08-11 00:00:00-04:00,71.7910842707567,71.97853264900316,71.19126376121704,71.72547912597656,291100,0.0,0.0
2023-08-14 00:00:00-04:00,71.42555829830862,71.8566787788213,71.22874289310217,71.74421691894531,211300,0.0,0.0
2023-08-15 00:00:00-04:00,71.09753439465216,71.8660547747906,70.87260351887164,71.62237548828125,261100,0.0,0.0
2023-08-16 00:00:00-04:00,71.50991845968295,73.34686956198654,71.50991845968295,72.23157501220703,254600,0.0,0.0
2023-08-17 00:00:00-04:00,72.37216073734577,73.08445024646909,72.29718138892768,72.46588134765625,275800,0.0,0.0
2023-08-18 00:00:00-04:00,72.26906238892586,73.16879307469831,71.88479860988119,72.28780364990234,366500,0.0,0.0
2023-08-21 00:00:00-04:00,72.16597097635513,72.62520697135861,71.93166587578254,72.07225036621094,291900,0.0,0.0
2023-08-22 00:00:00-04:00,72.54085280244051,73.46869889927069,71.87542724609375,71.87542724609375,303600,0.0,0.0
2023-08-23 00:00:00-04:00,72.1472221621478,72.372153033033,71.50991206928683,72.26905822753906,543100,0.0,0.0
2023-08-24 00:00:00-04:00,72.23156872610389,73.11255810222946,72.23156872610389,72.66268920898438,287100,0.0,0.0
2023-08-25 00:00:00-04:00,72.95323646805114,73.68427442613184,72.39090562757912,73.03759002685547,269900,0.0,0.0
2023-08-28 00:00:00-04:00,73.1031910515661,73.79673214403911,72.64395505861734,73.15005493164062,244700,0.0,0.0
2023-08-29 00:00:00-04:00,73.46870660809877,73.95606522049641,73.2156602462023,73.67489624023438,179200,0.0,0.0
2023-08-30 00:00:00-04:00,73.43121325699644,75.51184358556101,73.43121325699644,74.90264892578125,302200,0.0,0.0
2023-08-31 00:00:00-04:00,74.77143827121897,74.91202275360122,73.77798698978573,73.91857147216797,205600,0.0,0.0
2023-09-01 00:00:00-04:00,74.65897310252365,75.10883484573507,74.23721967403651,74.39654541015625,210800,0.0,0.0
2023-09-05 00:00:00-04:00,73.6842731109004,74.08727818362308,72.30655792855956,72.54086303710938,365400,0.0,0.0
2023-09-06 00:00:00-04:00,72.54085605578331,72.54085605578331,70.40399481552821,70.71327209472656,331100,0.0,0.0
2023-09-07 00:00:00-04:00,70.25403866138991,70.76951272934625,69.02628225461542,69.44802856445312,620400,0.0,0.0
2023-09-08 00:00:00-04:00,69.63547267521007,69.97287256263313,69.11062443342779,69.23246765136719,315100,0.0,0.0
2023-09-11 00:00:00-04:00,69.35430666440196,69.35430666440196,68.25776055891788,69.08251190185547,326800,0.0,0.0
2023-09-12 00:00:00-04:00,69.03565354115291,69.79479972692783,68.4826898234175,69.59798431396484,387600,0.0,0.0
2023-09-13 00:00:00-04:00,69.84165581324844,69.84165581324844,68.83883034662723,69.204345703125,329200,0.0,0.0
2023-09-14 00:00:00-04:00,69.68232488653608,70.3196349492215,69.28869409351886,69.54174041748047,531500,0.0,0.0
2023-09-15 00:00:00-04:00,69.44803115318736,70.41336703423109,68.67951070076596,70.31027221679688,1548100,0.0,0.0
2023-09-18 00:00:00-04:00,70.29152541434328,70.42273568974949,69.59798436570708,69.72919464111328,370100,0.0,0.0
2023-09-19 00:00:00-04:00,69.7573166091117,70.1322062096821,69.56987538403868,69.82292175292969,371900,0.0,0.0
2023-09-20 00:00:00-04:00,69.96350270216395,71.15376943696252,69.54174924148172,69.64484405517578,401700,0.0,0.0
2023-09-21 00:00:00-04:00,69.3730462586406,69.7010790972137,68.92318450072823,69.53237915039062,244500,0.0,0.0
2023-09-22 00:00:00-04:00,69.60736061618621,70.06660379119943,68.7263782435668,68.7544937133789,255600,0.0,0.0
2023-09-25 00:00:00-04:00,68.55766729244581,69.19497739099052,68.55766729244581,68.97003936767578,292300,0.0,0.0
2023-09-26 00:00:00-04:00,68.65139023460867,69.02627980249333,67.14246490793012,67.31116485595703,255800,0.0,0.0
2023-09-27 00:00:00-04:00,67.78915008850285,68.31399119990468,67.47986565481655,68.29524993896484,352600,0.0,0.0
2023-09-28 00:00:00-04:00,68.44520339135639,68.9700445174318,68.23901376313417,68.50143432617188,264900,0.0,0.0
2023-09-29 00:00:00-04:00,68.98878999668578,69.31681568653892,68.32336441143404,68.71699523925781,279400,0.0,0.0
2023-10-02 00:00:00-04:00,68.5482914241662,68.67012748768819,67.22681453376394,67.8172607421875,247300,0.0,0.0
2023-10-03 00:00:00-04:00,67.94847874241026,68.17340963543877,67.4517530763612,68.0796890258789,333600,0.0,0.0
2023-10-04 00:00:00-04:00,68.0140862794175,68.47332228773084,67.36740189495883,68.35148620605469,253500,0.0,0.0
2023-10-05 00:00:00-04:00,68.03282411223151,68.64201879075114,67.92036224263802,68.43582916259766,216700,0.0,0.0
2023-10-06 00:00:00-04:00,67.9859632753212,69.07313513476886,67.49860470178453,68.4826889038086,211500,0.0,0.0
2023-10-09 00:00:00-04:00,68.09843478971976,69.31681696746392,67.81726582155055,69.01690673828125,177500,0.0,0.0
2023-10-10 00:00:00-04:00,68.85758099318318,69.63547560808395,68.62327590318347,69.01690673828125,254000,0.0,0.0
2023-10-11 00:00:00-04:00,69.27932190711239,70.00098553242461,68.84820143309233,68.89506530761719,366600,0.0,0.0
2023-10-12 00:00:00-04:00,68.7638582672167,68.7638582672167,67.32990515427247,67.79851531982422,223900,0.0,0.0
2023-10-13 00:00:00-04:00,67.87349855575943,68.32336748668081,66.71134728064662,67.02999877929688,301800,0.0,0.0
2023-10-16 00:00:00-04:00,67.5735925424303,68.107807909178,67.19870293496668,67.8641357421875,249700,0.0,0.0
2023-10-17 00:00:00-04:00,67.56421220015405,69.08251175480905,67.56421220015405,68.68888092041016,361300,0.0,0.0
2023-10-18 00:00:00-04:00,67.93909700719584,67.93909700719584,66.60824590783012,66.73945617675781,348600,0.0,0.0
2023-10-19 00:00:00-04:00,64.66820773117834,65.42735396858251,63.121792637956624,65.1368179321289,870700,0.0,0.0
2023-10-20 00:00:00-04:00,65.08058304147404,66.35520328264015,64.87439342151721,65.64291381835938,656900,0.0,0.0
2023-10-23 00:00:00-04:00,65.23991042462488,66.7300873783662,64.7525518287577,65.12744140625,626800,0.0,0.0
2023-10-24 00:00:00-04:00,65.29614005704248,65.63353995501771,64.09649915331893,64.76192474365234,386700,0.0,0.0
2023-10-25 00:00:00-04:00,63.77785386276678,64.65883621491517,63.77785386276678,64.13399505615234,375900,0.0,0.0
2023-10-26 00:00:00-04:00,64.387032369662,65.71789064279551,64.387032369662,65.17430114746094,560300,0.0,0.0
2023-10-27 00:00:00-04:00,65.26802581985707,65.77412567635167,64.70569502944883,64.93062591552734,323100,0.0,0.0
2023-10-30 00:00:00-04:00,65.5585630967318,66.00843202789785,64.87439621964637,65.16493225097656,208000,0.0,0.0
2023-10-31 00:00:00-04:00,65.37111903490832,65.9803136889743,64.96811400071918,65.57730865478516,228700,0.0,0.0
2023-11-01 00:00:00-04:00,65.37112190249042,65.71789601935164,64.54637053722816,65.23053741455078,209300,0.0,0.0
2023-11-02 00:00:00-04:00,65.83035633080904,67.89224542078493,65.83035633080904,67.87349700927734,242900,0.0,0.0
2023-11-03 00:00:00-04:00,68.8200876969635,69.35430298801641,68.43582393739418,68.64201354980469,181500,0.0,0.0
2023-11-06 00:00:00-05:00,68.65138903524456,68.951299254228,68.1359149946057,68.94192504882812,173600,0.0,0.0
2023-11-07 00:00:00-05:00,68.45457859256122,68.82009397502425,67.99534260056839,68.01408386230469,286100,0.0,0.0
2023-11-08 00:00:00-05:00,67.97659067203986,68.59515953370187,67.64856498044205,67.901611328125,317100,0.0,0.0
2023-11-09 00:00:00-05:00,68.38896827454589,68.90443516315649,67.93909937225932,68.41708374023438,209900,0.0,0.0
2023-11-10 00:00:00-05:00,68.4639479351388,69.204345703125,67.9672151541117,69.204345703125,196400,0.0,0.0
2023-11-13 00:00:00-05:00,69.22309280167505,69.51362881019791,67.21744190645423,67.2361831665039,283900,0.0,0.0
2023-11-14 00:00:00-05:00,68.68889104663307,70.21655788177726,68.68889104663307,69.48552703857422,277500,0.0,0.0
2023-11-15 00:00:00-05:00,69.63547663492432,71.04130719565288,69.39179733561265,70.52583312988281,210000,0.0,0.0
2023-11-16 00:00:00-05:00,70.47896793156247,70.75076269293251,69.29807543096364,70.09471130371094,183700,0.0,0.0
2023-11-17 00:00:00-05:00,70.82574338698954,70.88197432130167,69.9353868917356,70.59143829345703,224700,0.0,0.0
2023-11-20 00:00:00-05:00,70.4227334347311,71.55676915038516,70.08533355151229,71.51927947998047,166100,0.0,0.0
2023-11-21 00:00:00-05:00,71.13502782655421,71.29435357405455,70.31964352690845,70.59143829345703,204300,0.0,0.0
2023-11-22 00:00:00-05:00,71.15376934469796,71.70673308565122,70.13220256541214,71.31309509277344,173800,0.0,0.0
2023-11-24 00:00:00-05:00,71.42556532917527,71.60363949207249,71.03193448001484,71.48179626464844,120700,0.0,0.0
2023-11-27 00:00:00-05:00,71.03193549621666,71.22875092361258,70.81637165644537,71.06005096435547,172400,0.0,0.0
2023-11-28 00:00:00-05:00,71.09753679890612,71.09753679890612,69.73857014247977,70.09471130371094,225400,0.0,0.0
2023-11-29 00:00:00-05:00,70.75076163831966,71.27560989229738,70.16968960236312,70.38524627685547,333600,0.0,0.0
2023-11-30 00:00:00-05:00,70.7389448570879,71.35074055347859,70.23230222974998,70.93968963623047,445300,1.47,0.0
2023-12-01 00:00:00-05:00,70.7293863513956,72.5647808077887,70.7293863513956,72.52654266357422,273400,0.0,0.0
2023-12-04 00:00:00-05:00,72.17284379995186,74.00823092503113,72.01033716030196,73.85528564453125,277000,0.0,0.0
2023-12-05 00:00:00-05:00,73.46335264998122,73.73101236987017,72.07725454633605,72.44050598144531,184500,0.0,0.0
2023-12-06 00:00:00-05:00,72.92802702687217,73.23392486554924,71.99121079351004,72.19195556640625,188700,0.0,0.0
2023-12-07 00:00:00-05:00,72.2206425504351,73.11921338531718,71.9434214834121,72.6986083984375,266200,0.0,0.0
2023-12-08 00:00:00-05:00,72.87067931755944,73.23393075106283,72.45006702063316,72.84199523925781,175500,0.0,0.0
2023-12-11 00:00:00-05:00,72.69860637801223,73.68321483062434,72.69860637801223,73.10965728759766,231600,0.0,0.0
2023-12-12 00:00:00-05:00,73.12877509851064,73.12877509851064,72.25887375020714,72.3353500366211,203200,0.0,0.0
2023-12-13 00:00:00-05:00,72.03901324008812,72.91846865060738,70.63379247916058,72.7368392944336,495000,0.0,0.0
2023-12-14 00:00:00-05:00,73.75969131074234,76.48409511725082,73.63541552574976,76.11128234863281,430100,0.0,0.0
2023-12-15 00:00:00-05:00,76.23555326107733,76.46497482754688,75.35609784529396,75.73847198486328,589600,0.0,0.0
2023-12-18 00:00:00-05:00,76.3120293164522,76.38850560277041,75.19359097847364,75.4994888305664,172000,0.0,0.0
2023-12-19 00:00:00-05:00,75.94876803887583,76.13039738945446,75.24138064726512,76.07304382324219,238900,0.0,0.0
2023-12-20 00:00:00-05:00,75.88185903468519,76.58925377467115,74.50532228592577,74.60091400146484,209100,0.0,0.0
2023-12-21 00:00:00-05:00,74.98329053124694,75.37521876532215,74.52444007167675,75.30830383300781,193400,0.0,0.0
2023-12-22 00:00:00-05:00,75.73847203074138,76.38850588044895,75.73847203074138,75.77670288085938,167100,0.0,0.0
2023-12-26 00:00:00-05:00,75.99657152939426,76.07304781714558,75.31786088525678,75.89141845703125,146000,0.0,0.0
2023-12-27 00:00:00-05:00,76.13996718666706,76.65617121932692,75.88186152374682,76.18775939941406,213200,0.0,0.0
2023-12-28 00:00:00-05:00,75.99656873377593,76.71351749541533,75.99656873377593,76.22599029541016,166900,0.0,0.0
2023-12-29 00:00:00-05:00,76.18775572083058,76.57012987024758,75.72891257607442,75.9678955078125,305600,0.0,0.0
2024-01-02 00:00:00-05:00,75.74802317232484,76.50321006365216,75.24138055624977,75.63331604003906,193600,0.0,0.0
2024-01-03 00:00:00-05:00,75.08843456626762,75.08843456626762,73.77880557077862,73.87439727783203,198700,0.0,0.0
2024-01-04 00:00:00-05:00,73.5015879825897,74.4479583254698,73.38687355280601,74.25677490234375,279800,0.0,0.0
2024-01-05 00:00:00-05:00,72.83243951594694,73.81704801300442,72.1250447975416,73.2912826538086,567600,0.0,0.0
2024-01-08 00:00:00-05:00,72.99494482223241,74.53399543481767,72.99494482223241,74.41928100585938,239900,0.0,0.0
2024-01-09 00:00:00-05:00,73.35819195488496,73.43466823638904,72.44049845637488,72.8802261352539,400800,0.0,0.0
2024-01-10 00:00:00-05:00,72.35447719231698,73.31040895157842,72.04857932108054,73.03318786621094,291100,0.0,0.0
2024-01-11 00:00:00-05:00,72.96626838282387,73.3868733712969,72.12504381951764,72.97582244873047,259500,0.0,0.0
2024-01-12 00:00:00-05:00,73.79791993527836,73.9891106398197,73.02361763812998,73.52070617675781,210000,0.0,0.0
2024-01-16 00:00:00-05:00,72.95670892936384,73.22436864534161,72.46918170772992,73.1670150756836,194000,0.0,0.0
2024-01-17 00:00:00-05:00,72.57433280865364,73.16701308734112,71.98165982314623,72.53609466552734,278700,0.0,0.0
2024-01-18 00:00:00-05:00,72.90890729155085,73.17657429287328,72.42138737736869,72.7368392944336,333600,0.0,0.0
2024-01-19 00:00:00-05:00,72.91846860433778,73.19568967136078,72.13460490534104,72.6986083984375,292700,0.0,0.0
2024-01-22 00:00:00-05:00,72.79420471191406,73.25304787082652,72.1632862519338,72.79420471191406,771800,0.0,0.0
2024-01-23 00:00:00-05:00,73.44423531443891,73.83616352460491,72.57433395423945,72.65081024169922,543600,0.0,0.0
2024-01-24 00:00:00-05:00,73.25304765357124,73.25304765357124,72.2015241832366,72.55522155761719,550700,0.0,0.0
2024-01-25 00:00:00-05:00,72.70815740947751,73.30083764534089,72.00077004570349,72.16327667236328,644500,0.0,0.0
2024-01-26 00:00:00-05:00,72.68905227358815,73.52071553454365,72.41183118660298,73.51115417480469,358900,0.0,0.0
2024-01-29 00:00:00-05:00,73.29128319226369,73.34864405480296,72.4596272638369,73.12877655029297,440800,0.0,0.0
2024-01-30 00:00:00-05:00,67.70864272803459,74.51487163037007,67.70864272803459,73.66409301757812,532900,0.0,0.0
2024-01-31 00:00:00-05:00,73.15745616086016,73.54939168176693,69.32416777505664,70.8727798461914,856700,0.0,0.0
2024-02-01 00:00:00-05:00,71.18823907621191,71.18823907621191,69.03739262400389,70.8727798461914,511100,0.0,0.0
2024-02-02 00:00:00-05:00,70.3183365442778,71.11176163978546,70.1271531133224,70.75806427001953,320900,0.0,0.0
2024-02-05 00:00:00-05:00,70.22273665943581,70.22273665943581,69.19989010713849,69.84036254882812,280800,0.0,0.0
2024-02-06 00:00:00-05:00,69.88816235165261,70.60511107721887,69.78300928844853,70.48084259033203,238400,0.0,0.0
2024-02-07 00:00:00-05:00,70.53819587782796,70.71982522140965,69.14253657271593,69.19989013671875,329200,0.0,0.0
2024-02-08 00:00:00-05:00,69.19989858153852,69.77345617109964,68.58810284691593,69.71610260009766,242000,0.0,0.0
2024-02-09 00:00:00-05:00,69.74477938559865,69.80213295660063,68.72193270804084,69.71610260009766,215500,0.0,0.0
2024-02-12 00:00:00-05:00,69.91684487887052,71.03528323229344,69.7447768788685,70.72938537597656,217000,0.0,0.0
2024-02-13 00:00:00-05:00,69.40064230867335,69.40064230867335,67.0968506262068,67.44098663330078,282000,0.0,0.0
2024-02-14 00:00:00-05:00,67.88071397137504,67.98586704479175,66.86742138146687,67.40274810791016,656600,0.0,0.0
2024-02-15 00:00:00-05:00,67.59392987433577,69.19989542782496,67.59392987433577,68.93223571777344,249800,0.0,0.0
2024-02-16 00:00:00-05:00,68.71236834848538,68.82708277866134,67.23067858124173,67.24979400634766,350300,0.0,0.0
2024-02-20 00:00:00-05:00,66.71447416113504,68.530745848218,66.71447416113504,68.25352478027344,354800,0.0,0.0
2024-02-21 00:00:00-05:00,67.95718540514835,68.55942708235911,67.66084889298467,68.54986572265625,349300,0.0,0.0
2024-02-22 00:00:00-05:00,68.66457463134239,68.90355755240942,67.92850315027516,68.57853698730469,357700,0.0,0.0
2024-02-23 00:00:00-05:00,68.57854030168276,69.45800303653034,68.1483739402443,69.16165924072266,408600,0.0,0.0
2024-02-26 00:00:00-05:00,68.93223766750083,69.3624040289393,68.79840780868973,69.16165924072266,365900,0.0,0.0
2024-02-27 00:00:00-05:00,69.30504631750362,69.80212757864382,68.88443404741432,69.54402923583984,515600,0.0,0.0
2024-02-28 00:00:00-05:00,69.15209246080582,70.40436788892126,69.15209246080582,69.63005828857422,489700,0.0,0.0
2024-02-29 00:00:00-05:00,70.13671033791493,70.39480868380657,68.52118345681772,68.98003387451172,811400,0.0,0.0
2024-03-01 00:00:00-05:00,69.27636663188241,70.30877454620537,68.99914558304496,70.079345703125,468600,0.0,0.0
2024-03-04 00:00:00-05:00,70.16539104023559,71.01616970375152,69.99332303563797,70.51908111572266,378600,0.0,0.0
2024-03-05 00:00:00-05:00,70.22274136020685,70.96836691455592,69.17121795553048,69.29548645019531,298000,0.0,0.0
2024-03-06 00:00:00-05:00,69.81168835269335,70.37569182769602,69.19989267033169,70.34700775146484,359800,0.0,0.0
2024-03-07 00:00:00-05:00,70.6433545876587,71.75223157503814,70.52864015730353,71.73311614990234,271700,0.0,0.0
2024-03-08 00:00:00-05:00,72.2684373128026,72.59345789338188,71.71399515916639,71.72355651855469,216500,0.0,0.0
2024-03-11 00:00:00-04:00,71.70444578912134,72.02945909780652,70.57644598237617,70.73895263671875,351000,0.0,0.0
2024-03-12 00:00:00-04:00,70.50952576983653,71.72355584627971,70.36613455307734,71.00660705566406,286000,0.0,0.0
2024-03-13 00:00:00-04:00,71.0066120276997,71.89562888204117,70.9492584542521,71.14044189453125,293700,0.0,0.0
2024-03-14 00:00:00-04:00,70.73894589659997,71.17867360401885,68.87488199632647,69.13298034667969,392700,0.0,0.0
2024-03-15 00:00:00-04:00,68.78884651093594,70.27054361176118,68.78884651093594,69.60138702392578,971500,0.0,0.0
2024-03-18 00:00:00-04:00,69.63005938194149,70.41393035324298,69.38152239868869,70.38524627685547,515100,0.0,0.0
2024-03-19 00:00:00-04:00,70.12714683363401,70.911010499447,69.60138150581687,69.63005828857422,429700,0.0,0.0
2024-03-20 00:00:00-04:00,69.41976015423388,71.41765383382925,69.34328387065267,71.38897705078125,398500,0.0,0.0
2024-03-21 00:00:00-04:00,71.69487670855337,72.11548898572781,71.59928499824463,71.81914520263672,238400,0.0,0.0
2024-03-22 00:00:00-04:00,72.07725298028959,72.07725298028959,70.70070897284883,70.76762390136719,200600,0.0,0.0
2024-03-25 00:00:00-04:00,70.76762030006573,71.27426291780503,70.49996059961327,70.98748779296875,167400,0.0,0.0
2024-03-26 00:00:00-04:00,71.16911280401106,71.72355494548705,70.67203152442649,71.5323715209961,378100,0.0,0.0
2024-03-27 00:00:00-04:00,72.01033909606335,73.03318575720881,71.71399529988715,73.00450897216797,275000,0.0,0.0
2024-03-28 00:00:00-04:00,73.1956897528169,74.44795794215918,72.985383612553,74.21853637695312,497800,0.0,0.0
2024-04-01 00:00:00-04:00,74.24722005889328,74.24722005889328,72.16328847394885,72.18241119384766,330200,0.0,0.0
2024-04-02 00:00:00-04:00,71.57060592058332,72.06768717416496,70.84409581779805,70.9110107421875,376900,0.0,0.0
2024-04-03 00:00:00-04:00,69.60138732000549,70.75806384464703,69.07562924144861,70.68159484863281,533600,0.0,0.0
2024-04-04 00:00:00-04:00,71.29338783035621,72.13460509956056,70.29921798865284,70.37569427490234,255200,0.0,0.0
2024-04-05 00:00:00-04:00,70.18449931058828,71.14999230979599,69.97419318272327,70.95880889892578,307500,0.0,0.0
2024-04-08 00:00:00-04:00,71.37941601925482,72.34490904764911,71.37941601925482,72.06768798828125,302300,0.0,0.0
2024-04-09 00:00:00-04:00,72.5360910683513,73.44423051290963,72.5360910683513,72.7559585571289,443200,0.0,0.0
2024-04-10 00:00:00-04:00,71.4463263489955,71.4463263489955,69.31460294706248,69.64917755126953,302700,0.0,0.0
2024-04-11 00:00:00-04:00,69.94551564147372,70.22273668945331,69.03738350992437,69.19989013671875,290800,0.0,0.0
2024-04-12 00:00:00-04:00,68.48294191098769,68.93223094741607,67.93806116946764,67.99541473388672,349800,0.0,0.0
2024-04-15 00:00:00-04:00,68.34911676996337,68.77928311907571,67.28803199609415,67.4505386352539,326300,0.0,0.0
2024-04-16 00:00:00-04:00,66.88654327392578,67.15420298725083,66.20783263137149,66.88654327392578,421400,0.0,0.0
2024-04-17 00:00:00-04:00,67.38362150984086,68.28219961524042,66.86741753183557,66.98213195800781,659400,0.0,0.0
2024-04-18 00:00:00-04:00,72.57433426454307,72.57433426454307,69.75433861432342,70.76762390136719,1350800,0.0,0.0
2024-04-19 00:00:00-04:00,70.85366639472711,71.65664559187022,70.34701642337076,71.54193115234375,534300,0.0,0.0
2024-04-22 00:00:00-04:00,72.16328582247274,73.03318721638725,71.41766022379201,72.31623840332031,414700,0.0,0.0
2024-04-23 00:00:00-04:00,72.23019422988092,73.38687066864951,72.08681031476152,73.07141876220703,331200,0.0,0.0
2024-04-24 00:00:00-04:00,72.91846785205891,73.74056968559606,69.9455197247006,73.70233154296875,422900,0.0,0.0
2024-04-25 00:00:00-04:00,73.15744887202428,73.15744887202428,72.22063992813551,72.83243560791016,244100,0.0,0.0
2024-04-26 00:00:00-04:00,72.66992240515708,73.17657231695175,72.27799421258293,72.50741577148438,298100,0.0,0.0
2024-04-29 00:00:00-04:00,72.50741294809654,73.57805900324621,72.50741294809654,72.80375671386719,335200,0.0,0.0
2024-04-30 00:00:00-04:00,72.39271278579594,72.87067864857684,72.01033863693515,72.12504577636719,300000,0.0,0.0
2024-05-01 00:00:00-04:00,72.29711143233303,72.77507727960183,71.19779581815884,71.85738372802734,393500,0.0,0.0
2024-05-02 00:00:00-04:00,72.13460570867451,72.90890805724388,71.74267750140143,72.81331634521484,217600,0.0,0.0
2024-05-03 00:00:00-04:00,73.5207154365493,73.58763036827165,71.66620548141444,72.2302017211914,319400,0.0,0.0
2024-05-06 00:00:00-04:00,73.12877833509651,74.05603329265954,72.82288046908214,73.55894470214844,264400,0.0,0.0
2024-05-07 00:00:00-04:00,73.99867875006584,74.55311361087387,73.61630459927456,73.64498138427734,254700,0.0,0.0
2024-05-08 00:00:00-04:00,73.10966081263537,73.53982716735122,72.937592812113,73.53026580810547,193400,0.0,0.0
2024-05-09 00:00:00-04:00,73.45378960810419,73.45378960810419,72.21108275234288,72.8897933959961,329800,0.0,0.0
2024-05-10 00:00:00-04:00,72.9280333268673,73.64498213193694,72.27799945187692,73.31996154785156,328200,0.0,0.0
2024-05-13 00:00:00-04:00,73.83616246759976,74.45751953125,73.56850275850245,74.45751953125,282200,0.0,0.0
2024-05-14 00:00:00-04:00,74.82076968465786,75.39433452950199,74.7251779749105,74.9450454711914,380900,0.0,0.0
2024-05-15 00:00:00-04:00,75.30829909018095,75.32742180859823,74.0082313786529,74.333251953125,335400,0.0,0.0
2024-05-16 00:00:00-04:00,73.97955164256149,74.21853456098124,73.15744981974319,73.78836822509766,343400,0.0,0.0
2024-05-17 00:00:00-04:00,73.75969043548257,73.75969043548257,72.89935048227325,73.47290802001953,369400,0.0,0.0
2024-05-20 00:00:00-04:00,73.47291346129029,73.47291346129029,72.52654308926346,72.60301208496094,363200,0.0,0.0
2024-05-21 00:00:00-04:00,72.3353494144835,72.5360941947085,70.37569382094608,70.9779281616211,382900,0.0,0.0
2024-05-22 00:00:00-04:00,70.85365640855585,71.44632936295899,70.50952043165998,70.83453369140625,412300,0.0,0.0
2024-05-23 00:00:00-04:00,71.60884242443483,71.94341703873039,71.22646831102006,71.36029815673828,446300,0.0,0.0
2024-05-24 00:00:00-04:00,71.87650806005301,71.87650806005301,70.98749127244339,71.36986541748047,307900,0.0,0.0
2024-05-28 00:00:00-04:00,71.5610440301635,71.85738050837483,70.8918947912412,71.07351684570312,434500,0.0,0.0
2024-05-29 00:00:00-04:00,70.3470064921973,70.57643533886082,69.0373848017632,69.11386108398438,318300,0.0,0.0
2024-05-30 00:00:00-04:00,69.31461360880263,70.01243970588895,68.99915437923623,69.99332427978516,287300,0.0,0.0
2024-05-31 00:00:00-04:00,70.29921889396637,71.48457217337841,70.28009617556769,71.33162689208984,507800,0.0,0.0
2024-06-03 00:00:00-04:00,72.83478104079987,72.83478104079987,71.33162337051684,71.94654846191406,452900,1.54,0.0
2024-06-04 00:00:00-04:00,71.37066897889844,71.9855940847842,70.88263105289991,71.10712432861328,418900,0.0,0.0
2024-06-05 00:00:00-04:00,71.10712568614498,71.10712568614498,70.05296195861446,70.64836883544922,255200,0.0,0.0
2024-06-06 00:00:00-04:00,70.43363389472748,70.62884607762194,70.10176424756597,70.27745819091797,450500,0.0,0.0
2024-06-07 00:00:00-04:00,69.72109991248209,70.14081283578423,69.30138698917995,69.85774993896484,242800,0.0,0.0
2024-06-10 00:00:00-04:00,69.0768867971101,69.67229368005718,68.59861170071373,68.68646240234375,424700,0.0,0.0
2024-06-11 00:00:00-04:00,69.7210968117604,69.92607184236863,68.68645881529956,69.16473388671875,603800,0.0,0.0
2024-06-12 00:00:00-04:00,70.10176411478083,71.96607247942161,70.10176411478083,71.72205352783203,435700,0.0,0.0
2024-06-13 00:00:00-04:00,71.92703394855367,72.03440289105586,71.25353920865221,71.7415771484375,352900,0.0,0.0
2024-06-14 00:00:00-04:00,70.97047004277431,70.98023288583092,69.57468136037136,70.2188949584961,385100,0.0,0.0
2024-06-17 00:00:00-04:00,70.03344395299459,70.65813191654713,69.30138704756259,69.99440002441406,445600,0.0,0.0
2024-06-18 00:00:00-04:00,70.12128135149963,70.4433881502397,69.56491844770648,70.08224487304688,331600,0.0,0.0
2024-06-20 00:00:00-04:00,69.73086293188389,70.86310707514397,69.64301223071357,70.2677001953125,321800,0.0,0.0
2024-06-21 00:00:00-04:00,70.5117167468252,70.66789245605469,69.94559841803753,70.66789245605469,847800,0.0,0.0
2024-06-24 00:00:00-04:00,70.68740712632145,72.52243438275441,70.61908211870112,71.14616394042969,417100,0.0,0.0
2024-06-25 00:00:00-04:00,70.83382096600917,70.94118990045261,69.59420796861771,70.00415802001953,381400,0.0,0.0
2024-06-26 00:00:00-04:00,69.30138366739739,69.30138366739739,67.65181313795046,67.96415710449219,562900,0.0,0.0
2024-06-27 00:00:00-04:00,68.19841959411158,68.56932572141206,67.41755596657984,67.90559387207031,503300,0.0,0.0
2024-06-28 00:00:00-04:00,68.3253086242978,68.44244040566896,67.3980395574294,68.13009643554688,636200,0.0,0.0
2024-07-01 00:00:00-04:00,68.149615553774,68.39363451629065,67.00760859644436,67.7787094116211,407600,0.0,0.0
2024-07-02 00:00:00-04:00,67.5932507747071,68.0520076032328,67.34923181884173,67.55420684814453,359900,0.0,0.0
2024-07-03 00:00:00-04:00,67.65181214336542,68.25698182764766,67.45659995972208,68.04224395751953,325400,0.0,0.0
2024-07-05 00:00:00-04:00,67.70061717350087,67.97391720232753,66.54884744711197,67.0271224975586,648400,0.0,0.0
2024-07-08 00:00:00-04:00,67.62252890561865,69.13544934467923,67.62252890561865,68.85238647460938,426100,0.0,0.0
2024-07-09 00:00:00-04:00,68.5498118359364,68.5498118359364,64.45028870130388,64.67478942871094,740800,0.0,0.0
2024-07-10 00:00:00-04:00,64.90904202451671,65.78751175181601,64.80167308857638,65.28971099853516,433100,0.0,0.0
2024-07-11 00:00:00-04:00,66.35363435458225,67.53468514681187,66.23650258089813,67.24185943603516,408700,0.0,0.0
2024-07-12 00:00:00-04:00,67.99344510126983,68.5595634164643,67.41755649589848,67.93487548828125,393900,0.0,0.0
2024-07-15 00:00:00-04:00,67.93487974660782,69.39899356634879,67.93487974660782,68.54981231689453,536700,0.0,0.0
2024-07-16 00:00:00-04:00,68.8231103493911,71.12664995384387,68.8231103493911,70.97047424316406,576100,0.0,0.0
2024-07-17 00:00:00-04:00,70.87286795226662,72.50291283194281,70.06272321079842,72.41506958007812,842100,0.0,0.0
2024-07-18 00:00:00-04:00,70.43363351451394,76.34865049732163,70.43363351451394,71.58539581298828,821300,0.0,0.0
2024-07-19 00:00:00-04:00,71.56587768051523,71.7415716231814,69.09640708688954,69.7308578491211,644300,0.0,0.0
2024-07-22 00:00:00-04:00,69.98463700418453,71.07784466108046,69.11593007434388,70.78501892089844,451300,0.0,0.0
2024-07-23 00:00:00-04:00,70.39459322591993,71.16569404370641,69.9260735396805,70.17985534667969,496600,0.0,0.0
2024-07-24 00:00:00-04:00,70.16032622194581,71.56587776493306,69.79918293988804,70.93142700195312,546000,0.0,0.0
2024-07-25 00:00:00-04:00,70.92167025077393,72.9323839887939,70.51171276065608,72.31745147705078,551200,0.0,0.0
2024-07-26 00:00:00-04:00,73.05927708256199,73.62540287210452,72.22961408581473,73.02023315429688,324700,0.0,0.0
2024-07-29 00:00:00-04:00,73.02999365611365,73.99630664736667,72.81525578097573,73.55707550048828,331200,0.0,0.0
2024-07-30 00:00:00-04:00,73.99630915626162,75.70444192494257,73.33257726827087,75.28472900390625,453100,0.0,0.0
2024-07-31 00:00:00-04:00,75.47994350875754,75.98749964885883,74.7283609714413,74.74788665771484,343200,0.0,0.0
2024-08-01 00:00:00-04:00,74.85525407605815,75.04070341069777,71.32185706569214,72.56147003173828,491800,0.0,0.0
2024-08-02 00:00:00-04:00,71.16568855750585,71.36090073438373,70.25793778597598,71.08760070800781,365200,0.0,0.0
2024-08-05 00:00:00-04:00,69.53564118502499,69.74061621906412,67.66157734792338,68.29602813720703,358200,0.0,0.0
2024-08-06 00:00:00-04:00,68.19842375974709,70.19937482635788,68.09105481823157,69.44779968261719,425900,0.0,0.0
2024-08-07 00:00:00-04:00,70.17985718941681,70.65813228500339,67.57373637973723,67.6225357055664,305400,0.0,0.0
2024-08-08 00:00:00-04:00,68.03248247725031,69.74061518238655,68.03248247725031,69.43803405761719,293700,0.0,0.0
2024-08-09 00:00:00-04:00,69.34042905815788,69.37947298565842,68.07152747842692,68.43267822265625,248100,0.0,0.0
2024-08-12 00:00:00-04:00,68.50100057545737,68.79382629691274,67.10521187067269,67.63229370117188,318700,0.0,0.0
2024-08-13 00:00:00-04:00,68.10080521471654,69.79918246659905,67.96415519861576,69.3208999633789,205800,0.0,0.0
2024-08-14 00:00:00-04:00,69.78941872784597,70.69716950707586,68.3253050482408,68.60836791992188,352300,0.0,0.0
2024-08-15 00:00:00-04:00,69.38923030356406,70.23841899476024,68.55956730009265,68.79383087158203,452800,0.0,0.0
2024-08-16 00:00:00-04:00,68.54004595147437,69.7308596551801,68.54004595147437,69.16473388671875,337300,0.0,0.0
2024-08-19 00:00:00-04:00,69.28186874834009,70.03344389399523,68.7645422802349,69.85774993896484,294500,0.0,0.0
2024-08-20 00:00:00-04:00,69.78942108274333,69.78942108274333,68.54004522548813,68.72550201416016,207400,0.0,0.0
2024-08-21 00:00:00-04:00,69.428268111229,69.86750668389662,68.68645587418254,69.8089370727539,241900,0.0,0.0
2024-08-22 00:00:00-04:00,70.21890009792999,70.21890009792999,69.4770803555461,69.69181823730469,184600,0.0,0.0
2024-08-23 00:00:00-04:00,69.92606940527466,71.92702776512293,69.81870047200277,71.55611419677734,210100,0.0,0.0
2024-08-26 00:00:00-04:00,72.21009637161049,72.67860862047225,71.79038344828504,71.84894561767578,209400,0.0,0.0
2024-08-27 00:00:00-04:00,71.47803272535538,71.8391759983612,70.8338191353441,71.49755096435547,174500,0.0,0.0
2024-08-28 00:00:00-04:00,71.29258243205676,72.22961437354893,70.83382558169887,71.3023452758789,229600,0.0,0.0
2024-08-29 00:00:00-04:00,71.93678528972949,72.39554211876133,71.23401695143063,71.26329803466797,171800,0.0,0.0
2024-08-30 00:00:00-04:00,71.39994470240137,72.21008938598325,71.07783790817717,72.15151977539062,258400,0.0,0.0
2024-09-03 00:00:00-04:00,71.53659579018078,72.45410941895214,69.89678815943373,70.2188949584961,318400,0.0,0.0
2024-09-04 00:00:00-04:00,69.9358351109179,70.80454200886248,69.9358351109179,70.77526092529297,249100,0.0,0.0
2024-09-05 00:00:00-04:00,70.72645740816422,70.72645740816422,69.54540648637072,69.88703155517578,242600,0.0,0.0
2024-09-06 00:00:00-04:00,69.86750833726492,70.11152729001016,67.72013708498635,67.90559387207031,228100,0.0,0.0
2024-09-09 00:00:00-04:00,67.90559683848655,69.32090384748881,67.31995281568796,68.32530975341797,400400,0.0,0.0
2024-09-10 00:00:00-04:00,68.12033108645203,68.78406292940657,67.73966211958209,68.66693115234375,239900,0.0,0.0
2024-09-11 00:00:00-04:00,68.0715259753826,68.14961382865951,66.81238726704596,67.82750701904297,298500,0.0,0.0
2024-09-12 00:00:00-04:00,68.22769867387207,68.78406157192248,67.28090397351832,68.061767578125,354300,0.0,0.0
2024-09-13 00:00:00-04:00,69.18425567225233,70.03344436846368,69.14521174344019,69.75038146972656,177800,0.0,0.0
2024-09-16 00:00:00-04:00,70.24817550644474,70.69716947435846,69.73085653138908,70.18961334228516,258300,0.0,0.0
2024-09-17 00:00:00-04:00,70.62884884207931,71.84894365009357,70.62884884207931,71.35114288330078,257600,0.0,0.0
2024-09-18 00:00:00-04:00,71.35114530723568,73.60588565291394,70.99975739484083,71.7415771484375,388800,0.0,0.0
2024-09-19 00:00:00-04:00,73.2252024729664,73.76204713609447,72.6493213314902,73.38137817382812,354100,0.0,0.0
2024-09-20 00:00:00-04:00,73.58635615250759,73.58635615250759,71.94654846191406,71.94654846191406,2068800,0.0,0.0
2024-09-23 00:00:00-04:00,72.60051700884635,73.2349677829512,71.9075040683793,72.05391693115234,671000,0.0,0.0
2024-09-24 00:00:00-04:00,72.4053032835633,72.71764724229983,72.02463431656777,72.10272216796875,569400,0.0,0.0
2024-09-25 00:00:00-04:00,72.15152590294431,72.15152590294431,70.19937417972481,70.34578704833984,344200,0.0,0.0
2024-09-26 00:00:00-04:00,70.98023245165487,72.00510756031068,70.98023245165487,71.39018249511719,432200,0.0,0.0
2024-09-27 00:00:00-04:00,72.1027211680782,72.78597124119327,71.43898933410902,71.5268325805664,319000,0.0,0.0
2024-09-30 00:00:00-04:00,71.25353697480587,72.19056889619289,71.25353697480587,71.76109313964844,374700,0.0,0.0
2024-10-01 00:00:00-04:00,71.58539773615827,71.58539773615827,70.12128399241703,70.88262939453125,359200,0.0,0.0
2024-10-02 00:00:00-04:00,70.55076231747118,70.85334345256672,69.38922965534128,69.69181823730469,527100,0.0,0.0
2024-10-03 00:00:00-04:00,69.19401685370123,69.46731690195195,68.43267887732631,68.73526000976562,440500,0.0,0.0
2024-10-04 00:00:00-04:00,69.64300662122486,69.95535057836616,68.7645369146189,69.70157623291016,415200,0.0,0.0
2024-10-07 00:00:00-04:00,69.33066392141517,69.38922608729516,68.87190709704196,69.10617065429688,363900,0.0,0.0
2024-10-08 00:00:00-04:00,69.26234347212893,69.81870642521925,68.94999948876011,69.61373138427734,496400,0.0,0.0
2024-10-09 00:00:00-04:00,69.23305883168462,69.82846568297644,68.85238985421837,69.02808380126953,432200,0.0,0.0
2024-10-10 00:00:00-04:00,68.5400449095739,69.20377676153988,68.04224415888253,68.45219421386719,508400,0.0,0.0
2024-10-11 00:00:00-04:00,68.65716804965935,70.03343849919206,68.65716804965935,69.83822631835938,421900,0.0,0.0
2024-10-14 00:00:00-04:00,69.7699069764931,70.58980713881645,69.41851906496368,70.54100036621094,395100,0.0,0.0
2024-10-15 00:00:00-04:00,70.74597785547908,71.76109014277122,70.25793995137549,70.27745819091797,383200,0.0,0.0
2024-10-16 00:00:00-04:00,70.8045424820373,73.37161926597783,70.8045424820373,72.5224380493164,941300,0.0,0.0
2024-10-17 00:00:00-04:00,68.89143105212501,68.89143105212501,64.23554536312808,65.44588470458984,2026400,0.0,0.0
2024-10-18 00:00:00-04:00,65.1140194406708,65.61182021220498,62.81047982544999,63.68894958496094,1252700,0.0,0.0
2024-10-21 00:00:00-04:00,63.39612235481041,63.39612235481041,60.63382968446839,61.092586517333984,1058900,0.0,0.0
2024-10-22 00:00:00-04:00,61.00473914215083,61.56110206525255,60.05794439916584,61.336605072021484,893900,0.0,0.0
2024-10-23 00:00:00-04:00,60.39957282134723,61.24875774270859,60.253159958883586,60.790000915527344,667200,0.0,0.0
2024-10-24 00:00:00-04:00,62.0296173430706,62.70310831546769,61.01449760111813,62.09794235229492,1110600,0.0,0.0
2024-10-25 00:00:00-04:00,62.03938089153647,62.58598469497792,61.28780205809214,61.404930114746094,782600,0.0,0.0
2024-10-28 00:00:00-04:00,62.0198578260496,62.70310791391732,61.766076030469826,62.34196090698242,833700,0.0,0.0
2024-10-29 00:00:00-04:00,62.00033605807895,62.32243914002499,61.46349510587972,61.687992095947266,656800,0.0,0.0
2024-10-30 00:00:00-04:00,61.42445088588997,62.72263349757896,61.42445088588997,62.136985778808594,719800,0.0,0.0
2024-10-31 00:00:00-04:00,62.000335795430466,62.38100476495124,61.33660394785394,61.34636306762695,668300,0.0,0.0
2024-11-01 00:00:00-04:00,61.61966765247973,62.215074499330825,61.28780172423979,61.78559875488281,633400,0.0,0.0
2024-11-04 00:00:00-05:00,61.85392501723968,62.39076598523857,61.600146936826434,62.04914093017578,584600,0.0,0.0
2024-11-05 00:00:00-05:00,61.785598288819,62.14674529748026,61.404929317063385,61.892967224121094,482100,0.0,0.0
2024-11-06 00:00:00-05:00,64.49909196923825,64.49909196923825,62.390764623659834,64.22579193115234,710300,0.0,0.0
2024-11-07 00:00:00-05:00,64.08914199757635,64.90904211292744,63.4058844545829,63.708465576171875,496800,0.0,0.0
2024-11-08 00:00:00-05:00,63.552295836830304,63.6401390842,62.40052609671209,62.83000183105469,570600,0.0,0.0
2024-11-11 00:00:00-05:00,63.22042833725256,63.88416020062726,62.625028931084,62.94712829589844,494000,0.0,0.0
2024-11-12 00:00:00-05:00,62.48837034304716,62.88856500133087,61.81488309517741,61.892967224121094,536600,0.0,0.0
2024-11-13 00:00:00-05:00,62.146746088595144,62.56645899188233,61.94177105864571,62.263877868652344,394200,0.0,0.0
2024-11-14 00:00:00-05:00,62.195553603746596,62.24435665097151,61.317083859962786,61.639190673828125,334300,0.0,0.0
2024-11-15 00:00:00-05:00,61.98081655541497,61.98081655541497,59.882251985818705,60.223880767822266,654500,0.0,0.0
2024-11-18 00:00:00-05:00,60.23363960631148,60.91689344368914,60.04818653587443,60.7411994934082,453700,0.0,0.0
2024-11-19 00:00:00-05:00,59.95057401790626,60.09698687769285,58.71096102503026,58.94521713256836,530900,0.0,0.0
2024-11-20 00:00:00-05:00,58.68167621901272,58.95497997571877,57.93009740408005,58.94521713256836,524100,0.0,0.0
2024-11-21 00:00:00-05:00,59.03306542730105,59.423497246529806,58.79880931451082,59.34540939331055,378900,0.0,0.0
2024-11-22 00:00:00-05:00,59.63823234607563,61.28780289898997,59.63823234607563,60.9852180480957,536400,0.0,0.0
2024-11-25 00:00:00-05:00,61.951534351214434,63.610860289617484,61.78559952331384,63.220428466796875,651000,0.0,0.0
2024-11-26 00:00:00-05:00,62.898328809750325,63.06425991344791,62.16626821449678,62.60550308227539,545200,0.0,0.0
2024-11-27 00:00:00-05:00,63.17162904625859,63.542535181591575,62.60550327638118,63.01545333862305,403400,0.0,0.0
2024-11-29 00:00:00-05:00,62.85928291351125,63.2692329616379,62.34196020836528,62.83000183105469,299300,0.0,0.0
2024-12-02 00:00:00-05:00,62.959999084472656,63.880001068115234,62.560001373291016,63.20000076293945,774900,1.54,0.0
2024-12-03 00:00:00-05:00,63.20000076293945,63.20000076293945,62.279998779296875,62.349998474121094,489100,0.0,0.0
2024-12-04 00:00:00-05:00,62.220001220703125,63.2599983215332,62.02000045776367,62.75,678800,0.0,0.0
2024-12-05 00:00:00-05:00,62.61000061035156,62.77000045776367,61.7599983215332,62.220001220703125,558300,0.0,0.0
2024-12-06 00:00:00-05:00,62.84000015258789,62.970001220703125,60.970001220703125,61.36000061035156,588600,0.0,0.0
2024-12-09 00:00:00-05:00,61.83000183105469,62.84000015258789,60.959999084472656,62.31999969482422,893100,0.0,0.0
2024-12-10 00:00:00-05:00,62.189998626708984,62.540000915527344,61.2400016784668,61.900001525878906,599300,0.0,0.0
2024-12-11 00:00:00-05:00,61.95000076293945,62.20000076293945,60.779998779296875,61.0,868400,0.0,0.0
2024-12-12 00:00:00-05:00,60.939998626708984,61.15999984741211,59.959999084472656,60.84000015258789,796800,0.0,0.0
2024-12-13 00:00:00-05:00,60.650001525878906,61.209999084472656,59.869998931884766,61.18000030517578,594900,0.0,0.0
2024-12-16 00:00:00-05:00,60.459999084472656,61.18000030517578,59.31999969482422,59.36000061035156,611900,0.0,0.0
2024-12-17 00:00:00-05:00,58.84000015258789,59.66999816894531,58.7400016784668,59.0,602500,0.0,0.0
2024-12-18 00:00:00-05:00,59.04999923706055,59.59000015258789,57.040000915527344,57.20000076293945,656100,0.0,0.0
2024-12-19 00:00:00-05:00,57.279998779296875,57.66999816894531,56.279998779296875,56.900001525878906,806000,0.0,0.0
2024-12-20 00:00:00-05:00,56.25,57.7400016784668,55.869998931884766,56.939998626708984,3400300,0.0,0.0
2024-12-23 00:00:00-05:00,56.83000183105469,57.900001525878906,56.459999084472656,56.81999969482422,709500,0.0,0.0
2024-12-24 00:00:00-05:00,56.86000061035156,57.290000915527344,56.66999816894531,56.97999954223633,243600,0.0,0.0
2024-12-26 00:00:00-05:00,56.599998474121094,57.95000076293945,56.599998474121094,57.650001525878906,660300,0.0,0.0
2024-12-27 00:00:00-05:00,57.5099983215332,58.16999816894531,56.939998626708984,57.189998626708984,397200,0.0,0.0
2024-12-30 00:00:00-05:00,56.90999984741211,57.2599983215332,56.11000061035156,56.83000183105469,786000,0.0,0.0
2024-12-31 00:00:00-05:00,57.029998779296875,57.86000061035156,56.47999954223633,57.720001220703125,703800,0.0,0.0
2025-01-02 00:00:00-05:00,57.93000030517578,58.52000045776367,56.79999923706055,57.040000915527344,579800,0.0,0.0
2025-01-03 00:00:00-05:00,56.63999938964844,57.849998474121094,56.310001373291016,57.709999084472656,473500,0.0,0.0
2025-01-06 00:00:00-05:00,57.72999954223633,58.099998474121094,56.400001525878906,56.63999938964844,528100,0.0,0.0
2025-01-07 00:00:00-05:00,56.91999816894531,57.470001220703125,56.31999969482422,56.58000183105469,761100,0.0,0.0
2025-01-08 00:00:00-05:00,55.93000030517578,55.93000030517578,54.880001068115234,55.349998474121094,633200,0.0,0.0
2025-01-10 00:00:00-05:00,54.47999954223633,54.900001525878906,53.70000076293945,54.52000045776367,582500,0.0,0.0
2025-01-13 00:00:00-05:00,54.2400016784668,56.310001373291016,53.72999954223633,56.279998779296875,1002500,0.0,0.0
2025-01-14 00:00:00-05:00,56.869998931884766,57.58000183105469,56.150001525878906,57.40999984741211,472400,0.0,0.0
2025-01-15 00:00:00-05:00,58.79999923706055,59.4900016784668,58.150001525878906,59.02000045776367,709400,0.0,0.0
2025-01-16 00:00:00-05:00,58.5099983215332,59.40999984741211,58.380001068115234,59.34000015258789,647400,0.0,0.0
2025-01-17 00:00:00-05:00,59.95000076293945,60.15999984741211,59.31999969482422,59.540000915527344,473400,0.0,0.0
2025-01-21 00:00:00-05:00,60.40999984741211,61.27000045776367,60.38999938964844,60.7400016784668,648700,0.0,0.0
2025-01-22 00:00:00-05:00,60.470001220703125,60.970001220703125,59.9900016784668,60.2400016784668,520400,0.0,0.0
2025-01-23 00:00:00-05:00,60.310001373291016,60.9900016784668,60.0099983215332,60.849998474121094,560200,0.0,0.0
2025-01-24 00:00:00-05:00,60.66999816894531,60.86000061035156,60.02000045776367,60.38999938964844,596739,0.0,0.0
