Date,Open,High,Low,Close,Volume,Dividends,Stock Splits
2022-01-03 00:00:00-05:00,32.79251774428579,33.419307708740234,32.79251774428579,33.419307708740234,294600,0.0,0.0
2022-01-04 00:00:00-05:00,33.87515358601768,33.95112988131505,33.64723194562391,33.7516975402832,315400,0.0,0.0
2022-01-05 00:00:00-05:00,33.48578215230834,33.533269145439874,32.783019576048446,32.79251480102539,313900,0.0,0.0
2022-01-06 00:00:00-05:00,32.91597946546652,33.24836673141669,32.7545352570763,33.16289520263672,272100,0.0,0.0
2022-01-07 00:00:00-05:00,33.647229371466324,34.16005845724243,33.647229371466324,34.1220703125,252000,0.0,0.0
2022-01-10 00:00:00-05:00,33.59025008577519,33.666226381890496,33.07742457799366,33.637733459472656,478500,0.0,0.0
2022-01-11 00:00:00-05:00,33.561761472420294,34.19804666302616,33.4572958745001,34.02710723876953,846500,0.0,0.0
2022-01-12 00:00:00-05:00,33.67572138632357,33.93213594990462,33.52377241784027,33.84666442871094,397400,0.0,0.0
2022-01-13 00:00:00-05:00,34.805844408945426,34.986282672623986,34.61590729716589,34.67288589477539,555300,0.0,0.0
2022-01-14 00:00:00-05:00,34.29301905296862,34.539934789423135,34.112577146761964,34.47345733642578,344700,0.0,0.0
2022-01-18 00:00:00-05:00,33.38131971288376,33.780184365736396,33.20087783614185,33.51427459716797,484000,0.0,0.0
2022-01-19 00:00:00-05:00,33.24836673141669,33.561763544526414,33.16289520263672,33.16289520263672,398400,0.0,0.0
2022-01-20 00:00:00-05:00,34.103078992291984,34.58741519722339,33.82767035480688,33.84666442871094,477500,0.0,0.0
2022-01-21 00:00:00-05:00,33.81817070358913,33.81817070358913,33.086915256350416,33.25785827636719,621400,0.0,0.0
2022-01-24 00:00:00-05:00,32.3651596209065,32.50760972666737,31.25402995767792,32.42213821411133,715800,0.0,0.0
2022-01-25 00:00:00-05:00,31.681390504204057,32.16572670580378,31.225543601889868,32.04227066040039,1345000,0.0,0.0
2022-01-26 00:00:00-05:00,32.678553301050016,32.93496784302804,32.042268181242555,32.30817794799805,594400,0.0,0.0
2022-01-27 00:00:00-05:00,32.469619559703006,32.54559584290753,31.738364136228007,31.871322631835938,440100,0.0,0.0
2022-01-28 00:00:00-05:00,31.48196114152841,31.766865029579677,31.15906910233711,31.757366180419922,305200,0.0,0.0
2022-01-31 00:00:00-05:00,31.652900801083632,32.27969073661256,31.624407879412477,32.251197814941406,946000,0.0,0.0
2022-02-01 00:00:00-05:00,31.709884152404477,32.365167107834885,31.614917393262214,32.327178955078125,794900,0.0,0.0
2022-02-02 00:00:00-05:00,32.50761219257274,32.754531524353375,32.40314660010778,32.65956115722656,655200,0.0,0.0
2022-02-03 00:00:00-05:00,32.308180670524166,32.460129639010056,31.82384084283533,31.83333969116211,294000,0.0,0.0
2022-02-04 00:00:00-05:00,31.405981647195354,32.05176565994151,31.405981647195354,31.84283447265625,368100,0.0,0.0
2022-02-07 00:00:00-05:00,32.40315405799062,32.6785627519226,32.24170983084079,32.365169525146484,292900,0.0,0.0
2022-02-08 00:00:00-05:00,32.251195529394934,32.65006379978261,32.251195529394934,32.51710891723633,331100,0.0,0.0
2022-02-09 00:00:00-05:00,32.45063443908397,32.48862259116372,32.184724620024916,32.24170684814453,416400,0.0,0.0
2022-02-10 00:00:00-05:00,32.1752265070044,32.71654494595665,31.93780601192888,32.01377868652344,375900,0.0,0.0
2022-02-11 00:00:00-05:00,31.776359287090088,31.956801188128605,30.902653574006624,30.978626251220703,362700,0.0,0.0
2022-02-14 00:00:00-05:00,30.44680839838205,30.598757384322685,30.133411577082853,30.380329132080078,415700,0.0,0.0
2022-02-15 00:00:00-05:00,31.016615372386642,31.33950741184288,30.969131994797383,31.206552505493164,293500,0.0,0.0
2022-02-16 00:00:00-05:00,31.3300081090623,31.709878703100706,31.311014035948027,31.567428588867188,290700,0.0,0.0
2022-02-17 00:00:00-05:00,31.235037569691755,31.254031642700344,30.608247651404426,30.71271324157715,359800,0.0,0.0
2022-02-18 00:00:00-05:00,30.437305282018627,30.57975902132061,29.96246431467747,30.03843879699707,296300,0.0,0.0
2022-02-22 00:00:00-05:00,30.20938455119769,30.418313943517894,29.810518030313887,30.01944923400879,425800,0.0,0.0
2022-02-23 00:00:00-05:00,30.693721405502874,30.779192928896105,29.772530533944796,29.8485050201416,415000,0.0,0.0
2022-02-24 00:00:00-05:00,28.5379422758035,28.946305809888056,28.044109031477017,28.9083194732666,691600,0.0,0.0
2022-02-25 00:00:00-05:00,29.791523934341548,30.456300220680188,29.725044675470553,30.418312072753906,865100,0.0,0.0
2022-02-28 00:00:00-05:00,28.784859677154717,29.240708394231042,28.509452850892053,28.708885192871094,616500,0.0,0.0
2022-03-01 00:00:00-05:00,27.882665444234313,27.930148821974253,26.771537378197053,26.9329833984375,668700,0.0,0.0
2022-03-02 00:00:00-05:00,28.40498787597929,29.126746398121107,28.40498787597929,28.64240837097168,832200,0.0,0.0
2022-03-03 00:00:00-05:00,28.73737708904257,28.76586820069297,28.00612152572073,28.38599395751953,1156500,0.0,0.0
2022-03-04 00:00:00-05:00,27.749708435629376,27.911154454179954,26.619588117150055,26.98996353149414,1731800,0.0,0.0
2022-03-07 00:00:00-05:00,26.268204619167133,26.429650635580657,25.100096165255888,25.13808250427246,1454400,0.0,0.0
2022-03-08 00:00:00-05:00,26.002292146294693,26.71455364035878,25.403993288285708,25.91682243347168,977200,0.0,0.0
2022-03-09 00:00:00-05:00,27.1799005835604,28.17706599373739,27.1514094704733,27.996625900268555,978900,0.0,0.0
2022-03-10 00:00:00-05:00,27.379332667495905,27.445810119326893,26.771536752041516,26.999460220336914,585900,0.0,0.0
2022-03-11 00:00:00-05:00,26.961469479582632,27.198889962668424,26.201724658257913,26.21122169494629,486700,0.0,0.0
2022-03-14 00:00:00-04:00,26.087761261230025,26.5341129155684,25.650908454674873,25.726882934570312,825100,0.0,0.0
2022-03-15 00:00:00-04:00,25.071603897799974,25.328018467007926,24.78670002848534,25.271038055419922,1395600,0.0,0.0
2022-03-16 00:00:00-04:00,26.19222900571971,26.838013043659984,26.08776340800154,26.828516006469727,1532900,0.0,0.0
2022-03-17 00:00:00-04:00,26.363172196011966,27.24637673439609,26.24920956048271,27.22738265991211,750400,0.0,0.0
2022-03-18 00:00:00-04:00,26.572100901657315,27.25587307459677,26.534114565035456,27.246376037597656,434500,0.0,0.0
2022-03-21 00:00:00-04:00,27.407820548498204,27.692724397429263,27.12291488819265,27.284360885620117,494100,0.0,0.0
2022-03-22 00:00:00-04:00,28.613916292270154,28.756370033550066,28.319515395615827,28.367000579833984,639400,0.0,0.0
2022-03-23 00:00:00-04:00,27.797189527816354,27.82567882541379,27.36033491378616,27.39832305908203,339100,0.0,0.0
2022-03-24 00:00:00-04:00,27.3379987720577,27.63484001159668,27.165641640349502,27.63484001159668,436100,0.237,0.0
2022-03-25 00:00:00-04:00,27.11776238184091,27.376300811767578,26.887951052921018,27.376300811767578,1261600,0.0,0.0
2022-03-28 00:00:00-04:00,27.22309483757625,27.424179077148438,27.031584472516666,27.424179077148438,601100,0.0,0.0
2022-03-29 00:00:00-04:00,28.745593681987874,28.92752650144923,28.448752463413634,28.860498428344727,855300,0.0,0.0
2022-03-30 00:00:00-04:00,28.63068866053437,28.783896214896686,28.07531081937646,28.151914596557617,382100,0.0,0.0
2022-03-31 00:00:00-04:00,28.83177329605946,28.879649969546143,28.32427215576172,28.32427215576172,528300,0.0,0.0
2022-04-01 00:00:00-04:00,28.25724725816971,28.554086685180664,28.065736889943025,28.554086685180664,338200,0.0,0.0
2022-04-04 00:00:00-04:00,28.420026959474153,28.726442049110858,28.33384748721658,28.707290649414062,305200,0.0,0.0
2022-04-05 00:00:00-04:00,28.82219982818946,28.841351229618503,28.22851916853634,28.343425750732422,376200,0.0,0.0
2022-04-06 00:00:00-04:00,28.00828202435005,28.19979237558059,27.7688949985009,27.960405349731445,372800,0.0,0.0
2022-04-07 00:00:00-04:00,27.653989586423272,27.74974476606881,27.146490239144768,27.63484001159668,362400,0.0,0.0
2022-04-08 00:00:00-04:00,27.46248073744357,27.874226726715882,27.424177935474926,27.682716369628906,494300,0.0,0.0
2022-04-11 00:00:00-04:00,26.61026411370315,27.041159687781565,26.246394791900222,26.29427146911621,856200,0.0,0.0
2022-04-12 00:00:00-04:00,26.457054456875685,26.90710325414809,26.332574001565575,26.409177780151367,505000,0.0,0.0
2022-04-13 00:00:00-04:00,26.53365590049568,27.165639301186513,26.514506327318006,27.127336502075195,417500,0.0,0.0
2022-04-14 00:00:00-04:00,27.069886397955997,27.165641577379574,26.81134796142578,26.81134796142578,382700,0.0,0.0
2022-04-18 00:00:00-04:00,26.600685357413262,26.954977111422362,26.504930187602334,26.75389289855957,363600,0.0,0.0
2022-04-19 00:00:00-04:00,26.428327959682747,26.887950609950394,26.40917655932708,26.868799209594727,831600,0.0,0.0
2022-04-20 00:00:00-04:00,26.878376228405276,27.43375408131962,26.744320072095036,27.031583786010742,493200,0.0,0.0
2022-04-21 00:00:00-04:00,27.424177095194267,27.586960345817058,26.70601601768985,26.734743118286133,483500,0.0,0.0
2022-04-22 00:00:00-04:00,26.284697246810534,26.284697246810534,25.72931939711774,25.786771774291992,598100,0.0,0.0
2022-04-25 00:00:00-04:00,24.867524023485213,25.020731576603193,24.302570486470888,24.992006301879883,695700,0.0,0.0
2022-04-26 00:00:00-04:00,24.49408286447446,24.570686647361565,23.641865551558137,23.699317932128906,693600,0.0,0.0
2022-04-27 00:00:00-04:00,23.775919709941167,24.082334815648938,23.680164532812967,23.900400161743164,564100,0.0,0.0
2022-04-28 00:00:00-04:00,24.16851466764282,24.608987758719657,23.948279035293464,24.54195785522461,745600,0.0,0.0
2022-04-29 00:00:00-04:00,24.3887499417799,24.75261924989615,24.005731059324447,24.03445816040039,531600,0.0,0.0
2022-05-02 00:00:00-04:00,24.111061331401437,24.235541780181652,23.536532108957097,24.063182830810547,551900,0.0,0.0
2022-05-03 00:00:00-04:00,24.54195880215201,24.580261605627054,24.13021462306443,24.264270782470703,533100,0.0,0.0
2022-05-04 00:00:00-04:00,24.13978840994926,24.685592399218727,23.814223713483848,24.59941291809082,545800,0.0,0.0
2022-05-05 00:00:00-04:00,23.67058946624331,23.67058946624331,22.684316046636177,22.84709930419922,518900,0.0,0.0
2022-05-06 00:00:00-04:00,22.464077403117464,22.473653103220503,21.84167150744438,22.01403045654297,888300,0.0,0.0
2022-05-09 00:00:00-04:00,21.583135155650332,21.621436130120053,21.018181627791932,21.075634002685547,716100,0.0,0.0
2022-05-10 00:00:00-04:00,21.50652864623027,21.563982845076985,20.91284986917145,21.286293029785156,947000,0.0,0.0
2022-05-11 00:00:00-04:00,22.014032468334808,22.578986041397005,21.78422112399432,21.81294822692871,1211300,0.0,0.0
2022-05-12 00:00:00-04:00,21.707616026520206,21.74591700173251,21.219266264511113,21.650163650512695,693200,0.0,0.0
2022-05-13 00:00:00-04:00,22.38747314067657,22.866247177124023,22.368323567265957,22.866247177124023,462400,0.0,0.0
2022-05-16 00:00:00-04:00,23.249270043588623,23.335449524326073,22.789645537529495,23.153514862060547,810800,0.0,0.0
2022-05-17 00:00:00-04:00,24.388749466025313,24.733467366699813,24.30256999085669,24.618560791015625,785800,0.0,0.0
2022-05-18 00:00:00-04:00,24.149364157998253,24.245119340147383,23.383326353561603,23.440778732299805,420800,0.0,0.0
2022-05-19 00:00:00-04:00,23.421626961249977,23.900401038067464,23.354598882716033,23.75676918029785,558300,0.0,0.0
2022-05-20 00:00:00-04:00,24.541957422836763,24.59941162482027,23.747192559179133,24.369600296020508,628200,0.0,0.0
2022-05-23 00:00:00-04:00,24.656864166259766,24.80049601942838,24.42705283591437,24.656864166259766,507600,0.0,0.0
2022-05-24 00:00:00-04:00,24.436629307076423,24.81007250236938,24.19724226878542,24.714317321777344,537700,0.0,0.0
2022-05-25 00:00:00-04:00,23.718467070718873,24.17808972417442,23.622711894654447,24.01530647277832,500500,0.0,0.0
2022-05-26 00:00:00-04:00,24.024884165784343,24.61856301914637,24.024884165784343,24.57068634033203,453600,0.0,0.0
2022-05-27 00:00:00-04:00,25.2122413454372,25.2122413454372,24.886674846030814,25.154788970947266,309000,0.0,0.0
2022-05-31 00:00:00-04:00,25.432478541748118,25.556960824945623,25.145214825163084,25.269695281982422,818900,0.0,0.0
2022-06-01 00:00:00-04:00,24.963280094033156,25.020732471913675,24.340874158922716,24.647289276123047,473400,0.0,0.0
2022-06-02 00:00:00-04:00,24.70474169087332,25.33672332763672,24.62813791145891,25.33672332763672,333200,0.0,0.0
2022-06-03 00:00:00-04:00,25.049457870089554,25.126061644178776,24.71431567355745,24.800495147705078,240700,0.0,0.0
2022-06-06 00:00:00-04:00,25.80592042562021,25.949552266439625,25.518654917603435,25.66228675842285,507700,0.0,0.0
2022-06-07 00:00:00-04:00,24.9920056303867,25.55695915222168,24.86752335533666,25.55695915222168,686700,0.0,0.0
2022-06-08 00:00:00-04:00,25.193089080793136,25.585683641364515,25.154788107906608,25.298419952392578,563800,0.0,0.0
2022-06-09 00:00:00-04:00,25.020733330872808,25.068611836065376,24.57068634033203,24.57068634033203,471200,0.0,0.0
2022-06-10 00:00:00-04:00,23.737618338975377,23.766343613170037,23.191814386362015,23.459928512573242,749300,0.0,0.0
2022-06-13 00:00:00-04:00,22.85667330360772,23.287568840583624,22.71303963157108,22.866247177124023,706300,0.0,0.0
2022-06-14 00:00:00-04:00,22.60771069614522,22.799219215834754,22.157661930799883,22.397048950195312,1147600,0.0,0.0
2022-06-15 00:00:00-04:00,23.316296662465753,23.670588437639022,22.86624788538341,23.459928512573242,828100,0.0,0.0
2022-06-16 00:00:00-04:00,22.50238150047631,22.636437656889203,22.31087114013376,22.444929122924805,736900,0.0,0.0
2022-06-17 00:00:00-04:00,22.7417673669072,22.894974916742438,22.49280464183043,22.569408416748047,703300,0.0,0.0
2022-06-21 00:00:00-04:00,23.115211218917807,23.354598250849858,23.038607441754674,23.230117797851562,620700,0.0,0.0
2022-06-22 00:00:00-04:00,22.01403045149292,22.598135372997906,21.975729477467603,22.215116500854492,997000,0.0,0.0
2022-06-23 00:00:00-04:00,22.301297298297687,22.49280583254066,22.042758859372604,22.377901077270508,622000,0.0,0.0
2022-06-24 00:00:00-04:00,23.05775901939908,23.670589241402045,23.05775901939908,23.651439666748047,517400,0.0,0.0
2022-06-27 00:00:00-04:00,23.948279762388598,24.13978829905448,23.708892721772614,23.909976959228516,605000,0.0,0.0
2022-06-28 00:00:00-04:00,24.905825873608936,25.09733439450218,24.427051831808793,24.446203231811523,849600,0.0,0.0
2022-06-29 00:00:00-04:00,24.398326741250507,24.42705384362057,23.87167598244661,23.909976959228516,445100,0.0,0.0
2022-06-30 00:00:00-04:00,23.737617954898145,24.158937798212705,23.41205145918724,24.04403305053711,501000,0.0,0.0
2022-07-01 00:00:00-04:00,23.756769528388467,24.417478275463367,23.63228907019839,24.398326873779297,409200,0.0,0.0
2022-07-05 00:00:00-04:00,22.37789906345108,22.655587052346203,22.186388720064237,22.646011352539062,769600,0.0,0.0
2022-07-06 00:00:00-04:00,22.64601456921629,22.97158110339113,22.569410786256228,22.80879783630371,849400,0.0,0.0
2022-07-07 00:00:00-04:00,23.421627490847804,23.909977279409336,23.402477915389508,23.86210060119629,553400,0.0,0.0
2022-07-08 00:00:00-04:00,23.383324737424044,23.661012737448115,23.22054148693474,23.459928512573242,365500,0.0,0.0
2022-07-11 00:00:00-04:00,23.383325415082975,23.402476816019806,23.067334605137724,23.09606170654297,405000,0.0,0.0
2022-07-12 00:00:00-04:00,22.617286028202972,23.306719975351673,22.617286028202972,22.98115348815918,449100,0.0,0.0
2022-07-13 00:00:00-04:00,22.693893882336468,22.933280940899603,22.320448829040725,22.799222946166992,487200,0.0,0.0
2022-07-14 00:00:00-04:00,22.320445756457648,22.349172857026907,21.851247405428104,22.23426628112793,830700,0.0,0.0
2022-07-15 00:00:00-04:00,22.16723791109177,22.64601195593772,21.95657798885565,22.617286682128906,510400,0.0,0.0
2022-07-18 00:00:00-04:00,23.30672076237167,23.641862960666646,23.153513213387342,23.23969268798828,580600,0.0,0.0
2022-07-19 00:00:00-04:00,23.354597258971406,24.206816298392564,23.335447685277497,24.04403305053711,675500,0.0,0.0
2022-07-20 00:00:00-04:00,23.402477789245413,23.546109649488553,23.163090746714115,23.373750686645508,698200,0.0,0.0
2022-07-21 00:00:00-04:00,22.952427872854695,23.45035333562359,22.885399796400826,23.431201934814453,390900,0.0,0.0
2022-07-22 00:00:00-04:00,23.737617784857843,23.91955060510396,23.182238145018044,23.354597091674805,309900,0.0,0.0
2022-07-25 00:00:00-04:00,23.25884163763162,23.421623043195865,23.067331308389903,23.335445404052734,631200,0.0,0.0
2022-07-26 00:00:00-04:00,22.95242777109392,23.163089526304223,22.894975395299337,23.0098819732666,560500,0.0,0.0
2022-07-27 00:00:00-04:00,22.933279091797186,23.44077844614941,22.885400588117996,23.421627044677734,437600,0.0,0.0
2022-07-28 00:00:00-04:00,23.076909665735407,23.421625741149587,22.827946939594124,23.392900466918945,382600,0.0,0.0
2022-07-29 00:00:00-04:00,23.498232300095957,23.94827926969902,23.440778096537844,23.871675491333008,518300,0.0,0.0
2022-08-01 00:00:00-04:00,23.651441390254043,23.651441390254043,23.124788781761644,23.297147750854492,576300,0.0,0.0
2022-08-02 00:00:00-04:00,22.789643514181986,22.96200246035423,22.578983594625917,22.598134994506836,625300,0.0,0.0
2022-08-03 00:00:00-04:00,22.75134504252891,23.23011913392966,22.646014157979717,23.191816329956055,415800,0.0,0.0
2022-08-04 00:00:00-04:00,23.086484306555263,23.23969185001526,23.05775720726477,23.115209579467773,265400,0.0,0.0
2022-08-05 00:00:00-04:00,22.703463699738197,23.048181586899688,22.636435627540795,22.914125442504883,468000,0.0,0.0
2022-08-08 00:00:00-04:00,23.632287404550322,23.823795928758575,23.507805128755802,23.593984603881836,482400,0.0,0.0
2022-08-09 00:00:00-04:00,23.479080209678003,23.546108285483378,23.134362303961115,23.27799415588379,521400,0.0,0.0
2022-08-10 00:00:00-04:00,23.65143856933445,23.775919017511182,23.51738059470792,23.641862869262695,559900,0.0,0.0
2022-08-11 00:00:00-04:00,23.670590073630798,23.72804427874719,23.37375065270887,23.440778732299805,1123900,0.0,0.0
2022-08-12 00:00:00-04:00,23.37374877461479,23.670588171685502,23.3067207004096,23.5748348236084,1668900,0.0,0.0
2022-08-15 00:00:00-04:00,23.230116756502564,23.277993430191536,23.009881135328445,23.086484909057617,1131900,0.0,0.0
2022-08-16 00:00:00-04:00,23.048182948336958,23.23969330282303,22.847098719866867,23.0098819732666,1122500,0.0,0.0
2022-08-17 00:00:00-04:00,22.148089053119783,22.148089053119783,21.75549443739443,21.985305786132812,2446600,0.0,0.0
2022-08-18 00:00:00-04:00,22.4520540705336,22.50979565895824,22.288451373687117,22.4039363861084,650300,0.115,0.0
2022-08-19 00:00:00-04:00,22.018985687544333,22.105598980568736,21.672534351018566,21.75914764404297,441400,0.0,0.0
2022-08-22 00:00:00-04:00,21.605170626374356,21.634040502689096,21.34533072610971,21.59554672241211,2067200,0.0,0.0
2022-08-23 00:00:00-04:00,21.701407055650332,22.009366490779723,21.63404156019368,21.711030960083008,703900,0.0,0.0
2022-08-24 00:00:00-04:00,20.998876710770162,21.32608209049937,20.98925280718143,21.162479400634766,763100,0.0,0.0
2022-08-25 00:00:00-04:00,20.73903871573676,21.19135304788034,20.690921028968,21.06624412536621,655100,0.0,0.0
2022-08-26 00:00:00-04:00,21.3645769593433,21.412694640035987,20.440702438354492,20.440702438354492,644300,0.0,0.0
2022-08-29 00:00:00-04:00,20.34446623577804,20.594682225867952,20.305972456456793,20.39258575439453,621900,0.0,0.0
2022-08-30 00:00:00-04:00,20.700543666401177,20.767909157982988,20.28672497745922,20.431079864501953,850600,0.0,0.0
2022-08-31 00:00:00-04:00,20.38296302856375,20.469576331506705,20.142370928293776,20.315597534179688,956800,0.0,0.0
2022-09-01 00:00:00-04:00,19.680433165732556,19.90177744202883,19.49758266830123,19.872905731201172,968800,0.0,0.0
2022-09-02 00:00:00-04:00,20.52731574652774,20.941134408835214,20.257851961971934,20.344465255737305,771400,0.0,0.0
2022-09-06 00:00:00-04:00,20.79678042191896,20.864145912050567,20.459951135689,20.585058212280273,1489300,0.0,0.0
2022-09-07 00:00:00-04:00,20.20973368387534,20.55618684869618,20.1519921015958,20.527315139770508,2318100,0.0,0.0
2022-09-08 00:00:00-04:00,20.305971577360143,20.902638897797832,20.22898218647877,20.79677963256836,1379700,0.0,0.0
2022-09-09 00:00:00-04:00,21.36457737483228,21.72065262425541,21.35495347139221,21.672534942626953,1817100,0.0,0.0
2022-09-12 00:00:00-04:00,21.932374105182472,22.192212147204007,21.884254589569718,22.144094467163086,1104300,0.0,0.0
2022-09-13 00:00:00-04:00,21.441567219518,21.81689028374619,21.39344770130161,21.422319412231445,1859600,0.0,0.0
2022-09-14 00:00:00-04:00,21.191350358935484,21.364576946237865,20.960382187722924,21.181726455688477,1542400,0.0,0.0
2022-09-15 00:00:00-04:00,21.02774840403043,21.585921962708756,21.02774840403043,21.258716583251953,1181100,0.0,0.0
2022-09-16 00:00:00-04:00,21.374199333185764,21.528179951866047,21.133607255132407,21.316457748413086,709100,0.0,0.0
2022-09-19 00:00:00-04:00,21.06624318947708,21.595546898279082,20.941136108093048,21.566675186157227,558700,0.0,0.0
2022-09-20 00:00:00-04:00,21.364577369756258,21.422318954811068,20.91226308603989,21.123985290527344,842200,0.0,0.0
2022-09-21 00:00:00-04:00,21.04699697929247,21.26834126301113,20.671672068234752,20.690919876098633,699900,0.0,0.0
2022-09-22 00:00:00-04:00,20.82564937606992,20.91226266971376,20.39258474342256,20.53693962097168,1052600,0.0,0.0
2022-09-23 00:00:00-04:00,20.026884039287793,20.065379652804868,19.420592810968916,19.670808792114258,1028900,0.0,0.0
2022-09-26 00:00:00-04:00,19.661185660197194,19.911401651160467,19.40134576547703,19.55532455444336,1082300,0.0,0.0
2022-09-27 00:00:00-04:00,19.555325342834134,19.641938644566082,18.795055271108396,18.98752784729004,1478500,0.0,0.0
2022-09-28 00:00:00-04:00,18.410105718010918,19.11263600817021,18.304246447756412,19.00677490234375,978900,0.0,0.0
2022-09-29 00:00:00-04:00,18.53521403187478,18.708440622871013,18.20800865678676,18.641075134277344,936400,0.0,0.0
2022-09-30 00:00:00-04:00,19.04527065265327,19.603444225896165,18.987527229662234,19.170377731323242,2159300,0.0,0.0
2022-10-03 00:00:00-04:00,19.22811916899692,19.805540545406632,18.900913783550482,19.55532455444336,1189700,0.0,0.0
2022-10-04 00:00:00-04:00,20.48882112628931,21.44156548294708,20.48882112628931,21.39344596862793,3166100,0.0,0.0
2022-10-05 00:00:00-04:00,20.719790111505553,20.854521085808482,20.325219256271094,20.53693962097168,1164600,0.0,0.0
2022-10-06 00:00:00-04:00,20.71979264401769,20.9026413213287,20.28672612286618,20.450328826904297,812200,0.0,0.0
2022-10-07 00:00:00-04:00,20.1904854258443,20.209733231363774,19.824786298833104,20.03650665283203,832500,0.0,0.0
2022-10-10 00:00:00-04:00,20.200111075580345,20.2578526615607,19.805540206166068,20.065380096435547,851200,0.0,0.0
2022-10-11 00:00:00-04:00,19.37247253669469,19.536075216602356,18.90091230297773,19.045269012451172,1228000,0.0,0.0
2022-10-12 00:00:00-04:00,18.592955040461,18.746933819778008,18.496717844494913,18.631450653076172,752000,0.0,0.0
2022-10-13 00:00:00-04:00,19.035644628252285,20.219357134123513,18.746933052175457,20.03650665283203,1456800,0.0,0.0
2022-10-14 00:00:00-04:00,19.516828662544157,19.66118353212905,18.929783445917586,18.939407348632812,944900,0.0,0.0
2022-10-17 00:00:00-04:00,19.718927784801767,19.93064816651002,19.718927784801767,19.757423400878906,813400,0.0,0.0
2022-10-18 00:00:00-04:00,20.180863869758937,20.21935948527424,19.815164700223452,19.97876739501953,777900,0.0,0.0
2022-10-19 00:00:00-04:00,19.69005760596288,19.79591872284617,19.37247609088516,19.622692108154297,731800,0.0,0.0
2022-10-20 00:00:00-04:00,19.55532439826933,19.949895271290895,19.43984122525284,19.487958908081055,1118800,0.0,0.0
2022-10-21 00:00:00-04:00,18.997151097599026,19.81516456604004,18.910537798848097,19.81516456604004,1046800,0.0,0.0
2022-10-24 00:00:00-04:00,17.746071786363945,18.044405442384587,17.51510361697004,17.697952270507812,1484300,0.0,0.0
2022-10-25 00:00:00-04:00,17.71720303926617,18.361989974975586,17.71720303926617,18.361989974975586,923900,0.0,0.0
2022-10-26 00:00:00-04:00,18.32349619142615,18.59295818298867,18.285000572304558,18.361989974975586,876800,0.0,0.0
2022-10-27 00:00:00-04:00,18.410106626841092,18.60258104046868,18.140644650448916,18.1502685546875,845000,0.0,0.0
2022-10-28 00:00:00-04:00,17.96741804529849,18.208010144546957,17.851933030007526,18.1502685546875,689800,0.0,0.0
2022-10-31 00:00:00-04:00,18.13101918847607,18.323493585567142,18.063653700165762,18.0925235748291,963000,0.0,0.0
2022-11-01 00:00:00-04:00,19.18000163226775,19.218495412017344,18.68919355034965,18.71806526184082,1216900,0.0,0.0
2022-11-02 00:00:00-04:00,18.69881584024714,18.997149490951585,18.284997189117725,18.304244995117188,1327400,0.0,0.0
2022-11-03 00:00:00-04:00,17.7268259698081,18.10214905775568,17.707578161305136,18.054031372070312,1348800,0.0,0.0
2022-11-04 00:00:00-04:00,19.959518160087633,20.200110233139178,19.738173893417454,20.180862426757812,1210300,0.0,0.0
2022-11-07 00:00:00-05:00,20.06537969257286,20.171238958810857,19.949894687364637,20.026884078979492,872600,0.0,0.0
2022-11-08 00:00:00-05:00,20.103875511501602,20.363715422919647,19.940272808264915,20.190488815307617,890800,0.0,0.0
2022-11-09 00:00:00-05:00,19.8440371523329,20.036509730375524,19.50720784629325,19.603445053100586,817300,0.0,0.0
2022-11-10 00:00:00-05:00,20.690919965578768,21.08549085063474,20.575434953468047,21.0469970703125,766000,0.0,0.0
2022-11-11 00:00:00-05:00,22.894743123617623,23.096839588946395,22.5675377492618,22.962108612060547,1103900,0.0,0.0
2022-11-14 00:00:00-05:00,22.654152383377838,22.663774451805278,22.365440770110638,22.4039363861084,779400,0.0,0.0
2022-11-15 00:00:00-05:00,23.125711759562343,23.20270115296845,22.49054880506897,22.71189308166504,681100,0.0,0.0
2022-11-16 00:00:00-05:00,22.52904262006833,22.596408109960077,22.35581602573417,22.519418716430664,456500,0.0,0.0
2022-11-17 00:00:00-05:00,22.538667517335462,22.94286231007701,22.538667517335462,22.923614501953125,571000,0.0,0.0
2022-11-18 00:00:00-05:00,22.750385977041077,22.769633783538072,22.2307080506252,22.47130012512207,760500,0.0,0.0
2022-11-21 00:00:00-05:00,21.845760678883746,21.93237397088451,21.662910191818593,21.884254455566406,577100,0.0,0.0
2022-11-22 00:00:00-05:00,21.605170165598597,21.85538432099266,21.52818077111459,21.845762252807617,470100,0.0,0.0
2022-11-23 00:00:00-05:00,21.865007941810457,22.144095640435985,21.855384038178,22.067106246948242,286700,0.0,0.0
2022-11-25 00:00:00-05:00,21.913127459972753,22.172967351333362,21.913127459972753,22.067106246948242,288500,0.0,0.0
2022-11-28 00:00:00-05:00,21.739901454986743,21.82651475445458,21.43194387268866,21.528181076049805,655800,0.0,0.0
2022-11-29 00:00:00-05:00,22.384686427862942,22.557913012068923,22.32694484498489,22.432804107666016,508100,0.0,0.0
2022-11-30 00:00:00-05:00,22.779257301679397,23.0390971782804,22.471299745221245,22.981353759765625,728400,0.0,0.0
2022-12-01 00:00:00-05:00,24.444156862406242,24.453780766623517,23.789746060207865,23.866735458374023,1594800,0.0,0.0
2022-12-02 00:00:00-05:00,24.049586173365658,24.46340488039303,24.03033836476623,24.386415481567383,685800,0.0,0.0
2022-12-05 00:00:00-05:00,25.743353350773802,25.868460428565154,25.24292136846448,25.49313735961914,1657900,0.0,0.0
2022-12-06 00:00:00-05:00,25.454643867922673,25.589374851001534,25.08894286303436,25.271793365478516,811900,0.0,0.0
2022-12-07 00:00:00-05:00,24.63662793709578,25.12743597223512,24.617380131269503,24.7136173248291,764600,0.0,0.0
2022-12-08 00:00:00-05:00,25.137062693427318,25.262169774181103,24.896470600339878,24.954212188720703,535900,0.0,0.0
2022-12-09 00:00:00-05:00,25.68561056908443,25.97432032629582,25.627867149184656,25.666362762451172,709700,0.0,0.0
2022-12-12 00:00:00-05:00,25.069694065335426,25.329533952931506,24.915715280590764,25.319910049438477,588400,0.0,0.0
2022-12-13 00:00:00-05:00,26.44588102816909,26.570989937855433,25.926203089176614,26.06093406677246,706300,0.0,0.0
2022-12-14 00:00:00-05:00,25.916579219006955,26.176419106623126,25.627867620909463,25.868459701538086,617900,0.0,0.0
2022-12-15 00:00:00-05:00,25.32953256834422,25.387274150574164,24.906090015657075,24.97345733642578,556000,0.0,0.0
2022-12-16 00:00:00-05:00,24.636628672330723,24.85797293922316,24.55001537909945,24.790607452392578,789800,0.0,0.0
2022-12-19 00:00:00-05:00,24.72324431341945,24.896470916332564,24.521145998163473,24.63663101196289,630500,0.0,0.0
2022-12-20 00:00:00-05:00,24.7232447706865,24.934965158400598,24.675125249225076,24.838727951049805,529600,0.0,0.0
2022-12-21 00:00:00-05:00,25.17555308341507,25.627865496700316,25.16592918071899,25.5412540435791,459700,0.0,0.0
2022-12-22 00:00:00-05:00,25.57975181584873,25.618247432648324,25.214052634112797,25.512386322021484,649600,0.0,0.0
2022-12-23 00:00:00-05:00,25.781849506176265,25.83959109439998,25.522009605811533,25.695236206054688,455900,0.0,0.0
2022-12-27 00:00:00-05:00,25.71448029922861,26.157170671451127,25.54125554721653,26.147546768188477,472300,0.0,0.0
2022-12-28 00:00:00-05:00,26.513249097096004,26.59023849686753,25.85884011682407,25.87808609008789,689500,0.0,0.0
2022-12-29 00:00:00-05:00,26.10905218229602,26.513246957369393,26.080182306944163,26.45550537109375,556600,0.0,0.0
2022-12-30 00:00:00-05:00,26.253410221453578,26.513248290545484,26.243786317328393,26.44588279724121,336100,0.0,0.0
2023-01-03 00:00:00-05:00,27.10029353606291,27.28314404291202,26.86932534426131,27.090669631958008,516000,0.0,0.0
2023-01-04 00:00:00-05:00,28.284003480143006,28.871048724932965,28.24550970300712,28.8518009185791,548300,0.0,0.0
2023-01-05 00:00:00-05:00,28.27437984548411,28.341747168362414,27.78357362780235,27.98567008972168,629000,0.0,0.0
2023-01-06 00:00:00-05:00,27.995294388176887,28.77481220819676,27.918304996515317,28.66895294189453,513900,0.0,0.0
2023-01-09 00:00:00-05:00,29.32336279093261,29.458095607327746,29.140514127121687,29.169384002685547,751300,0.0,0.0
2023-01-10 00:00:00-05:00,28.89992274476917,29.352235216812495,28.822933348770903,29.34261131286621,382800,0.0,0.0
2023-01-11 00:00:00-05:00,29.0731463471492,29.448471243766015,29.015404761351196,29.419599533081055,585600,0.0,0.0
2023-01-12 00:00:00-05:00,30.247237601479853,30.343474803808334,29.737181714039274,30.141376495361328,594000,0.0,0.0
2023-01-13 00:00:00-05:00,30.074008806483953,30.584064656647776,30.074008806483953,30.555192947387695,402700,0.0,0.0
2023-01-17 00:00:00-05:00,31.31546542261051,31.45981846519872,30.824655532836914,30.824655532836914,1400700,0.0,0.0
2023-01-18 00:00:00-05:00,31.31546424764448,31.44056947896486,30.795784503080537,30.80540657043457,971200,0.0,0.0
2023-01-19 00:00:00-05:00,30.73804433478726,30.81503372616295,30.391591155810715,30.699548721313477,817500,0.0,0.0
2023-01-20 00:00:00-05:00,31.08449567185087,31.353961294968638,30.940142628069264,31.344335556030273,487500,0.0,0.0
2023-01-23 00:00:00-05:00,30.795785600606024,31.30583962485007,30.78616169733721,31.209604263305664,493600,0.0,0.0
2023-01-24 00:00:00-05:00,31.04600099474048,31.267348943273625,30.94014356123212,31.199979782104492,373900,0.0,0.0
2023-01-25 00:00:00-05:00,31.14224374848707,32.18159976946707,31.084500319654282,32.03724670410156,757200,0.0,0.0
2023-01-26 00:00:00-05:00,32.874502894414405,33.076599368101704,32.54729750652566,33.0477294921875,714100,0.0,0.0
2023-01-27 00:00:00-05:00,32.47993408970125,33.028483793969116,32.364450907524905,32.92262268066406,749500,0.0,0.0
2023-01-30 00:00:00-05:00,31.710038139069432,32.15272670279691,31.681164591943592,31.758155822753906,829600,0.0,0.0
2023-01-31 00:00:00-05:00,31.777402509189915,32.17197337531047,31.604175917122955,32.0949821472168,451300,0.0,0.0
2023-02-01 00:00:00-05:00,31.854393496593453,32.6050433667703,31.690792625991655,32.50880432128906,679700,0.0,0.0
2023-02-02 00:00:00-05:00,32.123858051359875,32.152727928442275,31.71966141648584,31.94100570678711,497200,0.0,0.0
2023-02-03 00:00:00-05:00,31.613796750328238,31.729283587958204,31.267347250869353,31.363582611083984,723500,0.0,0.0
2023-02-06 00:00:00-05:00,30.237614430971664,30.32422773161053,29.88153732439277,30.218366622924805,1901600,0.0,0.0
2023-02-07 00:00:00-05:00,29.94890173750058,30.612934530336034,29.83341673603208,30.555192947387695,1769400,0.0,0.0
2023-02-08 00:00:00-05:00,30.39159169423328,30.458957183433984,30.083634123274695,30.353097915649414,1570500,0.0,0.0
2023-02-09 00:00:00-05:00,30.564818498553542,30.62256008461535,30.112506042520838,30.131752014160156,1537200,0.0,0.0
2023-02-10 00:00:00-05:00,29.746804770677276,29.871913680812945,29.58320208204965,29.804546356201172,534100,0.0,0.0
2023-02-13 00:00:00-05:00,29.968150754962657,30.45895884885353,29.90078526207858,30.381969451904297,408100,0.0,0.0
2023-02-14 00:00:00-05:00,30.09325762645809,30.47820458503506,30.00664433133179,30.31460189819336,483000,0.0,0.0
2023-02-15 00:00:00-05:00,30.02589301934998,30.45895767211914,30.006645211963278,30.45895767211914,422900,0.0,0.0
2023-02-16 00:00:00-05:00,29.987395966756644,30.430086337565214,29.92965438293704,30.208740234375,347900,0.0,0.0
2023-02-17 00:00:00-05:00,30.025893037886423,30.39159220059983,30.006645230487837,30.362720489501953,373100,0.0,0.0
2023-02-21 00:00:00-05:00,29.342610247212644,29.612074041206295,29.102018164009287,29.227127075195312,426600,0.0,0.0
2023-02-22 00:00:00-05:00,28.861426554673063,29.034653151115144,28.745943380759645,28.880674362182617,811500,0.0,0.0
2023-02-23 00:00:00-05:00,28.957662597905152,29.121265284045876,28.553467834238177,28.861425399780273,473500,0.0,0.0
2023-02-24 00:00:00-05:00,27.97604664408908,28.28400421142578,27.92792896253218,28.28400421142578,436100,0.0,0.0
2023-02-27 00:00:00-05:00,29.025030536835125,29.217504949337687,28.95766504313084,29.063526153564453,462900,0.0,0.0
2023-02-28 00:00:00-05:00,29.36185562841788,29.746802562623085,29.27524233877524,29.477338790893555,397500,0.0,0.0
2023-03-01 00:00:00-05:00,30.02589244888302,30.14137561986527,29.81417024279572,29.90078353881836,357700,0.0,0.0
2023-03-02 00:00:00-05:00,29.198255657531643,29.45809555053711,29.03465296588805,29.45809555053711,325300,0.0,0.0
2023-03-03 00:00:00-05:00,29.255997726033634,29.563955307006836,29.13089064710276,29.563955307006836,352600,0.0,0.0
2023-03-06 00:00:00-05:00,29.246374554072357,29.448472868876014,29.15013918428892,29.18863296508789,349000,0.0,0.0
2023-03-07 00:00:00-05:00,29.766052304722038,29.775676208149743,28.822931795669575,28.83255386352539,475000,0.0,0.0
2023-03-08 00:00:00-05:00,29.130888416145474,29.313737068612564,28.79405914941225,28.976909637451172,516500,0.0,0.0
2023-03-09 00:00:00-05:00,29.563953069505118,29.602448681999274,28.75556356284618,28.784435272216797,836100,0.0,0.0
2023-03-10 00:00:00-05:00,28.62083380746433,28.697823200155057,27.735454873734984,27.87018585205078,874400,0.0,0.0
2023-03-13 00:00:00-04:00,27.023303941282858,27.60072533435251,26.88857295594301,27.215778350830078,1101400,0.0,0.0
2023-03-14 00:00:00-04:00,27.73545557826452,27.879810463780018,27.398626288347057,27.591100692749023,925600,0.0,0.0
2023-03-15 00:00:00-04:00,24.126575107337835,24.761738094304572,23.837865326197324,24.63663101196289,1176100,0.0,0.0
2023-03-16 00:00:00-04:00,23.626143660028244,24.732868796648653,23.55877816522291,24.646255493164062,1158600,0.0,0.0
2023-03-17 00:00:00-04:00,23.885981656881583,23.90522946401882,23.47216298129054,23.549152374267578,911300,0.0,0.0
2023-03-20 00:00:00-04:00,23.635768405755027,24.088082747958737,23.587650717916055,23.885984420776367,820500,0.0,0.0
2023-03-21 00:00:00-04:00,25.00232810617931,25.262167988887974,24.915714811943086,25.117813110351562,959800,0.0,0.0
2023-03-22 00:00:00-04:00,25.31028511317041,25.675986088695637,24.906090360815686,24.915714263916016,986700,0.0,0.0
2023-03-23 00:00:00-04:00,25.78191801088731,25.84996953281769,24.89724451726259,25.17917251586914,889800,0.261,0.0
2023-03-24 00:00:00-04:00,24.4014386761617,24.57642936706543,24.051457294354247,24.57642936706543,600200,0.0,0.0
2023-03-27 00:00:00-04:00,24.576429461754472,24.761140210184564,24.372273036825227,24.683366775512695,499500,0.0,0.0
2023-03-28 00:00:00-04:00,24.73197723098017,25.111122507017743,24.673645762155147,24.975019454956055,579600,0.0,0.0
2023-03-29 00:00:00-04:00,25.89857856951774,26.248559962380952,25.81108322130194,26.131898880004883,782800,0.0,0.0
2023-03-30 00:00:00-04:00,27.01657270717571,27.03601467455701,26.63742560213452,26.68603515625,513100,0.0,0.0
2023-03-31 00:00:00-04:00,26.472158575947045,26.63742736233083,26.462436664481526,26.579097747802734,333800,0.0,0.0
2023-04-03 00:00:00-04:00,26.909635855177672,27.14295617219039,26.74436706551053,26.89019203186035,409500,0.0,0.0
2023-04-04 00:00:00-04:00,27.37627647515196,27.415164121766647,26.880470106405017,27.006853103637695,485900,0.0,0.0
2023-04-05 00:00:00-04:00,26.773532800486517,26.89991394351901,26.598542099160714,26.89019203186035,370700,0.0,0.0
2023-04-06 00:00:00-04:00,26.929078086205763,27.56098747253418,26.919356175121948,27.56098747253418,446300,0.0,0.0
2023-04-10 00:00:00-04:00,27.415163350958903,27.551266401753512,27.181841186360998,27.395719528198242,320100,0.0,0.0
2023-04-11 00:00:00-04:00,27.638759458444248,27.726254799348172,27.541542206966017,27.648481369018555,290400,0.0,0.0
2023-04-12 00:00:00-04:00,28.212343164769713,28.22206507670942,27.8137540465673,27.87208366394043,409100,0.0,0.0
2023-04-13 00:00:00-04:00,28.28039277089457,28.37761002941533,28.12484589896734,28.32900047302246,366600,0.0,0.0
2023-04-14 00:00:00-04:00,28.367887192482318,28.503990237411305,28.105401159320767,28.27066993713379,365000,0.0,0.0
2023-04-17 00:00:00-04:00,27.667924564900495,27.80402946472168,27.454048085559954,27.80402946472168,467700,0.0,0.0
2023-04-18 00:00:00-04:00,28.23178650379992,28.455384911777788,28.192898856708947,28.35816764831543,352200,0.0,0.0
2023-04-19 00:00:00-04:00,28.07623542100307,28.39705106560568,28.05679345334906,28.387331008911133,394500,0.0,0.0
2023-04-20 00:00:00-04:00,27.833194875771873,28.095680924593772,27.794309083871422,27.940134048461914,414100,0.0,0.0
2023-04-21 00:00:00-04:00,27.52210226826059,27.83319603346392,27.444328826959755,27.755422592163086,368300,0.0,0.0
2023-04-24 00:00:00-04:00,27.80403069716413,27.969299483064553,27.735979171369546,27.84291648864746,309600,0.0,0.0
2023-04-25 00:00:00-04:00,27.512379619865463,27.522101531550973,27.036017072865963,27.11379051208496,353100,0.0,0.0
2023-04-26 00:00:00-04:00,27.15267724577801,27.3276679417027,26.831861588004408,26.938798904418945,471300,0.0,0.0
2023-04-27 00:00:00-04:00,27.560986614352963,28.591485051705885,27.53182088200967,28.53315544128418,696500,0.0,0.0
2023-04-28 00:00:00-04:00,29.369221258944172,29.826141823695153,29.340057378991556,29.79697608947754,554400,0.0,0.0
2023-05-01 00:00:00-04:00,29.796976465957787,30.049740602909093,29.563656152063892,29.660873413085938,271400,0.0,0.0
2023-05-02 00:00:00-04:00,29.651149819896673,29.651149819896673,28.98035279658024,29.30116844177246,441800,0.0,0.0
2023-05-03 00:00:00-04:00,29.330336164313813,29.437275338053695,29.01924240899603,29.06785011291504,472200,0.0,0.0
2023-05-04 00:00:00-04:00,28.708149039718585,28.815086360631412,28.124847313521517,28.474828720092773,560600,0.0,0.0
2023-05-05 00:00:00-04:00,28.999796612929998,29.495602947088496,28.980352790979094,29.417829513549805,267300,0.0,0.0
2023-05-08 00:00:00-04:00,29.495604027451666,29.72892433661378,29.330335243345377,29.46643829345703,222200,0.0,0.0
2023-05-09 00:00:00-04:00,28.4748272905242,28.970631785921693,28.4748272905242,28.90258026123047,368000,0.0,0.0
2023-05-10 00:00:00-04:00,29.281728002313383,29.281728002313383,28.698426293085145,28.98035430908203,438000,0.0,0.0
2023-05-11 00:00:00-04:00,28.319278115591175,28.834528279648286,28.251226591978245,28.81508445739746,313100,0.0,0.0
2023-05-12 00:00:00-04:00,28.465107294879406,28.503993088349183,27.755422557838713,27.988744735717773,719200,0.0,0.0
2023-05-15 00:00:00-04:00,28.280392906287364,28.659538176642023,28.260949083637126,28.552600860595703,284100,0.0,0.0
2023-05-16 00:00:00-04:00,27.94985396252863,28.095678916697537,27.599872589111328,27.599872589111328,478700,0.0,0.0
2023-05-17 00:00:00-04:00,27.940132841485962,28.329000015017073,27.813751705437703,28.241504669189453,360300,0.0,0.0
2023-05-18 00:00:00-04:00,28.03735055172515,28.37761002941533,27.930411381925815,28.32900047302246,373200,0.0,0.0
2023-05-19 00:00:00-04:00,28.65953826904297,28.76647743969906,28.50399139586956,28.65953826904297,360200,0.0,0.0
2023-05-22 00:00:00-04:00,28.47482848291134,28.815086120615803,28.47482848291134,28.717870712280273,344300,0.0,0.0
2023-05-23 00:00:00-04:00,28.183175647421077,28.484547481441066,27.881803813401092,27.979021072387695,853800,0.0,0.0
2023-05-24 00:00:00-04:00,26.73464394474262,26.822139291448426,26.365220589746396,26.617982864379883,845900,0.0,0.0
2023-05-25 00:00:00-04:00,26.71520035193439,27.006852128215627,26.54993156832118,26.94852066040039,1472400,0.0,0.0
2023-05-26 00:00:00-04:00,26.9387988840736,27.24989448451865,26.90963500428484,27.172121047973633,783500,0.0,0.0
2023-05-30 00:00:00-04:00,27.434604030046163,27.53182128501531,27.230449463449375,27.356830596923828,563400,0.0,0.0
2023-05-31 00:00:00-04:00,25.92774398313977,25.96662977394106,25.315278407465907,25.69442367553711,714000,0.0,0.0
2023-06-01 00:00:00-04:00,26.141621739975832,26.78325308066419,26.141621739975832,26.763811111450195,423400,0.0,0.0
2023-06-02 00:00:00-04:00,28.076236724853516,28.22206354175269,27.872082148018677,28.076236724853516,490300,0.0,0.0
2023-06-05 00:00:00-04:00,27.697092608391724,27.745702167477457,27.34711120003479,27.434606552124023,348600,0.0,0.0
2023-06-06 00:00:00-04:00,27.492936036379433,27.804029774988063,27.473492214150156,27.78458595275879,507100,0.0,0.0
2023-06-07 00:00:00-04:00,27.590151817813602,27.677647164781725,27.454048768869846,27.531822204589844,315000,0.0,0.0
2023-06-08 00:00:00-04:00,27.48321450261421,27.599873729061724,27.220728461709843,27.531822204589844,272500,0.0,0.0
2023-06-09 00:00:00-04:00,27.444327542405233,27.502659011349433,27.269336844102668,27.37627601623535,302100,0.0,0.0
2023-06-12 00:00:00-04:00,27.395720530599647,27.46377205848694,27.104068741313313,27.22072982788086,336200,0.0,0.0
2023-06-13 00:00:00-04:00,27.541546564836686,27.726259186445727,27.33739197326759,27.38599967956543,465400,0.0,0.0
2023-06-14 00:00:00-04:00,28.280393063479234,28.377610323005793,27.755420974594823,27.96929931640625,455300,0.0,0.0
2023-06-15 00:00:00-04:00,27.920688554181492,28.445660620402997,27.91096664322203,28.387331008911133,367300,0.0,0.0
2023-06-16 00:00:00-04:00,28.202619562855688,28.290114910804988,28.056794601028525,28.08595848083496,289600,0.0,0.0
2023-06-20 00:00:00-04:00,27.60959508471946,27.60959508471946,27.181840269734717,27.33738899230957,320100,0.0,0.0
2023-06-21 00:00:00-04:00,27.356831591057,27.444326938282273,27.181840896606445,27.181840896606445,334200,0.0,0.0
2023-06-22 00:00:00-04:00,27.04573874014706,27.04573874014706,26.831862247793815,27.01657485961914,252900,0.0,0.0
2023-06-23 00:00:00-04:00,26.588818153213627,26.861024241769677,26.491600898330077,26.78325080871582,316600,0.0,0.0
2023-06-26 00:00:00-04:00,26.47215820376841,26.802695771888867,26.462436292439573,26.715200424194336,285600,0.0,0.0
2023-06-27 00:00:00-04:00,27.152678077955144,27.395720306573768,27.045738903998135,27.347110748291016,407600,0.0,0.0
2023-06-28 00:00:00-04:00,27.32766594765052,27.424881345612825,27.201282963475748,27.28877830505371,252900,0.0,0.0
2023-06-29 00:00:00-04:00,26.6277050764998,26.754088069509677,26.54020972880527,26.715200424194336,329500,0.0,0.0
2023-06-30 00:00:00-04:00,27.220728461709843,27.580431760830454,27.181840816717358,27.531822204589844,326700,0.0,0.0
2023-07-03 00:00:00-04:00,27.3276681467564,27.599874249779543,27.31794623532486,27.50265884399414,229000,0.0,0.0
2023-07-05 00:00:00-04:00,26.617983302352005,26.627705213730945,26.316611466664874,26.36522102355957,442400,0.0,0.0
2023-07-06 00:00:00-04:00,25.927742158995667,25.956907890743413,25.5485969175992,25.918020248413086,410900,0.0,0.0
2023-07-07 00:00:00-04:00,25.88885839313471,26.287449369644232,25.88885839313471,26.14162254333496,459700,0.0,0.0
2023-07-10 00:00:00-04:00,26.07357101333203,26.394386693535207,26.044407131482277,26.14162254333496,481800,0.0,0.0
2023-07-11 00:00:00-04:00,26.12217859539791,26.413828517400752,26.12217859539791,26.374940872192383,315100,0.0,0.0
2023-07-12 00:00:00-04:00,27.036015914537842,27.104067439155745,26.70547834845235,26.841583251953125,923100,0.0,0.0
2023-07-13 00:00:00-04:00,27.64848214334423,27.79430709751314,27.570708710836485,27.599872589111328,386800,0.0,0.0
2023-07-14 00:00:00-04:00,27.59987448346651,27.59987448346651,27.23045111726507,27.25961685180664,380100,0.0,0.0
2023-07-17 00:00:00-04:00,26.977687213228528,27.094348298135323,26.93879956683792,27.01657485961914,454300,0.0,0.0
2023-07-18 00:00:00-04:00,26.987409734125784,27.4929380230269,26.958243998674345,27.434606552124023,477000,0.0,0.0
2023-07-19 00:00:00-04:00,26.870746457505142,26.938797980416126,26.715199589632906,26.880468368530273,374100,0.0,0.0
2023-07-20 00:00:00-04:00,26.948521647547267,27.308224961857533,26.870748208543027,26.89019203186035,348900,0.0,0.0
2023-07-21 00:00:00-04:00,26.44299369676904,26.44299369676904,26.12217804758777,26.18050765991211,505300,0.0,0.0
2023-07-24 00:00:00-04:00,26.141620770373958,26.491602162955786,26.09301306774426,26.36522102355957,555000,0.0,0.0
2023-07-25 00:00:00-04:00,27.269336700439453,27.405441606327194,27.113789825937754,27.269336700439453,417400,0.0,0.0
2023-07-26 00:00:00-04:00,27.084624896256308,27.74570001440195,27.084624896256308,27.67764663696289,458600,0.0,0.0
2023-07-27 00:00:00-04:00,27.40544298400639,27.541546042471058,27.016575778203684,27.074905395507812,413400,0.0,0.0
2023-07-28 00:00:00-04:00,27.32766747711327,27.706812742327703,27.22072830825178,27.54154396057129,243500,0.0,0.0
2023-07-31 00:00:00-04:00,27.172121514583896,27.483215266106175,27.094348076703326,27.142955780029297,267800,0.0,0.0
2023-08-01 00:00:00-04:00,26.404106295342945,26.588818899378815,26.336054771294197,26.394384384155273,271400,0.0,0.0
2023-08-02 00:00:00-04:00,25.31527985507434,25.431939088414133,25.06251571048469,25.15001106262207,509000,0.0,0.0
2023-08-03 00:00:00-04:00,25.062515100666104,25.61665108120963,24.98474166224359,25.529155731201172,647800,0.0,0.0
2023-08-04 00:00:00-04:00,25.519432990404464,25.918022081151488,25.470825288319208,25.577762603759766,530800,0.0,0.0
2023-08-07 00:00:00-04:00,25.762476434660194,25.820806050789734,25.509712292412097,25.73331069946289,322700,0.0,0.0
2023-08-08 00:00:00-04:00,25.2375036504779,25.470825817274488,25.02362716089021,25.43193817138672,352600,0.0,0.0
2023-08-09 00:00:00-04:00,25.4902668603954,25.548598327109026,25.218060766124943,25.373607635498047,410200,0.0,0.0
2023-08-10 00:00:00-04:00,25.99579613711919,26.19023065862797,25.57776321386082,25.655536651611328,329300,0.0,0.0
2023-08-11 00:00:00-04:00,25.043071886839694,25.334721824454252,25.023628063194703,25.15001106262207,304400,0.0,0.0
2023-08-14 00:00:00-04:00,24.634758853855487,24.94585258976049,24.391716640896586,24.926408767700195,464500,0.0,0.0
2023-08-15 00:00:00-04:00,24.634757585990297,24.64447949652009,24.284776223977023,24.313941955566406,404500,0.0,0.0
2023-08-16 00:00:00-04:00,24.498656000031357,24.556985612404613,24.313943397540275,24.343109130859375,379400,0.0,0.0
2023-08-17 00:00:00-04:00,24.644482218487024,24.654204130090598,24.245893114065705,24.265335083007812,384300,0.0,0.0
2023-08-18 00:00:00-04:00,23.60426247304749,23.74036553095003,23.45843564899181,23.652870178222656,601900,0.0,0.0
2023-08-21 00:00:00-04:00,23.341775827403378,23.487600793523868,23.225114741947955,23.45843505859375,647400,0.0,0.0
2023-08-22 00:00:00-04:00,23.575095987677926,23.613983633993477,23.448714845682453,23.468156814575195,455500,0.0,0.0
2023-08-23 00:00:00-04:00,23.798694068470716,24.148675463504553,23.76953018839457,24.061180114746094,686700,0.0,0.0
2023-08-24 00:00:00-04:00,23.837579884258364,24.061178267579983,23.711196899414062,23.711196899414062,594200,0.0,0.0
2023-08-25 00:00:00-04:00,23.691757825774864,23.730643619061976,23.264002974026052,23.652870178222656,539100,0.0,0.0
2023-08-28 00:00:00-04:00,23.86674498676473,24.109787203958934,23.86674498676473,23.98340606689453,356500,0.0,0.0
2023-08-29 00:00:00-04:00,24.40144118988244,24.693091135256424,24.34311157166067,24.53754425048828,678100,0.0,0.0
2023-08-30 00:00:00-04:00,25.276391293491947,25.451381991436985,24.95557563201438,24.975019454956055,685800,0.0,0.0
2023-08-31 00:00:00-04:00,24.58615284375585,24.595872901189516,23.96396347489304,24.022293090820312,492000,0.0,0.0
2023-09-01 00:00:00-04:00,24.30422279613315,24.372274323279917,24.06118056817182,24.1486759185791,430800,0.0,0.0
2023-09-05 00:00:00-04:00,23.83758249683328,23.905634024931732,23.555652618408203,23.555652618408203,386700,0.0,0.0
2023-09-06 00:00:00-04:00,23.118175971747444,23.28344475078415,22.97234916051246,23.08901023864746,533400,0.0,0.0
2023-09-07 00:00:00-04:00,22.497737499654836,22.566149086444362,22.292500875210326,22.35114097595215,751300,0.125,0.0
2023-09-08 00:00:00-04:00,22.312046666283326,22.351140065184893,22.155676798828782,22.253408432006836,486700,0.0,0.0
2023-09-11 00:00:00-04:00,22.351140065184893,22.419551649186772,22.20454168337988,22.253408432006836,712400,0.0,0.0
2023-09-12 00:00:00-04:00,22.08726520530173,22.28272660749769,22.067718505859375,22.067718505859375,587400,0.0,0.0
2023-09-13 00:00:00-04:00,22.077492438731564,22.49773716746314,21.999307502972844,22.38045883178711,468000,0.0,0.0
2023-09-14 00:00:00-04:00,22.673652336885993,22.986392060582222,22.654105638136034,22.888660430908203,438700,0.0,0.0
2023-09-15 00:00:00-04:00,23.005941059845306,23.230722525719848,22.996167709493022,23.035259246826172,572100,0.0,0.0
2023-09-18 00:00:00-04:00,22.497738601247672,22.556376840784758,22.390233608699656,22.4293270111084,581300,0.0,0.0
2023-09-19 00:00:00-04:00,22.61501493376291,22.722519925614225,22.50751180598761,22.624788284301758,384500,0.0,0.0
2023-09-20 00:00:00-04:00,22.71274488744139,22.859341406479466,22.400005149739926,22.419551849365234,523700,0.0,0.0
2023-09-21 00:00:00-04:00,22.233862011484018,22.272955410876015,22.018853907055664,22.03839874267578,437600,0.0,0.0
2023-09-22 00:00:00-04:00,22.038399498927816,22.077492899661316,21.74520644973037,21.784299850463867,445800,0.0,0.0
2023-09-25 00:00:00-04:00,21.19791121811384,21.383599273502153,21.11972628319353,21.295642852783203,826700,0.0,0.0
2023-09-26 00:00:00-04:00,21.354281567769995,21.58883637780121,21.23700323071642,21.246776580810547,605200,0.0,0.0
2023-09-27 00:00:00-04:00,21.49110522436305,21.569290162798836,21.188138820933872,21.38360023498535,555800,0.0,0.0
2023-09-28 00:00:00-04:00,21.285868372312382,21.55951469796084,21.246774974890723,21.40314483642578,584900,0.0,0.0
2023-09-29 00:00:00-04:00,21.774526401261213,21.813617937740997,21.34450831552797,21.422693252563477,654500,0.0,0.0
2023-10-02 00:00:00-04:00,20.992674713371706,21.002448063299525,20.464926865800813,20.54311180114746,776600,0.0,0.0
2023-10-03 00:00:00-04:00,20.611522865132628,20.75811938218948,20.455152998395203,20.591976165771484,630900,0.0,0.0
2023-10-04 00:00:00-04:00,20.777666996639933,20.806987046972957,20.406287148725365,20.689708709716797,551600,0.0,0.0
2023-10-05 00:00:00-04:00,20.55288572666137,20.748347138463963,20.49424562545224,20.670162200927734,1036400,0.0,0.0
2023-10-06 00:00:00-04:00,20.875398027576708,21.217455951150995,20.67016140935626,21.119726181030273,1299100,0.0,0.0
2023-10-09 00:00:00-04:00,20.846078072334773,21.139271112174146,20.81675802272048,21.109952926635742,568100,0.0,0.0
2023-10-10 00:00:00-04:00,21.774526402933635,21.81361793941642,21.510651541390065,21.608383178710938,982300,0.0,0.0
2023-10-11 00:00:00-04:00,22.10681209590444,22.233861915226637,21.82339054376711,22.048171997070312,936600,0.0,0.0
2023-10-12 00:00:00-04:00,21.930896277016654,21.930896277016654,21.45201330462792,21.608383178710938,948600,0.0,0.0
2023-10-13 00:00:00-04:00,21.354281177820543,21.491104348487916,20.982901337329253,21.10017967224121,1059500,0.0,0.0
2023-10-16 00:00:00-04:00,21.539971782865983,21.637701556977767,21.442240144678244,21.588836669921875,864600,0.0,0.0
2023-10-17 00:00:00-04:00,20.992675682365107,21.383600377142894,20.992675682365107,21.188138961791992,910700,0.0,0.0
2023-10-18 00:00:00-04:00,21.100179563045096,21.100179563045096,20.728799724475746,20.73857307434082,853600,0.0,0.0
2023-10-19 00:00:00-04:00,20.679934869227125,20.72879975454751,20.318330244074147,20.36719512939453,803300,0.0,0.0
2023-10-20 00:00:00-04:00,20.005588567499007,20.09354685201692,19.800353813007803,19.819900512695312,554500,0.0,0.0
2023-10-23 00:00:00-04:00,19.55602575336649,20.044682063453383,19.44852076864309,19.81012725830078,644100,0.0,0.0
2023-10-24 00:00:00-04:00,19.565799484008377,20.025135753361432,19.49738789751706,19.956724166870117,759200,0.0,0.0
2023-10-25 00:00:00-04:00,19.59511709197913,19.92740352862576,19.5755722564697,19.643983840942383,910500,0.0,0.0
2023-10-26 00:00:00-04:00,19.66353002103888,19.8394447204315,19.52670499163241,19.692848205566406,620000,0.0,0.0
2023-10-27 00:00:00-04:00,20.31833158848067,20.337876425456518,19.790581844536543,19.86876678466797,950000,0.0,0.0
2023-10-30 00:00:00-04:00,20.494244722889448,20.611523056066844,20.396514953330126,20.572429656982422,940100,0.0,0.0
2023-10-31 00:00:00-04:00,20.5822039127173,20.640844013925083,20.357422450315305,20.484472274780273,899500,0.0,0.0
2023-11-01 00:00:00-04:00,20.552885055541992,20.709254925508453,20.298783550827523,20.552885055541992,555500,0.0,0.0
2023-11-02 00:00:00-04:00,21.012222482099958,21.0904074214238,20.738574262428507,20.99267578125,581000,0.0,0.0
2023-11-03 00:00:00-04:00,21.7549798956166,21.911349771086588,21.618156720599348,21.774526596069336,677000,0.0,0.0
2023-11-06 00:00:00-05:00,22.165449827644093,22.224088061071622,21.63770013456884,21.725658416748047,803200,0.0,0.0
2023-11-07 00:00:00-05:00,21.73543238268085,21.784299131986028,21.598609212778133,21.667020797729492,574900,0.0,0.0
2023-11-08 00:00:00-05:00,21.42269153513661,21.5986080953825,21.354279953724497,21.40314483642578,563200,0.0,0.0
2023-11-09 00:00:00-05:00,21.618156914368683,21.784300141554226,21.344508697805445,21.38360023498535,451100,0.0,0.0
2023-11-10 00:00:00-05:00,21.061086847898043,21.422693348351576,20.924263673493112,21.412919998168945,534000,0.0,0.0
2023-11-13 00:00:00-05:00,21.354281856716874,21.637701556977767,21.334735156264134,21.588836669921875,548400,0.0,0.0
2023-11-14 00:00:00-05:00,22.409779405103077,22.61501416723448,22.400006054895492,22.517284393310547,838800,0.0,0.0
2023-11-15 00:00:00-05:00,23.035258765080442,23.04503211522833,22.693198966208133,22.712745666503906,596700,0.0,0.0
2023-11-16 00:00:00-05:00,22.36091246199985,22.47819079940756,22.263182688915347,22.35114097595215,506000,0.0,0.0
2023-11-17 00:00:00-05:00,23.142763233351445,23.19162811891851,22.96684666278858,23.13298988342285,651900,0.0,0.0
2023-11-20 00:00:00-05:00,22.86911592376409,23.084125902467047,22.810477685970543,23.045032501220703,478200,0.0,0.0
2023-11-21 00:00:00-05:00,22.575921916824996,22.70297173735547,22.527055167331824,22.585695266723633,466400,0.0,0.0
2023-11-22 00:00:00-05:00,22.46841640453858,22.478189754207772,22.29249983864482,22.448869705200195,350000,0.0,0.0
2023-11-24 00:00:00-05:00,22.566147963905536,22.839796161527115,22.566147963905536,22.83002281188965,262000,0.0,0.0
2023-11-27 00:00:00-05:00,22.57592048451664,22.605238668276588,22.4684155065281,22.536827087402344,478300,0.0,0.0
2023-11-28 00:00:00-05:00,22.155677312410756,22.175224012314644,21.911349155839872,22.01885414123535,781400,0.0,0.0
2023-11-29 00:00:00-05:00,21.637700972217647,21.70611255787745,21.16859135848536,21.27609634399414,832500,0.0,0.0
2023-11-30 00:00:00-05:00,21.344506320655583,21.530196227788675,21.18813646119901,21.432464599609375,847000,0.0,0.0
2023-12-01 00:00:00-05:00,21.27609584281538,21.74520544549734,21.21745574442324,21.696340560913086,659300,0.0,0.0
2023-12-04 00:00:00-05:00,21.237003328075676,21.49110483946005,21.237003328075676,21.422693252563477,537300,0.0,0.0
2023-12-05 00:00:00-05:00,21.051314588691437,21.119726173381515,20.924262905059106,20.934036254882812,630200,0.0,0.0
2023-12-06 00:00:00-05:00,21.891801329296907,21.940668076541748,21.56928825378418,21.56928825378418,642600,0.0,0.0
2023-12-07 00:00:00-05:00,21.559516619242768,21.60838337037461,21.36405520694324,21.588836669921875,496900,0.0,0.0
2023-12-08 00:00:00-05:00,21.696340759458415,21.930895562945828,21.696340759458415,21.862483978271484,550100,0.0,0.0
2023-12-11 00:00:00-05:00,21.979760932372596,22.077492568665154,21.95044088226205,21.99930763244629,745100,0.0,0.0
2023-12-12 00:00:00-05:00,21.784298844425436,21.7940703300816,21.618155627132758,21.696340560913086,573300,0.0,0.0
2023-12-13 00:00:00-05:00,21.285870550629216,21.745206832885742,21.1001806220251,21.745206832885742,743600,0.0,0.0
2023-12-14 00:00:00-05:00,22.175222967431974,22.40977776299884,22.067717987102064,22.1165828704834,1071700,0.0,0.0
2023-12-15 00:00:00-05:00,21.89180316785621,21.95044140539888,21.579063415527344,21.579063415527344,843500,0.0,0.0
2023-12-18 00:00:00-05:00,21.53996957701418,21.53996957701418,21.33473297143008,21.432464599609375,582700,0.0,0.0
2023-12-19 00:00:00-05:00,21.46178498105503,21.725659844939134,21.452013494904612,21.588836669921875,558300,0.0,0.0
2023-12-20 00:00:00-05:00,21.559516521914144,21.657248159660682,21.217456721839238,21.227230072021484,512700,0.0,0.0
2023-12-21 00:00:00-05:00,21.627926784984943,21.73543176633194,21.452012084702357,21.725658416748047,509500,0.0,0.0
2023-12-22 00:00:00-05:00,21.559516619242768,21.754979895618245,21.481331681507765,21.588836669921875,328600,0.0,0.0
2023-12-26 00:00:00-05:00,21.5986105920324,21.75498047164273,21.588837241547253,21.71588706970215,251600,0.0,0.0
2023-12-27 00:00:00-05:00,21.82339044059583,21.901575374595836,21.784298905633758,21.872255325317383,365400,0.0,0.0
2023-12-28 00:00:00-05:00,21.85271229943021,22.009082180378734,21.842938948861427,21.882030487060547,351300,0.0,0.0
2023-12-29 00:00:00-05:00,21.96998820028699,21.98953490091048,21.78430013659178,21.940670013427734,430400,0.0,0.0
2024-01-02 00:00:00-05:00,21.246775478274202,21.35428045965501,21.12949901138226,21.168590545654297,771300,0.0,0.0
2024-01-03 00:00:00-05:00,20.57243107987328,20.894944188322885,20.533339542160963,20.806987762451172,895200,0.0,0.0
2024-01-04 00:00:00-05:00,20.797213077835877,20.924262897345496,20.728799629095143,20.74834632873535,679600,0.0,0.0
2024-01-05 00:00:00-05:00,20.601751231414568,20.855852752046484,20.55288634301751,20.61152458190918,1276400,0.0,0.0
2024-01-08 00:00:00-05:00,20.992674598900592,21.315187688456366,20.963356413352905,21.295642852783203,1100800,0.0,0.0
2024-01-09 00:00:00-05:00,21.08063316345215,21.197911499426937,21.00244822749426,21.08063316345215,554700,0.0,0.0
2024-01-10 00:00:00-05:00,21.061085848794573,21.1588174819087,20.973127565399444,21.139270782470703,455600,0.0,0.0
2024-01-11 00:00:00-05:00,21.119725154972713,21.158816688306647,20.650613706435003,20.84607696533203,823400,0.0,0.0
2024-01-12 00:00:00-05:00,20.90471653020825,21.021994865839027,20.670161723022606,20.71902847290039,653900,0.0,0.0
2024-01-16 00:00:00-05:00,20.11309494987835,20.161959838418113,19.927405018090425,20.05445671081543,942400,0.0,0.0
2024-01-17 00:00:00-05:00,19.458295013471545,19.49738841483293,19.233513547871503,19.35079002380371,1010000,0.0,0.0
2024-01-18 00:00:00-05:00,19.614664367599786,19.800354290961668,19.497387894795597,19.771034240722656,1477500,0.0,0.0
2024-01-19 00:00:00-05:00,19.673302093708035,20.02513523114647,19.604890509000757,20.00558853149414,852600,0.0,0.0
2024-01-22 00:00:00-05:00,19.907858994604332,20.10332040118983,19.878538944782356,19.98604393005371,876700,0.0,0.0
2024-01-23 00:00:00-05:00,20.39651476438763,20.591976165771484,20.36719471534592,20.591976165771484,679600,0.0,0.0
2024-01-24 00:00:00-05:00,20.96335740452833,21.10995393142571,20.8265323638916,20.8265323638916,801000,0.0,0.0
2024-01-25 00:00:00-05:00,20.98290152748581,21.090406513456372,20.806986819637494,21.08063316345215,1271700,0.0,0.0
2024-01-26 00:00:00-05:00,21.48133009699932,21.5692883784727,21.30541353405256,21.37382698059082,1460300,0.0,0.0
2024-01-29 00:00:00-05:00,20.953582668376168,20.98290085337103,20.65061442020635,20.963356018066406,652400,0.0,0.0
2024-01-30 00:00:00-05:00,20.631069764204316,20.826531167480255,20.562658179853944,20.758119583129883,677600,0.0,0.0
2024-01-31 00:00:00-05:00,20.640843034503362,20.65061452016505,20.201051616693118,20.210824966430664,697700,0.0,0.0
2024-02-01 00:00:00-05:00,20.4356081024533,20.45515480353942,20.034910050568023,20.416061401367188,630900,0.0,0.0
2024-02-02 00:00:00-05:00,20.36719421578192,20.425832448351223,20.093546023665514,20.26946258544922,502900,0.0,0.0
2024-02-05 00:00:00-05:00,20.15218682719364,20.269463296445974,19.966496909455593,20.201051712036133,534500,0.0,0.0
2024-02-06 00:00:00-05:00,20.748346907992083,21.109953405127886,20.699482021603213,21.061086654663086,683200,0.0,0.0
2024-02-07 00:00:00-05:00,20.728800343349533,20.865625381469727,20.52356558228315,20.865625381469727,1038900,0.0,0.0
2024-02-08 00:00:00-05:00,20.416060306227468,20.621296928470528,20.34764872017175,20.5235652923584,1149200,0.0,0.0
2024-02-09 00:00:00-05:00,20.17173107911351,20.22059782661815,19.927402933817753,20.07400131225586,592500,0.0,0.0
2024-02-12 00:00:00-05:00,20.074001995255397,20.455153318380844,20.074001995255397,20.376968383789062,949600,0.0,0.0
2024-02-13 00:00:00-05:00,19.937177700183483,19.98604445116091,19.409429838158893,19.565799713134766,827400,0.0,0.0
2024-02-14 00:00:00-05:00,19.68307547895863,19.829673862539067,19.624437243971983,19.819900512695312,749800,0.0,0.0
2024-02-15 00:00:00-05:00,20.015362786308998,20.32810253858321,20.015362786308998,20.289011001586914,589300,0.0,0.0
2024-02-16 00:00:00-05:00,20.836306238687285,20.93403788043748,20.72880124635447,20.777667999267578,632800,0.0,0.0
2024-02-20 00:00:00-05:00,20.38674263940117,20.54311251553221,20.367195938865798,20.474700927734375,719700,0.0,0.0
2024-02-21 00:00:00-05:00,20.63106985904584,20.758119678555456,20.56265827438098,20.74834632873535,695800,0.0,0.0
2024-02-22 00:00:00-05:00,20.640844819262924,20.84607958926991,20.552886528095353,20.777667999267578,600000,0.0,0.0
2024-02-23 00:00:00-05:00,20.45515399395649,20.74834704234003,20.425833943487756,20.679935455322266,649300,0.0,0.0
2024-02-26 00:00:00-05:00,20.61152237461276,20.640842422956702,20.406285764356774,20.45515251159668,564000,0.0,0.0
2024-02-27 00:00:00-05:00,20.357422301213433,20.406287187786074,20.2499173138625,20.318330764770508,825000,0.0,0.0
2024-02-28 00:00:00-05:00,19.927404306920245,19.995815894064844,19.741716245835175,19.751487731933594,558400,0.0,0.0
2024-02-29 00:00:00-05:00,19.849218498013553,19.8883118969944,19.47784052807484,19.653757095336914,708800,0.0,0.0
2024-03-01 00:00:00-05:00,19.428973685135492,19.731941933540327,19.350788751628794,19.663530349731445,681900,0.0,0.0
2024-03-04 00:00:00-05:00,19.370335916092404,19.51693243692766,19.223739395257144,19.428974151611328,548600,0.0,0.0
2024-03-05 00:00:00-05:00,19.028276347828932,19.17487473445867,18.979411461669635,19.038049697875977,703400,0.0,0.0
2024-03-06 00:00:00-05:00,19.36056087563044,19.380107573788596,19.184644320358487,19.223737716674805,697700,0.0,0.0
2024-03-07 00:00:00-05:00,19.76125980129875,19.956723063965338,19.653756684500365,19.878538131713867,546400,0.0,0.0
2024-03-08 00:00:00-05:00,20.06422833337061,20.1228665673835,19.790580134517384,19.849218368530273,428500,0.0,0.0
2024-03-11 00:00:00-04:00,19.722170154842402,20.07400331568629,19.722170154842402,20.06422996520996,464700,0.0,0.0
2024-03-12 00:00:00-04:00,20.777666994420528,20.78744034453049,20.435607196875523,20.504018783569336,655800,0.0,0.0
2024-03-13 00:00:00-04:00,20.43560710152489,20.57243027427412,20.396515565343364,20.513792037963867,447800,0.0,0.0
2024-03-14 00:00:00-04:00,20.367194824635238,20.406286359491432,19.927403407028926,20.025135040283203,1391400,0.0,0.0
2024-03-15 00:00:00-04:00,20.064228248352354,20.152186531036904,19.898085032623296,20.044681549072266,751500,0.0,0.0
2024-03-18 00:00:00-04:00,19.771033660095096,19.790580359680398,19.634210491149734,19.643983840942383,567000,0.0,0.0
2024-03-19 00:00:00-04:00,19.458294725060373,19.634211300427218,19.4387480246694,19.565799713134766,620500,0.0,0.0
2024-03-20 00:00:00-04:00,18.29529228182937,18.891453599555202,18.17801580678308,18.813268661499023,1636000,0.0,0.0
2024-03-21 00:00:00-04:00,19.01850180019656,19.233511759540615,18.940316868819394,18.969636917114258,983600,0.0,0.0
2024-03-22 00:00:00-04:00,19.14555469103588,19.4094295501709,19.14555469103588,19.4094295501709,994000,0.0,0.0
2024-03-25 00:00:00-04:00,19.20419130271492,19.360561162142798,19.19441795349121,19.19441795349121,729100,0.0,0.0
2024-03-26 00:00:00-04:00,18.930545464068217,19.01850188117571,18.754628901701608,18.774173736572266,1095500,0.0,0.0
2024-03-27 00:00:00-04:00,18.656898268440717,18.8914530761102,18.598260032542324,18.862133026123047,1518300,0.0,0.0
2024-03-28 00:00:00-04:00,18.930544890635563,19.008729819977304,18.647123356724414,18.832813262939453,2328700,0.0,0.0
2024-04-01 00:00:00-04:00,19.084765376488036,19.084765376488036,18.77726708414252,18.836782455444336,1280400,0.284,0.0
2024-04-02 00:00:00-04:00,18.598718988142835,18.638397163458116,18.370575155958573,18.44001007080078,2243600,0.0,0.0
2024-04-03 00:00:00-04:00,18.11267321137965,18.330897505989196,17.97380337771536,18.251543045043945,852100,0.0,0.0
2024-04-04 00:00:00-04:00,18.51936384377668,18.578879212586465,18.023398022456426,18.03331756591797,1067700,0.0,0.0
2024-04-05 00:00:00-04:00,18.04323789050883,18.201946808845392,17.98372062716296,18.112672805786133,924600,0.0,0.0
2024-04-08 00:00:00-04:00,18.122592553359812,18.28130147348013,18.092833921352415,18.18210792541504,974300,0.0,0.0
2024-04-09 00:00:00-04:00,18.44992976722613,18.499525594820895,18.211866389244058,18.311058044433594,735700,0.0,0.0
2024-04-10 00:00:00-04:00,18.003559635974803,18.033318267517206,17.67622225684652,17.815092086791992,720600,0.0,0.0
2024-04-11 00:00:00-04:00,17.993640118727555,18.033318294176084,17.76549628577714,17.91428565979004,948500,0.0,0.0
2024-04-12 00:00:00-04:00,17.497673774896967,17.636545493019288,17.3687234923114,17.378643035888672,1365900,0.0,0.0
2024-04-15 00:00:00-04:00,17.864690328219616,17.864690328219616,17.408400757696306,17.527433395385742,1615200,0.0,0.0
2024-04-16 00:00:00-04:00,17.081062715471358,17.21993443612234,16.981871061811464,17.12074089050293,1369600,0.0,0.0
2024-04-17 00:00:00-04:00,17.477837745498373,17.577029403968346,17.18025709420962,17.4976749420166,1537200,0.0,0.0
2024-04-18 00:00:00-04:00,17.696060801030374,18.063074452316656,17.63654543173304,17.90436553955078,911900,0.0,0.0
2024-04-19 00:00:00-04:00,17.854770491663583,18.023398955318786,17.854770491663583,17.983720779418945,1007500,0.0,0.0
2024-04-22 00:00:00-04:00,18.251542113508847,18.4300901145127,18.12259183053912,18.30113983154297,965000,0.0,0.0
2024-04-23 00:00:00-04:00,18.420171582030388,18.67807405408619,18.390414841535993,18.549123764038086,765100,0.0,0.0
2024-04-24 00:00:00-04:00,18.509444036591585,18.51936357991179,18.26146112946473,18.489604949951172,633700,0.0,0.0
2024-04-25 00:00:00-04:00,18.043237286785114,18.112672199739137,17.825011112404493,18.003559112548828,1162500,0.0,0.0
2024-04-26 00:00:00-04:00,18.132510946776883,18.211865401801663,18.063074143165686,18.162267684936523,964800,0.0,0.0
2024-04-29 00:00:00-04:00,18.489606507116854,18.737589435128438,18.390414849479892,18.6483154296875,1477900,0.0,0.0
2024-04-30 00:00:00-04:00,17.636545881739288,17.7258198839429,17.378643418924344,17.418319702148438,1365500,0.0,0.0
2024-05-01 00:00:00-04:00,17.557191299937486,17.963883132913665,17.557191299937486,17.646465301513672,851000,0.0,0.0
2024-05-02 00:00:00-04:00,18.152348407919668,18.440009494080105,17.96388275694504,18.430089950561523,912300,0.0,0.0
2024-05-03 00:00:00-04:00,18.826863487323095,18.955815669706727,18.71775228525956,18.846702575683594,1114500,0.0,0.0
2024-05-06 00:00:00-04:00,18.99549200812429,19.263314025868713,18.945896179042556,19.1442813873291,604200,0.0,0.0
2024-05-07 00:00:00-04:00,19.193878313272112,19.203797857069468,18.955814938014168,18.965734481811523,752100,0.0,0.0
2024-05-08 00:00:00-04:00,19.223634396206865,19.451780111835678,19.193877657790537,19.38234519958496,746400,0.0,0.0
2024-05-09 00:00:00-04:00,19.59064983566757,19.83863274497982,19.560891205444698,19.70968246459961,844400,0.0,0.0
2024-05-10 00:00:00-04:00,19.977502822875977,20.027100540544968,19.838632997321756,19.977502822875977,880400,0.0,0.0
2024-05-13 00:00:00-04:00,19.798954956903845,19.98742250139992,19.719600500057,19.749359130859375,672700,0.0,0.0
2024-05-14 00:00:00-04:00,19.908069236775926,19.977504154180192,19.808875686787147,19.96758460998535,435400,0.0,0.0
2024-05-15 00:00:00-04:00,20.31476118077919,20.374278446217208,20.195730433822376,20.36435890197754,392500,0.0,0.0
2024-05-16 00:00:00-04:00,20.701614967643213,20.929758799681775,20.681775879998245,20.810726165771484,595900,0.0,0.0
2024-05-17 00:00:00-04:00,20.602421421377898,20.830565253416456,20.572662789910442,20.810726165771484,599800,0.0,0.0
2024-05-20 00:00:00-04:00,20.45363268917577,20.54290480245773,20.27508467869267,20.294921875,567700,0.0,0.0
2024-05-21 00:00:00-04:00,20.076696833654868,20.33459929565935,20.076696833654868,20.314760208129883,737300,0.0,0.0
2024-05-22 00:00:00-04:00,19.977504326976486,20.066778333542608,19.729521395839402,19.838634490966797,649300,0.0,0.0
2024-05-23 00:00:00-04:00,19.729521115933036,19.739440660072944,19.263313893114947,19.372426986694336,598400,0.0,0.0
2024-05-24 00:00:00-04:00,19.412102527355106,19.57081144359216,19.3724262442756,19.491456985473633,485200,0.0,0.0
2024-05-28 00:00:00-04:00,19.60056986771423,19.63032849867898,19.372426039529643,19.422021865844727,514500,0.0,0.0
2024-05-29 00:00:00-04:00,19.005411350937706,19.11452444411281,18.92605689007206,19.074846267700195,643700,0.0,0.0
2024-05-30 00:00:00-04:00,19.0351694080103,19.193878324945455,19.005410776600137,19.064926147460938,740900,0.0,0.0
2024-05-31 00:00:00-04:00,19.253394481660447,19.273233570076982,18.896298458001215,19.1442813873291,1136200,0.0,0.0
2024-06-03 00:00:00-04:00,19.431941807878285,19.521215810643263,19.22363517077349,19.461700439453125,787400,0.0,0.0
2024-06-04 00:00:00-04:00,19.174038333614597,19.293070961685395,19.094683878887206,19.213716506958008,593700,0.0,0.0
2024-06-05 00:00:00-04:00,19.27323208314394,19.283151626586914,19.094684085089334,19.283151626586914,374100,0.0,0.0
2024-06-06 00:00:00-04:00,19.441861733354543,19.56089247807124,19.402183557142592,19.50137710571289,377300,0.0,0.0
2024-06-07 00:00:00-04:00,18.876459949100315,18.906216687696585,18.430089950561523,18.430089950561523,869400,0.0,0.0
2024-06-10 00:00:00-04:00,18.37057475830957,18.420170584420585,18.301139844970347,18.400331497192383,697700,0.0,0.0
2024-06-11 00:00:00-04:00,18.12259174329821,18.152348482015945,17.934124199594805,18.003559112548828,592600,0.0,0.0
2024-06-12 00:00:00-04:00,18.59871858555544,18.648314411666455,18.32097704023906,18.400331497192383,595200,0.0,0.0
2024-06-13 00:00:00-04:00,18.201946602696307,18.23170334207268,17.963883227887685,18.043237686157227,573100,0.0,0.0
2024-06-14 00:00:00-04:00,17.735737820994363,17.825011824633627,17.626626621403805,17.785335540771484,487200,0.0,0.0
2024-06-17 00:00:00-04:00,17.686141448104735,17.924204819819337,17.60678699086653,17.874608993530273,721300,0.0,0.0
2024-06-18 00:00:00-04:00,17.86468960000039,17.93412451417235,17.65638296552499,17.745656967163086,1265200,0.0,0.0
2024-06-20 00:00:00-04:00,17.84485039083737,18.033317936561335,17.80517410813519,17.97380256652832,600100,0.0,0.0
2024-06-21 00:00:00-04:00,17.676221333948334,17.92420424130891,17.626625509259995,17.864688873291016,632300,0.0,0.0
2024-06-24 00:00:00-04:00,19.114522965558916,19.322827699733516,19.055005705543795,19.213716506958008,1198100,0.0,0.0
2024-06-25 00:00:00-04:00,18.886380954413074,18.965735416744238,18.737589682077477,18.9161376953125,1057400,0.0,0.0
2024-06-26 00:00:00-04:00,18.84670182124714,18.945895367119295,18.777266906724492,18.866540908813477,690100,0.0,0.0
2024-06-27 00:00:00-04:00,18.60863868588084,18.60863868588084,18.23170358510624,18.311058044433594,653500,0.0,0.0
2024-06-28 00:00:00-04:00,18.211865979927456,18.2912204374713,18.06307471656818,18.17218780517578,777100,0.0,0.0
2024-07-01 00:00:00-04:00,18.311058188280438,18.40033219221997,18.00355989246625,18.082914352416992,788400,0.0,0.0
2024-07-02 00:00:00-04:00,17.92420428887505,18.082913198650235,17.90436520216329,18.063074111938477,852000,0.0,0.0
2024-07-03 00:00:00-04:00,18.390414270071552,18.6284776464271,18.360655638542283,18.539203643798828,399700,0.0,0.0
2024-07-05 00:00:00-04:00,18.231703574634963,18.261462206350462,17.94404436922334,18.21186637878418,642000,0.0,0.0
2024-07-08 00:00:00-04:00,18.58879847465103,18.628476647896544,18.340815567744865,18.390413284301758,694400,0.0,0.0
2024-07-09 00:00:00-04:00,18.320977410173942,18.44992958780156,18.28130112687589,18.340816497802734,466000,0.0,0.0
2024-07-10 00:00:00-04:00,18.85662194953356,18.985572238792795,18.71775211618368,18.97565269470215,471500,0.0,0.0
2024-07-11 00:00:00-04:00,19.035170006999977,19.213718017160367,19.035170006999977,19.174039840698242,676300,0.0,0.0
2024-07-12 00:00:00-04:00,18.985572635416926,19.094685730733914,18.955815894482928,19.015331268310547,498500,0.0,0.0
2024-07-15 00:00:00-04:00,18.63839736967153,18.70783228528196,18.469768906634965,18.509445190429688,573400,0.0,0.0
2024-07-16 00:00:00-04:00,18.33089607206158,18.628476696297827,18.28130024733526,18.58879852294922,490400,0.0,0.0
2024-07-17 00:00:00-04:00,18.638397216796875,18.807023786490788,18.57887995365363,18.638397216796875,478800,0.0,0.0
2024-07-18 00:00:00-04:00,18.68799373308191,18.70783282152772,18.32097816467285,18.32097816467285,561200,0.0,0.0
2024-07-19 00:00:00-04:00,18.092834099404975,18.271382109287327,18.013479638563886,18.1523494720459,1475500,0.0,0.0
2024-07-22 00:00:00-04:00,18.340816676166185,18.370575307898772,18.132511929916703,18.311058044433594,737900,0.0,0.0
2024-07-23 00:00:00-04:00,17.98372112980369,17.98372112980369,17.735738201476803,17.82501220703125,1037000,0.0,0.0
2024-07-24 00:00:00-04:00,17.72581973138619,17.874609103125152,17.53735218480509,17.547271728515625,602700,0.0,0.0
2024-07-25 00:00:00-04:00,17.517513672609834,17.785335685710198,17.49767458453731,17.557191848754883,590000,0.0,0.0
2024-07-26 00:00:00-04:00,17.577027792612217,17.864688873291016,17.54727105458299,17.864688873291016,775100,0.0,0.0
2024-07-29 00:00:00-04:00,18.043236901105935,18.09283272588169,17.89444753481923,17.963882446289062,1065100,0.0,0.0
2024-07-30 00:00:00-04:00,17.91428460111638,17.91428460111638,17.457996962180605,17.567108154296875,708200,0.0,0.0
2024-07-31 00:00:00-04:00,17.89444888478962,18.221786272098722,17.874609796598868,18.053157806396484,679800,0.0,0.0
2024-08-01 00:00:00-04:00,17.686142576953515,17.705981665519204,16.79340440305331,16.872758865356445,1265500,0.0,0.0
2024-08-02 00:00:00-04:00,16.614855389175933,16.664451215643403,16.436307386757836,16.624774932861328,1153900,0.0,0.0
2024-08-05 00:00:00-04:00,16.376792680658212,16.466066685487185,16.138729298434153,16.20816421508789,1677400,0.0,0.0
2024-08-06 00:00:00-04:00,15.960180659724482,16.138728662345162,15.870906658414142,15.950261116027832,1420900,0.0,0.0
2024-08-07 00:00:00-04:00,16.426388455093765,16.505742915574043,15.95026169221211,15.96018123626709,1164600,0.0,0.0
2024-08-08 00:00:00-04:00,15.87090612351835,16.108969488335994,15.831228896048744,16.089130401611328,1506800,0.0,0.0
2024-08-09 00:00:00-04:00,16.05937348741841,16.15856702799479,15.940340860334869,16.11888885498047,1043000,0.0,0.0
2024-08-12 00:00:00-04:00,16.188324523351085,16.24783989369825,16.059374238938982,16.099050521850586,930600,0.0,0.0
2024-08-13 00:00:00-04:00,16.32719406611657,16.50574206599693,16.277598240354013,16.456146240234375,823600,0.0,0.0
2024-08-14 00:00:00-04:00,16.436307907104492,16.495823279141515,16.277598987032718,16.436307907104492,492400,0.0,0.0
2024-08-15 00:00:00-04:00,16.753724874800405,16.813242135697642,16.62477459344199,16.783483505249023,745500,0.0,0.0
2024-08-16 00:00:00-04:00,16.82315981724362,16.981870621293353,16.82315981724362,16.88267707824707,526000,0.0,0.0
2024-08-19 00:00:00-04:00,17.061225492472634,17.120740862964745,16.97195149075471,17.021547317504883,525500,0.0,0.0
2024-08-20 00:00:00-04:00,16.862839118750916,16.892597751242402,16.763645569072224,16.80332374572754,558300,0.0,0.0
2024-08-21 00:00:00-04:00,17.22985496466023,17.289370338649697,17.12074186904652,17.26953125,603600,0.0,0.0
2024-08-22 00:00:00-04:00,17.38856255009684,17.418319288818914,17.219934093486998,17.279449462890625,608400,0.0,0.0
2024-08-23 00:00:00-04:00,17.54727233812301,17.775416175512635,17.507594161902425,17.755577087402344,668500,0.0,0.0
2024-08-26 00:00:00-04:00,17.85477005626732,17.86468960000039,17.70598068419033,17.745656967163086,529000,0.0,0.0
2024-08-27 00:00:00-04:00,17.676221610226445,17.686141153711045,17.43815824247451,17.507593154907227,934700,0.0,0.0
2024-08-28 00:00:00-04:00,17.279449462890625,17.42823883237943,17.011627462635087,17.279449462890625,709300,0.0,0.0
2024-08-29 00:00:00-04:00,17.120741466650482,17.269530844106903,17.04138700587642,17.130661010742188,644800,0.0,0.0
2024-08-30 00:00:00-04:00,17.219935015607955,17.24969175592349,16.952113001010648,17.130661010742188,911700,0.0,0.0
2024-09-03 00:00:00-04:00,16.862839276314915,16.902517453340977,16.634695434293903,16.67437171936035,935300,0.0,0.0
2024-09-04 00:00:00-04:00,16.555339813232422,16.74380546503369,16.49582255185988,16.555339813232422,1093700,0.0,0.0
2024-09-05 00:00:00-04:00,16.902515764230053,16.932272502066322,16.723967769374756,16.842998504638672,915900,0.0,0.0
2024-09-06 00:00:00-04:00,16.709999084472656,16.75,16.290000915527344,16.40999984741211,1554200,0.137,0.0
2024-09-09 00:00:00-04:00,16.239999771118164,16.3799991607666,16.200000762939453,16.270000457763672,1531200,0.0,0.0
2024-09-10 00:00:00-04:00,16.139999389648438,16.139999389648438,15.770000457763672,16.079999923706055,1659800,0.0,0.0
2024-09-11 00:00:00-04:00,16.31999969482422,16.510000228881836,16.1299991607666,16.469999313354492,1328000,0.0,0.0
2024-09-12 00:00:00-04:00,16.200000762939453,16.420000076293945,16.059999465942383,16.3700008392334,1165500,0.0,0.0
2024-09-13 00:00:00-04:00,16.56999969482422,16.639999389648438,16.450000762939453,16.479999542236328,1632700,0.0,0.0
2024-09-16 00:00:00-04:00,16.3799991607666,16.549999237060547,16.270000457763672,16.520000457763672,3261000,0.0,0.0
2024-09-17 00:00:00-04:00,16.75,16.770000457763672,16.600000381469727,16.649999618530273,1882000,0.0,0.0
2024-09-18 00:00:00-04:00,16.8700008392334,17.06999969482422,16.729999542236328,16.799999237060547,1076500,0.0,0.0
2024-09-19 00:00:00-04:00,17.43000030517578,17.459999084472656,17.270000457763672,17.40999984741211,828500,0.0,0.0
2024-09-20 00:00:00-04:00,16.959999084472656,16.959999084472656,16.719999313354492,16.799999237060547,911400,0.0,0.0
2024-09-23 00:00:00-04:00,16.979999542236328,17.239999771118164,16.969999313354492,17.18000030517578,840800,0.0,0.0
2024-09-24 00:00:00-04:00,18.06999969482422,18.200000762939453,17.489999771118164,17.600000381469727,4224800,0.0,0.0
2024-09-25 00:00:00-04:00,17.420000076293945,17.450000762939453,16.969999313354492,16.989999771118164,3415000,0.0,0.0
2024-09-26 00:00:00-04:00,18.360000610351562,18.469999313354492,18.170000076293945,18.329999923706055,4005500,0.0,0.0
2024-09-27 00:00:00-04:00,18.8700008392334,18.940000534057617,18.5,18.559999465942383,2881400,0.0,0.0
2024-09-30 00:00:00-04:00,18.739999771118164,18.760000228881836,18.469999313354492,18.540000915527344,2139400,0.0,0.0
2024-10-01 00:00:00-04:00,18.59000015258789,18.59000015258789,18.18000030517578,18.479999542236328,2180600,0.0,0.0
2024-10-02 00:00:00-04:00,19.100000381469727,19.290000915527344,18.90999984741211,18.989999771118164,2222600,0.0,0.0
2024-10-03 00:00:00-04:00,18.530000686645508,18.59000015258789,18.360000610351562,18.40999984741211,1081200,0.0,0.0
2024-10-04 00:00:00-04:00,18.690000534057617,18.770000457763672,18.579999923706055,18.739999771118164,794300,0.0,0.0
2024-10-07 00:00:00-04:00,18.81999969482422,18.850000381469727,18.639999389648438,18.739999771118164,940300,0.0,0.0
2024-10-08 00:00:00-04:00,18.139999389648438,18.18000030517578,17.969999313354492,18.030000686645508,845300,0.0,0.0
2024-10-09 00:00:00-04:00,18.079999923706055,18.219999313354492,18.059999465942383,18.200000762939453,875600,0.0,0.0
2024-10-10 00:00:00-04:00,18.059999465942383,18.09000015258789,17.889999389648438,17.950000762939453,748400,0.0,0.0
2024-10-11 00:00:00-04:00,17.579999923706055,17.780000686645508,17.549999237060547,17.729999542236328,877800,0.0,0.0
2024-10-14 00:00:00-04:00,17.56999969482422,17.920000076293945,17.520000457763672,17.8799991607666,864600,0.0,0.0
2024-10-15 00:00:00-04:00,17.549999237060547,17.579999923706055,17.139999389648438,17.15999984741211,625000,0.0,0.0
2024-10-16 00:00:00-04:00,17.399999618530273,17.43000030517578,17.260000228881836,17.309999465942383,737100,0.0,0.0
2024-10-17 00:00:00-04:00,17.229999542236328,17.25,16.959999084472656,17.100000381469727,2407600,0.0,0.0
2024-10-18 00:00:00-04:00,17.760000228881836,17.760000228881836,17.579999923706055,17.639999389648438,1046000,0.0,0.0
2024-10-21 00:00:00-04:00,17.239999771118164,17.299999237060547,17.040000915527344,17.100000381469727,930600,0.0,0.0
2024-10-22 00:00:00-04:00,17.049999237060547,17.139999389648438,16.989999771118164,17.110000610351562,932100,0.0,0.0
2024-10-23 00:00:00-04:00,16.989999771118164,17.040000915527344,16.81999969482422,16.950000762939453,1055100,0.0,0.0
2024-10-24 00:00:00-04:00,17.1299991607666,17.139999389648438,16.860000610351562,16.989999771118164,1446300,0.0,0.0
2024-10-25 00:00:00-04:00,16.860000610351562,16.8799991607666,16.610000610351562,16.649999618530273,1415400,0.0,0.0
2024-10-28 00:00:00-04:00,16.739999771118164,16.969999313354492,16.700000762939453,16.899999618530273,2768900,0.0,0.0
2024-10-29 00:00:00-04:00,17.06999969482422,17.06999969482422,16.780000686645508,16.809999465942383,1448600,0.0,0.0
2024-10-30 00:00:00-04:00,16.760000228881836,16.950000762939453,16.6299991607666,16.6299991607666,1348500,0.0,0.0
2024-10-31 00:00:00-04:00,16.719999313354492,16.760000228881836,16.450000762939453,16.579999923706055,2174200,0.0,0.0
2024-11-01 00:00:00-04:00,16.690000534057617,16.700000762939453,16.530000686645508,16.56999969482422,1800300,0.0,0.0
2024-11-04 00:00:00-05:00,16.8700008392334,17.020000457763672,16.690000534057617,16.700000762939453,1200700,0.0,0.0
2024-11-05 00:00:00-05:00,16.8700008392334,16.920000076293945,16.770000457763672,16.899999618530273,901400,0.0,0.0
2024-11-06 00:00:00-05:00,17.079999923706055,17.18000030517578,16.989999771118164,17.149999618530273,882700,0.0,0.0
2024-11-07 00:00:00-05:00,17.5,17.600000381469727,17.34000015258789,17.469999313354492,1115100,0.0,0.0
2024-11-08 00:00:00-05:00,16.809999465942383,16.829999923706055,16.43000030517578,16.510000228881836,890400,0.0,0.0
2024-11-11 00:00:00-05:00,16.600000381469727,16.6299991607666,16.34000015258789,16.389999389648438,917800,0.0,0.0
2024-11-12 00:00:00-05:00,15.800000190734863,15.8100004196167,15.390000343322754,15.5600004196167,1658000,0.0,0.0
2024-11-13 00:00:00-05:00,15.220000267028809,15.529999732971191,15.109999656677246,15.520000457763672,1587000,0.0,0.0
2024-11-14 00:00:00-05:00,15.90999984741211,15.989999771118164,15.819999694824219,15.850000381469727,1198000,0.0,0.0
2024-11-15 00:00:00-05:00,16.270000457763672,16.299999237060547,16.030000686645508,16.1299991607666,1436300,0.0,0.0
2024-11-18 00:00:00-05:00,16.040000915527344,16.209999084472656,16.040000915527344,16.18000030517578,994600,0.0,0.0
2024-11-19 00:00:00-05:00,15.859999656677246,15.890000343322754,15.699999809265137,15.84000015258789,1144800,0.0,0.0
2024-11-20 00:00:00-05:00,16.040000915527344,16.1299991607666,15.970000267028809,16.030000686645508,1330000,0.0,0.0
2024-11-21 00:00:00-05:00,15.960000038146973,16.079999923706055,15.920000076293945,16.059999465942383,1072600,0.0,0.0
2024-11-22 00:00:00-05:00,15.829999923706055,16.0,15.8100004196167,15.930000305175781,1059000,0.0,0.0
2024-11-25 00:00:00-05:00,16.31999969482422,16.489999771118164,16.309999465942383,16.3700008392334,1171600,0.0,0.0
2024-11-26 00:00:00-05:00,16.420000076293945,16.43000030517578,16.0,16.100000381469727,1289500,0.0,0.0
2024-11-27 00:00:00-05:00,16.260000228881836,16.420000076293945,16.25,16.329999923706055,579900,0.0,0.0
2024-11-29 00:00:00-05:00,16.170000076293945,16.3799991607666,16.030000686645508,16.350000381469727,491700,0.0,0.0
2024-12-02 00:00:00-05:00,16.399999618530273,16.639999389648438,16.229999542236328,16.56999969482422,1070400,0.0,0.0
2024-12-03 00:00:00-05:00,16.40999984741211,16.420000076293945,16.239999771118164,16.260000228881836,910600,0.0,0.0
2024-12-04 00:00:00-05:00,16.389999389648438,16.510000228881836,16.309999465942383,16.420000076293945,562000,0.0,0.0
2024-12-05 00:00:00-05:00,16.709999084472656,16.790000915527344,16.6200008392334,16.700000762939453,822300,0.0,0.0
2024-12-06 00:00:00-05:00,17.040000915527344,17.040000915527344,16.75,16.829999923706055,767400,0.0,0.0
2024-12-09 00:00:00-05:00,17.3700008392334,17.520000457763672,17.260000228881836,17.270000457763672,1147900,0.0,0.0
2024-12-10 00:00:00-05:00,17.09000015258789,17.1200008392334,17.010000228881836,17.049999237060547,831500,0.0,0.0
2024-12-11 00:00:00-05:00,17.270000457763672,17.270000457763672,17.030000686645508,17.1200008392334,524600,0.0,0.0
2024-12-12 00:00:00-05:00,16.760000228881836,16.8799991607666,16.690000534057617,16.709999084472656,659600,0.0,0.0
2024-12-13 00:00:00-05:00,16.520000457763672,16.540000915527344,16.299999237060547,16.389999389648438,560500,0.0,0.0
2024-12-16 00:00:00-05:00,16.149999618530273,16.270000457763672,16.049999237060547,16.1200008392334,1347000,0.0,0.0
2024-12-17 00:00:00-05:00,16.100000381469727,16.229999542236328,16.06999969482422,16.1299991607666,693700,0.0,0.0
2024-12-18 00:00:00-05:00,16.06999969482422,16.15999984741211,15.539999961853027,15.600000381469727,878000,0.0,0.0
2024-12-19 00:00:00-05:00,15.819999694824219,15.819999694824219,15.640000343322754,15.65999984741211,943600,0.0,0.0
2024-12-20 00:00:00-05:00,15.579999923706055,15.90999984741211,15.569999694824219,15.75,874800,0.0,0.0
2024-12-23 00:00:00-05:00,15.699999809265137,15.979999542236328,15.699999809265137,15.970000267028809,771400,0.0,0.0
2024-12-24 00:00:00-05:00,15.920000076293945,16.030000686645508,15.869999885559082,16.020000457763672,319900,0.0,0.0
2024-12-26 00:00:00-05:00,15.930000305175781,16.270000457763672,15.930000305175781,16.139999389648438,802500,0.0,0.0
2024-12-27 00:00:00-05:00,15.890000343322754,16.040000915527344,15.869999885559082,15.960000038146973,881900,0.0,0.0
2024-12-30 00:00:00-05:00,15.84000015258789,15.9399995803833,15.75,15.850000381469727,575200,0.0,0.0
2024-12-31 00:00:00-05:00,15.890000343322754,16.049999237060547,15.890000343322754,15.9399995803833,679300,0.0,0.0
2025-01-02 00:00:00-05:00,15.869999885559082,15.930000305175781,15.65999984741211,15.699999809265137,595300,0.0,0.0
2025-01-03 00:00:00-05:00,15.710000038146973,15.729999542236328,15.470000267028809,15.520000457763672,809500,0.0,0.0
2025-01-06 00:00:00-05:00,15.739999771118164,16.0,15.720000267028809,15.75,1342700,0.0,0.0
2025-01-07 00:00:00-05:00,16.059999465942383,16.09000015258789,15.699999809265137,15.729999542236328,1076800,0.0,0.0
2025-01-08 00:00:00-05:00,15.180000305175781,15.229999542236328,15.050000190734863,15.180000305175781,1215000,0.0,0.0
2025-01-10 00:00:00-05:00,14.970000267028809,15.0,14.630000114440918,14.640000343322754,1136100,0.0,0.0
2025-01-13 00:00:00-05:00,14.510000228881836,14.569999694824219,14.390000343322754,14.539999961853027,1338900,0.0,0.0
2025-01-14 00:00:00-05:00,14.59000015258789,14.739999771118164,14.539999961853027,14.739999771118164,1250200,0.0,0.0
2025-01-15 00:00:00-05:00,15.079999923706055,15.109999656677246,14.880000114440918,15.029999732971191,1132400,0.0,0.0
2025-01-16 00:00:00-05:00,15.069999694824219,15.359999656677246,15.029999732971191,15.279999732971191,1567900,0.0,0.0
2025-01-17 00:00:00-05:00,15.869999885559082,16.010000228881836,15.8100004196167,15.84000015258789,1144800,0.0,0.0
2025-01-21 00:00:00-05:00,16.1200008392334,16.15999984741211,15.9399995803833,16.100000381469727,2093900,0.0,0.0
2025-01-22 00:00:00-05:00,16.190000534057617,16.229999542236328,15.949999809265137,15.949999809265137,1045000,0.0,0.0
2025-01-23 00:00:00-05:00,15.90999984741211,16.149999618530273,15.899999618530273,16.100000381469727,1251600,0.0,0.0
2025-01-24 00:00:00-05:00,16.469999313354492,16.510000228881836,16.274999618530273,16.290000915527344,1076009,0.0,0.0
