Date,Open,High,Low,Close,Volume,Dividends,Stock Splits
2022-01-03 00:00:00-05:00,34.93000030517578,35.16999816894531,33.599998474121094,33.7599983215332,1066400,0.0,0.0
2022-01-04 00:00:00-05:00,34.11000061035156,34.5099983215332,33.90999984741211,34.279998779296875,687300,0.0,0.0
2022-01-05 00:00:00-05:00,34.310001373291016,34.93000030517578,33.310001373291016,33.33000183105469,668400,0.0,0.0
2022-01-06 00:00:00-05:00,33.349998474121094,33.349998474121094,32.38999938964844,32.560001373291016,724100,0.0,0.0
2022-01-07 00:00:00-05:00,32.61000061035156,32.650001525878906,30.81999969482422,30.84000015258789,889400,0.0,0.0
2022-01-10 00:00:00-05:00,30.690000534057617,31.549999237060547,30.350000381469727,31.520000457763672,772700,0.0,0.0
2022-01-11 00:00:00-05:00,31.600000381469727,32.439998626708984,31.100000381469727,32.13999938964844,731100,0.0,0.0
2022-01-12 00:00:00-05:00,32.189998626708984,32.70000076293945,31.559999465942383,31.809999465942383,596100,0.0,0.0
2022-01-13 00:00:00-05:00,32.9900016784668,33.849998474121094,32.83000183105469,33.22999954223633,796300,0.0,0.0
2022-01-14 00:00:00-05:00,32.880001068115234,33.31999969482422,32.209999084472656,32.790000915527344,530700,0.0,0.0
2022-01-18 00:00:00-05:00,32.2400016784668,32.2400016784668,31.040000915527344,31.239999771118164,590100,0.0,0.0
2022-01-19 00:00:00-05:00,31.239999771118164,31.420000076293945,30.200000762939453,30.479999542236328,1006300,0.0,0.0
2022-01-20 00:00:00-05:00,30.739999771118164,31.360000610351562,29.729999542236328,29.770000457763672,787200,0.0,0.0
2022-01-21 00:00:00-05:00,29.729999542236328,30.420000076293945,29.489999771118164,29.610000610351562,1360700,0.0,0.0
2022-01-24 00:00:00-05:00,29.0,30.610000610351562,28.850000381469727,30.5,1825600,0.0,0.0
2022-01-25 00:00:00-05:00,29.940000534057617,30.3799991607666,29.299999237060547,30.010000228881836,661300,0.0,0.0
2022-01-26 00:00:00-05:00,30.299999237060547,30.8799991607666,28.6299991607666,29.31999969482422,1357200,0.0,0.0
2022-01-27 00:00:00-05:00,29.700000762939453,30.040000915527344,28.690000534057617,29.110000610351562,1019800,0.0,0.0
2022-01-28 00:00:00-05:00,29.200000762939453,29.690000534057617,28.059999465942383,29.68000030517578,825900,0.0,0.0
2022-01-31 00:00:00-05:00,29.209999084472656,30.709999084472656,29.040000915527344,30.690000534057617,899500,0.0,0.0
2022-02-01 00:00:00-05:00,30.68000030517578,30.770000457763672,29.489999771118164,30.670000076293945,763000,0.0,0.0
2022-02-02 00:00:00-05:00,30.739999771118164,31.479999542236328,30.5,31.139999389648438,698400,0.0,0.0
2022-02-03 00:00:00-05:00,30.770000457763672,31.299999237060547,30.3700008392334,31.0,998900,0.0,0.0
2022-02-04 00:00:00-05:00,30.739999771118164,31.1299991607666,29.270000457763672,29.459999084472656,1584800,0.0,0.0
2022-02-07 00:00:00-05:00,29.450000762939453,29.790000915527344,29.110000610351562,29.239999771118164,1201700,0.0,0.0
2022-02-08 00:00:00-05:00,29.649999618530273,30.229999542236328,29.049999237060547,29.469999313354492,1601500,0.0,0.0
2022-02-09 00:00:00-05:00,30.209999084472656,31.309999465942383,30.200000762939453,30.469999313354492,1381700,0.0,0.0
2022-02-10 00:00:00-05:00,29.559999465942383,30.8799991607666,28.959999084472656,29.079999923706055,1991200,0.0,0.0
2022-02-11 00:00:00-05:00,29.6299991607666,29.979999542236328,28.760000228881836,29.079999923706055,1163700,0.0,0.0
2022-02-14 00:00:00-05:00,28.969999313354492,29.770000457763672,28.959999084472656,29.690000534057617,1344000,0.0,0.0
2022-02-15 00:00:00-05:00,30.06999969482422,30.670000076293945,29.90999984741211,30.329999923706055,932600,0.0,0.0
2022-02-16 00:00:00-05:00,30.200000762939453,30.360000610351562,29.770000457763672,30.059999465942383,807500,0.0,0.0
2022-02-17 00:00:00-05:00,29.600000381469727,29.989999771118164,28.8700008392334,28.899999618530273,1088200,0.0,0.0
2022-02-18 00:00:00-05:00,28.729999542236328,29.309999465942383,28.399999618530273,28.719999313354492,1121500,0.0,0.0
2022-02-22 00:00:00-05:00,28.469999313354492,28.8700008392334,27.59000015258789,27.700000762939453,973400,0.0,0.0
2022-02-23 00:00:00-05:00,28.170000076293945,28.170000076293945,26.90999984741211,27.030000686645508,1421500,0.0,0.0
2022-02-24 00:00:00-05:00,26.229999542236328,28.40999984741211,26.139999389648438,28.219999313354492,1423400,0.0,0.0
2022-02-25 00:00:00-05:00,28.149999618530273,29.75,28.1200008392334,29.690000534057617,1455500,0.0,0.0
2022-02-28 00:00:00-05:00,29.299999237060547,30.079999923706055,29.219999313354492,29.5,1217000,0.0,0.0
2022-03-01 00:00:00-05:00,29.540000915527344,30.760000228881836,29.540000915527344,30.329999923706055,1794200,0.0,0.0
2022-03-02 00:00:00-05:00,30.729999542236328,33.09000015258789,30.709999084472656,33.0099983215332,2531200,0.0,0.0
2022-03-03 00:00:00-05:00,33.130001068115234,33.41999816894531,32.20000076293945,32.45000076293945,1422400,0.0,0.0
2022-03-04 00:00:00-05:00,32.22999954223633,32.68000030517578,31.809999465942383,32.33000183105469,1472800,0.0,0.0
2022-03-07 00:00:00-05:00,32.15999984741211,32.52000045776367,30.040000915527344,30.18000030517578,1288300,0.0,0.0
2022-03-08 00:00:00-05:00,30.0,31.209999084472656,29.389999389648438,29.56999969482422,1082500,0.0,0.0
2022-03-09 00:00:00-05:00,30.3799991607666,31.25,30.3799991607666,30.84000015258789,946500,0.0,0.0
2022-03-10 00:00:00-05:00,29.920000076293945,30.549999237060547,29.920000076293945,30.540000915527344,747100,0.0,0.0
2022-03-11 00:00:00-05:00,30.8700008392334,31.18000030517578,30.040000915527344,30.09000015258789,770100,0.0,0.0
2022-03-14 00:00:00-04:00,30.200000762939453,30.200000762939453,28.360000610351562,28.969999313354492,1029200,0.0,0.0
2022-03-15 00:00:00-04:00,28.93000030517578,30.850000381469727,28.920000076293945,30.719999313354492,998700,0.0,0.0
2022-03-16 00:00:00-04:00,31.059999465942383,31.739999771118164,30.25,31.360000610351562,1150600,0.0,0.0
2022-03-17 00:00:00-04:00,31.309999465942383,31.989999771118164,31.079999923706055,31.969999313354492,684500,0.0,0.0
2022-03-18 00:00:00-04:00,31.809999465942383,32.849998474121094,31.530000686645508,32.689998626708984,1270300,0.0,0.0
2022-03-21 00:00:00-04:00,32.439998626708984,32.459999084472656,30.93000030517578,31.260000228881836,830700,0.0,0.0
2022-03-22 00:00:00-04:00,31.450000762939453,31.81999969482422,30.84000015258789,31.18000030517578,637900,0.0,0.0
2022-03-23 00:00:00-04:00,30.760000228881836,31.010000228881836,29.3799991607666,29.450000762939453,882000,0.0,0.0
2022-03-24 00:00:00-04:00,29.25,29.299999237060547,28.559999465942383,28.889999389648438,886400,0.0,0.0
2022-03-25 00:00:00-04:00,28.950000762939453,29.020000457763672,28.200000762939453,28.65999984741211,915300,0.0,0.0
2022-03-28 00:00:00-04:00,28.639999389648438,29.1200008392334,28.479999542236328,29.1200008392334,1099400,0.0,0.0
2022-03-29 00:00:00-04:00,29.639999389648438,30.600000381469727,29.6200008392334,30.149999618530273,1051300,0.0,0.0
2022-03-30 00:00:00-04:00,30.190000534057617,30.200000762939453,28.889999389648438,29.1200008392334,743000,0.0,0.0
2022-03-31 00:00:00-04:00,28.510000228881836,28.899999618530273,27.200000762939453,27.219999313354492,1794900,0.0,0.0
2022-04-01 00:00:00-04:00,27.440000534057617,27.81999969482422,26.950000762939453,27.200000762939453,1571600,0.0,0.0
2022-04-04 00:00:00-04:00,27.329999923706055,28.09000015258789,27.260000228881836,27.770000457763672,927500,0.0,0.0
2022-04-05 00:00:00-04:00,27.489999771118164,27.989999771118164,26.329999923706055,26.3700008392334,1538100,0.0,0.0
2022-04-06 00:00:00-04:00,26.0,26.239999771118164,25.290000915527344,25.59000015258789,1524600,0.0,0.0
2022-04-07 00:00:00-04:00,25.5,26.0,25.020000457763672,25.420000076293945,1441800,0.0,0.0
2022-04-08 00:00:00-04:00,25.389999389648438,26.850000381469727,25.239999771118164,25.860000610351562,1033700,0.0,0.0
2022-04-11 00:00:00-04:00,25.65999984741211,26.719999313354492,25.649999618530273,26.399999618530273,1286100,0.0,0.0
2022-04-12 00:00:00-04:00,26.959999084472656,27.950000762939453,26.149999618530273,26.229999542236328,1176600,0.0,0.0
2022-04-13 00:00:00-04:00,26.209999084472656,27.43000030517578,26.209999084472656,27.09000015258789,933600,0.0,0.0
2022-04-14 00:00:00-04:00,27.170000076293945,27.700000762939453,26.649999618530273,26.829999923706055,679500,0.0,0.0
2022-04-18 00:00:00-04:00,26.68000030517578,27.260000228881836,26.639999389648438,26.920000076293945,574300,0.0,0.0
2022-04-19 00:00:00-04:00,27.09000015258789,28.030000686645508,26.989999771118164,27.75,801500,0.0,0.0
2022-04-20 00:00:00-04:00,28.1299991607666,28.639999389648438,27.760000228881836,28.020000457763672,790300,0.0,0.0
2022-04-21 00:00:00-04:00,28.479999542236328,28.700000762939453,27.5,27.729999542236328,1021800,0.0,0.0
2022-04-22 00:00:00-04:00,27.459999084472656,27.459999084472656,26.809999465942383,26.889999389648438,860300,0.0,0.0
2022-04-25 00:00:00-04:00,26.790000915527344,28.6299991607666,26.540000915527344,28.6200008392334,1334500,0.0,0.0
2022-04-26 00:00:00-04:00,28.219999313354492,28.81999969482422,27.559999465942383,27.649999618530273,1547800,0.0,0.0
2022-04-27 00:00:00-04:00,27.389999389648438,27.600000381469727,26.06999969482422,26.299999237060547,1301500,0.0,0.0
2022-04-28 00:00:00-04:00,27.219999313354492,27.420000076293945,26.010000228881836,27.239999771118164,1402800,0.0,0.0
2022-04-29 00:00:00-04:00,27.020000457763672,27.290000915527344,26.100000381469727,26.190000534057617,1403900,0.0,0.0
2022-05-02 00:00:00-04:00,26.149999618530273,27.43000030517578,25.979999542236328,27.299999237060547,1418400,0.0,0.0
2022-05-03 00:00:00-04:00,27.389999389648438,28.18000030517578,27.09000015258789,28.040000915527344,1408600,0.0,0.0
2022-05-04 00:00:00-04:00,28.200000762939453,29.549999237060547,27.6200008392334,29.459999084472656,1320500,0.0,0.0
2022-05-05 00:00:00-04:00,29.1200008392334,29.309999465942383,27.6200008392334,27.969999313354492,1721500,0.0,0.0
2022-05-06 00:00:00-04:00,27.65999984741211,28.260000228881836,26.850000381469727,27.719999313354492,1203200,0.0,0.0
2022-05-09 00:00:00-04:00,27.219999313354492,28.360000610351562,26.899999618530273,27.25,981900,0.0,0.0
2022-05-10 00:00:00-04:00,27.639999389648438,27.920000076293945,26.139999389648438,26.850000381469727,1427200,0.0,0.0
2022-05-11 00:00:00-04:00,26.989999771118164,27.260000228881836,25.510000228881836,25.540000915527344,1131800,0.0,0.0
2022-05-12 00:00:00-04:00,25.360000610351562,27.100000381469727,25.360000610351562,27.09000015258789,1532600,0.0,0.0
2022-05-13 00:00:00-04:00,27.530000686645508,28.389999389648438,27.270000457763672,28.139999389648438,1129800,0.0,0.0
2022-05-16 00:00:00-04:00,27.899999618530273,28.299999237060547,27.209999084472656,27.979999542236328,863700,0.0,0.0
2022-05-17 00:00:00-04:00,28.649999618530273,28.8799991607666,27.889999389648438,28.8799991607666,1041300,0.0,0.0
2022-05-18 00:00:00-04:00,28.290000915527344,28.549999237060547,27.200000762939453,27.34000015258789,1154500,0.0,0.0
2022-05-19 00:00:00-04:00,27.260000228881836,28.34000015258789,27.260000228881836,27.690000534057617,1030900,0.0,0.0
2022-05-20 00:00:00-04:00,28.110000610351562,28.110000610351562,26.969999313354492,27.93000030517578,963700,0.0,0.0
2022-05-23 00:00:00-04:00,28.170000076293945,28.170000076293945,26.959999084472656,27.170000076293945,930600,0.0,0.0
2022-05-24 00:00:00-04:00,26.860000610351562,27.100000381469727,25.760000228881836,26.309999465942383,1045500,0.0,0.0
2022-05-25 00:00:00-04:00,26.1200008392334,28.010000228881836,26.110000610351562,27.889999389648438,920200,0.0,0.0
2022-05-26 00:00:00-04:00,28.020000457763672,29.059999465942383,28.020000457763672,28.540000915527344,995800,0.0,0.0
2022-05-27 00:00:00-04:00,28.729999542236328,29.040000915527344,28.329999923706055,28.829999923706055,774500,0.0,0.0
2022-05-31 00:00:00-04:00,29.639999389648438,29.75,28.780000686645508,28.969999313354492,1602400,0.0,0.0
2022-06-01 00:00:00-04:00,29.06999969482422,29.139999389648438,28.360000610351562,28.709999084472656,853200,0.0,0.0
2022-06-02 00:00:00-04:00,28.8799991607666,29.309999465942383,28.459999084472656,28.93000030517578,952900,0.0,0.0
2022-06-03 00:00:00-04:00,28.459999084472656,28.770000457763672,28.280000686645508,28.459999084472656,684500,0.0,0.0
2022-06-06 00:00:00-04:00,28.5,28.610000610351562,27.93000030517578,28.239999771118164,784500,0.0,0.0
2022-06-07 00:00:00-04:00,27.90999984741211,28.469999313354492,27.520000457763672,28.459999084472656,1102700,0.0,0.0
2022-06-08 00:00:00-04:00,27.969999313354492,28.299999237060547,27.329999923706055,27.600000381469727,918800,0.0,0.0
2022-06-09 00:00:00-04:00,27.350000381469727,28.030000686645508,27.350000381469727,27.6299991607666,1131900,0.0,0.0
2022-06-10 00:00:00-04:00,27.040000915527344,27.489999771118164,26.389999389648438,26.399999618530273,945600,0.0,0.0
2022-06-13 00:00:00-04:00,25.549999237060547,26.149999618530273,24.229999542236328,24.459999084472656,1473900,0.0,0.0
2022-06-14 00:00:00-04:00,24.600000381469727,25.190000534057617,24.350000381469727,24.510000228881836,1525400,0.0,0.0
2022-06-15 00:00:00-04:00,24.75,25.1200008392334,23.8700008392334,24.510000228881836,1266900,0.0,0.0
2022-06-16 00:00:00-04:00,23.149999618530273,23.389999389648438,21.15999984741211,21.290000915527344,2436400,0.0,0.0
2022-06-17 00:00:00-04:00,20.989999771118164,21.18000030517578,20.049999237060547,20.690000534057617,3246900,0.0,0.0
2022-06-21 00:00:00-04:00,21.31999969482422,21.719999313354492,20.670000076293945,20.799999237060547,1981600,0.0,0.0
2022-06-22 00:00:00-04:00,20.75,21.920000076293945,20.75,21.260000228881836,2403700,0.0,0.0
2022-06-23 00:00:00-04:00,21.579999923706055,22.81999969482422,21.579999923706055,22.65999984741211,2211500,0.0,0.0
2022-06-24 00:00:00-04:00,22.889999389648438,23.649999618530273,22.68000030517578,23.239999771118164,2593100,0.0,0.0
2022-06-27 00:00:00-04:00,23.34000015258789,24.200000762939453,23.0,23.610000610351562,1354400,0.0,0.0
2022-06-28 00:00:00-04:00,23.6299991607666,23.979999542236328,23.239999771118164,23.25,1384700,0.0,0.0
2022-06-29 00:00:00-04:00,23.020000457763672,23.440000534057617,22.700000762939453,23.020000457763672,829700,0.0,0.0
2022-06-30 00:00:00-04:00,22.760000228881836,23.549999237060547,22.3799991607666,23.360000610351562,888100,0.0,0.0
2022-07-01 00:00:00-04:00,23.5,24.790000915527344,23.5,24.600000381469727,861400,0.0,0.0
2022-07-05 00:00:00-04:00,24.0,25.25,23.84000015258789,25.229999542236328,901700,0.0,0.0
2022-07-06 00:00:00-04:00,25.420000076293945,25.670000076293945,24.15999984741211,24.809999465942383,860800,0.0,0.0
2022-07-07 00:00:00-04:00,24.899999618530273,25.270000457763672,24.5,25.1299991607666,601200,0.0,0.0
2022-07-08 00:00:00-04:00,24.829999923706055,25.56999969482422,24.829999923706055,25.360000610351562,627300,0.0,0.0
2022-07-11 00:00:00-04:00,25.75,26.09000015258789,25.549999237060547,25.809999465942383,948800,0.0,0.0
2022-07-12 00:00:00-04:00,25.459999084472656,26.860000610351562,25.459999084472656,26.1299991607666,909800,0.0,0.0
2022-07-13 00:00:00-04:00,25.420000076293945,26.59000015258789,24.989999771118164,26.450000762939453,1066400,0.0,0.0
2022-07-14 00:00:00-04:00,26.0,26.139999389648438,25.450000762939453,26.040000915527344,769100,0.0,0.0
2022-07-15 00:00:00-04:00,26.450000762939453,26.520000457763672,25.360000610351562,26.260000228881836,722500,0.0,0.0
2022-07-18 00:00:00-04:00,26.3700008392334,26.3700008392334,25.559999465942383,25.790000915527344,868400,0.0,0.0
2022-07-19 00:00:00-04:00,26.260000228881836,26.90999984741211,25.90999984741211,26.829999923706055,580100,0.0,0.0
2022-07-20 00:00:00-04:00,26.8799991607666,27.079999923706055,26.450000762939453,26.850000381469727,1097600,0.0,0.0
2022-07-21 00:00:00-04:00,26.31999969482422,27.68000030517578,26.020000457763672,27.579999923706055,1338700,0.0,0.0
2022-07-22 00:00:00-04:00,27.719999313354492,28.440000534057617,27.229999542236328,27.709999084472656,1102700,0.0,0.0
2022-07-25 00:00:00-04:00,27.510000228881836,27.579999923706055,27.110000610351562,27.270000457763672,915500,0.0,0.0
2022-07-26 00:00:00-04:00,27.059999465942383,27.3700008392334,26.8799991607666,27.0,941100,0.0,0.0
2022-07-27 00:00:00-04:00,27.5,28.600000381469727,26.760000228881836,28.479999542236328,1628700,0.0,0.0
2022-07-28 00:00:00-04:00,28.209999084472656,28.739999771118164,27.1200008392334,28.299999237060547,1378300,0.0,0.0
2022-07-29 00:00:00-04:00,28.530000686645508,28.739999771118164,27.860000610351562,28.700000762939453,1157800,0.0,0.0
2022-08-01 00:00:00-04:00,28.719999313354492,29.440000534057617,28.239999771118164,28.649999618530273,1495800,0.0,0.0
2022-08-02 00:00:00-04:00,28.329999923706055,28.579999923706055,27.510000228881836,27.530000686645508,1033600,0.0,0.0
2022-08-03 00:00:00-04:00,28.030000686645508,28.040000915527344,27.309999465942383,27.649999618530273,961400,0.0,0.0
2022-08-04 00:00:00-04:00,27.579999923706055,28.360000610351562,27.360000610351562,28.020000457763672,1007800,0.0,0.0
2022-08-05 00:00:00-04:00,27.40999984741211,28.030000686645508,27.06999969482422,27.829999923706055,674500,0.0,0.0
2022-08-08 00:00:00-04:00,27.920000076293945,28.440000534057617,27.709999084472656,27.8700008392334,1199700,0.0,0.0
2022-08-09 00:00:00-04:00,27.760000228881836,27.959999084472656,26.93000030517578,27.200000762939453,1082100,0.0,0.0
2022-08-10 00:00:00-04:00,28.010000228881836,29.270000457763672,27.90999984741211,28.350000381469727,1310300,0.0,0.0
2022-08-11 00:00:00-04:00,28.690000534057617,29.040000915527344,28.360000610351562,28.56999969482422,1024900,0.0,0.0
2022-08-12 00:00:00-04:00,28.559999465942383,29.1299991607666,28.5,28.8799991607666,903800,0.0,0.0
2022-08-15 00:00:00-04:00,28.81999969482422,28.969999313354492,28.239999771118164,28.40999984741211,728900,0.0,0.0
2022-08-16 00:00:00-04:00,28.31999969482422,28.65999984741211,27.799999237060547,28.25,1158600,0.0,0.0
2022-08-17 00:00:00-04:00,27.760000228881836,27.850000381469727,27.309999465942383,27.3700008392334,792300,0.0,0.0
2022-08-18 00:00:00-04:00,27.290000915527344,27.549999237060547,27.100000381469727,27.399999618530273,923600,0.0,0.0
2022-08-19 00:00:00-04:00,27.06999969482422,27.219999313354492,26.219999313354492,26.360000610351562,886200,0.0,0.0
2022-08-22 00:00:00-04:00,25.899999618530273,26.219999313354492,25.770000457763672,25.93000030517578,919200,0.0,0.0
2022-08-23 00:00:00-04:00,26.0,26.3799991607666,25.90999984741211,26.1299991607666,828400,0.0,0.0
2022-08-24 00:00:00-04:00,25.940000534057617,27.1200008392334,25.770000457763672,26.889999389648438,1021400,0.0,0.0
2022-08-25 00:00:00-04:00,26.68000030517578,27.729999542236328,26.610000610351562,27.5,982800,0.0,0.0
2022-08-26 00:00:00-04:00,27.5,27.600000381469727,26.139999389648438,26.18000030517578,1056200,0.0,0.0
2022-08-29 00:00:00-04:00,25.979999542236328,26.520000457763672,25.979999542236328,26.139999389648438,656200,0.0,0.0
2022-08-30 00:00:00-04:00,26.3799991607666,26.479999542236328,25.700000762939453,25.790000915527344,861700,0.0,0.0
2022-08-31 00:00:00-04:00,25.90999984741211,25.979999542236328,25.079999923706055,25.110000610351562,1163900,0.0,0.0
2022-09-01 00:00:00-04:00,24.799999237060547,25.09000015258789,24.3799991607666,24.690000534057617,1124300,0.0,0.0
2022-09-02 00:00:00-04:00,25.06999969482422,25.110000610351562,24.299999237060547,24.43000030517578,1080100,0.0,0.0
2022-09-06 00:00:00-04:00,24.3700008392334,24.3799991607666,23.799999237060547,23.899999618530273,1237800,0.0,0.0
2022-09-07 00:00:00-04:00,23.81999969482422,24.559999465942383,23.68000030517578,24.389999389648438,1055700,0.0,0.0
2022-09-08 00:00:00-04:00,24.010000228881836,24.479999542236328,23.709999084472656,24.40999984741211,768400,0.0,0.0
2022-09-09 00:00:00-04:00,24.600000381469727,25.170000076293945,24.549999237060547,25.149999618530273,886400,0.0,0.0
2022-09-12 00:00:00-04:00,25.350000381469727,25.959999084472656,25.25,25.420000076293945,733500,0.0,0.0
2022-09-13 00:00:00-04:00,24.510000228881836,24.510000228881836,23.389999389648438,23.479999542236328,1135000,0.0,0.0
2022-09-14 00:00:00-04:00,23.600000381469727,23.6200008392334,22.969999313354492,23.309999465942383,1101300,0.0,0.0
2022-09-15 00:00:00-04:00,23.299999237060547,23.940000534057617,23.059999465942383,23.270000457763672,1186500,0.0,0.0
2022-09-16 00:00:00-04:00,23.579999923706055,24.329999923706055,23.299999237060547,24.1299991607666,4283800,0.0,0.0
2022-09-19 00:00:00-04:00,24.229999542236328,24.920000076293945,24.229999542236328,24.760000228881836,1433700,0.0,0.0
2022-09-20 00:00:00-04:00,24.40999984741211,24.549999237060547,24.18000030517578,24.3799991607666,1367000,0.0,0.0
2022-09-21 00:00:00-04:00,24.649999618530273,25.059999465942383,24.1299991607666,24.149999618530273,1260700,0.0,0.0
2022-09-22 00:00:00-04:00,23.989999771118164,24.260000228881836,23.1299991607666,23.34000015258789,1863700,0.0,0.0
2022-09-23 00:00:00-04:00,23.030000686645508,23.690000534057617,22.959999084472656,23.459999084472656,1219600,0.0,0.0
2022-09-26 00:00:00-04:00,23.219999313354492,23.6299991607666,22.780000686645508,22.809999465942383,1559600,0.0,0.0
2022-09-27 00:00:00-04:00,23.1299991607666,23.559999465942383,22.639999389648438,22.959999084472656,1378300,0.0,0.0
2022-09-28 00:00:00-04:00,23.309999465942383,24.600000381469727,23.1299991607666,24.3700008392334,1394400,0.0,0.0
2022-09-29 00:00:00-04:00,23.760000228881836,23.889999389648438,23.3700008392334,23.690000534057617,1229400,0.0,0.0
2022-09-30 00:00:00-04:00,23.75,23.90999984741211,23.290000915527344,23.31999969482422,1558700,0.0,0.0
2022-10-03 00:00:00-04:00,23.81999969482422,24.639999389648438,23.549999237060547,24.43000030517578,1020500,0.0,0.0
2022-10-04 00:00:00-04:00,24.959999084472656,26.09000015258789,24.959999084472656,26.06999969482422,1379300,0.0,0.0
2022-10-05 00:00:00-04:00,25.549999237060547,26.010000228881836,25.469999313354492,25.8700008392334,1007800,0.0,0.0
2022-10-06 00:00:00-04:00,25.670000076293945,26.329999923706055,25.670000076293945,26.280000686645508,857600,0.0,0.0
2022-10-07 00:00:00-04:00,25.829999923706055,25.959999084472656,25.270000457763672,25.68000030517578,1161600,0.0,0.0
2022-10-10 00:00:00-04:00,25.90999984741211,26.06999969482422,25.5,25.799999237060547,724400,0.0,0.0
2022-10-11 00:00:00-04:00,25.700000762939453,26.540000915527344,25.420000076293945,25.81999969482422,1221600,0.0,0.0
2022-10-12 00:00:00-04:00,25.860000610351562,26.010000228881836,25.360000610351562,25.450000762939453,966500,0.0,0.0
2022-10-13 00:00:00-04:00,24.75,26.020000457763672,23.920000076293945,25.780000686645508,1299500,0.0,0.0
2022-10-14 00:00:00-04:00,26.020000457763672,26.1200008392334,24.75,24.760000228881836,986300,0.0,0.0
2022-10-17 00:00:00-04:00,25.350000381469727,25.899999618530273,24.799999237060547,24.940000534057617,1366100,0.0,0.0
2022-10-18 00:00:00-04:00,25.479999542236328,25.950000762939453,25.149999618530273,25.600000381469727,1263000,0.0,0.0
2022-10-19 00:00:00-04:00,25.09000015258789,25.239999771118164,23.600000381469727,24.049999237060547,1449800,0.0,0.0
2022-10-20 00:00:00-04:00,24.219999313354492,24.950000762939453,23.809999465942383,23.850000381469727,1651500,0.0,0.0
2022-10-21 00:00:00-04:00,23.950000762939453,24.760000228881836,23.510000228881836,24.700000762939453,1572600,0.0,0.0
2022-10-24 00:00:00-04:00,24.770000457763672,25.43000030517578,24.549999237060547,25.190000534057617,1173600,0.0,0.0
2022-10-25 00:00:00-04:00,25.3700008392334,27.06999969482422,25.09000015258789,27.030000686645508,1709700,0.0,0.0
2022-10-26 00:00:00-04:00,26.600000381469727,27.600000381469727,26.030000686645508,26.43000030517578,1286600,0.0,0.0
2022-10-27 00:00:00-04:00,25.559999465942383,26.979999542236328,25.110000610351562,25.950000762939453,1637200,0.0,0.0
2022-10-28 00:00:00-04:00,25.90999984741211,26.809999465942383,25.760000228881836,26.770000457763672,1186800,0.0,0.0
2022-10-31 00:00:00-04:00,26.31999969482422,26.549999237060547,25.700000762939453,26.34000015258789,1067500,0.0,0.0
2022-11-01 00:00:00-04:00,27.170000076293945,27.170000076293945,26.110000610351562,26.670000076293945,1052600,0.0,0.0
2022-11-02 00:00:00-04:00,26.709999084472656,27.079999923706055,25.6200008392334,25.6200008392334,1043100,0.0,0.0
2022-11-03 00:00:00-04:00,25.010000228881836,25.3799991607666,24.600000381469727,24.850000381469727,985600,0.0,0.0
2022-11-04 00:00:00-04:00,25.299999237060547,26.270000457763672,25.1200008392334,25.799999237060547,730200,0.0,0.0
2022-11-07 00:00:00-05:00,25.969999313354492,26.260000228881836,25.3799991607666,26.1299991607666,686100,0.0,0.0
2022-11-08 00:00:00-05:00,26.309999465942383,26.43000030517578,25.479999542236328,25.850000381469727,838700,0.0,0.0
2022-11-09 00:00:00-05:00,25.540000915527344,26.579999923706055,25.360000610351562,25.670000076293945,869800,0.0,0.0
2022-11-10 00:00:00-05:00,27.489999771118164,28.780000686645508,27.030000686645508,28.18000030517578,2230300,0.0,0.0
2022-11-11 00:00:00-05:00,28.209999084472656,28.510000228881836,27.760000228881836,28.190000534057617,1053600,0.0,0.0
2022-11-14 00:00:00-05:00,27.780000686645508,28.040000915527344,27.010000228881836,27.010000228881836,962500,0.0,0.0
2022-11-15 00:00:00-05:00,27.68000030517578,28.280000686645508,27.350000381469727,28.190000534057617,868700,0.0,0.0
2022-11-16 00:00:00-05:00,27.959999084472656,28.15999984741211,27.350000381469727,27.540000915527344,637900,0.0,0.0
2022-11-17 00:00:00-05:00,26.75,27.309999465942383,26.40999984741211,27.270000457763672,914100,0.0,0.0
2022-11-18 00:00:00-05:00,27.950000762939453,27.950000762939453,27.1299991607666,27.600000381469727,782400,0.0,0.0
2022-11-21 00:00:00-05:00,27.440000534057617,27.65999984741211,27.219999313354492,27.489999771118164,835800,0.0,0.0
2022-11-22 00:00:00-05:00,28.0,28.790000915527344,27.780000686645508,28.780000686645508,956600,0.0,0.0
2022-11-23 00:00:00-05:00,28.65999984741211,29.600000381469727,28.270000457763672,29.40999984741211,988600,0.0,0.0
2022-11-25 00:00:00-05:00,29.15999984741211,29.479999542236328,29.15999984741211,29.350000381469727,265900,0.0,0.0
2022-11-28 00:00:00-05:00,29.280000686645508,29.850000381469727,29.1299991607666,29.360000610351562,1134200,0.0,0.0
2022-11-29 00:00:00-05:00,28.989999771118164,29.770000457763672,28.989999771118164,29.6200008392334,1242900,0.0,0.0
2022-11-30 00:00:00-05:00,29.350000381469727,30.399999618530273,28.84000015258789,30.389999389648438,1352200,0.0,0.0
2022-12-01 00:00:00-05:00,30.700000762939453,31.690000534057617,30.5,30.760000228881836,1193500,0.0,0.0
2022-12-02 00:00:00-05:00,30.030000686645508,30.959999084472656,29.969999313354492,30.600000381469727,641900,0.0,0.0
2022-12-05 00:00:00-05:00,29.989999771118164,30.09000015258789,29.59000015258789,29.75,587900,0.0,0.0
2022-12-06 00:00:00-05:00,29.81999969482422,29.889999389648438,28.780000686645508,29.049999237060547,582600,0.0,0.0
2022-12-07 00:00:00-05:00,29.239999771118164,30.43000030517578,29.110000610351562,30.389999389648438,623400,0.0,0.0
2022-12-08 00:00:00-05:00,30.299999237060547,30.59000015258789,30.020000457763672,30.219999313354492,513400,0.0,0.0
2022-12-09 00:00:00-05:00,29.809999465942383,30.34000015258789,29.549999237060547,29.93000030517578,409000,0.0,0.0
2022-12-12 00:00:00-05:00,30.020000457763672,30.649999618530273,29.81999969482422,30.459999084472656,704900,0.0,0.0
2022-12-13 00:00:00-05:00,32.29999923706055,32.77000045776367,30.610000610351562,30.649999618530273,1422300,0.0,0.0
2022-12-14 00:00:00-05:00,30.690000534057617,31.219999313354492,30.290000915527344,30.709999084472656,953000,0.0,0.0
2022-12-15 00:00:00-05:00,29.920000076293945,31.34000015258789,29.579999923706055,31.31999969482422,1511400,0.0,0.0
2022-12-16 00:00:00-05:00,30.459999084472656,30.940000534057617,30.25,30.940000534057617,3188100,0.0,0.0
2022-12-19 00:00:00-05:00,30.899999618530273,31.1299991607666,30.360000610351562,30.520000457763672,750700,0.0,0.0
2022-12-20 00:00:00-05:00,30.219999313354492,30.739999771118164,30.020000457763672,30.299999237060547,795500,0.0,0.0
2022-12-21 00:00:00-05:00,30.790000915527344,31.399999618530273,30.670000076293945,31.049999237060547,690900,0.0,0.0
2022-12-22 00:00:00-05:00,30.65999984741211,30.959999084472656,30.290000915527344,30.93000030517578,774200,0.0,0.0
2022-12-23 00:00:00-05:00,30.719999313354492,30.8700008392334,30.360000610351562,30.729999542236328,314200,0.0,0.0
2022-12-27 00:00:00-05:00,30.790000915527344,31.020000457763672,30.639999389648438,30.84000015258789,388800,0.0,0.0
2022-12-28 00:00:00-05:00,30.93000030517578,31.020000457763672,29.690000534057617,29.700000762939453,526000,0.0,0.0
2022-12-29 00:00:00-05:00,29.989999771118164,30.649999618530273,29.739999771118164,30.6200008392334,470900,0.0,0.0
2022-12-30 00:00:00-05:00,30.209999084472656,30.549999237060547,30.139999389648438,30.350000381469727,626200,0.0,0.0
2023-01-03 00:00:00-05:00,30.969999313354492,31.389999389648438,30.5,31.239999771118164,883900,0.0,0.0
2023-01-04 00:00:00-05:00,31.809999465942383,32.65999984741211,31.610000610351562,32.31999969482422,911400,0.0,0.0
2023-01-05 00:00:00-05:00,31.84000015258789,32.47999954223633,31.719999313354492,32.150001525878906,1034100,0.0,0.0
2023-01-06 00:00:00-05:00,32.529998779296875,32.790000915527344,32.11000061035156,32.689998626708984,1031200,0.0,0.0
2023-01-09 00:00:00-05:00,32.72999954223633,33.06999969482422,32.099998474121094,32.189998626708984,618400,0.0,0.0
2023-01-10 00:00:00-05:00,31.959999084472656,32.33000183105469,31.75,32.130001068115234,844300,0.0,0.0
2023-01-11 00:00:00-05:00,32.52000045776367,32.939998626708984,32.220001220703125,32.83000183105469,782800,0.0,0.0
2023-01-12 00:00:00-05:00,32.86000061035156,33.31999969482422,32.11000061035156,33.08000183105469,984200,0.0,0.0
2023-01-13 00:00:00-05:00,32.41999816894531,33.709999084472656,32.31999969482422,33.150001525878906,1614200,0.0,0.0
2023-01-17 00:00:00-05:00,33.15999984741211,33.349998474121094,32.88999938964844,33.310001373291016,831500,0.0,0.0
2023-01-18 00:00:00-05:00,33.40999984741211,34.02000045776367,32.84000015258789,32.880001068115234,899500,0.0,0.0
2023-01-19 00:00:00-05:00,32.709999084472656,32.709999084472656,32.04999923706055,32.27000045776367,651300,0.0,0.0
2023-01-20 00:00:00-05:00,32.38999938964844,32.869998931884766,31.65999984741211,32.849998474121094,633500,0.0,0.0
2023-01-23 00:00:00-05:00,32.70000076293945,33.47999954223633,32.70000076293945,33.2400016784668,503800,0.0,0.0
2023-01-24 00:00:00-05:00,33.459999084472656,33.58000183105469,32.0,33.400001525878906,337800,0.0,0.0
2023-01-25 00:00:00-05:00,33.029998779296875,33.79999923706055,32.849998474121094,33.709999084472656,915800,0.0,0.0
2023-01-26 00:00:00-05:00,34.0,34.40999984741211,33.630001068115234,34.25,699100,0.0,0.0
2023-01-27 00:00:00-05:00,34.09000015258789,34.7400016784668,34.060001373291016,34.459999084472656,825100,0.0,0.0
2023-01-30 00:00:00-05:00,33.900001525878906,34.38999938964844,33.20000076293945,33.40999984741211,1658200,0.0,0.0
2023-01-31 00:00:00-05:00,33.709999084472656,35.79999923706055,33.709999084472656,35.79999923706055,1958100,0.0,0.0
2023-02-01 00:00:00-05:00,35.88999938964844,36.689998626708984,35.22999954223633,36.2599983215332,1297200,0.0,0.0
2023-02-02 00:00:00-05:00,36.7599983215332,37.650001525878906,36.52000045776367,37.290000915527344,1071700,0.0,0.0
2023-02-03 00:00:00-05:00,36.150001525878906,37.06999969482422,36.09000015258789,36.4900016784668,893800,0.0,0.0
2023-02-06 00:00:00-05:00,35.900001525878906,36.310001373291016,35.70000076293945,36.0099983215332,584500,0.0,0.0
2023-02-07 00:00:00-05:00,35.70000076293945,36.79999923706055,35.63999938964844,36.689998626708984,646000,0.0,0.0
2023-02-08 00:00:00-05:00,36.369998931884766,36.369998931884766,35.290000915527344,35.59000015258789,1025700,0.0,0.0
2023-02-09 00:00:00-05:00,36.189998626708984,36.36000061035156,35.4900016784668,35.619998931884766,801100,0.0,0.0
2023-02-10 00:00:00-05:00,35.27000045776367,36.06999969482422,35.09000015258789,35.849998474121094,840400,0.0,0.0
2023-02-13 00:00:00-05:00,35.900001525878906,36.540000915527344,35.7400016784668,36.529998779296875,701600,0.0,0.0
2023-02-14 00:00:00-05:00,36.08000183105469,36.4900016784668,35.52000045776367,36.0,728700,0.0,0.0
2023-02-15 00:00:00-05:00,35.70000076293945,36.83000183105469,35.099998474121094,36.630001068115234,907000,0.0,0.0
2023-02-16 00:00:00-05:00,36.060001373291016,36.689998626708984,35.880001068115234,36.22999954223633,736800,0.0,0.0
2023-02-17 00:00:00-05:00,36.130001068115234,36.380001068115234,35.06999969482422,35.84000015258789,1415000,0.0,0.0
2023-02-21 00:00:00-05:00,34.939998626708984,35.93000030517578,34.54999923706055,34.75,1210400,0.0,0.0
2023-02-22 00:00:00-05:00,35.11000061035156,35.52000045776367,34.65999984741211,35.0,1326300,0.0,0.0
2023-02-23 00:00:00-05:00,35.45000076293945,35.709999084472656,34.77000045776367,35.560001373291016,710100,0.0,0.0
2023-02-24 00:00:00-05:00,34.86000061035156,35.439998626708984,34.61000061035156,35.20000076293945,998600,0.0,0.0
2023-02-27 00:00:00-05:00,35.540000915527344,35.91999816894531,35.369998931884766,35.599998474121094,525800,0.0,0.0
2023-02-28 00:00:00-05:00,35.529998779296875,36.189998626708984,35.529998779296875,35.83000183105469,1245100,0.0,0.0
2023-03-01 00:00:00-05:00,35.75,36.40999984741211,35.529998779296875,35.939998626708984,812300,0.0,0.0
2023-03-02 00:00:00-05:00,35.47999954223633,35.779998779296875,35.11000061035156,35.7599983215332,697900,0.0,0.0
2023-03-03 00:00:00-05:00,36.2400016784668,36.709999084472656,35.72999954223633,36.470001220703125,606900,0.0,0.0
2023-03-06 00:00:00-05:00,36.29999923706055,36.529998779296875,35.59000015258789,35.779998779296875,595000,0.0,0.0
2023-03-07 00:00:00-05:00,36.0,36.13999938964844,35.5099983215332,35.529998779296875,1090800,0.0,0.0
2023-03-08 00:00:00-05:00,35.91999816894531,36.63999938964844,35.61000061035156,36.61000061035156,744500,0.0,0.0
2023-03-09 00:00:00-05:00,36.70000076293945,37.25,36.38999938964844,36.43000030517578,891700,0.0,0.0
2023-03-10 00:00:00-05:00,36.560001373291016,36.619998931884766,34.619998931884766,35.2400016784668,1094000,0.0,0.0
2023-03-13 00:00:00-04:00,34.470001220703125,35.63999938964844,34.099998474121094,34.88999938964844,1059200,0.0,0.0
2023-03-14 00:00:00-04:00,35.650001525878906,36.16999816894531,35.349998474121094,35.83000183105469,828700,0.0,0.0
2023-03-15 00:00:00-04:00,35.400001525878906,35.959999084472656,34.630001068115234,35.43000030517578,1164500,0.0,0.0
2023-03-16 00:00:00-04:00,35.22999954223633,36.47999954223633,34.68000030517578,36.20000076293945,629400,0.0,0.0
2023-03-17 00:00:00-04:00,36.22999954223633,36.40999984741211,35.38999938964844,35.54999923706055,1585500,0.0,0.0
2023-03-20 00:00:00-04:00,35.849998474121094,36.400001525878906,35.72999954223633,35.939998626708984,701100,0.0,0.0
2023-03-21 00:00:00-04:00,36.470001220703125,37.209999084472656,36.470001220703125,36.65999984741211,1040200,0.0,0.0
2023-03-22 00:00:00-04:00,36.68000030517578,37.459999084472656,36.349998474121094,36.349998474121094,709800,0.0,0.0
2023-03-23 00:00:00-04:00,36.95000076293945,37.84000015258789,36.470001220703125,36.63999938964844,1146800,0.0,0.0
2023-03-24 00:00:00-04:00,36.209999084472656,37.040000915527344,35.56999969482422,36.779998779296875,892800,0.0,0.0
2023-03-27 00:00:00-04:00,36.970001220703125,37.20000076293945,36.61000061035156,36.79999923706055,638700,0.0,0.0
2023-03-28 00:00:00-04:00,36.790000915527344,37.099998474121094,36.5,36.93000030517578,576900,0.0,0.0
2023-03-29 00:00:00-04:00,37.2400016784668,37.310001373291016,36.459999084472656,36.79999923706055,976300,0.0,0.0
2023-03-30 00:00:00-04:00,36.939998626708984,37.40999984741211,36.7400016784668,37.15999984741211,1208800,0.0,0.0
2023-03-31 00:00:00-04:00,37.20000076293945,38.290000915527344,37.20000076293945,38.2599983215332,1234200,0.0,0.0
2023-04-03 00:00:00-04:00,38.11000061035156,38.52000045776367,37.810001373291016,38.34000015258789,984000,0.0,0.0
2023-04-04 00:00:00-04:00,38.2400016784668,38.36000061035156,37.4900016784668,37.81999969482422,1461700,0.0,0.0
2023-04-05 00:00:00-04:00,37.5,37.7599983215332,36.88999938964844,37.150001525878906,1031800,0.0,0.0
2023-04-06 00:00:00-04:00,37.130001068115234,37.52000045776367,36.150001525878906,36.310001373291016,680100,0.0,0.0
2023-04-10 00:00:00-04:00,36.310001373291016,36.849998474121094,36.16999816894531,36.540000915527344,983900,0.0,0.0
2023-04-11 00:00:00-04:00,36.79999923706055,37.93000030517578,36.79999923706055,37.68000030517578,712900,0.0,0.0
2023-04-12 00:00:00-04:00,37.75,38.18000030517578,37.59000015258789,37.779998779296875,587000,0.0,0.0
2023-04-13 00:00:00-04:00,37.849998474121094,38.20000076293945,37.40999984741211,37.90999984741211,666200,0.0,0.0
2023-04-14 00:00:00-04:00,37.86000061035156,38.150001525878906,37.470001220703125,38.0099983215332,1025900,0.0,0.0
2023-04-17 00:00:00-04:00,37.97999954223633,38.540000915527344,37.84000015258789,38.5099983215332,507800,0.0,0.0
2023-04-18 00:00:00-04:00,38.720001220703125,39.2599983215332,38.63999938964844,39.2400016784668,830700,0.0,0.0
2023-04-19 00:00:00-04:00,39.099998474121094,39.58000183105469,38.66999816894531,39.5,754200,0.0,0.0
2023-04-20 00:00:00-04:00,39.720001220703125,40.34000015258789,39.130001068115234,39.36000061035156,1038100,0.0,0.0
2023-04-21 00:00:00-04:00,39.34000015258789,39.56999969482422,39.040000915527344,39.40999984741211,999900,0.0,0.0
2023-04-24 00:00:00-04:00,39.38999938964844,39.95000076293945,39.130001068115234,39.90999984741211,715200,0.0,0.0
2023-04-25 00:00:00-04:00,39.790000915527344,40.529998779296875,39.560001373291016,40.130001068115234,1383700,0.0,0.0
2023-04-26 00:00:00-04:00,38.77000045776367,40.15999984741211,38.77000045776367,39.060001373291016,1624900,0.0,0.0
2023-04-27 00:00:00-04:00,40.119998931884766,42.099998474121094,39.880001068115234,42.08000183105469,2272700,0.0,0.0
2023-04-28 00:00:00-04:00,42.09000015258789,43.130001068115234,41.970001220703125,43.09000015258789,1547100,0.0,0.0
2023-05-01 00:00:00-04:00,43.0,43.20000076293945,41.97999954223633,42.36000061035156,1096600,0.0,0.0
2023-05-02 00:00:00-04:00,42.47999954223633,42.47999954223633,41.18000030517578,41.900001525878906,1202400,0.0,0.0
2023-05-03 00:00:00-04:00,41.90999984741211,43.11000061035156,41.90999984741211,42.369998931884766,1546700,0.0,0.0
2023-05-04 00:00:00-04:00,42.279998779296875,42.599998474121094,41.400001525878906,41.59000015258789,972100,0.0,0.0
2023-05-05 00:00:00-04:00,42.02000045776367,42.529998779296875,41.54999923706055,42.41999816894531,838100,0.0,0.0
2023-05-08 00:00:00-04:00,42.15999984741211,43.310001373291016,42.08000183105469,43.290000915527344,1131900,0.0,0.0
2023-05-09 00:00:00-04:00,43.290000915527344,44.02000045776367,43.09000015258789,43.58000183105469,1554500,0.0,0.0
2023-05-10 00:00:00-04:00,44.0,44.040000915527344,42.97999954223633,43.540000915527344,1609500,0.0,0.0
2023-05-11 00:00:00-04:00,43.29999923706055,43.9900016784668,43.060001373291016,43.95000076293945,783600,0.0,0.0
2023-05-12 00:00:00-04:00,43.9900016784668,44.15999984741211,43.11000061035156,43.599998474121094,875100,0.0,0.0
2023-05-15 00:00:00-04:00,43.68000030517578,43.849998474121094,43.09000015258789,43.47999954223633,1124100,0.0,0.0
2023-05-16 00:00:00-04:00,43.11000061035156,44.099998474121094,42.5099983215332,43.970001220703125,1291200,0.0,0.0
2023-05-17 00:00:00-04:00,44.0,44.529998779296875,43.58000183105469,44.5099983215332,943100,0.0,0.0
2023-05-18 00:00:00-04:00,44.54999923706055,45.45000076293945,44.36000061035156,45.2599983215332,930900,0.0,0.0
2023-05-19 00:00:00-04:00,45.380001068115234,45.5099983215332,43.849998474121094,44.25,1115300,0.0,0.0
2023-05-22 00:00:00-04:00,44.290000915527344,44.720001220703125,42.9900016784668,42.9900016784668,1877400,0.0,0.0
2023-05-23 00:00:00-04:00,42.560001373291016,42.93000030517578,42.209999084472656,42.349998474121094,1898400,0.0,0.0
2023-05-24 00:00:00-04:00,42.47999954223633,42.97999954223633,42.369998931884766,42.810001373291016,1103400,0.0,0.0
2023-05-25 00:00:00-04:00,43.130001068115234,43.84000015258789,42.97999954223633,43.29999923706055,1684400,0.0,0.0
2023-05-26 00:00:00-04:00,43.2599983215332,43.34000015258789,42.599998474121094,43.29999923706055,999500,0.0,0.0
2023-05-30 00:00:00-04:00,43.31999969482422,43.689998626708984,43.13999938964844,43.380001068115234,1609400,0.0,0.0
2023-05-31 00:00:00-04:00,43.380001068115234,43.45000076293945,42.150001525878906,42.43000030517578,1401600,0.0,0.0
2023-06-01 00:00:00-04:00,42.20000076293945,42.959999084472656,42.20000076293945,42.849998474121094,1165300,0.0,0.0
2023-06-02 00:00:00-04:00,43.2400016784668,44.56999969482422,43.209999084472656,44.45000076293945,2225900,0.0,0.0
2023-06-05 00:00:00-04:00,44.0,44.529998779296875,43.83000183105469,44.2599983215332,1576800,0.0,0.0
2023-06-06 00:00:00-04:00,44.43000030517578,46.47999954223633,44.41999816894531,46.279998779296875,2259000,0.0,0.0
2023-06-07 00:00:00-04:00,46.45000076293945,47.11000061035156,46.369998931884766,46.86000061035156,1466400,0.0,0.0
2023-06-08 00:00:00-04:00,46.70000076293945,47.220001220703125,46.4900016784668,47.029998779296875,1123600,0.0,0.0
2023-06-09 00:00:00-04:00,47.0,47.279998779296875,46.33000183105469,46.70000076293945,1096100,0.0,0.0
2023-06-12 00:00:00-04:00,46.7400016784668,47.810001373291016,46.310001373291016,47.5,923200,0.0,0.0
2023-06-13 00:00:00-04:00,47.619998931884766,48.099998474121094,46.91999816894531,46.95000076293945,1484600,0.0,0.0
2023-06-14 00:00:00-04:00,46.650001525878906,47.20000076293945,46.099998474121094,46.470001220703125,1143600,0.0,0.0
2023-06-15 00:00:00-04:00,46.790000915527344,47.36000061035156,46.529998779296875,47.349998474121094,1083300,0.0,0.0
2023-06-16 00:00:00-04:00,47.9900016784668,48.040000915527344,46.709999084472656,46.79999923706055,2098800,0.0,0.0
2023-06-20 00:00:00-04:00,46.88999938964844,47.619998931884766,46.720001220703125,46.84000015258789,1055300,0.0,0.0
2023-06-21 00:00:00-04:00,46.4900016784668,47.790000915527344,46.34000015258789,47.43000030517578,960900,0.0,0.0
2023-06-22 00:00:00-04:00,47.20000076293945,47.470001220703125,46.88999938964844,47.2599983215332,778500,0.0,0.0
2023-06-23 00:00:00-04:00,46.95000076293945,47.5099983215332,46.75,47.130001068115234,1256700,0.0,0.0
2023-06-26 00:00:00-04:00,47.25,47.900001525878906,46.599998474121094,46.630001068115234,785500,0.0,0.0
2023-06-27 00:00:00-04:00,46.77000045776367,48.18000030517578,46.61000061035156,47.689998626708984,1171100,0.0,0.0
2023-06-28 00:00:00-04:00,48.0,48.599998474121094,47.630001068115234,47.709999084472656,1510000,0.0,0.0
2023-06-29 00:00:00-04:00,47.58000183105469,48.150001525878906,47.34000015258789,48.029998779296875,1249700,0.0,0.0
2023-06-30 00:00:00-04:00,48.40999984741211,48.95000076293945,48.20000076293945,48.77000045776367,1046900,0.0,0.0
2023-07-03 00:00:00-04:00,48.880001068115234,49.189998626708984,48.459999084472656,48.7599983215332,648500,0.0,0.0
2023-07-05 00:00:00-04:00,48.5,48.58000183105469,47.959999084472656,48.20000076293945,842700,0.0,0.0
2023-07-06 00:00:00-04:00,47.43000030517578,47.619998931884766,45.5099983215332,46.09000015258789,1281000,0.0,0.0
2023-07-07 00:00:00-04:00,46.099998474121094,47.16999816894531,46.060001373291016,46.70000076293945,1103300,0.0,0.0
2023-07-10 00:00:00-04:00,46.70000076293945,48.209999084472656,46.70000076293945,48.189998626708984,677100,0.0,0.0
2023-07-11 00:00:00-04:00,48.4900016784668,48.77000045776367,48.22999954223633,48.650001525878906,858700,0.0,0.0
2023-07-12 00:00:00-04:00,49.310001373291016,50.290000915527344,49.119998931884766,49.939998626708984,1215700,0.0,0.0
2023-07-13 00:00:00-04:00,50.209999084472656,50.939998626708984,49.900001525878906,50.790000915527344,1002300,0.0,0.0
2023-07-14 00:00:00-04:00,51.18000030517578,51.459999084472656,50.4900016784668,51.43000030517578,948800,0.0,0.0
2023-07-17 00:00:00-04:00,51.25,51.959999084472656,51.02000045776367,51.540000915527344,862600,0.0,0.0
2023-07-18 00:00:00-04:00,51.68000030517578,52.09000015258789,51.2400016784668,51.560001373291016,619600,0.0,0.0
2023-07-19 00:00:00-04:00,51.400001525878906,51.77000045776367,50.779998779296875,51.63999938964844,811200,0.0,0.0
2023-07-20 00:00:00-04:00,52.06999969482422,52.06999969482422,49.189998626708984,49.380001068115234,730900,0.0,0.0
2023-07-21 00:00:00-04:00,49.630001068115234,49.939998626708984,49.08000183105469,49.349998474121094,884500,0.0,0.0
2023-07-24 00:00:00-04:00,49.220001220703125,49.59000015258789,49.060001373291016,49.349998474121094,817500,0.0,0.0
2023-07-25 00:00:00-04:00,49.25,50.56999969482422,49.18000030517578,50.029998779296875,1137900,0.0,0.0
2023-07-26 00:00:00-04:00,48.439998626708984,48.91999816894531,46.7400016784668,47.720001220703125,1991300,0.0,0.0
2023-07-27 00:00:00-04:00,48.41999816894531,48.880001068115234,47.0,47.310001373291016,1510300,0.0,0.0
2023-07-28 00:00:00-04:00,48.150001525878906,48.72999954223633,47.86000061035156,48.400001525878906,1061200,0.0,0.0
2023-07-31 00:00:00-04:00,48.68000030517578,48.79999923706055,47.790000915527344,48.41999816894531,833800,0.0,0.0
2023-08-01 00:00:00-04:00,48.150001525878906,49.400001525878906,48.08000183105469,49.36000061035156,798900,0.0,0.0
2023-08-02 00:00:00-04:00,49.029998779296875,49.08000183105469,48.279998779296875,48.779998779296875,935600,0.0,0.0
2023-08-03 00:00:00-04:00,48.540000915527344,48.540000915527344,46.91999816894531,47.58000183105469,1053400,0.0,0.0
2023-08-04 00:00:00-04:00,47.959999084472656,48.7400016784668,47.380001068115234,48.130001068115234,846800,0.0,0.0
2023-08-07 00:00:00-04:00,48.0,48.95000076293945,48.0,48.709999084472656,624500,0.0,0.0
2023-08-08 00:00:00-04:00,48.2599983215332,49.16999816894531,47.849998474121094,49.11000061035156,607000,0.0,0.0
2023-08-09 00:00:00-04:00,49.02000045776367,49.20000076293945,48.400001525878906,48.459999084472656,563700,0.0,0.0
2023-08-10 00:00:00-04:00,48.79999923706055,49.16999816894531,47.15999984741211,47.61000061035156,585700,0.0,0.0
2023-08-11 00:00:00-04:00,47.560001373291016,48.59000015258789,47.560001373291016,48.04999923706055,643200,0.0,0.0
2023-08-14 00:00:00-04:00,47.810001373291016,48.68000030517578,47.79999923706055,48.65999984741211,423700,0.0,0.0
2023-08-15 00:00:00-04:00,48.86000061035156,49.349998474121094,48.09000015258789,48.4900016784668,764600,0.0,0.0
2023-08-16 00:00:00-04:00,48.400001525878906,48.84000015258789,47.54999923706055,47.56999969482422,560800,0.0,0.0
2023-08-17 00:00:00-04:00,47.81999969482422,48.16999816894531,45.25,45.279998779296875,1141800,0.0,0.0
2023-08-18 00:00:00-04:00,44.90999984741211,45.599998474121094,44.630001068115234,45.38999938964844,900200,0.0,0.0
2023-08-21 00:00:00-04:00,45.540000915527344,45.84000015258789,44.540000915527344,45.220001220703125,856900,0.0,0.0
2023-08-22 00:00:00-04:00,45.439998626708984,46.060001373291016,45.29999923706055,45.720001220703125,870300,0.0,0.0
2023-08-23 00:00:00-04:00,46.060001373291016,47.15999984741211,45.86000061035156,46.150001525878906,823200,0.0,0.0
2023-08-24 00:00:00-04:00,46.02000045776367,46.38999938964844,45.20000076293945,45.20000076293945,758800,0.0,0.0
2023-08-25 00:00:00-04:00,45.29999923706055,45.52000045776367,43.439998626708984,44.290000915527344,1344100,0.0,0.0
2023-08-28 00:00:00-04:00,44.54999923706055,45.16999816894531,44.5,45.060001373291016,833900,0.0,0.0
2023-08-29 00:00:00-04:00,44.869998931884766,46.16999816894531,44.7599983215332,46.09000015258789,562600,0.0,0.0
2023-08-30 00:00:00-04:00,46.15999984741211,47.40999984741211,45.959999084472656,47.029998779296875,484500,0.0,0.0
2023-08-31 00:00:00-04:00,46.84000015258789,47.459999084472656,46.84000015258789,47.400001525878906,835100,0.0,0.0
2023-09-01 00:00:00-04:00,47.400001525878906,48.33000183105469,47.400001525878906,48.20000076293945,461100,0.0,0.0
2023-09-05 00:00:00-04:00,47.84000015258789,47.88999938964844,44.95000076293945,45.0,1095300,0.0,0.0
2023-09-06 00:00:00-04:00,45.20000076293945,46.040000915527344,45.20000076293945,45.9900016784668,827000,0.0,0.0
2023-09-07 00:00:00-04:00,45.7400016784668,46.599998474121094,45.68000030517578,46.29999923706055,731000,0.0,0.0
2023-09-08 00:00:00-04:00,46.06999969482422,46.86000061035156,46.060001373291016,46.279998779296875,586800,0.0,0.0
2023-09-11 00:00:00-04:00,46.709999084472656,47.40999984741211,46.56999969482422,46.849998474121094,508600,0.0,0.0
2023-09-12 00:00:00-04:00,46.709999084472656,47.33000183105469,45.47999954223633,45.75,666000,0.0,0.0
2023-09-13 00:00:00-04:00,45.75,46.18000030517578,44.689998626708984,45.61000061035156,666400,0.0,0.0
2023-09-14 00:00:00-04:00,46.15999984741211,46.83000183105469,45.900001525878906,46.7400016784668,642100,0.0,0.0
2023-09-15 00:00:00-04:00,45.939998626708984,46.119998931884766,44.38999938964844,44.70000076293945,1685100,0.0,0.0
2023-09-18 00:00:00-04:00,44.720001220703125,45.279998779296875,44.599998474121094,44.97999954223633,591000,0.0,0.0
2023-09-19 00:00:00-04:00,44.849998474121094,45.25,44.5,44.91999816894531,640800,0.0,0.0
2023-09-20 00:00:00-04:00,45.27000045776367,46.099998474121094,44.83000183105469,44.849998474121094,1122600,0.0,0.0
2023-09-21 00:00:00-04:00,44.119998931884766,44.34000015258789,42.90999984741211,43.189998626708984,1176900,0.0,0.0
2023-09-22 00:00:00-04:00,43.540000915527344,43.790000915527344,42.86000061035156,43.099998474121094,644900,0.0,0.0
2023-09-25 00:00:00-04:00,42.939998626708984,43.599998474121094,42.86000061035156,43.119998931884766,523500,0.0,0.0
2023-09-26 00:00:00-04:00,42.81999969482422,43.27000045776367,42.2400016784668,42.36000061035156,512100,0.0,0.0
2023-09-27 00:00:00-04:00,42.86000061035156,43.040000915527344,42.209999084472656,42.470001220703125,596900,0.0,0.0
2023-09-28 00:00:00-04:00,42.40999984741211,43.619998931884766,42.209999084472656,43.22999954223633,476800,0.0,0.0
2023-09-29 00:00:00-04:00,43.810001373291016,43.939998626708984,42.45000076293945,42.61000061035156,598400,0.0,0.0
2023-10-02 00:00:00-04:00,42.34000015258789,43.099998474121094,42.099998474121094,42.40999984741211,624200,0.0,0.0
2023-10-03 00:00:00-04:00,42.040000915527344,42.290000915527344,40.599998474121094,40.7400016784668,789700,0.0,0.0
2023-10-04 00:00:00-04:00,40.90999984741211,41.59000015258789,40.75,41.2599983215332,529900,0.0,0.0
2023-10-05 00:00:00-04:00,41.06999969482422,41.66999816894531,40.66999816894531,41.099998474121094,681200,0.0,0.0
2023-10-06 00:00:00-04:00,40.630001068115234,41.560001373291016,40.150001525878906,41.47999954223633,741100,0.0,0.0
2023-10-09 00:00:00-04:00,41.189998626708984,42.20000076293945,40.90999984741211,42.20000076293945,549600,0.0,0.0
2023-10-10 00:00:00-04:00,42.34000015258789,43.2599983215332,42.279998779296875,42.380001068115234,634200,0.0,0.0
2023-10-11 00:00:00-04:00,42.58000183105469,43.5099983215332,42.41999816894531,42.970001220703125,607400,0.0,0.0
2023-10-12 00:00:00-04:00,42.220001220703125,42.869998931884766,40.38999938964844,40.849998474121094,827900,0.0,0.0
2023-10-13 00:00:00-04:00,40.9900016784668,41.209999084472656,40.540000915527344,40.77000045776367,573600,0.0,0.0
2023-10-16 00:00:00-04:00,41.29999923706055,41.38999938964844,40.630001068115234,40.970001220703125,602500,0.0,0.0
2023-10-17 00:00:00-04:00,40.54999923706055,41.560001373291016,40.54999923706055,41.189998626708984,1142500,0.0,0.0
2023-10-18 00:00:00-04:00,40.70000076293945,40.81999969482422,39.93000030517578,40.02000045776367,725200,0.0,0.0
2023-10-19 00:00:00-04:00,40.02000045776367,40.2599983215332,38.88999938964844,39.0,971300,0.0,0.0
2023-10-20 00:00:00-04:00,39.0099983215332,39.310001373291016,38.38999938964844,38.47999954223633,1427100,0.0,0.0
2023-10-23 00:00:00-04:00,38.459999084472656,39.7400016784668,38.34000015258789,39.369998931884766,961700,0.0,0.0
2023-10-24 00:00:00-04:00,39.5,39.779998779296875,38.97999954223633,39.099998474121094,1021600,0.0,0.0
2023-10-25 00:00:00-04:00,38.560001373291016,38.779998779296875,37.52000045776367,37.86000061035156,1216300,0.0,0.0
2023-10-26 00:00:00-04:00,38.25,38.709999084472656,37.58000183105469,38.02000045776367,1147900,0.0,0.0
2023-10-27 00:00:00-04:00,38.02000045776367,38.13999938964844,37.54999923706055,37.88999938964844,1098600,0.0,0.0
2023-10-30 00:00:00-04:00,38.34000015258789,38.45000076293945,37.22999954223633,37.70000076293945,1481800,0.0,0.0
2023-10-31 00:00:00-04:00,37.97999954223633,38.47999954223633,37.63999938964844,38.31999969482422,983900,0.0,0.0
2023-11-01 00:00:00-04:00,38.25,39.959999084472656,37.79999923706055,39.88999938964844,1091000,0.0,0.0
2023-11-02 00:00:00-04:00,41.150001525878906,42.20000076293945,41.150001525878906,41.7400016784668,1076100,0.0,0.0
2023-11-03 00:00:00-04:00,43.22999954223633,44.279998779296875,43.22999954223633,43.72999954223633,981300,0.0,0.0
2023-11-06 00:00:00-05:00,43.150001525878906,43.41999816894531,42.619998931884766,42.810001373291016,716700,0.0,0.0
2023-11-07 00:00:00-05:00,42.90999984741211,43.380001068115234,42.540000915527344,43.02000045776367,785200,0.0,0.0
2023-11-08 00:00:00-05:00,43.0099983215332,43.38999938964844,42.599998474121094,42.689998626708984,644100,0.0,0.0
2023-11-09 00:00:00-05:00,42.7599983215332,43.11000061035156,42.0,42.15999984741211,811100,0.0,0.0
2023-11-10 00:00:00-05:00,42.439998626708984,43.15999984741211,42.130001068115234,43.02000045776367,621000,0.0,0.0
2023-11-13 00:00:00-05:00,42.63999938964844,42.880001068115234,42.130001068115234,42.58000183105469,676000,0.0,0.0
2023-11-14 00:00:00-05:00,44.540000915527344,46.04999923706055,44.36000061035156,45.70000076293945,1345900,0.0,0.0
2023-11-15 00:00:00-05:00,45.459999084472656,45.90999984741211,44.970001220703125,45.02000045776367,1073900,0.0,0.0
2023-11-16 00:00:00-05:00,45.20000076293945,45.369998931884766,44.459999084472656,45.11000061035156,1449000,0.0,0.0
2023-11-17 00:00:00-05:00,45.439998626708984,45.66999816894531,45.060001373291016,45.27000045776367,644500,0.0,0.0
2023-11-20 00:00:00-05:00,45.290000915527344,45.40999984741211,44.81999969482422,45.29999923706055,468300,0.0,0.0
2023-11-21 00:00:00-05:00,45.040000915527344,45.27000045776367,44.56999969482422,44.599998474121094,549200,0.0,0.0
2023-11-22 00:00:00-05:00,45.189998626708984,45.70000076293945,44.68000030517578,44.959999084472656,383200,0.0,0.0
2023-11-24 00:00:00-05:00,44.810001373291016,45.099998474121094,44.7599983215332,45.08000183105469,440300,0.0,0.0
2023-11-27 00:00:00-05:00,44.790000915527344,44.9900016784668,44.560001373291016,44.7400016784668,955000,0.0,0.0
2023-11-28 00:00:00-05:00,44.650001525878906,45.06999969482422,44.31999969482422,44.52000045776367,938600,0.0,0.0
2023-11-29 00:00:00-05:00,45.220001220703125,45.54999923706055,44.9900016784668,45.36000061035156,1034500,0.0,0.0
2023-11-30 00:00:00-05:00,45.2599983215332,45.439998626708984,44.59000015258789,45.099998474121094,1060200,0.0,0.0
2023-12-01 00:00:00-05:00,45.08000183105469,46.63999938964844,45.060001373291016,46.59000015258789,691800,0.0,0.0
2023-12-04 00:00:00-05:00,46.43000030517578,47.11000061035156,46.349998474121094,46.779998779296875,658400,0.0,0.0
2023-12-05 00:00:00-05:00,46.619998931884766,46.84000015258789,45.810001373291016,46.0099983215332,689000,0.0,0.0
2023-12-06 00:00:00-05:00,46.630001068115234,47.7400016784668,46.54999923706055,46.689998626708984,1053300,0.0,0.0
2023-12-07 00:00:00-05:00,46.9900016784668,47.290000915527344,46.59000015258789,47.27000045776367,1265800,0.0,0.0
2023-12-08 00:00:00-05:00,47.52000045776367,48.349998474121094,47.41999816894531,48.06999969482422,982500,0.0,0.0
2023-12-11 00:00:00-05:00,47.709999084472656,48.06999969482422,47.29999923706055,47.68000030517578,1028800,0.0,0.0
2023-12-12 00:00:00-05:00,47.7400016784668,47.810001373291016,47.34000015258789,47.369998931884766,909200,0.0,0.0
2023-12-13 00:00:00-05:00,47.709999084472656,49.2599983215332,46.72999954223633,49.08000183105469,1186000,0.0,0.0
2023-12-14 00:00:00-05:00,49.97999954223633,52.43000030517578,49.97999954223633,52.41999816894531,1514300,0.0,0.0
2023-12-15 00:00:00-05:00,52.34000015258789,52.650001525878906,51.209999084472656,51.439998626708984,3298400,0.0,0.0
2023-12-18 00:00:00-05:00,51.099998474121094,52.18000030517578,50.459999084472656,52.02000045776367,1495600,0.0,0.0
2023-12-19 00:00:00-05:00,52.400001525878906,53.310001373291016,52.2400016784668,53.06999969482422,1328800,0.0,0.0
2023-12-20 00:00:00-05:00,52.880001068115234,54.029998779296875,52.75,52.77000045776367,970900,0.0,0.0
2023-12-21 00:00:00-05:00,54.13999938964844,54.20000076293945,52.90999984741211,53.369998931884766,725900,0.0,0.0
2023-12-22 00:00:00-05:00,53.59000015258789,54.0,53.36000061035156,53.7400016784668,416900,0.0,0.0
2023-12-26 00:00:00-05:00,53.970001220703125,54.290000915527344,53.66999816894531,53.97999954223633,547000,0.0,0.0
2023-12-27 00:00:00-05:00,54.18000030517578,54.47999954223633,53.779998779296875,54.220001220703125,463800,0.0,0.0
2023-12-28 00:00:00-05:00,54.029998779296875,54.31999969482422,53.779998779296875,53.90999984741211,442800,0.0,0.0
2023-12-29 00:00:00-05:00,53.63999938964844,54.040000915527344,53.310001373291016,53.349998474121094,466600,0.0,0.0
2024-01-02 00:00:00-05:00,52.65999984741211,53.130001068115234,52.209999084472656,52.709999084472656,533300,0.0,0.0
2024-01-03 00:00:00-05:00,51.59000015258789,52.0,50.939998626708984,50.959999084472656,816100,0.0,0.0
2024-01-04 00:00:00-05:00,50.869998931884766,51.380001068115234,50.65999984741211,50.709999084472656,830200,0.0,0.0
2024-01-05 00:00:00-05:00,50.27000045776367,51.540000915527344,50.0,50.65999984741211,839300,0.0,0.0
2024-01-08 00:00:00-05:00,51.06999969482422,51.959999084472656,50.77000045776367,51.810001373291016,572600,0.0,0.0
2024-01-09 00:00:00-05:00,51.08000183105469,51.70000076293945,51.0,51.560001373291016,574400,0.0,0.0
2024-01-10 00:00:00-05:00,51.93000030517578,52.61000061035156,51.880001068115234,52.08000183105469,608200,0.0,0.0
2024-01-11 00:00:00-05:00,51.5099983215332,52.08000183105469,50.959999084472656,52.06999969482422,642300,0.0,0.0
2024-01-12 00:00:00-05:00,53.099998474121094,53.099998474121094,51.34000015258789,51.81999969482422,699500,0.0,0.0
2024-01-16 00:00:00-05:00,51.18000030517578,51.5,50.779998779296875,51.31999969482422,747100,0.0,0.0
2024-01-17 00:00:00-05:00,50.68000030517578,51.63999938964844,50.68000030517578,51.54999923706055,848300,0.0,0.0
2024-01-18 00:00:00-05:00,52.790000915527344,53.75,52.5099983215332,53.349998474121094,974200,0.0,0.0
2024-01-19 00:00:00-05:00,53.58000183105469,54.09000015258789,52.70000076293945,54.0099983215332,655000,0.0,0.0
2024-01-22 00:00:00-05:00,54.4900016784668,55.470001220703125,54.04999923706055,55.38999938964844,906900,0.0,0.0
2024-01-23 00:00:00-05:00,54.41999816894531,54.93000030517578,51.88999938964844,52.209999084472656,1306000,0.0,0.0
2024-01-24 00:00:00-05:00,52.869998931884766,52.90999984741211,51.0,51.09000015258789,718700,0.0,0.0
2024-01-25 00:00:00-05:00,52.189998626708984,52.59000015258789,51.709999084472656,52.56999969482422,1132800,0.0,0.0
2024-01-26 00:00:00-05:00,52.439998626708984,53.0099983215332,52.189998626708984,52.34000015258789,433600,0.0,0.0
2024-01-29 00:00:00-05:00,52.279998779296875,53.33000183105469,52.11000061035156,52.9900016784668,543200,0.0,0.0
2024-01-30 00:00:00-05:00,53.060001373291016,53.81999969482422,52.75,52.849998474121094,860000,0.0,0.0
2024-01-31 00:00:00-05:00,52.439998626708984,53.56999969482422,52.06999969482422,52.13999938964844,667000,0.0,0.0
2024-02-01 00:00:00-05:00,52.63999938964844,53.29999923706055,51.72999954223633,52.86000061035156,654000,0.0,0.0
2024-02-02 00:00:00-05:00,51.84000015258789,52.9900016784668,51.5099983215332,52.38999938964844,756000,0.0,0.0
2024-02-05 00:00:00-05:00,51.560001373291016,52.439998626708984,51.18000030517578,52.20000076293945,544700,0.0,0.0
2024-02-06 00:00:00-05:00,52.220001220703125,52.66999816894531,51.540000915527344,52.220001220703125,483700,0.0,0.0
2024-02-07 00:00:00-05:00,52.86000061035156,53.04999923706055,52.38999938964844,52.84000015258789,708800,0.0,0.0
2024-02-08 00:00:00-05:00,52.9900016784668,53.68000030517578,52.72999954223633,53.61000061035156,841300,0.0,0.0
2024-02-09 00:00:00-05:00,53.63999938964844,53.9900016784668,52.9900016784668,53.90999984741211,586800,0.0,0.0
2024-02-12 00:00:00-05:00,54.099998474121094,56.11000061035156,54.099998474121094,55.93000030517578,732400,0.0,0.0
2024-02-13 00:00:00-05:00,53.369998931884766,53.880001068115234,52.720001220703125,53.04999923706055,1096300,0.0,0.0
2024-02-14 00:00:00-05:00,54.099998474121094,56.029998779296875,53.66999816894531,56.0,1442600,0.0,0.0
2024-02-15 00:00:00-05:00,56.470001220703125,57.349998474121094,55.97999954223633,57.25,917900,0.0,0.0
2024-02-16 00:00:00-05:00,56.29999923706055,56.5,54.709999084472656,54.75,834200,0.0,0.0
2024-02-20 00:00:00-05:00,53.720001220703125,54.560001373291016,53.70000076293945,54.220001220703125,1107200,0.0,0.0
2024-02-21 00:00:00-05:00,54.90999984741211,56.06999969482422,54.380001068115234,55.54999923706055,1196700,0.0,0.0
2024-02-22 00:00:00-05:00,55.4900016784668,56.11000061035156,55.439998626708984,55.93000030517578,806200,0.0,0.0
2024-02-23 00:00:00-05:00,55.869998931884766,56.880001068115234,55.869998931884766,56.47999954223633,664300,0.0,0.0
2024-02-26 00:00:00-05:00,56.119998931884766,56.75,56.029998779296875,56.209999084472656,686400,0.0,0.0
2024-02-27 00:00:00-05:00,56.79999923706055,56.84000015258789,55.7400016784668,55.75,912400,0.0,0.0
2024-02-28 00:00:00-05:00,55.560001373291016,55.97999954223633,55.09000015258789,55.2400016784668,608100,0.0,0.0
2024-02-29 00:00:00-05:00,55.77000045776367,56.720001220703125,55.77000045776367,56.61000061035156,810400,0.0,0.0
2024-03-01 00:00:00-05:00,56.470001220703125,57.779998779296875,56.31999969482422,57.70000076293945,627900,0.0,0.0
2024-03-04 00:00:00-05:00,58.290000915527344,58.83000183105469,57.439998626708984,57.61000061035156,725900,0.0,0.0
2024-03-05 00:00:00-05:00,57.56999969482422,58.27000045776367,56.40999984741211,56.709999084472656,659700,0.0,0.0
2024-03-06 00:00:00-05:00,57.970001220703125,57.970001220703125,56.77000045776367,56.95000076293945,805100,0.0,0.0
2024-03-07 00:00:00-05:00,57.79999923706055,59.08000183105469,57.650001525878906,58.41999816894531,1054400,0.0,0.0
2024-03-08 00:00:00-05:00,58.869998931884766,59.56999969482422,57.95000076293945,58.189998626708984,518700,0.0,0.0
2024-03-11 00:00:00-04:00,57.95000076293945,58.13999938964844,56.900001525878906,57.689998626708984,597300,0.0,0.0
2024-03-12 00:00:00-04:00,57.61000061035156,58.34000015258789,57.0,58.099998474121094,450400,0.0,0.0
2024-03-13 00:00:00-04:00,58.18000030517578,59.83000183105469,58.08000183105469,59.150001525878906,766100,0.0,0.0
2024-03-14 00:00:00-04:00,58.279998779296875,58.97999954223633,56.040000915527344,56.779998779296875,778300,0.0,0.0
2024-03-15 00:00:00-04:00,56.130001068115234,57.34000015258789,56.130001068115234,56.459999084472656,1940900,0.0,0.0
2024-03-18 00:00:00-04:00,56.90999984741211,57.34000015258789,55.68000030517578,55.81999969482422,784600,0.0,0.0
2024-03-19 00:00:00-04:00,55.779998779296875,57.84000015258789,55.779998779296875,57.7599983215332,881100,0.0,0.0
2024-03-20 00:00:00-04:00,57.84000015258789,59.90999984741211,57.36000061035156,59.61000061035156,804700,0.0,0.0
2024-03-21 00:00:00-04:00,60.5,60.75,60.02000045776367,60.25,933400,0.0,0.0
2024-03-22 00:00:00-04:00,60.52000045776367,60.56999969482422,59.90999984741211,60.15999984741211,555400,0.0,0.0
2024-03-25 00:00:00-04:00,59.83000183105469,60.959999084472656,59.83000183105469,60.2599983215332,583100,0.0,0.0
2024-03-26 00:00:00-04:00,60.29999923706055,60.93000030517578,60.13999938964844,60.16999816894531,590600,0.0,0.0
2024-03-27 00:00:00-04:00,60.650001525878906,61.40999984741211,60.459999084472656,61.310001373291016,628200,0.0,0.0
2024-03-28 00:00:00-04:00,61.40999984741211,62.63999938964844,61.40999984741211,62.16999816894531,678400,0.0,0.0
2024-04-01 00:00:00-04:00,61.86000061035156,62.459999084472656,60.9900016784668,61.18000030517578,551100,0.0,0.0
2024-04-02 00:00:00-04:00,59.7400016784668,59.7400016784668,58.58000183105469,58.7599983215332,780800,0.0,0.0
2024-04-03 00:00:00-04:00,58.400001525878906,59.56999969482422,58.400001525878906,59.5099983215332,632500,0.0,0.0
2024-04-04 00:00:00-04:00,60.540000915527344,60.81999969482422,58.7599983215332,59.040000915527344,1028400,0.0,0.0
2024-04-05 00:00:00-04:00,59.040000915527344,59.77000045776367,58.83000183105469,59.650001525878906,1078400,0.0,0.0
2024-04-08 00:00:00-04:00,60.0,60.0,58.619998931884766,58.95000076293945,912600,0.0,0.0
2024-04-09 00:00:00-04:00,59.47999954223633,59.47999954223633,58.2599983215332,59.02000045776367,642300,0.0,0.0
2024-04-10 00:00:00-04:00,56.66999816894531,56.939998626708984,55.560001373291016,56.29999923706055,1094200,0.0,0.0
2024-04-11 00:00:00-04:00,56.650001525878906,57.279998779296875,56.33000183105469,56.83000183105469,557700,0.0,0.0
2024-04-12 00:00:00-04:00,56.459999084472656,57.06999969482422,56.400001525878906,56.790000915527344,549700,0.0,0.0
2024-04-15 00:00:00-04:00,56.790000915527344,57.34000015258789,55.61000061035156,55.65999984741211,618000,0.0,0.0
2024-04-16 00:00:00-04:00,54.59000015258789,54.939998626708984,53.86000061035156,54.31999969482422,991400,0.0,0.0
2024-04-17 00:00:00-04:00,55.0,55.290000915527344,53.59000015258789,53.79999923706055,706800,0.0,0.0
2024-04-18 00:00:00-04:00,54.81999969482422,55.22999954223633,53.959999084472656,54.029998779296875,986500,0.0,0.0
2024-04-19 00:00:00-04:00,54.220001220703125,54.86000061035156,53.7599983215332,54.220001220703125,698500,0.0,0.0
2024-04-22 00:00:00-04:00,54.7599983215332,55.369998931884766,54.2599983215332,55.04999923706055,534500,0.0,0.0
2024-04-23 00:00:00-04:00,55.529998779296875,57.310001373291016,55.0,57.099998474121094,715900,0.0,0.0
2024-04-24 00:00:00-04:00,56.79999923706055,57.72999954223633,55.939998626708984,56.349998474121094,599700,0.0,0.0
2024-04-25 00:00:00-04:00,55.25,56.369998931884766,54.380001068115234,56.279998779296875,541100,0.0,0.0
2024-04-26 00:00:00-04:00,56.849998474121094,57.95000076293945,56.290000915527344,57.560001373291016,530400,0.0,0.0
2024-04-29 00:00:00-04:00,57.97999954223633,58.4900016784668,57.52000045776367,57.70000076293945,808900,0.0,0.0
2024-04-30 00:00:00-04:00,57.70000076293945,58.220001220703125,55.93000030517578,56.0099983215332,1376800,0.0,0.0
2024-05-01 00:00:00-04:00,56.45000076293945,57.720001220703125,55.34000015258789,56.060001373291016,914000,0.0,0.0
2024-05-02 00:00:00-04:00,56.540000915527344,56.7400016784668,55.38999938964844,56.25,673200,0.0,0.0
2024-05-03 00:00:00-04:00,58.029998779296875,59.29999923706055,57.18000030517578,57.20000076293945,540100,0.0,0.0
2024-05-06 00:00:00-04:00,58.310001373291016,58.93000030517578,57.9900016784668,58.619998931884766,699500,0.0,0.0
2024-05-07 00:00:00-04:00,58.84000015258789,59.709999084472656,58.810001373291016,59.02000045776367,837200,0.0,0.0
2024-05-08 00:00:00-04:00,58.470001220703125,58.83000183105469,58.18000030517578,58.4900016784668,639900,0.0,0.0
2024-05-09 00:00:00-04:00,58.5,59.70000076293945,58.38999938964844,59.400001525878906,650600,0.0,0.0
2024-05-10 00:00:00-04:00,59.34000015258789,59.65999984741211,58.939998626708984,59.560001373291016,515500,0.0,0.0
2024-05-13 00:00:00-04:00,60.0,60.150001525878906,59.220001220703125,59.27000045776367,539100,0.0,0.0
2024-05-14 00:00:00-04:00,60.119998931884766,60.45000076293945,59.41999816894531,59.810001373291016,498200,0.0,0.0
2024-05-15 00:00:00-04:00,61.06999969482422,62.099998474121094,60.7400016784668,61.93000030517578,839100,0.0,0.0
2024-05-16 00:00:00-04:00,61.560001373291016,61.7400016784668,60.08000183105469,60.099998474121094,531400,0.0,0.0
2024-05-17 00:00:00-04:00,60.310001373291016,60.310001373291016,59.63999938964844,60.119998931884766,500200,0.0,0.0
2024-05-20 00:00:00-04:00,60.0099983215332,60.68000030517578,59.77000045776367,59.880001068115234,505800,0.0,0.0
2024-05-21 00:00:00-04:00,59.61000061035156,59.61000061035156,58.810001373291016,59.029998779296875,459200,0.0,0.0
2024-05-22 00:00:00-04:00,58.52000045776367,58.720001220703125,57.209999084472656,57.4900016784668,639000,0.0,0.0
2024-05-23 00:00:00-04:00,57.70000076293945,57.959999084472656,56.41999816894531,56.90999984741211,589100,0.0,0.0
2024-05-24 00:00:00-04:00,57.560001373291016,57.88999938964844,57.220001220703125,57.689998626708984,363600,0.0,0.0
2024-05-28 00:00:00-04:00,57.880001068115234,58.189998626708984,56.720001220703125,57.029998779296875,538800,0.0,0.0
2024-05-29 00:00:00-04:00,56.25,56.7599983215332,55.810001373291016,56.20000076293945,588600,0.0,0.0
2024-05-30 00:00:00-04:00,56.79999923706055,57.209999084472656,56.61000061035156,57.11000061035156,582200,0.0,0.0
2024-05-31 00:00:00-04:00,57.45000076293945,58.130001068115234,57.040000915527344,57.83000183105469,798100,0.0,0.0
2024-06-03 00:00:00-04:00,58.41999816894531,58.63999938964844,57.31999969482422,57.81999969482422,551400,0.0,0.0
2024-06-04 00:00:00-04:00,57.369998931884766,57.59000015258789,56.119998931884766,56.290000915527344,874200,0.0,0.0
2024-06-05 00:00:00-04:00,56.70000076293945,57.220001220703125,55.9900016784668,57.150001525878906,588300,0.0,0.0
2024-06-06 00:00:00-04:00,57.119998931884766,57.4900016784668,56.58000183105469,56.7599983215332,560000,0.0,0.0
2024-06-07 00:00:00-04:00,55.52000045776367,55.93000030517578,54.9900016784668,55.52000045776367,723800,0.0,0.0
2024-06-10 00:00:00-04:00,55.029998779296875,56.349998474121094,54.810001373291016,56.11000061035156,847300,0.0,0.0
2024-06-11 00:00:00-04:00,55.68000030517578,55.68000030517578,54.689998626708984,55.25,775700,0.0,0.0
2024-06-12 00:00:00-04:00,58.16999816894531,59.41999816894531,56.33000183105469,56.61000061035156,996700,0.0,0.0
2024-06-13 00:00:00-04:00,56.349998474121094,56.5099983215332,55.54999923706055,56.310001373291016,735200,0.0,0.0
2024-06-14 00:00:00-04:00,55.279998779296875,55.54999923706055,54.619998931884766,55.4900016784668,847900,0.0,0.0
2024-06-17 00:00:00-04:00,55.369998931884766,56.060001373291016,55.27000045776367,56.040000915527344,845300,0.0,0.0
2024-06-18 00:00:00-04:00,55.45000076293945,55.880001068115234,54.45000076293945,54.75,943400,0.0,0.0
2024-06-20 00:00:00-04:00,54.63999938964844,55.279998779296875,53.959999084472656,54.310001373291016,727000,0.0,0.0
2024-06-21 00:00:00-04:00,54.31999969482422,55.439998626708984,53.61000061035156,55.310001373291016,2798100,0.0,0.0
2024-06-24 00:00:00-04:00,55.36000061035156,57.029998779296875,55.36000061035156,56.66999816894531,1082200,0.0,0.0
2024-06-25 00:00:00-04:00,56.439998626708984,56.439998626708984,54.9900016784668,55.22999954223633,1080800,0.0,0.0
2024-06-26 00:00:00-04:00,55.0099983215332,55.38999938964844,54.66999816894531,55.11000061035156,693900,0.0,0.0
2024-06-27 00:00:00-04:00,55.2400016784668,55.7400016784668,54.95000076293945,55.2400016784668,956900,0.0,0.0
2024-06-28 00:00:00-04:00,55.83000183105469,56.29999923706055,55.18000030517578,55.439998626708984,1419600,0.0,0.0
2024-07-01 00:00:00-04:00,55.7400016784668,55.869998931884766,53.939998626708984,54.279998779296875,822700,0.0,0.0
2024-07-02 00:00:00-04:00,53.75,54.029998779296875,53.2400016784668,53.88999938964844,726600,0.0,0.0
2024-07-03 00:00:00-04:00,53.77000045776367,54.779998779296875,53.61000061035156,53.939998626708984,353700,0.0,0.0
2024-07-05 00:00:00-04:00,53.75,54.119998931884766,53.16999816894531,53.529998779296875,659900,0.0,0.0
2024-07-08 00:00:00-04:00,54.040000915527344,54.65999984741211,53.220001220703125,53.83000183105469,748800,0.0,0.0
2024-07-09 00:00:00-04:00,53.5,54.34000015258789,53.33000183105469,53.900001525878906,886700,0.0,0.0
2024-07-10 00:00:00-04:00,54.279998779296875,55.27000045776367,54.279998779296875,55.16999816894531,643600,0.0,0.0
2024-07-11 00:00:00-04:00,57.459999084472656,59.41999816894531,57.2599983215332,59.36000061035156,1123200,0.0,0.0
2024-07-12 00:00:00-04:00,60.0,61.65999984741211,60.0,61.029998779296875,922700,0.0,0.0
2024-07-15 00:00:00-04:00,61.560001373291016,62.599998474121094,61.279998779296875,61.439998626708984,796200,0.0,0.0
2024-07-16 00:00:00-04:00,62.52000045776367,65.52999877929688,62.16999816894531,65.29000091552734,979000,0.0,0.0
2024-07-17 00:00:00-04:00,64.58999633789062,65.51000213623047,64.22000122070312,64.37000274658203,1002400,0.0,0.0
2024-07-18 00:00:00-04:00,64.6500015258789,67.66000366210938,64.30999755859375,64.62999725341797,763300,0.0,0.0
2024-07-19 00:00:00-04:00,64.38999938964844,65.12000274658203,63.77000045776367,64.30000305175781,599100,0.0,0.0
2024-07-22 00:00:00-04:00,64.68000030517578,65.5199966430664,63.33000183105469,65.47000122070312,661400,0.0,0.0
2024-07-23 00:00:00-04:00,64.62999725341797,66.6500015258789,64.44000244140625,65.93000030517578,852800,0.0,0.0
2024-07-24 00:00:00-04:00,65.30000305175781,67.5999984741211,65.30000305175781,65.58000183105469,1385500,0.0,0.0
2024-07-25 00:00:00-04:00,65.33999633789062,67.33999633789062,64.41000366210938,65.5199966430664,1265100,0.0,0.0
2024-07-26 00:00:00-04:00,67.20999908447266,68.91999816894531,66.79000091552734,67.29000091552734,933700,0.0,0.0
2024-07-29 00:00:00-04:00,67.75,68.18000030517578,66.80000305175781,67.7699966430664,672500,0.0,0.0
2024-07-30 00:00:00-04:00,68.06999969482422,68.48999786376953,66.72000122070312,68.08000183105469,760900,0.0,0.0
2024-07-31 00:00:00-04:00,68.4000015258789,69.62000274658203,66.87000274658203,67.08000183105469,1124700,0.0,0.0
2024-08-01 00:00:00-04:00,67.45999908447266,68.04000091552734,64.58999633789062,65.27999877929688,822600,0.0,0.0
2024-08-02 00:00:00-04:00,62.720001220703125,64.37999725341797,62.13999938964844,64.33999633789062,1085600,0.0,0.0
2024-08-05 00:00:00-04:00,60.0099983215332,62.7400016784668,59.16999816894531,61.470001220703125,1042800,0.0,0.0
2024-08-06 00:00:00-04:00,61.130001068115234,63.0099983215332,60.099998474121094,61.59000015258789,750600,0.0,0.0
2024-08-07 00:00:00-04:00,62.439998626708984,63.04999923706055,58.599998474121094,58.790000915527344,1307000,0.0,0.0
2024-08-08 00:00:00-04:00,59.61000061035156,60.470001220703125,58.91999816894531,59.869998931884766,929800,0.0,0.0
2024-08-09 00:00:00-04:00,60.099998474121094,60.84000015258789,59.45000076293945,60.41999816894531,768200,0.0,0.0
2024-08-12 00:00:00-04:00,60.58000183105469,60.599998474121094,59.45000076293945,59.869998931884766,658800,0.0,0.0
2024-08-13 00:00:00-04:00,60.5099983215332,61.15999984741211,59.619998931884766,60.54999923706055,793300,0.0,0.0
2024-08-14 00:00:00-04:00,61.040000915527344,61.08000183105469,59.7599983215332,60.34000015258789,745400,0.0,0.0
2024-08-15 00:00:00-04:00,61.439998626708984,61.869998931884766,60.22999954223633,61.7599983215332,985700,0.0,0.0
2024-08-16 00:00:00-04:00,61.4900016784668,62.959999084472656,61.349998474121094,61.56999969482422,685100,0.0,0.0
2024-08-19 00:00:00-04:00,63.36000061035156,63.81999969482422,62.470001220703125,63.47999954223633,959200,0.0,0.0
2024-08-20 00:00:00-04:00,63.5099983215332,64.18000030517578,62.709999084472656,62.9900016784668,652000,0.0,0.0
2024-08-21 00:00:00-04:00,63.91999816894531,65.22000122070312,63.400001525878906,64.9000015258789,659500,0.0,0.0
2024-08-22 00:00:00-04:00,64.87000274658203,65.52999877929688,64.62999725341797,65.2699966430664,523100,0.0,0.0
2024-08-23 00:00:00-04:00,66.06999969482422,68.79000091552734,65.54000091552734,68.66000366210938,627800,0.0,0.0
2024-08-26 00:00:00-04:00,69.30000305175781,69.41999816894531,67.7699966430664,67.86000061035156,571100,0.0,0.0
2024-08-27 00:00:00-04:00,67.19999694824219,67.55000305175781,66.58000183105469,67.08999633789062,674200,0.0,0.0
2024-08-28 00:00:00-04:00,66.68000030517578,67.19000244140625,65.87999725341797,66.41999816894531,647800,0.0,0.0
2024-08-29 00:00:00-04:00,67.0,67.16999816894531,65.6500015258789,66.58999633789062,810100,0.0,0.0
2024-08-30 00:00:00-04:00,67.05999755859375,67.61000061035156,66.05000305175781,67.33000183105469,654000,0.0,0.0
2024-09-03 00:00:00-04:00,67.04000091552734,67.77999877929688,64.97000122070312,65.43000030517578,782700,0.0,0.0
2024-09-04 00:00:00-04:00,64.80999755859375,65.30000305175781,63.70000076293945,64.72000122070312,616400,0.0,0.0
2024-09-05 00:00:00-04:00,64.72000122070312,65.2699966430664,63.79999923706055,64.0199966430664,808100,0.0,0.0
2024-09-06 00:00:00-04:00,64.38999938964844,65.91000366210938,64.12000274658203,64.1500015258789,650500,0.0,0.0
2024-09-09 00:00:00-04:00,64.2300033569336,65.0999984741211,63.61000061035156,64.04000091552734,866200,0.0,0.0
2024-09-10 00:00:00-04:00,64.48999786376953,64.6500015258789,63.25,64.33000183105469,630700,0.0,0.0
2024-09-11 00:00:00-04:00,63.54999923706055,64.08999633789062,62.15999984741211,63.630001068115234,1181500,0.0,0.0
2024-09-12 00:00:00-04:00,63.97999954223633,66.08999633789062,63.95000076293945,65.30000305175781,1027800,0.0,0.0
2024-09-13 00:00:00-04:00,67.33000183105469,68.9000015258789,66.7699966430664,68.66000366210938,736000,0.0,0.0
2024-09-16 00:00:00-04:00,69.11000061035156,69.7699966430664,67.72000122070312,68.80000305175781,576800,0.0,0.0
2024-09-17 00:00:00-04:00,69.76000213623047,69.87999725341797,68.3499984741211,69.73999786376953,847900,0.0,0.0
2024-09-18 00:00:00-04:00,69.70999908447266,71.69000244140625,68.86000061035156,69.69999694824219,1332700,0.0,0.0
2024-09-19 00:00:00-04:00,71.56999969482422,71.94999694824219,70.36000061035156,71.86000061035156,1166700,0.0,0.0
2024-09-20 00:00:00-04:00,70.41999816894531,71.48999786376953,69.7300033569336,69.87000274658203,3133500,0.0,0.0
2024-09-23 00:00:00-04:00,70.66000366210938,71.30999755859375,69.56999969482422,70.19000244140625,697200,0.0,0.0
2024-09-24 00:00:00-04:00,70.16000366210938,70.51000213623047,68.86000061035156,69.5999984741211,729800,0.0,0.0
2024-09-25 00:00:00-04:00,68.69000244140625,69.29000091552734,67.80999755859375,68.04000091552734,791300,0.0,0.0
2024-09-26 00:00:00-04:00,68.69000244140625,69.1500015258789,68.22000122070312,68.87000274658203,916600,0.0,0.0
2024-09-27 00:00:00-04:00,69.72000122070312,71.06999969482422,69.0199966430664,70.2699966430664,946400,0.0,0.0
2024-09-30 00:00:00-04:00,69.5199966430664,70.45999908447266,69.13999938964844,70.26000213623047,797700,0.0,0.0
2024-10-01 00:00:00-04:00,70.47000122070312,70.75,69.12999725341797,70.33999633789062,455000,0.0,0.0
2024-10-02 00:00:00-04:00,69.47000122070312,69.94999694824219,68.62000274658203,69.2300033569336,407400,0.0,0.0
2024-10-03 00:00:00-04:00,68.87000274658203,69.6500015258789,68.27999877929688,69.08999633789062,508300,0.0,0.0
2024-10-04 00:00:00-04:00,69.5999984741211,69.5999984741211,67.0,67.76000213623047,607300,0.0,0.0
2024-10-07 00:00:00-04:00,66.94999694824219,67.51000213623047,66.16000366210938,67.47000122070312,556700,0.0,0.0
2024-10-08 00:00:00-04:00,67.62999725341797,68.68000030517578,66.7699966430664,67.87999725341797,433500,0.0,0.0
2024-10-09 00:00:00-04:00,67.88999938964844,68.37999725341797,67.5199966430664,67.66999816894531,619600,0.0,0.0
2024-10-10 00:00:00-04:00,66.48999786376953,67.2300033569336,66.2300033569336,66.9000015258789,534700,0.0,0.0
2024-10-11 00:00:00-04:00,66.97000122070312,67.94000244140625,66.9000015258789,67.4000015258789,317800,0.0,0.0
2024-10-14 00:00:00-04:00,67.33000183105469,68.87000274658203,67.33000183105469,68.4800033569336,493900,0.0,0.0
2024-10-15 00:00:00-04:00,68.70999908447266,70.2300033569336,68.70999908447266,69.0,536800,0.0,0.0
2024-10-16 00:00:00-04:00,70.01000213623047,71.20999908447266,69.79000091552734,70.87000274658203,473700,0.0,0.0
2024-10-17 00:00:00-04:00,70.70999908447266,70.75,69.55000305175781,69.94999694824219,592500,0.0,0.0
2024-10-18 00:00:00-04:00,70.30999755859375,71.41999816894531,70.02999877929688,70.97000122070312,565000,0.0,0.0
2024-10-21 00:00:00-04:00,70.87999725341797,70.91000366210938,67.4800033569336,67.63999938964844,786000,0.0,0.0
2024-10-22 00:00:00-04:00,66.36000061035156,66.55000305175781,64.83999633789062,64.83999633789062,1145700,0.0,0.0
2024-10-23 00:00:00-04:00,66.05000305175781,68.2699966430664,66.05000305175781,67.19999694824219,1513700,0.0,0.0
2024-10-24 00:00:00-04:00,67.86000061035156,69.18000030517578,67.7300033569336,68.36000061035156,1350200,0.0,0.0
2024-10-25 00:00:00-04:00,69.33999633789062,69.73999786376953,68.37999725341797,68.5199966430664,839200,0.0,0.0
2024-10-28 00:00:00-04:00,69.20999908447266,70.30000305175781,69.16000366210938,69.88999938964844,817900,0.0,0.0
2024-10-29 00:00:00-04:00,65.55999755859375,69.81999969482422,64.94999694824219,69.79000091552734,1673200,0.0,0.0
2024-10-30 00:00:00-04:00,69.44000244140625,70.86000061035156,69.12999725341797,69.41999816894531,815000,0.0,0.0
2024-10-31 00:00:00-04:00,68.69999694824219,69.37999725341797,68.1500015258789,68.5,769700,0.0,0.0
2024-11-01 00:00:00-04:00,69.0999984741211,70.0999984741211,68.47000122070312,68.69000244140625,539900,0.0,0.0
2024-11-04 00:00:00-05:00,69.02999877929688,71.91000366210938,68.91000366210938,70.11000061035156,599800,0.0,0.0
2024-11-05 00:00:00-05:00,69.55999755859375,71.73999786376953,69.55999755859375,71.69000244140625,769800,0.0,0.0
2024-11-06 00:00:00-05:00,70.68000030517578,71.87000274658203,68.31999969482422,70.66000366210938,1204600,0.0,0.0
2024-11-07 00:00:00-05:00,70.61000061035156,72.29000091552734,70.61000061035156,71.5,865600,0.0,0.0
2024-11-08 00:00:00-05:00,71.69000244140625,73.73999786376953,71.45999908447266,73.33999633789062,1324200,0.0,0.0
2024-11-11 00:00:00-05:00,73.91999816894531,74.69000244140625,72.79000091552734,72.94999694824219,1073300,0.0,0.0
2024-11-12 00:00:00-05:00,72.7699966430664,73.13999938964844,69.94000244140625,70.19999694824219,1233400,0.0,0.0
2024-11-13 00:00:00-05:00,71.37000274658203,71.55000305175781,69.47000122070312,69.79000091552734,568000,0.0,0.0
2024-11-14 00:00:00-05:00,70.1500015258789,71.16000366210938,69.62999725341797,70.18000030517578,771100,0.0,0.0
2024-11-15 00:00:00-05:00,70.05000305175781,70.80000305175781,69.4800033569336,70.0199966430664,519800,0.0,0.0
2024-11-18 00:00:00-05:00,69.36000061035156,70.0199966430664,68.4000015258789,69.20999908447266,849000,0.0,0.0
2024-11-19 00:00:00-05:00,68.95999908447266,69.66999816894531,68.01000213623047,69.52999877929688,608700,0.0,0.0
2024-11-20 00:00:00-05:00,69.27999877929688,69.91999816894531,68.93000030517578,69.30000305175781,817400,0.0,0.0
2024-11-21 00:00:00-05:00,69.80999755859375,70.5999984741211,69.33000183105469,69.44000244140625,611600,0.0,0.0
2024-11-22 00:00:00-05:00,70.12000274658203,71.19000244140625,69.83999633789062,71.08000183105469,505800,0.0,0.0
2024-11-25 00:00:00-05:00,72.37999725341797,75.48999786376953,72.22000122070312,74.80000305175781,1446900,0.0,0.0
2024-11-26 00:00:00-05:00,73.98999786376953,74.54000091552734,73.0199966430664,74.12999725341797,720100,0.0,0.0
2024-11-27 00:00:00-05:00,75.27999877929688,75.41999816894531,73.55000305175781,74.01000213623047,514300,0.0,0.0
2024-11-29 00:00:00-05:00,75.05000305175781,75.31999969482422,73.44999694824219,73.87000274658203,295500,0.0,0.0
2024-12-02 00:00:00-05:00,73.47000122070312,74.08999633789062,72.70999908447266,73.18000030517578,605000,0.0,0.0
2024-12-03 00:00:00-05:00,73.55999755859375,73.58000183105469,72.37000274658203,72.86000061035156,588400,0.0,0.0
2024-12-04 00:00:00-05:00,72.13999938964844,72.41999816894531,70.12999725341797,70.41999816894531,840300,0.0,0.0
2024-12-05 00:00:00-05:00,70.44999694824219,70.83000183105469,68.88999938964844,69.30999755859375,953600,0.0,0.0
2024-12-06 00:00:00-05:00,70.44000244140625,71.08999633789062,68.23999786376953,68.88999938964844,724100,0.0,0.0
2024-12-09 00:00:00-05:00,69.81999969482422,70.0,69.13999938964844,69.41999816894531,542300,0.0,0.0
2024-12-10 00:00:00-05:00,68.11000061035156,69.11000061035156,67.22000122070312,68.25,809600,0.0,0.0
2024-12-11 00:00:00-05:00,69.55999755859375,69.8499984741211,67.37999725341797,67.47000122070312,674600,0.0,0.0
2024-12-12 00:00:00-05:00,67.22000122070312,67.62000274658203,66.3499984741211,67.16999816894531,762600,0.0,0.0
2024-12-13 00:00:00-05:00,66.26000213623047,66.4800033569336,64.2300033569336,64.72000122070312,673700,0.0,0.0
2024-12-16 00:00:00-05:00,64.77999877929688,65.54000091552734,64.30000305175781,64.62000274658203,1072300,0.0,0.0
2024-12-17 00:00:00-05:00,64.43000030517578,64.94000244140625,63.45000076293945,63.84000015258789,835000,0.0,0.0
2024-12-18 00:00:00-05:00,64.01000213623047,64.36000061035156,60.970001220703125,61.13999938964844,1290800,0.0,0.0
2024-12-19 00:00:00-05:00,59.97999954223633,60.79999923706055,58.939998626708984,59.2400016784668,1996000,0.0,0.0
2024-12-20 00:00:00-05:00,59.029998779296875,60.43000030517578,58.720001220703125,59.72999954223633,2809800,0.0,0.0
2024-12-23 00:00:00-05:00,59.40999984741211,60.72999954223633,59.20000076293945,60.56999969482422,954800,0.0,0.0
2024-12-24 00:00:00-05:00,60.380001068115234,61.2400016784668,60.310001373291016,61.15999984741211,467400,0.0,0.0
2024-12-26 00:00:00-05:00,60.63999938964844,61.470001220703125,60.38999938964844,61.25,496100,0.0,0.0
2024-12-27 00:00:00-05:00,61.130001068115234,61.529998779296875,60.22999954223633,60.63999938964844,583200,0.0,0.0
2024-12-30 00:00:00-05:00,60.83000183105469,61.349998474121094,60.029998779296875,61.099998474121094,751700,0.0,0.0
2024-12-31 00:00:00-05:00,61.36000061035156,61.599998474121094,61.060001373291016,61.209999084472656,828900,0.0,0.0
2025-01-02 00:00:00-05:00,61.689998626708984,62.43000030517578,60.310001373291016,60.54999923706055,689000,0.0,0.0
2025-01-03 00:00:00-05:00,60.90999984741211,61.59000015258789,60.58000183105469,61.11000061035156,546800,0.0,0.0
2025-01-06 00:00:00-05:00,61.369998931884766,62.290000915527344,60.4900016784668,60.7400016784668,617000,0.0,0.0
2025-01-07 00:00:00-05:00,60.849998474121094,61.09000015258789,59.599998474121094,60.0,737100,0.0,0.0
2025-01-08 00:00:00-05:00,60.25,61.0,59.04999923706055,60.95000076293945,956700,0.0,0.0
2025-01-10 00:00:00-05:00,59.84000015258789,60.310001373291016,58.849998474121094,59.11000061035156,1060200,0.0,0.0
2025-01-13 00:00:00-05:00,59.11000061035156,61.34000015258789,58.9900016784668,61.2599983215332,994500,0.0,0.0
2025-01-14 00:00:00-05:00,63.310001373291016,63.599998474121094,61.75,63.310001373291016,1003800,0.0,0.0
2025-01-15 00:00:00-05:00,66.30999755859375,66.4000015258789,64.55999755859375,65.41000366210938,1009200,0.0,0.0
2025-01-16 00:00:00-05:00,65.3499984741211,66.47000122070312,64.63999938964844,66.37999725341797,1047100,0.0,0.0
2025-01-17 00:00:00-05:00,67.4800033569336,67.91999816894531,64.94000244140625,65.66999816894531,917400,0.0,0.0
2025-01-21 00:00:00-05:00,66.88999938964844,67.43000030517578,65.5199966430664,65.69999694824219,806300,0.0,0.0
2025-01-22 00:00:00-05:00,65.36000061035156,66.12000274658203,65.02999877929688,66.12000274658203,565400,0.0,0.0
2025-01-23 00:00:00-05:00,65.98999786376953,66.94999694824219,65.37999725341797,66.16000366210938,1016500,0.0,0.0
2025-01-24 00:00:00-05:00,66.0199966430664,66.20999908447266,65.08000183105469,65.52999877929688,581620,0.0,0.0
