Date,Open,High,Low,Close,Volume,Dividends,Stock Splits
2022-06-03 00:00:00-04:00,63.0,63.0,39.959999084472656,46.08000183105469,91928,0.0,0.0
2022-06-06 00:00:00-04:00,50.400001525878906,50.400001525878906,43.380001068115234,49.5,35528,0.0,0.0
2022-06-07 00:00:00-04:00,48.779998779296875,50.939998626708984,44.81999969482422,49.68000030517578,14417,0.0,0.0
2022-06-08 00:00:00-04:00,51.47999954223633,53.099998474121094,48.959999084472656,53.099998474121094,9628,0.0,0.0
2022-06-09 00:00:00-04:00,51.84000015258789,52.02000045776367,50.400001525878906,50.400001525878906,1939,0.0,0.0
2022-06-10 00:00:00-04:00,51.84000015258789,51.84000015258789,47.52000045776367,48.959999084472656,2811,0.0,0.0
2022-06-13 00:00:00-04:00,45.540000915527344,45.720001220703125,41.58000183105469,43.7400016784668,16050,0.0,0.0
2022-06-14 00:00:00-04:00,41.58000183105469,44.81999969482422,37.79999923706055,44.459999084472656,1272,0.0,0.0
2022-06-15 00:00:00-04:00,40.5,44.63999938964844,39.959999084472656,44.459999084472656,1878,0.0,0.0
2022-06-16 00:00:00-04:00,43.20000076293945,43.20000076293945,36.36000061035156,42.119998931884766,5906,0.0,0.0
2022-06-17 00:00:00-04:00,40.13999938964844,45.36000061035156,40.13999938964844,43.20000076293945,433,0.0,0.0
2022-06-21 00:00:00-04:00,43.91999816894531,46.439998626708984,43.20000076293945,44.81999969482422,794,0.0,0.0
2022-06-22 00:00:00-04:00,44.099998474121094,45.0,43.20000076293945,43.380001068115234,561,0.0,0.0
2022-06-23 00:00:00-04:00,43.20000076293945,46.79999923706055,41.400001525878906,45.540000915527344,4994,0.0,0.0
2022-06-24 00:00:00-04:00,47.880001068115234,47.880001068115234,41.58000183105469,44.81999969482422,2117,0.0,0.0
2022-06-27 00:00:00-04:00,44.459999084472656,44.459999084472656,41.25600051879883,43.055999755859375,633,0.0,0.0
2022-06-28 00:00:00-04:00,42.31800079345703,45.0,37.439998626708984,39.959999084472656,800,0.0,0.0
2022-06-29 00:00:00-04:00,40.86000061035156,43.7400016784668,39.959999084472656,43.20000076293945,1172,0.0,0.0
2022-06-30 00:00:00-04:00,43.380001068115234,43.380001068115234,41.4900016784668,41.4900016784668,267,0.0,0.0
2022-07-01 00:00:00-04:00,42.65999984741211,43.20000076293945,41.400001525878906,41.4900016784668,283,0.0,0.0
2022-07-05 00:00:00-04:00,41.040000915527344,42.29999923706055,38.34000015258789,39.41999816894531,433,0.0,0.0
2022-07-06 00:00:00-04:00,40.5,41.58000183105469,32.58000183105469,35.63999938964844,6767,0.0,0.0
2022-07-07 00:00:00-04:00,36.0,37.439998626708984,35.63999938964844,35.63999938964844,1317,0.0,0.0
2022-07-08 00:00:00-04:00,35.099998474121094,39.779998779296875,33.29999923706055,39.41999816894531,1083,0.0,0.0
2022-07-11 00:00:00-04:00,37.0620002746582,48.2400016784668,34.380001068115234,41.040000915527344,3050,0.0,0.0
2022-07-12 00:00:00-04:00,42.29999923706055,69.66000366210938,38.933998107910156,45.0,259983,0.0,0.0
2022-07-13 00:00:00-04:00,46.08000183105469,56.70000076293945,45.23400115966797,52.02000045776367,92306,0.0,0.0
2022-07-14 00:00:00-04:00,53.81999969482422,75.05999755859375,51.119998931884766,51.65999984741211,869628,0.0,0.0
2022-07-15 00:00:00-04:00,48.599998474121094,50.7599983215332,39.599998474121094,47.70000076293945,41689,0.0,0.0
2022-07-18 00:00:00-04:00,52.20000076293945,52.91999816894531,45.18000030517578,48.779998779296875,43711,0.0,0.0
2022-07-19 00:00:00-04:00,47.34000015258789,47.34000015258789,41.939998626708984,42.84000015258789,15633,0.0,0.0
2022-07-20 00:00:00-04:00,42.13800048828125,44.63999938964844,39.167999267578125,43.20000076293945,13600,0.0,0.0
2022-07-21 00:00:00-04:00,42.29999923706055,43.02000045776367,39.779998779296875,42.29999923706055,10111,0.0,0.0
2022-07-22 00:00:00-04:00,42.119998931884766,50.040000915527344,40.86000061035156,46.08000183105469,36150,0.0,0.0
2022-07-25 00:00:00-04:00,43.7400016784668,46.79999923706055,41.7599983215332,43.02000045776367,10633,0.0,0.0
2022-07-26 00:00:00-04:00,42.29999923706055,48.09600067138672,41.040000915527344,45.18000030517578,12639,0.0,0.0
2022-07-27 00:00:00-04:00,45.18000030517578,49.13999938964844,43.7400016784668,46.79999923706055,8528,0.0,0.0
2022-07-28 00:00:00-04:00,44.279998779296875,53.099998474121094,44.279998779296875,49.5,21228,0.0,0.0
2022-07-29 00:00:00-04:00,48.779998779296875,53.099998474121094,45.540000915527344,48.2400016784668,32150,0.0,0.0
2022-08-01 00:00:00-04:00,45.900001525878906,60.84000015258789,45.720001220703125,53.63999938964844,105044,0.0,0.0
2022-08-02 00:00:00-04:00,52.7400016784668,56.880001068115234,48.779998779296875,50.220001220703125,38483,0.0,0.0
2022-08-03 00:00:00-04:00,51.47999954223633,56.86199951171875,47.15999984741211,52.560001373291016,33494,0.0,0.0
2022-08-04 00:00:00-04:00,52.91999816894531,54.540000915527344,44.099998474121094,45.18000030517578,15506,0.0,0.0
2022-08-05 00:00:00-04:00,44.099998474121094,47.52000045776367,41.040000915527344,43.20000076293945,17578,0.0,0.0
2022-08-08 00:00:00-04:00,43.20000076293945,46.79999923706055,43.20000076293945,45.18000030517578,13456,0.0,0.0
2022-08-09 00:00:00-04:00,45.18000030517578,46.2599983215332,41.7599983215332,46.2599983215332,10744,0.0,0.0
2022-08-10 00:00:00-04:00,45.540000915527344,46.79999923706055,43.560001373291016,46.08000183105469,7661,0.0,0.0
2022-08-11 00:00:00-04:00,44.279998779296875,45.900001525878906,42.47999954223633,43.380001068115234,7917,0.0,0.0
2022-08-12 00:00:00-04:00,44.279998779296875,48.13199996948242,41.58000183105469,43.20000076293945,21456,0.0,0.0
2022-08-15 00:00:00-04:00,43.20000076293945,43.7400016784668,40.31999969482422,41.4900016784668,3922,0.0,0.0
2022-08-16 00:00:00-04:00,44.099998474121094,44.099998474121094,41.040000915527344,43.02000045776367,5644,0.0,0.0
2022-08-17 00:00:00-04:00,43.02000045776367,43.91999816894531,41.400001525878906,42.444000244140625,3383,0.0,0.0
2022-08-18 00:00:00-04:00,41.400001525878906,52.20000076293945,37.97999954223633,46.97999954223633,44294,0.0,0.0
2022-08-19 00:00:00-04:00,52.20000076293945,62.099998474121094,44.65800094604492,50.040000915527344,100178,0.0,0.0
2022-08-22 00:00:00-04:00,84.23999786376953,86.04000091552734,52.20000076293945,53.279998779296875,1866306,0.0,0.0
2022-08-23 00:00:00-04:00,48.959999084472656,49.518001556396484,43.20000076293945,45.900001525878906,74428,0.0,0.0
2022-08-24 00:00:00-04:00,44.63999938964844,48.060001373291016,42.29999923706055,47.52000045776367,30133,0.0,0.0
2022-08-25 00:00:00-04:00,47.52000045776367,47.70000076293945,42.29999923706055,42.65999984741211,19039,0.0,0.0
2022-08-26 00:00:00-04:00,42.47999954223633,44.459999084472656,41.58000183105469,42.29999923706055,9939,0.0,0.0
2022-08-29 00:00:00-04:00,43.380001068115234,44.279998779296875,38.15999984741211,41.939998626708984,12728,0.0,0.0
2022-08-30 00:00:00-04:00,41.400001525878906,42.29999923706055,39.599998474121094,41.939998626708984,17950,0.0,0.0
2022-08-31 00:00:00-04:00,42.29999923706055,43.79399871826172,40.68000030517578,42.75,11161,0.0,0.0
2022-09-01 00:00:00-04:00,40.13999938964844,43.20000076293945,40.13999938964844,42.29999923706055,6217,0.0,0.0
2022-09-02 00:00:00-04:00,41.58000183105469,41.922000885009766,38.880001068115234,40.31999969482422,5256,0.0,0.0
2022-09-06 00:00:00-04:00,40.13999938964844,40.68000030517578,39.2400016784668,39.959999084472656,2944,0.0,0.0
2022-09-07 00:00:00-04:00,39.060001373291016,40.31999969482422,36.0,38.15999984741211,4728,0.0,0.0
2022-09-08 00:00:00-04:00,37.2599983215332,38.880001068115234,36.720001220703125,37.97999954223633,1850,0.0,0.0
2022-09-09 00:00:00-04:00,37.152000427246094,39.599998474121094,37.152000427246094,38.52000045776367,3894,0.0,0.0
2022-09-12 00:00:00-04:00,36.0,37.79999923706055,35.099998474121094,36.900001525878906,6544,0.0,0.0
2022-09-13 00:00:00-04:00,33.84000015258789,36.720001220703125,33.84000015258789,36.540000915527344,4167,0.0,0.0
2022-09-14 00:00:00-04:00,34.91999816894531,35.279998779296875,34.03799819946289,34.380001068115234,3806,0.0,0.0
2022-09-15 00:00:00-04:00,36.810001373291016,37.619998931884766,35.099998474121094,36.0,4167,0.0,0.0
2022-09-16 00:00:00-04:00,34.380001068115234,35.279998779296875,32.7599983215332,35.099998474121094,8400,0.0,0.0
2022-09-19 00:00:00-04:00,34.380001068115234,35.099998474121094,33.84000015258789,34.560001373291016,1594,0.0,0.0
2022-09-20 00:00:00-04:00,36.540000915527344,43.560001373291016,34.560001373291016,42.29999923706055,77917,0.0,0.0
2022-09-21 00:00:00-04:00,39.060001373291016,40.5,34.560001373291016,35.63999938964844,31778,0.0,0.0
2022-09-22 00:00:00-04:00,34.20000076293945,35.54999923706055,30.600000381469727,32.040000915527344,10111,0.0,0.0
2022-09-23 00:00:00-04:00,32.14799880981445,32.58000183105469,29.8799991607666,32.400001525878906,3744,0.0,0.0
2022-09-26 00:00:00-04:00,27.360000610351562,32.400001525878906,27.360000610351562,30.239999771118164,1078,0.0,0.0
2022-09-27 00:00:00-04:00,32.040000915527344,32.040000915527344,28.025999069213867,29.34000015258789,3972,0.0,0.0
2022-09-28 00:00:00-04:00,28.979999542236328,29.700000762939453,27.6299991607666,28.799999237060547,7761,0.0,0.0
2022-09-29 00:00:00-04:00,28.6200008392334,28.799999237060547,27.0,27.270000457763672,3228,0.0,0.0
2022-09-30 00:00:00-04:00,26.100000381469727,30.059999465942383,26.100000381469727,27.18000030517578,2756,0.0,0.0
2022-10-03 00:00:00-04:00,27.899999618530273,28.440000534057617,25.739999771118164,27.540000915527344,6567,0.0,0.0
2022-10-04 00:00:00-04:00,26.100000381469727,30.600000381469727,26.100000381469727,27.0,3839,0.0,0.0
2022-10-05 00:00:00-04:00,26.639999389648438,27.540000915527344,25.937999725341797,26.81999969482422,650,0.0,0.0
2022-10-06 00:00:00-04:00,26.639999389648438,28.799999237060547,26.010000228881836,28.799999237060547,783,0.0,0.0
2022-10-07 00:00:00-04:00,27.215999603271484,28.6200008392334,26.81999969482422,27.0,1433,0.0,0.0
2022-10-10 00:00:00-04:00,28.31399917602539,28.31399917602539,25.3799991607666,25.739999771118164,2733,0.0,0.0
2022-10-11 00:00:00-04:00,25.739999771118164,25.739999771118164,23.579999923706055,23.940000534057617,1944,0.0,0.0
2022-10-12 00:00:00-04:00,25.559999465942383,26.280000686645508,24.444000244140625,25.236000061035156,1267,0.0,0.0
2022-10-13 00:00:00-04:00,25.3799991607666,25.3799991607666,23.040000915527344,25.200000762939453,1067,0.0,0.0
2022-10-14 00:00:00-04:00,24.06599998474121,24.75,24.06599998474121,24.479999542236328,211,0.0,0.0
2022-10-17 00:00:00-04:00,25.559999465942383,25.974000930786133,24.479999542236328,24.65999984741211,517,0.0,0.0
2022-10-18 00:00:00-04:00,25.920000076293945,26.81999969482422,25.3799991607666,25.920000076293945,2417,0.0,0.0
2022-10-19 00:00:00-04:00,28.6200008392334,33.29999923706055,27.0,30.059999465942383,83617,0.0,0.0
2022-10-20 00:00:00-04:00,28.799999237060547,29.520000457763672,24.65999984741211,27.0,9439,0.0,0.0
2022-10-21 00:00:00-04:00,25.739999771118164,28.799999237060547,24.714000701904297,28.079999923706055,2733,0.0,0.0
2022-10-24 00:00:00-04:00,27.18000030517578,31.5,25.3799991607666,28.799999237060547,4539,0.0,0.0
2022-10-25 00:00:00-04:00,28.6200008392334,29.520000457763672,28.079999923706055,29.34000015258789,472,0.0,0.0
2022-10-26 00:00:00-04:00,28.799999237060547,29.15999984741211,27.360000610351562,28.260000228881836,783,0.0,0.0
2022-10-27 00:00:00-04:00,28.079999923706055,28.889999389648438,27.719999313354492,28.6200008392334,667,0.0,0.0
2022-10-28 00:00:00-04:00,28.530000686645508,29.700000762939453,27.719999313354492,28.799999237060547,711,0.0,0.0
2022-10-31 00:00:00-04:00,28.799999237060547,30.600000381469727,27.0,30.600000381469727,1472,0.0,0.0
2022-11-01 00:00:00-04:00,29.736000061035156,30.420000076293945,28.799999237060547,28.979999542236328,233,0.0,0.0
2022-11-02 00:00:00-04:00,27.18000030517578,28.979999542236328,27.0,27.0,783,0.0,0.0
2022-11-03 00:00:00-04:00,25.3799991607666,28.979999542236328,25.3799991607666,28.260000228881836,522,0.0,0.0
2022-11-04 00:00:00-04:00,26.81999969482422,28.799999237060547,25.739999771118164,28.6200008392334,894,0.0,0.0
2022-11-07 00:00:00-05:00,27.360000610351562,27.6299991607666,26.81999969482422,27.0,522,0.0,0.0
2022-11-08 00:00:00-05:00,26.711999893188477,27.540000915527344,26.639999389648438,27.18000030517578,483,0.0,0.0
2022-11-09 00:00:00-05:00,24.65999984741211,27.0,23.760000228881836,23.760000228881836,2161,0.0,0.0
2022-11-10 00:00:00-05:00,25.559999465942383,28.079999923706055,24.65999984741211,26.81999969482422,639,0.0,0.0
2022-11-11 00:00:00-05:00,26.100000381469727,27.360000610351562,25.829999923706055,26.81999969482422,561,0.0,0.0
2022-11-14 00:00:00-05:00,23.760000228881836,25.920000076293945,23.760000228881836,24.84000015258789,694,0.0,0.0
2022-11-15 00:00:00-05:00,25.200000762939453,25.200000762939453,24.84000015258789,25.020000457763672,678,0.0,0.0
2022-11-16 00:00:00-05:00,24.1200008392334,24.479999542236328,23.940000534057617,24.1200008392334,633,0.0,0.0
2022-11-17 00:00:00-05:00,23.760000228881836,24.82200050354004,21.780000686645508,23.579999923706055,1206,0.0,0.0
2022-11-18 00:00:00-05:00,23.399999618530273,25.3799991607666,21.780000686645508,23.399999618530273,600,0.0,0.0
2022-11-21 00:00:00-05:00,26.459999084472656,27.0,24.516000747680664,25.739999771118164,3839,0.0,0.0
2022-11-22 00:00:00-05:00,25.559999465942383,25.739999771118164,23.040000915527344,23.670000076293945,2372,0.0,0.0
2022-11-23 00:00:00-05:00,23.399999618530273,24.56999969482422,22.5,24.56999969482422,889,0.0,0.0
2022-11-25 00:00:00-05:00,25.200000762939453,25.200000762939453,22.5,22.860000610351562,744,0.0,0.0
2022-11-28 00:00:00-05:00,23.760000228881836,24.65999984741211,21.780000686645508,23.579999923706055,900,0.0,0.0
2022-11-29 00:00:00-05:00,23.579999923706055,23.832000732421875,23.579999923706055,23.760000228881836,139,0.0,0.0
2022-11-30 00:00:00-05:00,23.040000915527344,24.65999984741211,22.860000610351562,23.399999618530273,339,0.0,0.0
2022-12-01 00:00:00-05:00,23.760000228881836,25.020000457763672,23.399999618530273,23.742000579833984,278,0.0,0.0
2022-12-02 00:00:00-05:00,23.579999923706055,24.299999237060547,22.860000610351562,23.760000228881836,244,0.0,0.0
2022-12-05 00:00:00-05:00,23.579999923706055,24.299999237060547,21.780000686645508,23.040000915527344,367,0.0,0.0
2022-12-06 00:00:00-05:00,23.399999618530273,24.84000015258789,21.780000686645508,23.219999313354492,1556,0.0,0.0
2022-12-07 00:00:00-05:00,24.299999237060547,24.299999237060547,22.5,23.399999618530273,222,0.0,0.0
2022-12-08 00:00:00-05:00,22.139999389648438,23.399999618530273,21.959999084472656,22.31999969482422,167,0.0,0.0
2022-12-09 00:00:00-05:00,22.5,23.219999313354492,20.700000762939453,21.059999465942383,1278,0.0,0.0
2022-12-12 00:00:00-05:00,24.1200008392334,25.020000457763672,21.239999771118164,23.579999923706055,5106,0.0,0.0
2022-12-13 00:00:00-05:00,23.81399917602539,26.81999969482422,23.760000228881836,24.479999542236328,1233,0.0,0.0
2022-12-14 00:00:00-05:00,22.5,24.479999542236328,22.5,24.479999542236328,722,0.0,0.0
2022-12-15 00:00:00-05:00,23.040000915527344,24.84000015258789,23.040000915527344,23.579999923706055,522,0.0,0.0
2022-12-16 00:00:00-05:00,22.860000610351562,23.850000381469727,21.600000381469727,23.040000915527344,233,0.0,0.0
2022-12-19 00:00:00-05:00,22.31999969482422,22.860000610351562,20.969999313354492,20.969999313354492,78,0.0,0.0
2022-12-20 00:00:00-05:00,21.239999771118164,22.139999389648438,20.916000366210938,21.600000381469727,439,0.0,0.0
2022-12-21 00:00:00-05:00,21.239999771118164,21.420000076293945,21.059999465942383,21.420000076293945,333,0.0,0.0
2022-12-22 00:00:00-05:00,20.700000762939453,23.219999313354492,19.979999542236328,22.59000015258789,1056,0.0,0.0
2022-12-23 00:00:00-05:00,21.600000381469727,22.5,21.420000076293945,22.139999389648438,894,0.0,0.0
2022-12-27 00:00:00-05:00,19.979999542236328,21.600000381469727,19.979999542236328,21.239999771118164,889,0.0,0.0
2022-12-28 00:00:00-05:00,19.799999237060547,22.860000610351562,19.799999237060547,22.860000610351562,1656,0.0,0.0
2022-12-29 00:00:00-05:00,20.8799991607666,21.780000686645508,20.520000457763672,21.239999771118164,506,0.0,0.0
2022-12-30 00:00:00-05:00,23.399999618530273,23.760000228881836,20.700000762939453,23.399999618530273,2828,0.0,0.0
2023-01-03 00:00:00-05:00,22.5,23.399999618530273,21.600000381469727,22.5,1450,0.0,0.0
2023-01-04 00:00:00-05:00,22.5,22.860000610351562,21.600000381469727,22.68000030517578,111,0.0,0.0
2023-01-05 00:00:00-05:00,22.68000030517578,23.760000228881836,22.40999984741211,22.40999984741211,250,0.0,0.0
2023-01-06 00:00:00-05:00,23.399999618530273,23.399999618530273,22.5,23.399999618530273,161,0.0,0.0
2023-01-09 00:00:00-05:00,22.68000030517578,25.739999771118164,22.5,25.200000762939453,1783,0.0,0.0
2023-01-10 00:00:00-05:00,25.145999908447266,25.200000762939453,25.020000457763672,25.200000762939453,439,0.0,0.0
2023-01-11 00:00:00-05:00,26.280000686645508,29.700000762939453,25.920000076293945,26.280000686645508,1050,0.0,0.0
2023-01-12 00:00:00-05:00,25.200000762939453,28.799999237060547,25.200000762939453,27.540000915527344,589,0.0,0.0
2023-01-13 00:00:00-05:00,25.3799991607666,27.18000030517578,25.3799991607666,26.280000686645508,1028,0.0,0.0
2023-01-17 00:00:00-05:00,27.719999313354492,31.104000091552734,26.639999389648438,30.167999267578125,23444,0.0,0.0
2023-01-18 00:00:00-05:00,29.663999557495117,29.790000915527344,28.242000579833984,28.979999542236328,772,0.0,0.0
2023-01-19 00:00:00-05:00,28.440000534057617,28.6200008392334,27.450000762939453,27.540000915527344,789,0.0,0.0
2023-01-20 00:00:00-05:00,28.6200008392334,28.99799919128418,27.0,27.360000610351562,606,0.0,0.0
2023-01-23 00:00:00-05:00,27.540000915527344,27.719999313354492,27.0,27.0,539,0.0,0.0
2023-01-24 00:00:00-05:00,26.639999389648438,27.360000610351562,25.3799991607666,27.360000610351562,783,0.0,0.0
2023-01-25 00:00:00-05:00,28.6200008392334,28.6200008392334,23.760000228881836,27.270000457763672,322,0.0,0.0
2023-01-26 00:00:00-05:00,25.200000762939453,27.360000610351562,25.200000762939453,27.360000610351562,256,0.0,0.0
2023-01-27 00:00:00-05:00,27.360000610351562,27.360000610351562,25.68600082397461,25.739999771118164,350,0.0,0.0
2023-01-30 00:00:00-05:00,25.70400047302246,26.441999435424805,24.84000015258789,25.469999313354492,639,0.0,0.0
2023-01-31 00:00:00-05:00,24.84000015258789,27.899999618530273,24.84000015258789,27.0,967,0.0,0.0
2023-02-01 00:00:00-05:00,26.459999084472656,27.899999618530273,25.020000457763672,27.719999313354492,1294,0.0,0.0
2023-02-02 00:00:00-05:00,25.739999771118164,29.15999984741211,25.739999771118164,28.6200008392334,2428,0.0,0.0
2023-02-03 00:00:00-05:00,28.6200008392334,28.799999237060547,26.639999389648438,27.899999618530273,789,0.0,0.0
2023-02-06 00:00:00-05:00,25.992000579833984,33.29999923706055,25.992000579833984,29.700000762939453,11750,0.0,0.0
2023-02-07 00:00:00-05:00,29.700000762939453,30.420000076293945,27.0,28.440000534057617,4511,0.0,0.0
2023-02-08 00:00:00-05:00,27.18000030517578,30.8700008392334,26.81999969482422,27.899999618530273,844,0.0,0.0
2023-02-09 00:00:00-05:00,27.540000915527344,28.54800033569336,26.280000686645508,27.0,1033,0.0,0.0
2023-02-10 00:00:00-05:00,26.280000686645508,28.40399932861328,24.299999237060547,24.84000015258789,2511,0.0,0.0
2023-02-13 00:00:00-05:00,25.469999313354492,27.719999313354492,24.84000015258789,26.100000381469727,1433,0.0,0.0
2023-02-14 00:00:00-05:00,26.100000381469727,27.0,24.76799964904785,27.0,628,0.0,0.0
2023-02-15 00:00:00-05:00,26.459999084472656,27.899999618530273,25.3799991607666,27.899999618530273,144,0.0,0.0
2023-02-16 00:00:00-05:00,26.639999389648438,28.079999923706055,25.739999771118164,27.899999618530273,172,0.0,0.0
2023-02-17 00:00:00-05:00,27.719999313354492,27.719999313354492,26.459999084472656,27.360000610351562,106,0.0,0.0
2023-02-21 00:00:00-05:00,26.100000381469727,26.459999084472656,25.200000762939453,25.739999771118164,711,0.0,0.0
2023-02-22 00:00:00-05:00,25.200000762939453,26.81999969482422,25.18199920654297,26.190000534057617,344,0.0,0.0
2023-02-23 00:00:00-05:00,25.920000076293945,28.440000534057617,24.65999984741211,26.010000228881836,1000,0.0,0.0
2023-02-24 00:00:00-05:00,25.920000076293945,26.459999084472656,24.479999542236328,25.200000762939453,1028,0.0,0.0
2023-02-27 00:00:00-05:00,23.760000228881836,25.649999618530273,23.760000228881836,25.488000869750977,633,0.0,0.0
2023-02-28 00:00:00-05:00,25.3799991607666,27.899999618530273,25.3799991607666,27.899999618530273,100,0.0,0.0
2023-03-01 00:00:00-05:00,25.559999465942383,27.0,24.67799949645996,25.36199951171875,328,0.0,0.0
2023-03-02 00:00:00-05:00,24.516000747680664,27.5939998626709,24.516000747680664,27.5939998626709,744,0.0,0.0
2023-03-03 00:00:00-05:00,27.0,27.540000915527344,25.020000457763672,27.360000610351562,917,0.0,0.0
2023-03-06 00:00:00-05:00,25.829999923706055,26.100000381469727,25.200000762939453,26.100000381469727,456,0.0,0.0
2023-03-07 00:00:00-05:00,25.020000457763672,26.280000686645508,24.84000015258789,25.200000762939453,1117,0.0,0.0
2023-03-08 00:00:00-05:00,37.08000183105469,39.959999084472656,23.760000228881836,28.079999923706055,1045322,0.0,0.0
2023-03-09 00:00:00-05:00,28.799999237060547,29.700000762939453,24.479999542236328,25.667999267578125,39517,0.0,0.0
2023-03-10 00:00:00-05:00,26.100000381469727,29.15999984741211,24.65999984741211,27.18000030517578,14211,0.0,0.0
2023-03-13 00:00:00-04:00,27.18000030517578,27.18000030517578,24.84000015258789,25.020000457763672,4389,0.0,0.0
2023-03-14 00:00:00-04:00,27.0,27.0,23.760000228881836,25.200000762939453,1628,0.0,0.0
2023-03-15 00:00:00-04:00,23.760000228881836,24.299999237060547,18.18000030517578,21.8700008392334,10828,0.0,0.0
2023-03-16 00:00:00-04:00,20.8799991607666,22.788000106811523,18.18000030517578,20.700000762939453,2872,0.0,0.0
2023-03-17 00:00:00-04:00,20.8799991607666,21.600000381469727,20.77199935913086,21.420000076293945,289,0.0,0.0
2023-03-20 00:00:00-04:00,22.860000610351562,22.860000610351562,20.15999984741211,20.790000915527344,1883,0.0,0.0
2023-03-21 00:00:00-04:00,20.520000457763672,22.139999389648438,20.34000015258789,20.8799991607666,1278,0.0,0.0
2023-03-22 00:00:00-04:00,20.700000762939453,21.329999923706055,20.700000762939453,21.329999923706055,72,0.0,0.0
2023-03-23 00:00:00-04:00,22.31999969482422,22.554000854492188,21.420000076293945,21.420000076293945,456,0.0,0.0
2023-03-24 00:00:00-04:00,22.31999969482422,22.31999969482422,19.799999237060547,20.8799991607666,439,0.0,0.0
2023-03-27 00:00:00-04:00,23.040000915527344,23.040000915527344,18.360000610351562,20.34000015258789,2056,0.0,0.0
2023-03-28 00:00:00-04:00,20.520000457763672,21.059999465942383,20.34000015258789,20.700000762939453,956,0.0,0.0
2023-03-29 00:00:00-04:00,21.600000381469727,21.600000381469727,19.260000228881836,19.799999237060547,2728,0.0,0.0
2023-03-30 00:00:00-04:00,19.799999237060547,21.600000381469727,19.799999237060547,20.34000015258789,1250,0.0,0.0
2023-03-31 00:00:00-04:00,19.979999542236328,21.239999771118164,18.540000915527344,20.8799991607666,2228,0.0,0.0
2023-04-03 00:00:00-04:00,20.8799991607666,20.8799991607666,18.719999313354492,20.15999984741211,1089,0.0,0.0
2023-04-04 00:00:00-04:00,20.34000015258789,20.700000762939453,19.170000076293945,19.170000076293945,356,0.0,0.0
2023-04-05 00:00:00-04:00,19.079999923706055,21.959999084472656,19.079999923706055,19.799999237060547,2394,0.0,0.0
2023-04-06 00:00:00-04:00,18.899999618530273,19.260000228881836,18.719999313354492,19.260000228881836,72,0.0,0.0
2023-04-10 00:00:00-04:00,19.440000534057617,19.979999542236328,19.440000534057617,19.979999542236328,100,0.0,0.0
2023-04-11 00:00:00-04:00,19.6200008392334,19.979999542236328,19.260000228881836,19.979999542236328,567,0.0,0.0
2023-04-12 00:00:00-04:00,19.170000076293945,19.440000534057617,18.84600067138672,19.440000534057617,867,0.0,0.0
2023-04-13 00:00:00-04:00,19.079999923706055,21.600000381469727,18.450000762939453,19.6200008392334,9017,0.0,0.0
2023-04-14 00:00:00-04:00,20.15999984741211,21.20400047302246,19.6200008392334,20.700000762939453,2011,0.0,0.0
2023-04-17 00:00:00-04:00,19.961999893188477,21.600000381469727,19.6200008392334,21.420000076293945,317,0.0,0.0
2023-04-18 00:00:00-04:00,20.34000015258789,21.059999465942383,19.440000534057617,20.700000762939453,344,0.0,0.0
2023-04-19 00:00:00-04:00,20.34000015258789,20.34000015258789,19.440000534057617,20.34000015258789,422,0.0,0.0
2023-04-20 00:00:00-04:00,19.799999237060547,20.555999755859375,19.799999237060547,20.555999755859375,61,0.0,0.0
2023-04-21 00:00:00-04:00,20.15999984741211,20.790000915527344,17.190000534057617,19.079999923706055,1894,0.0,0.0
2023-04-24 00:00:00-04:00,18.899999618530273,19.799999237060547,17.784000396728516,18.540000915527344,1283,0.0,0.0
2023-04-25 00:00:00-04:00,17.639999389648438,18.0,17.459999084472656,17.81999969482422,411,0.0,0.0
2023-04-26 00:00:00-04:00,18.0,18.540000915527344,17.496000289916992,17.81999969482422,1011,0.0,0.0
2023-04-27 00:00:00-04:00,18.719999313354492,19.6200008392334,17.639999389648438,18.0,1033,0.0,0.0
2023-04-28 00:00:00-04:00,18.0,18.0,16.974000930786133,17.459999084472656,1106,0.0,0.0
2023-05-01 00:00:00-04:00,17.639999389648438,18.360000610351562,16.739999771118164,18.18000030517578,1828,0.0,0.0
2023-05-02 00:00:00-04:00,18.18000030517578,23.399999618530273,18.0,20.700000762939453,22450,0.0,0.0
2023-05-03 00:00:00-04:00,19.6200008392334,24.299999237060547,19.079999923706055,20.8799991607666,28033,0.0,0.0
2023-05-04 00:00:00-04:00,39.959999084472656,46.79999923706055,27.719999313354492,28.6200008392334,2544978,0.0,0.0
2023-05-05 00:00:00-04:00,24.299999237060547,26.100000381469727,22.5,25.200000762939453,63339,0.0,0.0
2023-05-08 00:00:00-04:00,24.479999542236328,29.34000015258789,24.479999542236328,29.34000015258789,28550,0.0,0.0
2023-05-09 00:00:00-04:00,28.260000228881836,28.871999740600586,25.3799991607666,27.323999404907227,11567,0.0,0.0
2023-05-10 00:00:00-04:00,29.520000457763672,32.58000183105469,28.799999237060547,29.375999450683594,16750,0.0,0.0
2023-05-11 00:00:00-04:00,31.139999389648438,31.139999389648438,26.280000686645508,27.0,4394,0.0,0.0
2023-05-12 00:00:00-04:00,27.18000030517578,27.540000915527344,24.65999984741211,24.84000015258789,2039,0.0,0.0
2023-05-15 00:00:00-04:00,25.020000457763672,25.3799991607666,23.940000534057617,24.1200008392334,1956,0.0,0.0
2023-05-16 00:00:00-04:00,25.038000106811523,26.010000228881836,23.399999618530273,24.479999542236328,1450,0.0,0.0
2023-05-17 00:00:00-04:00,29.34000015258789,33.119998931884766,26.280000686645508,28.6200008392334,280806,0.0,0.0
2023-05-18 00:00:00-04:00,26.639999389648438,27.719999313354492,25.3799991607666,27.18000030517578,10489,0.0,0.0
2023-05-19 00:00:00-04:00,26.90999984741211,28.079999923706055,26.280000686645508,27.18000030517578,4500,0.0,0.0
2023-05-22 00:00:00-04:00,26.81999969482422,27.0,25.3799991607666,26.639999389648438,3439,0.0,0.0
2023-05-23 00:00:00-04:00,26.639999389648438,27.360000610351562,26.100000381469727,26.729999542236328,2006,0.0,0.0
2023-05-24 00:00:00-04:00,26.13599967956543,26.639999389648438,25.739999771118164,26.280000686645508,1944,0.0,0.0
2023-05-25 00:00:00-04:00,25.559999465942383,26.639999389648438,24.1200008392334,24.91200065612793,3750,0.0,0.0
2023-05-26 00:00:00-04:00,25.020000457763672,25.559999465942383,23.760000228881836,24.1200008392334,2056,0.0,0.0
2023-05-30 00:00:00-04:00,24.1200008392334,25.79400062561035,24.1200008392334,25.308000564575195,1694,0.0,0.0
2023-05-31 00:00:00-04:00,24.84000015258789,31.68000030517578,24.84000015258789,27.540000915527344,38894,0.0,0.0
2023-06-01 00:00:00-04:00,27.360000610351562,27.360000610351562,24.299999237060547,25.200000762939453,4439,0.0,0.0
2023-06-02 00:00:00-04:00,24.84000015258789,26.010000228881836,24.65999984741211,25.469999313354492,872,0.0,0.0
2023-06-05 00:00:00-04:00,25.920000076293945,25.920000076293945,23.399999618530273,24.65999984741211,1811,0.0,0.0
2023-06-06 00:00:00-04:00,24.84000015258789,25.3799991607666,24.461999893188477,24.56999969482422,55933,0.0,0.0
2023-06-07 00:00:00-04:00,29.520000457763672,30.780000686645508,27.18000030517578,28.799999237060547,178861,0.0,0.0
2023-06-08 00:00:00-04:00,27.0,29.15999984741211,26.280000686645508,29.016000747680664,11711,0.0,0.0
2023-06-09 00:00:00-04:00,27.899999618530273,29.25,27.0,28.979999542236328,5172,0.0,0.0
2023-06-12 00:00:00-04:00,27.899999618530273,28.511999130249023,26.459999084472656,27.18000030517578,4006,0.0,0.0
2023-06-13 00:00:00-04:00,27.09000015258789,27.899999618530273,25.3799991607666,26.729999542236328,5311,0.0,0.0
2023-06-14 00:00:00-04:00,26.459999084472656,27.18000030517578,25.739999771118164,26.729999542236328,2639,0.0,0.0
2023-06-15 00:00:00-04:00,25.920000076293945,26.621999740600586,25.200000762939453,25.3799991607666,3117,0.0,0.0
2023-06-16 00:00:00-04:00,25.649999618530273,25.920000076293945,25.3799991607666,25.559999465942383,889,0.0,0.0
2023-06-20 00:00:00-04:00,25.218000411987305,25.559999465942383,24.65999984741211,25.110000610351562,900,0.0,0.0
2023-06-21 00:00:00-04:00,25.200000762939453,26.639999389648438,24.461999893188477,24.84000015258789,3022,0.0,0.0
2023-06-22 00:00:00-04:00,25.110000610351562,25.920000076293945,25.110000610351562,25.739999771118164,478,0.0,0.0
2023-06-23 00:00:00-04:00,24.84000015258789,26.459999084472656,24.479999542236328,25.559999465942383,1489,0.0,0.0
2023-06-26 00:00:00-04:00,25.559999465942383,26.100000381469727,24.65999984741211,25.920000076293945,672,0.0,0.0
2023-06-27 00:00:00-04:00,27.18000030517578,27.899999618530273,24.84000015258789,26.459999084472656,4061,0.0,0.0
2023-06-28 00:00:00-04:00,27.0,27.18000030517578,24.84000015258789,25.020000457763672,6267,0.0,0.0
2023-06-29 00:00:00-04:00,25.020000457763672,26.280000686645508,24.479999542236328,24.84000015258789,1744,0.0,0.0
2023-06-30 00:00:00-04:00,25.020000457763672,25.200000762939453,23.940000534057617,24.65999984741211,1100,0.0,0.0
2023-07-03 00:00:00-04:00,23.760000228881836,24.65999984741211,23.760000228881836,24.479999542236328,822,0.0,0.0
2023-07-05 00:00:00-04:00,24.209999084472656,26.459999084472656,23.399999618530273,23.652000427246094,3261,0.0,0.0
2023-07-06 00:00:00-04:00,23.760000228881836,24.1200008392334,23.525999069213867,23.850000381469727,1356,0.0,0.0
2023-07-07 00:00:00-04:00,23.399999618530273,24.1200008392334,23.219999313354492,23.399999618530273,694,0.0,0.0
2023-07-10 00:00:00-04:00,23.219999313354492,24.299999237060547,21.420000076293945,23.399999618530273,1089,0.0,0.0
2023-07-11 00:00:00-04:00,23.238000869750977,23.760000228881836,22.68000030517578,23.579999923706055,406,0.0,0.0
2023-07-12 00:00:00-04:00,23.399999618530273,24.479999542236328,22.860000610351562,23.040000915527344,1289,0.0,0.0
2023-07-13 00:00:00-04:00,23.579999923706055,23.940000534057617,22.68000030517578,23.219999313354492,2261,0.0,0.0
2023-07-14 00:00:00-04:00,23.040000915527344,23.040000915527344,21.959999084472656,22.68000030517578,878,0.0,0.0
2023-07-17 00:00:00-04:00,22.68000030517578,23.399999618530273,22.31999969482422,23.219999313354492,950,0.0,0.0
2023-07-18 00:00:00-04:00,23.399999618530273,25.559999465942383,22.860000610351562,25.200000762939453,3628,0.0,0.0
2023-07-19 00:00:00-04:00,24.965999603271484,25.200000762939453,23.940000534057617,25.200000762939453,478,0.0,0.0
2023-07-20 00:00:00-04:00,24.479999542236328,24.479999542236328,24.479999542236328,24.479999542236328,78,0.0,0.0
2023-07-21 00:00:00-04:00,24.1200008392334,25.110000610351562,23.940000534057617,24.84000015258789,428,0.0,0.0
2023-07-24 00:00:00-04:00,24.299999237060547,24.65999984741211,23.940000534057617,23.940000534057617,883,0.0,0.0
2023-07-25 00:00:00-04:00,24.299999237060547,24.299999237060547,23.040000915527344,23.040000915527344,1211,0.0,0.0
2023-07-26 00:00:00-04:00,23.040000915527344,23.040000915527344,21.239999771118164,21.780000686645508,1500,0.0,0.0
2023-07-27 00:00:00-04:00,21.780000686645508,22.770000457763672,21.329999923706055,21.600000381469727,239,0.0,0.0
2023-07-28 00:00:00-04:00,21.600000381469727,22.68000030517578,21.420000076293945,22.68000030517578,283,0.0,0.0
2023-07-31 00:00:00-04:00,21.959999084472656,22.68000030517578,21.959999084472656,22.68000030517578,389,0.0,0.0
2023-08-01 00:00:00-04:00,22.31999969482422,22.59000015258789,21.600000381469727,21.780000686645508,1183,0.0,0.0
2023-08-02 00:00:00-04:00,21.8700008392334,22.139999389648438,20.700000762939453,21.059999465942383,1722,0.0,0.0
2023-08-03 00:00:00-04:00,21.959999084472656,22.5,21.600000381469727,22.5,422,0.0,0.0
2023-08-04 00:00:00-04:00,21.600000381469727,22.31999969482422,18.719999313354492,20.34000015258789,689,0.0,0.0
2023-08-07 00:00:00-04:00,20.34000015258789,20.700000762939453,20.34000015258789,20.700000762939453,133,0.0,0.0
2023-08-08 00:00:00-04:00,20.520000457763672,21.420000076293945,20.357999801635742,21.239999771118164,389,0.0,0.0
2023-08-09 00:00:00-04:00,22.31999969482422,22.31999969482422,19.979999542236328,20.700000762939453,2978,0.0,0.0
2023-08-10 00:00:00-04:00,23.760000228881836,23.760000228881836,20.34000015258789,20.34000015258789,550,0.0,0.0
2023-08-11 00:00:00-04:00,19.979999542236328,19.979999542236328,19.979999542236328,19.979999542236328,28,0.0,0.0
2023-08-14 00:00:00-04:00,21.420000076293945,21.780000686645508,19.6200008392334,19.6200008392334,1917,0.0,0.0
2023-08-15 00:00:00-04:00,19.6200008392334,20.8799991607666,19.440000534057617,19.440000534057617,1289,0.0,0.0
2023-08-16 00:00:00-04:00,20.15999984741211,20.50200080871582,19.440000534057617,19.440000534057617,1044,0.0,0.0
2023-08-17 00:00:00-04:00,19.440000534057617,19.926000595092773,18.899999618530273,19.079999923706055,894,0.0,0.0
2023-08-18 00:00:00-04:00,19.007999420166016,19.440000534057617,18.899999618530273,19.079999923706055,433,0.0,0.0
2023-08-21 00:00:00-04:00,19.6200008392334,19.6200008392334,19.440000534057617,19.6200008392334,389,0.0,0.0
2023-08-22 00:00:00-04:00,19.6200008392334,19.6200008392334,19.6200008392334,19.6200008392334,322,0.0,0.0
2023-08-23 00:00:00-04:00,19.799999237060547,19.979999542236328,19.350000381469727,19.440000534057617,194,0.0,0.0
2023-08-24 00:00:00-04:00,19.079999923706055,19.260000228881836,18.899999618530273,19.260000228881836,139,0.0,0.0
2023-08-25 00:00:00-04:00,18.899999618530273,18.899999618530273,18.899999618530273,18.899999618530273,67,0.0,0.0
2023-08-28 00:00:00-04:00,19.799999237060547,20.700000762939453,19.440000534057617,19.583999633789062,750,0.0,0.0
2023-08-29 00:00:00-04:00,19.799999237060547,21.420000076293945,19.260000228881836,21.420000076293945,117,0.0,0.0
2023-08-30 00:00:00-04:00,20.15999984741211,20.15999984741211,18.899999618530273,18.899999618530273,533,0.0,0.0
2023-08-31 00:00:00-04:00,19.799999237060547,20.520000457763672,18.899999618530273,20.520000457763672,411,0.0,0.0
2023-09-01 00:00:00-04:00,19.260000228881836,19.799999237060547,19.260000228881836,19.260000228881836,83,0.0,0.0
2023-09-05 00:00:00-04:00,18.899999618530273,19.260000228881836,18.18000030517578,18.18000030517578,506,0.0,0.0
2023-09-06 00:00:00-04:00,19.079999923706055,19.799999237060547,17.81999969482422,18.0,1289,0.0,0.0
2023-09-07 00:00:00-04:00,18.360000610351562,18.540000915527344,17.280000686645508,17.459999084472656,678,0.0,0.0
2023-09-08 00:00:00-04:00,17.100000381469727,18.899999618530273,16.739999771118164,17.100000381469727,494,0.0,0.0
2023-09-11 00:00:00-04:00,17.604000091552734,18.899999618530273,17.280000686645508,18.719999313354492,950,0.0,0.0
2023-09-12 00:00:00-04:00,17.81999969482422,18.0,16.739999771118164,17.100000381469727,922,0.0,0.0
2023-09-13 00:00:00-04:00,16.884000778198242,16.884000778198242,16.3799991607666,16.3799991607666,417,0.0,0.0
2023-09-14 00:00:00-04:00,16.3799991607666,16.3799991607666,14.760000228881836,15.65999984741211,1694,0.0,0.0
2023-09-15 00:00:00-04:00,15.65999984741211,15.65999984741211,14.562000274658203,14.850000381469727,1417,0.0,0.0
2023-09-18 00:00:00-04:00,15.300000190734863,15.300000190734863,11.663999557495117,14.399999618530273,2117,0.0,0.0
2023-09-19 00:00:00-04:00,14.039999961853027,15.300000190734863,13.319999694824219,15.300000190734863,1511,0.0,0.0
2023-09-20 00:00:00-04:00,14.579999923706055,16.70400047302246,13.949999809265137,14.579999923706055,1117,0.0,0.0
2023-09-21 00:00:00-04:00,14.039999961853027,14.670000076293945,14.039999961853027,14.039999961853027,94,0.0,0.0
2023-09-22 00:00:00-04:00,12.960000038146973,14.399999618530273,12.600000381469727,13.715999603271484,506,0.0,0.0
2023-09-25 00:00:00-04:00,13.5,14.039999961853027,13.392000198364258,13.805999755859375,378,0.0,0.0
2023-09-26 00:00:00-04:00,13.751999855041504,14.399999618530273,13.482000350952148,13.842000007629395,1261,0.0,0.0
2023-09-27 00:00:00-04:00,13.932000160217285,15.119999885559082,13.121999740600586,13.59000015258789,800,0.0,0.0
2023-09-28 00:00:00-04:00,13.392000198364258,13.842000007629395,13.031999588012695,13.842000007629395,722,0.0,0.0
2023-09-29 00:00:00-04:00,15.354000091552734,15.354000091552734,13.517999649047852,14.723999977111816,406,0.0,0.0
2023-10-02 00:00:00-04:00,15.300000190734863,16.200000762939453,12.869999885559082,14.130000114440918,1350,0.0,0.0
2023-10-03 00:00:00-04:00,13.392000198364258,14.220000267028809,13.121999740600586,13.140000343322754,878,0.0,0.0
2023-10-04 00:00:00-04:00,13.859999656677246,14.562000274658203,11.880000114440918,12.420000076293945,667,0.0,0.0
2023-10-05 00:00:00-04:00,13.392000198364258,13.392000198364258,11.520000457763672,11.880000114440918,1122,0.0,0.0
2023-10-06 00:00:00-04:00,11.699999809265137,12.960000038146973,9.630000114440918,11.699999809265137,1011,0.0,0.0
2023-10-09 00:00:00-04:00,11.682000160217285,11.682000160217285,8.460000038146973,10.133999824523926,1250,0.0,0.0
2023-10-10 00:00:00-04:00,13.013999938964844,13.859999656677246,10.458000183105469,11.28600025177002,4983,0.0,0.0
2023-10-11 00:00:00-04:00,11.015999794006348,11.15999984741211,10.4399995803833,11.15999984741211,844,0.0,0.0
2023-10-12 00:00:00-04:00,10.260000228881836,10.277999877929688,9.0,9.180000305175781,2494,0.0,0.0
2023-10-13 00:00:00-04:00,9.720000267028809,9.720000267028809,8.460000038146973,8.640000343322754,1650,0.0,0.0
2023-10-16 00:00:00-04:00,8.640000343322754,8.946000099182129,8.13599967956543,8.729999542236328,450,0.0,0.0
2023-10-17 00:00:00-04:00,8.90999984741211,9.720000267028809,8.90999984741211,9.720000267028809,1089,0.0,0.0
2023-10-18 00:00:00-04:00,9.107999801635742,9.70199966430664,9.053999900817871,9.70199966430664,317,0.0,0.0
2023-10-19 00:00:00-04:00,9.70199966430664,9.70199966430664,9.0,9.630000114440918,611,0.0,0.0
2023-10-20 00:00:00-04:00,9.899999618530273,9.899999618530273,8.90999984741211,9.251999855041504,756,0.0,0.0
2023-10-23 00:00:00-04:00,9.0,9.899999618530273,8.29800033569336,9.288000106811523,1078,0.0,0.0
2023-10-24 00:00:00-04:00,8.621999740600586,9.899999618530273,8.586000442504883,8.657999992370605,672,0.0,0.0
2023-10-25 00:00:00-04:00,8.496000289916992,9.0,7.739999771118164,9.0,1406,0.0,0.0
2023-10-26 00:00:00-04:00,9.0,9.0,7.2179999351501465,7.920000076293945,1333,0.0,0.0
2023-10-27 00:00:00-04:00,7.650000095367432,9.899999618530273,7.199999809265137,7.955999851226807,1039,0.0,0.0
2023-10-30 00:00:00-04:00,8.819999694824219,12.239999771118164,7.110000133514404,7.326000213623047,94156,0.0,0.0
2023-10-31 00:00:00-04:00,7.739999771118164,7.776000022888184,6.605999946594238,7.199999809265137,15522,0.0,0.0
2023-11-01 00:00:00-04:00,7.559999942779541,9.0,5.99399995803833,7.019999980926514,4611,0.0,0.0
2023-11-02 00:00:00-04:00,6.9120001792907715,7.380000114440918,6.840000152587891,7.199999809265137,7339,0.0,0.0
2023-11-03 00:00:00-04:00,6.875999927520752,7.199999809265137,6.480000019073486,6.840000152587891,3556,0.0,0.0
2023-11-06 00:00:00-05:00,7.199999809265137,7.52400016784668,7.019999980926514,7.019999980926514,8833,0.0,0.0
2023-11-07 00:00:00-05:00,6.840000152587891,7.199999809265137,5.940000057220459,6.210000038146973,12628,0.0,0.0
2023-11-08 00:00:00-05:00,6.426000118255615,6.480000019073486,6.065999984741211,6.119999885559082,6811,0.0,0.0
2023-11-09 00:00:00-05:00,6.389999866485596,6.642000198364258,5.165999889373779,5.5980000495910645,2483,0.0,0.0
2023-11-10 00:00:00-05:00,5.940000057220459,6.300000190734863,5.940000057220459,6.03000020980835,1078,0.0,0.0
2023-11-13 00:00:00-05:00,5.849999904632568,5.849999904632568,5.4720001220703125,5.579999923706055,1917,0.0,0.0
2023-11-14 00:00:00-05:00,5.579999923706055,5.940000057220459,5.202000141143799,5.202000141143799,3900,0.0,0.0
2023-11-15 00:00:00-05:00,5.4720001220703125,5.579999923706055,5.27400016784668,5.27400016784668,3511,0.0,0.0
2023-11-16 00:00:00-05:00,5.544000148773193,5.579999923706055,5.21999979019165,5.363999843597412,6294,0.0,0.0
2023-11-17 00:00:00-05:00,5.616000175476074,6.894000053405762,4.607999801635742,5.97599983215332,118856,0.0,0.0
2023-11-20 00:00:00-05:00,6.480000019073486,6.803999900817871,5.579999923706055,6.1020002365112305,153367,0.0,0.0
2023-11-21 00:00:00-05:00,5.940000057220459,5.940000057220459,5.093999862670898,5.886000156402588,32328,0.0,0.0
2023-11-22 00:00:00-05:00,5.579999923706055,5.579999923706055,5.130000114440918,5.400000095367432,8339,0.0,0.0
2023-11-24 00:00:00-05:00,5.184000015258789,5.418000221252441,5.039999961853027,5.309999942779541,5572,0.0,0.0
2023-11-27 00:00:00-05:00,5.760000228881836,9.720000267028809,5.21999979019165,7.613999843597412,272550,0.0,0.0
2023-11-28 00:00:00-05:00,8.87399959564209,9.0,6.515999794006348,7.199999809265137,390467,0.0,0.0
2023-11-29 00:00:00-05:00,7.199999809265137,7.794000148773193,7.164000034332275,7.199999809265137,32933,0.0,0.0
2023-11-30 00:00:00-05:00,7.920000076293945,7.920000076293945,6.677999973297119,7.434000015258789,17383,0.0,0.0
2023-12-01 00:00:00-05:00,7.380000114440918,7.380000114440918,6.857999801635742,7.199999809265137,8467,0.0,0.0
2023-12-04 00:00:00-05:00,7.361999988555908,7.559999942779541,6.966000080108643,7.073999881744385,5533,0.0,0.0
2023-12-05 00:00:00-05:00,6.966000080108643,7.199999809265137,5.940000057220459,7.164000034332275,25633,0.0,0.0
2023-12-06 00:00:00-05:00,6.857999801635742,7.182000160217285,6.73199987411499,6.785999774932861,3833,0.0,0.0
2023-12-07 00:00:00-05:00,7.019999980926514,7.019999980926514,6.480000019073486,6.875999927520752,2578,0.0,0.0
2023-12-08 00:00:00-05:00,6.300000190734863,8.423999786376953,6.245999813079834,7.199999809265137,27744,0.0,0.0
2023-12-11 00:00:00-05:00,6.840000152587891,11.789999961853027,6.840000152587891,10.4399995803833,804233,0.0,0.0
2023-12-12 00:00:00-05:00,10.800000190734863,15.479999542236328,9.972000122070312,12.239999771118164,531372,0.0,0.0
2023-12-13 00:00:00-05:00,12.041999816894531,13.5,7.992000102996826,12.239999771118164,310867,0.0,0.0
2023-12-14 00:00:00-05:00,10.800000190734863,11.880000114440918,8.819999694824219,10.529999732971191,127706,0.0,0.0
2023-12-15 00:00:00-05:00,10.4399995803833,11.034000396728516,9.053999900817871,10.51200008392334,30678,0.0,0.0
2023-12-18 00:00:00-05:00,10.026000022888184,10.746000289916992,9.720000267028809,10.295999526977539,21683,0.0,0.0
2023-12-19 00:00:00-05:00,10.079999923706055,10.079999923706055,8.819999694824219,9.161999702453613,12378,0.0,0.0
2023-12-20 00:00:00-05:00,10.260000228881836,12.239999771118164,9.539999961853027,10.260000228881836,114272,0.0,0.0
2023-12-21 00:00:00-05:00,10.4399995803833,10.60200023651123,9.539999961853027,9.954000473022461,10294,0.0,0.0
2023-12-22 00:00:00-05:00,10.097999572753906,11.555999755859375,9.0,10.619999885559082,37778,0.0,0.0
2023-12-26 00:00:00-05:00,11.15999984741211,17.802000045776367,10.800000190734863,12.600000381469727,251078,0.0,0.0
2023-12-27 00:00:00-05:00,14.003999710083008,18.0,13.265999794006348,15.479999542236328,200350,0.0,0.0
2023-12-28 00:00:00-05:00,14.166000366210938,15.300000190734863,12.833999633789062,13.319999694824219,47900,0.0,0.0
2023-12-29 00:00:00-05:00,13.5,14.039999961853027,12.960000038146973,12.977999687194824,14489,0.0,0.0
2024-01-02 00:00:00-05:00,13.680000305175781,14.399999618530273,12.977999687194824,13.680000305175781,16606,0.0,0.0
2024-01-03 00:00:00-05:00,13.59000015258789,13.59000015258789,12.833999633789062,12.906000137329102,7244,0.0,0.0
2024-01-04 00:00:00-05:00,13.302000045776367,14.399999618530273,13.031999588012695,14.220000267028809,16478,0.0,0.0
2024-01-05 00:00:00-05:00,13.5,15.821999549865723,13.5,14.741999626159668,22906,0.0,0.0
2024-01-08 00:00:00-05:00,14.562000274658203,15.479999542236328,14.526000022888184,14.760000228881836,14228,0.0,0.0
2024-01-09 00:00:00-05:00,15.10200023651123,15.119999885559082,12.402000427246094,13.302000045776367,25067,0.0,0.0
2024-01-10 00:00:00-05:00,12.744000434875488,13.5,12.312000274658203,12.63599967956543,26639,0.0,0.0
2024-01-11 00:00:00-05:00,12.329999923706055,16.00200080871582,11.520000457763672,15.65999984741211,51422,0.0,0.0
2024-01-12 00:00:00-05:00,15.300000190734863,17.711999893188477,15.300000190734863,16.200000762939453,25578,0.0,0.0
2024-01-16 00:00:00-05:00,15.84000015258789,15.84000015258789,14.543999671936035,14.543999671936035,6183,0.0,0.0
2024-01-17 00:00:00-05:00,14.760000228881836,15.119999885559082,14.039999961853027,14.418000221252441,6144,0.0,0.0
2024-01-18 00:00:00-05:00,14.454000473022461,14.814000129699707,14.399999618530273,14.399999618530273,2656,0.0,0.0
2024-01-19 00:00:00-05:00,14.076000213623047,15.479999542236328,13.859999656677246,15.137999534606934,4167,0.0,0.0
2024-01-22 00:00:00-05:00,14.579999923706055,15.029999732971191,14.039999961853027,14.579999923706055,5828,0.0,0.0
2024-01-23 00:00:00-05:00,14.579999923706055,14.850000381469727,14.220000267028809,14.220000267028809,4039,0.0,0.0
2024-01-24 00:00:00-05:00,14.220000267028809,15.300000190734863,14.039999961853027,14.597999572753906,4928,0.0,0.0
2024-01-25 00:00:00-05:00,14.9399995803833,15.65999984741211,14.435999870300293,15.156000137329102,12072,0.0,0.0
2024-01-26 00:00:00-05:00,15.78600025177002,17.802000045776367,15.78600025177002,16.920000076293945,9306,0.0,0.0
2024-01-29 00:00:00-05:00,16.559999465942383,17.802000045776367,16.559999465942383,17.639999389648438,5517,0.0,0.0
2024-01-30 00:00:00-05:00,17.802000045776367,23.399999618530273,17.280000686645508,20.700000762939453,27078,0.0,0.0
2024-01-31 00:00:00-05:00,21.600000381469727,21.600000381469727,18.360000610351562,19.979999542236328,5267,0.0,0.0
2024-02-01 00:00:00-05:00,20.8799991607666,22.104000091552734,19.440000534057617,19.440000534057617,2422,0.0,0.0
2024-02-02 00:00:00-05:00,19.979999542236328,20.8799991607666,18.899999618530273,19.6200008392334,6161,0.0,0.0
2024-02-05 00:00:00-05:00,20.25,20.375999450683594,16.200000762939453,18.899999618530273,11194,0.0,0.0
2024-02-06 00:00:00-05:00,17.639999389648438,19.440000534057617,17.351999282836914,17.83799934387207,2561,0.0,0.0
2024-02-07 00:00:00-05:00,17.3700008392334,17.81999969482422,15.84000015258789,15.84000015258789,11589,0.0,0.0
2024-02-08 00:00:00-05:00,15.300000190734863,17.100000381469727,15.137999534606934,15.65999984741211,15606,0.0,0.0
2024-02-09 00:00:00-05:00,15.444000244140625,15.84000015258789,13.913999557495117,15.300000190734863,31756,0.0,0.0
2024-02-12 00:00:00-05:00,14.32800006866455,15.300000190734863,14.220000267028809,14.579999923706055,2506,0.0,0.0
2024-02-13 00:00:00-05:00,15.479999542236328,16.3799991607666,14.9399995803833,15.65999984741211,4672,0.0,0.0
2024-02-14 00:00:00-05:00,17.81999969482422,20.700000762939453,17.280000686645508,17.280000686645508,40117,0.0,0.0
2024-02-15 00:00:00-05:00,17.423999786376953,19.6200008392334,16.739999771118164,18.719999313354492,13833,0.0,0.0
2024-02-16 00:00:00-05:00,18.0,21.600000381469727,17.280000686645508,21.239999771118164,14117,0.0,0.0
2024-02-20 00:00:00-05:00,20.520000457763672,21.059999465942383,19.079999923706055,20.15999984741211,6222,0.0,0.0
2024-02-21 00:00:00-05:00,19.6560001373291,20.34000015258789,18.360000610351562,18.719999313354492,3022,0.0,0.0
2024-02-22 00:00:00-05:00,19.079999923706055,20.34000015258789,18.540000915527344,19.799999237060547,3617,0.0,0.0
2024-02-23 00:00:00-05:00,21.239999771118164,21.780000686645508,19.079999923706055,21.059999465942383,6339,0.0,0.0
2024-02-26 00:00:00-05:00,21.059999465942383,22.5,19.979999542236328,22.229999542236328,7183,0.0,0.0
2024-02-27 00:00:00-05:00,22.5,24.299999237060547,22.392000198364258,23.219999313354492,12067,0.0,0.0
2024-02-28 00:00:00-05:00,23.040000915527344,27.0,22.5,25.200000762939453,13133,0.0,0.0
2024-02-29 00:00:00-05:00,23.760000228881836,25.920000076293945,22.5,23.040000915527344,8094,0.0,0.0
2024-03-01 00:00:00-05:00,22.68000030517578,26.100000381469727,22.68000030517578,25.020000457763672,8039,0.0,0.0
2024-03-04 00:00:00-05:00,24.84000015258789,25.3799991607666,23.219999313354492,23.760000228881836,5294,0.0,0.0
2024-03-05 00:00:00-05:00,22.860000610351562,24.1200008392334,22.860000610351562,24.1200008392334,3433,0.0,0.0
2024-03-06 00:00:00-05:00,23.579999923706055,24.1200008392334,21.600000381469727,22.31999969482422,2672,0.0,0.0
2024-03-07 00:00:00-05:00,22.139999389648438,22.770000457763672,21.239999771118164,21.239999771118164,3050,0.0,0.0
2024-03-08 00:00:00-05:00,21.959999084472656,22.5,20.34000015258789,20.8799991607666,817,0.0,0.0
2024-03-11 00:00:00-04:00,21.059999465942383,22.5,20.8799991607666,21.780000686645508,2189,0.0,0.0
2024-03-12 00:00:00-04:00,21.600000381469727,22.68000030517578,20.700000762939453,21.059999465942383,11328,0.0,0.0
2024-03-13 00:00:00-04:00,20.34000015258789,25.200000762939453,20.34000015258789,24.75,16817,0.0,0.0
2024-03-14 00:00:00-04:00,24.479999542236328,24.479999542236328,22.860000610351562,23.579999923706055,4628,0.0,0.0
2024-03-15 00:00:00-04:00,23.219999313354492,24.04800033569336,23.040000915527344,23.219999313354492,1700,0.0,0.0
2024-03-18 00:00:00-04:00,23.579999923706055,26.459999084472656,23.399999618530273,24.65999984741211,9022,0.0,0.0
2024-03-19 00:00:00-04:00,23.399999618530273,26.100000381469727,22.31999969482422,24.479999542236328,6772,0.0,0.0
2024-03-20 00:00:00-04:00,23.940000534057617,25.020000457763672,22.68000030517578,23.040000915527344,1356,0.0,0.0
2024-03-21 00:00:00-04:00,22.68000030517578,25.055999755859375,22.68000030517578,23.399999618530273,2278,0.0,0.0
2024-03-22 00:00:00-04:00,22.139999389648438,22.860000610351562,21.959999084472656,22.139999389648438,1528,0.0,0.0
2024-03-25 00:00:00-04:00,21.959999084472656,22.93199920654297,21.959999084472656,22.31999969482422,2467,0.0,0.0
2024-03-26 00:00:00-04:00,22.5,22.68000030517578,21.959999084472656,22.176000595092773,2200,0.0,0.0
2024-03-27 00:00:00-04:00,24.84000015258789,26.639999389648438,23.399999618530273,24.65999984741211,14900,0.0,0.0
2024-03-28 00:00:00-04:00,24.65999984741211,24.65999984741211,23.040000915527344,23.760000228881836,3239,0.0,0.0
2024-04-01 00:00:00-04:00,23.040000915527344,23.579999923706055,20.700000762939453,21.384000778198242,6200,0.0,0.0
2024-04-02 00:00:00-04:00,21.600000381469727,21.600000381469727,19.079999923706055,20.520000457763672,3850,0.0,0.0
2024-04-03 00:00:00-04:00,21.059999465942383,21.239999771118164,19.079999923706055,19.799999237060547,2667,0.0,0.0
2024-04-04 00:00:00-04:00,20.15999984741211,20.700000762939453,16.43400001525879,18.719999313354492,4878,0.0,0.0
2024-04-05 00:00:00-04:00,18.0,20.520000457763672,17.100000381469727,17.351999282836914,933,0.0,0.0
2024-04-08 00:00:00-04:00,17.639999389648438,18.899999618530273,17.100000381469727,18.719999313354492,1189,0.0,0.0
2024-04-09 00:00:00-04:00,18.360000610351562,18.360000610351562,16.757999420166016,17.38800048828125,933,0.0,0.0
2024-04-10 00:00:00-04:00,16.200000762939453,16.559999465942383,13.680000305175781,13.859999656677246,8167,0.0,0.0
2024-04-11 00:00:00-04:00,14.220000267028809,14.652000427246094,13.5,14.039999961853027,2400,0.0,0.0
2024-04-12 00:00:00-04:00,13.5,15.210000038146973,12.258000373840332,12.600000381469727,6561,0.0,0.0
2024-04-15 00:00:00-04:00,13.392000198364258,13.392000198364258,12.420000076293945,12.581999778747559,2367,0.0,0.0
2024-04-16 00:00:00-04:00,12.473999977111816,14.399999618530273,12.456000328063965,12.779999732971191,778,0.0,0.0
2024-04-17 00:00:00-04:00,13.986000061035156,15.119999885559082,12.960000038146973,13.338000297546387,350,0.0,0.0
2024-04-18 00:00:00-04:00,12.600000381469727,13.446000099182129,12.185999870300293,12.869999885559082,2706,0.0,0.0
2024-04-19 00:00:00-04:00,12.420000076293945,14.562000274658203,12.239999771118164,12.239999771118164,494,0.0,0.0
2024-04-22 00:00:00-04:00,12.420000076293945,13.446000099182129,11.95199966430664,11.95199966430664,1044,0.0,0.0
2024-04-23 00:00:00-04:00,12.0600004196167,12.6899995803833,10.619999885559082,11.555999755859375,544,0.0,0.0
2024-04-24 00:00:00-04:00,12.131999969482422,13.031999588012695,11.699999809265137,12.168000221252441,14917,0.0,0.0
2024-04-25 00:00:00-04:00,11.862000465393066,12.347999572753906,11.34000015258789,11.934000015258789,2106,0.0,0.0
2024-04-26 00:00:00-04:00,11.520000457763672,11.807999610900879,11.34000015258789,11.807999610900879,694,0.0,0.0
2024-04-29 00:00:00-04:00,12.0600004196167,12.0600004196167,11.411999702453613,11.699999809265137,189,0.0,0.0
2024-04-30 00:00:00-04:00,12.402000427246094,12.600000381469727,11.555999755859375,12.0600004196167,1344,0.0,0.0
2024-05-01 00:00:00-04:00,12.312000274658203,14.399999618530273,11.98799991607666,12.906000137329102,4378,0.0,0.0
2024-05-02 00:00:00-04:00,14.9399995803833,14.9399995803833,12.960000038146973,13.878000259399414,5911,0.0,0.0
2024-05-03 00:00:00-04:00,14.741999626159668,14.814000129699707,12.564000129699707,13.319999694824219,6506,0.0,0.0
2024-05-06 00:00:00-04:00,12.942000389099121,13.319999694824219,12.149999618530273,13.319999694824219,1006,0.0,0.0
2024-05-07 00:00:00-04:00,13.319999694824219,13.62600040435791,11.736000061035156,13.62600040435791,272,0.0,0.0
2024-05-08 00:00:00-04:00,13.553999900817871,13.680000305175781,11.699999809265137,12.960000038146973,2806,0.0,0.0
2024-05-09 00:00:00-04:00,13.031999588012695,15.65999984741211,10.998000144958496,11.088000297546387,17283,0.0,0.0
2024-05-10 00:00:00-04:00,10.998000144958496,12.366000175476074,10.998000144958496,11.592000007629395,3756,0.0,0.0
2024-05-13 00:00:00-04:00,11.520000457763672,12.0600004196167,11.34000015258789,12.0600004196167,239,0.0,0.0
2024-05-14 00:00:00-04:00,11.699999809265137,12.239999771118164,10.925999641418457,11.501999855041504,7000,0.0,0.0
2024-05-15 00:00:00-04:00,11.880000114440918,11.95199966430664,10.979999542236328,11.699999809265137,5639,0.0,0.0
2024-05-16 00:00:00-04:00,11.411999702453613,11.430000305175781,10.4399995803833,10.800000190734863,7389,0.0,0.0
2024-05-17 00:00:00-04:00,10.979999542236328,11.34000015258789,10.458000183105469,10.458000183105469,6978,0.0,0.0
2024-05-20 00:00:00-04:00,10.458000183105469,10.781999588012695,10.4399995803833,10.4399995803833,1000,0.0,0.0
2024-05-21 00:00:00-04:00,10.4399995803833,10.4399995803833,9.378000259399414,9.77400016784668,3389,0.0,0.0
2024-05-22 00:00:00-04:00,10.565999984741211,10.619999885559082,9.0,10.404000282287598,9450,0.0,0.0
2024-05-23 00:00:00-04:00,9.935999870300293,10.079999923706055,9.0,9.0,5267,0.0,0.0
2024-05-24 00:00:00-04:00,9.180000305175781,10.979999542236328,8.819999694824219,10.692000389099121,10000,0.0,0.0
2024-05-28 00:00:00-04:00,10.458000183105469,10.619999885559082,9.180000305175781,10.079999923706055,20189,0.0,0.0
2024-05-29 00:00:00-04:00,9.503999710083008,10.079999923706055,9.017999649047852,9.899999618530273,3794,0.0,0.0
2024-05-30 00:00:00-04:00,9.881999969482422,9.899999618530273,9.180000305175781,9.359999656677246,567,0.0,0.0
2024-05-31 00:00:00-04:00,9.486000061035156,10.619999885559082,9.486000061035156,9.899999618530273,4650,0.0,0.0
2024-06-03 00:00:00-04:00,9.899999618530273,9.899999618530273,8.460000038146973,8.640000343322754,4883,0.0,0.0
2024-06-04 00:00:00-04:00,8.838000297546387,11.682000160217285,7.920000076293945,10.529999732971191,28250,0.0,0.0
2024-06-05 00:00:00-04:00,10.619999885559082,12.779999732971191,8.892000198364258,9.86400032043457,22250,0.0,0.0
2024-06-06 00:00:00-04:00,10.062000274658203,10.800000190734863,9.09000015258789,10.4399995803833,7528,0.0,0.0
2024-06-07 00:00:00-04:00,10.619999885559082,10.619999885559082,9.359999656677246,9.359999656677246,7311,0.0,0.0
2024-06-10 00:00:00-04:00,10.241999626159668,10.241999626159668,9.017999649047852,9.03600025177002,7489,0.0,0.0
2024-06-11 00:00:00-04:00,8.765999794006348,10.079999923706055,8.496000289916992,9.77400016784668,3917,0.0,0.0
2024-06-12 00:00:00-04:00,9.935999870300293,10.079999923706055,9.09000015258789,9.324000358581543,5283,0.0,0.0
2024-06-13 00:00:00-04:00,8.855999946594238,9.324000358581543,7.559999942779541,8.208000183105469,4700,0.0,0.0
2024-06-14 00:00:00-04:00,7.920000076293945,9.0,7.380000114440918,8.460000038146973,10556,0.0,0.0
2024-06-17 00:00:00-04:00,8.460000038146973,8.460000038146973,7.578000068664551,7.739999771118164,4333,0.0,0.0
2024-06-18 00:00:00-04:00,7.866000175476074,8.819999694824219,7.739999771118164,7.776000022888184,3989,0.0,0.0
2024-06-20 00:00:00-04:00,8.100000381469727,8.640000343322754,7.776000022888184,7.829999923706055,839,0.0,0.0
2024-06-21 00:00:00-04:00,7.434000015258789,7.920000076293945,7.199999809265137,7.739999771118164,3433,0.0,0.0
2024-06-24 00:00:00-04:00,7.613999843597412,7.703999996185303,7.0920000076293945,7.199999809265137,2722,0.0,0.0
2024-06-25 00:00:00-04:00,7.236000061035156,7.739999771118164,7.019999980926514,7.038000106811523,1394,0.0,0.0
2024-06-26 00:00:00-04:00,7.52400016784668,7.559999942779541,6.857999801635742,6.857999801635742,1528,0.0,0.0
2024-06-27 00:00:00-04:00,7.559999942779541,7.559999942779541,6.840000152587891,7.361999988555908,522,0.0,0.0
2024-06-28 00:00:00-04:00,7.199999809265137,7.559999942779541,7.056000232696533,7.199999809265137,733,0.0,0.0
2024-07-01 00:00:00-04:00,7.199999809265137,7.199999809265137,6.840000152587891,7.019999980926514,1244,0.0,0.0
2024-07-02 00:00:00-04:00,7.019999980926514,7.127999782562256,6.677999973297119,6.677999973297119,2783,0.0,0.0
2024-07-03 00:00:00-04:00,6.677999973297119,7.199999809265137,6.389999866485596,6.75,767,0.0,0.0
2024-07-05 00:00:00-04:00,6.929999828338623,6.929999828338623,6.624000072479248,6.840000152587891,1167,0.0,0.0
2024-07-08 00:00:00-04:00,7.182000160217285,7.199999809265137,6.300000190734863,6.498000144958496,2761,0.0,0.0
2024-07-09 00:00:00-04:00,6.498000144958496,6.75,6.2820000648498535,6.75,3872,0.0,0.0
2024-07-10 00:00:00-04:00,6.515999794006348,7.019999980926514,6.300000190734863,6.659999847412109,1350,0.0,0.0
2024-07-11 00:00:00-04:00,6.498000144958496,6.840000152587891,6.335999965667725,6.659999847412109,3322,0.0,0.0
2024-07-12 00:00:00-04:00,6.642000198364258,7.199999809265137,6.570000171661377,7.145999908447266,6250,0.0,0.0
2024-07-15 00:00:00-04:00,7.056000232696533,7.992000102996826,6.984000205993652,7.992000102996826,189739,0.0,0.0
2024-07-16 00:00:00-04:00,7.289999961853027,8.13599967956543,6.5879998207092285,6.840000152587891,103694,0.0,0.0
2024-07-17 00:00:00-04:00,6.2820000648498535,6.624000072479248,5.958000183105469,6.335999965667725,25250,0.0,0.0
2024-07-18 00:00:00-04:00,6.210000038146973,7.199999809265137,5.5980000495910645,6.515999794006348,16811,0.0,0.0
2024-07-19 00:00:00-04:00,6.138000011444092,6.245999813079834,5.616000175476074,5.831999778747559,6044,0.0,0.0
2024-07-22 00:00:00-04:00,5.723999977111816,5.940000057220459,5.5980000495910645,5.7779998779296875,3611,0.0,0.0
2024-07-23 00:00:00-04:00,5.579999923706055,5.940000057220459,5.579999923706055,5.9039998054504395,3717,0.0,0.0
2024-07-24 00:00:00-04:00,5.760000228881836,6.354000091552734,5.418000221252441,5.849999904632568,6906,0.0,0.0
2024-07-25 00:00:00-04:00,5.5980000495910645,6.119999885559082,5.400000095367432,6.1020002365112305,4789,0.0,0.0
2024-07-26 00:00:00-04:00,6.1020002365112305,6.1020002365112305,5.760000228881836,5.940000057220459,1417,0.0,0.0
2024-07-29 00:00:00-04:00,5.796000003814697,6.03000020980835,5.670000076293945,5.688000202178955,850,0.0,0.0
2024-07-30 00:00:00-04:00,5.526000022888184,5.670000076293945,5.400000095367432,5.6519999504089355,3900,0.0,0.0
2024-07-31 00:00:00-04:00,5.760000228881836,5.796000003814697,5.21999979019165,5.796000003814697,3117,0.0,0.0
2024-08-01 00:00:00-04:00,5.4720001220703125,5.796000003814697,5.418000221252441,5.742000102996826,2678,0.0,0.0
2024-08-02 00:00:00-04:00,5.381999969482422,5.400000095367432,5.21999979019165,5.23799991607666,5211,0.0,0.0
2024-08-05 00:00:00-04:00,5.21999979019165,5.21999979019165,4.860000133514404,5.111999988555908,3972,0.0,0.0
2024-08-06 00:00:00-04:00,4.986000061035156,5.291999816894531,4.986000061035156,5.039999961853027,2678,0.0,0.0
2024-08-07 00:00:00-04:00,5.039999961853027,5.23799991607666,4.895999908447266,4.895999908447266,2089,0.0,0.0
2024-08-08 00:00:00-04:00,4.895999908447266,5.021999835968018,4.679999828338623,4.769999980926514,3572,0.0,0.0
2024-08-09 00:00:00-04:00,4.679999828338623,4.949999809265137,4.5,4.949999809265137,3128,0.0,0.0
2024-08-12 00:00:00-04:00,4.535999774932861,5.130000114440918,4.535999774932861,4.553999900817871,12006,0.0,0.0
2024-08-13 00:00:00-04:00,4.8420000076293945,5.418000221252441,4.644000053405762,4.8420000076293945,30650,0.0,0.0
2024-08-14 00:00:00-04:00,4.932000160217285,4.949999809265137,4.607999801635742,4.607999801635742,8267,0.0,0.0
2024-08-15 00:00:00-04:00,4.823999881744385,4.895999908447266,4.553999900817871,4.697999954223633,12294,0.0,0.0
2024-08-16 00:00:00-04:00,4.572000026702881,4.949999809265137,4.553999900817871,4.590000152587891,3289,0.0,0.0
2024-08-19 00:00:00-04:00,4.590000152587891,5.6519999504089355,4.374000072479248,4.607999801635742,43922,0.0,0.0
2024-08-20 00:00:00-04:00,4.644000053405762,4.788000106811523,4.48199987411499,4.679999828338623,16678,0.0,0.0
2024-08-21 00:00:00-04:00,4.572000026702881,4.6620001792907715,4.320000171661377,4.320000171661377,8528,0.0,0.0
2024-08-22 00:00:00-04:00,4.320000171661377,4.48199987411499,4.139999866485596,4.355999946594238,5667,0.0,0.0
2024-08-23 00:00:00-04:00,4.1579999923706055,4.446000099182129,4.1579999923706055,4.248000144958496,5211,0.0,0.0
2024-08-26 00:00:00-04:00,4.392000198364258,4.572000026702881,3.996000051498413,4.230000019073486,11583,0.0,0.0
2024-08-27 00:00:00-04:00,4.211999893188477,4.320000171661377,3.9779999256134033,4.139999866485596,859611,0.0,0.0
2024-08-28 00:00:00-04:00,4.679999828338623,4.788000106811523,4.0320000648498535,4.122000217437744,1091778,0.0,0.0
2024-08-29 00:00:00-04:00,3.9600000381469727,3.9600000381469727,3.4200000762939453,3.9059998989105225,102450,0.0,0.0
2024-08-30 00:00:00-04:00,3.635999917984009,3.7799999713897705,3.492000102996826,3.5280001163482666,27072,0.0,0.0
2024-09-03 00:00:00-04:00,3.4200000762939453,3.5460000038146973,3.240000009536743,3.4560000896453857,24761,0.0,0.0
2024-09-04 00:00:00-04:00,3.4019999504089355,3.4560000896453857,3.1500000953674316,3.4200000762939453,16239,0.0,0.0
2024-09-05 00:00:00-04:00,3.4739999771118164,4.085999965667725,3.4019999504089355,3.9600000381469727,119350,0.0,0.0
2024-09-06 00:00:00-04:00,3.74399995803833,3.7799999713897705,3.1500000953674316,3.384000062942505,233589,0.0,0.0
2024-09-09 00:00:00-04:00,3.0959999561309814,3.2219998836517334,2.808000087738037,2.9159998893737793,87383,0.0,0.0
2024-09-10 00:00:00-04:00,2.98799991607666,3.0420000553131104,2.808000087738037,3.0239999294281006,17461,0.0,0.0
2024-09-11 00:00:00-04:00,2.9159998893737793,3.240000009536743,2.8980000019073486,3.2219998836517334,31906,0.0,0.0
2024-09-12 00:00:00-04:00,3.1500000953674316,3.1500000953674316,2.9519999027252197,3.131999969482422,12122,0.0,0.0
2024-09-13 00:00:00-04:00,3.078000068664551,3.131999969482422,2.8980000019073486,2.9159998893737793,25167,0.0,0.0
2024-09-16 00:00:00-04:00,2.9700000286102295,2.9700000286102295,2.808000087738037,2.8259999752044678,13272,0.0,0.0
2024-09-17 00:00:00-04:00,2.934000015258789,2.9700000286102295,2.8259999752044678,2.9159998893737793,46089,0.0,0.0
2024-09-18 00:00:00-04:00,2.98799991607666,3.131999969482422,2.880000114440918,2.9700000286102295,78633,0.0,0.0
2024-09-19 00:00:00-04:00,2.9159998893737793,3.0420000553131104,2.8440001010894775,2.9519999027252197,22550,0.0,0.0
2024-09-20 00:00:00-04:00,2.98799991607666,3.1500000953674316,2.8440001010894775,3.131999969482422,30267,0.0,0.0
2024-09-23 00:00:00-04:00,3.00600004196167,3.131999969482422,2.8440001010894775,3.0420000553131104,19422,0.0,0.0
2024-09-24 00:00:00-04:00,2.8440001010894775,2.9700000286102295,2.753999948501587,2.8440001010894775,22250,0.0,0.0
2024-09-25 00:00:00-04:00,2.8440001010894775,2.861999988555908,2.7179999351501465,2.808000087738037,12917,0.0,0.0
2024-09-26 00:00:00-04:00,3.365999937057495,3.4200000762939453,2.5199999809265137,2.555999994277954,3558189,0.0,0.0
2024-09-27 00:00:00-04:00,2.3580000400543213,2.447999954223633,2.1600000858306885,2.3940000534057617,320911,0.0,0.0
2024-09-30 00:00:00-04:00,2.322000026702881,2.5199999809265137,2.2320001125335693,2.4119999408721924,178200,0.0,0.0
2024-10-01 00:00:00-04:00,2.3580000400543213,2.4660000801086426,2.322000026702881,2.3580000400543213,73106,0.0,0.0
2024-10-02 00:00:00-04:00,2.3580000400543213,2.3940000534057617,2.25,2.322000026702881,54994,0.0,0.0
2024-10-03 00:00:00-04:00,2.2860000133514404,2.447999954223633,2.2139999866485596,2.375999927520752,109811,0.0,0.0
2024-10-04 00:00:00-04:00,2.3580000400543213,2.430000066757202,2.303999900817871,2.3580000400543213,43617,0.0,0.0
2024-10-07 00:00:00-04:00,2.3399999141693115,2.430000066757202,2.2860000133514404,2.4119999408721924,61706,0.0,0.0
2024-10-08 00:00:00-04:00,2.4119999408721924,2.555999994277954,2.3399999141693115,2.4119999408721924,93961,0.0,0.0
2024-10-09 00:00:00-04:00,2.5199999809265137,2.5199999809265137,2.303999900817871,2.430000066757202,145756,0.0,0.0
2024-10-10 00:00:00-04:00,2.3399999141693115,2.430000066757202,2.303999900817871,2.3580000400543213,94533,0.0,0.0
2024-10-11 00:00:00-04:00,2.3580000400543213,2.4839999675750732,2.3580000400543213,2.4839999675750732,277028,0.0,0.0
2024-10-14 00:00:00-04:00,2.430000066757202,2.430000066757202,2.303999900817871,2.3580000400543213,120383,0.0,0.0
2024-10-15 00:00:00-04:00,2.3399999141693115,2.3580000400543213,2.2139999866485596,2.2679998874664307,125650,0.0,0.0
2024-10-16 00:00:00-04:00,2.303999900817871,2.3580000400543213,2.2139999866485596,2.303999900817871,69083,0.0,0.0
2024-10-17 00:00:00-04:00,2.2139999866485596,2.2139999866485596,2.1059999465942383,2.196000099182129,157828,0.0,0.0
2024-10-18 00:00:00-04:00,2.196000099182129,2.2860000133514404,2.1419999599456787,2.1419999599456787,111617,0.0,0.0
2024-10-21 00:00:00-04:00,2.1419999599456787,2.2139999866485596,2.0339999198913574,2.1600000858306885,234256,0.0,0.0
2024-10-22 00:00:00-04:00,2.1600000858306885,2.375999927520752,2.124000072479248,2.3399999141693115,343217,0.0,0.0
2024-10-23 00:00:00-04:00,2.3399999141693115,2.6640000343322754,2.3399999141693115,2.628000020980835,1394233,0.0,0.0
2024-10-24 00:00:00-04:00,1.5119999647140503,1.6740000247955322,1.4759999513626099,1.565999984741211,664161,0.0,0.0
2024-10-25 00:00:00-04:00,1.6019999980926514,1.6019999980926514,1.3860000371932983,1.4579999446868896,230139,0.0,0.0
2024-10-28 00:00:00-04:00,1.649999976158142,1.9600000381469727,1.5099999904632568,1.7899999618530273,1321600,0.0,0.05555555555555555
2024-10-29 00:00:00-04:00,1.75,1.75,1.5099999904632568,1.5499999523162842,285900,0.0,0.0
2024-10-30 00:00:00-04:00,1.5800000429153442,1.6200000047683716,1.5199999809265137,1.559999942779541,66800,0.0,0.0
2024-10-31 00:00:00-04:00,1.6299999952316284,1.6299999952316284,1.409999966621399,1.440000057220459,122500,0.0,0.0
2024-11-01 00:00:00-04:00,1.4299999475479126,1.4600000381469727,1.3600000143051147,1.399999976158142,69700,0.0,0.0
2024-11-04 00:00:00-05:00,1.399999976158142,1.4800000190734863,1.3899999856948853,1.475000023841858,94700,0.0,0.0
2024-11-05 00:00:00-05:00,1.5,1.5700000524520874,1.4299999475479126,1.5399999618530273,87000,0.0,0.0
2024-11-06 00:00:00-05:00,1.5700000524520874,1.590000033378601,1.4299999475479126,1.4800000190734863,73100,0.0,0.0
2024-11-07 00:00:00-05:00,1.5199999809265137,1.5490000247955322,1.4600000381469727,1.4600000381469727,20500,0.0,0.0
2024-11-08 00:00:00-05:00,1.4600000381469727,1.4700000286102295,1.399999976158142,1.4500000476837158,39700,0.0,0.0
2024-11-11 00:00:00-05:00,1.4199999570846558,1.4700000286102295,1.3700000047683716,1.468000054359436,56100,0.0,0.0
2024-11-12 00:00:00-05:00,1.4700000286102295,1.600000023841858,1.4299999475479126,1.5,48700,0.0,0.0
2024-11-13 00:00:00-05:00,1.3600000143051147,1.4500000476837158,1.2400000095367432,1.3890000581741333,449500,0.0,0.0
2024-11-14 00:00:00-05:00,1.3300000429153442,1.3700000047683716,1.2599999904632568,1.309999942779541,45700,0.0,0.0
2024-11-15 00:00:00-05:00,1.2899999618530273,1.319000005722046,1.2599999904632568,1.2860000133514404,24500,0.0,0.0
2024-11-18 00:00:00-05:00,1.2699999809265137,1.2960000038146973,1.2200000286102295,1.2649999856948853,30300,0.0,0.0
2024-11-19 00:00:00-05:00,1.1799999475479126,1.2799999713897705,1.090000033378601,1.2400000095367432,1384800,0.0,0.0
2024-11-20 00:00:00-05:00,1.149999976158142,1.2000000476837158,1.1299999952316284,1.1299999952316284,105300,0.0,0.0
2024-11-21 00:00:00-05:00,1.149999976158142,1.190000057220459,1.0,1.0700000524520874,159500,0.0,0.0
2024-11-22 00:00:00-05:00,1.0700000524520874,1.1299999952316284,1.0299999713897705,1.1299999952316284,38800,0.0,0.0
2024-11-25 00:00:00-05:00,1.1399999856948853,1.190000057220459,1.1100000143051147,1.149999976158142,88500,0.0,0.0
2024-11-26 00:00:00-05:00,1.1299999952316284,1.1299999952316284,1.0399999618530273,1.0700000524520874,41800,0.0,0.0
2024-11-27 00:00:00-05:00,1.0700000524520874,1.2000000476837158,1.0099999904632568,1.1200000047683716,107600,0.0,0.0
2024-11-29 00:00:00-05:00,1.149999976158142,1.1699999570846558,1.0700000524520874,1.0700000524520874,48000,0.0,0.0
2024-12-02 00:00:00-05:00,1.090000033378601,1.1299999952316284,1.0700000524520874,1.1299999952316284,46900,0.0,0.0
2024-12-03 00:00:00-05:00,1.1990000009536743,1.2000000476837158,1.0700000524520874,1.0950000286102295,122900,0.0,0.0
2024-12-04 00:00:00-05:00,1.090999960899353,1.2000000476837158,1.0700000524520874,1.1100000143051147,539300,0.0,0.0
2024-12-05 00:00:00-05:00,1.1299999952316284,1.159999966621399,1.0499999523162842,1.0800000429153442,313100,0.0,0.0
2024-12-06 00:00:00-05:00,1.059999942779541,1.090000033378601,1.0199999809265137,1.0420000553131104,111700,0.0,0.0
2024-12-09 00:00:00-05:00,1.1490000486373901,1.149999976158142,1.0099999904632568,1.0750000476837158,297700,0.0,0.0
2024-12-10 00:00:00-05:00,1.100000023841858,1.1139999628067017,1.0099999904632568,1.0299999713897705,161800,0.0,0.0
2024-12-11 00:00:00-05:00,1.059999942779541,1.100000023841858,0.9800000190734863,1.0199999809265137,191400,0.0,0.0
2024-12-12 00:00:00-05:00,1.059999942779541,1.090000033378601,1.0099999904632568,1.0499999523162842,169000,0.0,0.0
2024-12-13 00:00:00-05:00,1.0299999713897705,1.0499999523162842,0.9850000143051147,1.0099999904632568,76700,0.0,0.0
2024-12-16 00:00:00-05:00,0.9850000143051147,0.9850000143051147,0.8930000066757202,0.949999988079071,96700,0.0,0.0
2024-12-17 00:00:00-05:00,0.9049999713897705,0.9229999780654907,0.8700000047683716,0.8920000195503235,85400,0.0,0.0
2024-12-18 00:00:00-05:00,0.8809999823570251,0.949999988079071,0.8700000047683716,0.8989999890327454,16200,0.0,0.0
2024-12-19 00:00:00-05:00,0.8740000128746033,1.0099999904632568,0.8700000047683716,0.9700000286102295,215300,0.0,0.0
2024-12-20 00:00:00-05:00,1.0,1.1399999856948853,0.9800000190734863,1.0290000438690186,329100,0.0,0.0
2024-12-23 00:00:00-05:00,0.9890000224113464,0.9890000224113464,0.8899999856948853,0.9679999947547913,246900,0.0,0.0
2024-12-24 00:00:00-05:00,0.9200000166893005,1.590000033378601,0.8830000162124634,1.5800000429153442,1987100,0.0,0.0
2024-12-26 00:00:00-05:00,1.090000033378601,1.1200000047683716,0.9900000095367432,1.0499999523162842,1345800,0.0,0.0
2024-12-27 00:00:00-05:00,1.2300000190734863,1.3200000524520874,1.0299999713897705,1.100000023841858,3370900,0.0,0.0
2024-12-30 00:00:00-05:00,1.100000023841858,1.100000023841858,0.9010000228881836,1.0399999618530273,1847600,0.0,0.0
2024-12-31 00:00:00-05:00,1.0,1.0399999618530273,0.9800000190734863,1.0,483800,0.0,0.0
2025-01-02 00:00:00-05:00,1.0199999809265137,1.0499999523162842,0.9399999976158142,1.0299999713897705,559700,0.0,0.0
2025-01-03 00:00:00-05:00,1.0099999904632568,1.0299999713897705,0.9599999785423279,0.9965000152587891,565886,0.0,0.0
