Date,Open,High,Low,Close,Volume,Dividends,Stock Splits
2022-01-03 00:00:00-05:00,20.420000076293945,20.459999084472656,19.790000915527344,19.809999465942383,300200,0.0,0.0
2022-01-04 00:00:00-05:00,19.5,20.149999618530273,19.489999771118164,19.780000686645508,211300,0.0,0.0
2022-01-05 00:00:00-05:00,19.729999542236328,19.8700008392334,18.690000534057617,18.780000686645508,251900,0.0,0.0
2022-01-06 00:00:00-05:00,18.729999542236328,18.920000076293945,18.540000915527344,18.579999923706055,199800,0.0,0.0
2022-01-07 00:00:00-05:00,18.739999771118164,18.850000381469727,18.530000686645508,18.700000762939453,258600,0.0,0.0
2022-01-10 00:00:00-05:00,19.040000915527344,19.100000381469727,18.570999145507812,18.8799991607666,309700,0.0,0.0
2022-01-11 00:00:00-05:00,19.030000686645508,19.209999084472656,18.790000915527344,19.010000228881836,247000,0.0,0.0
2022-01-12 00:00:00-05:00,19.06999969482422,19.264999389648438,18.83799934387207,19.260000228881836,167000,0.0,0.0
2022-01-13 00:00:00-05:00,19.510000228881836,19.719999313354492,18.739999771118164,18.799999237060547,268500,0.0,0.0
2022-01-14 00:00:00-05:00,18.3700008392334,19.049999237060547,18.309999465942383,18.8700008392334,189700,0.0,0.0
2022-01-18 00:00:00-05:00,17.84000015258789,17.860000610351562,17.149999618530273,17.520000457763672,871700,0.0,0.0
2022-01-19 00:00:00-05:00,18.270000457763672,18.461999893188477,18.010000228881836,18.030000686645508,415000,0.0,0.0
2022-01-20 00:00:00-05:00,18.399999618530273,18.459999084472656,17.969999313354492,17.989999771118164,307300,0.0,0.0
2022-01-21 00:00:00-05:00,18.06999969482422,18.219999313354492,17.579999923706055,17.6200008392334,365400,0.0,0.0
2022-01-24 00:00:00-05:00,17.309999465942383,18.209999084472656,17.15999984741211,18.190000534057617,370100,0.0,0.0
2022-01-25 00:00:00-05:00,17.65999984741211,18.489999771118164,17.59000015258789,18.239999771118164,626500,0.0,0.0
2022-01-26 00:00:00-05:00,18.56999969482422,18.8799991607666,17.399999618530273,17.579999923706055,1427800,0.0,0.0
2022-01-27 00:00:00-05:00,17.18000030517578,17.75,16.8700008392334,17.059999465942383,2195100,0.0,0.0
2022-01-28 00:00:00-05:00,18.639999389648438,19.24799919128418,18.540000915527344,18.959999084472656,1930200,0.0,0.0
2022-01-31 00:00:00-05:00,18.540000915527344,18.920000076293945,18.350000381469727,18.8700008392334,582600,0.0,0.0
2022-02-01 00:00:00-05:00,18.899999618530273,19.75,18.8700008392334,19.739999771118164,458500,0.0,0.0
2022-02-02 00:00:00-05:00,19.700000762939453,19.700000762939453,19.149999618530273,19.639999389648438,418400,0.0,0.0
2022-02-03 00:00:00-05:00,19.639999389648438,19.8700008392334,19.3700008392334,19.5,309600,0.0,0.0
2022-02-04 00:00:00-05:00,19.469999313354492,20.5,19.440000534057617,20.360000610351562,267800,0.0,0.0
2022-02-07 00:00:00-05:00,20.610000610351562,21.0,20.51099967956543,20.81999969482422,485100,0.0,0.0
2022-02-08 00:00:00-05:00,20.510000228881836,20.719999313354492,20.440000534057617,20.719999313354492,229400,0.0,0.0
2022-02-09 00:00:00-05:00,20.6200008392334,21.049999237060547,20.489999771118164,20.6299991607666,338900,0.0,0.0
2022-02-10 00:00:00-05:00,20.84000015258789,21.219999313354492,20.729999542236328,20.780000686645508,234300,0.0,0.0
2022-02-11 00:00:00-05:00,20.799999237060547,21.100000381469727,20.270000457763672,20.399999618530273,421800,0.0,0.0
2022-02-14 00:00:00-05:00,20.530000686645508,20.540000915527344,20.200000762939453,20.34000015258789,281500,0.0,0.0
2022-02-15 00:00:00-05:00,20.549999237060547,20.549999237060547,20.010000228881836,20.110000610351562,259400,0.0,0.0
2022-02-16 00:00:00-05:00,20.0,20.329999923706055,19.920000076293945,20.149999618530273,354600,0.0,0.0
2022-02-17 00:00:00-05:00,19.829999923706055,19.940000534057617,19.510000228881836,19.729999542236328,310300,0.0,0.0
2022-02-18 00:00:00-05:00,19.610000610351562,19.93000030517578,19.520000457763672,19.549999237060547,243300,0.0,0.0
2022-02-22 00:00:00-05:00,18.719999313354492,19.0,18.459999084472656,18.610000610351562,289600,0.0,0.0
2022-02-23 00:00:00-05:00,18.90999984741211,19.0,18.389999389648438,18.829999923706055,303200,0.0,0.0
2022-02-24 00:00:00-05:00,17.829999923706055,18.459999084472656,17.709999084472656,18.389999389648438,307800,0.0,0.0
2022-02-25 00:00:00-05:00,18.100000381469727,18.459999084472656,17.969999313354492,18.459999084472656,288000,0.0,0.0
2022-02-28 00:00:00-05:00,18.5,18.729999542236328,18.229999542236328,18.649999618530273,169200,0.0,0.0
2022-03-01 00:00:00-05:00,18.729999542236328,18.989999771118164,18.540000915527344,18.709999084472656,157800,0.0,0.0
2022-03-02 00:00:00-05:00,18.81999969482422,19.225000381469727,18.56999969482422,18.760000228881836,525400,0.0,0.0
2022-03-03 00:00:00-05:00,18.93000030517578,19.729000091552734,18.81999969482422,19.40999984741211,299200,0.0,0.0
2022-03-04 00:00:00-05:00,18.979999542236328,18.989999771118164,18.43000030517578,18.75,218300,0.0,0.0
2022-03-07 00:00:00-05:00,18.959999084472656,18.989999771118164,17.68000030517578,17.709999084472656,393700,0.0,0.0
2022-03-08 00:00:00-05:00,17.610000610351562,17.770000457763672,17.360000610351562,17.43000030517578,333300,0.0,0.0
2022-03-09 00:00:00-05:00,18.290000915527344,18.59000015258789,18.1200008392334,18.3700008392334,661700,0.0,0.0
2022-03-10 00:00:00-05:00,18.15999984741211,18.809999465942383,18.15999984741211,18.719999313354492,545900,0.0,0.0
2022-03-11 00:00:00-05:00,18.510000228881836,18.610000610351562,17.969999313354492,18.0,801600,0.0,0.0
2022-03-14 00:00:00-04:00,18.420000076293945,18.450000762939453,17.459999084472656,17.68000030517578,276300,0.0,0.0
2022-03-15 00:00:00-04:00,17.459999084472656,17.68000030517578,17.229999542236328,17.59000015258789,283100,0.0,0.0
2022-03-16 00:00:00-04:00,17.540000915527344,18.079999923706055,17.420000076293945,18.059999465942383,428600,0.0,0.0
2022-03-17 00:00:00-04:00,18.489999771118164,18.559999465942383,18.141000747680664,18.5,209800,0.0,0.0
2022-03-18 00:00:00-04:00,18.280000686645508,18.809999465942383,18.18000030517578,18.559999465942383,297900,0.0,0.0
2022-03-21 00:00:00-04:00,18.8799991607666,18.979999542236328,18.15999984741211,18.31999969482422,254400,0.0,0.0
2022-03-22 00:00:00-04:00,18.5,19.170000076293945,18.489999771118164,19.059999465942383,204600,0.0,0.0
2022-03-23 00:00:00-04:00,19.059999465942383,19.68000030517578,19.049999237060547,19.360000610351562,183900,0.0,0.0
2022-03-24 00:00:00-04:00,19.43000030517578,19.746999740600586,19.260000228881836,19.31999969482422,183100,0.0,0.0
2022-03-25 00:00:00-04:00,19.479999542236328,19.510000228881836,18.18000030517578,19.170000076293945,297400,0.0,0.0
2022-03-28 00:00:00-04:00,19.25,19.25,18.829999923706055,19.110000610351562,252100,0.0,0.0
2022-03-29 00:00:00-04:00,19.469999313354492,19.719999313354492,19.280000686645508,19.3700008392334,186400,0.0,0.0
2022-03-30 00:00:00-04:00,19.110000610351562,19.31999969482422,19.030000686645508,19.1200008392334,142600,0.0,0.0
2022-03-31 00:00:00-04:00,19.200000762939453,19.309999465942383,18.56999969482422,18.639999389648438,317700,0.0,0.0
2022-04-01 00:00:00-04:00,18.739999771118164,19.1299991607666,18.700000762939453,18.8700008392334,302500,0.0,0.0
2022-04-04 00:00:00-04:00,19.299999237060547,19.510000228881836,19.219999313354492,19.43000030517578,483400,0.0,0.0
2022-04-05 00:00:00-04:00,19.25,19.299999237060547,18.420000076293945,18.420000076293945,232700,0.0,0.0
2022-04-06 00:00:00-04:00,18.3700008392334,18.40999984741211,17.940000534057617,17.940000534057617,281900,0.0,0.0
2022-04-07 00:00:00-04:00,19.25,19.399999618530273,18.940000534057617,19.18000030517578,559300,0.0,0.0
2022-04-08 00:00:00-04:00,18.739999771118164,18.969999313354492,18.299999237060547,18.950000762939453,389600,0.0,0.0
2022-04-11 00:00:00-04:00,19.559999465942383,19.84000015258789,18.889999389648438,19.25,364800,0.0,0.0
2022-04-12 00:00:00-04:00,19.299999237060547,19.562000274658203,18.850000381469727,18.950000762939453,210100,0.0,0.0
2022-04-13 00:00:00-04:00,18.950000762939453,19.040000915527344,18.559999465942383,18.850000381469727,240500,0.0,0.0
2022-04-14 00:00:00-04:00,18.719999313354492,18.93000030517578,18.350000381469727,18.450000762939453,208900,0.0,0.0
2022-04-18 00:00:00-04:00,18.5,19.0,18.469999313354492,18.75,241900,0.0,0.0
2022-04-19 00:00:00-04:00,18.729999542236328,18.969999313354492,18.479999542236328,18.690000534057617,237700,0.0,0.0
2022-04-20 00:00:00-04:00,18.010000228881836,18.100000381469727,17.729999542236328,17.940000534057617,228600,0.0,0.0
2022-04-21 00:00:00-04:00,17.920000076293945,17.959999084472656,17.065000534057617,17.110000610351562,310900,0.0,0.0
2022-04-22 00:00:00-04:00,17.350000381469727,17.3799991607666,16.549999237060547,16.729999542236328,386600,0.0,0.0
2022-04-25 00:00:00-04:00,16.59000015258789,17.09000015258789,16.280000686645508,16.780000686645508,331100,0.0,0.0
2022-04-26 00:00:00-04:00,16.549999237060547,16.6299991607666,16.239999771118164,16.270000457763672,364200,0.0,0.0
2022-04-27 00:00:00-04:00,16.420000076293945,16.600000381469727,16.209999084472656,16.489999771118164,209900,0.0,0.0
2022-04-28 00:00:00-04:00,16.25,16.600000381469727,16.020000457763672,16.510000228881836,275000,0.0,0.0
2022-04-29 00:00:00-04:00,16.729999542236328,16.899999618530273,16.204999923706055,16.360000610351562,456800,0.0,0.0
2022-05-02 00:00:00-04:00,16.059999465942383,16.510000228881836,15.789999961853027,16.290000915527344,401500,0.0,0.0
2022-05-03 00:00:00-04:00,16.549999237060547,16.7450008392334,16.3799991607666,16.700000762939453,180000,0.0,0.0
2022-05-04 00:00:00-04:00,16.350000381469727,17.0,16.110000610351562,16.920000076293945,221200,0.0,0.0
2022-05-05 00:00:00-04:00,16.510000228881836,16.530000686645508,15.729999542236328,15.960000038146973,223700,0.0,0.0
2022-05-06 00:00:00-04:00,15.770000457763672,15.869999885559082,15.359999656677246,15.640000343322754,164600,0.0,0.0
2022-05-09 00:00:00-04:00,15.319999694824219,15.920000076293945,15.199999809265137,15.649999618530273,351800,0.0,0.0
2022-05-10 00:00:00-04:00,15.75,15.800000190734863,15.210000038146973,15.329999923706055,205500,0.0,0.0
2022-05-11 00:00:00-04:00,15.100000381469727,16.0,15.09000015258789,15.710000038146973,512900,0.0,0.0
2022-05-12 00:00:00-04:00,15.800000190734863,16.149999618530273,15.4399995803833,15.720000267028809,173000,0.0,0.0
2022-05-13 00:00:00-04:00,15.859999656677246,16.799999237060547,15.800000190734863,16.579999923706055,490100,0.0,0.0
2022-05-16 00:00:00-04:00,16.6299991607666,17.040000915527344,16.43000030517578,16.81999969482422,248600,0.0,0.0
2022-05-17 00:00:00-04:00,17.5,17.93000030517578,17.489999771118164,17.920000076293945,321500,0.0,0.0
2022-05-18 00:00:00-04:00,17.520000457763672,17.719999313354492,16.899999618530273,17.139999389648438,281100,0.0,0.0
2022-05-19 00:00:00-04:00,17.260000228881836,17.600000381469727,17.020000457763672,17.34000015258789,288700,0.0,0.0
2022-05-20 00:00:00-04:00,17.6200008392334,17.850000381469727,17.459999084472656,17.850000381469727,155600,0.0,0.0
2022-05-23 00:00:00-04:00,18.260000228881836,18.440000534057617,18.06999969482422,18.290000915527344,172800,0.0,0.0
2022-05-24 00:00:00-04:00,18.270000457763672,18.389999389648438,17.979999542236328,18.360000610351562,290400,0.0,0.0
2022-05-25 00:00:00-04:00,18.049999237060547,18.18000030517578,17.670000076293945,18.010000228881836,218800,0.0,0.0
2022-05-26 00:00:00-04:00,17.979999542236328,18.149999618530273,17.93000030517578,17.959999084472656,185100,0.0,0.0
2022-05-27 00:00:00-04:00,17.950000762939453,18.270000457763672,17.90999984741211,18.09000015258789,223200,0.0,0.0
2022-05-31 00:00:00-04:00,18.8799991607666,19.270000457763672,18.65999984741211,18.899999618530273,445900,0.0,0.0
2022-06-01 00:00:00-04:00,18.549999237060547,19.290000915527344,18.420000076293945,19.040000915527344,258300,0.0,0.0
2022-06-02 00:00:00-04:00,19.18000030517578,19.350000381469727,18.940000534057617,19.219999313354492,368700,0.0,0.0
2022-06-03 00:00:00-04:00,19.059999465942383,19.5,19.040000915527344,19.3799991607666,158800,0.0,0.0
2022-06-06 00:00:00-04:00,19.639999389648438,19.639999389648438,19.190000534057617,19.34000015258789,115400,0.0,0.0
2022-06-07 00:00:00-04:00,18.8700008392334,18.899999618530273,18.3799991607666,18.549999237060547,249100,0.0,0.0
2022-06-08 00:00:00-04:00,18.479999542236328,18.700000762939453,18.260000228881836,18.34000015258789,132400,0.0,0.0
2022-06-09 00:00:00-04:00,18.239999771118164,18.450000762939453,18.09000015258789,18.1299991607666,103600,0.0,0.0
2022-06-10 00:00:00-04:00,17.760000228881836,17.924999237060547,17.43000030517578,17.6200008392334,293700,0.0,0.0
2022-06-13 00:00:00-04:00,17.1299991607666,17.176000595092773,16.34000015258789,16.450000762939453,199300,0.0,0.0
2022-06-14 00:00:00-04:00,16.459999084472656,16.459999084472656,15.90999984741211,16.100000381469727,138900,0.0,0.0
2022-06-15 00:00:00-04:00,16.299999237060547,16.43000030517578,15.869999885559082,16.139999389648438,135000,0.0,0.0
2022-06-16 00:00:00-04:00,15.899999618530273,15.899999618530273,15.020000457763672,15.09000015258789,177500,0.0,0.0
2022-06-17 00:00:00-04:00,15.260000228881836,15.279999732971191,14.600000381469727,14.609999656677246,277800,0.0,0.0
2022-06-21 00:00:00-04:00,14.319999694824219,14.664999961853027,14.170000076293945,14.5,290900,0.0,0.0
2022-06-22 00:00:00-04:00,14.270000457763672,14.449999809265137,14.210000038146973,14.220000267028809,155500,0.0,0.0
2022-06-23 00:00:00-04:00,14.520000457763672,14.550000190734863,14.029999732971191,14.15999984741211,150400,0.0,0.0
2022-06-24 00:00:00-04:00,14.239999771118164,14.630000114440918,14.130000114440918,14.479999542236328,297600,0.0,0.0
2022-06-27 00:00:00-04:00,14.859999656677246,15.210000038146973,14.84000015258789,14.949999809265137,221400,0.0,0.0
2022-06-28 00:00:00-04:00,15.140000343322754,15.460000038146973,14.890000343322754,15.09000015258789,165500,0.0,0.0
2022-06-29 00:00:00-04:00,15.399999618530273,15.449999809265137,14.59000015258789,14.670000076293945,179200,0.0,0.0
2022-06-30 00:00:00-04:00,14.350000381469727,14.479999542236328,14.140999794006348,14.279999732971191,162700,0.0,0.0
2022-07-01 00:00:00-04:00,13.979999542236328,14.1899995803833,13.630000114440918,14.119999885559082,230000,0.0,0.0
2022-07-05 00:00:00-04:00,13.25,13.279999732971191,12.88700008392334,13.210000038146973,252100,0.0,0.0
2022-07-06 00:00:00-04:00,13.0,13.010000228881836,12.270000457763672,12.470000267028809,359000,0.0,0.0
2022-07-07 00:00:00-04:00,12.880000114440918,13.425000190734863,12.880000114440918,13.149999618530273,313600,0.0,0.0
2022-07-08 00:00:00-04:00,13.239999771118164,13.300000190734863,12.970000267028809,13.09000015258789,131500,0.0,0.0
2022-07-11 00:00:00-04:00,12.6899995803833,12.84000015258789,12.520000457763672,12.729999542236328,176700,0.0,0.0
2022-07-12 00:00:00-04:00,12.510000228881836,12.779999732971191,12.460000038146973,12.579999923706055,139500,0.0,0.0
2022-07-13 00:00:00-04:00,12.729999542236328,12.949999809265137,12.574999809265137,12.609999656677246,204300,0.0,0.0
2022-07-14 00:00:00-04:00,12.279999732971191,12.279999732971191,12.069999694824219,12.239999771118164,197500,0.0,0.0
2022-07-15 00:00:00-04:00,12.199999809265137,12.829999923706055,12.119999885559082,12.8100004196167,221800,0.0,0.0
2022-07-18 00:00:00-04:00,13.010000228881836,13.130000114440918,12.529999732971191,12.539999961853027,330900,0.0,0.0
2022-07-19 00:00:00-04:00,12.729999542236328,12.930000305175781,12.680000305175781,12.739999771118164,259700,0.0,0.0
2022-07-20 00:00:00-04:00,12.84000015258789,12.979999542236328,12.585000038146973,12.770000457763672,230800,0.0,0.0
2022-07-21 00:00:00-04:00,12.539999961853027,12.8100004196167,12.420000076293945,12.6899995803833,210200,0.0,0.0
2022-07-22 00:00:00-04:00,12.84000015258789,12.970000267028809,12.34000015258789,12.4399995803833,152700,0.0,0.0
2022-07-25 00:00:00-04:00,12.579999923706055,12.670000076293945,12.449999809265137,12.579999923706055,138700,0.0,0.0
2022-07-26 00:00:00-04:00,12.460000038146973,12.670000076293945,12.449999809265137,12.59000015258789,147900,0.0,0.0
2022-07-27 00:00:00-04:00,12.800000190734863,13.180000305175781,12.729999542236328,13.109999656677246,161200,0.0,0.0
2022-07-28 00:00:00-04:00,13.539999961853027,13.609999656677246,13.300000190734863,13.529999732971191,166500,0.0,0.0
2022-07-29 00:00:00-04:00,13.529999732971191,14.449999809265137,13.220000267028809,14.239999771118164,775300,0.0,0.0
2022-08-01 00:00:00-04:00,13.609999656677246,13.760000228881836,13.40999984741211,13.430000305175781,345600,0.0,0.0
2022-08-02 00:00:00-04:00,13.25,13.369999885559082,12.984999656677246,13.180000305175781,197300,0.0,0.0
2022-08-03 00:00:00-04:00,13.239999771118164,13.4399995803833,13.0600004196167,13.109999656677246,138700,0.0,0.0
2022-08-04 00:00:00-04:00,12.920000076293945,13.369999885559082,12.819999694824219,13.069999694824219,181500,0.0,0.0
2022-08-05 00:00:00-04:00,13.050000190734863,13.789999961853027,13.039999961853027,13.670000076293945,176600,0.0,0.0
2022-08-08 00:00:00-04:00,13.789999961853027,14.119999885559082,13.789999961853027,14.010000228881836,119300,0.0,0.0
2022-08-09 00:00:00-04:00,14.100000381469727,14.199999809265137,13.979999542236328,14.180000305175781,119600,0.0,0.0
2022-08-10 00:00:00-04:00,14.640000343322754,14.760000228881836,14.399999618530273,14.4399995803833,178400,0.0,0.0
2022-08-11 00:00:00-04:00,14.140000343322754,14.1899995803833,13.710000038146973,13.800000190734863,337900,0.0,0.0
2022-08-12 00:00:00-04:00,14.359999656677246,14.59000015258789,14.100000381469727,14.239999771118164,266300,0.0,0.0
2022-08-15 00:00:00-04:00,13.489999771118164,13.649999618530273,13.369999885559082,13.520000457763672,231400,0.0,0.0
2022-08-16 00:00:00-04:00,13.34000015258789,13.449999809265137,13.26099967956543,13.34000015258789,209100,0.0,0.0
2022-08-17 00:00:00-04:00,13.350000381469727,13.420000076293945,13.210000038146973,13.350000381469727,149200,0.0,0.0
2022-08-18 00:00:00-04:00,13.4399995803833,13.548999786376953,13.199999809265137,13.3100004196167,120000,0.0,0.0
2022-08-19 00:00:00-04:00,13.15999984741211,13.199999809265137,12.949999809265137,13.039999961853027,135700,0.0,0.0
2022-08-22 00:00:00-04:00,12.819999694824219,12.859999656677246,12.649999618530273,12.789999961853027,107200,0.0,0.0
2022-08-23 00:00:00-04:00,12.880000114440918,13.180000305175781,12.880000114440918,13.010000228881836,130100,0.0,0.0
2022-08-24 00:00:00-04:00,12.850000381469727,13.079999923706055,12.810999870300293,12.9399995803833,110600,0.0,0.0
2022-08-25 00:00:00-04:00,13.069999694824219,13.1899995803833,12.930000305175781,13.020000457763672,156700,0.0,0.0
2022-08-26 00:00:00-04:00,13.100000381469727,13.199999809265137,12.805999755859375,12.84000015258789,110100,0.0,0.0
2022-08-29 00:00:00-04:00,12.800000190734863,13.229999542236328,12.800000190734863,13.09000015258789,134800,0.0,0.0
2022-08-30 00:00:00-04:00,13.3100004196167,13.3100004196167,12.555000305175781,12.59000015258789,263300,0.0,0.0
2022-08-31 00:00:00-04:00,12.329999923706055,12.4399995803833,11.8100004196167,11.819999694824219,516400,0.0,0.0
2022-09-01 00:00:00-04:00,11.720000267028809,11.720000267028809,11.40999984741211,11.579999923706055,283600,0.0,0.0
2022-09-02 00:00:00-04:00,12.479999542236328,12.687999725341797,12.289999961853027,12.529999732971191,314400,0.0,0.0
2022-09-06 00:00:00-04:00,12.789999961853027,12.829999923706055,12.0600004196167,12.180000305175781,164500,0.0,0.0
2022-09-07 00:00:00-04:00,12.260000228881836,12.34000015258789,11.864999771118164,12.300000190734863,121500,0.0,0.0
2022-09-08 00:00:00-04:00,12.010000228881836,12.069999694824219,11.699999809265137,11.8100004196167,195100,0.0,0.0
2022-09-09 00:00:00-04:00,11.8100004196167,12.15999984741211,11.789999961853027,12.069999694824219,260900,0.0,0.0
2022-09-12 00:00:00-04:00,12.369999885559082,12.489999771118164,12.130000114440918,12.15999984741211,179200,0.0,0.0
2022-09-13 00:00:00-04:00,11.850000381469727,12.010000228881836,11.479999542236328,11.5,169600,0.0,0.0
2022-09-14 00:00:00-04:00,11.380000114440918,11.569999694824219,11.140000343322754,11.149999618530273,193700,0.0,0.0
2022-09-15 00:00:00-04:00,11.3100004196167,11.390000343322754,10.920000076293945,10.9399995803833,164500,0.0,0.0
2022-09-16 00:00:00-04:00,10.850000381469727,10.949999809265137,10.720000267028809,10.9399995803833,251600,0.0,0.0
2022-09-19 00:00:00-04:00,10.6899995803833,11.5600004196167,10.65999984741211,11.489999771118164,251800,0.0,0.0
2022-09-20 00:00:00-04:00,11.350000381469727,11.65999984741211,11.279999732971191,11.449999809265137,172300,0.0,0.0
2022-09-21 00:00:00-04:00,11.550000190734863,11.550000190734863,11.210000038146973,11.239999771118164,158500,0.0,0.0
2022-09-22 00:00:00-04:00,11.40999984741211,11.699999809265137,11.239999771118164,11.619999885559082,322600,0.0,0.0
2022-09-23 00:00:00-04:00,11.220000267028809,11.25,10.789999961853027,10.920000076293945,342200,0.0,0.0
2022-09-26 00:00:00-04:00,10.699999809265137,10.789999961853027,10.199999809265137,10.210000038146973,230800,0.0,0.0
2022-09-27 00:00:00-04:00,10.350000381469727,10.4399995803833,10.093000411987305,10.149999618530273,125300,0.0,0.0
2022-09-28 00:00:00-04:00,10.15999984741211,10.380000114440918,10.020000457763672,10.069999694824219,297600,0.0,0.0
2022-09-29 00:00:00-04:00,9.850000381469727,9.850000381469727,9.420000076293945,9.670000076293945,243100,0.0,0.0
2022-09-30 00:00:00-04:00,9.550000190734863,9.989999771118164,9.539999961853027,9.739999771118164,192300,0.0,0.0
2022-10-03 00:00:00-04:00,10.300000190734863,10.699999809265137,10.201000213623047,10.600000381469727,150500,0.0,0.0
2022-10-04 00:00:00-04:00,10.989999771118164,11.069999694824219,10.649999618530273,10.819999694824219,344800,0.0,0.0
2022-10-05 00:00:00-04:00,10.729999542236328,10.899999618530273,10.449999809265137,10.779999732971191,156600,0.0,0.0
2022-10-06 00:00:00-04:00,10.760000228881836,10.96500015258789,10.729999542236328,10.84000015258789,132300,0.0,0.0
2022-10-07 00:00:00-04:00,10.789999961853027,10.920000076293945,10.444999694824219,10.59000015258789,389500,0.0,0.0
2022-10-10 00:00:00-04:00,10.699999809265137,10.880000114440918,10.670000076293945,10.739999771118164,111400,0.0,0.0
2022-10-11 00:00:00-04:00,11.8100004196167,13.140000343322754,11.739999771118164,12.760000228881836,897400,0.0,0.0
2022-10-12 00:00:00-04:00,12.6899995803833,12.899999618530273,12.329999923706055,12.609999656677246,284000,0.0,0.0
2022-10-13 00:00:00-04:00,12.550000190734863,14.510000228881836,12.5,14.09000015258789,937600,0.0,0.0
2022-10-14 00:00:00-04:00,14.359999656677246,14.430000305175781,13.380000114440918,13.4399995803833,538600,0.0,0.0
2022-10-17 00:00:00-04:00,13.670000076293945,13.8100004196167,13.0,13.119999885559082,184500,0.0,0.0
2022-10-18 00:00:00-04:00,13.4399995803833,13.600000381469727,12.970000267028809,13.229999542236328,298800,0.0,0.0
2022-10-19 00:00:00-04:00,13.220000267028809,13.399999618530273,13.100000381469727,13.1899995803833,156200,0.0,0.0
2022-10-20 00:00:00-04:00,13.390000343322754,13.5649995803833,12.920000076293945,13.15999984741211,344100,0.0,0.0
2022-10-21 00:00:00-04:00,12.979999542236328,13.420000076293945,12.899999618530273,13.40999984741211,185500,0.0,0.0
2022-10-24 00:00:00-04:00,12.90999984741211,12.973999977111816,12.470000267028809,12.680000305175781,438000,0.0,0.0
2022-10-25 00:00:00-04:00,12.65999984741211,12.890000343322754,12.479999542236328,12.569999694824219,266100,0.0,0.0
2022-10-26 00:00:00-04:00,12.529999732971191,12.630000114440918,12.140000343322754,12.15999984741211,157900,0.0,0.0
2022-10-27 00:00:00-04:00,12.149999618530273,12.5600004196167,12.149999618530273,12.359999656677246,207300,0.0,0.0
2022-10-28 00:00:00-04:00,12.15999984741211,12.239999771118164,11.920000076293945,12.199999809265137,203300,0.0,0.0
2022-10-31 00:00:00-04:00,11.6899995803833,12.979999542236328,11.640999794006348,12.930000305175781,308500,0.0,0.0
2022-11-01 00:00:00-04:00,12.800000190734863,13.0,12.401000022888184,12.819999694824219,198400,0.0,0.0
2022-11-02 00:00:00-04:00,12.779999732971191,12.789999961853027,12.319999694824219,12.380000114440918,88900,0.0,0.0
2022-11-03 00:00:00-04:00,12.220000267028809,12.630000114440918,12.079999923706055,12.539999961853027,163400,0.0,0.0
2022-11-04 00:00:00-04:00,13.770000457763672,13.770000457763672,12.949999809265137,13.130000114440918,624800,0.0,0.0
2022-11-07 00:00:00-05:00,13.149999618530273,13.149999618530273,12.380000114440918,12.479999542236328,146000,0.0,0.0
2022-11-08 00:00:00-05:00,12.300000190734863,12.390000343322754,12.130000114440918,12.329999923706055,168700,0.0,0.0
2022-11-09 00:00:00-05:00,11.569999694824219,12.1899995803833,11.399999618530273,11.520000457763672,371400,0.0,0.0
2022-11-10 00:00:00-05:00,10.819999694824219,10.930000305175781,10.539999961853027,10.710000038146973,529900,0.0,0.0
2022-11-11 00:00:00-05:00,11.180000305175781,12.0,11.119999885559082,11.989999771118164,758400,0.0,0.0
2022-11-14 00:00:00-05:00,11.699999809265137,11.90999984741211,11.619999885559082,11.680000305175781,259000,0.0,0.0
2022-11-15 00:00:00-05:00,11.970000267028809,12.09000015258789,11.77299976348877,11.800000190734863,152500,0.0,0.0
2022-11-16 00:00:00-05:00,11.279999732971191,11.34000015258789,10.949999809265137,11.1899995803833,307800,0.0,0.0
2022-11-17 00:00:00-05:00,10.710000038146973,11.029999732971191,10.550000190734863,11.029999732971191,323300,0.0,0.0
2022-11-18 00:00:00-05:00,11.100000381469727,11.100000381469727,10.822999954223633,10.930000305175781,139700,0.0,0.0
2022-11-21 00:00:00-05:00,10.920000076293945,11.140000343322754,10.649999618530273,11.100000381469727,206800,0.0,0.0
2022-11-22 00:00:00-05:00,11.130000114440918,11.170000076293945,10.760000228881836,10.90999984741211,124200,0.0,0.0
2022-11-23 00:00:00-05:00,10.949999809265137,11.0600004196167,10.600000381469727,10.90999984741211,158500,0.0,0.0
2022-11-25 00:00:00-05:00,11.0,11.109999656677246,10.729999542236328,10.859999656677246,153900,0.0,0.0
2022-11-28 00:00:00-05:00,10.539999961853027,10.800000190734863,10.5,10.789999961853027,200200,0.0,0.0
2022-11-29 00:00:00-05:00,11.119999885559082,11.300000190734863,11.050000190734863,11.109999656677246,257100,0.0,0.0
2022-11-30 00:00:00-05:00,10.989999771118164,11.055000305175781,10.869999885559082,10.970000267028809,537300,0.0,0.0
2022-12-01 00:00:00-05:00,10.760000228881836,10.951000213623047,10.65999984741211,10.770000457763672,304900,0.0,0.0
2022-12-02 00:00:00-05:00,10.800000190734863,11.069999694824219,10.789999961853027,10.850000381469727,423700,0.0,0.0
2022-12-05 00:00:00-05:00,10.630000114440918,10.65999984741211,10.180000305175781,10.220000267028809,720400,0.0,0.0
2022-12-06 00:00:00-05:00,10.239999771118164,10.449999809265137,10.119999885559082,10.180000305175781,441400,0.0,0.0
2022-12-07 00:00:00-05:00,10.1899995803833,10.1899995803833,9.979999542236328,10.020000457763672,263200,0.0,0.0
2022-12-08 00:00:00-05:00,9.850000381469727,9.885000228881836,9.550000190734863,9.550000190734863,497500,0.0,0.0
2022-12-09 00:00:00-05:00,9.479999542236328,9.760000228881836,9.430000305175781,9.670000076293945,502100,0.0,0.0
2022-12-12 00:00:00-05:00,9.390000343322754,9.510000228881836,9.140000343322754,9.470000267028809,405400,0.0,0.0
2022-12-13 00:00:00-05:00,9.75,9.869999885559082,9.449999809265137,9.619999885559082,349300,0.0,0.0
2022-12-14 00:00:00-05:00,9.4399995803833,9.630000114440918,9.229999542236328,9.579999923706055,380000,0.0,0.0
2022-12-15 00:00:00-05:00,9.0600004196167,9.270000457763672,9.039999961853027,9.069999694824219,582900,0.0,0.0
2022-12-16 00:00:00-05:00,8.949999809265137,8.989999771118164,8.625,8.630000114440918,651400,0.0,0.0
2022-12-19 00:00:00-05:00,8.569999694824219,8.649999618530273,8.40999984741211,8.569999694824219,477100,0.0,0.0
2022-12-20 00:00:00-05:00,8.869999885559082,9.289999961853027,8.869999885559082,9.09000015258789,617300,0.0,0.0
2022-12-21 00:00:00-05:00,9.199999809265137,9.239999771118164,9.0600004196167,9.130000114440918,186500,0.0,0.0
2022-12-22 00:00:00-05:00,9.0,9.069999694824219,8.765000343322754,8.989999771118164,468900,0.0,0.0
2022-12-23 00:00:00-05:00,9.239999771118164,9.300000190734863,9.109999656677246,9.289999961853027,266900,0.0,0.0
2022-12-27 00:00:00-05:00,8.9399995803833,9.095000267028809,8.904999732971191,9.09000015258789,356600,0.0,0.0
2022-12-28 00:00:00-05:00,9.270000457763672,9.319999694824219,9.095000267028809,9.149999618530273,180300,0.0,0.0
2022-12-29 00:00:00-05:00,9.399999618530273,9.430000305175781,9.079999923706055,9.119999885559082,350700,0.0,0.0
2022-12-30 00:00:00-05:00,9.09000015258789,9.199999809265137,9.039999961853027,9.199999809265137,228600,0.0,0.0
2023-01-03 00:00:00-05:00,8.569999694824219,8.930000305175781,8.279999732971191,8.289999961853027,770500,0.0,0.0
2023-01-04 00:00:00-05:00,8.260000228881836,8.449999809265137,8.244999885559082,8.279999732971191,522900,0.0,0.0
2023-01-05 00:00:00-05:00,8.260000228881836,8.767999649047852,8.229999542236328,8.680000305175781,275700,0.0,0.0
2023-01-06 00:00:00-05:00,8.9399995803833,9.0,8.800000190734863,8.9399995803833,234500,0.0,0.0
2023-01-09 00:00:00-05:00,8.789999961853027,8.984999656677246,8.739999771118164,8.90999984741211,306300,0.0,0.0
2023-01-10 00:00:00-05:00,8.899999618530273,8.949999809265137,8.770000457763672,8.920000076293945,268900,0.0,0.0
2023-01-11 00:00:00-05:00,8.920000076293945,9.260000228881836,8.90999984741211,9.25,348500,0.0,0.0
2023-01-12 00:00:00-05:00,9.350000381469727,9.59000015258789,9.100000381469727,9.430000305175781,273800,0.0,0.0
2023-01-13 00:00:00-05:00,9.109999656677246,9.260000228881836,9.09000015258789,9.260000228881836,316700,0.0,0.0
2023-01-17 00:00:00-05:00,8.850000381469727,9.109999656677246,8.8100004196167,9.039999961853027,600300,0.0,0.0
2023-01-18 00:00:00-05:00,9.100000381469727,9.119999885559082,8.75,8.770000457763672,537100,0.0,0.0
2023-01-19 00:00:00-05:00,8.65999984741211,8.699999809265137,8.460000038146973,8.529999732971191,604300,0.0,0.0
2023-01-20 00:00:00-05:00,8.300000190734863,8.34000015258789,8.260000228881836,8.319999694824219,970600,0.0,0.0
2023-01-23 00:00:00-05:00,8.319999694824219,8.630000114440918,8.279999732971191,8.460000038146973,1459300,0.0,0.0
2023-01-24 00:00:00-05:00,8.649999618530273,9.0,8.449999809265137,8.920000076293945,828800,0.0,0.0
2023-01-25 00:00:00-05:00,8.850000381469727,9.3100004196167,8.850000381469727,8.970000267028809,709000,0.0,0.0
2023-01-26 00:00:00-05:00,8.970000267028809,9.109999656677246,8.869999885559082,9.079999923706055,515600,0.0,0.0
2023-01-27 00:00:00-05:00,8.949999809265137,9.100000381469727,8.795000076293945,9.029999732971191,573700,0.0,0.0
2023-01-30 00:00:00-05:00,9.1899995803833,9.210000038146973,8.869999885559082,8.899999618530273,394900,0.0,0.0
2023-01-31 00:00:00-05:00,9.149999618530273,9.25,9.119999885559082,9.229999542236328,378600,0.0,0.0
2023-02-01 00:00:00-05:00,9.3100004196167,9.484999656677246,9.109999656677246,9.470000267028809,365500,0.0,0.0
2023-02-02 00:00:00-05:00,9.449999809265137,9.470000267028809,8.930000305175781,8.979999542236328,543600,0.0,0.0
2023-02-03 00:00:00-05:00,8.710000038146973,8.920000076293945,8.579999923706055,8.619999885559082,436800,0.0,0.0
2023-02-06 00:00:00-05:00,8.529999732971191,8.59000015258789,8.350000381469727,8.5600004196167,682700,0.0,0.0
2023-02-07 00:00:00-05:00,8.5600004196167,8.704999923706055,8.40999984741211,8.5600004196167,584300,0.0,0.0
2023-02-08 00:00:00-05:00,8.5,8.760000228881836,8.449999809265137,8.670000076293945,867800,0.0,0.0
2023-02-09 00:00:00-05:00,8.600000381469727,8.630000114440918,8.399999618530273,8.489999771118164,1116700,0.0,0.0
2023-02-10 00:00:00-05:00,8.449999809265137,8.524999618530273,8.369999885559082,8.510000228881836,1065700,0.0,0.0
2023-02-13 00:00:00-05:00,8.390000343322754,8.550000190734863,8.375,8.4399995803833,361600,0.0,0.0
2023-02-14 00:00:00-05:00,8.229999542236328,8.300000190734863,7.96999979019165,8.0600004196167,1334900,0.0,0.0
2023-02-15 00:00:00-05:00,7.869999885559082,8.048999786376953,7.769999980926514,7.909999847412109,820900,0.0,0.0
2023-02-16 00:00:00-05:00,7.809999942779541,7.914999961853027,7.730000019073486,7.800000190734863,1122300,0.0,0.0
2023-02-17 00:00:00-05:00,7.800000190734863,7.885000228881836,7.710000038146973,7.869999885559082,444500,0.0,0.0
2023-02-21 00:00:00-05:00,7.860000133514404,7.929999828338623,7.619999885559082,7.630000114440918,329400,0.0,0.0
2023-02-22 00:00:00-05:00,7.670000076293945,7.760000228881836,7.550000190734863,7.760000228881836,770600,0.0,0.0
2023-02-23 00:00:00-05:00,7.840000152587891,7.960000038146973,7.659999847412109,7.909999847412109,1056800,0.0,0.0
2023-02-24 00:00:00-05:00,7.75,7.800000190734863,7.639999866485596,7.690000057220459,569600,0.0,0.0
2023-02-27 00:00:00-05:00,7.75,7.769999980926514,7.570000171661377,7.659999847412109,482000,0.0,0.0
2023-02-28 00:00:00-05:00,7.630000114440918,7.880000114440918,7.599999904632568,7.75,1266400,0.0,0.0
2023-03-01 00:00:00-05:00,7.71999979019165,7.730000019073486,7.369999885559082,7.619999885559082,1017100,0.0,0.0
2023-03-02 00:00:00-05:00,7.639999866485596,7.900000095367432,7.610000133514404,7.849999904632568,485400,0.0,0.0
2023-03-03 00:00:00-05:00,8.079999923706055,8.210000038146973,7.860000133514404,7.889999866485596,472100,0.0,0.0
2023-03-06 00:00:00-05:00,7.900000095367432,8.140000343322754,7.809999942779541,8.050000190734863,316100,0.0,0.0
2023-03-07 00:00:00-05:00,8.039999961853027,8.079999923706055,7.659999847412109,7.860000133514404,821000,0.0,0.0
2023-03-08 00:00:00-05:00,8.0600004196167,8.229999542236328,7.909999847412109,8.010000228881836,598200,0.0,0.0
2023-03-09 00:00:00-05:00,8.029999732971191,8.135000228881836,7.880000114440918,7.900000095367432,940300,0.0,0.0
2023-03-10 00:00:00-05:00,7.679999828338623,7.690000057220459,7.434999942779541,7.510000228881836,1155300,0.0,0.0
2023-03-13 00:00:00-04:00,7.190000057220459,7.420000076293945,7.150000095367432,7.210000038146973,1003700,0.0,0.0
2023-03-14 00:00:00-04:00,7.269999980926514,7.269999980926514,7.0,7.03000020980835,627700,0.0,0.0
2023-03-15 00:00:00-04:00,6.96999979019165,6.989999771118164,6.789999961853027,6.940000057220459,725500,0.0,0.0
2023-03-16 00:00:00-04:00,6.900000095367432,7.099999904632568,6.809999942779541,7.059999942779541,969600,0.0,0.0
2023-03-17 00:00:00-04:00,6.909999847412109,7.275000095367432,6.784999847412109,7.190000057220459,1197400,0.0,0.0
2023-03-20 00:00:00-04:00,7.179999828338623,7.179999828338623,6.90500020980835,6.980000019073486,653900,0.0,0.0
2023-03-21 00:00:00-04:00,7.019999980926514,7.059999942779541,6.920000076293945,6.929999828338623,414100,0.0,0.0
2023-03-22 00:00:00-04:00,6.900000095367432,7.014999866485596,6.670000076293945,6.670000076293945,720600,0.0,0.0
2023-03-23 00:00:00-04:00,6.510000228881836,6.619999885559082,6.260000228881836,6.289999961853027,1191100,0.0,0.0
2023-03-24 00:00:00-04:00,6.309999942779541,6.940000057220459,6.269999980926514,6.820000171661377,1446100,0.0,0.0
2023-03-27 00:00:00-04:00,6.96999979019165,7.199999809265137,6.940000057220459,7.170000076293945,846600,0.0,0.0
2023-03-28 00:00:00-04:00,7.429999828338623,7.800000190734863,7.429999828338623,7.579999923706055,1365600,0.0,0.0
2023-03-29 00:00:00-04:00,7.610000133514404,7.610000133514404,7.420000076293945,7.5,1072800,0.0,0.0
2023-03-30 00:00:00-04:00,7.769999980926514,7.840000152587891,7.570000171661377,7.71999979019165,627000,0.0,0.0
2023-03-31 00:00:00-04:00,7.800000190734863,7.860000133514404,7.610000133514404,7.699999809265137,544100,0.0,0.0
2023-04-03 00:00:00-04:00,7.539999961853027,7.650000095367432,7.510000228881836,7.650000095367432,434100,0.0,0.0
2023-04-04 00:00:00-04:00,7.599999904632568,7.610000133514404,7.349999904632568,7.510000228881836,445700,0.0,0.0
2023-04-05 00:00:00-04:00,7.550000190734863,7.769999980926514,7.449999809265137,7.769999980926514,506500,0.0,0.0
2023-04-06 00:00:00-04:00,7.75,7.769999980926514,7.550000190734863,7.699999809265137,484200,0.0,0.0
2023-04-10 00:00:00-04:00,7.769999980926514,8.050000190734863,7.739999771118164,8.050000190734863,402600,0.0,0.0
2023-04-11 00:00:00-04:00,8.1899995803833,8.420000076293945,8.170000076293945,8.369999885559082,664900,0.0,0.0
2023-04-12 00:00:00-04:00,8.460000038146973,8.479999542236328,8.210000038146973,8.359999656677246,367000,0.0,0.0
2023-04-13 00:00:00-04:00,8.260000228881836,8.35099983215332,8.199999809265137,8.270000457763672,274400,0.0,0.0
2023-04-14 00:00:00-04:00,8.59000015258789,8.800000190734863,8.399999618530273,8.430000305175781,848100,0.0,0.0
2023-04-17 00:00:00-04:00,8.40999984741211,8.40999984741211,8.199999809265137,8.319999694824219,467500,0.0,0.0
2023-04-18 00:00:00-04:00,8.050000190734863,8.119999885559082,7.909999847412109,8.020000457763672,618600,0.0,0.0
2023-04-19 00:00:00-04:00,7.869999885559082,7.889999866485596,7.704999923706055,7.849999904632568,658400,0.0,0.0
2023-04-20 00:00:00-04:00,7.809999942779541,7.880000114440918,7.614999771118164,7.659999847412109,440500,0.0,0.0
2023-04-21 00:00:00-04:00,7.670000076293945,7.670000076293945,7.230000019073486,7.329999923706055,344000,0.0,0.0
2023-04-24 00:00:00-04:00,7.380000114440918,7.468999862670898,7.269999980926514,7.360000133514404,352300,0.0,0.0
2023-04-25 00:00:00-04:00,7.769999980926514,7.840000152587891,7.494999885559082,7.610000133514404,1126000,0.0,0.0
2023-04-26 00:00:00-04:00,7.699999809265137,7.74399995803833,7.480000019073486,7.480000019073486,442800,0.0,0.0
2023-04-27 00:00:00-04:00,7.590000152587891,7.639999866485596,7.480000019073486,7.619999885559082,242500,0.0,0.0
2023-04-28 00:00:00-04:00,7.590000152587891,7.989999771118164,7.579999923706055,7.860000133514404,828500,0.0,0.0
2023-05-01 00:00:00-04:00,7.829999923706055,7.849999904632568,7.670000076293945,7.679999828338623,176400,0.0,0.0
2023-05-02 00:00:00-04:00,7.679999828338623,7.679999828338623,7.389999866485596,7.440000057220459,555100,0.0,0.0
2023-05-03 00:00:00-04:00,7.400000095367432,7.764999866485596,7.260000228881836,7.610000133514404,666600,0.0,0.0
2023-05-04 00:00:00-04:00,7.699999809265137,7.800000190734863,7.414999961853027,7.590000152587891,368700,0.0,0.0
2023-05-05 00:00:00-04:00,7.679999828338623,11.989999771118164,7.650000095367432,9.170000076293945,10926700,0.0,0.0
2023-05-08 00:00:00-04:00,11.319999694824219,11.350000381469727,9.329999923706055,10.069999694824219,10571200,0.0,0.0
2023-05-09 00:00:00-04:00,9.5,10.619999885559082,9.40999984741211,10.529999732971191,2806200,0.0,0.0
2023-05-10 00:00:00-04:00,10.619999885559082,10.9399995803833,10.369999885559082,10.380000114440918,1827600,0.0,0.0
2023-05-11 00:00:00-04:00,10.40999984741211,10.5,10.119999885559082,10.300000190734863,1351200,0.0,0.0
2023-05-12 00:00:00-04:00,10.069999694824219,10.069999694824219,9.600000381469727,9.869999885559082,2409800,0.0,0.0
2023-05-15 00:00:00-04:00,9.649999618530273,9.739999771118164,8.880000114440918,9.289999961853027,3587100,0.0,0.0
2023-05-16 00:00:00-04:00,9.369999885559082,9.477999687194824,9.220000267028809,9.260000228881836,1010200,0.0,0.0
2023-05-17 00:00:00-04:00,9.289999961853027,9.59000015258789,9.260000228881836,9.449999809265137,998300,0.0,0.0
2023-05-18 00:00:00-04:00,9.199999809265137,9.385000228881836,9.095000267028809,9.329999923706055,1111300,0.0,0.0
2023-05-19 00:00:00-04:00,9.399999618530273,9.670000076293945,9.3149995803833,9.550000190734863,1684100,0.0,0.0
2023-05-22 00:00:00-04:00,9.579999923706055,9.59000015258789,9.3100004196167,9.369999885559082,765400,0.0,0.0
2023-05-23 00:00:00-04:00,9.4399995803833,9.649999618530273,9.260000228881836,9.289999961853027,1145100,0.0,0.0
2023-05-24 00:00:00-04:00,9.460000038146973,9.720000267028809,9.319999694824219,9.600000381469727,1589300,0.0,0.0
2023-05-25 00:00:00-04:00,9.579999923706055,9.614999771118164,9.039999961853027,9.0600004196167,1176400,0.0,0.0
2023-05-26 00:00:00-04:00,9.210000038146973,9.244999885559082,9.069999694824219,9.15999984741211,697500,0.0,0.0
2023-05-30 00:00:00-04:00,8.970000267028809,9.0,8.822999954223633,8.949999809265137,962900,0.0,0.0
2023-05-31 00:00:00-04:00,9.0600004196167,9.109999656677246,8.789999961853027,8.8100004196167,1030000,0.0,0.0
2023-06-01 00:00:00-04:00,8.850000381469727,9.220000267028809,8.850000381469727,9.15999984741211,706000,0.0,0.0
2023-06-02 00:00:00-04:00,9.399999618530273,9.630000114440918,9.319999694824219,9.609999656677246,783800,0.0,0.0
2023-06-05 00:00:00-04:00,9.84000015258789,9.899999618530273,9.680000305175781,9.779999732971191,623700,0.0,0.0
2023-06-06 00:00:00-04:00,9.680000305175781,10.121000289916992,9.670000076293945,10.0600004196167,621900,0.0,0.0
2023-06-07 00:00:00-04:00,10.079999923706055,10.329999923706055,10.0600004196167,10.279999732971191,1012400,0.0,0.0
2023-06-08 00:00:00-04:00,10.289999961853027,10.300000190734863,9.949999809265137,10.130000114440918,363400,0.0,0.0
2023-06-09 00:00:00-04:00,10.220000267028809,10.529000282287598,10.204999923706055,10.449999809265137,596500,0.0,0.0
2023-06-12 00:00:00-04:00,11.34000015258789,11.430000305175781,10.949999809265137,11.180000305175781,1946200,0.0,0.0
2023-06-13 00:00:00-04:00,11.229999542236328,11.345000267028809,10.914999961853027,11.0,1514700,0.0,0.0
2023-06-14 00:00:00-04:00,11.270000457763672,11.520000457763672,11.09000015258789,11.489999771118164,1689100,0.0,0.0
2023-06-15 00:00:00-04:00,11.789999961853027,12.539999961853027,11.59000015258789,12.279999732971191,2635400,0.0,0.0
2023-06-16 00:00:00-04:00,12.369999885559082,12.508999824523926,12.005000114440918,12.460000038146973,1300900,0.0,0.0
2023-06-20 00:00:00-04:00,12.649999618530273,12.670000076293945,12.350000381469727,12.539999961853027,1378800,0.0,0.0
2023-06-21 00:00:00-04:00,12.300000190734863,12.484999656677246,12.260000228881836,12.300000190734863,752400,0.0,0.0
2023-06-22 00:00:00-04:00,11.949999809265137,12.140000343322754,11.829999923706055,11.989999771118164,655300,0.0,0.0
2023-06-23 00:00:00-04:00,11.760000228881836,12.220000267028809,11.680000305175781,12.109999656677246,669500,0.0,0.0
2023-06-26 00:00:00-04:00,12.100000381469727,12.229999542236328,11.930000305175781,12.0,372800,0.0,0.0
2023-06-27 00:00:00-04:00,11.949999809265137,12.050000190734863,11.6899995803833,11.84000015258789,468300,0.0,0.0
2023-06-28 00:00:00-04:00,11.880000114440918,11.928000450134277,11.609999656677246,11.670000076293945,371400,0.0,0.0
2023-06-29 00:00:00-04:00,11.65999984741211,12.0,11.649999618530273,11.920000076293945,419800,0.0,0.0
2023-06-30 00:00:00-04:00,11.920000076293945,11.930000305175781,11.475000381469727,11.649999618530273,864800,0.0,0.0
2023-07-03 00:00:00-04:00,11.699999809265137,11.774999618530273,11.524999618530273,11.529999732971191,496300,0.0,0.0
2023-07-05 00:00:00-04:00,11.40999984741211,11.600000381469727,11.279999732971191,11.399999618530273,1378500,0.0,0.0
2023-07-06 00:00:00-04:00,11.09000015258789,11.130000114440918,10.850000381469727,10.859999656677246,756600,0.0,0.0
2023-07-07 00:00:00-04:00,11.029999732971191,11.180000305175781,11.010000228881836,11.119999885559082,726900,0.0,0.0
2023-07-10 00:00:00-04:00,10.899999618530273,10.960000038146973,10.789999961853027,10.819999694824219,691700,0.0,0.0
2023-07-11 00:00:00-04:00,10.619999885559082,10.725000381469727,10.569999694824219,10.680000305175781,676000,0.0,0.0
2023-07-12 00:00:00-04:00,10.869999885559082,11.359999656677246,10.770000457763672,10.859999656677246,1717200,0.0,0.0
2023-07-13 00:00:00-04:00,11.010000228881836,11.074999809265137,10.869999885559082,10.880000114440918,558900,0.0,0.0
2023-07-14 00:00:00-04:00,10.800000190734863,10.880000114440918,10.609999656677246,10.720000267028809,1259000,0.0,0.0
2023-07-17 00:00:00-04:00,10.720000267028809,10.779999732971191,10.59000015258789,10.6899995803833,888300,0.0,0.0
2023-07-18 00:00:00-04:00,10.649999618530273,10.770000457763672,10.479999542236328,10.59000015258789,739800,0.0,0.0
2023-07-19 00:00:00-04:00,10.619999885559082,10.722000122070312,10.239999771118164,10.319999694824219,1464400,0.0,0.0
2023-07-20 00:00:00-04:00,10.319999694824219,10.319999694824219,9.670000076293945,10.199999809265137,3309900,0.0,0.0
2023-07-21 00:00:00-04:00,10.180000305175781,10.324999809265137,10.135000228881836,10.25,888700,0.0,0.0
2023-07-24 00:00:00-04:00,10.359999656677246,10.675000190734863,10.34000015258789,10.619999885559082,1528200,0.0,0.0
2023-07-25 00:00:00-04:00,10.789999961853027,10.979999542236328,10.678999900817871,10.729999542236328,843700,0.0,0.0
2023-07-26 00:00:00-04:00,10.789999961853027,10.90999984741211,10.574999809265137,10.670000076293945,463000,0.0,0.0
2023-07-27 00:00:00-04:00,10.649999618530273,10.65999984741211,10.270000457763672,10.270000457763672,683600,0.0,0.0
2023-07-28 00:00:00-04:00,10.369999885559082,10.369999885559082,10.199999809265137,10.34000015258789,474700,0.0,0.0
2023-07-31 00:00:00-04:00,10.470000267028809,10.664999961853027,10.470000267028809,10.619999885559082,917500,0.0,0.0
2023-08-01 00:00:00-04:00,10.510000228881836,10.59000015258789,10.390000343322754,10.40999984741211,428500,0.0,0.0
2023-08-02 00:00:00-04:00,10.3100004196167,10.34000015258789,10.100000381469727,10.119999885559082,816400,0.0,0.0
2023-08-03 00:00:00-04:00,10.050000190734863,10.109999656677246,9.869999885559082,9.890000343322754,658200,0.0,0.0
2023-08-04 00:00:00-04:00,10.050000190734863,10.069999694824219,9.649999618530273,9.649999618530273,869800,0.0,0.0
2023-08-07 00:00:00-04:00,9.59000015258789,9.619999885559082,9.430000305175781,9.479999542236328,646600,0.0,0.0
2023-08-08 00:00:00-04:00,9.350000381469727,9.6899995803833,9.220000267028809,9.649999618530273,813700,0.0,0.0
2023-08-09 00:00:00-04:00,9.710000038146973,9.720000267028809,9.3100004196167,9.4399995803833,950100,0.0,0.0
2023-08-10 00:00:00-04:00,9.75,10.539999961853027,9.710000038146973,10.130000114440918,1095200,0.0,0.0
2023-08-11 00:00:00-04:00,10.0600004196167,10.09000015258789,9.720000267028809,9.770000457763672,545000,0.0,0.0
2023-08-14 00:00:00-04:00,9.609999656677246,9.64799976348877,9.454999923706055,9.470000267028809,539300,0.0,0.0
2023-08-15 00:00:00-04:00,9.420000076293945,9.75,9.329999923706055,9.449999809265137,701000,0.0,0.0
2023-08-16 00:00:00-04:00,9.449999809265137,9.449999809265137,9.140000343322754,9.140000343322754,1347000,0.0,0.0
2023-08-17 00:00:00-04:00,9.270000457763672,9.3100004196167,8.993000030517578,9.029999732971191,751100,0.0,0.0
2023-08-18 00:00:00-04:00,9.0600004196167,9.234999656677246,9.050000190734863,9.210000038146973,1070200,0.0,0.0
2023-08-21 00:00:00-04:00,9.119999885559082,9.119999885559082,8.890000343322754,8.899999618530273,585200,0.0,0.0
2023-08-22 00:00:00-04:00,8.949999809265137,9.164999961853027,8.880000114440918,9.15999984741211,691200,0.0,0.0
2023-08-23 00:00:00-04:00,9.130000114440918,9.425000190734863,9.09000015258789,9.350000381469727,867500,0.0,0.0
2023-08-24 00:00:00-04:00,9.1899995803833,9.274999618530273,9.079999923706055,9.229999542236328,361800,0.0,0.0
2023-08-25 00:00:00-04:00,9.15999984741211,9.170000076293945,8.989999771118164,9.069999694824219,789200,0.0,0.0
2023-08-28 00:00:00-04:00,9.0,9.279999732971191,8.9350004196167,9.270000457763672,682500,0.0,0.0
2023-08-29 00:00:00-04:00,8.850000381469727,9.289999961853027,8.625,9.210000038146973,1253900,0.0,0.0
2023-08-30 00:00:00-04:00,9.210000038146973,9.390000343322754,9.180000305175781,9.25,569400,0.0,0.0
2023-08-31 00:00:00-04:00,9.109999656677246,9.180000305175781,8.84000015258789,8.84000015258789,608900,0.0,0.0
2023-09-01 00:00:00-04:00,9.0,9.079999923706055,8.899999618530273,8.989999771118164,569700,0.0,0.0
2023-09-05 00:00:00-04:00,8.890000343322754,9.090999603271484,8.84000015258789,9.069999694824219,693700,0.0,0.0
2023-09-06 00:00:00-04:00,9.140000343322754,9.595000267028809,9.119999885559082,9.5600004196167,1485700,0.0,0.0
2023-09-07 00:00:00-04:00,9.489999771118164,9.489999771118164,9.201000213623047,9.40999984741211,418400,0.0,0.0
2023-09-08 00:00:00-04:00,9.359999656677246,9.789999961853027,9.350000381469727,9.649999618530273,775500,0.0,0.0
2023-09-11 00:00:00-04:00,9.609999656677246,9.630000114440918,9.420000076293945,9.420000076293945,466900,0.0,0.0
2023-09-12 00:00:00-04:00,9.329999923706055,9.475000381469727,9.175000190734863,9.199999809265137,552000,0.0,0.0
2023-09-13 00:00:00-04:00,9.239999771118164,9.279999732971191,9.0600004196167,9.079999923706055,384300,0.0,0.0
2023-09-14 00:00:00-04:00,9.050000190734863,9.329999923706055,9.029999732971191,9.300000190734863,439400,0.0,0.0
2023-09-15 00:00:00-04:00,9.149999618530273,9.319999694824219,9.0,9.029999732971191,420800,0.0,0.0
2023-09-18 00:00:00-04:00,9.449999809265137,9.729999542236328,9.369999885559082,9.520000457763672,837500,0.0,0.0
2023-09-19 00:00:00-04:00,9.369999885559082,9.53499984741211,9.300000190734863,9.4399995803833,406300,0.0,0.0
2023-09-20 00:00:00-04:00,9.210000038146973,9.270000457763672,8.890000343322754,9.069999694824219,1676700,0.0,0.0
2023-09-21 00:00:00-04:00,8.770000457763672,8.850000381469727,8.59000015258789,8.59000015258789,1002900,0.0,0.0
2023-09-22 00:00:00-04:00,8.550000190734863,8.550000190734863,8.270000457763672,8.359999656677246,1072200,0.0,0.0
2023-09-25 00:00:00-04:00,8.300000190734863,8.399999618530273,8.15999984741211,8.359999656677246,529400,0.0,0.0
2023-09-26 00:00:00-04:00,8.289999961853027,8.369999885559082,8.109999656677246,8.140000343322754,465000,0.0,0.0
2023-09-27 00:00:00-04:00,8.149999618530273,8.149999618530273,7.925000190734863,7.989999771118164,435200,0.0,0.0
2023-09-28 00:00:00-04:00,7.96999979019165,8.079999923706055,7.84499979019165,8.039999961853027,556200,0.0,0.0
2023-09-29 00:00:00-04:00,8.260000228881836,8.350000381469727,8.154999732971191,8.210000038146973,368800,0.0,0.0
2023-10-02 00:00:00-04:00,8.175000190734863,8.225000381469727,7.909999847412109,7.940000057220459,367700,0.0,0.0
2023-10-03 00:00:00-04:00,7.869999885559082,7.894999980926514,7.659999847412109,7.670000076293945,586100,0.0,0.0
2023-10-04 00:00:00-04:00,7.690000057220459,7.775000095367432,7.550000190734863,7.639999866485596,576900,0.0,0.0
2023-10-05 00:00:00-04:00,7.639999866485596,7.675000190734863,7.409999847412109,7.510000228881836,523000,0.0,0.0
2023-10-06 00:00:00-04:00,7.360000133514404,7.5,7.239999771118164,7.449999809265137,605000,0.0,0.0
2023-10-09 00:00:00-04:00,7.340000152587891,7.5,7.289999961853027,7.5,487300,0.0,0.0
2023-10-10 00:00:00-04:00,7.559999942779541,7.769999980926514,7.519999980926514,7.760000228881836,565500,0.0,0.0
2023-10-11 00:00:00-04:00,7.789999961853027,7.84499979019165,7.639999866485596,7.659999847412109,351000,0.0,0.0
2023-10-12 00:00:00-04:00,7.650000095367432,7.679999828338623,7.440000057220459,7.480000019073486,238900,0.0,0.0
2023-10-13 00:00:00-04:00,7.579999923706055,7.679999828338623,7.485000133514404,7.5,251000,0.0,0.0
2023-10-16 00:00:00-04:00,7.550000190734863,7.550000190734863,7.414999961853027,7.440000057220459,352900,0.0,0.0
2023-10-17 00:00:00-04:00,7.489999771118164,7.75,7.480000019073486,7.550000190734863,410100,0.0,0.0
2023-10-18 00:00:00-04:00,7.409999847412109,7.460000038146973,7.340000152587891,7.380000114440918,458400,0.0,0.0
2023-10-19 00:00:00-04:00,7.360000133514404,7.489999771118164,7.309999942779541,7.400000095367432,353600,0.0,0.0
2023-10-20 00:00:00-04:00,7.349999904632568,7.389999866485596,7.230000019073486,7.230000019073486,317900,0.0,0.0
2023-10-23 00:00:00-04:00,7.179999828338623,7.420000076293945,7.130000114440918,7.329999923706055,432900,0.0,0.0
2023-10-24 00:00:00-04:00,7.360000133514404,7.409999847412109,7.210000038146973,7.260000228881836,366400,0.0,0.0
2023-10-25 00:00:00-04:00,7.179999828338623,7.179999828338623,6.989999771118164,7.079999923706055,457300,0.0,0.0
2023-10-26 00:00:00-04:00,7.099999904632568,7.139999866485596,6.993000030517578,7.099999904632568,335200,0.0,0.0
2023-10-27 00:00:00-04:00,7.260000228881836,7.369999885559082,6.985000133514404,7.0,598800,0.0,0.0
2023-10-30 00:00:00-04:00,6.860000133514404,6.880000114440918,6.59499979019165,6.610000133514404,1135500,0.0,0.0
2023-10-31 00:00:00-04:00,6.570000171661377,6.590000152587891,6.349999904632568,6.389999866485596,946300,0.0,0.0
2023-11-01 00:00:00-04:00,6.460000038146973,6.650000095367432,6.300000190734863,6.630000114440918,866600,0.0,0.0
2023-11-02 00:00:00-04:00,6.75,6.920000076293945,6.670000076293945,6.889999866485596,336800,0.0,0.0
2023-11-03 00:00:00-04:00,6.960000038146973,7.25,6.960000038146973,7.210000038146973,625900,0.0,0.0
2023-11-06 00:00:00-05:00,7.460000038146973,7.478000164031982,7.21999979019165,7.25,557600,0.0,0.0
2023-11-07 00:00:00-05:00,7.139999866485596,7.2210001945495605,7.050000190734863,7.170000076293945,765500,0.0,0.0
2023-11-08 00:00:00-05:00,7.349999904632568,7.349999904632568,7.025000095367432,7.03000020980835,707400,0.0,0.0
2023-11-09 00:00:00-05:00,8.220000267028809,8.359999656677246,7.949999809265137,8.079999923706055,3096000,0.0,0.0
2023-11-10 00:00:00-05:00,8.039999961853027,8.170000076293945,7.840000152587891,8.069999694824219,1034100,0.0,0.0
2023-11-13 00:00:00-05:00,7.929999828338623,8.098999977111816,7.801000118255615,7.900000095367432,839000,0.0,0.0
2023-11-14 00:00:00-05:00,8.130000114440918,8.289999961853027,8.130000114440918,8.199999809265137,1588700,0.0,0.0
2023-11-15 00:00:00-05:00,8.239999771118164,8.300000190734863,8.029999732971191,8.069999694824219,658900,0.0,0.0
2023-11-16 00:00:00-05:00,8.199999809265137,8.229999542236328,7.974999904632568,8.0600004196167,820300,0.0,0.0
2023-11-17 00:00:00-05:00,8.25,8.305000305175781,8.149999618530273,8.1899995803833,478100,0.0,0.0
2023-11-20 00:00:00-05:00,8.239999771118164,8.40999984741211,8.199999809265137,8.359999656677246,437400,0.0,0.0
2023-11-21 00:00:00-05:00,8.279999732971191,8.289999961853027,8.069999694824219,8.069999694824219,734400,0.0,0.0
2023-11-22 00:00:00-05:00,8.3100004196167,8.319999694824219,8.050000190734863,8.130000114440918,768300,0.0,0.0
2023-11-24 00:00:00-05:00,8.220000267028809,8.279999732971191,8.1899995803833,8.25,195800,0.0,0.0
2023-11-27 00:00:00-05:00,8.199999809265137,8.279999732971191,8.079000473022461,8.119999885559082,360000,0.0,0.0
2023-11-28 00:00:00-05:00,8.119999885559082,8.21500015258789,8.0600004196167,8.140000343322754,407200,0.0,0.0
2023-11-29 00:00:00-05:00,8.420000076293945,8.619999885559082,8.329999923706055,8.359999656677246,735600,0.0,0.0
2023-11-30 00:00:00-05:00,8.25,8.270000457763672,7.675000190734863,7.78000020980835,1345100,0.0,0.0
2023-12-01 00:00:00-05:00,7.090000152587891,7.449999809265137,7.050000190734863,7.449999809265137,4198000,0.0,0.0
2023-12-04 00:00:00-05:00,7.25,7.420000076293945,7.210000038146973,7.28000020980835,775100,0.0,0.0
2023-12-05 00:00:00-05:00,7.28000020980835,7.28000020980835,7.03000020980835,7.070000171661377,563300,0.0,0.0
2023-12-06 00:00:00-05:00,7.179999828338623,7.329999923706055,7.110000133514404,7.130000114440918,1390100,0.0,0.0
2023-12-07 00:00:00-05:00,7.179999828338623,7.260000228881836,7.059000015258789,7.25,885000,0.0,0.0
2023-12-08 00:00:00-05:00,7.130000114440918,7.440000057220459,7.119999885559082,7.159999847412109,1689700,0.0,0.0
2023-12-11 00:00:00-05:00,7.0,7.079999923706055,6.804999828338623,6.860000133514404,1487400,0.0,0.0
2023-12-12 00:00:00-05:00,6.789999961853027,6.880000114440918,6.6519999504089355,6.78000020980835,943200,0.0,0.0
2023-12-13 00:00:00-05:00,6.730000019073486,7.070000171661377,6.574999809265137,7.0,1859400,0.0,0.0
2023-12-14 00:00:00-05:00,7.090000152587891,7.135000228881836,6.679999828338623,6.889999866485596,2021600,0.0,0.0
2023-12-15 00:00:00-05:00,6.889999866485596,7.059999942779541,6.880000114440918,7.039999961853027,1132900,0.0,0.0
2023-12-18 00:00:00-05:00,7.260000228881836,7.497000217437744,7.150000095367432,7.449999809265137,1311700,0.0,0.0
2023-12-19 00:00:00-05:00,7.550000190734863,8.100000381469727,7.520999908447266,8.09000015258789,2550200,0.0,0.0
2023-12-20 00:00:00-05:00,8.039999961853027,8.369999885559082,8.0,8.0600004196167,1932200,0.0,0.0
2023-12-21 00:00:00-05:00,8.149999618530273,8.75,8.149999618530273,8.720000267028809,2325100,0.0,0.0
2023-12-22 00:00:00-05:00,8.869999885559082,8.9399995803833,8.71500015258789,8.9399995803833,1444500,0.0,0.0
2023-12-26 00:00:00-05:00,9.020000457763672,9.170000076293945,8.991000175476074,9.069999694824219,840100,0.0,0.0
2023-12-27 00:00:00-05:00,8.970000267028809,9.079999923706055,8.880000114440918,9.069999694824219,767400,0.0,0.0
2023-12-28 00:00:00-05:00,9.050000190734863,9.119999885559082,8.960000038146973,8.989999771118164,443600,0.0,0.0
2023-12-29 00:00:00-05:00,9.020000457763672,9.020000457763672,8.720000267028809,8.819999694824219,708500,0.0,0.0
2024-01-02 00:00:00-05:00,8.800000190734863,8.819999694824219,8.489999771118164,8.59000015258789,917700,0.0,0.0
2024-01-03 00:00:00-05:00,8.40999984741211,8.449999809265137,8.220000267028809,8.369999885559082,1141900,0.0,0.0
2024-01-04 00:00:00-05:00,8.399999618530273,8.531000137329102,8.3100004196167,8.479999542236328,625300,0.0,0.0
2024-01-05 00:00:00-05:00,8.399999618530273,8.609999656677246,8.25,8.289999961853027,944400,0.0,0.0
2024-01-08 00:00:00-05:00,8.289999961853027,8.489999771118164,8.270000457763672,8.479999542236328,867900,0.0,0.0
2024-01-09 00:00:00-05:00,8.289999961853027,8.300000190734863,8.069999694824219,8.100000381469727,1221000,0.0,0.0
2024-01-10 00:00:00-05:00,8.0,8.010000228881836,7.75,7.849999904632568,1312400,0.0,0.0
2024-01-11 00:00:00-05:00,7.800000190734863,7.849999904632568,7.670000076293945,7.670000076293945,654300,0.0,0.0
2024-01-12 00:00:00-05:00,7.980000019073486,8.079999923706055,7.769999980926514,7.860000133514404,1034200,0.0,0.0
2024-01-16 00:00:00-05:00,7.710000038146973,7.71999979019165,7.460000038146973,7.559999942779541,876500,0.0,0.0
2024-01-17 00:00:00-05:00,7.480000019073486,7.489999771118164,7.289000034332275,7.300000190734863,1415900,0.0,0.0
2024-01-18 00:00:00-05:00,7.260000228881836,7.300000190734863,7.190000057220459,7.239999771118164,767500,0.0,0.0
2024-01-19 00:00:00-05:00,7.269999980926514,7.320000171661377,7.210000038146973,7.21999979019165,652900,0.0,0.0
2024-01-22 00:00:00-05:00,7.079999923706055,7.171000003814697,6.885000228881836,6.949999809265137,2150600,0.0,0.0
2024-01-23 00:00:00-05:00,7.0,7.260000228881836,7.0,7.230000019073486,1012000,0.0,0.0
2024-01-24 00:00:00-05:00,7.380000114440918,7.380000114440918,7.2210001945495605,7.300000190734863,655900,0.0,0.0
2024-01-25 00:00:00-05:00,7.349999904632568,7.525000095367432,7.304999828338623,7.46999979019165,855600,0.0,0.0
2024-01-26 00:00:00-05:00,7.510000228881836,7.65500020980835,7.5,7.619999885559082,724400,0.0,0.0
2024-01-29 00:00:00-05:00,7.5,7.699999809265137,7.394999980926514,7.690000057220459,620300,0.0,0.0
2024-01-30 00:00:00-05:00,7.489999771118164,7.51800012588501,7.190000057220459,7.239999771118164,1113700,0.0,0.0
2024-01-31 00:00:00-05:00,7.369999885559082,7.514999866485596,7.230000019073486,7.239999771118164,725600,0.0,0.0
2024-02-01 00:00:00-05:00,7.260000228881836,7.375,7.190000057220459,7.320000171661377,831500,0.0,0.0
2024-02-02 00:00:00-05:00,7.230000019073486,7.269999980926514,7.079999923706055,7.099999904632568,839400,0.0,0.0
2024-02-05 00:00:00-05:00,7.0,7.150000095367432,6.800000190734863,7.119999885559082,1208700,0.0,0.0
2024-02-06 00:00:00-05:00,7.150000095367432,7.315000057220459,7.144999980926514,7.21999979019165,645400,0.0,0.0
2024-02-07 00:00:00-05:00,7.199999809265137,7.210000038146973,6.994999885559082,7.079999923706055,668600,0.0,0.0
2024-02-08 00:00:00-05:00,7.090000152587891,7.119999885559082,6.980000019073486,7.050000190734863,433800,0.0,0.0
2024-02-09 00:00:00-05:00,7.079999923706055,7.170000076293945,6.989999771118164,7.019999980926514,470100,0.0,0.0
2024-02-12 00:00:00-05:00,7.010000228881836,7.289999961853027,6.349999904632568,7.099999904632568,1725900,0.0,0.0
2024-02-13 00:00:00-05:00,7.0,7.070000171661377,6.71999979019165,6.849999904632568,784400,0.0,0.0
2024-02-14 00:00:00-05:00,6.900000095367432,7.0,6.78000020980835,6.920000076293945,643000,0.0,0.0
2024-02-15 00:00:00-05:00,7.090000152587891,7.230000019073486,7.019999980926514,7.099999904632568,848700,0.0,0.0
2024-02-16 00:00:00-05:00,7.449999809265137,7.974999904632568,7.429999828338623,7.820000171661377,1593200,0.0,0.0
2024-02-20 00:00:00-05:00,7.860000133514404,7.960000038146973,7.670000076293945,7.929999828338623,1461600,0.0,0.0
2024-02-21 00:00:00-05:00,8.15999984741211,8.239999771118164,7.730000019073486,7.900000095367432,2092500,0.0,0.0
2024-02-22 00:00:00-05:00,7.989999771118164,8.395000457763672,7.940000057220459,8.34000015258789,2158800,0.0,0.0
2024-02-23 00:00:00-05:00,8.260000228881836,8.295000076293945,8.100000381469727,8.180000305175781,989300,0.0,0.0
2024-02-26 00:00:00-05:00,8.180000305175781,8.489999771118164,8.130000114440918,8.470000267028809,918800,0.0,0.0
2024-02-27 00:00:00-05:00,8.539999961853027,8.739999771118164,8.479999542236328,8.600000381469727,603500,0.0,0.0
2024-02-28 00:00:00-05:00,8.430000305175781,8.529999732971191,8.239999771118164,8.289999961853027,1101300,0.0,0.0
2024-02-29 00:00:00-05:00,8.319999694824219,8.520000457763672,8.274999618530273,8.470000267028809,865100,0.0,0.0
2024-03-01 00:00:00-05:00,8.630000114440918,8.845000267028809,8.550000190734863,8.800000190734863,871800,0.0,0.0
2024-03-04 00:00:00-05:00,8.760000228881836,8.944999694824219,8.595000267028809,8.9399995803833,988400,0.0,0.0
2024-03-05 00:00:00-05:00,8.930000305175781,8.9399995803833,8.470000267028809,8.479999542236328,922700,0.0,0.0
2024-03-06 00:00:00-05:00,8.550000190734863,8.5600004196167,8.140000343322754,8.170000076293945,1074600,0.0,0.0
2024-03-07 00:00:00-05:00,8.210000038146973,8.255000114440918,8.109999656677246,8.220000267028809,680900,0.0,0.0
2024-03-08 00:00:00-05:00,8.119999885559082,8.1850004196167,7.994999885559082,8.020000457763672,754400,0.0,0.0
2024-03-11 00:00:00-04:00,8.010000228881836,8.345000267028809,8.010000228881836,8.199999809265137,787300,0.0,0.0
2024-03-12 00:00:00-04:00,8.369999885559082,8.420000076293945,8.175000190734863,8.210000038146973,491700,0.0,0.0
2024-03-13 00:00:00-04:00,8.1899995803833,8.40999984741211,8.180000305175781,8.289999961853027,450700,0.0,0.0
2024-03-14 00:00:00-04:00,8.220000267028809,8.34000015258789,8.095000267028809,8.329999923706055,925800,0.0,0.0
2024-03-15 00:00:00-04:00,8.229999542236328,8.59000015258789,8.229999542236328,8.529999732971191,1300900,0.0,0.0
2024-03-18 00:00:00-04:00,8.680000305175781,8.739999771118164,8.404999732971191,8.59000015258789,1114300,0.0,0.0
2024-03-19 00:00:00-04:00,8.880000114440918,9.244999885559082,8.829999923706055,8.989999771118164,2378100,0.0,0.0
2024-03-20 00:00:00-04:00,9.90999984741211,10.5600004196167,9.670000076293945,10.5600004196167,3961700,0.0,0.0
2024-03-21 00:00:00-04:00,10.529999732971191,10.680000305175781,10.319999694824219,10.65999984741211,2383800,0.0,0.0
2024-03-22 00:00:00-04:00,10.739999771118164,10.979999542236328,10.479999542236328,10.8100004196167,1434900,0.0,0.0
2024-03-25 00:00:00-04:00,10.699999809265137,10.711000442504883,10.305000305175781,10.369999885559082,1424700,0.0,0.0
2024-03-26 00:00:00-04:00,10.369999885559082,10.550000190734863,10.26099967956543,10.390000343322754,642400,0.0,0.0
2024-03-27 00:00:00-04:00,10.420000076293945,10.90999984741211,10.279999732971191,10.899999618530273,1188500,0.0,0.0
2024-03-28 00:00:00-04:00,10.8100004196167,10.899999618530273,10.484999656677246,10.529999732971191,938100,0.0,0.0
2024-04-01 00:00:00-04:00,10.479999542236328,10.5,10.229999542236328,10.300000190734863,452000,0.0,0.0
2024-04-02 00:00:00-04:00,10.3100004196167,10.489999771118164,10.234999656677246,10.270000457763672,515100,0.0,0.0
2024-04-03 00:00:00-04:00,10.270000457763672,10.319999694824219,9.869999885559082,10.3100004196167,1138100,0.0,0.0
2024-04-04 00:00:00-04:00,10.4399995803833,10.635000228881836,10.329999923706055,10.369999885559082,506700,0.0,0.0
2024-04-05 00:00:00-04:00,10.399999618530273,10.5,10.039999961853027,10.1899995803833,962500,0.0,0.0
2024-04-08 00:00:00-04:00,9.920000076293945,10.0,9.739999771118164,9.880000114440918,993700,0.0,0.0
2024-04-09 00:00:00-04:00,9.960000038146973,9.96500015258789,9.805000305175781,9.899999618530273,471300,0.0,0.0
2024-04-10 00:00:00-04:00,9.670000076293945,9.8149995803833,9.579999923706055,9.699999809265137,555100,0.0,0.0
2024-04-11 00:00:00-04:00,9.600000381469727,9.699999809265137,9.529999732971191,9.619999885559082,404900,0.0,0.0
2024-04-12 00:00:00-04:00,9.470000267028809,9.510000228881836,9.210000038146973,9.270000457763672,756900,0.0,0.0
2024-04-15 00:00:00-04:00,9.010000228881836,9.140000343322754,8.859999656677246,8.930000305175781,651200,0.0,0.0
2024-04-16 00:00:00-04:00,8.75,8.789999961853027,8.600000381469727,8.710000038146973,700500,0.0,0.0
2024-04-17 00:00:00-04:00,8.680000305175781,8.699999809265137,8.545000076293945,8.569999694824219,727600,0.0,0.0
2024-04-18 00:00:00-04:00,8.5,8.640000343322754,8.350000381469727,8.640000343322754,1206500,0.0,0.0
2024-04-19 00:00:00-04:00,8.520000457763672,8.75,8.510000228881836,8.649999618530273,661100,0.0,0.0
2024-04-22 00:00:00-04:00,8.430000305175781,8.800000190734863,8.380000114440918,8.760000228881836,601500,0.0,0.0
2024-04-23 00:00:00-04:00,8.619999885559082,8.9399995803833,8.59000015258789,8.890000343322754,500600,0.0,0.0
2024-04-24 00:00:00-04:00,8.770000457763672,8.895000457763672,8.729999542236328,8.800000190734863,774200,0.0,0.0
2024-04-25 00:00:00-04:00,8.640000343322754,8.819999694824219,8.640000343322754,8.720000267028809,422000,0.0,0.0
2024-04-26 00:00:00-04:00,8.880000114440918,9.050000190734863,8.819999694824219,8.9399995803833,693900,0.0,0.0
2024-04-29 00:00:00-04:00,9.09000015258789,9.210000038146973,8.800000190734863,8.819999694824219,503200,0.0,0.0
2024-04-30 00:00:00-04:00,8.4399995803833,8.4399995803833,8.130000114440918,8.199999809265137,1606000,0.0,0.0
2024-05-01 00:00:00-04:00,8.170000076293945,8.3100004196167,8.0600004196167,8.15999984741211,630000,0.0,0.0
2024-05-02 00:00:00-04:00,8.350000381469727,8.6850004196167,8.34000015258789,8.619999885559082,907000,0.0,0.0
2024-05-03 00:00:00-04:00,8.829999923706055,9.050000190734863,8.765000343322754,9.029999732971191,739500,0.0,0.0
2024-05-06 00:00:00-04:00,7.699999809265137,7.860000133514404,7.579999923706055,7.75,5857900,0.0,0.0
2024-05-07 00:00:00-04:00,7.889999866485596,8.09000015258789,7.835000038146973,7.869999885559082,1132000,0.0,0.0
2024-05-08 00:00:00-04:00,7.78000020980835,7.889999866485596,7.730000019073486,7.75,724300,0.0,0.0
2024-05-09 00:00:00-04:00,7.449999809265137,7.585000038146973,7.364999771118164,7.409999847412109,1027300,0.0,0.0
2024-05-10 00:00:00-04:00,7.519999980926514,7.565000057220459,7.340000152587891,7.360000133514404,466400,0.0,0.0
2024-05-13 00:00:00-04:00,7.360000133514404,7.5,7.300000190734863,7.320000171661377,549800,0.0,0.0
2024-05-14 00:00:00-04:00,7.309999942779541,7.610000133514404,7.309999942779541,7.570000171661377,1017600,0.0,0.0
2024-05-15 00:00:00-04:00,7.570000171661377,7.650000095367432,7.445000171661377,7.5,568300,0.0,0.0
2024-05-16 00:00:00-04:00,7.510000228881836,7.619999885559082,7.480000019073486,7.519999980926514,460800,0.0,0.0
2024-05-17 00:00:00-04:00,7.590000152587891,7.625,7.519999980926514,7.539999961853027,242600,0.0,0.0
2024-05-20 00:00:00-04:00,7.869999885559082,7.960000038146973,7.679999828338623,7.78000020980835,833800,0.0,0.0
2024-05-21 00:00:00-04:00,7.880000114440918,7.889999866485596,7.764999866485596,7.829999923706055,567100,0.0,0.0
2024-05-22 00:00:00-04:00,7.78000020980835,7.880000114440918,7.704999923706055,7.730000019073486,528300,0.0,0.0
2024-05-23 00:00:00-04:00,7.730000019073486,7.755000114440918,7.440000057220459,7.449999809265137,726700,0.0,0.0
2024-05-24 00:00:00-04:00,7.539999961853027,7.590000152587891,7.340000152587891,7.380000114440918,477900,0.0,0.0
2024-05-28 00:00:00-04:00,7.5,7.579999923706055,7.369999885559082,7.46999979019165,483600,0.0,0.0
2024-05-29 00:00:00-04:00,7.309999942779541,7.440000057220459,7.309999942779541,7.369999885559082,634500,0.0,0.0
2024-05-30 00:00:00-04:00,7.320000171661377,7.440000057220459,7.311999797821045,7.420000076293945,267900,0.0,0.0
2024-05-31 00:00:00-04:00,7.389999866485596,7.420000076293945,7.120999813079834,7.190000057220459,673200,0.0,0.0
2024-06-03 00:00:00-04:00,7.199999809265137,7.224999904632568,7.019999980926514,7.119999885559082,766700,0.0,0.0
2024-06-04 00:00:00-04:00,7.010000228881836,7.070000171661377,6.965000152587891,7.010000228881836,898800,0.0,0.0
2024-06-05 00:00:00-04:00,7.090000152587891,7.179999828338623,7.0,7.099999904632568,1577000,0.0,0.0
2024-06-06 00:00:00-04:00,7.070000171661377,7.085000038146973,6.739999771118164,6.800000190734863,1013700,0.0,0.0
2024-06-07 00:00:00-04:00,6.659999847412109,6.710000038146973,6.534999847412109,6.619999885559082,670300,0.0,0.0
2024-06-10 00:00:00-04:00,6.579999923706055,6.800000190734863,6.579999923706055,6.670000076293945,621900,0.0,0.0
2024-06-11 00:00:00-04:00,6.789999961853027,6.864999771118164,6.724999904632568,6.809999942779541,673800,0.0,0.0
2024-06-12 00:00:00-04:00,6.75,6.769999980926514,6.510000228881836,6.599999904632568,947500,0.0,0.0
2024-06-13 00:00:00-04:00,6.650000095367432,6.880000114440918,6.625,6.860000133514404,810800,0.0,0.0
2024-06-14 00:00:00-04:00,6.769999980926514,7.005000114440918,6.769999980926514,6.880000114440918,742800,0.0,0.0
2024-06-17 00:00:00-04:00,6.699999809265137,6.730000019073486,6.440000057220459,6.5,843400,0.0,0.0
2024-06-18 00:00:00-04:00,6.429999828338623,6.570000171661377,6.400000095367432,6.53000020980835,848900,0.0,0.0
2024-06-20 00:00:00-04:00,6.619999885559082,6.704999923706055,6.514999866485596,6.599999904632568,558600,0.0,0.0
2024-06-21 00:00:00-04:00,6.480000019073486,6.699999809265137,6.440000057220459,6.630000114440918,430700,0.0,0.0
2024-06-24 00:00:00-04:00,6.699999809265137,6.75,6.614999771118164,6.71999979019165,508700,0.0,0.0
2024-06-25 00:00:00-04:00,6.619999885559082,6.644999980926514,6.53000020980835,6.619999885559082,367300,0.0,0.0
2024-06-26 00:00:00-04:00,6.489999771118164,6.53000020980835,6.440000057220459,6.519999980926514,506700,0.0,0.0
2024-06-27 00:00:00-04:00,6.53000020980835,6.730000019073486,6.480000019073486,6.730000019073486,449100,0.0,0.0
2024-06-28 00:00:00-04:00,6.579999923706055,6.61899995803833,6.420000076293945,6.449999809265137,562800,0.0,0.0
2024-07-01 00:00:00-04:00,6.400000095367432,6.53000020980835,6.230000019073486,6.269999980926514,683600,0.0,0.0
2024-07-02 00:00:00-04:00,6.21999979019165,6.289999961853027,6.110000133514404,6.28000020980835,917600,0.0,0.0
2024-07-03 00:00:00-04:00,6.380000114440918,6.769999980926514,6.380000114440918,6.769999980926514,816100,0.0,0.0
2024-07-05 00:00:00-04:00,6.670000076293945,6.789999961853027,6.550000190734863,6.789999961853027,615000,0.0,0.0
2024-07-08 00:00:00-04:00,6.630000114440918,6.809999942779541,6.619999885559082,6.809999942779541,483200,0.0,0.0
2024-07-09 00:00:00-04:00,6.789999961853027,6.889999866485596,6.760000228881836,6.840000152587891,450900,0.0,0.0
2024-07-10 00:00:00-04:00,6.900000095367432,6.949999809265137,6.849999904632568,6.949999809265137,335400,0.0,0.0
2024-07-11 00:00:00-04:00,7.050000190734863,7.179999828338623,6.994999885559082,7.150000095367432,734900,0.0,0.0
2024-07-12 00:00:00-04:00,7.159999847412109,7.224999904632568,7.090000152587891,7.150000095367432,267000,0.0,0.0
2024-07-15 00:00:00-04:00,7.170000076293945,7.215000152587891,7.070000171661377,7.179999828338623,699400,0.0,0.0
2024-07-16 00:00:00-04:00,7.269999980926514,7.320000171661377,7.150000095367432,7.239999771118164,422900,0.0,0.0
2024-07-17 00:00:00-04:00,7.139999866485596,7.210000038146973,6.960000038146973,7.03000020980835,418200,0.0,0.0
2024-07-18 00:00:00-04:00,6.820000171661377,6.869999885559082,6.554999828338623,6.599999904632568,611500,0.0,0.0
2024-07-19 00:00:00-04:00,6.639999866485596,6.730000019073486,6.429999828338623,6.480000019073486,433600,0.0,0.0
2024-07-22 00:00:00-04:00,6.639999866485596,6.840000152587891,6.619999885559082,6.75,407500,0.0,0.0
2024-07-23 00:00:00-04:00,6.699999809265137,6.710000038146973,6.510000228881836,6.539999961853027,337200,0.0,0.0
2024-07-24 00:00:00-04:00,6.440000057220459,6.510000228881836,6.284999847412109,6.320000171661377,354600,0.0,0.0
2024-07-25 00:00:00-04:00,6.289999961853027,6.4079999923706055,6.255000114440918,6.320000171661377,341400,0.0,0.0
2024-07-26 00:00:00-04:00,6.480000019073486,6.489999771118164,6.300000190734863,6.440000057220459,764000,0.0,0.0
2024-07-29 00:00:00-04:00,6.389999866485596,6.400000095367432,6.340000152587891,6.380000114440918,285700,0.0,0.0
2024-07-30 00:00:00-04:00,6.340000152587891,6.428999900817871,6.315000057220459,6.329999923706055,335300,0.0,0.0
2024-07-31 00:00:00-04:00,6.340000152587891,6.400000095367432,6.210000038146973,6.21999979019165,355500,0.0,0.0
2024-08-01 00:00:00-04:00,6.260000228881836,6.329999923706055,5.960000038146973,6.019999980926514,719300,0.0,0.0
2024-08-02 00:00:00-04:00,6.079999923706055,6.079999923706055,5.71999979019165,5.78000020980835,1531600,0.0,0.0
2024-08-05 00:00:00-04:00,5.409999847412109,5.659999847412109,5.28000020980835,5.619999885559082,2735800,0.0,0.0
2024-08-06 00:00:00-04:00,5.699999809265137,5.75,5.570000171661377,5.659999847412109,603300,0.0,0.0
2024-08-07 00:00:00-04:00,5.769999980926514,5.965000152587891,5.71999979019165,5.909999847412109,909200,0.0,0.0
2024-08-08 00:00:00-04:00,6.010000228881836,6.349999904632568,5.980000019073486,6.190000057220459,1754200,0.0,0.0
2024-08-09 00:00:00-04:00,6.179999828338623,6.300000190734863,6.090000152587891,6.239999771118164,606000,0.0,0.0
2024-08-12 00:00:00-04:00,6.309999942779541,6.324999809265137,5.960000038146973,5.980000019073486,739300,0.0,0.0
2024-08-13 00:00:00-04:00,5.989999771118164,6.085000038146973,5.96999979019165,6.010000228881836,514500,0.0,0.0
2024-08-14 00:00:00-04:00,6.039999961853027,6.079999923706055,5.940000057220459,6.010000228881836,575600,0.0,0.0
2024-08-15 00:00:00-04:00,5.989999771118164,6.170000076293945,5.96999979019165,6.079999923706055,987400,0.0,0.0
2024-08-16 00:00:00-04:00,6.269999980926514,6.269999980926514,6.119999885559082,6.21999979019165,340700,0.0,0.0
2024-08-19 00:00:00-04:00,6.349999904632568,6.480000019073486,6.284999847412109,6.340000152587891,853800,0.0,0.0
2024-08-20 00:00:00-04:00,6.46999979019165,6.480000019073486,6.264999866485596,6.460000038146973,506700,0.0,0.0
2024-08-21 00:00:00-04:00,6.5,6.559999942779541,6.309999942779541,6.380000114440918,535400,0.0,0.0
2024-08-22 00:00:00-04:00,6.28000020980835,6.28000020980835,6.090000152587891,6.090000152587891,307100,0.0,0.0
2024-08-23 00:00:00-04:00,6.21999979019165,6.40500020980835,6.159999847412109,6.329999923706055,437100,0.0,0.0
2024-08-26 00:00:00-04:00,6.320000171661377,6.510000228881836,6.300000190734863,6.429999828338623,739400,0.0,0.0
2024-08-27 00:00:00-04:00,6.429999828338623,6.545000076293945,6.429999828338623,6.429999828338623,288900,0.0,0.0
2024-08-28 00:00:00-04:00,6.360000133514404,6.434999942779541,6.320000171661377,6.380000114440918,315800,0.0,0.0
2024-08-29 00:00:00-04:00,6.320000171661377,6.320000171661377,6.210000038146973,6.230000019073486,403000,0.0,0.0
2024-08-30 00:00:00-04:00,6.159999847412109,6.349999904632568,6.159999847412109,6.320000171661377,377100,0.0,0.0
2024-09-03 00:00:00-04:00,6.610000133514404,6.664999961853027,6.309999942779541,6.510000228881836,1334500,0.0,0.0
2024-09-04 00:00:00-04:00,6.639999866485596,6.769999980926514,6.590000152587891,6.610000133514404,708500,0.0,0.0
2024-09-05 00:00:00-04:00,6.630000114440918,6.630000114440918,6.425000190734863,6.510000228881836,461800,0.0,0.0
2024-09-06 00:00:00-04:00,6.650000095367432,6.840000152587891,6.519999980926514,6.800000190734863,1859000,0.0,0.0
2024-09-09 00:00:00-04:00,6.639999866485596,6.679999828338623,6.474999904632568,6.53000020980835,686800,0.0,0.0
2024-09-10 00:00:00-04:00,6.340000152587891,6.429999828338623,6.139999866485596,6.21999979019165,877200,0.0,0.0
2024-09-11 00:00:00-04:00,6.320000171661377,6.465000152587891,6.230000019073486,6.400000095367432,382700,0.0,0.0
2024-09-12 00:00:00-04:00,6.289999961853027,6.454999923706055,6.260000228881836,6.409999847412109,277000,0.0,0.0
2024-09-13 00:00:00-04:00,6.570000171661377,6.980000019073486,6.559999942779541,6.96999979019165,723700,0.0,0.0
2024-09-16 00:00:00-04:00,7.099999904632568,7.179999828338623,6.974999904632568,7.0,867700,0.0,0.0
2024-09-17 00:00:00-04:00,6.960000038146973,6.960000038146973,6.789999961853027,6.909999847412109,582700,0.0,0.0
2024-09-18 00:00:00-04:00,7.369999885559082,7.51800012588501,7.195000171661377,7.269999980926514,2232300,0.0,0.0
2024-09-19 00:00:00-04:00,7.420000076293945,7.440000057220459,7.031000137329102,7.039999961853027,994300,0.0,0.0
2024-09-20 00:00:00-04:00,6.949999809265137,6.980000019073486,6.730000019073486,6.860000133514404,1240900,0.0,0.0
2024-09-23 00:00:00-04:00,6.650000095367432,6.945000171661377,6.650000095367432,6.829999923706055,954600,0.0,0.0
2024-09-24 00:00:00-04:00,7.0,7.150000095367432,6.960000038146973,7.150000095367432,1177900,0.0,0.0
2024-09-25 00:00:00-04:00,7.110000133514404,7.400000095367432,7.03000020980835,7.380000114440918,1454500,0.0,0.0
2024-09-26 00:00:00-04:00,7.53000020980835,7.580999851226807,7.349999904632568,7.539999961853027,818800,0.0,0.0
2024-09-27 00:00:00-04:00,7.599999904632568,7.710000038146973,7.493000030517578,7.53000020980835,601000,0.0,0.0
2024-09-30 00:00:00-04:00,7.46999979019165,7.510000228881836,7.309999942779541,7.340000152587891,544300,0.0,0.0
2024-10-01 00:00:00-04:00,7.380000114440918,7.409999847412109,7.269999980926514,7.389999866485596,393100,0.0,0.0
2024-10-02 00:00:00-04:00,7.550000190734863,7.605000019073486,7.429999828338623,7.5,389700,0.0,0.0
2024-10-03 00:00:00-04:00,7.369999885559082,7.380000114440918,7.159999847412109,7.28000020980835,462800,0.0,0.0
2024-10-04 00:00:00-04:00,7.230000019073486,7.380000114440918,7.184999942779541,7.380000114440918,465700,0.0,0.0
2024-10-07 00:00:00-04:00,7.489999771118164,7.559999942779541,7.320000171661377,7.340000152587891,244900,0.0,0.0
2024-10-08 00:00:00-04:00,7.260000228881836,7.340000152587891,7.0,7.0,762700,0.0,0.0
2024-10-09 00:00:00-04:00,6.829999923706055,6.889999866485596,6.690000057220459,6.690000057220459,589800,0.0,0.0
2024-10-10 00:00:00-04:00,6.679999828338623,6.769999980926514,6.599999904632568,6.75,357000,0.0,0.0
2024-10-11 00:00:00-04:00,6.659999847412109,6.835000038146973,6.650000095367432,6.699999809265137,254600,0.0,0.0
2024-10-14 00:00:00-04:00,6.639999866485596,6.789999961853027,6.619999885559082,6.730000019073486,291500,0.0,0.0
2024-10-15 00:00:00-04:00,6.650000095367432,6.695000171661377,6.53000020980835,6.559999942779541,426700,0.0,0.0
2024-10-16 00:00:00-04:00,6.559999942779541,6.599999904632568,6.494999885559082,6.53000020980835,334700,0.0,0.0
2024-10-17 00:00:00-04:00,6.389999866485596,6.449999809265137,6.329999923706055,6.420000076293945,328500,0.0,0.0
2024-10-18 00:00:00-04:00,6.559999942779541,6.559999942779541,6.340000152587891,6.340000152587891,313200,0.0,0.0
2024-10-21 00:00:00-04:00,6.349999904632568,6.408999919891357,6.324999809265137,6.369999885559082,551600,0.0,0.0
2024-10-22 00:00:00-04:00,6.320000171661377,6.355000019073486,6.224999904632568,6.269999980926514,328900,0.0,0.0
2024-10-23 00:00:00-04:00,6.170000076293945,6.235000133514404,6.135000228881836,6.179999828338623,307000,0.0,0.0
2024-10-24 00:00:00-04:00,6.179999828338623,6.25,6.03000020980835,6.159999847412109,552200,0.0,0.0
2024-10-25 00:00:00-04:00,6.090000152587891,6.230000019073486,6.070000171661377,6.090000152587891,483700,0.0,0.0
2024-10-28 00:00:00-04:00,6.28000020980835,6.34499979019165,6.21999979019165,6.320000171661377,407200,0.0,0.0
2024-10-29 00:00:00-04:00,6.309999942779541,6.320000171661377,6.159999847412109,6.210000038146973,351500,0.0,0.0
2024-10-30 00:00:00-04:00,6.159999847412109,6.255000114440918,6.125,6.130000114440918,191300,0.0,0.0
2024-10-31 00:00:00-04:00,6.099999904632568,6.114999771118164,6.039999961853027,6.079999923706055,537100,0.0,0.0
2024-11-01 00:00:00-04:00,6.03000020980835,6.065000057220459,5.829999923706055,5.889999866485596,854000,0.0,0.0
2024-11-04 00:00:00-05:00,5.940000057220459,6.0,5.849999904632568,5.920000076293945,741300,0.0,0.0
2024-11-05 00:00:00-05:00,5.900000095367432,6.179999828338623,5.890999794006348,6.139999866485596,543900,0.0,0.0
2024-11-06 00:00:00-05:00,6.050000190734863,6.199999809265137,5.949999809265137,6.110000133514404,519500,0.0,0.0
2024-11-07 00:00:00-05:00,6.309999942779541,6.335000038146973,5.78000020980835,5.820000171661377,1481300,0.0,0.0
2024-11-08 00:00:00-05:00,5.670000076293945,5.699999809265137,5.489999771118164,5.53000020980835,1036300,0.0,0.0
2024-11-11 00:00:00-05:00,5.5,5.550000190734863,5.440000057220459,5.449999809265137,642300,0.0,0.0
2024-11-12 00:00:00-05:00,5.460000038146973,5.489999771118164,5.300000190734863,5.320000171661377,1124200,0.0,0.0
2024-11-13 00:00:00-05:00,5.28000020980835,5.309999942779541,5.199999809265137,5.269999980926514,609800,0.0,0.0
2024-11-14 00:00:00-05:00,5.329999923706055,5.340000152587891,5.179999828338623,5.190000057220459,400500,0.0,0.0
2024-11-15 00:00:00-05:00,5.199999809265137,5.25,5.114999771118164,5.190000057220459,288300,0.0,0.0
2024-11-18 00:00:00-05:00,5.159999847412109,5.230000019073486,5.090000152587891,5.099999904632568,629900,0.0,0.0
2024-11-19 00:00:00-05:00,5.119999885559082,5.260000228881836,5.070000171661377,5.090000152587891,618000,0.0,0.0
2024-11-20 00:00:00-05:00,5.090000152587891,5.159999847412109,5.054999828338623,5.079999923706055,279900,0.0,0.0
2024-11-21 00:00:00-05:00,5.0,5.0289998054504395,4.920000076293945,4.960000038146973,1175300,0.0,0.0
2024-11-22 00:00:00-05:00,5.0,5.309999942779541,5.0,5.300000190734863,1832900,0.0,0.0
2024-11-25 00:00:00-05:00,5.349999904632568,5.460000038146973,5.304999828338623,5.329999923706055,1036500,0.0,0.0
2024-11-26 00:00:00-05:00,5.380000114440918,5.3979997634887695,5.179999828338623,5.210000038146973,595700,0.0,0.0
2024-11-27 00:00:00-05:00,5.190000057220459,5.265999794006348,4.929999828338623,5.079999923706055,1473500,0.0,0.0
2024-11-29 00:00:00-05:00,4.71999979019165,5.050000190734863,4.684999942779541,5.019999980926514,1454900,0.0,0.0
2024-12-02 00:00:00-05:00,4.96999979019165,5.119999885559082,4.940000057220459,5.119999885559082,1173200,0.0,0.0
2024-12-03 00:00:00-05:00,5.050000190734863,5.179999828338623,5.0,5.110000133514404,971900,0.0,0.0
2024-12-04 00:00:00-05:00,5.110000133514404,5.150000095367432,5.084000110626221,5.110000133514404,990200,0.0,0.0
2024-12-05 00:00:00-05:00,5.210000038146973,5.260000228881836,5.085000038146973,5.099999904632568,726700,0.0,0.0
2024-12-06 00:00:00-05:00,5.019999980926514,5.039999961853027,4.742000102996826,4.820000171661377,1369000,0.0,0.0
2024-12-09 00:00:00-05:00,4.909999847412109,5.03000020980835,4.820000171661377,4.829999923706055,915300,0.0,0.0
2024-12-10 00:00:00-05:00,5.0,5.050000190734863,4.880000114440918,5.039999961853027,944600,0.0,0.0
2024-12-11 00:00:00-05:00,5.050000190734863,5.195000171661377,4.949999809265137,5.079999923706055,1284900,0.0,0.0
2024-12-12 00:00:00-05:00,4.929999828338623,4.985000133514404,4.739999771118164,4.78000020980835,1078500,0.0,0.0
2024-12-13 00:00:00-05:00,4.690000057220459,4.699999809265137,4.239999771118164,4.269999980926514,3704900,0.0,0.0
2024-12-16 00:00:00-05:00,4.269999980926514,4.320000171661377,4.070000171661377,4.139999866485596,1771900,0.0,0.0
2024-12-17 00:00:00-05:00,4.159999847412109,4.349999904632568,4.144999980926514,4.269999980926514,1670200,0.0,0.0
2024-12-18 00:00:00-05:00,4.190000057220459,4.21999979019165,3.924999952316284,3.9800000190734863,1367300,0.0,0.0
2024-12-19 00:00:00-05:00,4.139999866485596,4.150000095367432,4.034999847412109,4.050000190734863,1026400,0.0,0.0
2024-12-20 00:00:00-05:00,4.03000020980835,4.119999885559082,4.0,4.010000228881836,1068100,0.0,0.0
2024-12-23 00:00:00-05:00,3.9100000858306885,3.9200000762939453,3.8399999141693115,3.8399999141693115,1246800,0.0,0.0
2024-12-24 00:00:00-05:00,3.8299999237060547,3.9549999237060547,3.819999933242798,3.930000066757202,385900,0.0,0.0
2024-12-26 00:00:00-05:00,3.799999952316284,3.9000000953674316,3.7799999713897705,3.8399999141693115,1151100,0.0,0.0
2024-12-27 00:00:00-05:00,3.7799999713897705,3.9149999618530273,3.740000009536743,3.799999952316284,976583,0.0,0.0
