Date,Open,High,Low,Close,Volume,Dividends,Stock Splits
2022-01-03 00:00:00-05:00,13.276208551954312,13.617478533570852,13.226267145535346,13.60915470123291,14468600,0.0,0.0
2022-01-04 00:00:00-05:00,13.742331955863131,13.967070651646583,13.659095225468308,13.800597190856934,16821400,0.0,0.0
2022-01-05 00:00:00-05:00,14.025336978284056,14.208456529318672,13.842215839640732,13.875511169433594,20913100,0.0,0.0
2022-01-06 00:00:00-05:00,14.141870957107843,14.208460045564026,13.908808353706657,14.166842460632324,13691100,0.0,0.0
2022-01-07 00:00:00-05:00,14.150193540107443,14.416549870374386,14.116898205019597,14.374932289123535,17813800,0.0,0.0
2022-01-10 00:00:00-05:00,14.466490878696959,14.51643387992467,14.225106056532018,14.508110046386719,18460800,0.0,0.0
2022-01-11 00:00:00-05:00,14.574695554128828,14.682902188377767,14.383252192514576,14.65793228149414,16391800,0.0,0.0
2022-01-12 00:00:00-05:00,14.741171234546254,14.791114236449978,14.541403989758159,14.691229820251465,16120300,0.0,0.0
2022-01-13 00:00:00-05:00,14.691226671081955,14.849376301325375,14.566372368303925,14.624637603759766,14816500,0.0,0.0
2022-01-14 00:00:00-05:00,14.624641545577248,14.899321720767608,14.624641545577248,14.890997886657715,13888300,0.0,0.0
2022-01-18 00:00:00-05:00,14.866025360894174,14.965908177451592,14.549726070708608,14.732847213745117,21260600,0.0,0.0
2022-01-19 00:00:00-05:00,14.857703116936118,14.866026950474069,14.424873298616115,14.508110046386719,16247700,0.0,0.0
2022-01-20 00:00:00-05:00,14.699553454932865,14.907644530554913,14.474814712234911,14.508110046386719,17785400,0.0,0.0
2022-01-21 00:00:00-05:00,14.483138897070074,14.616317061689788,14.34996073245036,14.458168983459473,20471800,0.0,0.0
2022-01-24 00:00:00-05:00,14.233429163285095,14.441520228281636,13.875512277473634,14.416548728942871,24843800,0.0,0.0
2022-01-25 00:00:00-05:00,14.308343235406626,14.632964815122874,14.05863298457116,14.566375732421875,18664900,0.0,0.0
2022-01-26 00:00:00-05:00,14.732848900891383,15.149031055293863,14.43319724168674,14.583023071289062,25755700,0.0,0.0
2022-01-27 00:00:00-05:00,14.857700978677752,14.882670888089129,14.341634486857284,14.549725532531738,20238700,0.0,0.0
2022-01-28 00:00:00-05:00,14.541272163391113,14.591997077648456,14.25382829507293,14.541272163391113,17329900,0.27,0.0
2022-01-31 00:00:00-05:00,14.482096609767046,14.727270076278758,14.372192319186432,14.676545143127441,20557400,0.0,0.0
2022-02-01 00:00:00-05:00,14.600453303428699,14.811809020226974,14.549726770385485,14.718811988830566,17462200,0.0,0.0
2022-02-02 00:00:00-05:00,14.676541490477371,14.828717864574712,14.625814957434157,14.718811988830566,20179100,0.0,0.0
2022-02-03 00:00:00-05:00,14.761081597165642,14.761081597165642,14.499000975642431,14.600452423095703,14274000,0.0,0.0
2022-02-04 00:00:00-05:00,14.701902125777103,14.794899150729679,14.541272953152156,14.668086051940918,13936000,0.0,0.0
2022-02-07 00:00:00-05:00,14.718812150413717,14.90480460273221,14.625815117996387,14.761082649230957,16589600,0.0,0.0
2022-02-08 00:00:00-05:00,14.769537746278445,14.79490101423727,14.541274784713986,14.617362976074219,16452300,0.0,0.0
2022-02-09 00:00:00-05:00,14.659634289229345,14.904806109686605,14.625816596743473,14.68499755859375,16669200,0.0,0.0
2022-02-10 00:00:00-05:00,14.634267570776915,14.83716884032223,14.465183985747126,14.541272163391113,15617000,0.0,0.0
2022-02-11 00:00:00-05:00,14.583544774626219,14.854079839979013,14.566635929912623,14.828718185424805,19778700,0.0,0.0
2022-02-14 00:00:00-05:00,14.803353839894148,14.828717105116766,14.456730611098699,14.532818794250488,15312600,0.0,0.0
2022-02-15 00:00:00-05:00,14.50745695817799,14.52436580332545,14.31301007653088,14.380643844604492,16478300,0.0,0.0
2022-02-16 00:00:00-05:00,14.439820457658625,14.617360073078698,14.414457194736922,14.482090950012207,16583700,0.0,0.0
2022-02-17 00:00:00-05:00,14.456732563192897,14.524366333736408,14.084746018945445,14.169288635253906,16203900,0.0,0.0
2022-02-18 00:00:00-05:00,14.160832573745163,14.220011914558238,13.915659176072595,14.034019470214844,16568100,0.0,0.0
2022-02-22 00:00:00-05:00,14.27919021584936,14.313007901004111,13.526764458831947,13.983293533325195,17727600,0.0,0.0
2022-02-23 00:00:00-05:00,14.034020995113751,14.262285573780598,13.966387225047605,14.177742958068848,16006900,0.0,0.0
2022-02-24 00:00:00-05:00,14.296101031300545,14.313009876211353,13.788846971589669,14.093199729919434,20111400,0.0,0.0
2022-02-25 00:00:00-05:00,14.160831882802308,14.499000679888413,14.110106966368397,14.431366920471191,13520500,0.0,0.0
2022-02-28 00:00:00-05:00,14.304556001391964,14.752630733585313,14.262285500012858,14.710358619689941,32447200,0.0,0.0
2022-03-01 00:00:00-05:00,14.769535494624042,14.879441359840607,14.651176820559431,14.870986938476562,21271300,0.0,0.0
2022-03-02 00:00:00-05:00,14.997802041355556,15.420513491041506,14.913259428915124,15.335970878601074,20672000,0.0,0.0
2022-03-03 00:00:00-05:00,15.335971310826205,15.623415233715194,15.302155232406696,15.547327041625977,21207700,0.0,0.0
2022-03-04 00:00:00-05:00,15.471236755508246,15.953129111021354,15.437420681665733,15.927765846252441,26274700,0.0,0.0
2022-03-07 00:00:00-05:00,15.978491294790933,16.1898470040144,15.716410666858339,15.826314926147461,24457400,0.0,0.0
2022-03-08 00:00:00-05:00,16.088400888133574,16.17294190136595,15.631871676599715,15.784048080444336,31746300,0.0,0.0
2022-03-09 00:00:00-05:00,15.6487774789671,15.767136164472742,15.344424730505558,15.496601104736328,20929200,0.0,0.0
2022-03-10 00:00:00-05:00,15.538872340447298,15.74177525739352,15.46278576223775,15.682594299316406,16266800,0.0,0.0
2022-03-11 00:00:00-05:00,15.581144999626948,15.784046311170563,15.302155494689941,15.302155494689941,13600400,0.0,0.0
2022-03-14 00:00:00-04:00,15.133069327688608,15.209157516383604,14.68499623039161,14.828718185424805,17419600,0.0,0.0
2022-03-15 00:00:00-04:00,14.549726056661573,14.727265688571471,14.29609985395151,14.642723083496094,18837700,0.0,0.0
2022-03-16 00:00:00-04:00,14.541272330178206,14.786444095664077,14.43136646675808,14.583542823791504,16968800,0.0,0.0
2022-03-17 00:00:00-04:00,14.735721608370714,14.96398618152489,14.684996685175197,14.845625877380371,15843000,0.0,0.0
2022-03-18 00:00:00-04:00,14.794903857986032,14.955534694234515,14.642727446015527,14.676545143127441,36752800,0.0,0.0
2022-03-21 00:00:00-04:00,14.896355024168498,15.361337062082645,14.879446175967416,15.27679443359375,21638700,0.0,0.0
2022-03-22 00:00:00-04:00,15.209156926493163,15.25142903663762,15.01471005737703,15.158432006835938,16077500,0.0,0.0
2022-03-23 00:00:00-04:00,15.276792977520508,15.428969371792864,15.192250357089602,15.31906509399414,11356800,0.0,0.0
2022-03-24 00:00:00-04:00,15.412058792398419,15.564235169561316,15.378242715537876,15.471238136291504,11084300,0.0,0.0
2022-03-25 00:00:00-04:00,15.513509496980316,16.12221336364746,15.488146231175644,16.12221336364746,25135600,0.0,0.0
2022-03-28 00:00:00-04:00,15.834770003824572,16.01230964543356,15.70795689554167,15.851678848266602,17476000,0.0,0.0
2022-03-29 00:00:00-04:00,15.657232837174542,16.003856104748294,15.538872532076889,15.970038414001465,16150300,0.0,0.0
2022-03-30 00:00:00-04:00,16.063035723670446,16.139123916625977,15.910859337759385,16.139123916625977,16371800,0.0,0.0
2022-03-31 00:00:00-04:00,16.046127362387214,16.282846371229734,15.961584744049432,15.986948013305664,24632800,0.0,0.0
2022-04-01 00:00:00-04:00,16.08839806522694,16.25748167454036,16.03767153116835,16.249027252197266,13050300,0.0,0.0
2022-04-04 00:00:00-04:00,16.316659927368164,16.358932036257016,16.130667485805432,16.316659927368164,14567600,0.0,0.0
2022-04-05 00:00:00-04:00,16.265933543876145,16.401201055102547,15.961580837358776,15.99539852142334,14705000,0.0,0.0
2022-04-06 00:00:00-04:00,16.063034911703603,16.172939177908138,15.910858533484875,16.071489334106445,11572300,0.0,0.0
2022-04-07 00:00:00-04:00,16.139121549010923,16.325113986441355,15.893948160450957,16.291297912597656,15725500,0.0,0.0
2022-04-08 00:00:00-04:00,16.358935364943747,16.561836691348017,16.29130158947566,16.468839645385742,14735600,0.0,0.0
2022-04-11 00:00:00-04:00,16.325115041622833,16.435020916879754,16.139122592170697,16.28284454345703,16475000,0.0,0.0
2022-04-12 00:00:00-04:00,16.35893037661847,16.418109710542957,16.147574691164785,16.1813907623291,13069900,0.0,0.0
2022-04-13 00:00:00-04:00,16.274388872277456,16.409656391045754,16.08839643710005,16.30820655822754,9946400,0.0,0.0
2022-04-14 00:00:00-04:00,16.29975105756442,16.502652322283158,16.2490245319978,16.375839233398438,9248700,0.0,0.0
2022-04-18 00:00:00-04:00,16.435017828378,16.612555822330453,16.358929655965284,16.528013229370117,10259500,0.0,0.0
2022-04-19 00:00:00-04:00,16.48574699702074,16.688648305020585,16.41811322768746,16.570289611816406,11581300,0.0,0.0
2022-04-20 00:00:00-04:00,16.654830896770676,16.883093842221683,16.519563368904844,16.71401023864746,15441600,0.0,0.0
2022-04-21 00:00:00-04:00,16.908458835389748,17.069089645830513,16.65483259786542,16.730920791625977,21326000,0.0,0.0
2022-04-22 00:00:00-04:00,16.621015769720966,16.671740697357954,16.18139543015673,16.189849853515625,17732600,0.0,0.0
2022-04-25 00:00:00-04:00,15.919311723446471,15.936220566943103,15.251428530490237,15.733319282531738,24569900,0.0,0.0
2022-04-26 00:00:00-04:00,15.792499957264198,15.953130759028891,15.572689810774673,15.589598655700684,20358100,0.0,0.0
2022-04-27 00:00:00-04:00,15.598050609041454,15.716409279755316,15.428965411579409,15.555778503417969,19156000,0.0,0.0
2022-04-28 00:00:00-04:00,15.733318336877995,15.98694452401894,15.4965993797014,15.9024019241333,16424200,0.0,0.0
2022-04-29 00:00:00-04:00,15.823462030246136,15.9607587459211,15.53170610026035,15.574610710144043,25794000,0.278,0.0
2022-05-02 00:00:00-04:00,15.531702040052021,15.737647059727502,15.308594526227202,15.600350379943848,20941500,0.0,0.0
2022-05-03 00:00:00-04:00,15.617515485645082,16.1667022966144,15.617515485645082,16.02940559387207,15564300,0.0,0.0
2022-05-04 00:00:00-04:00,16.20960366878051,16.60433283794899,16.106631980618626,16.544265747070312,16076100,0.0,0.0
2022-05-05 00:00:00-04:00,16.561427839122523,16.578590333997983,16.003659849314776,16.175281524658203,17443400,0.0,0.0
2022-05-06 00:00:00-04:00,16.312578437726387,16.595753060297938,16.00366007248265,16.56142807006836,18627700,0.0,0.0
2022-05-09 00:00:00-04:00,16.30399998687416,16.381229591432668,15.883528604670008,15.960758209228516,20457900,0.0,0.0
2022-05-10 00:00:00-04:00,16.106633287116075,16.286834574369223,15.651836990177891,15.892107009887695,18484100,0.0,0.0
2022-05-11 00:00:00-04:00,16.037984943871216,16.34690167012027,15.849200772418655,15.892107009887695,18117100,0.0,0.0
2022-05-12 00:00:00-04:00,15.900687389947699,15.960754482421894,15.583187796819859,15.814876556396484,22679100,0.0,0.0
2022-05-13 00:00:00-04:00,15.960756455716497,16.183863995851162,15.87494561155613,16.080890655517578,19950300,0.0,0.0
2022-05-16 00:00:00-04:00,16.201024695688886,16.733050614876493,16.183863836390476,16.63865852355957,19095300,0.0,0.0
2022-05-17 00:00:00-04:00,16.784538063353228,16.973322263951257,16.707308460691465,16.938997268676758,18226400,0.0,0.0
2022-05-18 00:00:00-04:00,17.01622437037657,17.067710219015318,16.38980802903732,16.56142807006836,14126700,0.0,0.0
2022-05-19 00:00:00-04:00,16.27825312585378,16.50994189520863,16.20102353606883,16.32115936279297,16000100,0.0,0.0
2022-05-20 00:00:00-04:00,16.432710299617323,16.501358633635096,16.02082029551069,16.32973861694336,17046200,0.0,0.0
2022-05-23 00:00:00-04:00,16.46703745885037,16.587171650064462,16.3039970302701,16.441293716430664,12595000,0.0,0.0
2022-05-24 00:00:00-04:00,16.303995307563465,16.527102808176878,15.995076977990209,16.424129486083984,15348700,0.0,0.0
2022-05-25 00:00:00-04:00,16.552849316950407,16.681564763569856,16.44129472962937,16.63865852355957,20050900,0.0,0.0
2022-05-26 00:00:00-04:00,16.750210592924393,16.887507266906933,16.72446685278812,16.836021423339844,13017900,0.0,0.0
2022-05-27 00:00:00-04:00,16.784535819272442,17.179265028624865,16.741631217621492,17.11061668395996,14677300,0.0,0.0
2022-05-31 00:00:00-04:00,17.153522360631957,17.299400306775336,16.810280615796287,16.89609146118164,42883200,0.0,0.0
2022-06-01 00:00:00-04:00,16.973322815084217,17.273658349958847,16.870349462622976,17.17926788330078,13331900,0.0,0.0
2022-06-02 00:00:00-04:00,17.102033089484856,17.144937685248276,16.87034434426937,17.127775192260742,9554500,0.0,0.0
2022-06-03 00:00:00-04:00,17.15352137204263,17.222169717053433,17.007643434306466,17.102035522460938,8446800,0.0,0.0
2022-06-06 00:00:00-04:00,17.196427449561046,17.247913298660542,16.94757617828649,16.981901168823242,10090000,0.0,0.0
2022-06-07 00:00:00-04:00,16.96473813047029,17.307979841321604,16.887508540940544,17.282236099243164,12150700,0.0,0.0
2022-06-08 00:00:00-04:00,17.333727129756223,17.333727129756223,16.92183535575896,17.04197120666504,10338900,0.0,0.0
2022-06-09 00:00:00-04:00,16.93899514408818,16.97332013505744,16.53568632043334,16.55284881591797,14030600,0.0,0.0
2022-06-10 00:00:00-04:00,16.406968197301527,16.484196140954307,16.115212368549646,16.32973861694336,16190400,0.0,0.0
2022-06-13 00:00:00-04:00,15.952173765212166,16.003659612370676,15.48879623066886,15.55744457244873,17236500,0.0,0.0
2022-06-14 00:00:00-04:00,15.780555044070441,15.849203398690586,15.171301101404891,15.351502418518066,17069300,0.0,0.0
2022-06-15 00:00:00-04:00,15.420148624508602,15.531703208163597,14.836638509896085,15.10265064239502,18043600,0.0,0.0
2022-06-16 00:00:00-04:00,14.810896007204857,14.845219364254117,14.270288812503376,14.330357551574707,23048600,0.0,0.0
2022-06-17 00:00:00-04:00,14.2445466172092,14.313194967595756,13.540899798217682,13.772587776184082,44410500,0.0,0.0
2022-06-21 00:00:00-04:00,14.038600204479685,14.407585665785076,13.927045622979833,14.287449836730957,19216500,0.0,0.0
2022-06-22 00:00:00-04:00,13.841235661975688,14.253127387175233,13.781168561991887,14.021438598632812,18468700,0.0,0.0
2022-06-23 00:00:00-04:00,14.10724769729053,14.150152295768338,13.712518517131521,13.935626029968262,17548700,0.0,0.0
2022-06-24 00:00:00-04:00,14.115830844400993,14.321775890885817,13.969952898552691,14.141572952270508,17932100,0.0,0.0
2022-06-27 00:00:00-04:00,14.270289045547019,14.553463701827445,14.253128185095033,14.441910743713379,14792800,0.0,0.0
2022-06-28 00:00:00-04:00,14.750829609305715,14.982516781393992,14.622114149988702,14.759410858154297,14883700,0.0,0.0
2022-06-29 00:00:00-04:00,14.948192849264966,15.008259952194896,14.459073140600344,14.519140243530273,12988700,0.0,0.0
2022-06-30 00:00:00-04:00,14.253128112280235,14.562044876013386,14.210221869604933,14.381843566894531,19907800,0.0,0.0
2022-07-01 00:00:00-04:00,14.459074246650676,14.622114707579303,14.150155823145052,14.570627212524414,15468400,0.0,0.0
2022-07-05 00:00:00-04:00,14.278869465365718,14.347517813306679,13.815493525940658,14.227383613586426,19376300,0.0,0.0
2022-07-06 00:00:00-04:00,14.150153872123692,14.287450566594424,13.661034193483495,14.03860092163086,19278400,0.0,0.0
2022-07-07 00:00:00-04:00,14.287451700975678,14.570626360393003,14.244547094311715,14.493396759033203,15654400,0.0,0.0
2022-07-08 00:00:00-04:00,14.553464801797908,14.673600654276717,14.407588475048529,14.56204605102539,13124200,0.0,0.0
2022-07-11 00:00:00-04:00,14.441910482938601,14.553463439038376,14.175898328619303,14.46765422821045,12612900,0.0,0.0
2022-07-12 00:00:00-04:00,14.167315644382455,14.373260675568009,14.107248548208204,14.287449836730957,12813300,0.0,0.0
2022-07-13 00:00:00-04:00,14.115829545291312,14.416165020833418,14.115829545291312,14.244544982910156,10917700,0.0,0.0
2022-07-14 00:00:00-04:00,13.84981688155828,14.235964861667261,13.772587285536483,14.227383613586426,15673500,0.0,0.0
2022-07-15 00:00:00-04:00,14.441910669934149,14.510559021508827,14.201640621069872,14.381843566894531,10042700,0.0,0.0
2022-07-18 00:00:00-04:00,14.55346160299915,14.707920781732373,14.493394508315248,14.527719497680664,9692100,0.0,0.0
2022-07-19 00:00:00-04:00,14.587788615960134,14.87096327068407,14.553463621833208,14.853800773620605,12958500,0.0,0.0
2022-07-20 00:00:00-04:00,14.802312932815074,14.965353359627992,14.656435000762587,14.862380027770996,14958100,0.0,0.0
2022-07-21 00:00:00-04:00,14.390422700429031,15.18846069313593,14.38184145315518,15.154135704040527,22690600,0.0,0.0
2022-07-22 00:00:00-04:00,15.214202884415526,15.325757462901793,15.059743706022584,15.145554542541504,14104900,0.0,0.0
2022-07-25 00:00:00-04:00,15.317177665774855,15.471636858791642,15.188462217162776,15.463055610656738,13155300,0.0,0.0
2022-07-26 00:00:00-04:00,15.574607776093117,15.643256120998155,15.360081493676667,15.445892333984375,13926000,0.0,0.0
2022-07-27 00:00:00-04:00,15.497379302978516,15.540285544584632,15.20562340687998,15.497379302978516,13757700,0.0,0.0
2022-07-28 00:00:00-04:00,15.557447809457072,15.600354054937894,15.21420602914006,15.480219841003418,14659900,0.0,0.0
2022-07-29 00:00:00-04:00,15.62663479326559,15.792227035636424,15.548196450159528,15.678926467895508,18976500,0.278,0.0
2022-08-01 00:00:00-04:00,15.469758640475964,15.617919775638208,15.278021385339938,15.600488662719727,14157300,0.0,0.0
2022-08-02 00:00:00-04:00,15.609202035272755,15.687640370109076,15.36517147552396,15.53947925567627,22289100,0.0,0.0
2022-08-03 00:00:00-04:00,15.678927554629464,15.731219232883811,15.400036387509644,15.522050857543945,16431600,0.0,0.0
2022-08-04 00:00:00-04:00,15.478475370098215,15.487190927218036,15.051423045162306,15.077568054199219,14776100,0.0,0.0
2022-08-05 00:00:00-04:00,14.903260757839275,15.243159147878332,14.8683985320289,15.225728034973145,12123200,0.0,0.0
2022-08-08 00:00:00-04:00,15.234441796513101,15.504619027744132,15.234441796513101,15.4087495803833,12894300,0.0,0.0
2022-08-09 00:00:00-04:00,15.556914256806644,15.766082647907322,15.504622574612126,15.722506523132324,11684400,0.0,0.0
2022-08-10 00:00:00-04:00,15.827090119305742,15.905528474907534,15.670213408102157,15.809659004211426,10458200,0.0,0.0
2022-08-11 00:00:00-04:00,16.03625673339516,16.341294564395024,15.957818386500268,16.20184898376465,15805500,0.0,0.0
2022-08-12 00:00:00-04:00,16.193133909283876,16.306432823548253,16.10598000321455,16.289003372192383,11364000,0.0,0.0
2022-08-15 00:00:00-04:00,15.949102686047421,16.210564394112623,15.818372663176037,16.184417724609375,10788700,0.0,0.0
2022-08-16 00:00:00-04:00,16.27157196724818,16.38487087948447,16.219280289471616,16.254140853881836,10989900,0.0,0.0
2022-08-17 00:00:00-04:00,16.19313328111046,16.306432190979677,16.071118814740156,16.184417724609375,9371500,0.0,0.0
2022-08-18 00:00:00-04:00,16.29771804322239,16.515601965392086,16.289002486856912,16.498170852661133,12742000,0.0,0.0
2022-08-19 00:00:00-04:00,16.402299383196514,16.47202216324632,16.23670715720741,16.31514549255371,14168900,0.0,0.0
2022-08-22 00:00:00-04:00,16.271572513114627,16.332579749620983,16.062404132668895,16.175703048706055,13827700,0.0,0.0
2022-08-23 00:00:00-04:00,16.367440540680448,16.550462234132656,16.323862759628224,16.463308334350586,13019000,0.0,0.0
2022-08-24 00:00:00-04:00,16.4720244670404,16.759631182761076,16.41973279027003,16.73348617553711,13856100,0.0,0.0
2022-08-25 00:00:00-04:00,16.8032072495567,16.829352254110994,16.637615017316378,16.785776138305664,11863600,0.0,0.0
2022-08-26 00:00:00-04:00,16.846788876388974,16.846788876388974,16.498174848938753,16.550466537475586,13542000,0.0,0.0
2022-08-29 00:00:00-04:00,16.51560108446505,16.68119165960944,16.411016075980204,16.506885528564453,9039400,0.0,0.0
2022-08-30 00:00:00-04:00,16.332577474922456,16.332577474922456,16.053686339837014,16.10597801208496,13155600,0.0,0.0
2022-08-31 00:00:00-04:00,15.87066135868454,16.166983574769908,15.731215805505792,15.966530799865723,17611000,0.0,0.0
2022-09-01 00:00:00-04:00,15.835803985595703,15.922957889436654,15.583057830689192,15.835803985595703,15924300,0.0,0.0
2022-09-02 00:00:00-04:00,16.1234079212757,16.166984034512446,15.783509583527035,15.879377365112305,15079400,0.0,0.0
2022-09-06 00:00:00-04:00,16.053685170218518,16.114692393783386,15.469756275305643,15.487187385559082,19182200,0.0,0.0
2022-09-07 00:00:00-04:00,15.29545071739655,15.58305742903285,15.217012372193702,15.556912422180176,13548500,0.0,0.0
2022-09-08 00:00:00-04:00,15.687644221416193,15.722506450934185,15.478475831276022,15.713790893554688,18534600,0.0,0.0
2022-09-09 00:00:00-04:00,15.879378737175356,16.02753986223323,15.82708706430855,15.957817077636719,13597000,0.0,0.0
2022-09-12 00:00:00-04:00,16.12341029257853,16.358725328238407,16.07983417293296,16.332578659057617,15168100,0.0,0.0
2022-09-13 00:00:00-04:00,16.123410704645124,16.262856285861663,15.757365638371093,15.835803985595703,20629200,0.0,0.0
2022-09-14 00:00:00-04:00,15.949102639354267,16.23670935375828,15.922957632249991,16.14955711364746,19093600,0.0,0.0
2022-09-15 00:00:00-04:00,15.97524642944336,16.18441476018973,15.896808097623206,15.97524642944336,17174000,0.0,0.0
2022-09-16 00:00:00-04:00,15.888095253452542,15.888095253452542,15.426182400949568,15.556912422180176,34294100,0.0,0.0
2022-09-19 00:00:00-04:00,15.251875304198343,15.739934848482394,15.251875304198343,15.731219291687012,16852300,0.0,0.0
2022-09-20 00:00:00-04:00,15.635350888556689,15.678927008530469,15.452327527557483,15.600488662719727,16565900,0.0,0.0
2022-09-21 00:00:00-04:00,15.792224987278189,15.844516655125524,15.260587766810133,15.269303321838379,20654000,0.0,0.0
2022-09-22 00:00:00-04:00,15.452325918335617,15.452325918335617,15.094996452331543,15.094996452331543,18220700,0.0,0.0
2022-09-23 00:00:00-04:00,14.816108695097814,14.850970925236433,14.240895196391591,14.406487464904785,25533100,0.0,0.0
2022-09-26 00:00:00-04:00,14.319331566024665,14.371623241657973,13.988147074928131,14.023009300231934,28333900,0.0,0.0
2022-09-27 00:00:00-04:00,14.240893290743381,14.5459311143471,14.127592720276832,14.232177734375,25387700,0.0,0.0
2022-09-28 00:00:00-04:00,14.301900870071172,14.772530951450342,14.249609192914301,14.676661491394043,25192000,0.0,0.0
2022-09-29 00:00:00-04:00,14.545930837525859,14.641798631108797,14.30190025082251,14.572075843811035,27649200,0.0,0.0
2022-09-30 00:00:00-04:00,14.476207708869914,14.694091621827871,14.380338255225265,14.502352714538574,30537100,0.0,0.0
2022-10-03 00:00:00-04:00,14.903260231018066,15.051421360829915,14.781244107317368,14.903260231018066,24702700,0.0,0.0
2022-10-04 00:00:00-04:00,15.094996161662701,15.408749506189432,15.03398893629855,15.400033950805664,23806600,0.0,0.0
2022-10-05 00:00:00-04:00,15.286736221084247,15.513334029051535,15.08628175661727,15.42618179321289,19590500,0.0,0.0
2022-10-06 00:00:00-04:00,15.339029227645652,15.513335376788307,15.12986085128097,15.156005859375,19299100,0.0,0.0
2022-10-07 00:00:00-04:00,15.138575802020872,15.243159154855023,14.894545208203814,15.025275230407715,16677200,0.0,0.0
2022-10-10 00:00:00-04:00,15.077567110197409,15.321597707306054,14.85096928855949,14.877114295959473,16323800,0.0,0.0
2022-10-11 00:00:00-04:00,14.763815791863676,15.12986086644947,14.676661886043727,14.95555305480957,17703500,0.0,0.0
2022-10-12 00:00:00-04:00,14.842254538705335,14.972984569778138,14.702808950584673,14.859683990478516,14500800,0.0,0.0
2022-10-13 00:00:00-04:00,14.728953674914042,15.4261832643728,14.69409310971848,15.373889923095703,18393500,0.0,0.0
2022-10-14 00:00:00-04:00,15.312882795696783,15.469759495993959,14.955553272718781,14.98169994354248,17037800,0.0,0.0
2022-10-17 00:00:00-04:00,15.164722916698416,15.382606871427768,15.077569002342145,15.251876831054688,15066100,0.0,0.0
2022-10-18 00:00:00-04:00,15.434894054798765,15.6440640531957,15.251872384104155,15.487187385559082,19538400,0.0,0.0
2022-10-19 00:00:00-04:00,15.461042550894755,15.766080367160281,15.365173095471267,15.678926467895508,19257700,0.0,0.0
2022-10-20 00:00:00-04:00,15.112427774343203,15.408750017943836,14.781243308049662,14.920690536499023,40244300,0.0,0.0
2022-10-21 00:00:00-04:00,15.033988323042143,15.30416387962922,14.911973877290976,15.269303321838379,19630400,0.0,0.0
2022-10-24 00:00:00-04:00,15.321594887510544,15.426179884829919,14.99912600290443,15.060134887695312,21518200,0.0,0.0
2022-10-25 00:00:00-04:00,14.990414010574167,15.295450161586976,14.929405118049257,15.260589599609375,20557600,0.0,0.0
2022-10-26 00:00:00-04:00,15.356458035104183,15.556910824560408,15.068851353003701,15.452325820922852,22666000,0.0,0.0
2022-10-27 00:00:00-04:00,15.670210911736794,15.827087597948914,15.609203680948161,15.678926467895508,22928200,0.0,0.0
2022-10-28 00:00:00-04:00,15.783383767957911,15.836496196499319,15.491262878359676,15.730271339416504,18455400,0.278,0.0
2022-10-31 00:00:00-04:00,15.703713642898716,16.199433562109352,15.641748864049086,16.040096282958984,27183400,0.0,0.0
2022-11-01 00:00:00-04:00,16.155172695049142,16.234842174919727,16.03124314343424,16.146320343017578,18614800,0.0,0.0
2022-11-02 00:00:00-04:00,16.10206055264067,16.27910253112509,15.83649505229373,15.84534740447998,20188100,0.0,0.0
2022-11-03 00:00:00-04:00,15.712565192411713,16.040095463268155,15.677155784356527,15.969278335571289,16256700,0.0,0.0
2022-11-04 00:00:00-04:00,16.208285865305943,16.358772479946282,15.898460283585997,16.0843563079834,17824500,0.0,0.0
2022-11-07 00:00:00-05:00,16.15517234802246,16.279101896975252,16.057798166180426,16.15517234802246,14594400,0.0,0.0
2022-11-08 00:00:00-05:00,16.181729011584242,16.305658557535146,16.04894542559292,16.208284378051758,15520100,0.0,0.0
2022-11-09 00:00:00-05:00,16.102063086411547,16.15517551947313,15.553228983395867,15.562081336975098,15194200,0.0,0.0
2022-11-10 00:00:00-05:00,15.889608591574522,16.137467690184245,15.792234409455858,16.110912322998047,18505700,0.0,0.0
2022-11-11 00:00:00-05:00,16.296803641620006,16.63318619686214,16.20828182769243,16.54466438293457,17923100,0.0,0.0
2022-11-14 00:00:00-05:00,16.518109494134457,16.783673282261184,16.403032302856445,16.403032302856445,15362000,0.0,0.0
2022-11-15 00:00:00-05:00,16.588927401345487,16.650892175611116,16.420736093757725,16.518110275268555,14480900,0.0,0.0
2022-11-16 00:00:00-05:00,16.41188329828406,16.464995713838533,16.190579596991643,16.296804428100586,14532000,0.0,0.0
2022-11-17 00:00:00-05:00,16.110912231709822,16.208284724863272,15.933868572208782,16.199432373046875,12014500,0.0,0.0
2022-11-18 00:00:00-05:00,16.10205932098434,16.34991840958634,16.048945211929556,16.3056583404541,17351100,0.0,0.0
2022-11-21 00:00:00-05:00,16.146320861123257,16.199433286603423,15.792235210566213,16.181730270385742,12895400,0.0,0.0
2022-11-22 00:00:00-05:00,16.40303269010648,16.704005890909418,16.296806159299912,16.57122230529785,14890700,0.0,0.0
2022-11-23 00:00:00-05:00,16.411885775120826,16.580075397828242,16.349919311140013,16.509258270263672,9669600,0.0,0.0
2022-11-25 00:00:00-05:00,16.553518812326914,16.62433593468112,16.45614463593486,16.491552352905273,5981400,0.0,0.0
2022-11-28 00:00:00-05:00,16.155172040582098,16.456145243808486,16.128614985563264,16.341066360473633,16709800,0.0,0.0
2022-11-29 00:00:00-05:00,16.46499532634614,16.774820838546646,16.403030561588682,16.712854385375977,16437200,0.0,0.0
2022-11-30 00:00:00-05:00,16.810229354569312,16.94301124087701,16.615482700545577,16.925308227539062,41252500,0.0,0.0
2022-12-01 00:00:00-05:00,17.022681363864116,17.137760241251875,16.881047121243306,16.95186424255371,12570200,0.0,0.0
2022-12-02 00:00:00-05:00,16.81908416748047,16.91645835295295,16.721709982007987,16.81908416748047,9641200,0.0,0.0
2022-12-05 00:00:00-05:00,16.916457533227614,16.93416054829915,16.29680641856057,16.429588317871094,12111100,0.0,0.0
2022-12-06 00:00:00-05:00,16.376475995385693,16.509257895503424,15.933868536050944,16.022390365600586,15801200,0.0,0.0
2022-12-07 00:00:00-05:00,16.040095463268155,16.155172662620494,15.871904151833036,15.969278335571289,11408200,0.0,0.0
2022-12-08 00:00:00-05:00,16.048947599078613,16.164026497400936,15.526672289663054,15.730271339416504,17701000,0.0,0.0
2022-12-09 00:00:00-05:00,15.677155856985289,15.801087097339078,15.411592048995125,15.447001457214355,19193100,0.0,0.0
2022-12-12 00:00:00-05:00,15.491261892029938,15.783382763028817,15.393887705559127,15.774530410766602,13062200,0.0,0.0
2022-12-13 00:00:00-05:00,16.013539473590725,16.199433813018892,15.925017635971473,16.11976432800293,16966700,0.0,0.0
2022-12-14 00:00:00-05:00,16.119760591946267,16.24369181125528,15.933866295602586,16.031240463256836,13930600,0.0,0.0
2022-12-15 00:00:00-05:00,15.898457527160645,15.978126996887601,15.650598455488598,15.898457527160645,11533300,0.0,0.0
2022-12-16 00:00:00-05:00,15.641746782104354,15.739120957858006,15.411590713858779,15.659451484680176,21209900,0.0,0.0
2022-12-19 00:00:00-05:00,15.721415283168655,15.801084751420225,15.393885059421839,15.50011157989502,13387100,0.0,0.0
2022-12-20 00:00:00-05:00,15.52667256950568,15.677157505016302,15.455853745622528,15.588637351989746,11481900,0.0,0.0
2022-12-21 00:00:00-05:00,15.783382369003311,15.925016624835804,15.694860537004626,15.827642440795898,10626000,0.0,0.0
2022-12-22 00:00:00-05:00,15.765678195011697,15.809939956706012,15.40274019118615,15.703713417053223,13844700,0.0,0.0
2022-12-23 00:00:00-05:00,15.79223458040262,16.057798385620117,15.783382228440239,16.057798385620117,9304100,0.0,0.0
2022-12-27 00:00:00-05:00,16.119762594770034,16.234841477825604,16.01353775177936,16.164024353027344,8233000,0.0,0.0
2022-12-28 00:00:00-05:00,16.119764447924748,16.190583269277898,15.80994054657289,15.871905326843262,7938000,0.0,0.0
2022-12-29 00:00:00-05:00,15.863051365127383,16.155172219923713,15.827641958042515,16.066650390625,7431000,0.0,0.0
2022-12-30 00:00:00-05:00,16.004684448242188,16.110910973328426,15.889607260444318,16.004684448242188,7385700,0.0,0.0
2023-01-03 00:00:00-05:00,15.933868061675245,16.093207012438143,15.809938517043397,15.942720413208008,10454000,0.0,0.0
2023-01-04 00:00:00-05:00,15.809939747868999,16.27025024451456,15.801087395647068,16.137468338012695,12069700,0.0,0.0
2023-01-05 00:00:00-05:00,16.040096531400586,16.14632138581279,15.951574693781335,16.11976432800293,8489500,0.0,0.0
2023-01-06 00:00:00-05:00,16.261399900157738,16.544668423170076,16.190582769404653,16.447294235229492,9086200,0.0,0.0
2023-01-09 00:00:00-05:00,16.606633971673443,16.642041694485258,16.46499970359887,16.5623722076416,17355100,0.0,0.0
2023-01-10 00:00:00-05:00,16.597780574905826,16.659745352239305,16.385329186156657,16.58892822265625,9544500,0.0,0.0
2023-01-11 00:00:00-05:00,16.712856380948498,16.730561083968407,16.447292589303526,16.62433624267578,13289300,0.0,0.0
2023-01-12 00:00:00-05:00,16.712857852788577,16.87219681717332,16.615485354430668,16.721710205078125,11067900,0.0,0.0
2023-01-13 00:00:00-05:00,16.7128575530374,16.757119313691287,16.544667927793206,16.686302185058594,8616900,0.0,0.0
2023-01-17 00:00:00-05:00,16.75711652416199,16.907603108506905,16.553517524287475,16.65974235534668,12372300,0.0,0.0
2023-01-18 00:00:00-05:00,16.704006117760322,16.748266187956304,16.19058153678505,16.252546310424805,19528200,0.0,0.0
2023-01-19 00:00:00-05:00,16.385328843356692,16.757119187992842,16.287954659062088,16.597780227661133,17379000,0.0,0.0
2023-01-20 00:00:00-05:00,16.65089480029381,16.686304213120597,16.465000448194367,16.500408172607422,15423700,0.0,0.0
2023-01-23 00:00:00-05:00,16.588927528907274,16.68630171116687,16.47385033130242,16.606632232666016,11451100,0.0,0.0
2023-01-24 00:00:00-05:00,16.59778119988973,16.730563111806124,16.270250907976582,16.43844223022461,13090100,0.0,0.0
2023-01-25 00:00:00-05:00,16.332216262817383,16.39418103826047,16.217137375497217,16.332216262817383,19135100,0.0,0.0
2023-01-26 00:00:00-05:00,16.438442746149807,16.482704510453516,16.24369604845449,16.473852157592773,14299200,0.0,0.0
2023-01-27 00:00:00-05:00,16.464997852814225,16.615484456779384,16.394180726737293,16.518110275268555,13120100,0.0,0.0
2023-01-30 00:00:00-05:00,16.399494415190446,16.48036877134011,16.201802496795775,16.21078872680664,13284100,0.278,0.0
2023-01-31 00:00:00-05:00,16.23774741271711,16.453411813842855,16.129916069128388,16.444425582885742,15757300,0.0,0.0
2023-02-01 00:00:00-05:00,16.399494983527962,16.633131830062965,16.345579315542402,16.507328033447266,20314700,0.0,0.0
2023-02-02 00:00:00-05:00,16.50732787547578,16.64211790112386,16.390508596352124,16.57921600341797,13324600,0.0,0.0
2023-02-03 00:00:00-05:00,16.597187787384513,16.749950283053924,16.3725371592794,16.426454544067383,13963600,0.0,0.0
2023-02-06 00:00:00-05:00,16.354564891059372,16.426453016811248,16.16585748974312,16.327606201171875,11850000,0.0,0.0
2023-02-07 00:00:00-05:00,16.34558018083368,16.4534115225131,16.228760894407987,16.426454544067383,10086300,0.0,0.0
2023-02-08 00:00:00-05:00,16.417466855566968,16.5432706476723,16.300647579513626,16.372535705566406,11770300,0.0,0.0
2023-02-09 00:00:00-05:00,16.41746660945035,16.444423585098452,16.13889862546728,16.165857315063477,9447500,0.0,0.0
2023-02-10 00:00:00-05:00,16.29166075216126,16.507326836360075,16.228758858414963,16.498340606689453,12983900,0.0,0.0
2023-02-13 00:00:00-05:00,16.4534109423647,16.63313212409112,16.43544019535063,16.525299072265625,9579500,0.0,0.0
2023-02-14 00:00:00-05:00,16.44442105911261,16.615155972432834,16.372532945180065,16.453407287597656,9409200,0.0,0.0
2023-02-15 00:00:00-05:00,16.381524265852782,16.381524265852782,16.19281855085123,16.3455810546875,12341700,0.0,0.0
2023-02-16 00:00:00-05:00,16.2018044658801,16.381523946095225,16.102957637695365,16.255720138549805,10909100,0.0,0.0
2023-02-17 00:00:00-05:00,16.12092785800781,16.147884833619667,15.887291023665892,15.932220458984375,21545200,0.0,0.0
2023-02-21 00:00:00-05:00,15.842361155748637,15.905264769809566,15.572781094137587,15.590753555297852,15301700,0.0,0.0
2023-02-22 00:00:00-05:00,15.554808859010965,15.75250250675019,15.509879419405644,15.56379508972168,10744900,0.0,0.0
2023-02-23 00:00:00-05:00,15.743515951765579,15.77945915991985,15.572780999675178,15.707571029663086,11145100,0.0,0.0
2023-02-24 00:00:00-05:00,15.563795891888264,15.689599700425763,15.518866449967256,15.671628952026367,11470100,0.0,0.0
2023-02-27 00:00:00-05:00,15.761489717004372,15.806419159401962,15.53683907711969,15.599740982055664,8310300,0.0,0.0
2023-02-28 00:00:00-05:00,15.662641914158051,15.662641914158051,15.330158233642578,15.330158233642578,11657700,0.0,0.0
2023-03-01 00:00:00-05:00,15.473934190112654,15.698584811586725,15.40204605979888,15.509879112243652,10063300,0.0,0.0
2023-03-02 00:00:00-05:00,15.482920870753443,15.716557729552381,15.464948409165462,15.68959903717041,8145600,0.0,0.0
2023-03-03 00:00:00-05:00,15.680613974904196,15.905264595095096,15.599739614519613,15.860333442687988,8335300,0.0,0.0
2023-03-06 00:00:00-05:00,15.83337688446045,15.959180686635216,15.770473269424807,15.83337688446045,10178700,0.0,0.0
2023-03-07 00:00:00-05:00,15.779459255635942,15.779459255635942,15.554808632977322,15.590753555297852,14383100,0.0,0.0
2023-03-08 00:00:00-05:00,15.572781320432396,15.716557583907328,15.437991287668178,15.56379508972168,9859400,0.0,0.0
2023-03-09 00:00:00-05:00,15.653655519034967,15.725543650019986,15.366102995094892,15.402046203613281,9756800,0.0,0.0
2023-03-10 00:00:00-05:00,15.375087870225247,15.473932970397694,15.042604222514043,15.069562911987305,15625100,0.0,0.0
2023-03-13 00:00:00-04:00,14.826940630973553,15.321171299760065,14.710123064987929,15.141451835632324,20167000,0.0,0.0
2023-03-14 00:00:00-04:00,15.231314417509514,15.545823949369998,15.033620752970464,15.222328186035156,14742100,0.0,0.0
2023-03-15 00:00:00-04:00,14.943756986701578,15.168407584128497,14.719106389274657,14.89882755279541,24330400,0.0,0.0
2023-03-16 00:00:00-04:00,14.75505342130819,14.871870994567871,14.53938902255689,14.871870994567871,25117000,0.0,0.0
2023-03-17 00:00:00-04:00,14.782012068982263,14.826941509188371,14.539388978393411,14.629249572753906,27041900,0.0,0.0
2023-03-20 00:00:00-04:00,14.665192539322016,14.96173129603815,14.65620630863992,14.853899955749512,12594700,0.0,0.0
2023-03-21 00:00:00-04:00,15.024630883669769,15.132463921304666,14.898827101385713,15.11449146270752,12745400,0.0,0.0
2023-03-22 00:00:00-04:00,15.141449663150349,15.294212128412202,14.925785308771484,14.934771537780762,12427600,0.0,0.0
2023-03-23 00:00:00-04:00,14.979702442444818,15.096520003161,14.63823427624143,14.728093147277832,12620100,0.0,0.0
2023-03-24 00:00:00-04:00,14.530401588711296,15.123479064662929,14.512429128482909,15.087535858154297,15748300,0.0,0.0
2023-03-27 00:00:00-04:00,15.168407683639247,15.339142618709246,15.105505790178736,15.177393913269043,12059600,0.0,0.0
2023-03-28 00:00:00-04:00,15.051591937393347,15.36610315648674,15.033619475971266,15.330158233642578,7302800,0.0,0.0
2023-03-29 00:00:00-04:00,15.491906408768019,15.536837560728705,15.393059588402705,15.500892639160156,7911400,0.0,0.0
2023-03-30 00:00:00-04:00,15.60872862916786,15.65365807564093,15.482923093935932,15.545825004577637,6667300,0.0,0.0
2023-03-31 00:00:00-04:00,15.608724751534627,15.76148723112062,15.536836626667577,15.734528541564941,12085600,0.0,0.0
2023-04-03 00:00:00-04:00,15.968165779015466,16.031067675618697,15.770472145178871,15.869318962097168,15414100,0.0,0.0
2023-04-04 00:00:00-04:00,15.83337654307359,15.941207881484628,15.581767230200802,15.707571029663086,9712800,0.0,0.0
2023-04-05 00:00:00-04:00,15.770473157572232,15.923235650821658,15.653655586945375,15.914249420166016,11269700,0.0,0.0
2023-04-06 00:00:00-04:00,15.941208112132943,15.986139265411154,15.842361288869125,15.914249420166016,7980400,0.0,0.0
2023-04-10 00:00:00-04:00,15.914249436166973,16.049041182188887,15.869319996791834,15.950194358825684,9053300,0.0,0.0
2023-04-11 00:00:00-04:00,16.02208263574481,16.13890020755033,15.94120827297627,16.075998306274414,9646700,0.0,0.0
2023-04-12 00:00:00-04:00,16.147885884387428,16.156872114825493,15.977152647908841,16.01309585571289,10631400,0.0,0.0
2023-04-13 00:00:00-04:00,15.968164443969727,15.995121418004105,15.869317635315685,15.968164443969727,11208000,0.0,0.0
2023-04-14 00:00:00-04:00,16.013096567141012,16.08498469989115,15.905265224989945,16.00411033630371,8376000,0.0,0.0
2023-04-17 00:00:00-04:00,16.004111712632373,16.049042870682896,15.860335434767558,15.977154731750488,10173900,0.0,0.0
2023-04-18 00:00:00-04:00,15.887292393175267,15.968166754878508,15.833376723355853,15.905264854431152,11651500,0.0,0.0
2023-04-19 00:00:00-04:00,15.788445246961585,15.869319607008995,15.653655218198637,15.815403938293457,13759500,0.0,0.0
2023-04-20 00:00:00-04:00,15.806417947376339,15.923235517021599,15.3571167020591,15.590753555297852,15950900,0.0,0.0
2023-04-21 00:00:00-04:00,15.635682524773282,15.644668755083595,15.411031908860023,15.608725547790527,10200800,0.0,0.0
2023-04-24 00:00:00-04:00,15.599740027601412,15.887292554828456,15.581767566162657,15.83337688446045,8681400,0.0,0.0
2023-04-25 00:00:00-04:00,15.74351539745492,15.815403525180587,15.635682348892335,15.644668579101562,9515500,0.0,0.0
2023-04-26 00:00:00-04:00,15.590752250470837,15.68959735068325,15.357115416785705,15.464946746826172,12783800,0.0,0.0
2023-04-27 00:00:00-04:00,15.473934496562782,15.590753781853826,15.33015823308785,15.56379508972168,14547400,0.0,0.0
2023-04-28 00:00:00-04:00,15.5665366429675,15.749241416842786,15.539130142797895,15.667023658752441,14690700,0.283,0.0
2023-05-01 00:00:00-04:00,15.566535220780764,15.740104478741912,15.539128723115065,15.621346473693848,14578000,0.0,0.0
2023-05-02 00:00:00-04:00,15.493452201011754,15.52999420019659,15.01841840853786,15.237665176391602,15626600,0.0,0.0
2023-05-03 00:00:00-04:00,15.091501009792543,15.365559040275741,15.082365509787309,15.12804126739502,11851600,0.0,0.0
2023-05-04 00:00:00-04:00,15.09150072445661,15.29247649351653,14.972740969052415,15.201123237609863,16214700,0.0,0.0
2023-05-05 00:00:00-04:00,15.48431819527828,15.648751961717387,15.429505197380184,15.566535949707031,12836300,0.0,0.0
2023-05-08 00:00:00-04:00,15.630481635489945,15.694428386244464,15.374692890053584,15.438639640808105,9769300,0.0,0.0
2023-05-09 00:00:00-04:00,15.329017610370357,15.493451370633952,15.292475613144006,15.392964363098145,7623300,0.0,0.0
2023-05-10 00:00:00-04:00,15.511722142469656,15.520857641642685,15.237664136951995,15.338152885437012,10278300,0.0,0.0
2023-05-11 00:00:00-04:00,15.219394622364982,15.338154380774107,15.164583364401489,15.255936622619629,11477100,0.0,0.0
2023-05-12 00:00:00-04:00,15.347288131713867,15.383830131952548,15.237665615834775,15.347288131713867,9109300,0.0,0.0
2023-05-15 00:00:00-04:00,15.411236638864922,15.438641396637433,15.100636606374334,15.255936622619629,23096800,0.0,0.0
2023-05-16 00:00:00-04:00,15.173717247717681,15.22852849984108,14.84484625014071,14.890522003173828,15905300,0.0,0.0
2023-05-17 00:00:00-04:00,14.981877961983459,15.118906988290597,14.835713434933366,15.027555465698242,13790000,0.0,0.0
2023-05-18 00:00:00-04:00,14.954472218666725,15.109772236246204,14.853983459521624,15.091501235961914,12066500,0.0,0.0
2023-05-19 00:00:00-04:00,15.191988252688526,15.237665753399249,15.027554477385392,15.091501235961914,9833700,0.0,0.0
2023-05-22 00:00:00-04:00,15.054958982295958,15.219394497253163,15.000147724783043,15.10063648223877,11296600,0.0,0.0
2023-05-23 00:00:00-04:00,15.118906440183167,15.237666203117584,15.064095180131112,15.109772682189941,12580700,0.0,0.0
2023-05-24 00:00:00-04:00,15.146313004588592,15.164584005488326,14.972741980878213,15.073230743408203,10700800,0.0,0.0
2023-05-25 00:00:00-04:00,14.945337204033915,14.97274196293212,14.716954920316617,14.817441940307617,15836000,0.0,0.0
2023-05-26 00:00:00-04:00,14.835711284939244,14.917929037292234,14.753493532586253,14.808304786682129,12815200,0.0,0.0
2023-05-30 00:00:00-04:00,14.707818505758109,14.817441019374773,14.653007248949775,14.753494262695312,13975600,0.0,0.0
2023-05-31 00:00:00-04:00,14.707819684333344,14.762630945533843,14.616466420720128,14.716955184936523,21102000,0.0,0.0
2023-06-01 00:00:00-04:00,14.744358670069568,14.936200681319537,14.689547413606045,14.853982925415039,13491700,0.0,0.0
2023-06-02 00:00:00-04:00,14.991011877586141,15.36555865634999,14.936200621342715,15.30161190032959,18617200,0.0,0.0
2023-06-05 00:00:00-04:00,15.438638733248643,15.46604522871161,15.255933990750053,15.310745239257812,11816200,0.0,0.0
2023-06-06 00:00:00-04:00,15.219393361109631,15.447775616519342,15.201122362496456,15.392964363098145,10788800,0.0,0.0
2023-06-07 00:00:00-04:00,15.484317663558954,15.7675111733009,15.429504667543092,15.740104675292969,12369900,0.0,0.0
2023-06-08 00:00:00-04:00,15.776648040910395,15.83145929926158,15.54826576495889,15.8223237991333,9077100,0.0,0.0
2023-06-09 00:00:00-04:00,15.84972972730741,15.868000726904345,15.51172320443784,15.557400703430176,9858600,0.0,0.0
2023-06-12 00:00:00-04:00,15.402099639426558,15.511722144681935,15.356422143554896,15.42950439453125,14267000,0.0,0.0
2023-06-13 00:00:00-04:00,15.484318447460867,15.767511971539635,15.466047447863932,15.557400703430176,12497900,0.0,0.0
2023-06-14 00:00:00-04:00,15.667021889170408,15.712699384293835,15.429504141783418,15.438639640808105,14409400,0.0,0.0
2023-06-15 00:00:00-04:00,15.456914349682739,15.630485387985349,15.429507846029056,15.539132118225098,11464200,0.0,0.0
2023-06-16 00:00:00-04:00,15.539129450757983,15.603076205887367,15.475182695628598,15.566535949707031,24028000,0.0,0.0
2023-06-20 00:00:00-04:00,15.539131191393103,15.548266692066111,15.201124636166192,15.219395637512207,14034000,0.0,0.0
2023-06-21 00:00:00-04:00,15.173718480530765,15.347287750093155,15.128040981368217,15.201123237609863,12429300,0.0,0.0
2023-06-22 00:00:00-04:00,15.1737178407321,15.182853340179413,15.045822590888092,15.064093589782715,10884500,0.0,0.0
2023-06-23 00:00:00-04:00,14.963606617533355,15.109772883651939,14.899659856216918,14.908795356750488,14613400,0.0,0.0
2023-06-26 00:00:00-04:00,14.927066158791703,15.210259701882286,14.917930658379937,15.109772682189941,18220500,0.0,0.0
2023-06-27 00:00:00-04:00,15.109772099836343,15.365559131833207,15.082365599657333,15.347288131713867,16257500,0.0,0.0
2023-06-28 00:00:00-04:00,15.420372344811161,15.557403120660886,15.255938550145142,15.539132118225098,16801000,0.0,0.0
2023-06-29 00:00:00-04:00,15.6122130351988,15.76751305763322,15.584806533915595,15.712701797485352,13491300,0.0,0.0
2023-06-30 00:00:00-04:00,15.804051682461246,15.840593680392994,15.657887175570982,15.730969429016113,11339600,0.0,0.0
2023-07-03 00:00:00-04:00,15.730969622734689,15.886269631020326,15.703564866366767,15.758376121520996,8557600,0.0,0.0
2023-07-05 00:00:00-04:00,15.813187242801208,15.813187242801208,15.529993727413748,15.603075981140137,12979400,0.0,0.0
2023-07-06 00:00:00-04:00,15.520857613572996,15.539128611886012,15.338152857697748,15.402099609375,9881400,0.0,0.0
2023-07-07 00:00:00-04:00,15.310747527895757,15.584805553818697,15.310747527895757,15.45691204071045,24357100,0.0,0.0
2023-07-10 00:00:00-04:00,15.33815327390724,15.575669288748363,15.33815327390724,15.484317779541016,10596700,0.0,0.0
2023-07-11 00:00:00-04:00,15.50258736010395,15.80405187707979,15.50258736010395,15.758376121520996,14480800,0.0,0.0
2023-07-12 00:00:00-04:00,15.90454042014473,16.068975925853948,15.886269421195182,16.023300170898438,15123000,0.0,0.0
2023-07-13 00:00:00-04:00,16.041569650153118,16.132922903750863,16.014164893766665,16.07811164855957,8721800,0.0,0.0
2023-07-14 00:00:00-04:00,15.968486476859795,16.005028473163456,15.685292975179566,15.721833229064941,11249900,0.0,0.0
2023-07-17 00:00:00-04:00,15.758376467659193,15.758376467659193,15.630482955350637,15.648752212524414,11884900,0.0,0.0
2023-07-18 00:00:00-04:00,15.603076304711811,15.895405325679594,15.593940805004268,15.785782814025879,10053500,0.0,0.0
2023-07-19 00:00:00-04:00,15.7857835138645,15.904541530490713,15.749241513414288,15.79491901397705,12294100,0.0,0.0
2023-07-20 00:00:00-04:00,16.023301118354368,16.142059133711857,15.868001102937052,16.114652633666992,16299700,0.0,0.0
2023-07-21 00:00:00-04:00,16.196869818671576,16.361305328289504,16.087247307205224,16.26081657409668,16858600,0.0,0.0
2023-07-24 00:00:00-04:00,16.315629801450793,16.717581339031913,16.29735880181026,16.54401206970215,23654100,0.0,0.0
2023-07-25 00:00:00-04:00,16.507472293042486,16.617096563227427,16.44352552810905,16.498336791992188,14098200,0.0,0.0
2023-07-26 00:00:00-04:00,16.443523887548253,16.544012646657187,16.343035128439322,16.39784812927246,12260900,0.0,0.0
2023-07-27 00:00:00-04:00,16.48006508186619,16.498334338831643,16.224276317747364,16.26081657409668,12299700,0.0,0.0
2023-07-28 00:00:00-04:00,16.272886040162444,16.384279586483842,16.17077381389408,16.310016632080078,9147000,0.283,0.0
2023-07-31 00:00:00-04:00,16.365712786927357,16.47710809960862,16.34714837695417,16.43997573852539,11292000,0.0,0.0
2023-08-01 00:00:00-04:00,16.458542565953582,16.504958019131934,16.133641475979108,16.30073356628418,11198900,0.0,0.0
2023-08-02 00:00:00-04:00,16.17077474879287,16.180057839951093,15.985116466765541,16.11507797241211,10625800,0.0,0.0
2023-08-03 00:00:00-04:00,16.189340404529805,16.365713819093532,16.096511266535533,16.207904815673828,10592200,0.0,0.0
2023-08-04 00:00:00-04:00,16.254320798648305,16.439977310107032,16.105794881253882,16.11507797241211,11428500,0.0,0.0
2023-08-07 00:00:00-04:00,16.161489559165265,16.310015457274517,16.09650970006351,16.13364028930664,7215300,0.0,0.0
2023-08-08 00:00:00-04:00,15.957268395539147,16.226470947265625,15.873722348659214,16.226470947265625,9324700,0.0,0.0
2023-08-09 00:00:00-04:00,16.300733591138105,16.458542591048122,16.272886089757133,16.29145050048828,11368200,0.0,0.0
2023-08-10 00:00:00-04:00,16.347149206666344,16.44925966369107,16.180057114447774,16.282169342041016,12724800,0.0,0.0
2023-08-11 00:00:00-04:00,16.282170228217836,16.625635751521965,16.282170228217836,16.504959106445312,13074200,0.0,0.0
2023-08-14 00:00:00-04:00,16.53280510720425,16.579220559222367,16.319299339626273,16.40284538269043,10775200,0.0,0.0
2023-08-15 00:00:00-04:00,16.36571435140982,16.41212980720095,16.06866251662098,16.11507797241211,13509100,0.0,0.0
2023-08-16 00:00:00-04:00,16.096508467704787,16.170771411073794,15.957265670208923,15.975830078125,11428500,0.0,0.0
2023-08-17 00:00:00-04:00,16.087226843384197,16.300732603691152,16.087226843384197,16.09650993347168,9514700,0.0,0.0
2023-08-18 00:00:00-04:00,15.985116156236176,16.19862370759055,15.975833065258286,16.180057525634766,19614900,0.0,0.0
2023-08-21 00:00:00-04:00,16.235754616331853,16.235754616331853,16.003682649081995,16.11507797241211,9743900,0.0,0.0
2023-08-22 00:00:00-04:00,16.226471946482796,16.226471946482796,16.01296615600586,16.01296615600586,9087100,0.0,0.0
2023-08-23 00:00:00-04:00,15.920136987141769,16.03153231318618,15.753044883359475,16.022249221801758,9330200,0.0,0.0
2023-08-24 00:00:00-04:00,15.985115026743474,16.142924021079867,15.920135165058213,15.99439811706543,8286300,0.0,0.0
2023-08-25 00:00:00-04:00,16.050096253602653,16.207903473384704,15.994397713077747,16.09650993347168,9150200,0.0,0.0
2023-08-28 00:00:00-04:00,16.16149165763464,16.254320798648305,16.05937942546275,16.11507797241211,8576500,0.0,0.0
2023-08-29 00:00:00-04:00,16.115075711742573,16.20790306916555,16.09650953203064,16.19862174987793,8043400,0.0,0.0
2023-08-30 00:00:00-04:00,16.235752362862495,16.263601632471786,16.152206324602975,16.18933868408203,6643500,0.0,0.0
2023-08-31 00:00:00-04:00,16.207903907633014,16.217186997969215,15.957267550829371,15.985115051269531,14961400,0.0,0.0
2023-09-01 00:00:00-04:00,16.14292341622483,16.15220650619896,15.83658852935198,15.91085147857666,14536500,0.0,0.0
2023-09-05 00:00:00-04:00,15.892288332588876,15.98511569857296,15.83658978831621,15.84587287902832,11637500,0.0,0.0
2023-09-06 00:00:00-04:00,15.799459065920077,15.799459065920077,15.400295021429178,15.43742561340332,17046800,0.0,0.0
2023-09-07 00:00:00-04:00,15.493125354202679,15.567388314456954,15.381730028536948,15.400296211242676,18928600,0.0,0.0
2023-09-08 00:00:00-04:00,15.474558231788896,15.660216506434617,15.42814454841173,15.595234870910645,14738400,0.0,0.0
2023-09-11 00:00:00-04:00,15.669496501290459,15.697345771302315,15.418860153457263,15.474556922912598,11932600,0.0,0.0
2023-09-12 00:00:00-04:00,15.558103869132976,15.920135547545051,15.511688416408044,15.901569366455078,12424300,0.0,0.0
2023-09-13 00:00:00-04:00,15.938701654344491,15.98511533628461,15.845872519895783,15.929418563842773,10211200,0.0,0.0
2023-09-14 00:00:00-04:00,16.096510006472737,16.142923686552262,16.00368087574529,16.068660736083984,12161700,0.0,0.0
2023-09-15 00:00:00-04:00,15.966551287717252,16.152207790253932,15.827306697604099,15.84587287902832,28356000,0.0,0.0
2023-09-18 00:00:00-04:00,15.855156232022972,15.910853006648484,15.69734722844357,15.799459457397461,13265000,0.0,0.0
2023-09-19 00:00:00-04:00,15.901568352591445,15.901568352591445,15.623082736271655,15.715911865234375,13821500,0.0,0.0
2023-09-20 00:00:00-04:00,15.68806194604463,15.836587838010132,15.641648268768522,15.650931358337402,8536200,0.0,0.0
2023-09-21 00:00:00-04:00,15.641650382349608,15.678780975074115,15.363162969357404,15.372446060180664,12831500,0.0,0.0
2023-09-22 00:00:00-04:00,15.381729051075402,15.53953805290854,15.344598458592117,15.409578323364258,11579400,0.0,0.0
2023-09-25 00:00:00-04:00,15.363163171508724,15.604518224383682,15.353881851131872,15.548821449279785,11773100,0.0,0.0
2023-09-26 00:00:00-04:00,15.437425327979353,15.530254462051131,15.233202649476214,15.288899421691895,12834900,0.0,0.0
2023-09-27 00:00:00-04:00,15.36316353223679,15.558104905530497,15.353882211642013,15.465275764465332,12839700,0.0,0.0
2023-09-28 00:00:00-04:00,15.446707652900741,15.585952232391646,15.40029397344936,15.474556922912598,9576200,0.0,0.0
2023-09-29 00:00:00-04:00,15.474557279490474,15.558103320882804,15.344597557577258,15.391011238098145,14575000,0.0,0.0
2023-10-02 00:00:00-04:00,15.409578195065846,15.428144376437169,14.945434284193793,15.001131057739258,16619200,0.0,0.0
2023-10-03 00:00:00-04:00,14.91758434582512,15.010413477966907,14.834038303954353,14.945433616638184,16607900,0.0,0.0
2023-10-04 00:00:00-04:00,14.815473315457135,15.010413788763843,14.750493452782978,14.880454063415527,17504300,0.0,0.0
2023-10-05 00:00:00-04:00,14.75977601161757,15.066110921970383,14.75977601161757,15.001131057739258,17520000,0.0,0.0
2023-10-06 00:00:00-04:00,14.982564493536524,15.214636443042695,14.861887858843438,15.09395980834961,13026900,0.0,0.0
2023-10-09 00:00:00-04:00,15.344595913621303,15.576667832499353,15.307463556728065,15.558101654052734,18370500,0.0,0.0
2023-10-10 00:00:00-04:00,15.548819238344196,15.660214543280894,15.502405560785416,15.613799095153809,11827200,0.0,0.0
2023-10-11 00:00:00-04:00,15.511687754698485,15.64164924621582,15.455990984373003,15.64164924621582,11583400,0.0,0.0
2023-10-12 00:00:00-04:00,15.697346687316895,15.762326550568066,15.567386960814556,15.697346687316895,13902000,0.0,0.0
2023-10-13 00:00:00-04:00,15.873721098441129,15.947984048644486,15.81802432843071,15.883004188537598,14080900,0.0,0.0
2023-10-16 00:00:00-04:00,15.966550494605436,16.08722712673144,15.855155182161994,16.040813446044922,11369600,0.0,0.0
2023-10-17 00:00:00-04:00,16.031531998380228,16.189341007679257,16.003682724773835,16.087228775024414,15252800,0.0,0.0
2023-10-18 00:00:00-04:00,16.096509736922545,16.15220650619896,15.883003979222638,15.91085147857666,14680000,0.0,0.0
2023-10-19 00:00:00-04:00,16.031534347540784,16.06866494722159,15.632370220201135,15.790179252624512,17788800,0.0,0.0
2023-10-20 00:00:00-04:00,15.81802380159757,15.87372056975296,15.678779225356593,15.771608352661133,16349400,0.0,0.0
2023-10-23 00:00:00-04:00,15.678779249220819,15.799457646070904,15.613799391179239,15.762325286865234,12852400,0.0,0.0
2023-10-24 00:00:00-04:00,15.790175147462712,15.845871917788196,15.613799975768876,15.64164924621582,12964000,0.0,0.0
2023-10-25 00:00:00-04:00,15.650931662792662,15.734477699969501,15.576668715365283,15.585951805114746,11215600,0.0,0.0
2023-10-26 00:00:00-04:00,15.511689348182953,15.56738789479864,15.372446522780908,15.502408027648926,11306900,0.0,0.0
2023-10-27 00:00:00-04:00,15.502407491956575,15.511688812169881,15.131090942957343,15.196072578430176,14657000,0.0,0.0
2023-10-30 00:00:00-04:00,15.246136919289945,15.387831088319404,15.028875169295203,15.236690521240234,16123200,0.283,0.0
2023-10-31 00:00:00-04:00,15.217797759112749,15.350043713014216,15.170565774350802,15.302813529968262,13132600,0.0,0.0
2023-11-01 00:00:00-04:00,15.359489921714793,15.538967858178456,15.208351175760964,15.44450569152832,15920600,0.0,0.0
2023-11-02 00:00:00-04:00,15.45395176444924,15.982937364200078,15.387828789694876,15.964044570922852,18524900,0.0,0.0
2023-11-03 00:00:00-04:00,15.964047346434757,16.058509527528173,15.89792436018424,15.935709953308105,12815500,0.0,0.0
2023-11-06 00:00:00-05:00,16.001830567155242,16.001830567155242,15.727890462769842,15.746783256530762,11851700,0.0,0.0
2023-11-07 00:00:00-05:00,15.614538533749544,15.708998906563771,15.491737166345253,15.633429527282715,18310000,0.0,0.0
2023-11-08 00:00:00-05:00,15.557860066140664,15.595645656440436,15.406721308373804,15.435060501098633,10910500,0.0,0.0
2023-11-09 00:00:00-05:00,15.510628494647694,15.529521288110166,15.274473981514639,15.312257766723633,15076600,0.0,0.0
2023-11-10 00:00:00-05:00,15.425612428141648,15.567304772944302,15.32170386781894,15.529520988464355,12669800,0.0,0.0
2023-11-13 00:00:00-05:00,15.529522669787594,15.708998818501408,15.435060495786788,15.60509204864502,9358600,0.0,0.0
2023-11-14 00:00:00-05:00,15.70899892715983,15.935708867016354,15.671215138327824,15.869584083557129,12593100,0.0,0.0
2023-11-15 00:00:00-05:00,15.916815785923763,16.124631125058357,15.897922990988956,15.982938766479492,16813600,0.0,0.0
2023-11-16 00:00:00-05:00,15.916813653021173,16.058505992612822,15.69955194553292,15.888474464416504,14554100,0.0,0.0
2023-11-17 00:00:00-05:00,16.00183044364774,16.105737205098855,15.935707467710861,16.020721435546875,13708200,0.0,0.0
2023-11-20 00:00:00-05:00,16.020723956908355,16.143525333017166,15.973493767153428,16.001832962036133,10062100,0.0,0.0
2023-11-21 00:00:00-05:00,16.02072299400082,16.190754549645003,15.964046409358138,16.171863555908203,11961200,0.0,0.0
2023-11-22 00:00:00-05:00,16.001830372080253,16.341891647051295,15.96404478501905,16.332447052001953,13233400,0.0,0.0
2023-11-24 00:00:00-05:00,16.341891931975972,16.49303067942401,16.32300093983196,16.389123916625977,5988100,0.0,0.0
2023-11-27 00:00:00-05:00,16.341891036448985,16.389123018510702,16.294660856103157,16.351337432861328,10947000,0.0,0.0
2023-11-28 00:00:00-05:00,16.3891236308778,16.46469300328425,16.30410786170605,16.332447052001953,10998500,0.0,0.0
2023-11-29 00:00:00-05:00,16.39857202966254,16.50247880333439,16.247433266397866,16.36078643798828,13975800,0.0,0.0
2023-11-30 00:00:00-05:00,16.40801655524941,16.61583188059532,16.39857015840878,16.596939086914062,23071200,0.0,0.0
2023-12-01 00:00:00-05:00,16.56860264825379,16.814201773330407,16.54026345610676,16.766971588134766,12718900,0.0,0.0
2023-12-04 00:00:00-05:00,16.710296171294413,16.908665125013933,16.681956977170394,16.861434936523438,11708000,0.0,0.0
2023-12-05 00:00:00-05:00,16.861433732840773,16.899217520592668,16.52137063449336,16.53081703186035,17516700,0.0,0.0
2023-12-06 00:00:00-05:00,16.502478032981102,16.700848776578436,16.445801449831617,16.55915641784668,17064500,0.0,0.0
2023-12-07 00:00:00-05:00,16.644171998548178,16.681955786300072,16.483586846741463,16.53081703186035,16544800,0.0,0.0
2023-12-08 00:00:00-05:00,16.57804576754012,16.7291845087656,16.54026198309171,16.71973991394043,11788900,0.0,0.0
2023-12-11 00:00:00-05:00,16.691401253604376,16.71974044412626,16.55915530126752,16.596939086914062,11457400,0.0,0.0
2023-12-12 00:00:00-05:00,16.540263204370063,16.596939786085446,16.190753713407076,16.26632308959961,16091500,0.0,0.0
2023-12-13 00:00:00-05:00,16.256877412067855,16.56860312959298,16.162417038932382,16.511924743652344,17197900,0.0,0.0
2023-12-14 00:00:00-05:00,16.634723448720592,16.889768937763307,16.625277052575925,16.71029281616211,17957600,0.0,0.0
2023-12-15 00:00:00-05:00,16.62527849899774,16.64417129293078,16.417461369166322,16.52136993408203,33040500,0.0,0.0
2023-12-18 00:00:00-05:00,16.76697062661343,16.851986396463115,16.578046293232806,16.596939086914062,13959700,0.0,0.0
2023-12-19 00:00:00-05:00,16.61583286403383,16.738632426798173,16.568602678751255,16.663063049316406,11375700,0.0,0.0
2023-12-20 00:00:00-05:00,16.66306299156609,16.757525163519936,16.53081703186035,16.53081703186035,16159200,0.0,0.0
2023-12-21 00:00:00-05:00,16.540263486552064,16.672509446716138,16.058508029462267,16.663063049316406,11332100,0.0,0.0
2023-12-22 00:00:00-05:00,16.719743114514618,16.851989087973095,16.691403919466545,16.73863410949707,7534200,0.0,0.0
2023-12-26 00:00:00-05:00,16.81420294631674,16.899218726972595,16.73863356370223,16.861434936523438,7636700,0.0,0.0
2023-12-27 00:00:00-05:00,16.85198685430767,16.88032604559949,16.681955309988783,16.785863876342773,7920400,0.0,0.0
2023-12-28 00:00:00-05:00,16.72918380673561,16.814199570321794,16.644169844865264,16.71029281616211,7769900,0.0,0.0
2023-12-29 00:00:00-05:00,16.71974143371479,16.71974143371479,16.59694006923437,16.663063049316406,9809900,0.0,0.0
2024-01-02 00:00:00-05:00,16.7197411800654,16.908663720045706,16.691401988296136,16.842540740966797,13141200,0.0,0.0
2024-01-03 00:00:00-05:00,16.823649666420014,17.125927202664684,16.77641947702537,17.050357818603516,14367100,0.0,0.0
2024-01-04 00:00:00-05:00,17.144818925022683,17.22983470197997,16.908664389411584,16.955896377563477,10839200,0.0,0.0
2024-01-05 00:00:00-05:00,17.022018432617188,17.107034204946395,16.880326079307185,17.022018432617188,12252700,0.0,0.0
2024-01-08 00:00:00-05:00,16.899215660116333,17.107032775878906,16.804755300277932,17.107032775878906,12962200,0.0,0.0
2024-01-09 00:00:00-05:00,17.097589809714393,17.144819999109036,16.955897439814233,17.050357818603516,15386300,0.0,0.0
2024-01-10 00:00:00-05:00,17.022019359260007,17.0598031480654,16.908664389411584,16.955896377563477,14113000,0.0,0.0
2024-01-11 00:00:00-05:00,16.974785483503794,16.993678276663662,16.71973998270924,16.851985931396484,16028800,0.0,0.0
2024-01-12 00:00:00-05:00,17.05035613502217,17.14481830620033,16.899217381823533,16.97478675842285,10315800,0.0,0.0
2024-01-16 00:00:00-05:00,16.927555810105538,16.984232389569385,16.81420084946187,16.833093643188477,12903300,0.0,0.0
2024-01-17 00:00:00-05:00,16.748079051022497,16.86143401963839,16.53081731303448,16.587493896484375,13926400,0.0,0.0
2024-01-18 00:00:00-05:00,16.36078382927367,16.540261757676415,16.152968513349787,16.351337432861328,31605600,0.0,0.0
2024-01-19 00:00:00-05:00,16.417462460289958,16.417462460289958,16.152970534512978,16.247432708740234,19017100,0.0,0.0
2024-01-22 00:00:00-05:00,16.256878321534177,16.332449507016076,16.143525146743787,16.20964813232422,13142400,0.0,0.0
2024-01-23 00:00:00-05:00,16.200200050853464,16.266323029563374,16.096293285044766,16.134077072143555,14416900,0.0,0.0
2024-01-24 00:00:00-05:00,16.190752941374324,16.20019933816246,15.916814641382272,15.954598426818848,25500500,0.0,0.0
2024-01-25 00:00:00-05:00,16.07740052140678,16.379678025639755,16.01127754257032,16.37023162841797,23723800,0.0,0.0
2024-01-26 00:00:00-05:00,16.370231599695042,16.502477557135922,16.341892408079406,16.474140167236328,14265400,0.0,0.0
2024-01-29 00:00:00-05:00,16.474139179590264,16.52136936106877,16.294661246883262,16.408016204833984,13665900,0.0,0.0
2024-01-30 00:00:00-05:00,16.372484914051746,16.54533256290145,16.33407534294986,16.526126861572266,12446200,0.283,0.0
2024-01-31 00:00:00-05:00,16.535732198202897,16.564540754527727,16.228448256965088,16.24765396118164,16870600,0.0,0.0
2024-02-01 00:00:00-05:00,16.247651495513725,16.506922968421083,16.190036223164253,16.353281021118164,16474000,0.0,0.0
2024-02-02 00:00:00-05:00,16.314868883907774,16.372484153663017,16.0748031231118,16.286060333251953,20963800,0.0,0.0
2024-02-05 00:00:00-05:00,16.180435099919265,16.180435099919265,15.959575006037092,16.007587432861328,14058000,0.0,0.0
2024-02-06 00:00:00-05:00,16.036395377555824,16.065202099931327,15.94036869600538,16.026792526245117,12700400,0.0,0.0
2024-02-07 00:00:00-05:00,16.074804258645,16.10361281133587,15.863547033581515,15.988380432128906,16670800,0.0,0.0
2024-02-08 00:00:00-05:00,15.969175338745117,16.065202019816688,15.911560062724813,15.969175338745117,17004000,0.0,0.0
2024-02-09 00:00:00-05:00,15.969175069681112,16.05559889803372,15.87315022178406,15.949971199035645,9323400,0.0,0.0
2024-02-12 00:00:00-05:00,15.9595744418721,16.170831676610224,15.91156018518847,16.113216400146484,11205600,0.0,0.0
2024-02-13 00:00:00-05:00,16.07480486690606,16.218843972697723,15.815533377547109,15.91156005859375,15183300,0.0,0.0
2024-02-14 00:00:00-05:00,15.959574314895372,15.988381037119744,15.834739080067758,15.91156005859375,14250200,0.0,0.0
2024-02-15 00:00:00-05:00,15.87314939648081,16.362883787830288,15.853943695277346,16.295663833618164,18223200,0.0,0.0
2024-02-16 00:00:00-05:00,16.295665213748205,16.49732143035051,16.238049936814676,16.430103302001953,17587100,0.0,0.0
2024-02-20 00:00:00-05:00,16.439706725362853,16.535731579740617,16.324474335930166,16.382089614868164,13300600,0.0,0.0
2024-02-21 00:00:00-05:00,16.458908876924156,16.74698890461574,16.41089645475381,16.727783203125,10845600,0.0,0.0
2024-02-22 00:00:00-05:00,16.564539604613042,16.641360584589563,16.449307218869944,16.574142456054688,13092600,0.0,0.0
2024-02-23 00:00:00-05:00,16.51652843373797,16.67017040536334,16.487719877224425,16.56454086303711,9892600,0.0,0.0
2024-02-26 00:00:00-05:00,16.51652644514208,16.631756994208917,16.410896915533684,16.44930648803711,8172200,0.0,0.0
2024-02-27 00:00:00-05:00,16.526128156264292,16.545333859098097,16.372486196707136,16.48771858215332,12062800,0.0,0.0
2024-02-28 00:00:00-05:00,16.506924895858628,16.574143026707844,16.34368007884337,16.46851348876953,11414800,0.0,0.0
2024-02-29 00:00:00-05:00,16.5549374025621,16.74699077581528,16.49732212320883,16.698976516723633,15578700,0.0,0.0
2024-03-01 00:00:00-05:00,16.689372412666685,16.804604794283808,16.650962839832026,16.766193389892578,10955500,0.0,0.0
2024-03-04 00:00:00-05:00,16.75659181096394,16.910233760286673,16.727783258632233,16.871822357177734,10815600,0.0,0.0
2024-03-05 00:00:00-05:00,16.89103000718798,17.140698661526944,16.871824303418045,17.0158634185791,11811700,0.0,0.0
2024-03-06 00:00:00-05:00,17.06387646105405,17.207915565942624,17.04467075865382,17.111888885498047,10856500,0.0,0.0
2024-03-07 00:00:00-05:00,17.159902572631836,17.236723548129493,17.111888318222967,17.159902572631836,10734900,0.0,0.0
2024-03-08 00:00:00-05:00,17.140698088992682,17.217519069949713,17.035068553343013,17.121492385864258,11290600,0.0,0.0
2024-03-11 00:00:00-04:00,17.1214917854793,17.26553089077826,17.05427365844356,17.25592803955078,11397500,0.0,0.0
2024-03-12 00:00:00-04:00,17.217516595616598,17.303940415717857,17.179105194879863,17.22711944580078,8024700,0.0,0.0
2024-03-13 00:00:00-04:00,17.313545756376104,17.390366737343527,17.150300942875752,17.179107666015625,18206700,0.0,0.0
2024-03-14 00:00:00-04:00,17.102284622324724,17.15990172476853,16.756591165444092,16.862218856811523,20940800,0.0,0.0
2024-03-15 00:00:00-04:00,16.80460617098795,17.08308338096869,16.78540046721892,16.900632858276367,30058000,0.0,0.0
2024-03-18 00:00:00-04:00,16.939041137695312,16.967849691143766,16.823810587014663,16.939041137695312,16906600,0.0,0.0
2024-03-19 00:00:00-04:00,16.97745207531898,17.227120703668557,16.958246373548274,17.217517852783203,18142800,0.0,0.0
2024-03-20 00:00:00-04:00,17.1503004185413,17.399969056941487,17.12149186472553,17.31354522705078,11145300,0.0,0.0
2024-03-21 00:00:00-04:00,17.33274849495914,17.58241712467231,17.29433892276448,17.390365600585938,13742500,0.0,0.0
2024-03-22 00:00:00-04:00,17.428775743164156,17.495993870372033,17.33274906220008,17.34235191345215,10169100,0.0,0.0
2024-03-25 00:00:00-04:00,17.323147998143117,17.419172847304694,17.179107061287564,17.25592803955078,16549700,0.0,0.0
2024-03-26 00:00:00-04:00,17.284736588868284,17.303942291318386,17.188709908174364,17.198312759399414,9156000,0.0,0.0
2024-03-27 00:00:00-04:00,17.24632527621484,17.447981489906347,17.17910714883654,17.428775787353516,8699000,0.0,0.0
2024-03-28 00:00:00-04:00,17.515200350296197,17.697650869070433,17.428776516748226,17.61122703552246,15939400,0.0,0.0
2024-04-01 00:00:00-04:00,17.640034336266016,17.745662034103255,17.447980979469403,17.678443908691406,10873300,0.0,0.0
2024-04-02 00:00:00-04:00,17.716855963101704,17.784074090981292,17.572815024437883,17.688047409057617,10157800,0.0,0.0
2024-04-03 00:00:00-04:00,17.726455737872275,17.832085263725073,17.69764901740805,17.81287956237793,11384700,0.0,0.0
2024-04-04 00:00:00-04:00,17.87049665093675,17.976124345141546,17.63043087897492,17.697649002075195,8949600,0.0,0.0
2024-04-05 00:00:00-04:00,17.697648968092608,17.764867091063813,17.495992767622514,17.726455688476562,9870700,0.0,0.0
2024-04-08 00:00:00-04:00,17.745660762130857,17.88009883487486,17.620827371250442,17.630430221557617,11639600,0.0,0.0
2024-04-09 00:00:00-04:00,17.678444561315686,17.764868391908962,17.64003498747235,17.745662689208984,8291300,0.0,0.0
2024-04-10 00:00:00-04:00,17.620829234026935,17.659238807759657,17.467187275982827,17.544008255004883,10675600,0.0,0.0
2024-04-11 00:00:00-04:00,17.572814373578236,17.64003433052476,17.399968550385402,17.62082862854004,12520500,0.0,0.0
2024-04-12 00:00:00-04:00,17.65923740652103,17.803278333369946,17.351953514815406,17.409568786621094,15505400,0.0,0.0
2024-04-15 00:00:00-04:00,17.515199528022862,17.611226208741034,17.207915614969995,17.25592803955078,10026000,0.0,0.0
2024-04-16 00:00:00-04:00,17.255927321788278,17.323147277584592,16.910233849761262,16.9870548248291,16201600,0.0,0.0
2024-04-17 00:00:00-04:00,17.06387645654426,17.217518412592344,16.95824692492748,17.05427360534668,13072600,0.0,0.0
2024-04-18 00:00:00-04:00,17.28473668532328,17.63043200512786,17.236724260486692,17.486391067504883,26119500,0.0,0.0
2024-04-19 00:00:00-04:00,17.582418047731473,18.148973461909456,17.53440562207841,18.091358184814453,25441500,0.0,0.0
2024-04-22 00:00:00-04:00,18.043346367689946,18.16817977753201,17.83208729195564,18.072153091430664,16188200,0.0,0.0
2024-04-23 00:00:00-04:00,18.081755942079077,18.139371221113645,17.947319680479517,18.014537811279297,12914100,0.0,0.0
2024-04-24 00:00:00-04:00,17.88010090873573,18.091358145327394,17.784074226082563,18.062549591064453,12485500,0.0,0.0
2024-04-25 00:00:00-04:00,18.06254894177403,18.13936991882377,17.88970128552297,18.052946090698242,17447500,0.0,0.0
2024-04-26 00:00:00-04:00,18.03374220954058,18.03374220954058,17.889701275044686,17.937715530395508,9415500,0.0,0.0
2024-04-29 00:00:00-04:00,17.945516605047125,18.150330537869714,17.945516605047125,18.14057731628418,10293500,0.288,0.0
2024-04-30 00:00:00-04:00,18.09181315169072,18.101566374323895,17.808977136276614,17.82848358154297,16059200,0.0,0.0
2024-05-01 00:00:00-04:00,17.877248770247796,17.95527269516033,17.68218802784791,17.77971839904785,18135000,0.0,0.0
2024-05-02 00:00:00-04:00,17.896752325581616,18.1210708409402,17.730951279395534,18.0040340423584,14689700,0.0,0.0
2024-05-03 00:00:00-04:00,18.072307560133833,18.121071810346812,17.92601108902109,18.111318588256836,12409400,0.0,0.0
2024-05-06 00:00:00-04:00,18.140580181415054,18.306381254082197,18.033296587266577,18.150333404541016,11963200,0.0,0.0
2024-05-07 00:00:00-04:00,18.238108623812096,18.433167484993135,18.208848957528335,18.306379318237305,11863800,0.0,0.0
2024-05-08 00:00:00-04:00,18.238108597412854,18.42341423623108,18.189342487010503,18.34539031982422,11640600,0.0,0.0
2024-05-09 00:00:00-04:00,18.35514355066116,18.559957493974935,18.345390328576038,18.540451049804688,8029000,0.0,0.0
2024-05-10 00:00:00-04:00,18.686746607163872,18.706253052322193,18.481934513712474,18.608722686767578,8141300,0.0,0.0
2024-05-13 00:00:00-04:00,18.647734610398054,18.764769554806982,18.579462055883127,18.676992416381836,12389000,0.0,0.0
2024-05-14 00:00:00-04:00,18.667241068057933,18.96958540197584,18.667241068057933,18.930572509765625,14640500,0.0,0.0
2024-05-15 00:00:00-04:00,18.930569674974848,19.14513496928932,18.891558648843493,19.05735969543457,13622700,0.0,0.0
2024-05-16 00:00:00-04:00,19.028101916048975,19.232914009065116,19.01834869349054,19.11587905883789,11482900,0.0,0.0
2024-05-17 00:00:00-04:00,19.145136865920353,19.30118656661541,19.037855138253555,19.213409423828125,12152800,0.0,0.0
2024-05-20 00:00:00-04:00,19.223160757573453,19.398715042887055,19.21340939526669,19.349950790405273,10286300,0.0,0.0
2024-05-21 00:00:00-04:00,19.35970401316052,19.43772793327442,19.232913980327318,19.25242042541504,10302900,0.0,0.0
2024-05-22 00:00:00-04:00,19.17439556298115,19.17439556298115,18.803782425713056,18.91106414794922,11120000,0.0,0.0
2024-05-23 00:00:00-04:00,18.920818368352755,18.950078036090236,18.579463019030094,18.608722686767578,11921500,0.0,0.0
2024-05-24 00:00:00-04:00,18.706252088465266,18.735509894458218,18.55020425571319,18.598968505859375,9614400,0.0,0.0
2024-05-28 00:00:00-04:00,18.637981394165845,18.716005310541885,18.530697811559953,18.598968505859375,11884800,0.0,0.0
2024-05-29 00:00:00-04:00,18.54045104540564,18.569710711654064,18.364896768388885,18.442920684814453,9005800,0.0,0.0
2024-05-30 00:00:00-04:00,18.472181300975965,18.550205221413833,18.413661965469814,18.530698776245117,9668500,0.0,0.0
2024-05-31 00:00:00-04:00,18.589215265247564,19.02810095707324,18.520944571016212,19.008594512939453,19745200,0.0,0.0
2024-06-03 00:00:00-04:00,18.998842248730423,19.037855138964893,18.891560521059617,19.018348693847656,14348500,0.0,0.0
2024-06-04 00:00:00-04:00,18.920818309336315,19.223160767399285,18.813536581774162,19.174396514892578,13990700,0.0,0.0
2024-06-05 00:00:00-04:00,19.223159831319734,19.32069019182086,19.037854192628185,19.301185607910156,14730800,0.0,0.0
2024-06-06 00:00:00-04:00,19.242666238824352,19.349949821194986,19.18414876672987,19.320690155029297,11409500,0.0,0.0
2024-06-07 00:00:00-04:00,19.262173686153282,19.271926908716484,19.09637262305286,19.135385513305664,9188900,0.0,0.0
2024-06-10 00:00:00-04:00,19.154890041395237,19.388961801506973,19.135385456563668,19.310937881469727,11567300,0.0,0.0
2024-06-11 00:00:00-04:00,19.223159831319734,19.388960886100577,19.17439558118762,19.301185607910156,9229800,0.0,0.0
2024-06-12 00:00:00-04:00,19.42797468211016,19.57426929957858,19.359703984640696,19.388961791992188,10083700,0.0,0.0
2024-06-13 00:00:00-04:00,19.349950800034687,19.418221497637955,19.213409404828155,19.271926879882812,7979400,0.0,0.0
2024-06-14 00:00:00-04:00,19.174397486341363,19.271927856533036,19.067113893106818,19.10612678527832,8446700,0.0,0.0
2024-06-17 00:00:00-04:00,19.086618428026313,19.34019662103873,19.076865205960036,19.18414878845215,11724300,0.0,0.0
2024-06-18 00:00:00-04:00,19.223160757783457,19.36945723570438,19.184149727845003,19.25242042541504,8880500,0.0,0.0
2024-06-20 00:00:00-04:00,19.21340937660091,19.44748113671265,19.154890041395237,19.310937881469727,10930000,0.0,0.0
2024-06-21 00:00:00-04:00,19.379209482647898,19.44748017678101,19.145135873853093,19.223159790039062,28997900,0.0,0.0
2024-06-24 00:00:00-04:00,19.252421346901656,19.691307081197024,19.252421346901656,19.613283157348633,11998500,0.0,0.0
2024-06-25 00:00:00-04:00,19.57426740433633,19.662044538365922,19.515749935062207,19.603527069091797,10026400,0.0,0.0
2024-06-26 00:00:00-04:00,19.603528996046077,19.64254002598453,19.223160757783457,19.25242042541504,13503400,0.0,0.0
2024-06-27 00:00:00-04:00,19.310937909840256,19.398715052540737,19.13538548467628,19.271926879882812,10532000,0.0,0.0
2024-06-28 00:00:00-04:00,19.369456296361747,19.427973768550057,19.25241949174823,19.379209518432617,42524200,0.0,0.0
2024-07-01 00:00:00-04:00,19.486491246601705,19.515750912823112,19.193902025335227,19.301185607910156,10789700,0.0,0.0
2024-07-02 00:00:00-04:00,19.418219552990493,19.418219552990493,18.989087105012377,19.232912063598633,12815400,0.0,0.0
2024-07-03 00:00:00-04:00,19.340195635240836,19.584020593758865,19.271924944493673,19.466983795166016,11016100,0.0,0.0
2024-07-05 00:00:00-04:00,19.427973731708878,19.48649120378622,19.281679121397072,19.398714065551758,11916500,0.0,0.0
2024-07-08 00:00:00-04:00,19.398714075904376,19.50599765830084,19.31093693762307,19.41822052001953,9640500,0.0,0.0
2024-07-09 00:00:00-04:00,19.359703042249624,19.642539040889087,19.349949820194897,19.496244430541992,13993100,0.0,0.0
2024-07-10 00:00:00-04:00,19.50599671347705,19.61328029067695,19.408466357862302,19.603527069091797,9648500,0.0,0.0
2024-07-11 00:00:00-04:00,19.623035402633203,19.701059322594016,19.515751815098213,19.662046432495117,15623300,0.0,0.0
2024-07-12 00:00:00-04:00,19.749822632641735,19.81809332682037,19.59377480016574,19.69130516052246,18489400,0.0,0.0
2024-07-15 00:00:00-04:00,19.779082288414333,19.876610788482846,19.652292261946226,19.671798706054688,13844400,0.0,0.0
2024-07-16 00:00:00-04:00,20.042410863629623,20.042410863629623,19.5352563632482,19.740068435668945,14691300,0.0,0.0
2024-07-17 00:00:00-04:00,19.798588756308984,20.061920196121008,19.76933094759903,20.02290916442871,23408500,0.0,0.0
2024-07-18 00:00:00-04:00,19.993649389621233,20.92018510543021,19.935131912274084,20.53006362915039,42322400,0.0,0.0
2024-07-19 00:00:00-04:00,20.637345297583618,21.251785263287623,20.578827825690773,20.95919418334961,26891100,0.0,0.0
2024-07-22 00:00:00-04:00,20.99820895005738,21.320057864617834,20.96894928137477,21.310304641723633,15594800,0.0,0.0
2024-07-23 00:00:00-04:00,21.271290829978415,21.271290829978415,21.027465848882073,21.08598518371582,20814900,0.0,0.0
2024-07-24 00:00:00-04:00,21.105490760402358,21.12499720626376,20.53006362915039,20.53006362915039,20630700,0.0,0.0
2024-07-25 00:00:00-04:00,20.539814954240008,20.764135340445236,20.49105070432929,20.54956817626953,20800200,0.0,0.0
2024-07-26 00:00:00-04:00,20.637345328948655,20.900676743222014,20.617838884875763,20.842159271240234,12587900,0.0,0.0
2024-07-29 00:00:00-04:00,20.881172222811728,20.929936477249438,20.617840784279153,20.764137268066406,13805100,0.0,0.0
2024-07-30 00:00:00-04:00,20.764136237393476,21.261537560727106,20.754383014942647,21.183513641357422,16671800,0.0,0.0
2024-07-31 00:00:00-04:00,21.280377405780527,21.379216476910656,20.865246897236904,20.885013580322266,15294600,0.288,0.0
2024-08-01 00:00:00-04:00,20.89489840229656,20.964086507962257,20.687334085299458,20.82571029663086,12092600,0.0,0.0
2024-08-02 00:00:00-04:00,20.736754230785493,20.825710907890805,20.272204161084627,20.44023323059082,18941200,0.0,0.0
2024-08-05 00:00:00-04:00,19.708812736948687,19.936145624918137,19.451826995456674,19.84718894958496,18837000,0.0,0.0
2024-08-06 00:00:00-04:00,19.975680200426478,20.608261190818205,19.837303992481928,20.42046356201172,19934600,0.0,0.0
2024-08-07 00:00:00-04:00,20.637912186226053,21.043160296908454,20.558839797973633,20.558839797973633,15593700,0.0,0.0
2024-08-08 00:00:00-04:00,20.558840273147887,20.934435539953807,20.558840273147887,20.82571029663086,10592500,0.0,0.0
2024-08-09 00:00:00-04:00,20.85536328414378,20.85536328414378,20.55884040550881,20.776290893554688,13464700,0.0,0.0
2024-08-12 00:00:00-04:00,20.815826393922556,20.85536353230481,20.5786092193326,20.67745018005371,7603400,0.0,0.0
2024-08-13 00:00:00-04:00,20.64779732626702,20.756522571583698,20.420464436272628,20.67745018005371,9484600,0.0,0.0
2024-08-14 00:00:00-04:00,20.677450448852973,20.796059980307092,20.598378056295076,20.71698570251465,7947500,0.0,0.0
2024-08-15 00:00:00-04:00,20.87513201099314,20.954204402180313,20.667565805855244,20.86524772644043,12283100,0.0,0.0
2024-08-16 00:00:00-04:00,20.86524702991435,20.894897997348156,20.74663750447577,20.835594177246094,8170500,0.0,0.0
2024-08-19 00:00:00-04:00,20.8355942529789,21.122232840777237,20.776290432661277,21.112348556518555,10010000,0.0,0.0
2024-08-20 00:00:00-04:00,21.08269576180917,21.15188386657603,20.70710238511716,20.786174774169922,9770700,0.0,0.0
2024-08-21 00:00:00-04:00,20.855363396802833,20.904782934225036,20.598377654691443,20.726869583129883,11349000,0.0,0.0
2024-08-22 00:00:00-04:00,20.726870277736452,20.855364095715533,20.647797884070314,20.75652313232422,7767200,0.0,0.0
2024-08-23 00:00:00-04:00,20.82571129937096,21.142000874920075,20.736754620593448,21.03327751159668,11384000,0.0,0.0
2024-08-26 00:00:00-04:00,21.171653747558594,21.250726141512978,21.082697068705585,21.171653747558594,10758300,0.0,0.0
2024-08-27 00:00:00-04:00,21.181537336659975,21.280378297164752,21.05304352243341,21.142000198364258,10979400,0.0,0.0
2024-08-28 00:00:00-04:00,21.112349769152065,21.17165359287593,20.96408738199056,21.08269691467285,8327400,0.0,0.0
2024-08-29 00:00:00-04:00,21.161769462659972,21.230957571715738,20.97397182005534,21.171653747558594,8562900,0.0,0.0
2024-08-30 00:00:00-04:00,21.10246525601118,21.33968243357467,21.062928117133325,21.319913864135742,26383300,0.0,0.0
2024-09-03 00:00:00-04:00,21.201306620013767,21.39898666244803,20.973971837624223,21.310029983520508,11945000,0.0,0.0
2024-09-04 00:00:00-04:00,21.26060891632594,21.379216556215834,21.04316031970483,21.161767959594727,14875000,0.0,0.0
2024-09-05 00:00:00-04:00,21.300145138544476,21.32979799248548,21.132116070014515,21.23095703125,9093000,0.0,0.0
2024-09-06 00:00:00-04:00,21.230955984981026,21.339681225505494,20.79605879335204,20.885013580322266,11478500,0.0,0.0
2024-09-09 00:00:00-04:00,20.924551143628427,21.04316067073133,20.805941616525526,20.875131607055664,11855300,0.0,0.0
2024-09-10 00:00:00-04:00,20.95420399671277,20.993739248924086,20.716984942506972,20.875131607055664,9044100,0.0,0.0
2024-09-11 00:00:00-04:00,20.746638129023832,20.835594804472066,20.321623320823264,20.58849334716797,10563100,0.0,0.0
2024-09-12 00:00:00-04:00,20.618145552840957,20.776290329727406,20.479767459139477,20.69721794128418,9023000,0.0,0.0
2024-09-13 00:00:00-04:00,20.76640743542875,20.914667938028675,20.726870295943666,20.894899368286133,10036900,0.0,0.0
2024-09-16 00:00:00-04:00,21.102465503081618,21.30014554408172,21.053044078905668,21.221073150634766,11136600,0.0,0.0
2024-09-17 00:00:00-04:00,21.26061044422059,21.48794334137555,21.191422335106868,21.310029983520508,10256300,0.0,0.0
2024-09-18 00:00:00-04:00,21.359451293945312,21.576899905031688,21.33968272423712,21.359451293945312,10153100,0.0,0.0
2024-09-19 00:00:00-04:00,21.547245940910123,21.586783078290566,21.300144487985765,21.33968162536621,11860800,0.0,0.0
2024-09-20 00:00:00-04:00,21.26060875269765,21.62631783898374,21.211187332095182,21.537363052368164,21988200,0.0,0.0
2024-09-23 00:00:00-04:00,21.58678388638079,21.942610595187084,21.567015316950542,21.922842025756836,11610100,0.0,0.0
2024-09-24 00:00:00-04:00,22.05133422650824,22.080987081016584,21.80423276130907,21.962377548217773,11105200,0.0,0.0
2024-09-25 00:00:00-04:00,21.97226140742707,22.01179854600565,21.784465654882396,21.833885192871094,12086200,0.0,0.0
2024-09-26 00:00:00-04:00,21.616436091733696,21.81411612439941,21.36933463697569,21.428638458251953,14574600,0.0,0.0
2024-09-27 00:00:00-04:00,21.468173063524713,21.62631783898374,21.359449708668148,21.537363052368164,12662100,0.0,0.0
2024-09-30 00:00:00-04:00,21.56701516316926,21.873420446215146,21.398986094679348,21.833885192871094,10362100,0.0,0.0
2024-10-01 00:00:00-04:00,21.774580140820525,22.36762210413919,21.75481157264739,22.328086853027344,15698100,0.0,0.0
2024-10-02 00:00:00-04:00,22.38739170788881,22.723449841439496,22.337972170404388,22.674030303955078,15220900,0.0,0.0
2024-10-03 00:00:00-04:00,22.703681758800883,23.148465146628638,22.525770288904337,23.07927703857422,17220600,0.0,0.0
2024-10-04 00:00:00-04:00,23.148463717445434,23.375796597084314,23.02985419293612,23.346145629882812,11021000,0.0,0.0
2024-10-07 00:00:00-04:00,23.365913931166453,23.563595857294473,23.296725822592016,23.306610107421875,12242600,0.0,0.0
2024-10-08 00:00:00-04:00,23.118811595348333,23.267073976977294,22.792637749186714,23.049623489379883,10575800,0.0,0.0
2024-10-09 00:00:00-04:00,22.931015072043596,23.267073191315067,22.921130787919797,23.207767486572266,6730500,0.0,0.0
2024-10-10 00:00:00-04:00,23.26707487200729,23.553711591364902,23.08916151539622,23.44498634338379,20257800,0.0,0.0
2024-10-11 00:00:00-04:00,23.701970433219113,24.413623809814453,23.583362793942847,24.413623809814453,21490000,0.0,0.0
2024-10-14 00:00:00-04:00,24.255479329371987,24.729913662724215,24.22582647657455,24.591535568237305,16198800,0.0,0.0
2024-10-15 00:00:00-04:00,24.44327614675654,24.680493323836565,24.225827539075148,24.472929000854492,19919500,0.0,0.0
2024-10-16 00:00:00-04:00,24.561884490125962,24.769448803070432,24.41362399727499,24.64095687866211,17604000,0.0,0.0
2024-10-17 00:00:00-04:00,24.463044178406108,25.135160441308926,24.21594272205857,24.5322322845459,24172200,0.0,0.0
2024-10-18 00:00:00-04:00,24.581654155177574,24.69037751599349,24.374087947738946,24.66072654724121,13670600,0.0,0.0
2024-10-21 00:00:00-04:00,24.71014506720243,24.720029351457445,24.364202659214705,24.45315933227539,9920100,0.0,0.0
2024-10-22 00:00:00-04:00,24.492697435230706,24.68049318777887,24.28513122815836,24.522348403930664,7976700,0.0,0.0
2024-10-23 00:00:00-04:00,24.463044312397365,24.57176955706084,24.314783814823677,24.482812881469727,9856500,0.0,0.0
2024-10-24 00:00:00-04:00,24.611305392007285,24.789218747397012,24.482813460467234,24.70026206970215,15834200,0.0,0.0
2024-10-25 00:00:00-04:00,24.79910276204394,24.90782800809439,24.621189408592127,24.66072654724121,16549400,0.0,0.0
2024-10-28 00:00:00-04:00,24.403741160899326,24.64095834058159,24.374088306476082,24.51246452331543,10034800,0.0,0.0
2024-10-29 00:00:00-04:00,24.57176951160173,24.57176951160173,24.225827094413464,24.34443473815918,10089800,0.0,0.0
2024-10-30 00:00:00-04:00,24.43339052112849,24.8089857781514,24.364202417264913,24.552000045776367,14117300,0.0,0.0
2024-10-31 00:00:00-04:00,24.6299991607666,24.690000534057617,24.350000381469727,24.510000228881836,12806100,0.288,0.0
2024-11-01 00:00:00-04:00,24.559999465942383,24.670000076293945,24.139999389648438,24.18000030517578,13274500,0.0,0.0
2024-11-04 00:00:00-05:00,24.270000457763672,24.5,23.969999313354492,24.489999771118164,13273400,0.0,0.0
2024-11-05 00:00:00-05:00,24.59000015258789,24.959999084472656,24.540000915527344,24.709999084472656,18874200,0.0,0.0
2024-11-06 00:00:00-05:00,25.3799991607666,26.59000015258789,25.3799991607666,26.350000381469727,27282700,0.0,0.0
2024-11-07 00:00:00-05:00,26.40999984741211,26.510000228881836,26.190000534057617,26.40999984741211,13260500,0.0,0.0
2024-11-08 00:00:00-05:00,26.280000686645508,27.0,26.280000686645508,26.8799991607666,17402000,0.0,0.0
2024-11-11 00:00:00-05:00,26.8799991607666,27.329999923706055,26.8799991607666,27.270000457763672,15876100,0.0,0.0
2024-11-12 00:00:00-05:00,27.290000915527344,27.59000015258789,27.1200008392334,27.18000030517578,14748800,0.0,0.0
2024-11-13 00:00:00-05:00,27.299999237060547,27.329999923706055,26.760000228881836,26.799999237060547,11759400,0.0,0.0
2024-11-14 00:00:00-05:00,26.75,26.969999313354492,26.639999389648438,26.760000228881836,9870200,0.0,0.0
2024-11-15 00:00:00-05:00,26.649999618530273,27.31999969482422,26.649999618530273,27.270000457763672,12426300,0.0,0.0
2024-11-18 00:00:00-05:00,27.350000381469727,27.84000015258789,27.350000381469727,27.780000686645508,15943100,0.0,0.0
2024-11-19 00:00:00-05:00,27.59000015258789,28.149999618530273,27.59000015258789,28.079999923706055,16420700,0.0,0.0
2024-11-20 00:00:00-05:00,28.100000381469727,28.280000686645508,27.770000457763672,28.0,11950200,0.0,0.0
2024-11-21 00:00:00-05:00,28.030000686645508,28.670000076293945,27.979999542236328,28.540000915527344,14618000,0.0,0.0
2024-11-22 00:00:00-05:00,28.540000915527344,28.809999465942383,28.479999542236328,28.489999771118164,12382200,0.0,0.0
2024-11-25 00:00:00-05:00,28.59000015258789,28.719999313354492,27.649999618530273,27.850000381469727,26211100,0.0,0.0
2024-11-26 00:00:00-05:00,27.860000610351562,28.239999771118164,27.860000610351562,28.09000015258789,11272800,0.0,0.0
2024-11-27 00:00:00-05:00,28.09000015258789,28.239999771118164,27.959999084472656,28.06999969482422,8127100,0.0,0.0
2024-11-29 00:00:00-05:00,28.170000076293945,28.350000381469727,28.079999923706055,28.270000457763672,6268200,0.0,0.0
2024-12-02 00:00:00-05:00,28.219999313354492,28.270000457763672,27.34000015258789,27.440000534057617,9652400,0.0,0.0
2024-12-03 00:00:00-05:00,27.469999313354492,27.549999237060547,27.200000762939453,27.420000076293945,12491100,0.0,0.0
2024-12-04 00:00:00-05:00,27.360000610351562,27.420000076293945,27.1200008392334,27.389999389648438,9852600,0.0,0.0
2024-12-05 00:00:00-05:00,27.520000457763672,28.219999313354492,27.479999542236328,27.969999313354492,13451600,0.0,0.0
2024-12-06 00:00:00-05:00,27.93000030517578,28.139999389648438,27.6299991607666,27.770000457763672,11530400,0.0,0.0
2024-12-09 00:00:00-05:00,27.850000381469727,27.8799991607666,27.020000457763672,27.100000381469727,12138700,0.0,0.0
2024-12-10 00:00:00-05:00,27.31999969482422,27.40999984741211,26.790000915527344,26.889999389648438,15516800,0.0,0.0
2024-12-11 00:00:00-05:00,27.020000457763672,27.270000457763672,26.8799991607666,26.950000762939453,15058600,0.0,0.0
2024-12-12 00:00:00-05:00,26.950000762939453,27.200000762939453,26.799999237060547,26.899999618530273,10795700,0.0,0.0
2024-12-13 00:00:00-05:00,26.8700008392334,26.989999771118164,26.700000762939453,26.8799991607666,8284800,0.0,0.0
2024-12-16 00:00:00-05:00,26.700000762939453,26.75,26.420000076293945,26.559999465942383,11582300,0.0,0.0
2024-12-17 00:00:00-05:00,26.399999618530273,26.709999084472656,26.110000610351562,26.610000610351562,14320000,0.0,0.0
2024-12-18 00:00:00-05:00,26.59000015258789,26.719999313354492,25.780000686645508,25.829999923706055,12764500,0.0,0.0
2024-12-19 00:00:00-05:00,26.1200008392334,26.510000228881836,25.84000015258789,26.239999771118164,20249900,0.0,0.0
2024-12-20 00:00:00-05:00,26.229999542236328,26.989999771118164,26.139999389648438,26.850000381469727,28504400,0.0,0.0
2024-12-23 00:00:00-05:00,26.850000381469727,27.100000381469727,26.549999237060547,27.049999237060547,10863300,0.0,0.0
2024-12-24 00:00:00-05:00,27.100000381469727,27.389999389648438,26.989999771118164,27.329999923706055,4702800,0.0,0.0
2024-12-26 00:00:00-05:00,27.229999542236328,27.290000915527344,27.100000381469727,27.25,8172100,0.0,0.0
2024-12-27 00:00:00-05:00,27.200000762939453,27.360000610351562,27.049999237060547,27.18000030517578,6755600,0.0,0.0
2024-12-30 00:00:00-05:00,27.15999984741211,27.549999237060547,26.93000030517578,27.360000610351562,7953900,0.0,0.0
2024-12-31 00:00:00-05:00,27.420000076293945,27.739999771118164,27.350000381469727,27.399999618530273,7862400,0.0,0.0
2025-01-02 00:00:00-05:00,27.6200008392334,28.209999084472656,27.510000228881836,28.110000610351562,13891800,0.0,0.0
2025-01-03 00:00:00-05:00,28.25,28.530000686645508,28.139999389648438,28.270000457763672,9877300,0.0,0.0
2025-01-06 00:00:00-05:00,28.299999237060547,28.389999389648438,27.729999542236328,27.829999923706055,14420800,0.0,0.0
2025-01-07 00:00:00-05:00,27.93000030517578,28.09000015258789,27.690000534057617,27.809999465942383,9700153,0.0,0.0
