Date,Open,High,Low,Close,Volume,Dividends,Stock Splits
2022-01-03 00:00:00-05:00,19.43000030517578,19.8700008392334,19.309999465942383,19.649999618530273,973600,0.0,0.0
2022-01-04 00:00:00-05:00,19.760000228881836,20.0,19.56999969482422,19.979999542236328,544400,0.0,0.0
2022-01-05 00:00:00-05:00,19.979999542236328,20.0,18.899999618530273,18.90999984741211,633400,0.0,0.0
2022-01-06 00:00:00-05:00,19.0,19.100000381469727,18.40999984741211,18.6200008392334,725600,0.0,0.0
2022-01-07 00:00:00-05:00,18.530000686645508,18.93000030517578,18.40999984741211,18.510000228881836,1160700,0.0,0.0
2022-01-10 00:00:00-05:00,18.399999618530273,18.540000915527344,17.920000076293945,18.209999084472656,1098900,0.0,0.0
2022-01-11 00:00:00-05:00,18.15999984741211,18.510000228881836,18.020000457763672,18.350000381469727,737500,0.0,0.0
2022-01-12 00:00:00-05:00,17.540000915527344,17.610000610351562,16.780000686645508,16.93000030517578,2246900,0.0,0.0
2022-01-13 00:00:00-05:00,17.110000610351562,17.8700008392334,17.040000915527344,17.290000915527344,1989900,0.0,0.0
2022-01-14 00:00:00-05:00,17.229999542236328,17.280000686645508,16.549999237060547,16.8700008392334,873200,0.0,0.0
2022-01-18 00:00:00-05:00,16.75,16.850000381469727,16.579999923706055,16.719999313354492,1180200,0.0,0.0
2022-01-19 00:00:00-05:00,16.75,17.170000076293945,16.639999389648438,16.8700008392334,796400,0.0,0.0
2022-01-20 00:00:00-05:00,16.940000534057617,17.579999923706055,16.90999984741211,17.09000015258789,1389200,0.0,0.0
2022-01-21 00:00:00-05:00,17.139999389648438,17.530000686645508,16.950000762939453,16.969999313354492,1444800,0.0,0.0
2022-01-24 00:00:00-05:00,16.6200008392334,17.030000686645508,16.309999465942383,17.0,1670200,0.0,0.0
2022-01-25 00:00:00-05:00,16.799999237060547,17.059999465942383,16.579999923706055,16.860000610351562,913300,0.0,0.0
2022-01-26 00:00:00-05:00,17.110000610351562,17.459999084472656,16.65999984741211,16.75,897800,0.0,0.0
2022-01-27 00:00:00-05:00,16.860000610351562,16.8700008392334,16.06999969482422,16.190000534057617,763500,0.0,0.0
2022-01-28 00:00:00-05:00,16.18000030517578,16.329999923706055,15.710000038146973,16.329999923706055,899300,0.0,0.0
2022-01-31 00:00:00-05:00,16.34000015258789,16.770000457763672,16.290000915527344,16.760000228881836,1425500,0.0,0.0
2022-02-01 00:00:00-05:00,16.940000534057617,17.059999465942383,16.56999969482422,17.030000686645508,687800,0.0,0.0
2022-02-02 00:00:00-05:00,16.81999969482422,16.969999313354492,16.579999923706055,16.799999237060547,668100,0.0,0.0
2022-02-03 00:00:00-05:00,16.56999969482422,16.780000686645508,16.270000457763672,16.299999237060547,593300,0.0,0.0
2022-02-04 00:00:00-05:00,16.350000381469727,16.649999618530273,16.09000015258789,16.479999542236328,708100,0.0,0.0
2022-02-07 00:00:00-05:00,16.489999771118164,16.889999389648438,16.469999313354492,16.700000762939453,514600,0.0,0.0
2022-02-08 00:00:00-05:00,16.75,17.100000381469727,16.6200008392334,17.049999237060547,474700,0.0,0.0
2022-02-09 00:00:00-05:00,17.290000915527344,17.389999389648438,17.170000076293945,17.290000915527344,660400,0.0,0.0
2022-02-10 00:00:00-05:00,16.93000030517578,17.489999771118164,16.809999465942383,16.850000381469727,687800,0.0,0.0
2022-02-11 00:00:00-05:00,16.920000076293945,17.299999237060547,16.790000915527344,17.09000015258789,1182700,0.0,0.0
2022-02-14 00:00:00-05:00,17.100000381469727,17.469999313354492,16.8700008392334,16.979999542236328,926800,0.0,0.0
2022-02-15 00:00:00-05:00,17.239999771118164,17.329999923706055,17.020000457763672,17.079999923706055,980000,0.0,0.0
2022-02-16 00:00:00-05:00,17.079999923706055,17.420000076293945,16.93000030517578,17.280000686645508,775100,0.0,0.0
2022-02-17 00:00:00-05:00,17.09000015258789,17.25,16.950000762939453,16.959999084472656,542600,0.0,0.0
2022-02-18 00:00:00-05:00,16.90999984741211,17.010000228881836,16.459999084472656,16.459999084472656,918200,0.0,0.0
2022-02-22 00:00:00-05:00,16.489999771118164,16.719999313354492,16.15999984741211,16.309999465942383,1051500,0.0,0.0
2022-02-23 00:00:00-05:00,16.610000610351562,16.780000686645508,15.010000228881836,15.039999961853027,1611500,0.0,0.0
2022-02-24 00:00:00-05:00,15.069999694824219,18.329999923706055,14.930000305175781,18.309999465942383,4121000,0.0,0.0
2022-02-25 00:00:00-05:00,18.309999465942383,18.700000762939453,17.799999237060547,18.68000030517578,2164400,0.0,0.0
2022-02-28 00:00:00-05:00,19.510000228881836,21.059999465942383,19.229999542236328,20.920000076293945,3619000,0.0,0.0
2022-03-01 00:00:00-05:00,21.059999465942383,21.950000762939453,19.989999771118164,20.010000228881836,3535400,0.0,0.0
2022-03-02 00:00:00-05:00,20.0,20.100000381469727,18.940000534057617,19.350000381469727,2227100,0.0,0.0
2022-03-03 00:00:00-05:00,19.3700008392334,19.479999542236328,18.690000534057617,18.950000762939453,1709200,0.0,0.0
2022-03-04 00:00:00-05:00,19.049999237060547,20.270000457763672,18.860000610351562,20.0,2773900,0.0,0.0
2022-03-07 00:00:00-05:00,20.100000381469727,20.979999542236328,20.059999465942383,20.729999542236328,3162400,0.0,0.0
2022-03-08 00:00:00-05:00,20.649999618530273,21.600000381469727,20.229999542236328,20.3700008392334,2361900,0.0,0.0
2022-03-09 00:00:00-05:00,20.219999313354492,20.219999313354492,19.170000076293945,19.389999389648438,1226800,0.0,0.0
2022-03-10 00:00:00-05:00,19.399999618530273,19.950000762939453,19.309999465942383,19.649999618530273,899100,0.0,0.0
2022-03-11 00:00:00-05:00,19.59000015258789,19.75,18.700000762939453,18.719999313354492,1091700,0.0,0.0
2022-03-14 00:00:00-04:00,18.489999771118164,18.6200008392334,17.760000228881836,18.1299991607666,1268400,0.0,0.0
2022-03-15 00:00:00-04:00,18.139999389648438,18.56999969482422,18.049999237060547,18.559999465942383,659300,0.0,0.0
2022-03-16 00:00:00-04:00,18.579999923706055,18.700000762939453,17.760000228881836,18.270000457763672,1320500,0.0,0.0
2022-03-17 00:00:00-04:00,18.270000457763672,18.979999542236328,18.040000915527344,18.8700008392334,2047000,0.0,0.0
2022-03-18 00:00:00-04:00,19.09000015258789,20.260000228881836,19.059999465942383,20.010000228881836,1703200,0.0,0.0
2022-03-21 00:00:00-04:00,19.780000686645508,20.15999984741211,19.360000610351562,19.649999618530273,844700,0.0,0.0
2022-03-22 00:00:00-04:00,19.709999084472656,20.299999237060547,19.549999237060547,20.06999969482422,665800,0.0,0.0
2022-03-23 00:00:00-04:00,20.030000686645508,20.040000915527344,19.459999084472656,19.799999237060547,732500,0.0,0.0
2022-03-24 00:00:00-04:00,20.239999771118164,21.0,20.200000762939453,20.969999313354492,1305400,0.0,0.0
2022-03-25 00:00:00-04:00,20.90999984741211,21.18000030517578,20.600000381469727,20.959999084472656,1183700,0.0,0.0
2022-03-28 00:00:00-04:00,20.81999969482422,21.040000915527344,20.360000610351562,20.670000076293945,1064400,0.0,0.0
2022-03-29 00:00:00-04:00,20.149999618530273,21.1299991607666,20.09000015258789,20.780000686645508,1255600,0.0,0.0
2022-03-30 00:00:00-04:00,20.770000457763672,20.889999389648438,20.34000015258789,20.479999542236328,746400,0.0,0.0
2022-03-31 00:00:00-04:00,20.59000015258789,20.6200008392334,20.18000030517578,20.479999542236328,593600,0.0,0.0
2022-04-01 00:00:00-04:00,20.479999542236328,20.850000381469727,20.170000076293945,20.700000762939453,951900,0.0,0.0
2022-04-04 00:00:00-04:00,20.790000915527344,21.979999542236328,20.649999618530273,21.8799991607666,2144100,0.0,0.0
2022-04-05 00:00:00-04:00,21.799999237060547,22.260000228881836,21.06999969482422,21.139999389648438,1563800,0.0,0.0
2022-04-06 00:00:00-04:00,21.06999969482422,21.270000457763672,20.3700008392334,20.700000762939453,963800,0.0,0.0
2022-04-07 00:00:00-04:00,21.010000228881836,21.040000915527344,20.149999618530273,20.450000762939453,697800,0.0,0.0
2022-04-08 00:00:00-04:00,20.40999984741211,20.649999618530273,19.329999923706055,19.40999984741211,1000000,0.0,0.0
2022-04-11 00:00:00-04:00,19.139999389648438,19.65999984741211,18.860000610351562,19.329999923706055,629600,0.0,0.0
2022-04-12 00:00:00-04:00,19.510000228881836,19.920000076293945,19.1200008392334,19.260000228881836,744700,0.0,0.0
2022-04-13 00:00:00-04:00,19.389999389648438,19.649999618530273,19.229999542236328,19.260000228881836,562700,0.0,0.0
2022-04-14 00:00:00-04:00,19.3799991607666,19.530000686645508,18.959999084472656,19.190000534057617,652200,0.0,0.0
2022-04-18 00:00:00-04:00,19.1299991607666,19.200000762939453,18.520000457763672,18.860000610351562,682900,0.0,0.0
2022-04-19 00:00:00-04:00,18.84000015258789,19.360000610351562,18.84000015258789,19.18000030517578,716600,0.0,0.0
2022-04-20 00:00:00-04:00,19.209999084472656,19.270000457763672,18.389999389648438,18.420000076293945,439300,0.0,0.0
2022-04-21 00:00:00-04:00,18.510000228881836,18.610000610351562,16.850000381469727,16.940000534057617,954500,0.0,0.0
2022-04-22 00:00:00-04:00,16.920000076293945,17.110000610351562,16.520000457763672,16.59000015258789,838100,0.0,0.0
2022-04-25 00:00:00-04:00,16.280000686645508,16.770000457763672,16.1200008392334,16.739999771118164,560400,0.0,0.0
2022-04-26 00:00:00-04:00,16.649999618530273,16.850000381469727,16.020000457763672,16.040000915527344,760100,0.0,0.0
2022-04-27 00:00:00-04:00,15.979999542236328,16.229999542236328,15.359999656677246,15.479999542236328,973900,0.0,0.0
2022-04-28 00:00:00-04:00,15.65999984741211,15.880000114440918,15.079999923706055,15.65999984741211,505700,0.0,0.0
2022-04-29 00:00:00-04:00,15.65999984741211,15.779999732971191,15.069999694824219,15.170000076293945,627700,0.0,0.0
2022-05-02 00:00:00-04:00,15.180000305175781,15.4399995803833,14.90999984741211,15.399999618530273,704400,0.0,0.0
2022-05-03 00:00:00-04:00,15.3100004196167,15.970000267028809,15.3100004196167,15.739999771118164,571200,0.0,0.0
2022-05-04 00:00:00-04:00,15.800000190734863,16.3799991607666,15.5600004196167,16.280000686645508,522800,0.0,0.0
2022-05-05 00:00:00-04:00,16.06999969482422,16.06999969482422,15.0600004196167,15.430000305175781,645700,0.0,0.0
2022-05-06 00:00:00-04:00,15.279999732971191,15.279999732971191,13.720000267028809,14.010000228881836,1211700,0.0,0.0
2022-05-09 00:00:00-04:00,13.569999694824219,13.609999656677246,12.720000267028809,12.989999771118164,1982200,0.0,0.0
2022-05-10 00:00:00-04:00,13.149999618530273,13.770000457763672,12.649999618530273,13.449999809265137,1693900,0.0,0.0
2022-05-11 00:00:00-04:00,13.489999771118164,13.960000038146973,12.829999923706055,12.869999885559082,1240300,0.0,0.0
2022-05-12 00:00:00-04:00,13.1899995803833,13.59000015258789,12.630000114440918,13.020000457763672,1222500,0.0,0.0
2022-05-13 00:00:00-04:00,13.399999618530273,13.59000015258789,13.020000457763672,13.15999984741211,1179300,0.0,0.0
2022-05-16 00:00:00-04:00,13.079999923706055,13.319999694824219,12.539999961853027,12.579999923706055,732000,0.0,0.0
2022-05-17 00:00:00-04:00,13.109999656677246,14.229999542236328,13.109999656677246,14.029999732971191,2839000,0.0,0.0
2022-05-18 00:00:00-04:00,13.819999694824219,14.34000015258789,13.4399995803833,13.5,1233000,0.0,0.0
2022-05-19 00:00:00-04:00,13.399999618530273,14.630000114440918,13.260000228881836,14.34000015258789,2461400,0.0,0.0
2022-05-20 00:00:00-04:00,14.489999771118164,14.899999618530273,13.5,13.899999618530273,1372000,0.0,0.0
2022-05-23 00:00:00-04:00,14.0,14.130000114440918,13.520000457763672,13.600000381469727,703600,0.0,0.0
2022-05-24 00:00:00-04:00,13.470000267028809,13.670000076293945,13.119999885559082,13.609999656677246,1047600,0.0,0.0
2022-05-25 00:00:00-04:00,13.470000267028809,13.859999656677246,13.449999809265137,13.630000114440918,829800,0.0,0.0
2022-05-26 00:00:00-04:00,14.630000114440918,14.779999732971191,14.270000457763672,14.279999732971191,1440300,0.0,0.0
2022-05-27 00:00:00-04:00,14.289999961853027,14.8100004196167,14.289999961853027,14.770000457763672,981500,0.0,0.0
2022-05-31 00:00:00-04:00,14.569999694824219,14.960000038146973,14.289999961853027,14.420000076293945,651000,0.0,0.0
2022-06-01 00:00:00-04:00,14.449999809265137,14.6899995803833,14.1899995803833,14.449999809265137,598200,0.0,0.0
2022-06-02 00:00:00-04:00,14.430000305175781,15.229999542236328,14.420000076293945,15.210000038146973,624100,0.0,0.0
2022-06-03 00:00:00-04:00,14.979999542236328,15.010000228881836,14.600000381469727,14.739999771118164,446900,0.0,0.0
2022-06-06 00:00:00-04:00,14.9399995803833,15.069999694824219,14.569999694824219,14.65999984741211,610600,0.0,0.0
2022-06-07 00:00:00-04:00,14.5,15.289999961853027,14.3100004196167,15.210000038146973,730200,0.0,0.0
2022-06-08 00:00:00-04:00,15.100000381469727,15.319999694824219,14.890000343322754,14.979999542236328,467900,0.0,0.0
2022-06-09 00:00:00-04:00,14.760000228881836,14.949999809265137,14.609999656677246,14.680000305175781,453200,0.0,0.0
2022-06-10 00:00:00-04:00,14.40999984741211,14.609999656677246,14.140000343322754,14.210000038146973,505300,0.0,0.0
2022-06-13 00:00:00-04:00,13.859999656677246,14.180000305175781,13.510000228881836,14.050000190734863,1091700,0.0,0.0
2022-06-14 00:00:00-04:00,13.989999771118164,14.109999656677246,13.260000228881836,13.630000114440918,1089000,0.0,0.0
2022-06-15 00:00:00-04:00,13.899999618530273,14.369999885559082,13.859999656677246,14.199999809265137,1034300,0.0,0.0
2022-06-16 00:00:00-04:00,13.949999809265137,14.15999984741211,13.479999542236328,13.649999618530273,855200,0.0,0.0
2022-06-17 00:00:00-04:00,13.829999923706055,13.989999771118164,13.300000190734863,13.5600004196167,2326800,0.0,0.0
2022-06-21 00:00:00-04:00,13.6899995803833,14.130000114440918,13.40999984741211,13.90999984741211,893600,0.0,0.0
2022-06-22 00:00:00-04:00,13.640000343322754,14.0600004196167,13.520000457763672,13.539999961853027,559400,0.0,0.0
2022-06-23 00:00:00-04:00,13.640000343322754,14.020000457763672,13.489999771118164,13.979999542236328,656800,0.0,0.0
2022-06-24 00:00:00-04:00,14.09000015258789,14.4399995803833,14.0,14.210000038146973,1763200,0.0,0.0
2022-06-27 00:00:00-04:00,14.15999984741211,14.359999656677246,13.90999984741211,14.210000038146973,416700,0.0,0.0
2022-06-28 00:00:00-04:00,14.390000343322754,14.529999732971191,13.970000267028809,14.029999732971191,537500,0.0,0.0
2022-06-29 00:00:00-04:00,14.130000114440918,14.140000343322754,13.40999984741211,13.729999542236328,675700,0.0,0.0
2022-06-30 00:00:00-04:00,13.539999961853027,13.989999771118164,13.319999694824219,13.880000114440918,566400,0.0,0.0
2022-07-01 00:00:00-04:00,13.75,14.130000114440918,13.630000114440918,13.930000305175781,726700,0.0,0.0
2022-07-05 00:00:00-04:00,13.800000190734863,13.850000381469727,13.010000228881836,13.739999771118164,666300,0.0,0.0
2022-07-06 00:00:00-04:00,13.65999984741211,13.84000015258789,13.390000343322754,13.649999618530273,425400,0.0,0.0
2022-07-07 00:00:00-04:00,13.65999984741211,13.989999771118164,13.65999984741211,13.970000267028809,491300,0.0,0.0
2022-07-08 00:00:00-04:00,13.890000343322754,14.050000190734863,13.600000381469727,13.8100004196167,416300,0.0,0.0
2022-07-11 00:00:00-04:00,13.779999732971191,13.789999961853027,13.109999656677246,13.239999771118164,648600,0.0,0.0
2022-07-12 00:00:00-04:00,13.15999984741211,13.529999732971191,13.050000190734863,13.09000015258789,760300,0.0,0.0
2022-07-13 00:00:00-04:00,12.869999885559082,13.09000015258789,12.720000267028809,12.739999771118164,593700,0.0,0.0
2022-07-14 00:00:00-04:00,12.579999923706055,12.729999542236328,12.319999694824219,12.699999809265137,644000,0.0,0.0
2022-07-15 00:00:00-04:00,12.979999542236328,13.0600004196167,12.609999656677246,13.050000190734863,616600,0.0,0.0
2022-07-18 00:00:00-04:00,13.399999618530273,13.489999771118164,12.970000267028809,13.0,781700,0.0,0.0
2022-07-19 00:00:00-04:00,13.199999809265137,13.760000228881836,13.149999618530273,13.680000305175781,1276300,0.0,0.0
2022-07-20 00:00:00-04:00,13.800000190734863,14.489999771118164,13.630000114440918,14.279999732971191,1251700,0.0,0.0
2022-07-21 00:00:00-04:00,14.270000457763672,14.59000015258789,14.050000190734863,14.579999923706055,860800,0.0,0.0
2022-07-22 00:00:00-04:00,14.640000343322754,14.800000190734863,14.270000457763672,14.3100004196167,1126100,0.0,0.0
2022-07-25 00:00:00-04:00,14.229999542236328,14.619999885559082,14.0600004196167,14.279999732971191,1152800,0.0,0.0
2022-07-26 00:00:00-04:00,14.279999732971191,14.430000305175781,13.850000381469727,13.90999984741211,767200,0.0,0.0
2022-07-27 00:00:00-04:00,14.039999961853027,14.109999656677246,13.699999809265137,13.960000038146973,813000,0.0,0.0
2022-07-28 00:00:00-04:00,14.109999656677246,14.199999809265137,13.789999961853027,14.119999885559082,678900,0.0,0.0
2022-07-29 00:00:00-04:00,14.119999885559082,14.520000457763672,14.050000190734863,14.390000343322754,719200,0.0,0.0
2022-08-01 00:00:00-04:00,14.380000114440918,15.119999885559082,14.300000190734863,15.0600004196167,809100,0.0,0.0
2022-08-02 00:00:00-04:00,15.050000190734863,15.800000190734863,15.050000190734863,15.289999961853027,740900,0.0,0.0
2022-08-03 00:00:00-04:00,15.479999542236328,15.5600004196167,14.850000381469727,15.270000457763672,1341200,0.0,0.0
2022-08-04 00:00:00-04:00,15.40999984741211,15.40999984741211,14.8100004196167,15.050000190734863,836300,0.0,0.0
2022-08-05 00:00:00-04:00,15.0,15.239999771118164,14.619999885559082,14.890000343322754,1018200,0.0,0.0
2022-08-08 00:00:00-04:00,14.899999618530273,15.09000015258789,14.779999732971191,15.0,863400,0.0,0.0
2022-08-09 00:00:00-04:00,14.859999656677246,14.890000343322754,14.399999618530273,14.520000457763672,580700,0.0,0.0
2022-08-10 00:00:00-04:00,14.789999961853027,15.260000228881836,14.75,15.100000381469727,588600,0.0,0.0
2022-08-11 00:00:00-04:00,15.34000015258789,15.4399995803833,15.100000381469727,15.119999885559082,843800,0.0,0.0
2022-08-12 00:00:00-04:00,15.149999618530273,15.609999656677246,15.09000015258789,15.579999923706055,686900,0.0,0.0
2022-08-15 00:00:00-04:00,15.449999809265137,16.020000457763672,15.449999809265137,16.010000228881836,648200,0.0,0.0
2022-08-16 00:00:00-04:00,15.869999885559082,16.229999542236328,15.869999885559082,15.949999809265137,704500,0.0,0.0
2022-08-17 00:00:00-04:00,15.6899995803833,15.710000038146973,15.289999961853027,15.289999961853027,622500,0.0,0.0
2022-08-18 00:00:00-04:00,15.25,15.40999984741211,15.069999694824219,15.390000343322754,475600,0.0,0.0
2022-08-19 00:00:00-04:00,15.180000305175781,15.180000305175781,14.6899995803833,14.75,486200,0.0,0.0
2022-08-22 00:00:00-04:00,14.510000228881836,14.579999923706055,14.100000381469727,14.170000076293945,506100,0.0,0.0
2022-08-23 00:00:00-04:00,14.130000114440918,14.329999923706055,13.880000114440918,14.039999961853027,456000,0.0,0.0
2022-08-24 00:00:00-04:00,14.109999656677246,14.4399995803833,13.979999542236328,14.0,759300,0.0,0.0
2022-08-25 00:00:00-04:00,14.079999923706055,14.180000305175781,13.390000343322754,14.130000114440918,1568900,0.0,0.0
2022-08-26 00:00:00-04:00,14.170000076293945,14.1899995803833,13.210000038146973,13.300000190734863,1169100,0.0,0.0
2022-08-29 00:00:00-04:00,13.130000114440918,13.180000305175781,12.859999656677246,12.90999984741211,804500,0.0,0.0
2022-08-30 00:00:00-04:00,13.0,13.100000381469727,12.609999656677246,12.75,753600,0.0,0.0
2022-08-31 00:00:00-04:00,12.779999732971191,12.869999885559082,12.529999732971191,12.539999961853027,605600,0.0,0.0
2022-09-01 00:00:00-04:00,12.420000076293945,12.420000076293945,11.739999771118164,12.289999961853027,1347500,0.0,0.0
2022-09-02 00:00:00-04:00,12.40999984741211,12.479999542236328,12.0,12.119999885559082,719300,0.0,0.0
2022-09-06 00:00:00-04:00,12.100000381469727,12.100000381469727,11.8100004196167,11.880000114440918,612200,0.0,0.0
2022-09-07 00:00:00-04:00,11.760000228881836,12.130000114440918,11.729999542236328,12.039999961853027,1227100,0.0,0.0
2022-09-08 00:00:00-04:00,11.960000038146973,12.15999984741211,11.829999923706055,12.100000381469727,654100,0.0,0.0
2022-09-09 00:00:00-04:00,12.149999618530273,12.670000076293945,12.130000114440918,12.609999656677246,591800,0.0,0.0
2022-09-12 00:00:00-04:00,12.649999618530273,12.800000190734863,12.479999542236328,12.789999961853027,731200,0.0,0.0
2022-09-13 00:00:00-04:00,12.40999984741211,12.40999984741211,12.039999961853027,12.100000381469727,683500,0.0,0.0
2022-09-14 00:00:00-04:00,12.0600004196167,12.279999732971191,11.829999923706055,12.220000267028809,700100,0.0,0.0
2022-09-15 00:00:00-04:00,12.170000076293945,12.300000190734863,11.979999542236328,12.0600004196167,680500,0.0,0.0
2022-09-16 00:00:00-04:00,11.829999923706055,12.239999771118164,11.6899995803833,12.130000114440918,2281800,0.0,0.0
2022-09-19 00:00:00-04:00,12.09000015258789,12.390000343322754,11.850000381469727,12.079999923706055,667400,0.0,0.0
2022-09-20 00:00:00-04:00,11.90999984741211,11.970000267028809,11.760000228881836,11.899999618530273,521300,0.0,0.0
2022-09-21 00:00:00-04:00,12.100000381469727,12.449999809265137,12.0,12.069999694824219,735700,0.0,0.0
2022-09-22 00:00:00-04:00,12.020000457763672,12.170000076293945,11.729999542236328,12.109999656677246,719100,0.0,0.0
2022-09-23 00:00:00-04:00,11.869999885559082,11.869999885559082,11.140000343322754,11.25,995500,0.0,0.0
2022-09-26 00:00:00-04:00,11.119999885559082,11.3100004196167,10.760000228881836,10.770000457763672,723800,0.0,0.0
2022-09-27 00:00:00-04:00,10.850000381469727,10.989999771118164,10.4399995803833,10.5,595700,0.0,0.0
2022-09-28 00:00:00-04:00,10.510000228881836,10.970000267028809,10.199999809265137,10.90999984741211,750100,0.0,0.0
2022-09-29 00:00:00-04:00,10.729999542236328,10.760000228881836,10.199999809265137,10.390000343322754,707400,0.0,0.0
2022-09-30 00:00:00-04:00,10.390000343322754,10.520000457763672,10.130000114440918,10.15999984741211,759000,0.0,0.0
2022-10-03 00:00:00-04:00,10.289999961853027,10.59000015258789,10.199999809265137,10.4399995803833,929600,0.0,0.0
2022-10-04 00:00:00-04:00,10.710000038146973,10.880000114440918,10.680000305175781,10.8100004196167,1067400,0.0,0.0
2022-10-05 00:00:00-04:00,10.630000114440918,10.710000038146973,10.300000190734863,10.569999694824219,1108900,0.0,0.0
2022-10-06 00:00:00-04:00,10.479999542236328,10.550000190734863,10.149999618530273,10.180000305175781,701000,0.0,0.0
2022-10-07 00:00:00-04:00,10.029999732971191,10.0600004196167,9.84000015258789,9.979999542236328,624800,0.0,0.0
2022-10-10 00:00:00-04:00,10.039999961853027,10.210000038146973,9.819999694824219,9.829999923706055,813800,0.0,0.0
2022-10-11 00:00:00-04:00,9.779999732971191,9.9399995803833,9.479999542236328,9.630000114440918,808000,0.0,0.0
2022-10-12 00:00:00-04:00,9.569999694824219,9.569999694824219,9.229999542236328,9.3100004196167,817500,0.0,0.0
2022-10-13 00:00:00-04:00,9.079999923706055,9.8100004196167,9.0600004196167,9.75,1050600,0.0,0.0
2022-10-14 00:00:00-04:00,9.829999923706055,9.930000305175781,9.229999542236328,9.359999656677246,781100,0.0,0.0
2022-10-17 00:00:00-04:00,9.670000076293945,10.079999923706055,9.630000114440918,9.979999542236328,1007700,0.0,0.0
2022-10-18 00:00:00-04:00,10.239999771118164,10.399999618530273,10.020000457763672,10.119999885559082,965000,0.0,0.0
2022-10-19 00:00:00-04:00,9.960000038146973,10.25,9.859999656677246,10.039999961853027,872700,0.0,0.0
2022-10-20 00:00:00-04:00,10.079999923706055,10.260000228881836,10.0,10.0600004196167,572200,0.0,0.0
2022-10-21 00:00:00-04:00,10.09000015258789,10.3100004196167,9.9399995803833,10.229999542236328,715300,0.0,0.0
2022-10-24 00:00:00-04:00,10.350000381469727,10.569999694824219,10.220000267028809,10.420000076293945,700900,0.0,0.0
2022-10-25 00:00:00-04:00,10.460000038146973,10.829999923706055,10.319999694824219,10.470000267028809,1197600,0.0,0.0
2022-10-26 00:00:00-04:00,10.550000190734863,10.779999732971191,10.449999809265137,10.489999771118164,897600,0.0,0.0
2022-10-27 00:00:00-04:00,10.600000381469727,10.90999984741211,10.600000381469727,10.720000267028809,561500,0.0,0.0
2022-10-28 00:00:00-04:00,10.75,11.140000343322754,10.510000228881836,11.09000015258789,820100,0.0,0.0
2022-10-31 00:00:00-04:00,11.010000228881836,11.210000038146973,10.930000305175781,11.079999923706055,670700,0.0,0.0
2022-11-01 00:00:00-04:00,11.289999961853027,11.420000076293945,11.1899995803833,11.319999694824219,724400,0.0,0.0
2022-11-02 00:00:00-04:00,11.3100004196167,11.329999923706055,10.779999732971191,10.779999732971191,657300,0.0,0.0
2022-11-03 00:00:00-04:00,10.609999656677246,10.90999984741211,10.529999732971191,10.800000190734863,873800,0.0,0.0
2022-11-04 00:00:00-04:00,9.90999984741211,10.789999961853027,9.630000114440918,10.789999961853027,1632200,0.0,0.0
2022-11-07 00:00:00-05:00,10.829999923706055,11.170000076293945,10.829999923706055,10.989999771118164,1194600,0.0,0.0
2022-11-08 00:00:00-05:00,10.9399995803833,11.270000457763672,10.670000076293945,10.800000190734863,717000,0.0,0.0
2022-11-09 00:00:00-05:00,10.729999542236328,10.729999542236328,10.100000381469727,10.149999618530273,782700,0.0,0.0
2022-11-10 00:00:00-05:00,10.65999984741211,11.140000343322754,10.65999984741211,11.020000457763672,880400,0.0,0.0
2022-11-11 00:00:00-05:00,10.930000305175781,11.09000015258789,10.84000015258789,10.970000267028809,675200,0.0,0.0
2022-11-14 00:00:00-05:00,10.9399995803833,11.0,10.229999542236328,10.239999771118164,1003300,0.0,0.0
2022-11-15 00:00:00-05:00,10.5,10.859999656677246,10.420000076293945,10.75,1180000,0.0,0.0
2022-11-16 00:00:00-05:00,10.65999984741211,10.699999809265137,10.109999656677246,10.149999618530273,1097700,0.0,0.0
2022-11-17 00:00:00-05:00,9.90999984741211,9.979999542236328,9.489999771118164,9.569999694824219,1152700,0.0,0.0
2022-11-18 00:00:00-05:00,9.779999732971191,9.829999923706055,9.350000381469727,9.4399995803833,956100,0.0,0.0
2022-11-21 00:00:00-05:00,9.380000114440918,9.470000267028809,9.25,9.4399995803833,745900,0.0,0.0
2022-11-22 00:00:00-05:00,9.489999771118164,9.489999771118164,9.229999542236328,9.260000228881836,627900,0.0,0.0
2022-11-23 00:00:00-05:00,9.210000038146973,9.489999771118164,9.210000038146973,9.319999694824219,576400,0.0,0.0
2022-11-25 00:00:00-05:00,9.300000190734863,9.4399995803833,9.210000038146973,9.350000381469727,283600,0.0,0.0
2022-11-28 00:00:00-05:00,9.25,9.359999656677246,9.09000015258789,9.119999885559082,850400,0.0,0.0
2022-11-29 00:00:00-05:00,9.130000114440918,9.399999618530273,9.100000381469727,9.149999618530273,595800,0.0,0.0
2022-11-30 00:00:00-05:00,9.229999542236328,9.600000381469727,9.0,9.520000457763672,1711200,0.0,0.0
2022-12-01 00:00:00-05:00,9.5600004196167,9.890000343322754,9.539999961853027,9.720000267028809,681700,0.0,0.0
2022-12-02 00:00:00-05:00,9.529999732971191,9.960000038146973,9.5,9.899999618530273,668700,0.0,0.0
2022-12-05 00:00:00-05:00,9.829999923706055,9.880000114440918,9.489999771118164,9.510000228881836,856400,0.0,0.0
2022-12-06 00:00:00-05:00,9.479999542236328,9.550000190734863,9.25,9.319999694824219,654800,0.0,0.0
2022-12-07 00:00:00-05:00,9.300000190734863,9.359999656677246,9.069999694824219,9.220000267028809,623500,0.0,0.0
2022-12-08 00:00:00-05:00,9.300000190734863,9.4399995803833,9.1899995803833,9.289999961853027,517900,0.0,0.0
2022-12-09 00:00:00-05:00,9.25,9.3100004196167,9.020000457763672,9.0600004196167,845300,0.0,0.0
2022-12-12 00:00:00-05:00,9.119999885559082,9.270000457763672,8.970000267028809,9.260000228881836,697300,0.0,0.0
2022-12-13 00:00:00-05:00,9.680000305175781,9.75,9.279999732971191,9.390000343322754,936300,0.0,0.0
2022-12-14 00:00:00-05:00,9.5,9.670000076293945,9.399999618530273,9.520000457763672,766500,0.0,0.0
2022-12-15 00:00:00-05:00,9.260000228881836,9.380000114440918,9.100000381469727,9.1899995803833,1311800,0.0,0.0
2022-12-16 00:00:00-05:00,9.050000190734863,9.239999771118164,9.020000457763672,9.210000038146973,1912900,0.0,0.0
2022-12-19 00:00:00-05:00,9.220000267028809,9.34000015258789,9.050000190734863,9.319999694824219,1319400,0.0,0.0
2022-12-20 00:00:00-05:00,9.279999732971191,9.59000015258789,9.239999771118164,9.520000457763672,1393800,0.0,0.0
2022-12-21 00:00:00-05:00,9.600000381469727,9.649999618530273,9.390000343322754,9.4399995803833,691900,0.0,0.0
2022-12-22 00:00:00-05:00,9.319999694824219,9.4399995803833,8.899999618530273,9.199999809265137,1275200,0.0,0.0
2022-12-23 00:00:00-05:00,9.199999809265137,9.510000228881836,9.180000305175781,9.4399995803833,654700,0.0,0.0
2022-12-27 00:00:00-05:00,9.380000114440918,9.59000015258789,9.270000457763672,9.489999771118164,894300,0.0,0.0
2022-12-28 00:00:00-05:00,9.460000038146973,9.729999542236328,9.369999885559082,9.649999618530273,945900,0.0,0.0
2022-12-29 00:00:00-05:00,9.720000267028809,10.109999656677246,9.670000076293945,10.069999694824219,861600,0.0,0.0
2022-12-30 00:00:00-05:00,9.9399995803833,10.359999656677246,9.720000267028809,10.319999694824219,992000,0.0,0.0
2023-01-03 00:00:00-05:00,10.289999961853027,10.5,9.869999885559082,10.029999732971191,1100800,0.0,0.0
2023-01-04 00:00:00-05:00,10.0600004196167,10.369999885559082,10.0600004196167,10.210000038146973,745600,0.0,0.0
2023-01-05 00:00:00-05:00,10.149999618530273,10.350000381469727,9.989999771118164,10.279999732971191,500100,0.0,0.0
2023-01-06 00:00:00-05:00,10.359999656677246,10.609999656677246,10.300000190734863,10.550000190734863,751400,0.0,0.0
2023-01-09 00:00:00-05:00,10.630000114440918,10.75,10.239999771118164,10.34000015258789,890200,0.0,0.0
2023-01-10 00:00:00-05:00,10.319999694824219,10.9399995803833,10.3100004196167,10.899999618530273,816500,0.0,0.0
2023-01-11 00:00:00-05:00,10.949999809265137,11.020000457763672,10.770000457763672,10.819999694824219,780500,0.0,0.0
2023-01-12 00:00:00-05:00,10.970000267028809,11.079999923706055,10.680000305175781,11.069999694824219,723100,0.0,0.0
2023-01-13 00:00:00-05:00,10.90999984741211,10.930000305175781,10.770000457763672,10.850000381469727,585300,0.0,0.0
2023-01-17 00:00:00-05:00,10.90999984741211,11.229999542236328,10.890000343322754,10.970000267028809,776900,0.0,0.0
2023-01-18 00:00:00-05:00,11.0,11.039999961853027,10.670000076293945,10.670000076293945,641700,0.0,0.0
2023-01-19 00:00:00-05:00,10.529999732971191,10.609999656677246,10.380000114440918,10.479999542236328,576400,0.0,0.0
2023-01-20 00:00:00-05:00,10.59000015258789,10.609999656677246,10.350000381469727,10.600000381469727,568200,0.0,0.0
2023-01-23 00:00:00-05:00,10.59000015258789,10.779999732971191,10.520000457763672,10.720000267028809,531300,0.0,0.0
2023-01-24 00:00:00-05:00,10.699999809265137,10.899999618530273,10.65999984741211,10.779999732971191,509600,0.0,0.0
2023-01-25 00:00:00-05:00,10.710000038146973,10.930000305175781,10.510000228881836,10.890000343322754,422100,0.0,0.0
2023-01-26 00:00:00-05:00,11.069999694824219,11.199999809265137,10.800000190734863,10.989999771118164,595800,0.0,0.0
2023-01-27 00:00:00-05:00,10.979999542236328,11.34000015258789,10.949999809265137,11.25,489300,0.0,0.0
2023-01-30 00:00:00-05:00,11.210000038146973,11.380000114440918,11.15999984741211,11.170000076293945,415000,0.0,0.0
2023-01-31 00:00:00-05:00,11.199999809265137,11.449999809265137,11.170000076293945,11.449999809265137,683700,0.0,0.0
2023-02-01 00:00:00-05:00,11.479999542236328,12.069999694824219,11.470000267028809,11.979999542236328,1110100,0.0,0.0
2023-02-02 00:00:00-05:00,12.170000076293945,12.479999542236328,12.079999923706055,12.319999694824219,877000,0.0,0.0
2023-02-03 00:00:00-05:00,12.199999809265137,12.40999984741211,12.020000457763672,12.050000190734863,686700,0.0,0.0
2023-02-06 00:00:00-05:00,12.010000228881836,12.220000267028809,11.720000267028809,11.800000190734863,601900,0.0,0.0
2023-02-07 00:00:00-05:00,11.770000457763672,12.0,11.529999732971191,11.899999618530273,501800,0.0,0.0
2023-02-08 00:00:00-05:00,11.8100004196167,11.829999923706055,11.390000343322754,11.4399995803833,420900,0.0,0.0
2023-02-09 00:00:00-05:00,11.59000015258789,11.760000228881836,11.039999961853027,11.140000343322754,528700,0.0,0.0
2023-02-10 00:00:00-05:00,11.029999732971191,11.220000267028809,11.0,11.149999618530273,439200,0.0,0.0
2023-02-13 00:00:00-05:00,11.239999771118164,11.510000228881836,11.199999809265137,11.489999771118164,438700,0.0,0.0
2023-02-14 00:00:00-05:00,11.449999809265137,11.5600004196167,11.279999732971191,11.529999732971191,455100,0.0,0.0
2023-02-15 00:00:00-05:00,11.40999984741211,11.890000343322754,11.40999984741211,11.869999885559082,369100,0.0,0.0
2023-02-16 00:00:00-05:00,11.670000076293945,11.84000015258789,11.5600004196167,11.579999923706055,456000,0.0,0.0
2023-02-17 00:00:00-05:00,11.600000381469727,11.630000114440918,11.390000343322754,11.59000015258789,524300,0.0,0.0
2023-02-21 00:00:00-05:00,11.5,11.640000343322754,11.170000076293945,11.329999923706055,671000,0.0,0.0
2023-02-22 00:00:00-05:00,11.319999694824219,11.550000190734863,11.1899995803833,11.380000114440918,670500,0.0,0.0
2023-02-23 00:00:00-05:00,11.550000190734863,11.729999542236328,11.1899995803833,11.470000267028809,685700,0.0,0.0
2023-02-24 00:00:00-05:00,12.569999694824219,13.65999984741211,12.399999618530273,12.979999542236328,2696700,0.0,0.0
2023-02-27 00:00:00-05:00,13.100000381469727,13.119999885559082,12.609999656677246,12.640000343322754,1046200,0.0,0.0
2023-02-28 00:00:00-05:00,12.619999885559082,12.829999923706055,12.569999694824219,12.649999618530273,998800,0.0,0.0
2023-03-01 00:00:00-05:00,12.609999656677246,12.729999542236328,12.470000267028809,12.6899995803833,777800,0.0,0.0
2023-03-02 00:00:00-05:00,12.579999923706055,13.020000457763672,12.5,13.010000228881836,701600,0.0,0.0
2023-03-03 00:00:00-05:00,12.989999771118164,13.170000076293945,12.880000114440918,13.09000015258789,726900,0.0,0.0
2023-03-06 00:00:00-05:00,13.180000305175781,13.630000114440918,13.029999732971191,13.15999984741211,1192700,0.0,0.0
2023-03-07 00:00:00-05:00,13.220000267028809,13.420000076293945,13.0600004196167,13.25,810600,0.0,0.0
2023-03-08 00:00:00-05:00,13.270000457763672,13.3100004196167,12.890000343322754,13.039999961853027,823100,0.0,0.0
2023-03-09 00:00:00-05:00,13.09000015258789,13.300000190734863,12.880000114440918,12.880000114440918,609700,0.0,0.0
2023-03-10 00:00:00-05:00,12.789999961853027,12.920000076293945,12.449999809265137,12.890000343322754,1051000,0.0,0.0
2023-03-13 00:00:00-04:00,12.539999961853027,12.829999923706055,12.3100004196167,12.630000114440918,1191300,0.0,0.0
2023-03-14 00:00:00-04:00,13.0,13.260000228881836,12.819999694824219,13.140000343322754,1110100,0.0,0.0
2023-03-15 00:00:00-04:00,12.800000190734863,12.869999885559082,12.319999694824219,12.819999694824219,1091900,0.0,0.0
2023-03-16 00:00:00-04:00,12.600000381469727,13.09000015258789,12.5600004196167,13.0,803300,0.0,0.0
2023-03-17 00:00:00-04:00,12.90999984741211,12.949999809265137,12.5,12.539999961853027,2427800,0.0,0.0
2023-03-20 00:00:00-04:00,12.699999809265137,12.949999809265137,12.579999923706055,12.819999694824219,1455100,0.0,0.0
2023-03-21 00:00:00-04:00,13.020000457763672,13.34000015258789,13.0,13.210000038146973,843100,0.0,0.0
2023-03-22 00:00:00-04:00,13.220000267028809,13.479999542236328,13.069999694824219,13.079999923706055,943100,0.0,0.0
2023-03-23 00:00:00-04:00,13.260000228881836,13.3100004196167,12.890000343322754,13.140000343322754,705900,0.0,0.0
2023-03-24 00:00:00-04:00,13.010000228881836,13.300000190734863,12.960000038146973,13.289999961853027,793400,0.0,0.0
2023-03-27 00:00:00-04:00,13.380000114440918,13.420000076293945,13.109999656677246,13.350000381469727,607400,0.0,0.0
2023-03-28 00:00:00-04:00,13.270000457763672,13.319999694824219,12.84000015258789,12.84000015258789,757300,0.0,0.0
2023-03-29 00:00:00-04:00,12.989999771118164,13.300000190734863,12.880000114440918,13.289999961853027,843800,0.0,0.0
2023-03-30 00:00:00-04:00,13.40999984741211,13.600000381469727,13.3100004196167,13.34000015258789,575300,0.0,0.0
2023-03-31 00:00:00-04:00,13.40999984741211,13.489999771118164,13.3100004196167,13.479999542236328,717600,0.0,0.0
2023-04-03 00:00:00-04:00,13.4399995803833,13.520000457763672,13.09000015258789,13.220000267028809,859100,0.0,0.0
2023-04-04 00:00:00-04:00,13.329999923706055,13.630000114440918,13.239999771118164,13.289999961853027,798200,0.0,0.0
2023-04-05 00:00:00-04:00,13.170000076293945,13.319999694824219,12.75,12.899999618530273,934800,0.0,0.0
2023-04-06 00:00:00-04:00,12.899999618530273,13.0,12.550000190734863,12.890000343322754,668000,0.0,0.0
2023-04-10 00:00:00-04:00,12.819999694824219,12.989999771118164,12.800000190734863,12.880000114440918,762500,0.0,0.0
2023-04-11 00:00:00-04:00,12.920000076293945,13.050000190734863,12.869999885559082,12.890000343322754,472700,0.0,0.0
2023-04-12 00:00:00-04:00,13.069999694824219,13.1899995803833,12.979999542236328,13.029999732971191,653200,0.0,0.0
2023-04-13 00:00:00-04:00,13.149999618530273,13.220000267028809,13.020000457763672,13.09000015258789,485300,0.0,0.0
2023-04-14 00:00:00-04:00,13.079999923706055,13.149999618530273,12.699999809265137,12.859999656677246,592400,0.0,0.0
2023-04-17 00:00:00-04:00,12.890000343322754,13.039999961853027,12.819999694824219,12.979999542236328,469800,0.0,0.0
2023-04-18 00:00:00-04:00,13.079999923706055,13.09000015258789,12.619999885559082,12.779999732971191,440000,0.0,0.0
2023-04-19 00:00:00-04:00,12.6899995803833,12.989999771118164,12.649999618530273,12.960000038146973,702100,0.0,0.0
2023-04-20 00:00:00-04:00,12.869999885559082,12.960000038146973,12.65999984741211,12.84000015258789,511100,0.0,0.0
2023-04-21 00:00:00-04:00,12.84000015258789,12.869999885559082,12.600000381469727,12.760000228881836,357300,0.0,0.0
2023-04-24 00:00:00-04:00,12.789999961853027,12.869999885559082,12.739999771118164,12.789999961853027,466400,0.0,0.0
2023-04-25 00:00:00-04:00,12.619999885559082,12.829999923706055,12.5600004196167,12.8100004196167,644000,0.0,0.0
2023-04-26 00:00:00-04:00,12.800000190734863,12.800000190734863,12.489999771118164,12.579999923706055,506300,0.0,0.0
2023-04-27 00:00:00-04:00,12.619999885559082,12.789999961853027,12.59000015258789,12.739999771118164,499700,0.0,0.0
2023-04-28 00:00:00-04:00,12.760000228881836,12.930000305175781,12.6899995803833,12.899999618530273,495000,0.0,0.0
2023-05-01 00:00:00-04:00,12.90999984741211,13.279999732971191,12.869999885559082,13.09000015258789,617800,0.0,0.0
2023-05-02 00:00:00-04:00,12.989999771118164,13.130000114440918,12.789999961853027,13.100000381469727,876800,0.0,0.0
2023-05-03 00:00:00-04:00,13.100000381469727,13.420000076293945,12.789999961853027,13.0,1127000,0.0,0.0
2023-05-04 00:00:00-04:00,12.5,14.15999984741211,12.119999885559082,13.979999542236328,1957800,0.0,0.0
2023-05-05 00:00:00-04:00,14.220000267028809,14.25,13.369999885559082,13.569999694824219,1254200,0.0,0.0
2023-05-08 00:00:00-04:00,13.640000343322754,13.6899995803833,13.109999656677246,13.210000038146973,790700,0.0,0.0
2023-05-09 00:00:00-04:00,13.1899995803833,13.600000381469727,13.100000381469727,13.59000015258789,749200,0.0,0.0
2023-05-10 00:00:00-04:00,13.819999694824219,13.84000015258789,13.359999656677246,13.550000190734863,676400,0.0,0.0
2023-05-11 00:00:00-04:00,13.4399995803833,13.4399995803833,13.260000228881836,13.390000343322754,532800,0.0,0.0
2023-05-12 00:00:00-04:00,13.420000076293945,13.520000457763672,13.239999771118164,13.390000343322754,444500,0.0,0.0
2023-05-15 00:00:00-04:00,13.430000305175781,13.699999809265137,13.399999618530273,13.569999694824219,477700,0.0,0.0
2023-05-16 00:00:00-04:00,13.59000015258789,13.789999961853027,13.460000038146973,13.649999618530273,692600,0.0,0.0
2023-05-17 00:00:00-04:00,13.779999732971191,14.220000267028809,13.760000228881836,14.130000114440918,819000,0.0,0.0
2023-05-18 00:00:00-04:00,14.1899995803833,14.1899995803833,13.90999984741211,14.15999984741211,729900,0.0,0.0
2023-05-19 00:00:00-04:00,14.239999771118164,14.289999961853027,13.760000228881836,13.779999732971191,759700,0.0,0.0
2023-05-22 00:00:00-04:00,13.819999694824219,14.09000015258789,13.819999694824219,14.069999694824219,706500,0.0,0.0
2023-05-23 00:00:00-04:00,13.9399995803833,14.260000228881836,13.829999923706055,13.829999923706055,683400,0.0,0.0
2023-05-24 00:00:00-04:00,13.680000305175781,13.829999923706055,13.350000381469727,13.4399995803833,754200,0.0,0.0
2023-05-25 00:00:00-04:00,13.420000076293945,13.420000076293945,12.90999984741211,13.100000381469727,720300,0.0,0.0
2023-05-26 00:00:00-04:00,13.079999923706055,13.329999923706055,13.020000457763672,13.279999732971191,742700,0.0,0.0
2023-05-30 00:00:00-04:00,13.329999923706055,13.390000343322754,13.050000190734863,13.180000305175781,691600,0.0,0.0
2023-05-31 00:00:00-04:00,13.130000114440918,13.25,12.880000114440918,13.140000343322754,791800,0.0,0.0
2023-06-01 00:00:00-04:00,13.130000114440918,13.65999984741211,13.119999885559082,13.600000381469727,491700,0.0,0.0
2023-06-02 00:00:00-04:00,13.770000457763672,14.119999885559082,13.649999618530273,13.869999885559082,954300,0.0,0.0
2023-06-05 00:00:00-04:00,13.960000038146973,13.989999771118164,13.550000190734863,13.609999656677246,860300,0.0,0.0
2023-06-06 00:00:00-04:00,13.630000114440918,14.15999984741211,13.630000114440918,14.109999656677246,581200,0.0,0.0
2023-06-07 00:00:00-04:00,14.15999984741211,14.5,14.079999923706055,14.430000305175781,767200,0.0,0.0
2023-06-08 00:00:00-04:00,14.369999885559082,14.420000076293945,14.09000015258789,14.34000015258789,565300,0.0,0.0
2023-06-09 00:00:00-04:00,14.369999885559082,14.420000076293945,14.130000114440918,14.25,423100,0.0,0.0
2023-06-12 00:00:00-04:00,14.239999771118164,14.460000038146973,14.149999618530273,14.350000381469727,609800,0.0,0.0
2023-06-13 00:00:00-04:00,14.380000114440918,14.40999984741211,13.930000305175781,14.0,666800,0.0,0.0
2023-06-14 00:00:00-04:00,14.0,14.029999732971191,13.720000267028809,13.90999984741211,833500,0.0,0.0
2023-06-15 00:00:00-04:00,13.859999656677246,13.899999618530273,13.760000228881836,13.869999885559082,588400,0.0,0.0
2023-06-16 00:00:00-04:00,14.0,14.0,13.649999618530273,13.720000267028809,1498900,0.0,0.0
2023-06-20 00:00:00-04:00,13.710000038146973,13.829999923706055,13.5600004196167,13.739999771118164,422400,0.0,0.0
2023-06-21 00:00:00-04:00,13.6899995803833,15.649999618530273,13.670000076293945,15.489999771118164,3119100,0.0,0.0
2023-06-22 00:00:00-04:00,15.369999885559082,15.460000038146973,14.5,14.550000190734863,1644500,0.0,0.0
2023-06-23 00:00:00-04:00,14.460000038146973,14.609999656677246,13.8100004196167,13.869999885559082,1320800,0.0,0.0
2023-06-26 00:00:00-04:00,13.800000190734863,14.0600004196167,13.600000381469727,13.989999771118164,699600,0.0,0.0
2023-06-27 00:00:00-04:00,13.989999771118164,14.40999984741211,13.930000305175781,14.369999885559082,477800,0.0,0.0
2023-06-28 00:00:00-04:00,14.369999885559082,14.520000457763672,14.300000190734863,14.430000305175781,517900,0.0,0.0
2023-06-29 00:00:00-04:00,14.479999542236328,14.760000228881836,14.479999542236328,14.630000114440918,568100,0.0,0.0
2023-06-30 00:00:00-04:00,14.720000267028809,14.779999732971191,14.260000228881836,14.34000015258789,667600,0.0,0.0
2023-07-03 00:00:00-04:00,14.170000076293945,14.239999771118164,14.020000457763672,14.149999618530273,464000,0.0,0.0
2023-07-05 00:00:00-04:00,14.079999923706055,14.15999984741211,13.979999542236328,14.029999732971191,489200,0.0,0.0
2023-07-06 00:00:00-04:00,13.90999984741211,13.960000038146973,13.460000038146973,13.609999656677246,549100,0.0,0.0
2023-07-07 00:00:00-04:00,13.600000381469727,13.75,13.420000076293945,13.4399995803833,453200,0.0,0.0
2023-07-10 00:00:00-04:00,13.420000076293945,13.640000343322754,13.34000015258789,13.640000343322754,1201100,0.0,0.0
2023-07-11 00:00:00-04:00,13.770000457763672,13.770000457763672,13.5,13.600000381469727,526200,0.0,0.0
2023-07-12 00:00:00-04:00,13.75,13.859999656677246,13.489999771118164,13.5600004196167,943300,0.0,0.0
2023-07-13 00:00:00-04:00,13.569999694824219,13.630000114440918,13.199999809265137,13.369999885559082,2124900,0.0,0.0
2023-07-14 00:00:00-04:00,13.34000015258789,13.5,13.130000114440918,13.180000305175781,912000,0.0,0.0
2023-07-17 00:00:00-04:00,13.140000343322754,13.470000267028809,13.140000343322754,13.329999923706055,712200,0.0,0.0
2023-07-18 00:00:00-04:00,13.399999618530273,13.779999732971191,13.380000114440918,13.470000267028809,583300,0.0,0.0
2023-07-19 00:00:00-04:00,13.539999961853027,13.65999984741211,13.170000076293945,13.350000381469727,642100,0.0,0.0
2023-07-20 00:00:00-04:00,13.479999542236328,14.390000343322754,13.420000076293945,14.380000114440918,1308700,0.0,0.0
2023-07-21 00:00:00-04:00,14.380000114440918,15.0,14.329999923706055,14.359999656677246,1020800,0.0,0.0
2023-07-24 00:00:00-04:00,14.329999923706055,14.579999923706055,14.210000038146973,14.569999694824219,680000,0.0,0.0
2023-07-25 00:00:00-04:00,14.539999961853027,14.619999885559082,14.34000015258789,14.59000015258789,1136100,0.0,0.0
2023-07-26 00:00:00-04:00,14.59000015258789,14.850000381469727,14.539999961853027,14.600000381469727,509500,0.0,0.0
2023-07-27 00:00:00-04:00,14.550000190734863,14.770000457763672,14.399999618530273,14.600000381469727,1363200,0.0,0.0
2023-07-28 00:00:00-04:00,14.609999656677246,14.760000228881836,14.460000038146973,14.699999809265137,518900,0.0,0.0
2023-07-31 00:00:00-04:00,14.720000267028809,15.270000457763672,14.680000305175781,15.09000015258789,1202900,0.0,0.0
2023-08-01 00:00:00-04:00,15.0,15.09000015258789,14.65999984741211,15.0600004196167,950800,0.0,0.0
2023-08-02 00:00:00-04:00,14.899999618530273,14.90999984741211,14.539999961853027,14.6899995803833,700100,0.0,0.0
2023-08-03 00:00:00-04:00,14.569999694824219,14.8100004196167,14.34000015258789,14.430000305175781,848200,0.0,0.0
2023-08-04 00:00:00-04:00,15.350000381469727,16.940000534057617,15.34000015258789,16.600000381469727,3914400,0.0,0.0
2023-08-07 00:00:00-04:00,16.649999618530273,16.709999084472656,15.75,16.700000762939453,1989200,0.0,0.0
2023-08-08 00:00:00-04:00,16.579999923706055,17.270000457763672,16.1299991607666,17.18000030517578,1541400,0.0,0.0
2023-08-09 00:00:00-04:00,17.260000228881836,17.309999465942383,16.1299991607666,16.329999923706055,1063500,0.0,0.0
2023-08-10 00:00:00-04:00,16.450000762939453,16.8799991607666,16.360000610351562,16.649999618530273,1064100,0.0,0.0
2023-08-11 00:00:00-04:00,16.5,16.559999465942383,16.200000762939453,16.3799991607666,567800,0.0,0.0
2023-08-14 00:00:00-04:00,16.25,16.3700008392334,16.020000457763672,16.049999237060547,1112200,0.0,0.0
2023-08-15 00:00:00-04:00,15.960000038146973,16.030000686645508,15.270000457763672,15.300000190734863,1217700,0.0,0.0
2023-08-16 00:00:00-04:00,15.239999771118164,15.65999984741211,15.199999809265137,15.260000228881836,652700,0.0,0.0
2023-08-17 00:00:00-04:00,15.25,15.59000015258789,15.199999809265137,15.300000190734863,903900,0.0,0.0
2023-08-18 00:00:00-04:00,15.109999656677246,15.369999885559082,15.010000228881836,15.170000076293945,545300,0.0,0.0
2023-08-21 00:00:00-04:00,15.149999618530273,15.4399995803833,15.020000457763672,15.25,525700,0.0,0.0
2023-08-22 00:00:00-04:00,15.329999923706055,15.40999984741211,15.039999961853027,15.25,446200,0.0,0.0
2023-08-23 00:00:00-04:00,15.289999961853027,15.779999732971191,15.210000038146973,15.720000267028809,641600,0.0,0.0
2023-08-24 00:00:00-04:00,15.600000381469727,15.630000114440918,15.0,15.010000228881836,543700,0.0,0.0
2023-08-25 00:00:00-04:00,15.149999618530273,15.40999984741211,15.0600004196167,15.25,594200,0.0,0.0
2023-08-28 00:00:00-04:00,15.329999923706055,15.760000228881836,15.260000228881836,15.680000305175781,721400,0.0,0.0
2023-08-29 00:00:00-04:00,15.680000305175781,15.800000190734863,15.5600004196167,15.640000343322754,647300,0.0,0.0
2023-08-30 00:00:00-04:00,15.710000038146973,16.010000228881836,15.640000343322754,15.649999618530273,673100,0.0,0.0
2023-08-31 00:00:00-04:00,15.75,16.3799991607666,15.529999732971191,16.09000015258789,1972500,0.0,0.0
2023-09-01 00:00:00-04:00,16.239999771118164,16.6299991607666,16.010000228881836,16.209999084472656,720000,0.0,0.0
2023-09-05 00:00:00-04:00,16.209999084472656,16.209999084472656,15.489999771118164,15.520000457763672,697900,0.0,0.0
2023-09-06 00:00:00-04:00,15.609999656677246,15.920000076293945,15.4399995803833,15.529999732971191,797300,0.0,0.0
2023-09-07 00:00:00-04:00,15.460000038146973,15.5,14.859999656677246,15.079999923706055,748700,0.0,0.0
2023-09-08 00:00:00-04:00,15.069999694824219,15.119999885559082,14.670000076293945,14.699999809265137,483200,0.0,0.0
2023-09-11 00:00:00-04:00,14.770000457763672,14.9399995803833,14.680000305175781,14.75,620500,0.0,0.0
2023-09-12 00:00:00-04:00,14.640000343322754,14.850000381469727,14.5600004196167,14.619999885559082,420500,0.0,0.0
2023-09-13 00:00:00-04:00,14.579999923706055,14.829999923706055,14.579999923706055,14.619999885559082,506500,0.0,0.0
2023-09-14 00:00:00-04:00,14.699999809265137,14.9399995803833,14.670000076293945,14.720000267028809,563300,0.0,0.0
2023-09-15 00:00:00-04:00,14.760000228881836,14.829999923706055,14.470000267028809,14.600000381469727,1315000,0.0,0.0
2023-09-18 00:00:00-04:00,14.600000381469727,15.130000114440918,14.479999542236328,14.869999885559082,553200,0.0,0.0
2023-09-19 00:00:00-04:00,14.850000381469727,14.960000038146973,14.539999961853027,14.630000114440918,609600,0.0,0.0
2023-09-20 00:00:00-04:00,14.75,15.109999656677246,14.619999885559082,14.850000381469727,596800,0.0,0.0
2023-09-21 00:00:00-04:00,14.649999618530273,14.680000305175781,14.199999809265137,14.369999885559082,736000,0.0,0.0
2023-09-22 00:00:00-04:00,14.34000015258789,14.529999732971191,14.260000228881836,14.350000381469727,777000,0.0,0.0
2023-09-25 00:00:00-04:00,14.229999542236328,14.470000267028809,13.979999542236328,14.380000114440918,709100,0.0,0.0
2023-09-26 00:00:00-04:00,14.210000038146973,14.649999618530273,14.15999984741211,14.520000457763672,880600,0.0,0.0
2023-09-27 00:00:00-04:00,14.550000190734863,15.0,14.550000190734863,14.90999984741211,916500,0.0,0.0
2023-09-28 00:00:00-04:00,14.869999885559082,15.039999961853027,14.789999961853027,14.90999984741211,714100,0.0,0.0
2023-09-29 00:00:00-04:00,15.0,15.170000076293945,14.960000038146973,15.020000457763672,588600,0.0,0.0
2023-10-02 00:00:00-04:00,14.979999542236328,15.199999809265137,14.949999809265137,15.069999694824219,645900,0.0,0.0
2023-10-03 00:00:00-04:00,15.0,15.119999885559082,14.739999771118164,14.779999732971191,681400,0.0,0.0
2023-10-04 00:00:00-04:00,14.789999961853027,14.899999618530273,14.329999923706055,14.819999694824219,824000,0.0,0.0
2023-10-05 00:00:00-04:00,14.680000305175781,15.010000228881836,14.579999923706055,14.869999885559082,729900,0.0,0.0
2023-10-06 00:00:00-04:00,14.819999694824219,15.239999771118164,14.699999809265137,15.130000114440918,677900,0.0,0.0
2023-10-09 00:00:00-04:00,15.720000267028809,16.920000076293945,15.630000114440918,16.809999465942383,2323500,0.0,0.0
2023-10-10 00:00:00-04:00,17.1299991607666,17.5,16.729999542236328,17.260000228881836,2571800,0.0,0.0
2023-10-11 00:00:00-04:00,17.420000076293945,17.729999542236328,16.829999923706055,17.030000686645508,1831500,0.0,0.0
2023-10-12 00:00:00-04:00,17.049999237060547,17.079999923706055,16.3799991607666,16.5,1238800,0.0,0.0
2023-10-13 00:00:00-04:00,16.649999618530273,16.979999542236328,16.520000457763672,16.950000762939453,1097900,0.0,0.0
2023-10-16 00:00:00-04:00,17.149999618530273,17.420000076293945,16.610000610351562,17.389999389648438,1676100,0.0,0.0
2023-10-17 00:00:00-04:00,17.329999923706055,17.850000381469727,17.229999542236328,17.600000381469727,1601400,0.0,0.0
2023-10-18 00:00:00-04:00,17.610000610351562,18.040000915527344,17.420000076293945,17.469999313354492,1344200,0.0,0.0
2023-10-19 00:00:00-04:00,17.6299991607666,17.6299991607666,16.889999389648438,17.0,1187200,0.0,0.0
2023-10-20 00:00:00-04:00,17.0,17.280000686645508,16.780000686645508,17.139999389648438,1233000,0.0,0.0
2023-10-23 00:00:00-04:00,17.049999237060547,17.579999923706055,16.920000076293945,17.170000076293945,1349800,0.0,0.0
2023-10-24 00:00:00-04:00,17.3700008392334,17.450000762939453,16.979999542236328,17.170000076293945,1340000,0.0,0.0
2023-10-25 00:00:00-04:00,17.200000762939453,17.530000686645508,17.100000381469727,17.209999084472656,1262400,0.0,0.0
2023-10-26 00:00:00-04:00,17.18000030517578,17.469999313354492,16.950000762939453,17.219999313354492,943600,0.0,0.0
2023-10-27 00:00:00-04:00,17.350000381469727,17.450000762939453,16.75,16.959999084472656,987000,0.0,0.0
2023-10-30 00:00:00-04:00,16.989999771118164,17.25,16.530000686645508,16.809999465942383,946300,0.0,0.0
2023-10-31 00:00:00-04:00,16.889999389648438,17.239999771118164,16.809999465942383,17.049999237060547,1256100,0.0,0.0
2023-11-01 00:00:00-04:00,17.170000076293945,17.299999237060547,16.969999313354492,17.219999313354492,951800,0.0,0.0
2023-11-02 00:00:00-04:00,17.469999313354492,17.950000762939453,17.399999618530273,17.950000762939453,1733700,0.0,0.0
2023-11-03 00:00:00-04:00,17.899999618530273,17.989999771118164,16.360000610351562,17.25,2795000,0.0,0.0
2023-11-06 00:00:00-05:00,17.489999771118164,17.6299991607666,17.0,17.559999465942383,1010400,0.0,0.0
2023-11-07 00:00:00-05:00,17.690000534057617,17.8700008392334,17.18000030517578,17.790000915527344,1156100,0.0,0.0
2023-11-08 00:00:00-05:00,17.8700008392334,17.8799991607666,17.149999618530273,17.3799991607666,1078400,0.0,0.0
2023-11-09 00:00:00-05:00,17.59000015258789,17.59000015258789,17.010000228881836,17.15999984741211,660700,0.0,0.0
2023-11-10 00:00:00-05:00,17.170000076293945,17.549999237060547,17.040000915527344,17.479999542236328,660200,0.0,0.0
2023-11-13 00:00:00-05:00,17.420000076293945,18.3700008392334,17.420000076293945,18.110000610351562,1396500,0.0,0.0
2023-11-14 00:00:00-05:00,19.0,19.020000457763672,18.079999923706055,18.56999969482422,1796400,0.0,0.0
2023-11-15 00:00:00-05:00,18.649999618530273,18.860000610351562,18.34000015258789,18.649999618530273,1286100,0.0,0.0
2023-11-16 00:00:00-05:00,18.540000915527344,18.600000381469727,18.209999084472656,18.530000686645508,793600,0.0,0.0
2023-11-17 00:00:00-05:00,18.579999923706055,18.950000762939453,18.510000228881836,18.68000030517578,791400,0.0,0.0
2023-11-20 00:00:00-05:00,18.649999618530273,19.329999923706055,18.6200008392334,19.18000030517578,1162100,0.0,0.0
2023-11-21 00:00:00-05:00,19.15999984741211,19.200000762939453,18.6299991607666,18.770000457763672,1075900,0.0,0.0
2023-11-22 00:00:00-05:00,18.719999313354492,19.09000015258789,18.670000076293945,19.049999237060547,728300,0.0,0.0
2023-11-24 00:00:00-05:00,19.170000076293945,19.5,19.1299991607666,19.459999084472656,498800,0.0,0.0
2023-11-27 00:00:00-05:00,19.5,19.540000915527344,19.299999237060547,19.520000457763672,1135100,0.0,0.0
2023-11-28 00:00:00-05:00,19.59000015258789,19.719999313354492,19.3799991607666,19.3799991607666,1059400,0.0,0.0
2023-11-29 00:00:00-05:00,19.329999923706055,19.5,18.56999969482422,18.649999618530273,1561100,0.0,0.0
2023-11-30 00:00:00-05:00,18.649999618530273,19.18000030517578,18.6299991607666,19.049999237060547,1253000,0.0,0.0
2023-12-01 00:00:00-05:00,19.06999969482422,19.540000915527344,18.760000228881836,19.530000686645508,1073900,0.0,0.0
2023-12-04 00:00:00-05:00,19.489999771118164,20.239999771118164,19.489999771118164,20.219999313354492,1383300,0.0,0.0
2023-12-05 00:00:00-05:00,20.170000076293945,20.299999237060547,20.0,20.049999237060547,935900,0.0,0.0
2023-12-06 00:00:00-05:00,20.040000915527344,20.3799991607666,19.989999771118164,20.040000915527344,796900,0.0,0.0
2023-12-07 00:00:00-05:00,20.010000228881836,20.170000076293945,19.639999389648438,20.15999984741211,866200,0.0,0.0
2023-12-08 00:00:00-05:00,20.139999389648438,20.469999313354492,20.079999923706055,20.389999389648438,582900,0.0,0.0
2023-12-11 00:00:00-05:00,20.489999771118164,20.549999237060547,19.989999771118164,20.299999237060547,1164600,0.0,0.0
2023-12-12 00:00:00-05:00,20.309999465942383,20.93000030517578,20.25,20.829999923706055,1043300,0.0,0.0
2023-12-13 00:00:00-05:00,20.829999923706055,21.239999771118164,20.489999771118164,21.15999984741211,1269300,0.0,0.0
2023-12-14 00:00:00-05:00,21.299999237060547,21.420000076293945,20.110000610351562,20.350000381469727,1876100,0.0,0.0
2023-12-15 00:00:00-05:00,20.549999237060547,20.700000762939453,20.1299991607666,20.360000610351562,3531800,0.0,0.0
2023-12-18 00:00:00-05:00,20.34000015258789,20.520000457763672,20.059999465942383,20.280000686645508,844800,0.0,0.0
2023-12-19 00:00:00-05:00,20.280000686645508,20.6299991607666,20.280000686645508,20.56999969482422,927800,0.0,0.0
2023-12-20 00:00:00-05:00,20.479999542236328,20.670000076293945,20.0,20.010000228881836,878700,0.0,0.0
2023-12-21 00:00:00-05:00,20.280000686645508,20.520000457763672,20.040000915527344,20.239999771118164,760200,0.0,0.0
2023-12-22 00:00:00-05:00,20.290000915527344,20.559999465942383,20.260000228881836,20.290000915527344,736600,0.0,0.0
2023-12-26 00:00:00-05:00,20.420000076293945,20.610000610351562,20.209999084472656,20.549999237060547,471100,0.0,0.0
2023-12-27 00:00:00-05:00,20.530000686645508,20.829999923706055,20.450000762939453,20.610000610351562,634900,0.0,0.0
2023-12-28 00:00:00-05:00,20.5,20.81999969482422,20.440000534057617,20.59000015258789,575900,0.0,0.0
2023-12-29 00:00:00-05:00,20.56999969482422,20.56999969482422,20.219999313354492,20.290000915527344,750700,0.0,0.0
2024-01-02 00:00:00-05:00,20.290000915527344,20.43000030517578,19.540000915527344,19.760000228881836,946000,0.0,0.0
2024-01-03 00:00:00-05:00,19.6200008392334,19.739999771118164,18.450000762939453,18.5,1800200,0.0,0.0
2024-01-04 00:00:00-05:00,18.700000762939453,18.860000610351562,18.34000015258789,18.530000686645508,706800,0.0,0.0
2024-01-05 00:00:00-05:00,18.530000686645508,18.639999389648438,18.270000457763672,18.299999237060547,772400,0.0,0.0
2024-01-08 00:00:00-05:00,18.170000076293945,18.520000457763672,17.8700008392334,18.510000228881836,720300,0.0,0.0
2024-01-09 00:00:00-05:00,18.290000915527344,18.399999618530273,18.030000686645508,18.1299991607666,835500,0.0,0.0
2024-01-10 00:00:00-05:00,18.309999465942383,18.68000030517578,18.209999084472656,18.579999923706055,916400,0.0,0.0
2024-01-11 00:00:00-05:00,18.549999237060547,18.549999237060547,18.110000610351562,18.40999984741211,713100,0.0,0.0
2024-01-12 00:00:00-05:00,18.649999618530273,18.969999313354492,18.489999771118164,18.959999084472656,595900,0.0,0.0
2024-01-16 00:00:00-05:00,19.290000915527344,19.350000381469727,18.479999542236328,18.65999984741211,691800,0.0,0.0
2024-01-17 00:00:00-05:00,18.34000015258789,18.579999923706055,18.260000228881836,18.360000610351562,540400,0.0,0.0
2024-01-18 00:00:00-05:00,18.420000076293945,18.639999389648438,18.360000610351562,18.510000228881836,612000,0.0,0.0
2024-01-19 00:00:00-05:00,18.450000762939453,18.450000762939453,18.09000015258789,18.350000381469727,668900,0.0,0.0
2024-01-22 00:00:00-05:00,18.530000686645508,18.770000457763672,18.5,18.59000015258789,881000,0.0,0.0
2024-01-23 00:00:00-05:00,18.68000030517578,18.81999969482422,18.040000915527344,18.059999465942383,894700,0.0,0.0
2024-01-24 00:00:00-05:00,18.219999313354492,18.270000457763672,17.34000015258789,17.389999389648438,1339800,0.0,0.0
2024-01-25 00:00:00-05:00,17.469999313354492,17.610000610351562,17.139999389648438,17.459999084472656,810200,0.0,0.0
2024-01-26 00:00:00-05:00,17.5,17.68000030517578,17.06999969482422,17.200000762939453,749100,0.0,0.0
2024-01-29 00:00:00-05:00,17.260000228881836,17.690000534057617,17.200000762939453,17.6299991607666,796000,0.0,0.0
2024-01-30 00:00:00-05:00,17.530000686645508,17.600000381469727,17.1299991607666,17.280000686645508,603800,0.0,0.0
2024-01-31 00:00:00-05:00,17.389999389648438,17.479999542236328,16.93000030517578,16.93000030517578,1062400,0.0,0.0
2024-02-01 00:00:00-05:00,17.079999923706055,17.239999771118164,16.709999084472656,17.239999771118164,855900,0.0,0.0
2024-02-02 00:00:00-05:00,17.1299991607666,17.229999542236328,16.829999923706055,17.040000915527344,779200,0.0,0.0
2024-02-05 00:00:00-05:00,16.8700008392334,17.56999969482422,16.760000228881836,17.440000534057617,979600,0.0,0.0
2024-02-06 00:00:00-05:00,17.440000534057617,17.729999542236328,17.299999237060547,17.729999542236328,966500,0.0,0.0
2024-02-07 00:00:00-05:00,17.739999771118164,17.860000610351562,17.639999389648438,17.670000076293945,726300,0.0,0.0
2024-02-08 00:00:00-05:00,17.600000381469727,17.81999969482422,17.440000534057617,17.739999771118164,672700,0.0,0.0
2024-02-09 00:00:00-05:00,18.0,18.3700008392334,17.81999969482422,18.260000228881836,807100,0.0,0.0
2024-02-12 00:00:00-05:00,18.5,18.6200008392334,18.200000762939453,18.3799991607666,911400,0.0,0.0
2024-02-13 00:00:00-05:00,17.959999084472656,18.31999969482422,17.649999618530273,17.799999237060547,1311100,0.0,0.0
2024-02-14 00:00:00-05:00,19.65999984741211,21.600000381469727,19.459999084472656,20.81999969482422,4243300,0.0,0.0
2024-02-15 00:00:00-05:00,21.09000015258789,21.09000015258789,20.450000762939453,20.700000762939453,1516800,0.0,0.0
2024-02-16 00:00:00-05:00,20.600000381469727,20.989999771118164,20.280000686645508,20.770000457763672,1458600,0.0,0.0
2024-02-20 00:00:00-05:00,20.549999237060547,20.899999618530273,20.219999313354492,20.5,1093200,0.0,0.0
2024-02-21 00:00:00-05:00,20.459999084472656,20.68000030517578,20.049999237060547,20.18000030517578,666700,0.0,0.0
2024-02-22 00:00:00-05:00,19.020000457763672,19.420000076293945,18.510000228881836,18.780000686645508,3279800,0.0,0.0
2024-02-23 00:00:00-05:00,17.889999389648438,18.31999969482422,17.770000457763672,18.049999237060547,9548400,0.0,0.0
2024-02-26 00:00:00-05:00,18.219999313354492,18.6299991607666,18.020000457763672,18.559999465942383,4791700,0.0,0.0
2024-02-27 00:00:00-05:00,18.719999313354492,18.8700008392334,18.489999771118164,18.68000030517578,4947300,0.0,0.0
2024-02-28 00:00:00-05:00,18.59000015258789,18.68000030517578,18.260000228881836,18.34000015258789,1576500,0.0,0.0
2024-02-29 00:00:00-05:00,18.420000076293945,18.6200008392334,17.979999542236328,18.239999771118164,2100000,0.0,0.0
2024-03-01 00:00:00-05:00,18.299999237060547,18.299999237060547,17.969999313354492,18.030000686645508,1448600,0.0,0.0
2024-03-04 00:00:00-05:00,18.049999237060547,18.399999618530273,17.8799991607666,18.0,1435500,0.0,0.0
2024-03-05 00:00:00-05:00,18.0,18.299999237060547,17.770000457763672,17.81999969482422,1387700,0.0,0.0
2024-03-06 00:00:00-05:00,18.059999465942383,18.43000030517578,17.8700008392334,18.170000076293945,1147100,0.0,0.0
2024-03-07 00:00:00-05:00,18.280000686645508,18.770000457763672,18.209999084472656,18.6299991607666,1246000,0.0,0.0
2024-03-08 00:00:00-05:00,18.780000686645508,18.799999237060547,18.389999389648438,18.489999771118164,973100,0.0,0.0
2024-03-11 00:00:00-04:00,18.56999969482422,18.610000610351562,18.06999969482422,18.139999389648438,821000,0.0,0.0
2024-03-12 00:00:00-04:00,18.06999969482422,18.15999984741211,17.8799991607666,17.93000030517578,834400,0.0,0.0
2024-03-13 00:00:00-04:00,17.940000534057617,18.09000015258789,17.479999542236328,17.540000915527344,990300,0.0,0.0
2024-03-14 00:00:00-04:00,17.600000381469727,17.65999984741211,17.200000762939453,17.3799991607666,1063900,0.0,0.0
2024-03-15 00:00:00-04:00,17.34000015258789,17.600000381469727,17.06999969482422,17.100000381469727,2938300,0.0,0.0
2024-03-18 00:00:00-04:00,17.100000381469727,17.25,16.780000686645508,17.0,1002900,0.0,0.0
2024-03-19 00:00:00-04:00,16.969999313354492,17.260000228881836,16.959999084472656,17.139999389648438,726600,0.0,0.0
2024-03-20 00:00:00-04:00,17.030000686645508,17.709999084472656,17.030000686645508,17.510000228881836,1098000,0.0,0.0
2024-03-21 00:00:00-04:00,17.639999389648438,17.8799991607666,17.450000762939453,17.770000457763672,1060200,0.0,0.0
2024-03-22 00:00:00-04:00,17.770000457763672,17.770000457763672,17.229999542236328,17.5,809400,0.0,0.0
2024-03-25 00:00:00-04:00,17.65999984741211,18.079999923706055,17.559999465942383,17.790000915527344,893500,0.0,0.0
2024-03-26 00:00:00-04:00,17.799999237060547,17.920000076293945,17.6200008392334,17.790000915527344,708800,0.0,0.0
2024-03-27 00:00:00-04:00,18.0,18.139999389648438,17.84000015258789,18.1299991607666,915900,0.0,0.0
2024-03-28 00:00:00-04:00,18.15999984741211,18.469999313354492,18.15999984741211,18.3799991607666,1288200,0.0,0.0
2024-04-01 00:00:00-04:00,18.559999465942383,18.889999389648438,18.350000381469727,18.360000610351562,1126600,0.0,0.0
2024-04-02 00:00:00-04:00,18.239999771118164,18.34000015258789,18.0,18.049999237060547,961700,0.0,0.0
2024-04-03 00:00:00-04:00,18.040000915527344,18.18000030517578,17.760000228881836,18.100000381469727,799200,0.0,0.0
2024-04-04 00:00:00-04:00,18.3700008392334,18.600000381469727,17.600000381469727,17.639999389648438,866300,0.0,0.0
2024-04-05 00:00:00-04:00,17.600000381469727,17.93000030517578,17.559999465942383,17.799999237060547,853800,0.0,0.0
2024-04-08 00:00:00-04:00,17.899999618530273,18.850000381469727,17.850000381469727,18.510000228881836,1412600,0.0,0.0
2024-04-09 00:00:00-04:00,18.31999969482422,18.489999771118164,18.149999618530273,18.329999923706055,1085000,0.0,0.0
2024-04-10 00:00:00-04:00,17.790000915527344,18.399999618530273,17.489999771118164,18.100000381469727,1399200,0.0,0.0
2024-04-11 00:00:00-04:00,18.1299991607666,18.420000076293945,17.700000762939453,18.229999542236328,1237300,0.0,0.0
2024-04-12 00:00:00-04:00,18.260000228881836,18.829999923706055,17.969999313354492,18.209999084472656,1579100,0.0,0.0
2024-04-15 00:00:00-04:00,18.270000457763672,18.420000076293945,17.639999389648438,17.739999771118164,1455300,0.0,0.0
2024-04-16 00:00:00-04:00,17.579999923706055,17.829999923706055,17.290000915527344,17.6299991607666,1271900,0.0,0.0
2024-04-17 00:00:00-04:00,17.799999237060547,17.899999618530273,17.3799991607666,17.75,707800,0.0,0.0
2024-04-18 00:00:00-04:00,17.780000686645508,18.030000686645508,17.559999465942383,17.610000610351562,722200,0.0,0.0
2024-04-19 00:00:00-04:00,17.510000228881836,18.389999389648438,17.510000228881836,18.020000457763672,1217500,0.0,0.0
2024-04-22 00:00:00-04:00,17.989999771118164,18.030000686645508,17.6200008392334,17.829999923706055,816100,0.0,0.0
2024-04-23 00:00:00-04:00,17.790000915527344,18.1200008392334,17.700000762939453,17.84000015258789,886500,0.0,0.0
2024-04-24 00:00:00-04:00,17.709999084472656,17.889999389648438,17.5,17.770000457763672,1140200,0.0,0.0
2024-04-25 00:00:00-04:00,17.719999313354492,17.719999313354492,17.049999237060547,17.280000686645508,1020300,0.0,0.0
2024-04-26 00:00:00-04:00,18.799999237060547,19.229999542236328,18.239999771118164,18.860000610351562,2875000,0.0,0.0
2024-04-29 00:00:00-04:00,19.0,19.139999389648438,18.600000381469727,18.65999984741211,1039200,0.0,0.0
2024-04-30 00:00:00-04:00,18.530000686645508,18.700000762939453,17.799999237060547,17.81999969482422,1494000,0.0,0.0
2024-05-01 00:00:00-04:00,17.81999969482422,18.450000762939453,17.81999969482422,18.190000534057617,893400,0.0,0.0
2024-05-02 00:00:00-04:00,18.309999465942383,18.40999984741211,17.760000228881836,18.09000015258789,985000,0.0,0.0
2024-05-03 00:00:00-04:00,18.43000030517578,18.559999465942383,17.989999771118164,18.540000915527344,1017100,0.0,0.0
2024-05-06 00:00:00-04:00,18.649999618530273,19.049999237060547,18.649999618530273,19.010000228881836,919400,0.0,0.0
2024-05-07 00:00:00-04:00,18.950000762939453,19.299999237060547,18.670000076293945,18.760000228881836,1306600,0.0,0.0
2024-05-08 00:00:00-04:00,19.110000610351562,20.049999237060547,18.559999465942383,19.84000015258789,2354400,0.0,0.0
2024-05-09 00:00:00-04:00,19.700000762939453,19.8700008392334,19.350000381469727,19.729999542236328,1345100,0.0,0.0
2024-05-10 00:00:00-04:00,19.75,19.8799991607666,19.520000457763672,19.850000381469727,1329500,0.0,0.0
2024-05-13 00:00:00-04:00,19.899999618530273,19.989999771118164,19.489999771118164,19.520000457763672,951400,0.0,0.0
2024-05-14 00:00:00-04:00,19.799999237060547,20.079999923706055,19.719999313354492,20.059999465942383,991300,0.0,0.0
2024-05-15 00:00:00-04:00,20.229999542236328,20.520000457763672,20.1299991607666,20.309999465942383,1246600,0.0,0.0
2024-05-16 00:00:00-04:00,20.25,20.709999084472656,20.239999771118164,20.59000015258789,1234300,0.0,0.0
2024-05-17 00:00:00-04:00,20.649999618530273,21.06999969482422,20.610000610351562,21.030000686645508,1036500,0.0,0.0
2024-05-20 00:00:00-04:00,21.100000381469727,21.709999084472656,20.969999313354492,21.639999389648438,1284300,0.0,0.0
2024-05-21 00:00:00-04:00,21.549999237060547,22.040000915527344,21.469999313354492,21.700000762939453,1105100,0.0,0.0
2024-05-22 00:00:00-04:00,21.639999389648438,21.68000030517578,21.170000076293945,21.40999984741211,939700,0.0,0.0
2024-05-23 00:00:00-04:00,21.43000030517578,21.649999618530273,21.09000015258789,21.200000762939453,992400,0.0,0.0
2024-05-24 00:00:00-04:00,21.239999771118164,21.56999969482422,21.18000030517578,21.540000915527344,806600,0.0,0.0
2024-05-28 00:00:00-04:00,21.780000686645508,22.780000686645508,21.610000610351562,21.799999237060547,1398900,0.0,0.0
2024-05-29 00:00:00-04:00,21.59000015258789,21.760000228881836,21.329999923706055,21.43000030517578,794000,0.0,0.0
2024-05-30 00:00:00-04:00,21.549999237060547,21.739999771118164,21.420000076293945,21.6200008392334,797400,0.0,0.0
2024-05-31 00:00:00-04:00,21.6299991607666,21.850000381469727,21.420000076293945,21.739999771118164,898200,0.0,0.0
2024-06-03 00:00:00-04:00,21.90999984741211,22.079999923706055,21.540000915527344,21.770000457763672,854400,0.0,0.0
2024-06-04 00:00:00-04:00,21.65999984741211,21.65999984741211,21.059999465942383,21.100000381469727,963100,0.0,0.0
2024-06-05 00:00:00-04:00,21.100000381469727,21.3700008392334,20.920000076293945,21.299999237060547,620700,0.0,0.0
2024-06-06 00:00:00-04:00,21.1200008392334,21.209999084472656,20.780000686645508,20.799999237060547,562200,0.0,0.0
2024-06-07 00:00:00-04:00,20.6299991607666,20.739999771118164,20.309999465942383,20.3799991607666,754000,0.0,0.0
2024-06-10 00:00:00-04:00,20.3700008392334,20.739999771118164,20.299999237060547,20.459999084472656,587100,0.0,0.0
2024-06-11 00:00:00-04:00,20.299999237060547,20.350000381469727,20.06999969482422,20.239999771118164,711800,0.0,0.0
2024-06-12 00:00:00-04:00,20.729999542236328,20.780000686645508,20.360000610351562,20.459999084472656,576500,0.0,0.0
2024-06-13 00:00:00-04:00,20.459999084472656,20.469999313354492,19.860000610351562,20.09000015258789,833700,0.0,0.0
2024-06-14 00:00:00-04:00,19.799999237060547,19.829999923706055,19.360000610351562,19.799999237060547,670500,0.0,0.0
2024-06-17 00:00:00-04:00,19.600000381469727,19.84000015258789,19.229999542236328,19.75,1108300,0.0,0.0
2024-06-18 00:00:00-04:00,19.770000457763672,20.229999542236328,19.559999465942383,20.200000762939453,1025000,0.0,0.0
2024-06-20 00:00:00-04:00,20.170000076293945,20.309999465942383,20.059999465942383,20.15999984741211,935700,0.0,0.0
2024-06-21 00:00:00-04:00,20.1200008392334,20.68000030517578,19.90999984741211,20.649999618530273,3929100,0.0,0.0
2024-06-24 00:00:00-04:00,20.6299991607666,21.459999084472656,20.459999084472656,20.479999542236328,1294400,0.0,0.0
2024-06-25 00:00:00-04:00,20.260000228881836,20.360000610351562,19.950000762939453,20.15999984741211,1023900,0.0,0.0
2024-06-26 00:00:00-04:00,19.93000030517578,19.93000030517578,19.579999923706055,19.809999465942383,902200,0.0,0.0
2024-06-27 00:00:00-04:00,19.790000915527344,20.049999237060547,19.670000076293945,19.969999313354492,574700,0.0,0.0
2024-06-28 00:00:00-04:00,20.15999984741211,20.489999771118164,19.780000686645508,20.010000228881836,4160500,0.0,0.0
2024-07-01 00:00:00-04:00,19.979999542236328,20.100000381469727,19.540000915527344,19.739999771118164,920000,0.0,0.0
2024-07-02 00:00:00-04:00,19.709999084472656,20.360000610351562,19.670000076293945,20.329999923706055,955100,0.0,0.0
2024-07-03 00:00:00-04:00,20.329999923706055,20.610000610351562,20.229999542236328,20.479999542236328,448100,0.0,0.0
2024-07-05 00:00:00-04:00,20.350000381469727,20.65999984741211,20.149999618530273,20.6200008392334,568000,0.0,0.0
2024-07-08 00:00:00-04:00,20.809999465942383,21.280000686645508,20.75,20.780000686645508,642100,0.0,0.0
2024-07-09 00:00:00-04:00,20.75,20.969999313354492,20.399999618530273,20.43000030517578,827400,0.0,0.0
2024-07-10 00:00:00-04:00,20.5,20.639999389648438,20.3700008392334,20.639999389648438,695600,0.0,0.0
2024-07-11 00:00:00-04:00,21.100000381469727,21.25,20.81999969482422,21.100000381469727,782700,0.0,0.0
2024-07-12 00:00:00-04:00,21.31999969482422,21.420000076293945,20.979999542236328,21.010000228881836,670700,0.0,0.0
2024-07-15 00:00:00-04:00,21.229999542236328,21.540000915527344,21.1299991607666,21.469999313354492,815800,0.0,0.0
2024-07-16 00:00:00-04:00,21.670000076293945,22.110000610351562,21.6200008392334,22.06999969482422,1022000,0.0,0.0
2024-07-17 00:00:00-04:00,21.889999389648438,22.290000915527344,21.520000457763672,21.719999313354492,993400,0.0,0.0
2024-07-18 00:00:00-04:00,21.559999465942383,21.969999313354492,21.209999084472656,21.299999237060547,643600,0.0,0.0
2024-07-19 00:00:00-04:00,21.399999618530273,21.399999618530273,20.829999923706055,20.969999313354492,615200,0.0,0.0
2024-07-22 00:00:00-04:00,21.1200008392334,21.520000457763672,20.809999465942383,21.399999618530273,632100,0.0,0.0
2024-07-23 00:00:00-04:00,21.459999084472656,22.56999969482422,21.459999084472656,22.540000915527344,1116900,0.0,0.0
2024-07-24 00:00:00-04:00,22.3799991607666,22.690000534057617,21.790000915527344,21.799999237060547,1145400,0.0,0.0
2024-07-25 00:00:00-04:00,21.899999618530273,22.84000015258789,21.860000610351562,22.25,1101700,0.0,0.0
2024-07-26 00:00:00-04:00,22.700000762939453,22.84000015258789,22.450000762939453,22.65999984741211,681100,0.0,0.0
2024-07-29 00:00:00-04:00,22.700000762939453,22.84000015258789,22.440000534057617,22.56999969482422,733600,0.0,0.0
2024-07-30 00:00:00-04:00,22.65999984741211,22.8700008392334,22.15999984741211,22.389999389648438,1067100,0.0,0.0
2024-07-31 00:00:00-04:00,22.65999984741211,22.959999084472656,22.260000228881836,22.540000915527344,751300,0.0,0.0
2024-08-01 00:00:00-04:00,22.540000915527344,22.889999389648438,21.56999969482422,22.030000686645508,789300,0.0,0.0
2024-08-02 00:00:00-04:00,21.149999618530273,21.229999542236328,20.489999771118164,20.979999542236328,837500,0.0,0.0
2024-08-05 00:00:00-04:00,19.75,20.459999084472656,19.5,20.25,849400,0.0,0.0
2024-08-06 00:00:00-04:00,20.139999389648438,20.780000686645508,20.010000228881836,20.360000610351562,650100,0.0,0.0
2024-08-07 00:00:00-04:00,20.559999465942383,20.81999969482422,20.020000457763672,20.06999969482422,826700,0.0,0.0
2024-08-08 00:00:00-04:00,19.059999465942383,20.18000030517578,17.90999984741211,19.75,1986400,0.0,0.0
2024-08-09 00:00:00-04:00,19.899999618530273,20.200000762939453,19.649999618530273,19.729999542236328,1020400,0.0,0.0
2024-08-12 00:00:00-04:00,19.969999313354492,20.049999237060547,19.360000610351562,19.6200008392334,876200,0.0,0.0
2024-08-13 00:00:00-04:00,19.84000015258789,19.899999618530273,19.559999465942383,19.84000015258789,687900,0.0,0.0
2024-08-14 00:00:00-04:00,19.950000762939453,20.309999465942383,19.690000534057617,19.84000015258789,1592500,0.0,0.0
2024-08-15 00:00:00-04:00,20.209999084472656,20.329999923706055,19.950000762939453,20.239999771118164,706500,0.0,0.0
2024-08-16 00:00:00-04:00,20.399999618530273,21.600000381469727,20.3700008392334,21.15999984741211,1555200,0.0,0.0
2024-08-19 00:00:00-04:00,21.15999984741211,21.5,21.0,21.3799991607666,870900,0.0,0.0
2024-08-20 00:00:00-04:00,21.3700008392334,21.3799991607666,20.579999923706055,20.790000915527344,723000,0.0,0.0
2024-08-21 00:00:00-04:00,20.940000534057617,21.020000457763672,20.700000762939453,20.950000762939453,463900,0.0,0.0
2024-08-22 00:00:00-04:00,21.290000915527344,21.700000762939453,21.200000762939453,21.649999618530273,810200,0.0,0.0
2024-08-23 00:00:00-04:00,21.760000228881836,22.989999771118164,21.760000228881836,22.770000457763672,1563800,0.0,0.0
2024-08-26 00:00:00-04:00,22.950000762939453,23.18000030517578,22.260000228881836,22.579999923706055,1130000,0.0,0.0
2024-08-27 00:00:00-04:00,22.510000228881836,22.600000381469727,22.209999084472656,22.299999237060547,703000,0.0,0.0
2024-08-28 00:00:00-04:00,22.299999237060547,22.90999984741211,22.299999237060547,22.520000457763672,737000,0.0,0.0
2024-08-29 00:00:00-04:00,22.6200008392334,23.229999542236328,22.5,22.579999923706055,1185900,0.0,0.0
2024-08-30 00:00:00-04:00,22.729999542236328,23.010000228881836,22.40999984741211,22.940000534057617,738300,0.0,0.0
2024-09-03 00:00:00-04:00,22.690000534057617,22.799999237060547,21.899999618530273,21.93000030517578,922000,0.0,0.0
2024-09-04 00:00:00-04:00,21.989999771118164,22.639999389648438,21.889999389648438,22.06999969482422,839700,0.0,0.0
2024-09-05 00:00:00-04:00,22.18000030517578,22.219999313354492,21.75,21.84000015258789,536300,0.0,0.0
2024-09-06 00:00:00-04:00,21.709999084472656,21.889999389648438,20.979999542236328,21.09000015258789,886400,0.0,0.0
2024-09-09 00:00:00-04:00,21.200000762939453,21.600000381469727,21.06999969482422,21.360000610351562,803100,0.0,0.0
2024-09-10 00:00:00-04:00,21.489999771118164,21.489999771118164,20.899999618530273,21.219999313354492,594000,0.0,0.0
2024-09-11 00:00:00-04:00,21.049999237060547,21.56999969482422,20.829999923706055,21.530000686645508,583200,0.0,0.0
2024-09-12 00:00:00-04:00,21.530000686645508,22.049999237060547,21.399999618530273,21.979999542236328,524400,0.0,0.0
2024-09-13 00:00:00-04:00,22.200000762939453,22.56999969482422,22.100000381469727,22.489999771118164,774500,0.0,0.0
2024-09-16 00:00:00-04:00,22.5,22.5,21.780000686645508,22.149999618530273,930400,0.0,0.0
2024-09-17 00:00:00-04:00,22.389999389648438,22.6299991607666,22.170000076293945,22.43000030517578,1061400,0.0,0.0
2024-09-18 00:00:00-04:00,22.579999923706055,23.979999542236328,22.479999542236328,23.40999984741211,1964300,0.0,0.0
2024-09-19 00:00:00-04:00,23.979999542236328,24.079999923706055,22.3799991607666,22.799999237060547,1538200,0.0,0.0
2024-09-20 00:00:00-04:00,22.760000228881836,23.329999923706055,22.639999389648438,22.90999984741211,3798900,0.0,0.0
2024-09-23 00:00:00-04:00,23.3700008392334,23.950000762939453,23.100000381469727,23.549999237060547,1164800,0.0,0.0
2024-09-24 00:00:00-04:00,23.549999237060547,23.549999237060547,23.06999969482422,23.219999313354492,771900,0.0,0.0
2024-09-25 00:00:00-04:00,23.25,23.309999465942383,22.989999771118164,23.059999465942383,784700,0.0,0.0
2024-09-26 00:00:00-04:00,23.350000381469727,23.56999969482422,23.149999618530273,23.190000534057617,722800,0.0,0.0
2024-09-27 00:00:00-04:00,23.40999984741211,23.68000030517578,23.200000762939453,23.290000915527344,989900,0.0,0.0
2024-09-30 00:00:00-04:00,23.190000534057617,23.610000610351562,23.06999969482422,23.299999237060547,602500,0.0,0.0
2024-10-01 00:00:00-04:00,23.309999465942383,25.1299991607666,22.950000762939453,24.81999969482422,2266700,0.0,0.0
2024-10-02 00:00:00-04:00,25.010000228881836,25.510000228881836,24.68000030517578,25.34000015258789,1667200,0.0,0.0
2024-10-03 00:00:00-04:00,25.219999313354492,25.3799991607666,24.93000030517578,25.18000030517578,1228600,0.0,0.0
2024-10-04 00:00:00-04:00,25.209999084472656,25.31999969482422,24.31999969482422,24.75,1270700,0.0,0.0
2024-10-07 00:00:00-04:00,24.850000381469727,24.989999771118164,24.5,24.790000915527344,637400,0.0,0.0
2024-10-08 00:00:00-04:00,24.790000915527344,25.450000762939453,24.790000915527344,25.06999969482422,950000,0.0,0.0
2024-10-09 00:00:00-04:00,25.0,25.200000762939453,24.68000030517578,24.959999084472656,706200,0.0,0.0
2024-10-10 00:00:00-04:00,24.649999618530273,24.84000015258789,24.190000534057617,24.43000030517578,777300,0.0,0.0
2024-10-11 00:00:00-04:00,24.459999084472656,25.25,24.43000030517578,25.15999984741211,849300,0.0,0.0
2024-10-14 00:00:00-04:00,25.25,25.469999313354492,25.09000015258789,25.350000381469727,617400,0.0,0.0
2024-10-15 00:00:00-04:00,25.3700008392334,25.40999984741211,24.579999923706055,25.299999237060547,1147200,0.0,0.0
2024-10-16 00:00:00-04:00,25.399999618530273,25.81999969482422,25.3799991607666,25.739999771118164,866700,0.0,0.0
2024-10-17 00:00:00-04:00,25.739999771118164,25.90999984741211,25.200000762939453,25.219999313354492,556900,0.0,0.0
2024-10-18 00:00:00-04:00,25.15999984741211,25.270000457763672,24.829999923706055,24.850000381469727,576800,0.0,0.0
2024-10-21 00:00:00-04:00,24.959999084472656,25.110000610351562,24.559999465942383,24.670000076293945,469000,0.0,0.0
2024-10-22 00:00:00-04:00,24.600000381469727,24.670000076293945,24.209999084472656,24.299999237060547,522700,0.0,0.0
2024-10-23 00:00:00-04:00,24.260000228881836,24.399999618530273,23.780000686645508,24.010000228881836,697300,0.0,0.0
2024-10-24 00:00:00-04:00,24.0,24.40999984741211,23.889999389648438,23.93000030517578,521800,0.0,0.0
2024-10-25 00:00:00-04:00,24.170000076293945,24.43000030517578,23.950000762939453,23.950000762939453,524600,0.0,0.0
2024-10-28 00:00:00-04:00,24.200000762939453,24.420000076293945,23.829999923706055,24.200000762939453,718900,0.0,0.0
2024-10-29 00:00:00-04:00,24.1200008392334,24.31999969482422,23.889999389648438,24.190000534057617,415000,0.0,0.0
2024-10-30 00:00:00-04:00,23.809999465942383,24.25,23.31999969482422,23.59000015258789,1240500,0.0,0.0
2024-10-31 00:00:00-04:00,23.59000015258789,23.65999984741211,22.690000534057617,22.719999313354492,1094800,0.0,0.0
2024-11-01 00:00:00-04:00,22.81999969482422,23.209999084472656,22.739999771118164,22.8700008392334,697000,0.0,0.0
2024-11-04 00:00:00-05:00,22.799999237060547,23.18000030517578,22.770000457763672,22.989999771118164,634300,0.0,0.0
2024-11-05 00:00:00-05:00,23.059999465942383,23.360000610351562,23.0,23.190000534057617,891800,0.0,0.0
2024-11-06 00:00:00-05:00,24.719999313354492,24.920000076293945,23.889999389648438,24.270000457763672,1736500,0.0,0.0
2024-11-07 00:00:00-05:00,24.469999313354492,24.479999542236328,23.809999465942383,23.81999969482422,1460300,0.0,0.0
2024-11-08 00:00:00-05:00,24.079999923706055,26.209999084472656,24.06999969482422,25.969999313354492,2052500,0.0,0.0
2024-11-11 00:00:00-05:00,26.56999969482422,27.530000686645508,26.309999465942383,27.079999923706055,1985700,0.0,0.0
2024-11-12 00:00:00-05:00,26.969999313354492,27.700000762939453,26.75,27.260000228881836,1582100,0.0,0.0
2024-11-13 00:00:00-05:00,27.579999923706055,28.6200008392334,27.530000686645508,27.729999542236328,1548700,0.0,0.0
2024-11-14 00:00:00-05:00,27.65999984741211,27.969999313354492,25.200000762939453,25.280000686645508,1637300,0.0,0.0
2024-11-15 00:00:00-05:00,25.530000686645508,25.530000686645508,24.3700008392334,24.420000076293945,1394500,0.0,0.0
2024-11-18 00:00:00-05:00,24.489999771118164,24.809999465942383,24.34000015258789,24.3799991607666,1027300,0.0,0.0
2024-11-19 00:00:00-05:00,24.639999389648438,25.079999923706055,24.3799991607666,25.049999237060547,1312800,0.0,0.0
2024-11-20 00:00:00-05:00,25.010000228881836,25.31999969482422,24.700000762939453,25.219999313354492,1207600,0.0,0.0
2024-11-21 00:00:00-05:00,25.360000610351562,26.360000610351562,25.020000457763672,26.239999771118164,1114700,0.0,0.0
2024-11-22 00:00:00-05:00,26.479999542236328,26.850000381469727,26.170000076293945,26.6299991607666,839900,0.0,0.0
2024-11-25 00:00:00-05:00,27.049999237060547,27.200000762939453,26.170000076293945,26.40999984741211,1162200,0.0,0.0
2024-11-26 00:00:00-05:00,26.280000686645508,27.530000686645508,26.239999771118164,27.239999771118164,1117800,0.0,0.0
2024-11-27 00:00:00-05:00,27.5,27.65999984741211,26.43000030517578,26.950000762939453,911500,0.0,0.0
2024-11-29 00:00:00-05:00,27.329999923706055,27.440000534057617,26.889999389648438,27.09000015258789,593100,0.0,0.0
2024-12-02 00:00:00-05:00,27.18000030517578,27.209999084472656,26.40999984741211,26.90999984741211,851800,0.0,0.0
2024-12-03 00:00:00-05:00,27.049999237060547,27.079999923706055,26.030000686645508,26.360000610351562,905800,0.0,0.0
2024-12-04 00:00:00-05:00,26.420000076293945,28.040000915527344,26.280000686645508,27.950000762939453,1119800,0.0,0.0
2024-12-05 00:00:00-05:00,27.760000228881836,27.770000457763672,27.270000457763672,27.299999237060547,1211400,0.0,0.0
2024-12-06 00:00:00-05:00,27.6200008392334,28.06999969482422,27.389999389648438,27.989999771118164,840000,0.0,0.0
2024-12-09 00:00:00-05:00,28.299999237060547,28.3700008392334,26.84000015258789,27.229999542236328,1098000,0.0,0.0
2024-12-10 00:00:00-05:00,27.200000762939453,27.670000076293945,27.049999237060547,27.3700008392334,816500,0.0,0.0
2024-12-11 00:00:00-05:00,27.610000610351562,27.6200008392334,27.149999618530273,27.34000015258789,637000,0.0,0.0
2024-12-12 00:00:00-05:00,27.209999084472656,27.690000534057617,26.479999542236328,26.5,676300,0.0,0.0
2024-12-13 00:00:00-05:00,26.5,27.360000610351562,26.5,26.84000015258789,804700,0.0,0.0
2024-12-16 00:00:00-05:00,27.790000915527344,28.709999084472656,27.360000610351562,28.290000915527344,2628200,0.0,0.0
2024-12-17 00:00:00-05:00,28.229999542236328,28.239999771118164,27.110000610351562,27.25,1428400,0.0,0.0
2024-12-18 00:00:00-05:00,27.219999313354492,27.31999969482422,25.170000076293945,25.510000228881836,1738300,0.0,0.0
2024-12-19 00:00:00-05:00,26.020000457763672,26.3700008392334,25.260000228881836,25.600000381469727,1409100,0.0,0.0
2024-12-20 00:00:00-05:00,25.059999465942383,26.110000610351562,25.040000915527344,25.8700008392334,2601100,0.0,0.0
2024-12-23 00:00:00-05:00,26.3700008392334,26.3700008392334,25.709999084472656,25.989999771118164,957000,0.0,0.0
2024-12-24 00:00:00-05:00,26.059999465942383,26.719999313354492,25.829999923706055,26.65999984741211,464900,0.0,0.0
2024-12-26 00:00:00-05:00,26.559999465942383,26.8799991607666,26.260000228881836,26.75,763900,0.0,0.0
2024-12-27 00:00:00-05:00,26.920000076293945,27.270000457763672,26.350000381469727,26.520000457763672,1029000,0.0,0.0
2024-12-30 00:00:00-05:00,26.1299991607666,26.780000686645508,25.639999389648438,26.520000457763672,851300,0.0,0.0
2024-12-31 00:00:00-05:00,26.65999984741211,26.850000381469727,26.25,26.3799991607666,892200,0.0,0.0
2025-01-02 00:00:00-05:00,26.3700008392334,27.0,26.149999618530273,26.3799991607666,876500,0.0,0.0
2025-01-03 00:00:00-05:00,26.399999618530273,27.540000915527344,26.399999618530273,27.479999542236328,931500,0.0,0.0
2025-01-06 00:00:00-05:00,29.399999618530273,29.959999084472656,28.399999618530273,29.530000686645508,3722400,0.0,0.0
2025-01-07 00:00:00-05:00,29.950000762939453,30.385499954223633,28.354999542236328,28.610000610351562,2384799,0.0,0.0
