Date,Open,High,Low,Close,Volume,Dividends,Stock Splits
2022-01-03 00:00:00-05:00,13.041314441714224,13.360367703625315,13.041314441714224,13.300545692443848,62800,0.0,0.0
2022-01-04 00:00:00-05:00,13.270634602431466,13.360367618632827,13.190870336607393,13.230752944946289,45800,0.0,0.0
2022-01-05 00:00:00-05:00,13.300546414448274,13.310517067137672,13.071226156861007,13.1011381149292,43900,0.0,0.0
2022-01-06 00:00:00-05:00,13.091167645206758,13.270635592709123,13.071226339549256,13.260664939880371,46400,0.0,0.0
2022-01-07 00:00:00-05:00,13.260664057441547,13.460072346477883,13.12107777968925,13.320486068725586,85200,0.0,0.0
2022-01-10 00:00:00-05:00,13.330456662204758,13.400249325346788,13.210811689309683,13.270634651184082,109300,0.0,0.0
2022-01-11 00:00:00-05:00,13.340427469484723,13.440131139296716,13.240722848818997,13.400249481201172,51400,0.0,0.0
2022-01-12 00:00:00-05:00,13.360367943612513,13.579717540543342,13.320486285157248,13.499954223632812,64700,0.0,0.0
2022-01-13 00:00:00-05:00,13.470043037425949,13.609628364726413,13.330456759271756,13.350398063659668,58000,0.0,0.0
2022-01-14 00:00:00-05:00,13.350397765602546,13.410219775723252,13.111106872558594,13.111106872558594,99400,0.0,0.0
2022-01-18 00:00:00-05:00,13.160959675966014,13.549806559772858,13.141019322127935,13.519895553588867,66300,0.0,0.0
2022-01-19 00:00:00-05:00,13.619599176284842,13.659480834673596,13.420190884341073,13.480013847351074,58300,0.0,0.0
2022-01-20 00:00:00-05:00,13.529865181730539,13.659480808963458,13.450101865103164,13.46007251739502,41300,0.0,0.0
2022-01-21 00:00:00-05:00,13.539835711173502,13.539835711173502,13.250693453309262,13.360367774963379,67700,0.0,0.0
2022-01-24 00:00:00-05:00,13.310516282986338,13.450101608999528,12.871817099035317,13.250693321228027,176200,0.0,0.0
2022-01-25 00:00:00-05:00,13.240722193328176,13.709332365892253,13.150988229342111,13.629569053649902,129400,0.0,0.0
2022-01-26 00:00:00-05:00,13.629569899425062,13.888801155725993,13.470043265041026,13.539835929870605,106100,0.0,0.0
2022-01-27 00:00:00-05:00,13.479925226237889,13.709582754490825,13.280222820744859,13.380073547363281,62600,0.02,0.0
2022-01-28 00:00:00-05:00,13.559805975014276,13.659657652317295,13.170385576239909,13.410029411315918,70500,0.0,0.0
2022-01-31 00:00:00-05:00,13.190356190504538,13.65965754658628,13.080520108126327,13.559805870056152,82000,0.0,0.0
2022-02-01 00:00:00-05:00,13.559805767391353,13.739538402882316,13.489910165703158,13.709582328796387,81900,0.0,0.0
2022-02-02 00:00:00-05:00,13.83938980102539,13.909286358376969,13.669642515288444,13.83938980102539,54900,0.0,0.0
2022-02-03 00:00:00-05:00,13.829405113671049,13.899300717345735,13.629701756447062,13.69959831237793,35100,0.0,0.0
2022-02-04 00:00:00-05:00,13.629701895668195,13.829405254932057,13.59974677268109,13.76949405670166,36200,0.0,0.0
2022-02-07 00:00:00-05:00,13.72955396277639,13.959211499252573,13.72955396277639,13.759509086608887,71600,0.0,0.0
2022-02-08 00:00:00-05:00,13.799449569137623,13.879330534195098,13.72955396277639,13.759509086608887,44900,0.0,0.0
2022-02-09 00:00:00-05:00,13.859359987346364,13.859359987346364,13.699598066242501,13.779479026794434,51900,0.0,0.0
2022-02-10 00:00:00-05:00,13.77947895251621,13.77947895251621,13.589760958035924,13.609731674194336,46900,0.0,0.0
2022-02-11 00:00:00-05:00,13.67962763099805,13.80943443262561,13.529851064950348,13.649672508239746,58900,0.0,0.0
2022-02-14 00:00:00-05:00,13.58976162465666,13.809434751894067,13.579777218343846,13.73953914642334,53600,0.0,0.0
2022-02-15 00:00:00-05:00,13.74952464324297,13.919270979342066,13.74952464324297,13.80943489074707,76000,0.0,0.0
2022-02-16 00:00:00-05:00,13.829405041761522,13.859360164286889,13.769493844454614,13.79944896697998,68600,0.0,0.0
2022-02-17 00:00:00-05:00,13.729553824411378,13.819420147259427,13.569791895906492,13.689613342285156,51900,0.0,0.0
2022-02-18 00:00:00-05:00,13.739539321472627,13.779479804001364,13.679628121551413,13.759509086608887,44700,0.0,0.0
2022-02-22 00:00:00-05:00,13.799449183975991,13.809434542393525,13.439984851250502,13.499896049499512,94700,0.0,0.0
2022-02-23 00:00:00-05:00,13.599746633788424,13.659657831406955,13.380073512195386,13.429999351501465,71600,0.0,0.0
2022-02-24 00:00:00-05:00,13.010000228881836,13.229999542236328,12.829999923706055,13.149999618530273,155900,0.02,0.0
2022-02-25 00:00:00-05:00,13.100000381469727,13.279999732971191,13.100000381469727,13.149999618530273,35800,0.0,0.0
2022-02-28 00:00:00-05:00,13.069999694824219,13.270000457763672,13.069999694824219,13.239999771118164,66800,0.0,0.0
2022-03-01 00:00:00-05:00,13.319999694824219,13.319999694824219,12.9399995803833,13.079999923706055,58200,0.0,0.0
2022-03-02 00:00:00-05:00,13.210000038146973,13.510000228881836,13.15999984741211,13.399999618530273,73800,0.0,0.0
2022-03-03 00:00:00-05:00,13.479999542236328,13.789999961853027,13.479999542236328,13.760000228881836,78000,0.0,0.0
2022-03-04 00:00:00-05:00,13.770000457763672,13.869999885559082,13.739999771118164,13.779999732971191,61300,0.0,0.0
2022-03-07 00:00:00-05:00,13.779999732971191,13.859999656677246,13.529999732971191,13.729999542236328,73600,0.0,0.0
2022-03-08 00:00:00-05:00,13.649999618530273,13.819999694824219,13.539999961853027,13.649999618530273,52700,0.0,0.0
2022-03-09 00:00:00-05:00,13.800000190734863,13.859999656677246,13.65999984741211,13.760000228881836,57900,0.0,0.0
2022-03-10 00:00:00-05:00,13.720000267028809,13.869999885559082,13.720000267028809,13.850000381469727,73200,0.0,0.0
2022-03-11 00:00:00-05:00,13.899999618530273,13.930000305175781,13.800000190734863,13.84000015258789,56300,0.0,0.0
2022-03-14 00:00:00-04:00,13.850000381469727,13.979999542236328,13.729999542236328,13.800000190734863,54300,0.0,0.0
2022-03-15 00:00:00-04:00,13.960000038146973,14.079999923706055,13.819999694824219,13.850000381469727,156800,0.0,0.0
2022-03-16 00:00:00-04:00,13.9399995803833,14.0,13.899999618530273,13.960000038146973,83400,0.0,0.0
2022-03-17 00:00:00-04:00,14.0,14.149999618530273,13.960000038146973,14.149999618530273,93600,0.0,0.0
2022-03-18 00:00:00-04:00,14.119999885559082,14.119999885559082,14.029999732971191,14.029999732971191,50000,0.0,0.0
2022-03-21 00:00:00-04:00,14.029999732971191,14.119999885559082,13.979999542236328,14.119999885559082,70300,0.0,0.0
2022-03-22 00:00:00-04:00,14.100000381469727,14.100000381469727,14.0600004196167,14.09000015258789,62800,0.0,0.0
2022-03-23 00:00:00-04:00,13.899999618530273,14.0,13.779999732971191,13.84000015258789,87700,0.0,0.0
2022-03-24 00:00:00-04:00,13.920000076293945,14.100000381469727,13.869999885559082,13.920000076293945,35400,0.0,0.0
2022-03-25 00:00:00-04:00,13.949999809265137,14.039999961853027,13.770000457763672,13.829999923706055,66100,0.0,0.0
2022-03-28 00:00:00-04:00,13.869999885559082,14.0,13.850000381469727,14.0,84200,0.0,0.0
2022-03-29 00:00:00-04:00,14.020000457763672,14.020000457763672,13.949999809265137,13.989999771118164,90500,0.0,0.0
2022-03-30 00:00:00-04:00,13.84000015258789,13.920000076293945,13.779999732971191,13.779999732971191,58400,0.0,0.0
2022-03-31 00:00:00-04:00,13.800000190734863,13.930000305175781,13.789999961853027,13.890000343322754,54200,0.0,0.0
2022-04-01 00:00:00-04:00,13.9399995803833,13.949999809265137,13.859999656677246,13.949999809265137,48400,0.0,0.0
2022-04-04 00:00:00-04:00,13.90999984741211,13.9399995803833,13.800000190734863,13.819999694824219,48700,0.0,0.0
2022-04-05 00:00:00-04:00,13.9399995803833,13.949999809265137,13.84000015258789,13.890000343322754,42300,0.0,0.0
2022-04-06 00:00:00-04:00,13.90999984741211,13.949999809265137,13.760000228881836,13.800000190734863,41900,0.0,0.0
2022-04-07 00:00:00-04:00,13.75,13.890000343322754,13.649999618530273,13.859999656677246,48500,0.0,0.0
2022-04-08 00:00:00-04:00,13.800000190734863,13.890000343322754,13.779999732971191,13.829999923706055,40700,0.0,0.0
2022-04-11 00:00:00-04:00,13.75,13.859999656677246,13.75,13.800000190734863,56500,0.0,0.0
2022-04-12 00:00:00-04:00,13.899999618530273,13.899999618530273,13.75,13.859999656677246,52100,0.0,0.0
2022-04-13 00:00:00-04:00,13.84000015258789,14.0,13.84000015258789,13.9399995803833,60100,0.0,0.0
2022-04-14 00:00:00-04:00,13.90999984741211,13.949999809265137,13.850000381469727,13.869999885559082,37100,0.0,0.0
2022-04-18 00:00:00-04:00,13.819999694824219,14.079999923706055,13.800000190734863,13.960000038146973,76700,0.0,0.0
2022-04-19 00:00:00-04:00,14.039999961853027,14.079999923706055,13.880000114440918,13.970000267028809,48200,0.0,0.0
2022-04-20 00:00:00-04:00,13.890000343322754,14.029999732971191,13.890000343322754,13.979999542236328,38400,0.0,0.0
2022-04-21 00:00:00-04:00,13.989999771118164,14.029999732971191,13.920000076293945,13.930000305175781,71500,0.0,0.0
2022-04-22 00:00:00-04:00,13.979999542236328,14.0,13.930000305175781,13.989999771118164,75400,0.0,0.0
2022-04-25 00:00:00-04:00,14.010000228881836,14.199999809265137,13.880000114440918,14.199999809265137,95100,0.0,0.0
2022-04-26 00:00:00-04:00,14.199999809265137,14.199999809265137,13.8100004196167,13.829999923706055,89900,0.0,0.0
2022-04-27 00:00:00-04:00,13.850000381469727,14.069999694824219,13.829999923706055,13.989999771118164,72900,0.0,0.0
2022-04-28 00:00:00-04:00,13.890000343322754,13.920000076293945,13.65999984741211,13.829999923706055,62500,0.0,0.0
2022-04-29 00:00:00-04:00,13.770000457763672,13.869999885559082,13.65999984741211,13.65999984741211,58100,0.0,0.0
2022-05-02 00:00:00-04:00,13.630000114440918,13.6899995803833,13.0600004196167,13.229999542236328,132500,0.0,0.0
2022-05-03 00:00:00-04:00,13.300000190734863,13.569999694824219,13.210000038146973,13.520000457763672,40500,0.0,0.0
2022-05-04 00:00:00-04:00,13.510000228881836,13.75,13.510000228881836,13.739999771118164,28900,0.0,0.0
2022-05-05 00:00:00-04:00,13.739999771118164,13.739999771118164,13.319999694824219,13.430000305175781,21400,0.0,0.0
2022-05-06 00:00:00-04:00,13.449999809265137,13.449999809265137,13.300000190734863,13.420000076293945,25600,0.0,0.0
2022-05-09 00:00:00-04:00,13.229999542236328,13.319999694824219,12.880000114440918,12.890000343322754,104100,0.0,0.0
2022-05-10 00:00:00-04:00,12.970000267028809,13.199999809265137,12.859999656677246,13.0,62300,0.0,0.0
2022-05-11 00:00:00-04:00,13.0,13.479999542236328,12.850000381469727,13.09000015258789,89400,0.0,0.0
2022-05-12 00:00:00-04:00,13.039999961853027,13.039999961853027,12.289999961853027,12.470000267028809,187300,0.0,0.0
2022-05-13 00:00:00-04:00,12.789999961853027,13.020000457763672,12.460000038146973,12.680000305175781,88000,0.0,0.0
2022-05-16 00:00:00-04:00,12.760000228881836,13.140000343322754,12.699999809265137,13.020000457763672,68000,0.0,0.0
2022-05-17 00:00:00-04:00,13.109999656677246,13.319999694824219,13.09000015258789,13.149999618530273,55300,0.0,0.0
2022-05-18 00:00:00-04:00,13.140000343322754,13.170000076293945,12.600000381469727,12.65999984741211,94000,0.0,0.0
2022-05-19 00:00:00-04:00,12.460000038146973,12.970000267028809,12.449999809265137,12.649999618530273,114500,0.0,0.0
2022-05-20 00:00:00-04:00,12.619999885559082,12.829999923706055,12.359999656677246,12.569999694824219,72800,0.0,0.0
2022-05-23 00:00:00-04:00,12.59000015258789,12.850000381469727,12.569999694824219,12.649999618530273,37100,0.0,0.0
2022-05-24 00:00:00-04:00,12.649999618530273,12.760000228881836,12.5,12.729999542236328,55300,0.0,0.0
2022-05-25 00:00:00-04:00,12.760000228881836,13.079999923706055,12.760000228881836,12.8100004196167,38600,0.0,0.0
2022-05-26 00:00:00-04:00,12.699999809265137,13.039999961853027,12.699999809265137,12.90999984741211,33600,0.0,0.0
2022-05-27 00:00:00-04:00,12.829999923706055,12.989999771118164,12.819999694824219,12.899999618530273,66100,0.0,0.0
2022-05-31 00:00:00-04:00,13.0,13.029999732971191,12.6899995803833,12.6899995803833,112400,0.0,0.0
2022-06-01 00:00:00-04:00,12.760000228881836,12.890000343322754,12.630000114440918,12.869999885559082,28500,0.0,0.0
2022-06-02 00:00:00-04:00,12.75,12.859999656677246,12.600000381469727,12.710000038146973,63200,0.0,0.0
2022-06-03 00:00:00-04:00,12.729999542236328,12.819999694824219,12.569999694824219,12.680000305175781,37900,0.0,0.0
2022-06-06 00:00:00-04:00,12.8100004196167,12.829999923706055,12.609999656677246,12.710000038146973,43400,0.0,0.0
2022-06-07 00:00:00-04:00,12.609999656677246,12.75,12.569999694824219,12.649999618530273,42500,0.0,0.0
2022-06-08 00:00:00-04:00,12.670000076293945,12.720000267028809,12.529999732971191,12.630000114440918,61100,0.0,0.0
2022-06-09 00:00:00-04:00,12.65999984741211,12.670000076293945,12.34000015258789,12.369999885559082,52600,0.0,0.0
2022-06-10 00:00:00-04:00,12.229999542236328,12.539999961853027,12.229999542236328,12.539999961853027,85700,0.0,0.0
2022-06-13 00:00:00-04:00,12.319999694824219,12.319999694824219,11.859999656677246,11.989999771118164,134000,0.0,0.0
2022-06-14 00:00:00-04:00,12.180000305175781,12.199999809265137,11.65999984741211,11.6899995803833,150300,0.0,0.0
2022-06-15 00:00:00-04:00,11.800000190734863,12.130000114440918,11.75,11.949999809265137,74000,0.0,0.0
2022-06-16 00:00:00-04:00,11.699999809265137,11.899999618530273,11.25,11.289999961853027,167700,0.0,0.0
2022-06-17 00:00:00-04:00,11.050000190734863,11.550000190734863,11.020000457763672,11.329999923706055,94500,0.0,0.0
2022-06-21 00:00:00-04:00,11.350000381469727,11.520000457763672,11.180000305175781,11.3100004196167,64500,0.0,0.0
2022-06-22 00:00:00-04:00,11.229999542236328,11.420000076293945,11.229999542236328,11.300000190734863,61600,0.0,0.0
2022-06-23 00:00:00-04:00,11.359999656677246,11.420000076293945,11.239999771118164,11.279999732971191,29500,0.0,0.0
2022-06-24 00:00:00-04:00,11.380000114440918,11.579999923706055,11.34000015258789,11.420000076293945,40300,0.0,0.0
2022-06-27 00:00:00-04:00,11.40999984741211,11.8100004196167,11.34000015258789,11.760000228881836,73000,0.0,0.0
2022-06-28 00:00:00-04:00,11.920000076293945,12.050000190734863,11.520000457763672,11.619999885559082,73000,0.0,0.0
2022-06-29 00:00:00-04:00,11.579999923706055,11.640000343322754,11.100000381469727,11.199999809265137,76200,0.0,0.0
2022-06-30 00:00:00-04:00,11.050000190734863,11.1899995803833,11.020000457763672,11.130000114440918,34500,0.0,0.0
2022-07-01 00:00:00-04:00,11.140000343322754,11.520000457763672,11.140000343322754,11.4399995803833,28300,0.0,0.0
2022-07-05 00:00:00-04:00,11.460000038146973,11.710000038146973,11.34000015258789,11.710000038146973,44300,0.0,0.0
2022-07-06 00:00:00-04:00,11.609999656677246,11.770000457763672,11.510000228881836,11.680000305175781,49800,0.0,0.0
2022-07-07 00:00:00-04:00,11.829999923706055,12.289999961853027,11.800000190734863,12.270000457763672,114400,0.0,0.0
2022-07-08 00:00:00-04:00,12.319999694824219,12.350000381469727,12.029999732971191,12.0600004196167,25200,0.0,0.0
2022-07-11 00:00:00-04:00,12.050000190734863,12.34000015258789,12.010000228881836,12.079999923706055,52100,0.0,0.0
2022-07-12 00:00:00-04:00,12.079999923706055,12.180000305175781,11.970000267028809,11.989999771118164,36600,0.0,0.0
2022-07-13 00:00:00-04:00,11.859999656677246,12.1899995803833,11.859999656677246,12.079999923706055,32100,0.0,0.0
2022-07-14 00:00:00-04:00,11.960000038146973,12.039999961853027,11.8100004196167,11.90999984741211,44200,0.0,0.0
2022-07-15 00:00:00-04:00,12.210000038146973,12.260000228881836,11.930000305175781,12.180000305175781,62000,0.0,0.0
2022-07-18 00:00:00-04:00,12.1899995803833,12.59000015258789,12.1899995803833,12.279999732971191,71700,0.0,0.0
2022-07-19 00:00:00-04:00,12.399999618530273,12.550000190734863,12.350000381469727,12.520000457763672,27400,0.0,0.0
2022-07-20 00:00:00-04:00,12.5600004196167,12.75,12.510000228881836,12.680000305175781,57300,0.0,0.0
2022-07-21 00:00:00-04:00,12.739999771118164,12.760000228881836,12.529999732971191,12.760000228881836,28600,0.0,0.0
2022-07-22 00:00:00-04:00,12.800000190734863,12.859999656677246,12.609999656677246,12.720000267028809,46200,0.0,0.0
2022-07-25 00:00:00-04:00,12.789999961853027,12.880000114440918,12.720000267028809,12.829999923706055,58900,0.0,0.0
2022-07-26 00:00:00-04:00,12.869999885559082,13.079999923706055,12.829999923706055,13.010000228881836,79700,0.0,0.0
2022-07-27 00:00:00-04:00,13.069999694824219,13.380000114440918,12.949999809265137,13.260000228881836,97000,0.0,0.0
2022-07-28 00:00:00-04:00,13.09000015258789,13.420000076293945,13.09000015258789,13.369999885559082,83800,0.0,0.0
2022-07-29 00:00:00-04:00,13.270000457763672,13.479999542236328,13.270000457763672,13.380000114440918,55400,0.0,0.0
2022-08-01 00:00:00-04:00,13.300000190734863,13.399999618530273,13.199999809265137,13.350000381469727,50500,0.0,0.0
2022-08-02 00:00:00-04:00,13.359999656677246,13.369999885559082,13.210000038146973,13.300000190734863,34300,0.0,0.0
2022-08-03 00:00:00-04:00,13.430000305175781,13.539999961853027,13.300000190734863,13.470000267028809,36100,0.0,0.0
2022-08-04 00:00:00-04:00,13.300000190734863,13.520000457763672,13.149999618530273,13.260000228881836,49800,0.0,0.0
2022-08-05 00:00:00-04:00,13.15999984741211,13.449999809265137,13.15999984741211,13.359999656677246,27700,0.0,0.0
2022-08-08 00:00:00-04:00,13.329999923706055,13.520000457763672,13.329999923706055,13.369999885559082,25500,0.0,0.0
2022-08-09 00:00:00-04:00,13.479999542236328,13.569999694824219,13.180000305175781,13.3100004196167,82000,0.0,0.0
2022-08-10 00:00:00-04:00,13.3100004196167,13.479999542236328,13.279999732971191,13.449999809265137,36500,0.0,0.0
2022-08-11 00:00:00-04:00,13.4399995803833,13.579999923706055,13.4399995803833,13.550000190734863,35400,0.0,0.0
2022-08-12 00:00:00-04:00,13.550000190734863,13.789999961853027,13.550000190734863,13.770000457763672,47000,0.0,0.0
2022-08-15 00:00:00-04:00,13.869999885559082,14.170000076293945,13.710000038146973,14.079999923706055,106600,0.0,0.0
2022-08-16 00:00:00-04:00,14.130000114440918,14.130000114440918,13.880000114440918,14.020000457763672,56800,0.0,0.0
2022-08-17 00:00:00-04:00,14.020000457763672,14.09000015258789,13.630000114440918,13.710000038146973,55200,0.0,0.0
2022-08-18 00:00:00-04:00,13.8100004196167,13.920000076293945,13.640000343322754,13.829999923706055,46500,0.0,0.0
2022-08-19 00:00:00-04:00,13.710000038146973,13.819999694824219,13.600000381469727,13.609999656677246,36500,0.0,0.0
2022-08-22 00:00:00-04:00,13.609999656677246,13.630000114440918,13.470000267028809,13.609999656677246,36500,0.0,0.0
2022-08-23 00:00:00-04:00,13.65999984741211,13.75,13.579999923706055,13.649999618530273,46600,0.0,0.0
2022-08-24 00:00:00-04:00,13.720000267028809,13.84000015258789,13.619999885559082,13.720000267028809,34300,0.0,0.0
2022-08-25 00:00:00-04:00,13.8100004196167,13.850000381469727,13.760000228881836,13.829999923706055,21000,0.0,0.0
2022-08-26 00:00:00-04:00,13.829999923706055,13.829999923706055,13.619999885559082,13.770000457763672,27100,0.0,0.0
2022-08-29 00:00:00-04:00,13.630000114440918,13.859999656677246,13.630000114440918,13.729999542236328,39100,0.0,0.0
2022-08-30 00:00:00-04:00,13.569999694824219,13.710000038146973,13.399999618530273,13.399999618530273,37200,0.0,0.0
2022-08-31 00:00:00-04:00,13.5,13.640000343322754,13.460000038146973,13.539999961853027,46600,0.0,0.0
2022-09-01 00:00:00-04:00,13.579999923706055,13.579999923706055,13.09000015258789,13.210000038146973,81900,0.0,0.0
2022-09-02 00:00:00-04:00,13.220000267028809,13.289999961853027,13.09000015258789,13.119999885559082,73900,0.0,0.0
2022-09-06 00:00:00-04:00,13.119999885559082,13.199999809265137,13.020000457763672,13.0600004196167,15200,0.0,0.0
2022-09-07 00:00:00-04:00,13.050000190734863,13.1899995803833,13.010000228881836,13.130000114440918,14000,0.0,0.0
2022-09-08 00:00:00-04:00,13.0,13.270000457763672,13.0,13.140000343322754,27600,0.0,0.0
2022-09-09 00:00:00-04:00,12.979999542236328,13.470000267028809,12.979999542236328,13.199999809265137,31300,0.0,0.0
2022-09-12 00:00:00-04:00,13.319999694824219,13.399999618530273,13.210000038146973,13.380000114440918,46500,0.0,0.0
2022-09-13 00:00:00-04:00,13.300000190734863,13.600000381469727,13.069999694824219,13.069999694824219,55300,0.0,0.0
2022-09-14 00:00:00-04:00,13.180000305175781,13.3100004196167,13.100000381469727,13.1899995803833,25000,0.0,0.0
2022-09-15 00:00:00-04:00,13.279999732971191,13.579999923706055,13.260000228881836,13.520000457763672,56400,0.0,0.0
2022-09-16 00:00:00-04:00,13.399999618530273,13.479999542236328,13.170000076293945,13.210000038146973,46400,0.0,0.0
2022-09-19 00:00:00-04:00,13.130000114440918,13.369999885559082,12.920000076293945,13.0600004196167,61600,0.0,0.0
2022-09-20 00:00:00-04:00,13.0600004196167,13.239999771118164,12.979999542236328,12.979999542236328,31400,0.0,0.0
2022-09-21 00:00:00-04:00,13.119999885559082,13.229999542236328,12.960000038146973,13.010000228881836,18200,0.0,0.0
2022-09-22 00:00:00-04:00,13.0,13.020000457763672,12.649999618530273,12.710000038146973,80900,0.0,0.0
2022-09-23 00:00:00-04:00,12.649999618530273,12.710000038146973,12.350000381469727,12.449999809265137,114500,0.0,0.0
2022-09-26 00:00:00-04:00,12.15999984741211,12.5,12.0,12.25,108900,0.0,0.0
2022-09-27 00:00:00-04:00,12.260000228881836,12.479999542236328,12.119999885559082,12.170000076293945,57200,0.0,0.0
2022-09-28 00:00:00-04:00,12.220000267028809,12.420000076293945,12.170000076293945,12.40999984741211,49800,0.0,0.0
2022-09-29 00:00:00-04:00,12.350000381469727,12.350000381469727,11.739999771118164,11.949999809265137,127800,0.0,0.0
2022-09-30 00:00:00-04:00,11.84000015258789,12.119999885559082,11.800000190734863,11.930000305175781,61600,0.0,0.0
2022-10-03 00:00:00-04:00,11.960000038146973,12.199999809265137,11.899999618530273,12.079999923706055,43600,0.0,0.0
2022-10-04 00:00:00-04:00,12.15999984741211,12.579999923706055,12.15999984741211,12.539999961853027,63800,0.0,0.0
2022-10-05 00:00:00-04:00,12.34000015258789,12.649999618530273,12.25,12.579999923706055,50200,0.0,0.0
2022-10-06 00:00:00-04:00,12.550000190734863,12.699999809265137,12.270000457763672,12.34000015258789,31000,0.0,0.0
2022-10-07 00:00:00-04:00,12.34000015258789,12.390000343322754,12.020000457763672,12.0600004196167,38400,0.0,0.0
2022-10-10 00:00:00-04:00,12.0600004196167,12.140000343322754,11.90999984741211,11.979999542236328,23900,0.0,0.0
2022-10-11 00:00:00-04:00,11.90999984741211,12.109999656677246,11.869999885559082,12.109999656677246,24900,0.0,0.0
2022-10-12 00:00:00-04:00,12.1899995803833,12.420000076293945,12.119999885559082,12.1899995803833,68000,0.0,0.0
2022-10-13 00:00:00-04:00,12.079999923706055,12.449999809265137,11.989999771118164,12.449999809265137,40600,0.0,0.0
2022-10-14 00:00:00-04:00,12.5600004196167,12.649999618530273,12.460000038146973,12.600000381469727,49200,0.0,0.0
2022-10-17 00:00:00-04:00,12.75,12.899999618530273,12.520000457763672,12.569999694824219,32500,0.0,0.0
2022-10-18 00:00:00-04:00,12.670000076293945,13.0,12.600000381469727,12.680000305175781,50400,0.0,0.0
2022-10-19 00:00:00-04:00,12.649999618530273,12.800000190734863,12.550000190734863,12.619999885559082,21000,0.0,0.0
2022-10-20 00:00:00-04:00,12.5600004196167,12.760000228881836,12.5,12.739999771118164,18600,0.0,0.0
2022-10-21 00:00:00-04:00,12.850000381469727,12.850000381469727,12.520000457763672,12.649999618530273,26200,0.0,0.0
2022-10-24 00:00:00-04:00,12.789999961853027,12.979999542236328,12.609999656677246,12.90999984741211,41500,0.0,0.0
2022-10-25 00:00:00-04:00,12.960000038146973,13.489999771118164,12.930000305175781,13.489999771118164,58300,0.0,0.0
2022-10-26 00:00:00-04:00,13.399999618530273,13.550000190734863,13.210000038146973,13.300000190734863,59800,0.0,0.0
2022-10-27 00:00:00-04:00,13.369999885559082,13.539999961853027,13.350000381469727,13.359999656677246,29800,0.0,0.0
2022-10-28 00:00:00-04:00,13.210000038146973,13.479999542236328,13.1899995803833,13.479999542236328,61000,0.0,0.0
2022-10-31 00:00:00-04:00,13.430000305175781,13.460000038146973,13.199999809265137,13.270000457763672,23800,0.0,0.0
2022-11-01 00:00:00-04:00,13.25,13.329999923706055,12.989999771118164,13.220000267028809,65200,0.0,0.0
2022-11-02 00:00:00-04:00,13.09000015258789,13.399999618530273,12.989999771118164,13.289999961853027,46800,0.0,0.0
2022-11-03 00:00:00-04:00,13.229999542236328,13.470000267028809,13.109999656677246,13.359999656677246,47000,0.0,0.0
2022-11-04 00:00:00-04:00,13.739999771118164,13.859999656677246,13.40999984741211,13.680000305175781,61800,0.0,0.0
2022-11-07 00:00:00-05:00,13.75,13.989999771118164,13.699999809265137,13.960000038146973,76000,0.0,0.0
2022-11-08 00:00:00-05:00,13.949999809265137,13.989999771118164,13.75,13.90999984741211,39100,0.0,0.0
2022-11-09 00:00:00-05:00,13.760000228881836,13.930000305175781,13.6899995803833,13.760000228881836,36500,0.0,0.0
2022-11-10 00:00:00-05:00,13.819999694824219,13.989999771118164,13.699999809265137,13.850000381469727,65000,0.0,0.0
2022-11-11 00:00:00-05:00,13.960000038146973,13.970000267028809,13.829999923706055,13.9399995803833,59800,0.0,0.0
2022-11-14 00:00:00-05:00,13.979999542236328,14.0,13.899999618530273,13.960000038146973,68200,0.0,0.0
2022-11-15 00:00:00-05:00,13.979999542236328,13.979999542236328,13.699999809265137,13.800000190734863,97200,0.0,0.0
2022-11-16 00:00:00-05:00,13.779999732971191,13.859999656677246,13.680000305175781,13.75,59600,0.0,0.0
2022-11-17 00:00:00-05:00,13.640000343322754,13.75,13.609999656677246,13.710000038146973,63400,0.0,0.0
2022-11-18 00:00:00-05:00,13.720000267028809,13.75,13.5,13.539999961853027,47500,0.0,0.0
2022-11-21 00:00:00-05:00,13.609999656677246,13.739999771118164,13.510000228881836,13.729999542236328,53300,0.0,0.0
2022-11-22 00:00:00-05:00,13.789999961853027,13.789999961853027,13.680000305175781,13.75,28200,0.0,0.0
2022-11-23 00:00:00-05:00,13.789999961853027,13.800000190734863,13.65999984741211,13.739999771118164,31700,0.0,0.0
2022-11-25 00:00:00-05:00,13.739999771118164,13.890000343322754,13.739999771118164,13.800000190734863,31500,0.0,0.0
2022-11-28 00:00:00-05:00,13.789999961853027,13.800000190734863,13.619999885559082,13.739999771118164,44400,0.0,0.0
2022-11-29 00:00:00-05:00,13.699999809265137,13.75,13.449999809265137,13.710000038146973,42300,0.0,0.0
2022-11-30 00:00:00-05:00,13.789999961853027,13.789999961853027,13.380000114440918,13.59000015258789,49800,0.0,0.0
2022-12-01 00:00:00-05:00,13.449999809265137,13.630000114440918,13.449999809265137,13.5600004196167,35500,0.0,0.0
2022-12-02 00:00:00-05:00,13.420000076293945,13.699999809265137,13.420000076293945,13.619999885559082,36800,0.0,0.0
2022-12-05 00:00:00-05:00,13.510000228881836,13.65999984741211,13.199999809265137,13.380000114440918,58800,0.0,0.0
2022-12-06 00:00:00-05:00,13.369999885559082,13.489999771118164,13.100000381469727,13.1899995803833,46200,0.0,0.0
2022-12-07 00:00:00-05:00,13.199999809265137,13.640000343322754,13.100000381469727,13.100000381469727,107000,0.0,0.0
2022-12-08 00:00:00-05:00,13.119999885559082,13.579999923706055,13.119999885559082,13.390000343322754,55700,0.0,0.0
2022-12-09 00:00:00-05:00,13.34000015258789,13.520000457763672,13.210000038146973,13.460000038146973,47100,0.0,0.0
2022-12-12 00:00:00-05:00,13.510000228881836,13.65999984741211,13.460000038146973,13.579999923706055,35700,0.0,0.0
2022-12-13 00:00:00-05:00,13.699999809265137,13.699999809265137,13.149999618530273,13.170000076293945,131400,0.0,0.0
2022-12-14 00:00:00-05:00,13.3100004196167,13.579999923706055,13.239999771118164,13.479999542236328,58000,0.0,0.0
2022-12-15 00:00:00-05:00,13.380000114440918,13.399999618530273,13.149999618530273,13.279999732971191,66400,0.0,0.0
2022-12-16 00:00:00-05:00,13.180000305175781,13.270000457763672,12.949999809265137,13.210000038146973,94100,0.0,0.0
2022-12-19 00:00:00-05:00,13.09000015258789,13.149999618530273,12.84000015258789,12.960000038146973,54700,0.0,0.0
2022-12-20 00:00:00-05:00,12.819999694824219,13.039999961853027,12.819999694824219,12.869999885559082,39400,0.0,0.0
2022-12-21 00:00:00-05:00,12.869999885559082,13.039999961853027,12.8100004196167,12.869999885559082,45700,0.0,0.0
2022-12-22 00:00:00-05:00,12.8100004196167,12.930000305175781,12.699999809265137,12.84000015258789,22800,0.0,0.0
2022-12-23 00:00:00-05:00,12.859999656677246,13.109999656677246,12.789999961853027,13.029999732971191,35300,0.0,0.0
2022-12-27 00:00:00-05:00,13.119999885559082,13.239999771118164,12.869999885559082,13.170000076293945,48800,0.0,0.0
2022-12-28 00:00:00-05:00,13.25,13.270000457763672,12.949999809265137,13.069999694824219,44000,0.0,0.0
2022-12-29 00:00:00-05:00,13.1899995803833,13.329999923706055,13.100000381469727,13.210000038146973,54900,0.0,0.0
2022-12-30 00:00:00-05:00,13.130000114440918,13.369999885559082,13.109999656677246,13.260000228881836,49700,0.0,0.0
2023-01-03 00:00:00-05:00,13.1899995803833,13.40999984741211,13.140000343322754,13.289999961853027,46400,0.0,0.0
2023-01-04 00:00:00-05:00,13.359999656677246,13.369999885559082,13.25,13.289999961853027,49200,0.0,0.0
2023-01-05 00:00:00-05:00,13.350000381469727,13.430000305175781,13.180000305175781,13.229999542236328,30500,0.0,0.0
2023-01-06 00:00:00-05:00,13.25,13.25,13.180000305175781,13.25,56500,0.0,0.0
2023-01-09 00:00:00-05:00,13.279999732971191,13.279999732971191,13.119999885559082,13.229999542236328,39700,0.0,0.0
2023-01-10 00:00:00-05:00,13.229999542236328,13.25,13.140000343322754,13.140000343322754,30800,0.0,0.0
2023-01-11 00:00:00-05:00,13.239999771118164,13.3100004196167,13.149999618530273,13.3100004196167,45500,0.0,0.0
2023-01-12 00:00:00-05:00,13.470000267028809,14.0,13.4399995803833,14.0,225900,0.0,0.0
2023-01-13 00:00:00-05:00,13.75,13.850000381469727,13.609999656677246,13.800000190734863,126400,0.0,0.0
2023-01-17 00:00:00-05:00,13.800000190734863,13.880000114440918,13.649999618530273,13.75,206900,0.0,0.0
2023-01-18 00:00:00-05:00,13.84000015258789,13.920000076293945,13.680000305175781,13.75,104200,0.0,0.0
2023-01-19 00:00:00-05:00,13.699999809265137,13.75,13.520000457763672,13.649999618530273,83300,0.0,0.0
2023-01-20 00:00:00-05:00,13.630000114440918,13.699999809265137,13.569999694824219,13.6899995803833,79200,0.0,0.0
2023-01-23 00:00:00-05:00,13.739999771118164,14.0,13.699999809265137,14.0,199600,0.0,0.0
2023-01-24 00:00:00-05:00,14.079999923706055,14.109999656677246,13.930000305175781,14.050000190734863,88500,0.0,0.0
2023-01-25 00:00:00-05:00,14.100000381469727,14.539999961853027,14.100000381469727,14.510000228881836,122200,0.0,0.0
2023-01-26 00:00:00-05:00,14.569999694824219,14.739999771118164,14.430000305175781,14.699999809265137,106500,0.0,0.0
2023-01-27 00:00:00-05:00,14.720000267028809,14.829999923706055,14.460000038146973,14.569999694824219,157000,0.0,0.0
2023-01-30 00:00:00-05:00,14.399999618530273,14.489999771118164,13.970000267028809,14.0,98500,0.0,0.0
2023-01-31 00:00:00-05:00,14.109999656677246,14.289999961853027,14.079999923706055,14.260000228881836,133000,0.0,0.0
2023-02-01 00:00:00-05:00,14.300000190734863,14.40999984741211,14.109999656677246,14.319999694824219,142900,0.0,0.0
2023-02-02 00:00:00-05:00,14.619999885559082,14.630000114440918,14.3100004196167,14.630000114440918,102200,0.0,0.0
2023-02-03 00:00:00-05:00,14.630000114440918,14.770000457763672,14.579999923706055,14.640000343322754,89200,0.0,0.0
2023-02-06 00:00:00-05:00,14.680000305175781,14.9399995803833,14.640000343322754,14.800000190734863,106200,0.0,0.0
2023-02-07 00:00:00-05:00,14.779999732971191,15.140000343322754,14.779999732971191,14.970000267028809,153300,0.0,0.0
2023-02-08 00:00:00-05:00,14.979999542236328,15.010000228881836,14.899999618530273,14.90999984741211,71100,0.0,0.0
2023-02-09 00:00:00-05:00,14.979999542236328,15.140000343322754,14.779999732971191,14.779999732971191,92700,0.0,0.0
2023-02-10 00:00:00-05:00,14.739999771118164,15.079999923706055,14.739999771118164,14.979999542236328,52300,0.0,0.0
2023-02-13 00:00:00-05:00,15.020000457763672,15.350000381469727,14.949999809265137,15.140000343322754,98800,0.0,0.0
2023-02-14 00:00:00-05:00,15.170000076293945,15.479999542236328,15.170000076293945,15.369999885559082,124700,0.0,0.0
2023-02-15 00:00:00-05:00,15.5,15.6899995803833,15.34000015258789,15.529999732971191,128900,0.0,0.0
2023-02-16 00:00:00-05:00,15.510000228881836,15.729999542236328,15.449999809265137,15.489999771118164,122600,0.0,0.0
2023-02-17 00:00:00-05:00,15.529999732971191,15.710000038146973,15.40999984741211,15.6899995803833,84500,0.0,0.0
2023-02-21 00:00:00-05:00,15.569999694824219,15.649999618530273,15.199999809265137,15.350000381469727,124800,0.0,0.0
2023-02-22 00:00:00-05:00,15.399999618530273,15.569999694824219,15.319999694824219,15.5,84500,0.0,0.0
2023-02-23 00:00:00-05:00,15.579999923706055,15.960000038146973,15.520000457763672,15.890000343322754,113500,0.0,0.0
2023-02-24 00:00:00-05:00,15.890000343322754,16.079999923706055,15.800000190734863,15.970000267028809,92600,0.0,0.0
2023-02-27 00:00:00-05:00,15.970000267028809,16.030000686645508,15.760000228881836,15.760000228881836,138600,0.0,0.0
2023-02-28 00:00:00-05:00,15.770000457763672,15.949999809265137,15.619999885559082,15.680000305175781,129000,0.0,0.0
2023-03-01 00:00:00-05:00,15.619999885559082,15.670000076293945,15.100000381469727,15.569999694824219,165500,0.0,0.0
2023-03-02 00:00:00-05:00,14.75,15.25,14.59000015258789,14.920000076293945,280700,0.0,0.0
2023-03-03 00:00:00-05:00,15.15999984741211,15.329999923706055,14.949999809265137,15.180000305175781,146500,0.0,0.0
2023-03-06 00:00:00-05:00,15.300000190734863,15.529999732971191,15.149999618530273,15.239999771118164,146100,0.0,0.0
2023-03-07 00:00:00-05:00,15.260000228881836,15.390000343322754,14.789999961853027,14.979999542236328,141500,0.0,0.0
2023-03-08 00:00:00-05:00,15.029999732971191,15.100000381469727,14.960000038146973,15.079999923706055,114300,0.0,0.0
2023-03-09 00:00:00-05:00,15.050000190734863,15.130000114440918,14.489999771118164,14.539999961853027,190400,0.0,0.0
2023-03-10 00:00:00-05:00,14.40999984741211,14.5,13.850000381469727,13.920000076293945,216900,0.0,0.0
2023-03-13 00:00:00-04:00,13.819999694824219,14.149999618530273,13.420000076293945,14.020000457763672,167200,0.0,0.0
2023-03-14 00:00:00-04:00,14.300000190734863,14.680000305175781,14.079999923706055,14.270000457763672,133800,0.0,0.0
2023-03-15 00:00:00-04:00,14.050000190734863,14.119999885559082,13.770000457763672,14.0,152700,0.0,0.0
2023-03-16 00:00:00-04:00,13.9399995803833,14.229999542236328,13.699999809265137,14.010000228881836,213100,0.0,0.0
2023-03-17 00:00:00-04:00,13.970000267028809,14.020000457763672,13.600000381469727,13.789999961853027,168600,0.0,0.0
2023-03-20 00:00:00-04:00,13.869999885559082,14.0600004196167,13.850000381469727,13.960000038146973,79400,0.0,0.0
2023-03-21 00:00:00-04:00,14.15999984741211,14.210000038146973,13.979999542236328,14.050000190734863,86500,0.0,0.0
2023-03-22 00:00:00-04:00,14.119999885559082,14.140000343322754,13.899999618530273,13.920000076293945,77500,0.0,0.0
2023-03-23 00:00:00-04:00,13.970000267028809,14.199999809265137,13.859999656677246,13.970000267028809,100400,0.0,0.0
2023-03-24 00:00:00-04:00,13.920000076293945,14.119999885559082,13.859999656677246,14.069999694824219,94200,0.0,0.0
2023-03-27 00:00:00-04:00,14.210000038146973,14.300000190734863,14.109999656677246,14.170000076293945,104900,0.0,0.0
2023-03-28 00:00:00-04:00,14.220000267028809,14.25,14.109999656677246,14.140000343322754,80400,0.0,0.0
2023-03-29 00:00:00-04:00,14.199999809265137,14.329999923706055,14.039999961853027,14.09000015258789,126700,0.0,0.0
2023-03-30 00:00:00-04:00,14.039999961853027,14.140000343322754,13.930000305175781,13.989999771118164,90000,0.0,0.0
2023-03-31 00:00:00-04:00,13.989999771118164,14.140000343322754,13.989999771118164,14.09000015258789,142500,0.0,0.0
2023-04-03 00:00:00-04:00,14.100000381469727,14.239999771118164,13.899999618530273,14.010000228881836,111300,0.0,0.0
2023-04-04 00:00:00-04:00,14.109999656677246,14.109999656677246,13.8100004196167,13.9399995803833,72000,0.0,0.0
2023-04-05 00:00:00-04:00,13.970000267028809,14.130000114440918,13.930000305175781,13.930000305175781,127000,0.0,0.0
2023-04-06 00:00:00-04:00,13.949999809265137,13.960000038146973,13.649999618530273,13.819999694824219,206400,0.0,0.0
2023-04-10 00:00:00-04:00,13.739999771118164,14.0,13.539999961853027,13.640000343322754,137600,0.0,0.0
2023-04-11 00:00:00-04:00,13.729999542236328,13.789999961853027,13.600000381469727,13.6899995803833,116500,0.0,0.0
2023-04-12 00:00:00-04:00,13.770000457763672,13.829999923706055,13.619999885559082,13.75,111500,0.0,0.0
2023-04-13 00:00:00-04:00,13.710000038146973,13.8100004196167,13.649999618530273,13.760000228881836,126600,0.0,0.0
2023-04-14 00:00:00-04:00,13.84000015258789,13.880000114440918,13.539999961853027,13.770000457763672,158700,0.0,0.0
2023-04-17 00:00:00-04:00,13.789999961853027,13.90999984741211,13.770000457763672,13.859999656677246,110800,0.0,0.0
2023-04-18 00:00:00-04:00,13.890000343322754,13.899999618530273,13.710000038146973,13.75,93400,0.0,0.0
2023-04-19 00:00:00-04:00,13.760000228881836,13.850000381469727,13.720000267028809,13.779999732971191,154900,0.0,0.0
2023-04-20 00:00:00-04:00,13.75,13.800000190734863,13.729999542236328,13.729999542236328,93000,0.0,0.0
2023-04-21 00:00:00-04:00,13.75,14.4399995803833,13.75,14.390000343322754,174700,0.0,0.0
2023-04-24 00:00:00-04:00,14.390000343322754,14.680000305175781,14.319999694824219,14.529999732971191,123900,0.0,0.0
2023-04-25 00:00:00-04:00,14.520000457763672,14.65999984741211,14.420000076293945,14.529999732971191,69800,0.0,0.0
2023-04-26 00:00:00-04:00,14.470000267028809,14.770000457763672,14.470000267028809,14.600000381469727,106400,0.0,0.0
2023-04-27 00:00:00-04:00,14.600000381469727,14.930000305175781,14.600000381469727,14.739999771118164,120300,0.0,0.0
2023-04-28 00:00:00-04:00,14.539999961853027,14.789999961853027,14.539999961853027,14.539999961853027,67000,0.0,0.0
2023-05-01 00:00:00-04:00,14.539999961853027,14.6899995803833,14.399999618530273,14.449999809265137,105100,0.0,0.0
2023-05-02 00:00:00-04:00,14.420000076293945,14.4399995803833,14.050000190734863,14.319999694824219,125000,0.0,0.0
2023-05-03 00:00:00-04:00,14.319999694824219,14.430000305175781,14.239999771118164,14.270000457763672,44700,0.0,0.0
2023-05-04 00:00:00-04:00,14.210000038146973,14.210000038146973,13.960000038146973,14.029999732971191,73000,0.0,0.0
2023-05-05 00:00:00-04:00,14.029999732971191,14.350000381469727,14.029999732971191,14.329999923706055,116600,0.0,0.0
2023-05-08 00:00:00-04:00,14.369999885559082,14.859999656677246,14.369999885559082,14.84000015258789,153900,0.0,0.0
2023-05-09 00:00:00-04:00,14.75,15.079999923706055,14.630000114440918,14.949999809265137,95600,0.0,0.0
2023-05-10 00:00:00-04:00,14.949999809265137,15.020000457763672,14.520000457763672,14.720000267028809,91200,0.0,0.0
2023-05-11 00:00:00-04:00,14.75,14.949999809265137,14.630000114440918,14.670000076293945,91200,0.0,0.0
2023-05-12 00:00:00-04:00,14.739999771118164,14.789999961853027,14.65999984741211,14.699999809265137,123700,0.0,0.0
2023-05-15 00:00:00-04:00,14.789999961853027,15.100000381469727,14.739999771118164,14.899999618530273,161400,0.0,0.0
2023-05-16 00:00:00-04:00,14.859999656677246,15.0,14.710000038146973,14.729999542236328,69200,0.0,0.0
2023-05-17 00:00:00-04:00,14.829999923706055,14.90999984741211,14.739999771118164,14.779999732971191,138400,0.0,0.0
2023-05-18 00:00:00-04:00,14.779999732971191,14.890000343322754,14.739999771118164,14.850000381469727,142500,0.0,0.0
2023-05-19 00:00:00-04:00,14.850000381469727,15.069999694824219,14.829999923706055,15.0,142400,0.0,0.0
2023-05-22 00:00:00-04:00,15.029999732971191,15.039999961853027,14.680000305175781,14.75,148200,0.0,0.0
2023-05-23 00:00:00-04:00,14.770000457763672,14.819999694824219,14.510000228881836,14.529999732971191,172900,0.0,0.0
2023-05-24 00:00:00-04:00,14.529999732971191,14.539999961853027,14.199999809265137,14.260000228881836,258300,0.0,0.0
2023-05-25 00:00:00-04:00,14.130000114440918,14.229999542236328,14.029999732971191,14.100000381469727,189400,0.0,0.0
2023-05-26 00:00:00-04:00,14.020000457763672,14.09000015258789,13.859999656677246,13.960000038146973,236200,0.0,0.0
2023-05-30 00:00:00-04:00,13.829999923706055,14.020000457763672,13.710000038146973,13.859999656677246,137000,0.0,0.0
2023-05-31 00:00:00-04:00,13.880000114440918,13.880000114440918,13.649999618530273,13.699999809265137,92700,0.0,0.0
2023-06-01 00:00:00-04:00,13.630000114440918,13.899999618530273,13.569999694824219,13.869999885559082,107500,0.0,0.0
2023-06-02 00:00:00-04:00,13.930000305175781,14.050000190734863,13.779999732971191,13.920000076293945,94400,0.0,0.0
2023-06-05 00:00:00-04:00,13.960000038146973,14.039999961853027,13.729999542236328,13.850000381469727,134300,0.0,0.0
2023-06-06 00:00:00-04:00,13.819999694824219,14.039999961853027,13.819999694824219,13.869999885559082,89500,0.0,0.0
2023-06-07 00:00:00-04:00,13.920000076293945,13.989999771118164,13.699999809265137,13.859999656677246,940500,0.0,0.0
2023-06-08 00:00:00-04:00,13.84000015258789,13.9399995803833,13.800000190734863,13.850000381469727,241200,0.0,0.0
2023-06-09 00:00:00-04:00,13.890000343322754,13.960000038146973,13.800000190734863,13.9399995803833,138400,0.0,0.0
2023-06-12 00:00:00-04:00,13.949999809265137,13.970000267028809,13.850000381469727,13.920000076293945,189700,0.0,0.0
2023-06-13 00:00:00-04:00,13.90999984741211,14.0,13.869999885559082,13.899999618530273,124900,0.0,0.0
2023-06-14 00:00:00-04:00,13.890000343322754,13.979999542236328,13.84000015258789,13.880000114440918,131500,0.0,0.0
2023-06-15 00:00:00-04:00,13.890000343322754,14.020000457763672,13.880000114440918,14.020000457763672,151000,0.0,0.0
2023-06-16 00:00:00-04:00,13.979999542236328,14.0600004196167,13.9399995803833,14.0,177800,0.0,0.0
2023-06-20 00:00:00-04:00,13.949999809265137,14.170000076293945,13.880000114440918,14.130000114440918,483800,0.0,0.0
2023-06-21 00:00:00-04:00,14.170000076293945,14.369999885559082,14.09000015258789,14.199999809265137,179500,0.0,0.0
2023-06-22 00:00:00-04:00,14.239999771118164,14.239999771118164,14.079999923706055,14.149999618530273,121300,0.0,0.0
2023-06-23 00:00:00-04:00,14.109999656677246,14.119999885559082,13.960000038146973,13.970000267028809,123700,0.0,0.0
2023-06-26 00:00:00-04:00,14.0,14.180000305175781,14.0,14.149999618530273,96500,0.0,0.0
2023-06-27 00:00:00-04:00,14.170000076293945,14.289999961853027,14.109999656677246,14.119999885559082,120100,0.0,0.0
2023-06-28 00:00:00-04:00,14.109999656677246,14.25,14.079999923706055,14.199999809265137,119600,0.0,0.0
2023-06-29 00:00:00-04:00,14.100000381469727,14.199999809265137,14.029999732971191,14.140000343322754,57600,0.0,0.0
2023-06-30 00:00:00-04:00,14.180000305175781,14.220000267028809,14.010000228881836,14.069999694824219,68400,0.0,0.0
2023-07-03 00:00:00-04:00,14.119999885559082,14.25,14.079999923706055,14.229999542236328,46600,0.0,0.0
2023-07-05 00:00:00-04:00,14.170000076293945,14.319999694824219,14.15999984741211,14.180000305175781,59800,0.0,0.0
2023-07-06 00:00:00-04:00,14.199999809265137,14.300000190734863,14.050000190734863,14.279999732971191,55700,0.0,0.0
2023-07-07 00:00:00-04:00,14.300000190734863,14.40999984741211,14.25,14.34000015258789,90500,0.0,0.0
2023-07-10 00:00:00-04:00,14.3100004196167,14.430000305175781,14.270000457763672,14.359999656677246,48900,0.0,0.0
2023-07-11 00:00:00-04:00,14.40999984741211,14.4399995803833,14.260000228881836,14.3100004196167,75500,0.0,0.0
2023-07-12 00:00:00-04:00,14.359999656677246,14.399999618530273,14.25,14.270000457763672,81300,0.0,0.0
2023-07-13 00:00:00-04:00,14.34000015258789,14.390000343322754,14.25,14.390000343322754,77600,0.0,0.0
2023-07-14 00:00:00-04:00,14.34000015258789,14.630000114440918,14.260000228881836,14.470000267028809,147900,0.0,0.0
2023-07-17 00:00:00-04:00,14.5,14.829999923706055,14.489999771118164,14.640000343322754,114900,0.0,0.0
2023-07-18 00:00:00-04:00,14.710000038146973,14.880000114440918,14.6899995803833,14.760000228881836,79400,0.0,0.0
2023-07-19 00:00:00-04:00,14.770000457763672,14.819999694824219,14.649999618530273,14.729999542236328,121600,0.0,0.0
2023-07-20 00:00:00-04:00,14.760000228881836,14.8100004196167,14.529999732971191,14.640000343322754,103700,0.0,0.0
2023-07-21 00:00:00-04:00,14.640000343322754,14.789999961853027,14.550000190734863,14.75,104400,0.0,0.0
2023-07-24 00:00:00-04:00,14.829999923706055,15.119999885559082,14.75,15.039999961853027,120700,0.0,0.0
2023-07-25 00:00:00-04:00,15.029999732971191,15.15999984741211,14.949999809265137,14.960000038146973,86400,0.0,0.0
2023-07-26 00:00:00-04:00,14.949999809265137,15.270000457763672,14.850000381469727,15.270000457763672,118700,0.0,0.0
2023-07-27 00:00:00-04:00,15.300000190734863,15.350000381469727,15.130000114440918,15.130000114440918,132100,0.0,0.0
2023-07-28 00:00:00-04:00,15.069999694824219,15.210000038146973,15.0,15.069999694824219,95200,0.0,0.0
2023-07-31 00:00:00-04:00,15.180000305175781,15.3100004196167,15.020000457763672,15.039999961853027,75600,0.0,0.0
2023-08-01 00:00:00-04:00,15.050000190734863,15.210000038146973,14.949999809265137,15.039999961853027,94300,0.0,0.0
2023-08-02 00:00:00-04:00,14.989999771118164,15.109999656677246,14.949999809265137,15.010000228881836,58200,0.0,0.0
2023-08-03 00:00:00-04:00,14.979999542236328,15.020000457763672,14.899999618530273,14.920000076293945,64000,0.0,0.0
2023-08-04 00:00:00-04:00,14.949999809265137,15.220000267028809,14.920000076293945,15.010000228881836,90100,0.0,0.0
2023-08-07 00:00:00-04:00,15.289999961853027,15.399999618530273,15.069999694824219,15.100000381469727,117100,0.0,0.0
2023-08-08 00:00:00-04:00,15.039999961853027,15.210000038146973,14.90999984741211,15.140000343322754,95300,0.0,0.0
2023-08-09 00:00:00-04:00,15.15999984741211,15.25,15.010000228881836,15.119999885559082,66800,0.0,0.0
2023-08-10 00:00:00-04:00,15.119999885559082,15.1899995803833,14.460000038146973,14.489999771118164,192500,0.0,0.0
2023-08-11 00:00:00-04:00,14.6899995803833,14.899999618530273,14.6899995803833,14.829999923706055,79500,0.0,0.0
2023-08-14 00:00:00-04:00,14.5,14.600000381469727,13.859999656677246,14.300000190734863,323600,0.0,0.0
2023-08-15 00:00:00-04:00,14.260000228881836,14.4399995803833,14.1899995803833,14.220000267028809,169900,0.0,0.0
2023-08-16 00:00:00-04:00,14.199999809265137,14.329999923706055,14.010000228881836,14.020000457763672,144300,0.0,0.0
2023-08-17 00:00:00-04:00,14.0600004196167,14.119999885559082,13.890000343322754,13.9399995803833,95800,0.0,0.0
2023-08-18 00:00:00-04:00,13.90999984741211,14.0600004196167,13.899999618530273,14.020000457763672,81000,0.0,0.0
2023-08-21 00:00:00-04:00,14.039999961853027,14.149999618530273,14.029999732971191,14.119999885559082,92500,0.0,0.0
2023-08-22 00:00:00-04:00,14.140000343322754,14.25,14.0,14.010000228881836,121600,0.0,0.0
2023-08-23 00:00:00-04:00,14.119999885559082,14.270000457763672,14.050000190734863,14.1899995803833,148300,0.0,0.0
2023-08-24 00:00:00-04:00,14.149999618530273,14.229999542236328,13.970000267028809,14.050000190734863,158600,0.0,0.0
2023-08-25 00:00:00-04:00,14.09000015258789,14.09000015258789,13.979999542236328,14.020000457763672,179600,0.0,0.0
2023-08-28 00:00:00-04:00,14.100000381469727,14.180000305175781,13.970000267028809,13.989999771118164,165400,0.0,0.0
2023-08-29 00:00:00-04:00,14.020000457763672,14.020000457763672,13.859999656677246,14.0,168700,0.0,0.0
2023-08-30 00:00:00-04:00,13.850000381469727,14.020000457763672,13.8100004196167,13.930000305175781,104500,0.0,0.0
2023-08-31 00:00:00-04:00,13.979999542236328,13.979999542236328,13.829999923706055,13.90999984741211,100500,0.0,0.0
2023-09-01 00:00:00-04:00,13.84000015258789,14.0,13.84000015258789,13.970000267028809,74500,0.0,0.0
2023-09-05 00:00:00-04:00,13.949999809265137,14.0,13.8100004196167,13.819999694824219,69800,0.0,0.0
2023-09-06 00:00:00-04:00,13.8100004196167,13.84000015258789,13.649999618530273,13.75,72100,0.0,0.0
2023-09-07 00:00:00-04:00,13.800000190734863,13.989999771118164,13.760000228881836,13.949999809265137,57900,0.0,0.0
2023-09-08 00:00:00-04:00,13.949999809265137,14.0,13.850000381469727,13.9399995803833,106900,0.0,0.0
2023-09-11 00:00:00-04:00,13.899999618530273,14.020000457763672,13.899999618530273,13.979999542236328,89200,0.0,0.0
2023-09-12 00:00:00-04:00,13.960000038146973,14.010000228881836,13.899999618530273,13.970000267028809,56200,0.0,0.0
2023-09-13 00:00:00-04:00,14.020000457763672,14.050000190734863,13.920000076293945,13.9399995803833,106300,0.0,0.0
2023-09-14 00:00:00-04:00,14.050000190734863,14.050000190734863,13.90999984741211,13.9399995803833,172800,0.0,0.0
2023-09-15 00:00:00-04:00,14.020000457763672,14.020000457763672,13.869999885559082,13.899999618530273,325400,0.0,0.0
2023-09-18 00:00:00-04:00,13.890000343322754,14.25,13.84000015258789,14.149999618530273,1684600,0.0,0.0
2023-09-19 00:00:00-04:00,14.199999809265137,14.239999771118164,14.09000015258789,14.229999542236328,490000,0.0,0.0
2023-09-20 00:00:00-04:00,14.25,14.260000228881836,14.020000457763672,14.109999656677246,175300,0.0,0.0
2023-09-21 00:00:00-04:00,14.069999694824219,14.09000015258789,13.949999809265137,13.970000267028809,122200,0.0,0.0
2023-09-22 00:00:00-04:00,14.029999732971191,14.1899995803833,14.0,14.050000190734863,119300,0.0,0.0
2023-09-25 00:00:00-04:00,14.069999694824219,14.140000343322754,13.989999771118164,14.050000190734863,243300,0.0,0.0
2023-09-26 00:00:00-04:00,14.069999694824219,14.069999694824219,13.640000343322754,13.670000076293945,372600,0.0,0.0
2023-09-27 00:00:00-04:00,13.789999961853027,13.880000114440918,13.6899995803833,13.75,247700,0.0,0.0
2023-09-28 00:00:00-04:00,13.640000343322754,13.770000457763672,13.59000015258789,13.699999809265137,298400,0.0,0.0
2023-09-29 00:00:00-04:00,13.8100004196167,13.890000343322754,13.569999694824219,13.600000381469727,200800,0.0,0.0
2023-10-02 00:00:00-04:00,13.600000381469727,13.6899995803833,13.449999809265137,13.529999732971191,414600,0.0,0.0
2023-10-03 00:00:00-04:00,13.470000267028809,13.529999732971191,13.229999542236328,13.279999732971191,373600,0.0,0.0
2023-10-04 00:00:00-04:00,13.270000457763672,13.369999885559082,12.869999885559082,12.989999771118164,373600,0.0,0.0
2023-10-05 00:00:00-04:00,12.9399995803833,13.15999984741211,12.9399995803833,13.109999656677246,113000,0.0,0.0
2023-10-06 00:00:00-04:00,12.960000038146973,13.220000267028809,12.9399995803833,13.149999618530273,93400,0.0,0.0
2023-10-09 00:00:00-04:00,13.180000305175781,13.430000305175781,13.180000305175781,13.369999885559082,73100,0.0,0.0
2023-10-10 00:00:00-04:00,13.4399995803833,13.619999885559082,13.4399995803833,13.520000457763672,94200,0.0,0.0
2023-10-11 00:00:00-04:00,13.550000190734863,13.5600004196167,13.329999923706055,13.390000343322754,198600,0.0,0.0
2023-10-12 00:00:00-04:00,13.420000076293945,13.470000267028809,13.270000457763672,13.289999961853027,106100,0.0,0.0
2023-10-13 00:00:00-04:00,13.390000343322754,13.420000076293945,13.279999732971191,13.369999885559082,107800,0.0,0.0
2023-10-16 00:00:00-04:00,13.489999771118164,13.640000343322754,13.430000305175781,13.630000114440918,107300,0.0,0.0
2023-10-17 00:00:00-04:00,13.640000343322754,13.770000457763672,13.600000381469727,13.729999542236328,89400,0.0,0.0
2023-10-18 00:00:00-04:00,13.699999809265137,13.770000457763672,13.550000190734863,13.569999694824219,74900,0.0,0.0
2023-10-19 00:00:00-04:00,13.569999694824219,13.609999656677246,13.390000343322754,13.40999984741211,127500,0.0,0.0
2023-10-20 00:00:00-04:00,13.350000381469727,13.479999542236328,13.15999984741211,13.15999984741211,89200,0.0,0.0
2023-10-23 00:00:00-04:00,13.15999984741211,13.199999809265137,12.800000190734863,12.859999656677246,175900,0.0,0.0
2023-10-24 00:00:00-04:00,12.890000343322754,13.0600004196167,12.890000343322754,12.930000305175781,63400,0.0,0.0
2023-10-25 00:00:00-04:00,12.899999618530273,13.0,12.670000076293945,12.710000038146973,126900,0.0,0.0
2023-10-26 00:00:00-04:00,12.720000267028809,12.859999656677246,12.529999732971191,12.59000015258789,111000,0.0,0.0
2023-10-27 00:00:00-04:00,12.600000381469727,12.6899995803833,12.279999732971191,12.34000015258789,144600,0.0,0.0
2023-10-30 00:00:00-04:00,12.380000114440918,12.4399995803833,12.199999809265137,12.369999885559082,128300,0.0,0.0
2023-10-31 00:00:00-04:00,12.420000076293945,12.539999961853027,12.380000114440918,12.5,85900,0.0,0.0
2023-11-01 00:00:00-04:00,12.460000038146973,12.670000076293945,12.430000305175781,12.59000015258789,106400,0.0,0.0
2023-11-02 00:00:00-04:00,12.65999984741211,13.100000381469727,12.65999984741211,12.989999771118164,160800,0.0,0.0
2023-11-03 00:00:00-04:00,13.079999923706055,13.359999656677246,13.069999694824219,13.289999961853027,90700,0.0,0.0
2023-11-06 00:00:00-05:00,13.369999885559082,13.369999885559082,13.100000381469727,13.130000114440918,105000,0.0,0.0
2023-11-07 00:00:00-05:00,13.079999923706055,13.140000343322754,12.979999542236328,13.050000190734863,63800,0.0,0.0
2023-11-08 00:00:00-05:00,13.0,13.0,12.34000015258789,12.430000305175781,214400,0.0,0.0
2023-11-09 00:00:00-05:00,12.489999771118164,12.850000381469727,12.449999809265137,12.449999809265137,105400,0.0,0.0
2023-11-10 00:00:00-05:00,12.460000038146973,12.569999694824219,12.430000305175781,12.520000457763672,81100,0.0,0.0
2023-11-13 00:00:00-05:00,12.479999542236328,12.729999542236328,12.479999542236328,12.670000076293945,96100,0.0,0.0
2023-11-14 00:00:00-05:00,12.869999885559082,12.9399995803833,12.710000038146973,12.770000457763672,121100,0.0,0.0
2023-11-15 00:00:00-05:00,12.920000076293945,13.039999961853027,12.850000381469727,12.930000305175781,120300,0.0,0.0
2023-11-16 00:00:00-05:00,12.930000305175781,13.0,12.670000076293945,12.6899995803833,93200,0.0,0.0
2023-11-17 00:00:00-05:00,12.75,12.819999694824219,12.6899995803833,12.739999771118164,111300,0.0,0.0
2023-11-20 00:00:00-05:00,12.779999732971191,12.880000114440918,12.75,12.8100004196167,95000,0.0,0.0
2023-11-21 00:00:00-05:00,12.850000381469727,12.9399995803833,12.779999732971191,12.800000190734863,71700,0.0,0.0
2023-11-22 00:00:00-05:00,12.859999656677246,12.9399995803833,12.800000190734863,12.869999885559082,86200,0.0,0.0
2023-11-24 00:00:00-05:00,12.970000267028809,13.020000457763672,12.90999984741211,12.930000305175781,61900,0.0,0.0
2023-11-27 00:00:00-05:00,12.949999809265137,13.039999961853027,12.859999656677246,12.920000076293945,99600,0.0,0.0
2023-11-28 00:00:00-05:00,12.949999809265137,13.0,12.890000343322754,12.970000267028809,128100,0.0,0.0
2023-11-29 00:00:00-05:00,12.850000381469727,12.9399995803833,12.699999809265137,12.720000267028809,125000,0.0,0.0
2023-11-30 00:00:00-05:00,12.75,12.890000343322754,12.699999809265137,12.779999732971191,115200,0.0,0.0
2023-12-01 00:00:00-05:00,12.760000228881836,12.880000114440918,12.720000267028809,12.829999923706055,78900,0.0,0.0
2023-12-04 00:00:00-05:00,12.819999694824219,12.979999542236328,12.819999694824219,12.930000305175781,97100,0.0,0.0
2023-12-05 00:00:00-05:00,12.859999656677246,13.0,12.850000381469727,12.890000343322754,80200,0.0,0.0
2023-12-06 00:00:00-05:00,12.890000343322754,13.050000190734863,12.710000038146973,12.729999542236328,124200,0.0,0.0
2023-12-07 00:00:00-05:00,12.729999542236328,12.84000015258789,12.65999984741211,12.75,151000,0.0,0.0
2023-12-08 00:00:00-05:00,12.800000190734863,12.90999984741211,12.720000267028809,12.890000343322754,79700,0.0,0.0
2023-12-11 00:00:00-05:00,12.819999694824219,12.890000343322754,12.619999885559082,12.619999885559082,182400,0.0,0.0
2023-12-12 00:00:00-05:00,12.680000305175781,12.760000228881836,12.630000114440918,12.65999984741211,63000,0.0,0.0
2023-12-13 00:00:00-05:00,12.649999618530273,12.90999984741211,12.619999885559082,12.90999984741211,156300,0.0,0.0
2023-12-14 00:00:00-05:00,12.930000305175781,13.0,12.859999656677246,12.920000076293945,183700,0.0,0.0
2023-12-15 00:00:00-05:00,12.84000015258789,12.890000343322754,12.65999984741211,12.6899995803833,146600,0.0,0.0
2023-12-18 00:00:00-05:00,12.729999542236328,12.84000015258789,12.640000343322754,12.789999961853027,164900,0.0,0.0
2023-12-19 00:00:00-05:00,12.8100004196167,12.850000381469727,12.760000228881836,12.8100004196167,111800,0.0,0.0
2023-12-20 00:00:00-05:00,12.789999961853027,12.899999618530273,12.699999809265137,12.699999809265137,91400,0.0,0.0
2023-12-21 00:00:00-05:00,12.710000038146973,12.779999732971191,12.59000015258789,12.649999618530273,130200,0.0,0.0
2023-12-22 00:00:00-05:00,12.699999809265137,12.850000381469727,12.680000305175781,12.720000267028809,102300,0.0,0.0
2023-12-26 00:00:00-05:00,12.699999809265137,12.770000457763672,12.680000305175781,12.760000228881836,95100,0.0,0.0
2023-12-27 00:00:00-05:00,12.760000228881836,12.899999618530273,12.699999809265137,12.8100004196167,94400,0.0,0.0
2023-12-28 00:00:00-05:00,12.84000015258789,12.90999984741211,12.800000190734863,12.890000343322754,95000,0.0,0.0
2023-12-29 00:00:00-05:00,12.930000305175781,13.0,12.800000190734863,12.850000381469727,145500,0.0,0.0
2024-01-02 00:00:00-05:00,12.859999656677246,12.960000038146973,12.800000190734863,12.869999885559082,122400,0.0,0.0
2024-01-03 00:00:00-05:00,12.850000381469727,13.050000190734863,12.8100004196167,12.960000038146973,121200,0.0,0.0
2024-01-04 00:00:00-05:00,12.9399995803833,13.350000381469727,12.9399995803833,13.350000381469727,99600,0.0,0.0
2024-01-05 00:00:00-05:00,13.329999923706055,13.470000267028809,13.319999694824219,13.390000343322754,125500,0.0,0.0
2024-01-08 00:00:00-05:00,13.100000381469727,13.369999885559082,13.100000381469727,13.199999809265137,189700,0.0,0.0
2024-01-09 00:00:00-05:00,13.130000114440918,13.220000267028809,13.079999923706055,13.1899995803833,83400,0.0,0.0
2024-01-10 00:00:00-05:00,13.119999885559082,13.300000190734863,13.119999885559082,13.149999618530273,87700,0.0,0.0
2024-01-11 00:00:00-05:00,13.100000381469727,13.210000038146973,12.949999809265137,13.010000228881836,119800,0.0,0.0
2024-01-12 00:00:00-05:00,13.050000190734863,13.149999618530273,12.979999542236328,13.029999732971191,75100,0.0,0.0
2024-01-16 00:00:00-05:00,13.0,13.09000015258789,12.880000114440918,12.930000305175781,184700,0.0,0.0
2024-01-17 00:00:00-05:00,12.890000343322754,13.010000228881836,12.859999656677246,12.970000267028809,82900,0.0,0.0
2024-01-18 00:00:00-05:00,12.989999771118164,13.039999961853027,12.90999984741211,13.029999732971191,84200,0.0,0.0
2024-01-19 00:00:00-05:00,13.09000015258789,13.09000015258789,12.880000114440918,13.069999694824219,127200,0.0,0.0
2024-01-22 00:00:00-05:00,13.130000114440918,13.260000228881836,13.119999885559082,13.239999771118164,135000,0.0,0.0
2024-01-23 00:00:00-05:00,13.270000457763672,13.40999984741211,13.25,13.369999885559082,74400,0.0,0.0
2024-01-24 00:00:00-05:00,13.5,13.5,13.270000457763672,13.270000457763672,107200,0.0,0.0
2024-01-25 00:00:00-05:00,13.359999656677246,13.369999885559082,13.15999984741211,13.3100004196167,107800,0.0,0.0
2024-01-26 00:00:00-05:00,13.359999656677246,13.489999771118164,13.350000381469727,13.479999542236328,65400,0.0,0.0
2024-01-29 00:00:00-05:00,13.5,13.550000190734863,13.369999885559082,13.4399995803833,152800,0.0,0.0
2024-01-30 00:00:00-05:00,13.260000228881836,13.350000381469727,13.170000076293945,13.199999809265137,84500,0.0,0.0
2024-01-31 00:00:00-05:00,13.149999618530273,13.210000038146973,12.9399995803833,12.9399995803833,139800,0.0,0.0
2024-02-01 00:00:00-05:00,13.039999961853027,13.0600004196167,12.710000038146973,12.979999542236328,152300,0.0,0.0
2024-02-02 00:00:00-05:00,13.0,13.029999732971191,12.800000190734863,12.84000015258789,114000,0.0,0.0
2024-02-05 00:00:00-05:00,12.800000190734863,12.850000381469727,12.640000343322754,12.680000305175781,221400,0.0,0.0
2024-02-06 00:00:00-05:00,12.649999618530273,12.739999771118164,12.510000228881836,12.619999885559082,103900,0.0,0.0
2024-02-07 00:00:00-05:00,12.550000190734863,12.670000076293945,12.479999542236328,12.619999885559082,158000,0.0,0.0
2024-02-08 00:00:00-05:00,12.569999694824219,12.819999694824219,12.569999694824219,12.739999771118164,98700,0.0,0.0
2024-02-09 00:00:00-05:00,12.770000457763672,12.819999694824219,12.680000305175781,12.6899995803833,70500,0.0,0.0
2024-02-12 00:00:00-05:00,12.75,12.899999618530273,12.699999809265137,12.829999923706055,85000,0.0,0.0
2024-02-13 00:00:00-05:00,12.829999923706055,12.829999923706055,12.550000190734863,12.5600004196167,126000,0.0,0.0
2024-02-14 00:00:00-05:00,12.65999984741211,12.770000457763672,12.600000381469727,12.729999542236328,73200,0.0,0.0
2024-02-15 00:00:00-05:00,12.770000457763672,13.029999732971191,12.729999542236328,12.989999771118164,127700,0.0,0.0
2024-02-16 00:00:00-05:00,12.989999771118164,13.119999885559082,12.899999618530273,12.989999771118164,104400,0.0,0.0
2024-02-20 00:00:00-05:00,12.920000076293945,13.09000015258789,12.920000076293945,13.010000228881836,81300,0.0,0.0
2024-02-21 00:00:00-05:00,13.0,13.069999694824219,12.949999809265137,12.970000267028809,109600,0.0,0.0
2024-02-22 00:00:00-05:00,12.979999542236328,12.979999542236328,12.869999885559082,12.899999618530273,86000,0.0,0.0
2024-02-23 00:00:00-05:00,12.989999771118164,13.069999694824219,12.920000076293945,13.020000457763672,58100,0.0,0.0
2024-02-26 00:00:00-05:00,13.029999732971191,13.069999694824219,12.899999618530273,12.960000038146973,89500,0.0,0.0
2024-02-27 00:00:00-05:00,13.0,13.09000015258789,12.869999885559082,13.069999694824219,135200,0.0,0.0
2024-02-28 00:00:00-05:00,12.989999771118164,12.989999771118164,12.6899995803833,12.699999809265137,91700,0.0,0.0
2024-02-29 00:00:00-05:00,12.699999809265137,12.789999961853027,12.630000114440918,12.770000457763672,89600,0.0,0.0
2024-03-01 00:00:00-05:00,12.75,12.8100004196167,12.649999618530273,12.739999771118164,123800,0.0,0.0
2024-03-04 00:00:00-05:00,12.800000190734863,12.869999885559082,12.720000267028809,12.75,107600,0.0,0.0
2024-03-05 00:00:00-05:00,12.800000190734863,12.979999542236328,12.75,12.970000267028809,124700,0.0,0.0
2024-03-06 00:00:00-05:00,12.859999656677246,13.039999961853027,12.75,12.779999732971191,142500,0.0,0.0
2024-03-07 00:00:00-05:00,12.75,12.899999618530273,12.75,12.880000114440918,121700,0.0,0.0
2024-03-08 00:00:00-05:00,12.9399995803833,13.050000190734863,12.880000114440918,12.989999771118164,171000,0.0,0.0
2024-03-11 00:00:00-04:00,13.010000228881836,13.050000190734863,12.970000267028809,13.050000190734863,75500,0.0,0.0
2024-03-12 00:00:00-04:00,13.0600004196167,13.140000343322754,12.930000305175781,12.949999809265137,123800,0.0,0.0
2024-03-13 00:00:00-04:00,13.020000457763672,13.09000015258789,13.010000228881836,13.069999694824219,78200,0.0,0.0
2024-03-14 00:00:00-04:00,13.020000457763672,13.079999923706055,12.850000381469727,12.930000305175781,108500,0.0,0.0
2024-03-15 00:00:00-04:00,12.989999771118164,13.119999885559082,12.869999885559082,13.079999923706055,167300,0.0,0.0
2024-03-18 00:00:00-04:00,13.050000190734863,13.119999885559082,13.029999732971191,13.050000190734863,106100,0.0,0.0
2024-03-19 00:00:00-04:00,13.09000015258789,13.1899995803833,13.050000190734863,13.130000114440918,90400,0.0,0.0
2024-03-20 00:00:00-04:00,13.15999984741211,13.350000381469727,13.0600004196167,13.34000015258789,148500,0.0,0.0
2024-03-21 00:00:00-04:00,13.359999656677246,13.430000305175781,13.0600004196167,13.220000267028809,173100,0.0,0.0
2024-03-22 00:00:00-04:00,13.229999542236328,13.270000457763672,13.09000015258789,13.170000076293945,82900,0.0,0.0
2024-03-25 00:00:00-04:00,13.170000076293945,13.350000381469727,13.140000343322754,13.25,87300,0.0,0.0
2024-03-26 00:00:00-04:00,13.3100004196167,13.34000015258789,13.239999771118164,13.3100004196167,83100,0.0,0.0
2024-03-27 00:00:00-04:00,13.220000267028809,13.260000228881836,13.130000114440918,13.149999618530273,84400,0.0,0.0
2024-03-28 00:00:00-04:00,13.15999984741211,13.300000190734863,13.069999694824219,13.079999923706055,147500,0.0,0.0
2024-04-01 00:00:00-04:00,13.079999923706055,13.100000381469727,12.949999809265137,12.970000267028809,129400,0.0,0.0
2024-04-02 00:00:00-04:00,12.949999809265137,13.170000076293945,12.920000076293945,13.09000015258789,161700,0.0,0.0
2024-04-03 00:00:00-04:00,13.050000190734863,13.140000343322754,13.029999732971191,13.079999923706055,59100,0.0,0.0
2024-04-04 00:00:00-04:00,13.100000381469727,13.220000267028809,13.0,13.010000228881836,86500,0.0,0.0
2024-04-05 00:00:00-04:00,13.050000190734863,13.170000076293945,13.029999732971191,13.15999984741211,75800,0.0,0.0
2024-04-08 00:00:00-04:00,13.180000305175781,13.300000190734863,13.119999885559082,13.289999961853027,73900,0.0,0.0
2024-04-09 00:00:00-04:00,13.270000457763672,13.359999656677246,13.130000114440918,13.229999542236328,109000,0.0,0.0
2024-04-10 00:00:00-04:00,13.199999809265137,13.380000114440918,13.170000076293945,13.289999961853027,109500,0.0,0.0
2024-04-11 00:00:00-04:00,13.300000190734863,13.470000267028809,13.170000076293945,13.380000114440918,152100,0.0,0.0
2024-04-12 00:00:00-04:00,13.359999656677246,13.479999542236328,13.329999923706055,13.399999618530273,175300,0.0,0.0
2024-04-15 00:00:00-04:00,13.470000267028809,13.539999961853027,13.300000190734863,13.34000015258789,163800,0.0,0.0
2024-04-16 00:00:00-04:00,13.3100004196167,13.539999961853027,13.199999809265137,13.489999771118164,205500,0.0,0.0
2024-04-17 00:00:00-04:00,13.489999771118164,13.630000114440918,13.449999809265137,13.489999771118164,78500,0.0,0.0
2024-04-18 00:00:00-04:00,13.5600004196167,13.729999542236328,13.5600004196167,13.729999542236328,106300,0.0,0.0
2024-04-19 00:00:00-04:00,13.699999809265137,14.0,13.699999809265137,13.9399995803833,156500,0.0,0.0
2024-04-22 00:00:00-04:00,14.0,14.020000457763672,13.899999618530273,13.979999542236328,97900,0.0,0.0
2024-04-23 00:00:00-04:00,13.970000267028809,14.390000343322754,13.9399995803833,14.350000381469727,237500,0.0,0.0
2024-04-24 00:00:00-04:00,14.359999656677246,14.380000114440918,14.170000076293945,14.170000076293945,109300,0.0,0.0
2024-04-25 00:00:00-04:00,14.0600004196167,14.130000114440918,13.9399995803833,13.989999771118164,94100,0.0,0.0
2024-04-26 00:00:00-04:00,13.979999542236328,14.199999809265137,13.979999542236328,14.140000343322754,97900,0.0,0.0
2024-04-29 00:00:00-04:00,14.09000015258789,14.15999984741211,13.960000038146973,14.0,146100,0.0,0.0
2024-04-30 00:00:00-04:00,14.0,14.149999618530273,14.0,14.0600004196167,74900,0.0,0.0
2024-05-01 00:00:00-04:00,14.050000190734863,14.300000190734863,14.029999732971191,14.199999809265137,88100,0.0,0.0
2024-05-02 00:00:00-04:00,14.270000457763672,14.270000457763672,14.140000343322754,14.140000343322754,68900,0.0,0.0
2024-05-03 00:00:00-04:00,14.149999618530273,14.229999542236328,14.0,14.0,142900,0.0,0.0
2024-05-06 00:00:00-04:00,14.010000228881836,14.15999984741211,14.010000228881836,14.09000015258789,102500,0.0,0.0
2024-05-07 00:00:00-04:00,14.119999885559082,14.130000114440918,14.039999961853027,14.0600004196167,95800,0.0,0.0
2024-05-08 00:00:00-04:00,14.0600004196167,14.1899995803833,14.0600004196167,14.130000114440918,115000,0.0,0.0
2024-05-09 00:00:00-04:00,14.149999618530273,14.289999961853027,14.149999618530273,14.170000076293945,86000,0.0,0.0
2024-05-10 00:00:00-04:00,14.140000343322754,14.300000190734863,14.0600004196167,14.300000190734863,114400,0.0,0.0
2024-05-13 00:00:00-04:00,14.5,14.680000305175781,14.229999542236328,14.25,276400,0.0,0.0
2024-05-14 00:00:00-04:00,14.300000190734863,14.359999656677246,14.170000076293945,14.1899995803833,101300,0.0,0.0
2024-05-15 00:00:00-04:00,14.270000457763672,14.300000190734863,14.100000381469727,14.1899995803833,123700,0.0,0.0
2024-05-16 00:00:00-04:00,14.239999771118164,14.260000228881836,14.180000305175781,14.220000267028809,133000,0.0,0.0
2024-05-17 00:00:00-04:00,14.260000228881836,14.279999732971191,14.109999656677246,14.149999618530273,158400,0.0,0.0
2024-05-20 00:00:00-04:00,14.149999618530273,14.199999809265137,13.989999771118164,14.0,299000,0.0,0.0
2024-05-21 00:00:00-04:00,14.0,14.050000190734863,13.960000038146973,14.0,144900,0.0,0.0
2024-05-22 00:00:00-04:00,13.979999542236328,14.109999656677246,13.930000305175781,14.0,234600,0.0,0.0
2024-05-23 00:00:00-04:00,13.989999771118164,14.0,13.819999694824219,13.899999618530273,320900,0.0,0.0
2024-05-24 00:00:00-04:00,13.899999618530273,14.010000228881836,13.869999885559082,13.880000114440918,456100,0.0,0.0
2024-05-28 00:00:00-04:00,13.880000114440918,13.930000305175781,13.819999694824219,13.890000343322754,201500,0.0,0.0
2024-05-29 00:00:00-04:00,13.890000343322754,14.0600004196167,13.84000015258789,13.9399995803833,841400,0.0,0.0
2024-05-30 00:00:00-04:00,13.979999542236328,13.979999542236328,13.850000381469727,13.920000076293945,390400,0.0,0.0
2024-05-31 00:00:00-04:00,13.869999885559082,13.899999618530273,13.729999542236328,13.880000114440918,179700,0.0,0.0
2024-06-03 00:00:00-04:00,13.899999618530273,13.899999618530273,13.779999732971191,13.8100004196167,268600,0.0,0.0
2024-06-04 00:00:00-04:00,13.84000015258789,13.899999618530273,13.760000228881836,13.800000190734863,222100,0.0,0.0
2024-06-05 00:00:00-04:00,13.829999923706055,13.869999885559082,13.779999732971191,13.869999885559082,286600,0.0,0.0
2024-06-06 00:00:00-04:00,13.819999694824219,13.869999885559082,13.779999732971191,13.800000190734863,139100,0.0,0.0
2024-06-07 00:00:00-04:00,13.800000190734863,13.850000381469727,13.760000228881836,13.829999923706055,117100,0.0,0.0
2024-06-10 00:00:00-04:00,13.789999961853027,13.869999885559082,13.770000457763672,13.8100004196167,149600,0.0,0.0
2024-06-11 00:00:00-04:00,13.789999961853027,13.850000381469727,13.739999771118164,13.800000190734863,100600,0.0,0.0
2024-06-12 00:00:00-04:00,13.819999694824219,13.850000381469727,13.739999771118164,13.739999771118164,115900,0.0,0.0
2024-06-13 00:00:00-04:00,13.75,13.84000015258789,13.720000267028809,13.789999961853027,151200,0.0,0.0
2024-06-14 00:00:00-04:00,13.75,13.819999694824219,13.729999542236328,13.789999961853027,149700,0.0,0.0
2024-06-17 00:00:00-04:00,13.789999961853027,13.8100004196167,13.720000267028809,13.770000457763672,104600,0.0,0.0
2024-06-18 00:00:00-04:00,13.770000457763672,13.829999923706055,13.760000228881836,13.779999732971191,85700,0.0,0.0
2024-06-20 00:00:00-04:00,13.8100004196167,13.829999923706055,13.779999732971191,13.800000190734863,56500,0.0,0.0
2024-06-21 00:00:00-04:00,13.800000190734863,13.819999694824219,13.75,13.75,62900,0.0,0.0
2024-06-24 00:00:00-04:00,13.800000190734863,13.829999923706055,13.760000228881836,13.789999961853027,102500,0.0,0.0
2024-06-25 00:00:00-04:00,13.829999923706055,13.829999923706055,13.670000076293945,13.680000305175781,113500,0.0,0.0
2024-06-26 00:00:00-04:00,13.75,13.789999961853027,13.699999809265137,13.779999732971191,91600,0.0,0.0
2024-06-27 00:00:00-04:00,13.800000190734863,13.8100004196167,13.699999809265137,13.710000038146973,105300,0.0,0.0
2024-06-28 00:00:00-04:00,13.65999984741211,13.75,13.65999984741211,13.729999542236328,93200,0.0,0.0
2024-07-01 00:00:00-04:00,13.789999961853027,13.8100004196167,13.710000038146973,13.800000190734863,100900,0.0,0.0
2024-07-02 00:00:00-04:00,13.779999732971191,13.899999618530273,13.770000457763672,13.899999618530273,96200,0.0,0.0
2024-07-03 00:00:00-04:00,13.850000381469727,13.9399995803833,13.850000381469727,13.869999885559082,53800,0.0,0.0
2024-07-05 00:00:00-04:00,13.899999618530273,14.09000015258789,13.880000114440918,14.010000228881836,156100,0.0,0.0
2024-07-08 00:00:00-04:00,14.020000457763672,14.029999732971191,13.859999656677246,13.869999885559082,258000,0.0,0.0
2024-07-09 00:00:00-04:00,13.850000381469727,13.989999771118164,13.789999961853027,13.819999694824219,62300,0.0,0.0
2024-07-10 00:00:00-04:00,13.819999694824219,14.069999694824219,13.779999732971191,13.960000038146973,273500,0.0,0.0
2024-07-11 00:00:00-04:00,14.100000381469727,14.100000381469727,13.90999984741211,13.970000267028809,94900,0.0,0.0
2024-07-12 00:00:00-04:00,13.970000267028809,14.170000076293945,13.970000267028809,14.109999656677246,125300,0.0,0.0
2024-07-15 00:00:00-04:00,14.180000305175781,14.399999618530273,14.170000076293945,14.359999656677246,209900,0.0,0.0
2024-07-16 00:00:00-04:00,14.399999618530273,14.4399995803833,14.3100004196167,14.319999694824219,134100,0.0,0.0
2024-07-17 00:00:00-04:00,14.300000190734863,14.4399995803833,14.300000190734863,14.380000114440918,131500,0.0,0.0
2024-07-18 00:00:00-04:00,14.399999618530273,14.40999984741211,14.100000381469727,14.119999885559082,98800,0.0,0.0
2024-07-19 00:00:00-04:00,14.15999984741211,14.279999732971191,14.039999961853027,14.079999923706055,71100,0.0,0.0
2024-07-22 00:00:00-04:00,14.140000343322754,14.329999923706055,14.119999885559082,14.3100004196167,91000,0.0,0.0
2024-07-23 00:00:00-04:00,14.260000228881836,14.369999885559082,14.229999542236328,14.270000457763672,112800,0.0,0.0
2024-07-24 00:00:00-04:00,14.399999618530273,14.399999618530273,14.0600004196167,14.1899995803833,148500,0.0,0.0
2024-07-25 00:00:00-04:00,14.1899995803833,14.289999961853027,14.1899995803833,14.239999771118164,93000,0.0,0.0
2024-07-26 00:00:00-04:00,14.289999961853027,14.430000305175781,14.289999961853027,14.390000343322754,135700,0.0,0.0
2024-07-29 00:00:00-04:00,14.399999618530273,14.420000076293945,14.270000457763672,14.270000457763672,106400,0.0,0.0
2024-07-30 00:00:00-04:00,14.369999885559082,14.420000076293945,14.300000190734863,14.40999984741211,126400,0.0,0.0
2024-07-31 00:00:00-04:00,14.380000114440918,14.390000343322754,14.020000457763672,14.029999732971191,114400,0.0,0.0
2024-08-01 00:00:00-04:00,14.119999885559082,14.140000343322754,13.970000267028809,14.100000381469727,120600,0.0,0.0
2024-08-02 00:00:00-04:00,13.970000267028809,13.970000267028809,13.770000457763672,13.829999923706055,105100,0.0,0.0
2024-08-05 00:00:00-04:00,13.5,13.649999618530273,13.329999923706055,13.579999923706055,259300,0.0,0.0
2024-08-06 00:00:00-04:00,13.670000076293945,13.739999771118164,13.600000381469727,13.640000343322754,121700,0.0,0.0
2024-08-07 00:00:00-04:00,13.630000114440918,13.800000190734863,13.5600004196167,13.640000343322754,110300,0.0,0.0
2024-08-08 00:00:00-04:00,13.920000076293945,13.920000076293945,13.579999923706055,13.779999732971191,116400,0.0,0.0
2024-08-09 00:00:00-04:00,13.770000457763672,13.819999694824219,13.699999809265137,13.789999961853027,93100,0.0,0.0
2024-08-12 00:00:00-04:00,13.770000457763672,13.84000015258789,13.729999542236328,13.739999771118164,94100,0.0,0.0
2024-08-13 00:00:00-04:00,13.710000038146973,13.869999885559082,13.710000038146973,13.859999656677246,122000,0.0,0.0
2024-08-14 00:00:00-04:00,13.90999984741211,14.010000228881836,13.819999694824219,14.010000228881836,195500,0.0,0.0
2024-08-15 00:00:00-04:00,14.010000228881836,14.010000228881836,13.850000381469727,13.850000381469727,394000,0.0,0.0
2024-08-16 00:00:00-04:00,13.84000015258789,13.90999984741211,13.75,13.75,110500,0.0,0.0
2024-08-19 00:00:00-04:00,13.789999961853027,13.859999656677246,13.739999771118164,13.75,153000,0.0,0.0
2024-08-20 00:00:00-04:00,13.789999961853027,13.800000190734863,13.710000038146973,13.75,107500,0.0,0.0
2024-08-21 00:00:00-04:00,13.770000457763672,13.800000190734863,13.729999542236328,13.75,138900,0.0,0.0
2024-08-22 00:00:00-04:00,13.800000190734863,13.829999923706055,13.729999542236328,13.75,123100,0.0,0.0
2024-08-23 00:00:00-04:00,13.779999732971191,13.899999618530273,13.770000457763672,13.84000015258789,276500,0.0,0.0
2024-08-26 00:00:00-04:00,13.829999923706055,13.920000076293945,13.699999809265137,13.720000267028809,379700,0.0,0.0
2024-08-27 00:00:00-04:00,13.779999732971191,13.789999961853027,13.699999809265137,13.75,155800,0.0,0.0
2024-08-28 00:00:00-04:00,13.779999732971191,13.800000190734863,13.710000038146973,13.739999771118164,142200,0.0,0.0
2024-08-29 00:00:00-04:00,13.770000457763672,13.789999961853027,13.729999542236328,13.760000228881836,218800,0.0,0.0
2024-08-30 00:00:00-04:00,13.710000038146973,13.739999771118164,13.600000381469727,13.65999984741211,187100,0.0,0.0
2024-09-03 00:00:00-04:00,13.65999984741211,13.760000228881836,13.65999984741211,13.699999809265137,159500,0.0,0.0
2024-09-04 00:00:00-04:00,13.729999542236328,13.760000228881836,13.670000076293945,13.699999809265137,76700,0.0,0.0
2024-09-05 00:00:00-04:00,13.680000305175781,13.729999542236328,13.649999618530273,13.6899995803833,104900,0.0,0.0
2024-09-06 00:00:00-04:00,13.720000267028809,13.720000267028809,13.600000381469727,13.649999618530273,81300,0.0,0.0
2024-09-09 00:00:00-04:00,13.640000343322754,13.710000038146973,13.59000015258789,13.609999656677246,111300,0.0,0.0
2024-09-10 00:00:00-04:00,13.65999984741211,13.65999984741211,13.569999694824219,13.609999656677246,85100,0.0,0.0
2024-09-11 00:00:00-04:00,13.609999656677246,13.609999656677246,13.420000076293945,13.479999542236328,168300,0.0,0.0
2024-09-12 00:00:00-04:00,13.520000457763672,13.529999732971191,13.359999656677246,13.390000343322754,232400,0.0,0.0
2024-09-13 00:00:00-04:00,13.470000267028809,13.770000457763672,13.4399995803833,13.75,294300,0.0,0.0
2024-09-16 00:00:00-04:00,13.75,13.789999961853027,13.6899995803833,13.710000038146973,136700,0.0,0.0
2024-09-17 00:00:00-04:00,13.779999732971191,13.829999923706055,13.699999809265137,13.75,171300,0.0,0.0
2024-09-18 00:00:00-04:00,13.75,13.8100004196167,13.710000038146973,13.75,117500,0.0,0.0
2024-09-19 00:00:00-04:00,13.800000190734863,13.800000190734863,13.680000305175781,13.699999809265137,178400,0.0,0.0
2024-09-20 00:00:00-04:00,13.699999809265137,13.739999771118164,13.670000076293945,13.699999809265137,119900,0.0,0.0
2024-09-23 00:00:00-04:00,13.699999809265137,13.739999771118164,13.619999885559082,13.699999809265137,136600,0.0,0.0
2024-09-24 00:00:00-04:00,13.65999984741211,13.710000038146973,13.640000343322754,13.640000343322754,118800,0.0,0.0
2024-09-25 00:00:00-04:00,13.649999618530273,13.729999542236328,13.640000343322754,13.680000305175781,112500,0.0,0.0
2024-09-26 00:00:00-04:00,13.699999809265137,13.800000190734863,13.6899995803833,13.6899995803833,126500,0.0,0.0
2024-09-27 00:00:00-04:00,13.699999809265137,13.789999961853027,13.6899995803833,13.699999809265137,192400,0.0,0.0
2024-09-30 00:00:00-04:00,13.609999656677246,13.710000038146973,13.569999694824219,13.6899995803833,107600,0.0,0.0
2024-10-01 00:00:00-04:00,13.720000267028809,13.720000267028809,13.579999923706055,13.600000381469727,112400,0.0,0.0
2024-10-02 00:00:00-04:00,13.5600004196167,13.65999984741211,13.5600004196167,13.619999885559082,108100,0.0,0.0
2024-10-03 00:00:00-04:00,13.649999618530273,13.720000267028809,13.649999618530273,13.699999809265137,136500,0.0,0.0
2024-10-04 00:00:00-04:00,13.710000038146973,13.779999732971191,13.649999618530273,13.770000457763672,88300,0.0,0.0
2024-10-07 00:00:00-04:00,13.8100004196167,13.859999656677246,13.770000457763672,13.800000190734863,83300,0.0,0.0
2024-10-08 00:00:00-04:00,13.779999732971191,13.800000190734863,13.680000305175781,13.789999961853027,94700,0.0,0.0
2024-10-09 00:00:00-04:00,13.8100004196167,13.960000038146973,13.800000190734863,13.930000305175781,105700,0.0,0.0
2024-10-10 00:00:00-04:00,13.949999809265137,13.989999771118164,13.880000114440918,13.960000038146973,99900,0.0,0.0
2024-10-11 00:00:00-04:00,13.989999771118164,14.010000228881836,13.949999809265137,13.960000038146973,82200,0.0,0.0
2024-10-14 00:00:00-04:00,14.0,14.109999656677246,14.0,14.050000190734863,129600,0.0,0.0
2024-10-15 00:00:00-04:00,14.09000015258789,14.170000076293945,14.050000190734863,14.100000381469727,247400,0.0,0.0
2024-10-16 00:00:00-04:00,14.15999984741211,14.329999923706055,14.149999618530273,14.270000457763672,121800,0.0,0.0
2024-10-17 00:00:00-04:00,14.380000114440918,14.380000114440918,14.279999732971191,14.3100004196167,123800,0.0,0.0
2024-10-18 00:00:00-04:00,14.279999732971191,14.350000381469727,14.229999542236328,14.289999961853027,149400,0.0,0.0
2024-10-21 00:00:00-04:00,14.300000190734863,14.369999885559082,14.279999732971191,14.279999732971191,100600,0.0,0.0
2024-10-22 00:00:00-04:00,14.25,14.34000015258789,14.220000267028809,14.260000228881836,136300,0.0,0.0
2024-10-23 00:00:00-04:00,14.229999542236328,14.25,14.109999656677246,14.199999809265137,100700,0.0,0.0
2024-10-24 00:00:00-04:00,14.1899995803833,14.34000015258789,14.1899995803833,14.319999694824219,117300,0.0,0.0
2024-10-25 00:00:00-04:00,14.420000076293945,14.4399995803833,14.239999771118164,14.239999771118164,203100,0.0,0.0
2024-10-28 00:00:00-04:00,14.300000190734863,14.350000381469727,14.25,14.329999923706055,98900,0.0,0.0
2024-10-29 00:00:00-04:00,14.289999961853027,14.300000190734863,14.069999694824219,14.09000015258789,163500,0.0,0.0
2024-10-30 00:00:00-04:00,14.100000381469727,14.210000038146973,14.100000381469727,14.15999984741211,145100,0.0,0.0
2024-10-31 00:00:00-04:00,14.09000015258789,14.149999618530273,13.970000267028809,14.069999694824219,137700,0.0,0.0
2024-11-01 00:00:00-04:00,14.079999923706055,14.100000381469727,13.800000190734863,13.819999694824219,279800,0.0,0.0
2024-11-04 00:00:00-05:00,13.819999694824219,13.819999694824219,13.430000305175781,13.569999694824219,299300,0.0,0.0
2024-11-05 00:00:00-05:00,13.59000015258789,13.75,13.59000015258789,13.75,97400,0.0,0.0
2024-11-06 00:00:00-05:00,14.079999923706055,14.140000343322754,13.640000343322754,13.859999656677246,206300,0.0,0.0
2024-11-07 00:00:00-05:00,13.90999984741211,14.039999961853027,13.829999923706055,13.84000015258789,211300,0.0,0.0
2024-11-08 00:00:00-05:00,13.760000228881836,13.859999656677246,13.619999885559082,13.729999542236328,222100,0.0,0.0
2024-11-11 00:00:00-05:00,13.720000267028809,13.850000381469727,13.699999809265137,13.760000228881836,140200,0.0,0.0
2024-11-12 00:00:00-05:00,13.699999809265137,13.770000457763672,13.649999618530273,13.729999542236328,148200,0.0,0.0
2024-11-13 00:00:00-05:00,13.760000228881836,13.8100004196167,13.680000305175781,13.779999732971191,178800,0.0,0.0
2024-11-14 00:00:00-05:00,13.729999542236328,13.899999618530273,13.729999542236328,13.770000457763672,110500,0.0,0.0
2024-11-15 00:00:00-05:00,13.829999923706055,14.020000457763672,13.789999961853027,13.979999542236328,131400,0.0,0.0
2024-11-18 00:00:00-05:00,13.949999809265137,14.069999694824219,13.949999809265137,13.970000267028809,114200,0.0,0.0
2024-11-19 00:00:00-05:00,13.930000305175781,13.949999809265137,13.729999542236328,13.789999961853027,220500,0.0,0.0
2024-11-20 00:00:00-05:00,13.789999961853027,13.869999885559082,13.729999542236328,13.859999656677246,93100,0.0,0.0
2024-11-21 00:00:00-05:00,13.899999618530273,13.920000076293945,13.779999732971191,13.800000190734863,82700,0.0,0.0
2024-11-22 00:00:00-05:00,13.819999694824219,13.869999885559082,13.800000190734863,13.8100004196167,104900,0.0,0.0
2024-11-25 00:00:00-05:00,13.90999984741211,13.949999809265137,13.789999961853027,13.829999923706055,185900,0.0,0.0
2024-11-26 00:00:00-05:00,13.8100004196167,13.890000343322754,13.8100004196167,13.819999694824219,194900,0.0,0.0
2024-11-27 00:00:00-05:00,13.90999984741211,13.920000076293945,13.829999923706055,13.859999656677246,209700,0.0,0.0
2024-11-29 00:00:00-05:00,13.859999656677246,13.899999618530273,13.760000228881836,13.789999961853027,103600,0.0,0.0
2024-12-02 00:00:00-05:00,13.819999694824219,13.850000381469727,13.699999809265137,13.800000190734863,200600,0.0,0.0
2024-12-03 00:00:00-05:00,13.800000190734863,13.8100004196167,13.619999885559082,13.760000228881836,145500,0.0,0.0
2024-12-04 00:00:00-05:00,13.720000267028809,13.760000228881836,13.619999885559082,13.760000228881836,108700,0.0,0.0
2024-12-05 00:00:00-05:00,13.789999961853027,13.850000381469727,13.6899995803833,13.819999694824219,155700,0.0,0.0
2024-12-06 00:00:00-05:00,13.800000190734863,13.859999656677246,13.789999961853027,13.850000381469727,100000,0.0,0.0
2024-12-09 00:00:00-05:00,13.890000343322754,13.920000076293945,13.8100004196167,13.819999694824219,140800,0.0,0.0
2024-12-10 00:00:00-05:00,13.819999694824219,13.869999885559082,13.760000228881836,13.850000381469727,92900,0.0,0.0
2024-12-11 00:00:00-05:00,13.829999923706055,13.869999885559082,13.800000190734863,13.850000381469727,129900,0.0,0.0
2024-12-12 00:00:00-05:00,13.869999885559082,13.949999809265137,13.829999923706055,13.850000381469727,123200,0.0,0.0
2024-12-13 00:00:00-05:00,13.90999984741211,13.920000076293945,13.829999923706055,13.890000343322754,238000,0.0,0.0
2024-12-16 00:00:00-05:00,13.850000381469727,13.880000114440918,13.369999885559082,13.399999618530273,414300,0.0,0.0
2024-12-17 00:00:00-05:00,13.40999984741211,13.40999984741211,13.119999885559082,13.25,255000,0.0,0.0
2024-12-18 00:00:00-05:00,13.329999923706055,13.399999618530273,13.119999885559082,13.140000343322754,221800,0.0,0.0
2024-12-19 00:00:00-05:00,13.15999984741211,13.420000076293945,13.15999984741211,13.34000015258789,139700,0.0,0.0
2024-12-20 00:00:00-05:00,13.300000190734863,13.550000190734863,13.270000457763672,13.430000305175781,123700,0.0,0.0
2024-12-23 00:00:00-05:00,13.390000343322754,13.550000190734863,13.3100004196167,13.510000228881836,133600,0.0,0.0
2024-12-24 00:00:00-05:00,13.550000190734863,13.649999618530273,13.520000457763672,13.649999618530273,60900,0.0,0.0
2024-12-26 00:00:00-05:00,13.619999885559082,13.739999771118164,13.600000381469727,13.699999809265137,96500,0.0,0.0
2024-12-27 00:00:00-05:00,13.75,13.800000190734863,13.6899995803833,13.75,90800,0.0,0.0
2024-12-30 00:00:00-05:00,13.649999618530273,13.829999923706055,13.600000381469727,13.760000228881836,118200,0.0,0.0
2024-12-31 00:00:00-05:00,13.670000076293945,13.8100004196167,13.649999618530273,13.760000228881836,177400,0.0,0.0
2025-01-02 00:00:00-05:00,13.75,13.90999984741211,13.710000038146973,13.890000343322754,123100,0.0,0.0
2025-01-03 00:00:00-05:00,13.949999809265137,13.949999809265137,13.8100004196167,13.850000381469727,153400,0.0,0.0
2025-01-06 00:00:00-05:00,13.819999694824219,13.850000381469727,13.6899995803833,13.710000038146973,136000,0.0,0.0
2025-01-07 00:00:00-05:00,13.739999771118164,13.8100004196167,13.6899995803833,13.739999771118164,58203,0.0,0.0
