Date,Open,High,Low,Close,Volume,Dividends,Stock Splits
2022-01-03 00:00:00-05:00,7.190000057220459,7.699999809265137,7.079999923706055,7.389999866485596,21556900,0.0,0.0
2022-01-04 00:00:00-05:00,7.460000038146973,7.480000019073486,6.960000038146973,7.110000133514404,24622800,0.0,0.0
2022-01-05 00:00:00-05:00,7.059999942779541,7.289999961853027,6.610000133514404,6.630000114440918,30015800,0.0,0.0
2022-01-06 00:00:00-05:00,6.670000076293945,6.840000152587891,6.360000133514404,6.440000057220459,27322300,0.0,0.0
2022-01-07 00:00:00-05:00,6.510000228881836,6.769999980926514,6.289999961853027,6.420000076293945,27456500,0.0,0.0
2022-01-10 00:00:00-05:00,7.159999847412109,7.840000152587891,6.949999809265137,7.289999961853027,107145700,0.0,0.0
2022-01-11 00:00:00-05:00,6.960000038146973,7.559999942779541,6.800000190734863,7.380000114440918,33490300,0.0,0.0
2022-01-12 00:00:00-05:00,7.489999771118164,7.699999809265137,7.070000171661377,7.150000095367432,23457700,0.0,0.0
2022-01-13 00:00:00-05:00,7.199999809265137,7.309999942779541,6.849999904632568,6.869999885559082,16643300,0.0,0.0
2022-01-14 00:00:00-05:00,6.769999980926514,6.949999809265137,6.630000114440918,6.860000133514404,18055500,0.0,0.0
2022-01-18 00:00:00-05:00,6.670000076293945,6.789999961853027,6.269999980926514,6.289999961853027,21597000,0.0,0.0
2022-01-19 00:00:00-05:00,6.320000171661377,6.409999847412109,5.940000057220459,5.96999979019165,25170900,0.0,0.0
2022-01-20 00:00:00-05:00,6.0,6.340000152587891,5.900000095367432,5.920000076293945,24224700,0.0,0.0
2022-01-21 00:00:00-05:00,5.829999923706055,6.079999923706055,5.699999809265137,5.789999961853027,25137900,0.0,0.0
2022-01-24 00:00:00-05:00,5.510000228881836,5.849999904632568,5.199999809265137,5.840000152587891,28766400,0.0,0.0
2022-01-25 00:00:00-05:00,5.659999847412109,5.869999885559082,5.550000190734863,5.71999979019165,15242400,0.0,0.0
2022-01-26 00:00:00-05:00,5.860000133514404,5.869999885559082,5.460000038146973,5.559999942779541,20766700,0.0,0.0
2022-01-27 00:00:00-05:00,5.570000171661377,5.630000114440918,5.150000095367432,5.21999979019165,24067200,0.0,0.0
2022-01-28 00:00:00-05:00,5.239999771118164,5.519999980926514,5.150000095367432,5.480000019073486,19750600,0.0,0.0
2022-01-31 00:00:00-05:00,5.5,6.010000228881836,5.46999979019165,5.960000038146973,18665900,0.0,0.0
2022-02-01 00:00:00-05:00,6.050000190734863,6.360000133514404,5.840000152587891,6.21999979019165,20392700,0.0,0.0
2022-02-02 00:00:00-05:00,6.170000076293945,6.25,5.889999866485596,5.980000019073486,15233700,0.0,0.0
2022-02-03 00:00:00-05:00,5.820000171661377,5.920000076293945,5.630000114440918,5.650000095367432,11710900,0.0,0.0
2022-02-04 00:00:00-05:00,5.670000076293945,6.019999980926514,5.630000114440918,5.949999809265137,14283900,0.0,0.0
2022-02-07 00:00:00-05:00,6.03000020980835,6.230000019073486,5.909999847412109,6.03000020980835,14856100,0.0,0.0
2022-02-08 00:00:00-05:00,6.010000228881836,6.260000228881836,5.920000076293945,6.25,12634800,0.0,0.0
2022-02-09 00:00:00-05:00,6.420000076293945,6.96999979019165,6.349999904632568,6.920000076293945,28831200,0.0,0.0
2022-02-10 00:00:00-05:00,6.699999809265137,7.389999866485596,6.539999961853027,7.0,30866200,0.0,0.0
2022-02-11 00:00:00-05:00,6.920000076293945,7.360000133514404,6.840000152587891,7.119999885559082,31709600,0.0,0.0
2022-02-14 00:00:00-05:00,7.110000133514404,7.329999923706055,6.690000057220459,6.71999979019165,20311900,0.0,0.0
2022-02-15 00:00:00-05:00,6.909999847412109,7.190000057220459,6.849999904632568,7.150000095367432,14703300,0.0,0.0
2022-02-16 00:00:00-05:00,7.070000171661377,7.480000019073486,6.920000076293945,7.199999809265137,17451600,0.0,0.0
2022-02-17 00:00:00-05:00,7.059999942779541,7.190000057220459,6.659999847412109,6.710000038146973,15178900,0.0,0.0
2022-02-18 00:00:00-05:00,6.730000019073486,6.800000190734863,6.320000171661377,6.389999866485596,14587000,0.0,0.0
2022-02-22 00:00:00-05:00,6.170000076293945,6.360000133514404,6.03000020980835,6.090000152587891,14213800,0.0,0.0
2022-02-23 00:00:00-05:00,6.210000038146973,6.380000114440918,5.889999866485596,5.909999847412109,14026800,0.0,0.0
2022-02-24 00:00:00-05:00,5.5,6.179999828338623,5.429999828338623,6.170000076293945,22123900,0.0,0.0
2022-02-25 00:00:00-05:00,6.21999979019165,6.230000019073486,5.929999828338623,6.059999942779541,11057500,0.0,0.0
2022-02-28 00:00:00-05:00,5.929999828338623,6.199999809265137,5.869999885559082,6.099999904632568,13842800,0.0,0.0
2022-03-01 00:00:00-05:00,6.110000133514404,6.119999885559082,5.78000020980835,5.849999904632568,14021600,0.0,0.0
2022-03-02 00:00:00-05:00,5.869999885559082,5.880000114440918,5.590000152587891,5.829999923706055,15712800,0.0,0.0
2022-03-03 00:00:00-05:00,5.840000152587891,5.860000133514404,5.369999885559082,5.420000076293945,23185300,0.0,0.0
2022-03-04 00:00:00-05:00,5.480000019073486,5.619999885559082,5.159999847412109,5.239999771118164,21543000,0.0,0.0
2022-03-07 00:00:00-05:00,5.289999961853027,5.380000114440918,5.110000133514404,5.119999885559082,18564900,0.0,0.0
2022-03-08 00:00:00-05:00,5.099999904632568,5.449999809265137,5.0,5.300000190734863,24246700,0.0,0.0
2022-03-09 00:00:00-05:00,5.409999847412109,5.619999885559082,5.389999866485596,5.5,15836400,0.0,0.0
2022-03-10 00:00:00-05:00,5.349999904632568,5.429999828338623,5.21999979019165,5.420000076293945,12281600,0.0,0.0
2022-03-11 00:00:00-05:00,5.460000038146973,5.460000038146973,5.179999828338623,5.190000057220459,10546200,0.0,0.0
2022-03-14 00:00:00-04:00,5.170000076293945,5.199999809265137,4.809999942779541,4.880000114440918,18710400,0.0,0.0
2022-03-15 00:00:00-04:00,4.920000076293945,5.019999980926514,4.78000020980835,5.0,17489400,0.0,0.0
2022-03-16 00:00:00-04:00,5.059999942779541,5.369999885559082,4.989999771118164,5.329999923706055,22171800,0.0,0.0
2022-03-17 00:00:00-04:00,5.210000038146973,5.440000057220459,5.179999828338623,5.409999847412109,15838900,0.0,0.0
2022-03-18 00:00:00-04:00,5.380000114440918,5.599999904632568,5.300000190734863,5.510000228881836,16502700,0.0,0.0
2022-03-21 00:00:00-04:00,5.480000019073486,5.539999961853027,5.269999980926514,5.320000171661377,14960600,0.0,0.0
2022-03-22 00:00:00-04:00,5.329999923706055,5.710000038146973,5.289999961853027,5.679999828338623,17571400,0.0,0.0
2022-03-23 00:00:00-04:00,6.070000171661377,6.300000190734863,5.690000057220459,5.71999979019165,44943500,0.0,0.0
2022-03-24 00:00:00-04:00,5.820000171661377,7.070000171661377,5.679999828338623,6.96999979019165,112670200,0.0,0.0
2022-03-25 00:00:00-04:00,8.079999923706055,8.65999984741211,7.25,8.5600004196167,302811300,0.0,0.0
2022-03-28 00:00:00-04:00,7.989999771118164,8.390000343322754,7.610000133514404,7.989999771118164,91841300,0.0,0.0
2022-03-29 00:00:00-04:00,8.069999694824219,8.710000038146973,7.71999979019165,8.319999694824219,82740800,0.0,0.0
2022-03-30 00:00:00-04:00,8.34000015258789,9.079999923706055,7.980000019073486,8.140000343322754,95808000,0.0,0.0
2022-03-31 00:00:00-04:00,8.15999984741211,8.229999542236328,7.619999885559082,7.769999980926514,44694600,0.0,0.0
2022-04-01 00:00:00-04:00,7.900000095367432,8.319999694824219,7.349999904632568,7.480000019073486,94990400,0.0,0.0
2022-04-04 00:00:00-04:00,7.449999809265137,7.519999980926514,7.050000190734863,7.449999809265137,37550900,0.0,0.0
2022-04-05 00:00:00-04:00,7.449999809265137,7.5,6.909999847412109,7.03000020980835,43653200,0.0,0.0
2022-04-06 00:00:00-04:00,7.75,8.149999618530273,7.159999847412109,7.25,127554400,0.0,0.0
2022-04-07 00:00:00-04:00,7.119999885559082,7.119999885559082,6.400000095367432,6.480000019073486,48637600,0.0,0.0
2022-04-08 00:00:00-04:00,6.369999885559082,6.599999904632568,6.260000228881836,6.400000095367432,24381800,0.0,0.0
2022-04-11 00:00:00-04:00,6.21999979019165,6.53000020980835,6.050000190734863,6.369999885559082,26150400,0.0,0.0
2022-04-12 00:00:00-04:00,6.420000076293945,6.800000190734863,6.130000114440918,6.230000019073486,28275600,0.0,0.0
2022-04-13 00:00:00-04:00,6.239999771118164,6.5,6.119999885559082,6.420000076293945,18731200,0.0,0.0
2022-04-14 00:00:00-04:00,6.300000190734863,6.360000133514404,6.019999980926514,6.019999980926514,23546000,0.0,0.0
2022-04-18 00:00:00-04:00,6.019999980926514,6.03000020980835,5.679999828338623,5.739999771118164,23690000,0.0,0.0
2022-04-19 00:00:00-04:00,5.78000020980835,5.949999809265137,5.610000133514404,5.829999923706055,19049900,0.0,0.0
2022-04-20 00:00:00-04:00,5.760000228881836,5.769999980926514,5.400000095367432,5.409999847412109,29438200,0.0,0.0
2022-04-21 00:00:00-04:00,5.46999979019165,5.579999923706055,5.230000019073486,5.239999771118164,24028600,0.0,0.0
2022-04-22 00:00:00-04:00,5.239999771118164,5.480000019073486,5.159999847412109,5.239999771118164,19052900,0.0,0.0
2022-04-25 00:00:00-04:00,5.179999828338623,5.360000133514404,5.099999904632568,5.300000190734863,19922000,0.0,0.0
2022-04-26 00:00:00-04:00,5.230000019073486,5.320000171661377,5.039999961853027,5.070000171661377,18834300,0.0,0.0
2022-04-27 00:00:00-04:00,5.059999942779541,5.199999809265137,4.909999847412109,5.010000228881836,24161900,0.0,0.0
2022-04-28 00:00:00-04:00,5.039999961853027,5.170000076293945,4.809999942779541,5.110000133514404,24078600,0.0,0.0
2022-04-29 00:00:00-04:00,5.010000228881836,5.329999923706055,4.96999979019165,4.980000019073486,19082300,0.0,0.0
2022-05-02 00:00:00-04:00,4.940000057220459,5.239999771118164,4.869999885559082,5.230000019073486,22811400,0.0,0.0
2022-05-03 00:00:00-04:00,5.150000095367432,5.400000095367432,5.139999866485596,5.179999828338623,17594700,0.0,0.0
2022-05-04 00:00:00-04:00,5.150000095367432,5.349999904632568,4.960000038146973,5.300000190734863,23131200,0.0,0.0
2022-05-05 00:00:00-04:00,5.159999847412109,5.239999771118164,4.840000152587891,4.889999866485596,23661400,0.0,0.0
2022-05-06 00:00:00-04:00,4.860000133514404,4.889999866485596,4.579999923706055,4.739999771118164,25751200,0.0,0.0
2022-05-09 00:00:00-04:00,4.650000095367432,4.659999847412109,4.360000133514404,4.389999866485596,27649400,0.0,0.0
2022-05-10 00:00:00-04:00,4.550000190734863,4.570000171661377,4.150000095367432,4.289999961853027,33568000,0.0,0.0
2022-05-11 00:00:00-04:00,4.190000057220459,4.429999828338623,4.050000190734863,4.059999942779541,32397200,0.0,0.0
2022-05-12 00:00:00-04:00,4.0,4.5,3.890000104904175,4.440000057220459,39737200,0.0,0.0
2022-05-13 00:00:00-04:00,4.519999980926514,4.710000038146973,4.5,4.539999961853027,26091900,0.0,0.0
2022-05-16 00:00:00-04:00,4.590000152587891,5.070000171661377,4.46999979019165,4.880000114440918,33265800,0.0,0.0
2022-05-17 00:00:00-04:00,4.980000019073486,5.170000076293945,4.889999866485596,5.139999866485596,25498100,0.0,0.0
2022-05-18 00:00:00-04:00,5.010000228881836,5.170000076293945,4.760000228881836,4.789999961853027,23769100,0.0,0.0
2022-05-19 00:00:00-04:00,4.78000020980835,4.96999979019165,4.690000057220459,4.860000133514404,21098700,0.0,0.0
2022-05-20 00:00:00-04:00,4.929999828338623,4.960000038146973,4.550000190734863,4.71999979019165,20280500,0.0,0.0
2022-05-23 00:00:00-04:00,4.739999771118164,4.75,4.449999809265137,4.489999771118164,19350600,0.0,0.0
2022-05-24 00:00:00-04:00,4.400000095367432,4.429999828338623,4.239999771118164,4.260000228881836,14462500,0.0,0.0
2022-05-25 00:00:00-04:00,4.28000020980835,4.46999979019165,4.260000228881836,4.420000076293945,17127100,0.0,0.0
2022-05-26 00:00:00-04:00,4.389999866485596,4.75,4.349999904632568,4.659999847412109,17103500,0.0,0.0
2022-05-27 00:00:00-04:00,4.610000133514404,4.679999828338623,4.340000152587891,4.550000190734863,30423000,0.0,0.0
2022-05-31 00:00:00-04:00,4.519999980926514,4.599999904632568,4.369999885559082,4.489999771118164,19970400,0.0,0.0
2022-06-01 00:00:00-04:00,4.5,4.539999961853027,4.159999847412109,4.179999828338623,22864900,0.0,0.0
2022-06-02 00:00:00-04:00,4.179999828338623,4.53000020980835,4.150000095367432,4.440000057220459,24707000,0.0,0.0
2022-06-03 00:00:00-04:00,4.360000133514404,4.409999847412109,4.150000095367432,4.199999809265137,17549000,0.0,0.0
2022-06-06 00:00:00-04:00,4.260000228881836,4.300000190734863,3.950000047683716,3.9600000381469727,31186300,0.0,0.0
2022-06-07 00:00:00-04:00,3.950000047683716,4.059999942779541,3.9100000858306885,4.03000020980835,23198600,0.0,0.0
2022-06-08 00:00:00-04:00,4.0,4.110000133514404,3.880000114440918,3.9000000953674316,25811400,0.0,0.0
2022-06-09 00:00:00-04:00,3.869999885559082,3.890000104904175,3.630000114440918,3.630000114440918,28872500,0.0,0.0
2022-06-10 00:00:00-04:00,3.5299999713897705,3.569999933242798,3.369999885559082,3.380000114440918,27041700,0.0,0.0
2022-06-13 00:00:00-04:00,3.2100000381469727,3.3299999237060547,3.109999895095825,3.119999885559082,27294000,0.0,0.0
2022-06-14 00:00:00-04:00,3.1500000953674316,3.319999933242798,3.0999999046325684,3.1600000858306885,21306000,0.0,0.0
2022-06-15 00:00:00-04:00,3.190000057220459,3.259999990463257,3.0399999618530273,3.200000047683716,30640800,0.0,0.0
2022-06-16 00:00:00-04:00,3.109999895095825,3.140000104904175,3.0199999809265137,3.109999895095825,20402400,0.0,0.0
2022-06-17 00:00:00-04:00,3.0999999046325684,3.2899999618530273,3.0799999237060547,3.200000047683716,18003900,0.0,0.0
2022-06-21 00:00:00-04:00,3.299999952316284,3.369999885559082,3.25,3.2699999809265137,14347400,0.0,0.0
2022-06-22 00:00:00-04:00,3.200000047683716,3.3499999046325684,3.190000057220459,3.2100000381469727,15014600,0.0,0.0
2022-06-23 00:00:00-04:00,3.2300000190734863,3.5799999237060547,3.140000104904175,3.5799999237060547,26401000,0.0,0.0
2022-06-24 00:00:00-04:00,3.6500000953674316,3.7200000286102295,3.509999990463257,3.609999895095825,21919100,0.0,0.0
2022-06-27 00:00:00-04:00,3.630000114440918,3.680000066757202,3.509999990463257,3.640000104904175,12514900,0.0,0.0
2022-06-28 00:00:00-04:00,3.6600000858306885,3.7200000286102295,3.4100000858306885,3.440000057220459,17771300,0.0,0.0
2022-06-29 00:00:00-04:00,3.4200000762939453,3.4200000762939453,3.2699999809265137,3.309999942779541,11043300,0.0,0.0
2022-06-30 00:00:00-04:00,3.259999990463257,3.2699999809265137,3.069999933242798,3.119999885559082,23981700,0.0,0.0
2022-07-01 00:00:00-04:00,3.119999885559082,3.2200000286102295,3.059999942779541,3.1500000953674316,12409100,0.0,0.0
2022-07-05 00:00:00-04:00,3.0799999237060547,3.240000009536743,3.0,3.240000009536743,18074900,0.0,0.0
2022-07-06 00:00:00-04:00,3.2200000286102295,3.5399999618530273,3.2200000286102295,3.5,21705200,0.0,0.0
2022-07-07 00:00:00-04:00,3.4700000286102295,3.5899999141693115,3.380000114440918,3.5799999237060547,15944500,0.0,0.0
2022-07-08 00:00:00-04:00,3.490000009536743,3.619999885559082,3.4100000858306885,3.4200000762939453,15573900,0.0,0.0
2022-07-11 00:00:00-04:00,3.380000114440918,3.450000047683716,3.1500000953674316,3.1500000953674316,12988500,0.0,0.0
2022-07-12 00:00:00-04:00,3.180000066757202,3.299999952316284,3.130000114440918,3.2200000286102295,13342200,0.0,0.0
2022-07-13 00:00:00-04:00,3.1700000762939453,3.259999990463257,3.109999895095825,3.2200000286102295,12552900,0.0,0.0
2022-07-14 00:00:00-04:00,3.1700000762939453,3.809999942779541,3.0799999237060547,3.690000057220459,64050800,0.0,0.0
2022-07-15 00:00:00-04:00,3.640000104904175,3.7200000286102295,3.259999990463257,3.299999952316284,36462700,0.0,0.0
2022-07-18 00:00:00-04:00,3.369999885559082,3.6500000953674316,3.309999942779541,3.4000000953674316,36298800,0.0,0.0
2022-07-19 00:00:00-04:00,3.430000066757202,3.6700000762939453,3.309999942779541,3.559999942779541,40156300,0.0,0.0
2022-07-20 00:00:00-04:00,3.549999952316284,4.090000152587891,3.5299999713897705,3.940000057220459,64501400,0.0,0.0
2022-07-21 00:00:00-04:00,4.119999885559082,4.159999847412109,3.7200000286102295,3.75,52847600,0.0,0.0
2022-07-22 00:00:00-04:00,3.7300000190734863,3.75,3.4600000381469727,3.5,24532400,0.0,0.0
2022-07-25 00:00:00-04:00,3.5399999618530273,3.6500000953674316,3.369999885559082,3.5399999618530273,22597800,0.0,0.0
2022-07-26 00:00:00-04:00,3.490000009536743,3.5799999237060547,3.359999895095825,3.380000114440918,19538400,0.0,0.0
2022-07-27 00:00:00-04:00,3.440000057220459,3.450000047683716,3.1700000762939453,3.259999990463257,32419700,0.0,0.0
2022-07-28 00:00:00-04:00,3.299999952316284,3.6600000858306885,3.2799999713897705,3.6500000953674316,38507900,0.0,0.0
2022-07-29 00:00:00-04:00,3.4800000190734863,3.6700000762939453,3.4100000858306885,3.6500000953674316,23686800,0.0,0.0
2022-08-01 00:00:00-04:00,3.549999952316284,3.5899999141693115,3.4100000858306885,3.4200000762939453,20665500,0.0,0.0
2022-08-02 00:00:00-04:00,3.4200000762939453,3.950000047683716,3.369999885559082,3.9000000953674316,36341700,0.0,0.0
2022-08-03 00:00:00-04:00,3.9700000286102295,4.050000190734863,3.799999952316284,3.880000114440918,25686800,0.0,0.0
2022-08-04 00:00:00-04:00,3.8299999237060547,4.139999866485596,3.7899999618530273,4.03000020980835,28701000,0.0,0.0
2022-08-05 00:00:00-04:00,3.880000114440918,4.019999980926514,3.799999952316284,3.9000000953674316,24705500,0.0,0.0
2022-08-08 00:00:00-04:00,3.930000066757202,4.429999828338623,3.9000000953674316,4.300000190734863,48097500,0.0,0.0
2022-08-09 00:00:00-04:00,4.170000076293945,4.21999979019165,3.819999933242798,3.8399999141693115,32014400,0.0,0.0
2022-08-10 00:00:00-04:00,4.0,4.130000114440918,3.8399999141693115,4.059999942779541,30106100,0.0,0.0
2022-08-11 00:00:00-04:00,4.179999828338623,4.269999980926514,3.8499999046325684,3.8499999046325684,28716800,0.0,0.0
2022-08-12 00:00:00-04:00,3.9600000381469727,4.059999942779541,3.8299999237060547,4.03000020980835,23529400,0.0,0.0
2022-08-15 00:00:00-04:00,4.0,4.380000114440918,3.990000009536743,4.289999961853027,41284800,0.0,0.0
2022-08-16 00:00:00-04:00,4.329999923706055,4.480000019073486,4.119999885559082,4.199999809265137,43558100,0.0,0.0
2022-08-17 00:00:00-04:00,4.199999809265137,4.519999980926514,4.050000190734863,4.059999942779541,46225300,0.0,0.0
2022-08-18 00:00:00-04:00,4.090000152587891,4.110000133514404,3.9200000762939453,4.03000020980835,19964200,0.0,0.0
2022-08-19 00:00:00-04:00,3.9100000858306885,3.9800000190734863,3.7100000381469727,3.740000009536743,24832200,0.0,0.0
2022-08-22 00:00:00-04:00,3.6600000858306885,3.6600000858306885,3.509999990463257,3.5399999618530273,21924800,0.0,0.0
2022-08-23 00:00:00-04:00,3.619999885559082,3.690000057220459,3.5199999809265137,3.5799999237060547,15152900,0.0,0.0
2022-08-24 00:00:00-04:00,3.619999885559082,3.809999942779541,3.5399999618530273,3.759999990463257,19850000,0.0,0.0
2022-08-25 00:00:00-04:00,3.819999933242798,4.190000057220459,3.759999990463257,4.119999885559082,35868400,0.0,0.0
2022-08-26 00:00:00-04:00,4.059999942779541,4.079999923706055,3.799999952316284,3.8299999237060547,21520100,0.0,0.0
2022-08-29 00:00:00-04:00,3.7799999713897705,4.0,3.7100000381469727,3.890000104904175,17979400,0.0,0.0
2022-08-30 00:00:00-04:00,3.950000047683716,3.9600000381469727,3.690000057220459,3.7300000190734863,17028300,0.0,0.0
2022-08-31 00:00:00-04:00,3.7699999809265137,3.8299999237060547,3.690000057220459,3.799999952316284,15377000,0.0,0.0
2022-09-01 00:00:00-04:00,3.7300000190734863,3.7699999809265137,3.509999990463257,3.5799999237060547,17013200,0.0,0.0
2022-09-02 00:00:00-04:00,3.680000066757202,3.680000066757202,3.3499999046325684,3.359999895095825,22856200,0.0,0.0
2022-09-06 00:00:00-04:00,3.4100000858306885,3.4100000858306885,3.1600000858306885,3.1700000762939453,23649800,0.0,0.0
2022-09-07 00:00:00-04:00,3.180000066757202,3.319999933242798,3.140000104904175,3.2200000286102295,26637100,0.0,0.0
2022-09-08 00:00:00-04:00,3.180000066757202,3.299999952316284,3.119999885559082,3.299999952316284,18047300,0.0,0.0
2022-09-09 00:00:00-04:00,3.3499999046325684,3.490000009536743,3.3299999237060547,3.4000000953674316,18718600,0.0,0.0
2022-09-12 00:00:00-04:00,3.4200000762939453,3.5299999713897705,3.369999885559082,3.490000009536743,14253400,0.0,0.0
2022-09-13 00:00:00-04:00,3.3399999141693115,3.4100000858306885,3.299999952316284,3.319999933242798,14507800,0.0,0.0
2022-09-14 00:00:00-04:00,3.299999952316284,3.390000104904175,3.2699999809265137,3.380000114440918,10032800,0.0,0.0
2022-09-15 00:00:00-04:00,3.359999895095825,3.5199999809265137,3.3299999237060547,3.390000104904175,16737100,0.0,0.0
2022-09-16 00:00:00-04:00,3.3299999237060547,3.3399999141693115,3.1700000762939453,3.190000057220459,14584100,0.0,0.0
2022-09-19 00:00:00-04:00,3.180000066757202,3.2300000190734863,3.119999885559082,3.2200000286102295,10885600,0.0,0.0
2022-09-20 00:00:00-04:00,3.1600000858306885,3.2100000381469727,3.0799999237060547,3.0799999237060547,12245100,0.0,0.0
2022-09-21 00:00:00-04:00,3.0999999046325684,3.140000104904175,2.9800000190734863,2.9800000190734863,19437400,0.0,0.0
2022-09-22 00:00:00-04:00,2.990000009536743,3.0,2.799999952316284,2.799999952316284,21214600,0.0,0.0
2022-09-23 00:00:00-04:00,2.75,2.7799999713897705,2.6500000953674316,2.7200000286102295,21132700,0.0,0.0
2022-09-26 00:00:00-04:00,2.700000047683716,2.940000057220459,2.6700000762939453,2.700000047683716,19229200,0.0,0.0
2022-09-27 00:00:00-04:00,2.7899999618530273,2.880000114440918,2.7200000286102295,2.799999952316284,17735700,0.0,0.0
2022-09-28 00:00:00-04:00,2.8299999237060547,3.0299999713897705,2.7899999618530273,3.009999990463257,14257900,0.0,0.0
2022-09-29 00:00:00-04:00,2.9600000381469727,2.9700000286102295,2.809999942779541,2.859999895095825,11798500,0.0,0.0
2022-09-30 00:00:00-04:00,2.8399999141693115,2.9200000762939453,2.75,2.75,11862200,0.0,0.0
2022-10-03 00:00:00-04:00,2.7899999618530273,2.9000000953674316,2.7300000190734863,2.869999885559082,14575800,0.0,0.0
2022-10-04 00:00:00-04:00,2.950000047683716,3.059999942779541,2.930000066757202,3.0,15913400,0.0,0.0
2022-10-05 00:00:00-04:00,2.940000057220459,2.990000009536743,2.8299999237060547,2.9800000190734863,11323600,0.0,0.0
2022-10-06 00:00:00-04:00,2.9200000762939453,3.930000066757202,2.880000114440918,3.9000000953674316,103359400,0.0,0.0
2022-10-07 00:00:00-04:00,4.059999942779541,4.090000152587891,3.130000114440918,3.1700000762939453,118925000,0.0,0.0
2022-10-10 00:00:00-04:00,3.1500000953674316,3.2799999713897705,3.009999990463257,3.069999933242798,21634200,0.0,0.0
2022-10-11 00:00:00-04:00,3.0399999618530273,3.0999999046325684,2.8399999141693115,2.9000000953674316,23875200,0.0,0.0
2022-10-12 00:00:00-04:00,2.9000000953674316,3.0799999237060547,2.8299999237060547,3.0799999237060547,16374900,0.0,0.0
2022-10-13 00:00:00-04:00,2.9100000858306885,3.2699999809265137,2.9100000858306885,3.259999990463257,22985700,0.0,0.0
2022-10-14 00:00:00-04:00,3.259999990463257,3.4000000953674316,3.130000114440918,3.140000104904175,17526600,0.0,0.0
2022-10-17 00:00:00-04:00,3.2300000190734863,3.5299999713897705,3.2300000190734863,3.369999885559082,24818100,0.0,0.0
2022-10-18 00:00:00-04:00,3.4600000381469727,3.490000009536743,3.319999933242798,3.380000114440918,14018600,0.0,0.0
2022-10-19 00:00:00-04:00,3.3499999046325684,3.440000057220459,3.240000009536743,3.25,12590000,0.0,0.0
2022-10-20 00:00:00-04:00,3.2100000381469727,3.4600000381469727,3.190000057220459,3.2799999713897705,13336200,0.0,0.0
2022-10-21 00:00:00-04:00,3.2899999618530273,3.4100000858306885,3.2100000381469727,3.359999895095825,11778500,0.0,0.0
2022-10-24 00:00:00-04:00,3.3399999141693115,3.3399999141693115,3.130000114440918,3.1600000858306885,14896200,0.0,0.0
2022-10-25 00:00:00-04:00,3.190000057220459,3.690000057220459,3.190000057220459,3.5799999237060547,37851600,0.0,0.0
2022-10-26 00:00:00-04:00,3.490000009536743,3.7799999713897705,3.440000057220459,3.6700000762939453,23874700,0.0,0.0
2022-10-27 00:00:00-04:00,3.6600000858306885,3.7300000190734863,3.5199999809265137,3.5299999713897705,14493200,0.0,0.0
2022-10-28 00:00:00-04:00,3.549999952316284,3.6500000953674316,3.450000047683716,3.630000114440918,12083900,0.0,0.0
2022-10-31 00:00:00-04:00,3.5999999046325684,4.190000057220459,3.569999933242798,4.070000171661377,53085300,0.0,0.0
2022-11-01 00:00:00-04:00,3.9700000286102295,4.039999961853027,3.759999990463257,3.819999933242798,29013300,0.0,0.0
2022-11-02 00:00:00-04:00,3.7899999618530273,3.9100000858306885,3.5799999237060547,3.5799999237060547,24229600,0.0,0.0
2022-11-03 00:00:00-04:00,3.509999990463257,3.880000114440918,3.490000009536743,3.819999933242798,18617400,0.0,0.0
2022-11-04 00:00:00-04:00,3.950000047683716,3.9700000286102295,3.6500000953674316,3.809999942779541,20230000,0.0,0.0
2022-11-07 00:00:00-05:00,3.869999885559082,3.890000104904175,3.690000057220459,3.759999990463257,16682600,0.0,0.0
2022-11-08 00:00:00-05:00,3.759999990463257,3.950000047683716,3.7200000286102295,3.799999952316284,17622500,0.0,0.0
2022-11-09 00:00:00-05:00,3.75,4.039999961853027,3.5799999237060547,3.619999885559082,30962500,0.0,0.0
2022-11-10 00:00:00-05:00,3.8399999141693115,3.950000047683716,3.690000057220459,3.890000104904175,29531800,0.0,0.0
2022-11-11 00:00:00-05:00,3.9000000953674316,4.25,3.809999942779541,4.179999828338623,35574300,0.0,0.0
2022-11-14 00:00:00-05:00,4.389999866485596,4.400000095367432,4.050000190734863,4.150000095367432,33599700,0.0,0.0
2022-11-15 00:00:00-05:00,4.25,4.440000057220459,4.159999847412109,4.190000057220459,21253300,0.0,0.0
2022-11-16 00:00:00-05:00,4.139999866485596,4.199999809265137,3.9200000762939453,4.079999923706055,24491800,0.0,0.0
2022-11-17 00:00:00-05:00,4.0,4.150000095367432,3.950000047683716,4.070000171661377,14140600,0.0,0.0
2022-11-18 00:00:00-05:00,4.079999923706055,4.099999904632568,3.8399999141693115,3.859999895095825,13908000,0.0,0.0
2022-11-21 00:00:00-05:00,3.8399999141693115,3.880000114440918,3.6600000858306885,3.740000009536743,11395200,0.0,0.0
2022-11-22 00:00:00-05:00,3.7799999713897705,3.7799999713897705,3.5899999141693115,3.6600000858306885,13326100,0.0,0.0
2022-11-23 00:00:00-05:00,3.6700000762939453,3.8399999141693115,3.6500000953674316,3.7799999713897705,15585300,0.0,0.0
2022-11-25 00:00:00-05:00,3.75,3.859999895095825,3.7300000190734863,3.8499999046325684,6840400,0.0,0.0
2022-11-28 00:00:00-05:00,3.799999952316284,3.880000114440918,3.6500000953674316,3.6500000953674316,9126500,0.0,0.0
2022-11-29 00:00:00-05:00,3.690000057220459,3.799999952316284,3.680000066757202,3.7200000286102295,9192300,0.0,0.0
2022-11-30 00:00:00-05:00,3.740000009536743,3.869999885559082,3.6600000858306885,3.869999885559082,15012800,0.0,0.0
2022-12-01 00:00:00-05:00,3.859999895095825,4.179999828338623,3.819999933242798,4.170000076293945,21012900,0.0,0.0
2022-12-02 00:00:00-05:00,4.059999942779541,4.71999979019165,4.010000228881836,4.579999923706055,58056500,0.0,0.0
2022-12-05 00:00:00-05:00,4.659999847412109,5.119999885559082,4.5,4.679999828338623,62802900,0.0,0.0
2022-12-06 00:00:00-05:00,4.650000095367432,4.679999828338623,3.9000000953674316,4.059999942779541,48278300,0.0,0.0
2022-12-07 00:00:00-05:00,3.9800000190734863,4.070000171661377,3.6700000762939453,3.7100000381469727,29414500,0.0,0.0
2022-12-08 00:00:00-05:00,3.8399999141693115,3.8499999046325684,3.5199999809265137,3.569999933242798,22719200,0.0,0.0
2022-12-09 00:00:00-05:00,3.5799999237060547,3.690000057220459,3.4600000381469727,3.4800000190734863,23936600,0.0,0.0
2022-12-12 00:00:00-05:00,3.4800000190734863,3.6500000953674316,3.4200000762939453,3.5399999618530273,16112700,0.0,0.0
2022-12-13 00:00:00-05:00,3.690000057220459,3.7200000286102295,3.5,3.559999942779541,19918800,0.0,0.0
2022-12-14 00:00:00-05:00,3.5199999809265137,3.5399999618530273,3.369999885559082,3.390000104904175,18913200,0.0,0.0
2022-12-15 00:00:00-05:00,3.3499999046325684,3.380000114440918,3.1500000953674316,3.2200000286102295,20287500,0.0,0.0
2022-12-16 00:00:00-05:00,3.299999952316284,3.3299999237060547,3.130000114440918,3.259999990463257,19854800,0.0,0.0
2022-12-19 00:00:00-05:00,3.2200000286102295,3.2300000190734863,2.9600000381469727,2.9800000190734863,21737500,0.0,0.0
2022-12-20 00:00:00-05:00,2.9200000762939453,2.950000047683716,2.75,2.8299999237060547,28723400,0.0,0.0
2022-12-21 00:00:00-05:00,2.880000114440918,2.9600000381469727,2.809999942779541,2.9000000953674316,13787500,0.0,0.0
2022-12-22 00:00:00-05:00,2.890000104904175,2.890000104904175,2.690000057220459,2.799999952316284,15525100,0.0,0.0
2022-12-23 00:00:00-05:00,2.799999952316284,2.809999942779541,2.7100000381469727,2.7899999618530273,12166100,0.0,0.0
2022-12-27 00:00:00-05:00,2.7799999713897705,2.7799999713897705,2.609999895095825,2.630000114440918,14070000,0.0,0.0
2022-12-28 00:00:00-05:00,2.6500000953674316,2.7300000190734863,2.5199999809265137,2.5799999237060547,16899400,0.0,0.0
2022-12-29 00:00:00-05:00,2.630000114440918,2.690000057220459,2.5799999237060547,2.680000066757202,15589900,0.0,0.0
2022-12-30 00:00:00-05:00,2.630000114440918,2.7200000286102295,2.619999885559082,2.690000057220459,12088000,0.0,0.0
2023-01-03 00:00:00-05:00,2.7699999809265137,2.869999885559082,2.700000047683716,2.75,17710700,0.0,0.0
2023-01-04 00:00:00-05:00,2.799999952316284,2.990000009536743,2.75,2.9600000381469727,19297600,0.0,0.0
2023-01-05 00:00:00-05:00,2.890000104904175,2.950000047683716,2.819999933242798,2.940000057220459,14127500,0.0,0.0
2023-01-06 00:00:00-05:00,2.9700000286102295,2.9700000286102295,2.8399999141693115,2.950000047683716,14537700,0.0,0.0
2023-01-09 00:00:00-05:00,2.809999942779541,2.880000114440918,2.640000104904175,2.759999990463257,27965500,0.0,0.0
2023-01-10 00:00:00-05:00,2.740000009536743,2.809999942779541,2.700000047683716,2.7899999618530273,13199800,0.0,0.0
2023-01-11 00:00:00-05:00,2.809999942779541,3.0399999618530273,2.7799999713897705,3.0399999618530273,30754200,0.0,0.0
2023-01-12 00:00:00-05:00,3.049999952316284,3.309999942779541,2.950000047683716,3.2899999618530273,24552600,0.0,0.0
2023-01-13 00:00:00-05:00,3.2100000381469727,3.2899999618530273,3.119999885559082,3.1700000762939453,21853700,0.0,0.0
2023-01-17 00:00:00-05:00,3.190000057220459,3.2799999713897705,3.119999885559082,3.240000009536743,19775600,0.0,0.0
2023-01-18 00:00:00-05:00,3.259999990463257,3.359999895095825,3.049999952316284,3.069999933242798,19628600,0.0,0.0
2023-01-19 00:00:00-05:00,3.0299999713897705,3.059999942779541,2.9000000953674316,2.950000047683716,17316900,0.0,0.0
2023-01-20 00:00:00-05:00,2.990000009536743,3.069999933242798,2.9200000762939453,3.049999952316284,17331200,0.0,0.0
2023-01-23 00:00:00-05:00,3.069999933242798,3.240000009536743,3.059999942779541,3.180000066757202,20469900,0.0,0.0
2023-01-24 00:00:00-05:00,3.130000114440918,3.200000047683716,3.0899999141693115,3.109999895095825,11459100,0.0,0.0
2023-01-25 00:00:00-05:00,3.0899999141693115,3.140000104904175,2.990000009536743,3.0999999046325684,11303600,0.0,0.0
2023-01-26 00:00:00-05:00,3.140000104904175,3.190000057220459,3.0299999713897705,3.069999933242798,11907600,0.0,0.0
2023-01-27 00:00:00-05:00,3.0399999618530273,3.299999952316284,3.009999990463257,3.2100000381469727,24760900,0.0,0.0
2023-01-30 00:00:00-05:00,3.1700000762939453,3.190000057220459,3.069999933242798,3.0799999237060547,12849400,0.0,0.0
2023-01-31 00:00:00-05:00,3.140000104904175,3.2899999618530273,3.0999999046325684,3.240000009536743,16386900,0.0,0.0
2023-02-01 00:00:00-05:00,3.1700000762939453,3.380000114440918,3.119999885559082,3.3299999237060547,23954000,0.0,0.0
2023-02-02 00:00:00-05:00,3.440000057220459,3.5899999141693115,3.309999942779541,3.3499999046325684,26357100,0.0,0.0
2023-02-03 00:00:00-05:00,3.240000009536743,3.369999885559082,3.200000047683716,3.200000047683716,15391700,0.0,0.0
2023-02-06 00:00:00-05:00,3.2200000286102295,3.259999990463257,3.140000104904175,3.190000057220459,10537100,0.0,0.0
2023-02-07 00:00:00-05:00,3.180000066757202,3.200000047683716,3.0199999809265137,3.140000104904175,20418700,0.0,0.0
2023-02-08 00:00:00-05:00,3.130000114440918,3.1700000762939453,3.0299999713897705,3.0299999713897705,10583100,0.0,0.0
2023-02-09 00:00:00-05:00,3.0799999237060547,3.0799999237060547,2.819999933242798,2.859999895095825,19427100,0.0,0.0
2023-02-10 00:00:00-05:00,2.9100000858306885,2.940000057220459,2.7899999618530273,2.8399999141693115,14489700,0.0,0.0
2023-02-13 00:00:00-05:00,2.9000000953674316,2.9100000858306885,2.809999942779541,2.869999885559082,10834500,0.0,0.0
2023-02-14 00:00:00-05:00,2.859999895095825,2.9800000190734863,2.8299999237060547,2.9700000286102295,12053000,0.0,0.0
2023-02-15 00:00:00-05:00,2.9600000381469727,3.109999895095825,2.9100000858306885,3.0899999141693115,15949900,0.0,0.0
2023-02-16 00:00:00-05:00,3.0299999713897705,3.130000114440918,3.009999990463257,3.049999952316284,13495700,0.0,0.0
2023-02-17 00:00:00-05:00,3.0199999809265137,3.059999942779541,2.950000047683716,3.009999990463257,12259500,0.0,0.0
2023-02-21 00:00:00-05:00,2.950000047683716,2.9800000190734863,2.759999990463257,2.7799999713897705,15760000,0.0,0.0
2023-02-22 00:00:00-05:00,2.8399999141693115,2.859999895095825,2.759999990463257,2.8399999141693115,12465600,0.0,0.0
2023-02-23 00:00:00-05:00,2.869999885559082,2.890000104904175,2.7799999713897705,2.869999885559082,12161400,0.0,0.0
2023-02-24 00:00:00-05:00,2.8299999237060547,2.8299999237060547,2.7799999713897705,2.819999933242798,10475600,0.0,0.0
2023-02-27 00:00:00-05:00,2.8299999237060547,2.859999895095825,2.75,2.759999990463257,9943700,0.0,0.0
2023-02-28 00:00:00-05:00,2.759999990463257,2.8299999237060547,2.740000009536743,2.8299999237060547,10003700,0.0,0.0
2023-03-01 00:00:00-05:00,2.8299999237060547,2.8299999237060547,2.740000009536743,2.75,9041900,0.0,0.0
2023-03-02 00:00:00-05:00,2.75,2.759999990463257,2.700000047683716,2.7100000381469727,8846500,0.0,0.0
2023-03-03 00:00:00-05:00,2.75,2.809999942779541,2.7100000381469727,2.7699999809265137,10825000,0.0,0.0
2023-03-06 00:00:00-05:00,2.799999952316284,2.809999942779541,2.6700000762939453,2.690000057220459,10072900,0.0,0.0
2023-03-07 00:00:00-05:00,2.7100000381469727,2.7200000286102295,2.609999895095825,2.619999885559082,9254400,0.0,0.0
2023-03-08 00:00:00-05:00,2.619999885559082,2.619999885559082,2.569999933242798,2.5899999141693115,8798400,0.0,0.0
2023-03-09 00:00:00-05:00,2.5899999141693115,2.6600000858306885,2.509999990463257,2.5299999713897705,11453300,0.0,0.0
2023-03-10 00:00:00-05:00,2.569999933242798,2.569999933242798,2.4000000953674316,2.4200000762939453,15689900,0.0,0.0
2023-03-13 00:00:00-04:00,2.369999885559082,2.5299999713897705,2.3399999141693115,2.440000057220459,14039300,0.0,0.0
2023-03-14 00:00:00-04:00,2.5199999809265137,2.5299999713897705,2.380000114440918,2.4000000953674316,12705700,0.0,0.0
2023-03-15 00:00:00-04:00,2.3399999141693115,2.390000104904175,2.2799999713897705,2.359999895095825,11403800,0.0,0.0
2023-03-16 00:00:00-04:00,2.369999885559082,2.680000066757202,2.319999933242798,2.5799999237060547,26595200,0.0,0.0
2023-03-17 00:00:00-04:00,2.5799999237060547,2.6600000858306885,2.5199999809265137,2.609999895095825,19135900,0.0,0.0
2023-03-20 00:00:00-04:00,2.640000104904175,2.640000104904175,2.4600000381469727,2.4800000190734863,12690100,0.0,0.0
2023-03-21 00:00:00-04:00,2.490000009536743,2.7300000190734863,2.4800000190734863,2.6600000858306885,13197200,0.0,0.0
2023-03-22 00:00:00-04:00,2.6600000858306885,2.7300000190734863,2.559999942779541,2.569999933242798,8774800,0.0,0.0
2023-03-23 00:00:00-04:00,2.640000104904175,2.7100000381469727,2.559999942779541,2.609999895095825,8100700,0.0,0.0
2023-03-24 00:00:00-04:00,2.569999933242798,2.640000104904175,2.5399999618530273,2.619999885559082,5996400,0.0,0.0
2023-03-27 00:00:00-04:00,2.619999885559082,2.640000104904175,2.5399999618530273,2.609999895095825,6965300,0.0,0.0
2023-03-28 00:00:00-04:00,2.5899999141693115,2.5999999046325684,2.4700000286102295,2.5,10317000,0.0,0.0
2023-03-29 00:00:00-04:00,2.5299999713897705,2.5899999141693115,2.5199999809265137,2.5799999237060547,8146600,0.0,0.0
2023-03-30 00:00:00-04:00,2.619999885559082,2.619999885559082,2.509999990463257,2.5199999809265137,8003000,0.0,0.0
2023-03-31 00:00:00-04:00,2.549999952316284,2.5899999141693115,2.5199999809265137,2.5299999713897705,6631600,0.0,0.0
2023-04-03 00:00:00-04:00,2.5299999713897705,2.5799999237060547,2.509999990463257,2.5399999618530273,7268100,0.0,0.0
2023-04-04 00:00:00-04:00,2.569999933242798,2.569999933242798,2.4800000190734863,2.490000009536743,6209700,0.0,0.0
2023-04-05 00:00:00-04:00,2.490000009536743,2.5199999809265137,2.430000066757202,2.440000057220459,7076400,0.0,0.0
2023-04-06 00:00:00-04:00,2.4800000190734863,2.630000114440918,2.4200000762939453,2.5999999046325684,11187700,0.0,0.0
2023-04-10 00:00:00-04:00,2.5999999046325684,2.7699999809265137,2.559999942779541,2.740000009536743,18343200,0.0,0.0
2023-04-11 00:00:00-04:00,2.5799999237060547,2.609999895095825,2.4600000381469727,2.5199999809265137,22452400,0.0,0.0
2023-04-12 00:00:00-04:00,2.549999952316284,2.5799999237060547,2.450000047683716,2.4600000381469727,9495800,0.0,0.0
2023-04-13 00:00:00-04:00,2.4800000190734863,2.5199999809265137,2.430000066757202,2.450000047683716,11269600,0.0,0.0
2023-04-14 00:00:00-04:00,2.4600000381469727,2.5399999618530273,2.359999895095825,2.369999885559082,15864100,0.0,0.0
2023-04-17 00:00:00-04:00,2.380000114440918,2.509999990463257,2.359999895095825,2.5,11011700,0.0,0.0
2023-04-18 00:00:00-04:00,2.509999990463257,2.5299999713897705,2.440000057220459,2.4700000286102295,8102700,0.0,0.0
2023-04-19 00:00:00-04:00,2.440000057220459,2.4700000286102295,2.4000000953674316,2.4100000858306885,5226800,0.0,0.0
2023-04-20 00:00:00-04:00,2.4100000858306885,2.440000057220459,2.319999933242798,2.3499999046325684,8392700,0.0,0.0
2023-04-21 00:00:00-04:00,2.3499999046325684,2.380000114440918,2.299999952316284,2.299999952316284,7319600,0.0,0.0
2023-04-24 00:00:00-04:00,2.299999952316284,2.369999885559082,2.2799999713897705,2.3499999046325684,9287100,0.0,0.0
2023-04-25 00:00:00-04:00,2.3399999141693115,2.3399999141693115,2.2300000190734863,2.240000009536743,8246700,0.0,0.0
2023-04-26 00:00:00-04:00,2.2699999809265137,2.2699999809265137,2.1700000762939453,2.180000066757202,10413600,0.0,0.0
2023-04-27 00:00:00-04:00,2.319999933242798,2.430000066757202,2.2899999618530273,2.390000104904175,19100900,0.0,0.0
2023-04-28 00:00:00-04:00,2.4000000953674316,2.430000066757202,2.3399999141693115,2.3499999046325684,8299800,0.0,0.0
2023-05-01 00:00:00-04:00,2.3399999141693115,2.3499999046325684,2.240000009536743,2.2799999713897705,7373000,0.0,0.0
2023-05-02 00:00:00-04:00,2.2699999809265137,2.299999952316284,2.200000047683716,2.2799999713897705,7151100,0.0,0.0
2023-05-03 00:00:00-04:00,2.2799999713897705,2.450000047683716,2.259999990463257,2.390000104904175,11566900,0.0,0.0
2023-05-04 00:00:00-04:00,2.369999885559082,2.640000104904175,2.3499999046325684,2.5199999809265137,15465100,0.0,0.0
2023-05-05 00:00:00-04:00,2.6500000953674316,2.799999952316284,2.5899999141693115,2.7699999809265137,18649500,0.0,0.0
2023-05-08 00:00:00-04:00,2.75,2.7899999618530273,2.6600000858306885,2.7799999713897705,10527200,0.0,0.0
2023-05-09 00:00:00-04:00,2.700000047683716,2.869999885559082,2.700000047683716,2.7200000286102295,11308200,0.0,0.0
2023-05-10 00:00:00-04:00,2.7799999713897705,2.8499999046325684,2.7200000286102295,2.75,9751000,0.0,0.0
2023-05-11 00:00:00-04:00,2.75,2.759999990463257,2.4100000858306885,2.430000066757202,17731400,0.0,0.0
2023-05-12 00:00:00-04:00,2.4600000381469727,2.559999942779541,2.369999885559082,2.4100000858306885,8167000,0.0,0.0
2023-05-15 00:00:00-04:00,2.430000066757202,2.4600000381469727,2.3499999046325684,2.430000066757202,9236900,0.0,0.0
2023-05-16 00:00:00-04:00,2.4200000762939453,2.440000057220459,2.3399999141693115,2.3499999046325684,6865400,0.0,0.0
2023-05-17 00:00:00-04:00,2.380000114440918,2.450000047683716,2.319999933242798,2.4100000858306885,8873100,0.0,0.0
2023-05-18 00:00:00-04:00,2.4000000953674316,2.5,2.4000000953674316,2.440000057220459,7270900,0.0,0.0
2023-05-19 00:00:00-04:00,2.430000066757202,2.5,2.4000000953674316,2.4100000858306885,6517900,0.0,0.0
2023-05-22 00:00:00-04:00,2.4100000858306885,2.640000104904175,2.4100000858306885,2.5299999713897705,12682600,0.0,0.0
2023-05-23 00:00:00-04:00,2.509999990463257,2.5899999141693115,2.430000066757202,2.450000047683716,6353200,0.0,0.0
2023-05-24 00:00:00-04:00,2.450000047683716,2.450000047683716,2.359999895095825,2.4200000762939453,6084900,0.0,0.0
2023-05-25 00:00:00-04:00,2.440000057220459,2.440000057220459,2.319999933242798,2.359999895095825,12293900,0.0,0.0
2023-05-26 00:00:00-04:00,1.8300000429153442,1.899999976158142,1.8200000524520874,1.8600000143051147,51165800,0.0,0.0
2023-05-30 00:00:00-04:00,1.9299999475479126,1.9299999475479126,1.7799999713897705,1.8300000429153442,28001300,0.0,0.0
2023-05-31 00:00:00-04:00,1.8200000524520874,1.8200000524520874,1.659999966621399,1.6699999570846558,29268300,0.0,0.0
2023-06-01 00:00:00-04:00,1.6799999475479126,1.7799999713897705,1.6299999952316284,1.7000000476837158,26101500,0.0,0.0
2023-06-02 00:00:00-04:00,1.75,1.809999942779541,1.7100000381469727,1.7200000286102295,21246600,0.0,0.0
2023-06-05 00:00:00-04:00,1.75,1.75,1.6399999856948853,1.690000057220459,15641400,0.0,0.0
2023-06-06 00:00:00-04:00,1.690000057220459,1.7899999618530273,1.659999966621399,1.7699999809265137,15238500,0.0,0.0
2023-06-07 00:00:00-04:00,1.7899999618530273,1.8300000429153442,1.7000000476837158,1.7300000190734863,20954100,0.0,0.0
2023-06-08 00:00:00-04:00,1.7300000190734863,1.7300000190734863,1.649999976158142,1.6699999570846558,23608000,0.0,0.0
2023-06-09 00:00:00-04:00,1.6799999475479126,1.6799999475479126,1.5800000429153442,1.590000033378601,21188100,0.0,0.0
2023-06-12 00:00:00-04:00,1.600000023841858,1.6699999570846558,1.559999942779541,1.6699999570846558,18832300,0.0,0.0
2023-06-13 00:00:00-04:00,1.7000000476837158,1.75,1.6699999570846558,1.7100000381469727,14776100,0.0,0.0
2023-06-14 00:00:00-04:00,1.7200000286102295,1.7200000286102295,1.600000023841858,1.6399999856948853,15565200,0.0,0.0
2023-06-15 00:00:00-04:00,1.649999976158142,1.659999966621399,1.600000023841858,1.6100000143051147,19239400,0.0,0.0
2023-06-16 00:00:00-04:00,1.6200000047683716,1.6299999952316284,1.559999942779541,1.559999942779541,17849700,0.0,0.0
2023-06-20 00:00:00-04:00,1.5800000429153442,1.590000033378601,1.5199999809265137,1.5499999523162842,13105300,0.0,0.0
2023-06-21 00:00:00-04:00,1.5399999618530273,1.6299999952316284,1.5,1.5800000429153442,21880800,0.0,0.0
2023-06-22 00:00:00-04:00,1.559999942779541,1.6100000143051147,1.5199999809265137,1.6100000143051147,10902200,0.0,0.0
2023-06-23 00:00:00-04:00,1.5800000429153442,1.590000033378601,1.5099999904632568,1.5199999809265137,16274400,0.0,0.0
2023-06-26 00:00:00-04:00,1.5099999904632568,1.600000023841858,1.5099999904632568,1.5800000429153442,11070000,0.0,0.0
2023-06-27 00:00:00-04:00,1.5800000429153442,1.6200000047683716,1.5499999523162842,1.600000023841858,9573100,0.0,0.0
2023-06-28 00:00:00-04:00,1.590000033378601,1.600000023841858,1.5399999618530273,1.5800000429153442,10693800,0.0,0.0
2023-06-29 00:00:00-04:00,1.5800000429153442,1.6399999856948853,1.5700000524520874,1.6100000143051147,12202900,0.0,0.0
2023-06-30 00:00:00-04:00,1.6100000143051147,1.6100000143051147,1.5199999809265137,1.559999942779541,18646800,0.0,0.0
2023-07-03 00:00:00-04:00,1.559999942779541,1.7400000095367432,1.559999942779541,1.690000057220459,26865900,0.0,0.0
2023-07-05 00:00:00-04:00,1.690000057220459,1.690000057220459,1.600000023841858,1.6399999856948853,14611600,0.0,0.0
2023-07-06 00:00:00-04:00,1.600000023841858,1.690000057220459,1.5399999618530273,1.5499999523162842,21368900,0.0,0.0
2023-07-07 00:00:00-04:00,1.5700000524520874,1.6699999570846558,1.5299999713897705,1.6399999856948853,15951100,0.0,0.0
2023-07-10 00:00:00-04:00,1.6399999856948853,1.7599999904632568,1.6100000143051147,1.7200000286102295,20745400,0.0,0.0
2023-07-11 00:00:00-04:00,1.7400000095367432,1.8600000143051147,1.7000000476837158,1.7699999809265137,26659500,0.0,0.0
2023-07-12 00:00:00-04:00,1.8200000524520874,1.8300000429153442,1.690000057220459,1.7200000286102295,22645300,0.0,0.0
2023-07-13 00:00:00-04:00,1.7400000095367432,1.8300000429153442,1.7100000381469727,1.809999942779541,17790100,0.0,0.0
2023-07-14 00:00:00-04:00,1.7799999713897705,1.7899999618530273,1.6200000047683716,1.659999966621399,20718400,0.0,0.0
2023-07-17 00:00:00-04:00,1.659999966621399,1.7100000381469727,1.649999976158142,1.690000057220459,6612400,0.0,0.0
2023-07-18 00:00:00-04:00,1.6699999570846558,1.7000000476837158,1.6399999856948853,1.659999966621399,11085400,0.0,0.0
2023-07-19 00:00:00-04:00,1.6699999570846558,1.7899999618530273,1.659999966621399,1.7699999809265137,16618600,0.0,0.0
2023-07-20 00:00:00-04:00,1.7599999904632568,1.7599999904632568,1.6200000047683716,1.649999976158142,15086200,0.0,0.0
2023-07-21 00:00:00-04:00,1.6699999570846558,1.7000000476837158,1.6200000047683716,1.6799999475479126,8942600,0.0,0.0
2023-07-24 00:00:00-04:00,1.7000000476837158,1.7100000381469727,1.649999976158142,1.690000057220459,8483900,0.0,0.0
2023-07-25 00:00:00-04:00,1.6799999475479126,1.7200000286102295,1.659999966621399,1.6799999475479126,10774300,0.0,0.0
2023-07-26 00:00:00-04:00,1.9800000190734863,2.109999895095825,1.899999976158142,1.9299999475479126,97077000,0.0,0.0
2023-07-27 00:00:00-04:00,2.0199999809265137,2.299999952316284,1.9700000286102295,2.140000104904175,63616700,0.0,0.0
2023-07-28 00:00:00-04:00,2.1700000762939453,2.3299999237060547,2.130000114440918,2.2699999809265137,40786900,0.0,0.0
2023-07-31 00:00:00-04:00,2.369999885559082,2.549999952316284,2.259999990463257,2.5299999713897705,46875000,0.0,0.0
2023-08-01 00:00:00-04:00,2.509999990463257,2.509999990463257,2.3399999141693115,2.380000114440918,31597400,0.0,0.0
2023-08-02 00:00:00-04:00,2.25,2.549999952316284,2.2300000190734863,2.369999885559082,39267900,0.0,0.0
2023-08-03 00:00:00-04:00,2.369999885559082,2.4800000190734863,2.2899999618530273,2.4100000858306885,17142900,0.0,0.0
2023-08-04 00:00:00-04:00,2.430000066757202,2.5,2.2799999713897705,2.299999952316284,22318100,0.0,0.0
2023-08-07 00:00:00-04:00,2.3299999237060547,2.359999895095825,2.1600000858306885,2.2200000286102295,20349400,0.0,0.0
2023-08-08 00:00:00-04:00,2.450000047683716,3.0799999237060547,2.380000114440918,3.0199999809265137,125769700,0.0,0.0
2023-08-09 00:00:00-04:00,3.0,3.0299999713897705,2.759999990463257,2.859999895095825,49464400,0.0,0.0
2023-08-10 00:00:00-04:00,2.859999895095825,2.869999885559082,2.569999933242798,2.619999885559082,36628400,0.0,0.0
2023-08-11 00:00:00-04:00,2.569999933242798,2.75,2.549999952316284,2.619999885559082,21683000,0.0,0.0
2023-08-14 00:00:00-04:00,2.5999999046325684,2.6700000762939453,2.4800000190734863,2.619999885559082,16323400,0.0,0.0
2023-08-15 00:00:00-04:00,2.569999933242798,2.609999895095825,2.450000047683716,2.5199999809265137,19332300,0.0,0.0
2023-08-16 00:00:00-04:00,2.4700000286102295,2.7699999809265137,2.430000066757202,2.630000114440918,36005400,0.0,0.0
2023-08-17 00:00:00-04:00,2.619999885559082,2.799999952316284,2.569999933242798,2.6600000858306885,21946900,0.0,0.0
2023-08-18 00:00:00-04:00,2.5899999141693115,2.819999933242798,2.5799999237060547,2.640000104904175,22279000,0.0,0.0
2023-08-21 00:00:00-04:00,2.6500000953674316,2.7200000286102295,2.4600000381469727,2.490000009536743,21469900,0.0,0.0
2023-08-22 00:00:00-04:00,2.509999990463257,2.5799999237060547,2.4800000190734863,2.490000009536743,13351100,0.0,0.0
2023-08-23 00:00:00-04:00,2.4800000190734863,2.5299999713897705,2.440000057220459,2.490000009536743,10157700,0.0,0.0
2023-08-24 00:00:00-04:00,2.4800000190734863,2.490000009536743,2.25,2.259999990463257,19976600,0.0,0.0
2023-08-25 00:00:00-04:00,2.259999990463257,2.369999885559082,2.2200000286102295,2.3399999141693115,11898900,0.0,0.0
2023-08-28 00:00:00-04:00,2.3499999046325684,2.369999885559082,2.2799999713897705,2.3499999046325684,7869200,0.0,0.0
2023-08-29 00:00:00-04:00,2.3399999141693115,2.450000047683716,2.2899999618530273,2.4000000953674316,11341500,0.0,0.0
2023-08-30 00:00:00-04:00,2.380000114440918,2.9100000858306885,2.3499999046325684,2.6600000858306885,76248800,0.0,0.0
2023-08-31 00:00:00-04:00,2.75,3.109999895095825,2.6600000858306885,2.9600000381469727,89827700,0.0,0.0
2023-09-01 00:00:00-04:00,3.069999933242798,3.119999885559082,2.8499999046325684,2.990000009536743,51132900,0.0,0.0
2023-09-05 00:00:00-04:00,3.0,3.4000000953674316,2.9800000190734863,3.0899999141693115,76082200,0.0,0.0
2023-09-06 00:00:00-04:00,3.190000057220459,3.2699999809265137,2.8399999141693115,2.9800000190734863,53851500,0.0,0.0
2023-09-07 00:00:00-04:00,2.9200000762939453,3.109999895095825,2.809999942779541,2.9600000381469727,34784700,0.0,0.0
2023-09-08 00:00:00-04:00,2.9200000762939453,3.119999885559082,2.9200000762939453,3.0199999809265137,39678800,0.0,0.0
2023-09-11 00:00:00-04:00,3.059999942779541,3.369999885559082,3.0399999618530273,3.309999942779541,89968100,0.0,0.0
2023-09-12 00:00:00-04:00,3.2200000286102295,3.2799999713897705,2.9000000953674316,2.9100000858306885,60231500,0.0,0.0
2023-09-13 00:00:00-04:00,2.890000104904175,3.0,2.7799999713897705,2.940000057220459,28689900,0.0,0.0
2023-09-14 00:00:00-04:00,2.940000057220459,3.0999999046325684,2.9100000858306885,2.9800000190734863,34352400,0.0,0.0
2023-09-15 00:00:00-04:00,3.0999999046325684,3.2200000286102295,2.930000066757202,2.930000066757202,43652200,0.0,0.0
2023-09-18 00:00:00-04:00,2.9000000953674316,2.9100000858306885,2.5299999713897705,2.559999942779541,59139700,0.0,0.0
2023-09-19 00:00:00-04:00,2.5899999141693115,2.640000104904175,2.4200000762939453,2.4600000381469727,27754100,0.0,0.0
2023-09-20 00:00:00-04:00,2.490000009536743,2.5899999141693115,2.430000066757202,2.4700000286102295,22300300,0.0,0.0
2023-09-21 00:00:00-04:00,2.430000066757202,2.430000066757202,2.3399999141693115,2.380000114440918,22202100,0.0,0.0
2023-09-22 00:00:00-04:00,2.4200000762939453,2.4700000286102295,2.3499999046325684,2.4000000953674316,19106400,0.0,0.0
2023-09-25 00:00:00-04:00,2.380000114440918,2.5899999141693115,2.3499999046325684,2.569999933242798,21537100,0.0,0.0
2023-09-26 00:00:00-04:00,2.549999952316284,2.630000114440918,2.4000000953674316,2.4000000953674316,17793400,0.0,0.0
2023-09-27 00:00:00-04:00,2.5,2.619999885559082,2.309999942779541,2.4000000953674316,34393500,0.0,0.0
2023-09-28 00:00:00-04:00,2.390000104904175,2.4000000953674316,2.259999990463257,2.3499999046325684,18201800,0.0,0.0
2023-09-29 00:00:00-04:00,2.390000104904175,2.4200000762939453,2.3299999237060547,2.390000104904175,15538300,0.0,0.0
2023-10-02 00:00:00-04:00,2.4100000858306885,2.430000066757202,2.2100000381469727,2.2699999809265137,23222900,0.0,0.0
2023-10-03 00:00:00-04:00,2.259999990463257,2.309999942779541,2.200000047683716,2.240000009536743,17009600,0.0,0.0
2023-10-04 00:00:00-04:00,2.369999885559082,2.369999885559082,2.069999933242798,2.2200000286102295,36677600,0.0,0.0
2023-10-05 00:00:00-04:00,2.2200000286102295,2.2200000286102295,2.0999999046325684,2.119999885559082,22434900,0.0,0.0
2023-10-06 00:00:00-04:00,2.069999933242798,2.140000104904175,2.0299999713897705,2.059999942779541,21127500,0.0,0.0
2023-10-09 00:00:00-04:00,2.0199999809265137,2.0799999237060547,1.9299999475479126,2.0299999713897705,18650300,0.0,0.0
2023-10-10 00:00:00-04:00,2.0299999713897705,2.180000066757202,2.0299999713897705,2.130000114440918,16585100,0.0,0.0
2023-10-11 00:00:00-04:00,2.130000114440918,2.1700000762939453,2.049999952316284,2.049999952316284,13151900,0.0,0.0
2023-10-12 00:00:00-04:00,2.049999952316284,2.049999952316284,1.9500000476837158,1.9700000286102295,12975200,0.0,0.0
2023-10-13 00:00:00-04:00,1.9700000286102295,2.0399999618530273,1.9500000476837158,2.009999990463257,11246900,0.0,0.0
2023-10-16 00:00:00-04:00,2.009999990463257,2.049999952316284,1.9500000476837158,2.0299999713897705,11760000,0.0,0.0
2023-10-17 00:00:00-04:00,2.0,2.0999999046325684,1.9900000095367432,2.0799999237060547,10307400,0.0,0.0
2023-10-18 00:00:00-04:00,2.059999942779541,2.069999933242798,1.9600000381469727,1.9800000190734863,14931200,0.0,0.0
2023-10-19 00:00:00-04:00,1.9800000190734863,2.0199999809265137,1.909999966621399,1.909999966621399,11744100,0.0,0.0
2023-10-20 00:00:00-04:00,1.899999976158142,1.9299999475479126,1.8300000429153442,1.840000033378601,13239100,0.0,0.0
2023-10-23 00:00:00-04:00,1.7899999618530273,1.8600000143051147,1.75,1.7799999713897705,14087300,0.0,0.0
2023-10-24 00:00:00-04:00,1.7899999618530273,1.9500000476837158,1.7799999713897705,1.9299999475479126,14247600,0.0,0.0
2023-10-25 00:00:00-04:00,1.9199999570846558,1.9299999475479126,1.7899999618530273,1.7899999618530273,11485200,0.0,0.0
2023-10-26 00:00:00-04:00,1.7899999618530273,1.8300000429153442,1.75,1.7699999809265137,11679900,0.0,0.0
2023-10-27 00:00:00-04:00,1.7899999618530273,1.7999999523162842,1.7100000381469727,1.7100000381469727,10460000,0.0,0.0
2023-10-30 00:00:00-04:00,1.7300000190734863,1.7899999618530273,1.7000000476837158,1.7300000190734863,11544700,0.0,0.0
2023-10-31 00:00:00-04:00,1.7300000190734863,1.809999942779541,1.7200000286102295,1.7999999523162842,9577000,0.0,0.0
2023-11-01 00:00:00-04:00,1.7899999618530273,1.7999999523162842,1.7100000381469727,1.7300000190734863,8917200,0.0,0.0
2023-11-02 00:00:00-04:00,1.75,1.8799999952316284,1.7300000190734863,1.8200000524520874,10713800,0.0,0.0
2023-11-03 00:00:00-04:00,1.8899999856948853,1.9900000095367432,1.8600000143051147,1.9199999570846558,11883900,0.0,0.0
2023-11-06 00:00:00-05:00,1.9700000286102295,1.9800000190734863,1.8200000524520874,1.8300000429153442,12395100,0.0,0.0
2023-11-07 00:00:00-05:00,1.8300000429153442,1.850000023841858,1.7899999618530273,1.7899999618530273,10174000,0.0,0.0
2023-11-08 00:00:00-05:00,1.840000033378601,1.840000033378601,1.7300000190734863,1.7400000095367432,9417800,0.0,0.0
2023-11-09 00:00:00-05:00,1.7699999809265137,1.7799999713897705,1.659999966621399,1.659999966621399,12673400,0.0,0.0
2023-11-10 00:00:00-05:00,1.6699999570846558,1.7000000476837158,1.6100000143051147,1.6699999570846558,10729600,0.0,0.0
2023-11-13 00:00:00-05:00,1.659999966621399,1.7000000476837158,1.6100000143051147,1.6799999475479126,7795800,0.0,0.0
2023-11-14 00:00:00-05:00,1.7200000286102295,1.7699999809265137,1.690000057220459,1.7300000190734863,12789800,0.0,0.0
2023-11-15 00:00:00-05:00,1.7599999904632568,1.909999966621399,1.75,1.8200000524520874,17859800,0.0,0.0
2023-11-16 00:00:00-05:00,1.809999942779541,1.8200000524520874,1.7300000190734863,1.75,9014100,0.0,0.0
2023-11-17 00:00:00-05:00,1.7699999809265137,1.840000033378601,1.7300000190734863,1.8300000429153442,12901800,0.0,0.0
2023-11-20 00:00:00-05:00,1.840000033378601,1.8799999952316284,1.809999942779541,1.8200000524520874,11601100,0.0,0.0
2023-11-21 00:00:00-05:00,1.8200000524520874,1.8200000524520874,1.75,1.7799999713897705,8539500,0.0,0.0
2023-11-22 00:00:00-05:00,1.7999999523162842,1.8300000429153442,1.7699999809265137,1.7899999618530273,6128500,0.0,0.0
2023-11-24 00:00:00-05:00,1.7899999618530273,1.840000033378601,1.7799999713897705,1.7999999523162842,3647000,0.0,0.0
2023-11-27 00:00:00-05:00,1.7799999713897705,1.8300000429153442,1.7599999904632568,1.7699999809265137,7195400,0.0,0.0
2023-11-28 00:00:00-05:00,1.7699999809265137,1.7899999618530273,1.7200000286102295,1.7699999809265137,8381600,0.0,0.0
2023-11-29 00:00:00-05:00,1.7899999618530273,1.8799999952316284,1.7899999618530273,1.809999942779541,12084400,0.0,0.0
2023-11-30 00:00:00-05:00,1.809999942779541,1.8300000429153442,1.7599999904632568,1.809999942779541,10468700,0.0,0.0
2023-12-01 00:00:00-05:00,1.7899999618530273,1.909999966621399,1.7699999809265137,1.899999976158142,14390500,0.0,0.0
2023-12-04 00:00:00-05:00,1.8899999856948853,2.0899999141693115,1.8899999856948853,2.059999942779541,23704600,0.0,0.0
2023-12-05 00:00:00-05:00,2.0199999809265137,2.0899999141693115,1.850000023841858,1.8700000047683716,22826100,0.0,0.0
2023-12-06 00:00:00-05:00,1.899999976158142,1.9299999475479126,1.8300000429153442,1.840000033378601,12656600,0.0,0.0
2023-12-07 00:00:00-05:00,1.840000033378601,1.8700000047683716,1.7799999713897705,1.8600000143051147,16107800,0.0,0.0
2023-12-08 00:00:00-05:00,1.8600000143051147,1.9299999475479126,1.8300000429153442,1.9199999570846558,14496200,0.0,0.0
2023-12-11 00:00:00-05:00,1.899999976158142,1.9299999475479126,1.8300000429153442,1.840000033378601,17755200,0.0,0.0
2023-12-12 00:00:00-05:00,1.850000023841858,1.850000023841858,1.7699999809265137,1.7999999523162842,12859200,0.0,0.0
2023-12-13 00:00:00-05:00,1.7999999523162842,1.9199999570846558,1.75,1.909999966621399,20077700,0.0,0.0
2023-12-14 00:00:00-05:00,1.940000057220459,2.109999895095825,1.9299999475479126,2.059999942779541,36696200,0.0,0.0
2023-12-15 00:00:00-05:00,2.069999933242798,2.109999895095825,2.0,2.059999942779541,20611700,0.0,0.0
2023-12-18 00:00:00-05:00,2.059999942779541,2.059999942779541,1.9500000476837158,1.9800000190734863,18373300,0.0,0.0
2023-12-19 00:00:00-05:00,1.9900000095367432,2.059999942779541,1.9800000190734863,2.049999952316284,15428400,0.0,0.0
2023-12-20 00:00:00-05:00,2.0299999713897705,2.259999990463257,1.9800000190734863,2.009999990463257,40933200,0.0,0.0
2023-12-21 00:00:00-05:00,2.059999942779541,2.059999942779541,1.9700000286102295,2.0299999713897705,23350700,0.0,0.0
2023-12-22 00:00:00-05:00,2.009999990463257,2.2899999618530273,2.0,2.190000057220459,45095100,0.0,0.0
2023-12-26 00:00:00-05:00,2.259999990463257,2.3299999237060547,2.130000114440918,2.2899999618530273,28897600,0.0,0.0
2023-12-27 00:00:00-05:00,2.299999952316284,2.390000104904175,2.2300000190734863,2.240000009536743,33038600,0.0,0.0
2023-12-28 00:00:00-05:00,2.259999990463257,2.5199999809265137,2.2100000381469727,2.4100000858306885,35749400,0.0,0.0
2023-12-29 00:00:00-05:00,2.450000047683716,2.5,2.2899999618530273,2.299999952316284,28259700,0.0,0.0
2024-01-02 00:00:00-05:00,2.2699999809265137,2.4000000953674316,2.190000057220459,2.2200000286102295,24755100,0.0,0.0
2024-01-03 00:00:00-05:00,2.180000066757202,2.430000066757202,2.119999885559082,2.299999952316284,36108700,0.0,0.0
2024-01-04 00:00:00-05:00,2.3299999237060547,2.3299999237060547,2.200000047683716,2.2899999618530273,27077600,0.0,0.0
2024-01-05 00:00:00-05:00,2.2300000190734863,2.369999885559082,2.2100000381469727,2.2799999713897705,21525800,0.0,0.0
2024-01-08 00:00:00-05:00,2.309999942779541,2.380000114440918,2.25,2.3399999141693115,27976300,0.0,0.0
2024-01-09 00:00:00-05:00,2.4700000286102295,2.5399999618530273,2.0999999046325684,2.109999895095825,58630200,0.0,0.0
2024-01-10 00:00:00-05:00,2.109999895095825,2.109999895095825,1.9199999570846558,2.0,38811100,0.0,0.0
2024-01-11 00:00:00-05:00,1.9700000286102295,2.009999990463257,1.850000023841858,1.899999976158142,35939500,0.0,0.0
2024-01-12 00:00:00-05:00,1.9299999475479126,1.9700000286102295,1.840000033378601,1.8700000047683716,28875400,0.0,0.0
2024-01-16 00:00:00-05:00,1.9199999570846558,2.109999895095825,1.8899999856948853,2.0899999141693115,38976100,0.0,0.0
2024-01-17 00:00:00-05:00,2.0399999618530273,2.119999885559082,2.009999990463257,2.059999942779541,21444000,0.0,0.0
2024-01-18 00:00:00-05:00,2.0799999237060547,2.109999895095825,1.940000057220459,1.940000057220459,22699100,0.0,0.0
2024-01-19 00:00:00-05:00,1.9500000476837158,2.0,1.8899999856948853,2.0,21393400,0.0,0.0
2024-01-22 00:00:00-05:00,1.9900000095367432,2.0799999237060547,1.9800000190734863,2.0299999713897705,15071500,0.0,0.0
2024-01-23 00:00:00-05:00,2.049999952316284,2.0899999141693115,2.0,2.0299999713897705,12763800,0.0,0.0
2024-01-24 00:00:00-05:00,2.049999952316284,2.059999942779541,1.9500000476837158,1.9700000286102295,17860100,0.0,0.0
2024-01-25 00:00:00-05:00,1.9900000095367432,2.0199999809265137,1.9500000476837158,1.9900000095367432,14727900,0.0,0.0
2024-01-26 00:00:00-05:00,1.9800000190734863,2.009999990463257,1.909999966621399,1.909999966621399,12952800,0.0,0.0
2024-01-29 00:00:00-05:00,1.909999966621399,1.9800000190734863,1.8600000143051147,1.9600000381469727,17246000,0.0,0.0
2024-01-30 00:00:00-05:00,1.940000057220459,1.9600000381469727,1.899999976158142,1.899999976158142,11734200,0.0,0.0
2024-01-31 00:00:00-05:00,1.899999976158142,1.909999966621399,1.8200000524520874,1.8300000429153442,21727300,0.0,0.0
2024-02-01 00:00:00-05:00,1.840000033378601,2.009999990463257,1.840000033378601,1.9600000381469727,28183400,0.0,0.0
2024-02-02 00:00:00-05:00,1.9500000476837158,1.9700000286102295,1.850000023841858,1.8799999952316284,26135700,0.0,0.0
2024-02-05 00:00:00-05:00,1.8799999952316284,1.899999976158142,1.809999942779541,1.809999942779541,16503200,0.0,0.0
2024-02-06 00:00:00-05:00,1.8300000429153442,1.9700000286102295,1.7999999523162842,1.9700000286102295,26169700,0.0,0.0
2024-02-07 00:00:00-05:00,1.9500000476837158,1.9500000476837158,1.8700000047683716,1.8899999856948853,18407200,0.0,0.0
2024-02-08 00:00:00-05:00,1.909999966621399,1.9199999570846558,1.8700000047683716,1.8899999856948853,15790900,0.0,0.0
2024-02-09 00:00:00-05:00,1.909999966621399,1.9500000476837158,1.8700000047683716,1.8799999952316284,15080600,0.0,0.0
2024-02-12 00:00:00-05:00,1.8799999952316284,1.9199999570846558,1.850000023841858,1.8899999856948853,18182100,0.0,0.0
2024-02-13 00:00:00-05:00,1.850000023841858,1.8600000143051147,1.7599999904632568,1.7699999809265137,27038400,0.0,0.0
2024-02-14 00:00:00-05:00,1.8200000524520874,1.850000023841858,1.75,1.840000033378601,21726600,0.0,0.0
2024-02-15 00:00:00-05:00,1.840000033378601,1.8899999856948853,1.8200000524520874,1.850000023841858,15823700,0.0,0.0
2024-02-16 00:00:00-05:00,1.840000033378601,1.9199999570846558,1.809999942779541,1.9199999570846558,20380600,0.0,0.0
2024-02-20 00:00:00-05:00,1.909999966621399,1.909999966621399,1.7999999523162842,1.7999999523162842,17267200,0.0,0.0
2024-02-21 00:00:00-05:00,1.7999999523162842,1.809999942779541,1.75,1.7799999713897705,17472000,0.0,0.0
2024-02-22 00:00:00-05:00,1.7899999618530273,1.809999942779541,1.75,1.7899999618530273,14864300,0.0,0.0
2024-02-23 00:00:00-05:00,1.7999999523162842,1.809999942779541,1.7100000381469727,1.7599999904632568,20911500,0.0,0.0
2024-02-26 00:00:00-05:00,1.7400000095367432,1.7799999713897705,1.7100000381469727,1.7400000095367432,13657300,0.0,0.0
2024-02-27 00:00:00-05:00,1.75,1.850000023841858,1.7400000095367432,1.809999942779541,17317400,0.0,0.0
2024-02-28 00:00:00-05:00,1.7999999523162842,1.809999942779541,1.75,1.75,13523300,0.0,0.0
2024-02-29 00:00:00-05:00,1.7599999904632568,1.7799999713897705,1.7200000286102295,1.7300000190734863,13780000,0.0,0.0
2024-03-01 00:00:00-05:00,1.7599999904632568,1.7599999904632568,1.7100000381469727,1.7300000190734863,11307600,0.0,0.0
2024-03-04 00:00:00-05:00,1.7300000190734863,1.7400000095367432,1.6699999570846558,1.7000000476837158,17135600,0.0,0.0
2024-03-05 00:00:00-05:00,1.6799999475479126,1.690000057220459,1.6299999952316284,1.649999976158142,20567900,0.0,0.0
2024-03-06 00:00:00-05:00,1.659999966621399,1.7000000476837158,1.6299999952316284,1.6299999952316284,20293300,0.0,0.0
2024-03-07 00:00:00-05:00,1.6399999856948853,1.6699999570846558,1.600000023841858,1.6399999856948853,17575100,0.0,0.0
2024-03-08 00:00:00-05:00,1.6699999570846558,1.7699999809265137,1.659999966621399,1.7000000476837158,23610300,0.0,0.0
2024-03-11 00:00:00-04:00,1.690000057220459,1.7300000190734863,1.6699999570846558,1.6699999570846558,10327500,0.0,0.0
2024-03-12 00:00:00-04:00,1.6799999475479126,1.7100000381469727,1.659999966621399,1.6799999475479126,8415100,0.0,0.0
2024-03-13 00:00:00-04:00,1.6799999475479126,1.7100000381469727,1.659999966621399,1.6699999570846558,7708800,0.0,0.0
2024-03-14 00:00:00-04:00,1.6699999570846558,1.6799999475479126,1.600000023841858,1.600000023841858,11860100,0.0,0.0
2024-03-15 00:00:00-04:00,1.6299999952316284,1.7400000095367432,1.6100000143051147,1.7300000190734863,22808800,0.0,0.0
2024-03-18 00:00:00-04:00,1.8200000524520874,2.0399999618530273,1.7400000095367432,1.9199999570846558,63746600,0.0,0.0
2024-03-19 00:00:00-04:00,1.8700000047683716,1.9600000381469727,1.7999999523162842,1.9199999570846558,31023500,0.0,0.0
2024-03-20 00:00:00-04:00,1.9600000381469727,2.0199999809265137,1.8799999952316284,1.9800000190734863,37636300,0.0,0.0
2024-03-21 00:00:00-04:00,1.9600000381469727,2.0199999809265137,1.909999966621399,1.9500000476837158,26251100,0.0,0.0
2024-03-22 00:00:00-04:00,1.9800000190734863,2.369999885559082,1.940000057220459,2.309999942779541,95662500,0.0,0.0
2024-03-25 00:00:00-04:00,2.309999942779541,2.369999885559082,2.109999895095825,2.1500000953674316,53809400,0.0,0.0
2024-03-26 00:00:00-04:00,2.0899999141693115,2.4600000381469727,2.069999933242798,2.309999942779541,70707100,0.0,0.0
2024-03-27 00:00:00-04:00,2.3299999237060547,2.5299999713897705,2.240000009536743,2.4800000190734863,61091600,0.0,0.0
2024-03-28 00:00:00-04:00,2.4800000190734863,2.640000104904175,2.4000000953674316,2.4700000286102295,51923700,0.0,0.0
2024-04-01 00:00:00-04:00,2.440000057220459,2.4800000190734863,2.3299999237060547,2.430000066757202,35788000,0.0,0.0
2024-04-02 00:00:00-04:00,2.4100000858306885,2.569999933242798,2.369999885559082,2.4100000858306885,43468200,0.0,0.0
2024-04-03 00:00:00-04:00,2.4100000858306885,2.8499999046325684,2.3499999046325684,2.8499999046325684,75019800,0.0,0.0
2024-04-04 00:00:00-04:00,2.950000047683716,2.9700000286102295,2.630000114440918,2.680000066757202,82430300,0.0,0.0
2024-04-05 00:00:00-04:00,2.609999895095825,2.740000009536743,2.490000009536743,2.5999999046325684,39620000,0.0,0.0
2024-04-08 00:00:00-04:00,2.5899999141693115,2.7699999809265137,2.5399999618530273,2.5899999141693115,38801100,0.0,0.0
2024-04-09 00:00:00-04:00,2.119999885559082,2.25,2.0,2.059999942779541,80329900,0.0,0.0
2024-04-10 00:00:00-04:00,1.9700000286102295,2.1700000762939453,1.9600000381469727,2.0199999809265137,34913100,0.0,0.0
2024-04-11 00:00:00-04:00,2.0299999713897705,2.0299999713897705,1.8700000047683716,1.899999976158142,42051500,0.0,0.0
2024-04-12 00:00:00-04:00,1.8899999856948853,1.9700000286102295,1.7799999713897705,1.8200000524520874,36372700,0.0,0.0
2024-04-15 00:00:00-04:00,1.840000033378601,1.8700000047683716,1.7599999904632568,1.7799999713897705,32565200,0.0,0.0
2024-04-16 00:00:00-04:00,1.7599999904632568,1.8899999856948853,1.75,1.8300000429153442,38554700,0.0,0.0
2024-04-17 00:00:00-04:00,1.850000023841858,1.8799999952316284,1.7000000476837158,1.7200000286102295,40091200,0.0,0.0
2024-04-18 00:00:00-04:00,1.75,1.7899999618530273,1.690000057220459,1.7200000286102295,30521600,0.0,0.0
2024-04-19 00:00:00-04:00,1.7100000381469727,1.7599999904632568,1.7000000476837158,1.7300000190734863,20533600,0.0,0.0
2024-04-22 00:00:00-04:00,1.75,1.7699999809265137,1.649999976158142,1.7200000286102295,22870400,0.0,0.0
2024-04-23 00:00:00-04:00,1.7200000286102295,1.8700000047683716,1.7100000381469727,1.840000033378601,25194400,0.0,0.0
2024-04-24 00:00:00-04:00,1.8300000429153442,1.850000023841858,1.7799999713897705,1.840000033378601,17933200,0.0,0.0
2024-04-25 00:00:00-04:00,1.7899999618530273,1.7999999523162842,1.7400000095367432,1.75,18404500,0.0,0.0
2024-04-26 00:00:00-04:00,1.7699999809265137,1.850000023841858,1.75,1.7799999713897705,20427400,0.0,0.0
2024-04-29 00:00:00-04:00,1.7999999523162842,1.850000023841858,1.7599999904632568,1.7699999809265137,16919600,0.0,0.0
2024-04-30 00:00:00-04:00,1.7799999713897705,2.5199999809265137,1.7400000095367432,2.4700000286102295,154327000,0.0,0.0
2024-05-01 00:00:00-04:00,2.2899999618530273,2.3399999141693115,1.9600000381469727,2.0199999809265137,93648800,0.0,0.0
2024-05-02 00:00:00-04:00,2.059999942779541,2.200000047683716,2.009999990463257,2.0199999809265137,38034000,0.0,0.0
2024-05-03 00:00:00-04:00,2.049999952316284,2.1700000762939453,2.0399999618530273,2.0999999046325684,31589600,0.0,0.0
2024-05-06 00:00:00-04:00,2.140000104904175,2.2200000286102295,2.0399999618530273,2.049999952316284,32689900,0.0,0.0
2024-05-07 00:00:00-04:00,2.0299999713897705,2.0799999237060547,1.9800000190734863,1.9800000190734863,23305100,0.0,0.0
2024-05-08 00:00:00-04:00,1.9600000381469727,2.0,1.9299999475479126,1.9500000476837158,17118400,0.0,0.0
2024-05-09 00:00:00-04:00,1.9600000381469727,2.0299999713897705,1.909999966621399,1.9800000190734863,20737900,0.0,0.0
2024-05-10 00:00:00-04:00,1.9900000095367432,2.0299999713897705,1.9199999570846558,1.9299999475479126,14859500,0.0,0.0
2024-05-13 00:00:00-04:00,1.9500000476837158,2.119999885559082,1.9500000476837158,1.9900000095367432,19828400,0.0,0.0
2024-05-14 00:00:00-04:00,2.2100000381469727,2.309999942779541,2.069999933242798,2.0899999141693115,59363400,0.0,0.0
2024-05-15 00:00:00-04:00,2.119999885559082,2.1500000953674316,2.0299999713897705,2.069999933242798,18884200,0.0,0.0
2024-05-16 00:00:00-04:00,2.0399999618530273,2.2300000190734863,1.9800000190734863,2.119999885559082,65262200,0.0,0.0
2024-05-17 00:00:00-04:00,2.059999942779541,2.0799999237060547,1.9500000476837158,1.9800000190734863,52421100,0.0,0.0
2024-05-20 00:00:00-04:00,2.0,2.009999990463257,1.8899999856948853,1.940000057220459,26974400,0.0,0.0
2024-05-21 00:00:00-04:00,1.940000057220459,1.9600000381469727,1.899999976158142,1.909999966621399,13009700,0.0,0.0
2024-05-22 00:00:00-04:00,1.9199999570846558,1.9199999570846558,1.850000023841858,1.8600000143051147,14943300,0.0,0.0
2024-05-23 00:00:00-04:00,1.8899999856948853,1.8899999856948853,1.8200000524520874,1.8300000429153442,14489100,0.0,0.0
2024-05-24 00:00:00-04:00,1.840000033378601,1.8799999952316284,1.8300000429153442,1.850000023841858,10145700,0.0,0.0
2024-05-28 00:00:00-04:00,1.850000023841858,1.8600000143051147,1.7999999523162842,1.8200000524520874,13005400,0.0,0.0
2024-05-29 00:00:00-04:00,1.7999999523162842,1.8200000524520874,1.7799999713897705,1.809999942779541,10868600,0.0,0.0
2024-05-30 00:00:00-04:00,1.8200000524520874,1.8799999952316284,1.7899999618530273,1.7999999523162842,17555700,0.0,0.0
2024-05-31 00:00:00-04:00,1.8300000429153442,1.840000033378601,1.7799999713897705,1.7999999523162842,14063200,0.0,0.0
2024-06-03 00:00:00-04:00,1.8200000524520874,1.840000033378601,1.7799999713897705,1.7999999523162842,13333200,0.0,0.0
2024-06-04 00:00:00-04:00,1.7899999618530273,1.7999999523162842,1.75,1.7799999713897705,13206100,0.0,0.0
2024-06-05 00:00:00-04:00,1.7899999618530273,1.7899999618530273,1.75,1.7899999618530273,10615300,0.0,0.0
2024-06-06 00:00:00-04:00,1.7799999713897705,1.809999942779541,1.7400000095367432,1.7899999618530273,16810500,0.0,0.0
2024-06-07 00:00:00-04:00,1.7999999523162842,1.809999942779541,1.7599999904632568,1.7699999809265137,10680800,0.0,0.0
2024-06-10 00:00:00-04:00,1.7799999713897705,1.7899999618530273,1.7400000095367432,1.7799999713897705,13261900,0.0,0.0
2024-06-11 00:00:00-04:00,1.7699999809265137,1.7799999713897705,1.7300000190734863,1.75,12489000,0.0,0.0
2024-06-12 00:00:00-04:00,1.7699999809265137,1.8200000524520874,1.7599999904632568,1.7699999809265137,19011400,0.0,0.0
2024-06-13 00:00:00-04:00,1.7599999904632568,1.7899999618530273,1.7400000095367432,1.75,10381300,0.0,0.0
2024-06-14 00:00:00-04:00,1.7400000095367432,1.75,1.6799999475479126,1.7000000476837158,16564500,0.0,0.0
2024-06-17 00:00:00-04:00,1.7100000381469727,1.7200000286102295,1.6799999475479126,1.690000057220459,10500700,0.0,0.0
2024-06-18 00:00:00-04:00,1.690000057220459,1.7200000286102295,1.6799999475479126,1.690000057220459,7615100,0.0,0.0
2024-06-20 00:00:00-04:00,1.690000057220459,1.7200000286102295,1.6799999475479126,1.690000057220459,9970100,0.0,0.0
2024-06-21 00:00:00-04:00,1.6799999475479126,1.690000057220459,1.649999976158142,1.659999966621399,11195200,0.0,0.0
2024-06-24 00:00:00-04:00,1.659999966621399,1.7100000381469727,1.649999976158142,1.659999966621399,10166000,0.0,0.0
2024-06-25 00:00:00-04:00,1.659999966621399,1.6699999570846558,1.6100000143051147,1.6200000047683716,13205600,0.0,0.0
2024-06-26 00:00:00-04:00,1.6299999952316284,1.690000057220459,1.6100000143051147,1.690000057220459,12497300,0.0,0.0
2024-06-27 00:00:00-04:00,1.659999966621399,1.7400000095367432,1.649999976158142,1.7300000190734863,13865000,0.0,0.0
2024-06-28 00:00:00-04:00,1.7200000286102295,1.7300000190734863,1.659999966621399,1.659999966621399,11705600,0.0,0.0
2024-07-01 00:00:00-04:00,1.6699999570846558,1.7300000190734863,1.659999966621399,1.6799999475479126,10543700,0.0,0.0
2024-07-02 00:00:00-04:00,1.6699999570846558,1.6799999475479126,1.649999976158142,1.649999976158142,8028000,0.0,0.0
2024-07-03 00:00:00-04:00,1.659999966621399,1.7899999618530273,1.649999976158142,1.7300000190734863,16945400,0.0,0.0
2024-07-05 00:00:00-04:00,1.7200000286102295,1.75,1.7000000476837158,1.7300000190734863,10143300,0.0,0.0
2024-07-08 00:00:00-04:00,1.7200000286102295,1.7999999523162842,1.7100000381469727,1.75,10941800,0.0,0.0
2024-07-09 00:00:00-04:00,1.7599999904632568,1.850000023841858,1.7400000095367432,1.7599999904632568,16252500,0.0,0.0
2024-07-10 00:00:00-04:00,1.7899999618530273,1.840000033378601,1.7599999904632568,1.8300000429153442,10938900,0.0,0.0
2024-07-11 00:00:00-04:00,1.840000033378601,1.8799999952316284,1.809999942779541,1.850000023841858,16495000,0.0,0.0
2024-07-12 00:00:00-04:00,1.840000033378601,1.8799999952316284,1.8300000429153442,1.8799999952316284,12182600,0.0,0.0
2024-07-15 00:00:00-04:00,1.8300000429153442,1.9700000286102295,1.8200000524520874,1.909999966621399,21727400,0.0,0.0
2024-07-16 00:00:00-04:00,1.909999966621399,1.9500000476837158,1.8899999856948853,1.9299999475479126,18830300,0.0,0.0
2024-07-17 00:00:00-04:00,1.8799999952316284,2.009999990463257,1.8700000047683716,1.899999976158142,20899600,0.0,0.0
2024-07-18 00:00:00-04:00,1.909999966621399,1.9600000381469727,1.8200000524520874,1.8300000429153442,18194400,0.0,0.0
2024-07-19 00:00:00-04:00,1.840000033378601,1.850000023841858,1.7699999809265137,1.7899999618530273,14068000,0.0,0.0
2024-07-22 00:00:00-04:00,1.840000033378601,1.9199999570846558,1.809999942779541,1.9199999570846558,21148800,0.0,0.0
2024-07-23 00:00:00-04:00,1.909999966621399,1.9600000381469727,1.8899999856948853,1.8899999856948853,17926000,0.0,0.0
2024-07-24 00:00:00-04:00,1.8600000143051147,1.8899999856948853,1.7699999809265137,1.7899999618530273,22653900,0.0,0.0
2024-07-25 00:00:00-04:00,1.809999942779541,1.850000023841858,1.7699999809265137,1.7799999713897705,14388300,0.0,0.0
2024-07-26 00:00:00-04:00,1.7999999523162842,1.840000033378601,1.7799999713897705,1.8300000429153442,10757800,0.0,0.0
2024-07-29 00:00:00-04:00,1.850000023841858,1.8899999856948853,1.7999999523162842,1.8300000429153442,31389800,0.0,0.0
2024-07-30 00:00:00-04:00,2.0299999713897705,2.1500000953674316,1.940000057220459,2.009999990463257,72132500,0.0,0.0
2024-07-31 00:00:00-04:00,2.009999990463257,2.059999942779541,1.9500000476837158,2.0299999713897705,31451300,0.0,0.0
2024-08-01 00:00:00-04:00,2.0199999809265137,2.109999895095825,1.9800000190734863,1.9900000095367432,33238000,0.0,0.0
2024-08-02 00:00:00-04:00,1.909999966621399,1.9299999475479126,1.840000033378601,1.8600000143051147,23748000,0.0,0.0
2024-08-05 00:00:00-04:00,1.7000000476837158,1.7899999618530273,1.6799999475479126,1.7300000190734863,23772300,0.0,0.0
2024-08-06 00:00:00-04:00,1.7899999618530273,1.8200000524520874,1.7400000095367432,1.809999942779541,15430100,0.0,0.0
2024-08-07 00:00:00-04:00,1.8200000524520874,1.850000023841858,1.7300000190734863,1.75,31560400,0.0,0.0
2024-08-08 00:00:00-04:00,1.7799999713897705,1.8799999952316284,1.7599999904632568,1.850000023841858,24297400,0.0,0.0
2024-08-09 00:00:00-04:00,1.840000033378601,1.850000023841858,1.7699999809265137,1.7899999618530273,15619700,0.0,0.0
2024-08-12 00:00:00-04:00,1.8200000524520874,1.8300000429153442,1.5,1.7899999618530273,10952000,0.0,0.0
2024-08-13 00:00:00-04:00,1.7899999618530273,1.8899999856948853,1.7799999713897705,1.8700000047683716,18109900,0.0,0.0
2024-08-14 00:00:00-04:00,1.8700000047683716,1.9600000381469727,1.8600000143051147,1.9199999570846558,37348400,0.0,0.0
2024-08-15 00:00:00-04:00,1.9299999475479126,1.9800000190734863,1.9199999570846558,1.9500000476837158,19533300,0.0,0.0
2024-08-16 00:00:00-04:00,1.9299999475479126,1.9700000286102295,1.9299999475479126,1.940000057220459,16137400,0.0,0.0
2024-08-19 00:00:00-04:00,1.940000057220459,1.9600000381469727,1.8899999856948853,1.9299999475479126,15684400,0.0,0.0
2024-08-20 00:00:00-04:00,1.9299999475479126,1.9500000476837158,1.850000023841858,1.8700000047683716,14040700,0.0,0.0
2024-08-21 00:00:00-04:00,1.8700000047683716,1.899999976158142,1.850000023841858,1.8899999856948853,20789500,0.0,0.0
2024-08-22 00:00:00-04:00,1.8799999952316284,1.909999966621399,1.850000023841858,1.8700000047683716,12282700,0.0,0.0
2024-08-23 00:00:00-04:00,1.8799999952316284,1.9500000476837158,1.8700000047683716,1.9299999475479126,16448200,0.0,0.0
2024-08-26 00:00:00-04:00,1.9299999475479126,1.940000057220459,1.850000023841858,1.8600000143051147,18057800,0.0,0.0
2024-08-27 00:00:00-04:00,1.840000033378601,1.850000023841858,1.75,1.75,38819800,0.0,0.0
2024-08-28 00:00:00-04:00,1.75,1.7699999809265137,1.649999976158142,1.7000000476837158,35161900,0.0,0.0
2024-08-29 00:00:00-04:00,1.7100000381469727,1.7400000095367432,1.7000000476837158,1.7000000476837158,16613200,0.0,0.0
2024-08-30 00:00:00-04:00,1.7100000381469727,1.7200000286102295,1.6799999475479126,1.7100000381469727,14367500,0.0,0.0
2024-09-03 00:00:00-04:00,1.7200000286102295,1.7400000095367432,1.659999966621399,1.6799999475479126,19610800,0.0,0.0
2024-09-04 00:00:00-04:00,1.6699999570846558,1.7200000286102295,1.659999966621399,1.659999966621399,16599000,0.0,0.0
2024-09-05 00:00:00-04:00,1.6699999570846558,1.7000000476837158,1.659999966621399,1.6799999475479126,16248200,0.0,0.0
2024-09-06 00:00:00-04:00,1.6799999475479126,1.690000057220459,1.6200000047683716,1.6200000047683716,23956200,0.0,0.0
2024-09-09 00:00:00-04:00,1.659999966621399,1.7300000190734863,1.649999976158142,1.7000000476837158,30573900,0.0,0.0
2024-09-10 00:00:00-04:00,1.7100000381469727,1.7100000381469727,1.649999976158142,1.7000000476837158,18706100,0.0,0.0
2024-09-11 00:00:00-04:00,1.7000000476837158,1.7300000190734863,1.6699999570846558,1.7200000286102295,18655500,0.0,0.0
2024-09-12 00:00:00-04:00,1.7200000286102295,1.7400000095367432,1.690000057220459,1.7000000476837158,19500800,0.0,0.0
2024-09-13 00:00:00-04:00,1.7000000476837158,1.75,1.7000000476837158,1.7400000095367432,20725200,0.0,0.0
2024-09-16 00:00:00-04:00,1.75,1.809999942779541,1.7300000190734863,1.7999999523162842,16141800,0.0,0.0
2024-09-17 00:00:00-04:00,1.809999942779541,1.8799999952316284,1.7999999523162842,1.809999942779541,20662200,0.0,0.0
2024-09-18 00:00:00-04:00,1.809999942779541,1.8700000047683716,1.7899999618530273,1.7999999523162842,21409600,0.0,0.0
2024-09-19 00:00:00-04:00,1.8300000429153442,1.840000033378601,1.7699999809265137,1.7799999713897705,15568600,0.0,0.0
2024-09-20 00:00:00-04:00,1.7799999713897705,1.7799999713897705,1.7000000476837158,1.7200000286102295,21717500,0.0,0.0
2024-09-23 00:00:00-04:00,1.7100000381469727,1.7300000190734863,1.6799999475479126,1.690000057220459,25912800,0.0,0.0
2024-09-24 00:00:00-04:00,1.7100000381469727,1.7799999713897705,1.7000000476837158,1.7200000286102295,40276000,0.0,0.0
2024-09-25 00:00:00-04:00,1.7300000190734863,1.7300000190734863,1.6799999475479126,1.6799999475479126,16574900,0.0,0.0
2024-09-26 00:00:00-04:00,1.7100000381469727,1.7599999904632568,1.6799999475479126,1.7400000095367432,29163200,0.0,0.0
2024-09-27 00:00:00-04:00,1.75,1.7699999809265137,1.7300000190734863,1.7400000095367432,14995400,0.0,0.0
2024-09-30 00:00:00-04:00,1.7400000095367432,1.850000023841858,1.7300000190734863,1.7599999904632568,35158300,0.0,0.0
2024-10-01 00:00:00-04:00,1.75,1.7699999809265137,1.6799999475479126,1.6799999475479126,32849300,0.0,0.0
2024-10-02 00:00:00-04:00,1.6799999475479126,1.690000057220459,1.649999976158142,1.6799999475479126,28323200,0.0,0.0
2024-10-03 00:00:00-04:00,1.6799999475479126,1.7699999809265137,1.659999966621399,1.7000000476837158,38543500,0.0,0.0
2024-10-04 00:00:00-04:00,1.7200000286102295,1.7300000190734863,1.6799999475479126,1.690000057220459,23130000,0.0,0.0
2024-10-07 00:00:00-04:00,1.7000000476837158,1.7100000381469727,1.649999976158142,1.649999976158142,22495000,0.0,0.0
2024-10-08 00:00:00-04:00,1.659999966621399,1.6799999475479126,1.6399999856948853,1.649999976158142,25837600,0.0,0.0
2024-10-09 00:00:00-04:00,1.659999966621399,1.6699999570846558,1.6200000047683716,1.6299999952316284,36459500,0.0,0.0
2024-10-10 00:00:00-04:00,1.6200000047683716,1.6299999952316284,1.4500000476837158,1.590000033378601,35605400,0.0,0.0
2024-10-11 00:00:00-04:00,1.5800000429153442,1.649999976158142,1.5499999523162842,1.6299999952316284,24979700,0.0,0.0
2024-10-14 00:00:00-04:00,1.6399999856948853,1.6399999856948853,1.5700000524520874,1.590000033378601,20675800,0.0,0.0
2024-10-15 00:00:00-04:00,1.5800000429153442,1.600000023841858,1.559999942779541,1.5700000524520874,19160200,0.0,0.0
2024-10-16 00:00:00-04:00,1.5700000524520874,1.590000033378601,1.5700000524520874,1.5800000429153442,11703900,0.0,0.0
2024-10-17 00:00:00-04:00,1.5700000524520874,1.5800000429153442,1.5499999523162842,1.5700000524520874,10412500,0.0,0.0
2024-10-18 00:00:00-04:00,1.5700000524520874,1.600000023841858,1.5700000524520874,1.590000033378601,9902200,0.0,0.0
2024-10-21 00:00:00-04:00,1.5800000429153442,1.600000023841858,1.5700000524520874,1.5800000429153442,10460200,0.0,0.0
2024-10-22 00:00:00-04:00,1.5800000429153442,1.7300000190734863,1.5700000524520874,1.7100000381469727,51650700,0.0,0.0
2024-10-23 00:00:00-04:00,1.7000000476837158,1.7400000095367432,1.659999966621399,1.6799999475479126,30934500,0.0,0.0
2024-10-24 00:00:00-04:00,1.690000057220459,1.7200000286102295,1.6299999952316284,1.6399999856948853,18809600,0.0,0.0
2024-10-25 00:00:00-04:00,1.6399999856948853,1.7300000190734863,1.6399999856948853,1.690000057220459,28364900,0.0,0.0
2024-10-28 00:00:00-04:00,1.7100000381469727,1.7599999904632568,1.690000057220459,1.7300000190734863,26021800,0.0,0.0
2024-10-29 00:00:00-04:00,1.7200000286102295,1.7699999809265137,1.7000000476837158,1.7100000381469727,23317100,0.0,0.0
2024-10-30 00:00:00-04:00,1.7100000381469727,1.7200000286102295,1.6699999570846558,1.690000057220459,15775400,0.0,0.0
2024-10-31 00:00:00-04:00,1.6799999475479126,1.690000057220459,1.6299999952316284,1.6399999856948853,13778900,0.0,0.0
2024-11-01 00:00:00-04:00,1.659999966621399,1.690000057220459,1.6299999952316284,1.6399999856948853,16241100,0.0,0.0
2024-11-04 00:00:00-05:00,1.6799999475479126,1.8200000524520874,1.6699999570846558,1.7300000190734863,66268400,0.0,0.0
2024-11-05 00:00:00-05:00,1.7400000095367432,1.7799999713897705,1.7100000381469727,1.7699999809265137,27793700,0.0,0.0
2024-11-06 00:00:00-05:00,1.6299999952316284,1.690000057220459,1.5,1.5399999618530273,56070600,0.0,0.0
2024-11-07 00:00:00-05:00,1.5499999523162842,1.5700000524520874,1.5099999904632568,1.5499999523162842,29601300,0.0,0.0
2024-11-08 00:00:00-05:00,1.5399999618530273,1.5499999523162842,1.4800000190734863,1.4900000095367432,28493600,0.0,0.0
2024-11-11 00:00:00-05:00,1.4900000095367432,1.5,1.399999976158142,1.399999976158142,40659000,0.0,0.0
2024-11-12 00:00:00-05:00,1.3899999856948853,1.5099999904632568,1.3600000143051147,1.4700000286102295,42201600,0.0,0.0
2024-11-13 00:00:00-05:00,1.4800000190734863,1.4800000190734863,1.399999976158142,1.440000057220459,28598500,0.0,0.0
2024-11-14 00:00:00-05:00,1.440000057220459,1.4500000476837158,1.3799999952316284,1.3799999952316284,21474400,0.0,0.0
2024-11-15 00:00:00-05:00,1.3799999952316284,1.3899999856948853,1.3300000429153442,1.350000023841858,25225700,0.0,0.0
2024-11-18 00:00:00-05:00,1.3300000429153442,1.350000023841858,1.2999999523162842,1.3200000524520874,29276700,0.0,0.0
2024-11-19 00:00:00-05:00,1.2999999523162842,1.3300000429153442,1.2799999713897705,1.309999942779541,23346900,0.0,0.0
2024-11-20 00:00:00-05:00,1.309999942779541,1.3300000429153442,1.2799999713897705,1.2899999618530273,27932500,0.0,0.0
2024-11-21 00:00:00-05:00,1.2999999523162842,1.3600000143051147,1.2799999713897705,1.309999942779541,30417700,0.0,0.0
2024-11-22 00:00:00-05:00,1.2999999523162842,1.3899999856948853,1.2999999523162842,1.340000033378601,21989200,0.0,0.0
2024-11-25 00:00:00-05:00,1.3600000143051147,1.4500000476837158,1.3600000143051147,1.4199999570846558,31004200,0.0,0.0
2024-11-26 00:00:00-05:00,1.409999966621399,1.4199999570846558,1.350000023841858,1.3600000143051147,21482600,0.0,0.0
2024-11-27 00:00:00-05:00,1.3700000047683716,1.3899999856948853,1.340000033378601,1.3700000047683716,19946400,0.0,0.0
2024-11-29 00:00:00-05:00,1.3700000047683716,1.3799999952316284,1.3300000429153442,1.340000033378601,11141000,0.0,0.0
2024-12-02 00:00:00-05:00,1.340000033378601,1.3600000143051147,1.3200000524520874,1.340000033378601,26576000,0.0,0.0
2024-12-03 00:00:00-05:00,1.3300000429153442,1.340000033378601,1.2799999713897705,1.2999999523162842,29922300,0.0,0.0
2024-12-04 00:00:00-05:00,1.2999999523162842,1.309999942779541,1.2799999713897705,1.2799999713897705,18327300,0.0,0.0
2024-12-05 00:00:00-05:00,1.2799999713897705,1.340000033378601,1.2699999809265137,1.2999999523162842,37501500,0.0,0.0
2024-12-06 00:00:00-05:00,1.309999942779541,1.3300000429153442,1.2599999904632568,1.2799999713897705,34431100,0.0,0.0
2024-12-09 00:00:00-05:00,1.2799999713897705,1.3799999952316284,1.2799999713897705,1.309999942779541,41495100,0.0,0.0
2024-12-10 00:00:00-05:00,1.309999942779541,1.3200000524520874,1.25,1.2799999713897705,31800900,0.0,0.0
2024-12-11 00:00:00-05:00,1.2799999713897705,1.2799999713897705,1.2200000286102295,1.2599999904632568,38814500,0.0,0.0
2024-12-12 00:00:00-05:00,1.25,1.2599999904632568,1.2000000476837158,1.2100000381469727,32153300,0.0,0.0
2024-12-13 00:00:00-05:00,1.190000057220459,1.2200000286102295,1.149999976158142,1.190000057220459,48548000,0.0,0.0
2024-12-16 00:00:00-05:00,1.190000057220459,1.2400000095367432,1.159999966621399,1.2000000476837158,30605700,0.0,0.0
2024-12-17 00:00:00-05:00,1.2000000476837158,1.25,1.190000057220459,1.2400000095367432,26891600,0.0,0.0
2024-12-18 00:00:00-05:00,1.2100000381469727,1.25,1.159999966621399,1.159999966621399,27623600,0.0,0.0
2024-12-19 00:00:00-05:00,1.1799999475479126,1.2200000286102295,1.149999976158142,1.159999966621399,25584400,0.0,0.0
2024-12-20 00:00:00-05:00,1.1399999856948853,1.2799999713897705,1.1399999856948853,1.2599999904632568,38436400,0.0,0.0
2024-12-23 00:00:00-05:00,1.340000033378601,1.4500000476837158,1.309999942779541,1.4299999475479126,86654700,0.0,0.0
2024-12-24 00:00:00-05:00,1.5199999809265137,1.5299999713897705,1.3799999952316284,1.409999966621399,52686700,0.0,0.0
2024-12-26 00:00:00-05:00,1.440000057220459,1.4900000095367432,1.3799999952316284,1.4800000190734863,33490800,0.0,0.0
2024-12-27 00:00:00-05:00,1.5,1.5199999809265137,1.3899999856948853,1.4299999475479126,40746600,0.0,0.0
2024-12-30 00:00:00-05:00,1.409999966621399,1.4199999570846558,1.3300000429153442,1.3600000143051147,43789300,0.0,0.0
2024-12-31 00:00:00-05:00,1.3600000143051147,1.3799999952316284,1.2799999713897705,1.3300000429153442,36553200,0.0,0.0
2025-01-02 00:00:00-05:00,1.350000023841858,1.5,1.340000033378601,1.4600000381469727,56934300,0.0,0.0
2025-01-03 00:00:00-05:00,1.4800000190734863,1.4900000095367432,1.4299999475479126,1.4500000476837158,41739300,0.0,0.0
2025-01-06 00:00:00-05:00,1.4800000190734863,1.5099999904632568,1.399999976158142,1.399999976158142,45423600,0.0,0.0
2025-01-07 00:00:00-05:00,1.409999966621399,1.4800000190734863,1.4092999696731567,1.4500000476837158,51506073,0.0,0.0
