Date,Open,High,Low,Close,Volume,Dividends,Stock Splits
2022-01-03 00:00:00-05:00,42.36531958511682,42.36531958511682,41.39936356621359,42.009918212890625,2200,0.0,0.0
2022-01-04 00:00:00-05:00,42.79362272838963,42.83007469008554,42.43822479248047,42.43822479248047,700,0.0,0.0
2022-01-05 00:00:00-05:00,42.73894119262695,42.73894119262695,42.73894119262695,42.73894119262695,1000,0.0,0.0
2022-01-06 00:00:00-05:00,42.73894119262695,42.73894119262695,42.73894119262695,42.73894119262695,300,0.0,0.0
2022-01-07 00:00:00-05:00,42.37442416421881,42.72071075439453,42.37442416421881,42.72071075439453,700,0.0,0.0
2022-01-10 00:00:00-05:00,42.820958178813456,42.820958178813456,39.403665405143784,41.645408630371094,22700,0.0,0.0
2022-01-11 00:00:00-05:00,41.645408630371094,41.645408630371094,41.645408630371094,41.645408630371094,0,0.0,0.0
2022-01-12 00:00:00-05:00,42.21040143937621,42.37443177596382,41.50871688314035,41.918792724609375,8900,0.0,0.0
2022-01-13 00:00:00-05:00,42.374434552774495,42.50201293931398,41.736539143826754,42.05548858642578,4600,0.0,0.0
2022-01-14 00:00:00-05:00,41.91878903567136,41.91878903567136,41.46315002441406,41.46315002441406,400,0.0,0.0
2022-01-18 00:00:00-05:00,41.87322746527302,44.56149843193906,41.46315164387482,44.443031311035156,5400,0.0,0.0
2022-01-19 00:00:00-05:00,43.22191743060683,43.22191743060683,42.60224808938847,43.14901351928711,700,0.0,0.0
2022-01-20 00:00:00-05:00,43.14901351928711,43.14901351928711,43.14901351928711,43.14901351928711,300,0.0,0.0
2022-01-21 00:00:00-05:00,43.74134826660156,43.74134826660156,43.74134826660156,43.74134826660156,500,0.0,0.0
2022-01-24 00:00:00-05:00,43.12168284664298,43.28571319580078,42.948541245309904,43.28571319580078,4000,0.0,0.0
2022-01-25 00:00:00-05:00,43.71401491887643,44.6070671081543,43.71401491887643,44.6070671081543,2100,0.0,0.0
2022-01-26 00:00:00-05:00,42.875632042657365,43.741346895208345,42.830068834891506,43.46796417236328,1600,0.0,0.0
2022-01-27 00:00:00-05:00,43.513528587891884,44.19698715209961,43.28570906648931,44.19698715209961,2900,0.0,0.0
2022-01-28 00:00:00-05:00,43.5135383605957,43.5135383605957,43.5135383605957,43.5135383605957,1500,0.0,0.0
2022-01-31 00:00:00-05:00,43.2857092221578,43.74134826660156,43.2857092221578,43.74134826660156,800,0.0,0.0
2022-02-01 00:00:00-05:00,43.74134826660156,43.74134826660156,43.2857092221578,43.74134826660156,600,0.0,0.0
2022-02-02 00:00:00-05:00,43.3221549987793,43.3221549987793,43.3221549987793,43.3221549987793,200,0.0,0.0
2022-02-03 00:00:00-05:00,43.2857092221578,43.74134826660156,43.2857092221578,43.74134826660156,1900,0.0,0.0
2022-02-04 00:00:00-05:00,43.51353302598874,44.4521484375,43.294824733585436,44.4521484375,6700,0.0,0.0
2022-02-07 00:00:00-05:00,44.45214132298176,45.2176150095045,44.45214132298176,44.92600631713867,20600,0.0,0.0
2022-02-08 00:00:00-05:00,45.29051900132821,45.29051900132821,43.54997809481262,43.9509391784668,3600,0.0,0.0
2022-02-09 00:00:00-05:00,43.95094241372348,44.6526269689571,43.74134886754982,44.561500549316406,4800,0.0,0.0
2022-02-10 00:00:00-05:00,44.19698715209961,44.65262619490476,44.19698715209961,44.19698715209961,3700,0.0,0.0
2022-02-11 00:00:00-05:00,43.90537730557266,44.196986007314734,43.70489501953125,43.70489501953125,5000,0.0,0.0
2022-02-14 00:00:00-05:00,43.74134826660156,44.6526263554891,43.74134826660156,43.74134826660156,7400,0.0,0.0
2022-02-15 00:00:00-05:00,43.78690654938694,44.19698233849923,43.513523848728624,43.768680572509766,1600,0.0,0.0
2022-02-16 00:00:00-05:00,44.65262904373495,44.65262904373495,44.051185607910156,44.051185607910156,800,0.0,0.0
2022-02-17 00:00:00-05:00,43.74134203895177,44.06028793415265,43.74134203895177,44.01472473144531,1800,0.0,0.0
2022-02-18 00:00:00-05:00,43.65022277832031,43.65022277832031,43.65022277832031,43.65022277832031,400,0.0,0.0
2022-02-22 00:00:00-05:00,43.34038715894106,43.74134826660156,43.34038715894106,43.74134826660156,2200,0.0,0.0
2022-02-23 00:00:00-05:00,43.331277262395744,43.37684047667,42.83007495287811,42.84830093383789,7400,0.0,0.0
2022-02-24 00:00:00-05:00,42.957652497485185,43.74135228207237,41.15332213299974,43.28571319580078,5000,0.0,0.0
2022-02-25 00:00:00-05:00,43.28570873629153,43.28570873629153,42.83006969696215,43.26748275756836,7200,0.0,0.0
2022-02-28 00:00:00-05:00,42.7207163667099,42.73894234503453,42.41999293872835,42.429107666015625,2400,0.0,0.0
2022-03-01 00:00:00-05:00,42.20128915036583,42.78450656556091,41.25355911254883,41.25355911254883,3300,0.0,0.0
2022-03-02 00:00:00-05:00,41.599841633766445,41.599841633766445,41.18976584301882,41.36290740966797,13100,0.0,0.0
2022-03-03 00:00:00-05:00,41.09863675677191,41.727420806884766,41.05307355163686,41.727420806884766,8800,0.0,0.0
2022-03-04 00:00:00-05:00,43.285712142017005,43.285712142017005,41.23533630371094,41.23533630371094,3200,0.0,0.0
2022-03-07 00:00:00-05:00,42.07370557003156,43.258369806743396,41.00751192849073,41.37202453613281,19200,0.0,0.0
2022-03-08 00:00:00-05:00,41.463151823092616,41.918790854115606,41.09863920777424,41.17154312133789,6400,0.0,0.0
2022-03-09 00:00:00-05:00,41.28089208632724,42.456441523016444,41.01662063598633,41.01662063598633,14100,0.0,0.0
2022-03-10 00:00:00-05:00,41.23532785304067,42.63869675128936,40.87081527709961,40.87081527709961,9700,0.0,0.0
2022-03-11 00:00:00-05:00,40.98017630968484,43.26748275756836,40.98017630968484,43.26748275756836,8300,0.0,0.0
2022-03-14 00:00:00-04:00,42.40176499321457,43.71400756170848,42.40176499321457,43.06699752807617,15200,0.0,0.0
2022-03-15 00:00:00-04:00,43.06699140884897,43.73222732543945,42.37442174429829,43.73222732543945,7000,0.0,0.0
2022-03-16 00:00:00-04:00,43.05788015952891,43.73222732543945,42.146602272554745,43.73222732543945,35200,0.0,0.0
2022-03-17 00:00:00-04:00,41.700086619174556,43.42240524291992,41.681864115272724,43.42240524291992,30700,0.0,0.0
2022-03-18 00:00:00-04:00,43.05788686837604,43.7322341393566,42.5657958984375,42.5657958984375,57400,0.0,0.0
2022-03-21 00:00:00-04:00,42.51111973187117,43.285704634836804,42.51111973187117,42.966758728027344,26900,0.0,0.0
2022-03-22 00:00:00-04:00,42.693376518994256,43.29481991079305,42.53846091449683,43.03055191040039,34700,0.0,0.0
2022-03-23 00:00:00-04:00,42.720717780397536,43.74134826660156,42.720717780397536,43.74134826660156,13000,0.0,0.0
2022-03-24 00:00:00-04:00,42.879182250185586,43.56708356970728,42.879182250185586,43.49370574951172,1900,0.31,0.0
2022-03-25 00:00:00-04:00,42.897523605954895,43.3377799987793,42.44809323684534,43.3377799987793,1800,0.0,0.0
2022-03-28 00:00:00-04:00,42.67739043235524,42.87000543246113,42.31968235891742,42.466434478759766,6600,0.0,0.0
2022-03-29 00:00:00-04:00,41.36579895061843,42.182111475273956,41.36579895061843,42.08121871948242,2600,0.0,0.0
2022-03-30 00:00:00-04:00,42.191273787214946,42.42057418823242,42.191273787214946,42.42057418823242,1000,0.0,0.0
2022-03-31 00:00:00-04:00,42.365543791404676,42.42057715107737,42.365543791404676,42.383888244628906,3900,0.0,0.0
2022-04-01 00:00:00-04:00,42.282993454245194,42.466434478759766,41.64095511671398,42.466434478759766,5900,0.0,0.0
2022-04-04 00:00:00-04:00,42.402230265243745,42.402230265243745,41.549232482910156,41.549232482910156,2800,0.0,0.0
2022-04-05 00:00:00-04:00,41.741845695251314,41.741845695251314,41.384137610339245,41.62261199951172,2600,0.0,0.0
2022-04-06 00:00:00-04:00,42.15458983245372,42.209623194743784,41.43917361691722,41.75102233886719,2900,0.0,0.0
2022-04-07 00:00:00-04:00,41.64095684183469,42.54898452758789,41.5767530054217,42.54898452758789,2500,0.0,0.0
2022-04-08 00:00:00-04:00,42.383888229178744,42.411406658428405,41.27407505086751,41.84273910522461,4000,0.0,0.0
2022-04-11 00:00:00-04:00,41.68681599975712,41.732675382826066,41.27407455444336,41.27407455444336,1900,0.0,0.0
2022-04-12 00:00:00-04:00,41.36579332058124,41.50337496863471,41.27407455444336,41.27407455444336,3600,0.0,0.0
2022-04-13 00:00:00-04:00,41.319934916676516,41.494205474853516,41.27407553252084,41.494205474853516,3600,0.0,0.0
2022-04-14 00:00:00-04:00,41.50337522974308,41.64095687866211,41.457515846385625,41.64095687866211,1100,0.0,0.0
2022-04-18 00:00:00-04:00,41.64095687866211,41.64095687866211,41.64095687866211,41.64095687866211,0,0.0,0.0
2022-04-19 00:00:00-04:00,41.64095687866211,41.64095687866211,41.64095687866211,41.64095687866211,0,0.0,0.0
2022-04-20 00:00:00-04:00,41.64095790479526,41.64095790479526,41.32910919189453,41.32910919189453,1000,0.0,0.0
2022-04-21 00:00:00-04:00,41.21904119545264,41.80605319481369,41.21904119545264,41.27407455444336,4200,0.0,0.0
2022-04-22 00:00:00-04:00,41.27407455444336,41.613438187769496,41.24655962437133,41.27407455444336,8300,0.0,0.0
2022-04-25 00:00:00-04:00,40.632031002964,41.73267364501953,40.632031002964,41.73267364501953,4200,0.0,0.0
2022-04-26 00:00:00-04:00,40.806302124838965,40.95305424592478,40.49445343017578,40.49445343017578,3900,0.0,0.0
2022-04-27 00:00:00-04:00,40.4944613912579,40.4944613912579,38.33903503417969,38.33903503417969,9000,0.0,0.0
2022-04-28 00:00:00-04:00,36.68806579646177,37.99966442859301,34.85366250663868,35.66080093383789,48000,0.0,0.0
2022-04-29 00:00:00-04:00,35.46818257061809,36.577999114990234,35.312259985194615,36.577999114990234,2800,0.0,0.0
2022-05-02 00:00:00-04:00,36.715583321554,37.18335815287937,36.68806838989258,36.68806838989258,2000,0.0,0.0
2022-05-03 00:00:00-04:00,37.513544089489045,37.513544089489045,35.312259011322666,35.990989685058594,7500,0.0,0.0
2022-05-04 00:00:00-04:00,35.541562794847756,36.68806482048801,35.541562794847756,35.98181915283203,1300,0.0,0.0
2022-05-05 00:00:00-04:00,36.31201548288281,36.403734253444945,34.92704245385249,35.761695861816406,4400,0.0,0.0
2022-05-06 00:00:00-04:00,36.01851511466241,36.01851511466241,35.11965777030444,35.770870208740234,2800,0.0,0.0
2022-05-09 00:00:00-04:00,35.45902145671015,35.770870208740234,35.35812869886995,35.770870208740234,800,0.0,0.0
2022-05-10 00:00:00-04:00,34.39506740953637,35.58742904663086,34.39506740953637,35.58742904663086,14600,0.0,0.0
2022-05-11 00:00:00-04:00,34.55098379293887,35.46818542480469,34.08321250017979,35.46818542480469,10900,0.0,0.0
2022-05-12 00:00:00-04:00,35.46818542480469,35.46818542480469,35.46818542480469,35.46818542480469,0,0.0,0.0
2022-05-13 00:00:00-04:00,35.31227064220183,35.31227064220183,34.963732965276876,35.28475570678711,800,0.0,0.0
2022-05-16 00:00:00-04:00,34.853660583496094,35.27557247715212,34.57850080497462,34.853660583496094,2500,0.0,0.0
2022-05-17 00:00:00-04:00,35.77086978772771,35.77086978772771,34.853667998298796,35.202205657958984,2900,0.0,0.0
2022-05-18 00:00:00-04:00,35.12882141745649,35.12882141745649,34.853661630667894,35.08296203613281,1300,0.0,0.0
2022-05-19 00:00:00-04:00,35.02792762682886,35.02792762682886,34.853660583496094,34.853660583496094,4100,0.0,0.0
2022-05-20 00:00:00-04:00,33.94563128183831,34.670221419828216,33.93646080489706,34.5785026550293,6700,0.0,0.0
2022-05-23 00:00:00-04:00,34.716078944812146,34.853660583496094,34.62436018492046,34.853660583496094,1400,0.0,0.0
2022-05-24 00:00:00-04:00,33.98232298453173,34.80780593105755,33.93646359835738,34.358375549316406,6900,0.0,0.0
2022-05-25 00:00:00-04:00,34.055694530282224,35.312259674072266,33.98231672683796,35.312259674072266,2900,0.0,0.0
2022-05-26 00:00:00-04:00,34.42257878690432,35.156342948231405,34.14741897583008,34.14741897583008,1700,0.0,0.0
2022-05-27 00:00:00-04:00,34.532643460284206,35.082963049761425,34.27582461952777,34.771114349365234,10800,0.0,0.0
2022-05-31 00:00:00-04:00,34.62436018492046,35.211368645458656,34.62436018492046,34.853660583496094,1600,0.0,0.0
2022-06-01 00:00:00-04:00,34.395063428425935,34.670223236083984,34.395063428425935,34.670223236083984,1500,0.0,0.0
2022-06-02 00:00:00-04:00,34.40423026279543,34.853660583496094,34.312511502903746,34.853660583496094,7000,0.0,0.0
2022-06-03 00:00:00-04:00,34.853660583496094,34.853660583496094,34.853660583496094,34.853660583496094,0,0.0,0.0
2022-06-06 00:00:00-04:00,34.47760939090042,35.22054397033798,34.47760939090042,34.91786575317383,4100,0.0,0.0
2022-06-07 00:00:00-04:00,34.85366124199196,34.85366124199196,34.69773864746094,34.69773864746094,4600,0.0,0.0
2022-06-08 00:00:00-04:00,34.67939248442687,34.67939248442687,34.59684420349878,34.624359130859375,1700,0.0,0.0
2022-06-09 00:00:00-04:00,34.624359130859375,34.624359130859375,34.624359130859375,34.624359130859375,0,0.0,0.0
2022-06-10 00:00:00-04:00,34.275825074410136,34.275825074410136,34.25748062133789,34.25748062133789,1800,0.0,0.0
2022-06-13 00:00:00-04:00,34.257484123313596,34.42258071899414,34.257484123313596,34.42258071899414,1000,0.0,0.0
2022-06-14 00:00:00-04:00,34.60601532370335,34.60601532370335,33.936458587646484,33.936458587646484,1800,0.0,0.0
2022-06-15 00:00:00-04:00,34.84449478421905,34.84449478421905,33.753022501229104,34.349205017089844,4700,0.0,0.0
2022-06-16 00:00:00-04:00,33.753019286318015,34.14741626715013,33.110977445509,33.47785949707031,5800,0.0,0.0
2022-06-17 00:00:00-04:00,33.46868669671247,34.624359130859375,33.46868669671247,34.624359130859375,19200,0.0,0.0
2022-06-21 00:00:00-04:00,34.77111985772456,34.84449768066406,34.77111985772456,34.84449768066406,2100,0.0,0.0
2022-06-22 00:00:00-04:00,34.84448204812641,34.84448204812641,33.110968496795,34.83530807495117,3300,0.0,0.0
2022-06-23 00:00:00-04:00,35.593619235310086,35.593619235310086,33.938316345214844,33.938316345214844,700,0.31,0.0
2022-06-24 00:00:00-04:00,35.029515484292624,35.8987788296211,35.029515484292624,35.07575225830078,8900,0.0,0.0
2022-06-27 00:00:00-04:00,35.07575225830078,35.07575225830078,35.07575225830078,35.07575225830078,500,0.0,0.0
2022-06-28 00:00:00-04:00,34.21574096679688,34.67811584472656,33.39271424850449,34.67811584472656,2000,0.0,0.0
2022-06-29 00:00:00-04:00,34.66886520385742,34.66886520385742,34.66886520385742,34.66886520385742,900,0.0,0.0
2022-06-30 00:00:00-04:00,34.66886520385742,34.66886520385742,34.66886520385742,34.66886520385742,800,0.0,0.0
2022-07-01 00:00:00-04:00,34.13250468176158,35.1312358577892,33.383456299740864,34.63187026977539,4000,0.0,0.0
2022-07-05 00:00:00-04:00,34.67810792876763,34.67810792876763,34.19723774217197,34.28971481323242,900,0.0,0.0
2022-07-06 00:00:00-04:00,34.32670239053236,34.81682205200195,34.32670239053236,34.81682205200195,700,0.0,0.0
2022-07-07 00:00:00-04:00,34.21574096679688,34.67811584472656,34.21574096679688,34.67811584472656,1100,0.0,0.0
2022-07-08 00:00:00-04:00,34.631872937466476,34.67810971155393,33.725618760321304,34.27122116088867,3000,0.0,0.0
2022-07-11 00:00:00-04:00,34.17874731990298,34.20649220909315,33.79960009227807,34.197242736816406,1000,0.0,0.0
2022-07-12 00:00:00-04:00,33.5129250523851,34.65961251234506,33.5129250523851,34.465415954589844,700,0.0,0.0
2022-07-13 00:00:00-04:00,34.66886050087455,34.66886050087455,34.206485748291016,34.206485748291016,2800,0.0,0.0
2022-07-14 00:00:00-04:00,33.85508872706368,33.938316345214844,33.85508872706368,33.938316345214844,500,0.0,0.0
2022-07-15 00:00:00-04:00,34.44692611694336,34.44692611694336,34.44692611694336,34.44692611694336,3400,0.0,0.0
2022-07-18 00:00:00-04:00,34.44692611694336,34.44692611694336,34.44692611694336,34.44692611694336,400,0.0,0.0
2022-07-19 00:00:00-04:00,34.21573513845432,35.49189057189796,34.21573513845432,35.11274337768555,9600,0.0,0.0
2022-07-20 00:00:00-04:00,35.12198668365454,35.12198668365454,34.43767400775934,34.84456253051758,5100,0.0,0.0
2022-07-21 00:00:00-04:00,34.84456253051758,34.84456253051758,34.84456253051758,34.84456253051758,800,0.0,0.0
2022-07-22 00:00:00-04:00,34.34519693828735,35.13123615442149,34.25272339645486,34.84456253051758,2700,0.0,0.0
2022-07-25 00:00:00-04:00,34.678107333107505,34.84456253051758,34.66886138998005,34.84456253051758,25600,0.0,0.0
2022-07-26 00:00:00-04:00,34.67810820811366,34.81682205200195,34.67810820811366,34.81682205200195,6500,0.0,0.0
2022-07-27 00:00:00-04:00,34.400689337750656,34.67811354054701,34.23423411054482,34.44692611694336,7600,0.0,0.0
2022-07-28 00:00:00-04:00,34.43767371698318,34.63187026977539,34.43767371698318,34.63187026977539,500,0.0,0.0
2022-07-29 00:00:00-04:00,34.40069337639332,34.67811761175928,34.40069337639332,34.65962219238281,3700,0.0,0.0
2022-08-01 00:00:00-04:00,34.224980836957826,34.66886374530071,34.224980836957826,34.622623443603516,4900,0.0,0.0
2022-08-02 00:00:00-04:00,33.7533609563235,34.65036921195273,33.7533609563235,34.59488296508789,1200,0.0,0.0
2022-08-03 00:00:00-04:00,34.36369705200195,34.36369705200195,34.36369705200195,34.36369705200195,200,0.0,0.0
2022-08-04 00:00:00-04:00,34.51165771484375,34.51165771484375,34.51165771484375,34.51165771484375,200,0.0,0.0
2022-08-05 00:00:00-04:00,34.4561667742376,34.52090248834149,34.4561667742376,34.50240707397461,1500,0.0,0.0
2022-08-08 00:00:00-04:00,34.50240707397461,34.50240707397461,34.50240707397461,34.50240707397461,400,0.0,0.0
2022-08-09 00:00:00-04:00,34.456172943115234,34.456172943115234,34.456172943115234,34.456172943115234,400,0.0,0.0
2022-08-10 00:00:00-04:00,34.456172943115234,34.456172943115234,34.36369938236435,34.456172943115234,600,0.0,0.0
2022-08-11 00:00:00-04:00,34.10476801437637,34.44692439648143,34.10476801437637,34.151004791259766,700,0.0,0.0
2022-08-12 00:00:00-04:00,34.151004791259766,34.151004791259766,34.151004791259766,34.151004791259766,100,0.0,0.0
2022-08-15 00:00:00-04:00,33.753357804224635,34.84456253051758,33.753357804224635,34.84456253051758,4000,0.0,0.0
2022-08-16 00:00:00-04:00,34.84456253051758,34.84456253051758,34.84456253051758,34.84456253051758,300,0.0,0.0
2022-08-17 00:00:00-04:00,34.84456253051758,34.84456253051758,34.84456253051758,34.84456253051758,0,0.0,0.0
2022-08-18 00:00:00-04:00,34.483917236328125,34.483917236328125,34.483917236328125,34.483917236328125,2000,0.0,0.0
2022-08-19 00:00:00-04:00,34.15100758324192,34.807579040527344,34.15100758324192,34.807579040527344,800,0.0,0.0
2022-08-22 00:00:00-04:00,34.06777683497962,34.659616039397605,34.06777683497962,34.567142486572266,3700,0.0,0.0
2022-08-23 00:00:00-04:00,34.57638812421215,34.66886520385742,34.57638812421215,34.66886520385742,700,0.0,0.0
2022-08-24 00:00:00-04:00,34.66886520385742,34.66886520385742,34.66886520385742,34.66886520385742,0,0.0,0.0
2022-08-25 00:00:00-04:00,34.16024603854919,34.66886109725185,34.16024603854919,34.63187026977539,1100,0.0,0.0
2022-08-26 00:00:00-04:00,34.63187026977539,34.63187026977539,34.63187026977539,34.63187026977539,0,0.0,0.0
2022-08-29 00:00:00-04:00,34.63187026977539,34.63187026977539,34.63187026977539,34.63187026977539,0,0.0,0.0
2022-08-30 00:00:00-04:00,34.63187026977539,34.63187026977539,34.63187026977539,34.63187026977539,0,0.0,0.0
2022-08-31 00:00:00-04:00,34.39143578744437,34.56714046623906,34.058528900146484,34.058528900146484,1100,0.0,0.0
2022-09-01 00:00:00-04:00,34.058528900146484,34.058528900146484,34.058528900146484,34.058528900146484,0,0.0,0.0
2022-09-02 00:00:00-04:00,34.058528900146484,34.058528900146484,34.058528900146484,34.058528900146484,100,0.0,0.0
2022-09-06 00:00:00-04:00,34.058528900146484,34.058528900146484,34.058528900146484,34.058528900146484,0,0.0,0.0
2022-09-07 00:00:00-04:00,34.197242736816406,34.197242736816406,34.197242736816406,34.197242736816406,300,0.0,0.0
2022-09-08 00:00:00-04:00,34.197242736816406,34.197242736816406,34.197242736816406,34.197242736816406,0,0.0,0.0
2022-09-09 00:00:00-04:00,33.98455073377219,34.520907241341135,33.98455073377219,34.197242736816406,1000,0.0,0.0
2022-09-12 00:00:00-04:00,34.197242736816406,34.197242736816406,34.197242736816406,34.197242736816406,0,0.0,0.0
2022-09-13 00:00:00-04:00,33.993796394242395,34.16025161743164,33.98455044968301,34.16025161743164,1900,0.0,0.0
2022-09-14 00:00:00-04:00,32.856353759765625,32.856353759765625,32.856353759765625,32.856353759765625,1400,0.0,0.0
2022-09-15 00:00:00-04:00,32.92108566465313,32.92108566465313,32.78237533569336,32.78237533569336,4700,0.0,0.0
2022-09-16 00:00:00-04:00,32.50495206764025,34.40068817138672,31.996336930844844,34.40068817138672,11400,0.0,0.0
2022-09-19 00:00:00-04:00,33.8458366394043,34.12326436356929,33.8458366394043,33.8458366394043,900,0.0,0.0
2022-09-20 00:00:00-04:00,33.84583698007907,33.84583698007907,33.337225360057246,33.56841278076172,3800,0.0,0.0
2022-09-21 00:00:00-04:00,33.56841278076172,33.56841278076172,33.56841278076172,33.56841278076172,0,0.0,0.0
2022-09-22 00:00:00-04:00,33.56841278076172,33.56841278076172,33.56841278076172,33.56841278076172,0,0.0,0.0
2022-09-23 00:00:00-04:00,33.272499084472656,33.272499084472656,32.36624465738282,33.272499084472656,1100,0.0,0.0
2022-09-26 00:00:00-04:00,32.82861353955973,33.29098837814509,32.73613998289869,33.04130554199219,4100,0.0,0.0
2022-09-27 00:00:00-04:00,33.11593331913844,33.1439174761765,32.649511723094236,32.95735168457031,1900,0.31,0.0
2022-09-28 00:00:00-04:00,32.649512851811224,32.92936510740956,32.630855560302734,32.630855560302734,1000,0.0,0.0
2022-09-29 00:00:00-04:00,31.949881115262993,32.602872097934785,31.949881115262993,32.07115173339844,2000,0.0,0.0
2022-09-30 00:00:00-04:00,31.71666724431124,32.13644737542408,31.71666724431124,31.725994110107422,1000,0.0,0.0
2022-10-03 00:00:00-04:00,32.6215198449525,32.6215198449525,32.17375564575195,32.17375564575195,700,0.0,0.0
2022-10-04 00:00:00-04:00,31.716667234901124,32.08980591989389,31.520771026611328,31.520771026611328,2800,0.0,0.0
2022-10-05 00:00:00-04:00,31.716665267944336,31.716665267944336,31.716665267944336,31.716665267944336,400,0.0,0.0
2022-10-06 00:00:00-04:00,31.763306711047335,32.11778808395534,31.716665267944336,31.716665267944336,2700,0.0,0.0
2022-10-07 00:00:00-04:00,31.324878340128294,32.55623115712355,29.496504627576762,31.6047306060791,10000,0.0,0.0
2022-10-10 00:00:00-04:00,32.08980163245136,32.13644307221524,31.483452239979584,31.50210952758789,2700,0.0,0.0
2022-10-11 00:00:00-04:00,31.6513729095459,31.6513729095459,31.6513729095459,31.6513729095459,600,0.0,0.0
2022-10-12 00:00:00-04:00,30.802485663480155,32.071153099032195,30.802485663480155,31.6513729095459,900,0.0,0.0
2022-10-13 00:00:00-04:00,30.14016466079955,31.623385470852213,28.656942071489706,30.989051818847656,10100,0.0,0.0
2022-10-14 00:00:00-04:00,30.093518949618492,31.25024604044389,29.850981292364313,30.755840301513672,1200,0.0,0.0
2022-10-17 00:00:00-04:00,30.78382668359994,30.970396041870117,30.78382668359994,30.970396041870117,2600,0.0,0.0
2022-10-18 00:00:00-04:00,30.513302331867212,30.96106667186585,30.513302331867212,30.923755645751953,800,0.0,0.0
2022-10-19 00:00:00-04:00,30.317403861938224,31.418159117606674,30.317403861938224,30.326730728149414,1500,0.0,0.0
2022-10-20 00:00:00-04:00,30.802478790283203,30.802478790283203,30.802478790283203,30.802478790283203,600,0.0,0.0
2022-10-21 00:00:00-04:00,30.317401268669553,31.31554311806462,29.52448426425294,29.897621154785156,37700,0.0,0.0
2022-10-24 00:00:00-04:00,29.104707786543354,29.505828857421875,29.104707786543354,29.505828857421875,600,0.0,0.0
2022-10-25 00:00:00-04:00,29.44985748579851,30.317401885986328,29.44985748579851,30.317401885986328,2700,0.0,0.0
2022-10-26 00:00:00-04:00,30.27076175322365,30.783824787987243,29.85098161259369,30.186805725097656,9800,0.0,0.0
2022-10-27 00:00:00-04:00,30.01889124103154,30.447998212964595,30.01889124103154,30.065532684326172,2600,0.0,0.0
2022-10-28 00:00:00-04:00,30.317401491137932,30.317401491137932,30.298744201660156,30.298744201660156,700,0.0,0.0
2022-10-31 00:00:00-04:00,29.850983867495078,30.084194678959882,29.617773056030273,29.617773056030273,1600,0.0,0.0
2022-11-01 00:00:00-04:00,29.85097885131836,29.85097885131836,29.85097885131836,29.85097885131836,900,0.0,0.0
2022-11-02 00:00:00-04:00,29.515159840063035,30.065537499519955,29.03008270263672,29.03008270263672,4300,0.0,0.0
2022-11-03 00:00:00-04:00,28.93679586153272,29.132692075227748,28.041265483800277,28.824853897094727,9600,0.0,0.0
2022-11-04 00:00:00-04:00,28.918136596679688,28.918136596679688,28.918136596679688,28.918136596679688,300,0.0,0.0
2022-11-07 00:00:00-05:00,28.498356288079005,28.9088077545166,28.498356288079005,28.9088077545166,700,0.0,0.0
2022-11-08 00:00:00-05:00,28.60097344523346,28.908811641639797,28.55433199518233,28.815526962280273,3500,0.0,0.0
2022-11-09 00:00:00-05:00,28.81552328455502,28.918136596679688,28.106562302867513,28.918136596679688,13200,0.0,0.0
2022-11-10 00:00:00-05:00,28.918137922361886,29.850981081147754,28.918137922361886,29.571128845214844,5200,0.0,0.0
2022-11-11 00:00:00-05:00,29.16068007907013,29.804342416905033,28.918140621635857,29.617773056030273,4800,0.0,0.0
2022-11-14 00:00:00-05:00,29.76702308654785,29.76702308654785,29.76702308654785,29.76702308654785,800,0.0,0.0
2022-11-15 00:00:00-05:00,29.477845877162828,29.850982806391272,29.151350396866476,29.664413452148438,14800,0.0,0.0
2022-11-16 00:00:00-05:00,29.412543492517845,29.850979107628618,29.384557559071922,29.76702308654785,4500,0.0,0.0
2022-11-17 00:00:00-05:00,29.4311987495189,29.85097885131836,29.27261535320099,29.85097885131836,9800,0.0,0.0
2022-11-18 00:00:00-05:00,29.832321562514608,29.85097885131836,29.571126636290046,29.85097885131836,4900,0.0,0.0
2022-11-21 00:00:00-05:00,29.533812058682543,30.961060846286728,29.38455730676651,29.85097885131836,3200,0.0,0.0
2022-11-22 00:00:00-05:00,29.813664273710856,29.85097885131836,29.75769418655659,29.85097885131836,3300,0.0,0.0
2022-11-23 00:00:00-05:00,29.85097885131836,29.85097885131836,29.636425367846186,29.85097885131836,1700,0.0,0.0
2022-11-25 00:00:00-05:00,29.47784727452672,30.130836486816406,29.43120404412633,30.130836486816406,900,0.0,0.0
2022-11-28 00:00:00-05:00,30.08418846130371,30.08418846130371,29.85097769803779,30.08418846130371,2100,0.0,0.0
2022-11-29 00:00:00-05:00,30.084193328378966,30.084193328378966,29.87896668477859,30.037551879882812,6200,0.0,0.0
2022-11-30 00:00:00-05:00,30.084193328378966,30.084193328378966,29.440531019440236,30.037551879882812,3000,0.0,0.0
2022-12-01 00:00:00-05:00,29.673740010666567,30.643895958424043,29.673740010666567,30.3360595703125,8500,0.0,0.0
2022-12-02 00:00:00-05:00,30.270759770751816,31.436813663627355,30.270759770751816,31.15696144104004,19500,0.0,0.0
2022-12-05 00:00:00-05:00,30.905098150700248,31.017038345336914,30.783827530710322,31.017038345336914,4000,0.0,0.0
2022-12-06 00:00:00-05:00,30.970394921167163,31.017036369418296,30.783825569648233,31.007709503173828,7000,0.0,0.0
2022-12-07 00:00:00-05:00,30.81181170095141,32.136450978940026,30.65323005503465,31.6047306060791,11900,0.0,0.0
2022-12-08 00:00:00-05:00,31.47412749030481,33.274511384059316,31.464797066616832,32.38831329345703,16300,0.0,0.0
2022-12-09 00:00:00-05:00,32.34167504108668,32.649515033777945,32.313690881211016,32.54690170288086,13200,0.0,0.0
2022-12-12 00:00:00-05:00,32.500250905773406,32.500250905773406,31.940546518097957,32.453609466552734,7400,0.0,0.0
2022-12-13 00:00:00-05:00,32.453611698642185,33.30249876149234,31.968532868654385,32.37898254394531,40400,0.0,0.0
2022-12-14 00:00:00-05:00,32.61219320007728,32.61219320007728,32.15510208396296,32.5655517578125,3300,0.0,0.0
2022-12-15 00:00:00-05:00,32.54690202666471,32.78944327638246,32.18309371060287,32.55623245239258,11800,0.0,0.0
2022-12-16 00:00:00-05:00,32.183088838775454,32.50958251953125,32.183088838775454,32.50958251953125,10900,0.0,0.0
2022-12-19 00:00:00-05:00,32.416291551113765,32.593530425292464,32.21106496947597,32.481590270996094,3500,0.0,0.0
2022-12-20 00:00:00-05:00,32.18309092350143,32.46294317635073,32.18309092350143,32.41630172729492,8000,0.0,0.0
2022-12-21 00:00:00-05:00,32.397643058311914,32.8827219365969,32.397643058311914,32.742794036865234,5200,0.0,0.0
2022-12-22 00:00:00-05:00,32.742794036865234,32.742794036865234,32.742794036865234,32.742794036865234,100,0.0,0.0
2022-12-23 00:00:00-05:00,32.64950192356585,35.11220664215269,32.64950192356585,34.011451721191406,16300,0.0,0.0
2022-12-27 00:00:00-05:00,34.039689799599216,34.039689799599216,33.54104430791162,33.85152053833008,6500,0.31,0.0
2022-12-28 00:00:00-05:00,33.85152053833008,33.87033782336,33.428140597732046,33.85152053833008,6700,0.0,0.0
2022-12-29 00:00:00-05:00,33.81388827314418,34.086733541131025,33.418736027671144,34.04909896850586,29400,0.0,0.0
2022-12-30 00:00:00-05:00,34.12436089090464,34.12436089090464,33.870332962998596,34.058502197265625,7000,0.0,0.0
2023-01-03 00:00:00-05:00,34.08672632624531,34.08672632624531,33.98323306794696,34.058502197265625,1400,0.0,0.0
2023-01-04 00:00:00-05:00,34.32194245174426,34.32194245174426,34.039690349793496,34.11495590209961,4200,0.0,0.0
2023-01-05 00:00:00-05:00,34.105543608574976,34.26548512483269,34.058502197265625,34.058502197265625,2300,0.0,0.0
2023-01-06 00:00:00-05:00,34.03969211986476,34.321944236492705,33.889157418394504,34.04909896850586,12000,0.0,0.0
2023-01-09 00:00:00-05:00,33.90797389728081,34.18081915877058,33.79507018209382,34.0208740234375,2400,0.0,0.0
2023-01-10 00:00:00-05:00,34.0208740234375,34.0208740234375,33.87033932555182,34.0208740234375,1000,0.0,0.0
2023-01-11 00:00:00-05:00,34.0490981577191,34.0490981577191,34.0208740234375,34.0208740234375,800,0.0,0.0
2023-01-12 00:00:00-05:00,34.0302808718546,34.058508595166494,33.77625648525962,34.0208740234375,2000,0.0,0.0
2023-01-13 00:00:00-05:00,33.77625683477284,34.1055503682333,33.541046142578125,33.541046142578125,1700,0.0,0.0
2023-01-17 00:00:00-05:00,33.75743661234036,33.926788583111986,33.57867420484252,33.69157791137695,1900,0.0,0.0
2023-01-18 00:00:00-05:00,33.84211279430679,34.10554759969065,33.61630896895631,33.700984954833984,2600,0.0,0.0
2023-01-19 00:00:00-05:00,33.81388186645477,34.096137518634336,33.71979904174805,33.71979904174805,6100,0.0,0.0
2023-01-20 00:00:00-05:00,33.91737800448264,33.91737800448264,33.81388473510742,33.81388473510742,600,0.0,0.0
2023-01-23 00:00:00-05:00,33.86092758178711,33.86092758178711,33.86092758178711,33.86092758178711,500,0.0,0.0
2023-01-24 00:00:00-05:00,33.823290736127504,33.823290736127504,33.58808009622262,33.79506301879883,1300,0.0,0.0
2023-01-25 00:00:00-05:00,33.71039061452013,34.27489471435547,33.49399366758606,34.27489471435547,9100,0.0,0.0
2023-01-26 00:00:00-05:00,34.1620009099499,34.1620009099499,34.00205577912534,34.11495590209961,1100,0.0,0.0
2023-01-27 00:00:00-05:00,33.870341653764875,35.450957884729675,33.870341653764875,34.70769119262695,19900,0.0,0.0
2023-01-30 00:00:00-05:00,34.62300729399252,34.62300729399252,33.87033392458546,34.575965881347656,2400,0.0,0.0
2023-01-31 00:00:00-05:00,34.34076200237525,34.54774856567383,34.34076200237525,34.54774856567383,4600,0.0,0.0
2023-02-01 00:00:00-05:00,34.5289306640625,34.5289306640625,34.51952022642722,34.5289306640625,2200,0.0,0.0
2023-02-02 00:00:00-05:00,34.5101123416496,34.5101123416496,34.434843198948826,34.500701904296875,1900,0.0,0.0
2023-02-03 00:00:00-05:00,34.77354134525197,35.56384926623632,34.55714797973633,34.55714797973633,4700,0.0,0.0
2023-02-06 00:00:00-05:00,34.55714797973633,34.55714797973633,34.55714797973633,34.55714797973633,0,0.0,0.0
2023-02-07 00:00:00-05:00,35.281603340146816,35.281603340146816,35.234561920166016,35.234561920166016,1100,0.0,0.0
2023-02-08 00:00:00-05:00,34.93349175995735,34.98053317890734,34.93349175995735,34.97112274169922,1100,0.0,0.0
2023-02-09 00:00:00-05:00,35.17810821533203,35.17810821533203,35.17810821533203,35.17810821533203,800,0.0,0.0
2023-02-10 00:00:00-05:00,34.77354273144538,35.140470782774116,34.77354273144538,35.084022521972656,1200,0.0,0.0
2023-02-13 00:00:00-05:00,34.52892565784418,34.980529695041206,34.52892565784418,34.858219146728516,4200,0.0,0.0
2023-02-14 00:00:00-05:00,34.51011460655462,34.792366732146284,34.36898674924355,34.566566467285156,3200,0.0,0.0
2023-02-15 00:00:00-05:00,34.34075698236233,34.54774351540313,33.87033565383682,34.510108947753906,3700,0.0,0.0
2023-02-16 00:00:00-05:00,34.29372140727171,34.29372140727171,33.917382844751785,34.20904541015625,2700,0.0,0.0
2023-02-17 00:00:00-05:00,34.38780069553408,34.38780069553408,34.34075927734375,34.34075927734375,700,0.0,0.0
2023-02-21 00:00:00-05:00,34.1055508274436,34.1055508274436,33.87034013208192,34.04909896850586,3100,0.0,0.0
2023-02-22 00:00:00-05:00,34.1055450846001,34.1055450846001,33.59748920680029,33.86092758178711,5300,0.0,0.0
2023-02-23 00:00:00-05:00,33.399912506946414,33.87974065674638,33.399912506946414,33.84210968017578,4300,0.0,0.0
2023-02-24 00:00:00-05:00,33.58808667862545,33.926790640710486,33.39991741201929,33.75743865966797,3500,0.0,0.0
2023-02-27 00:00:00-05:00,33.682167053222656,33.7103947740181,33.541042805365386,33.682167053222656,1600,0.0,0.0
2023-02-28 00:00:00-05:00,33.43754513445933,33.66334533691406,33.305827751522486,33.66334533691406,4700,0.0,0.0
2023-03-01 00:00:00-05:00,33.80448286305301,34.46307355589812,33.399920162692325,33.72921371459961,4400,0.0,0.0
2023-03-02 00:00:00-05:00,33.72921371459961,33.72921371459961,33.72921371459961,33.72921371459961,500,0.0,0.0
2023-03-03 00:00:00-05:00,33.870338439941406,33.870338439941406,33.870338439941406,33.870338439941406,400,0.0,0.0
2023-03-06 00:00:00-05:00,33.588089294319744,34.246679984214346,33.588089294319744,34.20904541015625,2300,0.0,0.0
2023-03-07 00:00:00-05:00,33.87033319018934,33.87033319018934,33.82329177856445,33.82329177856445,400,0.0,0.0
2023-03-08 00:00:00-05:00,33.60690245928156,33.82329585002802,33.43755048582257,33.58808517456055,4000,0.0,0.0
2023-03-09 00:00:00-05:00,33.41873638456858,33.82329907203365,33.3528776762864,33.569271087646484,2500,0.0,0.0
2023-03-10 00:00:00-05:00,33.35287727730552,33.39991869851143,32.82600402832031,32.82600402832031,4500,0.0,0.0
2023-03-13 00:00:00-04:00,31.085440148033285,32.816590663491134,31.047805582929282,32.12977600097656,2600,0.0,0.0
2023-03-14 00:00:00-04:00,32.11096325155169,32.21445652568308,31.668766021728516,31.668766021728516,2700,0.0,0.0
2023-03-15 00:00:00-04:00,31.283020951197873,31.283020951197873,29.608320236206055,29.608320236206055,3700,0.0,0.0
2023-03-16 00:00:00-04:00,29.82471466064453,30.106966756177673,29.6365454006124,29.82471466064453,2100,0.0,0.0
2023-03-17 00:00:00-04:00,30.106963505191725,30.106963505191725,29.166120895654483,29.542457580566406,4500,0.0,0.0
2023-03-20 00:00:00-04:00,29.542459141317522,29.947021771914272,29.147305152654994,29.166122436523438,4800,0.0,0.0
2023-03-21 00:00:00-04:00,29.420149708361336,30.097555761406255,29.20375633239746,29.20375633239746,3700,0.0,0.0
2023-03-22 00:00:00-04:00,28.705109571307464,30.069330342063267,28.705109571307464,29.645952224731445,3500,0.0,0.0
2023-03-23 00:00:00-04:00,29.80748685225227,29.826489291289978,29.455915451049805,29.455915451049805,3000,0.31,0.0
2023-03-24 00:00:00-04:00,29.037827219188603,29.3893985748291,29.037827219188603,29.3893985748291,600,0.0,0.0
2023-03-27 00:00:00-04:00,29.170855803771406,29.199360365446033,28.211162959917967,28.88579750061035,3900,0.0,0.0
2023-03-28 00:00:00-04:00,28.543730738030487,28.543730738030487,28.249170303344727,28.249170303344727,2400,0.0,0.0
2023-03-29 00:00:00-04:00,28.458213806152344,28.458213806152344,28.39169893100505,28.458213806152344,1200,0.0,0.0
2023-03-30 00:00:00-04:00,28.22066659247451,28.410703659057617,28.22066659247451,28.410703659057617,400,0.0,0.0
2023-03-31 00:00:00-04:00,28.0496329596743,28.201663343275914,27.593541808869468,27.65055274963379,4900,0.0,0.0
2023-04-03 00:00:00-04:00,28.17315673828125,28.17315673828125,28.17315673828125,28.17315673828125,500,0.0,0.0
2023-04-04 00:00:00-04:00,27.555533442336138,28.002122469819405,26.89039915154859,27.127946853637695,5800,0.0,0.0
2023-04-05 00:00:00-04:00,27.536528910435784,27.536528910435784,26.98541831970215,26.98541831970215,1900,0.0,0.0
2023-04-06 00:00:00-04:00,27.04242904210978,27.555532939178757,27.04242904210978,27.441509246826172,1300,0.0,0.0
2023-04-10 00:00:00-04:00,27.127945299510866,29.835989310655158,27.080436486752824,28.52472686767578,5100,0.0,0.0
2023-04-11 00:00:00-04:00,28.695763519186585,30.311086827482217,27.080438398545787,29.455915451049805,2600,0.0,0.0
2023-04-12 00:00:00-04:00,29.36089324951172,29.36089324951172,29.36089324951172,29.36089324951172,700,0.0,0.0
2023-04-13 00:00:00-04:00,28.220670629186596,28.220670629186596,27.5555362701416,27.5555362701416,2200,0.0,0.0
2023-04-14 00:00:00-04:00,27.44150762541976,27.44150762541976,27.317983627319336,27.317983627319336,1300,0.0,0.0
2023-04-17 00:00:00-04:00,27.317983627319336,27.317983627319336,27.317983627319336,27.317983627319336,900,0.0,0.0
2023-04-18 00:00:00-04:00,29.769479751586914,29.769479751586914,29.769479751586914,29.769479751586914,400,0.0,0.0
2023-04-19 00:00:00-04:00,27.317983627319336,27.317983627319336,27.317983627319336,27.317983627319336,900,0.0,0.0
2023-04-20 00:00:00-04:00,27.51752430966254,28.078137018737063,27.51752430966254,28.030628204345703,1600,0.0,0.0
2023-04-21 00:00:00-04:00,28.030628204345703,28.030628204345703,28.030628204345703,28.030628204345703,0,0.0,0.0
2023-04-24 00:00:00-04:00,27.31798381337854,27.983118057250977,27.31798381337854,27.983118057250977,1600,0.0,0.0
2023-04-25 00:00:00-04:00,27.983118057250977,27.983118057250977,27.983118057250977,27.983118057250977,0,0.0,0.0
2023-04-26 00:00:00-04:00,27.080438163223874,27.92610740661621,27.080438163223874,27.92610740661621,2800,0.0,0.0
2023-04-27 00:00:00-04:00,27.5555362701416,27.5555362701416,27.5555362701416,27.5555362701416,300,0.0,0.0
2023-04-28 00:00:00-04:00,27.089939543105004,28.030628204345703,27.089939543105004,28.030628204345703,3500,0.0,0.0
2023-05-01 00:00:00-04:00,28.030628204345703,28.60074303876752,28.030628204345703,28.030628204345703,3600,0.0,0.0
2023-05-02 00:00:00-04:00,28.030628708637817,28.724267560363312,27.555533306796498,27.65055274963379,6100,0.0,0.0
2023-05-03 00:00:00-04:00,27.574537068788793,28.486719354220586,27.118445926072898,27.897602081298828,1800,0.0,0.0
2023-05-04 00:00:00-04:00,27.99262048986878,27.99262048986878,27.08043817902722,27.7265682220459,2100,0.0,0.0
2023-05-05 00:00:00-04:00,27.7265682220459,27.7265682220459,27.7265682220459,27.7265682220459,300,0.0,0.0
2023-05-08 00:00:00-04:00,27.3654924391245,27.555531311035153,27.317983627319336,27.317983627319336,3000,0.0,0.0
2023-05-09 00:00:00-04:00,27.317983627319336,27.317983627319336,27.317983627319336,27.317983627319336,1400,0.0,0.0
2023-05-10 00:00:00-04:00,26.60534136206866,27.184958307407,25.740667912789032,25.82618522644043,2500,0.0,0.0
2023-05-11 00:00:00-04:00,25.18005800710141,25.18005800710141,24.46741485595703,24.46741485595703,6800,0.0,0.0
2023-05-12 00:00:00-04:00,24.571934867492352,24.93300657699266,24.467413298693124,24.875995635986328,1800,0.0,0.0
2023-05-15 00:00:00-04:00,26.082735373912033,26.082735373912033,24.22986278866443,24.315380096435547,700,0.0,0.0
2023-05-16 00:00:00-04:00,24.990020808750906,24.990020808750906,24.25837516784668,24.25837516784668,2600,0.0,0.0
2023-05-17 00:00:00-04:00,23.764269944794492,26.130244602203526,23.764269944794492,24.65744972229004,3600,0.0,0.0
2023-05-18 00:00:00-04:00,22.81408398882027,24.70496368408203,22.81408398882027,24.70496368408203,3400,0.0,0.0
2023-05-19 00:00:00-04:00,24.70496368408203,24.70496368408203,24.70496368408203,24.70496368408203,100,0.0,0.0
2023-05-22 00:00:00-04:00,24.70496023217838,25.113542556762695,24.70496023217838,25.113542556762695,600,0.0,0.0
2023-05-23 00:00:00-04:00,24.799982837301037,24.799982837301037,23.75477248547124,24.229867935180664,700,0.0,0.0
2023-05-24 00:00:00-04:00,24.182355797410054,24.182355797410054,23.01361977408908,23.849788665771484,1400,0.0,0.0
2023-05-25 00:00:00-04:00,23.27967187396334,23.650245662618914,21.141742824313646,21.607336044311523,5800,0.0,0.0
2023-05-26 00:00:00-04:00,22.662048706025445,22.662048706025445,21.3792908901476,22.148944854736328,1400,0.0,0.0
2023-05-30 00:00:00-04:00,22.044425478676718,22.22496041099568,20.913698011868874,21.369789123535156,7700,0.0,0.0
2023-05-31 00:00:00-04:00,21.17975079134137,21.360285712790844,20.66664696235058,20.7331600189209,4200,0.0,0.0
2023-06-01 00:00:00-04:00,20.666647711465526,20.666647711465526,20.429100036621094,20.429100036621094,600,0.0,0.0
2023-06-02 00:00:00-04:00,21.027721913394238,21.027721913394238,20.448106749331465,20.647645950317383,1900,0.0,0.0
2023-06-05 00:00:00-04:00,20.82818289387952,20.82818289387952,19.725961685180664,19.725961685180664,4800,0.0,0.0
2023-06-06 00:00:00-04:00,19.954006111089715,20.41959936953373,18.72825915148286,19.62143898010254,9200,0.0,0.0
2023-06-07 00:00:00-04:00,19.668949973525585,20.191554180313304,19.668949973525585,19.896995544433594,2100,0.0,0.0
2023-06-08 00:00:00-04:00,19.6689478085474,19.954004287719727,19.00381360735212,19.954004287719727,4600,0.0,0.0
2023-06-09 00:00:00-04:00,19.963507838783364,20.267568588256836,19.963507838783364,20.267568588256836,2000,0.0,0.0
2023-06-12 00:00:00-04:00,20.429102729348575,20.429102729348575,20.19155502319336,20.19155502319336,3300,0.0,0.0
2023-06-13 00:00:00-04:00,20.020515575904376,20.419595698880816,20.020515575904376,20.286569595336914,2200,0.0,0.0
2023-06-14 00:00:00-04:00,20.42910214738809,20.666649846776323,20.096535005775536,20.239063262939453,6400,0.0,0.0
2023-06-15 00:00:00-04:00,20.410096838919266,20.410096838919266,20.19155340176881,20.2010555267334,1900,0.0,0.0
2023-06-16 00:00:00-04:00,20.191555366419227,20.53362464904785,19.954007656226057,20.53362464904785,15900,0.0,0.0
2023-06-20 00:00:00-04:00,20.429102220233137,20.666649920468405,20.429102220233137,20.571630477905273,5500,0.0,0.0
2023-06-21 00:00:00-04:00,20.88519287109375,20.88519287109375,20.88519287109375,20.88519287109375,500,0.0,0.0
2023-06-22 00:00:00-04:00,20.846641828710762,22.128474150369073,20.730988807449116,21.85861587524414,6100,0.31,0.0
2023-06-23 00:00:00-04:00,22.282683297322524,22.407974388288416,21.829703713839518,22.167028427124023,3500,0.0,0.0
2023-06-26 00:00:00-04:00,22.407969906408844,22.407969906408844,20.335835422502743,21.87788963317871,11700,0.0,0.0
2023-06-27 00:00:00-04:00,21.685133197090842,21.848976499221948,21.18396523312847,21.2032413482666,4200,0.0,0.0
2023-06-28 00:00:00-04:00,21.270705297396336,21.357445974736113,20.914106369018555,20.914106369018555,900,0.0,0.0
2023-06-29 00:00:00-04:00,20.65388493473041,21.2032413482666,20.65388493473041,21.2032413482666,500,0.0,0.0
2023-06-30 00:00:00-04:00,21.2032413482666,21.2032413482666,21.2032413482666,21.2032413482666,0,0.0,0.0
2023-07-03 00:00:00-04:00,21.33817081904281,22.36941909790039,21.33817081904281,22.36941909790039,800,0.0,0.0
2023-07-05 00:00:00-04:00,21.26106702347652,22.4079700935166,21.26106702347652,21.791149139404297,5000,0.0,0.0
2023-07-06 00:00:00-04:00,21.964632554472114,22.167026259690214,21.685134384479557,22.09956169128418,5400,0.0,0.0
2023-07-07 00:00:00-04:00,22.340505203565236,22.340505203565236,21.820061152467666,22.041732788085938,1200,0.0,0.0
2023-07-10 00:00:00-04:00,21.492375991080777,22.25376600411693,21.492375991080777,21.74295997619629,4200,0.0,0.0
2023-07-11 00:00:00-04:00,21.7429610496115,22.070647674149797,21.7429610496115,21.935718536376953,1200,0.0,0.0
2023-07-12 00:00:00-04:00,21.685135239884843,21.98390769958496,21.685135239884843,21.98390769958496,1700,0.0,0.0
2023-07-13 00:00:00-04:00,21.73332321498726,22.40797258733393,21.694772820200633,21.92608070373535,2200,0.0,0.0
2023-07-14 00:00:00-04:00,21.926079471630832,22.07064666093233,21.781512282329334,21.897165298461914,900,0.0,0.0
2023-07-17 00:00:00-04:00,21.83933813262962,22.398332595825195,21.83933813262962,22.398332595825195,800,0.0,0.0
2023-07-18 00:00:00-04:00,22.379057223917496,23.024792387173417,22.359782946683726,22.8416748046875,22600,0.0,0.0
2023-07-19 00:00:00-04:00,22.812760559636903,25.116203045399025,22.812760559636903,25.048738479614258,9000,0.0,0.0
2023-07-20 00:00:00-04:00,25.15475332337148,25.15475332337148,24.104229010726176,24.57648277282715,3000,0.0,0.0
2023-07-21 00:00:00-04:00,24.69213822741231,24.69213822741231,23.998212814331055,23.998212814331055,1200,0.0,0.0
2023-07-24 00:00:00-04:00,23.863285634484523,23.959664376185255,23.371755706255225,23.603063583374023,4500,0.0,0.0
2023-07-25 00:00:00-04:00,25.154752731323242,25.154752731323242,25.154752731323242,25.154752731323242,300,0.0,0.0
2023-07-26 00:00:00-04:00,24.094590953752107,24.57648277282715,24.094590953752107,24.57648277282715,800,0.0,0.0
2023-07-27 00:00:00-04:00,24.431915283203125,24.431915283203125,24.431915283203125,24.431915283203125,300,0.0,0.0
2023-07-28 00:00:00-04:00,24.431915283203125,24.431915283203125,24.431915283203125,24.431915283203125,100,0.0,0.0
2023-07-31 00:00:00-04:00,24.027129015552205,24.027129015552205,23.75726890563965,23.75726890563965,400,0.0,0.0
2023-08-01 00:00:00-04:00,23.371755074729688,24.046404410133597,22.436885533518257,23.70907974243164,4800,0.0,0.0
2023-08-02 00:00:00-04:00,23.35247914102918,24.094593048095703,23.35247914102918,24.094593048095703,500,0.0,0.0
2023-08-03 00:00:00-04:00,23.352479934692383,23.352479934692383,23.352479934692383,23.352479934692383,600,0.0,0.0
2023-08-04 00:00:00-04:00,23.13081169128418,23.13081169128418,23.13081169128418,23.13081169128418,400,0.0,0.0
2023-08-07 00:00:00-04:00,22.88986587524414,22.88986587524414,22.88986587524414,22.88986587524414,400,0.0,0.0
2023-08-08 00:00:00-04:00,23.29465501429498,23.371757646401726,23.13081169128418,23.13081169128418,3600,0.0,0.0
2023-08-09 00:00:00-04:00,23.969301223754883,23.969301223754883,23.554873942160047,23.969301223754883,1300,0.0,0.0
2023-08-10 00:00:00-04:00,23.371754526003173,23.969301223754883,23.005517531960937,23.969301223754883,700,0.0,0.0
2023-08-11 00:00:00-04:00,23.969301223754883,23.969301223754883,23.969301223754883,23.969301223754883,100,0.0,0.0
2023-08-14 00:00:00-04:00,23.90183448791504,23.90183448791504,23.90183448791504,23.90183448791504,400,0.0,0.0
2023-08-15 00:00:00-04:00,23.178998299705075,23.178998299705075,22.263404846191406,22.263404846191406,1600,0.0,0.0
2023-08-16 00:00:00-04:00,21.92608070373535,21.92608070373535,21.92608070373535,21.92608070373535,300,0.0,0.0
2023-08-17 00:00:00-04:00,22.1670252844181,22.1670252844181,21.212879634072685,21.665857315063477,600,0.0,0.0
2023-08-18 00:00:00-04:00,21.665857315063477,21.665857315063477,21.665857315063477,21.665857315063477,100,0.0,0.0
2023-08-21 00:00:00-04:00,21.926080028391763,21.926080028391763,20.615333557128906,20.615333557128906,1600,0.0,0.0
2023-08-22 00:00:00-04:00,20.72134780883789,21.203239618345748,20.72134780883789,20.72134780883789,1000,0.0,0.0
2023-08-23 00:00:00-04:00,22.167028427124023,22.167028427124023,20.557509333015016,22.167028427124023,1100,0.0,0.0
2023-08-24 00:00:00-04:00,21.058676652312933,21.569480895996094,20.653887377887024,21.569480895996094,1600,0.0,0.0
2023-08-25 00:00:00-04:00,20.740625381469727,20.740625381469727,20.740625381469727,20.740625381469727,400,0.0,0.0
2023-08-28 00:00:00-04:00,20.239457180608042,22.012819290161133,20.239457180608042,22.012819290161133,1900,0.0,0.0
2023-08-29 00:00:00-04:00,20.721348201954747,21.415271759033203,20.721348201954747,21.415271759033203,800,0.0,0.0
2023-08-30 00:00:00-04:00,20.962295532226562,20.962295532226562,20.962295532226562,20.962295532226562,300,0.0,0.0
2023-08-31 00:00:00-04:00,19.979236602783203,19.979236602783203,19.979236602783203,19.979236602783203,800,0.0,0.0
2023-09-01 00:00:00-04:00,19.497345163010593,19.497345163010593,19.41060447692871,19.41060447692871,700,0.0,0.0
2023-09-05 00:00:00-04:00,19.776841982762946,21.723685499678478,19.757565867560647,20.88519287109375,4100,0.0,0.0
2023-09-06 00:00:00-04:00,19.921409939123016,21.087587379798926,19.902133823176737,20.14307975769043,7000,0.0,0.0
2023-09-07 00:00:00-04:00,20.62497329711914,20.62497329711914,19.323864777715063,20.62497329711914,2100,0.0,0.0
2023-09-08 00:00:00-04:00,20.34547499686771,20.624971320857547,19.95032381718692,19.998512268066406,6400,0.0,0.0
2023-09-11 00:00:00-04:00,20.04670140455026,20.287647343731255,18.784145197957894,18.947988510131836,8400,0.0,0.0
2023-09-12 00:00:00-04:00,19.082919197125953,19.728654440087695,18.98654228424623,19.19857406616211,9300,0.0,0.0
2023-09-13 00:00:00-04:00,20.14307882912234,20.5767822265625,20.14307882912234,20.5767822265625,600,0.0,0.0
2023-09-14 00:00:00-04:00,20.5767822265625,20.5767822265625,20.5767822265625,20.5767822265625,0,0.0,0.0
2023-09-15 00:00:00-04:00,19.902134201319388,21.68513451825223,19.902134201319388,19.9695987701416,19900,0.0,0.0
2023-09-18 00:00:00-04:00,21.6369457899602,21.685134241855682,20.72135049777321,20.923744201660156,10400,0.0,0.0
2023-09-19 00:00:00-04:00,21.66585504539537,21.66585504539537,20.914105008386684,21.444185256958008,2100,0.0,0.0
2023-09-20 00:00:00-04:00,21.203241018860044,23.05370576312778,21.203241018860044,21.453824996948242,25500,0.0,0.0
2023-09-21 00:00:00-04:00,22.76353613125291,22.76353613125291,21.07264094204353,21.96207046508789,5800,0.31,0.0
2023-09-22 00:00:00-04:00,21.99139328216683,22.57783080920465,21.610209728497328,21.717721939086914,5700,0.0,0.0
2023-09-25 00:00:00-04:00,20.427558460904358,21.356084608131823,20.271175384521484,20.271175384521484,11600,0.0,0.0
2023-09-26 00:00:00-04:00,20.046376551139534,20.730552099064692,20.046376551139534,20.515525817871094,4200,0.0,0.0
2023-09-27 00:00:00-04:00,20.32981894316949,20.623038614914254,20.32981894316949,20.408010482788086,10200,0.0,0.0
2023-09-28 00:00:00-04:00,20.52530043034555,20.57416944758154,20.32982063293457,20.32982063293457,2000,0.0,0.0
2023-09-29 00:00:00-04:00,20.32982126755838,21.629756927490234,20.320048955192934,21.629756927490234,3000,0.0,0.0
2023-10-02 00:00:00-04:00,21.502695007927674,21.502695007927674,20.437334060668945,20.437334060668945,5900,0.0,0.0
2023-10-03 00:00:00-04:00,20.525298997481617,20.525298997481617,20.036601402303482,20.16366195678711,2300,0.0,0.0
2023-10-04 00:00:00-04:00,22.16732567890143,22.16732567890143,20.1343435316146,20.28095245361328,3200,0.0,0.0
2023-10-05 00:00:00-04:00,20.50575114980819,20.681682586669922,20.280950697921945,20.681682586669922,6600,0.0,0.0
2023-10-06 00:00:00-04:00,20.525299088955396,23.359744780773987,19.733609503223896,21.209476470947266,19800,0.0,0.0
2023-10-09 00:00:00-04:00,21.50269428366756,21.50269428366756,21.209476470947266,21.209476470947266,2200,0.0,0.0
2023-10-10 00:00:00-04:00,21.98161770536851,21.98161770536851,21.033545037621735,21.209476470947266,4500,0.0,0.0
2023-10-11 00:00:00-04:00,20.9260311126709,20.9260311126709,20.9260311126709,20.9260311126709,300,0.0,0.0
2023-10-12 00:00:00-04:00,20.896708434326715,20.896708434326715,20.76964787932764,20.867387771606445,2200,0.0,0.0
2023-10-13 00:00:00-04:00,21.74704251851023,21.74704251851023,20.808744050745837,21.3560848236084,1600,0.0,0.0
2023-10-16 00:00:00-04:00,21.013996276777526,21.50269386460956,21.013996276777526,21.07263946533203,2100,0.0,0.0
2023-10-17 00:00:00-04:00,21.111738436023142,21.502696175457476,20.818518733272224,20.847841262817383,6900,0.0,0.0
2023-10-18 00:00:00-04:00,20.81851734373949,21.385406494140625,20.81851734373949,21.385406494140625,600,0.0,0.0
2023-10-19 00:00:00-04:00,21.502698262532554,21.502698262532554,20.329823066155466,20.52530288696289,2900,0.0,0.0
2023-10-20 00:00:00-04:00,20.52530288696289,20.52530288696289,20.52530288696289,20.52530288696289,0,0.0,0.0
2023-10-23 00:00:00-04:00,20.251628875732422,20.251628875732422,20.251628875732422,20.251628875732422,800,0.0,0.0
2023-10-24 00:00:00-04:00,20.095243569912043,20.095243569912043,19.127622604370117,19.127622604370117,10700,0.0,0.0
2023-10-25 00:00:00-04:00,19.059207658310445,19.34265317985587,18.6193790435791,18.6193790435791,1600,0.0,0.0
2023-10-26 00:00:00-04:00,18.619379554579506,18.619379554579506,17.59311524435238,18.09158706665039,5600,0.0,0.0
2023-10-27 00:00:00-04:00,17.397635440388367,18.57051053570529,16.899165482323927,18.09158706665039,12200,0.0,0.0
2023-10-30 00:00:00-04:00,18.81485618705504,18.81485618705504,17.984069956598166,18.02316665649414,1200,0.0,0.0
2023-10-31 00:00:00-04:00,17.739724665274245,18.023170202588762,17.65175893743413,17.925430297851562,3500,0.0,0.0
2023-11-01 00:00:00-04:00,17.935202220483433,17.935202220483433,17.69085342146931,17.80813980102539,7700,0.0,0.0
2023-11-02 00:00:00-04:00,17.83746520998984,18.541189193725586,17.83746520998984,18.541189193725586,9700,0.0,0.0
2023-11-03 00:00:00-04:00,19.117847142445928,19.117847142445928,18.570506422504756,18.678020477294922,1900,0.0,0.0
2023-11-06 00:00:00-05:00,18.91259726587057,19.547903765399372,18.91259726587057,19.459938049316406,15100,0.0,0.0
2023-11-07 00:00:00-05:00,19.156947525672557,19.508808552637504,19.156947525672557,19.303556442260742,2300,0.0,0.0
2023-11-08 00:00:00-05:00,19.156946397594915,19.5381299311245,19.156946397594915,19.235137939453125,2900,0.0,0.0
2023-11-09 00:00:00-05:00,19.31332954612292,19.40129526403777,19.176494813470217,19.25468635559082,10900,0.0,0.0
2023-11-10 00:00:00-05:00,19.303555370328667,19.391521088243522,19.25468635559082,19.25468635559082,2800,0.0,0.0
2023-11-13 00:00:00-05:00,19.25468644139976,19.293781280517578,19.25468644139976,19.293781280517578,1700,0.0,0.0
2023-11-14 00:00:00-05:00,19.303556695180585,21.50269606551761,19.235139324158578,19.743385314941406,12900,0.0,0.0
2023-11-15 00:00:00-05:00,20.017054526063237,20.232082676895608,19.704288340379986,20.007280349731445,9500,0.0,0.0
2023-11-16 00:00:00-05:00,19.547905979386297,20.759875926400216,19.547905979386297,20.28095245361328,1600,0.0,0.0
2023-11-17 00:00:00-05:00,20.38846588433618,20.75010108947754,20.35914335517599,20.75010108947754,600,0.0,0.0
2023-11-20 00:00:00-05:00,20.52530110542815,20.56439781188965,20.52530110542815,20.56439781188965,400,0.0,0.0
2023-11-21 00:00:00-05:00,19.547904756149702,20.74032627515078,19.547904756149702,20.515525817871094,2800,0.0,0.0
2023-11-22 00:00:00-05:00,20.300499240540542,20.408011447452253,20.300499240540542,20.398239135742188,3000,0.0,0.0
2023-11-24 00:00:00-05:00,20.398239135742188,20.398239135742188,20.398239135742188,20.398239135742188,400,0.0,0.0
2023-11-27 00:00:00-05:00,20.613267068110442,20.769650167290177,20.300500869750977,20.300500869750977,4800,0.0,0.0
2023-11-28 00:00:00-05:00,20.329819556817743,20.515525168104883,19.596773151679123,19.938861846923828,14600,0.0,0.0
2023-11-29 00:00:00-05:00,20.026828894004503,21.082415712901707,20.026828894004503,20.427560806274414,68600,0.0,0.0
2023-11-30 00:00:00-05:00,20.427560504398826,21.297443551060795,20.33959478210454,21.01399803161621,36900,0.0,0.0
2023-12-01 00:00:00-05:00,21.209479212084805,21.981620546298487,20.535075918587406,20.818519592285156,54400,0.0,0.0
2023-12-04 00:00:00-05:00,20.671909668630725,21.0237725637638,20.671909668630725,20.78919792175293,12600,0.0,0.0
2023-12-05 00:00:00-05:00,20.691459735897595,21.014000128415557,20.642590713850574,20.730554580688477,3200,0.0,0.0
2023-12-06 00:00:00-05:00,21.02377220789708,21.02377220789708,20.906483956760198,21.01399803161621,3600,0.0,0.0
2023-12-07 00:00:00-05:00,21.01399803161621,21.297443551060795,20.84784076330851,21.01399803161621,11900,0.0,0.0
2023-12-08 00:00:00-05:00,21.043319915732802,21.659078088693658,21.043319915732802,21.121511459350586,13800,0.0,0.0
2023-12-11 00:00:00-05:00,21.05309249724889,21.981616774358674,20.17343536787825,21.23879623413086,9500,0.0,0.0
2023-12-12 00:00:00-05:00,21.033545399797806,21.424503111567883,20.359142181848533,21.346311569213867,23900,0.0,0.0
2023-12-13 00:00:00-05:00,21.502695570307555,21.991393196905452,21.209477740042214,21.678627014160156,29100,0.0,0.0
2023-12-14 00:00:00-05:00,22.52895826619734,22.695115522199274,21.99139166019698,22.499637603759766,6800,0.0,0.0
2023-12-15 00:00:00-05:00,22.77330834578569,23.349971686511175,22.55828206411466,23.310876846313477,6800,0.0,0.0
2023-12-18 00:00:00-05:00,23.359744939360542,23.467259008063465,22.959013055946706,23.320650100708008,6600,0.0,0.0
2023-12-19 00:00:00-05:00,23.330424246232134,24.444654177771504,22.96878720193891,24.004825592041016,14600,0.0,0.0
2023-12-20 00:00:00-05:00,24.043922661445826,25.24611832845976,24.043922661445826,24.483749389648438,3700,0.0,0.0
2023-12-21 00:00:00-05:00,24.473977631372907,24.679229736328125,24.434880927057552,24.679229736328125,2000,0.0,0.0
2023-12-22 00:00:00-05:00,24.84538573575223,24.913803100585938,24.796516722080547,24.913803100585938,1600,0.0,0.0
2023-12-26 00:00:00-05:00,24.825840899815628,25.29499020873333,24.728100994399362,24.796520233154297,2700,0.0,0.0
2023-12-27 00:00:00-05:00,24.835613753014783,24.874710458790847,23.946184203178277,24.669456481933594,10500,0.0,0.0
2023-12-28 00:00:00-05:00,24.200305810329944,24.67922924322309,24.200305810329944,24.503297805786133,3400,0.0,0.0
2023-12-29 00:00:00-05:00,24.26872456889664,24.67923065837761,24.10256729781545,24.669456481933594,8500,0.0,0.0
2024-01-02 00:00:00-05:00,24.434881484880766,24.757421845911853,24.434881484880766,24.532621383666992,5500,0.0,0.0
2024-01-03 00:00:00-05:00,24.444654550450473,24.581489283993495,24.33714048024757,24.483749389648438,4400,0.0,0.0
2024-01-04 00:00:00-05:00,24.62058712069958,25.089736398070468,24.190532684326172,24.190532684326172,7700,0.0,0.0
2024-01-05 00:00:00-05:00,24.7867431640625,24.7867431640625,24.7867431640625,24.7867431640625,500,0.0,0.0
2024-01-08 00:00:00-05:00,24.581489544260616,24.581489544260616,23.946183020641314,24.2198543548584,10400,0.0,0.0
2024-01-09 00:00:00-05:00,24.180758508018425,24.190532684326172,23.94618386933298,24.190532684326172,4900,0.0,0.0
2024-01-10 00:00:00-05:00,23.95595614425505,24.12211339983185,23.78979888867825,23.84844207763672,16000,0.0,0.0
2024-01-11 00:00:00-05:00,23.91685999898536,23.91685999898536,23.701833724975586,23.701833724975586,11800,0.0,0.0
2024-01-12 00:00:00-05:00,23.88754144265052,24.122116088867188,23.88754144265052,24.122116088867188,1000,0.0,0.0
2024-01-16 00:00:00-05:00,23.701835340383102,23.946184158325195,23.45748652244101,23.946184158325195,7000,0.0,0.0
2024-01-17 00:00:00-05:00,23.45748541270375,23.55522530810337,23.45748541270375,23.535676956176758,4100,0.0,0.0
2024-01-18 00:00:00-05:00,23.55522892407559,23.565003101539332,23.457489013671875,23.457489013671875,7900,0.0,0.0
2024-01-19 00:00:00-05:00,23.271780999313336,23.389069252694778,23.262006822845418,23.28155517578125,5800,0.0,0.0
2024-01-22 00:00:00-05:00,23.920077792254904,23.920077792254904,23.37978744506836,23.37978744506836,3600,0.12,0.0
2024-01-23 00:00:00-05:00,23.49767107960683,23.49767107960683,23.183321265619746,23.20296859741211,22900,0.0,0.0
2024-01-24 00:00:00-05:00,23.910253663010103,23.910253663010103,23.242259427769785,23.271730422973633,8700,0.0,0.0
2024-01-25 00:00:00-05:00,23.802198317980583,23.92008044046179,23.57625961303711,23.57625961303711,2300,0.0,0.0
2024-01-26 00:00:00-05:00,23.57625700289484,23.57625700289484,23.28155453982768,23.37978744506836,7400,0.0,0.0
2024-01-29 00:00:00-05:00,23.762904541648464,23.762904541648464,23.42890739440918,23.42890739440918,2900,0.0,0.0
2024-01-30 00:00:00-05:00,23.42890739440918,23.792373665793125,23.389612730652704,23.42890739440918,2500,0.0,0.0
2024-01-31 00:00:00-05:00,23.59590601420334,24.30319310014977,23.59590601420334,23.723609924316406,25300,0.0,0.0
2024-02-01 00:00:00-05:00,23.733432166393968,24.313015307455398,23.0850852414223,23.831666946411133,8800,0.0,0.0
2024-02-02 00:00:00-05:00,23.861140350256868,24.18531384545384,23.39943739968924,23.870962142944336,17400,0.0,0.0
2024-02-05 00:00:00-05:00,23.753080683399812,24.14601794941982,23.320848753941466,24.06743049621582,15600,0.0,0.0
2024-02-06 00:00:00-05:00,23.91025461212999,24.067429512111193,23.41908258127058,23.92007827758789,5100,0.0,0.0
2024-02-07 00:00:00-05:00,23.586081259793577,23.772727157043363,23.085085561074234,23.350318908691406,21800,0.0,0.0
2024-02-08 00:00:00-05:00,23.409259080286,23.409259080286,23.28155517578125,23.28155517578125,3100,0.0,0.0
2024-02-09 00:00:00-05:00,23.20296992139843,24.018315500579185,23.193146254941702,23.59590721130371,3100,0.0,0.0
2024-02-12 00:00:00-05:00,23.595903616813555,23.851313284762263,23.576256286893074,23.684314727783203,14000,0.0,0.0
2024-02-13 00:00:00-05:00,23.389611491303626,23.792372405102892,23.389611491303626,23.62537384033203,8700,0.0,0.0
2024-02-14 00:00:00-05:00,23.389612125130377,23.73343292940777,23.389612125130377,23.527141571044922,3800,0.0,0.0
2024-02-15 00:00:00-05:00,23.428906204047017,23.67449221902933,23.301200426999557,23.556610107421875,3400,0.0,0.0
2024-02-16 00:00:00-05:00,23.556610107421875,23.556610107421875,23.556610107421875,23.556610107421875,0,0.0,0.0
2024-02-20 00:00:00-05:00,23.615551663929164,23.615551663929164,23.24225987879336,23.37978744506836,9700,0.0,0.0
2024-02-21 00:00:00-05:00,23.330672852536466,23.428907639281686,22.85914812456665,23.085086822509766,11600,0.0,0.0
2024-02-22 00:00:00-05:00,23.281554348848108,23.281554348848108,22.42691421508789,22.42691421508789,12600,0.0,0.0
2024-02-23 00:00:00-05:00,22.829677004289735,23.07526303300241,22.426916067094762,22.49567985534668,10600,0.0,0.0
2024-02-26 00:00:00-05:00,22.888616073379552,22.888616073379552,22.417091369628906,22.417091369628906,2100,0.0,0.0
2024-02-27 00:00:00-05:00,22.829676441081016,22.88861656188965,22.829676441081016,22.88861656188965,700,0.0,0.0
2024-02-28 00:00:00-05:00,23.035969674420212,23.035969674420212,22.593914084173836,22.88861656188965,53600,0.0,0.0
2024-02-29 00:00:00-05:00,23.281555697074275,23.281555697074275,22.88861656188965,22.88861656188965,6500,0.0,0.0
2024-03-01 00:00:00-05:00,22.741266040271277,22.88861728377651,22.593914796766043,22.652854919433594,7100,0.0,0.0
2024-03-04 00:00:00-05:00,22.633209016440013,22.868971376152178,22.505503233883832,22.544797897338867,23400,0.0,0.0
2024-03-05 00:00:00-05:00,22.5349745970198,23.05561578053568,22.49567993292736,22.79038429260254,10400,0.0,0.0
2024-03-06 00:00:00-05:00,22.82967540677551,23.12437974481231,22.751087958033544,22.810028076171875,6200,0.0,0.0
2024-03-07 00:00:00-05:00,22.98684905312181,23.094907491887778,22.85914515849405,23.075260162353516,2700,0.0,0.0
2024-03-08 00:00:00-05:00,23.350318744232272,23.5467864319307,23.10473272935479,23.193143844604492,2000,0.0,0.0
2024-03-11 00:00:00-04:00,23.134200841164013,23.4780216217041,23.08508438980365,23.4780216217041,1400,0.0,0.0
2024-03-12 00:00:00-04:00,23.212788496893534,23.5369619503441,23.134201049804688,23.134201049804688,1100,0.0,0.0
2024-03-13 00:00:00-04:00,23.42890619404616,23.468198982116807,23.153849182861247,23.193143844604492,2900,0.0,0.0
2024-03-14 00:00:00-04:00,23.183321707766304,23.350320283840983,23.085086920603658,23.311025619506836,5000,0.0,0.0
2024-03-15 00:00:00-04:00,23.222615580574182,23.517319955794992,23.13420445537522,23.320850372314453,30900,0.0,0.0
2024-03-18 00:00:00-04:00,23.28155517578125,23.458375534247992,23.19314405971157,23.28155517578125,152400,0.0,0.0
2024-03-19 00:00:00-04:00,23.281555837594976,23.360143290371703,23.11455726623535,23.11455726623535,4000,0.0,0.0
2024-03-20 00:00:00-04:00,23.08508561258805,23.311024298689397,23.08508561258805,23.28155517578125,22100,0.0,0.0
2024-03-21 00:00:00-04:00,23.36996797213591,24.489839691306372,23.330673307202964,24.283546447753906,12400,0.0,0.0
2024-03-22 00:00:00-04:00,24.32284076757816,24.538955800624727,24.067431070156182,24.40142822265625,6900,0.0,0.0
2024-03-25 00:00:00-04:00,24.54877981503304,24.54877981503304,24.283546447753906,24.283546447753906,1800,0.0,0.0
2024-03-26 00:00:00-04:00,24.558602307224046,24.558602307224046,24.283545286860978,24.411251068115234,2100,0.0,0.0
2024-03-27 00:00:00-04:00,24.36213265306231,24.558602220293725,24.037959178701342,24.116546630859375,12100,0.0,0.0
2024-03-28 00:00:00-04:00,24.36213236407983,24.36213236407983,24.165664672851562,24.165664672851562,1600,0.0,0.0
2024-04-01 00:00:00-04:00,24.36213225841746,24.401426920696267,24.303192138671875,24.303192138671875,2500,0.0,0.0
2024-04-02 00:00:00-04:00,24.16566631449291,24.20495910593878,24.067431525369095,24.146018981933594,3200,0.0,0.0
2024-04-03 00:00:00-04:00,24.146017341626948,24.165664672851562,24.106724552850345,24.165664672851562,3500,0.0,0.0
2024-04-04 00:00:00-04:00,24.165665281138992,24.31301652168741,24.06743049621582,24.06743049621582,1800,0.0,0.0
2024-04-05 00:00:00-04:00,24.36213236407983,24.401427026529063,24.018313436012203,24.165664672851562,900,0.0,0.0
2024-04-08 00:00:00-04:00,24.411250369801724,24.509485150955026,24.03795857615369,24.214780807495117,4600,0.0,0.0
2024-04-09 00:00:00-04:00,24.06742989040111,24.450543480917972,24.06742989040111,24.165664672851562,2400,0.0,0.0
2024-04-10 00:00:00-04:00,23.969195921766875,24.155841827392578,23.969195921766875,24.155841827392578,600,0.0,0.0
2024-04-11 00:00:00-04:00,24.01831425149611,24.155841827392578,24.01831425149611,24.155841827392578,600,0.0,0.0
2024-04-12 00:00:00-04:00,24.214779547771666,24.263897872629343,24.047780990600586,24.047780990600586,9500,0.0,0.0
2024-04-15 00:00:00-04:00,24.303192244078613,24.303192244078613,24.165664672851562,24.165664672851562,900,0.0,0.0
2024-04-16 00:00:00-04:00,24.165664672851562,24.165664672851562,24.165664672851562,24.165664672851562,0,0.0,0.0
2024-04-17 00:00:00-04:00,24.07725290440753,24.33266258239746,24.07725290440753,24.33266258239746,1100,0.0,0.0
2024-04-18 00:00:00-04:00,24.509484491204486,24.54877727840455,24.37195505182286,24.381778717041016,1400,0.0,0.0
2024-04-19 00:00:00-04:00,24.214782426139653,24.51930858176569,24.185313301394615,24.263900756835938,3700,0.0,0.0
2024-04-22 00:00:00-04:00,24.32312665077085,24.332998275756836,24.32312665077085,24.332998275756836,500,0.12,0.0
2024-04-23 00:00:00-04:00,24.2046712660949,24.61927010739349,24.2046712660949,24.244155883789062,3100,0.0,0.0
2024-04-24 00:00:00-04:00,24.481069147228325,24.63901138305664,24.481069147228325,24.63901138305664,500,0.0,0.0
2024-04-25 00:00:00-04:00,24.293513440082727,24.53042678915528,24.283641815185547,24.283641815185547,2500,0.0,0.0
2024-04-26 00:00:00-04:00,24.43171195594632,24.43171195594632,24.184926986694336,24.184926986694336,3800,0.0,0.0
2024-04-29 00:00:00-04:00,24.184926986694336,24.184926986694336,24.184926986694336,24.184926986694336,0,0.0,0.0
2024-04-30 00:00:00-04:00,24.17505645751953,24.17505645751953,24.17505645751953,24.17505645751953,1200,0.0,0.0
2024-05-01 00:00:00-04:00,24.184927732205146,24.313255091731172,24.184927732205146,24.263898849487305,2300,0.0,0.0
2024-05-02 00:00:00-04:00,24.254025908702666,24.33299702170067,24.22441291809082,24.22441291809082,1400,0.0,0.0
2024-05-03 00:00:00-04:00,24.372486972662188,24.411971593345378,24.244157719096552,24.313257217407227,5300,0.0,0.0
2024-05-06 00:00:00-04:00,24.639011119042685,24.66862599400065,24.332998275756836,24.332998275756836,3900,0.0,0.0
2024-05-07 00:00:00-04:00,24.579782208963042,24.579782208963042,24.27376937866211,24.27376937866211,2600,0.0,0.0
2024-05-08 00:00:00-04:00,24.24415450496078,24.46132647979746,24.16518339124377,24.27376937866211,6500,0.0,0.0
2024-05-09 00:00:00-04:00,24.263896876411525,24.392224225502307,23.19778593838574,24.007240295410156,20500,0.0,0.0
2024-05-10 00:00:00-04:00,24.28364012483158,24.629139440903415,23.94801243296978,24.007240295410156,7600,0.0,0.0
2024-05-13 00:00:00-04:00,24.007240295410156,24.33299636306193,24.007240295410156,24.007240295410156,2800,0.0,0.0
2024-05-14 00:00:00-04:00,24.15531349182129,24.15531349182129,24.15531349182129,24.15531349182129,500,0.0,0.0
2024-05-15 00:00:00-04:00,24.2046712660949,24.481069238413976,24.18492801583783,24.244155883789062,3600,0.0,0.0
2024-05-16 00:00:00-04:00,24.18492847287891,24.35274233759536,24.18492847287891,24.342870712280273,3200,0.0,0.0
2024-05-17 00:00:00-04:00,24.342870849290232,24.342870849290232,24.20467185974121,24.20467185974121,1800,0.0,0.0
2024-05-20 00:00:00-04:00,24.461327410701745,24.47119903564453,24.461327410701745,24.47119903564453,600,0.0,0.0
2024-05-21 00:00:00-04:00,24.283642275653055,24.579783496904202,24.283642275653055,24.382356643676758,1000,0.0,0.0
2024-05-22 00:00:00-04:00,24.569910743219758,24.668625106709094,24.39222526550293,24.39222526550293,5000,0.0,0.0
2024-05-23 00:00:00-04:00,24.39222526550293,24.39222526550293,24.39222526550293,24.39222526550293,0,0.0,0.0
2024-05-24 00:00:00-04:00,24.53042678915528,24.53042678915528,24.283641815185547,24.283641815185547,3000,0.0,0.0
2024-05-28 00:00:00-04:00,24.204670698828032,24.481068664669372,24.204670698828032,24.283641815185547,1400,0.0,0.0
2024-05-29 00:00:00-04:00,24.4415844007502,24.4415844007502,24.194799423217773,24.194799423217773,1500,0.0,0.0
2024-05-30 00:00:00-04:00,24.194799640966362,24.42184137046274,24.18492801583783,24.244155883789062,1700,0.0,0.0
2024-05-31 00:00:00-04:00,24.19480080515532,24.42184254557634,23.99737205872483,24.165185928344727,16000,0.0,0.0
2024-06-03 00:00:00-04:00,24.08621308288179,24.411969173209037,24.08621308288179,24.283641815185547,5500,0.0,0.0
2024-06-04 00:00:00-04:00,24.303386688232422,24.303386688232422,24.303386688232422,24.303386688232422,1300,0.0,0.0
2024-06-05 00:00:00-04:00,24.184928677644987,24.4218420387529,24.007243186109044,24.13557243347168,13300,0.0,0.0
2024-06-06 00:00:00-04:00,24.105957316151606,24.18492843573099,24.086214065551758,24.086214065551758,3200,0.0,0.0
2024-06-07 00:00:00-04:00,23.9875007874529,24.18492953679971,23.9875007874529,24.076343536376953,1700,0.0,0.0
2024-06-10 00:00:00-04:00,24.125699249422617,24.125699249422617,24.046728134155273,24.046728134155273,1200,0.0,0.0
2024-06-11 00:00:00-04:00,24.046728134155273,24.046728134155273,23.987498385589834,24.046728134155273,2200,0.0,0.0
2024-06-12 00:00:00-04:00,24.16518518513114,24.16518518513114,24.056601072471995,24.086214065551758,3200,0.0,0.0
2024-06-13 00:00:00-04:00,24.086214065551758,24.086214065551758,24.086214065551758,24.086214065551758,3800,0.0,0.0
2024-06-14 00:00:00-04:00,23.997371673583984,24.135572546995327,23.997371673583984,23.997371673583984,2600,0.0,0.0
2024-06-17 00:00:00-04:00,23.987499237060547,23.987499237060547,23.987499237060547,23.987499237060547,500,0.0,0.0
2024-06-18 00:00:00-04:00,23.987500048138884,23.997371673583984,23.987500048138884,23.997371673583984,2400,0.0,0.0
2024-06-20 00:00:00-04:00,23.997371104137073,24.096085473425575,23.997371104137073,24.03685760498047,2500,0.0,0.0
2024-06-21 00:00:00-04:00,24.03685760498047,24.03685760498047,23.997371104137073,24.03685760498047,8600,0.0,0.0
2024-06-24 00:00:00-04:00,24.056601072471995,24.09608569085168,23.997371320672453,24.086214065551758,3100,0.0,0.0
2024-06-25 00:00:00-04:00,24.086214065551758,24.086214065551758,24.086214065551758,24.086214065551758,0,0.0,0.0
2024-06-26 00:00:00-04:00,23.888786600317335,24.1454413203064,23.197787909460732,23.869043350219727,14200,0.0,0.0
2024-06-27 00:00:00-04:00,23.75058626976397,24.15531349182129,23.701230026223325,24.15531349182129,7500,0.0,0.0
2024-06-28 00:00:00-04:00,24.046729619450897,24.431713594806038,24.046729619450897,24.20467185974121,4700,0.0,0.0
2024-07-01 00:00:00-04:00,24.63901138305664,24.63901138305664,24.63901138305664,24.63901138305664,2200,0.0,0.0
2024-07-02 00:00:00-04:00,24.204669669136358,24.421839759175906,24.204669669136358,24.22441291809082,2400,0.0,0.0
2024-07-03 00:00:00-04:00,24.22441291809082,24.22441291809082,24.22441291809082,24.22441291809082,0,0.0,0.0
2024-07-05 00:00:00-04:00,24.24415833092488,24.56004283564257,24.234286704799928,24.53042984008789,2800,0.0,0.0
2024-07-08 00:00:00-04:00,24.53042984008789,24.53042984008789,24.53042984008789,24.53042984008789,0,0.0,0.0
2024-07-09 00:00:00-04:00,24.224415781072924,24.481070516534498,24.224415781072924,24.35274314880371,3200,0.0,0.0
2024-07-10 00:00:00-04:00,24.352741306645882,24.44158404790058,24.283641815185547,24.283641815185547,3000,0.0,0.0
2024-07-11 00:00:00-04:00,24.481068818881344,24.668625927469385,24.392226077067004,24.402097702026367,3900,0.0,0.0
2024-07-12 00:00:00-04:00,24.451457451919605,25.71499540557664,24.421842575073242,24.421842575073242,18100,0.0,0.0
2024-07-15 00:00:00-04:00,24.925282287597653,25.3892373592942,24.500811832537874,24.678497314453125,46400,0.0,0.0
2024-07-16 00:00:00-04:00,24.599525941099426,25.7544796786502,24.599525941099426,25.606409072875977,15200,0.0,0.0
2024-07-17 00:00:00-04:00,25.566923735449436,25.566923735449436,25.330010378882694,25.52743911743164,9400,0.0,0.0
2024-07-18 00:00:00-04:00,25.566923952709598,25.665638322822918,25.557052327416265,25.57679557800293,4800,0.0,0.0
2024-07-19 00:00:00-04:00,25.67596669895648,25.913982391357422,25.67596669895648,25.913982391357422,1100,0.12,0.0
2024-07-22 00:00:00-04:00,25.913982824948288,27.609847262603378,25.636298791624622,27.54042625427246,6000,0.0,0.0
2024-07-23 00:00:00-04:00,27.61976569347687,28.74042320251465,25.43795223690372,28.74042320251465,4900,0.0,0.0
2024-07-24 00:00:00-04:00,28.74042320251465,28.74042320251465,28.74042320251465,28.74042320251465,0,0.0,0.0
2024-07-25 00:00:00-04:00,28.760257720947266,28.760257720947266,28.760257720947266,28.760257720947266,300,0.0,0.0
2024-07-26 00:00:00-04:00,28.720588878781076,28.720588878781076,28.462739944458008,28.462739944458008,1000,0.0,0.0
2024-07-29 00:00:00-04:00,28.46273775055183,29.285876061820776,28.175134273665048,28.313976287841797,5400,0.0,0.0
2024-07-30 00:00:00-04:00,28.185053468329432,28.185053468329432,27.451171235411547,28.165218353271484,2100,0.0,0.0
2024-07-31 00:00:00-04:00,28.1850528717041,28.1850528717041,28.1850528717041,28.1850528717041,500,0.0,0.0
2024-08-01 00:00:00-04:00,28.016457421439032,28.462738030802157,26.290842217869272,27.768524169921875,6200,0.0,0.0
2024-08-02 00:00:00-04:00,27.50075548305798,27.937118530273438,27.50075548305798,27.937118530273438,500,0.0,0.0
2024-08-05 00:00:00-04:00,27.937118530273438,27.937118530273438,27.937118530273438,27.937118530273438,0,0.0,0.0
2024-08-06 00:00:00-04:00,27.252823098514096,27.599930035904922,26.905716161123273,27.3718318939209,5800,0.0,0.0
2024-08-07 00:00:00-04:00,27.27265924330541,27.27265924330541,26.885883953887994,27.24290657043457,1100,0.0,0.0
2024-08-08 00:00:00-04:00,27.123897987500595,27.361913681030273,27.123897987500595,27.361913681030273,400,0.0,0.0
2024-08-09 00:00:00-04:00,27.044558714100706,27.322242736816406,27.044558714100706,27.322242736816406,500,0.0,0.0
2024-08-12 00:00:00-04:00,27.11398184357198,27.322244876921648,27.094146728515625,27.094146728515625,2000,0.0,0.0
2024-08-13 00:00:00-04:00,27.094146728515625,27.213155527273067,27.094146728515625,27.094146728515625,1600,0.0,0.0
2024-08-14 00:00:00-04:00,27.09414596949894,27.09414596949894,27.02472496032715,27.02472496032715,1000,0.0,0.0
2024-08-15 00:00:00-04:00,27.024725351652883,27.113981476617823,26.578444726828188,26.885883331298828,3600,0.0,0.0
2024-08-16 00:00:00-04:00,26.9354701847903,27.074312210083008,26.885884287637396,27.074312210083008,5200,0.0,0.0
2024-08-19 00:00:00-04:00,27.084227979920666,27.13381576538086,27.074310422828628,27.13381576538086,1300,0.0,0.0
2024-08-20 00:00:00-04:00,27.13381510934249,27.13381510934249,26.94538531231079,27.123897552490234,1900,0.0,0.0
2024-08-21 00:00:00-04:00,27.123897552490234,27.123897552490234,27.123897552490234,27.123897552490234,0,0.0,0.0
2024-08-22 00:00:00-04:00,26.80654453666241,27.113981246948242,26.786709422042513,27.113981246948242,1700,0.0,0.0
2024-08-23 00:00:00-04:00,27.11398004057065,27.18340104707091,26.98505369285826,27.153648376464844,8100,0.0,0.0
2024-08-26 00:00:00-04:00,27.04456073070864,27.04456073070864,27.034643173217773,27.034643173217773,3500,0.0,0.0
2024-08-27 00:00:00-04:00,26.975137982867547,27.123897552490234,26.776790628983594,27.123897552490234,1800,0.0,0.0
2024-08-28 00:00:00-04:00,27.104063034057617,27.104063034057617,27.104063034057617,27.104063034057617,300,0.0,0.0
2024-08-29 00:00:00-04:00,27.044558989252764,27.123897552490234,27.044558989252764,27.123897552490234,4500,0.0,0.0
2024-08-30 00:00:00-04:00,27.024726010291666,27.024726010291666,26.895801544189453,26.895801544189453,1200,0.0,0.0
2024-09-03 00:00:00-04:00,27.034643173217773,27.034643173217773,27.034643173217773,27.034643173217773,200,0.0,0.0
2024-09-04 00:00:00-04:00,27.034643173217773,27.034643173217773,27.034643173217773,27.034643173217773,0,0.0,0.0
2024-09-05 00:00:00-04:00,27.034643173217773,27.034643173217773,27.034643173217773,27.034643173217773,0,0.0,0.0
2024-09-06 00:00:00-04:00,27.074311120351272,27.173484802246094,27.074311120351272,27.173484802246094,1800,0.0,0.0
2024-09-09 00:00:00-04:00,27.173483445170945,27.19331855887545,26.985053648139246,27.123897552490234,10500,0.0,0.0
2024-09-10 00:00:00-04:00,27.292493430371398,27.510674015928757,27.292493430371398,27.43133544921875,900,0.0,0.0
2024-09-11 00:00:00-04:00,27.510674673191602,27.61976591436692,27.203237956292874,27.441253662109375,1700,0.0,0.0
2024-09-12 00:00:00-04:00,27.471005289378446,29.345380083599377,27.471005289378446,28.61149787902832,8200,0.0,0.0
2024-09-13 00:00:00-04:00,28.542078855252058,28.542078855252058,28.046212312960833,28.294145584106445,4000,0.0,0.0
2024-09-16 00:00:00-04:00,28.155301329968463,28.462739944458008,28.056129535958384,28.462739944458008,2200,0.0,0.0
2024-09-17 00:00:00-04:00,28.27430829120914,28.27430829120914,27.76852423002964,27.798276901245117,4400,0.0,0.0
2024-09-18 00:00:00-04:00,28.621416501725324,29.345381176103075,28.60158138669508,29.206539154052734,5200,0.0,0.0
2024-09-19 00:00:00-04:00,28.859432334598768,32.77677677447222,28.859432334598768,32.13215255737305,7800,0.0,0.0
2024-09-20 00:00:00-04:00,31.87429782458079,32.67760291172752,31.041241958223086,31.72553825378418,19200,0.0,0.0
2024-09-23 00:00:00-04:00,31.517275884435435,32.20157219414068,31.517275884435435,31.735456466674805,3400,0.0,0.0
2024-09-24 00:00:00-04:00,31.090831756591797,31.239591337023388,30.446205647001104,31.090831756591797,4000,0.0,0.0
2024-09-25 00:00:00-04:00,30.575127969171206,30.991655900132205,30.545375298538076,30.94207000732422,4400,0.0,0.0
2024-09-26 00:00:00-04:00,31.437938690185547,31.437938690185547,31.437938690185547,31.437938690185547,600,0.0,0.0
2024-09-27 00:00:00-04:00,30.793309924699166,31.735457062885846,30.743724029670663,31.715621948242188,7200,0.0,0.0
2024-09-30 00:00:00-04:00,31.00157484529629,31.973474655448456,31.00157484529629,31.715621948242188,5800,0.0,0.0
2024-10-01 00:00:00-04:00,31.58669662475586,31.58669662475586,31.58669662475586,31.58669662475586,800,0.0,0.0
2024-10-02 00:00:00-04:00,31.36851578720891,31.507359701581493,31.36851578720891,31.437938690185547,1100,0.0,0.0
2024-10-03 00:00:00-04:00,30.80322913309121,31.51727816589118,30.247859134365147,30.872650146484375,5000,0.0,0.0
2024-10-04 00:00:00-04:00,31.547025635423044,31.547025635423044,31.477604629319107,31.517274856567383,600,0.0,0.0
2024-10-07 00:00:00-04:00,31.527193069458008,31.527193069458008,31.527193069458008,31.527193069458008,300,0.0,0.0
2024-10-08 00:00:00-04:00,31.299093632862085,31.50735855102539,31.299093632862085,31.50735855102539,2000,0.0,0.0
2024-10-09 00:00:00-04:00,31.4974422454834,31.4974422454834,31.4974422454834,31.4974422454834,1200,0.0,0.0
2024-10-10 00:00:00-04:00,31.497442842626906,32.71727596842832,31.437939387479265,31.47760772705078,9900,0.0,0.0
2024-10-11 00:00:00-04:00,31.457770927626278,31.596614837646484,31.447853370369078,31.596614837646484,1900,0.0,0.0
2024-10-14 00:00:00-04:00,31.11066681303932,31.62636656479046,31.061079025268555,31.061079025268555,2400,0.0,0.0
2024-10-15 00:00:00-04:00,30.436287805009208,31.626366328921666,30.436287805009208,31.28917694091797,2000,0.0,0.0
2024-10-16 00:00:00-04:00,31.090830938618865,31.190004620157648,30.733806441711494,30.991657257080078,3500,0.0,0.0
2024-10-17 00:00:00-04:00,31.001574158393627,31.001574158393627,30.981739044189453,30.981739044189453,1700,0.0,0.0
2024-10-18 00:00:00-04:00,30.97178531775228,31.111162719093922,30.68307281625924,30.712940216064453,5200,0.12,0.0
2024-10-21 00:00:00-04:00,30.71293916511735,31.260494850687063,30.3744495744062,30.931961059570312,1700,0.0,0.0
2024-10-22 00:00:00-04:00,30.961828655079472,31.071338653564453,30.961828655079472,31.071338653564453,800,0.0,0.0
2024-10-23 00:00:00-04:00,31.071338653564453,31.071338653564453,31.071338653564453,31.071338653564453,0,0.0,0.0
2024-10-24 00:00:00-04:00,31.06138452633996,31.101205825805664,31.06138452633996,31.101205825805664,1300,0.0,0.0
2024-10-25 00:00:00-04:00,31.091251373291016,31.091251373291016,31.091251373291016,31.091251373291016,400,0.0,0.0
2024-10-28 00:00:00-04:00,31.091250026220585,31.101205825805664,30.961828429363788,31.101205825805664,1200,0.0,0.0
2024-10-29 00:00:00-04:00,30.623340165767114,31.091251373291016,30.125561558193933,31.091251373291016,2100,0.0,0.0
2024-10-30 00:00:00-04:00,30.862272332387615,31.101205825805664,30.862272332387615,31.101205825805664,1000,0.0,0.0
2024-10-31 00:00:00-04:00,30.623339390462615,31.111162185668945,30.623339390462615,31.111162185668945,2500,0.0,0.0
2024-11-01 00:00:00-04:00,30.971784591674805,30.971784591674805,30.971784591674805,30.971784591674805,300,0.0,0.0
2024-11-04 00:00:00-05:00,31.11116305432097,32.853388185362945,31.11116305432097,31.73836326599121,8500,0.0,0.0
2024-11-05 00:00:00-05:00,31.808053734101264,32.256055239771584,31.7184534329672,31.837919235229492,4800,0.0,0.0
2024-11-06 00:00:00-05:00,32.75383251106457,33.35116529576971,31.877741135447703,32.25605392456055,2200,0.0,0.0
2024-11-07 00:00:00-05:00,31.90760654466532,32.30583093183633,31.439695358276367,31.439695358276367,2500,0.0,0.0
2024-11-08 00:00:00-05:00,30.912050247192383,30.912050247192383,30.912050247192383,30.912050247192383,600,0.0,0.0
2024-11-11 00:00:00-05:00,30.613384246826172,30.613384246826172,30.613384246826172,30.613384246826172,500,0.0,0.0
2024-11-12 00:00:00-05:00,30.663160069071314,30.862272262573242,30.663160069071314,30.862272262573242,1600,0.0,0.0
2024-11-13 00:00:00-05:00,32.106719274742616,32.106719274742616,30.613383494522033,31.041473388671875,900,0.0,0.0
2024-11-14 00:00:00-05:00,31.370006561279297,31.370006561279297,31.370006561279297,31.370006561279297,400,0.0,0.0
2024-11-15 00:00:00-05:00,31.37996384071009,31.37996384071009,31.11116293720273,31.260496139526367,1500,0.0,0.0
2024-11-18 00:00:00-05:00,30.971784916081496,31.011606216430664,30.961829116275542,31.011606216430664,1900,0.0,0.0
2024-11-19 00:00:00-05:00,30.264938320855894,31.021562016236622,30.264938320855894,31.011606216430664,2600,0.0,0.0
2024-11-20 00:00:00-05:00,31.011606216430664,31.011606216430664,31.011606216430664,31.011606216430664,0,0.0,0.0
2024-11-21 00:00:00-05:00,30.7129390668841,30.941916760199092,30.7129390668841,30.862272262573242,1100,0.0,0.0
2024-11-22 00:00:00-05:00,30.9020967495569,30.9020967495569,30.60342844684842,30.613384246826172,7900,0.0,0.0
2024-11-25 00:00:00-05:00,30.862273549645895,31.06138575145155,30.5636071458121,30.613384246826172,22100,0.0,0.0
2024-11-26 00:00:00-05:00,30.613382899801135,30.912049290493258,30.513826803278896,30.62333869934082,3200,0.0,0.0
2024-11-27 00:00:00-05:00,30.523783355195103,30.96182905136553,30.523783355195103,30.772672653198242,4400,0.0,0.0
2024-11-29 00:00:00-05:00,31.061384201049805,31.061384201049805,31.061384201049805,31.061384201049805,1200,0.0,0.0
2024-12-02 00:00:00-05:00,31.290362418039976,31.64876360987073,30.92200542656119,31.240583419799805,2200,0.0,0.0
2024-12-03 00:00:00-05:00,31.3301845856235,31.3301845856235,30.882184982299805,30.882184982299805,3600,0.0,0.0
2024-12-04 00:00:00-05:00,30.872228622436523,30.872228622436523,30.872228622436523,30.872228622436523,900,0.0,0.0
2024-12-05 00:00:00-05:00,30.772672914363902,30.941917714397395,30.57356071472168,30.57356071472168,1700,0.0,0.0
2024-12-06 00:00:00-05:00,31.36005210876465,31.36005210876465,31.36005210876465,31.36005210876465,600,0.0,0.0
2024-12-09 00:00:00-05:00,31.360050977442114,31.360050977442114,30.573559898611528,30.76271629333496,5500,0.0,0.0
2024-12-10 00:00:00-05:00,30.543695414917597,30.81249631654049,30.543695414917597,30.712940216064453,2100,0.0,0.0
2024-12-11 00:00:00-05:00,30.613383589202254,30.762716787911238,30.523783290201933,30.53373908996582,5000,0.0,0.0
2024-12-12 00:00:00-05:00,30.424227062795804,30.6332950592041,30.424227062795804,30.6332950592041,1400,0.0,0.0
2024-12-13 00:00:00-05:00,30.464050519225694,31.021562016236622,30.464050519225694,31.011606216430664,1100,0.0,0.0
2024-12-16 00:00:00-05:00,30.862272262573242,30.862272262573242,30.862272262573242,30.862272262573242,600,0.0,0.0
2024-12-17 00:00:00-05:00,30.673117316930924,30.673117316930924,30.006093905741512,30.34458351135254,9100,0.0,0.0
2024-12-18 00:00:00-05:00,30.175338158710368,30.2151613581153,29.179780960083008,29.179780960083008,5200,0.0,0.0
2024-12-19 00:00:00-05:00,29.91649338967578,29.91649338967578,29.797027587890625,29.797027587890625,1300,0.0,0.0
2024-12-20 00:00:00-05:00,29.56804838833849,30.115604066358813,29.56804838833849,30.075780868530273,3800,0.0,0.0
2024-12-23 00:00:00-05:00,29.677559097960874,29.826892295658165,29.23951530456543,29.23951530456543,5900,0.0,0.0
2024-12-24 00:00:00-05:00,29.24946986198629,29.31916046142578,29.24946986198629,29.31916046142578,700,0.0,0.0
2024-12-26 00:00:00-05:00,29.239514999923255,29.568048790984207,28.920935109580398,29.030447006225586,5000,0.0,0.0
2024-12-27 00:00:00-05:00,29.289292398621917,29.289292398621917,28.662092208862305,28.662092208862305,1200,0.0,0.0
2024-12-30 00:00:00-05:00,29.23951515082696,29.319159649105064,28.184223175048828,28.184223175048828,7000,0.0,0.0
2024-12-31 00:00:00-05:00,28.074713442691962,28.682002035737938,27.9851131439209,27.9851131439209,3600,0.0,0.0
2025-01-02 00:00:00-05:00,28.12449135696679,28.69195866636705,28.12449135696679,28.373380661010742,1000,0.0,0.0
2025-01-03 00:00:00-05:00,28.19417953491211,28.19417953491211,28.19417953491211,28.19417953491211,700,0.0,0.0
2025-01-06 00:00:00-05:00,29.368936204430486,29.368936204430486,28.701912831629116,29.329113006591797,3000,0.0,0.0
2025-01-07 00:00:00-05:00,28.901026167060333,28.910981966914086,27.98511346813641,28.024934768676758,2600,0.0,0.0
2025-01-08 00:00:00-05:00,28.014978211253556,28.014978211253556,27.875600814819336,27.875600814819336,1600,0.0,0.0
2025-01-10 00:00:00-05:00,27.756132876509586,28.064756964313514,27.258354294873747,27.328044891357422,3300,0.0,0.0
2025-01-13 00:00:00-05:00,27.328045645349654,27.328045645349654,26.89995574951172,26.89995574951172,6400,0.0,0.0
2025-01-14 00:00:00-05:00,27.178711077525534,27.178711077525534,27.07915687561035,27.07915687561035,1900,0.0,0.0
2025-01-15 00:00:00-05:00,27.138888291780336,27.68644396785609,27.138888291780336,27.18866539001465,2300,0.0,0.0
2025-01-16 00:00:00-05:00,27.19862294367987,27.19862294367987,26.88004493713379,26.88004493713379,3000,0.0,0.0
2025-01-17 00:00:00-05:00,26.880043590083453,27.089109684324292,26.80039909243819,26.889999389648438,3600,0.0,0.0
2025-01-21 00:00:00-05:00,26.809999465942383,27.239999771118164,26.809999465942383,26.969999313354492,3800,0.12,0.0
2025-01-22 00:00:00-05:00,26.889999389648438,27.200000762939453,26.809999465942383,26.809999465942383,2800,0.0,0.0
2025-01-23 00:00:00-05:00,26.809999465942383,27.200000762939453,26.809999465942383,26.81999969482422,1700,0.0,0.0
2025-01-24 00:00:00-05:00,26.809999465942383,26.829999923706055,26.700000762939453,26.780000686645508,2700,0.0,0.0
2025-01-27 00:00:00-05:00,27.09000015258789,27.09000015258789,26.850000381469727,26.850000381469727,600,0.0,0.0
2025-01-28 00:00:00-05:00,26.850000381469727,27.0,26.600000381469727,26.600000381469727,7500,0.0,0.0
2025-01-29 00:00:00-05:00,26.850000381469727,27.18000030517578,26.6299991607666,26.6299991607666,1400,0.0,0.0
2025-01-30 00:00:00-05:00,26.6200008392334,27.170000076293945,26.6200008392334,26.65999984741211,2200,0.0,0.0
2025-01-31 00:00:00-05:00,26.610000610351562,27.049999237060547,26.530000686645508,26.56999969482422,4981,0.0,0.0
