Date,Open,High,Low,Close,Volume,Dividends,Stock Splits
2022-01-03 00:00:00-05:00,71.94999694824219,74.8499984741211,71.94999694824219,74.8499984741211,510000,0.0,0.0
2022-01-04 00:00:00-05:00,75.0,76.80999755859375,74.94000244140625,75.66999816894531,182900,0.0,0.0
2022-01-05 00:00:00-05:00,75.98999786376953,76.91999816894531,74.06999969482422,74.18000030517578,159900,0.0,0.0
2022-01-06 00:00:00-05:00,75.02999877929688,75.87999725341797,74.29000091552734,74.98999786376953,200600,0.0,0.0
2022-01-07 00:00:00-05:00,74.62000274658203,75.6500015258789,73.45999908447266,73.5999984741211,186300,0.0,0.0
2022-01-10 00:00:00-05:00,73.51000213623047,73.51000213623047,72.22000122070312,72.88999938964844,154300,0.0,0.0
2022-01-11 00:00:00-05:00,73.18000030517578,74.94000244140625,72.0199966430664,74.83999633789062,232100,0.0,0.0
2022-01-12 00:00:00-05:00,75.20999908447266,76.08999633789062,73.88999938964844,73.93000030517578,132900,0.0,0.0
2022-01-13 00:00:00-05:00,74.45999908447266,75.73999786376953,73.55999755859375,74.33000183105469,94600,0.0,0.0
2022-01-14 00:00:00-05:00,73.7300033569336,74.33999633789062,72.91999816894531,73.97000122070312,151800,0.0,0.0
2022-01-18 00:00:00-05:00,73.52999877929688,73.80000305175781,71.94000244140625,72.69000244140625,184700,0.0,0.0
2022-01-19 00:00:00-05:00,72.91000366210938,73.72000122070312,71.7300033569336,72.0,167900,0.0,0.0
2022-01-20 00:00:00-05:00,72.16000366210938,73.36000061035156,70.87000274658203,70.9800033569336,179700,0.0,0.0
2022-01-21 00:00:00-05:00,70.55000305175781,71.5,68.58999633789062,68.63999938964844,231700,0.0,0.0
2022-01-24 00:00:00-05:00,67.51000213623047,68.29000091552734,65.86000061035156,67.87999725341797,259200,0.0,0.0
2022-01-25 00:00:00-05:00,66.86000061035156,69.06999969482422,65.37000274658203,67.68000030517578,277600,0.0,0.0
2022-01-26 00:00:00-05:00,68.86000061035156,69.08000183105469,66.16999816894531,66.80000305175781,198100,0.0,0.0
2022-01-27 00:00:00-05:00,67.63999938964844,68.44000244140625,64.48999786376953,64.97000122070312,314600,0.0,0.0
2022-01-28 00:00:00-05:00,65.08000183105469,65.08000183105469,62.779998779296875,64.94999694824219,303000,0.0,0.0
2022-01-31 00:00:00-05:00,64.25,65.95999908447266,63.619998931884766,65.91000366210938,413300,0.0,0.0
2022-02-01 00:00:00-05:00,66.01000213623047,67.16000366210938,65.05000305175781,66.48999786376953,293600,0.0,0.0
2022-02-02 00:00:00-05:00,66.51000213623047,67.52999877929688,65.48999786376953,66.30999755859375,221100,0.0,0.0
2022-02-03 00:00:00-05:00,65.7699966430664,66.4000015258789,64.41000366210938,64.5199966430664,169700,0.0,0.0
2022-02-04 00:00:00-05:00,63.900001525878906,64.87000274658203,62.599998474121094,63.18000030517578,291300,0.0,0.0
2022-02-07 00:00:00-05:00,63.2400016784668,64.94000244140625,63.119998931884766,64.48999786376953,187600,0.0,0.0
2022-02-08 00:00:00-05:00,64.70999908447266,66.08999633789062,64.08000183105469,64.93000030517578,336900,0.0,0.0
2022-02-09 00:00:00-05:00,65.51000213623047,66.80999755859375,65.51000213623047,66.38999938964844,421100,0.0,0.0
2022-02-10 00:00:00-05:00,65.41999816894531,66.8499984741211,64.41000366210938,64.5999984741211,202800,0.0,0.0
2022-02-11 00:00:00-05:00,64.61000061035156,65.88999938964844,64.05000305175781,64.77999877929688,184600,0.0,0.0
2022-02-14 00:00:00-05:00,65.1500015258789,65.62000274658203,63.75,64.1500015258789,149900,0.0,0.0
2022-02-15 00:00:00-05:00,64.75,66.95999908447266,64.75,66.62000274658203,129500,0.0,0.0
2022-02-16 00:00:00-05:00,66.31999969482422,66.75,65.87999725341797,66.6500015258789,344900,0.0,0.0
2022-02-17 00:00:00-05:00,65.79000091552734,67.16999816894531,65.5199966430664,66.7699966430664,181900,0.0,0.0
2022-02-18 00:00:00-05:00,66.72000122070312,67.54000091552734,66.3499984741211,66.47000122070312,218700,0.0,0.0
2022-02-22 00:00:00-05:00,66.3499984741211,66.66000366210938,65.12000274658203,65.51000213623047,248100,0.0,0.0
2022-02-23 00:00:00-05:00,66.41999816894531,66.76000213623047,65.22000122070312,65.80999755859375,321300,0.0,0.0
2022-02-24 00:00:00-05:00,61.58000183105469,67.41000366210938,61.58000183105469,66.06999969482422,576600,0.0,0.0
2022-02-25 00:00:00-05:00,66.66000366210938,68.62999725341797,65.23999786376953,68.58999633789062,464100,0.0,0.0
2022-02-28 00:00:00-05:00,67.56999969482422,69.77999877929688,67.41000366210938,68.2300033569336,354600,0.0,0.0
2022-03-01 00:00:00-05:00,67.88999938964844,68.73999786376953,65.62000274658203,66.16999816894531,382300,0.0,0.0
2022-03-02 00:00:00-05:00,66.58999633789062,67.47000122070312,66.06999969482422,67.16000366210938,224500,0.0,0.0
2022-03-03 00:00:00-05:00,67.4800033569336,67.4800033569336,65.55000305175781,66.54000091552734,287500,0.0,0.0
2022-03-04 00:00:00-05:00,65.70999908447266,65.94999694824219,62.9900016784668,63.09000015258789,349900,0.0,0.0
2022-03-07 00:00:00-05:00,63.18000030517578,63.18000030517578,56.310001373291016,56.58000183105469,498400,0.0,0.0
2022-03-08 00:00:00-05:00,57.11000061035156,60.0,56.31999969482422,58.58000183105469,373900,0.0,0.0
2022-03-09 00:00:00-05:00,59.939998626708984,63.65999984741211,59.529998779296875,63.310001373291016,302000,0.0,0.0
2022-03-10 00:00:00-05:00,61.83000183105469,63.13999938964844,60.599998474121094,61.619998931884766,208700,0.0,0.0
2022-03-11 00:00:00-05:00,61.709999084472656,64.11000061035156,61.650001525878906,63.61000061035156,274000,0.0,0.0
2022-03-14 00:00:00-04:00,63.599998474121094,65.16000366210938,62.650001525878906,62.75,308000,0.0,0.0
2022-03-15 00:00:00-04:00,63.720001220703125,64.0199966430664,62.790000915527344,63.25,273100,0.0,0.0
2022-03-16 00:00:00-04:00,64.25,65.37999725341797,63.25,64.70999908447266,242000,0.0,0.0
2022-03-17 00:00:00-04:00,64.0,64.4800033569336,63.61000061035156,64.11000061035156,117100,0.0,0.0
2022-03-18 00:00:00-04:00,63.880001068115234,64.69999694824219,63.5,64.5,294300,0.0,0.0
2022-03-21 00:00:00-04:00,64.20999908447266,64.6500015258789,63.72999954223633,64.27999877929688,124800,0.0,0.0
2022-03-22 00:00:00-04:00,64.68000030517578,65.4000015258789,63.59000015258789,64.4000015258789,165700,0.0,0.0
2022-03-23 00:00:00-04:00,64.0,64.80000305175781,64.0,64.75,164600,0.0,0.0
2022-03-24 00:00:00-04:00,64.77999877929688,65.69000244140625,64.62999725341797,65.19999694824219,259400,0.0,0.0
2022-03-25 00:00:00-04:00,64.83999633789062,65.33000183105469,64.55000305175781,65.16000366210938,131000,0.0,0.0
2022-03-28 00:00:00-04:00,65.19999694824219,65.41000366210938,64.44000244140625,65.22000122070312,154800,0.0,0.0
2022-03-29 00:00:00-04:00,66.44999694824219,67.80999755859375,65.94999694824219,67.43000030517578,137700,0.0,0.0
2022-03-30 00:00:00-04:00,67.25,67.25,64.79000091552734,65.02999877929688,166800,0.0,0.0
2022-03-31 00:00:00-04:00,64.80000305175781,65.55000305175781,64.01000213623047,64.06999969482422,153700,0.0,0.0
2022-04-01 00:00:00-04:00,64.69000244140625,65.52999877929688,64.43000030517578,64.91000366210938,230500,0.0,0.0
2022-04-04 00:00:00-04:00,65.01000213623047,65.05000305175781,62.9900016784668,63.16999816894531,237800,0.0,0.0
2022-04-05 00:00:00-04:00,63.0099983215332,63.619998931884766,61.439998626708984,61.540000915527344,193400,0.0,0.0
2022-04-06 00:00:00-04:00,61.0,61.86000061035156,59.86000061035156,61.540000915527344,142700,0.0,0.0
2022-04-07 00:00:00-04:00,61.279998779296875,61.459999084472656,60.15999984741211,61.189998626708984,155500,0.0,0.0
2022-04-08 00:00:00-04:00,62.25,63.880001068115234,61.970001220703125,62.380001068115234,238100,0.0,0.0
2022-04-11 00:00:00-04:00,61.959999084472656,63.290000915527344,61.0099983215332,61.540000915527344,144200,0.0,0.0
2022-04-12 00:00:00-04:00,61.86000061035156,62.77000045776367,60.91999816894531,61.2599983215332,122100,0.0,0.0
2022-04-13 00:00:00-04:00,61.400001525878906,62.619998931884766,60.91999816894531,62.36000061035156,148100,0.0,0.0
2022-04-14 00:00:00-04:00,62.68000030517578,63.150001525878906,62.22999954223633,62.349998474121094,178000,0.0,0.0
2022-04-18 00:00:00-04:00,62.02000045776367,63.25,61.290000915527344,61.709999084472656,128500,0.0,0.0
2022-04-19 00:00:00-04:00,61.43000030517578,64.5199966430664,61.43000030517578,64.22000122070312,151400,0.0,0.0
2022-04-20 00:00:00-04:00,64.87000274658203,65.87000274658203,64.1500015258789,64.4800033569336,170300,0.0,0.0
2022-04-21 00:00:00-04:00,65.69000244140625,65.69000244140625,62.380001068115234,62.90999984741211,136800,0.0,0.0
2022-04-22 00:00:00-04:00,62.279998779296875,62.779998779296875,61.099998474121094,61.20000076293945,148700,0.0,0.0
2022-04-25 00:00:00-04:00,61.0,61.54999923706055,59.02000045776367,61.43000030517578,169400,0.0,0.0
2022-04-26 00:00:00-04:00,60.59000015258789,61.439998626708984,59.650001525878906,59.720001220703125,167700,0.0,0.0
2022-04-27 00:00:00-04:00,59.15999984741211,60.86000061035156,59.15999984741211,59.459999084472656,179600,0.0,0.0
2022-04-28 00:00:00-04:00,60.33000183105469,61.099998474121094,58.439998626708984,60.790000915527344,101900,0.0,0.0
2022-04-29 00:00:00-04:00,60.0,61.540000915527344,59.70000076293945,59.900001525878906,139200,0.0,0.0
2022-05-02 00:00:00-04:00,59.9900016784668,61.52000045776367,58.63999938964844,60.22999954223633,178800,0.0,0.0
2022-05-03 00:00:00-04:00,60.0,61.31999969482422,59.72999954223633,60.45000076293945,238100,0.0,0.0
2022-05-04 00:00:00-04:00,60.7599983215332,62.88999938964844,59.900001525878906,62.88999938964844,263500,0.0,0.0
2022-05-05 00:00:00-04:00,63.0,66.87999725341797,63.0,66.23999786376953,369000,0.0,0.0
2022-05-06 00:00:00-04:00,66.55000305175781,67.73999786376953,65.4000015258789,67.69000244140625,304800,0.0,0.0
2022-05-09 00:00:00-04:00,66.93000030517578,68.81999969482422,65.91999816894531,65.98999786376953,299700,0.0,0.0
2022-05-10 00:00:00-04:00,67.04000091552734,67.16000366210938,62.900001525878906,63.81999969482422,177900,0.0,0.0
2022-05-11 00:00:00-04:00,64.4800033569336,66.41000366210938,63.720001220703125,64.05000305175781,192700,0.0,0.0
2022-05-12 00:00:00-04:00,64.02999877929688,64.02999877929688,61.93000030517578,63.400001525878906,191900,0.0,0.0
2022-05-13 00:00:00-04:00,64.16000366210938,66.55999755859375,63.97999954223633,65.79000091552734,174000,0.0,0.0
2022-05-16 00:00:00-04:00,65.4000015258789,66.08999633789062,63.79999923706055,65.51000213623047,111500,0.0,0.0
2022-05-17 00:00:00-04:00,66.56999969482422,67.94999694824219,66.41999816894531,67.70999908447266,152300,0.0,0.0
2022-05-18 00:00:00-04:00,68.56999969482422,69.86000061035156,67.23999786376953,67.4800033569336,201700,0.0,0.0
2022-05-19 00:00:00-04:00,66.75,69.27999877929688,66.75,68.02999877929688,176900,0.0,0.0
2022-05-20 00:00:00-04:00,68.66999816894531,69.05999755859375,66.56999969482422,67.56999969482422,205100,0.0,0.0
2022-05-23 00:00:00-04:00,68.62000274658203,69.66999816894531,67.62999725341797,68.18000030517578,170500,0.0,0.0
2022-05-24 00:00:00-04:00,67.7300033569336,68.86000061035156,65.9800033569336,68.76000213623047,185800,0.0,0.0
2022-05-25 00:00:00-04:00,68.31999969482422,69.51000213623047,67.69999694824219,68.37999725341797,137900,0.0,0.0
2022-05-26 00:00:00-04:00,69.4800033569336,70.55000305175781,69.4800033569336,69.8499984741211,159300,0.0,0.0
2022-05-27 00:00:00-04:00,70.2699966430664,70.88999938964844,67.97000122070312,70.25,551400,0.0,0.0
2022-05-31 00:00:00-04:00,69.62000274658203,70.5999984741211,68.68000030517578,69.68000030517578,321000,0.0,0.0
2022-06-01 00:00:00-04:00,69.91999816894531,70.56999969482422,68.94999694824219,70.0999984741211,254100,0.0,0.0
2022-06-02 00:00:00-04:00,70.52999877929688,73.4800033569336,70.2699966430664,73.29000091552734,216000,0.0,0.0
2022-06-03 00:00:00-04:00,72.9000015258789,73.98999786376953,71.9000015258789,72.37999725341797,134700,0.0,0.0
2022-06-06 00:00:00-04:00,72.30999755859375,73.41999816894531,72.01000213623047,72.97000122070312,127800,0.0,0.0
2022-06-07 00:00:00-04:00,72.19999694824219,74.3499984741211,71.83999633789062,74.0999984741211,135100,0.0,0.0
2022-06-08 00:00:00-04:00,73.9800033569336,74.22000122070312,72.5999984741211,72.86000061035156,120200,0.0,0.0
2022-06-09 00:00:00-04:00,72.63999938964844,74.2699966430664,72.2699966430664,73.12999725341797,210400,0.0,0.0
2022-06-10 00:00:00-04:00,71.76000213623047,72.06999969482422,69.87999725341797,70.55000305175781,148500,0.0,0.0
2022-06-13 00:00:00-04:00,68.94000244140625,69.58000183105469,66.91999816894531,67.33000183105469,221700,0.0,0.0
2022-06-14 00:00:00-04:00,67.38999938964844,67.58999633789062,65.69999694824219,67.12000274658203,166900,0.0,0.0
2022-06-15 00:00:00-04:00,67.69000244140625,68.4800033569336,66.4800033569336,67.7699966430664,236500,0.0,0.0
2022-06-16 00:00:00-04:00,66.27999877929688,66.27999877929688,61.79999923706055,62.7400016784668,204300,0.0,0.0
2022-06-17 00:00:00-04:00,63.18000030517578,63.380001068115234,60.16999816894531,61.400001525878906,468000,0.0,0.0
2022-06-21 00:00:00-04:00,62.43000030517578,62.95000076293945,60.4900016784668,62.58000183105469,153800,0.0,0.0
2022-06-22 00:00:00-04:00,61.349998474121094,62.880001068115234,60.88999938964844,62.54999923706055,134500,0.0,0.0
2022-06-23 00:00:00-04:00,62.13999938964844,62.650001525878906,60.2400016784668,61.869998931884766,228300,0.0,0.0
2022-06-24 00:00:00-04:00,62.41999816894531,64.08999633789062,61.650001525878906,64.04000091552734,1152000,0.0,0.0
2022-06-27 00:00:00-04:00,64.3499984741211,65.7300033569336,62.790000915527344,63.869998931884766,441700,0.0,0.0
2022-06-28 00:00:00-04:00,64.66999816894531,65.61000061035156,63.150001525878906,63.720001220703125,112500,0.0,0.0
2022-06-29 00:00:00-04:00,63.97999954223633,63.97999954223633,61.720001220703125,62.970001220703125,87400,0.0,0.0
2022-06-30 00:00:00-04:00,61.86000061035156,63.220001220703125,61.540000915527344,63.13999938964844,132200,0.0,0.0
2022-07-01 00:00:00-04:00,62.599998474121094,63.68000030517578,61.369998931884766,63.470001220703125,114300,0.0,0.0
2022-07-05 00:00:00-04:00,62.130001068115234,62.619998931884766,60.290000915527344,62.029998779296875,131500,0.0,0.0
2022-07-06 00:00:00-04:00,61.52000045776367,63.119998931884766,59.90999984741211,61.880001068115234,121700,0.0,0.0
2022-07-07 00:00:00-04:00,62.41999816894531,64.1500015258789,62.41999816894531,63.849998474121094,158200,0.0,0.0
2022-07-08 00:00:00-04:00,63.91999816894531,64.83999633789062,62.66999816894531,63.689998626708984,142100,0.0,0.0
2022-07-11 00:00:00-04:00,63.040000915527344,63.900001525878906,62.849998474121094,63.29999923706055,81300,0.0,0.0
2022-07-12 00:00:00-04:00,63.06999969482422,64.27999877929688,62.70000076293945,63.189998626708984,131900,0.0,0.0
2022-07-13 00:00:00-04:00,62.209999084472656,62.65999984741211,61.86000061035156,61.93000030517578,223300,0.0,0.0
2022-07-14 00:00:00-04:00,60.36000061035156,61.150001525878906,59.959999084472656,60.689998626708984,197300,0.0,0.0
2022-07-15 00:00:00-04:00,61.869998931884766,62.599998474121094,61.36000061035156,61.779998779296875,167700,0.0,0.0
2022-07-18 00:00:00-04:00,62.70000076293945,63.5,61.130001068115234,61.2599983215332,105200,0.0,0.0
2022-07-19 00:00:00-04:00,62.02000045776367,64.27999877929688,62.02000045776367,63.83000183105469,116900,0.0,0.0
2022-07-20 00:00:00-04:00,63.25,64.30999755859375,63.25,63.970001220703125,191300,0.0,0.0
2022-07-21 00:00:00-04:00,63.2400016784668,64.1500015258789,62.88999938964844,64.0999984741211,118300,0.0,0.0
2022-07-22 00:00:00-04:00,64.30000305175781,64.56999969482422,63.099998474121094,63.2400016784668,113400,0.0,0.0
2022-07-25 00:00:00-04:00,63.77000045776367,64.5199966430664,63.209999084472656,64.48999786376953,120700,0.0,0.0
2022-07-26 00:00:00-04:00,64.43000030517578,64.7300033569336,63.5099983215332,63.810001373291016,119500,0.0,0.0
2022-07-27 00:00:00-04:00,63.790000915527344,66.30999755859375,63.54999923706055,66.0199966430664,153400,0.0,0.0
2022-07-28 00:00:00-04:00,66.58999633789062,67.08000183105469,65.80000305175781,66.98999786376953,148200,0.0,0.0
2022-07-29 00:00:00-04:00,67.36000061035156,67.95999908447266,66.94000244140625,67.0999984741211,137600,0.0,0.0
2022-08-01 00:00:00-04:00,66.44000244140625,67.55999755859375,65.70999908447266,66.69000244140625,344400,0.0,0.0
2022-08-02 00:00:00-04:00,66.98999786376953,67.05000305175781,65.5199966430664,66.0199966430664,227700,0.0,0.0
2022-08-03 00:00:00-04:00,66.36000061035156,70.51000213623047,65.88999938964844,70.05000305175781,358200,0.0,0.0
2022-08-04 00:00:00-04:00,70.94999694824219,71.06999969482422,69.9000015258789,70.55999755859375,162700,0.0,0.0
2022-08-05 00:00:00-04:00,69.44999694824219,71.23999786376953,68.66999816894531,68.72000122070312,156200,0.0,0.0
2022-08-08 00:00:00-04:00,69.52999877929688,70.25,68.12999725341797,68.91000366210938,149100,0.0,0.0
2022-08-09 00:00:00-04:00,68.45999908447266,69.1500015258789,67.91000366210938,68.58999633789062,163900,0.0,0.0
2022-08-10 00:00:00-04:00,69.8499984741211,71.61000061035156,69.33999633789062,70.95999908447266,153400,0.0,0.0
2022-08-11 00:00:00-04:00,71.5,73.55999755859375,71.23999786376953,73.08000183105469,204800,0.0,0.0
2022-08-12 00:00:00-04:00,73.5,75.29000091552734,73.19999694824219,75.11000061035156,150200,0.0,0.0
2022-08-15 00:00:00-04:00,74.4800033569336,74.87000274658203,73.26000213623047,73.44000244140625,256600,0.0,0.0
2022-08-16 00:00:00-04:00,72.94000244140625,74.18000030517578,72.94000244140625,74.16000366210938,154500,0.0,0.0
2022-08-17 00:00:00-04:00,73.30999755859375,74.0199966430664,72.81999969482422,73.11000061035156,122400,0.0,0.0
2022-08-18 00:00:00-04:00,73.06999969482422,74.91000366210938,73.05000305175781,74.4000015258789,100500,0.0,0.0
2022-08-19 00:00:00-04:00,74.18000030517578,74.36000061035156,72.4000015258789,73.02999877929688,147900,0.0,0.0
2022-08-22 00:00:00-04:00,71.88999938964844,72.16000366210938,71.16000366210938,71.62999725341797,129000,0.0,0.0
2022-08-23 00:00:00-04:00,71.41000366210938,73.1500015258789,71.41000366210938,72.95999908447266,115800,0.0,0.0
2022-08-24 00:00:00-04:00,73.0,73.81999969482422,72.20999908447266,73.43000030517578,99900,0.0,0.0
2022-08-25 00:00:00-04:00,73.83000183105469,74.98999786376953,73.36000061035156,74.98999786376953,85100,0.0,0.0
2022-08-26 00:00:00-04:00,74.8499984741211,74.8499984741211,71.97000122070312,72.04000091552734,139400,0.0,0.0
2022-08-29 00:00:00-04:00,71.16000366210938,72.61000061035156,70.2699966430664,71.91000366210938,154000,0.0,0.0
2022-08-30 00:00:00-04:00,71.97000122070312,71.97000122070312,70.88999938964844,71.06999969482422,129600,0.0,0.0
2022-08-31 00:00:00-04:00,71.0199966430664,71.0199966430664,70.0199966430664,70.13999938964844,196400,0.0,0.0
2022-09-01 00:00:00-04:00,69.75,69.75,68.55999755859375,69.45999908447266,151200,0.0,0.0
2022-09-02 00:00:00-04:00,70.45999908447266,70.69000244140625,69.1500015258789,69.41000366210938,162800,0.0,0.0
2022-09-06 00:00:00-04:00,69.55000305175781,69.58999633789062,64.68000030517578,66.16999816894531,395300,0.0,0.0
2022-09-07 00:00:00-04:00,66.29000091552734,68.62999725341797,65.70999908447266,68.61000061035156,266400,0.0,0.0
2022-09-08 00:00:00-04:00,67.51000213623047,68.94000244140625,67.0999984741211,68.30000305175781,192100,0.0,0.0
2022-09-09 00:00:00-04:00,69.19999694824219,70.52999877929688,68.76000213623047,70.30999755859375,167200,0.0,0.0
2022-09-12 00:00:00-04:00,71.12000274658203,72.4000015258789,70.48999786376953,72.29000091552734,214300,0.0,0.0
2022-09-13 00:00:00-04:00,70.16999816894531,71.19999694824219,69.29000091552734,69.36000061035156,267900,0.0,0.0
2022-09-14 00:00:00-04:00,69.19000244140625,69.19000244140625,66.94000244140625,68.02999877929688,326500,0.0,0.0
2022-09-15 00:00:00-04:00,67.31999969482422,69.23999786376953,67.30000305175781,67.48999786376953,350400,0.0,0.0
2022-09-16 00:00:00-04:00,66.69000244140625,66.69000244140625,63.119998931884766,64.04000091552734,1193200,0.0,0.0
2022-09-19 00:00:00-04:00,63.4900016784668,66.9000015258789,63.029998779296875,66.77999877929688,243700,0.0,0.0
2022-09-20 00:00:00-04:00,65.9800033569336,65.9800033569336,64.08000183105469,65.11000061035156,210100,0.0,0.0
2022-09-21 00:00:00-04:00,65.9800033569336,65.9800033569336,63.59000015258789,63.599998474121094,146100,0.0,0.0
2022-09-22 00:00:00-04:00,64.0,64.0,62.349998474121094,63.40999984741211,112000,0.0,0.0
2022-09-23 00:00:00-04:00,62.06999969482422,62.18000030517578,60.369998931884766,61.36000061035156,157300,0.0,0.0
2022-09-26 00:00:00-04:00,61.0,62.29999923706055,60.52000045776367,60.560001373291016,177800,0.0,0.0
2022-09-27 00:00:00-04:00,61.150001525878906,61.779998779296875,59.349998474121094,60.02000045776367,169000,0.0,0.0
2022-09-28 00:00:00-04:00,60.36000061035156,62.45000076293945,60.18000030517578,61.86000061035156,149700,0.0,0.0
2022-09-29 00:00:00-04:00,61.25,61.2599983215332,59.63999938964844,61.150001525878906,138800,0.0,0.0
2022-09-30 00:00:00-04:00,61.0099983215332,62.63999938964844,60.54999923706055,60.630001068115234,166600,0.0,0.0
2022-10-03 00:00:00-04:00,61.34000015258789,62.90999984741211,60.45000076293945,62.20000076293945,133000,0.0,0.0
2022-10-04 00:00:00-04:00,63.7599983215332,65.16000366210938,63.68000030517578,64.52999877929688,173600,0.0,0.0
2022-10-05 00:00:00-04:00,63.36000061035156,64.29000091552734,62.88999938964844,64.08000183105469,114000,0.0,0.0
2022-10-06 00:00:00-04:00,63.29999923706055,64.70999908447266,63.29999923706055,64.33999633789062,151000,0.0,0.0
2022-10-07 00:00:00-04:00,63.68000030517578,63.68000030517578,61.439998626708984,62.060001373291016,147400,0.0,0.0
2022-10-10 00:00:00-04:00,62.16999816894531,62.849998474121094,61.59000015258789,62.11000061035156,114600,0.0,0.0
2022-10-11 00:00:00-04:00,61.630001068115234,62.939998626708984,61.08000183105469,61.86000061035156,185200,0.0,0.0
2022-10-12 00:00:00-04:00,62.349998474121094,62.349998474121094,60.84000015258789,61.20000076293945,178500,0.0,0.0
2022-10-13 00:00:00-04:00,60.349998474121094,63.150001525878906,59.66999816894531,62.619998931884766,138400,0.0,0.0
2022-10-14 00:00:00-04:00,63.08000183105469,63.08000183105469,61.20000076293945,61.38999938964844,105000,0.0,0.0
2022-10-17 00:00:00-04:00,62.90999984741211,63.9900016784668,62.810001373291016,63.70000076293945,146600,0.0,0.0
2022-10-18 00:00:00-04:00,64.77999877929688,65.98999786376953,63.84000015258789,64.98999786376953,122600,0.0,0.0
2022-10-19 00:00:00-04:00,64.19000244140625,65.04000091552734,63.45000076293945,64.06999969482422,115900,0.0,0.0
2022-10-20 00:00:00-04:00,64.41999816894531,64.93000030517578,61.88999938964844,62.33000183105469,180300,0.0,0.0
2022-10-21 00:00:00-04:00,62.41999816894531,64.94000244140625,61.88999938964844,64.75,125100,0.0,0.0
2022-10-24 00:00:00-04:00,64.80999755859375,65.5199966430664,64.26000213623047,64.62999725341797,145200,0.0,0.0
2022-10-25 00:00:00-04:00,64.68000030517578,65.45999908447266,64.12000274658203,65.13999938964844,295000,0.0,0.0
2022-10-26 00:00:00-04:00,65.73999786376953,66.43000030517578,64.08000183105469,65.44999694824219,139500,0.0,0.0
2022-10-27 00:00:00-04:00,66.22000122070312,66.81999969482422,65.6500015258789,65.87999725341797,215200,0.0,0.0
2022-10-28 00:00:00-04:00,66.12999725341797,66.58999633789062,65.75,66.26000213623047,179200,0.0,0.0
2022-10-31 00:00:00-04:00,65.8499984741211,67.6500015258789,65.37000274658203,67.2699966430664,188400,0.0,0.0
2022-11-01 00:00:00-04:00,68.0199966430664,68.19999694824219,66.80000305175781,67.97000122070312,116200,0.0,0.0
2022-11-02 00:00:00-04:00,67.37000274658203,67.8499984741211,65.05000305175781,65.05000305175781,193000,0.0,0.0
2022-11-03 00:00:00-04:00,68.02999877929688,71.16000366210938,66.13999938964844,70.4000015258789,165400,0.0,0.0
2022-11-04 00:00:00-04:00,72.9800033569336,74.77999877929688,72.48999786376953,74.36000061035156,187900,0.0,0.0
2022-11-07 00:00:00-05:00,74.55000305175781,75.0,73.02999877929688,73.51000213623047,167900,0.0,0.0
2022-11-08 00:00:00-05:00,74.12999725341797,75.6500015258789,73.27999877929688,74.45999908447266,147600,0.0,0.0
2022-11-09 00:00:00-05:00,73.5999984741211,74.18000030517578,72.3499984741211,72.63999938964844,157500,0.0,0.0
2022-11-10 00:00:00-05:00,75.5999984741211,77.38999938964844,74.8499984741211,77.05000305175781,182600,0.0,0.0
2022-11-11 00:00:00-05:00,77.66000366210938,79.73999786376953,77.58999633789062,78.69000244140625,179800,0.0,0.0
2022-11-14 00:00:00-05:00,78.06999969482422,79.16999816894531,77.25,77.31999969482422,157400,0.0,0.0
2022-11-15 00:00:00-05:00,78.33000183105469,79.79000091552734,77.12000274658203,78.55999755859375,164700,0.0,0.0
2022-11-16 00:00:00-05:00,78.0199966430664,78.0999984741211,76.9000015258789,77.13999938964844,162000,0.0,0.0
2022-11-17 00:00:00-05:00,76.01000213623047,76.7699966430664,75.08000183105469,76.75,112500,0.0,0.0
2022-11-18 00:00:00-05:00,78.04000091552734,78.16000366210938,76.33000183105469,77.0,150500,0.0,0.0
2022-11-21 00:00:00-05:00,76.31999969482422,77.77999877929688,76.31999969482422,77.29000091552734,101700,0.0,0.0
2022-11-22 00:00:00-05:00,78.08000183105469,79.2300033569336,77.44999694824219,78.94999694824219,122600,0.0,0.0
2022-11-23 00:00:00-05:00,78.68000030517578,79.36000061035156,78.0,78.83999633789062,62500,0.0,0.0
2022-11-25 00:00:00-05:00,78.37999725341797,79.0199966430664,77.66999816894531,78.4000015258789,41900,0.0,0.0
2022-11-28 00:00:00-05:00,78.36000061035156,78.38999938964844,76.2699966430664,76.68000030517578,112900,0.0,0.0
2022-11-29 00:00:00-05:00,76.69999694824219,77.37000274658203,75.77999877929688,75.86000061035156,101100,0.0,0.0
2022-11-30 00:00:00-05:00,76.08999633789062,78.30000305175781,74.72000122070312,78.2699966430664,181500,0.0,0.0
2022-12-01 00:00:00-05:00,78.5999984741211,78.9800033569336,77.30000305175781,77.37000274658203,120900,0.0,0.0
2022-12-02 00:00:00-05:00,76.12000274658203,78.19999694824219,76.12000274658203,77.56999969482422,91300,0.0,0.0
2022-12-05 00:00:00-05:00,76.7699966430664,76.7699966430664,75.13999938964844,75.58999633789062,126900,0.0,0.0
2022-12-06 00:00:00-05:00,75.22000122070312,75.9000015258789,72.70999908447266,73.58999633789062,138800,0.0,0.0
2022-12-07 00:00:00-05:00,73.16999816894531,74.3499984741211,72.83000183105469,74.05000305175781,157000,0.0,0.0
2022-12-08 00:00:00-05:00,74.88999938964844,74.88999938964844,73.30000305175781,73.83999633789062,114600,0.0,0.0
2022-12-09 00:00:00-05:00,73.55000305175781,74.23999786376953,71.94999694824219,71.95999908447266,132900,0.0,0.0
2022-12-12 00:00:00-05:00,72.44000244140625,73.69000244140625,71.06999969482422,73.41000366210938,159900,0.0,0.0
2022-12-13 00:00:00-05:00,76.2300033569336,76.5199966430664,72.61000061035156,73.16000366210938,221100,0.0,0.0
2022-12-14 00:00:00-05:00,72.86000061035156,73.73999786376953,71.80000305175781,72.08000183105469,191400,0.0,0.0
2022-12-15 00:00:00-05:00,71.26000213623047,71.26000213623047,69.55000305175781,69.6500015258789,200800,0.0,0.0
2022-12-16 00:00:00-05:00,68.66999816894531,69.58000183105469,67.77999877929688,69.44999694824219,666600,0.0,0.0
2022-12-19 00:00:00-05:00,69.44000244140625,70.4800033569336,69.27999877929688,69.79000091552734,222100,0.0,0.0
2022-12-20 00:00:00-05:00,69.88999938964844,71.06999969482422,69.83999633789062,69.87999725341797,154200,0.0,0.0
2022-12-21 00:00:00-05:00,70.76000213623047,72.43000030517578,70.48999786376953,71.62999725341797,152600,0.0,0.0
2022-12-22 00:00:00-05:00,71.06999969482422,71.06999969482422,69.70999908447266,70.22000122070312,152800,0.0,0.0
2022-12-23 00:00:00-05:00,70.04000091552734,70.77999877929688,69.83999633789062,70.5999984741211,80700,0.0,0.0
2022-12-27 00:00:00-05:00,70.70999908447266,71.0999984741211,70.1500015258789,70.37999725341797,79000,0.0,0.0
2022-12-28 00:00:00-05:00,70.41000366210938,70.62000274658203,69.68000030517578,69.69999694824219,120600,0.0,0.0
2022-12-29 00:00:00-05:00,70.06999969482422,71.16000366210938,69.80999755859375,70.94999694824219,94400,0.0,0.0
2022-12-30 00:00:00-05:00,70.51000213623047,71.41000366210938,70.11000061035156,70.44000244140625,132700,0.0,0.0
2023-01-03 00:00:00-05:00,70.80999755859375,71.94000244140625,70.2300033569336,71.0199966430664,162400,0.0,0.0
2023-01-04 00:00:00-05:00,71.0199966430664,72.75,70.9800033569336,72.68000030517578,206200,0.0,0.0
2023-01-05 00:00:00-05:00,72.37000274658203,72.75,71.6500015258789,71.94999694824219,143700,0.0,0.0
2023-01-06 00:00:00-05:00,72.75,74.5,72.66999816894531,74.13999938964844,134900,0.0,0.0
2023-01-09 00:00:00-05:00,75.0,76.58000183105469,74.29000091552734,75.94999694824219,204400,0.0,0.0
2023-01-10 00:00:00-05:00,75.83999633789062,79.06999969482422,75.05999755859375,79.0199966430664,183700,0.0,0.0
2023-01-11 00:00:00-05:00,79.58999633789062,81.12000274658203,79.02999877929688,79.1500015258789,178600,0.0,0.0
2023-01-12 00:00:00-05:00,79.44999694824219,80.26000213623047,79.05999755859375,80.19999694824219,211800,0.0,0.0
2023-01-13 00:00:00-05:00,79.4000015258789,81.69999694824219,79.4000015258789,81.63999938964844,119400,0.0,0.0
2023-01-17 00:00:00-05:00,81.81999969482422,81.91999816894531,80.16000366210938,80.2699966430664,184300,0.0,0.0
2023-01-18 00:00:00-05:00,80.69999694824219,81.36000061035156,78.94000244140625,79.04000091552734,233200,0.0,0.0
2023-01-19 00:00:00-05:00,78.69000244140625,78.72000122070312,77.75,78.38999938964844,164500,0.0,0.0
2023-01-20 00:00:00-05:00,78.91999816894531,80.72000122070312,78.29000091552734,80.48999786376953,142200,0.0,0.0
2023-01-23 00:00:00-05:00,80.25,81.01000213623047,80.16999816894531,80.88999938964844,79800,0.0,0.0
2023-01-24 00:00:00-05:00,80.19000244140625,82.08999633789062,79.52999877929688,81.75,250300,0.0,0.0
2023-01-25 00:00:00-05:00,81.25,81.44000244140625,78.69999694824219,78.76000213623047,159000,0.0,0.0
2023-01-26 00:00:00-05:00,78.76000213623047,80.33000183105469,78.69999694824219,80.2300033569336,108700,0.0,0.0
2023-01-27 00:00:00-05:00,80.0,80.87000274658203,79.48999786376953,80.38999938964844,96900,0.0,0.0
2023-01-30 00:00:00-05:00,79.80000305175781,80.51000213623047,79.19000244140625,79.2699966430664,150000,0.0,0.0
2023-01-31 00:00:00-05:00,79.81999969482422,82.48999786376953,79.13999938964844,82.44000244140625,274700,0.0,0.0
2023-02-01 00:00:00-05:00,81.88999938964844,83.9800033569336,81.41999816894531,82.87000274658203,182500,0.0,0.0
2023-02-02 00:00:00-05:00,84.73999786376953,87.1500015258789,84.38999938964844,87.0,239700,0.0,0.0
2023-02-03 00:00:00-05:00,86.0199966430664,87.33000183105469,85.66999816894531,86.93000030517578,278400,0.0,0.0
2023-02-06 00:00:00-05:00,86.45999908447266,86.93000030517578,85.63999938964844,86.73999786376953,196400,0.0,0.0
2023-02-07 00:00:00-05:00,86.05000305175781,89.58999633789062,85.83999633789062,89.48999786376953,261000,0.0,0.0
2023-02-08 00:00:00-05:00,88.36000061035156,89.33999633789062,87.83000183105469,88.36000061035156,414000,0.0,0.0
2023-02-09 00:00:00-05:00,89.16999816894531,89.2699966430664,86.44000244140625,86.58000183105469,242400,0.0,0.0
2023-02-10 00:00:00-05:00,85.86000061035156,87.97000122070312,85.72000122070312,87.80999755859375,139400,0.0,0.0
2023-02-13 00:00:00-05:00,87.73999786376953,89.56999969482422,87.30999755859375,88.86000061035156,295300,0.0,0.0
2023-02-14 00:00:00-05:00,88.5199966430664,90.7300033569336,88.41999816894531,89.69000244140625,336700,0.0,0.0
2023-02-15 00:00:00-05:00,88.9000015258789,90.4800033569336,88.52999877929688,90.37999725341797,167900,0.0,0.0
2023-02-16 00:00:00-05:00,88.7300033569336,90.77999877929688,88.18000030517578,89.66999816894531,168300,0.0,0.0
2023-02-17 00:00:00-05:00,89.56999969482422,90.80999755859375,89.05999755859375,90.75,185800,0.0,0.0
2023-02-21 00:00:00-05:00,89.97000122070312,89.97000122070312,86.33000183105469,86.87999725341797,224300,0.0,0.0
2023-02-22 00:00:00-05:00,86.93000030517578,87.88999938964844,86.2300033569336,87.08999633789062,140900,0.0,0.0
2023-02-23 00:00:00-05:00,87.20999908447266,88.43000030517578,86.54000091552734,88.05999755859375,155200,0.0,0.0
2023-02-24 00:00:00-05:00,86.2699966430664,88.79000091552734,86.2300033569336,88.55999755859375,165400,0.0,0.0
2023-02-27 00:00:00-05:00,89.19999694824219,89.91999816894531,87.69999694824219,87.80999755859375,300400,0.0,0.0
2023-02-28 00:00:00-05:00,83.73999786376953,84.44000244140625,78.97000122070312,82.55999755859375,896900,0.0,0.0
2023-03-01 00:00:00-05:00,82.29000091552734,83.48999786376953,81.61000061035156,83.41999816894531,426600,0.0,0.0
2023-03-02 00:00:00-05:00,81.72000122070312,83.11000061035156,81.47000122070312,81.54000091552734,358200,0.0,0.0
2023-03-03 00:00:00-05:00,82.41999816894531,82.45999908447266,80.38999938964844,81.69000244140625,312600,0.0,0.0
2023-03-06 00:00:00-05:00,81.33999633789062,81.83000183105469,80.5,81.25,259200,0.0,0.0
2023-03-07 00:00:00-05:00,81.0,81.5,78.41999816894531,78.77999877929688,376800,0.0,0.0
2023-03-08 00:00:00-05:00,78.94000244140625,79.0199966430664,77.2300033569336,77.73999786376953,241900,0.0,0.0
2023-03-09 00:00:00-05:00,78.18000030517578,78.33999633789062,75.30000305175781,75.45999908447266,346200,0.0,0.0
2023-03-10 00:00:00-05:00,75.05999755859375,75.05999755859375,70.54000091552734,71.41999816894531,418300,0.0,0.0
2023-03-13 00:00:00-04:00,69.87999725341797,70.61000061035156,68.08000183105469,69.76000213623047,327400,0.0,0.0
2023-03-14 00:00:00-04:00,72.41999816894531,72.44999694824219,70.26000213623047,71.72000122070312,391300,0.0,0.0
2023-03-15 00:00:00-04:00,69.18000030517578,71.5199966430664,68.54000091552734,71.36000061035156,537200,0.0,0.0
2023-03-16 00:00:00-04:00,70.23999786376953,73.79000091552734,70.05999755859375,72.43000030517578,396300,0.0,0.0
2023-03-17 00:00:00-04:00,71.9800033569336,71.9800033569336,68.58999633789062,68.88999938964844,450800,0.0,0.0
2023-03-20 00:00:00-04:00,69.58000183105469,70.80000305175781,68.93000030517578,70.6500015258789,221800,0.0,0.0
2023-03-21 00:00:00-04:00,72.4000015258789,73.06999969482422,72.12000274658203,72.41000366210938,156000,0.0,0.0
2023-03-22 00:00:00-04:00,71.72000122070312,72.69999694824219,70.30000305175781,70.36000061035156,140900,0.0,0.0
2023-03-23 00:00:00-04:00,70.54000091552734,71.47000122070312,68.56999969482422,69.52999877929688,285200,0.0,0.0
2023-03-24 00:00:00-04:00,68.54000091552734,69.18000030517578,67.5199966430664,69.08999633789062,299100,0.0,0.0
2023-03-27 00:00:00-04:00,70.29000091552734,70.44999694824219,69.16999816894531,69.77999877929688,265400,0.0,0.0
2023-03-28 00:00:00-04:00,69.20999908447266,69.45999908447266,68.41999816894531,68.70999908447266,336800,0.0,0.0
2023-03-29 00:00:00-04:00,69.80000305175781,70.47000122070312,69.30000305175781,69.88999938964844,238400,0.0,0.0
2023-03-30 00:00:00-04:00,70.66999816894531,71.30999755859375,69.69999694824219,69.8499984741211,324100,0.0,0.0
2023-03-31 00:00:00-04:00,70.31999969482422,71.69000244140625,70.27999877929688,71.5199966430664,321900,0.0,0.0
2023-04-03 00:00:00-04:00,71.91999816894531,72.41999816894531,70.47000122070312,71.19999694824219,236800,0.0,0.0
2023-04-04 00:00:00-04:00,71.41999816894531,71.41999816894531,69.66999816894531,70.30000305175781,313600,0.0,0.0
2023-04-05 00:00:00-04:00,69.63999938964844,70.73999786376953,69.48999786376953,70.66999816894531,262500,0.0,0.0
2023-04-06 00:00:00-04:00,70.75,70.80999755859375,69.2699966430664,69.55999755859375,386800,0.0,0.0
2023-04-10 00:00:00-04:00,69.12999725341797,71.87999725341797,69.12999725341797,71.51000213623047,540300,0.0,0.0
2023-04-11 00:00:00-04:00,71.9800033569336,73.55000305175781,71.86000061035156,73.20999908447266,239000,0.0,0.0
2023-04-12 00:00:00-04:00,74.13999938964844,74.47000122070312,72.16999816894531,72.68000030517578,211300,0.0,0.0
2023-04-13 00:00:00-04:00,73.05999755859375,74.0199966430664,72.48999786376953,74.01000213623047,191100,0.0,0.0
2023-04-14 00:00:00-04:00,74.1500015258789,74.73999786376953,72.01000213623047,72.72000122070312,192200,0.0,0.0
2023-04-17 00:00:00-04:00,72.62000274658203,72.91000366210938,71.97000122070312,72.7300033569336,203200,0.0,0.0
2023-04-18 00:00:00-04:00,73.2699966430664,73.43000030517578,71.23999786376953,71.95999908447266,183300,0.0,0.0
2023-04-19 00:00:00-04:00,71.73999786376953,72.02999877929688,71.27999877929688,71.8499984741211,183500,0.0,0.0
2023-04-20 00:00:00-04:00,71.05000305175781,71.87999725341797,70.54000091552734,71.41999816894531,164400,0.0,0.0
2023-04-21 00:00:00-04:00,71.41999816894531,71.77999877929688,70.52999877929688,71.22000122070312,179200,0.0,0.0
2023-04-24 00:00:00-04:00,71.51000213623047,72.41000366210938,71.51000213623047,72.3499984741211,165500,0.0,0.0
2023-04-25 00:00:00-04:00,71.20999908447266,71.38999938964844,69.91000366210938,69.91000366210938,172500,0.0,0.0
2023-04-26 00:00:00-04:00,68.86000061035156,70.05999755859375,68.86000061035156,69.37999725341797,241100,0.0,0.0
2023-04-27 00:00:00-04:00,69.51000213623047,70.81999969482422,69.38999938964844,70.80000305175781,173700,0.0,0.0
2023-04-28 00:00:00-04:00,70.43000030517578,72.33000183105469,70.43000030517578,71.73999786376953,192300,0.0,0.0
2023-05-01 00:00:00-04:00,71.9000015258789,72.76000213623047,71.01000213623047,71.58999633789062,183500,0.0,0.0
2023-05-02 00:00:00-04:00,71.05000305175781,71.05000305175781,69.0,70.30000305175781,234300,0.0,0.0
2023-05-03 00:00:00-04:00,70.05999755859375,72.41000366210938,70.05999755859375,70.44000244140625,291300,0.0,0.0
2023-05-04 00:00:00-04:00,66.72000122070312,68.11000061035156,59.5,64.4000015258789,813000,0.0,0.0
2023-05-05 00:00:00-04:00,63.65999984741211,63.9900016784668,60.15999984741211,60.56999969482422,476500,0.0,0.0
2023-05-08 00:00:00-04:00,60.61000061035156,61.4900016784668,58.91999816894531,59.11000061035156,401400,0.0,0.0
2023-05-09 00:00:00-04:00,58.43000030517578,59.290000915527344,57.52000045776367,57.9900016784668,484600,0.0,0.0
2023-05-10 00:00:00-04:00,59.0,59.0,55.75,56.5099983215332,546300,0.0,0.0
2023-05-11 00:00:00-04:00,55.869998931884766,56.369998931884766,54.9900016784668,56.349998474121094,479000,0.0,0.0
2023-05-12 00:00:00-04:00,56.560001373291016,56.560001373291016,54.02000045776367,54.5,260900,0.0,0.0
2023-05-15 00:00:00-04:00,54.869998931884766,55.18000030517578,54.130001068115234,54.16999816894531,328800,0.0,0.0
2023-05-16 00:00:00-04:00,53.810001373291016,53.810001373291016,52.150001525878906,52.20000076293945,539800,0.0,0.0
2023-05-17 00:00:00-04:00,52.41999816894531,54.0,52.209999084472656,53.29999923706055,402400,0.0,0.0
2023-05-18 00:00:00-04:00,52.709999084472656,52.709999084472656,49.380001068115234,50.02000045776367,844600,0.0,0.0
2023-05-19 00:00:00-04:00,50.810001373291016,52.099998474121094,50.369998931884766,50.59000015258789,487400,0.0,0.0
2023-05-22 00:00:00-04:00,51.02000045776367,52.22999954223633,50.7400016784668,51.86000061035156,373900,0.0,0.0
2023-05-23 00:00:00-04:00,51.2400016784668,52.70000076293945,51.11000061035156,52.2599983215332,578800,0.0,0.0
2023-05-24 00:00:00-04:00,51.77000045776367,52.560001373291016,50.91999816894531,51.040000915527344,449800,0.0,0.0
2023-05-25 00:00:00-04:00,50.4900016784668,50.83000183105469,49.290000915527344,50.099998474121094,280700,0.0,0.0
2023-05-26 00:00:00-04:00,50.060001373291016,50.75,49.54999923706055,49.86000061035156,287500,0.0,0.0
2023-05-30 00:00:00-04:00,49.650001525878906,50.290000915527344,49.08000183105469,49.43000030517578,284100,0.0,0.0
2023-05-31 00:00:00-04:00,49.20000076293945,49.599998474121094,46.52000045776367,47.189998626708984,416500,0.0,0.0
2023-06-01 00:00:00-04:00,47.189998626708984,48.15999984741211,47.099998474121094,47.45000076293945,249700,0.0,0.0
2023-06-02 00:00:00-04:00,48.54999923706055,51.869998931884766,48.349998474121094,51.810001373291016,435800,0.0,0.0
2023-06-05 00:00:00-04:00,51.630001068115234,52.31999969482422,50.58000183105469,51.72999954223633,505300,0.0,0.0
2023-06-06 00:00:00-04:00,51.68000030517578,53.93000030517578,51.4900016784668,53.40999984741211,377000,0.0,0.0
2023-06-07 00:00:00-04:00,53.66999816894531,54.849998474121094,53.66999816894531,54.689998626708984,403600,0.0,0.0
2023-06-08 00:00:00-04:00,54.54999923706055,54.779998779296875,52.83000183105469,53.02000045776367,349300,0.0,0.0
2023-06-09 00:00:00-04:00,52.880001068115234,53.939998626708984,52.33000183105469,53.900001525878906,257000,0.0,0.0
2023-06-12 00:00:00-04:00,53.810001373291016,54.630001068115234,53.189998626708984,53.970001220703125,257300,0.0,0.0
2023-06-13 00:00:00-04:00,54.459999084472656,55.459999084472656,53.599998474121094,53.91999816894531,312500,0.0,0.0
2023-06-14 00:00:00-04:00,54.08000183105469,54.59000015258789,53.02000045776367,53.29999923706055,332400,0.0,0.0
2023-06-15 00:00:00-04:00,53.18000030517578,54.11000061035156,53.0099983215332,53.77000045776367,350200,0.0,0.0
2023-06-16 00:00:00-04:00,54.220001220703125,54.790000915527344,53.06999969482422,54.38999938964844,6937200,0.0,0.0
2023-06-20 00:00:00-04:00,53.68000030517578,53.970001220703125,51.27000045776367,51.540000915527344,479900,0.0,0.0
2023-06-21 00:00:00-04:00,51.0,53.08000183105469,50.189998626708984,52.91999816894531,338900,0.0,0.0
2023-06-22 00:00:00-04:00,52.029998779296875,53.0099983215332,51.34000015258789,52.599998474121094,365400,0.0,0.0
2023-06-23 00:00:00-04:00,51.310001373291016,52.5099983215332,51.310001373291016,51.91999816894531,440000,0.0,0.0
2023-06-26 00:00:00-04:00,51.630001068115234,53.5,51.630001068115234,53.349998474121094,225900,0.0,0.0
2023-06-27 00:00:00-04:00,53.459999084472656,55.77000045776367,53.41999816894531,55.52000045776367,377500,0.0,0.0
2023-06-28 00:00:00-04:00,55.34000015258789,56.7599983215332,55.34000015258789,56.0,363800,0.0,0.0
2023-06-29 00:00:00-04:00,55.68000030517578,58.650001525878906,55.68000030517578,58.470001220703125,460400,0.0,0.0
2023-06-30 00:00:00-04:00,58.630001068115234,59.58000183105469,58.08000183105469,58.15999984741211,333400,0.0,0.0
2023-07-03 00:00:00-04:00,57.81999969482422,59.209999084472656,57.650001525878906,58.619998931884766,106000,0.0,0.0
2023-07-05 00:00:00-04:00,57.939998626708984,58.63999938964844,57.060001373291016,57.16999816894531,267300,0.0,0.0
2023-07-06 00:00:00-04:00,56.790000915527344,57.400001525878906,55.72999954223633,56.72999954223633,228800,0.0,0.0
2023-07-07 00:00:00-04:00,56.869998931884766,59.540000915527344,56.869998931884766,58.61000061035156,189000,0.0,0.0
2023-07-10 00:00:00-04:00,58.290000915527344,59.36000061035156,58.06999969482422,58.650001525878906,232100,0.0,0.0
2023-07-11 00:00:00-04:00,59.849998474121094,60.209999084472656,59.20000076293945,60.099998474121094,252800,0.0,0.0
2023-07-12 00:00:00-04:00,61.310001373291016,62.40999984741211,60.86000061035156,60.88999938964844,328100,0.0,0.0
2023-07-13 00:00:00-04:00,60.88999938964844,61.41999816894531,60.27000045776367,60.689998626708984,182600,0.0,0.0
2023-07-14 00:00:00-04:00,60.54999923706055,60.689998626708984,58.529998779296875,60.25,274700,0.0,0.0
2023-07-17 00:00:00-04:00,60.540000915527344,61.08000183105469,59.81999969482422,60.540000915527344,343600,0.0,0.0
2023-07-18 00:00:00-04:00,60.869998931884766,62.0,60.849998474121094,60.88999938964844,597000,0.0,0.0
2023-07-19 00:00:00-04:00,61.09000015258789,62.02000045776367,60.900001525878906,61.63999938964844,223500,0.0,0.0
2023-07-20 00:00:00-04:00,62.02000045776367,62.130001068115234,61.34000015258789,61.4900016784668,219100,0.0,0.0
2023-07-21 00:00:00-04:00,61.45000076293945,61.66999816894531,60.650001525878906,61.61000061035156,229400,0.0,0.0
2023-07-24 00:00:00-04:00,61.849998474121094,62.47999954223633,61.09000015258789,61.959999084472656,207200,0.0,0.0
2023-07-25 00:00:00-04:00,62.150001525878906,63.22999954223633,62.08000183105469,62.599998474121094,234300,0.0,0.0
2023-07-26 00:00:00-04:00,62.59000015258789,63.849998474121094,62.59000015258789,63.08000183105469,176500,0.0,0.0
2023-07-27 00:00:00-04:00,65.19000244140625,66.18000030517578,64.26000213623047,64.30999755859375,386800,0.0,0.0
2023-07-28 00:00:00-04:00,64.93000030517578,65.22000122070312,63.16999816894531,63.380001068115234,198500,0.0,0.0
2023-07-31 00:00:00-04:00,63.9900016784668,64.76000213623047,63.4900016784668,64.0199966430664,281600,0.0,0.0
2023-08-01 00:00:00-04:00,63.619998931884766,64.23999786376953,62.27000045776367,62.369998931884766,275700,0.0,0.0
2023-08-02 00:00:00-04:00,61.720001220703125,62.22999954223633,61.060001373291016,61.400001525878906,215000,0.0,0.0
2023-08-03 00:00:00-04:00,57.0,57.36000061035156,51.91999816894531,55.380001068115234,752400,0.0,0.0
2023-08-04 00:00:00-04:00,55.29999923706055,58.619998931884766,55.29999923706055,58.15999984741211,431800,0.0,0.0
2023-08-07 00:00:00-04:00,56.720001220703125,56.810001373291016,53.45000076293945,53.630001068115234,645800,0.0,0.0
2023-08-08 00:00:00-04:00,52.90999984741211,55.52000045776367,52.720001220703125,55.45000076293945,478300,0.0,0.0
2023-08-09 00:00:00-04:00,55.33000183105469,55.38999938964844,53.810001373291016,53.959999084472656,172900,0.0,0.0
2023-08-10 00:00:00-04:00,54.029998779296875,54.93000030517578,53.119998931884766,53.380001068115234,140000,0.0,0.0
2023-08-11 00:00:00-04:00,53.2599983215332,53.439998626708984,52.529998779296875,52.90999984741211,201900,0.0,0.0
2023-08-14 00:00:00-04:00,52.59000015258789,52.59000015258789,51.13999938964844,51.290000915527344,222700,0.0,0.0
2023-08-15 00:00:00-04:00,50.59000015258789,51.11000061035156,49.459999084472656,49.63999938964844,225100,0.0,0.0
2023-08-16 00:00:00-04:00,49.47999954223633,50.08000183105469,48.310001373291016,48.310001373291016,153300,0.0,0.0
2023-08-17 00:00:00-04:00,48.52000045776367,50.70000076293945,48.52000045776367,50.5,278000,0.0,0.0
2023-08-18 00:00:00-04:00,50.06999969482422,52.29999923706055,49.790000915527344,51.650001525878906,272500,0.0,0.0
2023-08-21 00:00:00-04:00,51.560001373291016,52.060001373291016,50.13999938964844,51.04999923706055,215600,0.0,0.0
2023-08-22 00:00:00-04:00,51.31999969482422,52.130001068115234,50.88999938964844,51.41999816894531,147100,0.0,0.0
2023-08-23 00:00:00-04:00,51.5099983215332,51.529998779296875,50.810001373291016,50.959999084472656,111800,0.0,0.0
2023-08-24 00:00:00-04:00,50.619998931884766,51.5099983215332,50.5099983215332,51.400001525878906,174800,0.0,0.0
2023-08-25 00:00:00-04:00,51.59000015258789,52.2599983215332,50.83000183105469,51.58000183105469,142600,0.0,0.0
2023-08-28 00:00:00-04:00,51.93000030517578,52.70000076293945,51.77000045776367,51.91999816894531,131000,0.0,0.0
2023-08-29 00:00:00-04:00,51.7599983215332,53.880001068115234,51.7599983215332,53.86000061035156,217700,0.0,0.0
2023-08-30 00:00:00-04:00,53.4900016784668,54.27000045776367,53.2599983215332,53.75,171000,0.0,0.0
2023-08-31 00:00:00-04:00,53.88999938964844,54.650001525878906,53.529998779296875,53.88999938964844,159400,0.0,0.0
2023-09-01 00:00:00-04:00,54.290000915527344,55.150001525878906,54.290000915527344,54.650001525878906,144800,0.0,0.0
2023-09-05 00:00:00-04:00,53.689998626708984,53.689998626708984,51.279998779296875,52.970001220703125,248000,0.0,0.0
2023-09-06 00:00:00-04:00,53.09000015258789,53.540000915527344,51.63999938964844,52.45000076293945,143600,0.0,0.0
2023-09-07 00:00:00-04:00,52.2599983215332,52.2599983215332,50.099998474121094,50.75,282800,0.0,0.0
2023-09-08 00:00:00-04:00,50.689998626708984,50.91999816894531,50.02000045776367,50.130001068115234,172800,0.0,0.0
2023-09-11 00:00:00-04:00,50.779998779296875,50.97999954223633,49.400001525878906,49.66999816894531,228900,0.0,0.0
2023-09-12 00:00:00-04:00,49.5,50.09000015258789,49.150001525878906,50.09000015258789,193400,0.0,0.0
2023-09-13 00:00:00-04:00,50.099998474121094,50.209999084472656,48.90999984741211,49.779998779296875,214200,0.0,0.0
2023-09-14 00:00:00-04:00,50.540000915527344,51.95000076293945,50.540000915527344,51.779998779296875,262500,0.0,0.0
2023-09-15 00:00:00-04:00,51.540000915527344,51.84000015258789,50.0,50.689998626708984,894400,0.0,0.0
2023-09-18 00:00:00-04:00,50.880001068115234,50.880001068115234,49.459999084472656,50.150001525878906,276300,0.0,0.0
2023-09-19 00:00:00-04:00,49.95000076293945,50.040000915527344,48.810001373291016,49.33000183105469,206500,0.0,0.0
2023-09-20 00:00:00-04:00,49.66999816894531,50.56999969482422,48.90999984741211,48.95000076293945,155400,0.0,0.0
2023-09-21 00:00:00-04:00,48.41999816894531,48.88999938964844,48.02000045776367,48.349998474121094,108600,0.0,0.0
2023-09-22 00:00:00-04:00,48.470001220703125,48.900001525878906,46.77000045776367,46.86000061035156,208300,0.0,0.0
2023-09-25 00:00:00-04:00,46.709999084472656,47.630001068115234,46.70000076293945,47.2400016784668,182600,0.0,0.0
2023-09-26 00:00:00-04:00,46.90999984741211,47.599998474121094,46.720001220703125,47.02000045776367,246900,0.0,0.0
2023-09-27 00:00:00-04:00,47.70000076293945,48.029998779296875,46.560001373291016,47.209999084472656,161500,0.0,0.0
2023-09-28 00:00:00-04:00,47.369998931884766,48.68000030517578,47.310001373291016,48.18000030517578,251900,0.0,0.0
2023-09-29 00:00:00-04:00,48.709999084472656,48.709999084472656,47.150001525878906,47.61000061035156,275700,0.0,0.0
2023-10-02 00:00:00-04:00,47.36000061035156,47.72999954223633,46.0099983215332,46.400001525878906,197900,0.0,0.0
2023-10-03 00:00:00-04:00,44.099998474121094,45.619998931884766,42.91999816894531,43.13999938964844,277000,0.0,0.0
2023-10-04 00:00:00-04:00,43.310001373291016,43.310001373291016,42.439998626708984,42.790000915527344,378500,0.0,0.0
2023-10-05 00:00:00-04:00,42.779998779296875,42.880001068115234,41.47999954223633,42.06999969482422,304600,0.0,0.0
2023-10-06 00:00:00-04:00,41.93000030517578,42.59000015258789,41.02000045776367,42.25,292800,0.0,0.0
2023-10-09 00:00:00-04:00,41.38999938964844,41.84000015258789,40.689998626708984,41.52000045776367,192900,0.0,0.0
2023-10-10 00:00:00-04:00,41.849998474121094,42.65999984741211,41.790000915527344,41.95000076293945,181000,0.0,0.0
2023-10-11 00:00:00-04:00,41.779998779296875,42.310001373291016,41.16999816894531,41.709999084472656,389000,0.0,0.0
2023-10-12 00:00:00-04:00,42.040000915527344,42.040000915527344,40.189998626708984,40.959999084472656,379300,0.0,0.0
2023-10-13 00:00:00-04:00,40.93000030517578,41.310001373291016,40.220001220703125,40.38999938964844,213000,0.0,0.0
2023-10-16 00:00:00-04:00,41.02000045776367,41.72999954223633,40.38999938964844,41.689998626708984,269800,0.0,0.0
2023-10-17 00:00:00-04:00,41.31999969482422,42.84000015258789,41.31999969482422,42.61000061035156,189300,0.0,0.0
2023-10-18 00:00:00-04:00,41.720001220703125,41.75,40.59000015258789,41.27000045776367,193900,0.0,0.0
2023-10-19 00:00:00-04:00,41.34000015258789,41.68000030517578,39.93000030517578,39.95000076293945,327200,0.0,0.0
2023-10-20 00:00:00-04:00,40.29999923706055,41.09000015258789,40.029998779296875,40.56999969482422,276100,0.0,0.0
2023-10-23 00:00:00-04:00,39.95000076293945,41.16999816894531,39.63999938964844,40.619998931884766,264100,0.0,0.0
2023-10-24 00:00:00-04:00,41.09000015258789,41.09000015258789,39.630001068115234,39.709999084472656,217800,0.0,0.0
2023-10-25 00:00:00-04:00,39.16999816894531,39.34000015258789,38.099998474121094,38.560001373291016,281500,0.0,0.0
2023-10-26 00:00:00-04:00,38.880001068115234,39.630001068115234,38.459999084472656,39.40999984741211,143400,0.0,0.0
2023-10-27 00:00:00-04:00,39.4900016784668,39.56999969482422,38.720001220703125,39.4900016784668,211500,0.0,0.0
2023-10-30 00:00:00-04:00,40.13999938964844,40.34000015258789,39.099998474121094,40.09000015258789,187200,0.0,0.0
2023-10-31 00:00:00-04:00,40.13999938964844,40.529998779296875,39.70000076293945,40.279998779296875,216400,0.0,0.0
2023-11-01 00:00:00-04:00,39.83000183105469,40.279998779296875,38.72999954223633,39.25,475700,0.0,0.0
2023-11-02 00:00:00-04:00,39.93000030517578,43.20000076293945,39.220001220703125,42.290000915527344,947700,0.0,0.0
2023-11-03 00:00:00-04:00,43.16999816894531,44.11000061035156,42.5099983215332,42.810001373291016,330700,0.0,0.0
2023-11-06 00:00:00-05:00,41.61000061035156,41.75,40.0099983215332,40.060001373291016,302300,0.0,0.0
2023-11-07 00:00:00-05:00,39.689998626708984,39.77000045776367,38.84000015258789,39.34000015258789,369300,0.0,0.0
2023-11-08 00:00:00-05:00,38.90999984741211,39.20000076293945,38.150001525878906,38.95000076293945,246200,0.0,0.0
2023-11-09 00:00:00-05:00,38.90999984741211,38.90999984741211,37.369998931884766,37.41999816894531,258300,0.0,0.0
2023-11-10 00:00:00-05:00,37.470001220703125,38.060001373291016,36.65999984741211,37.93000030517578,215300,0.0,0.0
2023-11-13 00:00:00-05:00,37.40999984741211,37.849998474121094,37.130001068115234,37.56999969482422,214400,0.0,0.0
2023-11-14 00:00:00-05:00,38.459999084472656,40.22999954223633,38.459999084472656,40.060001373291016,553200,0.0,0.0
2023-11-15 00:00:00-05:00,40.41999816894531,41.40999984741211,40.119998931884766,40.20000076293945,201000,0.0,0.0
2023-11-16 00:00:00-05:00,39.869998931884766,40.04999923706055,38.63999938964844,38.939998626708984,226600,0.0,0.0
2023-11-17 00:00:00-05:00,39.47999954223633,40.29999923706055,38.9900016784668,40.150001525878906,250000,0.0,0.0
2023-11-20 00:00:00-05:00,40.130001068115234,40.560001373291016,39.66999816894531,40.18000030517578,154000,0.0,0.0
2023-11-21 00:00:00-05:00,39.7400016784668,39.84000015258789,38.810001373291016,38.88999938964844,110900,0.0,0.0
2023-11-22 00:00:00-05:00,39.04999923706055,39.4900016784668,38.36000061035156,39.349998474121094,124500,0.0,0.0
2023-11-24 00:00:00-05:00,39.209999084472656,39.97999954223633,38.939998626708984,39.790000915527344,60700,0.0,0.0
2023-11-27 00:00:00-05:00,39.290000915527344,39.439998626708984,38.2599983215332,38.630001068115234,223700,0.0,0.0
2023-11-28 00:00:00-05:00,38.63999938964844,39.040000915527344,38.290000915527344,38.720001220703125,186900,0.0,0.0
2023-11-29 00:00:00-05:00,39.040000915527344,39.75,38.599998474121094,39.47999954223633,199600,0.0,0.0
2023-11-30 00:00:00-05:00,39.52000045776367,39.66999816894531,38.630001068115234,38.790000915527344,214200,0.0,0.0
2023-12-01 00:00:00-05:00,38.29999923706055,40.900001525878906,37.529998779296875,40.720001220703125,391600,0.0,0.0
2023-12-04 00:00:00-05:00,40.599998474121094,41.08000183105469,40.0099983215332,40.18000030517578,310000,0.0,0.0
2023-12-05 00:00:00-05:00,39.869998931884766,40.22999954223633,38.650001525878906,38.849998474121094,236000,0.0,0.0
2023-12-06 00:00:00-05:00,39.209999084472656,40.150001525878906,38.77000045776367,39.27000045776367,235900,0.0,0.0
2023-12-07 00:00:00-05:00,39.599998474121094,41.349998474121094,39.04999923706055,41.310001373291016,321100,0.0,0.0
2023-12-08 00:00:00-05:00,41.18000030517578,42.380001068115234,41.04999923706055,41.7400016784668,217800,0.0,0.0
2023-12-11 00:00:00-05:00,41.38999938964844,41.81999969482422,40.5099983215332,40.52000045776367,275100,0.0,0.0
2023-12-12 00:00:00-05:00,40.47999954223633,41.0099983215332,39.959999084472656,40.38999938964844,213000,0.0,0.0
2023-12-13 00:00:00-05:00,39.9900016784668,43.369998931884766,39.70000076293945,43.15999984741211,328100,0.0,0.0
2023-12-14 00:00:00-05:00,44.119998931884766,46.599998474121094,44.119998931884766,46.189998626708984,512200,0.0,0.0
2023-12-15 00:00:00-05:00,46.43000030517578,46.43000030517578,44.900001525878906,45.779998779296875,1463300,0.0,0.0
2023-12-18 00:00:00-05:00,45.79999923706055,46.43000030517578,45.150001525878906,45.97999954223633,350700,0.0,0.0
2023-12-19 00:00:00-05:00,46.599998474121094,47.630001068115234,46.369998931884766,46.650001525878906,256000,0.0,0.0
2023-12-20 00:00:00-05:00,46.5,47.54999923706055,45.400001525878906,45.4900016784668,476800,0.0,0.0
2023-12-21 00:00:00-05:00,46.400001525878906,46.439998626708984,45.349998474121094,46.310001373291016,339800,0.0,0.0
2023-12-22 00:00:00-05:00,46.849998474121094,47.900001525878906,46.29999923706055,47.81999969482422,329400,0.0,0.0
2023-12-26 00:00:00-05:00,48.13999938964844,48.45000076293945,47.650001525878906,47.959999084472656,136200,0.0,0.0
2023-12-27 00:00:00-05:00,47.88999938964844,48.439998626708984,47.220001220703125,47.40999984741211,144900,0.0,0.0
2023-12-28 00:00:00-05:00,47.18000030517578,47.709999084472656,46.869998931884766,47.650001525878906,162500,0.0,0.0
2023-12-29 00:00:00-05:00,47.459999084472656,47.65999984741211,47.060001373291016,47.220001220703125,243600,0.0,0.0
2024-01-02 00:00:00-05:00,46.75,48.41999816894531,46.22999954223633,46.97999954223633,244800,0.0,0.0
2024-01-03 00:00:00-05:00,46.47999954223633,46.47999954223633,43.560001373291016,44.029998779296875,220100,0.0,0.0
2024-01-04 00:00:00-05:00,44.04999923706055,44.20000076293945,42.83000183105469,43.560001373291016,209000,0.0,0.0
2024-01-05 00:00:00-05:00,42.900001525878906,44.08000183105469,42.45000076293945,43.29999923706055,156900,0.0,0.0
2024-01-08 00:00:00-05:00,42.97999954223633,44.13999938964844,42.540000915527344,44.08000183105469,188600,0.0,0.0
2024-01-09 00:00:00-05:00,42.849998474121094,43.47999954223633,42.06999969482422,43.08000183105469,262300,0.0,0.0
2024-01-10 00:00:00-05:00,42.7599983215332,43.099998474121094,42.06999969482422,42.880001068115234,204500,0.0,0.0
2024-01-11 00:00:00-05:00,42.59000015258789,42.709999084472656,41.619998931884766,41.84000015258789,217300,0.0,0.0
2024-01-12 00:00:00-05:00,42.939998626708984,43.209999084472656,41.099998474121094,41.43000030517578,160200,0.0,0.0
2024-01-16 00:00:00-05:00,40.88999938964844,41.540000915527344,40.45000076293945,40.91999816894531,287900,0.0,0.0
2024-01-17 00:00:00-05:00,40.0099983215332,40.27000045776367,39.54999923706055,40.040000915527344,175500,0.0,0.0
2024-01-18 00:00:00-05:00,40.279998779296875,41.34000015258789,40.099998474121094,40.9900016784668,234800,0.0,0.0
2024-01-19 00:00:00-05:00,41.06999969482422,41.25,40.0,40.86000061035156,162600,0.0,0.0
2024-01-22 00:00:00-05:00,41.189998626708984,43.7599983215332,41.18000030517578,43.439998626708984,366400,0.0,0.0
2024-01-23 00:00:00-05:00,44.43000030517578,44.97999954223633,43.599998474121094,44.15999984741211,175200,0.0,0.0
2024-01-24 00:00:00-05:00,44.709999084472656,44.709999084472656,43.900001525878906,44.13999938964844,204700,0.0,0.0
2024-01-25 00:00:00-05:00,45.0,45.15999984741211,43.970001220703125,44.529998779296875,240800,0.0,0.0
2024-01-26 00:00:00-05:00,45.150001525878906,46.220001220703125,45.150001525878906,45.900001525878906,218400,0.0,0.0
2024-01-29 00:00:00-05:00,45.689998626708984,45.95000076293945,44.869998931884766,45.70000076293945,297300,0.0,0.0
2024-01-30 00:00:00-05:00,45.349998474121094,46.15999984741211,44.75,45.060001373291016,254000,0.0,0.0
2024-01-31 00:00:00-05:00,45.36000061035156,45.36000061035156,43.400001525878906,43.560001373291016,234500,0.0,0.0
2024-02-01 00:00:00-05:00,43.880001068115234,44.45000076293945,42.90999984741211,44.33000183105469,344300,0.0,0.0
2024-02-02 00:00:00-05:00,43.369998931884766,44.29999923706055,42.84000015258789,43.79999923706055,180200,0.0,0.0
2024-02-05 00:00:00-05:00,42.869998931884766,43.2599983215332,41.91999816894531,42.689998626708984,202800,0.0,0.0
2024-02-06 00:00:00-05:00,42.52000045776367,44.279998779296875,42.52000045776367,43.310001373291016,207800,0.0,0.0
2024-02-07 00:00:00-05:00,43.56999969482422,43.56999969482422,42.7599983215332,43.33000183105469,136300,0.0,0.0
2024-02-08 00:00:00-05:00,43.630001068115234,44.709999084472656,42.9900016784668,44.599998474121094,222500,0.0,0.0
2024-02-09 00:00:00-05:00,44.59000015258789,45.209999084472656,43.93000030517578,44.849998474121094,231700,0.0,0.0
2024-02-12 00:00:00-05:00,44.95000076293945,46.83000183105469,44.66999816894531,46.31999969482422,257300,0.0,0.0
2024-02-13 00:00:00-05:00,44.27000045776367,45.11000061035156,43.4900016784668,44.0,227200,0.0,0.0
2024-02-14 00:00:00-05:00,45.09000015258789,45.13999938964844,44.029998779296875,44.790000915527344,180300,0.0,0.0
2024-02-15 00:00:00-05:00,45.380001068115234,46.97999954223633,45.380001068115234,46.75,234000,0.0,0.0
2024-02-16 00:00:00-05:00,46.150001525878906,48.22999954223633,46.150001525878906,47.65999984741211,360800,0.0,0.0
2024-02-20 00:00:00-05:00,46.86000061035156,47.150001525878906,45.91999816894531,45.970001220703125,183700,0.0,0.0
2024-02-21 00:00:00-05:00,45.709999084472656,45.90999984741211,44.459999084472656,44.970001220703125,446600,0.0,0.0
2024-02-22 00:00:00-05:00,48.5099983215332,48.849998474121094,44.34000015258789,47.400001525878906,616000,0.0,0.0
2024-02-23 00:00:00-05:00,47.790000915527344,49.040000915527344,47.58000183105469,48.95000076293945,274700,0.0,0.0
2024-02-26 00:00:00-05:00,48.52000045776367,48.529998779296875,47.22999954223633,48.11000061035156,301600,0.0,0.0
2024-02-27 00:00:00-05:00,48.810001373291016,49.040000915527344,46.560001373291016,46.58000183105469,248400,0.0,0.0
2024-02-28 00:00:00-05:00,45.84000015258789,46.90999984741211,45.209999084472656,45.27000045776367,204100,0.0,0.0
2024-02-29 00:00:00-05:00,45.790000915527344,46.189998626708984,45.41999816894531,45.68000030517578,236400,0.0,0.0
2024-03-01 00:00:00-05:00,45.880001068115234,46.41999816894531,45.220001220703125,45.27000045776367,181700,0.0,0.0
2024-03-04 00:00:00-05:00,45.41999816894531,46.09000015258789,44.68000030517578,45.66999816894531,204100,0.0,0.0
2024-03-05 00:00:00-05:00,45.150001525878906,46.09000015258789,44.95000076293945,45.13999938964844,165000,0.0,0.0
2024-03-06 00:00:00-05:00,45.77000045776367,45.91999816894531,44.470001220703125,45.880001068115234,233400,0.0,0.0
2024-03-07 00:00:00-05:00,46.43000030517578,47.08000183105469,45.41999816894531,45.790000915527344,231200,0.0,0.0
2024-03-08 00:00:00-05:00,46.43000030517578,46.970001220703125,45.790000915527344,46.0,134500,0.0,0.0
2024-03-11 00:00:00-04:00,45.900001525878906,46.91999816894531,45.900001525878906,46.619998931884766,141700,0.0,0.0
2024-03-12 00:00:00-04:00,46.72999954223633,46.72999954223633,45.52000045776367,45.9900016784668,159000,0.0,0.0
2024-03-13 00:00:00-04:00,45.790000915527344,46.84000015258789,45.790000915527344,46.459999084472656,137100,0.0,0.0
2024-03-14 00:00:00-04:00,45.84000015258789,46.220001220703125,43.90999984741211,44.349998474121094,170200,0.0,0.0
2024-03-15 00:00:00-04:00,44.099998474121094,45.38999938964844,43.959999084472656,45.27000045776367,492800,0.0,0.0
2024-03-18 00:00:00-04:00,45.18000030517578,45.2599983215332,44.470001220703125,44.5099983215332,128900,0.0,0.0
2024-03-19 00:00:00-04:00,44.41999816894531,45.130001068115234,44.08000183105469,44.20000076293945,194300,0.0,0.0
2024-03-20 00:00:00-04:00,44.099998474121094,45.970001220703125,43.68000030517578,45.25,310200,0.0,0.0
2024-03-21 00:00:00-04:00,45.709999084472656,47.790000915527344,45.25,47.77000045776367,322400,0.0,0.0
2024-03-22 00:00:00-04:00,47.93000030517578,48.4900016784668,46.900001525878906,47.400001525878906,189700,0.0,0.0
2024-03-25 00:00:00-04:00,47.959999084472656,48.099998474121094,46.599998474121094,47.0,144300,0.0,0.0
2024-03-26 00:00:00-04:00,47.31999969482422,47.56999969482422,46.70000076293945,47.11000061035156,169600,0.0,0.0
2024-03-27 00:00:00-04:00,47.75,48.720001220703125,47.529998779296875,48.439998626708984,301800,0.0,0.0
2024-03-28 00:00:00-04:00,48.439998626708984,49.060001373291016,47.599998474121094,47.70000076293945,335900,0.0,0.0
2024-04-01 00:00:00-04:00,47.970001220703125,48.279998779296875,47.0099983215332,47.38999938964844,166400,0.0,0.0
2024-04-02 00:00:00-04:00,46.779998779296875,46.88999938964844,45.61000061035156,46.16999816894531,206000,0.0,0.0
2024-04-03 00:00:00-04:00,45.88999938964844,47.209999084472656,45.88999938964844,47.189998626708984,171100,0.0,0.0
2024-04-04 00:00:00-04:00,47.939998626708984,48.18000030517578,46.220001220703125,46.45000076293945,232200,0.0,0.0
2024-04-05 00:00:00-04:00,46.290000915527344,46.849998474121094,45.7599983215332,46.540000915527344,185200,0.0,0.0
2024-04-08 00:00:00-04:00,47.130001068115234,47.61000061035156,46.84000015258789,46.959999084472656,121900,0.0,0.0
2024-04-09 00:00:00-04:00,47.29999923706055,49.349998474121094,47.25,49.16999816894531,122000,0.0,0.0
2024-04-10 00:00:00-04:00,47.380001068115234,48.02000045776367,46.349998474121094,47.16999816894531,220100,0.0,0.0
2024-04-11 00:00:00-04:00,47.4900016784668,47.4900016784668,46.349998474121094,46.880001068115234,149000,0.0,0.0
2024-04-12 00:00:00-04:00,46.7599983215332,46.7599983215332,45.0,45.27000045776367,115100,0.0,0.0
2024-04-15 00:00:00-04:00,45.36000061035156,45.970001220703125,44.459999084472656,44.93000030517578,141000,0.0,0.0
2024-04-16 00:00:00-04:00,44.220001220703125,44.709999084472656,43.63999938964844,44.47999954223633,196500,0.0,0.0
2024-04-17 00:00:00-04:00,44.81999969482422,45.27000045776367,43.779998779296875,43.790000915527344,114100,0.0,0.0
2024-04-18 00:00:00-04:00,43.900001525878906,44.34000015258789,43.150001525878906,43.5,158700,0.0,0.0
2024-04-19 00:00:00-04:00,43.349998474121094,44.5,43.349998474121094,44.439998626708984,181600,0.0,0.0
2024-04-22 00:00:00-04:00,46.0,49.060001373291016,46.0,47.869998931884766,323300,0.0,0.0
2024-04-23 00:00:00-04:00,47.650001525878906,48.9900016784668,47.650001525878906,48.900001525878906,228600,0.0,0.0
2024-04-24 00:00:00-04:00,48.459999084472656,49.11000061035156,48.15999984741211,48.22999954223633,247100,0.0,0.0
2024-04-25 00:00:00-04:00,47.7599983215332,47.97999954223633,47.150001525878906,47.869998931884766,202000,0.0,0.0
2024-04-26 00:00:00-04:00,47.970001220703125,48.900001525878906,47.970001220703125,48.5099983215332,146200,0.0,0.0
2024-04-29 00:00:00-04:00,48.880001068115234,51.47999954223633,48.7599983215332,50.95000076293945,277400,0.0,0.0
2024-04-30 00:00:00-04:00,50.470001220703125,51.25,50.02000045776367,51.13999938964844,215600,0.0,0.0
2024-05-01 00:00:00-04:00,51.13999938964844,53.790000915527344,50.84000015258789,51.88999938964844,430800,0.0,0.0
2024-05-02 00:00:00-04:00,52.439998626708984,54.9900016784668,50.599998474121094,54.79999923706055,642100,0.0,0.0
2024-05-03 00:00:00-04:00,55.36000061035156,56.29999923706055,53.20000076293945,53.560001373291016,374500,0.0,0.0
2024-05-06 00:00:00-04:00,54.06999969482422,54.709999084472656,53.66999816894531,53.849998474121094,206300,0.0,0.0
2024-05-07 00:00:00-04:00,54.16999816894531,54.88999938964844,53.029998779296875,53.720001220703125,242500,0.0,0.0
2024-05-08 00:00:00-04:00,53.16999816894531,54.220001220703125,52.599998474121094,54.0,142000,0.0,0.0
2024-05-09 00:00:00-04:00,54.029998779296875,54.7599983215332,53.720001220703125,54.470001220703125,126000,0.0,0.0
2024-05-10 00:00:00-04:00,54.720001220703125,54.720001220703125,53.540000915527344,54.47999954223633,134400,0.0,0.0
2024-05-13 00:00:00-04:00,54.88999938964844,55.400001525878906,54.529998779296875,54.599998474121094,156300,0.0,0.0
2024-05-14 00:00:00-04:00,55.90999984741211,56.279998779296875,55.02000045776367,55.119998931884766,125200,0.0,0.0
2024-05-15 00:00:00-04:00,55.880001068115234,55.880001068115234,54.439998626708984,55.09000015258789,159200,0.0,0.0
2024-05-16 00:00:00-04:00,54.93000030517578,55.20000076293945,54.47999954223633,55.04999923706055,117700,0.0,0.0
2024-05-17 00:00:00-04:00,54.970001220703125,55.0099983215332,53.529998779296875,53.54999923706055,234700,0.0,0.0
2024-05-20 00:00:00-04:00,53.40999984741211,53.40999984741211,50.849998474121094,51.029998779296875,227900,0.0,0.0
2024-05-21 00:00:00-04:00,50.70000076293945,51.27000045776367,49.970001220703125,50.599998474121094,305500,0.0,0.0
2024-05-22 00:00:00-04:00,50.220001220703125,50.40999984741211,49.689998626708984,50.099998474121094,340400,0.0,0.0
2024-05-23 00:00:00-04:00,50.349998474121094,50.36000061035156,47.869998931884766,48.099998474121094,222900,0.0,0.0
2024-05-24 00:00:00-04:00,48.43000030517578,48.5099983215332,47.65999984741211,47.7400016784668,254000,0.0,0.0
2024-05-28 00:00:00-04:00,48.0,48.349998474121094,47.40999984741211,47.86000061035156,212100,0.0,0.0
2024-05-29 00:00:00-04:00,47.0,47.77000045776367,46.83000183105469,47.560001373291016,172300,0.0,0.0
2024-05-30 00:00:00-04:00,47.939998626708984,48.29999923706055,47.630001068115234,48.0099983215332,191900,0.0,0.0
2024-05-31 00:00:00-04:00,48.209999084472656,49.33000183105469,47.90999984741211,48.849998474121094,300500,0.0,0.0
2024-06-03 00:00:00-04:00,49.25,49.45000076293945,47.779998779296875,48.630001068115234,183600,0.0,0.0
2024-06-04 00:00:00-04:00,48.68000030517578,49.540000915527344,47.22999954223633,47.25,290200,0.0,0.0
2024-06-05 00:00:00-04:00,47.439998626708984,48.68000030517578,46.58000183105469,48.599998474121094,229600,0.0,0.0
2024-06-06 00:00:00-04:00,48.689998626708984,49.56999969482422,47.619998931884766,48.599998474121094,410200,0.0,0.0
2024-06-07 00:00:00-04:00,47.68000030517578,48.369998931884766,47.20000076293945,48.040000915527344,355800,0.0,0.0
2024-06-10 00:00:00-04:00,47.349998474121094,47.349998474121094,45.72999954223633,46.439998626708984,375800,0.0,0.0
2024-06-11 00:00:00-04:00,46.0099983215332,46.0099983215332,45.13999938964844,45.63999938964844,309100,0.0,0.0
2024-06-12 00:00:00-04:00,47.40999984741211,47.709999084472656,45.83000183105469,45.93000030517578,261400,0.0,0.0
2024-06-13 00:00:00-04:00,45.61000061035156,46.20000076293945,45.040000915527344,45.900001525878906,143300,0.0,0.0
2024-06-14 00:00:00-04:00,45.099998474121094,45.40999984741211,44.59000015258789,44.90999984741211,329200,0.0,0.0
2024-06-17 00:00:00-04:00,44.5,44.86000061035156,44.02000045776367,44.540000915527344,202700,0.0,0.0
2024-06-18 00:00:00-04:00,44.529998779296875,44.81999969482422,43.439998626708984,43.470001220703125,216900,0.0,0.0
2024-06-20 00:00:00-04:00,43.04999923706055,43.90999984741211,42.70000076293945,43.709999084472656,268100,0.0,0.0
2024-06-21 00:00:00-04:00,43.650001525878906,44.18000030517578,42.790000915527344,43.900001525878906,614700,0.0,0.0
2024-06-24 00:00:00-04:00,44.08000183105469,45.02000045776367,44.08000183105469,44.939998626708984,228900,0.0,0.0
2024-06-25 00:00:00-04:00,44.52000045776367,44.52000045776367,42.34000015258789,43.66999816894531,253200,0.0,0.0
2024-06-26 00:00:00-04:00,43.31999969482422,44.38999938964844,43.31999969482422,44.2400016784668,169400,0.0,0.0
2024-06-27 00:00:00-04:00,44.720001220703125,44.720001220703125,44.029998779296875,44.41999816894531,140600,0.0,0.0
2024-06-28 00:00:00-04:00,44.9900016784668,45.099998474121094,43.15999984741211,43.709999084472656,369600,0.0,0.0
2024-07-01 00:00:00-04:00,43.70000076293945,43.83000183105469,42.150001525878906,42.18000030517578,227600,0.0,0.0
2024-07-02 00:00:00-04:00,42.209999084472656,42.7400016784668,42.0,42.36000061035156,151000,0.0,0.0
2024-07-03 00:00:00-04:00,42.66999816894531,42.869998931884766,41.959999084472656,42.75,67900,0.0,0.0
2024-07-05 00:00:00-04:00,42.38999938964844,42.38999938964844,41.27000045776367,41.290000915527344,128100,0.0,0.0
2024-07-08 00:00:00-04:00,41.689998626708984,42.650001525878906,41.59000015258789,41.939998626708984,132800,0.0,0.0
2024-07-09 00:00:00-04:00,41.650001525878906,42.060001373291016,40.5099983215332,40.619998931884766,325100,0.0,0.0
2024-07-10 00:00:00-04:00,40.72999954223633,42.13999938964844,40.599998474121094,41.56999969482422,167100,0.0,0.0
2024-07-11 00:00:00-04:00,42.939998626708984,44.400001525878906,42.709999084472656,43.5,201900,0.0,0.0
2024-07-12 00:00:00-04:00,44.0,44.459999084472656,43.349998474121094,44.220001220703125,202200,0.0,0.0
2024-07-15 00:00:00-04:00,44.25,45.56999969482422,44.130001068115234,44.810001373291016,207500,0.0,0.0
2024-07-16 00:00:00-04:00,45.41999816894531,47.560001373291016,45.16999816894531,47.2400016784668,204700,0.0,0.0
2024-07-17 00:00:00-04:00,46.619998931884766,48.52000045776367,46.4900016784668,46.5,254100,0.0,0.0
2024-07-18 00:00:00-04:00,45.75,46.970001220703125,45.060001373291016,45.09000015258789,207000,0.0,0.0
2024-07-19 00:00:00-04:00,44.970001220703125,45.2599983215332,44.16999816894531,44.439998626708984,145500,0.0,0.0
2024-07-22 00:00:00-04:00,44.790000915527344,45.369998931884766,43.709999084472656,45.150001525878906,151100,0.0,0.0
2024-07-23 00:00:00-04:00,44.88999938964844,46.31999969482422,44.4900016784668,45.869998931884766,195400,0.0,0.0
2024-07-24 00:00:00-04:00,45.720001220703125,46.529998779296875,45.0,45.04999923706055,190500,0.0,0.0
2024-07-25 00:00:00-04:00,45.150001525878906,46.630001068115234,44.880001068115234,45.84000015258789,223400,0.0,0.0
2024-07-26 00:00:00-04:00,46.5,46.5,45.279998779296875,46.20000076293945,129300,0.0,0.0
2024-07-29 00:00:00-04:00,46.20000076293945,46.2599983215332,45.220001220703125,45.709999084472656,177600,0.0,0.0
2024-07-30 00:00:00-04:00,45.65999984741211,46.4900016784668,45.27000045776367,46.11000061035156,168100,0.0,0.0
2024-07-31 00:00:00-04:00,46.380001068115234,47.630001068115234,44.83000183105469,45.88999938964844,467800,0.0,0.0
2024-08-01 00:00:00-04:00,39.54999923706055,44.33000183105469,38.869998931884766,42.63999938964844,547000,0.0,0.0
2024-08-02 00:00:00-04:00,40.52000045776367,41.90999984741211,39.65999984741211,41.20000076293945,375500,0.0,0.0
2024-08-05 00:00:00-04:00,38.34000015258789,38.34000015258789,34.369998931884766,35.40999984741211,981600,0.0,0.0
2024-08-06 00:00:00-04:00,35.630001068115234,36.560001373291016,34.650001525878906,34.689998626708984,506000,0.0,0.0
2024-08-07 00:00:00-04:00,35.880001068115234,37.150001525878906,34.72999954223633,34.84000015258789,355800,0.0,0.0
2024-08-08 00:00:00-04:00,35.27000045776367,36.41999816894531,34.540000915527344,36.13999938964844,295000,0.0,0.0
2024-08-09 00:00:00-04:00,36.11000061035156,36.34000015258789,35.310001373291016,35.61000061035156,204900,0.0,0.0
2024-08-12 00:00:00-04:00,35.619998931884766,35.849998474121094,33.4900016784668,34.56999969482422,289400,0.0,0.0
2024-08-13 00:00:00-04:00,34.97999954223633,35.97999954223633,34.529998779296875,35.720001220703125,362100,0.0,0.0
2024-08-14 00:00:00-04:00,35.95000076293945,35.95000076293945,34.18000030517578,34.959999084472656,291300,0.0,0.0
2024-08-15 00:00:00-04:00,36.09000015258789,36.2400016784668,35.38999938964844,35.45000076293945,232900,0.0,0.0
2024-08-16 00:00:00-04:00,35.2599983215332,36.11000061035156,34.97999954223633,35.970001220703125,229800,0.0,0.0
2024-08-19 00:00:00-04:00,35.93000030517578,36.880001068115234,35.93000030517578,36.77000045776367,216200,0.0,0.0
2024-08-20 00:00:00-04:00,36.5099983215332,36.88999938964844,36.18000030517578,36.33000183105469,235900,0.0,0.0
2024-08-21 00:00:00-04:00,36.869998931884766,37.33000183105469,36.470001220703125,37.04999923706055,160100,0.0,0.0
2024-08-22 00:00:00-04:00,37.189998626708984,37.29999923706055,36.400001525878906,36.5,262300,0.0,0.0
2024-08-23 00:00:00-04:00,36.970001220703125,38.54999923706055,36.75,38.439998626708984,186900,0.0,0.0
2024-08-26 00:00:00-04:00,39.150001525878906,39.84000015258789,38.619998931884766,38.70000076293945,213200,0.0,0.0
2024-08-27 00:00:00-04:00,38.540000915527344,38.720001220703125,37.810001373291016,38.599998474121094,115900,0.0,0.0
2024-08-28 00:00:00-04:00,38.56999969482422,39.02000045776367,38.38999938964844,38.709999084472656,250900,0.0,0.0
2024-08-29 00:00:00-04:00,39.20000076293945,40.20000076293945,38.369998931884766,39.470001220703125,159800,0.0,0.0
2024-08-30 00:00:00-04:00,39.83000183105469,40.15999984741211,39.400001525878906,39.529998779296875,220000,0.0,0.0
2024-09-03 00:00:00-04:00,38.790000915527344,39.130001068115234,38.0099983215332,38.11000061035156,290600,0.0,0.0
2024-09-04 00:00:00-04:00,38.099998474121094,38.380001068115234,37.0099983215332,37.400001525878906,193700,0.0,0.0
2024-09-05 00:00:00-04:00,37.779998779296875,37.779998779296875,36.540000915527344,36.56999969482422,179900,0.0,0.0
2024-09-06 00:00:00-04:00,36.4900016784668,36.900001525878906,35.119998931884766,35.36000061035156,230800,0.0,0.0
2024-09-09 00:00:00-04:00,35.369998931884766,35.369998931884766,33.79999923706055,33.84000015258789,339600,0.0,0.0
2024-09-10 00:00:00-04:00,33.849998474121094,34.2599983215332,32.900001525878906,32.90999984741211,291700,0.0,0.0
2024-09-11 00:00:00-04:00,32.86000061035156,33.779998779296875,32.209999084472656,33.529998779296875,282300,0.0,0.0
2024-09-12 00:00:00-04:00,33.70000076293945,35.63999938964844,33.31999969482422,35.61000061035156,273700,0.0,0.0
2024-09-13 00:00:00-04:00,36.400001525878906,38.72999954223633,36.27000045776367,38.560001373291016,321300,0.0,0.0
2024-09-16 00:00:00-04:00,38.959999084472656,39.02000045776367,37.5099983215332,37.709999084472656,382600,0.0,0.0
2024-09-17 00:00:00-04:00,38.41999816894531,39.72999954223633,37.959999084472656,38.81999969482422,282800,0.0,0.0
2024-09-18 00:00:00-04:00,38.970001220703125,40.939998626708984,38.66999816894531,39.349998474121094,296100,0.0,0.0
2024-09-19 00:00:00-04:00,40.83000183105469,41.4900016784668,40.33000183105469,41.27000045776367,286900,0.0,0.0
2024-09-20 00:00:00-04:00,41.150001525878906,41.2599983215332,40.029998779296875,40.040000915527344,926700,0.0,0.0
2024-09-23 00:00:00-04:00,40.29999923706055,40.310001373291016,39.349998474121094,39.369998931884766,208800,0.0,0.0
2024-09-24 00:00:00-04:00,39.81999969482422,40.540000915527344,39.68000030517578,40.25,170200,0.0,0.0
2024-09-25 00:00:00-04:00,40.18000030517578,40.279998779296875,39.08000183105469,39.09000015258789,173400,0.0,0.0
2024-09-26 00:00:00-04:00,40.09000015258789,40.84000015258789,39.75,40.45000076293945,386900,0.0,0.0
2024-09-27 00:00:00-04:00,41.439998626708984,41.439998626708984,40.220001220703125,40.41999816894531,221000,0.0,0.0
2024-09-30 00:00:00-04:00,39.279998779296875,40.33000183105469,38.91999816894531,39.0,348700,0.0,0.0
2024-10-01 00:00:00-04:00,38.970001220703125,38.970001220703125,37.79999923706055,37.88999938964844,250800,0.0,0.0
2024-10-02 00:00:00-04:00,37.61000061035156,38.40999984741211,37.43000030517578,37.459999084472656,171800,0.0,0.0
2024-10-03 00:00:00-04:00,36.040000915527344,36.040000915527344,30.899999618530273,33.060001373291016,1623300,0.0,0.0
2024-10-04 00:00:00-04:00,33.97999954223633,37.91999816894531,33.84000015258789,37.040000915527344,899300,0.0,0.0
2024-10-07 00:00:00-04:00,36.75,36.970001220703125,35.61000061035156,35.88999938964844,265000,0.0,0.0
2024-10-08 00:00:00-04:00,35.560001373291016,35.59000015258789,34.459999084472656,34.540000915527344,247700,0.0,0.0
2024-10-09 00:00:00-04:00,34.619998931884766,34.75,33.369998931884766,34.060001373291016,310200,0.0,0.0
2024-10-10 00:00:00-04:00,33.650001525878906,34.25,33.400001525878906,33.79999923706055,206700,0.0,0.0
2024-10-11 00:00:00-04:00,33.61000061035156,34.54999923706055,33.529998779296875,34.22999954223633,217200,0.0,0.0
2024-10-14 00:00:00-04:00,33.88999938964844,34.720001220703125,33.560001373291016,34.54999923706055,148600,0.0,0.0
2024-10-15 00:00:00-04:00,34.38999938964844,35.16999816894531,34.099998474121094,34.119998931884766,221500,0.0,0.0
2024-10-16 00:00:00-04:00,34.47999954223633,35.91999816894531,34.290000915527344,35.5099983215332,228800,0.0,0.0
2024-10-17 00:00:00-04:00,35.40999984741211,35.630001068115234,34.7400016784668,35.5,238200,0.0,0.0
2024-10-18 00:00:00-04:00,35.77000045776367,35.77000045776367,34.540000915527344,34.7599983215332,227100,0.0,0.0
2024-10-21 00:00:00-04:00,34.77000045776367,35.0,33.7400016784668,33.79999923706055,221500,0.0,0.0
2024-10-22 00:00:00-04:00,33.599998474121094,33.599998474121094,32.290000915527344,32.310001373291016,208300,0.0,0.0
2024-10-23 00:00:00-04:00,32.06999969482422,32.400001525878906,31.34000015258789,31.59000015258789,276600,0.0,0.0
2024-10-24 00:00:00-04:00,31.59000015258789,32.22999954223633,31.110000610351562,32.209999084472656,278700,0.0,0.0
2024-10-25 00:00:00-04:00,32.58000183105469,33.95000076293945,32.38999938964844,33.650001525878906,272000,0.0,0.0
2024-10-28 00:00:00-04:00,34.0099983215332,35.900001525878906,33.900001525878906,35.7400016784668,521800,0.0,0.0
2024-10-29 00:00:00-04:00,35.27000045776367,35.939998626708984,34.939998626708984,35.31999969482422,528000,0.0,0.0
2024-10-30 00:00:00-04:00,42.400001525878906,45.470001220703125,40.72999954223633,41.650001525878906,1076900,0.0,0.0
2024-10-31 00:00:00-04:00,41.52000045776367,42.310001373291016,40.47999954223633,41.790000915527344,585200,0.0,0.0
2024-11-01 00:00:00-04:00,42.0,42.22999954223633,41.380001068115234,42.0,400000,0.0,0.0
2024-11-04 00:00:00-05:00,41.97999954223633,42.900001525878906,41.720001220703125,41.91999816894531,343700,0.0,0.0
2024-11-05 00:00:00-05:00,41.34000015258789,44.20000076293945,41.0,43.380001068115234,802100,0.0,0.0
2024-11-06 00:00:00-05:00,45.7599983215332,48.41999816894531,45.7599983215332,47.31999969482422,516300,0.0,0.0
2024-11-07 00:00:00-05:00,47.0099983215332,47.29999923706055,45.619998931884766,46.25,368700,0.0,0.0
2024-11-08 00:00:00-05:00,46.150001525878906,46.18000030517578,44.619998931884766,45.2400016784668,569200,0.0,0.0
2024-11-11 00:00:00-05:00,45.86000061035156,47.95000076293945,45.68000030517578,47.5,342900,0.0,0.0
2024-11-12 00:00:00-05:00,47.11000061035156,47.599998474121094,45.20000076293945,45.880001068115234,210900,0.0,0.0
2024-11-13 00:00:00-05:00,46.130001068115234,46.880001068115234,45.5,45.599998474121094,204100,0.0,0.0
2024-11-14 00:00:00-05:00,46.25,46.25,44.619998931884766,45.18000030517578,152500,0.0,0.0
2024-11-15 00:00:00-05:00,45.5,45.97999954223633,44.959999084472656,45.970001220703125,217200,0.0,0.0
2024-11-18 00:00:00-05:00,46.279998779296875,47.95000076293945,45.84000015258789,46.0099983215332,267800,0.0,0.0
2024-11-19 00:00:00-05:00,45.38999938964844,46.65999984741211,45.38999938964844,45.9900016784668,202200,0.0,0.0
2024-11-20 00:00:00-05:00,45.90999984741211,46.25,44.709999084472656,46.2400016784668,198400,0.0,0.0
2024-11-21 00:00:00-05:00,46.56999969482422,48.650001525878906,46.33000183105469,48.40999984741211,211800,0.0,0.0
2024-11-22 00:00:00-05:00,48.599998474121094,50.0,48.459999084472656,48.560001373291016,265300,0.0,0.0
2024-11-25 00:00:00-05:00,49.119998931884766,51.66999816894531,49.119998931884766,50.209999084472656,285700,0.0,0.0
2024-11-26 00:00:00-05:00,49.900001525878906,49.900001525878906,47.4900016784668,47.5099983215332,396500,0.0,0.0
2024-11-27 00:00:00-05:00,47.779998779296875,48.720001220703125,47.11000061035156,47.72999954223633,181600,0.0,0.0
2024-11-29 00:00:00-05:00,48.0,48.66999816894531,47.65999984741211,48.56999969482422,124900,0.0,0.0
2024-12-02 00:00:00-05:00,48.79999923706055,50.0,48.25,49.709999084472656,204600,0.0,0.0
2024-12-03 00:00:00-05:00,49.5,49.650001525878906,47.97999954223633,48.779998779296875,168100,0.0,0.0
2024-12-04 00:00:00-05:00,48.63999938964844,49.220001220703125,47.31999969482422,47.529998779296875,195100,0.0,0.0
2024-12-05 00:00:00-05:00,47.54999923706055,47.869998931884766,45.959999084472656,46.02000045776367,163000,0.0,0.0
2024-12-06 00:00:00-05:00,46.709999084472656,47.70000076293945,46.040000915527344,47.11000061035156,237500,0.0,0.0
2024-12-09 00:00:00-05:00,45.09000015258789,49.31999969482422,45.09000015258789,46.619998931884766,269100,0.0,0.0
2024-12-10 00:00:00-05:00,46.650001525878906,47.119998931884766,45.0,46.349998474121094,220500,0.0,0.0
2024-12-11 00:00:00-05:00,46.900001525878906,47.65999984741211,46.130001068115234,47.0,202400,0.0,0.0
2024-12-12 00:00:00-05:00,46.84000015258789,47.31999969482422,46.43000030517578,47.04999923706055,246800,0.0,0.0
2024-12-13 00:00:00-05:00,46.58000183105469,47.15999984741211,45.72999954223633,45.83000183105469,291500,0.0,0.0
2024-12-16 00:00:00-05:00,45.650001525878906,45.849998474121094,44.25,44.709999084472656,205100,0.0,0.0
2024-12-17 00:00:00-05:00,44.15999984741211,44.43000030517578,42.95000076293945,43.400001525878906,225400,0.0,0.0
2024-12-18 00:00:00-05:00,43.75,44.47999954223633,41.11000061035156,41.61000061035156,315100,0.0,0.0
2024-12-19 00:00:00-05:00,42.04999923706055,42.36000061035156,40.41999816894531,40.75,227500,0.0,0.0
2024-12-20 00:00:00-05:00,40.189998626708984,41.45000076293945,40.13999938964844,40.79999923706055,999700,0.0,0.0
2024-12-23 00:00:00-05:00,40.56999969482422,41.61000061035156,40.400001525878906,41.13999938964844,197800,0.0,0.0
2024-12-24 00:00:00-05:00,41.11000061035156,41.59000015258789,40.93000030517578,41.459999084472656,88300,0.0,0.0
2024-12-26 00:00:00-05:00,41.02000045776367,41.88999938964844,41.02000045776367,41.75,95600,0.0,0.0
2024-12-27 00:00:00-05:00,41.400001525878906,42.0099983215332,40.29999923706055,40.599998474121094,150400,0.0,0.0
2024-12-30 00:00:00-05:00,40.40999984741211,40.869998931884766,39.439998626708984,40.150001525878906,133000,0.0,0.0
2024-12-31 00:00:00-05:00,40.36000061035156,41.470001220703125,40.36000061035156,40.75,226300,0.0,0.0
2025-01-02 00:00:00-05:00,40.97999954223633,41.439998626708984,39.540000915527344,39.540000915527344,141500,0.0,0.0
2025-01-03 00:00:00-05:00,39.68000030517578,39.880001068115234,38.97999954223633,39.86000061035156,285000,0.0,0.0
2025-01-06 00:00:00-05:00,40.2599983215332,40.81999969482422,39.58000183105469,39.61000061035156,280100,0.0,0.0
2025-01-07 00:00:00-05:00,39.650001525878906,40.09000015258789,37.84000015258789,38.529998779296875,237700,0.0,0.0
2025-01-08 00:00:00-05:00,38.15999984741211,38.15999984741211,37.38999938964844,37.7400016784668,253400,0.0,0.0
2025-01-10 00:00:00-05:00,36.77000045776367,38.04999923706055,36.25,38.0,219400,0.0,0.0
2025-01-13 00:00:00-05:00,37.86000061035156,40.209999084472656,37.619998931884766,39.68000030517578,194300,0.0,0.0
2025-01-14 00:00:00-05:00,39.95000076293945,40.599998474121094,39.4900016784668,40.08000183105469,168400,0.0,0.0
2025-01-15 00:00:00-05:00,41.5099983215332,42.290000915527344,40.849998474121094,41.869998931884766,197300,0.0,0.0
2025-01-16 00:00:00-05:00,43.349998474121094,47.59000015258789,42.86000061035156,46.459999084472656,392700,0.0,0.0
2025-01-17 00:00:00-05:00,47.54999923706055,47.720001220703125,45.9900016784668,47.20000076293945,303800,0.0,0.0
2025-01-21 00:00:00-05:00,47.83000183105469,48.13999938964844,47.20000076293945,47.72999954223633,172300,0.0,0.0
2025-01-22 00:00:00-05:00,47.27000045776367,48.04999923706055,46.790000915527344,47.25,154300,0.0,0.0
2025-01-23 00:00:00-05:00,46.79999923706055,48.4900016784668,46.5,47.9900016784668,168500,0.0,0.0
2025-01-24 00:00:00-05:00,47.65999984741211,47.65999984741211,46.08000183105469,46.90999984741211,214700,0.0,0.0
2025-01-27 00:00:00-05:00,47.0,47.4900016784668,45.61000061035156,45.900001525878906,180600,0.0,0.0
2025-01-28 00:00:00-05:00,45.630001068115234,46.290000915527344,45.61000061035156,45.650001525878906,155600,0.0,0.0
2025-01-29 00:00:00-05:00,45.689998626708984,46.290000915527344,45.20000076293945,45.65999984741211,150200,0.0,0.0
2025-01-30 00:00:00-05:00,46.31999969482422,46.52000045776367,45.34000015258789,45.83000183105469,109300,0.0,0.0
2025-01-31 00:00:00-05:00,45.5099983215332,46.3651008605957,44.96590042114258,45.349998474121094,186993,0.0,0.0
