Date,Open,High,Low,Close,Volume,Dividends,Stock Splits
2022-01-03 00:00:00-05:00,66.54620791501728,67.1155171024062,66.26607263312825,66.77212524414062,1531500,0.0,0.0
2022-01-04 00:00:00-05:00,67.34145522141714,68.94095426630518,67.25108964075977,68.24512481689453,1735100,0.0,0.0
2022-01-05 00:00:00-05:00,68.7240567687,69.51024469010473,68.26318347013343,68.47102355957031,2861000,0.0,0.0
2022-01-06 00:00:00-05:00,68.94094140574772,70.35970213020708,68.86864619692737,70.28740692138672,2720200,0.0,0.0
2022-01-07 00:00:00-05:00,70.4862078181294,71.6067558581255,70.44102159379938,70.83863830566406,2094500,0.0,0.0
2022-01-10 00:00:00-05:00,70.95613205813281,71.3898964880748,69.7994361042231,70.26934814453125,1941400,0.0,0.0
2022-01-11 00:00:00-05:00,70.41392124297442,71.0555257192508,69.3566296508479,70.05245208740234,2249400,0.0,0.0
2022-01-12 00:00:00-05:00,70.0163144333403,70.37777671024094,68.949984169801,69.58255004882812,2483800,0.0,0.0
2022-01-13 00:00:00-05:00,69.68195106735496,71.69713005758736,69.36566814225691,71.29048156738281,1861100,0.0,0.0
2022-01-14 00:00:00-05:00,70.78442602115278,71.99533971234115,70.1337829476096,71.93208312988281,1685900,0.0,0.0
2022-01-18 00:00:00-05:00,71.66098934710531,72.13089442232948,70.88383307717827,71.29048156738281,2049600,0.0,0.0
2022-01-19 00:00:00-05:00,71.23626082490875,71.30855603195056,69.52832620163599,69.55543518066406,1619500,0.0,0.0
2022-01-20 00:00:00-05:00,69.52832983468143,70.26933850945363,68.14571667640104,68.26319122314453,1424800,0.0,0.0
2022-01-21 00:00:00-05:00,68.03727039110524,69.28433168912706,67.4227749193734,68.3174057006836,1652000,0.0,0.0
2022-01-24 00:00:00-05:00,67.29626392883962,68.5342866423647,66.7450250219231,68.32644653320312,1666100,0.0,0.0
2022-01-25 00:00:00-05:00,67.47699976396643,68.64273424377195,66.26608594592959,68.20897674560547,1617400,0.0,0.0
2022-01-26 00:00:00-05:00,68.66983843650742,69.04034621420075,67.60350822740915,68.32644653320312,1599300,0.0,0.0
2022-01-27 00:00:00-05:00,68.8053912411143,69.32952117578968,65.87750415910644,66.22993469238281,1977700,0.0,0.0
2022-01-28 00:00:00-05:00,66.00401817242533,67.45892655428804,65.47988823106282,67.44084930419922,1212300,0.0,0.0
2022-01-31 00:00:00-05:00,66.87154148797084,68.32644990163007,66.87154148797084,68.10053253173828,2155900,0.0,0.0
2022-02-01 00:00:00-05:00,68.25414182779978,69.23914496004316,67.96496792460397,69.04033660888672,1336200,0.0,0.0
2022-02-02 00:00:00-05:00,68.7873252211962,70.12475222806505,68.70599138060959,69.72714233398438,1342900,0.0,0.0
2022-02-03 00:00:00-05:00,70.0524539487077,70.63984048031294,69.26626592598376,70.1970443725586,2093400,0.0,0.0
2022-02-04 00:00:00-05:00,70.07959532483805,70.3687693833147,69.23014351173956,69.34761810302734,1773300,0.0,0.0
2022-02-07 00:00:00-05:00,69.5554319800715,70.31451093573021,69.19396285594588,69.95304870605469,2075900,0.0,0.0
2022-02-08 00:00:00-05:00,70.50430003592875,71.76040713845785,70.26031227445094,71.3176040649414,2904600,0.0,0.0
2022-02-09 00:00:00-05:00,80.69769666075855,81.76402704634081,78.10416247101183,81.43870544433594,5883400,0.0,0.0
2022-02-10 00:00:00-05:00,81.96282933183315,82.78517197084533,77.724623628657,78.03186798095703,3863600,0.0,0.0
2022-02-11 00:00:00-05:00,77.78787571856056,78.31200570683785,76.12512017854849,76.63117980957031,2130300,0.0,0.0
2022-02-14 00:00:00-05:00,76.83900739519096,77.01974541048824,75.50158055424275,76.57694244384766,1829000,0.0,0.0
2022-02-15 00:00:00-05:00,77.44448765744986,78.52889539386783,77.28182684170977,78.09513092041016,1618000,0.0,0.0
2022-02-16 00:00:00-05:00,77.24565500307985,78.68248588456692,76.94744247861851,78.0228042602539,1682800,0.0,0.0
2022-02-17 00:00:00-05:00,77.146263715509,77.38121280937854,75.890163726892,76.32392120361328,1491400,0.0,0.0
2022-02-18 00:00:00-05:00,76.27875813994902,77.53485839652636,75.80884606306337,76.01669311523438,1594400,0.0,0.0
2022-02-22 00:00:00-05:00,75.71846848110476,76.7847987703862,75.5196600873394,75.99860382080078,1513500,0.0,0.0
2022-02-23 00:00:00-05:00,76.27873794757853,76.43236009208708,74.67923923643527,74.8238296508789,1699700,0.0,0.0
2022-02-24 00:00:00-05:00,73.2424183051736,74.44429354260255,72.6550317306534,74.21837615966797,2037900,0.0,0.0
2022-02-25 00:00:00-05:00,74.25450833331024,76.70345142793585,74.25450833331024,76.14318084716797,1739500,0.0,0.0
2022-02-28 00:00:00-05:00,74.7786551566395,76.62214186336395,74.47141081941118,75.808837890625,2138900,0.0,0.0
2022-03-01 00:00:00-05:00,75.25760439969731,75.49256042993652,73.45930379711565,73.76654815673828,1518400,0.0,0.0
2022-03-02 00:00:00-05:00,74.49852621867919,76.10705705081878,74.49852621867919,75.66426086425781,1514700,0.0,0.0
2022-03-03 00:00:00-05:00,75.53772785485636,75.94438325392537,74.32681407171741,75.1943359375,1728600,0.0,0.0
2022-03-04 00:00:00-05:00,73.86593880409805,74.3448825087827,71.74231697860627,72.04956817626953,3482100,0.0,0.0
2022-03-07 00:00:00-05:00,71.68810269528316,72.01342426504952,67.77521212714127,67.8655776977539,2778500,0.0,0.0
2022-03-08 00:00:00-05:00,68.3354858661405,69.40181608628885,66.14860057095443,67.6758041381836,2681100,0.0,0.0
2022-03-09 00:00:00-05:00,69.75560476542921,70.71340605376048,68.80692042305772,70.13872528076172,1921900,0.7,0.0
2022-03-10 00:00:00-05:00,69.06234513220828,70.74078907052477,68.98025084845187,70.1843490600586,2523200,0.0,0.0
2022-03-11 00:00:00-05:00,71.0326913822137,71.0326913822137,69.47283735695433,69.554931640625,1780000,0.0,0.0
2022-03-14 00:00:00-04:00,69.38160959782044,72.71112562501845,69.15356065019732,72.56517791748047,3129500,0.0,0.0
2022-03-15 00:00:00-04:00,72.69288656427132,73.80576656964028,72.26415341864539,73.64157104492188,2154400,0.0,0.0
2022-03-16 00:00:00-04:00,74.01556627840792,76.69742414379442,73.88785942381823,76.6791763305664,3049500,0.0,0.0
2022-03-17 00:00:00-04:00,75.67576160780028,77.97449888694625,75.67576160780028,77.29946899414062,2060800,0.0,0.0
2022-03-18 00:00:00-04:00,77.71908229762595,77.91064954718833,75.27439718335123,76.82513427734375,7036500,0.0,0.0
2022-03-21 00:00:00-04:00,76.77039149271809,77.74644058842087,75.83994800515053,76.43287658691406,1517500,0.0,0.0
2022-03-22 00:00:00-04:00,76.95285012074751,77.72821527850782,76.25045534902733,76.7430419921875,1245100,0.0,0.0
2022-03-23 00:00:00-04:00,76.2869316084061,76.5879578901604,75.22878810822654,75.30176544189453,1152000,0.0,0.0
2022-03-24 00:00:00-04:00,75.62102828172421,76.78863771608067,75.23790774098246,76.61531829833984,1252200,0.0,0.0
2022-03-25 00:00:00-04:00,76.56972537209302,78.22079770893771,76.51498888613246,78.15694427490234,1377100,0.0,0.0
2022-03-28 00:00:00-04:00,77.86502216483244,77.86502216483244,76.25043194785081,77.36331176757812,1266800,0.0,0.0
2022-03-29 00:00:00-04:00,77.85590676893209,79.64380962442146,77.67347040062756,79.16034698486328,1464200,0.0,0.0
2022-03-30 00:00:00-04:00,79.05999841454978,79.8262464095287,78.67687789681071,78.75897216796875,1223300,0.0,0.0
2022-03-31 00:00:00-04:00,78.33938095355151,79.10562912425726,77.3633316243268,77.42718505859375,2060300,0.0,0.0
2022-04-01 00:00:00-04:00,78.29376835416166,78.37586263682753,75.00074091019644,75.43859100341797,1944900,0.0,0.0
2022-04-04 00:00:00-04:00,74.87303652045038,75.04634899829036,73.49561884781619,74.8365478515625,1651900,0.0,0.0
2022-04-05 00:00:00-04:00,74.87302686501417,75.38385424456558,73.97907199129813,74.17975616455078,1846200,0.0,0.0
2022-04-06 00:00:00-04:00,73.79664374261658,73.9334745084676,72.6107863845769,72.92093658447266,1505400,0.0,0.0
2022-04-07 00:00:00-04:00,72.92093552375331,72.92093552375331,70.87761189163814,71.96312713623047,1946600,0.0,0.0
2022-04-08 00:00:00-04:00,71.75332254712718,73.49561284738988,70.89585629702326,71.06917572021484,2213600,0.0,0.0
2022-04-11 00:00:00-04:00,70.8593766727186,72.5195729061523,70.57659817521962,71.30635070800781,1305600,0.0,0.0
2022-04-12 00:00:00-04:00,71.33372186280569,72.21855306465363,70.7408000516319,71.07830810546875,992300,0.0,0.0
2022-04-13 00:00:00-04:00,70.94145963173122,71.54351216064182,70.78638802622437,71.2516098022461,1709400,0.0,0.0
2022-04-14 00:00:00-04:00,71.49790761063839,72.43747517414417,71.40668941831314,71.78069305419922,1710800,0.0,0.0
2022-04-18 00:00:00-04:00,71.55263019339205,72.41921329138724,71.34282212825077,71.69857788085938,1624600,0.0,0.0
2022-04-19 00:00:00-04:00,72.10907984701048,73.98820094381833,71.85365918031191,73.72366333007812,2639400,0.0,0.0
2022-04-20 00:00:00-04:00,78.44884717695224,79.81714102306188,76.80689177781973,77.00757598876953,4109900,0.0,0.0
2022-04-21 00:00:00-04:00,77.34509115098149,77.56401621819299,73.86962700105146,74.27098846435547,2277900,0.0,0.0
2022-04-22 00:00:00-04:00,74.05204910920747,74.18887985962732,72.00873263730786,72.07258605957031,1577800,0.0,0.0
2022-04-25 00:00:00-04:00,71.89013315565222,72.20028327922516,70.89584329018344,72.15467071533203,1527200,0.0,0.0
2022-04-26 00:00:00-04:00,71.57087217752412,73.13984985976438,71.37931191997163,71.60736083984375,1670700,0.0,0.0
2022-04-27 00:00:00-04:00,71.73507720224777,72.4922013870243,70.75902797398822,71.63473510742188,1477000,0.0,0.0
2022-04-28 00:00:00-04:00,72.38273697892178,72.73849279222617,70.89586029663683,71.76244354248047,1277600,0.0,0.0
2022-04-29 00:00:00-04:00,71.61649558784174,71.79893196755951,69.30864128285319,69.44546508789062,1387100,0.0,0.0
2022-05-02 00:00:00-04:00,70.06574909146197,70.65867768498987,68.77955678071763,70.0475082397461,1153800,0.0,0.0
2022-05-03 00:00:00-04:00,70.25731170307347,71.84453727599606,69.81946165223357,71.34282684326172,1426500,0.0,0.0
2022-05-04 00:00:00-04:00,71.3337050625265,72.80234078082864,70.41239236333175,72.6290283203125,1236000,0.0,0.0
2022-05-05 00:00:00-04:00,72.42834286942639,72.64726789752433,70.27556037454335,71.04180145263672,979100,0.0,0.0
2022-05-06 00:00:00-04:00,70.4762343409328,71.40667079519227,69.3359898354922,70.585693359375,1478700,0.0,0.0
2022-05-09 00:00:00-04:00,69.67350510785134,71.19687721710558,69.59141083535606,70.57658386230469,1594900,0.0,0.0
2022-05-10 00:00:00-04:00,71.09654947950531,71.58001218486878,68.03157075019854,68.98937225341797,1396000,0.0,0.0
2022-05-11 00:00:00-04:00,68.87077808093322,70.42150804862396,67.97682319730484,68.20487213134766,1255500,0.0,0.0
2022-05-12 00:00:00-04:00,68.25048940087626,68.91639539630822,67.42951178989908,68.89814758300781,1543500,0.0,0.0
2022-05-13 00:00:00-04:00,69.40897405013885,70.4671245029773,69.22653767665021,70.24819946289062,1187100,0.0,0.0
2022-05-16 00:00:00-04:00,70.23907470703125,70.52185317036974,69.45458578341338,70.23907470703125,970500,0.0,0.0
2022-05-17 00:00:00-04:00,71.5161494021553,72.98478514126887,71.35195388599661,72.64727020263672,1279800,0.0,0.0
2022-05-18 00:00:00-04:00,71.7533230347825,72.16380834991911,70.00190185676269,70.23907470703125,1287700,0.0,0.0
2022-05-19 00:00:00-04:00,69.34511823143876,70.01102419475511,68.09541450119627,68.3234634399414,1594700,0.0,0.0
2022-05-20 00:00:00-04:00,68.90727225475499,69.2995167310492,66.96429768678694,68.2778549194336,1369600,0.0,0.0
2022-05-23 00:00:00-04:00,69.14445107680186,69.72825588821476,68.36907900459511,69.19918060302734,1223600,0.0,0.0
2022-05-24 00:00:00-04:00,66.15244403943977,66.16156794716025,60.57893345664834,63.3702507019043,4003600,0.0,0.0
2022-05-25 00:00:00-04:00,63.269902024529436,66.17068498266018,63.08746564608166,65.7510757446289,2088600,0.0,0.0
2022-05-26 00:00:00-04:00,66.06121378500937,67.03726294790465,66.06121378500937,66.62677764892578,1705500,0.0,0.0
2022-05-27 00:00:00-04:00,67.11024777866744,68.45117677915064,66.8821988182996,68.41468811035156,2049000,0.0,0.0
2022-05-31 00:00:00-04:00,68.3508241599288,68.69745602091697,67.41126370134171,68.05892181396484,3955100,0.0,0.0
2022-06-01 00:00:00-04:00,68.13190925347043,68.37819906713823,66.27102891191812,66.51731872558594,1431300,0.0,0.0
2022-06-02 00:00:00-04:00,66.48994631657852,67.18321702122371,66.19804396085968,66.82746124267578,1463200,0.0,0.0
2022-06-03 00:00:00-04:00,66.12507275986904,66.69976057808832,65.17638827599285,65.34058380126953,1349100,0.0,0.0
2022-06-06 00:00:00-04:00,65.56863733398951,66.43522759549276,65.1490280644257,66.34400939941406,1482700,0.0,0.0
2022-06-07 00:00:00-04:00,65.74195167073879,66.24366214944742,65.0304400532987,66.17068481445312,1768800,0.0,0.0
2022-06-08 00:00:00-04:00,65.8057980411,66.01560611683058,65.06692174215935,65.23111724853516,1242800,0.0,0.0
2022-06-09 00:00:00-04:00,65.24033412337488,65.32324698589134,64.27305722105304,64.34675598144531,1185900,0.7,0.0
2022-06-10 00:00:00-04:00,62.716217466589065,63.3334288316837,61.343604275896354,62.633304595947266,2251700,0.0,0.0
2022-06-13 00:00:00-04:00,61.454138337629416,61.481773612073596,59.98941256569041,60.80929183959961,1627600,0.0,0.0
2022-06-14 00:00:00-04:00,60.22892382424404,60.8921985335868,59.25243996232265,59.832801818847656,2198900,0.0,0.0
2022-06-15 00:00:00-04:00,60.43158701608394,60.938257108378615,59.53800905056381,60.27498245239258,1466100,0.0,0.0
2022-06-16 00:00:00-04:00,58.837896968979,59.35377772136985,56.811226851768666,57.14286422729492,2126900,0.0,0.0
2022-06-17 00:00:00-04:00,57.77850816442817,58.598387564943295,57.410021382238035,58.12856674194336,3406100,0.0,0.0
2022-06-21 00:00:00-04:00,59.012921103215014,59.44589247400532,57.907467966630946,58.51546859741211,1913500,0.0,0.0
2022-06-22 00:00:00-04:00,58.00880290609725,58.92080210958437,57.71401492980345,58.17462158203125,1389800,0.0,0.0
2022-06-23 00:00:00-04:00,57.32711312838907,58.04565850183727,56.81123232628625,57.649539947509766,1351700,0.0,0.0
2022-06-24 00:00:00-04:00,58.2667506697274,59.80517544330586,58.07329668876552,59.5103874206543,2361100,0.0,0.0
2022-06-27 00:00:00-04:00,59.952569306204204,59.99862575887623,58.976078330331504,59.64856719970703,1282600,0.0,0.0
2022-06-28 00:00:00-04:00,60.26577751126699,60.63426426818391,58.543109478103226,58.64444351196289,1273200,0.0,0.0
2022-06-29 00:00:00-04:00,58.49705267643909,58.589172613576494,57.603474526774825,58.331233978271484,1110600,0.0,0.0
2022-06-30 00:00:00-04:00,57.80614077198293,59.09584093590241,57.51135276551281,58.598384857177734,1437500,0.0,0.0
2022-07-01 00:00:00-04:00,58.46941306380132,59.49196045531684,57.90747235212881,59.243228912353516,1764000,0.0,0.0
2022-07-05 00:00:00-04:00,57.35474372792861,58.95765656193222,56.47959382465757,58.939231872558594,1902600,0.0,0.0
2022-07-06 00:00:00-04:00,59.02214747701314,59.353784892608466,57.327114530531915,58.43257141113281,1336900,0.0,0.0
2022-07-07 00:00:00-04:00,58.84711396741924,59.07741380714909,57.8245665139273,58.810264587402344,1333900,0.0,0.0
2022-07-08 00:00:00-04:00,59.409043965979194,60.4315912949765,58.84710680281343,59.38140869140625,2047300,0.0,0.0
2022-07-11 00:00:00-04:00,58.76419927769918,59.15110719025516,58.46941129266129,59.0958366394043,1126600,0.0,0.0
2022-07-12 00:00:00-04:00,58.828684524363936,59.620928559966586,58.5523212248665,59.15110778808594,964400,0.0,0.0
2022-07-13 00:00:00-04:00,58.12856357973386,59.316929697791686,57.925899023289645,59.114261627197266,1184300,0.0,0.0
2022-07-14 00:00:00-04:00,57.99037881531461,58.718138176722704,57.81534603661019,58.22989273071289,1259700,0.0,0.0
2022-07-15 00:00:00-04:00,58.93923915221567,59.89729851892401,58.80105923607198,59.86966323852539,1232700,0.0,0.0
2022-07-18 00:00:00-04:00,60.127600769659225,61.14094122067949,60.127600769659225,60.33026885986328,1908300,0.0,0.0
2022-07-19 00:00:00-04:00,61.42650259835814,62.37535116469317,61.08565115009328,62.09899139404297,1945500,0.0,0.0
2022-07-20 00:00:00-04:00,63.305784358241475,65.267966320018,62.36614277835391,64.54020690917969,3694300,0.0,0.0
2022-07-21 00:00:00-04:00,63.86772417873755,64.05196404011888,62.633294616921965,63.775604248046875,2334800,0.0,0.0
2022-07-22 00:00:00-04:00,63.95984211944437,64.4112346855946,62.99256530653676,63.52687072753906,1342400,0.0,0.0
2022-07-25 00:00:00-04:00,63.66506009407648,63.98748338579928,62.85439481370191,63.932212829589844,950200,0.0,0.0
2022-07-26 00:00:00-04:00,63.51765019227186,63.51765019227186,62.32929129559968,62.43061828613281,1162900,0.0,0.0
2022-07-27 00:00:00-04:00,62.918872582206006,63.81244359904553,62.670141049899236,63.59135437011719,763400,0.0,0.0
2022-07-28 00:00:00-04:00,63.23209376399685,64.34676125007005,62.771487016282244,64.16252136230469,933900,0.0,0.0
2022-07-29 00:00:00-04:00,64.12566452936588,64.61390650069421,63.618994354421154,64.33753967285156,1830900,0.0,0.0
2022-08-01 00:00:00-04:00,63.92300059248153,64.77051527782315,63.720332509399654,64.59548950195312,1026400,0.0,0.0
2022-08-02 00:00:00-04:00,64.26384337889856,64.52178198480453,63.58214045951861,63.711116790771484,1424900,0.0,0.0
2022-08-03 00:00:00-04:00,64.00590608031877,65.39693316605211,64.00590608031877,64.7705078125,1272900,0.0,0.0
2022-08-04 00:00:00-04:00,64.65996510595261,65.30481161789564,64.42966177621584,64.76129913330078,1034400,0.0,0.0
2022-08-05 00:00:00-04:00,63.95063749034643,64.23621844569186,63.462395475089465,63.637428283691406,843000,0.0,0.0
2022-08-08 00:00:00-04:00,64.07039014294074,65.73778402717352,63.81244450584233,64.69681549072266,1084400,0.0,0.0
2022-08-09 00:00:00-04:00,64.77972531426148,65.21269673216035,64.31911861918616,64.85342407226562,1121400,0.0,0.0
2022-08-10 00:00:00-04:00,65.86675300003866,66.70506050271402,65.69172021853502,66.17996215820312,908900,0.0,0.0
2022-08-11 00:00:00-04:00,66.71426855549359,67.2117246036788,66.32736063856066,66.49317932128906,864700,0.0,0.0
2022-08-12 00:00:00-04:00,66.74189557650678,66.97219888357313,65.87595992118077,66.83402252197266,660000,0.0,0.0
2022-08-15 00:00:00-04:00,66.30895365946716,67.27622365887088,66.10628555626786,66.55767822265625,1105000,0.0,0.0
2022-08-16 00:00:00-04:00,66.40107497112352,67.99477049118319,66.40107497112352,67.87501525878906,980600,0.0,0.0
2022-08-17 00:00:00-04:00,67.2577896118164,67.38675892039399,66.61293604062831,67.2577896118164,1223200,0.0,0.0
2022-08-18 00:00:00-04:00,67.37754178702265,67.58020984232508,66.78796582339734,67.45124053955078,1009500,0.0,0.0
2022-08-19 00:00:00-04:00,66.93536680231348,67.41439466200752,66.3826331579662,66.77875518798828,967200,0.0,0.0
2022-08-22 00:00:00-04:00,65.61802435392006,65.61802435392006,64.18092687261421,64.26383972167969,1434700,0.0,0.0
2022-08-23 00:00:00-04:00,64.26383691033229,64.79813524237132,64.12565352013459,64.2177734375,754400,0.0,0.0
2022-08-24 00:00:00-04:00,64.09802406737367,64.41123322051293,63.64662448319089,64.10723114013672,748700,0.0,0.0
2022-08-25 00:00:00-04:00,64.5033559256008,65.1482094900907,64.30990196474387,64.53099822998047,924900,0.0,0.0
2022-08-26 00:00:00-04:00,64.65076266332225,64.73366850339399,62.97415440162749,63.05706024169922,843800,0.0,0.0
2022-08-29 00:00:00-04:00,62.56880768016632,63.13996247489368,62.18189976839938,62.81753921508789,751100,0.0,0.0
2022-08-30 00:00:00-04:00,63.13997483792126,63.2320947832889,62.21876132764223,62.633304595947266,1121000,0.0,0.0
2022-08-31 00:00:00-04:00,62.97415169520632,63.351845553136265,61.629180908203125,61.629180908203125,1380200,0.0,0.0
2022-09-01 00:00:00-04:00,61.260690568973786,61.42650926066844,60.65268635665992,61.3896598815918,1054200,0.0,0.0
2022-09-02 00:00:00-04:00,62.071354857192254,62.39378516201687,60.790868824495476,61.03960037231445,715500,0.0,0.0
2022-09-06 00:00:00-04:00,61.26067933080663,61.408076820073354,60.3026167354703,60.75400924682617,843200,0.0,0.0
2022-09-07 00:00:00-04:00,60.75402383580959,62.12663692809252,60.57899806064998,62.02530288696289,738600,0.0,0.0
2022-09-08 00:00:00-04:00,61.55547780624428,62.808328566036465,61.18699104837005,62.541175842285156,878700,0.0,0.0
2022-09-09 00:00:00-04:00,63.09391269143468,64.89949036654258,63.09391269143468,64.8626480102539,1448600,0.0,0.0
2022-09-12 00:00:00-04:00,65.24032569123452,66.27208711847199,65.20347631580107,65.8943862915039,1815900,0.0,0.0
2022-09-13 00:00:00-04:00,64.45731305248286,65.6272511655254,63.15839857673407,63.471614837646484,1488900,0.0,0.0
2022-09-14 00:00:00-04:00,63.60058338739006,63.60058338739006,62.05294436532652,62.76227569580078,1714200,0.0,0.0
2022-09-15 00:00:00-04:00,62.743849922822314,63.96906552313008,62.66093705591301,63.51766586303711,1868000,0.0,0.0
2022-09-16 00:00:00-04:00,63.15839833642182,63.15839833642182,61.37124884005679,61.712093353271484,2633400,0.0,0.0
2022-09-19 00:00:00-04:00,61.26068939882166,62.72541529056274,61.19620474374438,62.64250946044922,1337100,0.0,0.0
2022-09-20 00:00:00-04:00,62.232962309167746,62.43773837185101,60.25967409769643,60.8833122253418,1836200,0.7,0.0
2022-09-21 00:00:00-04:00,61.376641808726795,62.28881718810588,60.49238204956055,60.49238204956055,1247100,0.0,0.0
2022-09-22 00:00:00-04:00,60.697143430121926,60.73437608372086,59.66396037230964,59.6918830871582,1015100,0.0,0.0
2022-09-23 00:00:00-04:00,59.05895337429674,59.32888482177809,57.97923113507309,58.863487243652344,1373800,0.0,0.0
2022-09-26 00:00:00-04:00,58.528400336826536,59.04964335114386,57.56967891276111,57.63483428955078,1260900,0.0,0.0
2022-09-27 00:00:00-04:00,58.36085675052477,59.33819095015163,57.9513046111256,58.48186111450195,1471200,0.0,0.0
2022-09-28 00:00:00-04:00,58.75178883615564,60.47376199297324,58.54701631776402,60.045597076416016,1417000,0.0,0.0
2022-09-29 00:00:00-04:00,59.431262062053634,59.78496872321265,58.85417012971833,59.06825256347656,1588200,0.0,0.0
2022-09-30 00:00:00-04:00,59.347500403539065,60.80885213452581,58.593558563812365,58.72386932373047,2691900,0.0,0.0
2022-10-03 00:00:00-04:00,59.42196178094731,59.552272532218645,57.9513037578528,59.17064666748047,2460500,0.0,0.0
2022-10-04 00:00:00-04:00,60.1759100032929,62.33535454387076,59.68258969251058,62.25157928466797,2057700,0.0,0.0
2022-10-05 00:00:00-04:00,61.19978055278653,61.99095500277002,60.64130488817486,61.72102355957031,1270600,0.0,0.0
2022-10-06 00:00:00-04:00,61.59071228637204,62.03749707512037,60.91123581562551,61.24632263183594,1335900,0.0,0.0
2022-10-07 00:00:00-04:00,60.63200275905041,61.0043222838886,59.99906169724676,60.49238204956055,1324000,0.0,0.0
2022-10-10 00:00:00-04:00,60.95776235406913,60.99499500611064,59.65464793822529,60.32482147216797,781500,0.0,0.0
2022-10-11 00:00:00-04:00,60.32483292214929,61.41386867221218,59.7012018602405,60.278297424316406,1334900,0.0,0.0
2022-10-12 00:00:00-04:00,60.19452487543198,61.63726029985998,59.91529057165503,61.14393997192383,1544300,0.0,0.0
2022-10-13 00:00:00-04:00,60.389979112489996,63.526760926462735,59.67327006255214,63.17306137084961,1649800,0.0,0.0
2022-10-14 00:00:00-04:00,63.526760599846426,64.15970150233323,61.79548128132083,62.05610275268555,1489700,0.0,0.0
2022-10-17 00:00:00-04:00,62.90313494496178,63.81531017172462,62.40050473573603,62.84728240966797,1978500,0.0,0.0
2022-10-18 00:00:00-04:00,65.27666337379848,65.93752709899374,63.591926371559936,64.48548889160156,2975100,0.0,0.0
2022-10-19 00:00:00-04:00,66.08644139229027,66.08644139229027,62.88450449463774,63.67568588256836,3482400,0.0,0.0
2022-10-20 00:00:00-04:00,63.84323221333603,64.77402730915189,62.7635135949192,63.266143798828125,1537800,0.0,0.0
2022-10-21 00:00:00-04:00,63.30337287187074,65.40696455634153,63.14513231747214,65.32319641113281,2179000,0.0,0.0
2022-10-24 00:00:00-04:00,65.68620688535069,66.6728473732755,65.36973997465884,66.40291595458984,1575700,0.0,0.0
2022-10-25 00:00:00-04:00,66.05852808109503,67.0079359397632,65.69551856736284,66.747314453125,1325700,0.0,0.0
2022-10-26 00:00:00-04:00,67.01724848058667,67.28717991691296,66.15160873698963,66.449462890625,1854800,0.0,0.0
2022-10-27 00:00:00-04:00,66.93348049845473,67.40818089671947,66.10506630823282,66.22607421875,1295000,0.0,0.0
2022-10-28 00:00:00-04:00,66.22607374492647,67.78980981964183,66.1516084315107,67.56641387939453,1483100,0.0,0.0
2022-10-31 00:00:00-04:00,67.23132936088321,67.90149582945982,66.82177726780641,67.71533966064453,1724400,0.0,0.0
2022-11-01 00:00:00-04:00,68.18072783590394,68.6368153579496,67.70602043868811,68.04110717773438,1010900,0.0,0.0
2022-11-02 00:00:00-04:00,67.50126637131922,68.61822489850364,66.6170137510267,66.67285919189453,1279400,0.0,0.0
2022-11-03 00:00:00-04:00,65.73274843074411,66.44014754974248,64.91364424878428,66.21675872802734,1149200,0.0,0.0
2022-11-04 00:00:00-04:00,67.05448721919494,67.61296292023866,65.93752871570368,67.22203063964844,939700,0.0,0.0
2022-11-07 00:00:00-05:00,67.42680151424263,67.91081185740173,66.65423985172406,67.81773376464844,1314900,0.0,0.0
2022-11-08 00:00:00-05:00,67.94802796621033,69.95854836675997,67.90148538046738,68.9719009399414,1190500,0.0,0.0
2022-11-09 00:00:00-05:00,68.3110419143863,69.43730296988699,67.8549543699212,68.28311920166016,1212100,0.0,0.0
2022-11-10 00:00:00-05:00,70.52633887175082,70.88004554095399,69.41869757459044,69.91201782226562,1465400,0.0,0.0
2022-11-11 00:00:00-05:00,70.64734680742039,72.56478236761325,70.3029500770914,72.14592742919922,1618500,0.0,0.0
2022-11-14 00:00:00-05:00,71.74568254415927,72.48101146928371,71.10343170166016,71.10343170166016,1178800,0.0,0.0
2022-11-15 00:00:00-05:00,72.03423604160675,72.46240095814838,70.88005204478131,71.67122650146484,1506000,0.0,0.0
2022-11-16 00:00:00-05:00,71.4105891053562,71.63397790310277,70.32156072726453,70.907958984375,1311300,0.0,0.0
2022-11-17 00:00:00-05:00,70.18195191298855,71.08482429560463,69.17669150132922,70.95451354980469,893700,0.0,0.0
2022-11-18 00:00:00-05:00,71.75499569200646,72.38793668677037,71.4757614040069,71.85738372802734,1184400,0.0,0.0
2022-11-21 00:00:00-05:00,71.76429342169283,71.78291329856683,70.84280835569437,71.2709732055664,943700,0.0,0.0
2022-11-22 00:00:00-05:00,71.59676032976337,72.7416414744269,71.48506945807165,72.69509887695312,856600,0.0,0.0
2022-11-23 00:00:00-05:00,72.67648922058312,73.05811155092779,72.32278250795716,72.77887725830078,715900,0.0,0.0
2022-11-25 00:00:00-05:00,72.77886952185416,73.81205262797432,72.58340340737236,73.67243194580078,382500,0.0,0.0
2022-11-28 00:00:00-05:00,73.20703573166358,73.58865802835126,72.55547490352401,72.74163818359375,943800,0.0,0.0
2022-11-29 00:00:00-05:00,72.741647335208,73.69105532809796,72.71372461503533,73.30943298339844,1215000,0.0,0.0
2022-11-30 00:00:00-05:00,73.06741530257924,74.47291789105992,71.95046402386536,74.24021911621094,2185100,0.0,0.0
2022-12-01 00:00:00-05:00,74.27745229558401,74.85454071637669,73.77482208620121,74.33329772949219,1611300,0.0,0.0
2022-12-02 00:00:00-05:00,73.54212569652499,73.89582529176123,72.73233137155916,73.20703887939453,1464000,0.0,0.0
2022-12-05 00:00:00-05:00,72.25762593208988,73.02087768153429,71.42921880530521,71.85738372802734,1015900,0.0,0.0
2022-12-06 00:00:00-05:00,71.86667996624242,72.3134646838245,70.2005560903084,70.86141967773438,1890600,0.0,0.0
2022-12-07 00:00:00-05:00,70.61941367350165,71.21512185871596,70.24709428239227,70.4332504272461,1620500,0.0,0.0
2022-12-08 00:00:00-05:00,70.58218692597445,70.88935098192832,70.1540220758883,70.37741088867188,1147100,0.0,0.0
2022-12-09 00:00:00-05:00,70.29363444052409,71.12204851397533,69.90270224950363,70.41464233398438,1160300,0.0,0.0
2022-12-12 00:00:00-05:00,70.59148862665428,73.07671664679913,70.20986637351734,72.87194061279297,2067800,0.0,0.0
2022-12-13 00:00:00-05:00,74.46361229480567,76.00873565859655,73.71897333129624,75.33856201171875,3792600,0.0,0.0
2022-12-14 00:00:00-05:00,74.88245537131421,76.287957818376,74.82660994341849,75.29200744628906,2623800,0.0,0.0
2022-12-15 00:00:00-05:00,74.10989808732424,74.75214178783914,72.61131761711938,72.97432708740234,1801800,0.0,0.0
2022-12-16 00:00:00-05:00,72.06216014942112,72.79748918377074,71.20583029982542,71.79222869873047,3678900,0.0,0.0
2022-12-19 00:00:00-05:00,71.9132270818876,72.99294564010899,71.14066549109484,71.95976257324219,1473900,0.0,0.0
2022-12-20 00:00:00-05:00,72.18518712780764,73.2653833150696,71.94096717686324,73.0869140625,1496100,0.7,0.0
2022-12-21 00:00:00-05:00,73.69746679502386,74.45829739501205,73.55657038154364,73.9886474609375,978700,0.0,0.0
2022-12-22 00:00:00-05:00,73.4532587723297,74.01684451793632,72.41063517576407,73.99805450439453,1254900,0.0,0.0
2022-12-23 00:00:00-05:00,73.99805036858187,75.66061532587645,73.85715394005503,75.6136474609375,1180500,0.0,0.0
2022-12-27 00:00:00-05:00,75.6230524585361,77.02260758988844,75.43518814024958,76.44023895263672,1512500,0.0,0.0
2022-12-28 00:00:00-05:00,76.46843134166075,76.95686428367674,75.54791400910653,75.73577117919922,928100,0.0,0.0
2022-12-29 00:00:00-05:00,76.23358957895084,77.24802810780768,76.04572528376245,76.63748168945312,878300,0.0,0.0
2022-12-30 00:00:00-05:00,75.99875629990652,76.62808549603044,75.70756846568001,76.61869049072266,1090900,0.0,0.0
2023-01-03 00:00:00-05:00,77.6707153212939,78.01825171709584,76.76898822736119,77.52042388916016,1217100,0.0,0.0
2023-01-04 00:00:00-05:00,77.96188953099644,79.44598505161642,77.764637417439,79.31448364257812,1612900,0.0,0.0
2023-01-05 00:00:00-05:00,79.19237114215431,80.03774247331079,78.6287926434798,79.95320892333984,1575900,0.0,0.0
2023-01-06 00:00:00-05:00,80.07531407880292,81.34336747259943,80.07531407880292,80.85493469238281,1330600,0.0,0.0
2023-01-09 00:00:00-05:00,80.87372250372343,81.39034033150924,80.39467753307565,80.49800109863281,1540700,0.0,0.0
2023-01-10 00:00:00-05:00,80.55437659986049,80.63891016696014,79.69961009007932,80.59194946289062,1061300,0.0,0.0
2023-01-11 00:00:00-05:00,80.40407003094926,80.49799858771964,78.91997446859295,79.82170867919922,1458900,0.0,0.0
2023-01-12 00:00:00-05:00,80.0941041918275,80.31954134126893,79.09844853047602,79.22994995117188,1509200,0.0,0.0
2023-01-13 00:00:00-05:00,78.42215695150622,79.25813339907592,78.42215695150622,78.95755767822266,1404900,0.0,0.0
2023-01-17 00:00:00-05:00,78.82606172860748,78.82606172860748,77.83040592773779,78.60063171386719,1267600,0.0,0.0
2023-01-18 00:00:00-05:00,78.60062666935231,78.82605666962472,77.08835305020601,77.56739807128906,1262400,0.0,0.0
2023-01-19 00:00:00-05:00,77.30439244898724,77.84918099966417,76.90049316451713,77.12592315673828,1182100,0.0,0.0
2023-01-20 00:00:00-05:00,77.60496533260972,78.96694740910367,76.62809251353056,78.69454956054688,1651500,0.0,0.0
2023-01-23 00:00:00-05:00,78.75090249888028,79.76534814071007,78.56304537985538,79.40841674804688,1013800,0.0,0.0
2023-01-24 00:00:00-05:00,79.49294817041861,81.20247370635376,78.67576184165137,80.91129302978516,1425700,0.0,0.0
2023-01-25 00:00:00-05:00,80.68587660683434,81.5312480942976,80.36651085988566,81.4936752319336,1223200,0.0,0.0
2023-01-26 00:00:00-05:00,81.49366021039064,82.21691797028173,80.71403958419744,80.80796813964844,1455400,0.0,0.0
2023-01-27 00:00:00-05:00,80.68587661285488,81.10855877347268,79.91565085006216,80.10350799560547,1127100,0.0,0.0
2023-01-30 00:00:00-05:00,79.6056824963121,80.13168825263215,79.38025248164507,79.69021606445312,1105900,0.0,0.0
2023-01-31 00:00:00-05:00,80.05653063402701,80.93946763390595,79.70898710416971,80.77039337158203,2309400,0.0,0.0
2023-02-01 00:00:00-05:00,80.38529145277106,82.48932133452035,80.12228861333864,82.31085205078125,2262600,0.0,0.0
2023-02-02 00:00:00-05:00,83.59770709406563,86.50014090054557,83.39105992992319,86.25592803955078,2857100,0.0,0.0
2023-02-03 00:00:00-05:00,86.17137395737682,87.0918910460649,85.83322540775994,86.14319610595703,2528300,0.0,0.0
2023-02-06 00:00:00-05:00,85.98352465637495,86.35924609748282,84.97847392202844,85.52326965332031,1617000,0.0,0.0
2023-02-07 00:00:00-05:00,85.3729757112957,86.0774507053924,84.64032286404156,85.40115356445312,2094200,0.0,0.0
2023-02-08 00:00:00-05:00,87.43941671385844,90.66121537978931,87.13884105841979,87.2421646118164,3402200,0.0,0.0
2023-02-09 00:00:00-05:00,87.63668191093757,90.08825517776634,86.7349477173291,87.58971405029297,2550600,0.0,0.0
2023-02-10 00:00:00-05:00,87.16704481948047,87.36429696394504,84.9784740505362,85.60780334472656,2362200,0.0,0.0
2023-02-13 00:00:00-05:00,85.65476519653454,87.37367866794209,85.10996950268124,87.33611297607422,1960300,0.0,0.0
2023-02-14 00:00:00-05:00,87.11067727729099,87.79636940907854,86.25591803041368,87.52397155761719,1658500,0.0,0.0
2023-02-15 00:00:00-05:00,87.23278195272518,87.60849616961451,86.26529706199608,87.57093048095703,2308900,0.0,0.0
2023-02-16 00:00:00-05:00,86.55649444933296,87.89029869885172,86.44377587205203,87.54275512695312,1275000,0.0,0.0
2023-02-17 00:00:00-05:00,87.54276417124346,88.18148850924355,86.81950626626686,88.03120422363281,1945900,0.0,0.0
2023-02-21 00:00:00-05:00,86.87586345744654,87.80577570777359,85.84263479004078,85.88960266113281,1422900,0.0,0.0
2023-02-22 00:00:00-05:00,85.8426268373799,87.13885826371676,85.65476970299729,86.27470397949219,1954000,0.0,0.0
2023-02-23 00:00:00-05:00,86.349853515625,87.07311139787873,85.77687991426046,86.349853515625,1693800,0.0,0.0
2023-02-24 00:00:00-05:00,85.72052028400056,86.16199243203585,84.97847242164404,86.03987884521484,1299900,0.0,0.0
2023-02-27 00:00:00-05:00,86.08684260060737,86.88524613180378,85.28843906941094,85.49507904052734,1829400,0.0,0.0
2023-02-28 00:00:00-05:00,85.45750407620015,86.0492604057833,84.91270843965677,85.0723876953125,1730800,0.0,0.0
2023-03-01 00:00:00-05:00,84.76243578305447,85.94595587045494,84.42428718665433,85.91777801513672,1885800,0.0,0.0
2023-03-02 00:00:00-05:00,85.41994717744302,86.24652862548828,84.88454644601666,86.24652862548828,2032500,0.0,0.0
2023-03-03 00:00:00-05:00,86.67859234576122,86.67859234576122,85.86140603125061,86.13379669189453,1663500,0.0,0.0
2023-03-06 00:00:00-05:00,86.37802933349766,86.7631457830965,85.53265787877255,86.22774505615234,2071200,0.0,0.0
2023-03-07 00:00:00-05:00,86.349850959744,86.8946466902095,85.16633093025115,85.28844451904297,1499200,0.0,0.0
2023-03-08 00:00:00-05:00,85.31661826378533,85.41994183411404,83.78555472143634,84.59335327148438,1811400,0.0,0.0
2023-03-09 00:00:00-05:00,84.58389660103498,84.70696677174827,83.22071389968883,83.28697967529297,1525900,0.7,0.0
2023-03-10 00:00:00-05:00,83.14497431388268,84.01589794511425,82.30244926721319,82.79470825195312,1932500,0.0,0.0
2023-03-13 00:00:00-04:00,81.45044959161841,82.8041707275244,80.69312035467065,81.07178497314453,2955400,0.0,0.0
2023-03-14 00:00:00-04:00,82.6148392267194,83.20176977787426,81.5451183030487,82.70951080322266,2759600,0.0,0.0
2023-03-15 00:00:00-04:00,80.85406332888212,81.12858779342484,79.38674053842092,81.10018920898438,2691300,0.0,0.0
2023-03-16 00:00:00-04:00,80.0777915822289,82.76630388428103,79.89793148509393,82.65270233154297,2113800,0.0,0.0
2023-03-17 00:00:00-04:00,81.81964994411787,82.18884598052635,80.9392577290452,81.57351684570312,9950700,0.0,0.0
2023-03-20 00:00:00-04:00,82.10364359770729,84.37561680059859,82.02790923163047,83.94015502929688,1595600,0.0,0.0
2023-03-21 00:00:00-04:00,85.11402182466647,85.66307795999712,84.52709128129496,85.10455322265625,1459300,0.0,0.0
2023-03-22 00:00:00-04:00,85.25601368234653,85.55894394106134,82.92723596427132,82.96510314941406,1714100,0.0,0.0
2023-03-23 00:00:00-04:00,83.23017164403244,84.7921588263789,82.79470982016856,83.90229797363281,1827700,0.0,0.0
2023-03-24 00:00:00-04:00,82.66217341212727,83.00297085813456,81.12858490509451,82.95563507080078,2344900,0.0,0.0
2023-03-27 00:00:00-04:00,83.99696890669895,84.65962662868459,83.51417129643657,83.79816436767578,1411700,0.0,0.0
2023-03-28 00:00:00-04:00,83.59936167094583,84.69748836519649,83.38163438591728,83.99696350097656,1481600,0.0,0.0
2023-03-29 00:00:00-04:00,84.86788999613586,85.82401658547815,84.66909268551707,85.65361785888672,1646200,0.0,0.0
2023-03-30 00:00:00-04:00,86.05122053932874,87.87827091461801,86.05122053932874,87.7930679321289,1979800,0.0,0.0
2023-03-31 00:00:00-04:00,88.35158939799192,89.4118416939324,88.34212079608471,89.30770874023438,1673900,0.0,0.0
2023-04-03 00:00:00-04:00,89.28878496559851,90.2165130114629,88.96692470265076,90.12184143066406,2341300,0.0,0.0
2023-04-04 00:00:00-04:00,90.23543881901348,91.0684952455339,89.66744547263924,89.73371124267578,2463600,0.0,0.0
2023-04-05 00:00:00-04:00,88.9858546221136,88.9858546221136,87.72679771163088,88.65452575683594,1474400,0.0,0.0
2023-04-06 00:00:00-04:00,88.6261197049215,88.65451828777739,87.67946175678172,88.0865249633789,1294300,0.0,0.0
2023-04-10 00:00:00-04:00,87.7835995374657,88.38946007980677,87.54693503741287,88.23799133300781,1212400,0.0,0.0
2023-04-11 00:00:00-04:00,88.51251536254463,89.90410365805742,88.25692090246709,88.57878112792969,1675800,0.0,0.0
2023-04-12 00:00:00-04:00,88.78705321547534,89.45917951764682,88.24745845331361,88.59771728515625,1223500,0.0,0.0
2023-04-13 00:00:00-04:00,89.00477442783583,89.45917340713667,88.52198408896044,89.37397766113281,1241400,0.0,0.0
2023-04-14 00:00:00-04:00,89.09944585584078,90.06503375448048,89.03318009046774,89.94197082519531,1441700,0.0,0.0
2023-04-17 00:00:00-04:00,89.7810345183097,90.69929386501485,89.2414397876845,90.60462951660156,1770400,0.0,0.0
2023-04-18 00:00:00-04:00,91.06850829665437,91.61757173988813,90.49104626539616,91.01171112060547,2372700,0.0,0.0
2023-04-19 00:00:00-04:00,90.83183070049682,91.05903381686615,86.96000301165041,87.24400329589844,3264700,0.0,0.0
2023-04-20 00:00:00-04:00,86.25948681960712,87.9445370458313,86.23108101037752,87.33867645263672,1508800,0.0,0.0
2023-04-21 00:00:00-04:00,87.35760395751235,88.94798977512652,86.92214211991211,88.84385681152344,1647900,0.0,0.0
2023-04-24 00:00:00-04:00,88.96692382793353,89.48758140507009,88.57879057327168,88.777587890625,1488500,0.0,0.0
2023-04-25 00:00:00-04:00,88.51251523174379,88.80597687481152,87.77412321213677,88.12438201904297,1224400,0.0,0.0
2023-04-26 00:00:00-04:00,86.95052292681228,88.01078232923581,85.41694181719448,85.71040344238281,1867900,0.0,0.0
2023-04-27 00:00:00-04:00,84.65963035540538,85.77668715194511,82.8515099991507,85.44535827636719,2227500,0.0,0.0
2023-04-28 00:00:00-04:00,85.12347858464126,86.43933251799095,85.12347858464126,85.73880767822266,2034300,0.0,0.0
2023-05-01 00:00:00-04:00,85.97548392563074,88.37052763970487,85.97548392563074,87.262939453125,1977700,0.0,0.0
2023-05-02 00:00:00-04:00,86.91266213583688,87.03573228893954,84.84894756206354,86.1837387084961,1813700,0.0,0.0
2023-05-03 00:00:00-04:00,86.5340078846963,86.78013375498595,82.01844535557818,82.39710998535156,2531300,0.0,0.0
2023-05-04 00:00:00-04:00,81.01500006869269,83.18284793454109,79.60447433197511,83.04084777832031,2529300,0.0,0.0
2023-05-05 00:00:00-04:00,83.69403668689155,85.00989072029492,83.21123908784158,84.96255493164062,1555800,0.0,0.0
2023-05-08 00:00:00-04:00,85.89028586608578,87.19667134172815,84.68802612865699,87.0736083984375,2246900,0.0,0.0
2023-05-09 00:00:00-04:00,87.33866807750724,87.54693399065197,86.75173752432003,86.78013610839844,1980300,0.0,0.0
2023-05-10 00:00:00-04:00,87.31027286867925,87.49013298227133,85.3885510100983,86.27841186523438,1291000,0.0,0.0
2023-05-11 00:00:00-04:00,85.84294296981432,86.61920219788186,85.32227820970873,86.26893615722656,1428200,0.0,0.0
2023-05-12 00:00:00-04:00,86.57187177923582,88.02972597549561,86.19321435469243,87.88772583007812,1668300,0.0,0.0
2023-05-15 00:00:00-04:00,87.91612696585744,87.93505694710784,86.13640538638481,86.82746887207031,1602500,0.0,0.0
2023-05-16 00:00:00-04:00,86.6192077984571,87.32920130500183,85.5684168309767,86.97893524169922,1101900,0.0,0.0
2023-05-17 00:00:00-04:00,87.65106342273809,88.26639258596404,86.8748041279934,87.97293090820312,1552000,0.0,0.0
2023-05-18 00:00:00-04:00,88.20013602083182,89.23199713564551,87.99187007715777,89.19412994384766,1386400,0.0,0.0
2023-05-19 00:00:00-04:00,89.3266516040663,89.71477763772967,88.15279767814151,88.32319641113281,1186500,0.0,0.0
2023-05-22 00:00:00-04:00,88.6545266618534,88.90065977389838,87.50907130309874,87.84986877441406,934500,0.0,0.0
2023-05-23 00:00:00-04:00,87.69839495657304,88.10545817811021,87.06413584142334,87.13040161132812,1059900,0.0,0.0
2023-05-24 00:00:00-04:00,86.9316012008274,86.9316012008274,85.84294311485706,86.04174041748047,1192300,0.0,0.0
2023-05-25 00:00:00-04:00,85.69148060834209,86.29734838447312,84.08216486677225,84.36616516113281,1637600,0.0,0.0
2023-05-26 00:00:00-04:00,84.7826747437941,85.62519965258915,84.62174464265937,85.15187072753906,1241700,0.0,0.0
2023-05-30 00:00:00-04:00,84.88681933347138,86.11747759644595,84.60282627292686,85.54948425292969,1536000,0.0,0.0
2023-05-31 00:00:00-04:00,85.43588434447247,85.74828321728634,82.58644174737994,83.48577117919922,3412100,0.0,0.0
2023-06-01 00:00:00-04:00,83.94017606311482,84.74483404263977,83.16391667237818,84.53657531738281,1368100,0.0,0.0
2023-06-02 00:00:00-04:00,84.85842855058587,86.84640904685887,84.75429558541857,86.44881439208984,1368100,0.0,0.0
2023-06-05 00:00:00-04:00,86.07014425325438,86.49614468981231,85.53054947822294,86.1932144165039,1063400,0.0,0.0
2023-06-06 00:00:00-04:00,86.28787316066433,88.11492328403455,85.90920853804981,87.85932159423828,1553400,0.0,0.0
2023-06-07 00:00:00-04:00,88.21905189708872,90.63302520548356,87.859317273205,89.74317169189453,2212200,0.0,0.0
2023-06-08 00:00:00-04:00,89.64780094371557,90.5824301550619,89.1137312664626,90.08650207519531,1061000,0.7,0.0
2023-06-09 00:00:00-04:00,90.06744692038508,90.52521893006877,89.561986991455,90.11512756347656,1242500,0.0,0.0
2023-06-12 00:00:00-04:00,90.15325832680595,90.92575298550659,89.51428108377819,90.88761138916016,1339000,0.0,0.0
2023-06-13 00:00:00-04:00,90.54429250390632,91.69826878594367,90.44891667015823,90.95438385009766,1071700,0.0,0.0
2023-06-14 00:00:00-04:00,91.12603889585192,92.156029377113,89.78131838875709,90.23909759521484,1156900,0.0,0.0
2023-06-15 00:00:00-04:00,90.15326257353404,91.45983423262649,89.70502239573759,91.17372131347656,990500,0.0,0.0
2023-06-16 00:00:00-04:00,91.04021257991735,91.76502670842355,90.52521364199094,90.74456787109375,2586400,0.0,0.0
2023-06-20 00:00:00-04:00,90.21048371413706,91.40260876972818,89.30447158234936,89.31401062011719,1772600,0.0,0.0
2023-06-21 00:00:00-04:00,89.46659372643464,90.70640662379769,89.14233922241404,90.12464904785156,1207000,0.0,0.0
2023-06-22 00:00:00-04:00,90.63012123728083,91.18326905314488,88.97068506584317,90.74456787109375,1409400,0.0,0.0
2023-06-23 00:00:00-04:00,90.00068151516594,90.44891445248102,88.65596087475755,88.86577606201172,2137000,0.0,0.0
2023-06-26 00:00:00-04:00,89.07558914894594,90.41077071950012,88.82762509020557,89.87669372558594,1068600,0.0,0.0
2023-06-27 00:00:00-04:00,90.0388301768405,92.71872513671225,90.0388301768405,92.2704849243164,1153100,0.0,0.0
2023-06-28 00:00:00-04:00,92.1274245802511,92.2800200828017,90.95437757804805,92.01298522949219,1569700,0.0,0.0
2023-06-29 00:00:00-04:00,91.43122522566948,91.50751569880184,89.66687433515663,89.77178192138672,1303000,0.0,0.0
2023-06-30 00:00:00-04:00,90.35354732934881,90.99253193961117,89.8671655069915,90.74456787109375,1226100,0.0,0.0
2023-07-03 00:00:00-04:00,90.5442849672648,91.52659485340735,90.2009523675824,91.13557434082031,608500,0.0,0.0
2023-07-05 00:00:00-04:00,90.33446714512823,90.57289215035665,89.05650533350396,89.65734100341797,1390400,0.0,0.0
2023-07-06 00:00:00-04:00,89.7241023847368,89.7241023847368,87.58780903546644,87.88346099853516,1294100,0.0,0.0
2023-07-07 00:00:00-04:00,87.49244518681682,89.36169651074952,87.20633952234546,88.6845703125,1338400,0.0,0.0
2023-07-10 00:00:00-04:00,88.11234870377322,89.15188556153282,88.00744111419692,88.81808471679688,1294700,0.0,0.0
2023-07-11 00:00:00-04:00,89.07557911079054,92.00343774268413,88.82761507999389,91.80316162109375,1280700,0.0,0.0
2023-07-12 00:00:00-04:00,92.54705079577852,92.75686596432195,90.70640946649355,90.78270721435547,1706000,0.0,0.0
2023-07-13 00:00:00-04:00,91.04021085996784,92.52798069065614,90.84947375003757,91.93669128417969,1149000,0.0,0.0
2023-07-14 00:00:00-04:00,91.59334685583714,91.88899152095657,91.0211283236707,91.83177185058594,1010400,0.0,0.0
2023-07-17 00:00:00-04:00,91.76502935519657,93.96807436751754,90.68734353179947,93.68196868896484,1785300,0.0,0.0
2023-07-18 00:00:00-04:00,93.28139155471389,94.6356510393392,93.04296656268066,93.38629913330078,2965700,0.0,0.0
2023-07-19 00:00:00-04:00,84.61227788749099,87.02513808613273,82.10404185358458,83.7157974243164,8150100,0.0,0.0
2023-07-20 00:00:00-04:00,83.90652473574865,84.7648488691432,82.95282478650743,84.08772277832031,4470500,0.0,0.0
2023-07-21 00:00:00-04:00,81.91329372520126,82.23755551397616,79.64349030839166,79.92959594726562,4334500,0.0,0.0
2023-07-24 00:00:00-04:00,79.20479358094855,79.99635910774217,78.03173929545882,79.24293518066406,2637500,0.0,0.0
2023-07-25 00:00:00-04:00,79.23339871393425,79.94867372266972,78.32737933717712,78.77561950683594,2284800,0.0,0.0
2023-07-26 00:00:00-04:00,78.88052181904119,79.7007043563417,78.42274991868702,79.0712661743164,1719500,0.0,0.0
2023-07-27 00:00:00-04:00,79.30015852310439,79.30015852310439,78.05080654274119,78.52765655517578,2488900,0.0,0.0
2023-07-28 00:00:00-04:00,79.11895666417622,79.27155216740968,78.23201531105553,78.72794342041016,2020400,0.0,0.0
2023-07-31 00:00:00-04:00,79.15709844271818,80.8832930803891,79.15709844271818,80.70209503173828,5232400,0.0,0.0
2023-08-01 00:00:00-04:00,80.12034897449195,80.43506448364877,78.51813248472605,79.01405334472656,1782800,0.0,0.0
2023-08-02 00:00:00-04:00,78.9091430533316,80.25386366671984,78.6707180319071,78.8423843383789,1874400,0.0,0.0
2023-08-03 00:00:00-04:00,78.52766565285859,78.75655892417592,77.77424894894148,78.12711334228516,1418800,0.0,0.0
2023-08-04 00:00:00-04:00,77.46905794194703,79.25247237131737,77.19248405545477,77.8219223022461,2130500,0.0,0.0
2023-08-07 00:00:00-04:00,78.26062994633668,78.68979936837374,77.29739805870615,77.73609924316406,1878500,0.0,0.0
2023-08-08 00:00:00-04:00,77.16387893436267,77.48813347728274,76.62026288978308,76.64888000488281,2030900,0.0,0.0
2023-08-09 00:00:00-04:00,76.45813219519155,77.38322241916445,76.15294846651375,76.60118865966797,1350200,0.0,0.0
2023-08-10 00:00:00-04:00,76.92544034325563,77.50719061025268,75.91451346314146,76.12432861328125,1128300,0.0,0.0
2023-08-11 00:00:00-04:00,75.7428562967715,76.6488757108257,75.60933887173682,76.21017456054688,1387600,0.0,0.0
2023-08-14 00:00:00-04:00,76.1052647213277,76.31507261435092,75.62841470998141,76.2483139038086,1589600,0.0,0.0
2023-08-15 00:00:00-04:00,75.75239727992246,76.6679484791662,74.9989733472194,76.35322570800781,1395000,0.0,0.0
2023-08-16 00:00:00-04:00,75.88590659809977,76.77284786447461,75.6665524026938,75.83821868896484,1201900,0.0,0.0
2023-08-17 00:00:00-04:00,76.09572652519266,76.42952008159517,74.98943099408284,74.99897003173828,1230300,0.0,0.0
2023-08-18 00:00:00-04:00,74.68424865817222,76.47720941061625,74.39814300859244,76.21017456054688,1478400,0.0,0.0
2023-08-21 00:00:00-04:00,76.11480783214107,76.39138175310006,74.95129246678071,75.65703582763672,804100,0.0,0.0
2023-08-22 00:00:00-04:00,75.43768119858753,75.79055287719305,75.0848167961368,75.475830078125,1018000,0.0,0.0
2023-08-23 00:00:00-04:00,75.59027040074032,76.73470758662108,75.47582377169059,76.3818359375,865900,0.0,0.0
2023-08-24 00:00:00-04:00,76.10527567814253,77.10665648044545,75.5521278390677,75.62842559814453,657400,0.0,0.0
2023-08-25 00:00:00-04:00,76.21970288743863,76.5058158002789,75.52350595629622,76.16248321533203,1557100,0.0,0.0
2023-08-28 00:00:00-04:00,76.69655913067463,77.07804062011066,76.3055458792145,76.71563720703125,586400,0.0,0.0
2023-08-29 00:00:00-04:00,76.73470426271741,77.18294444521986,76.34369103033804,76.97312927246094,952800,0.0,0.0
2023-08-30 00:00:00-04:00,77.221096030882,77.4595210489958,76.6870263186764,77.1447982788086,1106900,0.0,0.0
2023-08-31 00:00:00-04:00,77.37368618097074,77.37368618097074,76.72516982454478,77.25924682617188,2159500,0.0,0.0
2023-09-01 00:00:00-04:00,77.54535314425405,77.63118993723245,75.81915828401874,76.49628448486328,1461800,0.0,0.0
2023-09-05 00:00:00-04:00,76.10527840659293,76.67749706787419,75.47583278587501,75.98129272460938,1336200,0.0,0.0
2023-09-06 00:00:00-04:00,75.8477775808944,76.72518003989154,75.13250241355114,76.45814514160156,1022800,0.0,0.0
2023-09-07 00:00:00-04:00,76.36275236517118,76.49626977198703,75.59025775771477,75.88590240478516,1466600,0.0,0.0
2023-09-08 00:00:00-04:00,76.1243429732961,76.15295281259334,74.7319416769791,75.24694061279297,1054500,0.0,0.0
2023-09-11 00:00:00-04:00,75.75239562988281,76.36276308275028,75.30415544002459,75.75239562988281,875300,0.0,0.0
2023-09-12 00:00:00-04:00,75.24693036581162,75.85729777488248,75.00850536926352,75.4090576171875,778400,0.0,0.0
2023-09-13 00:00:00-04:00,75.53304186556116,75.87637446936267,73.9594425869839,74.16925048828125,1599000,0.0,0.0
2023-09-14 00:00:00-04:00,74.56981434004778,74.98943744297434,74.10249604474232,74.76055145263672,2143500,0.0,0.0
2023-09-15 00:00:00-04:00,75.06572573277957,75.0943355684448,73.549346233294,73.82592010498047,3101200,0.0,0.0
2023-09-18 00:00:00-04:00,73.33953903748527,74.25509025900168,72.42398781596886,73.85453796386719,1444500,0.0,0.0
2023-09-19 00:00:00-04:00,73.80684227254761,74.33138018197599,73.1487869454745,73.21554565429688,1099500,0.0,0.0
2023-09-20 00:00:00-04:00,73.13854275691466,73.34066181798045,71.86807484228079,72.04132080078125,1738700,0.7,0.0
2023-09-21 00:00:00-04:00,71.99320968126463,72.64769367266193,71.72371022577572,71.88733673095703,1733100,0.0,0.0
2023-09-22 00:00:00-04:00,72.07019871394192,72.24344468400632,70.76123079414614,70.97297668457031,1064100,0.0,0.0
2023-09-25 00:00:00-04:00,70.65535862736732,72.18569176816034,70.65535862736732,71.60820770263672,1188800,0.0,0.0
2023-09-26 00:00:00-04:00,71.01149092219816,71.40610967811656,70.6938720225239,70.70349884033203,1311500,0.0,0.0
2023-09-27 00:00:00-04:00,70.98260798987543,71.33872676839488,69.96238573669733,70.63611602783203,1357900,0.0,0.0
2023-09-28 00:00:00-04:00,70.85749726379224,71.89696593173656,70.31850562299893,71.2713623046875,1209100,0.0,0.0
2023-09-29 00:00:00-04:00,71.71408428491885,71.8488303289564,71.19434639658465,71.68521118164062,1325700,0.0,0.0
2023-10-02 00:00:00-04:00,71.20397652309535,71.56971475347457,69.93350851801452,70.60723876953125,1385000,0.0,0.0
2023-10-03 00:00:00-04:00,70.38587124691796,70.74199003072813,69.49076822219253,69.75064086914062,1045700,0.0,0.0
2023-10-04 00:00:00-04:00,69.54852350861579,70.61687254350888,69.49076995057446,70.54949951171875,1357000,0.0,0.0
2023-10-05 00:00:00-04:00,70.54950604822878,70.79974456485716,70.04901432875117,70.17414093017578,1112500,0.0,0.0
2023-10-06 00:00:00-04:00,69.90463797038308,71.98358991482021,69.89501849621979,71.46385192871094,1202200,0.0,0.0
2023-10-09 00:00:00-04:00,71.16547103041776,72.55143134546347,71.01147136035243,72.08944702148438,899000,0.0,0.0
2023-10-10 00:00:00-04:00,72.47445382960343,72.90756514072017,71.87771599945354,72.4552001953125,1579200,0.0,0.0
2023-10-11 00:00:00-04:00,72.48406502803792,73.13854900011744,71.4542160043505,72.03170013427734,1426600,0.0,0.0
2023-10-12 00:00:00-04:00,73.32143262699155,73.4561786991208,72.3493296696789,72.73432159423828,1808600,0.0,0.0
2023-10-13 00:00:00-04:00,72.512943627911,72.89793552473895,71.57934800772352,71.75259399414062,1371900,0.0,0.0
2023-10-16 00:00:00-04:00,72.22420463358695,73.20592698667338,72.0124587248737,73.16742706298828,1580800,0.0,0.0
2023-10-17 00:00:00-04:00,72.96531217632659,73.96628822050161,72.90756595902555,73.66792297363281,1971800,0.0,0.0
2023-10-18 00:00:00-04:00,72.3781998233551,73.08081060771758,71.8199692658055,72.50332641601562,2458000,0.0,0.0
2023-10-19 00:00:00-04:00,72.49368913009704,73.0904268697762,71.4157134096437,71.43496704101562,1731800,0.0,0.0
2023-10-20 00:00:00-04:00,70.97298195129912,72.05095777203924,70.5302438489709,71.16548156738281,1904800,0.0,0.0
2023-10-23 00:00:00-04:00,71.1654821123168,73.4561724879318,71.0211092349259,72.74394226074219,2007600,0.0,0.0
2023-10-24 00:00:00-04:00,73.13856134702631,73.28293423965766,70.90561694940732,71.6948471069336,1905300,0.0,0.0
2023-10-25 00:00:00-04:00,71.5119753434292,72.30120543157658,71.30984890564746,71.59859466552734,1408700,0.0,0.0
2023-10-26 00:00:00-04:00,71.33872159132831,72.28194393046705,71.02110275865329,71.49271392822266,1367900,0.0,0.0
2023-10-27 00:00:00-04:00,71.62747282343743,72.08946460319893,71.08848853297418,71.21360778808594,1333600,0.0,0.0
2023-10-30 00:00:00-04:00,71.21359799552918,71.97395492536785,70.81898664944868,71.72370910644531,1161200,0.0,0.0
2023-10-31 00:00:00-04:00,71.8777178348331,72.16646361169062,71.30985309850938,72.09909057617188,1079300,0.0,0.0
2023-11-01 00:00:00-04:00,72.26269527653129,72.44556071166299,70.91522749304728,71.68521118164062,1096600,0.0,0.0
2023-11-02 00:00:00-04:00,72.34932121851604,73.74491586413487,72.07982910573705,73.72566223144531,1011100,0.0,0.0
2023-11-03 00:00:00-04:00,74.49564047142208,75.0634977608339,74.10102180472536,74.73625946044922,730000,0.0,0.0
2023-11-06 00:00:00-05:00,74.58226095746322,74.7747605575821,73.77378466629064,74.16839599609375,793900,0.0,0.0
2023-11-07 00:00:00-05:00,73.35993252627372,73.87004370530195,73.2059328192636,73.7834243774414,924800,0.0,0.0
2023-11-08 00:00:00-05:00,73.7737885087938,74.16839985915023,72.69581272130847,72.83055877685547,900900,0.0,0.0
2023-11-09 00:00:00-05:00,73.28292653982994,73.28292653982994,71.7333394974965,72.16645812988281,905800,0.0,0.0
2023-11-10 00:00:00-05:00,72.08945760277516,72.98456062286485,71.61784639441677,72.89793395996094,923600,0.0,0.0
2023-11-13 00:00:00-05:00,72.59957219913119,72.97493728904033,72.02208801027942,72.86906433105469,940500,0.0,0.0
2023-11-14 00:00:00-05:00,73.86040770179098,75.71798671368936,73.67754225134723,75.29450225830078,1039100,0.0,0.0
2023-11-15 00:00:00-05:00,75.23675537109375,76.16073155078921,75.12126293807552,75.23675537109375,1345300,0.0,0.0
2023-11-16 00:00:00-05:00,75.22712053147157,75.95859693487813,74.01439883071669,74.08177185058594,1538000,0.0,0.0
2023-11-17 00:00:00-05:00,74.54376626169487,76.10298008794223,74.2454010394864,76.09335327148438,1666900,0.0,0.0
2023-11-20 00:00:00-05:00,75.96824179196523,76.79597185728667,75.34263083425341,76.19923400878906,1152200,0.0,0.0
2023-11-21 00:00:00-05:00,76.0644866810107,76.36285192877757,75.69874839848647,75.7179946899414,745000,0.0,0.0
2023-11-22 00:00:00-05:00,76.02597657624129,76.74783357047137,75.7949843941582,76.38209533691406,787000,0.0,0.0
2023-11-24 00:00:00-05:00,76.69971700147201,77.08470153808594,76.17035224896384,77.08470153808594,387500,0.0,0.0
2023-11-27 00:00:00-05:00,76.53608803354831,76.82483376982812,76.17997661432689,76.22809600830078,942500,0.0,0.0
2023-11-28 00:00:00-05:00,76.22809533059267,76.80558679801806,75.93935693998903,76.17034912109375,1469600,0.0,0.0
2023-11-29 00:00:00-05:00,76.58421358175272,77.16169770223846,76.18960224761258,76.79595947265625,1113800,0.0,0.0
2023-11-30 00:00:00-05:00,77.10396206293193,77.77769240533888,76.69972385748775,77.60444641113281,1742000,0.0,0.0
2023-12-01 00:00:00-05:00,77.71031659915636,78.80753874228671,77.00771317329539,78.74016571044922,825600,0.0,0.0
2023-12-04 00:00:00-05:00,78.56691702753969,79.76039261216657,78.51879763108327,79.29840087890625,957900,0.0,0.0
2023-12-05 00:00:00-05:00,78.96154230002125,79.04816162671426,77.88356639481086,78.3455581665039,1145700,0.0,0.0
2023-12-06 00:00:00-05:00,78.71128928300583,79.46201941841848,78.43217035056354,78.87490844726562,1217600,0.0,0.0
2023-12-07 00:00:00-05:00,79.03852548119669,79.44276360671991,78.35516845668594,79.01927185058594,1235500,0.0,0.0
2023-12-08 00:00:00-05:00,78.97116073088323,79.11552626004045,78.38404976861278,78.86528778076172,1077500,0.0,0.0
2023-12-11 00:00:00-05:00,79.18290455856607,81.67572144584051,79.1732850847215,80.8961181640625,2116200,0.0,0.0
2023-12-12 00:00:00-05:00,80.9827323678376,81.44472409201391,80.49186753773328,80.80948638916016,1219500,0.0,0.0
2023-12-13 00:00:00-05:00,80.82875113488491,81.04048972183847,79.85664815736895,80.78062438964844,1543700,0.0,0.0
2023-12-14 00:00:00-05:00,81.3580997520258,83.19643254171807,80.51112346716842,83.18680572509766,2259400,0.0,0.0
2023-12-15 00:00:00-05:00,83.05206572311378,85.32350996599172,82.59007395205806,83.54293060302734,4375900,0.0,0.0
2023-12-18 00:00:00-05:00,83.31192481388118,83.4274245837828,82.30132936390287,83.0809326171875,1059600,0.0,0.0
2023-12-19 00:00:00-05:00,83.42742919921875,83.65842140869155,82.95581796313803,83.42742919921875,1114400,0.0,0.0
2023-12-20 00:00:00-05:00,83.23493383534033,83.81241800920941,82.45532322466288,82.51307678222656,1143800,0.0,0.0
2023-12-21 00:00:00-05:00,83.08561415158572,83.9977847162896,82.7944913180999,83.87163543701172,850200,0.7,0.0
2023-12-22 00:00:00-05:00,84.02688846164402,84.50238954330501,83.19235170976923,83.53199005126953,1227400,0.0,0.0
2023-12-26 00:00:00-05:00,83.84252105710566,84.42475929567398,83.30879835300749,84.13363647460938,865600,0.0,0.0
2023-12-27 00:00:00-05:00,83.99778282395266,84.68676561721544,83.64843839306435,84.0754165649414,822200,0.0,0.0
2023-12-28 00:00:00-05:00,84.02689512260437,84.48298410458573,83.87163504142245,84.16275787353516,718400,0.0,0.0
2023-12-29 00:00:00-05:00,84.1627536052814,84.34712447961212,83.52228636853876,83.94926452636719,763300,0.0,0.0
2024-01-02 00:00:00-05:00,83.69695887524624,84.83232454052542,83.60962647186822,84.6673583984375,1332200,0.0,0.0
2024-01-03 00:00:00-05:00,84.25008364156243,84.49268351468413,82.44513999325211,82.47425079345703,1435200,0.0,0.0
2024-01-04 00:00:00-05:00,82.79449950283386,83.44466550452229,82.10551662593929,82.57130432128906,1196800,0.0,0.0
2024-01-05 00:00:00-05:00,82.96915674133163,83.85222383462681,82.96915674133163,83.33790588378906,1117600,0.0,0.0
2024-01-08 00:00:00-05:00,83.46406807236129,85.61835627609847,83.32821272650048,85.60865020751953,900900,0.0,0.0
2024-01-09 00:00:00-05:00,85.00699646688662,85.8124298452995,84.47328117305072,85.77361297607422,1792900,0.0,0.0
2024-01-10 00:00:00-05:00,85.78332094255065,86.81194208732006,85.26901037016593,85.61835479736328,1959300,0.0,0.0
2024-01-11 00:00:00-05:00,86.53052076006844,87.12246504134647,84.80321085216619,86.51111602783203,1983200,0.0,0.0
2024-01-12 00:00:00-05:00,86.95749798934281,86.95749798934281,85.38544816656484,86.13265991210938,1245200,0.0,0.0
2024-01-16 00:00:00-05:00,85.8221435546875,86.10356032895622,85.17197019172664,85.8221435546875,2272700,0.0,0.0
2024-01-17 00:00:00-05:00,85.26900818220881,85.87065114417454,84.5994301466681,85.0555191040039,1426300,0.0,0.0
2024-01-18 00:00:00-05:00,85.4727999340012,85.66687689573088,84.26949907988035,85.33694458007812,1455800,0.0,0.0
2024-01-19 00:00:00-05:00,85.57953830521234,85.8803597952426,84.07541604793906,85.2787094116211,1578900,0.0,0.0
2024-01-22 00:00:00-05:00,85.49219711523172,86.4237797756365,85.38545257464318,86.15206909179688,1243900,0.0,0.0
2024-01-23 00:00:00-05:00,86.57904458686541,87.30684421196878,86.08413876879816,86.84104919433594,1269700,0.0,0.0
2024-01-24 00:00:00-05:00,87.33595411374978,87.86967679475802,86.43348229176527,86.51111602783203,1623700,0.0,0.0
2024-01-25 00:00:00-05:00,87.28743900364852,88.3257662550617,87.19040052664529,88.28695678710938,1294800,0.0,0.0
2024-01-26 00:00:00-05:00,88.64599838800412,89.07297656384574,87.66589275871358,88.19961547851562,1312300,0.0,0.0
2024-01-29 00:00:00-05:00,88.29664554134294,88.74302840830195,87.5300290730132,88.63628387451172,1007900,0.0,0.0
2024-01-30 00:00:00-05:00,88.4713192305562,88.99533584064632,87.95700868830865,88.67510223388672,1009200,0.0,0.0
2024-01-31 00:00:00-05:00,88.51983601551706,89.02444045486024,87.70469665527344,87.70469665527344,1974000,0.0,0.0
2024-02-01 00:00:00-05:00,87.85026966786326,88.08316348578172,86.39467034964113,87.15158081054688,1675300,0.0,0.0
2024-02-02 00:00:00-05:00,86.93809153249755,87.89879241095011,86.54023156958729,87.2971420288086,1818600,0.0,0.0
2024-02-05 00:00:00-05:00,86.47230740236127,86.6857964951144,85.52131255379582,86.1714859008789,1657800,0.0,0.0
2024-02-06 00:00:00-05:00,85.97739353196125,86.81193768757453,85.95798879968306,86.36555480957031,1806300,0.0,0.0
2024-02-07 00:00:00-05:00,87.23892489818961,88.17050761911463,83.52229267985615,83.764892578125,4400800,0.0,0.0
2024-02-08 00:00:00-05:00,83.99778430142796,84.15305178613652,82.09580203511509,84.06571197509766,2633700,0.0,0.0
2024-02-09 00:00:00-05:00,84.0948319748513,84.5315088286762,81.95024236704802,82.08609771728516,1639800,0.0,0.0
2024-02-12 00:00:00-05:00,82.19283779805916,84.40535496075307,82.19283779805916,83.89103698730469,1316600,0.0,0.0
2024-02-13 00:00:00-05:00,83.40583322972105,84.01718964688779,82.03757379825184,82.61981201171875,1914800,0.0,0.0
2024-02-14 00:00:00-05:00,83.15353373738708,83.34761067179261,81.93082832066284,83.25057220458984,1286200,0.0,0.0
2024-02-15 00:00:00-05:00,83.5416871764231,85.8124257958007,83.35731631075446,84.45386505126953,1417400,0.0,0.0
2024-02-16 00:00:00-05:00,84.24038595055494,85.32723615549901,83.89104150623582,84.91967010498047,1234000,0.0,0.0
2024-02-20 00:00:00-05:00,84.77409972018876,85.84153767446628,84.62853831652352,85.74449920654297,1423400,0.0,0.0
2024-02-21 00:00:00-05:00,85.57953880982822,86.04532644852085,85.23989304397858,85.99681091308594,1114700,0.0,0.0
2024-02-22 00:00:00-05:00,85.78332369810411,86.28792821828655,85.15256249520517,85.69598388671875,1290800,0.0,0.0
2024-02-23 00:00:00-05:00,85.94829093042397,86.3558569791892,84.92936840494961,85.97740173339844,1359000,0.0,0.0
2024-02-26 00:00:00-05:00,85.98710845988747,86.81194663257168,85.74450856182968,86.45289611816406,1484000,0.0,0.0
2024-02-27 00:00:00-05:00,86.46259923910007,86.76342813685655,85.86095625070932,86.52082824707031,753800,0.0,0.0
2024-02-28 00:00:00-05:00,86.05502862059487,86.46259463688723,84.83232316815707,85.49219512939453,1331100,0.0,0.0
2024-02-29 00:00:00-05:00,85.70568530582017,86.09384659451223,85.23989027867754,85.77361297607422,1649500,0.0,0.0
2024-03-01 00:00:00-05:00,85.7542158783855,86.04533131815346,85.08463778086468,85.8221435546875,1157900,0.0,0.0
2024-03-04 00:00:00-05:00,86.25880987558693,86.99631555928906,85.63775479569901,86.55963134765625,1583100,0.0,0.0
2024-03-05 00:00:00-05:00,86.48200372205487,87.72411386325574,85.96768578223725,86.42377471923828,1384200,0.0,0.0
2024-03-06 00:00:00-05:00,86.83136241064706,88.04436195178864,86.11326135172685,87.91820526123047,1261600,0.0,0.0
2024-03-07 00:00:00-05:00,88.2190246490596,90.08218996606787,88.06375717086183,89.9948501586914,1594100,0.0,0.0
2024-03-08 00:00:00-05:00,90.04373962528314,90.62063359553787,89.63307389315685,89.65263366699219,1628500,0.7,0.0
2024-03-11 00:00:00-04:00,89.70150966588632,92.4099636751144,89.70150966588632,92.31218719482422,1842300,0.0,0.0
2024-03-12 00:00:00-04:00,92.53708351050985,93.21175398763,91.98952918697357,92.74241638183594,1941000,0.0,0.0
2024-03-13 00:00:00-04:00,92.7424103345691,93.9255229692755,92.63485396233509,93.544189453125,1740600,0.0,0.0
2024-03-14 00:00:00-04:00,93.0357484433249,93.14330481693669,89.81885204136256,90.57173919677734,3133600,0.0,0.0
2024-03-15 00:00:00-04:00,89.86774712078721,91.48107786098856,89.86774712078721,90.20996856689453,6518800,0.0,0.0
2024-03-18 00:00:00-04:00,90.36640254796465,91.27573801228284,89.85796036118782,90.68907165527344,1797300,0.0,0.0
2024-03-19 00:00:00-04:00,90.81619147489972,92.08730828753558,90.4837499004411,91.27574920654297,1922900,0.0,0.0
2024-03-20 00:00:00-04:00,91.25618426433972,92.19485191276448,90.8357386807869,92.16551971435547,1154100,0.0,0.0
2024-03-21 00:00:00-04:00,92.1361997843564,92.84019501951505,91.7450863471338,92.21441650390625,1130700,0.0,0.0
2024-03-22 00:00:00-04:00,92.53708397265679,93.22152688049536,91.69619270881616,91.88197326660156,1317400,0.0,0.0
2024-03-25 00:00:00-04:00,91.78419324865274,92.91841394663015,91.21707916973007,91.29530334472656,1684700,0.0,0.0
2024-03-26 00:00:00-04:00,91.38329722517908,91.63752205641255,90.67929459091266,90.7184066772461,1525300,0.0,0.0
2024-03-27 00:00:00-04:00,91.06062543824208,93.0846292224873,91.06062543824208,93.04552459716797,1262300,0.0,0.0
2024-03-28 00:00:00-04:00,94.2677486744389,95.32374512817583,93.9352996824372,94.60997009277344,2248300,0.0,0.0
2024-04-01 00:00:00-04:00,94.93263754844538,94.93263754844538,93.67130816651624,94.43397521972656,1217700,0.0,0.0
2024-04-02 00:00:00-04:00,94.16019946867817,94.31664036044563,92.57619347777508,93.19219207763672,1106100,0.0,0.0
2024-04-03 00:00:00-04:00,93.05530180095946,93.68108027634035,92.39041123838376,92.70330047607422,1161200,0.0,0.0
2024-04-04 00:00:00-04:00,93.49530891392023,93.49530891392023,91.01174728018708,91.0704116821289,1278900,0.0,0.0
2024-04-05 00:00:00-04:00,90.88462760040176,91.35396517731576,89.74062704775022,90.56196594238281,963200,0.0,0.0
2024-04-08 00:00:00-04:00,91.15841009381387,91.45173954520689,90.80640878424822,91.0117416381836,1178000,0.0,0.0
2024-04-09 00:00:00-04:00,90.93352283100721,92.10685562552463,90.71841007804315,91.8526382446289,1081600,0.0,0.0
2024-04-10 00:00:00-04:00,90.64997250420402,90.90419736379927,89.26152685387424,89.72108459472656,1148300,0.0,0.0
2024-04-11 00:00:00-04:00,89.97529589325825,90.7966348224603,89.6037422466359,90.52285766601562,1108800,0.0,0.0
2024-04-12 00:00:00-04:00,89.99485738777476,90.51307950950522,88.30329498187582,88.57707214355469,1508600,0.0,0.0
2024-04-15 00:00:00-04:00,89.25174663450817,90.50330369268153,88.0001895763348,88.53797149658203,1647800,0.0,0.0
2024-04-16 00:00:00-04:00,88.28373972211776,89.27129941654256,87.75573773083721,88.93885040283203,2850600,0.0,0.0
2024-04-17 00:00:00-04:00,91.27573997874272,92.00907480577044,89.13440735653178,90.39573669433594,3503200,0.0,0.0
2024-04-18 00:00:00-04:00,91.00196424401506,91.43218973634798,89.41795830759017,89.46685028076172,1601500,0.0,0.0
2024-04-19 00:00:00-04:00,89.83840353381257,90.76729880107403,88.9975123259146,90.56196594238281,2378400,0.0,0.0
2024-04-22 00:00:00-04:00,91.22685875470114,92.50774791159151,90.17085477534663,91.68640899658203,1893700,0.0,0.0
2024-04-23 00:00:00-04:00,91.63752914022402,92.99664254093601,91.08997480896402,92.12641906738281,1436800,0.0,0.0
2024-04-24 00:00:00-04:00,91.62774104973592,93.95485420911912,91.33441159562258,93.84730529785156,2167700,0.0,0.0
2024-04-25 00:00:00-04:00,93.1824153320958,95.08908290511506,92.96730258850026,94.56108093261719,2094900,0.0,0.0
2024-04-26 00:00:00-04:00,94.55130714119582,94.55130714119582,93.51486290236963,93.75930786132812,1723200,0.0,0.0
2024-04-29 00:00:00-04:00,94.08197699752168,94.30686218223734,93.26063805628974,93.75930786132812,1702700,0.0,0.0
2024-04-30 00:00:00-04:00,93.13352188775093,93.91574867757932,90.71840469351338,90.77706909179688,1483400,0.0,0.0
2024-05-01 00:00:00-04:00,90.78685730589937,92.90863778361269,90.78685730589937,91.56908416748047,1224600,0.0,0.0
2024-05-02 00:00:00-04:00,92.18507734108647,92.47841426182187,90.4152983096215,90.57173919677734,1623000,0.0,0.0
2024-05-03 00:00:00-04:00,91.15840921680145,91.48107086424277,90.44462671819723,90.68907165527344,1436600,0.0,0.0
2024-05-06 00:00:00-04:00,91.23662964254447,91.66685513647602,90.34685391448431,91.11930084228516,1396600,0.0,0.0
2024-05-07 00:00:00-04:00,93.9842019592213,94.39486770625346,91.5886368484638,92.59574890136719,1864600,0.0,0.0
2024-05-08 00:00:00-04:00,92.25351692526621,93.25085643703238,92.1948525280567,92.95751953125,1594800,0.0,0.0
2024-05-09 00:00:00-04:00,92.95752506063091,93.71041222245074,92.69352779761738,93.56375122070312,1810800,0.0,0.0
2024-05-10 00:00:00-04:00,93.6224126483291,94.59041252846274,93.42685967896371,93.69085693359375,1029200,0.0,0.0
2024-05-13 00:00:00-04:00,93.74952122598346,94.68818890563324,93.69085682721396,94.16019439697266,822000,0.0,0.0
2024-05-14 00:00:00-04:00,94.86419326058979,95.74419657578164,93.9841974052658,94.43397521972656,1153600,0.0,0.0
2024-05-15 00:00:00-04:00,94.79575235498815,95.88108857247093,94.43397858907265,95.48998260498047,1377500,0.0,0.0
2024-05-16 00:00:00-04:00,95.21619358967698,95.81263986040243,94.27752588325689,94.5024185180664,1369700,0.0,0.0
2024-05-17 00:00:00-04:00,94.83485633489286,94.83485633489286,93.67130349932202,93.99396514892578,1042700,0.0,0.0
2024-05-20 00:00:00-04:00,94.19929801364925,94.43397052594811,93.4366309983468,94.07218933105469,905500,0.0,0.0
2024-05-21 00:00:00-04:00,93.87664072796245,94.07219370410114,92.4784153149541,92.85974884033203,1287200,0.0,0.0
2024-05-22 00:00:00-04:00,92.32196403209146,93.2410794024424,92.10685128925462,93.14330291748047,1091900,0.0,0.0
2024-05-23 00:00:00-04:00,93.0064224282423,93.13353112375101,91.95041839521092,92.12641906738281,1117000,0.0,0.0
2024-05-24 00:00:00-04:00,92.61530951785716,93.04553504334571,91.87219473561376,92.99664306640625,1002500,0.0,0.0
2024-05-28 00:00:00-04:00,92.88907395552556,92.98685043613686,90.68906957236838,91.13884735107422,1601500,0.0,0.0
2024-05-29 00:00:00-04:00,90.30774363992808,90.56196847870427,89.00729470526166,89.09529876708984,1586300,0.0,0.0
2024-05-30 00:00:00-04:00,89.47663243030625,89.58418880610968,88.32285195703425,88.70418548583984,1621800,0.0,0.0
2024-05-31 00:00:00-04:00,88.55751605789966,91.08018972857312,88.55751605789966,90.8944091796875,2055900,0.0,0.0
2024-06-03 00:00:00-04:00,90.71840573042597,91.32463187246552,88.11751542527331,88.35218048095703,1511200,0.0,0.0
2024-06-04 00:00:00-04:00,88.00018450388194,89.57441062346305,88.00018450388194,89.19307708740234,1241800,0.0,0.0
2024-06-05 00:00:00-04:00,89.28106689453125,89.66240040156244,88.44017570982976,89.28106689453125,1208100,0.0,0.0
2024-06-06 00:00:00-04:00,89.2517396428648,89.50596448160017,88.60640884898942,88.93885040283203,919800,0.0,0.0
2024-06-07 00:00:00-04:00,88.55751391511176,89.96551917813835,88.1859602861987,89.06595611572266,1387400,0.0,0.0
2024-06-10 00:00:00-04:00,88.81962133647382,89.09551867084498,87.83426941792617,88.64225769042969,1339500,0.7,0.0
2024-06-11 00:00:00-04:00,88.07075039785204,88.47474828661298,87.40071080299951,88.33679962158203,1391400,0.0,0.0
2024-06-12 00:00:00-04:00,88.91814911912701,89.60789992688233,86.94744541291989,87.86382293701172,1287100,0.0,0.0
2024-06-13 00:00:00-04:00,87.47954687823865,88.12988278827665,86.18873820046129,88.08061218261719,1567600,0.0,0.0
2024-06-14 00:00:00-04:00,87.28247536930135,87.61749141552124,86.5730207800844,87.1149673461914,1233300,0.0,0.0
2024-06-17 00:00:00-04:00,87.26276649874643,88.84918374351875,86.90803919447195,88.76050567626953,1375000,0.0,0.0
2024-06-18 00:00:00-04:00,88.63240171088297,90.08087022816173,88.01163271103717,89.8246841430664,1535700,0.0,0.0
2024-06-20 00:00:00-04:00,89.57834506735288,89.87394612752846,87.98207227890651,88.43533325195312,2010200,0.0,0.0
2024-06-21 00:00:00-04:00,88.47475103375679,89.25317996353793,87.59778841412813,89.14479064941406,5296800,0.0,0.0
2024-06-24 00:00:00-04:00,89.93306915517104,91.09578475670116,88.89845411841038,89.40098571777344,1326000,0.0,0.0
2024-06-25 00:00:00-04:00,89.07582120038089,89.30244794769632,87.08540597515297,88.48461151123047,1481800,0.0,0.0
2024-06-26 00:00:00-04:00,87.65691086633375,87.96236757319174,86.81936319041928,87.390869140625,1124000,0.0,0.0
2024-06-27 00:00:00-04:00,87.40070945272618,87.81456295906374,86.98686346402691,87.68646240234375,1041700,0.0,0.0
2024-06-28 00:00:00-04:00,87.86382731671591,88.84917921893582,87.69631929757175,88.38606262207031,2234600,0.0,0.0
2024-07-01 00:00:00-04:00,88.30723940393659,89.61775170891785,86.3168243691414,86.40550994873047,1398500,0.0,0.0
2024-07-02 00:00:00-04:00,86.39565236126722,87.97221385154546,86.00151010928813,87.775146484375,981500,0.0,0.0
2024-07-03 00:00:00-04:00,88.47475306394225,89.19405578220942,87.73573909667006,87.92295837402344,633800,0.0,0.0
2024-07-05 00:00:00-04:00,87.45983728427373,88.01163194600693,86.83906077218542,87.59778594970703,1748600,0.0,0.0
2024-07-08 00:00:00-04:00,87.96236260739772,88.59299475254534,87.46968664730386,88.2973861694336,1138700,0.0,0.0
2024-07-09 00:00:00-04:00,88.34666403348923,89.43054973124987,87.95252172949286,89.18421173095703,1263000,0.0,0.0
2024-07-10 00:00:00-04:00,89.90350658282884,90.92827347612564,89.24332260428255,89.8246841430664,1642900,0.0,0.0
2024-07-11 00:00:00-04:00,90.41589481482758,91.63772909786024,89.87394824859125,90.91841888427734,1717400,0.0,0.0
2024-07-12 00:00:00-04:00,91.63772577650961,92.82014503753828,91.09577922991578,91.93333435058594,2047200,0.0,0.0
2024-07-15 00:00:00-04:00,92.15010525994748,92.79058549068868,91.78552987266828,92.37673950195312,1869100,0.0,0.0
2024-07-16 00:00:00-04:00,92.7413294016699,94.14052738395755,92.18952719076579,93.95330810546875,2750400,0.0,0.0
2024-07-17 00:00:00-04:00,89.22362015632106,90.99724911750684,87.42042432245604,90.17940521240234,4684500,0.0,0.0
2024-07-18 00:00:00-04:00,90.58339832910885,93.02707429117665,90.08086676703444,90.74105072021484,2322600,0.0,0.0
2024-07-19 00:00:00-04:00,91.30271046398883,91.30271046398883,89.15464302595285,89.66702270507812,1654500,0.0,0.0
2024-07-22 00:00:00-04:00,89.6867261857571,90.78046739074765,88.46489194075117,90.40603637695312,1727100,0.0,0.0
2024-07-23 00:00:00-04:00,90.2582348982357,91.18446811411648,89.78527018373725,90.91841888427734,1328200,0.0,0.0
2024-07-24 00:00:00-04:00,91.07607630511217,91.07607630511217,88.96742384313008,89.42068481445312,1422800,0.0,0.0
2024-07-25 00:00:00-04:00,89.64732562071244,93.34239551160678,89.3911320033382,91.98260498046875,2262700,0.0,0.0
2024-07-26 00:00:00-04:00,92.54425899873897,94.33759935669407,92.30777662121722,94.03214263916016,2018300,0.0,0.0
2024-07-29 00:00:00-04:00,94.41642168757949,94.7908527148504,93.43106975699834,94.08140563964844,1709000,0.0,0.0
2024-07-30 00:00:00-04:00,94.56422353048876,96.6236054035772,94.34744490855556,96.48565673828125,1239200,0.0,0.0
2024-07-31 00:00:00-04:00,96.73199776947314,97.26408871712101,96.09151750743558,96.6039047241211,1393900,0.0,0.0
2024-08-01 00:00:00-04:00,96.70244118936427,97.25423588380984,92.0220193582436,93.46063232421875,2366200,0.0,0.0
2024-08-02 00:00:00-04:00,92.62307805600373,92.84971229943355,89.73599670525468,90.65237426757812,1867800,0.0,0.0
2024-08-05 00:00:00-04:00,89.85424853166212,89.85424853166212,86.78980330417453,88.57328796386719,1582600,0.0,0.0
2024-08-06 00:00:00-04:00,88.64225875129661,91.48006960432676,88.287531454963,90.03160858154297,1721800,0.0,0.0
2024-08-07 00:00:00-04:00,90.80017587345856,91.92347639827346,89.13492881577764,89.30243682861328,1134100,0.0,0.0
2024-08-08 00:00:00-04:00,89.63746547565657,92.34718325899496,89.63746547565657,92.19937896728516,1236700,0.0,0.0
2024-08-09 00:00:00-04:00,92.08113412019301,92.66249566344828,91.01695975764939,91.95304107666016,756000,0.0,0.0
2024-08-12 00:00:00-04:00,91.95304235010677,93.60843390299154,91.87421239100782,92.70191192626953,1807200,0.0,0.0
2024-08-13 00:00:00-04:00,92.98766174297577,93.76609064804813,92.40630021134318,93.0270767211914,1090700,0.0,0.0
2024-08-14 00:00:00-04:00,93.4212174824793,94.17008708151137,92.73147411339642,93.06649017333984,922900,0.0,0.0
2024-08-15 00:00:00-04:00,94.4656949747911,94.83027038817444,93.66755477635216,94.79085540771484,1185900,0.0,0.0
2024-08-16 00:00:00-04:00,94.65290362104004,95.44118816902144,94.42627688790145,95.16529083251953,2755800,0.0,0.0
2024-08-19 00:00:00-04:00,95.32294770811693,95.86489430001001,94.98793164595679,95.49046325683594,638300,0.0,0.0
2024-08-20 00:00:00-04:00,95.2244157062994,95.24412695597607,94.51496107072103,94.85983276367188,1010100,0.0,0.0
2024-08-21 00:00:00-04:00,95.26382576801478,95.92400976294469,94.91895409287518,95.8648910522461,653100,0.0,0.0
2024-08-22 00:00:00-04:00,96.15064702005168,96.4265443687813,95.53972609240829,95.88459777832031,701800,0.0,0.0
2024-08-23 00:00:00-04:00,96.52507002777456,97.62866684847182,95.91414915098242,97.01774597167969,735000,0.0,0.0
2024-08-26 00:00:00-04:00,97.41189575195312,98.42680707194152,96.76155984731655,97.41189575195312,1025900,0.0,0.0
2024-08-27 00:00:00-04:00,97.33306569059397,98.21002833614722,97.32321006602626,97.65823364257812,772800,0.0,0.0
2024-08-28 00:00:00-04:00,97.4710129709101,98.03266328101967,96.761558364953,97.30350494384766,887300,0.0,0.0
2024-08-29 00:00:00-04:00,97.74690725051614,98.08193081178067,96.79112220495101,97.18525695800781,1240400,0.0,0.0
2024-08-30 00:00:00-04:00,97.54983928740862,99.13625646713008,97.21482324579713,98.95889282226562,1426200,0.0,0.0
2024-09-03 00:00:00-04:00,98.56475096360171,98.64358092112211,97.26408673506923,97.87500762939453,958700,0.0,0.0
2024-09-04 00:00:00-04:00,97.82574027388864,100.63399182443649,96.90936266080053,97.30350494384766,1663700,0.0,0.0
2024-09-05 00:00:00-04:00,97.72720770568519,98.65344095384506,96.77141510154385,98.44651794433594,1222900,0.0,0.0
2024-09-06 00:00:00-04:00,98.38738901322893,99.83585755765985,97.24438468004311,97.29364776611328,1063400,0.0,0.0
2024-09-09 00:00:00-04:00,97.55969851984091,97.92427392947437,96.59405030261006,97.45130920410156,1364100,0.0,0.0
2024-09-10 00:00:00-04:00,97.599110180848,98.48592089017397,97.12613795392078,98.07207489013672,941900,0.0,0.0
2024-09-11 00:00:00-04:00,97.6877902561541,97.92427261566773,95.74664574095141,96.8502426147461,1038700,0.0,0.0
2024-09-12 00:00:00-04:00,96.52506853969355,97.36261612789252,95.6579615981381,97.10643005371094,1259800,0.0,0.0
2024-09-13 00:00:00-04:00,97.37247430639248,98.76182409170578,97.37247430639248,98.50563049316406,723300,0.0,0.0
2024-09-16 00:00:00-04:00,99.35303632450892,100.50589627162668,99.0180127610981,99.60922241210938,1199500,0.0,0.0
2024-09-17 00:00:00-04:00,100.48619853040891,101.24491624952987,99.55010963600989,100.23986053466797,949600,0.0,0.0
2024-09-18 00:00:00-04:00,100.63399186793934,102.062756704898,100.50589882089012,101.10696411132812,900400,0.0,0.0
2024-09-19 00:00:00-04:00,102.36821902102416,103.26489295249046,102.07261041297964,102.3780746459961,1439400,0.0,0.0
2024-09-20 00:00:00-04:00,102.18958143530955,102.50703250020972,100.72136552975233,101.48523712158203,3964400,0.7,0.0
2024-09-23 00:00:00-04:00,101.67371439451932,102.36814377284846,101.15785927426145,101.49514770507812,929800,0.0,0.0
2024-09-24 00:00:00-04:00,101.37611234808642,101.52491162138368,100.25510736504445,100.9197769165039,1088800,0.0,0.0
2024-09-25 00:00:00-04:00,101.03881297161732,101.05865791981658,99.69956657611199,99.84837341308594,919400,0.0,0.0
2024-09-26 00:00:00-04:00,100.4535140120419,102.28877812148127,100.36422688387597,102.16973114013672,1251100,0.0,0.0
2024-09-27 00:00:00-04:00,102.76495817475498,103.36018555492845,101.75308525199507,101.85228729248047,1190200,0.0,0.0
2024-09-30 00:00:00-04:00,101.71340006078661,102.98320430799227,101.21738230368251,102.5665512084961,1440300,0.0,0.0
2024-10-01 00:00:00-04:00,102.59631304861121,102.59631304861121,100.5725596522227,101.87213134765625,1378700,0.0,0.0
2024-10-02 00:00:00-04:00,101.31658211264177,101.8225223329749,100.79080451265818,101.22730255126953,1180700,0.0,0.0
2024-10-03 00:00:00-04:00,100.7511236659842,101.37611087929912,99.70949092484311,100.21542358398438,1416100,0.0,0.0
2024-10-04 00:00:00-04:00,101.21738375270381,101.66380428166663,100.33447273790924,100.7412109375,725500,0.0,0.0
2024-10-07 00:00:00-04:00,100.25510573374453,100.69160377799506,99.44163692222416,100.05670166015625,1336400,0.0,0.0
2024-10-08 00:00:00-04:00,100.19558780731373,101.1677859498989,99.80869455889473,100.67176818847656,1199400,0.0,0.0
2024-10-09 00:00:00-04:00,100.89993280852214,102.29870653821658,100.74121105947218,101.96141052246094,1240600,0.0,0.0
2024-10-10 00:00:00-04:00,101.68363754406103,101.87212670878728,100.68167958172751,100.90985107421875,884400,0.0,0.0
2024-10-11 00:00:00-04:00,101.23722515646405,102.35822253960416,101.07849584453439,102.040771484375,696600,0.0,0.0
2024-10-14 00:00:00-04:00,102.12014048400249,102.65584058160577,101.65388257116462,102.43759155273438,836600,0.0,0.0
2024-10-15 00:00:00-04:00,103.17169094071348,104.52085981235167,103.06256643134346,103.1915283203125,1735000,0.0,0.0
2024-10-16 00:00:00-04:00,102.15982231631746,105.0863241054224,100.0070994618095,104.64982604980469,3031200,0.0,0.0
2024-10-17 00:00:00-04:00,105.66170765286957,105.66170765286957,103.7867610847744,104.3819808959961,2171300,0.0,0.0
2024-10-18 00:00:00-04:00,104.47125664205156,104.6597458100218,102.80463669038846,103.64787292480469,1531400,0.0,0.0
2024-10-21 00:00:00-04:00,103.47921948362709,103.77683315791718,102.4475016663529,102.78479766845703,1251700,0.0,0.0
2024-10-22 00:00:00-04:00,102.67567842180954,102.68560089642916,99.45156291581068,100.22534942626953,2043200,0.0,0.0
2024-10-23 00:00:00-04:00,99.79876917812794,101.19754285754671,99.63012496062686,99.91781616210938,1537300,0.0,0.0
2024-10-24 00:00:00-04:00,100.52296286380205,100.52296286380205,99.21347625662447,99.6598892211914,1144800,0.0,0.0
2024-10-25 00:00:00-04:00,100.33447086879296,100.33447086879296,99.12418633569797,99.71940612792969,1081700,0.0,0.0
2024-10-28 00:00:00-04:00,99.91781753386576,101.79276403769079,99.84837535108076,101.68363952636719,1647600,0.0,0.0
2024-10-29 00:00:00-04:00,101.5348316058292,102.0010895004074,100.67176556734888,100.89000701904297,1359500,0.0,0.0
2024-10-30 00:00:00-04:00,100.29478806586552,101.79276379799181,100.29478806586552,101.52490997314453,1373400,0.0,0.0
2024-10-31 00:00:00-04:00,101.40587169921376,101.75308261623394,100.1459823549301,100.19558715820312,1001000,0.0,0.0
2024-11-01 00:00:00-04:00,100.88009036831856,101.28682097937109,100.19558346525766,100.27494812011719,1070800,0.0,0.0
2024-11-04 00:00:00-05:00,100.71144448546372,101.46539361354455,100.3443961803349,101.12810516357422,1439300,0.0,0.0
2024-11-05 00:00:00-05:00,101.32650513552173,102.38798281537768,101.03881393293626,102.35822296142578,1073000,0.0,0.0
2024-11-06 00:00:00-05:00,106.14780271108573,106.14780271108573,103.10225390800821,104.22325134277344,1648200,0.0,0.0
2024-11-07 00:00:00-05:00,104.17365280263212,104.52086372333318,103.50898324742673,103.92564392089844,1238800,0.0,0.0
2024-11-08 00:00:00-05:00,103.6478738183391,104.13396910091423,103.13201111269866,103.6280288696289,1470500,0.0,0.0
2024-11-11 00:00:00-05:00,104.55062502896787,104.6994318737991,103.12209142839694,103.56851196289062,1100300,0.0,0.0
2024-11-12 00:00:00-05:00,103.51890690752933,104.36213560135538,102.48718903946515,103.0030517578125,1349200,0.0,0.0
2024-11-13 00:00:00-05:00,102.76495376012859,103.31057631230496,102.1201367403586,102.5169448852539,1344600,0.0,0.0
2024-11-14 00:00:00-05:00,102.52686491151265,104.47125353586986,102.34829822312118,104.20340728759766,1359800,0.0,0.0
2024-11-15 00:00:00-05:00,102.51694800570733,103.58834819424892,95.47349725860109,96.08856201171875,9315200,0.0,0.0
2024-11-18 00:00:00-05:00,96.04887639404436,98.74721415341672,95.84054984817622,97.5468521118164,2822900,0.0,0.0
2024-11-19 00:00:00-05:00,96.03895588787995,97.31868261183396,95.8703116666209,97.25916290283203,1348400,0.0,0.0
2024-11-20 00:00:00-05:00,96.70362302352149,98.45952251295064,96.01911611255292,98.29087829589844,1310800,0.0,0.0
2024-11-21 00:00:00-05:00,98.25120058970808,101.37611404806906,97.7849426758769,101.12810516357422,1262000,0.0,0.0
2024-11-22 00:00:00-05:00,101.10825503822845,101.92172383498142,100.4535155523688,101.56459045410156,1549200,0.0,0.0
2024-11-25 00:00:00-05:00,102.17965904191578,104.36213416875698,101.29674803044209,103.76691436767578,2425100,0.0,0.0
2024-11-26 00:00:00-05:00,103.64786974002777,104.24308951119743,103.0030451676648,103.79666900634766,1061200,0.0,0.0
2024-11-27 00:00:00-05:00,104.5208636402728,104.927594270305,103.42962607523786,103.51890563964844,967300,0.0,0.0
2024-11-29 00:00:00-05:00,104.06452548412354,105.14584054639298,103.71731457278152,103.98516082763672,794200,0.0,0.0
2024-12-02 00:00:00-05:00,103.92564376755803,104.48118123986005,103.23121435855008,104.17365264892578,1196000,0.0,0.0
2024-12-03 00:00:00-05:00,104.20341140919284,104.64982436351366,102.51694649242793,102.9732894897461,1165800,0.0,0.0
2024-12-04 00:00:00-05:00,102.69551100973301,103.2510560330472,102.20941573688448,102.44750213623047,949900,0.0,0.0
2024-12-05 00:00:00-05:00,102.82448271267573,103.38994265386107,102.19949549388171,102.31854248046875,1101700,0.0,0.0
2024-12-06 00:00:00-05:00,102.77488017606605,103.20145575995616,102.06061337805187,102.5963134765625,1115200,0.0,0.0
2024-12-09 00:00:00-05:00,98.0825520192509,99.10434736711886,92.01129207109294,92.08073425292969,10938900,0.0,0.0
2024-12-10 00:00:00-05:00,90.68196955118425,93.56878894797744,90.29506873936137,91.72360229492188,4966800,0.0,0.0
2024-12-11 00:00:00-05:00,91.97161261264218,92.6759569271422,91.08870160090059,91.36647033691406,3392000,0.0,0.0
2024-12-12 00:00:00-05:00,91.3367089337298,91.53511300791008,89.40224272026602,89.44192504882812,2304000,0.0,0.0
2024-12-13 00:00:00-05:00,89.3328007151171,90.02722254475955,88.36060258498739,89.60064697265625,2083100,0.0,0.0
2024-12-16 00:00:00-05:00,89.43200301727668,91.12838283639624,89.13438933590258,90.16610717773438,2912400,0.0,0.0
2024-12-17 00:00:00-05:00,89.2732711799783,90.06690259546629,87.51737170164598,88.26139831542969,3356300,0.0,0.0
2024-12-18 00:00:00-05:00,88.17211435706835,89.66016763815142,87.02135708871857,87.05111694335938,2514100,0.0,0.0
2024-12-19 00:00:00-05:00,87.78522224783191,88.42012438383668,86.88247384795626,87.19000244140625,3738000,0.0,0.0
2024-12-20 00:00:00-05:00,87.62999725341797,89.80999755859375,86.91999816894531,88.86000061035156,6003400,0.7,0.0
2024-12-23 00:00:00-05:00,88.44000244140625,88.5999984741211,86.55999755859375,86.69999694824219,1809200,0.0,0.0
2024-12-24 00:00:00-05:00,86.7699966430664,86.7699966430664,85.97000122070312,86.38999938964844,823500,0.0,0.0
2024-12-26 00:00:00-05:00,85.87999725341797,87.63999938964844,85.69999694824219,87.43000030517578,1218300,0.0,0.0
2024-12-27 00:00:00-05:00,86.70999908447266,87.55000305175781,86.22000122070312,86.48999786376953,1164200,0.0,0.0
2024-12-30 00:00:00-05:00,85.79000091552734,86.05000305175781,84.55999755859375,85.81999969482422,1468500,0.0,0.0
2024-12-31 00:00:00-05:00,86.08999633789062,86.75,85.69000244140625,86.04000091552734,1098000,0.0,0.0
2025-01-02 00:00:00-05:00,86.68000030517578,86.93000030517578,85.73999786376953,86.44000244140625,1614900,0.0,0.0
2025-01-03 00:00:00-05:00,86.91999816894531,87.0,85.29000091552734,85.88999938964844,1492400,0.0,0.0
2025-01-06 00:00:00-05:00,85.73999786376953,86.55000305175781,84.91000366210938,85.0999984741211,2429400,0.0,0.0
2025-01-07 00:00:00-05:00,85.31999969482422,86.0999984741211,84.04000091552734,84.62999725341797,2380000,0.0,0.0
2025-01-08 00:00:00-05:00,83.97000122070312,84.23999786376953,83.18000030517578,84.13999938964844,2038600,0.0,0.0
2025-01-10 00:00:00-05:00,83.12999725341797,83.63999938964844,81.66000366210938,82.06999969482422,3532400,0.0,0.0
2025-01-13 00:00:00-05:00,81.8499984741211,83.33999633789062,81.41999816894531,83.16000366210938,2604100,0.0,0.0
2025-01-14 00:00:00-05:00,83.7300033569336,85.29000091552734,83.45999908447266,84.76000213623047,3707800,0.0,0.0
2025-01-15 00:00:00-05:00,86.02999877929688,86.33000183105469,84.44999694824219,85.5,2136400,0.0,0.0
2025-01-16 00:00:00-05:00,85.72000122070312,86.33999633789062,85.25,85.83999633789062,1880800,0.0,0.0
2025-01-17 00:00:00-05:00,85.95999908447266,86.43000030517578,85.11000061035156,85.37999725341797,2642200,0.0,0.0
2025-01-21 00:00:00-05:00,86.18000030517578,86.75,85.52999877929688,86.58999633789062,2086600,0.0,0.0
2025-01-22 00:00:00-05:00,86.48999786376953,86.48999786376953,85.4000015258789,86.12999725341797,1971800,0.0,0.0
2025-01-23 00:00:00-05:00,85.80999755859375,86.5199966430664,85.61000061035156,86.1500015258789,1468800,0.0,0.0
2025-01-24 00:00:00-05:00,86.41999816894531,87.20999908447266,86.0,86.55999755859375,2110100,0.0,0.0
2025-01-27 00:00:00-05:00,86.43000030517578,89.3499984741211,86.43000030517578,88.33999633789062,1764200,0.0,0.0
2025-01-28 00:00:00-05:00,88.2699966430664,88.62999725341797,87.08000183105469,87.20999908447266,1633200,0.0,0.0
2025-01-29 00:00:00-05:00,86.80999755859375,87.93000030517578,86.54000091552734,86.80999755859375,1759800,0.0,0.0
2025-01-30 00:00:00-05:00,87.20999908447266,87.30000305175781,86.01000213623047,86.5199966430664,1608900,0.0,0.0
2025-01-31 00:00:00-05:00,86.20999908447266,87.65499877929688,86.26000213623047,86.79000091552734,4052257,0.0,0.0
