Date,Open,High,Low,Close,Volume,Dividends,Stock Splits
2022-01-03 00:00:00-05:00,7.230000019073486,7.436999797821045,7.019999980926514,7.079999923706055,70500,0.0,0.0
2022-01-04 00:00:00-05:00,7.099999904632568,7.099999904632568,6.880000114440918,6.949999809265137,35400,0.0,0.0
2022-01-05 00:00:00-05:00,6.929999828338623,6.940000057220459,6.360000133514404,6.360000133514404,31200,0.0,0.0
2022-01-06 00:00:00-05:00,6.489999771118164,6.650000095367432,6.010000228881836,6.090000152587891,20400,0.0,0.0
2022-01-07 00:00:00-05:00,6.309999942779541,6.579999923706055,6.090000152587891,6.429999828338623,42000,0.0,0.0
2022-01-10 00:00:00-05:00,6.400000095367432,6.53000020980835,6.179999828338623,6.480000019073486,13500,0.0,0.0
2022-01-11 00:00:00-05:00,6.300000190734863,6.340000152587891,5.900000095367432,6.059999942779541,66300,0.0,0.0
2022-01-12 00:00:00-05:00,6.054999828338623,6.059999942779541,5.75,5.900000095367432,69200,0.0,0.0
2022-01-13 00:00:00-05:00,5.909999847412109,6.0289998054504395,5.900000095367432,5.980000019073486,25100,0.0,0.0
2022-01-14 00:00:00-05:00,5.800000190734863,5.880000114440918,5.550000190734863,5.869999885559082,40800,0.0,0.0
2022-01-18 00:00:00-05:00,5.949999809265137,5.989999771118164,5.639999866485596,5.699999809265137,13200,0.0,0.0
2022-01-19 00:00:00-05:00,5.730000019073486,5.730000019073486,5.514999866485596,5.630000114440918,19400,0.0,0.0
2022-01-20 00:00:00-05:00,5.619999885559082,5.679999828338623,5.5,5.539999961853027,11800,0.0,0.0
2022-01-21 00:00:00-05:00,5.429999828338623,5.478000164031982,5.239999771118164,5.340000152587891,35600,0.0,0.0
2022-01-24 00:00:00-05:00,5.289999961853027,6.070000171661377,5.25,6.070000171661377,41500,0.0,0.0
2022-01-25 00:00:00-05:00,5.949999809265137,6.019999980926514,5.570000171661377,5.960000038146973,34000,0.0,0.0
2022-01-26 00:00:00-05:00,5.829999923706055,5.864999771118164,5.619999885559082,5.670000076293945,16000,0.0,0.0
2022-01-27 00:00:00-05:00,5.710000038146973,5.71999979019165,5.599999904632568,5.599999904632568,12900,0.0,0.0
2022-01-28 00:00:00-05:00,5.650000095367432,5.760000228881836,5.599999904632568,5.699999809265137,18000,0.0,0.0
2022-01-31 00:00:00-05:00,5.75,6.349999904632568,5.75,6.059999942779541,27900,0.0,0.0
2022-02-01 00:00:00-05:00,6.099999904632568,6.239999771118164,5.940000057220459,5.940000057220459,36100,0.0,0.0
2022-02-02 00:00:00-05:00,5.940000057220459,6.25,5.860000133514404,5.860000133514404,18500,0.0,0.0
2022-02-03 00:00:00-05:00,5.849999904632568,6.333000183105469,5.800000190734863,5.849999904632568,18200,0.0,0.0
2022-02-04 00:00:00-05:00,5.880000114440918,6.1020002365112305,5.880000114440918,5.960000038146973,13900,0.0,0.0
2022-02-07 00:00:00-05:00,6.010000228881836,6.204999923706055,5.789999961853027,5.909999847412109,15600,0.0,0.0
2022-02-08 00:00:00-05:00,5.980000019073486,6.210000038146973,5.869999885559082,5.869999885559082,12100,0.0,0.0
2022-02-09 00:00:00-05:00,5.869999885559082,5.914999961853027,5.570000171661377,5.659999847412109,31300,0.0,0.0
2022-02-10 00:00:00-05:00,5.610000133514404,5.960000038146973,5.590000152587891,5.869999885559082,23800,0.0,0.0
2022-02-11 00:00:00-05:00,6.03000020980835,6.179999828338623,5.840000152587891,5.940000057220459,18800,0.0,0.0
2022-02-14 00:00:00-05:00,5.980000019073486,6.199999809265137,5.921000003814697,6.059999942779541,6700,0.0,0.0
2022-02-15 00:00:00-05:00,6.170000076293945,6.199999809265137,6.010000228881836,6.070000171661377,18100,0.0,0.0
2022-02-16 00:00:00-05:00,6.099999904632568,6.159999847412109,6.019999980926514,6.099999904632568,19400,0.0,0.0
2022-02-17 00:00:00-05:00,6.050000190734863,6.090000152587891,5.800000190734863,5.849999904632568,21300,0.0,0.0
2022-02-18 00:00:00-05:00,5.809999942779541,6.099999904632568,5.809999942779541,5.989999771118164,14500,0.0,0.0
2022-02-22 00:00:00-05:00,5.913000106811523,5.980000019073486,5.800000190734863,5.809999942779541,18700,0.0,0.0
2022-02-23 00:00:00-05:00,5.84499979019165,5.889999866485596,5.320000171661377,5.400000095367432,47100,0.0,0.0
2022-02-24 00:00:00-05:00,5.409999847412109,5.616000175476074,5.409999847412109,5.420000076293945,14300,0.0,0.0
2022-02-25 00:00:00-05:00,5.480000019073486,5.770999908447266,5.385000228881836,5.409999847412109,15900,0.0,0.0
2022-02-28 00:00:00-05:00,5.320000171661377,5.650000095367432,5.190000057220459,5.260000228881836,24500,0.0,0.0
2022-03-01 00:00:00-05:00,5.300000190734863,5.570000171661377,5.199999809265137,5.300000190734863,24400,0.0,0.0
2022-03-02 00:00:00-05:00,5.369999885559082,5.539999961853027,5.28000020980835,5.429999828338623,13700,0.0,0.0
2022-03-03 00:00:00-05:00,5.420000076293945,5.53000020980835,5.079999923706055,5.190000057220459,14000,0.0,0.0
2022-03-04 00:00:00-05:00,5.239999771118164,5.408999919891357,5.159999847412109,5.28000020980835,7600,0.0,0.0
2022-03-07 00:00:00-05:00,5.260000228881836,6.139999866485596,5.179999828338623,5.730000019073486,46400,0.0,0.0
2022-03-08 00:00:00-05:00,5.730000019073486,5.869999885559082,5.559999942779541,5.630000114440918,38400,0.0,0.0
2022-03-09 00:00:00-05:00,5.869999885559082,6.139999866485596,5.414999961853027,5.630000114440918,24900,0.0,0.0
2022-03-10 00:00:00-05:00,5.519999980926514,5.75,5.413000106811523,5.53000020980835,26000,0.0,0.0
2022-03-11 00:00:00-05:00,5.809999942779541,5.909999847412109,5.439000129699707,5.550000190734863,10700,0.0,0.0
2022-03-14 00:00:00-04:00,5.449999809265137,5.558000087738037,5.309999942779541,5.309999942779541,19600,0.0,0.0
2022-03-15 00:00:00-04:00,5.429999828338623,5.800000190734863,5.309999942779541,5.519999980926514,42400,0.0,0.0
2022-03-16 00:00:00-04:00,5.75,5.900000095367432,5.309999942779541,5.449999809265137,128600,0.0,0.0
2022-03-17 00:00:00-04:00,5.510000228881836,5.869999885559082,5.510000228881836,5.75,76600,0.0,0.0
2022-03-18 00:00:00-04:00,5.75,6.099999904632568,5.599999904632568,5.929999828338623,386900,0.0,0.0
2022-03-21 00:00:00-04:00,5.840000152587891,6.2779998779296875,5.710000038146973,5.800000190734863,63300,0.0,0.0
2022-03-22 00:00:00-04:00,5.880000114440918,6.010000228881836,5.550000190734863,5.789999961853027,52600,0.0,0.0
2022-03-23 00:00:00-04:00,5.659999847412109,5.841000080108643,5.539999961853027,5.760000228881836,29600,0.0,0.0
2022-03-24 00:00:00-04:00,5.769999980926514,5.920000076293945,5.579999923706055,5.650000095367432,62600,0.0,0.0
2022-03-25 00:00:00-04:00,5.659999847412109,5.752999782562256,5.440000057220459,5.5,14900,0.0,0.0
2022-03-28 00:00:00-04:00,5.789999961853027,5.789999961853027,5.380000114440918,5.710000038146973,39100,0.0,0.0
2022-03-29 00:00:00-04:00,5.699999809265137,5.960000038146973,5.619999885559082,5.800000190734863,15300,0.0,0.0
2022-03-30 00:00:00-04:00,6.0,6.099999904632568,5.743000030517578,6.010000228881836,115000,0.0,0.0
2022-03-31 00:00:00-04:00,6.0,6.059999942779541,5.699999809265137,5.75,32000,0.0,0.0
2022-04-01 00:00:00-04:00,5.789999961853027,5.789999961853027,5.699999809265137,5.730000019073486,21100,0.0,0.0
2022-04-04 00:00:00-04:00,5.75,5.880000114440918,5.699999809265137,5.800000190734863,26500,0.0,0.0
2022-04-05 00:00:00-04:00,5.822999954223633,5.900000095367432,5.760000228881836,5.769999980926514,11100,0.0,0.0
2022-04-06 00:00:00-04:00,5.739999771118164,5.849999904632568,5.622000217437744,5.699999809265137,26500,0.0,0.0
2022-04-07 00:00:00-04:00,5.840000152587891,6.199999809265137,5.756999969482422,6.150000095367432,19300,0.0,0.0
2022-04-08 00:00:00-04:00,6.019999980926514,6.099999904632568,5.730000019073486,5.880000114440918,13300,0.0,0.0
2022-04-11 00:00:00-04:00,5.869999885559082,5.873000144958496,5.260000228881836,5.329999923706055,23200,0.0,0.0
2022-04-12 00:00:00-04:00,5.309999942779541,5.599999904632568,5.309999942779541,5.329999923706055,28500,0.0,0.0
2022-04-13 00:00:00-04:00,5.440000057220459,5.579999923706055,5.159999847412109,5.389999866485596,15300,0.0,0.0
2022-04-14 00:00:00-04:00,5.480000019073486,5.546999931335449,5.360000133514404,5.360000133514404,10300,0.0,0.0
2022-04-18 00:00:00-04:00,5.349999904632568,5.557000160217285,5.329999923706055,5.329999923706055,7600,0.0,0.0
2022-04-19 00:00:00-04:00,5.570000171661377,5.590000152587891,5.355999946594238,5.440000057220459,10900,0.0,0.0
2022-04-20 00:00:00-04:00,5.380000114440918,5.380000114440918,5.15500020980835,5.21999979019165,15300,0.0,0.0
2022-04-21 00:00:00-04:00,5.260000228881836,5.349999904632568,5.179999828338623,5.210000038146973,21700,0.0,0.0
2022-04-22 00:00:00-04:00,5.210000038146973,5.239999771118164,4.820000171661377,4.909999847412109,72600,0.0,0.0
2022-04-25 00:00:00-04:00,4.78000020980835,4.949999809265137,4.78000020980835,4.929999828338623,30700,0.0,0.0
2022-04-26 00:00:00-04:00,4.880000114440918,4.880000114440918,4.349999904632568,4.409999847412109,22200,0.0,0.0
2022-04-27 00:00:00-04:00,4.440000057220459,5.489999771118164,4.380000114440918,4.849999904632568,72200,0.0,0.0
2022-04-28 00:00:00-04:00,4.78000020980835,5.014999866485596,4.495999813079834,4.949999809265137,43600,0.0,0.0
2022-04-29 00:00:00-04:00,4.900000095367432,5.0,4.679999828338623,4.800000190734863,24200,0.0,0.0
2022-05-02 00:00:00-04:00,5.059999942779541,5.21999979019165,4.710000038146973,4.940000057220459,68600,0.0,0.0
2022-05-03 00:00:00-04:00,4.880000114440918,5.059999942779541,4.760000228881836,4.829999923706055,16000,0.0,0.0
2022-05-04 00:00:00-04:00,4.817999839782715,5.0,4.800000190734863,4.989999771118164,22700,0.0,0.0
2022-05-05 00:00:00-04:00,5.0,5.0,4.5,4.579999923706055,28200,0.0,0.0
2022-05-06 00:00:00-04:00,4.639999866485596,4.989999771118164,4.599999904632568,4.849999904632568,22300,0.0,0.0
2022-05-09 00:00:00-04:00,4.809999942779541,5.114999771118164,4.619999885559082,4.940000057220459,94100,0.0,0.0
2022-05-10 00:00:00-04:00,4.989999771118164,5.0,4.579999923706055,4.659999847412109,15800,0.0,0.0
2022-05-11 00:00:00-04:00,4.539999961853027,4.940000057220459,4.320000171661377,4.329999923706055,48300,0.0,0.0
2022-05-12 00:00:00-04:00,4.429999828338623,4.585000038146973,4.429999828338623,4.510000228881836,12500,0.0,0.0
2022-05-13 00:00:00-04:00,4.550000190734863,4.744999885559082,4.409999847412109,4.679999828338623,10200,0.0,0.0
2022-05-16 00:00:00-04:00,4.670000076293945,4.75,4.590000152587891,4.679999828338623,6700,0.0,0.0
2022-05-17 00:00:00-04:00,4.75,4.920000076293945,4.693999767303467,4.829999923706055,19600,0.0,0.0
2022-05-18 00:00:00-04:00,4.71999979019165,4.949999809265137,4.699999809265137,4.75,22100,0.0,0.0
2022-05-19 00:00:00-04:00,4.610000133514404,4.889999866485596,4.610000133514404,4.760000228881836,25400,0.0,0.0
2022-05-20 00:00:00-04:00,4.849999904632568,4.849999904632568,4.679999828338623,4.78000020980835,34200,0.0,0.0
2022-05-23 00:00:00-04:00,4.849999904632568,5.480000019073486,4.849999904632568,5.300000190734863,61800,0.0,0.0
2022-05-24 00:00:00-04:00,4.820000171661377,5.349999904632568,4.820000171661377,5.349999904632568,38900,0.0,0.0
2022-05-25 00:00:00-04:00,5.369999885559082,5.389999866485596,5.139999866485596,5.199999809265137,45000,0.0,0.0
2022-05-26 00:00:00-04:00,5.349999904632568,5.494999885559082,5.190000057220459,5.349999904632568,73900,0.0,0.0
2022-05-27 00:00:00-04:00,5.244999885559082,5.614999771118164,5.119999885559082,5.150000095367432,82500,0.0,0.0
2022-05-31 00:00:00-04:00,5.199999809265137,5.235000133514404,5.010000228881836,5.119999885559082,70700,0.0,0.0
2022-06-01 00:00:00-04:00,5.050000190734863,5.230000019073486,4.989999771118164,5.110000133514404,38700,0.0,0.0
2022-06-02 00:00:00-04:00,5.130000114440918,5.309999942779541,5.099999904632568,5.25,33200,0.0,0.0
2022-06-03 00:00:00-04:00,5.170000076293945,5.239999771118164,5.019999980926514,5.070000171661377,51400,0.0,0.0
2022-06-06 00:00:00-04:00,5.159999847412109,5.413000106811523,4.840000152587891,4.909999847412109,134700,0.0,0.0
2022-06-07 00:00:00-04:00,4.820000171661377,5.449999809265137,4.820000171661377,5.010000228881836,55500,0.0,0.0
2022-06-08 00:00:00-04:00,5.199999809265137,5.260000228881836,4.875,4.929999828338623,46100,0.0,0.0
2022-06-09 00:00:00-04:00,4.869999885559082,4.989999771118164,4.800000190734863,4.889999866485596,31800,0.0,0.0
2022-06-10 00:00:00-04:00,4.829999923706055,5.090000152587891,4.710000038146973,4.949999809265137,15200,0.0,0.0
2022-06-13 00:00:00-04:00,4.869999885559082,5.059999942779541,4.658999919891357,4.880000114440918,39800,0.0,0.0
2022-06-14 00:00:00-04:00,4.989999771118164,5.099999904632568,4.800000190734863,4.869999885559082,26300,0.0,0.0
2022-06-15 00:00:00-04:00,4.929999828338623,5.090000152587891,4.78000020980835,4.849999904632568,108000,0.0,0.0
2022-06-16 00:00:00-04:00,4.820000171661377,4.965000152587891,4.698999881744385,4.730000019073486,79000,0.0,0.0
2022-06-17 00:00:00-04:00,4.800000190734863,5.039999961853027,4.785999774932861,4.989999771118164,100100,0.0,0.0
2022-06-21 00:00:00-04:00,4.880000114440918,5.039999961853027,4.760000228881836,4.789999961853027,79700,0.0,0.0
2022-06-22 00:00:00-04:00,4.869999885559082,4.920000076293945,4.710000038146973,4.820000171661377,79400,0.0,0.0
2022-06-23 00:00:00-04:00,4.800000190734863,4.869999885559082,4.539999961853027,4.590000152587891,49300,0.0,0.0
2022-06-24 00:00:00-04:00,4.619999885559082,5.03000020980835,3.5,3.5,1397200,0.0,0.0
2022-06-27 00:00:00-04:00,3.6700000762939453,3.8970000743865967,3.2750000953674316,3.5,458500,0.0,0.0
2022-06-28 00:00:00-04:00,3.4700000286102295,3.6500000953674316,3.200000047683716,3.200000047683716,186100,0.0,0.0
2022-06-29 00:00:00-04:00,3.25,3.4700000286102295,3.0999999046325684,3.4100000858306885,90500,0.0,0.0
2022-06-30 00:00:00-04:00,3.4000000953674316,3.4000000953674316,3.244999885559082,3.299999952316284,117700,0.0,0.0
2022-07-01 00:00:00-04:00,3.3299999237060547,3.5899999141693115,3.2799999713897705,3.4000000953674316,85200,0.0,0.0
2022-07-05 00:00:00-04:00,3.4000000953674316,3.5999999046325684,3.309999942779541,3.4700000286102295,119500,0.0,0.0
2022-07-06 00:00:00-04:00,3.4800000190734863,3.680000066757202,3.440000057220459,3.549999952316284,82400,0.0,0.0
2022-07-07 00:00:00-04:00,3.509999990463257,4.021999835968018,3.509999990463257,3.8299999237060547,109800,0.0,0.0
2022-07-08 00:00:00-04:00,3.8299999237060547,4.0,3.7750000953674316,3.940000057220459,58800,0.0,0.0
2022-07-11 00:00:00-04:00,3.8499999046325684,4.150000095367432,3.8499999046325684,4.010000228881836,72900,0.0,0.0
2022-07-12 00:00:00-04:00,4.070000171661377,4.15500020980835,3.950000047683716,4.0,47800,0.0,0.0
2022-07-13 00:00:00-04:00,4.010000228881836,4.130000114440918,3.940000057220459,4.050000190734863,31300,0.0,0.0
2022-07-14 00:00:00-04:00,4.010000228881836,4.099999904632568,3.990000009536743,4.039999961853027,64700,0.0,0.0
2022-07-15 00:00:00-04:00,4.139999866485596,4.275000095367432,4.099999904632568,4.150000095367432,88300,0.0,0.0
2022-07-18 00:00:00-04:00,4.28000020980835,4.579999923706055,4.28000020980835,4.380000114440918,117800,0.0,0.0
2022-07-19 00:00:00-04:00,4.420000076293945,4.690000057220459,4.420000076293945,4.570000171661377,38100,0.0,0.0
2022-07-20 00:00:00-04:00,4.630000114440918,4.690000057220459,4.445000171661377,4.460000038146973,32900,0.0,0.0
2022-07-21 00:00:00-04:00,4.400000095367432,4.690000057220459,4.400000095367432,4.449999809265137,93900,0.0,0.0
2022-07-22 00:00:00-04:00,4.420000076293945,4.610000133514404,4.420000076293945,4.519999980926514,48600,0.0,0.0
2022-07-25 00:00:00-04:00,4.46999979019165,4.699999809265137,4.420000076293945,4.510000228881836,44500,0.0,0.0
2022-07-26 00:00:00-04:00,4.590000152587891,4.619999885559082,4.440000057220459,4.480000019073486,27200,0.0,0.0
2022-07-27 00:00:00-04:00,4.5,4.5,4.409999847412109,4.46999979019165,25000,0.0,0.0
2022-07-28 00:00:00-04:00,4.480000019073486,4.605000019073486,4.389999866485596,4.489999771118164,27800,0.0,0.0
2022-07-29 00:00:00-04:00,4.5,4.699999809265137,4.440000057220459,4.489999771118164,27700,0.0,0.0
2022-08-01 00:00:00-04:00,4.369999885559082,4.627999782562256,4.300000190734863,4.460000038146973,55100,0.0,0.0
2022-08-02 00:00:00-04:00,4.489999771118164,4.71999979019165,4.489999771118164,4.670000076293945,10800,0.0,0.0
2022-08-03 00:00:00-04:00,4.78000020980835,5.03000020980835,4.769999980926514,4.989999771118164,16400,0.0,0.0
2022-08-04 00:00:00-04:00,5.110000133514404,5.110000133514404,4.929999828338623,5.050000190734863,7000,0.0,0.0
2022-08-05 00:00:00-04:00,5.079999923706055,5.079999923706055,4.940000057220459,4.980000019073486,11400,0.0,0.0
2022-08-08 00:00:00-04:00,4.949999809265137,5.005000114440918,4.775000095367432,4.900000095367432,54200,0.0,0.0
2022-08-09 00:00:00-04:00,4.96999979019165,5.099999904632568,4.820000171661377,4.820000171661377,40600,0.0,0.0
2022-08-10 00:00:00-04:00,4.849999904632568,5.019999980926514,4.789999961853027,4.900000095367432,18900,0.0,0.0
2022-08-11 00:00:00-04:00,4.860000133514404,5.065000057220459,4.659999847412109,4.710000038146973,14100,0.0,0.0
2022-08-12 00:00:00-04:00,4.71999979019165,4.989999771118164,4.699999809265137,4.860000133514404,19700,0.0,0.0
2022-08-15 00:00:00-04:00,4.849999904632568,5.079999923706055,4.789999961853027,4.789999961853027,36200,0.0,0.0
2022-08-16 00:00:00-04:00,4.71999979019165,4.96999979019165,4.635000228881836,4.809999942779541,63300,0.0,0.0
2022-08-17 00:00:00-04:00,4.840000152587891,5.0,4.840000152587891,4.849999904632568,29100,0.0,0.0
2022-08-18 00:00:00-04:00,4.909999847412109,5.150000095367432,4.880000114440918,5.150000095367432,20000,0.0,0.0
2022-08-19 00:00:00-04:00,5.079999923706055,5.130000114440918,4.699999809265137,4.789999961853027,38600,0.0,0.0
2022-08-22 00:00:00-04:00,4.659999847412109,4.670000076293945,4.309999942779541,4.340000152587891,26600,0.0,0.0
2022-08-23 00:00:00-04:00,4.300000190734863,4.75,4.300000190734863,4.309999942779541,23100,0.0,0.0
2022-08-24 00:00:00-04:00,4.331999778747559,4.360000133514404,4.070000171661377,4.139999866485596,33200,0.0,0.0
2022-08-25 00:00:00-04:00,4.099999904632568,4.099999904632568,4.085000038146973,4.099999904632568,8400,0.0,0.0
2022-08-26 00:00:00-04:00,4.099999904632568,4.170000076293945,3.9200000762939453,3.9200000762939453,58900,0.0,0.0
2022-08-29 00:00:00-04:00,4.039999961853027,4.110000133514404,3.950000047683716,3.9800000190734863,39700,0.0,0.0
2022-08-30 00:00:00-04:00,3.990000009536743,4.269999980926514,3.809999942779541,3.8499999046325684,38700,0.0,0.0
2022-08-31 00:00:00-04:00,4.03000020980835,4.103000164031982,3.859999895095825,4.0,40200,0.0,0.0
2022-09-01 00:00:00-04:00,3.990000009536743,4.130000114440918,3.940000057220459,3.9800000190734863,57800,0.0,0.0
2022-09-02 00:00:00-04:00,3.990000009536743,4.0,3.8399999141693115,3.9700000286102295,31100,0.0,0.0
2022-09-06 00:00:00-04:00,3.930000066757202,4.099999904632568,3.9200000762939453,4.070000171661377,23600,0.0,0.0
2022-09-07 00:00:00-04:00,4.059999942779541,4.119999885559082,3.9100000858306885,3.9800000190734863,39100,0.0,0.0
2022-09-08 00:00:00-04:00,3.9000000953674316,4.170000076293945,3.880000114440918,3.9100000858306885,22400,0.0,0.0
2022-09-09 00:00:00-04:00,3.9200000762939453,4.179999828338623,3.9200000762939453,3.9800000190734863,21700,0.0,0.0
2022-09-12 00:00:00-04:00,4.019999980926514,4.019999980926514,3.890000104904175,3.940000057220459,34600,0.0,0.0
2022-09-13 00:00:00-04:00,3.8499999046325684,4.085000038146973,3.8499999046325684,3.950000047683716,42900,0.0,0.0
2022-09-14 00:00:00-04:00,4.019999980926514,4.050000190734863,3.880000114440918,3.9100000858306885,22400,0.0,0.0
2022-09-15 00:00:00-04:00,3.9600000381469727,4.010000228881836,3.880000114440918,3.940000057220459,11300,0.0,0.0
2022-09-16 00:00:00-04:00,3.869999885559082,4.039999961853027,3.819999933242798,4.019999980926514,87800,0.0,0.0
2022-09-19 00:00:00-04:00,4.059999942779541,4.360000133514404,3.9800000190734863,4.179999828338623,43900,0.0,0.0
2022-09-20 00:00:00-04:00,4.25,4.25,3.9700000286102295,4.0,18700,0.0,0.0
2022-09-21 00:00:00-04:00,4.070000171661377,4.070000171661377,3.940000057220459,3.940000057220459,9800,0.0,0.0
2022-09-22 00:00:00-04:00,3.9100000858306885,3.9100000858306885,3.759999990463257,3.799999952316284,24200,0.0,0.0
2022-09-23 00:00:00-04:00,3.8299999237060547,3.8299999237060547,3.569999933242798,3.5799999237060547,25600,0.0,0.0
2022-09-26 00:00:00-04:00,3.5999999046325684,3.7100000381469727,3.5799999237060547,3.6500000953674316,28300,0.0,0.0
2022-09-27 00:00:00-04:00,3.640000104904175,4.150000095367432,3.640000104904175,3.8399999141693115,38700,0.0,0.0
2022-09-28 00:00:00-04:00,3.890000104904175,4.309999942779541,3.8299999237060547,4.28000020980835,41200,0.0,0.0
2022-09-29 00:00:00-04:00,4.300000190734863,4.46999979019165,4.090000152587891,4.150000095367432,26500,0.0,0.0
2022-09-30 00:00:00-04:00,4.199999809265137,4.539999961853027,4.079999923706055,4.510000228881836,18900,0.0,0.0
2022-10-03 00:00:00-04:00,4.46999979019165,4.46999979019165,4.010000228881836,4.099999904632568,35500,0.0,0.0
2022-10-04 00:00:00-04:00,4.199999809265137,4.309999942779541,4.130000114440918,4.269999980926514,26000,0.0,0.0
2022-10-05 00:00:00-04:00,4.260000228881836,4.409999847412109,4.119999885559082,4.130000114440918,16600,0.0,0.0
2022-10-06 00:00:00-04:00,4.170000076293945,4.269999980926514,4.0,4.019999980926514,18100,0.0,0.0
2022-10-07 00:00:00-04:00,4.0,4.079999923706055,3.869999885559082,3.9100000858306885,14700,0.0,0.0
2022-10-10 00:00:00-04:00,3.9800000190734863,3.9800000190734863,3.759999990463257,3.8299999237060547,11300,0.0,0.0
2022-10-11 00:00:00-04:00,3.799999952316284,4.039999961853027,3.799999952316284,3.819999933242798,21400,0.0,0.0
2022-10-12 00:00:00-04:00,3.880000114440918,3.880000114440918,3.7699999809265137,3.8299999237060547,9600,0.0,0.0
2022-10-13 00:00:00-04:00,3.859999895095825,4.150000095367432,3.8499999046325684,4.079999923706055,115000,0.0,0.0
2022-10-14 00:00:00-04:00,4.110000133514404,4.309999942779541,4.070000171661377,4.070000171661377,25000,0.0,0.0
2022-10-17 00:00:00-04:00,4.159999847412109,4.550000190734863,4.159999847412109,4.53000020980835,23500,0.0,0.0
2022-10-18 00:00:00-04:00,4.590000152587891,5.050000190734863,4.590000152587891,4.900000095367432,31100,0.0,0.0
2022-10-19 00:00:00-04:00,4.829999923706055,5.28000020980835,4.829999923706055,4.980000019073486,60600,0.0,0.0
2022-10-20 00:00:00-04:00,4.909999847412109,5.090000152587891,4.420000076293945,4.420000076293945,57500,0.0,0.0
2022-10-21 00:00:00-04:00,4.650000095367432,4.869999885559082,4.329999923706055,4.869999885559082,28000,0.0,0.0
2022-10-24 00:00:00-04:00,4.900000095367432,5.150000095367432,4.760000228881836,4.960000038146973,29500,0.0,0.0
2022-10-25 00:00:00-04:00,5.050000190734863,5.289999961853027,4.980000019073486,5.190000057220459,33800,0.0,0.0
2022-10-26 00:00:00-04:00,5.139999866485596,5.380000114440918,5.084000110626221,5.25,18900,0.0,0.0
2022-10-27 00:00:00-04:00,5.25,5.440000057220459,5.03000020980835,5.039999961853027,34700,0.0,0.0
2022-10-28 00:00:00-04:00,5.110000133514404,5.289999961853027,4.869999885559082,5.210000038146973,45800,0.0,0.0
2022-10-31 00:00:00-04:00,5.099999904632568,5.320000171661377,5.010000228881836,5.130000114440918,48900,0.0,0.0
2022-11-01 00:00:00-04:00,5.230000019073486,5.550000190734863,5.159999847412109,5.239999771118164,37100,0.0,0.0
2022-11-02 00:00:00-04:00,5.179999828338623,5.539999961853027,5.090000152587891,5.139999866485596,40200,0.0,0.0
2022-11-03 00:00:00-04:00,5.170000076293945,5.501999855041504,5.059999942779541,5.150000095367432,23800,0.0,0.0
2022-11-04 00:00:00-04:00,5.210000038146973,5.599999904632568,4.730000019073486,4.900000095367432,51100,0.0,0.0
2022-11-07 00:00:00-05:00,4.849999904632568,5.130000114440918,4.710000038146973,4.940000057220459,38200,0.0,0.0
2022-11-08 00:00:00-05:00,5.0,5.21999979019165,4.929999828338623,5.0,35600,0.0,0.0
2022-11-09 00:00:00-05:00,4.929999828338623,5.480000019073486,4.300000190734863,4.309999942779541,33700,0.0,0.0
2022-11-10 00:00:00-05:00,4.550000190734863,5.139999866485596,4.539999961853027,5.130000114440918,24300,0.0,0.0
2022-11-11 00:00:00-05:00,5.130000114440918,5.139999866485596,4.796999931335449,5.0,41500,0.0,0.0
2022-11-14 00:00:00-05:00,4.860000133514404,5.309999942779541,4.539999961853027,5.03000020980835,81900,0.0,0.0
2022-11-15 00:00:00-05:00,5.159999847412109,5.210000038146973,4.938000202178955,5.150000095367432,38200,0.0,0.0
2022-11-16 00:00:00-05:00,5.070000171661377,5.579999923706055,4.610000133514404,4.710000038146973,43300,0.0,0.0
2022-11-17 00:00:00-05:00,4.849999904632568,5.369999885559082,4.820000171661377,5.360000133514404,55700,0.0,0.0
2022-11-18 00:00:00-05:00,5.519999980926514,5.829999923706055,5.400000095367432,5.800000190734863,39500,0.0,0.0
2022-11-21 00:00:00-05:00,5.909999847412109,6.0370001792907715,5.329999923706055,5.409999847412109,62700,0.0,0.0
2022-11-22 00:00:00-05:00,5.570000171661377,5.75,5.300000190734863,5.630000114440918,31300,0.0,0.0
2022-11-23 00:00:00-05:00,5.579999923706055,5.659999847412109,5.489999771118164,5.570000171661377,14400,0.0,0.0
2022-11-25 00:00:00-05:00,5.699999809265137,5.861999988555908,5.494999885559082,5.494999885559082,40400,0.0,0.0
2022-11-28 00:00:00-05:00,5.420000076293945,6.070000171661377,5.230000019073486,5.239999771118164,72200,0.0,0.0
2022-11-29 00:00:00-05:00,5.300000190734863,5.989999771118164,5.300000190734863,5.909999847412109,73000,0.0,0.0
2022-11-30 00:00:00-05:00,5.869999885559082,6.1579999923706055,5.684999942779541,5.960000038146973,64500,0.0,0.0
2022-12-01 00:00:00-05:00,5.96999979019165,6.139999866485596,5.159999847412109,5.269999980926514,62400,0.0,0.0
2022-12-02 00:00:00-05:00,5.230000019073486,5.702000141143799,5.21999979019165,5.460000038146973,40800,0.0,0.0
2022-12-05 00:00:00-05:00,5.440000057220459,5.659999847412109,5.320000171661377,5.420000076293945,16000,0.0,0.0
2022-12-06 00:00:00-05:00,5.590000152587891,5.6579999923706055,5.449999809265137,5.650000095367432,42700,0.0,0.0
2022-12-07 00:00:00-05:00,5.644000053405762,5.900000095367432,5.644000053405762,5.730000019073486,13400,0.0,0.0
2022-12-08 00:00:00-05:00,5.730000019073486,6.008999824523926,5.449999809265137,5.619999885559082,22900,0.0,0.0
2022-12-09 00:00:00-05:00,5.619999885559082,5.840000152587891,5.320000171661377,5.550000190734863,24300,0.0,0.0
2022-12-12 00:00:00-05:00,5.480000019073486,5.820000171661377,5.159999847412109,5.349999904632568,20600,0.0,0.0
2022-12-13 00:00:00-05:00,5.4070000648498535,5.809999942779541,5.329999923706055,5.460000038146973,18200,0.0,0.0
2022-12-14 00:00:00-05:00,5.449999809265137,5.5,5.150000095367432,5.340000152587891,19700,0.0,0.0
2022-12-15 00:00:00-05:00,5.28000020980835,5.320000171661377,5.0,5.21999979019165,18600,0.0,0.0
2022-12-16 00:00:00-05:00,5.21999979019165,6.090000152587891,5.070000171661377,5.980000019073486,165100,0.0,0.0
2022-12-19 00:00:00-05:00,5.829999923706055,5.900000095367432,5.380000114440918,5.559999942779541,30600,0.0,0.0
2022-12-20 00:00:00-05:00,5.480000019073486,5.900000095367432,5.050000190734863,5.860000133514404,18900,0.0,0.0
2022-12-21 00:00:00-05:00,5.849999904632568,5.920000076293945,5.53000020980835,5.550000190734863,31400,0.0,0.0
2022-12-22 00:00:00-05:00,5.5,5.690000057220459,5.370999813079834,5.400000095367432,21800,0.0,0.0
2022-12-23 00:00:00-05:00,5.441999912261963,5.554999828338623,5.139999866485596,5.320000171661377,12600,0.0,0.0
2022-12-27 00:00:00-05:00,5.239999771118164,5.46999979019165,5.099999904632568,5.320000171661377,10200,0.0,0.0
2022-12-28 00:00:00-05:00,5.239999771118164,5.550000190734863,5.039999961853027,5.190000057220459,21900,0.0,0.0
2022-12-29 00:00:00-05:00,5.349999904632568,5.349999904632568,5.010000228881836,5.230000019073486,16200,0.0,0.0
2022-12-30 00:00:00-05:00,5.201000213623047,5.474999904632568,5.199999809265137,5.260000228881836,17800,0.0,0.0
2023-01-03 00:00:00-05:00,5.28000020980835,5.369999885559082,5.050000190734863,5.230000019073486,45400,0.0,0.0
2023-01-04 00:00:00-05:00,5.179999828338623,5.380000114440918,5.179999828338623,5.309999942779541,5500,0.0,0.0
2023-01-05 00:00:00-05:00,5.239999771118164,5.239999771118164,4.929999828338623,5.099999904632568,29700,0.0,0.0
2023-01-06 00:00:00-05:00,5.210000038146973,5.389999866485596,5.090000152587891,5.329999923706055,25700,0.0,0.0
2023-01-09 00:00:00-05:00,5.380000114440918,5.5,5.099999904632568,5.260000228881836,19700,0.0,0.0
2023-01-10 00:00:00-05:00,5.21999979019165,5.489999771118164,5.110000133514404,5.420000076293945,10500,0.0,0.0
2023-01-11 00:00:00-05:00,5.46999979019165,5.485000133514404,5.110000133514404,5.199999809265137,13400,0.0,0.0
2023-01-12 00:00:00-05:00,5.239999771118164,5.370999813079834,5.019999980926514,5.139999866485596,20100,0.0,0.0
2023-01-13 00:00:00-05:00,5.170000076293945,5.170000076293945,4.849999904632568,4.860000133514404,20500,0.0,0.0
2023-01-17 00:00:00-05:00,4.900000095367432,4.960000038146973,4.550000190734863,4.550000190734863,26900,0.0,0.0
2023-01-18 00:00:00-05:00,4.559999942779541,4.679999828338623,4.139999866485596,4.150000095367432,34500,0.0,0.0
2023-01-19 00:00:00-05:00,4.110000133514404,4.309999942779541,3.950000047683716,4.039999961853027,55400,0.0,0.0
2023-01-20 00:00:00-05:00,4.130000114440918,4.190000057220459,3.8399999141693115,3.9200000762939453,54900,0.0,0.0
2023-01-23 00:00:00-05:00,3.9200000762939453,4.159999847412109,3.8949999809265137,3.9700000286102295,38100,0.0,0.0
2023-01-24 00:00:00-05:00,3.9800000190734863,4.139999866485596,3.9200000762939453,3.940000057220459,38800,0.0,0.0
2023-01-25 00:00:00-05:00,3.9200000762939453,4.239999771118164,3.9000000953674316,4.230000019073486,37200,0.0,0.0
2023-01-26 00:00:00-05:00,4.21999979019165,4.514999866485596,4.010000228881836,4.480000019073486,38800,0.0,0.0
2023-01-27 00:00:00-05:00,4.5,4.590000152587891,4.10099983215332,4.46999979019165,24700,0.0,0.0
2023-01-30 00:00:00-05:00,4.394999980926514,4.78000020980835,4.329999923706055,4.710000038146973,23900,0.0,0.0
2023-01-31 00:00:00-05:00,4.699999809265137,4.849999904632568,4.619999885559082,4.809999942779541,25800,0.0,0.0
2023-02-01 00:00:00-05:00,4.644000053405762,5.320000171661377,4.619999885559082,5.25,44000,0.0,0.0
2023-02-02 00:00:00-05:00,5.25,5.25,4.840000152587891,4.880000114440918,27700,0.0,0.0
2023-02-03 00:00:00-05:00,4.820000171661377,4.989999771118164,4.730000019073486,4.730000019073486,15400,0.0,0.0
2023-02-06 00:00:00-05:00,4.769999980926514,4.820000171661377,4.559999942779541,4.619999885559082,12600,0.0,0.0
2023-02-07 00:00:00-05:00,4.550000190734863,4.699999809265137,4.5,4.650000095367432,24000,0.0,0.0
2023-02-08 00:00:00-05:00,4.675000190734863,4.679999828338623,4.610000133514404,4.610000133514404,12200,0.0,0.0
2023-02-09 00:00:00-05:00,4.630000114440918,4.630000114440918,4.400000095367432,4.480000019073486,17600,0.0,0.0
2023-02-10 00:00:00-05:00,4.505000114440918,4.515999794006348,4.429999828338623,4.489999771118164,8400,0.0,0.0
2023-02-13 00:00:00-05:00,4.349999904632568,4.429999828338623,4.349999904632568,4.380000114440918,10000,0.0,0.0
2023-02-14 00:00:00-05:00,4.335999965667725,4.369999885559082,4.260000228881836,4.329999923706055,9000,0.0,0.0
2023-02-15 00:00:00-05:00,4.289999961853027,4.309999942779541,4.265999794006348,4.309999942779541,13500,0.0,0.0
2023-02-16 00:00:00-05:00,4.260000228881836,4.440000057220459,4.260000228881836,4.340000152587891,12000,0.0,0.0
2023-02-17 00:00:00-05:00,4.409999847412109,4.409999847412109,4.25,4.320000171661377,29000,0.0,0.0
2023-02-21 00:00:00-05:00,4.320000171661377,4.380000114440918,4.25,4.269999980926514,21600,0.0,0.0
2023-02-22 00:00:00-05:00,4.25,4.349999904632568,4.025000095367432,4.099999904632568,22700,0.0,0.0
2023-02-23 00:00:00-05:00,4.166999816894531,4.2270002365112305,4.119999885559082,4.119999885559082,4400,0.0,0.0
2023-02-24 00:00:00-05:00,4.159999847412109,4.159999847412109,3.930000066757202,3.930000066757202,10800,0.0,0.0
2023-02-27 00:00:00-05:00,3.930000066757202,4.079999923706055,3.930000066757202,4.0,5300,0.0,0.0
2023-02-28 00:00:00-05:00,4.159999847412109,4.179999828338623,3.9100000858306885,3.9200000762939453,20100,0.0,0.0
2023-03-01 00:00:00-05:00,4.061999797821045,4.090000152587891,3.9100000858306885,3.9600000381469727,18900,0.0,0.0
2023-03-02 00:00:00-05:00,3.9200000762939453,3.9200000762939453,3.549999952316284,3.5999999046325684,60700,0.0,0.0
2023-03-03 00:00:00-05:00,3.6700000762939453,4.025000095367432,3.6500000953674316,4.010000228881836,34100,0.0,0.0
2023-03-06 00:00:00-05:00,4.0,4.0,3.799999952316284,3.809999942779541,54900,0.0,0.0
2023-03-07 00:00:00-05:00,3.7100000381469727,3.9800000190734863,3.5199999809265137,3.9700000286102295,15900,0.0,0.0
2023-03-08 00:00:00-05:00,3.990000009536743,4.0,3.880000114440918,3.940000057220459,8200,0.0,0.0
2023-03-09 00:00:00-05:00,3.950000047683716,3.9549999237060547,3.7699999809265137,3.819999933242798,12700,0.0,0.0
2023-03-10 00:00:00-05:00,3.8499999046325684,3.8499999046325684,3.559999942779541,3.559999942779541,28100,0.0,0.0
2023-03-13 00:00:00-04:00,3.75,3.8889999389648438,3.559999942779541,3.5999999046325684,53400,0.0,0.0
2023-03-14 00:00:00-04:00,3.7200000286102295,3.880000114440918,3.7200000286102295,3.7799999713897705,25700,0.0,0.0
2023-03-15 00:00:00-04:00,3.7079999446868896,3.7799999713897705,3.6500000953674316,3.740000009536743,26000,0.0,0.0
2023-03-16 00:00:00-04:00,3.75,3.890000104904175,3.559999942779541,3.7100000381469727,29900,0.0,0.0
2023-03-17 00:00:00-04:00,3.609999895095825,3.7320001125335693,3.503000020980835,3.630000114440918,65000,0.0,0.0
2023-03-20 00:00:00-04:00,3.619999885559082,3.7039999961853027,2.990000009536743,3.3499999046325684,57300,0.0,0.0
2023-03-21 00:00:00-04:00,3.4200000762939453,3.8299999237060547,3.4200000762939453,3.8299999237060547,32000,0.0,0.0
2023-03-22 00:00:00-04:00,3.9000000953674316,3.940000057220459,3.809999942779541,3.8299999237060547,10000,0.0,0.0
2023-03-23 00:00:00-04:00,3.5999999046325684,4.119999885559082,3.5999999046325684,3.9000000953674316,17100,0.0,0.0
2023-03-24 00:00:00-04:00,3.890000104904175,4.050000190734863,3.819999933242798,4.050000190734863,12400,0.0,0.0
2023-03-27 00:00:00-04:00,4.03000020980835,4.329999923706055,3.9000000953674316,4.230000019073486,24200,0.0,0.0
2023-03-28 00:00:00-04:00,4.179999828338623,4.223999977111816,3.7100000381469727,3.75,154100,0.0,0.0
2023-03-29 00:00:00-04:00,3.7699999809265137,3.865000009536743,3.6700000762939453,3.740000009536743,14300,0.0,0.0
2023-03-30 00:00:00-04:00,3.7300000190734863,3.8420000076293945,3.4000000953674316,3.450000047683716,20700,0.0,0.0
2023-03-31 00:00:00-04:00,3.4100000858306885,3.619999885559082,3.4100000858306885,3.5899999141693115,27100,0.0,0.0
2023-04-03 00:00:00-04:00,3.5199999809265137,3.6700000762939453,3.4800000190734863,3.6700000762939453,53900,0.0,0.0
2023-04-04 00:00:00-04:00,3.6600000858306885,3.759999990463257,3.549999952316284,3.7300000190734863,38800,0.0,0.0
2023-04-05 00:00:00-04:00,3.6700000762939453,3.7950000762939453,3.5999999046325684,3.759999990463257,19800,0.0,0.0
2023-04-06 00:00:00-04:00,3.819999933242798,4.0,3.75,3.9149999618530273,23900,0.0,0.0
2023-04-10 00:00:00-04:00,3.869999885559082,4.340000152587891,3.7799999713897705,4.300000190734863,21700,0.0,0.0
2023-04-11 00:00:00-04:00,4.300000190734863,4.360000133514404,4.170000076293945,4.190000057220459,16800,0.0,0.0
2023-04-12 00:00:00-04:00,4.210000038146973,4.355000019073486,4.0,4.079999923706055,10900,0.0,0.0
2023-04-13 00:00:00-04:00,4.099999904632568,4.099999904632568,3.9200000762939453,3.940000057220459,12100,0.0,0.0
2023-04-14 00:00:00-04:00,3.950000047683716,4.050000190734863,3.6649999618530273,3.8399999141693115,15100,0.0,0.0
2023-04-17 00:00:00-04:00,3.6600000858306885,3.9000000953674316,3.609999895095825,3.740000009536743,31000,0.0,0.0
2023-04-18 00:00:00-04:00,3.7290000915527344,3.7290000915527344,3.5,3.630000114440918,18500,0.0,0.0
2023-04-19 00:00:00-04:00,3.430000066757202,3.559999942779541,3.4000000953674316,3.490000009536743,12700,0.0,0.0
2023-04-20 00:00:00-04:00,3.559999942779541,3.6510000228881836,3.559999942779541,3.5999999046325684,18100,0.0,0.0
2023-04-21 00:00:00-04:00,3.5,3.7750000953674316,3.5,3.559999942779541,52300,0.0,0.0
2023-04-24 00:00:00-04:00,3.549999952316284,3.7249999046325684,3.4600000381469727,3.5,15900,0.0,0.0
2023-04-25 00:00:00-04:00,3.569999933242798,3.569999933242798,3.430000066757202,3.4800000190734863,11800,0.0,0.0
2023-04-26 00:00:00-04:00,3.5399999618530273,3.5399999618530273,3.190000057220459,3.200000047683716,20700,0.0,0.0
2023-04-27 00:00:00-04:00,3.2799999713897705,3.4800000190734863,3.2799999713897705,3.390000104904175,33700,0.0,0.0
2023-04-28 00:00:00-04:00,3.390000104904175,3.5,3.200000047683716,3.2100000381469727,24100,0.0,0.0
2023-05-01 00:00:00-04:00,3.200000047683716,3.3399999141693115,3.200000047683716,3.309999942779541,7100,0.0,0.0
2023-05-02 00:00:00-04:00,3.319999933242798,3.319999933242798,3.009999990463257,3.009999990463257,18000,0.0,0.0
2023-05-03 00:00:00-04:00,3.069999933242798,3.4100000858306885,2.990000009536743,3.180000066757202,42900,0.0,0.0
2023-05-04 00:00:00-04:00,3.180000066757202,3.3399999141693115,3.009999990463257,3.3299999237060547,30700,0.0,0.0
2023-05-05 00:00:00-04:00,3.430000066757202,3.628999948501587,3.430000066757202,3.549999952316284,10100,0.0,0.0
2023-05-08 00:00:00-04:00,3.430000066757202,3.7149999141693115,3.430000066757202,3.6600000858306885,10700,0.0,0.0
2023-05-09 00:00:00-04:00,3.549999952316284,3.549999952316284,3.450000047683716,3.5199999809265137,13900,0.0,0.0
2023-05-10 00:00:00-04:00,3.5999999046325684,3.690000057220459,3.549999952316284,3.6600000858306885,11700,0.0,0.0
2023-05-11 00:00:00-04:00,3.7300000190734863,3.809999942779541,3.6600000858306885,3.6600000858306885,17800,0.0,0.0
2023-05-12 00:00:00-04:00,3.619999885559082,3.9800000190734863,3.5999999046325684,3.5999999046325684,5100,0.0,0.0
2023-05-15 00:00:00-04:00,3.619999885559082,3.799999952316284,3.490000009536743,3.5799999237060547,14100,0.0,0.0
2023-05-16 00:00:00-04:00,3.5,3.559999942779541,3.4719998836517334,3.4800000190734863,6200,0.0,0.0
2023-05-17 00:00:00-04:00,3.549999952316284,3.549999952316284,3.509999990463257,3.549999952316284,8800,0.0,0.0
2023-05-18 00:00:00-04:00,3.5899999141693115,3.7200000286102295,3.509999990463257,3.7200000286102295,14900,0.0,0.0
2023-05-19 00:00:00-04:00,3.799999952316284,3.869999885559082,3.7049999237060547,3.75,13400,0.0,0.0
2023-05-22 00:00:00-04:00,3.75,3.799999952316284,3.4100000858306885,3.5899999141693115,32200,0.0,0.0
2023-05-23 00:00:00-04:00,3.680000066757202,3.680000066757202,3.3399999141693115,3.369999885559082,36400,0.0,0.0
2023-05-24 00:00:00-04:00,3.438999891281128,3.450000047683716,3.180000066757202,3.440000057220459,14500,0.0,0.0
2023-05-25 00:00:00-04:00,3.299999952316284,3.319999933242798,3.049999952316284,3.259999990463257,21200,0.0,0.0
2023-05-26 00:00:00-04:00,3.200000047683716,3.369999885559082,3.200000047683716,3.369999885559082,7800,0.0,0.0
2023-05-30 00:00:00-04:00,3.380000114440918,3.640000104904175,3.380000114440918,3.5799999237060547,23800,0.0,0.0
2023-05-31 00:00:00-04:00,3.5999999046325684,3.619999885559082,3.5399999618530273,3.5799999237060547,28900,0.0,0.0
2023-06-01 00:00:00-04:00,3.619999885559082,3.6670000553131104,3.569999933242798,3.619999885559082,9400,0.0,0.0
2023-06-02 00:00:00-04:00,3.619999885559082,3.9549999237060547,3.559999942779541,3.700000047683716,41800,0.0,0.0
2023-06-05 00:00:00-04:00,3.690000057220459,3.941999912261963,3.690000057220459,3.859999895095825,12800,0.0,0.0
2023-06-06 00:00:00-04:00,3.8399999141693115,3.990000009536743,3.7899999618530273,3.990000009536743,16300,0.0,0.0
2023-06-07 00:00:00-04:00,4.03000020980835,4.099999904632568,3.950000047683716,4.0,46600,0.0,0.0
2023-06-08 00:00:00-04:00,4.039999961853027,4.039999961853027,3.940000057220459,4.010000228881836,9200,0.0,0.0
2023-06-09 00:00:00-04:00,4.090000152587891,4.090000152587891,3.9100000858306885,3.9100000858306885,5700,0.0,0.0
2023-06-12 00:00:00-04:00,3.9200000762939453,4.119999885559082,3.9200000762939453,3.950000047683716,14700,0.0,0.0
2023-06-13 00:00:00-04:00,3.990000009536743,4.170000076293945,3.8299999237060547,3.8299999237060547,19600,0.0,0.0
2023-06-14 00:00:00-04:00,3.809999942779541,3.9200000762939453,3.700000047683716,3.700000047683716,20200,0.0,0.0
2023-06-15 00:00:00-04:00,3.75,3.859999895095825,3.6510000228881836,3.700000047683716,39400,0.0,0.0
2023-06-16 00:00:00-04:00,3.700000047683716,3.700000047683716,3.369999885559082,3.369999885559082,78100,0.0,0.0
2023-06-20 00:00:00-04:00,3.4200000762939453,3.4749999046325684,3.25,3.2950000762939453,23100,0.0,0.0
2023-06-21 00:00:00-04:00,3.3299999237060547,3.4200000762939453,3.2279999256134033,3.369999885559082,26200,0.0,0.0
2023-06-22 00:00:00-04:00,3.369999885559082,3.609999895095825,3.369999885559082,3.5399999618530273,8200,0.0,0.0
2023-06-23 00:00:00-04:00,3.509999990463257,3.7100000381469727,3.4200000762939453,3.559999942779541,231500,0.0,0.0
2023-06-26 00:00:00-04:00,3.4800000190734863,3.6600000858306885,3.4100000858306885,3.4600000381469727,22400,0.0,0.0
2023-06-27 00:00:00-04:00,3.430000066757202,3.8299999237060547,3.390000104904175,3.490000009536743,36900,0.0,0.0
2023-06-28 00:00:00-04:00,3.490000009536743,3.5399999618530273,3.359999895095825,3.4000000953674316,14800,0.0,0.0
2023-06-29 00:00:00-04:00,3.3299999237060547,3.440000057220459,3.3299999237060547,3.430000066757202,24400,0.0,0.0
2023-06-30 00:00:00-04:00,3.4700000286102295,3.619999885559082,3.4700000286102295,3.619999885559082,11000,0.0,0.0
2023-07-03 00:00:00-04:00,3.505000114440918,3.690000057220459,3.505000114440918,3.690000057220459,2400,0.0,0.0
2023-07-05 00:00:00-04:00,3.609999895095825,3.7100000381469727,3.4700000286102295,3.569999933242798,12900,0.0,0.0
2023-07-06 00:00:00-04:00,3.450000047683716,3.450000047683716,3.319999933242798,3.3399999141693115,24800,0.0,0.0
2023-07-07 00:00:00-04:00,3.369999885559082,3.6600000858306885,3.3420000076293945,3.5,113300,0.0,0.0
2023-07-10 00:00:00-04:00,3.6600000858306885,3.759999990463257,3.4509999752044678,3.6600000858306885,15200,0.0,0.0
2023-07-11 00:00:00-04:00,3.5999999046325684,3.877000093460083,3.5999999046325684,3.7899999618530273,24400,0.0,0.0
2023-07-12 00:00:00-04:00,3.809999942779541,3.875,3.619999885559082,3.8399999141693115,13600,0.0,0.0
2023-07-13 00:00:00-04:00,3.8399999141693115,3.8929998874664307,3.7149999141693115,3.7799999713897705,12900,0.0,0.0
2023-07-14 00:00:00-04:00,3.680000066757202,3.799999952316284,3.680000066757202,3.7100000381469727,11600,0.0,0.0
2023-07-17 00:00:00-04:00,3.700000047683716,3.8949999809265137,3.700000047683716,3.859999895095825,9200,0.0,0.0
2023-07-18 00:00:00-04:00,3.869999885559082,4.099999904632568,3.869999885559082,4.099999904632568,12700,0.0,0.0
2023-07-19 00:00:00-04:00,4.070000171661377,4.150000095367432,3.869999885559082,4.019999980926514,15600,0.0,0.0
2023-07-20 00:00:00-04:00,3.9800000190734863,4.15500020980835,3.9200000762939453,4.010000228881836,10800,0.0,0.0
2023-07-21 00:00:00-04:00,4.139999866485596,4.164000034332275,3.9800000190734863,4.139999866485596,18400,0.0,0.0
2023-07-24 00:00:00-04:00,4.255000114440918,4.255000114440918,4.059999942779541,4.059999942779541,3000,0.0,0.0
2023-07-25 00:00:00-04:00,4.010000228881836,4.179999828338623,4.0,4.099999904632568,7600,0.0,0.0
2023-07-26 00:00:00-04:00,4.059999942779541,4.25,4.019999980926514,4.25,12500,0.0,0.0
2023-07-27 00:00:00-04:00,4.199999809265137,4.2230000495910645,4.099999904632568,4.119999885559082,13700,0.0,0.0
2023-07-28 00:00:00-04:00,4.21999979019165,4.21999979019165,4.190000057220459,4.21999979019165,10300,0.0,0.0
2023-07-31 00:00:00-04:00,4.170000076293945,4.599999904632568,4.170000076293945,4.5,46600,0.0,0.0
2023-08-01 00:00:00-04:00,4.369999885559082,4.489999771118164,4.340000152587891,4.360000133514404,7300,0.0,0.0
2023-08-02 00:00:00-04:00,4.349999904632568,4.400000095367432,4.255000114440918,4.335000038146973,6800,0.0,0.0
2023-08-03 00:00:00-04:00,4.400000095367432,4.519999980926514,4.164999961853027,4.210000038146973,9800,0.0,0.0
2023-08-04 00:00:00-04:00,4.199999809265137,4.349999904632568,4.199999809265137,4.329999923706055,7600,0.0,0.0
2023-08-07 00:00:00-04:00,4.360000133514404,4.440000057220459,4.210000038146973,4.230000019073486,10200,0.0,0.0
2023-08-08 00:00:00-04:00,4.28000020980835,4.46999979019165,4.059999942779541,4.380000114440918,10200,0.0,0.0
2023-08-09 00:00:00-04:00,4.349999904632568,4.489999771118164,3.990000009536743,4.0,17100,0.0,0.0
2023-08-10 00:00:00-04:00,4.28000020980835,4.28000020980835,4.0,4.0,10100,0.0,0.0
2023-08-11 00:00:00-04:00,4.130000114440918,4.21999979019165,3.9700000286102295,4.199999809265137,16700,0.0,0.0
2023-08-14 00:00:00-04:00,4.199999809265137,4.199999809265137,3.990000009536743,4.119999885559082,9800,0.0,0.0
2023-08-15 00:00:00-04:00,4.150000095367432,4.190000057220459,4.119999885559082,4.119999885559082,8200,0.0,0.0
2023-08-16 00:00:00-04:00,4.159999847412109,4.349999904632568,4.130000114440918,4.130000114440918,10600,0.0,0.0
2023-08-17 00:00:00-04:00,4.119999885559082,4.289999961853027,4.119999885559082,4.119999885559082,15100,0.0,0.0
2023-08-18 00:00:00-04:00,4.190000057220459,4.190000057220459,3.9100000858306885,4.050000190734863,14700,0.0,0.0
2023-08-21 00:00:00-04:00,4.130000114440918,4.179999828338623,4.019999980926514,4.03000020980835,6100,0.0,0.0
2023-08-22 00:00:00-04:00,4.039999961853027,4.1620001792907715,3.7799999713897705,3.809999942779541,16700,0.0,0.0
2023-08-23 00:00:00-04:00,3.819999933242798,3.930000066757202,3.7850000858306885,3.8299999237060547,15200,0.0,0.0
2023-08-24 00:00:00-04:00,3.7300000190734863,3.859999895095825,3.7119998931884766,3.8499999046325684,17800,0.0,0.0
2023-08-25 00:00:00-04:00,3.8499999046325684,4.0,3.759999990463257,4.0,10100,0.0,0.0
2023-08-28 00:00:00-04:00,4.0,4.0,3.9200000762939453,3.9200000762939453,5500,0.0,0.0
2023-08-29 00:00:00-04:00,3.9600000381469727,4.0320000648498535,3.359999895095825,3.5199999809265137,52900,0.0,0.0
2023-08-30 00:00:00-04:00,3.509999990463257,3.619999885559082,3.3499999046325684,3.549999952316284,21900,0.0,0.0
2023-08-31 00:00:00-04:00,3.5199999809265137,3.75,3.5199999809265137,3.7100000381469727,24400,0.0,0.0
2023-09-01 00:00:00-04:00,3.7200000286102295,3.759999990463257,3.7100000381469727,3.7100000381469727,13800,0.0,0.0
2023-09-05 00:00:00-04:00,3.6500000953674316,3.759999990463257,3.6449999809265137,3.690000057220459,7500,0.0,0.0
2023-09-06 00:00:00-04:00,3.630000114440918,3.640000104904175,3.549999952316284,3.5999999046325684,9400,0.0,0.0
2023-09-07 00:00:00-04:00,3.6500000953674316,3.6500000953674316,2.619999885559082,3.119999885559082,128300,0.0,0.0
2023-09-08 00:00:00-04:00,3.1500000953674316,3.5899999141693115,2.9800000190734863,3.4800000190734863,40700,0.0,0.0
2023-09-11 00:00:00-04:00,3.509999990463257,3.700000047683716,3.509999990463257,3.549999952316284,13100,0.0,0.0
2023-09-12 00:00:00-04:00,3.678999900817871,3.678999900817871,3.5199999809265137,3.6600000858306885,6200,0.0,0.0
2023-09-13 00:00:00-04:00,3.6500000953674316,3.7300000190734863,3.505000114440918,3.559999942779541,20300,0.0,0.0
2023-09-14 00:00:00-04:00,3.5280001163482666,3.6050000190734863,3.4000000953674316,3.4200000762939453,27400,0.0,0.0
2023-09-15 00:00:00-04:00,3.4000000953674316,3.4800000190734863,3.309999942779541,3.390000104904175,88700,0.0,0.0
2023-09-18 00:00:00-04:00,3.3299999237060547,3.430000066757202,3.200000047683716,3.240000009536743,19700,0.0,0.0
2023-09-19 00:00:00-04:00,3.240000009536743,3.2799999713897705,3.1500000953674316,3.190000057220459,47300,0.0,0.0
2023-09-20 00:00:00-04:00,3.1500000953674316,3.2850000858306885,3.0,3.0899999141693115,46400,0.0,0.0
2023-09-21 00:00:00-04:00,3.0,3.1500000953674316,2.9649999141693115,3.130000114440918,19900,0.0,0.0
2023-09-22 00:00:00-04:00,3.1500000953674316,3.2799999713897705,3.130000114440918,3.200000047683716,13700,0.0,0.0
2023-09-25 00:00:00-04:00,3.109999895095825,3.369999885559082,3.109999895095825,3.259999990463257,7700,0.0,0.0
2023-09-26 00:00:00-04:00,3.180000066757202,3.299999952316284,3.130000114440918,3.1600000858306885,12400,0.0,0.0
2023-09-27 00:00:00-04:00,3.109999895095825,3.4000000953674316,3.109999895095825,3.2699999809265137,23800,0.0,0.0
2023-09-28 00:00:00-04:00,3.2100000381469727,3.2799999713897705,3.2100000381469727,3.2799999713897705,5900,0.0,0.0
2023-09-29 00:00:00-04:00,3.299999952316284,3.369999885559082,3.2149999141693115,3.240000009536743,14600,0.0,0.0
2023-10-02 00:00:00-04:00,3.2200000286102295,3.2899999618530273,3.0999999046325684,3.109999895095825,25100,0.0,0.0
2023-10-03 00:00:00-04:00,3.0999999046325684,3.25,3.0999999046325684,3.0999999046325684,21600,0.0,0.0
2023-10-04 00:00:00-04:00,3.1500000953674316,3.259999990463257,3.1500000953674316,3.1500000953674316,9900,0.0,0.0
2023-10-05 00:00:00-04:00,3.240000009536743,3.2699999809265137,3.180000066757202,3.180000066757202,22200,0.0,0.0
2023-10-06 00:00:00-04:00,3.178999900817871,3.2899999618530273,3.178999900817871,3.2799999713897705,6700,0.0,0.0
2023-10-09 00:00:00-04:00,3.259999990463257,3.4000000953674316,3.259999990463257,3.3499999046325684,15000,0.0,0.0
2023-10-10 00:00:00-04:00,3.3499999046325684,3.450000047683716,3.3299999237060547,3.3299999237060547,12800,0.0,0.0
2023-10-11 00:00:00-04:00,3.359999895095825,3.4590001106262207,3.1700000762939453,3.2200000286102295,12100,0.0,0.0
2023-10-12 00:00:00-04:00,3.3299999237060547,3.3299999237060547,3.119999885559082,3.140000104904175,13000,0.0,0.0
2023-10-13 00:00:00-04:00,3.190000057220459,3.2799999713897705,3.174999952316284,3.2300000190734863,8100,0.0,0.0
2023-10-16 00:00:00-04:00,3.200000047683716,3.369999885559082,3.200000047683716,3.2699999809265137,8300,0.0,0.0
2023-10-17 00:00:00-04:00,3.299999952316284,3.430000066757202,3.2799999713897705,3.2799999713897705,20000,0.0,0.0
2023-10-18 00:00:00-04:00,3.299999952316284,3.309999942779541,3.240000009536743,3.25,7100,0.0,0.0
2023-10-19 00:00:00-04:00,3.380000114440918,3.380000114440918,3.1500000953674316,3.1500000953674316,13900,0.0,0.0
2023-10-20 00:00:00-04:00,3.130000114440918,3.299999952316284,3.109999895095825,3.130000114440918,27400,0.0,0.0
2023-10-23 00:00:00-04:00,3.1500000953674316,3.2300000190734863,3.109999895095825,3.109999895095825,35500,0.0,0.0
2023-10-24 00:00:00-04:00,3.0999999046325684,3.259999990463257,3.0999999046325684,3.0999999046325684,12500,0.0,0.0
2023-10-25 00:00:00-04:00,3.0999999046325684,3.253999948501587,3.0999999046325684,3.109999895095825,13100,0.0,0.0
2023-10-26 00:00:00-04:00,3.0999999046325684,3.2200000286102295,3.0999999046325684,3.2200000286102295,8100,0.0,0.0
2023-10-27 00:00:00-04:00,3.2200000286102295,3.2699999809265137,3.0999999046325684,3.119999885559082,15500,0.0,0.0
2023-10-30 00:00:00-04:00,3.1500000953674316,3.569999933242798,3.131999969482422,3.559999942779541,39100,0.0,0.0
2023-10-31 00:00:00-04:00,3.640000104904175,3.7699999809265137,3.549999952316284,3.75,24100,0.0,0.0
2023-11-01 00:00:00-04:00,3.740000009536743,3.740000009536743,3.490000009536743,3.490000009536743,14300,0.0,0.0
2023-11-02 00:00:00-04:00,3.5199999809265137,3.5199999809265137,3.430000066757202,3.430000066757202,9900,0.0,0.0
2023-11-03 00:00:00-04:00,3.4200000762939453,3.640000104904175,3.4200000762939453,3.619999885559082,15200,0.0,0.0
2023-11-06 00:00:00-05:00,3.559999942779541,3.690000057220459,3.5299999713897705,3.5299999713897705,8200,0.0,0.0
2023-11-07 00:00:00-05:00,3.5199999809265137,3.6500000953674316,3.3299999237060547,3.549999952316284,16800,0.0,0.0
2023-11-08 00:00:00-05:00,3.4800000190734863,3.4800000190734863,3.0999999046325684,3.299999952316284,12900,0.0,0.0
2023-11-09 00:00:00-05:00,3.440000057220459,3.440000057220459,3.0999999046325684,3.119999885559082,11100,0.0,0.0
2023-11-10 00:00:00-05:00,3.319999933242798,3.5299999713897705,3.109999895095825,3.5299999713897705,17600,0.0,0.0
2023-11-13 00:00:00-05:00,3.2920000553131104,3.5399999618530273,3.2699999809265137,3.5399999618530273,11500,0.0,0.0
2023-11-14 00:00:00-05:00,3.680000066757202,3.8299999237060547,3.569999933242798,3.8299999237060547,17700,0.0,0.0
2023-11-15 00:00:00-05:00,3.759999990463257,4.0,3.759999990463257,3.9100000858306885,12400,0.0,0.0
2023-11-16 00:00:00-05:00,3.9800000190734863,3.9800000190734863,3.7699999809265137,3.7699999809265137,22100,0.0,0.0
2023-11-17 00:00:00-05:00,3.640000104904175,3.7100000381469727,3.4100000858306885,3.490000009536743,30500,0.0,0.0
2023-11-20 00:00:00-05:00,3.450000047683716,3.5160000324249268,3.450000047683716,3.450000047683716,4300,0.0,0.0
2023-11-21 00:00:00-05:00,3.4100000858306885,3.4100000858306885,3.3399999141693115,3.3499999046325684,6800,0.0,0.0
2023-11-22 00:00:00-05:00,3.3399999141693115,3.4100000858306885,3.309999942779541,3.4100000858306885,4000,0.0,0.0
2023-11-24 00:00:00-05:00,3.4100000858306885,3.4800000190734863,3.4000000953674316,3.4800000190734863,3800,0.0,0.0
2023-11-27 00:00:00-05:00,3.4000000953674316,3.450000047683716,3.25,3.309999942779541,16700,0.0,0.0
2023-11-28 00:00:00-05:00,3.299999952316284,3.369999885559082,3.180000066757202,3.180000066757202,4900,0.0,0.0
2023-11-29 00:00:00-05:00,3.1700000762939453,3.299999952316284,3.1700000762939453,3.2300000190734863,13200,0.0,0.0
2023-11-30 00:00:00-05:00,3.0999999046325684,3.1700000762939453,3.0,3.0,30100,0.0,0.0
2023-12-01 00:00:00-05:00,3.0,3.0999999046325684,2.9000000953674316,3.049999952316284,41000,0.0,0.0
2023-12-04 00:00:00-05:00,2.9700000286102295,3.0999999046325684,2.9549999237060547,3.069999933242798,10500,0.0,0.0
2023-12-05 00:00:00-05:00,2.9609999656677246,3.0,2.9100000858306885,2.9800000190734863,11600,0.0,0.0
2023-12-06 00:00:00-05:00,3.0,3.0,2.819999933242798,2.9100000858306885,19700,0.0,0.0
2023-12-07 00:00:00-05:00,2.940000057220459,2.9649999141693115,2.7899999618530273,2.9600000381469727,41200,0.0,0.0
2023-12-08 00:00:00-05:00,2.990000009536743,3.0,2.9000000953674316,2.9800000190734863,28700,0.0,0.0
2023-12-11 00:00:00-05:00,2.990000009536743,3.0,2.890000104904175,2.9100000858306885,26700,0.0,0.0
2023-12-12 00:00:00-05:00,2.984999895095825,3.055000066757202,2.950000047683716,2.950000047683716,31200,0.0,0.0
2023-12-13 00:00:00-05:00,3.0199999809265137,3.619999885559082,2.9230000972747803,3.619999885559082,38300,0.0,0.0
2023-12-14 00:00:00-05:00,3.549999952316284,4.099999904632568,3.5,4.099999904632568,61800,0.0,0.0
2023-12-15 00:00:00-05:00,4.75,5.03000020980835,3.9800000190734863,4.070000171661377,153700,0.0,0.0
2023-12-18 00:00:00-05:00,4.150000095367432,4.230000019073486,3.7899999618530273,3.809999942779541,21500,0.0,0.0
2023-12-19 00:00:00-05:00,3.8299999237060547,3.950000047683716,3.299999952316284,3.4549999237060547,38200,0.0,0.0
2023-12-20 00:00:00-05:00,3.4700000286102295,3.630000114440918,3.4000000953674316,3.5999999046325684,20200,0.0,0.0
2023-12-21 00:00:00-05:00,3.700000047683716,3.7200000286102295,3.575000047683716,3.7200000286102295,17100,0.0,0.0
2023-12-22 00:00:00-05:00,3.630000114440918,3.7200000286102295,3.4100000858306885,3.4600000381469727,33700,0.0,0.0
2023-12-26 00:00:00-05:00,3.7899999618530273,3.940000057220459,3.5399999618530273,3.5899999141693115,27500,0.0,0.0
2023-12-27 00:00:00-05:00,3.5899999141693115,3.799999952316284,3.4800000190734863,3.7899999618530273,13000,0.0,0.0
2023-12-28 00:00:00-05:00,3.7799999713897705,3.9000000953674316,3.5999999046325684,3.640000104904175,14600,0.0,0.0
2023-12-29 00:00:00-05:00,3.640000104904175,3.7699999809265137,3.4600000381469727,3.559999942779541,40300,0.0,0.0
2024-01-02 00:00:00-05:00,3.5399999618530273,3.5899999141693115,3.5,3.549999952316284,53100,0.0,0.0
2024-01-03 00:00:00-05:00,3.5799999237060547,3.765000104904175,3.299999952316284,3.309999942779541,49800,0.0,0.0
2024-01-04 00:00:00-05:00,3.4000000953674316,3.5,3.2279999256134033,3.430000066757202,24700,0.0,0.0
2024-01-05 00:00:00-05:00,3.430000066757202,3.5199999809265137,3.2090001106262207,3.390000104904175,80500,0.0,0.0
2024-01-08 00:00:00-05:00,3.4800000190734863,3.7100000381469727,3.390000104904175,3.7100000381469727,19800,0.0,0.0
2024-01-09 00:00:00-05:00,3.609999895095825,3.859999895095825,3.5999999046325684,3.759999990463257,26700,0.0,0.0
2024-01-10 00:00:00-05:00,3.759999990463257,3.859999895095825,3.700000047683716,3.7300000190734863,16100,0.0,0.0
2024-01-11 00:00:00-05:00,3.619999885559082,3.7699999809265137,3.6019999980926514,3.7100000381469727,32000,0.0,0.0
2024-01-12 00:00:00-05:00,3.809999942779541,3.880000114440918,3.621000051498413,3.6700000762939453,18800,0.0,0.0
2024-01-16 00:00:00-05:00,3.5399999618530273,3.5399999618530273,3.1700000762939453,3.25,84600,0.0,0.0
2024-01-17 00:00:00-05:00,3.25,3.509999990463257,3.190000057220459,3.2799999713897705,71200,0.0,0.0
2024-01-18 00:00:00-05:00,3.309999942779541,3.450000047683716,3.200000047683716,3.3299999237060547,33400,0.0,0.0
2024-01-19 00:00:00-05:00,3.430000066757202,3.569999933242798,3.3259999752044678,3.549999952316284,15400,0.0,0.0
2024-01-22 00:00:00-05:00,3.5999999046325684,3.7899999618530273,3.568000078201294,3.7200000286102295,30000,0.0,0.0
2024-01-23 00:00:00-05:00,3.7799999713897705,3.7880001068115234,3.630000114440918,3.630000114440918,11900,0.0,0.0
2024-01-24 00:00:00-05:00,3.7799999713897705,3.7799999713897705,3.690000057220459,3.690000057220459,9900,0.0,0.0
2024-01-25 00:00:00-05:00,3.7799999713897705,3.7799999713897705,3.549999952316284,3.5999999046325684,13400,0.0,0.0
2024-01-26 00:00:00-05:00,3.690000057220459,3.7799999713897705,3.5999999046325684,3.5999999046325684,7500,0.0,0.0
2024-01-29 00:00:00-05:00,3.509999990463257,3.690000057220459,3.4579999446868896,3.690000057220459,6100,0.0,0.0
2024-01-30 00:00:00-05:00,3.7799999713897705,3.7899999618530273,3.680000066757202,3.680000066757202,13800,0.0,0.0
2024-01-31 00:00:00-05:00,3.690000057220459,3.700000047683716,3.549999952316284,3.549999952316284,10300,0.0,0.0
2024-02-01 00:00:00-05:00,3.5399999618530273,3.549999952316284,3.490000009536743,3.549999952316284,10100,0.0,0.0
2024-02-02 00:00:00-05:00,3.4600000381469727,3.4600000381469727,3.299999952316284,3.309999942779541,6100,0.0,0.0
2024-02-05 00:00:00-05:00,3.259999990463257,3.259999990463257,3.200000047683716,3.200000047683716,15900,0.0,0.0
2024-02-06 00:00:00-05:00,3.259999990463257,3.259999990463257,3.130000114440918,3.190000057220459,10400,0.0,0.0
2024-02-07 00:00:00-05:00,3.25,3.2699999809265137,3.130000114440918,3.130000114440918,10800,0.0,0.0
2024-02-08 00:00:00-05:00,3.1500000953674316,3.25,3.130000114440918,3.130000114440918,18500,0.0,0.0
2024-02-09 00:00:00-05:00,3.1600000858306885,3.309999942779541,3.1500000953674316,3.259999990463257,21600,0.0,0.0
2024-02-12 00:00:00-05:00,3.309999942779541,3.5299999713897705,3.259999990463257,3.309999942779541,20700,0.0,0.0
2024-02-13 00:00:00-05:00,3.200000047683716,3.309999942779541,3.069999933242798,3.069999933242798,24800,0.0,0.0
2024-02-14 00:00:00-05:00,3.190000057220459,3.3499999046325684,3.069999933242798,3.3499999046325684,15000,0.0,0.0
2024-02-15 00:00:00-05:00,3.359999895095825,3.4700000286102295,3.2899999618530273,3.4600000381469727,17500,0.0,0.0
2024-02-16 00:00:00-05:00,3.4600000381469727,3.4600000381469727,3.359999895095825,3.369999885559082,13200,0.0,0.0
2024-02-20 00:00:00-05:00,3.4100000858306885,3.4100000858306885,3.1600000858306885,3.1700000762939453,18200,0.0,0.0
2024-02-21 00:00:00-05:00,3.119999885559082,3.190000057220459,3.0899999141693115,3.1500000953674316,13800,0.0,0.0
2024-02-22 00:00:00-05:00,3.1600000858306885,3.299999952316284,3.069999933242798,3.1500000953674316,29800,0.0,0.0
2024-02-23 00:00:00-05:00,3.240000009536743,3.240000009536743,3.1500000953674316,3.1500000953674316,10000,0.0,0.0
2024-02-26 00:00:00-05:00,3.130000114440918,3.25,3.119999885559082,3.2100000381469727,19500,0.0,0.0
2024-02-27 00:00:00-05:00,3.1700000762939453,3.3299999237060547,3.109999895095825,3.140000104904175,24100,0.0,0.0
2024-02-28 00:00:00-05:00,3.130000114440918,3.390000104904175,3.130000114440918,3.2200000286102295,17100,0.0,0.0
2024-02-29 00:00:00-05:00,3.309999942779541,3.430000066757202,3.299999952316284,3.309999942779541,10700,0.0,0.0
2024-03-01 00:00:00-05:00,3.309999942779541,3.4240000247955322,3.1500000953674316,3.2049999237060547,27600,0.0,0.0
2024-03-04 00:00:00-05:00,3.25,3.25,3.1600000858306885,3.25,29300,0.0,0.0
2024-03-05 00:00:00-05:00,3.240000009536743,3.359999895095825,3.180000066757202,3.180000066757202,11200,0.0,0.0
2024-03-06 00:00:00-05:00,3.200000047683716,3.200000047683716,3.1500000953674316,3.200000047683716,11300,0.0,0.0
2024-03-07 00:00:00-05:00,3.180000066757202,3.25,3.1500000953674316,3.190000057220459,9900,0.0,0.0
2024-03-08 00:00:00-05:00,3.240000009536743,3.260999917984009,3.1500000953674316,3.1600000858306885,8000,0.0,0.0
2024-03-11 00:00:00-04:00,3.190000057220459,3.2300000190734863,3.130000114440918,3.130000114440918,45400,0.0,0.0
2024-03-12 00:00:00-04:00,3.2799999713897705,3.5,3.130000114440918,3.130000114440918,30800,0.0,0.0
2024-03-13 00:00:00-04:00,3.130000114440918,3.299999952316284,3.130000114440918,3.1549999713897705,84300,0.0,0.0
2024-03-14 00:00:00-04:00,3.1600000858306885,3.2100000381469727,3.130000114440918,3.140000104904175,30100,0.0,0.0
2024-03-15 00:00:00-04:00,3.119999885559082,3.359999895095825,3.119999885559082,3.3499999046325684,158600,0.0,0.0
2024-03-18 00:00:00-04:00,3.4000000953674316,3.4000000953674316,3.140000104904175,3.2300000190734863,68200,0.0,0.0
2024-03-19 00:00:00-04:00,3.2200000286102295,3.4200000762939453,3.2200000286102295,3.25,62100,0.0,0.0
2024-03-20 00:00:00-04:00,3.2899999618530273,3.5399999618530273,3.1500000953674316,3.1500000953674316,66300,0.0,0.0
2024-03-21 00:00:00-04:00,3.240000009536743,3.5,3.200000047683716,3.25,56000,0.0,0.0
2024-03-22 00:00:00-04:00,3.25,3.2899999618530273,3.2100000381469727,3.2100000381469727,20100,0.0,0.0
2024-03-25 00:00:00-04:00,3.2100000381469727,3.2829999923706055,3.1600000858306885,3.1600000858306885,38300,0.0,0.0
2024-03-26 00:00:00-04:00,3.190000057220459,3.2690000534057617,3.190000057220459,3.2200000286102295,16500,0.0,0.0
2024-03-27 00:00:00-04:00,3.2100000381469727,3.319999933242798,3.2100000381469727,3.319999933242798,48700,0.0,0.0
2024-03-28 00:00:00-04:00,3.2899999618530273,3.305000066757202,3.2300000190734863,3.2699999809265137,118700,0.0,0.0
2024-04-01 00:00:00-04:00,3.319999933242798,3.440000057220459,3.1600000858306885,3.2200000286102295,41000,0.0,0.0
2024-04-02 00:00:00-04:00,3.200000047683716,3.259999990463257,3.180000066757202,3.2100000381469727,13800,0.0,0.0
2024-04-03 00:00:00-04:00,3.240000009536743,3.2850000858306885,3.2249999046325684,3.259999990463257,11500,0.0,0.0
2024-04-04 00:00:00-04:00,3.309999942779541,3.309999942779541,3.25,3.2799999713897705,23800,0.0,0.0
2024-04-05 00:00:00-04:00,3.25,3.25,3.180000066757202,3.2100000381469727,19300,0.0,0.0
2024-04-08 00:00:00-04:00,3.2190001010894775,3.244999885559082,3.2190001010894775,3.240000009536743,10000,0.0,0.0
2024-04-09 00:00:00-04:00,3.25,3.25,3.190000057220459,3.200000047683716,17900,0.0,0.0
2024-04-10 00:00:00-04:00,3.1600000858306885,3.180000066757202,2.819000005722046,3.1050000190734863,65300,0.0,0.0
2024-04-11 00:00:00-04:00,3.115000009536743,3.200000047683716,3.0999999046325684,3.200000047683716,14100,0.0,0.0
2024-04-12 00:00:00-04:00,3.2100000381469727,3.25,3.1500000953674316,3.1500000953674316,102100,0.0,0.0
2024-04-15 00:00:00-04:00,3.1500000953674316,3.190000057220459,3.0899999141693115,3.130000114440918,11100,0.0,0.0
2024-04-16 00:00:00-04:00,3.130000114440918,3.200000047683716,3.130000114440918,3.130000114440918,8100,0.0,0.0
2024-04-17 00:00:00-04:00,3.130000114440918,3.180000066757202,3.130000114440918,3.1600000858306885,6300,0.0,0.0
2024-04-18 00:00:00-04:00,3.1600000858306885,3.190000057220459,3.1600000858306885,3.1600000858306885,16500,0.0,0.0
2024-04-19 00:00:00-04:00,3.1600000858306885,3.25,3.1600000858306885,3.2200000286102295,11200,0.0,0.0
2024-04-22 00:00:00-04:00,3.200000047683716,3.2200000286102295,3.1700000762939453,3.2100000381469727,7400,0.0,0.0
2024-04-23 00:00:00-04:00,3.200000047683716,3.2799999713897705,3.1700000762939453,3.180000066757202,16800,0.0,0.0
2024-04-24 00:00:00-04:00,3.1500000953674316,3.180000066757202,3.130000114440918,3.1500000953674316,28600,0.0,0.0
2024-04-25 00:00:00-04:00,3.130000114440918,3.1600000858306885,3.059999942779541,3.119999885559082,27600,0.0,0.0
2024-04-26 00:00:00-04:00,3.1700000762939453,3.200000047683716,3.119999885559082,3.1649999618530273,18900,0.0,0.0
2024-04-29 00:00:00-04:00,3.200000047683716,3.240000009536743,3.180000066757202,3.200000047683716,39100,0.0,0.0
2024-04-30 00:00:00-04:00,3.200000047683716,3.2899999618530273,3.1700000762939453,3.2100000381469727,32500,0.0,0.0
2024-05-01 00:00:00-04:00,3.200000047683716,3.2200000286102295,3.119999885559082,3.1600000858306885,12100,0.0,0.0
2024-05-02 00:00:00-04:00,3.1700000762939453,3.2200000286102295,3.069999933242798,3.200000047683716,45800,0.0,0.0
2024-05-03 00:00:00-04:00,3.25,3.25,3.190000057220459,3.190000057220459,17000,0.0,0.0
2024-05-06 00:00:00-04:00,3.2100000381469727,3.359999895095825,3.2100000381469727,3.25,28500,0.0,0.0
2024-05-07 00:00:00-04:00,3.2899999618530273,3.509999990463257,3.2899999618530273,3.440000057220459,27400,0.0,0.0
2024-05-08 00:00:00-04:00,3.4100000858306885,3.549999952316284,3.390000104904175,3.4800000190734863,57200,0.0,0.0
2024-05-09 00:00:00-04:00,3.509999990463257,3.5789999961853027,3.4210000038146973,3.5399999618530273,33600,0.0,0.0
2024-05-10 00:00:00-04:00,3.5799999237060547,3.6500000953674316,3.5299999713897705,3.640000104904175,23800,0.0,0.0
2024-05-13 00:00:00-04:00,3.690000057220459,3.740000009536743,3.5899999141693115,3.640000104904175,48700,0.0,0.0
2024-05-14 00:00:00-04:00,3.740000009536743,3.740000009536743,3.4600000381469727,3.490000009536743,75600,0.0,0.0
2024-05-15 00:00:00-04:00,3.5299999713897705,3.5299999713897705,3.4200000762939453,3.440000057220459,24500,0.0,0.0
2024-05-16 00:00:00-04:00,3.4700000286102295,3.5350000858306885,3.4200000762939453,3.450000047683716,21100,0.0,0.0
2024-05-17 00:00:00-04:00,3.450000047683716,3.494999885559082,3.390000104904175,3.440000057220459,17200,0.0,0.0
2024-05-20 00:00:00-04:00,3.440000057220459,3.5250000953674316,3.359999895095825,3.440000057220459,40900,0.0,0.0
2024-05-21 00:00:00-04:00,3.430000066757202,3.5999999046325684,3.430000066757202,3.440000057220459,12400,0.0,0.0
2024-05-22 00:00:00-04:00,3.4100000858306885,3.490000009536743,3.4100000858306885,3.440000057220459,26500,0.0,0.0
2024-05-23 00:00:00-04:00,3.4000000953674316,4.25,3.3499999046325684,4.179999828338623,623900,0.0,0.0
2024-05-24 00:00:00-04:00,4.159999847412109,4.675000190734863,4.159999847412109,4.460000038146973,212800,0.0,0.0
2024-05-28 00:00:00-04:00,4.46999979019165,4.96999979019165,4.400000095367432,4.860000133514404,124600,0.0,0.0
2024-05-29 00:00:00-04:00,4.980000019073486,5.050000190734863,4.866000175476074,4.940000057220459,62000,0.0,0.0
2024-05-30 00:00:00-04:00,5.070000171661377,5.070000171661377,4.349999904632568,4.429999828338623,97700,0.0,0.0
2024-05-31 00:00:00-04:00,4.360000133514404,4.610000133514404,4.010000228881836,4.570000171661377,58100,0.0,0.0
2024-06-03 00:00:00-04:00,4.570000171661377,4.800000190734863,4.5,4.619999885559082,49800,0.0,0.0
2024-06-04 00:00:00-04:00,4.579999923706055,4.791999816894531,4.079999923706055,4.199999809265137,54400,0.0,0.0
2024-06-05 00:00:00-04:00,4.199999809265137,4.349999904632568,4.059999942779541,4.210000038146973,35300,0.0,0.0
2024-06-06 00:00:00-04:00,4.190000057220459,4.360000133514404,4.173999786376953,4.320000171661377,16800,0.0,0.0
2024-06-07 00:00:00-04:00,4.309999942779541,4.5,4.183000087738037,4.449999809265137,12400,0.0,0.0
2024-06-10 00:00:00-04:00,4.400000095367432,4.449999809265137,4.340000152587891,4.360000133514404,20100,0.0,0.0
2024-06-11 00:00:00-04:00,4.320000171661377,4.409999847412109,4.050000190734863,4.230000019073486,25700,0.0,0.0
2024-06-12 00:00:00-04:00,4.25,4.364999771118164,3.9200000762939453,4.099999904632568,45100,0.0,0.0
2024-06-13 00:00:00-04:00,4.0,4.260000228881836,4.0,4.190000057220459,37100,0.0,0.0
2024-06-14 00:00:00-04:00,4.130000114440918,4.329999923706055,4.130000114440918,4.329999923706055,28800,0.0,0.0
2024-06-17 00:00:00-04:00,4.369999885559082,4.440000057220459,4.091000080108643,4.340000152587891,24800,0.0,0.0
2024-06-18 00:00:00-04:00,4.440000057220459,4.670000076293945,4.289999961853027,4.480000019073486,51300,0.0,0.0
2024-06-20 00:00:00-04:00,4.690000057220459,4.900000095367432,4.5,4.789999961853027,62200,0.0,0.0
2024-06-21 00:00:00-04:00,4.710000038146973,4.829999923706055,4.550000190734863,4.599999904632568,77000,0.0,0.0
2024-06-24 00:00:00-04:00,4.599999904632568,4.940000057220459,4.550000190734863,4.909999847412109,39900,0.0,0.0
2024-06-25 00:00:00-04:00,4.820000171661377,4.980000019073486,4.78000020980835,4.840000152587891,40300,0.0,0.0
2024-06-26 00:00:00-04:00,4.760000228881836,4.869999885559082,4.75,4.849999904632568,29000,0.0,0.0
2024-06-27 00:00:00-04:00,4.889999866485596,4.96999979019165,4.809999942779541,4.860000133514404,22900,0.0,0.0
2024-06-28 00:00:00-04:00,4.889999866485596,5.389999866485596,4.794000148773193,5.28000020980835,367900,0.0,0.0
2024-07-01 00:00:00-04:00,5.320000171661377,5.324999809265137,4.710000038146973,4.760000228881836,73800,0.0,0.0
2024-07-02 00:00:00-04:00,4.760000228881836,4.960000038146973,4.758999824523926,4.949999809265137,28000,0.0,0.0
2024-07-03 00:00:00-04:00,4.929999828338623,5.019999980926514,4.900000095367432,5.019999980926514,12400,0.0,0.0
2024-07-05 00:00:00-04:00,4.96999979019165,5.034999847412109,4.947999954223633,4.960000038146973,65200,0.0,0.0
2024-07-08 00:00:00-04:00,5.019999980926514,5.105000019073486,4.936999797821045,4.980000019073486,56800,0.0,0.0
2024-07-09 00:00:00-04:00,5.010000228881836,5.320000171661377,5.0,5.170000076293945,77400,0.0,0.0
2024-07-10 00:00:00-04:00,5.190000057220459,5.28000020980835,4.920000076293945,5.019999980926514,50900,0.0,0.0
2024-07-11 00:00:00-04:00,5.050000190734863,5.070000171661377,4.96999979019165,5.039999961853027,40100,0.0,0.0
2024-07-12 00:00:00-04:00,5.099999904632568,5.21999979019165,4.989999771118164,5.130000114440918,51900,0.0,0.0
2024-07-15 00:00:00-04:00,5.130000114440918,5.630000114440918,5.090000152587891,5.610000133514404,65900,0.0,0.0
2024-07-16 00:00:00-04:00,5.599999904632568,5.75,5.364999771118164,5.489999771118164,119300,0.0,0.0
2024-07-17 00:00:00-04:00,5.53000020980835,5.820000171661377,5.480000019073486,5.739999771118164,37300,0.0,0.0
2024-07-18 00:00:00-04:00,5.800000190734863,5.889999866485596,5.458000183105469,5.510000228881836,35100,0.0,0.0
2024-07-19 00:00:00-04:00,5.539999961853027,5.795000076293945,5.199999809265137,5.199999809265137,60400,0.0,0.0
2024-07-22 00:00:00-04:00,5.070000171661377,5.670000076293945,5.019999980926514,5.659999847412109,54600,0.0,0.0
2024-07-23 00:00:00-04:00,5.610000133514404,6.309999942779541,5.610000133514404,6.230000019073486,82900,0.0,0.0
2024-07-24 00:00:00-04:00,6.239999771118164,6.46999979019165,5.920000076293945,6.179999828338623,63400,0.0,0.0
2024-07-25 00:00:00-04:00,6.179999828338623,6.864999771118164,6.179999828338623,6.340000152587891,103400,0.0,0.0
2024-07-26 00:00:00-04:00,6.400000095367432,6.440000057220459,5.769999980926514,6.300000190734863,72800,0.0,0.0
2024-07-29 00:00:00-04:00,6.269999980926514,6.28000020980835,5.269999980926514,5.269999980926514,78900,0.0,0.0
2024-07-30 00:00:00-04:00,5.269999980926514,5.630000114440918,5.269999980926514,5.570000171661377,45500,0.0,0.0
2024-07-31 00:00:00-04:00,5.579999923706055,6.123000144958496,5.574999809265137,5.929999828338623,30200,0.0,0.0
2024-08-01 00:00:00-04:00,5.929999828338623,6.074999809265137,4.980000019073486,5.139999866485596,74600,0.0,0.0
2024-08-02 00:00:00-04:00,4.96999979019165,4.96999979019165,4.610000133514404,4.610000133514404,58400,0.0,0.0
2024-08-05 00:00:00-04:00,4.329999923706055,4.869999885559082,4.132999897003174,4.739999771118164,57800,0.0,0.0
2024-08-06 00:00:00-04:00,4.679999828338623,4.925000190734863,4.650000095367432,4.78000020980835,38100,0.0,0.0
2024-08-07 00:00:00-04:00,4.880000114440918,5.059999942779541,4.880000114440918,5.059999942779541,56600,0.0,0.0
2024-08-08 00:00:00-04:00,4.869999885559082,5.400000095367432,4.869999885559082,5.059999942779541,81500,0.0,0.0
2024-08-09 00:00:00-04:00,5.099999904632568,5.269999980926514,5.008999824523926,5.150000095367432,24000,0.0,0.0
2024-08-12 00:00:00-04:00,5.170000076293945,5.170000076293945,4.360000133514404,4.420000076293945,73200,0.0,0.0
2024-08-13 00:00:00-04:00,4.46999979019165,4.804999828338623,4.315000057220459,4.71999979019165,44800,0.0,0.0
2024-08-14 00:00:00-04:00,4.710000038146973,4.880000114440918,4.639999866485596,4.75,47400,0.0,0.0
2024-08-15 00:00:00-04:00,4.900000095367432,5.0,4.760000228881836,4.96999979019165,29200,0.0,0.0
2024-08-16 00:00:00-04:00,4.940000057220459,5.079999923706055,4.929999828338623,4.989999771118164,18700,0.0,0.0
2024-08-19 00:00:00-04:00,5.059999942779541,5.059999942779541,4.840000152587891,4.900000095367432,85800,0.0,0.0
2024-08-20 00:00:00-04:00,4.840000152587891,4.933000087738037,4.619999885559082,4.789999961853027,35100,0.0,0.0
2024-08-21 00:00:00-04:00,4.89900016784668,5.0,4.789999961853027,4.929999828338623,48600,0.0,0.0
2024-08-22 00:00:00-04:00,4.994999885559082,5.0,4.889999866485596,4.889999866485596,18700,0.0,0.0
2024-08-23 00:00:00-04:00,4.909999847412109,5.150000095367432,4.909999847412109,5.130000114440918,45400,0.0,0.0
2024-08-26 00:00:00-04:00,5.21999979019165,5.690000057220459,5.190000057220459,5.690000057220459,51500,0.0,0.0
2024-08-27 00:00:00-04:00,5.710000038146973,5.96999979019165,5.480000019073486,5.880000114440918,26500,0.0,0.0
2024-08-28 00:00:00-04:00,5.869999885559082,5.989999771118164,5.728000164031982,5.860000133514404,71100,0.0,0.0
2024-08-29 00:00:00-04:00,5.949999809265137,6.340000152587891,5.84499979019165,5.989999771118164,65700,0.0,0.0
2024-08-30 00:00:00-04:00,5.960000038146973,6.0,5.880000114440918,6.0,25600,0.0,0.0
2024-09-03 00:00:00-04:00,6.0,6.0,5.739999771118164,5.869999885559082,52600,0.0,0.0
2024-09-04 00:00:00-04:00,5.769999980926514,5.914999961853027,5.599999904632568,5.769999980926514,31300,0.0,0.0
2024-09-05 00:00:00-04:00,5.840000152587891,5.840000152587891,5.349999904632568,5.46999979019165,46500,0.0,0.0
2024-09-06 00:00:00-04:00,5.409999847412109,5.414999961853027,5.019999980926514,5.159999847412109,35200,0.0,0.0
2024-09-09 00:00:00-04:00,5.150000095367432,5.579999923706055,5.150000095367432,5.5,26200,0.0,0.0
2024-09-10 00:00:00-04:00,5.375,5.630000114440918,5.320000171661377,5.619999885559082,17700,0.0,0.0
2024-09-11 00:00:00-04:00,5.570000171661377,5.840000152587891,5.5,5.800000190734863,16600,0.0,0.0
2024-09-12 00:00:00-04:00,5.849999904632568,6.230000019073486,5.849999904632568,6.199999809265137,237700,0.0,0.0
2024-09-13 00:00:00-04:00,6.21999979019165,6.343999862670898,6.0,6.230000019073486,187700,0.0,0.0
2024-09-16 00:00:00-04:00,6.329999923706055,6.329999923706055,5.960000038146973,6.019999980926514,138500,0.0,0.0
2024-09-17 00:00:00-04:00,6.199999809265137,6.849999904632568,5.973999977111816,6.730000019073486,161100,0.0,0.0
2024-09-18 00:00:00-04:00,6.820000171661377,7.0,6.199999809265137,6.349999904632568,162600,0.0,0.0
2024-09-19 00:00:00-04:00,6.5,6.769999980926514,6.376999855041504,6.659999847412109,58000,0.0,0.0
2024-09-20 00:00:00-04:00,6.710000038146973,6.849999904632568,6.550000190734863,6.75,162100,0.0,0.0
2024-09-23 00:00:00-04:00,6.840000152587891,6.936999797821045,6.627999782562256,6.849999904632568,64300,0.0,0.0
2024-09-24 00:00:00-04:00,6.849999904632568,7.170000076293945,6.690000057220459,7.159999847412109,84800,0.0,0.0
2024-09-25 00:00:00-04:00,7.110000133514404,7.21999979019165,6.960000038146973,7.050000190734863,46400,0.0,0.0
2024-09-26 00:00:00-04:00,7.210000038146973,7.376999855041504,6.840000152587891,6.980000019073486,64000,0.0,0.0
2024-09-27 00:00:00-04:00,7.039999961853027,7.039999961853027,6.71999979019165,6.849999904632568,67400,0.0,0.0
2024-09-30 00:00:00-04:00,6.849999904632568,6.894999980926514,6.710000038146973,6.829999923706055,38200,0.0,0.0
2024-10-01 00:00:00-04:00,6.739999771118164,6.826000213623047,6.230000019073486,6.25,100700,0.0,0.0
2024-10-02 00:00:00-04:00,6.139999866485596,6.304999828338623,5.900000095367432,5.900000095367432,45900,0.0,0.0
2024-10-03 00:00:00-04:00,5.949999809265137,6.168000221252441,5.920000076293945,6.03000020980835,41600,0.0,0.0
2024-10-04 00:00:00-04:00,6.199999809265137,6.380000114440918,6.1529998779296875,6.300000190734863,25700,0.0,0.0
2024-10-07 00:00:00-04:00,6.25,6.465000152587891,6.184000015258789,6.460000038146973,24200,0.0,0.0
2024-10-08 00:00:00-04:00,6.539999961853027,6.539999961853027,6.119999885559082,6.119999885559082,30400,0.0,0.0
2024-10-09 00:00:00-04:00,6.179999828338623,6.5,6.170000076293945,6.460000038146973,25400,0.0,0.0
2024-10-10 00:00:00-04:00,6.380000114440918,6.489999771118164,6.28000020980835,6.329999923706055,28300,0.0,0.0
2024-10-11 00:00:00-04:00,6.360000133514404,6.420000076293945,6.309999942779541,6.340000152587891,18900,0.0,0.0
2024-10-14 00:00:00-04:00,6.375,6.400000095367432,6.210000038146973,6.239999771118164,24100,0.0,0.0
2024-10-15 00:00:00-04:00,6.230000019073486,6.489999771118164,6.210999965667725,6.349999904632568,24000,0.0,0.0
2024-10-16 00:00:00-04:00,6.429999828338623,6.639999866485596,6.349999904632568,6.510000228881836,163800,0.0,0.0
2024-10-17 00:00:00-04:00,6.579999923706055,6.610000133514404,6.369999885559082,6.480000019073486,55900,0.0,0.0
2024-10-18 00:00:00-04:00,6.53000020980835,6.53000020980835,6.281000137329102,6.289999961853027,18500,0.0,0.0
2024-10-21 00:00:00-04:00,6.239999771118164,6.329999923706055,6.0,6.0,25300,0.0,0.0
2024-10-22 00:00:00-04:00,5.949999809265137,6.010000228881836,5.739999771118164,5.820000171661377,59100,0.0,0.0
2024-10-23 00:00:00-04:00,5.78000020980835,5.820000171661377,5.619999885559082,5.619999885559082,41500,0.0,0.0
2024-10-24 00:00:00-04:00,5.699999809265137,5.71999979019165,5.329999923706055,5.340000152587891,35600,0.0,0.0
2024-10-25 00:00:00-04:00,5.309999942779541,5.429999828338623,5.25,5.260000228881836,121100,0.0,0.0
2024-10-28 00:00:00-04:00,5.340000152587891,5.5,5.340000152587891,5.460000038146973,35800,0.0,0.0
2024-10-29 00:00:00-04:00,5.400000095367432,5.550000190734863,5.369999885559082,5.550000190734863,31400,0.0,0.0
2024-10-30 00:00:00-04:00,5.550000190734863,5.775000095367432,5.550000190734863,5.559999942779541,25100,0.0,0.0
2024-10-31 00:00:00-04:00,5.480000019073486,5.559999942779541,5.35099983215332,5.389999866485596,29400,0.0,0.0
2024-11-01 00:00:00-04:00,5.440000057220459,5.525000095367432,5.211999893188477,5.340000152587891,42700,0.0,0.0
2024-11-04 00:00:00-05:00,5.260000228881836,5.264999866485596,5.039999961853027,5.050000190734863,94800,0.0,0.0
2024-11-05 00:00:00-05:00,5.050000190734863,5.699999809265137,5.010000228881836,5.630000114440918,89900,0.0,0.0
2024-11-06 00:00:00-05:00,6.0,6.65500020980835,5.960000038146973,6.639999866485596,109700,0.0,0.0
2024-11-07 00:00:00-05:00,6.650000095367432,7.800000190734863,6.610000133514404,6.630000114440918,151100,0.0,0.0
2024-11-08 00:00:00-05:00,6.829999923706055,7.230000019073486,6.75,6.989999771118164,93300,0.0,0.0
2024-11-11 00:00:00-05:00,7.289999961853027,7.400000095367432,7.010000228881836,7.389999866485596,330300,0.0,0.0
2024-11-12 00:00:00-05:00,7.5,8.899999618530273,7.489999771118164,8.550000190734863,352300,0.0,0.0
2024-11-13 00:00:00-05:00,8.510000228881836,8.699999809265137,8.3100004196167,8.430000305175781,212200,0.0,0.0
2024-11-14 00:00:00-05:00,8.380000114440918,8.489999771118164,8.079999923706055,8.220000267028809,275100,0.0,0.0
2024-11-15 00:00:00-05:00,8.210000038146973,8.210000038146973,7.949999809265137,7.989999771118164,132500,0.0,0.0
2024-11-18 00:00:00-05:00,8.050000190734863,8.479999542236328,8.010000228881836,8.399999618530273,218100,0.0,0.0
2024-11-19 00:00:00-05:00,8.380000114440918,9.020000457763672,8.380000114440918,8.979999542236328,192700,0.0,0.0
2024-11-20 00:00:00-05:00,9.050000190734863,9.25,8.449999809265137,8.5600004196167,160400,0.0,0.0
2024-11-21 00:00:00-05:00,8.609999656677246,8.885000228881836,8.25,8.350000381469727,129600,0.0,0.0
2024-11-22 00:00:00-05:00,8.569999694824219,8.989999771118164,7.960000038146973,8.020000457763672,574800,0.0,0.0
2024-11-25 00:00:00-05:00,8.880000114440918,9.850000381469727,8.34000015258789,8.739999771118164,570800,0.0,0.0
2024-11-26 00:00:00-05:00,8.75,10.050000190734863,8.680000305175781,10.020000457763672,654700,0.0,0.0
2024-11-27 00:00:00-05:00,10.25,10.444999694824219,9.40999984741211,10.0600004196167,427700,0.0,0.0
2024-11-29 00:00:00-05:00,10.220000267028809,10.220000267028809,9.220000267028809,9.300000190734863,219200,0.0,0.0
2024-12-02 00:00:00-05:00,9.420000076293945,10.020000457763672,9.34000015258789,9.920000076293945,325800,0.0,0.0
2024-12-03 00:00:00-05:00,9.890000343322754,10.100000381469727,9.616999626159668,9.920000076293945,291000,0.0,0.0
2024-12-04 00:00:00-05:00,10.0,10.029999732971191,9.109999656677246,9.430000305175781,364700,0.0,0.0
2024-12-05 00:00:00-05:00,9.59000015258789,10.050000190734863,9.039999961853027,9.789999961853027,365600,0.0,0.0
2024-12-06 00:00:00-05:00,9.829999923706055,9.862000465393066,9.100000381469727,9.609999656677246,226400,0.0,0.0
2024-12-09 00:00:00-05:00,9.640000343322754,9.640000343322754,8.800000190734863,9.1899995803833,573800,0.0,0.0
2024-12-10 00:00:00-05:00,9.130000114440918,9.616999626159668,9.029999732971191,9.489999771118164,263000,0.0,0.0
2024-12-11 00:00:00-05:00,9.670000076293945,10.029999732971191,9.390000343322754,9.859999656677246,322000,0.0,0.0
2024-12-12 00:00:00-05:00,9.75,9.774999618530273,9.029999732971191,9.119999885559082,184800,0.0,0.0
2024-12-13 00:00:00-05:00,9.119999885559082,9.25,8.90999984741211,9.050000190734863,146600,0.0,0.0
2024-12-16 00:00:00-05:00,8.979999542236328,9.210000038146973,8.949999809265137,9.180000305175781,184500,0.0,0.0
2024-12-17 00:00:00-05:00,9.229999542236328,10.0,9.199999809265137,9.40999984741211,333000,0.0,0.0
2024-12-18 00:00:00-05:00,9.5,9.9350004196167,8.800000190734863,8.949999809265137,288800,0.0,0.0
2024-12-19 00:00:00-05:00,9.399999618530273,9.399999618530273,8.600000381469727,8.640000343322754,327400,0.0,0.0
2024-12-20 00:00:00-05:00,8.470000267028809,8.821999549865723,8.170000076293945,8.59000015258789,354000,0.0,0.0
2024-12-23 00:00:00-05:00,8.449999809265137,9.335000038146973,8.449999809265137,9.220000267028809,333500,0.0,0.0
2024-12-24 00:00:00-05:00,9.5,11.145000457763672,9.40999984741211,10.829999923706055,868600,0.0,0.0
2024-12-26 00:00:00-05:00,11.489999771118164,11.925000190734863,10.90999984741211,11.84000015258789,585500,0.0,0.0
2024-12-27 00:00:00-05:00,12.010000228881836,12.114999771118164,10.699999809265137,11.020000457763672,420300,0.0,0.0
2024-12-30 00:00:00-05:00,11.100000381469727,11.869999885559082,10.6899995803833,11.489999771118164,426200,0.0,0.0
2024-12-31 00:00:00-05:00,12.079999923706055,12.4350004196167,11.527999877929688,11.75,916700,0.0,0.0
2025-01-02 00:00:00-05:00,11.829999923706055,12.050000190734863,10.833999633789062,11.489999771118164,521200,0.0,0.0
2025-01-03 00:00:00-05:00,11.510000228881836,12.300000190734863,11.3149995803833,12.289999961853027,332300,0.0,0.0
2025-01-06 00:00:00-05:00,12.279999732971191,12.279999732971191,11.289999961853027,11.609999656677246,468400,0.0,0.0
2025-01-07 00:00:00-05:00,11.4399995803833,11.609999656677246,10.949999809265137,11.329999923706055,292600,0.0,0.0
2025-01-08 00:00:00-05:00,11.039999961853027,11.526000022888184,10.890000343322754,11.399999618530273,255200,0.0,0.0
2025-01-10 00:00:00-05:00,11.020000457763672,11.359999656677246,10.680000305175781,10.699999809265137,236700,0.0,0.0
2025-01-13 00:00:00-05:00,10.5,10.5,9.34000015258789,9.4399995803833,369200,0.0,0.0
2025-01-14 00:00:00-05:00,9.5600004196167,9.890000343322754,9.345000267028809,9.569999694824219,147000,0.0,0.0
2025-01-15 00:00:00-05:00,9.420000076293945,9.619999885559082,7.360000133514404,8.0600004196167,1243700,0.0,0.0
2025-01-16 00:00:00-05:00,7.75,8.779999732971191,7.5,8.65999984741211,5293900,0.0,0.0
2025-01-17 00:00:00-05:00,9.0,9.180000305175781,8.770000457763672,8.899999618530273,1461500,0.0,0.0
2025-01-21 00:00:00-05:00,8.960000038146973,9.300000190734863,8.789999961853027,8.960000038146973,846400,0.0,0.0
2025-01-22 00:00:00-05:00,9.010000228881836,9.600000381469727,8.961000442504883,9.470000267028809,804100,0.0,0.0
2025-01-23 00:00:00-05:00,9.300000190734863,9.5600004196167,8.972999572753906,9.029999732971191,506600,0.0,0.0
2025-01-24 00:00:00-05:00,9.0,9.1899995803833,8.920000076293945,9.109999656677246,448100,0.0,0.0
2025-01-27 00:00:00-05:00,9.100000381469727,9.489999771118164,8.920000076293945,9.239999771118164,447000,0.0,0.0
2025-01-28 00:00:00-05:00,9.270000457763672,9.539999961853027,9.020000457763672,9.420000076293945,277458,0.0,0.0
