Date,Open,High,Low,Close,Volume,Dividends,Stock Splits
2022-01-03 00:00:00-05:00,9.84000015258789,9.930000305175781,9.84000015258789,9.90999984741211,90300,0.0,0.0
2022-01-04 00:00:00-05:00,9.930000305175781,9.9399995803833,9.90999984741211,9.920000076293945,110200,0.0,0.0
2022-01-05 00:00:00-05:00,9.90999984741211,9.949999809265137,9.90999984741211,9.949999809265137,52600,0.0,0.0
2022-01-06 00:00:00-05:00,9.899999618530273,9.930000305175781,9.899999618530273,9.928000450134277,489400,0.0,0.0
2022-01-07 00:00:00-05:00,9.909000396728516,9.930000305175781,9.899999618530273,9.899999618530273,12200,0.0,0.0
2022-01-10 00:00:00-05:00,9.914999961853027,9.920000076293945,9.890000343322754,9.904999732971191,12100,0.0,0.0
2022-01-11 00:00:00-05:00,9.899999618530273,9.90999984741211,9.899999618530273,9.90999984741211,1600,0.0,0.0
2022-01-12 00:00:00-05:00,9.960000038146973,9.960000038146973,9.899999618530273,9.914999961853027,2100,0.0,0.0
2022-01-13 00:00:00-05:00,9.913999557495117,9.930000305175781,9.899999618530273,9.899999618530273,2400,0.0,0.0
2022-01-14 00:00:00-05:00,9.899999618530273,9.90999984741211,9.899999618530273,9.899999618530273,1100,0.0,0.0
2022-01-18 00:00:00-05:00,9.869999885559082,9.920000076293945,9.869999885559082,9.880000114440918,38500,0.0,0.0
2022-01-19 00:00:00-05:00,9.89900016784668,9.89900016784668,9.890000343322754,9.890000343322754,1600,0.0,0.0
2022-01-20 00:00:00-05:00,9.920000076293945,9.920000076293945,9.904999732971191,9.904999732971191,800,0.0,0.0
2022-01-21 00:00:00-05:00,9.850000381469727,9.90999984741211,9.850000381469727,9.899999618530273,13900,0.0,0.0
2022-01-24 00:00:00-05:00,9.890000343322754,9.899999618530273,9.890000343322754,9.890000343322754,76300,0.0,0.0
2022-01-25 00:00:00-05:00,9.869999885559082,9.920000076293945,9.869999885559082,9.885000228881836,10000,0.0,0.0
2022-01-26 00:00:00-05:00,9.9399995803833,9.9399995803833,9.890000343322754,9.890000343322754,2900,0.0,0.0
2022-01-27 00:00:00-05:00,9.90999984741211,9.90999984741211,9.880000114440918,9.899999618530273,76700,0.0,0.0
2022-01-28 00:00:00-05:00,9.850000381469727,9.899999618530273,9.850000381469727,9.890000343322754,323900,0.0,0.0
2022-01-31 00:00:00-05:00,9.880000114440918,9.899999618530273,9.880000114440918,9.890000343322754,35500,0.0,0.0
2022-02-01 00:00:00-05:00,9.90999984741211,9.90999984741211,9.890000343322754,9.90999984741211,184800,0.0,0.0
2022-02-02 00:00:00-05:00,9.899999618530273,9.930000305175781,9.899999618530273,9.920000076293945,116800,0.0,0.0
2022-02-03 00:00:00-05:00,9.899999618530273,9.930000305175781,9.899999618530273,9.920000076293945,45100,0.0,0.0
2022-02-04 00:00:00-05:00,9.918999671936035,9.930000305175781,9.918999671936035,9.930000305175781,32500,0.0,0.0
2022-02-07 00:00:00-05:00,9.920000076293945,9.930000305175781,9.920000076293945,9.930000305175781,9600,0.0,0.0
2022-02-08 00:00:00-05:00,9.90999984741211,9.930000305175781,9.90999984741211,9.920000076293945,8500,0.0,0.0
2022-02-09 00:00:00-05:00,9.920000076293945,9.920000076293945,9.899999618530273,9.90999984741211,17500,0.0,0.0
2022-02-10 00:00:00-05:00,9.899999618530273,9.920000076293945,9.899999618530273,9.920000076293945,8300,0.0,0.0
2022-02-11 00:00:00-05:00,9.90999984741211,9.930000305175781,9.90999984741211,9.920000076293945,53600,0.0,0.0
2022-02-14 00:00:00-05:00,9.90999984741211,9.9399995803833,9.90999984741211,9.9399995803833,1013100,0.0,0.0
2022-02-15 00:00:00-05:00,9.949999809265137,9.96500015258789,9.9399995803833,9.960000038146973,519200,0.0,0.0
2022-02-16 00:00:00-05:00,9.949999809265137,9.970000267028809,9.949999809265137,9.949999809265137,57100,0.0,0.0
2022-02-17 00:00:00-05:00,9.949999809265137,9.960000038146973,9.949999809265137,9.949999809265137,225600,0.0,0.0
2022-02-18 00:00:00-05:00,9.960000038146973,9.960000038146973,9.949999809265137,9.954999923706055,160500,0.0,0.0
2022-02-22 00:00:00-05:00,9.960000038146973,9.960000038146973,9.949999809265137,9.949999809265137,136500,0.0,0.0
2022-02-23 00:00:00-05:00,9.949999809265137,9.960000038146973,9.949999809265137,9.960000038146973,27500,0.0,0.0
2022-02-24 00:00:00-05:00,9.949999809265137,9.960000038146973,9.949999809265137,9.954999923706055,230900,0.0,0.0
2022-02-25 00:00:00-05:00,9.960000038146973,9.970000267028809,9.949999809265137,9.970000267028809,525500,0.0,0.0
2022-02-28 00:00:00-05:00,9.960000038146973,9.970000267028809,9.949999809265137,9.951000213623047,693100,0.0,0.0
2022-03-01 00:00:00-05:00,9.960000038146973,9.970000267028809,9.960000038146973,9.970000267028809,33700,0.0,0.0
2022-03-02 00:00:00-05:00,9.970000267028809,9.970000267028809,9.960000038146973,9.960000038146973,1705600,0.0,0.0
2022-03-03 00:00:00-05:00,9.961000442504883,9.970000267028809,9.949999809265137,9.960000038146973,310500,0.0,0.0
2022-03-04 00:00:00-05:00,9.960000038146973,9.970000267028809,9.960000038146973,9.960000038146973,892900,0.0,0.0
2022-03-07 00:00:00-05:00,9.960000038146973,9.979999542236328,9.960000038146973,9.970000267028809,1817900,0.0,0.0
2022-03-08 00:00:00-05:00,9.975000381469727,9.979999542236328,9.970000267028809,9.979999542236328,365000,0.0,0.0
2022-03-09 00:00:00-05:00,9.970000267028809,9.989999771118164,9.970000267028809,9.989999771118164,214500,0.0,0.0
2022-03-10 00:00:00-05:00,9.760000228881836,9.760000228881836,9.329999923706055,9.550000190734863,130700,0.0,0.0
2022-03-11 00:00:00-05:00,9.579999923706055,9.699999809265137,9.25,9.4399995803833,103400,0.0,0.0
2022-03-14 00:00:00-04:00,9.380000114440918,10.300000190734863,9.300000190734863,9.569999694824219,215000,0.0,0.0
2022-03-15 00:00:00-04:00,9.5600004196167,9.869999885559082,9.210000038146973,9.569999694824219,170100,0.0,0.0
2022-03-16 00:00:00-04:00,9.5,10.0,9.100000381469727,9.800000190734863,72300,0.0,0.0
2022-03-17 00:00:00-04:00,9.90999984741211,10.329999923706055,9.770000457763672,9.90999984741211,128500,0.0,0.0
2022-03-18 00:00:00-04:00,9.880000114440918,10.039999961853027,9.829999923706055,9.890000343322754,34500,0.0,0.0
2022-03-21 00:00:00-04:00,10.819999694824219,10.890000343322754,10.015000343322754,10.109999656677246,271800,0.0,0.0
2022-03-22 00:00:00-04:00,11.0600004196167,26.899999618530273,11.0600004196167,16.149999618530273,3587200,0.0,0.0
2022-03-23 00:00:00-04:00,17.450000762939453,17.700000762939453,14.0600004196167,14.239999771118164,876400,0.0,0.0
2022-03-24 00:00:00-04:00,14.010000228881836,14.579999923706055,11.9399995803833,12.449999809265137,604600,0.0,0.0
2022-03-25 00:00:00-04:00,12.520000457763672,24.6200008392334,12.510000228881836,18.700000762939453,9588100,0.0,0.0
2022-03-28 00:00:00-04:00,19.440000534057617,20.940000534057617,16.889999389648438,20.75,2360400,0.0,0.0
2022-03-29 00:00:00-04:00,19.43000030517578,22.389999389648438,18.6200008392334,21.639999389648438,1445000,0.0,0.0
2022-03-30 00:00:00-04:00,21.290000915527344,44.68000030517578,21.040000915527344,37.63999938964844,9573600,0.0,0.0
2022-03-31 00:00:00-04:00,37.0,47.5,31.569000244140625,33.880001068115234,5902600,0.0,0.0
2022-04-01 00:00:00-04:00,34.59000015258789,36.470001220703125,29.6200008392334,29.68000030517578,1039300,0.0,0.0
2022-04-04 00:00:00-04:00,27.329999923706055,28.5,22.0,23.200000762939453,980800,0.0,0.0
2022-04-05 00:00:00-04:00,23.350000381469727,27.860000610351562,21.700000762939453,26.200000762939453,1605200,0.0,0.0
2022-04-06 00:00:00-04:00,23.979999542236328,23.98699951171875,20.43000030517578,20.600000381469727,436200,0.0,0.0
2022-04-07 00:00:00-04:00,20.68000030517578,21.399999618530273,18.65999984741211,19.639999389648438,423500,0.0,0.0
2022-04-08 00:00:00-04:00,19.639999389648438,20.989999771118164,17.799999237060547,18.479999542236328,321000,0.0,0.0
2022-04-11 00:00:00-04:00,18.389999389648438,20.049999237060547,18.100000381469727,19.780000686645508,449800,0.0,0.0
2022-04-12 00:00:00-04:00,19.450000762939453,20.049999237060547,18.06999969482422,18.440000534057617,181600,0.0,0.0
2022-04-13 00:00:00-04:00,17.969999313354492,18.920000076293945,16.559999465942383,16.799999237060547,186300,0.0,0.0
2022-04-14 00:00:00-04:00,16.260000228881836,16.599000930786133,13.4399995803833,13.5600004196167,420600,0.0,0.0
2022-04-18 00:00:00-04:00,13.970000267028809,17.829999923706055,12.199999809265137,12.699999809265137,3017500,0.0,0.0
2022-04-19 00:00:00-04:00,12.5,13.095000267028809,12.100000381469727,12.3100004196167,475700,0.0,0.0
2022-04-20 00:00:00-04:00,12.369999885559082,13.390000343322754,11.399999618530273,12.329999923706055,449100,0.0,0.0
2022-04-21 00:00:00-04:00,12.199999809265137,12.699999809265137,11.420000076293945,11.699999809265137,347500,0.0,0.0
2022-04-22 00:00:00-04:00,11.260000228881836,20.1299991607666,11.25,14.039999961853027,9352500,0.0,0.0
2022-04-25 00:00:00-04:00,13.550000190734863,14.5,12.25,13.149999618530273,1281900,0.0,0.0
2022-04-26 00:00:00-04:00,12.65999984741211,20.56999969482422,12.539999961853027,18.459999084472656,7054100,0.0,0.0
2022-04-27 00:00:00-04:00,17.459999084472656,19.7189998626709,14.130000114440918,15.130000114440918,2635700,0.0,0.0
2022-04-28 00:00:00-04:00,14.829999923706055,16.940000534057617,14.503000259399414,16.309999465942383,1047400,0.0,0.0
2022-04-29 00:00:00-04:00,15.359999656677246,20.18000030517578,15.119999885559082,18.899999618530273,1727000,0.0,0.0
2022-05-02 00:00:00-04:00,18.530000686645508,28.670000076293945,18.020000457763672,27.280000686645508,5846600,0.0,0.0
2022-05-03 00:00:00-04:00,25.799999237060547,29.719999313354492,23.010000228881836,28.31999969482422,2785700,0.0,0.0
2022-05-04 00:00:00-04:00,28.299999237060547,34.77000045776367,25.649999618530273,34.66999816894531,3573400,0.0,0.0
2022-05-05 00:00:00-04:00,33.5,34.77000045776367,23.924999237060547,27.0,2076800,0.0,0.0
2022-05-06 00:00:00-04:00,25.920000076293945,32.58000183105469,25.110000610351562,32.58000183105469,1722300,0.0,0.0
2022-05-09 00:00:00-04:00,31.040000915527344,31.040000915527344,22.309999465942383,23.59000015258789,1450700,0.0,0.0
2022-05-10 00:00:00-04:00,25.170000076293945,26.479999542236328,22.020000457763672,25.1299991607666,1138100,0.0,0.0
2022-05-11 00:00:00-04:00,24.600000381469727,25.540000915527344,23.020000457763672,24.860000610351562,556600,0.0,0.0
2022-05-12 00:00:00-04:00,23.5,29.290000915527344,20.885000228881836,28.049999237060547,1042300,0.0,0.0
2022-05-13 00:00:00-04:00,27.260000228881836,29.110000610351562,26.959999084472656,28.09000015258789,699500,0.0,0.0
2022-05-16 00:00:00-04:00,27.15999984741211,27.850000381469727,17.100000381469727,17.489999771118164,1119600,0.0,0.0
2022-05-17 00:00:00-04:00,17.899999618530273,22.959999084472656,17.899999618530273,21.8799991607666,1876400,0.0,0.0
2022-05-18 00:00:00-04:00,20.5,22.030000686645508,19.510000228881836,21.3799991607666,618300,0.0,0.0
2022-05-19 00:00:00-04:00,19.860000610351562,22.030000686645508,19.860000610351562,20.8700008392334,758100,0.0,0.0
2022-05-20 00:00:00-04:00,21.440000534057617,22.450000762939453,17.260000228881836,17.709999084472656,732600,0.0,0.0
2022-05-23 00:00:00-04:00,18.510000228881836,22.621000289916992,18.454999923706055,21.049999237060547,2185600,0.0,0.0
2022-05-24 00:00:00-04:00,20.190000534057617,20.450000762939453,17.51099967956543,18.209999084472656,1082600,0.0,0.0
2022-05-25 00:00:00-04:00,18.389999389648438,18.959999084472656,17.110000610351562,17.84000015258789,522800,0.0,0.0
2022-05-26 00:00:00-04:00,17.350000381469727,18.649999618530273,17.1200008392334,18.049999237060547,448400,0.0,0.0
2022-05-27 00:00:00-04:00,17.75,18.690000534057617,17.31999969482422,17.739999771118164,497700,0.0,0.0
2022-05-31 00:00:00-04:00,17.479999542236328,19.989999771118164,17.479999542236328,19.56999969482422,1182300,0.0,0.0
2022-06-01 00:00:00-04:00,19.3799991607666,21.239999771118164,18.81999969482422,20.260000228881836,1379800,0.0,0.0
2022-06-02 00:00:00-04:00,19.850000381469727,20.399999618530273,18.399999618530273,18.479999542236328,844700,0.0,0.0
2022-06-03 00:00:00-04:00,18.239999771118164,18.700000762939453,17.260000228881836,18.31999969482422,731500,0.0,0.0
2022-06-06 00:00:00-04:00,17.8700008392334,18.68000030517578,13.350000381469727,13.59000015258789,1845600,0.0,0.0
2022-06-07 00:00:00-04:00,14.199999809265137,15.5,13.800000190734863,14.829999923706055,1054300,0.0,0.0
2022-06-08 00:00:00-04:00,14.399999618530273,14.789999961853027,13.899999618530273,14.390000343322754,725800,0.0,0.0
2022-06-09 00:00:00-04:00,11.859999656677246,11.930000305175781,9.609999656677246,10.760000228881836,3030400,0.0,0.0
2022-06-10 00:00:00-04:00,10.180000305175781,10.930000305175781,9.390000343322754,10.489999771118164,1173900,0.0,0.0
2022-06-13 00:00:00-04:00,10.0,10.4399995803833,9.770000457763672,10.399999618530273,612300,0.0,0.0
2022-06-14 00:00:00-04:00,10.569999694824219,10.789999961853027,10.010000228881836,10.65999984741211,679600,0.0,0.0
2022-06-15 00:00:00-04:00,10.369999885559082,11.850000381469727,10.300000190734863,11.609999656677246,1514800,0.0,0.0
2022-06-16 00:00:00-04:00,11.289999961853027,11.9399995803833,11.289999961853027,11.84000015258789,1956400,0.0,0.0
2022-06-17 00:00:00-04:00,11.800000190734863,12.039999961853027,11.73900032043457,12.010000228881836,7660400,0.0,0.0
2022-06-21 00:00:00-04:00,12.010000228881836,12.199999809265137,11.781000137329102,11.989999771118164,903900,0.0,0.0
2022-06-22 00:00:00-04:00,11.699999809265137,11.869999885559082,11.180000305175781,11.75,389600,0.0,0.0
2022-06-23 00:00:00-04:00,11.510000228881836,11.71500015258789,10.890000343322754,11.050000190734863,750800,0.0,0.0
2022-06-24 00:00:00-04:00,11.119999885559082,11.520000457763672,10.75,10.789999961853027,513000,0.0,0.0
2022-06-27 00:00:00-04:00,10.930000305175781,11.199999809265137,10.800000190734863,11.119999885559082,326200,0.0,0.0
2022-06-28 00:00:00-04:00,11.130000114440918,11.449999809265137,10.729999542236328,11.4399995803833,388400,0.0,0.0
2022-06-29 00:00:00-04:00,11.319999694824219,11.319999694824219,10.550000190734863,10.600000381469727,538600,0.0,0.0
2022-06-30 00:00:00-04:00,10.539999961853027,10.869999885559082,10.260000228881836,10.40999984741211,473000,0.0,0.0
2022-07-01 00:00:00-04:00,10.40999984741211,10.529999732971191,10.3100004196167,10.34000015258789,309500,0.0,0.0
2022-07-05 00:00:00-04:00,9.949999809265137,10.359999656677246,9.845000267028809,10.289999961853027,249200,0.0,0.0
2022-07-06 00:00:00-04:00,10.34000015258789,10.399999618530273,8.699999809265137,8.760000228881836,585900,0.0,0.0
2022-07-07 00:00:00-04:00,8.789999961853027,9.079999923706055,8.420999526977539,8.529999732971191,484900,0.0,0.0
2022-07-08 00:00:00-04:00,8.5,8.5,7.949999809265137,7.949999809265137,485300,0.0,0.0
2022-07-11 00:00:00-04:00,7.840000152587891,8.050000190734863,7.110000133514404,7.230000019073486,416900,0.0,0.0
2022-07-12 00:00:00-04:00,7.25,7.360000133514404,7.025000095367432,7.090000152587891,327500,0.0,0.0
2022-07-13 00:00:00-04:00,6.800000190734863,6.920000076293945,6.15500020980835,6.170000076293945,417300,0.0,0.0
2022-07-14 00:00:00-04:00,6.070000171661377,6.197000026702881,5.71999979019165,5.940000057220459,357900,0.0,0.0
2022-07-15 00:00:00-04:00,5.869999885559082,6.630000114440918,5.760000228881836,6.360000133514404,520000,0.0,0.0
2022-07-18 00:00:00-04:00,6.380000114440918,6.440000057220459,5.889999866485596,5.929999828338623,400600,0.0,0.0
2022-07-19 00:00:00-04:00,5.880000114440918,6.079999923706055,5.769999980926514,6.059999942779541,314400,0.0,0.0
2022-07-20 00:00:00-04:00,6.079999923706055,6.428999900817871,5.96999979019165,6.079999923706055,418200,0.0,0.0
2022-07-21 00:00:00-04:00,6.079999923706055,6.110000133514404,5.840000152587891,5.960000038146973,220900,0.0,0.0
2022-07-22 00:00:00-04:00,5.989999771118164,6.03000020980835,5.639999866485596,5.849999904632568,274700,0.0,0.0
2022-07-25 00:00:00-04:00,5.789999961853027,5.800000190734863,5.550000190734863,5.639999866485596,170300,0.0,0.0
2022-07-26 00:00:00-04:00,5.599999904632568,5.670000076293945,5.400000095367432,5.409999847412109,293700,0.0,0.0
2022-07-27 00:00:00-04:00,5.380000114440918,5.480000019073486,5.199999809265137,5.420000076293945,183100,0.0,0.0
2022-07-28 00:00:00-04:00,5.449999809265137,5.489999771118164,5.119999885559082,5.380000114440918,179800,0.0,0.0
2022-07-29 00:00:00-04:00,5.320000171661377,5.409999847412109,4.989999771118164,5.340000152587891,357500,0.0,0.0
2022-08-01 00:00:00-04:00,5.230000019073486,5.28000020980835,4.934999942779541,5.039999961853027,232300,0.0,0.0
2022-08-02 00:00:00-04:00,5.130000114440918,5.130000114440918,4.650000095367432,4.690000057220459,420800,0.0,0.0
2022-08-03 00:00:00-04:00,4.619999885559082,4.760000228881836,4.489999771118164,4.550000190734863,375400,0.0,0.0
2022-08-04 00:00:00-04:00,4.510000228881836,9.399999618530273,4.510000228881836,6.050000190734863,22676400,0.0,0.0
2022-08-05 00:00:00-04:00,5.670000076293945,5.670000076293945,5.0,5.130000114440918,1744200,0.0,0.0
2022-08-08 00:00:00-04:00,5.059999942779541,5.394999980926514,4.75,4.760000228881836,1408100,0.0,0.0
2022-08-09 00:00:00-04:00,4.659999847412109,4.688000202178955,4.269999980926514,4.53000020980835,954500,0.0,0.0
2022-08-10 00:00:00-04:00,4.610000133514404,4.800000190734863,4.309999942779541,4.369999885559082,1537400,0.0,0.0
2022-08-11 00:00:00-04:00,4.380000114440918,4.610000133514404,4.320000171661377,4.389999866485596,619200,0.0,0.0
2022-08-12 00:00:00-04:00,4.380000114440918,4.392000198364258,3.9000000953674316,4.03000020980835,974200,0.0,0.0
2022-08-15 00:00:00-04:00,4.0,4.085000038146973,3.930000066757202,3.9700000286102295,355600,0.0,0.0
2022-08-16 00:00:00-04:00,4.0,4.0,3.7699999809265137,3.8399999141693115,686900,0.0,0.0
2022-08-17 00:00:00-04:00,3.75,4.199999809265137,3.640000104904175,3.990000009536743,840600,0.0,0.0
2022-08-18 00:00:00-04:00,3.9700000286102295,4.150000095367432,3.859999895095825,3.9000000953674316,509000,0.0,0.0
2022-08-19 00:00:00-04:00,3.9000000953674316,3.9700000286102295,3.630000114440918,3.640000104904175,421500,0.0,0.0
2022-08-22 00:00:00-04:00,3.5999999046325684,3.859999895095825,3.4600000381469727,3.740000009536743,748200,0.0,0.0
2022-08-23 00:00:00-04:00,3.680000066757202,3.7300000190734863,3.25,3.369999885559082,726700,0.0,0.0
2022-08-24 00:00:00-04:00,3.380000114440918,3.450000047683716,3.240000009536743,3.2699999809265137,833800,0.0,0.0
2022-08-25 00:00:00-04:00,3.259999990463257,3.390000104904175,3.2100000381469727,3.3299999237060547,372300,0.0,0.0
2022-08-26 00:00:00-04:00,3.3499999046325684,3.430000066757202,3.109999895095825,3.130000114440918,395900,0.0,0.0
2022-08-29 00:00:00-04:00,3.1700000762939453,3.559999942779541,3.130000114440918,3.450000047683716,521400,0.0,0.0
2022-08-30 00:00:00-04:00,3.450000047683716,5.28000020980835,3.3499999046325684,4.170000076293945,26946100,0.0,0.0
2022-08-31 00:00:00-04:00,3.9200000762939453,4.199999809265137,3.7200000286102295,3.819999933242798,1279200,0.0,0.0
2022-09-01 00:00:00-04:00,3.5999999046325684,3.7079999446868896,3.25,3.390000104904175,830100,0.0,0.0
2022-09-02 00:00:00-04:00,3.359999895095825,4.400000095367432,3.359999895095825,3.759999990463257,6355200,0.0,0.0
2022-09-06 00:00:00-04:00,3.630000114440918,3.75,3.5199999809265137,3.549999952316284,649700,0.0,0.0
2022-09-07 00:00:00-04:00,3.4700000286102295,3.930000066757202,3.319999933242798,3.890000104904175,663400,0.0,0.0
2022-09-08 00:00:00-04:00,3.880000114440918,4.538000106811523,3.75,3.7699999809265137,2519400,0.0,0.0
2022-09-09 00:00:00-04:00,3.8499999046325684,4.460000038146973,3.8399999141693115,4.380000114440918,907300,0.0,0.0
2022-09-12 00:00:00-04:00,4.389999866485596,4.427000045776367,3.8499999046325684,4.039999961853027,948600,0.0,0.0
2022-09-13 00:00:00-04:00,3.950000047683716,4.460000038146973,3.7799999713897705,3.7899999618530273,1118900,0.0,0.0
2022-09-14 00:00:00-04:00,3.8399999141693115,3.8399999141693115,3.440000057220459,3.5299999713897705,746300,0.0,0.0
2022-09-15 00:00:00-04:00,3.5399999618530273,3.890000104904175,3.5399999618530273,3.7799999713897705,555600,0.0,0.0
2022-09-16 00:00:00-04:00,3.75,4.139999866485596,3.259999990463257,3.549999952316284,1662100,0.0,0.0
2022-09-19 00:00:00-04:00,3.3499999046325684,3.380000114440918,2.799999952316284,2.869999885559082,2550300,0.0,0.0
2022-09-20 00:00:00-04:00,2.9000000953674316,2.9600000381469727,2.680000066757202,2.680000066757202,763300,0.0,0.0
2022-09-21 00:00:00-04:00,2.7100000381469727,2.759999990463257,2.2300000190734863,2.309999942779541,1278000,0.0,0.0
2022-09-22 00:00:00-04:00,2.2699999809265137,2.4000000953674316,1.9500000476837158,2.0799999237060547,1602000,0.0,0.0
2022-09-23 00:00:00-04:00,2.0399999618530273,2.3499999046325684,1.8600000143051147,1.899999976158142,2663900,0.0,0.0
2022-09-26 00:00:00-04:00,2.0,2.119999885559082,1.850000023841858,1.8899999856948853,1082200,0.0,0.0
2022-09-27 00:00:00-04:00,1.940000057220459,1.940000057220459,1.75,1.7899999618530273,1282200,0.0,0.0
2022-09-28 00:00:00-04:00,1.8799999952316284,1.9800000190734863,1.809999942779541,1.9500000476837158,1036600,0.0,0.0
2022-09-29 00:00:00-04:00,1.899999976158142,1.899999976158142,1.7300000190734863,1.7599999904632568,732100,0.0,0.0
2022-09-30 00:00:00-04:00,1.7599999904632568,1.8300000429153442,1.7200000286102295,1.75,468400,0.0,0.0
2022-10-03 00:00:00-04:00,1.7999999523162842,1.7999999523162842,1.6299999952316284,1.7000000476837158,1027300,0.0,0.0
2022-10-04 00:00:00-04:00,1.7200000286102295,1.8660000562667847,1.649999976158142,1.7100000381469727,929800,0.0,0.0
2022-10-05 00:00:00-04:00,1.6799999475479126,1.690000057220459,1.5199999809265137,1.5399999618530273,1146300,0.0,0.0
2022-10-06 00:00:00-04:00,1.5299999713897705,1.5800000429153442,1.440000057220459,1.4500000476837158,1186500,0.0,0.0
2022-10-07 00:00:00-04:00,1.440000057220459,1.5099999904632568,1.3899999856948853,1.409999966621399,848400,0.0,0.0
2022-10-10 00:00:00-04:00,1.399999976158142,1.4500000476837158,1.3600000143051147,1.399999976158142,390100,0.0,0.0
2022-10-11 00:00:00-04:00,1.5,1.5499999523162842,1.2899999618530273,1.340000033378601,694100,0.0,0.0
2022-10-12 00:00:00-04:00,1.340000033378601,1.440000057220459,1.340000033378601,1.399999976158142,492200,0.0,0.0
2022-10-13 00:00:00-04:00,1.3700000047683716,1.600000023841858,1.309999942779541,1.5099999904632568,1311300,0.0,0.0
2022-10-14 00:00:00-04:00,1.5199999809265137,1.7999999523162842,1.440000057220459,1.4500000476837158,1382400,0.0,0.0
2022-10-17 00:00:00-04:00,1.399999976158142,1.7999999523162842,1.399999976158142,1.7599999904632568,1659200,0.0,0.0
2022-10-18 00:00:00-04:00,1.8600000143051147,2.0,1.6230000257492065,1.7400000095367432,1276000,0.0,0.0
2022-10-19 00:00:00-04:00,1.7000000476837158,1.7400000095367432,1.6100000143051147,1.6299999952316284,475800,0.0,0.0
2022-10-20 00:00:00-04:00,1.590000033378601,1.7100000381469727,1.5800000429153442,1.590000033378601,241400,0.0,0.0
2022-10-21 00:00:00-04:00,1.7000000476837158,1.7000000476837158,1.4199999570846558,1.590000033378601,872500,0.0,0.0
2022-10-24 00:00:00-04:00,1.5399999618530273,1.6100000143051147,1.4600000381469727,1.5299999713897705,433000,0.0,0.0
2022-10-25 00:00:00-04:00,1.5199999809265137,1.659999966621399,1.5099999904632568,1.6399999856948853,439900,0.0,0.0
2022-10-26 00:00:00-04:00,1.590000033378601,1.7699999809265137,1.590000033378601,1.7100000381469727,608600,0.0,0.0
2022-10-27 00:00:00-04:00,1.7400000095367432,1.8799999952316284,1.6100000143051147,1.6200000047683716,423700,0.0,0.0
2022-10-28 00:00:00-04:00,1.6100000143051147,1.7259999513626099,1.5800000429153442,1.6299999952316284,569200,0.0,0.0
2022-10-31 00:00:00-04:00,1.600000023841858,1.690000057220459,1.5499999523162842,1.5499999523162842,269300,0.0,0.0
2022-11-01 00:00:00-04:00,1.6100000143051147,1.6540000438690186,1.5399999618530273,1.559999942779541,467600,0.0,0.0
2022-11-02 00:00:00-04:00,1.5700000524520874,1.649999976158142,1.4700000286102295,1.5,651500,0.0,0.0
2022-11-03 00:00:00-04:00,1.4800000190734863,1.559999942779541,1.4520000219345093,1.559999942779541,290300,0.0,0.0
2022-11-04 00:00:00-04:00,1.5700000524520874,1.7079999446868896,1.5199999809265137,1.590000033378601,424000,0.0,0.0
2022-11-07 00:00:00-05:00,1.6299999952316284,1.659999966621399,1.440000057220459,1.4900000095367432,424800,0.0,0.0
2022-11-08 00:00:00-05:00,1.5099999904632568,1.5700000524520874,1.4299999475479126,1.4600000381469727,316200,0.0,0.0
2022-11-09 00:00:00-05:00,1.4800000190734863,1.6100000143051147,1.409999966621399,1.4800000190734863,477800,0.0,0.0
2022-11-10 00:00:00-05:00,1.5800000429153442,1.8600000143051147,1.4800000190734863,1.559999942779541,1170800,0.0,0.0
2022-11-11 00:00:00-05:00,1.600000023841858,1.6749999523162842,1.5700000524520874,1.6100000143051147,893700,0.0,0.0
2022-11-14 00:00:00-05:00,1.600000023841858,1.6799999475479126,1.590000033378601,1.590000033378601,332000,0.0,0.0
2022-11-15 00:00:00-05:00,1.649999976158142,1.7300000190734863,1.5700000524520874,1.590000033378601,510300,0.0,0.0
2022-11-16 00:00:00-05:00,1.6200000047683716,1.8300000429153442,1.5700000524520874,1.5800000429153442,1033000,0.0,0.0
2022-11-17 00:00:00-05:00,1.5800000429153442,1.5800000429153442,1.4800000190734863,1.5,395200,0.0,0.0
2022-11-18 00:00:00-05:00,1.5700000524520874,1.5700000524520874,1.4199999570846558,1.5199999809265137,340200,0.0,0.0
2022-11-21 00:00:00-05:00,1.5499999523162842,1.559000015258789,1.4500000476837158,1.4600000381469727,216600,0.0,0.0
2022-11-22 00:00:00-05:00,1.4900000095367432,1.5,1.409999966621399,1.409999966621399,146700,0.0,0.0
2022-11-23 00:00:00-05:00,1.409999966621399,1.4800000190734863,1.3799999952316284,1.4500000476837158,327500,0.0,0.0
2022-11-25 00:00:00-05:00,1.4199999570846558,1.5199999809265137,1.4010000228881836,1.4900000095367432,87600,0.0,0.0
2022-11-28 00:00:00-05:00,1.4600000381469727,1.5399999618530273,1.3700000047683716,1.3899999856948853,265600,0.0,0.0
2022-11-29 00:00:00-05:00,1.399999976158142,1.409999966621399,1.2920000553131104,1.350000023841858,334400,0.0,0.0
2022-11-30 00:00:00-05:00,1.3300000429153442,1.3949999809265137,1.2610000371932983,1.3799999952316284,961200,0.0,0.0
2022-12-01 00:00:00-05:00,1.3300000429153442,1.4600000381469727,1.2699999809265137,1.3700000047683716,433600,0.0,0.0
2022-12-02 00:00:00-05:00,1.350000023841858,1.399999976158142,1.309999942779541,1.3799999952316284,195300,0.0,0.0
2022-12-05 00:00:00-05:00,1.3899999856948853,1.8300000429153442,1.3899999856948853,1.5499999523162842,4297500,0.0,0.0
2022-12-06 00:00:00-05:00,1.5399999618530273,1.5700000524520874,1.3600000143051147,1.4500000476837158,726700,0.0,0.0
2022-12-07 00:00:00-05:00,1.4199999570846558,1.4900000095367432,1.350000023841858,1.3700000047683716,367000,0.0,0.0
2022-12-08 00:00:00-05:00,1.3899999856948853,1.399999976158142,1.2799999713897705,1.3300000429153442,819600,0.0,0.0
2022-12-09 00:00:00-05:00,1.3300000429153442,1.3700000047683716,1.2699999809265137,1.3300000429153442,425100,0.0,0.0
2022-12-12 00:00:00-05:00,1.340000033378601,1.440000057220459,1.3300000429153442,1.3600000143051147,498900,0.0,0.0
2022-12-13 00:00:00-05:00,1.3899999856948853,1.600000023841858,1.350000023841858,1.4900000095367432,746500,0.0,0.0
2022-12-14 00:00:00-05:00,1.4800000190734863,1.600000023841858,1.4299999475479126,1.5,980900,0.0,0.0
2022-12-15 00:00:00-05:00,1.5399999618530273,1.5800000429153442,1.4600000381469727,1.559999942779541,1251200,0.0,0.0
2022-12-16 00:00:00-05:00,1.5099999904632568,1.5700000524520874,1.4800000190734863,1.5399999618530273,1324800,0.0,0.0
2022-12-19 00:00:00-05:00,1.5299999713897705,1.6100000143051147,1.4500000476837158,1.5099999904632568,1310500,0.0,0.0
2022-12-20 00:00:00-05:00,1.4700000286102295,1.5499999523162842,1.4450000524520874,1.5099999904632568,1143100,0.0,0.0
2022-12-21 00:00:00-05:00,1.5099999904632568,1.5499999523162842,1.4299999475479126,1.5,387200,0.0,0.0
2022-12-22 00:00:00-05:00,1.4900000095367432,1.5499999523162842,1.4600000381469727,1.4800000190734863,177800,0.0,0.0
2022-12-23 00:00:00-05:00,1.4500000476837158,1.5199999809265137,1.4500000476837158,1.5199999809265137,203300,0.0,0.0
2022-12-27 00:00:00-05:00,1.5299999713897705,1.5800000429153442,1.5,1.5499999523162842,308100,0.0,0.0
2022-12-28 00:00:00-05:00,1.559999942779541,1.590000033378601,1.5099999904632568,1.5199999809265137,282700,0.0,0.0
2022-12-29 00:00:00-05:00,1.5199999809265137,1.559999942779541,1.4529999494552612,1.5499999523162842,335000,0.0,0.0
2022-12-30 00:00:00-05:00,1.559999942779541,1.7899999618530273,1.5399999618530273,1.7300000190734863,586700,0.0,0.0
2023-01-03 00:00:00-05:00,1.7400000095367432,1.909999966621399,1.6799999475479126,1.7100000381469727,451100,0.0,0.0
2023-01-04 00:00:00-05:00,1.7100000381469727,1.840000033378601,1.6799999475479126,1.7200000286102295,510000,0.0,0.0
2023-01-05 00:00:00-05:00,1.6699999570846558,1.7799999713897705,1.659999966621399,1.75,239200,0.0,0.0
2023-01-06 00:00:00-05:00,1.7400000095367432,1.909999966621399,1.7200000286102295,1.7899999618530273,506600,0.0,0.0
2023-01-09 00:00:00-05:00,1.8799999952316284,1.8899999856948853,1.7690000534057617,1.7899999618530273,300400,0.0,0.0
2023-01-10 00:00:00-05:00,1.75,2.0899999141693115,1.75,1.9199999570846558,711800,0.0,0.0
2023-01-11 00:00:00-05:00,1.940000057220459,2.240000009536743,1.8899999856948853,2.009999990463257,681500,0.0,0.0
2023-01-12 00:00:00-05:00,2.0199999809265137,2.109999895095825,1.934999942779541,2.0,538400,0.0,0.0
2023-01-13 00:00:00-05:00,1.940000057220459,2.109999895095825,1.940000057220459,1.9900000095367432,499700,0.0,0.0
2023-01-17 00:00:00-05:00,1.9900000095367432,2.069000005722046,1.9199999570846558,1.9600000381469727,394500,0.0,0.0
2023-01-18 00:00:00-05:00,1.9299999475479126,2.1700000762939453,1.9299999475479126,2.069999933242798,359100,0.0,0.0
2023-01-19 00:00:00-05:00,2.0399999618530273,2.0799999237060547,1.8200000524520874,1.8200000524520874,392600,0.0,0.0
2023-01-20 00:00:00-05:00,1.899999976158142,1.9500000476837158,1.850000023841858,1.940000057220459,180100,0.0,0.0
2023-01-23 00:00:00-05:00,1.909999966621399,2.0399999618530273,1.875,2.0,272000,0.0,0.0
2023-01-24 00:00:00-05:00,2.0199999809265137,2.0199999809265137,1.9019999504089355,1.9500000476837158,98200,0.0,0.0
2023-01-25 00:00:00-05:00,2.009999990463257,2.009999990463257,1.8559999465942383,1.8899999856948853,121000,0.0,0.0
2023-01-26 00:00:00-05:00,1.8600000143051147,1.9299999475479126,1.7999999523162842,1.809999942779541,228000,0.0,0.0
2023-01-27 00:00:00-05:00,1.809999942779541,2.0399999618530273,1.809999942779541,2.0,278600,0.0,0.0
2023-01-30 00:00:00-05:00,1.9500000476837158,2.049999952316284,1.9199999570846558,1.940000057220459,179700,0.0,0.0
2023-01-31 00:00:00-05:00,1.9800000190734863,2.130000114440918,1.9600000381469727,2.109999895095825,282600,0.0,0.0
2023-02-01 00:00:00-05:00,2.1500000953674316,2.5360000133514404,2.0899999141693115,2.1500000953674316,1748800,0.0,0.0
2023-02-02 00:00:00-05:00,2.2100000381469727,2.319999933242798,2.0199999809265137,2.0299999713897705,1001400,0.0,0.0
2023-02-03 00:00:00-05:00,2.0299999713897705,2.1600000858306885,1.9850000143051147,2.0399999618530273,397700,0.0,0.0
2023-02-06 00:00:00-05:00,2.069999933242798,2.2170000076293945,2.0199999809265137,2.0999999046325684,351300,0.0,0.0
2023-02-07 00:00:00-05:00,2.0799999237060547,2.1600000858306885,1.9700000286102295,2.009999990463257,395100,0.0,0.0
2023-02-08 00:00:00-05:00,2.0199999809265137,2.0999999046325684,1.909999966621399,1.9299999475479126,308700,0.0,0.0
2023-02-09 00:00:00-05:00,1.9600000381469727,2.009999990463257,1.7799999713897705,1.850000023841858,252800,0.0,0.0
2023-02-10 00:00:00-05:00,1.850000023841858,1.850000023841858,1.659999966621399,1.7899999618530273,418800,0.0,0.0
2023-02-13 00:00:00-05:00,1.840000033378601,1.840000033378601,1.7710000276565552,1.7999999523162842,120500,0.0,0.0
2023-02-14 00:00:00-05:00,1.840000033378601,1.840000033378601,1.690000057220459,1.809999942779541,335200,0.0,0.0
2023-02-15 00:00:00-05:00,1.8200000524520874,1.850000023841858,1.7300000190734863,1.7799999713897705,315700,0.0,0.0
2023-02-16 00:00:00-05:00,1.7999999523162842,1.909999966621399,1.7699999809265137,1.850000023841858,304200,0.0,0.0
2023-02-17 00:00:00-05:00,1.8700000047683716,1.899999976158142,1.7400000095367432,1.7599999904632568,126300,0.0,0.0
2023-02-21 00:00:00-05:00,1.7999999523162842,1.8839999437332153,1.659999966621399,1.6699999570846558,254700,0.0,0.0
2023-02-22 00:00:00-05:00,1.649999976158142,1.7400000095367432,1.559999942779541,1.690000057220459,234300,0.0,0.0
2023-02-23 00:00:00-05:00,1.7400000095367432,1.840000033378601,1.6699999570846558,1.7599999904632568,204600,0.0,0.0
2023-02-24 00:00:00-05:00,1.7100000381469727,1.7999999523162842,1.6699999570846558,1.7400000095367432,141800,0.0,0.0
2023-02-27 00:00:00-05:00,1.7599999904632568,1.7999999523162842,1.659999966621399,1.7200000286102295,129500,0.0,0.0
2023-02-28 00:00:00-05:00,1.7200000286102295,1.8600000143051147,1.7000000476837158,1.7999999523162842,223600,0.0,0.0
2023-03-01 00:00:00-05:00,1.840000033378601,1.9800000190734863,1.7100000381469727,1.7899999618530273,339300,0.0,0.0
2023-03-02 00:00:00-05:00,1.7300000190734863,1.8070000410079956,1.649999976158142,1.7000000476837158,124800,0.0,0.0
2023-03-03 00:00:00-05:00,1.7400000095367432,1.7699999809265137,1.6799999475479126,1.7599999904632568,168100,0.0,0.0
2023-03-06 00:00:00-05:00,1.8600000143051147,1.8700000047683716,1.7200000286102295,1.75,140000,0.0,0.0
2023-03-07 00:00:00-05:00,1.7200000286102295,1.8200000524520874,1.7020000219345093,1.7899999618530273,75000,0.0,0.0
2023-03-08 00:00:00-05:00,1.8300000429153442,1.8700000047683716,1.75,1.840000033378601,195200,0.0,0.0
2023-03-09 00:00:00-05:00,1.8200000524520874,1.940000057220459,1.7400000095367432,1.7999999523162842,393200,0.0,0.0
2023-03-10 00:00:00-05:00,1.7899999618530273,1.840000033378601,1.590000033378601,1.659999966621399,645600,0.0,0.0
2023-03-13 00:00:00-04:00,1.600000023841858,1.715000033378601,1.590000033378601,1.6100000143051147,140100,0.0,0.0
2023-03-14 00:00:00-04:00,1.659999966621399,1.7899999618530273,1.6299999952316284,1.7000000476837158,278600,0.0,0.0
2023-03-15 00:00:00-04:00,1.690000057220459,1.7050000429153442,1.6200000047683716,1.649999976158142,157300,0.0,0.0
2023-03-16 00:00:00-04:00,1.6200000047683716,1.7410000562667847,1.6200000047683716,1.690000057220459,240600,0.0,0.0
2023-03-17 00:00:00-04:00,1.690000057220459,1.7050000429153442,1.600000023841858,1.6299999952316284,229800,0.0,0.0
2023-03-20 00:00:00-04:00,1.6200000047683716,1.7300000190734863,1.61899995803833,1.649999976158142,164800,0.0,0.0
2023-03-21 00:00:00-04:00,1.7000000476837158,1.75,1.6299999952316284,1.75,242100,0.0,0.0
2023-03-22 00:00:00-04:00,1.7599999904632568,1.7599999904632568,1.6299999952316284,1.6799999475479126,175100,0.0,0.0
2023-03-23 00:00:00-04:00,1.649999976158142,1.7300000190734863,1.6299999952316284,1.6299999952316284,275300,0.0,0.0
2023-03-24 00:00:00-04:00,1.6100000143051147,1.6399999856948853,1.5199999809265137,1.6299999952316284,219100,0.0,0.0
2023-03-27 00:00:00-04:00,1.649999976158142,1.659999966621399,1.600000023841858,1.6100000143051147,72000,0.0,0.0
2023-03-28 00:00:00-04:00,1.6100000143051147,1.6299999952316284,1.5410000085830688,1.590000033378601,149600,0.0,0.0
2023-03-29 00:00:00-04:00,1.6299999952316284,1.6399999856948853,1.5499999523162842,1.5700000524520874,325400,0.0,0.0
2023-03-30 00:00:00-04:00,1.6200000047683716,1.690000057220459,1.5800000429153442,1.590000033378601,285000,0.0,0.0
2023-03-31 00:00:00-04:00,1.6399999856948853,1.75,1.5720000267028809,1.75,185300,0.0,0.0
2023-04-03 00:00:00-04:00,1.7899999618530273,1.7999999523162842,1.5499999523162842,1.5800000429153442,369400,0.0,0.0
2023-04-04 00:00:00-04:00,1.649999976158142,1.75,1.600000023841858,1.7000000476837158,286400,0.0,0.0
2023-04-05 00:00:00-04:00,1.690000057220459,1.75,1.600000023841858,1.600000023841858,204400,0.0,0.0
2023-04-06 00:00:00-04:00,1.600000023841858,1.6799999475479126,1.5800000429153442,1.590000033378601,389800,0.0,0.0
2023-04-10 00:00:00-04:00,1.659999966621399,1.7200000286102295,1.6119999885559082,1.7000000476837158,239700,0.0,0.0
2023-04-11 00:00:00-04:00,1.7000000476837158,1.75,1.600000023841858,1.6299999952316284,365800,0.0,0.0
2023-04-12 00:00:00-04:00,1.649999976158142,1.690000057220459,1.6200000047683716,1.649999976158142,180500,0.0,0.0
2023-04-13 00:00:00-04:00,1.6299999952316284,1.7400000095367432,1.6299999952316284,1.7200000286102295,158900,0.0,0.0
2023-04-14 00:00:00-04:00,1.7400000095367432,1.8200000524520874,1.649999976158142,1.6799999475479126,303500,0.0,0.0
2023-04-17 00:00:00-04:00,1.690000057220459,1.7400000095367432,1.6349999904632568,1.659999966621399,196900,0.0,0.0
2023-04-18 00:00:00-04:00,1.7100000381469727,1.7100000381469727,1.5499999523162842,1.5800000429153442,232100,0.0,0.0
2023-04-19 00:00:00-04:00,1.590000033378601,1.6299999952316284,1.4700000286102295,1.5,280200,0.0,0.0
2023-04-20 00:00:00-04:00,1.5,1.5399999618530273,1.4500000476837158,1.4700000286102295,187200,0.0,0.0
2023-04-21 00:00:00-04:00,1.4700000286102295,1.4850000143051147,1.4019999504089355,1.4800000190734863,92100,0.0,0.0
2023-04-24 00:00:00-04:00,1.5,1.5,1.4199999570846558,1.4600000381469727,110100,0.0,0.0
2023-04-25 00:00:00-04:00,1.4600000381469727,1.4600000381469727,1.3700000047683716,1.3700000047683716,230300,0.0,0.0
2023-04-26 00:00:00-04:00,1.350000023841858,1.399999976158142,1.3200000524520874,1.3300000429153442,136800,0.0,0.0
2023-04-27 00:00:00-04:00,1.3200000524520874,1.4199999570846558,1.3200000524520874,1.3899999856948853,196400,0.0,0.0
2023-04-28 00:00:00-04:00,1.3799999952316284,1.399999976158142,1.3200000524520874,1.340000033378601,219200,0.0,0.0
2023-05-01 00:00:00-04:00,1.340000033378601,1.3799999952316284,1.25,1.25,220000,0.0,0.0
2023-05-02 00:00:00-04:00,1.2799999713897705,1.340000033378601,1.2100000381469727,1.2799999713897705,355700,0.0,0.0
2023-05-03 00:00:00-04:00,1.2799999713897705,1.5099999904632568,1.2599999904632568,1.4199999570846558,333000,0.0,0.0
2023-05-04 00:00:00-04:00,1.4900000095367432,1.4900000095367432,1.2799999713897705,1.2999999523162842,202900,0.0,0.0
2023-05-05 00:00:00-04:00,1.2999999523162842,1.4149999618530273,1.25,1.3899999856948853,339700,0.0,0.0
2023-05-08 00:00:00-04:00,1.399999976158142,1.4900000095367432,1.3799999952316284,1.4900000095367432,227800,0.0,0.0
2023-05-09 00:00:00-04:00,1.4500000476837158,1.5,1.409999966621399,1.5,177600,0.0,0.0
2023-05-10 00:00:00-04:00,1.4600000381469727,1.6299999952316284,1.440000057220459,1.600000023841858,273100,0.0,0.0
2023-05-11 00:00:00-04:00,1.600000023841858,1.6200000047683716,1.4600000381469727,1.4600000381469727,188000,0.0,0.0
2023-05-12 00:00:00-04:00,1.559999942779541,1.559999942779541,1.309999942779541,1.3200000524520874,533300,0.0,0.0
2023-05-15 00:00:00-04:00,1.2999999523162842,1.2999999523162842,1.2649999856948853,1.2799999713897705,216100,0.0,0.0
2023-05-16 00:00:00-04:00,1.2599999904632568,1.3279999494552612,1.25,1.2699999809265137,103000,0.0,0.0
2023-05-17 00:00:00-04:00,1.2599999904632568,1.3300000429153442,1.2300000190734863,1.3300000429153442,266600,0.0,0.0
2023-05-18 00:00:00-04:00,1.3200000524520874,1.3389999866485596,1.25,1.2999999523162842,214100,0.0,0.0
2023-05-19 00:00:00-04:00,1.3200000524520874,1.3899999856948853,1.100000023841858,1.1399999856948853,567200,0.0,0.0
2023-05-22 00:00:00-04:00,1.2699999809265137,1.309999942779541,1.149999976158142,1.2599999904632568,415600,0.0,0.0
2023-05-23 00:00:00-04:00,1.2899999618530273,1.350000023841858,1.25,1.2699999809265137,248200,0.0,0.0
2023-05-24 00:00:00-04:00,1.2300000190734863,1.350000023841858,1.2300000190734863,1.2699999809265137,191200,0.0,0.0
2023-05-25 00:00:00-04:00,1.2699999809265137,1.350000023841858,1.25,1.2899999618530273,167800,0.0,0.0
2023-05-26 00:00:00-04:00,1.309999942779541,1.3600000143051147,1.2799999713897705,1.340000033378601,266000,0.0,0.0
2023-05-30 00:00:00-04:00,1.375,1.4500000476837158,1.3300000429153442,1.399999976158142,231700,0.0,0.0
2023-05-31 00:00:00-04:00,1.3799999952316284,1.4700000286102295,1.3200000524520874,1.440000057220459,247600,0.0,0.0
2023-06-01 00:00:00-04:00,1.4299999475479126,1.5700000524520874,1.350000023841858,1.5700000524520874,307000,0.0,0.0
2023-06-02 00:00:00-04:00,1.600000023841858,1.7599999904632568,1.5299999713897705,1.7599999904632568,526700,0.0,0.0
2023-06-05 00:00:00-04:00,1.7699999809265137,1.9500000476837158,1.7599999904632568,1.8300000429153442,522500,0.0,0.0
2023-06-06 00:00:00-04:00,1.7799999713897705,1.9500000476837158,1.7799999713897705,1.7999999523162842,503500,0.0,0.0
2023-06-07 00:00:00-04:00,1.8300000429153442,1.9199999570846558,1.7929999828338623,1.8799999952316284,324100,0.0,0.0
2023-06-08 00:00:00-04:00,1.8799999952316284,1.8849999904632568,1.8220000267028809,1.8600000143051147,215200,0.0,0.0
2023-06-09 00:00:00-04:00,1.8600000143051147,2.049999952316284,1.8300000429153442,2.0299999713897705,1411200,0.0,0.0
2023-06-12 00:00:00-04:00,2.059999942779541,2.125,1.940000057220459,1.9600000381469727,544500,0.0,0.0
2023-06-13 00:00:00-04:00,1.9600000381469727,1.9900000095367432,1.8200000524520874,1.8200000524520874,574700,0.0,0.0
2023-06-14 00:00:00-04:00,1.840000033378601,1.9900000095367432,1.75,1.7799999713897705,384900,0.0,0.0
2023-06-15 00:00:00-04:00,1.7200000286102295,1.9600000381469727,1.7200000286102295,1.9299999475479126,444800,0.0,0.0
2023-06-16 00:00:00-04:00,1.9700000286102295,1.9700000286102295,1.7350000143051147,1.8300000429153442,515000,0.0,0.0
2023-06-20 00:00:00-04:00,1.7999999523162842,2.25,1.7999999523162842,2.0799999237060547,1353700,0.0,0.0
2023-06-21 00:00:00-04:00,2.069999933242798,2.200000047683716,2.0299999713897705,2.1500000953674316,726600,0.0,0.0
2023-06-22 00:00:00-04:00,2.140000104904175,2.140000104904175,2.009999990463257,2.119999885559082,495700,0.0,0.0
2023-06-23 00:00:00-04:00,2.109999895095825,2.380000114440918,1.9900000095367432,2.259999990463257,15302700,0.0,0.0
2023-06-26 00:00:00-04:00,2.1700000762939453,2.2100000381469727,1.940000057220459,2.0899999141693115,834800,0.0,0.0
2023-06-27 00:00:00-04:00,2.069999933242798,2.25,1.9950000047683716,2.2100000381469727,518200,0.0,0.0
2023-06-28 00:00:00-04:00,2.200000047683716,2.440000057220459,2.1600000858306885,2.440000057220459,944700,0.0,0.0
2023-06-29 00:00:00-04:00,2.440000057220459,2.440000057220459,2.240000009536743,2.4200000762939453,533700,0.0,0.0
2023-06-30 00:00:00-04:00,2.4200000762939453,2.5399999618530273,2.3399999141693115,2.430000066757202,634700,0.0,0.0
2023-07-03 00:00:00-04:00,2.430000066757202,2.559999942779541,2.4100000858306885,2.430000066757202,466300,0.0,0.0
2023-07-05 00:00:00-04:00,2.4700000286102295,2.4800000190734863,2.319999933242798,2.450000047683716,426200,0.0,0.0
2023-07-06 00:00:00-04:00,2.4100000858306885,2.549999952316284,2.309999942779541,2.5,679100,0.0,0.0
2023-07-07 00:00:00-04:00,2.5,2.759999990463257,2.4600000381469727,2.680000066757202,877400,0.0,0.0
2023-07-10 00:00:00-04:00,2.6500000953674316,3.0799999237060547,2.6489999294281006,3.0399999618530273,1444300,0.0,0.0
2023-07-11 00:00:00-04:00,3.0799999237060547,3.0799999237060547,2.8299999237060547,2.8499999046325684,1292200,0.0,0.0
2023-07-12 00:00:00-04:00,2.9000000953674316,2.950000047683716,2.2100000381469727,2.3499999046325684,2424000,0.0,0.0
2023-07-13 00:00:00-04:00,2.359999895095825,2.640000104904175,2.359999895095825,2.390000104904175,1194800,0.0,0.0
2023-07-14 00:00:00-04:00,2.25,2.380000114440918,2.200000047683716,2.359999895095825,860900,0.0,0.0
2023-07-17 00:00:00-04:00,2.3399999141693115,2.5929999351501465,2.3299999237060547,2.5399999618530273,554600,0.0,0.0
2023-07-18 00:00:00-04:00,2.4800000190734863,2.680000066757202,2.4800000190734863,2.619999885559082,403200,0.0,0.0
2023-07-19 00:00:00-04:00,2.619999885559082,2.744999885559082,2.575000047683716,2.640000104904175,532500,0.0,0.0
2023-07-20 00:00:00-04:00,2.640000104904175,2.7799999713897705,2.6019999980926514,2.7100000381469727,836100,0.0,0.0
2023-07-21 00:00:00-04:00,2.740000009536743,2.8499999046325684,2.7100000381469727,2.759999990463257,758500,0.0,0.0
2023-07-24 00:00:00-04:00,2.759999990463257,2.8499999046325684,2.700000047683716,2.7899999618530273,481300,0.0,0.0
2023-07-25 00:00:00-04:00,2.7699999809265137,2.8499999046325684,2.640000104904175,2.7300000190734863,314500,0.0,0.0
2023-07-26 00:00:00-04:00,2.740000009536743,2.990000009536743,2.7100000381469727,2.950000047683716,634800,0.0,0.0
2023-07-27 00:00:00-04:00,3.0,3.0,2.75,2.7799999713897705,342600,0.0,0.0
2023-07-28 00:00:00-04:00,2.819999933242798,2.8399999141693115,2.75,2.819999933242798,360500,0.0,0.0
2023-07-31 00:00:00-04:00,2.8399999141693115,3.069999933242798,2.8010001182556152,2.9100000858306885,718300,0.0,0.0
2023-08-01 00:00:00-04:00,2.930000066757202,2.990000009536743,2.859999895095825,2.890000104904175,408900,0.0,0.0
2023-08-02 00:00:00-04:00,2.865000009536743,2.865000009536743,2.7300000190734863,2.759999990463257,341800,0.0,0.0
2023-08-03 00:00:00-04:00,2.740000009536743,2.9049999713897705,2.7300000190734863,2.799999952316284,409400,0.0,0.0
2023-08-04 00:00:00-04:00,2.8299999237060547,2.9800000190734863,2.8299999237060547,2.890000104904175,318400,0.0,0.0
2023-08-07 00:00:00-04:00,2.9000000953674316,2.930000066757202,2.615000009536743,2.740000009536743,640800,0.0,0.0
2023-08-08 00:00:00-04:00,2.700000047683716,2.9000000953674316,2.6700000762939453,2.8499999046325684,475800,0.0,0.0
2023-08-09 00:00:00-04:00,2.9000000953674316,2.9800000190734863,2.7300000190734863,2.930000066757202,893100,0.0,0.0
2023-08-10 00:00:00-04:00,2.940000057220459,3.0799999237060547,2.8450000286102295,2.880000114440918,1233900,0.0,0.0
2023-08-11 00:00:00-04:00,2.859999895095825,2.9149999618530273,2.819999933242798,2.8499999046325684,307700,0.0,0.0
2023-08-14 00:00:00-04:00,2.8399999141693115,2.8399999141693115,2.565000057220459,2.609999895095825,362100,0.0,0.0
2023-08-15 00:00:00-04:00,2.5999999046325684,2.6500000953674316,2.515000104904175,2.5999999046325684,401900,0.0,0.0
2023-08-16 00:00:00-04:00,2.5799999237060547,2.619999885559082,2.4800000190734863,2.4800000190734863,260400,0.0,0.0
2023-08-17 00:00:00-04:00,2.5199999809265137,2.5299999713897705,2.2699999809265137,2.299999952316284,415600,0.0,0.0
2023-08-18 00:00:00-04:00,2.2699999809265137,2.3299999237060547,2.180000066757202,2.180000066757202,302600,0.0,0.0
2023-08-21 00:00:00-04:00,2.200000047683716,2.259999990463257,2.0899999141693115,2.2100000381469727,279500,0.0,0.0
2023-08-22 00:00:00-04:00,2.2200000286102295,2.2699999809265137,2.140000104904175,2.180000066757202,288200,0.0,0.0
2023-08-23 00:00:00-04:00,2.190000057220459,2.255000114440918,2.1500000953674316,2.240000009536743,266100,0.0,0.0
2023-08-24 00:00:00-04:00,2.2200000286102295,2.2799999713897705,2.190000057220459,2.200000047683716,202900,0.0,0.0
2023-08-25 00:00:00-04:00,2.2100000381469727,2.299999952316284,2.190000057220459,2.2799999713897705,165000,0.0,0.0
2023-08-28 00:00:00-04:00,2.2799999713897705,2.359999895095825,2.240000009536743,2.319999933242798,136600,0.0,0.0
2023-08-29 00:00:00-04:00,2.299999952316284,2.4800000190734863,2.2699999809265137,2.4600000381469727,180800,0.0,0.0
2023-08-30 00:00:00-04:00,2.430000066757202,2.493000030517578,2.4110000133514404,2.440000057220459,142900,0.0,0.0
2023-08-31 00:00:00-04:00,2.4800000190734863,2.5799999237060547,2.434999942779541,2.450000047683716,295100,0.0,0.0
2023-09-01 00:00:00-04:00,2.4700000286102295,2.5,2.319999933242798,2.3499999046325684,252600,0.0,0.0
2023-09-05 00:00:00-04:00,2.319999933242798,2.3450000286102295,2.2100000381469727,2.2799999713897705,400600,0.0,0.0
2023-09-06 00:00:00-04:00,2.259999990463257,2.3399999141693115,2.25,2.319999933242798,129900,0.0,0.0
2023-09-07 00:00:00-04:00,2.309999942779541,2.309999942779541,2.174999952316284,2.2200000286102295,211000,0.0,0.0
2023-09-08 00:00:00-04:00,2.2200000286102295,2.240000009536743,2.1600000858306885,2.1600000858306885,200000,0.0,0.0
2023-09-11 00:00:00-04:00,2.190000057220459,2.2899999618530273,2.140000104904175,2.25,168200,0.0,0.0
2023-09-12 00:00:00-04:00,2.1700000762939453,2.2300000190734863,2.119999885559082,2.1500000953674316,252900,0.0,0.0
2023-09-13 00:00:00-04:00,2.1600000858306885,2.180000066757202,2.049999952316284,2.049999952316284,196800,0.0,0.0
2023-09-14 00:00:00-04:00,2.119999885559082,2.1500000953674316,2.059999942779541,2.0999999046325684,218400,0.0,0.0
2023-09-15 00:00:00-04:00,2.109999895095825,2.109999895095825,2.049999952316284,2.0899999141693115,668100,0.0,0.0
2023-09-18 00:00:00-04:00,2.0999999046325684,2.0999999046325684,1.9700000286102295,1.9900000095367432,268300,0.0,0.0
2023-09-19 00:00:00-04:00,1.9900000095367432,2.1500000953674316,1.9900000095367432,2.1500000953674316,318400,0.0,0.0
2023-09-20 00:00:00-04:00,2.1500000953674316,2.200000047683716,2.0899999141693115,2.109999895095825,222200,0.0,0.0
2023-09-21 00:00:00-04:00,2.069999933242798,2.0999999046325684,2.0,2.009999990463257,260500,0.0,0.0
2023-09-22 00:00:00-04:00,2.0399999618530273,2.0799999237060547,1.965000033378601,1.9700000286102295,194000,0.0,0.0
2023-09-25 00:00:00-04:00,1.9900000095367432,2.0190000534057617,1.9249999523162842,1.9500000476837158,182900,0.0,0.0
2023-09-26 00:00:00-04:00,1.899999976158142,1.9600000381469727,1.8899999856948853,1.9199999570846558,178700,0.0,0.0
2023-09-27 00:00:00-04:00,1.9299999475479126,2.0,1.9299999475479126,1.9500000476837158,232400,0.0,0.0
2023-09-28 00:00:00-04:00,1.9299999475479126,1.975000023841858,1.909999966621399,1.9700000286102295,142900,0.0,0.0
2023-09-29 00:00:00-04:00,1.9700000286102295,2.049999952316284,1.9600000381469727,2.0299999713897705,258700,0.0,0.0
2023-10-02 00:00:00-04:00,2.009999990463257,2.0199999809265137,1.8849999904632568,1.8899999856948853,179900,0.0,0.0
2023-10-03 00:00:00-04:00,1.8700000047683716,1.8799999952316284,1.7799999713897705,1.809999942779541,206800,0.0,0.0
2023-10-04 00:00:00-04:00,1.809999942779541,1.9700000286102295,1.809999942779541,1.9299999475479126,208400,0.0,0.0
2023-10-05 00:00:00-04:00,1.9600000381469727,2.009999990463257,1.940999984741211,2.009999990463257,245800,0.0,0.0
2023-10-06 00:00:00-04:00,1.9800000190734863,2.180000066757202,1.9800000190734863,2.1500000953674316,200600,0.0,0.0
2023-10-09 00:00:00-04:00,2.109999895095825,2.1500000953674316,2.059999942779541,2.130000114440918,121300,0.0,0.0
2023-10-10 00:00:00-04:00,2.1600000858306885,2.2899999618530273,2.1500000953674316,2.2200000286102295,331300,0.0,0.0
2023-10-11 00:00:00-04:00,2.2799999713897705,2.3399999141693115,2.250999927520752,2.309999942779541,205100,0.0,0.0
2023-10-12 00:00:00-04:00,2.369999885559082,2.375,2.2699999809265137,2.359999895095825,159100,0.0,0.0
2023-10-13 00:00:00-04:00,2.359999895095825,2.5399999618530273,2.3499999046325684,2.5399999618530273,275000,0.0,0.0
2023-10-16 00:00:00-04:00,2.5799999237060547,2.615000009536743,2.5199999809265137,2.5899999141693115,287300,0.0,0.0
2023-10-17 00:00:00-04:00,2.569999933242798,2.7750000953674316,2.569999933242798,2.630000114440918,538100,0.0,0.0
2023-10-18 00:00:00-04:00,2.5999999046325684,2.5999999046325684,2.319999933242798,2.380000114440918,247500,0.0,0.0
2023-10-19 00:00:00-04:00,2.390000104904175,2.4800000190734863,2.3299999237060547,2.4600000381469727,163700,0.0,0.0
2023-10-20 00:00:00-04:00,2.4700000286102295,2.4700000286102295,2.240000009536743,2.3299999237060547,275400,0.0,0.0
2023-10-23 00:00:00-04:00,2.2899999618530273,2.5350000858306885,2.2799999713897705,2.4200000762939453,227400,0.0,0.0
2023-10-24 00:00:00-04:00,2.440000057220459,2.5250000953674316,2.3450000286102295,2.380000114440918,198700,0.0,0.0
2023-10-25 00:00:00-04:00,2.299999952316284,2.3949999809265137,2.259999990463257,2.3499999046325684,187800,0.0,0.0
2023-10-26 00:00:00-04:00,2.380000114440918,2.549999952316284,2.380000114440918,2.5199999809265137,223800,0.0,0.0
2023-10-27 00:00:00-04:00,2.4700000286102295,2.5260000228881836,2.259999990463257,2.2699999809265137,216600,0.0,0.0
2023-10-30 00:00:00-04:00,2.319999933242798,2.5,2.2799999713897705,2.4700000286102295,134100,0.0,0.0
2023-10-31 00:00:00-04:00,2.490000009536743,2.5399999618530273,2.3499999046325684,2.5399999618530273,163600,0.0,0.0
2023-11-01 00:00:00-04:00,2.5299999713897705,2.5999999046325684,2.369999885559082,2.5,174600,0.0,0.0
2023-11-02 00:00:00-04:00,2.549999952316284,2.6500000953674316,2.509999990463257,2.619999885559082,249800,0.0,0.0
2023-11-03 00:00:00-04:00,2.640000104904175,2.640000104904175,2.4049999713897705,2.450000047683716,232900,0.0,0.0
2023-11-06 00:00:00-05:00,2.390000104904175,2.390000104904175,2.240000009536743,2.25,172800,0.0,0.0
2023-11-07 00:00:00-05:00,2.240000009536743,2.309999942779541,2.1700000762939453,2.309999942779541,166300,0.0,0.0
2023-11-08 00:00:00-05:00,2.259999990463257,2.309999942779541,2.069999933242798,2.299999952316284,201300,0.0,0.0
2023-11-09 00:00:00-05:00,2.299999952316284,2.4200000762939453,2.25,2.299999952316284,144200,0.0,0.0
2023-11-10 00:00:00-05:00,2.3399999141693115,2.3399999141693115,2.174999952316284,2.25,264300,0.0,0.0
2023-11-13 00:00:00-05:00,2.240000009536743,2.315000057220459,2.2049999237060547,2.2899999618530273,153900,0.0,0.0
2023-11-14 00:00:00-05:00,2.380000114440918,2.5999999046325684,2.380000114440918,2.5899999141693115,359500,0.0,0.0
2023-11-15 00:00:00-05:00,2.619999885559082,2.930000066757202,2.619999885559082,2.819999933242798,651700,0.0,0.0
2023-11-16 00:00:00-05:00,2.8499999046325684,2.930000066757202,2.799999952316284,2.8399999141693115,515200,0.0,0.0
2023-11-17 00:00:00-05:00,2.869999885559082,2.950000047683716,2.809999942779541,2.930000066757202,391100,0.0,0.0
2023-11-20 00:00:00-05:00,2.930000066757202,2.9800000190734863,2.9000000953674316,2.9700000286102295,409000,0.0,0.0
2023-11-21 00:00:00-05:00,2.9100000858306885,3.0899999141693115,2.9100000858306885,3.0799999237060547,535500,0.0,0.0
2023-11-22 00:00:00-05:00,3.0899999141693115,3.3420000076293945,3.0899999141693115,3.190000057220459,519600,0.0,0.0
2023-11-24 00:00:00-05:00,3.140000104904175,3.390000104904175,3.069999933242798,3.359999895095825,316600,0.0,0.0
2023-11-27 00:00:00-05:00,3.359999895095825,3.440000057220459,3.190000057220459,3.319999933242798,795500,0.0,0.0
2023-11-28 00:00:00-05:00,3.2899999618530273,3.3499999046325684,3.1600000858306885,3.2799999713897705,591100,0.0,0.0
2023-11-29 00:00:00-05:00,3.25,3.309999942779541,3.2200000286102295,3.2799999713897705,585600,0.0,0.0
2023-11-30 00:00:00-05:00,3.309999942779541,3.309999942779541,3.180000066757202,3.299999952316284,2005300,0.0,0.0
2023-12-01 00:00:00-05:00,3.299999952316284,3.4200000762939453,3.1700000762939453,3.319999933242798,752700,0.0,0.0
2023-12-04 00:00:00-05:00,3.319999933242798,3.4000000953674316,3.0299999713897705,3.0799999237060547,553500,0.0,0.0
2023-12-05 00:00:00-05:00,3.0999999046325684,3.2100000381469727,3.0799999237060547,3.1700000762939453,460900,0.0,0.0
2023-12-06 00:00:00-05:00,3.200000047683716,3.2130000591278076,3.1549999713897705,3.1700000762939453,404300,0.0,0.0
2023-12-07 00:00:00-05:00,3.200000047683716,3.309999942779541,3.119999885559082,3.2899999618530273,578900,0.0,0.0
2023-12-08 00:00:00-05:00,3.25,3.2699999809265137,3.180000066757202,3.2300000190734863,332400,0.0,0.0
2023-12-11 00:00:00-05:00,3.2100000381469727,3.2799999713897705,3.200000047683716,3.2300000190734863,284100,0.0,0.0
2023-12-12 00:00:00-05:00,3.2300000190734863,3.25,3.1500000953674316,3.1700000762939453,272700,0.0,0.0
2023-12-13 00:00:00-05:00,3.180000066757202,3.259999990463257,3.140000104904175,3.25,741700,0.0,0.0
2023-12-14 00:00:00-05:00,3.369999885559082,3.559999942779541,3.2799999713897705,3.5,874400,0.0,0.0
2023-12-15 00:00:00-05:00,3.4600000381469727,3.515000104904175,3.4100000858306885,3.490000009536743,1374600,0.0,0.0
2023-12-18 00:00:00-05:00,3.4800000190734863,3.5,3.359999895095825,3.390000104904175,521200,0.0,0.0
2023-12-19 00:00:00-05:00,3.4000000953674316,3.450000047683716,3.312000036239624,3.390000104904175,779500,0.0,0.0
2023-12-20 00:00:00-05:00,3.7950000762939453,4.010000228881836,3.5,3.6500000953674316,3078100,0.0,0.0
2023-12-21 00:00:00-05:00,3.75,3.9800000190734863,3.740000009536743,3.9700000286102295,970200,0.0,0.0
2023-12-22 00:00:00-05:00,3.950000047683716,3.990000009536743,3.819999933242798,3.869999885559082,643800,0.0,0.0
2023-12-26 00:00:00-05:00,3.880000114440918,4.019999980926514,3.869999885559082,3.9200000762939453,600400,0.0,0.0
2023-12-27 00:00:00-05:00,3.9100000858306885,4.005000114440918,3.8399999141693115,3.9600000381469727,697600,0.0,0.0
2023-12-28 00:00:00-05:00,3.940000057220459,4.0,3.8399999141693115,3.859999895095825,524200,0.0,0.0
2023-12-29 00:00:00-05:00,3.859999895095825,3.869999885559082,3.4200000762939453,3.430000066757202,549600,0.0,0.0
2024-01-02 00:00:00-05:00,3.4100000858306885,3.4800000190734863,3.319999933242798,3.4100000858306885,530900,0.0,0.0
2024-01-03 00:00:00-05:00,3.380000114440918,3.380000114440918,3.0510001182556152,3.109999895095825,558900,0.0,0.0
2024-01-04 00:00:00-05:00,3.130000114440918,3.1700000762939453,3.0,3.049999952316284,389900,0.0,0.0
2024-01-05 00:00:00-05:00,3.0199999809265137,3.0399999618530273,2.740000009536743,2.759999990463257,804800,0.0,0.0
2024-01-08 00:00:00-05:00,2.759999990463257,2.8299999237060547,2.690000057220459,2.819999933242798,426200,0.0,0.0
2024-01-09 00:00:00-05:00,2.890000104904175,2.9000000953674316,2.640000104904175,2.6500000953674316,585500,0.0,0.0
2024-01-10 00:00:00-05:00,2.640000104904175,2.700000047683716,2.559999942779541,2.640000104904175,414900,0.0,0.0
2024-01-11 00:00:00-05:00,2.619999885559082,2.6500000953674316,2.4800000190734863,2.5399999618530273,472800,0.0,0.0
2024-01-12 00:00:00-05:00,2.5899999141693115,2.5899999141693115,2.390000104904175,2.4000000953674316,281300,0.0,0.0
2024-01-16 00:00:00-05:00,2.359999895095825,2.380000114440918,2.2899999618530273,2.319999933242798,345000,0.0,0.0
2024-01-17 00:00:00-05:00,2.2699999809265137,2.2899999618530273,2.1700000762939453,2.259999990463257,315900,0.0,0.0
2024-01-18 00:00:00-05:00,2.259999990463257,2.302999973297119,1.8700000047683716,1.909999966621399,1922500,0.0,0.0
2024-01-19 00:00:00-05:00,1.8600000143051147,1.8700000047683716,1.7300000190734863,1.850000023841858,796100,0.0,0.0
2024-01-22 00:00:00-05:00,1.840000033378601,2.015000104904175,1.840000033378601,1.909999966621399,527600,0.0,0.0
2024-01-23 00:00:00-05:00,1.909999966621399,2.0,1.8799999952316284,1.9199999570846558,441200,0.0,0.0
2024-01-24 00:00:00-05:00,1.909999966621399,1.975000023841858,1.840000033378601,1.8700000047683716,504700,0.0,0.0
2024-01-25 00:00:00-05:00,1.8700000047683716,1.899999976158142,1.840000033378601,1.899999976158142,430800,0.0,0.0
2024-01-26 00:00:00-05:00,1.899999976158142,1.9299999475479126,1.8300000429153442,1.8700000047683716,315700,0.0,0.0
2024-01-29 00:00:00-05:00,1.850000023841858,2.0299999713897705,1.850000023841858,2.0199999809265137,369500,0.0,0.0
2024-01-30 00:00:00-05:00,2.009999990463257,2.049999952316284,2.0,2.0,290300,0.0,0.0
2024-01-31 00:00:00-05:00,2.0,2.0799999237060547,1.909999966621399,1.9199999570846558,429100,0.0,0.0
2024-02-01 00:00:00-05:00,1.9500000476837158,2.0199999809265137,1.899999976158142,1.9199999570846558,362300,0.0,0.0
2024-02-02 00:00:00-05:00,1.8899999856948853,1.9500000476837158,1.8899999856948853,1.9199999570846558,214200,0.0,0.0
2024-02-05 00:00:00-05:00,1.899999976158142,1.9199999570846558,1.7799999713897705,1.7899999618530273,369800,0.0,0.0
2024-02-06 00:00:00-05:00,1.7799999713897705,1.850000023841858,1.75,1.75,317800,0.0,0.0
2024-02-07 00:00:00-05:00,1.75,1.7699999809265137,1.5800000429153442,1.6399999856948853,404300,0.0,0.0
2024-02-08 00:00:00-05:00,1.649999976158142,1.7350000143051147,1.625,1.659999966621399,365600,0.0,0.0
2024-02-09 00:00:00-05:00,1.6799999475479126,1.7699999809265137,1.6549999713897705,1.7699999809265137,333200,0.0,0.0
2024-02-12 00:00:00-05:00,1.7799999713897705,1.8849999904632568,1.7799999713897705,1.850000023841858,413700,0.0,0.0
2024-02-13 00:00:00-05:00,1.8300000429153442,1.8300000429153442,1.725000023841858,1.7400000095367432,571900,0.0,0.0
2024-02-14 00:00:00-05:00,1.7599999904632568,1.9500000476837158,1.7599999904632568,1.9500000476837158,656500,0.0,0.0
2024-02-15 00:00:00-05:00,1.940000057220459,2.069999933242798,1.9299999475479126,2.059999942779541,409100,0.0,0.0
2024-02-16 00:00:00-05:00,2.059999942779541,2.0999999046325684,2.0,2.049999952316284,365000,0.0,0.0
2024-02-20 00:00:00-05:00,2.0299999713897705,2.059999942779541,1.9600000381469727,1.9700000286102295,322800,0.0,0.0
2024-02-21 00:00:00-05:00,1.9700000286102295,1.9800000190734863,1.850000023841858,1.8799999952316284,362700,0.0,0.0
2024-02-22 00:00:00-05:00,1.8799999952316284,1.909999966621399,1.8300000429153442,1.8700000047683716,267200,0.0,0.0
2024-02-23 00:00:00-05:00,1.8700000047683716,1.9199999570846558,1.8300000429153442,1.8600000143051147,222700,0.0,0.0
2024-02-26 00:00:00-05:00,1.8700000047683716,1.9500000476837158,1.8700000047683716,1.909999966621399,333200,0.0,0.0
2024-02-27 00:00:00-05:00,1.940000057220459,1.975000023841858,1.899999976158142,1.9600000381469727,166300,0.0,0.0
2024-02-28 00:00:00-05:00,1.909999966621399,1.9789999723434448,1.909999966621399,1.909999966621399,125900,0.0,0.0
2024-02-29 00:00:00-05:00,1.9299999475479126,2.0799999237060547,1.9199999570846558,2.0799999237060547,569300,0.0,0.0
2024-03-01 00:00:00-05:00,2.069999933242798,2.0999999046325684,1.9500000476837158,1.9500000476837158,313900,0.0,0.0
2024-03-04 00:00:00-05:00,1.9700000286102295,2.0290000438690186,1.9199999570846558,2.0,310000,0.0,0.0
2024-03-05 00:00:00-05:00,1.9900000095367432,1.9900000095367432,1.8300000429153442,1.840000033378601,368100,0.0,0.0
2024-03-06 00:00:00-05:00,1.8600000143051147,1.8650000095367432,1.7699999809265137,1.7999999523162842,256800,0.0,0.0
2024-03-07 00:00:00-05:00,1.809999942779541,1.8849999904632568,1.809000015258789,1.840000033378601,170300,0.0,0.0
2024-03-08 00:00:00-05:00,1.8700000047683716,1.9199999570846558,1.840000033378601,1.850000023841858,324100,0.0,0.0
2024-03-11 00:00:00-04:00,1.840000033378601,1.9299999475479126,1.840000033378601,1.8899999856948853,173300,0.0,0.0
2024-03-12 00:00:00-04:00,1.8700000047683716,1.9800000190734863,1.8539999723434448,1.9199999570846558,239900,0.0,0.0
2024-03-13 00:00:00-04:00,1.9500000476837158,1.9800000190734863,1.8600000143051147,1.940000057220459,224700,0.0,0.0
2024-03-14 00:00:00-04:00,1.9500000476837158,1.9500000476837158,1.7699999809265137,1.809999942779541,360900,0.0,0.0
2024-03-15 00:00:00-04:00,1.7799999713897705,1.899999976158142,1.7799999713897705,1.8799999952316284,545600,0.0,0.0
2024-03-18 00:00:00-04:00,1.899999976158142,1.899999976158142,1.8450000286102295,1.8899999856948853,148400,0.0,0.0
2024-03-19 00:00:00-04:00,1.8799999952316284,1.940000057220459,1.8200000524520874,1.9199999570846558,129700,0.0,0.0
2024-03-20 00:00:00-04:00,1.909999966621399,2.065000057220459,1.8899999856948853,2.049999952316284,302800,0.0,0.0
2024-03-21 00:00:00-04:00,2.0399999618530273,2.1500000953674316,2.009999990463257,2.059999942779541,377800,0.0,0.0
2024-03-22 00:00:00-04:00,2.069999933242798,2.365000009536743,2.0,2.3299999237060547,1612900,0.0,0.0
2024-03-25 00:00:00-04:00,2.950000047683716,3.559999942779541,2.509999990463257,2.690000057220459,11183300,0.0,0.0
2024-03-26 00:00:00-04:00,2.799999952316284,2.859999895095825,2.4200000762939453,2.6500000953674316,3025300,0.0,0.0
2024-03-27 00:00:00-04:00,2.2100000381469727,2.240000009536743,1.850000023841858,2.0799999237060547,3850000,0.0,0.0
2024-03-28 00:00:00-04:00,2.119999885559082,2.1449999809265137,1.9199999570846558,1.9299999475479126,1197400,0.0,0.0
2024-04-01 00:00:00-04:00,1.9500000476837158,2.0,1.7899999618530273,1.8200000524520874,1537600,0.0,0.0
2024-04-02 00:00:00-04:00,1.7999999523162842,1.850000023841858,1.6799999475479126,1.6799999475479126,1038600,0.0,0.0
2024-04-03 00:00:00-04:00,1.7899999618530273,1.8899999856948853,1.7100000381469727,1.840000033378601,926500,0.0,0.0
2024-04-04 00:00:00-04:00,1.9199999570846558,2.1489999294281006,1.909000039100647,1.9900000095367432,1075300,0.0,0.0
2024-04-05 00:00:00-04:00,1.9500000476837158,2.390000104904175,1.8200000524520874,2.359999895095825,1967200,0.0,0.0
2024-04-08 00:00:00-04:00,2.5,2.5299999713897705,2.1500000953674316,2.1600000858306885,1772600,0.0,0.0
2024-04-09 00:00:00-04:00,2.2300000190734863,2.369999885559082,2.119999885559082,2.3499999046325684,1291200,0.0,0.0
2024-04-10 00:00:00-04:00,2.240000009536743,2.25,2.109999895095825,2.2100000381469727,789300,0.0,0.0
2024-04-11 00:00:00-04:00,2.25,2.299999952316284,2.0999999046325684,2.25,696500,0.0,0.0
2024-04-12 00:00:00-04:00,2.0999999046325684,2.190000057220459,1.9800000190734863,2.0199999809265137,910500,0.0,0.0
2024-04-15 00:00:00-04:00,2.0199999809265137,2.0199999809265137,1.9049999713897705,1.9199999570846558,361600,0.0,0.0
2024-04-16 00:00:00-04:00,1.9199999570846558,1.9299999475479126,1.7799999713897705,1.7899999618530273,814600,0.0,0.0
2024-04-17 00:00:00-04:00,1.7899999618530273,1.8700000047683716,1.7699999809265137,1.8200000524520874,613400,0.0,0.0
2024-04-18 00:00:00-04:00,1.809999942779541,1.9199999570846558,1.7899999618530273,1.8700000047683716,675200,0.0,0.0
2024-04-19 00:00:00-04:00,1.850000023841858,1.8899999856948853,1.75,1.8600000143051147,909900,0.0,0.0
2024-04-22 00:00:00-04:00,1.8799999952316284,1.9700000286102295,1.8200000524520874,1.9199999570846558,465700,0.0,0.0
2024-04-23 00:00:00-04:00,1.909999966621399,1.9800000190734863,1.8600000143051147,1.9700000286102295,548800,0.0,0.0
2024-04-24 00:00:00-04:00,1.9700000286102295,2.0199999809265137,1.9149999618530273,1.9600000381469727,445100,0.0,0.0
2024-04-25 00:00:00-04:00,1.899999976158142,1.940000057220459,1.8600000143051147,1.909999966621399,459300,0.0,0.0
2024-04-26 00:00:00-04:00,1.899999976158142,1.9500000476837158,1.8700000047683716,1.9199999570846558,411600,0.0,0.0
2024-04-29 00:00:00-04:00,1.9299999475479126,1.975000023841858,1.88100004196167,1.899999976158142,310000,0.0,0.0
2024-04-30 00:00:00-04:00,1.8799999952316284,1.8899999856948853,1.7999999523162842,1.8300000429153442,459500,0.0,0.0
2024-05-01 00:00:00-04:00,1.8600000143051147,1.9500000476837158,1.8300000429153442,1.909999966621399,452400,0.0,0.0
2024-05-02 00:00:00-04:00,1.9299999475479126,1.9800000190734863,1.909999966621399,1.940000057220459,359700,0.0,0.0
2024-05-03 00:00:00-04:00,1.9900000095367432,2.0,1.8949999809265137,1.9500000476837158,418200,0.0,0.0
2024-05-06 00:00:00-04:00,2.049999952316284,2.109999895095825,1.9600000381469727,1.9900000095367432,549300,0.0,0.0
2024-05-07 00:00:00-04:00,1.9700000286102295,2.005000114440918,1.9149999618530273,1.940000057220459,460600,0.0,0.0
2024-05-08 00:00:00-04:00,1.9199999570846558,1.9900000095367432,1.7799999713897705,1.7899999618530273,534200,0.0,0.0
2024-05-09 00:00:00-04:00,1.850000023841858,1.850000023841858,1.7400000095367432,1.75,706200,0.0,0.0
2024-05-10 00:00:00-04:00,1.7999999523162842,1.809999942779541,1.6799999475479126,1.75,580900,0.0,0.0
2024-05-13 00:00:00-04:00,1.809999942779541,1.850000023841858,1.7999999523162842,1.7999999523162842,338700,0.0,0.0
2024-05-14 00:00:00-04:00,1.8700000047683716,1.909999966621399,1.8300000429153442,1.8799999952316284,454400,0.0,0.0
2024-05-15 00:00:00-04:00,1.909999966621399,1.909999966621399,1.809999942779541,1.8300000429153442,507800,0.0,0.0
2024-05-16 00:00:00-04:00,1.8300000429153442,1.8700000047683716,1.7799999713897705,1.7999999523162842,470300,0.0,0.0
2024-05-17 00:00:00-04:00,1.809999942779541,1.840000033378601,1.7699999809265137,1.7899999618530273,413900,0.0,0.0
2024-05-20 00:00:00-04:00,1.8200000524520874,1.899999976158142,1.7699999809265137,1.899999976158142,445800,0.0,0.0
2024-05-21 00:00:00-04:00,1.8899999856948853,1.9600000381469727,1.840000033378601,1.8600000143051147,486600,0.0,0.0
2024-05-22 00:00:00-04:00,1.8799999952316284,1.8799999952316284,1.7799999713897705,1.7899999618530273,473300,0.0,0.0
2024-05-23 00:00:00-04:00,1.7999999523162842,1.7999999523162842,1.6799999475479126,1.7200000286102295,588400,0.0,0.0
2024-05-24 00:00:00-04:00,1.75,1.75,1.6799999475479126,1.7100000381469727,429700,0.0,0.0
2024-05-28 00:00:00-04:00,1.7599999904632568,1.7699999809265137,1.6299999952316284,1.649999976158142,441900,0.0,0.0
2024-05-29 00:00:00-04:00,1.649999976158142,1.649999976158142,1.600000023841858,1.600000023841858,482200,0.0,0.0
2024-05-30 00:00:00-04:00,1.6399999856948853,1.659999966621399,1.590000033378601,1.600000023841858,334000,0.0,0.0
2024-05-31 00:00:00-04:00,1.6100000143051147,1.6100000143051147,1.5199999809265137,1.5800000429153442,2329200,0.0,0.0
2024-06-03 00:00:00-04:00,1.5800000429153442,1.590000033378601,1.5199999809265137,1.5399999618530273,381900,0.0,0.0
2024-06-04 00:00:00-04:00,1.5299999713897705,1.559999942779541,1.4600000381469727,1.5299999713897705,630700,0.0,0.0
2024-06-05 00:00:00-04:00,1.5299999713897705,1.5800000429153442,1.5,1.5700000524520874,269700,0.0,0.0
2024-06-06 00:00:00-04:00,1.559999942779541,1.6200000047683716,1.559999942779541,1.590000033378601,458900,0.0,0.0
2024-06-07 00:00:00-04:00,1.590000033378601,1.6299999952316284,1.559999942779541,1.5800000429153442,464400,0.0,0.0
2024-06-10 00:00:00-04:00,1.5800000429153442,1.7200000286102295,1.559999942779541,1.7100000381469727,410700,0.0,0.0
2024-06-11 00:00:00-04:00,1.7200000286102295,1.7200000286102295,1.6100000143051147,1.6699999570846558,311600,0.0,0.0
2024-06-12 00:00:00-04:00,1.7100000381469727,1.7400000095367432,1.6100000143051147,1.649999976158142,469100,0.0,0.0
2024-06-13 00:00:00-04:00,1.6399999856948853,1.6799999475479126,1.5700000524520874,1.5800000429153442,236600,0.0,0.0
2024-06-14 00:00:00-04:00,1.559999942779541,1.5789999961853027,1.5099999904632568,1.5299999713897705,301200,0.0,0.0
2024-06-17 00:00:00-04:00,1.5199999809265137,1.5499999523162842,1.4900000095367432,1.5299999713897705,211900,0.0,0.0
2024-06-18 00:00:00-04:00,1.5299999713897705,1.5399999618530273,1.4700000286102295,1.4800000190734863,328900,0.0,0.0
2024-06-20 00:00:00-04:00,1.5,1.5099999904632568,1.4500000476837158,1.4500000476837158,362300,0.0,0.0
2024-06-21 00:00:00-04:00,1.4600000381469727,1.4800000190734863,1.350000023841858,1.350000023841858,752100,0.0,0.0
2024-06-24 00:00:00-04:00,1.350000023841858,1.4500000476837158,1.309999942779541,1.399999976158142,453200,0.0,0.0
2024-06-25 00:00:00-04:00,1.399999976158142,1.399999976158142,1.3600000143051147,1.3700000047683716,240800,0.0,0.0
2024-06-26 00:00:00-04:00,1.3600000143051147,1.3700000047683716,1.309999942779541,1.3300000429153442,369600,0.0,0.0
2024-06-27 00:00:00-04:00,1.3600000143051147,1.4199999570846558,1.3300000429153442,1.4199999570846558,487800,0.0,0.0
2024-06-28 00:00:00-04:00,1.4600000381469727,1.4900000095367432,1.3700000047683716,1.4600000381469727,1533400,0.0,0.0
2024-07-01 00:00:00-04:00,1.4700000286102295,1.4800000190734863,1.4199999570846558,1.440000057220459,275600,0.0,0.0
2024-07-02 00:00:00-04:00,1.4299999475479126,1.4700000286102295,1.3650000095367432,1.4600000381469727,299800,0.0,0.0
2024-07-03 00:00:00-04:00,1.4600000381469727,1.4800000190734863,1.440000057220459,1.4500000476837158,95100,0.0,0.0
2024-07-05 00:00:00-04:00,1.4199999570846558,1.4500000476837158,1.375,1.4299999475479126,207100,0.0,0.0
2024-07-08 00:00:00-04:00,1.4500000476837158,1.4700000286102295,1.3899999856948853,1.409999966621399,289400,0.0,0.0
2024-07-09 00:00:00-04:00,1.3899999856948853,1.409999966621399,1.3799999952316284,1.399999976158142,113700,0.0,0.0
2024-07-10 00:00:00-04:00,1.409999966621399,1.409999966621399,1.3600000143051147,1.399999976158142,273400,0.0,0.0
2024-07-11 00:00:00-04:00,1.4299999475479126,1.5,1.409999966621399,1.4299999475479126,663100,0.0,0.0
2024-07-12 00:00:00-04:00,1.4500000476837158,1.4800000190734863,1.3899999856948853,1.4199999570846558,556300,0.0,0.0
2024-07-15 00:00:00-04:00,1.4199999570846558,1.440000057220459,1.3899999856948853,1.440000057220459,431600,0.0,0.0
2024-07-16 00:00:00-04:00,1.4700000286102295,1.600000023841858,1.4500000476837158,1.600000023841858,534900,0.0,0.0
2024-07-17 00:00:00-04:00,1.559999942779541,1.6100000143051147,1.5199999809265137,1.5800000429153442,302800,0.0,0.0
2024-07-18 00:00:00-04:00,1.559999942779541,1.6299999952316284,1.4700000286102295,1.5,276500,0.0,0.0
2024-07-19 00:00:00-04:00,1.5199999809265137,1.5199999809265137,1.4600000381469727,1.5,191600,0.0,0.0
2024-07-22 00:00:00-04:00,1.5099999904632568,1.5099999904632568,1.4299999475479126,1.440000057220459,315600,0.0,0.0
2024-07-23 00:00:00-04:00,1.4199999570846558,1.5449999570846558,1.4019999504089355,1.5199999809265137,372100,0.0,0.0
2024-07-24 00:00:00-04:00,1.5299999713897705,1.5750000476837158,1.4500000476837158,1.4600000381469727,314000,0.0,0.0
2024-07-25 00:00:00-04:00,1.4700000286102295,1.559999942779541,1.440000057220459,1.5299999713897705,356600,0.0,0.0
2024-07-26 00:00:00-04:00,1.590000033378601,1.590000033378601,1.524999976158142,1.5800000429153442,216700,0.0,0.0
2024-07-29 00:00:00-04:00,1.590000033378601,1.590000033378601,1.4600000381469727,1.4800000190734863,155500,0.0,0.0
2024-07-30 00:00:00-04:00,1.5299999713897705,1.5299999713897705,1.3899999856948853,1.4500000476837158,372500,0.0,0.0
2024-07-31 00:00:00-04:00,1.440000057220459,1.5199999809265137,1.440000057220459,1.4500000476837158,278100,0.0,0.0
2024-08-01 00:00:00-04:00,1.4299999475479126,1.4579999446868896,1.3600000143051147,1.3700000047683716,323500,0.0,0.0
2024-08-02 00:00:00-04:00,1.350000023841858,1.3899999856948853,1.350000023841858,1.350000023841858,331200,0.0,0.0
2024-08-05 00:00:00-04:00,1.350000023841858,1.3600000143051147,1.2000000476837158,1.2200000286102295,764900,0.0,0.0
2024-08-06 00:00:00-04:00,1.2400000095367432,1.25,1.1699999570846558,1.2200000286102295,348700,0.0,0.0
2024-08-07 00:00:00-04:00,1.25,1.3450000286102295,1.2000000476837158,1.309999942779541,588700,0.0,0.0
2024-08-08 00:00:00-04:00,1.2999999523162842,1.4199999570846558,1.2899999618530273,1.3600000143051147,469700,0.0,0.0
2024-08-09 00:00:00-04:00,1.350000023841858,1.3899999856948853,1.2699999809265137,1.2899999618530273,330200,0.0,0.0
2024-08-12 00:00:00-04:00,1.2999999523162842,1.2999999523162842,1.184999942779541,1.2200000286102295,722800,0.0,0.0
2024-08-13 00:00:00-04:00,1.2599999904632568,1.3450000286102295,1.2000000476837158,1.340000033378601,334000,0.0,0.0
2024-08-14 00:00:00-04:00,1.340000033378601,1.343999981880188,1.2100000381469727,1.25,331200,0.0,0.0
2024-08-15 00:00:00-04:00,1.2699999809265137,1.3600000143051147,1.2400000095367432,1.3200000524520874,308200,0.0,0.0
2024-08-16 00:00:00-04:00,1.309999942779541,1.3700000047683716,1.2799999713897705,1.309999942779541,217700,0.0,0.0
2024-08-19 00:00:00-04:00,1.2899999618530273,1.3899999856948853,1.2899999618530273,1.3799999952316284,222400,0.0,0.0
2024-08-20 00:00:00-04:00,1.350000023841858,1.3799999952316284,1.309999942779541,1.3300000429153442,112100,0.0,0.0
2024-08-21 00:00:00-04:00,1.3300000429153442,1.409999966621399,1.309999942779541,1.3799999952316284,176500,0.0,0.0
2024-08-22 00:00:00-04:00,1.3600000143051147,1.4450000524520874,1.340000033378601,1.409999966621399,247600,0.0,0.0
2024-08-23 00:00:00-04:00,1.399999976158142,1.5800000429153442,1.399999976158142,1.4900000095367432,608100,0.0,0.0
2024-08-26 00:00:00-04:00,1.5,1.5700000524520874,1.4600000381469727,1.5299999713897705,288800,0.0,0.0
2024-08-27 00:00:00-04:00,1.5199999809265137,1.5700000524520874,1.5,1.5499999523162842,261200,0.0,0.0
2024-08-28 00:00:00-04:00,1.559999942779541,1.559999942779541,1.4600000381469727,1.5099999904632568,292200,0.0,0.0
2024-08-29 00:00:00-04:00,1.5099999904632568,1.5800000429153442,1.4800000190734863,1.5299999713897705,197100,0.0,0.0
2024-08-30 00:00:00-04:00,1.5499999523162842,1.5499999523162842,1.3799999952316284,1.399999976158142,338500,0.0,0.0
2024-09-03 00:00:00-04:00,1.4500000476837158,1.4639999866485596,1.3300000429153442,1.350000023841858,296800,0.0,0.0
2024-09-04 00:00:00-04:00,1.3600000143051147,1.3899999856948853,1.2999999523162842,1.340000033378601,174800,0.0,0.0
2024-09-05 00:00:00-04:00,1.3200000524520874,1.3459999561309814,1.2699999809265137,1.2799999713897705,238300,0.0,0.0
2024-09-06 00:00:00-04:00,1.2699999809265137,1.309999942779541,1.2200000286102295,1.25,289600,0.0,0.0
2024-09-09 00:00:00-04:00,1.2599999904632568,1.3200000524520874,1.25,1.2999999523162842,204100,0.0,0.0
2024-09-10 00:00:00-04:00,1.2999999523162842,1.3600000143051147,1.2359999418258667,1.3300000429153442,353100,0.0,0.0
2024-09-11 00:00:00-04:00,1.3300000429153442,1.3300000429153442,1.2200000286102295,1.3300000429153442,277900,0.0,0.0
2024-09-12 00:00:00-04:00,1.3600000143051147,1.3600000143051147,1.2799999713897705,1.340000033378601,510500,0.0,0.0
2024-09-13 00:00:00-04:00,1.3899999856948853,1.440000057220459,1.350000023841858,1.4199999570846558,362600,0.0,0.0
2024-09-16 00:00:00-04:00,1.4299999475479126,1.4299999475479126,1.3300000429153442,1.3600000143051147,232200,0.0,0.0
2024-09-17 00:00:00-04:00,1.3799999952316284,1.399999976158142,1.3300000429153442,1.340000033378601,243800,0.0,0.0
2024-09-18 00:00:00-04:00,1.3200000524520874,1.3899999856948853,1.2999999523162842,1.309999942779541,271800,0.0,0.0
2024-09-19 00:00:00-04:00,1.399999976158142,1.399999976158142,1.309999942779541,1.3700000047683716,226400,0.0,0.0
2024-09-20 00:00:00-04:00,1.2899999618530273,1.3700000047683716,1.2799999713897705,1.2799999713897705,741900,0.0,0.0
2024-09-23 00:00:00-04:00,1.2899999618530273,1.340000033378601,1.25,1.2999999523162842,236000,0.0,0.0
2024-09-24 00:00:00-04:00,1.309999942779541,1.3300000429153442,1.2799999713897705,1.309999942779541,211000,0.0,0.0
2024-09-25 00:00:00-04:00,1.2999999523162842,1.340000033378601,1.2790000438690186,1.309999942779541,171200,0.0,0.0
2024-09-26 00:00:00-04:00,1.340000033378601,1.350000023841858,1.2999999523162842,1.3300000429153442,240600,0.0,0.0
2024-09-27 00:00:00-04:00,1.3600000143051147,1.3600000143051147,1.3200000524520874,1.340000033378601,156300,0.0,0.0
2024-09-30 00:00:00-04:00,1.3200000524520874,1.3700000047683716,1.2799999713897705,1.309999942779541,188200,0.0,0.0
2024-10-01 00:00:00-04:00,1.2899999618530273,1.2999999523162842,1.25,1.25,233700,0.0,0.0
2024-10-02 00:00:00-04:00,1.2400000095367432,1.2599999904632568,1.159999966621399,1.1799999475479126,328600,0.0,0.0
2024-10-03 00:00:00-04:00,1.1799999475479126,1.2200000286102295,1.159999966621399,1.1799999475479126,269100,0.0,0.0
2024-10-04 00:00:00-04:00,1.2100000381469727,1.2200000286102295,1.1699999570846558,1.190000057220459,259500,0.0,0.0
2024-10-07 00:00:00-04:00,1.2100000381469727,1.2699999809265137,1.190000057220459,1.2400000095367432,381500,0.0,0.0
2024-10-08 00:00:00-04:00,1.2300000190734863,1.2599999904632568,1.2100000381469727,1.25,337900,0.0,0.0
2024-10-09 00:00:00-04:00,1.2699999809265137,1.309999942779541,1.25,1.2699999809265137,250800,0.0,0.0
2024-10-10 00:00:00-04:00,1.25,1.2699999809265137,1.159999966621399,1.1799999475479126,596100,0.0,0.0
2024-10-11 00:00:00-04:00,1.190000057220459,1.2899999618530273,1.1799999475479126,1.2799999713897705,482500,0.0,0.0
2024-10-14 00:00:00-04:00,1.2799999713897705,1.3700000047683716,1.2599999904632568,1.3300000429153442,710900,0.0,0.0
2024-10-15 00:00:00-04:00,1.3300000429153442,1.3799999952316284,1.2899999618530273,1.340000033378601,483300,0.0,0.0
2024-10-16 00:00:00-04:00,1.340000033378601,1.3799999952316284,1.309999942779541,1.340000033378601,338200,0.0,0.0
2024-10-17 00:00:00-04:00,1.350000023841858,1.3899999856948853,1.309999942779541,1.3300000429153442,268100,0.0,0.0
2024-10-18 00:00:00-04:00,1.340000033378601,1.4450000524520874,1.3300000429153442,1.3700000047683716,497000,0.0,0.0
2024-10-21 00:00:00-04:00,1.350000023841858,1.3700000047683716,1.309999942779541,1.3200000524520874,333500,0.0,0.0
2024-10-22 00:00:00-04:00,1.3200000524520874,1.3200000524520874,1.2450000047683716,1.2799999713897705,371100,0.0,0.0
2024-10-23 00:00:00-04:00,1.25,1.2799999713897705,1.2100000381469727,1.2400000095367432,424900,0.0,0.0
2024-10-24 00:00:00-04:00,1.2400000095367432,1.2799999713897705,1.1699999570846558,1.2000000476837158,295500,0.0,0.0
2024-10-25 00:00:00-04:00,1.2200000286102295,1.2599999904632568,1.1799999475479126,1.190000057220459,224100,0.0,0.0
2024-10-28 00:00:00-04:00,1.2300000190734863,1.2949999570846558,1.2000000476837158,1.2599999904632568,366800,0.0,0.0
2024-10-29 00:00:00-04:00,1.2200000286102295,1.2599999904632568,1.190000057220459,1.2100000381469727,479900,0.0,0.0
2024-10-30 00:00:00-04:00,1.2000000476837158,1.2400000095367432,1.190000057220459,1.2000000476837158,313600,0.0,0.0
2024-10-31 00:00:00-04:00,1.190000057220459,1.2059999704360962,1.149999976158142,1.159999966621399,374800,0.0,0.0
2024-11-01 00:00:00-04:00,1.149999976158142,1.1699999570846558,1.1299999952316284,1.1299999952316284,499600,0.0,0.0
2024-11-04 00:00:00-05:00,1.1299999952316284,1.159999966621399,1.1100000143051147,1.149999976158142,401500,0.0,0.0
2024-11-05 00:00:00-05:00,1.149999976158142,1.2000000476837158,1.1200000047683716,1.190000057220459,508000,0.0,0.0
2024-11-06 00:00:00-05:00,1.25,1.3799999952316284,1.2000000476837158,1.309999942779541,1145400,0.0,0.0
2024-11-07 00:00:00-05:00,1.2000000476837158,1.2000000476837158,1.1100000143051147,1.1299999952316284,929600,0.0,0.0
2024-11-08 00:00:00-05:00,1.1399999856948853,1.1399999856948853,1.0,1.0099999904632568,877100,0.0,0.0
2024-11-11 00:00:00-05:00,1.0099999904632568,1.1100000143051147,1.0,1.059999942779541,1063500,0.0,0.0
2024-11-12 00:00:00-05:00,1.059999942779541,1.0700000524520874,1.0,1.0,675800,0.0,0.0
2024-11-13 00:00:00-05:00,1.0199999809265137,1.0299999713897705,0.9599999785423279,0.9710000157356262,1083300,0.0,0.0
2024-11-14 00:00:00-05:00,0.9599999785423279,1.0099999904632568,0.8999999761581421,0.9010000228881836,661200,0.0,0.0
2024-11-15 00:00:00-05:00,0.9200000166893005,0.925000011920929,0.8299999833106995,0.8370000123977661,644400,0.0,0.0
2024-11-18 00:00:00-05:00,0.8399999737739563,0.8500000238418579,0.800000011920929,0.8270000219345093,604900,0.0,0.0
2024-11-19 00:00:00-05:00,0.8199999928474426,0.9710000157356262,0.8199999928474426,0.949999988079071,835000,0.0,0.0
2024-11-20 00:00:00-05:00,0.9900000095367432,0.9900000095367432,0.9290000200271606,0.9580000042915344,661800,0.0,0.0
2024-11-21 00:00:00-05:00,0.9980000257492065,1.0099999904632568,0.9459999799728394,0.9670000076293945,436300,0.0,0.0
2024-11-22 00:00:00-05:00,1.0,1.1200000047683716,0.9700000286102295,1.1100000143051147,878300,0.0,0.0
2024-11-25 00:00:00-05:00,1.1699999570846558,1.25,1.0800000429153442,1.0800000429153442,861200,0.0,0.0
2024-11-26 00:00:00-05:00,1.0700000524520874,1.1150000095367432,1.0700000524520874,1.0700000524520874,417800,0.0,0.0
2024-11-27 00:00:00-05:00,1.0800000429153442,1.1200000047683716,1.0700000524520874,1.0700000524520874,343000,0.0,0.0
2024-11-29 00:00:00-05:00,1.0700000524520874,1.1100000143051147,1.0700000524520874,1.090000033378601,172700,0.0,0.0
2024-12-02 00:00:00-05:00,1.100000023841858,1.100000023841858,0.9980000257492065,1.0,518800,0.0,0.0
2024-12-03 00:00:00-05:00,1.0199999809265137,1.0199999809265137,0.9900000095367432,1.0,601900,0.0,0.0
2024-12-04 00:00:00-05:00,1.0199999809265137,1.0199999809265137,0.9710000157356262,0.9950000047683716,555000,0.0,0.0
2024-12-05 00:00:00-05:00,0.9950000047683716,1.059999942779541,0.9629999995231628,0.9649999737739563,502000,0.0,0.0
2024-12-06 00:00:00-05:00,0.9950000047683716,1.0700000524520874,0.9829999804496765,1.059999942779541,874600,0.0,0.0
2024-12-09 00:00:00-05:00,1.149999976158142,1.25,1.0399999618530273,1.190000057220459,1751000,0.0,0.0
2024-12-10 00:00:00-05:00,1.2000000476837158,1.2100000381469727,1.0499999523162842,1.0700000524520874,716100,0.0,0.0
2024-12-11 00:00:00-05:00,1.0700000524520874,1.149999976158142,1.0499999523162842,1.100000023841858,624100,0.0,0.0
2024-12-12 00:00:00-05:00,1.100000023841858,1.1200000047683716,1.0499999523162842,1.059999942779541,655200,0.0,0.0
2024-12-13 00:00:00-05:00,1.0399999618530273,1.0750000476837158,1.0399999618530273,1.059999942779541,439300,0.0,0.0
2024-12-16 00:00:00-05:00,1.0299999713897705,1.0700000524520874,0.9800000190734863,1.0299999713897705,946900,0.0,0.0
2024-12-17 00:00:00-05:00,1.0499999523162842,1.0499999523162842,0.9580000042915344,0.9580000042915344,617400,0.0,0.0
2024-12-18 00:00:00-05:00,0.9649999737739563,1.0,0.8999999761581421,0.8999999761581421,870500,0.0,0.0
2024-12-19 00:00:00-05:00,0.9300000071525574,0.9900000095367432,0.9010000228881836,0.9210000038146973,680500,0.0,0.0
2024-12-20 00:00:00-05:00,0.8999999761581421,0.9800000190734863,0.8999999761581421,0.949999988079071,1177300,0.0,0.0
2024-12-23 00:00:00-05:00,0.9850000143051147,0.9850000143051147,0.9010000228881836,0.9100000262260437,477700,0.0,0.0
2024-12-24 00:00:00-05:00,0.8999999761581421,0.925000011920929,0.8799999952316284,0.8799999952316284,284600,0.0,0.0
2024-12-26 00:00:00-05:00,0.9300000071525574,0.9739999771118164,0.8899999856948853,0.9279999732971191,518800,0.0,0.0
2024-12-27 00:00:00-05:00,0.9340000152587891,0.9449999928474426,0.8700000047683716,0.8939999938011169,840300,0.0,0.0
2024-12-30 00:00:00-05:00,0.9100000262260437,0.9399999976158142,0.8949999809265137,0.8999999761581421,464600,0.0,0.0
2024-12-31 00:00:00-05:00,0.9100000262260437,0.9900000095367432,0.9100000262260437,0.9309999942779541,533500,0.0,0.0
2025-01-02 00:00:00-05:00,0.9359999895095825,0.9810000061988831,0.9309999942779541,0.9449999928474426,304300,0.0,0.0
2025-01-03 00:00:00-05:00,0.949999988079071,0.9800000190734863,0.9350000023841858,0.9509999752044678,331000,0.0,0.0
2025-01-06 00:00:00-05:00,0.9800000190734863,0.9800000190734863,0.8700000047683716,0.8700000047683716,1392000,0.0,0.0
2025-01-07 00:00:00-05:00,0.8820000290870667,0.9190000295639038,0.8209999799728394,0.8299999833106995,740700,0.0,0.0
2025-01-08 00:00:00-05:00,0.8100000023841858,0.8370000123977661,0.7580000162124634,0.7580000162124634,940900,0.0,0.0
2025-01-10 00:00:00-05:00,0.800000011920929,0.8090000152587891,0.699999988079071,0.7360000014305115,1301100,0.0,0.0
2025-01-13 00:00:00-05:00,0.7459999918937683,0.7720000147819519,0.7009999752044678,0.7170000076293945,427400,0.0,0.0
2025-01-14 00:00:00-05:00,0.7200000286102295,0.8791999816894531,0.7196999788284302,0.7885000109672546,1167271,0.0,0.0
