Date,Open,High,Low,Close,Volume,Dividends,Stock Splits
2022-01-03 00:00:00-05:00,53.42646294111255,54.53704994965176,52.56166522536795,53.21709060668945,177100,0.0,0.0
2022-01-04 00:00:00-05:00,53.30812175280301,54.60076918285276,53.30812175280301,53.88161849975586,173500,0.0,0.0
2022-01-05 00:00:00-05:00,54.11830791878918,54.38230049476611,52.78924687588508,52.82565689086914,148300,0.0,0.0
2022-01-06 00:00:00-05:00,53.07143815614727,53.881619085561596,52.197535365267626,53.61763000488281,186500,0.0,0.0
2022-01-07 00:00:00-05:00,53.73596794209937,54.409603505262176,53.0441291095314,53.15336608886719,164300,0.0,0.0
2022-01-10 00:00:00-05:00,52.85296470675768,52.85296470675768,51.38735493369428,52.54345703125,118300,0.0,0.0
2022-01-11 00:00:00-05:00,52.6344837958162,53.17157050689925,51.7241675717826,52.461524963378906,185400,0.0,0.0
2022-01-12 00:00:00-05:00,52.60717138438829,52.743716723969314,51.25990389288833,51.37824249267578,165700,0.0,0.0
2022-01-13 00:00:00-05:00,51.61492968274029,53.15336282397099,51.3054220331493,52.261253356933594,167300,0.0,0.0
2022-01-14 00:00:00-05:00,52.042782404351634,52.561665902092535,50.36780370740178,52.05188751220703,221000,0.0,0.0
2022-01-18 00:00:00-05:00,51.43287071932941,51.760585141472625,50.54986280106365,51.02322769165039,161300,0.0,0.0
2022-01-19 00:00:00-05:00,50.85026202961273,51.55120590022466,50.440619056842046,50.768333435058594,152800,0.0,0.0
2022-01-20 00:00:00-05:00,51.09604627775889,52.08829101639354,49.293620724314195,49.37554931640625,175300,0.0,0.0
2022-01-21 00:00:00-05:00,48.82936234777443,50.73192342008705,48.67461025447946,49.402862548828125,218300,0.0,0.0
2022-01-24 00:00:00-05:00,48.77474538411285,53.326326544739395,48.77474538411285,53.10784912109375,390700,0.0,0.0
2022-01-25 00:00:00-05:00,52.3158729049757,53.927132988901974,50.7956430516339,52.698204040527344,341800,0.0,0.0
2022-01-26 00:00:00-05:00,52.215740729636146,52.215740729636146,48.037388997309506,48.51985549926758,671200,0.0,0.0
2022-01-27 00:00:00-05:00,48.36510283909197,49.38465605631914,45.661462493077735,45.970970153808594,384400,0.0,0.0
2022-01-28 00:00:00-05:00,46.16213309125203,46.54446769621232,43.185398737770996,44.368812561035156,351700,0.0,0.0
2022-01-31 00:00:00-05:00,43.85903395737234,45.788903292245266,43.78620699592248,45.270023345947266,858200,0.0,0.0
2022-02-01 00:00:00-05:00,45.133485281166,46.02559486732113,44.77845899571074,45.07886505126953,521100,0.0,0.0
2022-02-02 00:00:00-05:00,46.353295412037085,46.93590064892768,43.87723791371892,44.47804641723633,556800,0.0,0.0
2022-02-03 00:00:00-05:00,43.83173159656987,44.27778464261381,42.57549411985667,42.6938362121582,475900,0.0,0.0
2022-02-04 00:00:00-05:00,42.8030664575537,42.8030664575537,40.563689527032665,41.000640869140625,483000,0.0,0.0
2022-02-07 00:00:00-05:00,41.19180979901085,41.88364861245091,40.1449447355285,40.62741470336914,403700,0.0,0.0
2022-02-08 00:00:00-05:00,40.591009837934884,41.62877001470344,40.591009837934884,41.38298416137695,282900,0.0,0.0
2022-02-09 00:00:00-05:00,41.54683571289231,42.63921597625618,41.2464331372014,41.33746337890625,329200,0.0,0.0
2022-02-10 00:00:00-05:00,40.67293354215531,41.2646405404498,40.32701236749479,40.44535446166992,379900,0.0,0.0
2022-02-11 00:00:00-05:00,40.4908697059767,40.800377395278176,39.70799711112112,40.35432434082031,305700,0.0,0.0
2022-02-14 00:00:00-05:00,40.299702917794804,41.42849318235078,39.99929687270067,40.9642333984375,355000,0.0,0.0
2022-02-15 00:00:00-05:00,41.32836100887087,42.311500797609455,41.19181217616056,42.047508239746094,441600,0.0,0.0
2022-02-16 00:00:00-05:00,42.07482072636683,42.87589657447113,41.70159118023746,42.78486633300781,560700,0.0,0.0
2022-02-17 00:00:00-05:00,42.42984168048898,43.44939492528412,42.284191216946816,43.28553771972656,277400,0.0,0.0
2022-02-18 00:00:00-05:00,43.203611631328876,44.15034143574158,43.203611631328876,43.52222442626953,387300,0.0,0.0
2022-02-22 00:00:00-05:00,43.55863391876725,43.55863391876725,40.80037661865291,41.33746337890625,355900,0.0,0.0
2022-02-23 00:00:00-05:00,41.446695458863715,42.00198889626346,40.30880020930052,40.408935546875,288400,0.0,0.0
2022-02-24 00:00:00-05:00,39.80813316996009,42.48446196201719,39.480418731630394,42.19316101074219,359300,0.0,0.0
2022-02-25 00:00:00-05:00,41.61965594035095,42.912303220523604,41.50131386724567,42.80306625366211,311500,0.0,0.0
2022-02-28 00:00:00-05:00,42.51177134818436,43.72249020559807,42.04750809661454,42.49356460571289,206900,0.0,0.0
2022-03-01 00:00:00-05:00,42.12033561803502,42.775764465266036,40.9369251225421,41.146297454833984,249800,0.0,0.0
2022-03-02 00:00:00-05:00,41.1827116221166,42.83038192995792,41.1827116221166,42.611907958984375,241100,0.0,0.0
2022-03-03 00:00:00-05:00,42.9305098852231,43.057953591768346,41.39207682787175,41.901851654052734,185600,0.0,0.0
2022-03-04 00:00:00-05:00,41.52861966338821,42.37521391732815,41.4922096584145,42.02019119262695,212400,0.0,0.0
2022-03-07 00:00:00-05:00,42.429837144874476,42.64831108054307,39.90826094287721,40.190460205078125,264500,0.0,0.0
2022-03-08 00:00:00-05:00,40.66663144853226,41.738012660563875,39.91575044218457,40.043949127197266,184700,0.26,0.0
2022-03-09 00:00:00-05:00,40.977972605717085,41.63728412075743,40.465174372557684,40.822303771972656,199300,0.0,0.0
2022-03-10 00:00:00-05:00,40.456016262680265,40.886400529246636,39.631876920989754,40.465171813964844,177100,0.0,0.0
2022-03-11 00:00:00-05:00,40.75820334231139,41.72885607529123,40.16299462778844,41.15195846557617,290500,0.0,0.0
2022-03-14 00:00:00-04:00,41.49992974424151,41.49992974424151,40.42855193887787,40.84977722167969,210800,0.0,0.0
2022-03-15 00:00:00-04:00,40.94134011350922,41.417509114547656,40.30950229126785,40.52011489868164,360700,0.0,0.0
2022-03-16 00:00:00-04:00,41.02375136544697,41.28015219119059,40.162986396637095,40.70325469970703,1776800,0.0,0.0
2022-03-17 00:00:00-04:00,40.72157154362137,42.17754867855866,40.70325694840276,41.82041931152344,537400,0.0,0.0
2022-03-18 00:00:00-04:00,41.87535695687021,42.058499389049786,39.63187002226097,39.915740966796875,671400,0.0,0.0
2022-03-21 00:00:00-04:00,39.970692550642255,41.28931203218815,39.83333482639387,40.16299057006836,287800,0.0,0.0
2022-03-22 00:00:00-04:00,40.520118242693286,41.37172778690715,39.84249212944434,40.55674743652344,510200,0.0,0.0
2022-03-23 00:00:00-04:00,40.44685285610419,40.73072381943847,39.55861776491268,39.732601165771484,190100,0.0,0.0
2022-03-24 00:00:00-04:00,39.760075170976066,40.02563156635302,39.57693620203519,39.741764068603516,138800,0.0,0.0
2022-03-25 00:00:00-04:00,39.43958358652224,40.6483191023588,39.22897095046082,40.40107727050781,251300,0.0,0.0
2022-03-28 00:00:00-04:00,40.64831198561679,41.14279556274414,40.10804366834471,41.14279556274414,239900,0.0,0.0
2022-03-29 00:00:00-04:00,41.5365584545163,42.80023778127501,41.12448872914364,42.39732360839844,601600,0.0,0.0
2022-03-30 00:00:00-04:00,42.4247937496967,42.4247937496967,41.362568103918804,41.61896896362305,254300,0.0,0.0
2022-03-31 00:00:00-04:00,41.600650332598946,41.70137885773361,39.888275884764994,40.6025276184082,498700,0.0,0.0
2022-04-01 00:00:00-04:00,40.81314272144422,41.20689780211661,40.190460430760076,40.941341400146484,329500,0.0,0.0
2022-04-04 00:00:00-04:00,40.950505766078486,41.124489210761205,40.14468090404058,40.84977722167969,212700,0.0,0.0
2022-04-05 00:00:00-04:00,40.70325810913281,41.00544020597761,39.99816189229232,40.47433090209961,220000,0.0,0.0
2022-04-06 00:00:00-04:00,39.888281086287435,41.4358278753686,39.686824009747646,41.00544357299805,267200,0.0,0.0
2022-04-07 00:00:00-04:00,41.33509775337286,41.536554822193956,40.291190202485524,41.36256790161133,235500,0.0,0.0
2022-04-08 00:00:00-04:00,41.4816099684125,42.168391601972814,40.86808671914493,41.1977424621582,493100,0.0,0.0
2022-04-11 00:00:00-04:00,40.9962880209518,42.29659298695748,40.868089333390934,41.00544357299805,227800,0.0,0.0
2022-04-12 00:00:00-04:00,41.45413621728259,42.214172675913865,40.80398383238621,40.90470886230469,258000,0.0,0.0
2022-04-13 00:00:00-04:00,40.74904467924036,41.47245552426204,39.69597808240364,41.371726989746094,221500,0.0,0.0
2022-04-14 00:00:00-04:00,41.60065456227219,42.43394950063033,41.55486981705184,42.369850158691406,298600,0.0,0.0
2022-04-18 00:00:00-04:00,42.28744360558799,42.461427065072606,41.31679076889093,41.87537384033203,339400,0.0,0.0
2022-04-19 00:00:00-04:00,42.15924154680914,43.57858974257702,41.875370510394575,43.35881805419922,297300,0.0,0.0
2022-04-20 00:00:00-04:00,43.203146515551985,44.48514038272683,43.203146515551985,44.3203125,231800,0.0,0.0
2022-04-21 00:00:00-04:00,44.80563441349414,45.54735984124294,44.15548196684818,44.99793243408203,348300,0.0,0.0
2022-04-22 00:00:00-04:00,44.640804976618035,44.805632843676165,42.82770193213055,43.04747009277344,569200,0.0,0.0
2022-04-25 00:00:00-04:00,42.598777727871926,43.2764003462646,42.25996641867558,42.58961868286133,721300,0.0,0.0
2022-04-26 00:00:00-04:00,42.24164952770872,43.267242444609494,40.90471197409564,40.95965576171875,478800,0.0,0.0
2022-04-27 00:00:00-04:00,41.234365135406314,42.479729631782774,41.06953727599462,41.64643478393555,1068300,0.0,0.0
2022-04-28 00:00:00-04:00,41.976091379915715,42.25080332029182,40.062259855111186,42.11344909667969,476000,0.0,0.0
2022-04-29 00:00:00-04:00,41.939473193465986,43.093268536182656,41.234376815839745,41.87537384033203,384800,0.0,0.0
2022-05-02 00:00:00-04:00,41.89368323111922,43.0841041324987,41.7563254953956,42.99253463745117,345900,0.0,0.0
2022-05-03 00:00:00-04:00,42.97421410803199,43.26724064352008,41.90283299946777,42.11344909667969,174600,0.0,0.0
2022-05-04 00:00:00-04:00,42.18671266427799,42.67203730857416,40.95050693164894,42.278282165527344,349900,0.0,0.0
2022-05-05 00:00:00-04:00,41.94861911473049,42.73612570585285,40.16298635276176,40.694095611572266,388100,0.0,0.0
2022-05-06 00:00:00-04:00,40.45601858651133,40.547588077224795,39.421266574318786,40.06226348876953,316200,0.0,0.0
2022-05-09 00:00:00-04:00,39.631879081660536,41.35341274862951,39.631879081660536,41.097015380859375,523200,0.0,0.0
2022-05-10 00:00:00-04:00,41.61897387371028,41.87537127051142,39.760082267444396,40.27288055419922,227000,0.0,0.0
2022-05-11 00:00:00-04:00,40.346130518840354,41.27099485915539,39.256434823827966,39.82417678833008,286400,0.0,0.0
2022-05-12 00:00:00-04:00,39.99816291362185,41.03291489391623,39.494523743919075,40.91387176513672,317800,0.0,0.0
2022-05-13 00:00:00-04:00,41.40835865474883,42.62624970704316,41.243530769001886,42.21417999267578,346000,0.0,0.0
2022-05-16 00:00:00-04:00,42.122605818157396,42.89180136847591,41.52739368650961,42.02187728881836,326600,0.0,0.0
2022-05-17 00:00:00-04:00,42.44310704327156,43.12073318103515,41.664755858559396,42.74529266357422,309400,0.0,0.0
2022-05-18 00:00:00-04:00,42.076821283592565,42.076821283592565,39.0183536628268,39.9706916809082,537800,0.0,0.0
2022-05-19 00:00:00-04:00,36.62834812774559,37.58068601742333,35.51118239204087,36.44520568847656,1293700,0.0,0.0
2022-05-20 00:00:00-04:00,36.399426979368286,36.71992368129687,34.329926504446455,35.529502868652344,706300,0.0,0.0
2022-05-23 00:00:00-04:00,35.72180100689609,39.44873927195728,35.51118838877382,39.3571662902832,1082300,0.0,0.0
2022-05-24 00:00:00-04:00,38.75280293954851,39.63188270351329,37.90119332659748,39.56778335571289,584600,0.0,0.0
2022-05-25 00:00:00-04:00,39.430421873786806,42.314902475090186,39.01835221841437,41.866207122802734,479800,0.0,0.0
2022-05-26 00:00:00-04:00,42.25996782057386,43.04747455315257,41.509086789796,42.763607025146484,449200,0.0,0.0
2022-05-27 00:00:00-04:00,42.754445288162714,43.83498201918744,41.17026938427271,43.7159423828125,512900,0.0,0.0
2022-05-31 00:00:00-04:00,43.47784874791136,43.49616334112791,42.17754406789983,43.42290496826172,457100,0.0,0.0
2022-06-01 00:00:00-04:00,43.725098713584565,43.9540259319803,42.07682343976573,42.12260818481445,272900,0.0,0.0
2022-06-02 00:00:00-04:00,42.01272572059669,42.82770609065566,41.93031177906532,42.772762298583984,276000,0.0,0.0
2022-06-03 00:00:00-04:00,42.63457541740354,42.63457541740354,41.82389455617716,42.18317413330078,221000,0.28,0.0
2022-06-06 00:00:00-04:00,42.48718267541094,42.837251521286426,41.86995944784295,42.46875762939453,226600,0.0,0.0
2022-06-07 00:00:00-04:00,42.30293123261998,42.459542350002486,41.14218157072034,41.842315673828125,310000,0.0,0.0
2022-06-08 00:00:00-04:00,41.81468275689464,41.888382938223245,40.80132986315277,40.930301666259766,298200,0.0,0.0
2022-06-09 00:00:00-04:00,40.89344639176059,41.501458753774976,40.59865273225166,41.18824005126953,238700,0.0,0.0
2022-06-10 00:00:00-04:00,40.718416969837406,40.967149798604375,39.6589997562986,39.76954650878906,280500,0.0,0.0
2022-06-13 00:00:00-04:00,39.4471174935737,39.74191117992593,38.5535221550709,39.336570739746094,326000,0.0,0.0
2022-06-14 00:00:00-04:00,39.36420603215083,40.56180580648989,37.88102334044209,38.65485763549805,283400,0.0,0.0
2022-06-15 00:00:00-04:00,38.87595131392086,39.81560741390419,38.590368421090815,38.97728729248047,334300,0.0,0.0
2022-06-16 00:00:00-04:00,38.314002459500664,38.314002459500664,36.58208696819599,36.87688064575195,279800,0.0,0.0
2022-06-17 00:00:00-04:00,36.618939185142516,37.44804864785183,36.250445309667704,36.849246978759766,737200,0.0,0.0
2022-06-21 00:00:00-04:00,37.77968601321528,38.36006259247709,36.996640980825084,37.00585174560547,547900,0.0,0.0
2022-06-22 00:00:00-04:00,36.36099749768242,39.078626794256685,36.36099749768242,38.71013641357422,577000,0.0,0.0
2022-06-23 00:00:00-04:00,38.93123330053123,40.53417731326656,38.93123330053123,40.2762336730957,537300,0.0,0.0
2022-06-24 00:00:00-04:00,40.64471940457812,42.247663232703836,40.60787282752482,41.916019439697266,1013600,0.0,0.0
2022-06-27 00:00:00-04:00,41.86074037523857,42.137112519625724,41.188242086613265,41.57516098022461,360800,0.0,0.0
2022-06-28 00:00:00-04:00,41.612009901676686,41.99892881711898,40.607871308722764,40.73684310913086,453900,0.0,0.0
2022-06-29 00:00:00-04:00,40.62629128519096,40.87502411112697,40.08276477982365,40.29465103149414,355100,0.0,0.0
2022-06-30 00:00:00-04:00,39.63136743818687,40.32229085200278,38.1389738483256,39.50239562988281,385500,0.0,0.0
2022-07-01 00:00:00-04:00,39.28129406211576,40.755265950173296,38.82067850601362,40.40519714355469,386900,0.0,0.0
2022-07-05 00:00:00-04:00,39.85245853293327,42.01735387276537,39.80639767766407,41.851531982421875,492200,0.0,0.0
2022-07-06 00:00:00-04:00,41.73177010534124,42.496393641410734,40.524959556234926,40.90266418457031,375900,0.0,0.0
2022-07-07 00:00:00-04:00,41.1145469179659,41.59358753428716,40.561806123340794,41.28036880493164,195400,0.0,0.0
2022-07-08 00:00:00-04:00,41.06849163606822,41.621228991474304,40.52496504709092,40.5526008605957,226200,0.0,0.0
2022-07-11 00:00:00-04:00,40.41440546473039,40.75526348587253,38.64564352307237,40.14725112915039,300900,0.0,0.0
2022-07-12 00:00:00-04:00,40.16566922886775,41.225086259089935,40.16566922886775,40.81053161621094,315800,0.0,0.0
2022-07-13 00:00:00-04:00,40.71841291558283,41.47382209178584,40.027489631430015,41.37248611450195,343600,0.0,0.0
2022-07-14 00:00:00-04:00,40.948726787920236,42.66221735060554,40.81054070478056,42.38584518432617,870200,0.0,0.0
2022-07-15 00:00:00-04:00,43.14125097511052,43.758474080580626,42.87409313204846,43.40840530395508,634200,0.0,0.0
2022-07-18 00:00:00-04:00,43.40840836047301,44.00720997995246,42.699059993197494,43.1781005859375,367400,0.0,0.0
2022-07-19 00:00:00-04:00,43.288650770178066,44.62443304870996,43.19652555199872,44.34806442260742,309700,0.0,0.0
2022-07-20 00:00:00-04:00,44.14539383948343,45.702276690408,43.786114262875564,45.6009407043457,350900,0.0,0.0
2022-07-21 00:00:00-04:00,45.45354409490914,45.527240757916076,44.17303338648004,44.77183151245117,308600,0.0,0.0
2022-07-22 00:00:00-04:00,44.31121861982236,45.54566854904353,43.933513974310856,44.29279708862305,275400,0.0,0.0
2022-07-25 00:00:00-04:00,44.37569933724351,44.46782455356749,43.70320107205801,43.77690124511719,280300,0.0,0.0
2022-07-26 00:00:00-04:00,42.993849036851586,43.06754920359651,41.7409778301441,42.173954010009766,522100,0.0,0.0
2022-07-27 00:00:00-04:00,42.662217145154145,44.080910489361486,42.137115654501045,43.93351364135742,622700,0.0,0.0
2022-07-28 00:00:00-04:00,44.40334536806428,46.51296569868319,43.63872177102931,45.83125305175781,417200,0.0,0.0
2022-07-29 00:00:00-04:00,46.0339194833369,46.46689571341326,45.46275366747977,46.19974136352539,376200,0.0,0.0
2022-08-01 00:00:00-04:00,46.01550274899048,47.05649507055213,45.44434034421065,46.789337158203125,353100,0.0,0.0
2022-08-02 00:00:00-04:00,46.623500873441465,46.74326188588412,45.72069492674321,45.81281661987305,302200,0.0,0.0
2022-08-03 00:00:00-04:00,46.21816914951807,47.71977703928429,45.74834276819716,47.53553009033203,349000,0.0,0.0
2022-08-04 00:00:00-04:00,47.37891315760565,47.618431684223374,46.32871032343532,46.356346130371094,195400,0.0,0.0
2022-08-05 00:00:00-04:00,45.84045936009486,46.75247972261454,45.54566568041975,46.69720458984375,239800,0.0,0.0
2022-08-08 00:00:00-04:00,46.881451515505866,48.226448118223665,46.881451515505866,47.452613830566406,295200,0.0,0.0
2022-08-09 00:00:00-04:00,47.54474562089454,47.54474562089454,46.42084236552668,47.332862854003906,318200,0.0,0.0
2022-08-10 00:00:00-04:00,48.14353542179022,48.3185715787336,47.41576552840212,47.44340133666992,261000,0.0,0.0
2022-08-11 00:00:00-04:00,47.80268109188481,48.61336544174862,47.58158759642416,48.14353561401367,263500,0.0,0.0
2022-08-12 00:00:00-04:00,48.56730273366756,48.69627452012712,47.388124584142396,48.171173095703125,245400,0.0,0.0
2022-08-15 00:00:00-04:00,48.05141443368023,49.12004237796828,47.17624417858329,48.06983947753906,189000,0.0,0.0
2022-08-16 00:00:00-04:00,48.13432664259093,49.737270358379966,47.48946414740642,49.35956573486328,218900,0.0,0.0
2022-08-17 00:00:00-04:00,48.48439435414881,48.65942700011404,47.86716768240799,48.392269134521484,187800,0.0,0.0
2022-08-18 00:00:00-04:00,48.309360471901435,48.309360471901435,47.40655436229029,47.5723762512207,217700,0.0,0.0
2022-08-19 00:00:00-04:00,47.30521687914283,47.30521687914283,46.51296106331653,46.73405456542969,285000,0.0,0.0
2022-08-22 00:00:00-04:00,46.57657922436521,46.57657922436521,45.2982269378951,45.45570373535156,265600,0.28,0.0
2022-08-23 00:00:00-04:00,45.83549828622423,46.34498675269429,45.140740322750034,45.16852951049805,335200,0.0,0.0
2022-08-24 00:00:00-04:00,44.946207941816226,45.826235382729585,43.96428210312994,44.04765319824219,380400,0.0,0.0
2022-08-25 00:00:00-04:00,44.32556084076572,45.03884617465094,44.08471294552806,44.85357666015625,218000,0.0,0.0
2022-08-26 00:00:00-04:00,45.05737073312959,45.335273221071844,43.964284551331104,44.01060104370117,296500,0.0,0.0
2022-08-29 00:00:00-04:00,43.68638973098834,44.075456109371814,43.288061465994,43.3529052734375,245600,0.0,0.0
2022-08-30 00:00:00-04:00,43.84386187980199,43.84386187980199,42.90825248943559,43.23247146606445,247400,0.0,0.0
2022-08-31 00:00:00-04:00,43.15836581256712,43.67711970921614,42.72298301477737,42.898990631103516,163500,0.0,0.0
2022-09-01 00:00:00-04:00,42.37098347673737,42.945315867084695,42.19497582457426,42.82489013671875,177000,0.0,0.0
2022-09-02 00:00:00-04:00,43.074993551955046,43.50111091964461,42.45434480341438,42.76003646850586,190900,0.0,0.0
2022-09-06 00:00:00-04:00,42.760042994463404,42.760042994463404,41.81517159991135,42.074546813964844,202600,0.0,0.0
2022-09-07 00:00:00-04:00,42.19496554167149,43.77901282277239,41.722531689556405,43.72343444824219,194600,0.0,0.0
2022-09-08 00:00:00-04:00,43.325113167095815,44.28851186108975,42.52845669066706,43.26953125,218700,0.0,0.0
2022-09-09 00:00:00-04:00,43.44553442254038,44.03839400908077,42.9545697062876,43.57522201538086,203400,0.0,0.0
2022-09-12 00:00:00-04:00,43.92722998402389,44.5571441752527,43.575221814712734,44.44598388671875,243000,0.0,0.0
2022-09-13 00:00:00-04:00,43.54742850911796,43.54742850911796,41.75958789663566,41.805904388427734,200500,0.0,0.0
2022-09-14 00:00:00-04:00,41.89853916304782,42.176441659401554,41.25009764907446,41.639163970947266,271500,0.0,0.0
2022-09-15 00:00:00-04:00,41.49094974327085,42.16718045772566,40.66650412610982,41.111148834228516,400400,0.0,0.0
2022-09-16 00:00:00-04:00,41.10188807613796,42.157919819391495,40.5182938182699,41.57432556152344,1205000,0.0,0.0
2022-09-19 00:00:00-04:00,41.65769172660876,42.16718023106516,41.54652789988511,41.870750427246094,240400,0.0,0.0
2022-09-20 00:00:00-04:00,41.435362884591356,41.55578858295634,40.74060494849749,41.518733978271484,244400,0.0,0.0
2022-09-21 00:00:00-04:00,41.8336896728542,42.3524435201922,41.26861933804637,41.37051773071289,221700,0.0,0.0
2022-09-22 00:00:00-04:00,41.27788763192952,41.351993310300486,40.647973464028524,40.79618835449219,240600,0.0,0.0
2022-09-23 00:00:00-04:00,40.44417953491211,40.62018362554108,40.018062136301765,40.44417953491211,305200,0.0,0.0
2022-09-26 00:00:00-04:00,40.268185336586036,41.05557652891529,39.9624900404931,40.07365036010742,475900,0.0,0.0
2022-09-27 00:00:00-04:00,40.175539394988625,40.87029741408762,39.832793095008626,39.90690231323242,443800,0.0,0.0
2022-09-28 00:00:00-04:00,40.110695149170176,41.12967568606632,39.72163235899451,40.87956237792969,314700,0.0,0.0
2022-09-29 00:00:00-04:00,40.28670182486321,40.46270591145648,39.610467600055294,40.092166900634766,339500,0.0,0.0
2022-09-30 00:00:00-04:00,39.86058291288994,40.898090782034416,39.47152011225232,40.2589111328125,477100,0.0,0.0
2022-10-03 00:00:00-04:00,40.6665000789048,41.574316709348125,40.40712137469123,40.99998092651367,244700,0.0,0.0
2022-10-04 00:00:00-04:00,41.555792223442694,42.39876511840284,41.3427335284222,42.0560188293457,370000,0.0,0.0
2022-10-05 00:00:00-04:00,41.657689974651355,42.982362150760714,41.54652615260281,42.695194244384766,258300,0.0,0.0
2022-10-06 00:00:00-04:00,42.6674081618846,43.40848269421521,42.463611340347896,43.334373474121094,223000,0.0,0.0
2022-10-07 00:00:00-04:00,43.11204166428548,43.130568964488525,42.176432439497994,43.0101432800293,296600,0.0,0.0
2022-10-10 00:00:00-04:00,43.09352133269116,43.3621619284952,42.306126848478144,42.880462646484375,265300,0.0,0.0
2022-10-11 00:00:00-04:00,42.69519829893169,43.13058114232995,42.46361228158746,42.91752243041992,310200,0.0,0.0
2022-10-12 00:00:00-04:00,42.898989949683454,43.20468161816389,42.52845095314535,42.880462646484375,232800,0.0,0.0
2022-10-13 00:00:00-04:00,42.38023471316776,43.59374653119279,41.713265954104024,42.843406677246094,202300,0.0,0.0
2022-10-14 00:00:00-04:00,42.824884519296475,43.5103806633203,41.93559508952671,42.009700775146484,177800,0.0,0.0
2022-10-17 00:00:00-04:00,42.31539200883287,42.880462384931995,41.98190762072705,42.54697799682617,430400,0.0,0.0
2022-10-18 00:00:00-04:00,43.26026846830802,43.78828430175781,42.87120212413745,43.78828430175781,440600,0.0,0.0
2022-10-19 00:00:00-04:00,43.48258815692246,44.149556999450326,43.028681554208184,43.98281478881836,330500,0.0,0.0
2022-10-20 00:00:00-04:00,43.98281549786734,44.612729740693624,42.54698291314239,42.90825653076172,226900,0.0,0.0
2022-10-21 00:00:00-04:00,43.15836916096272,43.65859579292792,42.91752126430657,43.43627166748047,251100,0.0,0.0
2022-10-24 00:00:00-04:00,43.86238552407567,44.455248632635175,43.556693851803274,44.3162956237793,234900,0.0,0.0
2022-10-25 00:00:00-04:00,44.38113722794477,45.1592662649356,44.18660585212747,45.02031326293945,279300,0.0,0.0
2022-10-26 00:00:00-04:00,44.22366435031522,44.36261383082193,40.703554304594164,41.30567932128906,402700,0.0,0.0
2022-10-27 00:00:00-04:00,41.26862822918874,42.79709738104553,41.26862822918874,42.17644500732422,302600,0.0,0.0
2022-10-28 00:00:00-04:00,42.44508275376545,43.640067388786655,42.13012564531929,43.510379791259766,283400,0.0,0.0
2022-10-31 00:00:00-04:00,43.25099951588471,44.307034630245525,42.92678053366113,44.23292541503906,256000,0.0,0.0
2022-11-01 00:00:00-04:00,44.32555704207753,44.52935384392857,43.68638098225622,44.08470916748047,241700,0.0,0.0
2022-11-02 00:00:00-04:00,43.84386977155887,44.149561499729366,41.99118149455181,42.02823257446289,263500,0.0,0.0
2022-11-03 00:00:00-04:00,41.805910864388174,42.57477464165878,41.51874291683857,42.10234069824219,157300,0.0,0.0
2022-11-04 00:00:00-04:00,42.48213332184243,42.76929767941666,41.824429977674896,42.519187927246094,190200,0.0,0.0
2022-11-07 00:00:00-05:00,42.74150947330698,43.80680643392415,42.49139618167368,43.64006423950195,180100,0.0,0.0
2022-11-08 00:00:00-05:00,43.427003787418755,44.20513281849246,41.70400353763258,42.065277099609375,237700,0.0,0.0
2022-11-09 00:00:00-05:00,41.861478856919334,42.519185700362044,41.11114257226214,41.25935745239258,257800,0.0,0.0
2022-11-10 00:00:00-05:00,42.621092550892314,44.03840149548339,42.44508843550602,43.3529052734375,268800,0.0,0.0
2022-11-11 00:00:00-05:00,43.22320869302041,44.24218562753442,42.36170853428402,43.31584167480469,203800,0.0,0.0
2022-11-14 00:00:00-05:00,43.24173257593115,43.89017399829805,42.658134942428795,42.66740036010742,221800,0.0,0.0
2022-11-15 00:00:00-05:00,43.5659567453698,43.86238653965209,42.39876487209851,42.491397857666016,294400,0.0,0.0
2022-11-16 00:00:00-05:00,41.91706488535615,42.13938899428183,41.07409200912106,41.70400619506836,404700,0.0,0.0
2022-11-17 00:00:00-05:00,41.314944123746656,41.500213644559416,40.55534226876432,40.953670501708984,412700,0.0,0.0
2022-11-18 00:00:00-05:00,41.85222287274013,41.861484758050764,40.60165986620773,40.99072265625,411200,0.0,0.0
2022-11-21 00:00:00-05:00,41.092619134532846,42.53771346825869,40.851767723097325,42.46360778808594,238500,0.0,0.0
2022-11-22 00:00:00-05:00,42.94530712297604,43.7697526929612,42.18570534835679,42.898990631103516,179800,0.0,0.0
2022-11-23 00:00:00-05:00,42.89899237717891,43.010152668941785,42.12086326739486,42.40802764892578,148600,0.0,0.0
2022-11-25 00:00:00-05:00,42.42654849665568,43.07498991174887,41.86147817112763,42.76929473876953,109800,0.0,0.0
2022-11-28 00:00:00-05:00,42.43581973561652,43.51964051492155,41.33346811862002,43.48258590698242,238700,0.0,0.0
2022-11-29 00:00:00-05:00,43.24173347130989,43.64932351457265,42.49139364127006,42.58403015136719,238400,0.0,0.0
2022-11-30 00:00:00-05:00,42.50066193627225,42.50066193627225,40.97219298655273,42.1208610534668,340100,0.0,0.0
2022-12-01 00:00:00-05:00,42.269076393458896,43.10278384726953,42.03749040066897,42.57476806640625,229400,0.0,0.0
2022-12-02 00:00:00-05:00,42.343182552672104,43.491850644743344,41.64842456644209,43.46405792236328,207000,0.0,0.0
2022-12-05 00:00:00-05:00,43.19380967240684,44.21890764579643,42.41100907024647,43.96729278564453,383800,0.28,0.0
2022-12-06 00:00:00-05:00,43.76227202722664,44.68485983823877,42.7092215979636,44.59166717529297,236100,0.0,0.0
2022-12-07 00:00:00-05:00,44.53575450013083,45.262639486104554,44.15367347481944,45.048301696777344,279900,0.0,0.0
2022-12-08 00:00:00-05:00,45.11353674998932,46.064080610377026,44.73145570801417,45.83110427856445,213000,0.0,0.0
2022-12-09 00:00:00-05:00,45.905654863328735,45.905654863328735,44.65690158242134,45.09489822387695,375200,0.0,0.0
2022-12-12 00:00:00-05:00,45.22535927561578,45.52356866219187,44.17230893455358,44.61030197143555,216700,0.0,0.0
2022-12-13 00:00:00-05:00,45.75654864730891,46.362288512155935,43.63180570835162,43.762271881103516,307600,0.0,0.0
2022-12-14 00:00:00-05:00,43.74363096347259,44.312093732270554,42.35509413782363,42.774452209472656,335300,0.0,0.0
2022-12-15 00:00:00-05:00,42.448285607949636,42.58807282460793,41.47910324495817,41.516380310058594,249900,0.0,0.0
2022-12-16 00:00:00-05:00,41.00383500457687,41.68412547692403,40.975878981926236,41.488426208496094,946600,0.0,0.0
2022-12-19 00:00:00-05:00,41.42318792221699,43.24040382019859,41.42318792221699,43.13789367675781,338100,0.0,0.0
2022-12-20 00:00:00-05:00,43.11925885846923,43.11925885846923,41.09702249948134,41.646846771240234,309000,0.0,0.0
2022-12-21 00:00:00-05:00,42.17802902180717,43.13789382324603,42.056883901816974,42.51351547241211,187700,0.0,0.0
2022-12-22 00:00:00-05:00,42.33644634983771,43.035375131459595,41.36726425280415,42.21529769897461,200100,0.0,0.0
2022-12-23 00:00:00-05:00,42.34577693072874,42.504202685453095,41.6841249993744,42.11280059814453,163200,0.0,0.0
2022-12-27 00:00:00-05:00,42.31781701719177,43.650441801430915,41.749354249167695,42.038246154785156,189500,0.0,0.0
2022-12-28 00:00:00-05:00,42.21530732602126,42.802408631851925,41.991652055662435,42.205989837646484,187200,0.0,0.0
2022-12-29 00:00:00-05:00,42.56943422196576,43.51065700711385,42.48556260309619,43.026065826416016,176000,0.0,0.0
2022-12-30 00:00:00-05:00,42.63466324199131,42.90491660534382,41.87981874415933,42.12211608886719,169000,0.0,0.0
2023-01-03 00:00:00-05:00,42.504199902828546,43.259040895824675,41.963693140248935,42.48556137084961,337700,0.0,0.0
2023-01-04 00:00:00-05:00,42.54148019356648,43.231088154411495,42.15939914635864,42.28054428100586,224300,0.0,0.0
2023-01-05 00:00:00-05:00,42.11279789624154,42.979470082245165,41.54433866735452,42.56011199951172,171400,0.0,0.0
2023-01-06 00:00:00-05:00,42.94219395785272,43.846139597873204,42.94219395785272,43.743629455566406,212000,0.0,0.0
2023-01-09 00:00:00-05:00,43.836821666564724,43.94864929570651,43.12857172048222,43.51997375488281,254900,0.0,0.0
2023-01-10 00:00:00-05:00,43.5665701034588,44.507792834570076,43.10993497028797,44.24686050415039,353100,0.0,0.0
2023-01-11 00:00:00-05:00,44.35868632537488,44.98306466114182,44.312091776123324,44.955108642578125,178300,0.0,0.0
2023-01-12 00:00:00-05:00,45.36514571420281,45.36514571420281,44.40528448956585,45.029659271240234,172500,0.0,0.0
2023-01-13 00:00:00-05:00,44.53574875478551,45.34650525415948,44.53574875478551,45.057613372802734,127100,0.0,0.0
2023-01-17 00:00:00-05:00,45.17876162039224,45.17876162039224,43.56656612410331,44.13502883911133,177900,0.0,0.0
2023-01-18 00:00:00-05:00,44.013888953507525,45.08558152066781,43.631807904812746,43.864784240722656,167400,0.0,0.0
2023-01-19 00:00:00-05:00,43.54793252981371,43.75295282533066,42.95151373005871,43.147212982177734,223800,0.0,0.0
2023-01-20 00:00:00-05:00,43.445418105537094,43.81818159615949,42.81172230444068,43.6970329284668,190800,0.0,0.0
2023-01-23 00:00:00-05:00,43.60384899637539,43.83682531686689,41.87982209177631,41.954376220703125,235800,0.0,0.0
2023-01-24 00:00:00-05:00,41.76799248591841,42.56943155944874,41.562972195963305,41.907779693603516,220700,0.0,0.0
2023-01-25 00:00:00-05:00,41.879822323673835,46.986662870532975,41.879822323673835,46.57662582397461,592200,0.0,0.0
2023-01-26 00:00:00-05:00,46.539345782322286,46.99598090797662,44.28413683810541,46.893470764160156,374200,0.0,0.0
2023-01-27 00:00:00-05:00,46.94006408800904,47.909246352484715,45.94292580501802,46.42751693725586,428900,0.0,0.0
2023-01-30 00:00:00-05:00,46.250457474166126,46.539345819768975,44.927150201463164,45.40242385864258,281300,0.0,0.0
2023-01-31 00:00:00-05:00,45.719273218220344,47.6296782853376,45.719273218220344,47.43397903442383,404800,0.0,0.0
2023-02-01 00:00:00-05:00,47.359424211887074,49.65191025875849,47.24759657799823,49.43757247924805,481700,0.0,0.0
2023-02-02 00:00:00-05:00,49.71714189571081,50.32288170862244,49.05549004494881,50.294925689697266,447300,0.0,0.0
2023-02-03 00:00:00-05:00,50.015352201163175,50.285605572201156,49.13936256100211,49.912845611572266,335000,0.0,0.0
2023-02-06 00:00:00-05:00,49.8010127908939,50.42539112575096,48.07698958654464,48.636131286621094,297400,0.0,0.0
2023-02-07 00:00:00-05:00,48.2913319762381,49.437575059498634,47.95584550212544,48.897071838378906,254900,0.0,0.0
2023-02-08 00:00:00-05:00,48.73864522872548,49.512128314252976,48.505668909702,49.29779052734375,243300,0.0,0.0
2023-02-09 00:00:00-05:00,49.48416871496698,50.10854709821854,48.92502697155241,49.353702545166016,319400,0.0,0.0
2023-02-10 00:00:00-05:00,49.428256460136375,49.72646586266122,48.81319912306181,49.24187469482422,281900,0.0,0.0
2023-02-13 00:00:00-05:00,49.2418773886303,50.47199213007358,49.2418773886303,50.3228874206543,266600,0.0,0.0
2023-02-14 00:00:00-05:00,49.96876271121672,50.574502596624626,49.86625255630738,50.39744186401367,241900,0.0,0.0
2023-02-15 00:00:00-05:00,49.85693215886388,50.900665070358805,49.77306054200665,50.78883743286133,238300,0.0,0.0
2023-02-16 00:00:00-05:00,50.28560703897056,51.54368127449747,50.15514087119809,51.22683334350586,262700,0.0,0.0
2023-02-17 00:00:00-05:00,51.478444890043704,51.90712042950747,50.62109025617995,50.69564437866211,350000,0.0,0.0
2023-02-21 00:00:00-05:00,49.96875918975246,50.38811726894771,48.244735875761,48.282012939453125,275500,0.0,0.0
2023-02-22 00:00:00-05:00,48.28201102182509,49.15800065417937,47.89993002149717,48.309967041015625,302800,0.0,0.0
2023-02-23 00:00:00-05:00,48.26337117185115,48.26337117185115,46.67913162051378,47.10780715942383,245700,0.0,0.0
2023-02-24 00:00:00-05:00,46.79096486802111,47.340789144365395,46.67913722594979,47.06121826171875,230200,0.0,0.0
2023-02-27 00:00:00-05:00,47.42465330394568,47.806734279606786,46.89346764400064,47.173038482666016,226400,0.0,0.0
2023-02-28 00:00:00-05:00,47.24759213118528,47.87196687948131,46.65117339999621,47.00529479980469,291000,0.0,0.0
2023-03-01 00:00:00-05:00,46.55798539603466,46.940066406002536,43.16585085779569,46.548667907714844,222700,0.0,0.0
2023-03-02 00:00:00-05:00,46.213184569893166,47.33147165541639,45.868380599793525,47.06121826171875,209100,0.0,0.0
2023-03-03 00:00:00-05:00,47.26623113217853,47.26623113217853,46.22249478725486,47.173038482666016,214500,0.0,0.0
2023-03-06 00:00:00-05:00,47.406016463036316,47.406016463036316,45.952246628206645,46.31568908691406,214100,0.0,0.0
2023-03-07 00:00:00-05:00,46.325065222559196,46.86863078539208,45.828358205217064,46.80302810668945,201600,0.28,0.0
2023-03-08 00:00:00-05:00,47.00921018485359,47.00921018485359,46.4469004865611,46.74679946899414,188600,0.0,0.0
2023-03-09 00:00:00-05:00,46.84988908337954,47.4590573100417,44.88179804511972,46.812400817871094,287900,0.0,0.0
2023-03-10 00:00:00-05:00,46.559360045370006,46.559360045370006,44.91928597977245,45.05049133300781,315000,0.0,0.0
2023-03-13 00:00:00-04:00,44.488182796256496,45.36913560135187,44.22576850797532,45.181697845458984,327000,0.0,0.0
2023-03-14 00:00:00-04:00,46.22197218449248,46.643706224968774,45.24729875207564,46.25946044921875,401400,0.0,0.0
2023-03-15 00:00:00-04:00,45.46284990532888,46.44689716968454,44.65687368202029,45.79086685180664,276000,0.0,0.0
2023-03-16 00:00:00-04:00,45.17232713369331,46.49375811621584,44.71310481490903,46.10951232910156,419900,0.0,0.0
2023-03-17 00:00:00-04:00,45.70651808664062,45.89395582301199,44.38508722908477,44.516292572021484,751700,0.0,0.0
2023-03-20 00:00:00-04:00,44.65687392399125,46.681193709360734,44.61938565989164,45.200439453125,445000,0.0,0.0
2023-03-21 00:00:00-04:00,45.79087110320291,46.278207853870455,44.94740296260949,45.087982177734375,354100,0.0,0.0
2023-03-22 00:00:00-04:00,45.013005515452306,46.26883386840128,45.013005515452306,45.34102249145508,254900,0.0,0.0
2023-03-23 00:00:00-04:00,45.50034101136293,45.959563335085655,44.853684506605134,45.23793029785156,228100,0.0,0.0
2023-03-24 00:00:00-04:00,44.90990922758308,45.931441151231965,44.61938412847655,45.856468200683594,226700,0.0,0.0
2023-03-27 00:00:00-04:00,46.24071256384949,46.32505936509896,45.4347328130384,45.86583709716797,179300,0.0,0.0
2023-03-28 00:00:00-04:00,45.78149521051842,46.54998678214271,45.78149521051842,46.4468994140625,171000,0.0,0.0
2023-03-29 00:00:00-04:00,46.58747788595695,46.58747788595695,45.36913777684927,45.69715118408203,310000,0.0,0.0
2023-03-30 00:00:00-04:00,45.95956313248019,46.35317920101204,45.16295356628153,45.659664154052734,299400,0.0,0.0
2023-03-31 00:00:00-04:00,46.05328104154813,46.671823142438996,45.92207568303763,46.32506561279297,293500,0.0,0.0
2023-04-03 00:00:00-04:00,46.184483846443015,46.84051417780043,45.80023807130303,46.42815399169922,232600,0.0,0.0
2023-04-04 00:00:00-04:00,46.662453754284655,46.662453754284655,44.92865892279297,45.05986785888672,177600,0.0,0.0
2023-04-05 00:00:00-04:00,44.96614259849202,44.96614259849202,43.94461065265489,44.0008430480957,207900,0.0,0.0
2023-04-06 00:00:00-04:00,44.04769794271298,44.22576181758123,43.48538833517735,43.71968460083008,324900,0.0,0.0
2023-04-10 00:00:00-04:00,43.61659329979905,44.20701731015085,43.51350237177905,44.141414642333984,394000,0.0,0.0
2023-04-11 00:00:00-04:00,44.506928539203294,44.98489143769449,44.23514396208185,44.52566909790039,266500,0.0,0.0
2023-04-12 00:00:00-04:00,44.788079743545005,44.93802922644029,43.67282711287599,44.46943664550781,323500,0.0,0.0
2023-04-13 00:00:00-04:00,44.52567290842566,44.82557549941447,43.76655508849885,44.66625213623047,204000,0.0,0.0
2023-04-14 00:00:00-04:00,44.94739814249363,45.46284925087849,44.31948581911587,44.39445877075195,250000,0.0,0.0
2023-04-17 00:00:00-04:00,44.63813029718756,45.481594798509825,44.0477026437076,44.38508987426758,222400,0.0,0.0
2023-04-18 00:00:00-04:00,44.71310554916678,45.07860720936564,44.47880924646721,44.87242889404297,279900,0.0,0.0
2023-04-19 00:00:00-04:00,44.72247534591222,45.444108321766734,44.544407883965725,45.32227325439453,156200,0.0,0.0
2023-04-20 00:00:00-04:00,44.70373241088254,45.46285009502682,44.54440907619652,45.14420700073242,270800,0.0,0.0
2023-04-21 00:00:00-04:00,45.18169537722518,45.38787725495162,44.67561453648447,45.25667190551758,178000,0.0,0.0
2023-04-24 00:00:00-04:00,45.17232324492953,46.381292900947905,45.17232324492953,46.30631637573242,226300,0.0,0.0
2023-04-25 00:00:00-04:00,45.93144004107897,46.165736315380705,44.99425494387201,45.331642150878906,256100,0.0,0.0
2023-04-26 00:00:00-04:00,44.99425904964091,45.31290215477085,44.69436007717481,44.79745101928711,170400,0.0,0.0
2023-04-27 00:00:00-04:00,44.844312713091256,45.968935726366986,44.56315785354183,45.92207717895508,162900,0.0,0.0
2023-04-28 00:00:00-04:00,45.856474636420984,46.63433653603246,45.50971709442927,45.80961608886719,174600,0.0,0.0
2023-05-01 00:00:00-04:00,45.66903815497504,46.25946588096942,45.56594720241179,45.82836151123047,156900,0.0,0.0
2023-05-02 00:00:00-04:00,45.687776018939864,45.70652015093131,44.34760096971142,45.53782653808594,174200,0.0,0.0
2023-05-03 00:00:00-04:00,45.46284998885368,46.24071537828543,45.34101849358272,45.397247314453125,149700,0.0,0.0
2023-05-04 00:00:00-04:00,45.23792667469839,45.23792667469839,44.51629369526065,44.95677185058594,117700,0.0,0.0
2023-05-05 00:00:00-04:00,45.34101850097408,46.05327764104377,45.275415826562835,45.762752532958984,134600,0.0,0.0
2023-05-08 00:00:00-04:00,45.78149152015374,46.25945793170777,45.35976107770636,46.05327606201172,155300,0.0,0.0
2023-05-09 00:00:00-04:00,45.69714595076185,46.77491029408997,45.4066208447923,46.38129425048828,200700,0.0,0.0
2023-05-10 00:00:00-04:00,46.83114026442001,47.04669240690743,45.18169249788004,45.83772277832031,170400,0.0,0.0
2023-05-11 00:00:00-04:00,45.687774723785914,46.5312427641022,45.37850191731077,45.519081115722656,227300,0.0,0.0
2023-05-12 00:00:00-04:00,45.631542044486835,46.33443088200247,45.631542044486835,46.05327606201172,160000,0.0,0.0
2023-05-15 00:00:00-04:00,46.15637372063711,46.15637372063711,45.462855060226715,45.64092254638672,167200,0.0,0.0
2023-05-16 00:00:00-04:00,45.29416247078965,45.650290273038316,44.656876248238184,45.37850570678711,281800,0.0,0.0
2023-05-17 00:00:00-04:00,45.4066197721608,46.250084234986964,44.816192145628236,45.856468200683594,451500,0.0,0.0
2023-05-18 00:00:00-04:00,42.38888940515672,42.557583040049764,38.47145468389037,42.22019577026367,1139700,0.0,0.0
2023-05-19 00:00:00-04:00,42.754384841680576,43.07302793046445,41.45169807653042,41.81719970703125,352400,0.0,0.0
2023-05-22 00:00:00-04:00,41.81720057281431,41.967150054459644,40.514513780693335,40.523887634277344,397100,0.0,0.0
2023-05-23 00:00:00-04:00,40.2989664149993,41.2455219600847,40.15838719514831,40.62697982788086,334500,0.0,0.0
2023-05-24 00:00:00-04:00,41.001851684497474,41.133057037875425,40.13964303368365,40.43016815185547,218200,0.0,0.0
2023-05-25 00:00:00-04:00,39.98032147491272,40.35519699418829,39.36177937066257,39.57733154296875,276400,0.0,0.0
2023-05-26 00:00:00-04:00,39.51172827174061,40.598862971268396,39.333664369043746,40.477027893066406,224700,0.0,0.0
2023-05-30 00:00:00-04:00,40.5145113219601,40.85189852895627,39.85848103892059,39.9240837097168,238800,0.0,0.0
2023-05-31 00:00:00-04:00,38.986903028351456,40.24273134381209,38.5183104266882,38.7713508605957,399500,0.0,0.0
2023-06-01 00:00:00-04:00,38.89318986109944,39.14623032053043,38.31213597744948,38.74324035644531,268700,0.0,0.0
2023-06-02 00:00:00-04:00,38.97912958851954,40.22464973983636,38.941385681035484,40.054805755615234,277200,0.28,0.0
2023-06-05 00:00:00-04:00,39.81891495342375,40.01706508455496,39.29994878164597,39.96044921875,234100,0.0,0.0
2023-06-06 00:00:00-04:00,39.88496421674011,40.74361836763224,39.67737631230772,40.51715850830078,269900,0.0,0.0
2023-06-07 00:00:00-04:00,40.734180463774116,41.62114434398514,40.7247462860826,41.37581253051758,237600,0.0,0.0
2023-06-08 00:00:00-04:00,41.20596947079963,41.42299515665658,39.91327113030792,39.96044921875,367000,0.0,0.0
2023-06-09 00:00:00-04:00,40.01706294194925,40.01706294194925,38.91308061379305,38.95082092285156,377100,0.0,0.0
2023-06-12 00:00:00-04:00,39.02630967358611,39.564147784702875,38.53564964951415,38.818721771240234,353700,0.0,0.0
2023-06-13 00:00:00-04:00,39.03574065007875,40.15859846673421,38.63000265574296,39.97931671142578,390700,0.0,0.0
2023-06-14 00:00:00-04:00,39.96044802599583,40.30957378885275,38.40354955713338,38.49790573120117,401500,0.0,0.0
2023-06-15 00:00:00-04:00,38.49790759460214,38.95082373107305,38.04499145813123,38.87533950805664,438600,0.0,0.0
2023-06-16 00:00:00-04:00,39.34712763477295,40.46054782104034,37.05423721724412,37.27125930786133,824800,0.0,0.0
2023-06-20 00:00:00-04:00,37.27125381230656,38.167651775785075,37.195766000896725,37.63924789428711,416200,0.0,0.0
2023-06-21 00:00:00-04:00,37.46940599939553,38.09216608029146,37.21464002092122,37.68642807006836,275500,0.0,0.0
2023-06-22 00:00:00-04:00,37.563766068614,37.96950408207442,36.96931211409756,37.89401626586914,226600,0.0,0.0
2023-06-23 00:00:00-04:00,37.469403603874746,37.79965737683801,37.30899740515937,37.43165969848633,684300,0.0,0.0
2023-06-26 00:00:00-04:00,37.592069729661866,37.83739791729332,36.8277718383653,36.997615814208984,276700,0.0,0.0
2023-06-27 00:00:00-04:00,37.20520897414382,37.69586901847581,36.70511475179625,37.38448715209961,244100,0.0,0.0
2023-06-28 00:00:00-04:00,37.422229345968724,37.752479553222656,37.054235229469406,37.752479553222656,202800,0.0,0.0
2023-06-29 00:00:00-04:00,37.894016613934056,38.3752388485627,37.629816453703214,37.66755676269531,264600,0.0,0.0
2023-06-30 00:00:00-04:00,37.99781352228933,38.49790775009759,37.74304751959715,38.337501525878906,219200,0.0,0.0
2023-07-03 00:00:00-04:00,38.28088253219574,39.03574270104282,38.28088253219574,38.96025848388672,142300,0.0,0.0
2023-07-05 00:00:00-04:00,38.847029931805764,39.04518366687135,38.073297745610624,38.337501525878906,290900,0.0,0.0
2023-07-06 00:00:00-04:00,37.865715922537966,38.15822225640193,37.148595956800165,37.5165901184082,223200,0.0,0.0
2023-07-07 00:00:00-04:00,37.648690278320224,37.941196584691205,37.290130329152746,37.72417449951172,249300,0.0,0.0
2023-07-10 00:00:00-04:00,37.601515887029024,38.53565805180801,37.601515887029024,37.83740997314453,1000700,0.0,0.0
2023-07-11 00:00:00-04:00,37.81853100330644,38.59226310072824,37.81853100330644,38.24313735961914,271100,0.0,0.0
2023-07-12 00:00:00-04:00,38.86590304538059,41.187103272575946,38.45073080610105,38.516780853271484,191000,0.0,0.0
2023-07-13 00:00:00-04:00,38.545086987928066,39.035747052235315,38.22427093047555,38.516780853271484,189100,0.0,0.0
2023-07-14 00:00:00-04:00,38.554527460361264,38.88477771929463,38.13935159260747,38.86590576171875,225400,0.0,0.0
2023-07-17 00:00:00-04:00,38.63944362571878,38.950821879982,37.1108512878418,37.1108512878418,371700,0.0,0.0
2023-07-18 00:00:00-04:00,37.05423457881081,37.809094753177085,36.969312584228526,37.45053482055664,366700,0.0,0.0
2023-07-19 00:00:00-04:00,37.46940415268455,37.827964060212445,37.02592585597431,37.205204010009766,477200,0.0,0.0
2023-07-20 00:00:00-04:00,37.27125319456443,37.27125319456443,36.05403925168241,36.79946517944336,537000,0.0,0.0
2023-07-21 00:00:00-04:00,37.091977934322784,37.43166230812972,36.478652027100665,36.61075210571289,422900,0.0,0.0
2023-07-24 00:00:00-04:00,36.84665192427562,37.67700003396418,36.51640167582675,37.41279983520508,431900,0.0,0.0
2023-07-25 00:00:00-04:00,37.17689799872157,37.49771400133029,36.69567219508,36.988182067871094,604300,0.0,0.0
2023-07-26 00:00:00-04:00,36.15783686120944,37.13915689614214,33.9687405367948,34.87457275390625,1276100,0.0,0.0
2023-07-27 00:00:00-04:00,35.24257154397113,35.72379744779905,34.582071047670446,34.6386833190918,533300,0.0,0.0
2023-07-28 00:00:00-04:00,34.64811454276555,35.2425648769814,34.534882822427896,34.61037063598633,353000,0.0,0.0
2023-07-31 00:00:00-04:00,34.591499759535374,35.119903672524025,34.468833858412495,34.58206558227539,488100,0.0,0.0
2023-08-01 00:00:00-04:00,34.49714048665495,35.02554075266548,33.99704274987903,34.025352478027344,334600,0.0,0.0
2023-08-02 00:00:00-04:00,33.63849113798996,33.72341313534381,32.62886494692603,33.251625061035156,729600,0.0,0.0
2023-08-03 00:00:00-04:00,33.50638548465829,34.261249238758936,33.16670111466157,34.05366134643555,601900,0.0,0.0
2023-08-04 00:00:00-04:00,34.157454424565145,34.195198331202434,33.29880034558064,33.32710647583008,318500,0.0,0.0
2023-08-07 00:00:00-04:00,33.30823878360523,33.496954741476884,32.628866374507794,32.67604446411133,363000,0.0,0.0
2023-08-08 00:00:00-04:00,32.487330416186616,33.12896255099761,32.17594852747346,32.94024658203125,330500,0.0,0.0
2023-08-09 00:00:00-04:00,32.855321848530046,33.01573166864546,32.411839898192795,32.591121673583984,574100,0.0,0.0
2023-08-10 00:00:00-04:00,32.79870068438464,33.18556670640003,32.28917237207775,32.52506637573242,321100,0.0,0.0
2023-08-11 00:00:00-04:00,32.392969186311234,32.67604129594417,32.100459299998136,32.657169342041016,297500,0.0,0.0
2023-08-14 00:00:00-04:00,32.619427374947826,32.619427374947826,31.958923346869103,32.600555419921875,290700,0.0,0.0
2023-08-15 00:00:00-04:00,32.402405007602034,32.73265521902085,32.10989510644726,32.713783264160156,274100,0.0,0.0
2023-08-16 00:00:00-04:00,32.638298534344266,33.1006524225657,32.232560509820544,32.51563262939453,392500,0.0,0.0
2023-08-17 00:00:00-04:00,32.515630976047426,32.742090819866014,31.69472079118712,31.70415496826172,370300,0.0,0.0
2023-08-18 00:00:00-04:00,31.66641640419029,32.46845467960784,31.66641640419029,32.29861068725586,331900,0.0,0.0
2023-08-21 00:00:00-04:00,32.536453853818664,32.545965839781346,32.0227195123822,32.26055908203125,390200,0.28,0.0
2023-08-22 00:00:00-04:00,32.41277579839662,32.7172101528668,31.851474276877788,32.59353256225586,227200,0.0,0.0
2023-08-23 00:00:00-04:00,32.46034532985837,33.15483647796582,32.441317727686986,33.107269287109375,331000,0.0,0.0
2023-08-24 00:00:00-04:00,32.9074803828528,32.9074803828528,32.04174456339596,32.09882736206055,387700,0.0,0.0
2023-08-25 00:00:00-04:00,32.32715107035651,32.76477496960023,31.60412043809052,31.651687622070312,304400,0.0,0.0
2023-08-28 00:00:00-04:00,31.91807009507858,32.15590966900486,31.794392500476622,31.946613311767578,282400,0.0,0.0
2023-08-29 00:00:00-04:00,31.88001384086954,32.022719032176525,31.623150303147003,31.746824264526367,279900,0.0,0.0
2023-08-30 00:00:00-04:00,31.841960465965684,32.193961987681696,31.72779486772517,31.765850067138672,277500,0.0,0.0
2023-08-31 00:00:00-04:00,31.87050114213708,32.184451104332176,31.11892725913399,31.147470474243164,461800,0.0,0.0
2023-09-01 00:00:00-04:00,31.299689380356572,31.965637284035058,31.299689380356572,31.946613311767578,348700,0.0,0.0
2023-09-05 00:00:00-04:00,31.8324458638469,31.8324458638469,30.795465236284944,31.166494369506836,413800,0.0,0.0
2023-09-06 00:00:00-04:00,31.214063897496178,31.280658681269248,30.49102963204068,30.881086349487305,351800,0.0,0.0
2023-09-07 00:00:00-04:00,30.72886962939589,30.73838524386962,29.72043042922404,29.729944229125977,365600,0.0,0.0
2023-09-08 00:00:00-04:00,29.806052924138097,29.977297693863452,29.59675476923589,29.748971939086914,306400,0.0,0.0
2023-09-11 00:00:00-04:00,29.77751177725812,29.853620362830103,28.892750150448258,28.987884521484375,388800,0.0,0.0
2023-09-12 00:00:00-04:00,29.02593828646119,29.29231923007868,28.21728347063286,28.255338668823242,456000,0.0,0.0
2023-09-13 00:00:00-04:00,28.417071099412166,28.788100228069247,28.217284927739403,28.588314056396484,427200,0.0,0.0
2023-09-14 00:00:00-04:00,28.664419863510904,29.1305869473682,28.588311285149405,28.797611236572266,707400,0.0,0.0
2023-09-15 00:00:00-04:00,28.845179023349505,28.978368584636282,28.06506562511836,28.122146606445312,1459700,0.0,0.0
2023-09-18 00:00:00-04:00,28.21728308220986,28.33144686063776,27.722576399975118,28.18874168395996,499200,0.0,0.0
2023-09-19 00:00:00-04:00,28.217284165009193,28.55025989908205,27.97944461418169,27.998472213745117,295200,0.0,0.0
2023-09-20 00:00:00-04:00,27.988958875884826,28.141176045760833,27.551333151562456,27.684524536132812,273900,0.0,0.0
2023-09-21 00:00:00-04:00,27.551332400628617,27.903335730480123,27.484737617444434,27.52279281616211,316700,0.0,0.0
2023-09-22 00:00:00-04:00,27.48474124287087,27.589391238576784,26.951981092550923,27.056631088256836,399900,0.0,0.0
2023-09-25 00:00:00-04:00,27.047114059173158,27.32300699505289,26.695110724902577,26.780733108520508,305500,0.0,0.0
2023-09-26 00:00:00-04:00,26.66657158894702,26.894897344247575,26.010133908350547,26.03867530822754,305800,0.0,0.0
2023-09-27 00:00:00-04:00,26.295539375725856,26.447756538556582,25.857915486230453,26.181377410888672,270000,0.0,0.0
2023-09-28 00:00:00-04:00,26.095753260165377,26.305051391220132,25.876941330257463,26.21942901611328,391300,0.0,0.0
2023-09-29 00:00:00-04:00,26.514354247759155,26.647543817182605,26.162350909833442,26.419218063354492,344500,0.0,0.0
2023-10-02 00:00:00-04:00,26.35262267122871,26.381162255692033,24.944611166551578,25.058774948120117,617900,0.0,0.0
2023-10-03 00:00:00-04:00,25.02071868500657,25.677156318313877,24.98266530248371,25.639102935791016,501300,0.0,0.0
2023-10-04 00:00:00-04:00,25.705699920654297,25.924511878998143,25.477374162220915,25.705699920654297,385100,0.0,0.0
2023-10-05 00:00:00-04:00,25.715213720743833,26.000620465142603,25.334668975449702,25.705699920654297,385600,0.0,0.0
2023-10-06 00:00:00-04:00,25.50591133853253,26.171862765317137,25.448830357959228,25.60104751586914,406000,0.0,0.0
2023-10-09 00:00:00-04:00,25.51542505310839,25.829373167077918,25.182449340820312,25.182449340820312,316800,0.0,0.0
2023-10-10 00:00:00-04:00,25.258560567493163,26.190893022554786,25.258560567493163,25.753267288208008,456500,0.0,0.0
2023-10-11 00:00:00-04:00,25.89596781221251,26.06721256704737,24.935095876972625,25.14439582824707,362100,0.0,0.0
2023-10-12 00:00:00-04:00,25.2014762267128,25.2014762267128,24.41184906453149,25.030231475830078,504700,0.0,0.0
2023-10-13 00:00:00-04:00,25.077801596787932,25.458344496637256,24.193038220530962,24.45941734313965,358800,0.0,0.0
2023-10-16 00:00:00-04:00,24.735314664007653,25.715214321250752,24.545042286917308,25.429805755615234,416400,0.0,0.0
2023-10-17 00:00:00-04:00,25.163425627970938,25.55348235274388,24.897044673303547,25.21099281311035,437400,0.0,0.0
2023-10-18 00:00:00-04:00,25.068289687199773,25.11585687280233,24.573582972817206,24.858989715576172,347400,0.0,0.0
2023-10-19 00:00:00-04:00,24.68774628748905,24.773368671596966,23.898119045382977,23.926658630371094,463100,0.0,0.0
2023-10-20 00:00:00-04:00,23.96471318355616,24.05984936495195,23.736387436949297,23.783954620361328,415900,0.0,0.0
2023-10-23 00:00:00-04:00,23.764927533498003,24.031308484234582,23.403412213886437,23.479520797729492,793000,0.0,0.0
2023-10-24 00:00:00-04:00,23.736389931858028,24.01228289087576,23.422441770453347,23.489036560058594,924700,0.0,0.0
2023-10-25 00:00:00-04:00,24.630663958454637,25.020720687025403,21.61485830112851,24.858989715576172,1409600,0.0,0.0
2023-10-26 00:00:00-04:00,24.49747461555328,24.7162865746804,23.546116378056063,24.487960815429688,597900,0.0,0.0
2023-10-27 00:00:00-04:00,24.54504115740607,24.887530694579297,24.373798203391246,24.75434112548828,447300,0.0,0.0
2023-10-30 00:00:00-04:00,24.687745141261168,24.85898808695458,23.63173699600747,23.688817977905273,585600,0.0,0.0
2023-10-31 00:00:00-04:00,23.61271095275879,23.8410367099635,23.22265422404593,23.61271095275879,436600,0.0,0.0
2023-11-01 00:00:00-04:00,23.517573832012342,24.050335725548685,22.832596587629293,23.403411865234375,486700,0.0,0.0
2023-11-02 00:00:00-04:00,23.879091231076753,24.95412520083344,23.879091231076753,24.706771850585938,600900,0.0,0.0
2023-11-03 00:00:00-04:00,25.20147672884493,25.81034535338472,25.07780096994965,25.534452438354492,432600,0.0,0.0
2023-11-06 00:00:00-05:00,25.30612619993482,25.677155283799653,24.98266429595003,25.030231475830078,421900,0.0,0.0
2023-11-07 00:00:00-05:00,24.916070648335566,25.705697846329716,24.66871730968332,25.677156448364258,465000,0.0,0.0
2023-11-08 00:00:00-05:00,25.5725086729749,26.029162006895685,25.087317567774043,25.33466911315918,485100,0.0,0.0
2023-11-09 00:00:00-05:00,25.258558719617326,25.448831079686656,24.88752961351101,24.944610595703125,277500,0.0,0.0
2023-11-10 00:00:00-05:00,25.039749690233258,26.114785564981606,24.75434293148112,25.58202362060547,389500,0.0,0.0
2023-11-13 00:00:00-05:00,25.35369537640393,25.82937447095024,25.35369537640393,25.44883155822754,305700,0.0,0.0
2023-11-14 00:00:00-05:00,26.209917299704728,26.90441015459193,26.209917299704728,26.65705680847168,411100,0.0,0.0
2023-11-15 00:00:00-05:00,26.67608540170255,27.922364163780347,26.657057801775426,27.713064193725586,622100,0.0,0.0
2023-11-16 00:00:00-05:00,27.380090205426185,27.494252175585007,26.752193925837272,26.866355895996094,541500,0.0,0.0
2023-11-17 00:00:00-05:00,27.142250810186745,27.38960416641432,26.82830266854633,27.30398178100586,414600,0.0,0.0
2023-11-20 00:00:00-05:00,27.151763701523514,27.684523781568732,26.932949938040377,27.52279281616211,369400,0.0,0.0
2023-11-21 00:00:00-05:00,27.16127442096561,27.427655355861233,26.866353902933376,27.256410598754883,396300,0.0,0.0
2023-11-22 00:00:00-05:00,27.408629436583134,27.770146571416426,27.161276085005557,27.608415603637695,306900,0.0,0.0
2023-11-24 00:00:00-05:00,27.608414638825927,27.950902347480852,27.51327845853278,27.817712783813477,198000,0.0,0.0
2023-11-27 00:00:00-05:00,27.694036613521682,27.82722617523594,27.43716947486845,27.73208999633789,471000,0.0,0.0
2023-11-28 00:00:00-05:00,27.570360476536344,28.3029067333678,26.866355619236483,28.046039581298828,443800,0.0,0.0
2023-11-29 00:00:00-05:00,28.39804490367702,29.00691361970038,28.046041543118577,28.05555534362793,538600,0.0,0.0
2023-11-30 00:00:00-05:00,28.150690973384403,28.150690973384403,27.332522291597105,27.513280868530273,473000,0.0,0.0
2023-12-01 00:00:00-05:00,27.589389872335857,28.483667155588254,27.284955515800206,28.44561195373535,426800,0.0,0.0
2023-12-04 00:00:00-05:00,28.398043759374296,29.30183299648168,28.398043759374296,29.044967651367188,507700,0.0,0.0
2023-12-05 00:00:00-05:00,28.816642046640307,29.168643580331146,28.188743936959327,28.26485252380371,484900,0.0,0.0
2023-12-06 00:00:00-05:00,28.607339785433336,28.873720725383976,28.10312111835366,28.18874168395996,489200,0.0,0.0
2023-12-07 00:00:00-05:00,28.361624635579588,29.629397578118482,27.804572832588775,29.379684448242188,446300,0.28,0.0
2023-12-08 00:00:00-05:00,29.27403340399521,29.7830641795207,28.985903882381738,29.129968643188477,352500,0.0,0.0
2023-12-11 00:00:00-05:00,29.12997135907255,29.69662772537542,29.08195037828742,29.687023162841797,514700,0.0,0.0
2023-12-12 00:00:00-05:00,29.706230007330735,29.706230007330735,29.120364560938118,29.48533058166504,405800,0.0,0.0
2023-12-13 00:00:00-05:00,29.562166936851348,30.26328350117873,28.275184892585298,30.205657958984375,420600,0.0,0.0
2023-12-14 00:00:00-05:00,30.839544993650783,32.193757167701264,30.839544993650783,31.944042205810547,585800,0.0,0.0
2023-12-15 00:00:00-05:00,32.155340434329226,32.155340434329226,31.03163404411506,31.127676010131836,787000,0.0,0.0
2023-12-18 00:00:00-05:00,31.166091338484975,31.367781646460184,29.783065541358877,30.19605255126953,419100,0.0,0.0
2023-12-19 00:00:00-05:00,30.349721248146604,30.839542912583394,30.30169843876092,30.714685440063477,285900,0.0,0.0
2023-12-20 00:00:00-05:00,30.772314834766632,31.09886263253005,29.917527090323347,29.92713165283203,454800,0.0,0.0
2023-12-21 00:00:00-05:00,30.2536781588038,30.436161174911103,29.600582591163278,29.955944061279297,507600,0.0,0.0
2023-12-22 00:00:00-05:00,30.06158973172723,30.2920955518185,29.93673409173708,29.946338653564453,326400,0.0,0.0
2023-12-26 00:00:00-05:00,30.234468717306257,30.234468717306257,29.254825376126494,29.27403450012207,243500,0.0,0.0
2023-12-27 00:00:00-05:00,29.216409185973397,29.31245297481118,28.697773825379105,28.707378387451172,274600,0.0,0.0
2023-12-28 00:00:00-05:00,28.52489696016502,28.813026492335215,28.361623070099807,28.572917938232422,241400,0.0,0.0
2023-12-29 00:00:00-05:00,28.678566323746413,28.73619186387522,28.01586620067502,28.179140090942383,288300,0.0,0.0
2024-01-02 00:00:00-05:00,28.06388651839536,28.620938278219516,27.785361554424707,27.99665641784668,397800,0.0,0.0
2024-01-03 00:00:00-05:00,27.842987367316006,27.842987367316006,27.132266275845467,27.189891815185547,498100,0.0,0.0
2024-01-04 00:00:00-05:00,27.23791288762514,27.516437836576877,26.8825514486092,27.017011642456055,401900,0.0,0.0
2024-01-05 00:00:00-05:00,26.786507544035015,27.44920761271205,26.536794448129424,26.55600357055664,346100,0.0,0.0
2024-01-08 00:00:00-05:00,26.527195139793545,26.911368478467853,26.267877449232266,26.901763916015625,641500,0.0,0.0
2024-01-09 00:00:00-05:00,26.70967300973024,27.113055423153558,26.556003693367334,27.017011642456055,357000,0.0,0.0
2024-01-10 00:00:00-05:00,26.930577119026374,27.11305830668789,26.786510516716938,27.093849182128906,374600,0.0,0.0
2024-01-11 00:00:00-05:00,27.06503611432472,27.545253215481985,26.79611387819882,27.43000030517578,382500,0.0,0.0
2024-01-12 00:00:00-05:00,27.718133205997606,27.91021895800986,26.892159159884326,27.074642181396484,422200,0.0,0.0
2024-01-16 00:00:00-05:00,26.709674876088428,27.910217638989167,26.613631088679792,27.650901794433594,417500,0.0,0.0
2024-01-17 00:00:00-05:00,27.3339594328952,27.391586810133923,26.661656518724286,26.95939064025879,405500,0.0,0.0
2024-01-18 00:00:00-05:00,27.06503747376747,27.583671016488537,26.834533473460002,27.554859161376953,359700,0.0,0.0
2024-01-19 00:00:00-05:00,27.69892360056733,28.303996365136292,27.237915605478317,28.20795440673828,366000,0.0,0.0
2024-01-22 00:00:00-05:00,28.284785725600372,29.37968004234683,28.217553798041326,29.11075782775879,414000,0.0,0.0
2024-01-23 00:00:00-05:00,29.55256092796909,30.234468334226094,28.4480619585782,28.5248966217041,523900,0.0,0.0
2024-01-24 00:00:00-05:00,28.111909798288803,31.050839803183283,27.55485802913127,29.44691276550293,689700,0.0,0.0
2024-01-25 00:00:00-05:00,29.927130496396085,30.311303822483517,29.10115647139592,30.023174285888672,428300,0.0,0.0
2024-01-26 00:00:00-05:00,30.36893241085641,31.098862675580193,30.07119646832391,30.23447036743164,364600,0.0,0.0
2024-01-29 00:00:00-05:00,30.138425233796312,30.589830492839923,29.888713946861735,30.50339126586914,361000,0.0,0.0
2024-01-30 00:00:00-05:00,30.119217590677735,30.858752376421656,30.119217590677735,30.762706756591797,279800,0.0,0.0
2024-01-31 00:00:00-05:00,30.733894099408182,31.703931019863855,30.349720789542147,30.59943389892578,452000,0.0,0.0
2024-02-01 00:00:00-05:00,30.781916031517813,31.127672937069406,30.157634154625246,30.983606338500977,282800,0.0,0.0
2024-02-02 00:00:00-05:00,30.714687101853563,31.569473004454636,30.244074535708986,31.281343460083008,443700,0.0,0.0
2024-02-05 00:00:00-05:00,30.74349682925735,31.022023623836997,30.20565602732774,30.59943389892578,500100,0.0,0.0
2024-02-06 00:00:00-05:00,30.714686163906944,31.098861320514697,30.541807709810037,30.657060623168945,363000,0.0,0.0
2024-02-07 00:00:00-05:00,30.753105716372207,31.012423408513648,30.436162481049223,30.781917572021484,282700,0.0,0.0
2024-02-08 00:00:00-05:00,30.829937973394866,32.212965638828656,30.657061347098598,31.300552368164062,543300,0.0,0.0
2024-02-09 00:00:00-05:00,31.300551746403904,31.896019943989455,30.94519210665706,31.51184844970703,419900,0.0,0.0
2024-02-12 00:00:00-05:00,31.56947142011142,32.174545997561765,31.56947142011142,31.87681007385254,313500,0.0,0.0
2024-02-13 00:00:00-05:00,30.954795283906705,31.204510239373754,30.705082160322597,30.925983428955078,372700,0.0,0.0
2024-02-14 00:00:00-05:00,31.30055079998117,31.377383631008154,30.695476226668614,31.34857177734375,237500,0.0,0.0
2024-02-15 00:00:00-05:00,31.588680762992773,31.65591086497949,31.031630823136283,31.31015396118164,334100,0.0,0.0
2024-02-16 00:00:00-05:00,31.20450906001385,31.598286939122264,30.93558499015428,31.329362869262695,289200,0.0,0.0
2024-02-20 00:00:00-05:00,30.95479494604779,31.1756943803863,30.647456284031964,30.877962112426758,374000,0.0,0.0
2024-02-21 00:00:00-05:00,30.91637534339528,31.29094775610344,30.685873188861002,30.90677261352539,350100,0.0,0.0
2024-02-22 00:00:00-05:00,30.724288474200137,31.022022550055333,30.58022371697232,30.91637420654297,402900,0.0,0.0
2024-02-23 00:00:00-05:00,31.002815925031666,31.34857283574093,30.657060846205326,30.877962112426758,433900,0.0,0.0
2024-02-26 00:00:00-05:00,30.733895108893996,30.916376292147365,30.28249168395996,30.28249168395996,436500,0.0,0.0
2024-02-27 00:00:00-05:00,30.522599547125314,31.060442186403357,30.407346637052875,31.04123306274414,306000,0.0,0.0
2024-02-28 00:00:00-05:00,30.733897183874284,32.05929752578336,30.580227844505554,31.7519588470459,297200,0.0,0.0
2024-02-29 00:00:00-05:00,32.27059118413889,32.63555724591201,31.934440642878197,32.24177932739258,373900,0.0,0.0
2024-03-01 00:00:00-05:00,32.18415159949259,32.39544831670647,31.636704344680314,32.04008865356445,282100,0.0,0.0
2024-03-04 00:00:00-05:00,32.05929630531,32.07850542997057,31.281343243503493,31.300552368164062,331400,0.0,0.0
2024-03-05 00:00:00-05:00,31.089255756677282,31.627100257536558,30.791523482933723,31.214113235473633,405400,0.0,0.0
2024-03-06 00:00:00-05:00,31.367782643759064,31.45422187332035,30.743498912064652,30.9740047454834,346100,0.0,0.0
2024-03-07 00:00:00-05:00,31.070887419213545,31.497178280616012,31.05151005789701,31.3421630859375,311100,0.28,0.0
2024-03-08 00:00:00-05:00,31.71032694355675,31.971915788968968,31.206526614894766,31.44873809814453,280000,0.0,0.0
2024-03-11 00:00:00-04:00,31.477807329601784,31.933162424319136,30.508959507423402,30.547714233398438,388800,0.0,0.0
2024-03-12 00:00:00-04:00,30.712417918636884,31.129021980462003,29.297901844717337,29.33665657043457,602300,0.0,0.0
2024-03-13 00:00:00-04:00,29.268835378427017,30.082666127484707,28.658463240597253,28.755348205566406,554400,0.0,0.0
2024-03-14 00:00:00-04:00,28.890985816311225,29.016936824140192,27.15675253375763,27.54429054260254,566300,0.0,0.0
2024-03-15 00:00:00-04:00,27.398963397845897,28.842543602953302,27.311767116845783,28.425939559936523,1810800,0.0,0.0
2024-03-18 00:00:00-04:00,28.532511998967756,29.045999134382587,28.241857125256146,28.55188751220703,672600,0.0,0.0
2024-03-19 00:00:00-04:00,28.58095334868497,29.133195202465842,28.144971965212257,28.261234283447266,464500,0.0,0.0
2024-03-20 00:00:00-04:00,28.367810625435787,29.404475516153894,28.174040692547884,29.394786834716797,332700,0.0,0.0
2024-03-21 00:00:00-04:00,29.656373383504455,29.947026412306595,29.423850590877365,29.7629451751709,313600,0.0,0.0
2024-03-22 00:00:00-04:00,29.656374325049793,29.966404725062244,28.949115396103565,29.25914764404297,279100,0.0,0.0
2024-03-25 00:00:00-04:00,29.50135825248283,30.043911436457545,28.890984303575244,28.987869262695312,293800,0.0,0.0
2024-03-26 00:00:00-04:00,29.35602986921577,29.830765983777887,29.25914675809066,29.792011260986328,401500,0.0,0.0
2024-03-27 00:00:00-04:00,29.87920927594664,30.722104218456995,29.87920927594664,30.47989273071289,243900,0.0,0.0
2024-03-28 00:00:00-04:00,30.59615453355736,31.061201986480516,30.538024294914578,30.557401657104492,285000,0.0,0.0
2024-04-01 00:00:00-04:00,30.799612450260607,30.84805400672251,29.51104561242156,29.656373977661133,295200,0.0,0.0
2024-04-02 00:00:00-04:00,29.3657199557223,29.3657199557223,28.086843609208263,29.094444274902344,555300,0.0,0.0
2024-04-03 00:00:00-04:00,29.03631062941968,29.772633726844973,29.016935116063216,29.55948829650879,545700,0.0,0.0
2024-04-04 00:00:00-04:00,30.005157276832186,30.77054643552739,29.443226720900707,29.71450424194336,405600,0.0,0.0
2024-04-05 00:00:00-04:00,29.559489740932165,30.024535346895668,29.423851901174555,29.8404541015625,356200,0.0,0.0
2024-04-08 00:00:00-04:00,30.121421056688277,30.450828831058637,29.84045484116714,29.99547004699707,366100,0.0,0.0
2024-04-09 00:00:00-04:00,30.034222372438705,30.54771135567278,29.830765624017403,30.131107330322266,280900,0.0,0.0
2024-04-10 00:00:00-04:00,29.47229430698269,29.47229430698269,28.997560006242082,29.220394134521484,355200,0.0,0.0
2024-04-11 00:00:00-04:00,29.452917811286767,29.714506672843065,28.06746774592609,29.549802780151367,260400,0.0,0.0
2024-04-12 00:00:00-04:00,29.559488832715157,29.704815349122715,29.045999836953083,29.45291519165039,304000,0.0,0.0
2024-04-15 00:00:00-04:00,29.452915722027154,29.792012165035715,28.33874327893641,28.425939559936523,340400,0.0,0.0
2024-04-16 00:00:00-04:00,28.193417755712986,29.06537874858514,28.13528751563538,28.92974090576172,380100,0.0,0.0
2024-04-17 00:00:00-04:00,28.92973943729405,29.16226223372868,28.455005163582484,28.677839279174805,313200,0.0,0.0
2024-04-18 00:00:00-04:00,28.949114395837075,29.695126175044756,28.735968965174976,28.8134765625,311400,0.0,0.0
2024-04-19 00:00:00-04:00,28.83285508741502,29.046000526678988,28.464692599318116,28.658462524414062,217000,0.0,0.0
2024-04-22 00:00:00-04:00,28.580953626585394,29.007246333689583,28.367808196996737,28.639083862304688,219000,0.0,0.0
2024-04-23 00:00:00-04:00,28.76503443057647,29.733880301683136,28.590641878108976,29.695125579833984,273600,0.0,0.0
2024-04-24 00:00:00-04:00,29.501359532175574,29.501359532175574,28.619709877000393,28.978181838989258,242500,0.0,0.0
2024-04-25 00:00:00-04:00,28.78441055635333,28.78441055635333,26.98235845432206,27.20519256591797,479000,0.0,0.0
2024-04-26 00:00:00-04:00,27.418338455078445,27.980269007757286,26.90485130655195,26.92422866821289,413700,0.0,0.0
2024-04-29 00:00:00-04:00,27.243947842317315,27.621797156435875,26.55606628428461,27.069555282592773,637600,0.0,0.0
2024-04-30 00:00:00-04:00,26.74014893139554,26.93391701511621,26.265414631578416,26.401052474975586,474500,0.0,0.0
2024-05-01 00:00:00-04:00,26.51731439992316,26.633574878800527,25.722859170601826,25.87787437438965,475400,0.0,0.0
2024-05-02 00:00:00-04:00,26.158840153638558,26.342921398065194,25.500024624471198,26.100709915161133,370400,0.0,0.0
2024-05-03 00:00:00-04:00,26.67232852597809,27.108308076042352,26.061954568790437,26.149150848388672,308100,0.0,0.0
2024-05-06 00:00:00-04:00,26.15883889074437,26.420427723154265,25.17061564470269,25.33531951904297,312400,0.0,0.0
2024-05-07 00:00:00-04:00,25.52909016101954,25.70348272091776,25.238435278546863,25.432205200195312,276600,0.0,0.0
2024-05-08 00:00:00-04:00,25.248125418273194,25.32563302182562,24.579623030606136,24.792768478393555,523400,0.0,0.0
2024-05-09 00:00:00-04:00,24.860586416804832,26.10070987250039,24.860586416804832,26.071643829345703,800200,0.0,0.0
2024-05-10 00:00:00-04:00,26.071644227489767,26.33323307609583,25.519402334606074,25.70348358154297,456500,0.0,0.0
2024-05-13 00:00:00-04:00,26.091018784624154,26.99204571210562,26.032888551604096,26.236345291137695,472300,0.0,0.0
2024-05-14 00:00:00-04:00,26.933915501116445,27.176126978097443,26.236347112664852,26.92422866821289,531700,0.0,0.0
2024-05-15 00:00:00-04:00,27.214881101590517,27.214881101590517,26.362295686569706,27.030799865722656,449100,0.0,0.0
2024-05-16 00:00:00-04:00,27.069558306672388,27.72837389570837,26.730461830206558,26.827346801757812,456500,0.0,0.0
2024-05-17 00:00:00-04:00,26.86609567398737,26.904850395997656,25.655038330068788,25.81974220275879,305000,0.0,0.0
2024-05-20 00:00:00-04:00,25.567844032765503,26.3429219016309,25.18999470354891,25.965070724487305,375800,0.0,0.0
2024-05-21 00:00:00-04:00,26.023201940668493,26.023201940668493,25.16092781732816,25.606597900390625,454700,0.0,0.0
2024-05-22 00:00:00-04:00,25.616286844844605,25.713171807196357,24.92840527528145,25.1512393951416,509800,0.0,0.0
2024-05-23 00:00:00-04:00,22.641929220934138,25.27718937165573,22.050932637779557,22.176881790161133,2915100,0.0,0.0
2024-05-24 00:00:00-04:00,22.399719482818107,23.30074467635738,22.399719482818107,22.777568817138672,1922500,0.0,0.0
2024-05-28 00:00:00-04:00,23.04884585643716,23.1941723782101,22.612864443191356,23.000402450561523,1137200,0.0,0.0
2024-05-29 00:00:00-04:00,22.35127539785024,22.767879445066583,21.65370699074446,21.818410873413086,1073900,0.0,0.0
2024-05-30 00:00:00-04:00,22.244701269324953,23.223235862935642,22.186571031980563,22.874452590942383,709700,0.0,0.0
2024-05-31 00:00:00-04:00,23.165106266494718,23.349187512426294,22.574109652040534,22.913206100463867,854800,0.0,0.0
2024-06-03 00:00:00-04:00,23.18448324921985,24.240525453860155,23.08759828726692,24.08551025390625,869700,0.0,0.0
2024-06-04 00:00:00-04:00,23.928727587859473,23.96792191085303,23.24280918018787,23.840538024902344,581000,0.28,0.0
2024-06-05 00:00:00-04:00,23.909129821824227,24.281486174776756,23.46818386993075,24.15410041809082,596400,0.0,0.0
2024-06-06 00:00:00-04:00,23.95812476014623,24.252088724365805,23.595567459896607,24.212892532348633,697300,0.0,0.0
2024-06-07 00:00:00-04:00,23.840538998948833,24.712633747181048,23.840538998948833,24.595048904418945,560800,0.0,0.0
2024-06-10 00:00:00-04:00,24.301083738326604,24.918410721491387,24.06591217725631,24.27168846130371,654500,0.0,0.0
2024-06-11 00:00:00-04:00,24.163899408553903,24.644041551813334,23.624964845644442,24.35987663269043,550000,0.0,0.0
2024-06-12 00:00:00-04:00,24.987001257417262,26.172658067032636,24.056112227687244,24.26188850402832,583400,0.0,0.0
2024-06-13 00:00:00-04:00,24.212893453430116,24.212893453430116,23.54657498458654,24.036516189575195,578500,0.0,0.0
2024-06-14 00:00:00-04:00,23.76214708241408,24.06591008881378,23.262406857640677,23.732749938964844,589500,0.0,0.0
2024-06-17 00:00:00-04:00,23.605367118677055,23.62496521519273,23.046834450821752,23.33099937438965,715600,0.0,0.0
2024-06-18 00:00:00-04:00,23.26240788678169,23.78174623016372,22.713674267627237,22.95864486694336,925300,0.0,0.0
2024-06-20 00:00:00-04:00,22.81166394183362,22.841059218972855,22.1649416790863,22.370716094970703,1124400,0.0,0.0
2024-06-21 00:00:00-04:00,22.43930809143183,23.125226565034136,22.331522291106168,22.645084381103516,4984500,0.0,0.0
2024-06-24 00:00:00-04:00,22.85085774814583,23.7523496498092,22.645083336939877,23.60536766052246,756300,0.0,0.0
2024-06-25 00:00:00-04:00,23.31140247977217,23.31140247977217,22.478502091463735,22.703874588012695,986000,0.0,0.0
2024-06-26 00:00:00-04:00,22.556893293754488,22.78226579717195,22.302123645508832,22.75286865234375,618000,0.0,0.0
2024-06-27 00:00:00-04:00,22.99783895128253,22.99783895128253,22.253128112845605,22.625484466552734,419300,0.0,0.0
2024-06-28 00:00:00-04:00,22.782266466509647,23.468184914167566,22.743070272253807,23.379995346069336,723400,0.0,0.0
2024-07-01 00:00:00-04:00,23.174217008595,23.556372392782073,22.88025305366086,23.02723503112793,428900,0.0,0.0
2024-07-02 00:00:00-04:00,23.007638636980005,23.291805434208616,22.74306993659007,22.8802547454834,400600,0.0,0.0
2024-07-03 00:00:00-04:00,23.056633643835262,23.056633643835262,22.468703827515267,22.547094345092773,191600,0.0,0.0
2024-07-05 00:00:00-04:00,22.60588702372893,22.684277542200054,21.82198183901766,22.11594581604004,414900,0.0,0.0
2024-07-08 00:00:00-04:00,22.223732963417504,22.694076063315453,21.998360461671904,22.027755737304688,391200,0.0,0.0
2024-07-09 00:00:00-04:00,21.968963274122167,21.968963274122167,20.577530204577364,20.704914093017578,979900,0.0,0.0
2024-07-10 00:00:00-04:00,20.783305394298413,21.586810554949206,20.685318646710854,21.498620986938477,766600,0.0,0.0
2024-07-11 00:00:00-04:00,22.13554384894216,22.60588695840988,21.919970391013802,22.32172203063965,579900,0.0,0.0
2024-07-12 00:00:00-04:00,22.527496758850436,22.841058836264722,22.027756497104896,22.635284423828125,846800,0.0,0.0
2024-07-15 00:00:00-04:00,22.62548628323431,23.13502561396874,22.556894809669576,22.645084381103516,554000,0.0,0.0
2024-07-16 00:00:00-04:00,23.04683495013571,24.68323866510061,22.821462442254756,24.36967658996582,644200,0.0,0.0
2024-07-17 00:00:00-04:00,24.26188982684882,24.761630103521572,24.01691921292948,24.7518310546875,417300,0.0,0.0
2024-07-18 00:00:00-04:00,24.428469298540648,25.261369738504545,23.889532840221694,24.124706268310547,479100,0.0,0.0
2024-07-19 00:00:00-04:00,24.11490710678861,24.163900480507515,23.51717822873548,23.958126068115234,460400,0.0,0.0
2024-07-22 00:00:00-04:00,24.15410192595951,24.467664009719126,23.379995765300137,24.232492446899414,425000,0.0,0.0
2024-07-23 00:00:00-04:00,23.987521636300084,24.320681814774595,23.56617188887777,24.08551025390625,563500,0.0,0.0
2024-07-24 00:00:00-04:00,24.026716997214724,24.585249668518326,23.419189084319445,23.683757781982422,385700,0.0,0.0
2024-07-25 00:00:00-04:00,23.703356341891322,24.947805599004408,23.55637435219831,24.72243309020996,548900,0.0,0.0
2024-07-26 00:00:00-04:00,24.889012659560503,25.849296965836206,24.859617383619373,25.770906448364258,372200,0.0,0.0
2024-07-29 00:00:00-04:00,25.7905036649365,25.7905036649365,24.957603277106962,24.99679946899414,479200,0.0,0.0
2024-07-30 00:00:00-04:00,24.957604401579637,25.59452946560204,24.75182999183262,25.525936126708984,783300,0.0,0.0
2024-07-31 00:00:00-04:00,27.27012774792506,30.85649726534988,27.05455428777128,30.199975967407227,1507700,0.0,0.0
2024-08-01 00:00:00-04:00,30.32736311254026,30.32736311254026,28.240212410425247,28.436189651489258,660400,0.0,0.0
2024-08-02 00:00:00-04:00,27.31912004091873,28.62236353675316,26.84877694519893,28.347997665405273,632300,0.0,0.0
2024-08-05 00:00:00-04:00,26.77038722711343,26.93696731210113,26.113865935571013,26.662599563598633,562100,0.0,0.0
2024-08-06 00:00:00-04:00,26.50581797527855,26.799783814478662,25.604326099224078,25.829700469970703,471500,0.0,0.0
2024-08-07 00:00:00-04:00,26.064872171568332,26.427427612353643,25.300563227974724,25.604326248168945,368300,0.0,0.0
2024-08-08 00:00:00-04:00,25.64352395060227,26.064873705756835,25.34955996136662,25.68271827697754,343700,0.0,0.0
2024-08-09 00:00:00-04:00,25.731711552765812,25.8982916323171,25.202574169846194,25.888492584228516,302700,0.0,0.0
2024-08-12 00:00:00-04:00,25.81990137064579,25.81990137064579,25.026197157433877,25.271167755126953,361700,0.0,0.0
2024-08-13 00:00:00-04:00,25.53573570710331,25.868895884186422,25.310363195834565,25.800304412841797,321200,0.0,0.0
2024-08-14 00:00:00-04:00,26.02567520932767,26.02567520932767,24.96740232507876,24.99679946899414,387600,0.0,0.0
2024-08-15 00:00:00-04:00,26.094266835370448,26.309842154110687,25.506338905293855,26.3000431060791,512700,0.0,0.0
2024-08-16 00:00:00-04:00,26.270647463506503,27.054554530042378,25.917891059093904,26.006080627441406,261900,0.0,0.0
2024-08-19 00:00:00-04:00,25.976682592253102,26.594007680571675,25.947285447484656,26.368635177612305,360100,0.0,0.0
2024-08-20 00:00:00-04:00,26.3490379891062,26.447026606067094,26.064873055794767,26.378435134887695,208700,0.0,0.0
2024-08-21 00:00:00-04:00,26.770386957776676,27.044754703518763,26.349037225342435,26.721393585205078,251200,0.0,0.0
2024-08-22 00:00:00-04:00,26.545014798254783,26.652802462084694,26.12366506034957,26.270647048950195,215200,0.0,0.0
2024-08-23 00:00:00-04:00,26.51561720986492,26.985962182095758,26.427427644382725,26.927167892456055,562300,0.0,0.0
2024-08-26 00:00:00-04:00,26.770386930067115,27.162339517166277,26.52541632950797,26.535215377807617,423100,0.0,0.0
2024-08-27 00:00:00-04:00,26.48570975012462,26.960966892399913,26.129265949166147,26.743141174316406,319800,0.28,0.0
2024-08-28 00:00:00-04:00,26.604524231135223,26.9510647073089,26.11936378748416,26.416400909423828,581000,0.0,0.0
2024-08-29 00:00:00-04:00,26.56491929194108,26.73323976600796,26.02035405210919,26.29758644104004,481000,0.0,0.0
2024-08-30 00:00:00-04:00,26.654030976981705,27.149090986295256,26.505513351888453,26.822351455688477,421000,0.0,0.0
2024-09-03 00:00:00-04:00,26.46590732699759,26.861954951993955,25.88173637193894,25.990650177001953,343800,0.0,0.0
2024-09-04 00:00:00-04:00,25.901539243591778,26.23818019720224,25.57479971667621,25.743120193481445,257900,0.0,0.0
2024-09-05 00:00:00-04:00,25.90153926967393,25.960945941399114,25.248060215184765,25.297565460205078,237700,0.0,0.0
2024-09-06 00:00:00-04:00,25.188652426423186,25.63420527735929,24.34705007887193,25.03023338317871,482200,0.0,0.0
2024-09-09 00:00:00-04:00,25.158948552561753,25.20845379618346,24.515370942959628,24.525272369384766,486300,0.0,0.0
2024-09-10 00:00:00-04:00,24.465864932265433,24.85201302652961,24.109423007142297,24.792606353759766,286000,0.0,0.0
2024-09-11 00:00:00-04:00,24.653987911333385,24.772803143668103,24.149026478792923,24.455965042114258,351100,0.0,0.0
2024-09-12 00:00:00-04:00,24.5450763635537,24.772803516408988,24.14902684214823,24.495569229125977,636400,0.0,0.0
2024-09-13 00:00:00-04:00,24.9411238893748,25.68371390606576,24.92132103568873,25.634206771850586,1153400,0.0,0.0
2024-09-16 00:00:00-04:00,25.842132982726273,26.178773941688156,25.24806059111683,25.53519630432129,750200,0.0,0.0
2024-09-17 00:00:00-04:00,25.68371390606576,26.32729154283044,25.564898672453413,25.634206771850586,854600,0.0,0.0
2024-09-18 00:00:00-04:00,25.693615322866282,26.495612011797913,25.693615322866282,25.832231521606445,899800,0.0,0.0
2024-09-19 00:00:00-04:00,26.416402410740137,26.812450040664203,25.891638120775706,26.772846221923828,581500,0.0,0.0
2024-09-20 00:00:00-04:00,26.634227376729232,26.85205498336342,26.050056431035017,26.446104049682617,1158100,0.0,0.0
2024-09-23 00:00:00-04:00,26.475808685566236,26.96096726100153,25.832231060539993,26.881757736206055,556000,0.0,0.0
2024-09-24 00:00:00-04:00,26.960966448776833,28.347134035190063,26.960966448776833,28.238222122192383,475600,0.0,0.0
2024-09-25 00:00:00-04:00,28.198616821488343,28.307530624553312,27.525334927093997,27.832273483276367,628900,0.0,0.0
2024-09-26 00:00:00-04:00,28.17881392969268,28.812492005693805,27.980791065351834,28.47585105895996,404800,0.0,0.0
2024-09-27 00:00:00-04:00,28.713480391411217,29.040219920325047,28.05009990682811,28.55506134033203,464800,0.0,0.0
2024-09-30 00:00:00-04:00,28.396641533987957,28.67387392175096,28.01049534331577,28.57486343383789,418100,0.0,0.0
2024-10-01 00:00:00-04:00,28.396641156747936,28.753084951712566,27.891679743382706,28.58476448059082,333300,0.0,0.0
2024-10-02 00:00:00-04:00,28.188715369450243,28.357035842896373,27.56494060815223,28.228321075439453,554200,0.0,0.0
2024-10-03 00:00:00-04:00,27.941186177018512,28.11940808209335,27.366916643168512,27.66395378112793,459000,0.0,0.0
2024-10-04 00:00:00-04:00,28.10950661432919,28.792689953285347,27.921385171250293,28.159013748168945,360700,0.0,0.0
2024-10-07 00:00:00-04:00,27.91148301366206,28.040197781267107,27.3174106426683,27.43622398376465,308800,0.0,0.0
2024-10-08 00:00:00-04:00,27.525334582889357,27.753063612677813,26.792646027123673,27.099584579467773,247000,0.0,0.0
2024-10-09 00:00:00-04:00,27.059979242843994,27.58474351724417,26.78274496586775,27.139188766479492,214900,0.0,0.0
2024-10-10 00:00:00-04:00,26.733239753517136,26.93126450709294,26.228278331552442,26.446104049682617,415900,0.0,0.0
2024-10-11 00:00:00-04:00,26.327290704565822,26.644128799438477,26.287684998454736,26.644128799438477,321900,0.0,0.0
2024-10-14 00:00:00-04:00,26.535214607565027,27.0104736314185,26.396598415214086,26.901559829711914,317000,0.0,0.0
2024-10-15 00:00:00-04:00,26.733238982037992,27.39661943231761,26.733238982037992,27.010473251342773,452600,0.0,0.0
2024-10-16 00:00:00-04:00,27.386718712889003,28.159012983274526,27.317410615900048,27.931283950805664,400800,0.0,0.0
2024-10-17 00:00:00-04:00,27.99069213896813,28.574863075141444,27.426324055530447,27.891679763793945,441200,0.0,0.0
2024-10-18 00:00:00-04:00,27.980790713198967,28.218419280519708,27.624346917965866,27.693655014038086,497000,0.0,0.0
2024-10-21 00:00:00-04:00,27.68375323219779,28.28772701336436,27.12928658223567,27.25800323486328,391200,0.0,0.0
2024-10-22 00:00:00-04:00,26.960966489446708,27.129286960883192,26.654029825711,27.050077438354492,457200,0.0,0.0
2024-10-23 00:00:00-04:00,26.921363060687757,27.258004008415675,26.673833063152756,26.990671157836914,345300,0.0,0.0
2024-10-24 00:00:00-04:00,27.079781331667263,27.55503846006814,27.01047323650513,27.40652084350586,334700,0.0,0.0
2024-10-25 00:00:00-04:00,27.713458669669688,27.861976292484908,26.911461995664286,27.228300094604492,396600,0.0,0.0
2024-10-28 00:00:00-04:00,27.465928270125936,27.88177874107466,27.436223990592453,27.58474349975586,544600,0.0,0.0
2024-10-29 00:00:00-04:00,27.188694838742414,27.4560276973443,26.02035480165667,26.52531623840332,868200,0.0,0.0
2024-10-30 00:00:00-04:00,25.059935695064727,27.81246986770732,25.059935695064727,27.456026077270508,1523500,0.0,0.0
2024-10-31 00:00:00-04:00,27.29760781375049,27.901581611786163,26.881757342538123,27.139188766479492,688100,0.0,0.0
2024-11-01 00:00:00-04:00,27.327312458502306,27.84217531326562,27.030275324521607,27.37681770324707,592300,0.0,0.0
2024-11-04 00:00:00-05:00,27.386719129896832,28.050099607398476,27.21839865385898,27.37681770324707,561600,0.0,0.0
2024-11-05 00:00:00-05:00,27.18869323341533,27.40652083356468,26.525314672244704,27.357013702392578,502300,0.0,0.0
2024-11-06 00:00:00-05:00,28.49565464461452,29.28774989935197,28.20851893445716,28.90160369873047,559100,0.0,0.0
2024-11-07 00:00:00-05:00,28.812493073868538,29.38676261220388,28.357036880841708,29.337255477905273,403500,0.0,0.0
2024-11-08 00:00:00-05:00,29.29765014273365,29.59468537913659,28.861996825972565,29.277847290039062,483500,0.0,0.0
2024-11-11 00:00:00-05:00,29.357058333217193,29.604588339211443,29.248146414762495,29.485774993896484,421500,0.0,0.0
2024-11-12 00:00:00-05:00,29.456070718548606,29.6441940519188,28.931306425886106,29.386762619018555,541600,0.0,0.0
2024-11-13 00:00:00-05:00,29.594685378953773,29.78280870254326,29.14913252435212,29.475872039794922,545500,0.0,0.0
2024-11-14 00:00:00-05:00,29.693698140621706,29.881821466661112,28.55506053491709,29.168933868408203,540700,0.0,0.0
2024-11-15 00:00:00-05:00,29.31745418375702,29.33725514875023,28.64417227288255,28.80259132385254,282900,0.0,0.0
2024-11-18 00:00:00-05:00,28.772885906541763,29.10952684867541,28.495653522552157,28.53525733947754,491900,0.0,0.0
2024-11-19 00:00:00-05:00,28.09960365966089,28.238221738370864,27.416422246356397,27.852073669433594,383100,0.0,0.0
2024-11-20 00:00:00-05:00,27.53523603160745,27.59464458995036,26.386697009366994,26.505512237548828,453900,0.0,0.0
2024-11-21 00:00:00-05:00,26.654029464836086,26.812448507748613,26.139166631118396,26.465906143188477,318200,0.0,0.0
2024-11-22 00:00:00-05:00,26.733240514679387,27.010474799878267,26.50551336353606,26.772846221923828,740800,0.0,0.0
2024-11-25 00:00:00-05:00,27.129286929720752,28.36693689812502,27.079781686386173,27.990692138671875,892600,0.0,0.0
2024-11-26 00:00:00-05:00,27.802568441472523,27.802568441472523,27.030274191694083,27.456026077270508,896600,0.0,0.0
2024-11-27 00:00:00-05:00,27.7134582333398,28.446146797729345,27.37681728639001,27.931283950805664,434900,0.0,0.0
2024-11-29 00:00:00-05:00,28.010495001332075,28.357035481804875,27.465927881938857,27.842174530029297,217200,0.0,0.0
2024-12-02 00:00:00-05:00,27.881779468448716,28.198617571055443,27.307509935348012,28.060001373291016,370100,0.0,0.0
2024-12-03 00:00:00-05:00,28.0,28.0,27.100000381469727,27.540000915527344,421400,0.28,0.0
2024-12-04 00:00:00-05:00,27.3700008392334,27.8700008392334,27.34000015258789,27.6299991607666,266400,0.0,0.0
2024-12-05 00:00:00-05:00,27.530000686645508,27.530000686645508,26.780000686645508,26.809999465942383,529000,0.0,0.0
2024-12-06 00:00:00-05:00,27.149999618530273,27.389999389648438,26.690000534057617,27.139999389648438,486300,0.0,0.0
2024-12-09 00:00:00-05:00,27.219999313354492,27.690000534057617,27.18000030517578,27.530000686645508,347600,0.0,0.0
2024-12-10 00:00:00-05:00,27.540000915527344,27.850000381469727,27.100000381469727,27.540000915527344,379700,0.0,0.0
2024-12-11 00:00:00-05:00,27.790000915527344,27.979999542236328,27.34000015258789,27.540000915527344,381800,0.0,0.0
2024-12-12 00:00:00-05:00,27.5,27.6200008392334,26.639999389648438,26.65999984741211,414600,0.0,0.0
2024-12-13 00:00:00-05:00,26.770000457763672,26.950000762939453,25.850000381469727,25.950000762939453,324200,0.0,0.0
2024-12-16 00:00:00-05:00,25.899999618530273,26.389999389648438,25.780000686645508,26.010000228881836,356100,0.0,0.0
2024-12-17 00:00:00-05:00,25.860000610351562,26.25,25.690000534057617,25.739999771118164,328400,0.0,0.0
2024-12-18 00:00:00-05:00,25.90999984741211,26.40999984741211,24.770000457763672,24.8799991607666,443200,0.0,0.0
2024-12-19 00:00:00-05:00,25.84000015258789,26.219999313354492,24.719999313354492,25.209999084472656,635700,0.0,0.0
2024-12-20 00:00:00-05:00,25.010000228881836,25.889999389648438,25.0,25.15999984741211,1949400,0.0,0.0
