Date,Open,High,Low,Close,Volume,Dividends,Stock Splits
2022-01-03 00:00:00-05:00,31.335946785283934,31.695157386794957,31.117601400471013,31.68107032775879,13800,0.0,0.0
2022-01-04 00:00:00-05:00,31.92759478980928,32.399499250076595,31.772639803174783,32.20228576660156,17900,0.0,0.0
2022-01-05 00:00:00-05:00,32.04732415148167,32.322015071458445,31.786720289815445,32.012107849121094,19200,0.0,0.0
2022-01-06 00:00:00-05:00,31.885332121221477,33.392612673202336,31.44864399093545,32.293846130371094,31900,0.0,0.0
2022-01-07 00:00:00-05:00,32.39246744631452,32.89254618933101,31.73743366699257,32.50516128540039,30700,0.0,0.0
2022-01-10 00:00:00-05:00,32.512181292195116,32.98408826858864,31.37819879875216,32.4347038269043,39000,0.0,0.0
2022-01-11 00:00:00-05:00,32.54036839787189,32.93479537963867,32.11776460576594,32.93479537963867,19700,0.0,0.0
2022-01-12 00:00:00-05:00,33.08270495298085,33.62504468676454,32.71644944366594,33.17426681518555,36600,0.0,0.0
2022-01-13 00:00:00-05:00,33.33625288090027,33.40668546682968,32.343135686211454,32.9981689453125,27100,0.0,0.0
2022-01-14 00:00:00-05:00,32.86587316070566,33.52389838282173,32.342282183230296,33.46729278564453,20100,0.213,0.0
2022-01-18 00:00:00-05:00,33.403627275242094,33.45315584462641,32.65362168221979,32.936641693115234,33000,0.0,0.0
2022-01-19 00:00:00-05:00,33.007383944712416,33.042761092850014,31.726710668945625,32.36351013183594,52700,0.0,0.0
2022-01-20 00:00:00-05:00,32.30690598230277,33.00738542285103,31.783314989467325,32.06633758544922,34500,0.0,0.0
2022-01-21 00:00:00-05:00,31.87528543206533,31.87528543206533,30.51678397367179,31.047449111938477,40000,0.0,0.0
2022-01-24 00:00:00-05:00,30.693683507071867,30.778589204300282,29.0804590651113,30.42481231689453,48100,0.0,0.0
2022-01-25 00:00:00-05:00,29.993205006054616,30.9979328007617,29.724333807597294,30.2479248046875,39800,0.0,0.0
2022-01-26 00:00:00-05:00,30.538009278996427,31.273865574659578,29.71724731817289,29.823381423950195,48200,0.0,0.0
2022-01-27 00:00:00-05:00,30.1913220610586,30.523873240628745,28.36583449669706,28.65593147277832,110400,0.0,0.0
2022-01-28 00:00:00-05:00,28.64885020930462,28.875267175074164,28.0262022038868,28.7266788482666,54500,0.0,0.0
2022-01-31 00:00:00-05:00,28.896493649368338,29.6606502532959,28.747908017924534,29.6606502532959,18800,0.0,0.0
2022-02-01 00:00:00-05:00,29.788003701912388,30.226688851075373,29.448378318081527,30.099328994750977,16300,0.0,0.0
2022-02-02 00:00:00-05:00,30.106410550787043,30.311601779447887,29.816313630616058,30.14886474609375,14000,0.0,0.0
2022-02-03 00:00:00-05:00,29.766780137290212,29.844611466195722,29.512060406000465,29.703100204467773,12200,0.0,0.0
2022-02-04 00:00:00-05:00,29.76677853379976,29.929515531334523,29.20073621648261,29.816307067871094,10900,0.0,0.0
2022-02-07 00:00:00-05:00,29.71017802178125,29.957820711893884,29.328098414947853,29.681875228881836,13400,0.0,0.0
2022-02-08 00:00:00-05:00,29.547444590538237,29.731410084371365,29.214896150168833,29.4766902923584,15100,0.0,0.0
2022-02-09 00:00:00-05:00,29.632349477745525,30.460186004638675,29.632349477745525,30.460186004638672,15900,0.0,0.0
2022-02-10 00:00:00-05:00,30.368201501633365,30.835189503912815,29.77385902404785,29.77385902404785,15700,0.0,0.0
2022-02-11 00:00:00-05:00,29.97905220848853,30.502643181166857,29.837540915945464,30.113489151000977,10700,0.0,0.0
2022-02-14 00:00:00-05:00,29.92361606585897,29.92361606585897,29.17694575165776,29.390281677246094,15000,0.213,0.0
2022-02-15 00:00:00-05:00,29.425840230679718,30.122730255126953,29.425840230679718,30.122730255126953,9600,0.0,0.0
2022-02-16 00:00:00-05:00,30.115618765546774,30.435619991265142,29.79562025250781,30.236509323120117,13300,0.0,0.0
2022-02-17 00:00:00-05:00,30.087175437653542,30.11561788035296,29.368950184076642,29.511173248291016,9100,0.0,0.0
2022-02-18 00:00:00-05:00,29.525399365492472,29.67473238011395,28.856954410034685,29.368953704833984,11400,0.0,0.0
2022-02-22 00:00:00-05:00,29.454286178238036,29.454286178238036,28.32361961066456,28.657840728759766,9200,0.0,0.0
2022-02-23 00:00:00-05:00,28.572499454507682,28.771610079394666,28.195610710920516,28.202720642089844,7100,0.0,0.0
2022-02-24 00:00:00-05:00,28.579617455812144,28.821395874023438,27.26406009102339,28.821395874023438,13500,0.0,0.0
2022-02-25 00:00:00-05:00,28.757398741037875,29.859625677806008,28.757398741037875,29.65340232849121,13000,0.0,0.0
2022-02-28 00:00:00-05:00,29.8596218524942,30.520954132080078,29.596508214587647,30.520954132080078,12500,0.0,0.0
2022-03-01 00:00:00-05:00,30.428519801389633,31.018742062092635,29.930740258964764,30.229406356811523,12700,0.0,0.0
2022-03-02 00:00:00-05:00,30.677388714829718,31.1467227935791,30.677388714829718,31.1467227935791,7500,0.0,0.0
2022-03-03 00:00:00-05:00,31.040068088082563,31.08273311073473,30.47117580104532,30.513843536376953,10300,0.0,0.0
2022-03-04 00:00:00-05:00,31.132504384555265,31.132504384555265,29.987612825430567,30.684505462646484,9000,0.0,0.0
2022-03-07 00:00:00-05:00,30.89073288057469,31.182288961787286,30.165397644042972,30.16539764404297,7500,0.0,0.0
2022-03-08 00:00:00-05:00,30.19384416352249,31.637404768709125,30.19384416352249,31.175180435180664,10600,0.0,0.0
2022-03-09 00:00:00-05:00,31.24628919709992,31.381402338153272,30.613399365890555,31.28184700012207,5600,0.0,0.0
2022-03-10 00:00:00-05:00,31.09695064234737,31.281841419431753,30.684506785129717,31.274728775024414,3500,0.0,0.0
2022-03-11 00:00:00-05:00,31.445396133613244,31.445396133613244,30.087171344851928,30.215171813964844,3800,0.0,0.0
2022-03-14 00:00:00-04:00,30.074387413609706,30.074387413609706,29.045224167056922,29.152429580688477,9100,0.213,0.0
2022-03-15 00:00:00-04:00,28.823660388675208,29.75990940986481,28.716455011947765,29.3525333404541,7000,0.0,0.0
2022-03-16 00:00:00-04:00,29.145269324271194,30.195872138564333,29.145269324271194,29.71702766418457,16800,0.0,0.0
2022-03-17 00:00:00-04:00,30.024341193214955,30.982032775878903,30.024341193214955,30.982032775878906,11200,0.0,0.0
2022-03-18 00:00:00-04:00,30.917722416782595,31.124984741210938,30.831959730460973,31.124984741210938,5500,0.0,0.0
2022-03-21 00:00:00-04:00,31.053520356517204,31.482336570621644,31.053520356517204,31.132137298583984,5200,0.0,0.0
2022-03-22 00:00:00-04:00,31.42515326009033,31.58953285217285,31.325096354157157,31.58953285217285,5000,0.0,0.0
2022-03-23 00:00:00-04:00,31.58953380384434,31.92543875154719,31.432299960443242,31.482328414916992,5200,0.0,0.0
2022-03-24 00:00:00-04:00,31.72532368329101,31.832529067993168,31.46088718773085,31.832529067993164,2100,0.0,0.0
2022-03-25 00:00:00-04:00,31.703881995971802,32.13269805908203,31.703881995971802,32.13269805908203,5400,0.0,0.0
2022-03-28 00:00:00-04:00,31.92544368618877,31.92544368618877,31.53236174327456,31.703889846801758,7500,0.0,0.0
2022-03-29 00:00:00-04:00,31.954023256799495,32.12555131254626,31.568087176128756,31.803937911987305,9000,0.0,0.0
2022-03-30 00:00:00-04:00,32.011215266591435,32.15415492600363,31.975481033325195,31.975481033325195,2000,0.0,0.0
2022-03-31 00:00:00-04:00,32.161293361751945,32.161293361751945,31.80394565773248,31.918296813964844,9200,0.0,0.0
2022-04-01 00:00:00-04:00,31.904002530221522,32.125559087862115,31.782505619685676,31.954030990600586,7600,0.0,0.0
2022-04-04 00:00:00-04:00,32.15413473731984,33.090383602248075,31.703876047097832,32.733036041259766,7200,0.0,0.0
2022-04-05 00:00:00-04:00,33.11183886593904,33.11183886593904,32.06838152014817,33.02607345581055,12700,0.0,0.0
2022-04-06 00:00:00-04:00,32.86169477234323,32.86169477234323,32.0183539666449,32.14699935913086,9100,0.0,0.0
2022-04-07 00:00:00-04:00,32.2542030639511,32.28993728746152,31.74676727525576,32.18988037109375,4700,0.0,0.0
2022-04-08 00:00:00-04:00,32.468595178626856,32.468595178626856,31.97545659324432,32.204158782958984,2100,0.0,0.0
2022-04-11 00:00:00-04:00,32.06123797214699,32.06123797214699,31.58239060819001,31.610979080200195,2900,0.0,0.0
2022-04-12 00:00:00-04:00,31.982619441430494,31.989765195903107,31.46803787631064,31.768211364746094,4900,0.0,0.0
2022-04-13 00:00:00-04:00,31.768206254682166,31.93973159790039,31.575238198802033,31.93973159790039,3200,0.0,0.0
2022-04-14 00:00:00-04:00,31.891621166573156,32.37276166458256,31.891621166573156,32.11423873901367,2500,0.213,0.0
2022-04-18 00:00:00-04:00,32.11424051818975,32.12860320811739,31.819812223180723,32.06397247314453,4000,0.0,0.0
2022-04-19 00:00:00-04:00,32.16449485637168,32.33684158325195,31.97060273408001,32.33684158325195,5800,0.0,0.0
2022-04-20 00:00:00-04:00,32.39430679214967,32.4804801940918,32.207594558638164,32.4804801940918,6600,0.0,0.0
2022-04-21 00:00:00-04:00,32.43738693197694,32.43738693197694,31.51101684570313,31.511016845703125,6800,0.0,0.0
2022-04-22 00:00:00-04:00,31.36738859352624,31.36738859352624,30.426653203256492,30.548734664916992,6300,0.0,0.0
2022-04-25 00:00:00-04:00,30.218410262896008,30.218410262896008,29.141233137849103,29.485929489135742,11300,0.0,0.0
2022-04-26 00:00:00-04:00,29.248939811772054,29.773165515515313,29.248939811772054,29.629541397094727,5500,0.0,0.0
2022-04-27 00:00:00-04:00,29.722904114479437,30.21840729657912,29.270488999337108,29.83780288696289,6100,0.0,0.0
2022-04-28 00:00:00-04:00,29.78035551487924,30.57746696472168,29.636731361316144,30.57746696472168,6600,0.0,0.0
2022-04-29 00:00:00-04:00,30.520013436398,30.520013436398,29.342300415039062,29.342300415039062,7700,0.0,0.0
2022-05-02 00:00:00-04:00,29.2992087515598,29.701355747736944,28.91142444161066,29.277666091918945,2900,0.0,0.0
2022-05-03 00:00:00-04:00,28.968879060431647,30.117866718298966,28.968879060431647,29.608003616333008,7900,0.0,0.0
2022-05-04 00:00:00-04:00,29.945522510573507,30.520016388835717,29.765993002403885,30.32612419128418,7600,0.0,0.0
2022-05-05 00:00:00-04:00,30.484111035082375,30.56310445698147,30.0173332180802,30.32612419128418,10400,0.0,0.0
2022-05-06 00:00:00-04:00,30.304577600061126,30.304577600061126,29.593639634495126,29.995786666870117,2300,0.0,0.0
2022-05-09 00:00:00-04:00,29.672634934337633,29.672634934337633,28.293849717433403,28.33693504333496,11400,0.0,0.0
2022-05-10 00:00:00-04:00,28.57391519757631,28.57391519757631,27.568548925736625,28.006601333618164,6200,0.0,0.0
2022-05-11 00:00:00-04:00,27.99223611106822,28.581092584595172,27.920425415039062,27.920425415039062,13200,0.0,0.0
2022-05-12 00:00:00-04:00,27.647536448480132,28.114314133630906,26.90787596036324,27.51109504699707,10600,0.0,0.0
2022-05-13 00:00:00-04:00,27.715469633635767,28.60369303159074,27.715469633635767,28.46648597717285,4700,0.213,0.0
2022-05-16 00:00:00-04:00,28.567584500666012,29.24638857717823,27.982655737423617,29.21750259399414,8300,0.0,0.0
2022-05-17 00:00:00-04:00,29.491907697524724,29.990178406003913,29.152504353574876,29.65077781677246,7900,0.0,0.0
2022-05-18 00:00:00-04:00,29.751879445785573,29.751879445785573,28.892539433133027,29.044189453125,4300,0.0,0.0
2022-05-19 00:00:00-04:00,29.022520401008897,29.45580179595551,29.022520401008897,29.31137466430664,1100,0.0,0.0
2022-05-20 00:00:00-04:00,29.600231164462603,30.264592163646686,29.21027870595788,29.463024139404297,5800,0.0,0.0
2022-05-23 00:00:00-04:00,29.939628707099665,30.38013020705917,29.036962602172263,30.35846710205078,8100,0.0,0.0
2022-05-24 00:00:00-04:00,30.192382821747387,30.22848892211914,29.64356017910871,30.22848892211914,4700,0.0,0.0
2022-05-25 00:00:00-04:00,29.98296094219894,30.75564299191892,28.99363955461031,30.618438720703125,12500,0.0,0.0
2022-05-26 00:00:00-04:00,30.690656655339186,31.29002844875571,30.517343499797313,31.18170738220215,10200,0.0,0.0
2022-05-27 00:00:00-04:00,31.196142183676955,32.19268636826598,31.196142183676955,32.1710205078125,4400,0.0,0.0
2022-05-31 00:00:00-04:00,32.30823906741925,32.30823906741925,31.636655002484957,31.643875122070312,6600,0.0,0.0
2022-06-01 00:00:00-04:00,31.81718472293854,32.106036304162814,31.246698924545868,31.93272590637207,9600,0.0,0.0
2022-06-02 00:00:00-04:00,31.838844870219727,32.43099372453547,31.651091497637186,32.06992721557617,3900,0.0,0.0
2022-06-03 00:00:00-04:00,32.12769833350892,32.45265597924266,31.730522980334303,31.795515060424805,12300,0.0,0.0
2022-06-06 00:00:00-04:00,31.939952653160514,32.36601137199499,31.463344828254122,31.47056770324707,8200,0.0,0.0
2022-06-07 00:00:00-04:00,31.65830863490265,31.961603151606248,31.232250084258133,31.92549705505371,7600,0.0,0.0
2022-06-08 00:00:00-04:00,31.954389017416137,32.27212658317857,31.672757554966847,31.93272590637207,7800,0.0,0.0
2022-06-09 00:00:00-04:00,31.58609767996553,32.34433675616591,31.210588200718387,31.340572357177734,10500,0.0,0.0
2022-06-10 00:00:00-04:00,31.058935398682525,31.1961424152723,29.484688181536548,29.881860733032227,43400,0.0,0.0
2022-06-13 00:00:00-04:00,29.07832270944639,29.07832270944639,27.815309015313826,27.931447982788086,15600,0.213,0.0
2022-06-14 00:00:00-04:00,27.945969699107554,28.5629575329277,27.43786060532942,27.474153518676758,11500,0.0,0.0
2022-06-15 00:00:00-04:00,27.445122845562707,27.8733858997427,27.350759048818777,27.74272918701172,7800,0.0,0.0
2022-06-16 00:00:00-04:00,27.15477448508044,27.15477448508044,26.0441951751709,26.0441951751709,7300,0.0,0.0
2022-06-17 00:00:00-04:00,26.022421897896937,26.37084171374573,25.528830389245787,26.03693962097168,11400,0.0,0.0
2022-06-21 00:00:00-04:00,26.436157109150077,27.655617686962984,26.378089008239286,26.886198043823242,11000,0.0,0.0
2022-06-22 00:00:00-04:00,26.450670115250634,26.711983445232995,26.363566594913507,26.414377212524414,3400,0.0,0.0
2022-06-23 00:00:00-04:00,26.436163187478435,26.878943980736842,26.044195801536016,26.50149154663086,8600,0.0,0.0
2022-06-24 00:00:00-04:00,26.799099976321813,27.619333267211914,26.799099976321813,27.619333267211914,5300,0.0,0.0
2022-06-27 00:00:00-04:00,27.677397522686732,28.01129674021568,27.677397522686732,27.873382568359375,2700,0.0,0.0
2022-06-28 00:00:00-04:00,28.207281891922193,28.388749219822905,27.887897622675062,27.916933059692383,6800,0.0,0.0
2022-06-29 00:00:00-04:00,27.612073721735428,27.670141836143703,26.75554757467941,27.299949645996094,9900,0.0,0.0
2022-06-30 00:00:00-04:00,27.14751345188784,27.18380636379444,26.32002010797031,26.929750442504883,8200,0.0,0.0
2022-07-01 00:00:00-04:00,26.958788380129867,28.178249162307768,26.71199267971358,27.866125106811523,5700,0.0,0.0
2022-07-05 00:00:00-04:00,28.18549717009978,28.18549717009978,26.457928017204523,27.234607696533203,8000,0.0,0.0
2022-07-06 00:00:00-04:00,26.791836659764858,27.437859915612233,26.501487822341176,27.016857147216797,13600,0.0,0.0
2022-07-07 00:00:00-04:00,27.299950631204744,27.945974002778883,26.71925562130508,27.84435272216797,5100,0.0,0.0
2022-07-08 00:00:00-04:00,27.98952122640979,28.55569839477539,27.98952122640979,28.55569839477539,1000,0.0,0.0
2022-07-11 00:00:00-04:00,28.31615678170888,28.31615678170888,27.880636361483152,28.15646743774414,2600,0.0,0.0
2022-07-12 00:00:00-04:00,27.829827137191202,27.829827137191202,26.900715383881955,27.0313720703125,4800,0.0,0.0
2022-07-13 00:00:00-04:00,26.88620476124938,27.430606842041016,26.88620476124938,27.430606842041016,2600,0.0,0.0
2022-07-14 00:00:00-04:00,27.060416511917563,27.060416511917563,26.37084263996882,26.857173919677734,3900,0.0,0.0
2022-07-15 00:00:00-04:00,26.99807612751176,27.2316990650074,26.99807612751176,27.22439956665039,1400,0.213,0.0
2022-07-18 00:00:00-04:00,27.63323600708784,28.217296087056642,27.567529387341594,27.80115509033203,4700,0.0,0.0
2022-07-19 00:00:00-04:00,28.107777092782044,28.735639572143555,28.107777092782044,28.735639572143555,5700,0.0,0.0
2022-07-20 00:00:00-04:00,28.93275588585636,28.93275588585636,28.66992950439453,28.66992950439453,2300,0.0,0.0
2022-07-21 00:00:00-04:00,28.392502837896224,28.5604190826416,28.166182274763052,28.5604190826416,5300,0.0,0.0
2022-07-22 00:00:00-04:00,28.334104572628718,28.472817295311923,27.976367950439453,27.976367950439453,2800,0.0,0.0
2022-07-25 00:00:00-04:00,28.304894017679988,28.750238418579098,28.304894017679988,28.7502384185791,2400,0.0,0.0
2022-07-26 00:00:00-04:00,28.896257962201883,29.13718033124021,28.772144244512067,28.779443740844727,2700,0.0,0.0
2022-07-27 00:00:00-04:00,29.071468208302374,29.699330603946887,29.071468208302374,29.648225784301758,6900,0.0,0.0
2022-07-28 00:00:00-04:00,29.728534001602682,31.064564370493905,29.728534001602682,30.955055236816406,15700,0.0,0.0
2022-07-29 00:00:00-04:00,31.312783305995495,31.56100786308326,30.750627609502516,31.298181533813477,6100,0.0,0.0
2022-08-01 00:00:00-04:00,31.385808937354707,31.590228287124262,31.006171012779273,31.210590362548828,4000,0.0,0.0
2022-08-02 00:00:00-04:00,30.955064683849443,31.685136937855283,30.787145614624027,30.787145614624023,5900,0.0,0.0
2022-08-03 00:00:00-04:00,30.925864951259292,31.37120952689908,30.925864951259292,30.96236801147461,4000,0.0,0.0
2022-08-04 00:00:00-04:00,31.152177849664437,31.152177849664437,30.590024735115986,30.626527786254883,8800,0.0,0.0
2022-08-05 00:00:00-04:00,30.40749328777734,31.26167600483705,30.40749328777734,30.845535278320312,1600,0.0,0.0
2022-08-08 00:00:00-04:00,31.115671559915818,31.699728672360667,31.02806368930009,31.225183486938477,3300,0.0,0.0
2022-08-09 00:00:00-04:00,31.42960270733865,31.63402478497446,30.670327070414743,31.23248291015625,5400,0.0,0.0
2022-08-10 00:00:00-04:00,31.597522834212228,32.298394238625065,31.553720286126904,32.10857391357422,3000,0.0,0.0
2022-08-11 00:00:00-04:00,32.29838340362948,32.926242923929976,32.06475782386232,32.546607971191406,6600,0.0,0.0
2022-08-12 00:00:00-04:00,32.63422106637237,32.85324212352845,32.48820609993369,32.8094367980957,12300,0.0,0.0
2022-08-15 00:00:00-04:00,33.090391068460484,33.090391068460484,32.82631301879883,32.82631301879883,2600,0.213,0.0
2022-08-16 00:00:00-04:00,32.73828607406353,33.1857513218587,32.73828607406353,33.017032623291016,15900,0.0,0.0
2022-08-17 00:00:00-04:00,33.00969348681283,33.00969348681283,32.48887455004927,32.723609924316406,4900,0.0,0.0
2022-08-18 00:00:00-04:00,32.93635697705335,33.41316223144531,32.93635697705335,33.41316223144531,13200,0.0,0.0
2022-08-19 00:00:00-04:00,33.0170350447368,33.25910752700897,32.93634701557975,33.02437210083008,7400,0.0,0.0
2022-08-22 00:00:00-04:00,32.97302175045215,32.97302175045215,32.019408794020116,32.30549240112305,4900,0.0,0.0
2022-08-23 00:00:00-04:00,32.48888069310532,32.708944798307584,32.41552412585996,32.67226791381836,12700,0.0,0.0
2022-08-24 00:00:00-04:00,32.70895014579655,33.435164889784296,32.70895014579655,33.23710632324219,10800,0.0,0.0
2022-08-25 00:00:00-04:00,33.53051723472565,34.11002149733975,33.38380690519126,33.86061477661133,17100,0.0,0.0
2022-08-26 00:00:00-04:00,33.89729923035714,33.89729923035714,33.20042710812317,33.37648010253906,4900,0.0,0.0
2022-08-29 00:00:00-04:00,33.14907115808965,33.19308509597969,32.81897641784801,32.90700149536133,9500,0.0,0.0
2022-08-30 00:00:00-04:00,32.877660412552345,33.471836009743136,31.88003349304199,31.880033493041992,9900,0.0,0.0
2022-08-31 00:00:00-04:00,32.0634231342243,32.15145102078391,31.909378530145634,32.034080505371094,8900,0.0,0.0
2022-09-01 00:00:00-04:00,31.68931761373288,31.80668534274322,30.772381356381047,31.366554260253906,5100,0.0,0.0
2022-09-02 00:00:00-04:00,31.77000328425963,32.10009804459777,31.263852761642873,31.65263557434082,5300,0.0,0.0
2022-09-06 00:00:00-04:00,32.22480134309779,32.22480134309779,31.498586747233848,31.74799346923828,30300,0.0,0.0
2022-09-07 00:00:00-04:00,31.931383275079057,32.7382887580268,31.58661718892415,32.26881790161133,13100,0.0,0.0
2022-09-08 00:00:00-04:00,32.61358829373796,32.6502651845628,32.34951020257127,32.36418151855469,3000,0.0,0.0
2022-09-09 00:00:00-04:00,32.290821759628,32.94367980957031,32.290821759628,32.94367980957031,2900,0.0,0.0
2022-09-12 00:00:00-04:00,33.24444436701416,33.72858665203795,33.24444436701416,33.63322448730469,3300,0.0,0.0
2022-09-13 00:00:00-04:00,32.69426913557591,33.207753844917484,32.356837365936165,32.518218994140625,6400,0.0,0.0
2022-09-14 00:00:00-04:00,32.877664238451494,33.76525781049518,32.40819335070169,33.471839904785156,2500,0.0,0.0
2022-09-15 00:00:00-04:00,33.376466407903905,33.41314328386373,32.56956394372262,32.701602935791016,5000,0.0,0.0
2022-09-16 00:00:00-04:00,32.43848066131955,32.43848066131955,31.9151611328125,31.9151611328125,3300,0.213,0.0
2022-09-19 00:00:00-04:00,31.4876606319215,31.863565444946286,31.4876606319215,31.86356544494629,1100,0.0,0.0
2022-09-20 00:00:00-04:00,31.657178330095018,31.657178330095018,31.17808138355112,31.406574249267578,6700,0.0,0.0
2022-09-21 00:00:00-04:00,31.273893811654226,32.099411780379235,31.17807388305664,31.17807388305664,5900,0.0,0.0
2022-09-22 00:00:00-04:00,31.178088862838756,31.465545975042637,30.146191609073576,30.197786331176758,6700,0.0,0.0
2022-09-23 00:00:00-04:00,29.630244849997556,29.630244849997556,28.200325788865253,28.686792373657227,17900,0.0,0.0
2022-09-26 00:00:00-04:00,27.964457614561503,27.964457614561503,26.50505816068962,26.836740493774414,17300,0.0,0.0
2022-09-27 00:00:00-04:00,26.645107056134677,27.632781911290113,26.645107056134677,27.02838134765625,12500,0.0,0.0
2022-09-28 00:00:00-04:00,27.330582037510098,28.495152244434802,27.197909090788087,28.119247436523438,8900,0.0,0.0
2022-09-29 00:00:00-04:00,28.00868107209323,28.00868107209323,26.68195463628165,27.197904586791992,17100,0.0,0.0
2022-09-30 00:00:00-04:00,26.92518962191853,27.559070823190424,26.60824902128258,27.035751342773438,6000,0.0,0.0
2022-10-03 00:00:00-04:00,27.890756169055088,28.41407570566785,27.625410259870684,28.399333953857422,6800,0.0,0.0
2022-10-04 00:00:00-04:00,28.966874177711947,29.925065400666053,28.966874177711947,29.71131706237793,15000,0.0,0.0
2022-10-05 00:00:00-04:00,29.34278224834525,29.851359961401112,28.900538191525957,29.615497589111328,9200,0.0,0.0
2022-10-06 00:00:00-04:00,29.32066424499187,29.748166494154475,28.59833547626623,28.959501266479492,18800,0.0,0.0
2022-10-07 00:00:00-04:00,28.804718112322874,28.804718112322874,28.163464716773436,28.229801177978516,52500,0.0,0.0
2022-10-10 00:00:00-04:00,28.32561744506931,28.32561744506931,27.4190211345222,27.514841079711914,24100,0.0,0.0
2022-10-11 00:00:00-04:00,28.57622594591431,28.57622594591431,27.374800145951102,27.713851928710938,17900,0.0,0.0
2022-10-12 00:00:00-04:00,27.713851918075786,27.713851918075786,27.234757741325364,27.31583595275879,7400,0.0,0.0
2022-10-13 00:00:00-04:00,26.586129177160068,27.97182232029815,26.586129177160068,27.595914840698242,19700,0.0,0.0
2022-10-14 00:00:00-04:00,27.909487121458113,27.909487121458113,27.071831106062778,27.205263137817383,10200,0.213,0.0
2022-10-17 00:00:00-04:00,27.568494732205508,28.406150812981714,27.568494732205508,28.028095245361328,12000,0.0,0.0
2022-10-18 00:00:00-04:00,28.450629177980733,28.761968725337365,28.450629177980733,28.55440902709961,7300,0.0,0.0
2022-10-19 00:00:00-04:00,28.369087590747338,28.369087590747338,27.69451573106596,28.020681381225586,9400,0.0,0.0
2022-10-20 00:00:00-04:00,27.96879607779851,28.094816509047064,27.375766239600566,27.427656173706055,5100,0.0,0.0
2022-10-21 00:00:00-04:00,27.301631350275834,28.250478840467924,27.145958761337972,28.042919158935547,13200,0.0,0.0
2022-10-24 00:00:00-04:00,28.16893978762315,28.16893978762315,27.39058806957555,27.501779556274414,5600,0.0,0.0
2022-10-25 00:00:00-04:00,28.042918024670524,28.332019805908207,28.03550356332222,28.332019805908203,2500,0.0,0.0
2022-10-26 00:00:00-04:00,28.517347038589204,29.39206700585111,28.517347038589204,28.910228729248047,4500,0.0,0.0
2022-10-27 00:00:00-04:00,29.15485265713999,29.814598394798626,29.15485265713999,29.443954467773438,3600,0.0,0.0
2022-10-28 00:00:00-04:00,29.59961770630357,29.933197732568335,29.28086377318258,29.740461349487305,5300,0.0,0.0
2022-10-31 00:00:00-04:00,29.569971528517364,30.266783908923983,29.569971528517364,30.229717254638672,17900,0.0,0.0
2022-11-01 00:00:00-04:00,30.13335923749631,31.34165667783236,30.13335923749631,30.39280891418457,4900,0.0,0.0
2022-11-02 00:00:00-04:00,30.140764465494506,30.8079246748379,29.962854133740006,30.103700637817383,7600,0.0,0.0
2022-11-03 00:00:00-04:00,29.14743842418979,30.644840240478516,29.06589630715698,30.644840240478516,5800,0.0,0.0
2022-11-04 00:00:00-04:00,31.623328314450802,31.623328314450802,30.11851541934401,31.334226608276367,3000,0.0,0.0
2022-11-07 00:00:00-05:00,30.711558831842382,30.94877074063732,30.311262675330045,30.785686492919922,4100,0.0,0.0
2022-11-08 00:00:00-05:00,30.689320151604782,31.134091759916593,30.689320151604782,31.037723541259766,3600,0.0,0.0
2022-11-09 00:00:00-05:00,30.63742258146235,31.059956352281407,30.303842544555668,30.303842544555664,6300,0.0,0.0
2022-11-10 00:00:00-05:00,31.06737212817015,31.69005400417066,30.266782760620114,30.266782760620117,3100,0.0,0.0
2022-11-11 00:00:00-05:00,31.667810502902693,31.667810502902693,30.385383159546294,31.126670837402344,13900,0.0,0.0
2022-11-14 00:00:00-05:00,32.224159247133905,32.224159247133905,30.778729774618494,30.957544326782227,19300,0.213,0.0
2022-11-15 00:00:00-05:00,30.108174526909064,31.821829035759833,30.108174526909064,31.3077335357666,17800,0.0,0.0
2022-11-16 00:00:00-05:00,31.128909853732136,31.486541804825237,30.577561661624223,31.404586791992188,8200,0.0,0.0
2022-11-17 00:00:00-05:00,30.62971859405464,31.12891234420407,30.167777642210844,31.091659545898438,8100,0.0,0.0
2022-11-18 00:00:00-05:00,30.652069617278837,31.277926290532154,30.42110056311806,31.25557518005371,4800,0.0,0.0
2022-11-21 00:00:00-05:00,31.508897005048425,31.508897005048425,30.391296047744607,30.696773529052734,6000,0.0,0.0
2022-11-22 00:00:00-05:00,30.43599552243638,31.255571189210396,30.43599552243638,31.233217239379883,7500,0.0,0.0
2022-11-23 00:00:00-05:00,32.24650919186869,32.24650919186869,30.84578482904755,31.151262283325195,4000,0.0,0.0
2022-11-25 00:00:00-05:00,31.13636254306407,31.859075877296334,31.13636254306407,31.553598403930664,1100,0.0,0.0
2022-11-28 00:00:00-05:00,30.815978092582945,31.09910440828388,30.74146967150078,30.950090408325195,7300,0.0,0.0
2022-11-29 00:00:00-05:00,32.24650575838447,32.24650575838447,31.143806703227398,31.21831512451172,3900,0.0,0.0
2022-11-30 00:00:00-05:00,32.27632334255592,32.27632334255592,31.009708044915893,31.687719345092773,2600,0.0,0.0
2022-12-01 00:00:00-05:00,31.9782944962872,31.9782944962872,31.643016408047878,31.94849395751953,2400,0.0,0.0
2022-12-02 00:00:00-05:00,31.441838574257403,32.45513049080918,31.441838574257403,32.268863677978516,3700,0.0,0.0
2022-12-05 00:00:00-05:00,32.25395248023754,32.30610694507336,31.479082085240833,31.64299774169922,10000,0.0,0.0
2022-12-06 00:00:00-05:00,31.531250818122793,31.531250818122793,30.488155364990234,30.488155364990234,8200,0.0,0.0
2022-12-07 00:00:00-05:00,30.36894132630677,30.88303957265053,30.01876163459251,30.503053665161133,9500,0.0,0.0
2022-12-08 00:00:00-05:00,30.339145390291993,30.376398191792706,29.94425773620605,29.944257736206055,6000,0.0,0.0
2022-12-09 00:00:00-05:00,29.85485547206403,30.391304999079576,29.676040857863548,29.936813354492188,16800,0.0,0.0
2022-12-12 00:00:00-05:00,29.72932484429156,30.478363037109375,29.377278836667873,30.478363037109375,3400,0.213,0.0
2022-12-13 00:00:00-05:00,30.733026869191182,31.60940277633447,30.733026869191182,31.107545852661133,6200,0.0,0.0
2022-12-14 00:00:00-05:00,30.800446490970746,31.41465751672692,30.800446490970746,30.97272491455078,2800,0.0,0.0
2022-12-15 00:00:00-05:00,30.440908531805906,30.56075451589358,30.02144901617587,30.276119232177734,7700,0.0,0.0
2022-12-16 00:00:00-05:00,29.30236961268968,29.66190755708024,29.30236961268968,29.347312927246094,8000,0.0,0.0
2022-12-19 00:00:00-05:00,29.347311666717214,29.347311666717214,28.778041136201672,28.800514221191406,3200,0.0,0.0
2022-12-20 00:00:00-05:00,27.856731300217852,29.362299772641077,27.856731300217852,28.995269775390625,3100,0.0,0.0
2022-12-21 00:00:00-05:00,28.987764266671043,29.624445272074226,28.987764266671043,29.399734497070312,10500,0.0,0.0
2022-12-22 00:00:00-05:00,29.085142573892522,29.384756014797496,28.710623629746717,28.785526275634766,16200,0.0,0.0
2022-12-23 00:00:00-05:00,28.733104618222683,29.040210153199354,28.478431526484428,28.987777709960938,3300,0.0,0.0
2022-12-27 00:00:00-05:00,29.092638737016287,29.197503609581776,28.186303358582002,28.725608825683594,7800,0.0,0.0
2022-12-28 00:00:00-05:00,28.62073540105686,28.62073540105686,27.729381393239066,28.051467895507812,7400,0.0,0.0
2022-12-29 00:00:00-05:00,27.961594977934098,28.72561136189658,27.961594977934098,28.69565200805664,8400,0.0,0.0
2022-12-30 00:00:00-05:00,28.0964095442888,28.710623232964007,28.06645020075929,28.665679931640625,8300,0.0,0.0
2023-01-03 00:00:00-05:00,28.628235253575895,28.92784875987785,27.886686325073242,27.886686325073242,3200,0.0,0.0
2023-01-04 00:00:00-05:00,28.133872617980987,28.703140327941696,27.66197780564081,28.448467254638672,3600,0.0,0.0
2023-01-05 00:00:00-05:00,28.508393787124234,28.508393787124234,27.72939340433314,28.029006958007812,4200,0.0,0.0
2023-01-06 00:00:00-05:00,28.171318864198994,28.710627123754236,28.171318864198994,28.50089454650879,5000,0.0,0.0
2023-01-09 00:00:00-05:00,28.59078205243667,29.579514943702172,28.59078205243667,29.100128173828125,2600,0.0,0.0
2023-01-10 00:00:00-05:00,29.01024446143727,29.332331064047175,27.6769575949567,28.845455169677734,3800,0.0,0.0
2023-01-11 00:00:00-05:00,28.92784348314448,30.186227409189506,28.92784348314448,29.557035446166992,5900,0.0,0.0
2023-01-12 00:00:00-05:00,29.796731952642155,30.77797280169568,29.796731952642155,30.658126831054688,6000,0.0,0.0
2023-01-13 00:00:00-05:00,30.373486827666287,30.860362614490025,30.373486827666287,30.740516662597656,5900,0.0,0.0
2023-01-17 00:00:00-05:00,30.38135922528216,31.435484402038977,30.38135922528216,30.72771644592285,3300,0.213,0.0
2023-01-18 00:00:00-05:00,30.652432444463816,31.32255395712231,30.163019244288858,30.30607795715332,10700,0.0,0.0
2023-01-19 00:00:00-05:00,30.05759693418672,30.31359863791422,30.004890954501096,30.110305786132812,10400,0.0,0.0
2023-01-20 00:00:00-05:00,29.899485156442662,30.411488669404964,29.899485156442662,30.283489227294922,4500,0.0,0.0
2023-01-23 00:00:00-05:00,30.15548913438091,31.4204387452065,30.15548913438091,30.86326026916504,8200,0.0,0.0
2023-01-24 00:00:00-05:00,30.524429702446305,31.16443261523752,30.501839370660832,30.757841110229492,7500,0.0,0.0
2023-01-25 00:00:00-05:00,30.531957488892044,30.772899961460624,29.545600139395923,30.65995979309082,9600,0.0,0.0
2023-01-26 00:00:00-05:00,30.117839851859326,30.976197828075552,30.117839851859326,30.742786407470703,4800,0.0,0.0
2023-01-27 00:00:00-05:00,30.682546758729014,31.036432266235355,30.59219405103449,31.03643226623535,5400,0.0,0.0
2023-01-30 00:00:00-05:00,30.70514166035459,31.096673984950655,30.13290387656741,30.53949546813965,6100,0.0,0.0
2023-01-31 00:00:00-05:00,30.69760561058385,31.02890078253028,30.358779370945026,31.00631332397461,21500,0.0,0.0
2023-02-01 00:00:00-05:00,31.149374461462696,31.623731234208904,30.449134468638622,31.45808219909668,11700,0.0,0.0
2023-02-02 00:00:00-05:00,31.473137102805925,32.05290577311089,31.30749096290492,31.55596160888672,6400,0.0,0.0
2023-02-03 00:00:00-05:00,31.397843585429147,31.872200291266797,30.976192861100063,31.277372360229492,16600,0.0,0.0
2023-02-06 00:00:00-05:00,31.187019372760293,31.247256426484487,30.441604502618645,30.50183868408203,9900,0.0,0.0
2023-02-07 00:00:00-05:00,30.33619550170881,31.23220022164656,30.14042793019432,30.787961959838867,8400,0.0,0.0
2023-02-08 00:00:00-05:00,30.56960443299697,31.827025663562154,30.501839182580156,30.607254028320312,13000,0.0,0.0
2023-02-09 00:00:00-05:00,30.810549013987142,31.134316024531692,30.260898777362016,30.34372329711914,7600,0.0,0.0
2023-02-10 00:00:00-05:00,30.26842747383478,31.043960875765148,30.26842747383478,30.58466339111328,8900,0.0,0.0
2023-02-13 00:00:00-05:00,30.132892785392727,31.322545716013703,30.132892785392727,30.82560157775879,7600,0.0,0.0
2023-02-14 00:00:00-05:00,30.15103183755455,31.287948608398438,30.15103183755455,31.287948608398438,9300,0.27,0.0
2023-02-15 00:00:00-05:00,30.628539016890254,31.272790725062,30.628539016890254,31.22731590270996,5900,0.0,0.0
2023-02-16 00:00:00-05:00,30.87109012879692,31.212165853492802,30.727081663405254,30.74224090576172,7700,0.0,0.0
2023-02-17 00:00:00-05:00,30.69674679091208,30.704324962379708,30.11312928274275,30.272296905517578,9400,0.0,0.0
2023-02-21 00:00:00-05:00,30.20409472428423,30.20409472428423,29.726591651589445,29.7872257232666,13000,0.0,0.0
2023-02-22 00:00:00-05:00,29.574996820401836,30.00702498453022,29.476463218888465,29.802379608154297,7200,0.0,0.0
2023-02-23 00:00:00-05:00,29.832695485584733,29.893329541083556,29.484041715312397,29.620471954345703,6000,0.0,0.0
2023-02-24 00:00:00-05:00,29.38550725329793,29.64320848703607,29.188440073265348,29.468881607055664,6800,0.0,0.0
2023-02-27 00:00:00-05:00,29.559834206129338,30.082814847359455,29.54467496983342,29.91606903076172,2600,0.0,0.0
2023-02-28 00:00:00-05:00,29.98428639120587,30.014601974736582,29.400668761138412,29.48404312133789,4500,0.0,0.0
2023-03-01 00:00:00-05:00,29.491625548258433,30.15103656925942,29.423410415649414,29.423410415649414,1400,0.0,0.0
2023-03-02 00:00:00-05:00,29.40067213144937,30.166194915771484,29.271820044189667,30.166194915771484,7700,0.0,0.0
2023-03-03 00:00:00-05:00,30.15861106123993,30.916555528878057,30.15861106123993,30.26472282409668,27500,0.0,0.0
2023-03-06 00:00:00-05:00,30.590647007305176,30.81045165310632,30.17377802165677,30.484535217285156,4700,0.0,0.0
2023-03-07 00:00:00-05:00,30.484523796630754,30.484523796630754,29.635624011841667,30.158607482910156,4400,0.0,0.0
2023-03-08 00:00:00-05:00,29.71900764460662,30.03734588623047,29.64321433967817,30.03734588623047,1000,0.0,0.0
2023-03-09 00:00:00-05:00,30.09040227696353,30.317785086849042,29.72658920288086,29.72658920288086,5600,0.0,0.0
2023-03-10 00:00:00-05:00,29.658371395264687,29.953969310582533,28.5745104448799,28.80189323425293,6900,0.0,0.0
2023-03-13 00:00:00-04:00,28.513879131817575,29.158133869012506,27.627085210473805,28.233440399169922,4700,0.0,0.0
2023-03-14 00:00:00-04:00,28.43956637064616,29.073254750835087,28.43956637064616,28.630435943603516,6100,0.27,0.0
2023-03-15 00:00:00-04:00,28.17999262966987,28.17999262966987,27.431784014349706,27.607383728027344,5300,0.0,0.0
2023-03-16 00:00:00-04:00,27.538674053644787,27.615020751953125,27.04241177732102,27.615020751953125,7300,0.0,0.0
2023-03-17 00:00:00-04:00,27.301981818965917,27.340158062647745,26.782819271667197,27.072938919067383,3400,0.0,0.0
2023-03-20 00:00:00-04:00,27.01950391295979,27.294356641635087,26.813364366453317,27.103487014770508,14600,0.0,0.0
2023-03-21 00:00:00-04:00,27.179831113353284,27.721903015504004,26.927884744342723,27.027137756347656,15000,0.0,0.0
2023-03-22 00:00:00-04:00,26.7980911559858,27.179830362837105,26.43925828200411,26.44689178466797,19100,0.0,0.0
2023-03-23 00:00:00-04:00,26.538510173208458,26.943155740289143,25.851381301879883,25.851381301879883,10000,0.0,0.0
2023-03-24 00:00:00-04:00,24.56110536899592,26.22548896388069,24.56110536899592,26.080429077148438,9700,0.0,0.0
2023-03-27 00:00:00-04:00,26.17967743156407,26.813363047105593,26.088057918220844,26.607223510742188,16000,0.0,0.0
2023-03-28 00:00:00-04:00,26.576686291360733,26.85153609103182,26.4163536010036,26.843902587890625,14700,0.0,0.0
2023-03-29 00:00:00-04:00,26.813366580011763,27.279088973999023,26.721749967036445,27.279088973999023,9100,0.0,0.0
2023-03-30 00:00:00-04:00,27.27145674676146,27.82115936279297,27.27145674676146,27.82115936279297,14100,0.0,0.0
2023-03-31 00:00:00-04:00,28.03492803557755,28.77550010987092,27.66082233469365,27.99675178527832,5500,0.0,0.0
2023-04-03 00:00:00-04:00,28.019661364477347,28.90529630266936,28.019661364477347,28.515920639038086,11100,0.0,0.0
2023-04-04 00:00:00-04:00,28.3861284090999,28.561728099427118,27.950945934715264,28.202892303466797,22900,0.0,0.0
2023-04-05 00:00:00-04:00,28.065468148259516,28.233434348862,27.78298192106023,28.080738067626953,5200,0.0,0.0
2023-04-06 00:00:00-04:00,28.004393886712805,28.1418202608658,27.03477576349537,27.81352424621582,5600,0.0,0.0
2023-04-10 00:00:00-04:00,27.691366272147555,28.29451500198213,27.691366272147555,28.28687858581543,5300,0.0,0.0
2023-04-11 00:00:00-04:00,28.10364448734003,28.951103171484217,28.10364448734003,28.905296325683594,4600,0.0,0.0
2023-04-12 00:00:00-04:00,28.91292794230098,28.9663712005402,28.91292794230098,28.928197860717773,7300,0.0,0.0
2023-04-13 00:00:00-04:00,28.905297614845423,29.241227119602723,28.905297614845423,29.012184143066406,5600,0.0,0.0
2023-04-14 00:00:00-04:00,28.798412031572433,29.52371432899651,28.66098565865345,28.943471908569336,4600,0.0,0.0
2023-04-17 00:00:00-04:00,29.220297390341894,29.258744563399773,28.95116424560547,28.95116424560547,5100,0.27,0.0
2023-04-18 00:00:00-04:00,28.989607458762414,29.028054626568515,28.835815854207134,28.912710189819336,3400,0.0,0.0
2023-04-19 00:00:00-04:00,28.1822098287791,28.689720153808594,28.1822098287791,28.689720153808594,4900,0.0,0.0
2023-04-20 00:00:00-04:00,28.4667130854732,28.8511905670166,28.28985379596288,28.8511905670166,3400,0.0,0.0
2023-04-21 00:00:00-04:00,28.874260178685322,28.912707342705428,28.459023767274804,28.62819480895996,1400,0.0,0.0
2023-04-24 00:00:00-04:00,28.4897874097936,29.04343605041504,28.4897874097936,29.04343605041504,1700,0.0,0.0
2023-04-25 00:00:00-04:00,28.758920275284446,28.758920275284446,28.243718862297165,28.266786575317383,1000,0.0,0.0
2023-04-26 00:00:00-04:00,28.19757703381985,28.19757703381985,27.4978281360984,27.836170196533203,9200,0.0,0.0
2023-04-27 00:00:00-04:00,27.682387010053763,27.982279066663008,27.628560381089606,27.959211349487305,7100,0.0,0.0
2023-04-28 00:00:00-04:00,27.95921010134402,29.028057304961955,27.86693630342918,28.013036727905273,5800,0.0,0.0
2023-05-01 00:00:00-04:00,27.874623272154064,28.259100834528606,27.620866672987983,27.682384490966797,7400,0.0,0.0
2023-05-02 00:00:00-04:00,27.490142802726044,27.490142802726044,26.205989288191844,26.56739616394043,9400,0.0,0.0
2023-05-03 00:00:00-04:00,26.498189829715212,26.69811978168874,26.221365547493818,26.33670997619629,13300,0.0,0.0
2023-05-04 00:00:00-04:00,25.721548090715757,26.428985358463606,25.721548090715757,25.97530174255371,11100,0.0,0.0
2023-05-05 00:00:00-04:00,26.029123453211184,27.320967982488916,26.029123453211184,26.95186996459961,7700,0.0,0.0
2023-05-08 00:00:00-04:00,26.859600651320605,27.42862575667495,26.859600651320605,27.22869873046875,8400,0.0,0.0
2023-05-09 00:00:00-04:00,27.282530135893182,28.0361058796695,27.244082962570864,27.420942306518555,7400,0.0,0.0
2023-05-10 00:00:00-04:00,27.41325743709754,27.75928497314453,27.41325743709754,27.75928497314453,9800,0.0,0.0
2023-05-11 00:00:00-04:00,27.505526905575316,28.066863830179155,27.505526905575316,27.61318016052246,12600,0.0,0.0
2023-05-12 00:00:00-04:00,26.427768612092088,28.093545246830484,26.427768612092088,27.814626693725586,9600,0.27,0.0
2023-05-15 00:00:00-04:00,27.799127223892807,28.7753494256619,27.799127223892807,28.767602920532227,7000,0.0,0.0
2023-05-16 00:00:00-04:00,28.434443982155173,28.643635064766542,28.00056585278867,28.16326904296875,2200,0.0,0.0
2023-05-17 00:00:00-04:00,28.3104807825014,28.51192241634987,27.744891360117606,28.294984817504883,3000,0.0,0.0
2023-05-18 00:00:00-04:00,28.21750401982033,28.868319749473752,27.954081490619505,28.19426155090332,6900,0.0,0.0
2023-05-19 00:00:00-04:00,28.38021737767796,28.38021737767796,27.884358211143173,27.969581604003906,3200,0.0,0.0
2023-05-22 00:00:00-04:00,27.853360037580398,28.271742223995027,27.853360037580398,28.14002799987793,6700,0.0,0.0
2023-05-23 00:00:00-04:00,28.12453215809633,28.69012158048012,28.12453215809633,28.294984817504883,6000,0.0,0.0
2023-05-24 00:00:00-04:00,28.124531340806076,28.124531340806076,27.91534025276182,28.008316040039062,8800,0.0,0.0
2023-05-25 00:00:00-04:00,27.853362820284605,27.853362820284605,27.520206929916974,27.54344940185547,5400,0.0,0.0
2023-05-26 00:00:00-04:00,27.46597141887027,28.01606490665199,27.46597141887027,27.830116271972656,7600,0.0,0.0
2023-05-30 00:00:00-04:00,27.768132301738135,28.325975188701786,27.768132301738135,28.16326904296875,12200,0.0,0.0
2023-05-31 00:00:00-04:00,28.302730270898167,28.302730270898167,27.80687123164123,27.845609664916992,9500,0.0,0.0
2023-06-01 00:00:00-04:00,27.806872445606892,28.51967206232221,27.806872445606892,28.25624656677246,9100,0.0,0.0
2023-06-02 00:00:00-04:00,28.674624944900923,28.99228483101793,28.643635971185716,28.7985897064209,7800,0.0,0.0
2023-06-05 00:00:00-04:00,28.976791153844314,29.395170367107376,28.80633850235193,28.814085006713867,7600,0.0,0.0
2023-06-06 00:00:00-04:00,28.767603415339444,29.17048966673754,28.7598539545232,28.938053131103516,5600,0.0,0.0
2023-06-07 00:00:00-04:00,28.914810608580687,29.472653564229613,28.914810608580687,29.333192825317383,11600,0.0,0.0
2023-06-08 00:00:00-04:00,29.30995074199663,29.433915516498075,29.30995074199663,29.402923583984375,5900,0.0,0.0
2023-06-09 00:00:00-04:00,29.402920274866723,29.480397141878072,28.914807737146756,29.08526039123535,16600,0.0,0.0
2023-06-12 00:00:00-04:00,29.015534407111147,29.24022149312329,28.914812100355103,29.116256713867188,19800,0.0,0.0
2023-06-13 00:00:00-04:00,29.20922510442392,29.86778733961163,29.20922510442392,29.767065048217773,2300,0.0,0.0
2023-06-14 00:00:00-04:00,29.845096297907602,29.938727139155887,29.611017706551504,29.829490661621094,6100,0.27,0.0
2023-06-15 00:00:00-04:00,29.84509545698738,30.079174041748047,29.774871583912113,30.079174041748047,4800,0.0,0.0
2023-06-16 00:00:00-04:00,30.032356574354665,30.219618229524773,29.938722770299268,30.071369171142578,6900,0.0,0.0
2023-06-20 00:00:00-04:00,29.82949067783587,30.219622655798364,29.82949067783587,29.85289764404297,8300,0.0,0.0
2023-06-21 00:00:00-04:00,29.84509498895182,29.946530132129975,29.84509498895182,29.88410758972168,6000,0.0,0.0
2023-06-22 00:00:00-04:00,29.845090659259345,29.876301925935607,29.51738128856926,29.665630340576172,12000,0.0,0.0
2023-06-23 00:00:00-04:00,29.5173828768512,29.5173828768512,28.393801027809463,28.409406661987305,7700,0.0,0.0
2023-06-26 00:00:00-04:00,28.49523755709316,28.83855259640614,28.49523755709316,28.698104858398438,3700,0.0,0.0
2023-06-27 00:00:00-04:00,28.635681295321817,29.43935203552246,28.534246170602188,29.43935203552246,15500,0.0,0.0
2023-06-28 00:00:00-04:00,29.415952238611418,29.415952238611418,29.244293212890625,29.244293212890625,1200,0.0,0.0
2023-06-29 00:00:00-04:00,29.228684414925386,29.96993570089793,29.228684414925386,29.595409393310547,8700,0.0,0.0
2023-06-30 00:00:00-04:00,29.969935047458915,30.00114631652832,29.743657811411392,30.00114631652832,3200,0.0,0.0
2023-07-03 00:00:00-04:00,29.930919936691986,30.40688133239746,29.930919936691986,30.40688133239746,4300,0.0,0.0
2023-07-05 00:00:00-04:00,30.15720706482516,30.375680048830095,29.58761168257599,29.98554801940918,5500,0.0,0.0
2023-07-06 00:00:00-04:00,29.75926452947717,29.75926452947717,28.869764163905636,29.493974685668945,6300,0.0,0.0
2023-07-07 00:00:00-04:00,29.52518652114162,29.813883334896094,29.49397525033827,29.501779556274414,3400,0.0,0.0
2023-07-10 00:00:00-04:00,29.392539183542116,30.00114703917343,29.392539183542116,29.91531753540039,3000,0.0,0.0
2023-07-11 00:00:00-04:00,29.88410804157848,30.828226686249426,29.501780381194035,30.055767059326172,12800,0.0,0.0
2023-07-12 00:00:00-04:00,30.383468014998055,30.99207573718686,30.383468014998055,30.74239158630371,7200,0.0,0.0
2023-07-13 00:00:00-04:00,31.062301662787895,31.4368279140969,30.430286939439544,30.648759841918945,6200,0.0,0.0
2023-07-14 00:00:00-04:00,30.843831044447143,31.085713925211166,30.196213554583665,30.4302921295166,6600,0.0,0.0
2023-07-17 00:00:00-04:00,30.288863873095092,31.286707498134433,30.00601018445774,30.563861846923828,5400,0.27,0.0
2023-07-18 00:00:00-04:00,30.469576372416,31.168851906915858,30.469576372416,30.91742706298828,4400,0.0,0.0
2023-07-19 00:00:00-04:00,30.917426636354058,31.773843435795968,30.886000779212182,31.59313201904297,8800,0.0,0.0
2023-07-20 00:00:00-04:00,31.373134295284235,31.61670340727147,31.035281622652416,31.506702423095703,5100,0.0,0.0
2023-07-21 00:00:00-04:00,31.585270960367087,31.585270960367087,31.066706940001925,31.27098846435547,2400,0.0,0.0
2023-07-24 00:00:00-04:00,31.098140934093752,31.412420484881487,30.8310016674529,31.074567794799805,11800,0.0,0.0
2023-07-25 00:00:00-04:00,31.145284463342872,31.145284463342872,30.815290451049805,30.815290451049805,6000,0.0,0.0
2023-07-26 00:00:00-04:00,30.64242692592335,31.42027446666592,30.64242692592335,30.79956817626953,9800,0.0,0.0
2023-07-27 00:00:00-04:00,30.823140946136984,30.94099764326295,30.304576873779297,30.304576873779297,9800,0.0,0.0
2023-07-28 00:00:00-04:00,30.681714795064714,31.325991293404808,30.548146666071943,30.70528793334961,6800,0.0,0.0
2023-07-31 00:00:00-04:00,31.50670493380297,31.50670493380297,31.082427378482304,31.137426376342773,10100,0.0,0.0
2023-08-01 00:00:00-04:00,30.964567908422183,31.0352813275383,30.28886256958382,30.469573974609375,8900,0.0,0.0
2023-08-02 00:00:00-04:00,30.265292856663894,30.265292856663894,29.471730809010534,29.542444229125977,8200,0.0,0.0
2023-08-03 00:00:00-04:00,29.550302379407338,29.990294320902297,29.346017837524414,29.346017837524414,7700,0.0,0.0
2023-08-04 00:00:00-04:00,29.369590819337596,29.778156903714045,29.369590819337596,29.432445526123047,7000,0.0,0.0
2023-08-07 00:00:00-04:00,29.322452900088695,29.699590201385103,29.322452900088695,29.60530662536621,4800,0.0,0.0
2023-08-08 00:00:00-04:00,29.24388465000756,29.314598083496094,28.89031748256489,29.314598083496094,3700,0.0,0.0
2023-08-09 00:00:00-04:00,29.243884911349188,29.518879934472718,29.243884911349188,29.39316749572754,6200,0.0,0.0
2023-08-10 00:00:00-04:00,29.346013954784354,29.888151092711496,29.283159255981445,29.283159255981445,2300,0.0,0.0
2023-08-11 00:00:00-04:00,29.1260188847422,29.306730270385742,28.9688776372026,29.306730270385742,2200,0.0,0.0
2023-08-14 00:00:00-04:00,29.370050838941893,29.370050838941893,28.74481864626506,28.81604766845703,1600,0.27,0.0
2023-08-15 00:00:00-04:00,28.736905738383644,28.784389740604308,28.246215575557798,28.515302658081055,3800,0.0,0.0
2023-08-16 00:00:00-04:00,28.404508141494965,28.404508141494965,28.095849990844727,28.095849990844727,1500,0.0,0.0
2023-08-17 00:00:00-04:00,28.09584519396365,28.238303242106888,27.850500106811523,27.850500106811523,2000,0.0,0.0
2023-08-18 00:00:00-04:00,27.85049606999188,28.34909916622266,27.605154037475586,27.605154037475586,2700,0.0,0.0
2023-08-21 00:00:00-04:00,27.5260124206543,27.810928510929692,27.41521238978596,27.526012420654297,3500,0.0,0.0
2023-08-22 00:00:00-04:00,27.3044154983811,27.739702677873673,27.3044154983811,27.34398651123047,8300,0.0,0.0
2023-08-23 00:00:00-04:00,27.296499516956217,27.739699642898643,27.296499516956217,27.715957641601562,5600,0.0,0.0
2023-08-24 00:00:00-04:00,27.66846870974925,27.81884275844766,27.557668685913086,27.557668685913086,3200,0.0,0.0
2023-08-25 00:00:00-04:00,27.78718261358197,28.254127691821797,27.415208545759434,27.826753616333008,5500,0.0,0.0
2023-08-28 00:00:00-04:00,27.826758254397795,28.151245361559045,27.826758254397795,28.04044532775879,3700,0.0,0.0
2023-08-29 00:00:00-04:00,27.93756137311833,28.713164714438268,27.93756137311833,28.546964645385742,10500,0.0,0.0
2023-08-30 00:00:00-04:00,28.75273139688279,29.425447515307894,28.428241317768833,29.12470245361328,5200,0.0,0.0
2023-08-31 00:00:00-04:00,29.290903236994684,29.290903236994684,28.491558074951172,28.491558074951172,7400,0.0,0.0
2023-09-01 00:00:00-04:00,29.037651749441498,31.31697775609529,28.887280690249597,30.960832595825195,67300,0.0,0.0
2023-09-05 00:00:00-04:00,31.62562383386871,32.543684886474075,31.18242382031184,31.498994827270508,70900,0.0,0.0
2023-09-06 00:00:00-04:00,31.641454401201372,31.965941435341648,30.984567340462004,31.079538345336914,47800,0.0,0.0
2023-09-07 00:00:00-04:00,30.984565808810046,31.61771084180105,30.984565808810046,31.498994827270508,8800,0.0,0.0
2023-09-08 00:00:00-04:00,31.364462236501048,31.43569126277007,30.86585905261788,31.111204147338867,22100,0.0,0.0
2023-09-11 00:00:00-04:00,31.419866862248433,32.40124134689281,31.30906680937649,32.02927017211914,29300,0.0,0.0
2023-09-12 00:00:00-04:00,31.93428659941198,32.74946378103796,31.712686559667574,32.5436897277832,33800,0.0,0.0
2023-09-13 00:00:00-04:00,32.86818198569602,32.86818198569602,32.05300769438708,32.37749481201172,15400,0.0,0.0
2023-09-14 00:00:00-04:00,32.448726523337434,33.46967498486919,31.902639285787238,32.04509735107422,71600,0.0,0.0
2023-09-15 00:00:00-04:00,32.26166498000556,32.43813147412834,31.291085492858222,31.299108505249023,16700,0.54,0.0
2023-09-18 00:00:00-04:00,31.475582876273204,32.48626534051853,31.46755986265456,31.9167537689209,25800,0.0,0.0
2023-09-19 00:00:00-04:00,31.70017094101545,32.18947062214613,31.33921190904343,31.37129783630371,25500,0.0,0.0
2023-09-20 00:00:00-04:00,31.55579102225869,31.940813014806725,31.55579102225869,31.644025802612305,10300,0.0,0.0
2023-09-21 00:00:00-04:00,31.30713121409241,31.988943512852487,31.30713121409241,31.700176239013672,7500,0.0,0.0
2023-09-22 00:00:00-04:00,31.940817527874547,32.157393003011805,31.5317325592041,31.5317325592041,24300,0.0,0.0
2023-09-25 00:00:00-04:00,31.90070443527344,31.90070443527344,31.48359654695589,31.4996395111084,15500,0.0,0.0
2023-09-26 00:00:00-04:00,31.299104615898024,31.347233504614103,29.91944040486011,30.007675170898438,20900,0.0,0.0
2023-09-27 00:00:00-04:00,30.344575808280673,31.419426944675845,30.344575808280673,30.721574783325195,22500,0.0,0.0
2023-09-28 00:00:00-04:00,30.873986432246518,30.873986432246518,30.00768452461532,30.28040885925293,23300,0.0,0.0
2023-09-29 00:00:00-04:00,30.68948174284461,30.9622059700576,29.959543819992493,30.079864501953125,33700,0.0,0.0
2023-10-02 00:00:00-04:00,30.079872558780828,30.577192261652133,29.382020372184314,29.454212188720703,36100,0.0,0.0
2023-10-03 00:00:00-04:00,29.454209765247164,29.454209765247164,26.454242709204998,27.70556640625,52300,0.0,0.0
2023-10-04 00:00:00-04:00,27.352628201977982,27.809841997444867,26.783116710765935,27.047821044921875,31000,0.0,0.0
2023-10-05 00:00:00-04:00,27.03979760848827,27.03979760848827,25.595964431762695,25.595964431762695,30800,0.0,0.0
2023-10-06 00:00:00-04:00,24.86602890145059,25.43554044191835,24.66549641030986,24.95426368713379,68900,0.0,0.0
2023-10-09 00:00:00-04:00,25.243030548095703,25.620032627241493,25.243030548095703,25.243030548095703,26000,0.0,0.0
2023-10-10 00:00:00-04:00,25.53179915014258,25.948905608810026,25.33126663984302,25.411479949951172,25900,0.0,0.0
2023-10-11 00:00:00-04:00,25.53981937472171,26.285800521040738,25.53981937472171,26.085268020629883,24400,0.0,0.0
2023-10-12 00:00:00-04:00,26.510398490442093,26.975635404856416,25.668162519739813,26.46227264404297,25700,0.0,0.0
2023-10-13 00:00:00-04:00,26.747680773380168,26.902623601645693,26.511191380302716,26.788454055786133,9400,0.54,0.0
2023-10-16 00:00:00-04:00,26.788458380654596,27.42453350992669,26.788458380654596,26.90262794494629,25800,0.0,0.0
2023-10-17 00:00:00-04:00,26.90262708067807,27.979058051569588,26.90262708067807,27.318519592285156,18400,0.0,0.0
2023-10-18 00:00:00-04:00,27.71810105799291,27.71810105799291,26.70690687915891,26.739526748657227,18400,0.0,0.0
2023-10-19 00:00:00-04:00,26.747682013835526,26.870004977528335,26.43779945373535,26.43779945373535,12000,0.0,0.0
2023-10-20 00:00:00-04:00,26.43780174201999,26.95155387887377,26.176848966970994,26.209468841552734,14500,0.0,0.0
2023-10-23 00:00:00-04:00,26.34809578146018,26.34809578146018,25.891426973224902,25.997438430786133,11700,0.0,0.0
2023-10-24 00:00:00-04:00,26.29916735149958,26.853692679403103,26.29916735149958,26.372560501098633,7100,0.0,0.0
2023-10-25 00:00:00-04:00,26.42149317718986,26.59274284127332,25.940359391171683,26.095300674438477,11100,0.0,0.0
2023-10-26 00:00:00-04:00,26.127918728609522,26.519347838189937,26.127918728609522,26.494884490966797,4600,0.0,0.0
2023-10-27 00:00:00-04:00,26.698755552944075,27.375600788499757,26.421492862152032,26.625362396240234,8900,0.0,0.0
2023-10-30 00:00:00-04:00,26.82107568638563,27.1472681886465,26.82107568638563,27.106494903564453,5700,0.0,0.0
2023-10-31 00:00:00-04:00,27.473458491873515,27.473458491873515,26.68244678046312,27.082029342651367,16600,0.0,0.0
2023-11-01 00:00:00-04:00,26.84553325555179,26.84553325555179,26.50303400163845,26.804759979248047,10400,0.0,0.0
2023-11-02 00:00:00-04:00,26.80476773877315,27.400066455381097,26.80476773877315,27.14727020263672,13400,0.0,0.0
2023-11-03 00:00:00-04:00,27.620245558193652,28.28078401518518,27.31851949745539,27.37560272216797,19200,0.0,0.0
2023-11-06 00:00:00-05:00,27.31851789355278,27.579470651432985,25.818037980340478,26.095300674438477,53700,0.0,0.0
2023-11-07 00:00:00-05:00,26.095300380922012,26.44595622865483,25.84250259399414,25.84250259399414,30800,0.0,0.0
2023-11-08 00:00:00-05:00,25.850660595551158,26.44595933205217,25.27982521057129,25.27982521057129,26900,0.0,0.0
2023-11-09 00:00:00-05:00,25.328754424019166,25.679410326122227,25.214587964879136,25.230897903442383,17000,0.0,0.0
2023-11-10 00:00:00-05:00,25.47553330461597,26.29916629619931,25.369521845782877,25.540771484375,11800,0.0,0.0
2023-11-13 00:00:00-05:00,25.646790933495268,26.078993399564915,25.141193746955665,25.239051818847656,58200,0.0,0.0
2023-11-14 00:00:00-05:00,25.537833544203465,26.226699308843344,25.537833544203465,25.81171989440918,24200,0.54,0.0
2023-11-15 00:00:00-05:00,25.786824213668062,26.07731016153822,25.662330688301154,25.728727340698242,56200,0.0,0.0
2023-11-16 00:00:00-05:00,25.7287229944448,25.927912917987683,25.164350752896233,25.313743591308594,70600,0.0,0.0
2023-11-17 00:00:00-05:00,25.429938796250763,25.72872449044846,25.2141493041103,25.620830535888672,23000,0.0,0.0
2023-11-20 00:00:00-05:00,25.645724657277466,26.044104471121543,25.645724657277466,25.91961097717285,9000,0.0,0.0
2023-11-21 00:00:00-05:00,25.86981656114989,26.060706710403608,25.745323054376627,25.778520584106445,21400,0.0,0.0
2023-11-22 00:00:00-05:00,25.72871905517578,26.085601540514734,25.72871905517578,25.936208724975586,16700,0.0,0.0
2023-11-24 00:00:00-05:00,25.977710961617486,26.13540358387345,25.919614096318146,26.127103805541992,4400,0.0,0.0
2023-11-27 00:00:00-05:00,26.12709987435152,26.135399651434156,25.894712448120117,25.894712448120117,17800,0.0,0.0
2023-11-28 00:00:00-05:00,25.89471393400165,26.683175388868705,25.89471393400165,26.467384338378906,11800,0.0,0.0
2023-11-29 00:00:00-05:00,26.67487617799109,26.86576632816716,26.309695434094486,26.450788497924805,32900,0.0,0.0
2023-11-30 00:00:00-05:00,26.965361570827653,26.981957959951444,26.392687998772875,26.533781051635742,18100,0.0,0.0
2023-12-01 00:00:00-05:00,26.666576593352215,27.57123179377159,26.666576593352215,27.45503807067871,52800,0.0,0.0
2023-12-04 00:00:00-05:00,27.704026979066626,27.994511306790177,27.38034353787703,27.670827865600586,20000,0.0,0.0
2023-12-05 00:00:00-05:00,27.77042311314827,28.019410141682265,27.621030262819502,27.745525360107422,31000,0.0,0.0
2023-12-06 00:00:00-05:00,27.99450966818159,28.741473847236684,27.88661413875329,28.15220069885254,70600,0.0,0.0
2023-12-07 00:00:00-05:00,28.21860229448053,28.650181297732907,27.886617471658113,28.293298721313477,8900,0.0,0.0
2023-12-08 00:00:00-05:00,28.367990871853333,28.915763530707764,28.027707904474696,28.110702514648438,33600,0.0,0.0
2023-12-11 00:00:00-05:00,28.177100208018672,28.40948764498696,28.019406019183297,28.235197067260742,52000,0.0,0.0
2023-12-12 00:00:00-05:00,28.226898645032474,28.334794180302506,27.803621031344978,28.193702697753906,72000,0.0,0.0
2023-12-13 00:00:00-05:00,28.409487703079837,28.774668414211224,27.803618194001192,28.56717872619629,23500,0.0,0.0
2023-12-14 00:00:00-05:00,29.039362954869176,29.460956510513927,28.8285661770468,29.401933670043945,21900,0.54,0.0
2023-12-15 00:00:00-05:00,29.570574129055725,29.890986157901004,28.971912003545103,29.241731643676758,10900,0.0,0.0
2023-12-18 00:00:00-05:00,29.34291573685976,29.48625924233348,28.8875938486549,29.208005905151367,45100,0.0,0.0
2023-12-19 00:00:00-05:00,29.317621876245294,29.401939316966786,29.089960926492243,29.33448600769043,15700,0.0,0.0
2023-12-20 00:00:00-05:00,29.435664661872366,29.747643021420203,28.811704726272822,28.92131996154785,29400,0.0,0.0
2023-12-21 00:00:00-05:00,29.1574147346836,29.258596297419693,28.879161416529477,29.098388671875,22100,0.0,0.0
2023-12-22 00:00:00-05:00,29.368211533344397,29.697054024614623,29.08995821519028,29.098388671875,15400,0.0,0.0
2023-12-26 00:00:00-05:00,29.326050755695896,29.966874850111882,29.089959361176327,29.688621520996094,18700,0.0,0.0
2023-12-27 00:00:00-05:00,29.831964327873244,30.472785190867917,29.50312183130335,30.337875366210938,21700,0.0,0.0
2023-12-28 00:00:00-05:00,30.44749355538822,30.5486751295632,29.8066694137701,30.034330368041992,15600,0.0,0.0
2023-12-29 00:00:00-05:00,30.396899150486583,30.396899150486583,29.54528145918178,29.966875076293945,27000,0.0,0.0
2024-01-02 00:00:00-05:00,30.042757453005205,30.599260813667925,29.966870484891945,30.447486877441406,18900,0.0,0.0
2024-01-03 00:00:00-05:00,30.624561745814262,30.649856334927573,30.202968105903267,30.36317253112793,23600,0.0,0.0
2024-01-04 00:00:00-05:00,30.53180495130962,30.599261465070118,30.31257771459523,30.464351654052734,32100,0.0,0.0
2024-01-05 00:00:00-05:00,30.321010712651645,30.69201513643186,30.321010712651645,30.481218338012695,15900,0.0,0.0
2024-01-08 00:00:00-05:00,30.4812185086375,30.860650174712834,30.4812185086375,30.658287048339844,47700,0.0,0.0
2024-01-09 00:00:00-05:00,30.607695128457795,30.65828751907981,30.27042217382288,30.455921173095703,19000,0.0,0.0
2024-01-10 00:00:00-05:00,30.607693151525254,30.641421409761442,30.346307191454148,30.396896362304688,8200,0.0,0.0
2024-01-11 00:00:00-05:00,30.396894263386628,30.396894263386628,30.042757225871185,30.219825744628906,16300,0.0,0.0
2024-01-12 00:00:00-05:00,30.464353502829507,30.607693778513976,30.22825890684361,30.405330657958984,26700,0.0,0.0
2024-01-16 00:00:00-05:00,31.278457595601743,31.278457595601743,30.636453145439493,30.816213607788086,12300,0.54,0.0
2024-01-17 00:00:00-05:00,30.448131707492475,30.516613751622156,29.51508508134892,29.68628692626953,47000,0.0,0.0
2024-01-18 00:00:00-05:00,29.52364322114127,29.575001482314313,27.426428234291674,28.136911392211914,97700,0.0,0.0
2024-01-19 00:00:00-05:00,28.470753830510315,28.479315717845484,28.248193740844727,28.248193740844727,17300,0.0,0.0
2024-01-22 00:00:00-05:00,28.248197860546455,28.5906015650176,28.248197860546455,28.368038177490234,16600,0.0,0.0
2024-01-23 00:00:00-05:00,28.316676744597196,28.470754802454415,28.162595421336615,28.32523536682129,7800,0.0,0.0
2024-01-24 00:00:00-05:00,28.59060282958091,28.79604244902721,28.376601321172082,28.410839080810547,19400,0.0,0.0
2024-01-25 00:00:00-05:00,28.641958287075287,28.86452166257518,28.54779711016407,28.667640686035156,14700,0.0,0.0
2024-01-26 00:00:00-05:00,28.890199122245875,29.866045325688308,28.761796931096768,29.703405380249023,34700,0.0,0.0
2024-01-29 00:00:00-05:00,30.062919618684553,30.062919618684553,29.61779625766885,29.934520721435547,32500,0.0,0.0
2024-01-30 00:00:00-05:00,29.82324726133835,30.225571100510866,29.771885729081156,29.866046905517578,10200,0.0,0.0
2024-01-31 00:00:00-05:00,30.037246251864357,30.07148727052409,29.112758340471128,29.14699935913086,20000,0.0,0.0
2024-02-01 00:00:00-05:00,29.446608542892967,29.729088832909753,29.18124549980727,29.523649215698242,18900,0.0,0.0
2024-02-02 00:00:00-05:00,29.583563618308176,29.763324064732362,29.50652296049735,29.652042388916016,12600,0.0,0.0
2024-02-05 00:00:00-05:00,30.003004422513293,30.11428609744893,29.96020478304672,29.99444580078125,21200,0.0,0.0
2024-02-06 00:00:00-05:00,30.199883400574105,30.199883400574105,29.91740318625326,29.968761444091797,28300,0.0,0.0
2024-02-07 00:00:00-05:00,29.951645813494473,30.139964878041134,29.78044399221312,30.00300407409668,20300,0.0,0.0
2024-02-08 00:00:00-05:00,30.04579998718005,30.071482379699503,29.780440299233366,29.831798553466797,13500,0.0,0.0
2024-02-09 00:00:00-05:00,29.79756592929354,29.977326380824763,29.652043231337338,29.900285720825195,13700,0.0,0.0
2024-02-12 00:00:00-05:00,30.114288628033773,30.139967760790967,29.900287147314604,30.080047607421875,19100,0.0,0.0
2024-02-13 00:00:00-05:00,29.977324119582907,30.011565135978366,29.89172157859426,29.908842086791992,22000,0.0,0.0
2024-02-14 00:00:00-05:00,30.17837958231101,30.17837958231101,29.830604212720313,29.91754722595215,6800,0.54,0.0
2024-02-15 00:00:00-05:00,30.11751139734739,30.45659370882703,30.02187211633261,30.430511474609375,14700,0.0,0.0
2024-02-16 00:00:00-05:00,30.430511794628075,30.430511794628075,30.221843968704807,30.343568801879883,18000,0.0,0.0
2024-02-20 00:00:00-05:00,30.35226285504629,30.387041380048732,30.21315207169922,30.2827091217041,18100,0.0,0.0
2024-02-21 00:00:00-05:00,30.300091013658882,30.430508806637945,30.29139804190266,30.40442657470703,8000,0.0,0.0
2024-02-22 00:00:00-05:00,30.343572814880517,30.360958762399424,30.18707275390625,30.18707275390625,21000,0.0,0.0
2024-02-23 00:00:00-05:00,30.343567862302237,30.343567862302237,30.10012152015289,30.230539321899414,24200,0.0,0.0
2024-02-26 00:00:00-05:00,30.108822523425257,30.308794085194535,30.08273696899414,30.08273696899414,9600,0.0,0.0
2024-02-27 00:00:00-05:00,30.256624924404218,30.526153530247623,30.256624924404218,30.508764266967773,28900,0.0,0.0
2024-02-28 00:00:00-05:00,30.430511794628075,30.58701183490488,30.317483250725363,30.343568801879883,17800,0.0,0.0
2024-02-29 00:00:00-05:00,30.60439859960288,30.882620133690537,30.42181633973204,30.778287887573242,21400,0.0,0.0
2024-03-01 00:00:00-05:00,30.717433272923067,31.569487305925673,30.717433272923067,31.560791015625,43600,0.0,0.0
2024-03-04 00:00:00-05:00,31.647740882910508,31.72599092107325,31.51732304708482,31.68251609802246,47300,0.0,0.0
2024-03-05 00:00:00-05:00,31.69120558635055,32.091148665923214,31.639037799886133,31.743370056152344,32400,0.0,0.0
2024-03-06 00:00:00-05:00,31.34342837409354,32.247650146484375,31.082596063466934,32.247650146484375,89300,0.0,0.0
2024-03-07 00:00:00-05:00,32.160702810835744,32.89972814404587,32.108535029081416,32.69975662231445,18800,0.0,0.0
2024-03-08 00:00:00-05:00,33.038848876953125,33.543127636020806,33.038848876953125,33.038848876953125,32600,0.0,0.0
2024-03-11 00:00:00-04:00,33.21273851150334,33.51704237454637,33.082320674962986,33.36054229736328,32500,0.0,0.0
2024-03-12 00:00:00-04:00,33.64745838550872,33.76048694993366,33.18665115362083,33.4127082824707,16700,0.0,0.0
2024-03-13 00:00:00-04:00,33.87351184938275,33.87351184938275,33.48226168167585,33.7604866027832,44100,0.0,0.0
2024-03-14 00:00:00-04:00,33.804572281619144,34.24542481353205,33.12565897886072,33.698768615722656,18600,0.54,0.0
2024-03-15 00:00:00-04:00,33.619409181568905,34.148430782532394,33.13447215344615,33.487152099609375,27600,0.0,0.0
2024-03-18 00:00:00-04:00,33.495970020567334,34.28950239804566,33.495970020567334,33.89273452758789,21900,0.0,0.0
2024-03-19 00:00:00-04:00,33.87510067350528,33.93682311092215,33.78693152880222,33.901554107666016,18200,0.0,0.0
2024-03-20 00:00:00-04:00,33.87510595630417,34.08671664540422,33.37253435355905,33.513607025146484,29000,0.0,0.0
2024-03-21 00:00:00-04:00,33.88392163487275,34.14843244825706,33.5047882357615,33.610591888427734,11900,0.0,0.0
2024-03-22 00:00:00-04:00,33.74284688831294,33.91036960828538,33.50478616197068,33.55768966674805,11300,0.0,0.0
2024-03-25 00:00:00-04:00,33.55769671557639,33.76930405225967,33.38135502604834,33.46070861816406,34700,0.0,0.0
2024-03-26 00:00:00-04:00,33.663493219811244,34.033807661917386,33.47833599875817,33.73402786254883,31000,0.0,0.0
2024-03-27 00:00:00-04:00,33.68112680458148,33.99854109685399,33.68112680458148,33.96327209472656,18400,0.0,0.0
2024-03-28 00:00:00-04:00,34.18370051187059,34.377676672612566,34.14843150747434,34.27186965942383,31800,0.0,0.0
2024-04-01 00:00:00-04:00,34.65099847782611,34.756802113622584,34.42175670636092,34.509925842285156,27800,0.0,0.0
2024-04-02 00:00:00-04:00,34.46584592627665,34.598103011451066,34.44821142402424,34.527565002441406,23100,0.0,0.0
2024-04-03 00:00:00-04:00,34.80088972880386,35.603240966796875,34.58046352755922,35.603240966796875,22500,0.0,0.0
2024-04-04 00:00:00-04:00,35.59442880626575,36.035281292617356,35.59442880626575,36.01764678955078,33100,0.0,0.0
2024-04-05 00:00:00-04:00,36.14990422368307,36.59075671421579,36.10581964731732,36.19398880004883,44700,0.0,0.0
2024-04-08 00:00:00-04:00,36.4144056249906,36.511393685967214,36.193979436747995,36.40559005737305,27800,0.0,0.0
2024-04-09 00:00:00-04:00,36.414412056196696,36.48495006334178,36.16753575806352,36.21162033081055,19600,0.0,0.0
2024-04-10 00:00:00-04:00,36.23806895258431,36.326241457989575,35.88538902127475,36.09699630737305,40200,0.0,0.0
2024-04-11 00:00:00-04:00,36.06173324584961,36.19398696825345,35.86775708353241,36.06173324584961,67200,0.0,0.0
2024-04-12 00:00:00-04:00,36.222561618157336,36.23149513590859,35.32905987173079,35.78474426269531,29800,0.54,0.0
2024-04-15 00:00:00-04:00,35.78474628424279,35.78474628424279,33.95306828228119,33.96200180053711,48600,0.0,0.0
2024-04-16 00:00:00-04:00,33.98881267122453,34.04242060315656,32.62175246349126,32.95235061645508,33900,0.0,0.0
2024-04-17 00:00:00-04:00,33.20252461771945,33.434833571075735,32.95234522049905,33.28293991088867,17600,0.0,0.0
2024-04-18 00:00:00-04:00,33.51524302543373,34.03347558189416,33.42589423011756,33.506309509277344,14100,0.0,0.0
2024-04-19 00:00:00-04:00,33.586732600683014,34.417689542468025,33.33655318885574,34.00667953491211,21000,0.0,0.0
2024-04-22 00:00:00-04:00,34.21218265088174,35.34693027660182,34.21218265088174,34.88230895996094,31200,0.0,0.0
2024-04-23 00:00:00-04:00,35.12354945692043,35.40946969896332,35.08780857455553,35.21289825439453,9900,0.0,0.0
2024-04-24 00:00:00-04:00,35.284379124018834,35.57029935880841,35.052066802978516,35.052066802978516,23000,0.0,0.0
2024-04-25 00:00:00-04:00,35.239702233730526,35.284380040933335,34.84656275278809,35.061004638671875,8700,0.0,0.0
2024-04-26 00:00:00-04:00,35.203968977012224,35.28438426779716,35.06994235622448,35.26651382446289,9700,0.0,0.0
2024-04-29 00:00:00-04:00,35.293314472418565,35.293314472418565,35.16822478925884,35.27544403076172,13200,0.0,0.0
2024-04-30 00:00:00-04:00,35.29331774542535,35.561367578259855,35.10568320328505,35.41840744018555,31800,0.0,0.0
2024-05-01 00:00:00-04:00,35.33799146572397,35.400536311893866,34.38194492176869,34.75721740722656,32000,0.0,0.0
2024-05-02 00:00:00-04:00,35.04314054155615,35.168230244118234,34.28366199131116,34.8465690612793,22300,0.0,0.0
2024-05-03 00:00:00-04:00,34.85549943406113,35.73113408985966,34.84656591687229,35.45414733886719,11700,0.0,0.0
2024-05-06 00:00:00-04:00,35.936641820604564,37.04458209251243,35.489890941316844,35.74007034301758,43700,0.0,0.0
2024-05-07 00:00:00-04:00,35.8294166311942,37.473459887482065,35.8294166311942,37.10712432861328,41700,0.0,0.0
2024-05-08 00:00:00-04:00,37.0803201821331,37.0803201821331,36.34764906807687,36.45486831665039,14200,0.0,0.0
2024-05-09 00:00:00-04:00,36.31191437660842,36.48168190828431,36.19575818258371,36.43700408935547,27100,0.0,0.0
2024-05-10 00:00:00-04:00,36.642503728740216,36.83907519618426,36.47273963040852,36.615699768066406,9900,0.0,0.0
2024-05-13 00:00:00-04:00,37.107122595927386,37.196474806380756,36.58889340905107,36.633567810058594,19700,0.0,0.0
2024-05-14 00:00:00-04:00,37.258321026473794,37.33980959155787,36.905201608489634,37.222103118896484,10700,0.54,0.0
2024-05-15 00:00:00-04:00,37.30358839466763,37.33980629905136,36.94141625868922,37.31264114379883,18100,0.0,0.0
2024-05-16 00:00:00-04:00,37.30358516345787,37.49372396410858,37.19493491364734,37.29452896118164,13600,0.0,0.0
2024-05-17 00:00:00-04:00,37.385072249469424,37.566158294677734,37.303583701822134,37.566158294677734,10400,0.0,0.0
2024-05-20 00:00:00-04:00,37.75630103400747,38.00981945143837,37.51183536551509,37.557106018066406,25000,0.0,0.0
2024-05-21 00:00:00-04:00,37.67480955630464,37.67480955630464,37.63859165550039,37.647647857666016,23000,0.0,0.0
2024-05-22 00:00:00-04:00,37.62048499021323,38.181848671060536,37.62048499021323,37.68386459350586,12200,0.0,0.0
2024-05-23 00:00:00-04:00,37.74724284255419,38.12752390259611,36.832763275048016,37.28547668457031,24200,0.0,0.0
2024-05-24 00:00:00-04:00,37.765355232691725,37.765355232691725,36.94141689048238,37.185882568359375,6100,0.0,0.0
2024-05-28 00:00:00-04:00,37.56616130538649,37.56616130538649,37.03195932886976,37.25831604003906,11300,0.0,0.0
2024-05-29 00:00:00-04:00,37.32169562686669,37.32169562686669,36.669787193720936,36.70600509643555,14800,0.0,0.0
2024-05-30 00:00:00-04:00,36.887084417132456,38.02792051278747,36.841810320045724,37.78345489501953,21200,0.0,0.0
2024-05-31 00:00:00-04:00,38.064147107533465,38.145635665411696,37.620486413767644,37.864952087402344,20700,0.0,0.0
2024-06-03 00:00:00-04:00,37.7291338362076,38.32671885167011,37.647648738385485,38.05508804321289,27200,0.0,0.0
2024-06-04 00:00:00-04:00,38.05508989743586,38.381044120323175,37.92833068940843,38.33577346801758,27600,0.0,0.0
2024-06-05 00:00:00-04:00,38.489694327785244,38.72510724576254,38.18184905699681,38.44442367553711,15400,0.0,0.0
2024-06-06 00:00:00-04:00,38.706998607429504,39.2955274532078,38.44442398676354,38.553077697753906,27900,0.0,0.0
2024-06-07 00:00:00-04:00,38.589294402803134,39.26836459349829,38.589294402803134,39.141605377197266,34800,0.0,0.0
2024-06-10 00:00:00-04:00,39.19592952173455,39.521883743326164,38.9333549039047,39.00579071044922,38900,0.0,0.0
2024-06-11 00:00:00-04:00,38.57118589563411,38.73416301959865,36.92330915681902,37.041015625,74000,0.0,0.0
2024-06-12 00:00:00-04:00,37.25831896437144,37.71103242224264,37.12250354543825,37.16777420043945,112300,0.0,0.0
2024-06-13 00:00:00-04:00,37.140609490483435,37.68386421436289,37.140609490483435,37.475616455078125,40100,0.0,0.0
2024-06-14 00:00:00-04:00,37.466563503401204,37.946438622025894,37.466563503401204,37.70197296142578,20900,0.0,0.0
2024-06-17 00:00:00-04:00,37.757010278350144,38.17897797088787,37.39007972004221,37.665279388427734,46400,0.54,0.0
2024-06-18 00:00:00-04:00,37.51851711575336,38.05056270724412,37.26166426188299,37.4084358215332,103100,0.0,0.0
2024-06-20 00:00:00-04:00,36.3259904361817,36.4177248383834,35.74807944920432,35.96823501586914,157400,0.0,0.0
2024-06-21 00:00:00-04:00,36.188395655472405,37.00481262436594,36.09666124928169,36.436073303222656,22400,0.0,0.0
2024-06-24 00:00:00-04:00,36.69292277191695,37.10571885296297,36.69292277191695,36.81217575073242,26900,0.0,0.0
2024-06-25 00:00:00-04:00,36.81217789140236,37.61024802829349,36.81217789140236,37.4084358215332,23200,0.0,0.0
2024-06-26 00:00:00-04:00,37.55520124003441,37.99551584698335,36.940596528035705,37.73866653442383,31200,0.0,0.0
2024-06-27 00:00:00-04:00,38.701852428704555,38.701852428704555,37.894610784996914,38.105594635009766,27200,0.0,0.0
2024-06-28 00:00:00-04:00,38.3716206574051,38.43583298392561,38.02303695678711,38.02303695678711,16200,0.0,0.0
2024-07-01 00:00:00-04:00,38.11476908041796,38.34409982518498,37.784532248063925,38.25236892700195,23200,0.0,0.0
2024-07-02 00:00:00-04:00,38.353275299072266,38.43583450777315,38.08725079333502,38.353275299072266,24600,0.0,0.0
2024-07-03 00:00:00-04:00,38.57343386028404,38.7844177435496,37.98634766349124,38.050559997558594,21900,0.0,0.0
2024-07-05 00:00:00-04:00,38.05055915449908,38.38996769837931,37.848746966581814,38.05973434448242,27100,0.0,0.0
2024-07-08 00:00:00-04:00,38.050432281453205,38.171257806728335,37.130308980580146,37.4277229309082,33500,0.54,0.0
2024-07-09 00:00:00-04:00,37.58572220680913,37.58572220680913,35.959238129273224,36.16371154785156,78600,0.0,0.0
2024-07-10 00:00:00-04:00,36.37748140504743,36.42395167445979,36.07077479056242,36.17300796508789,40000,0.0,0.0
2024-07-11 00:00:00-04:00,36.40536107012612,36.98160372800002,36.38677579963713,36.80501174926758,20700,0.0,0.0
2024-07-12 00:00:00-04:00,37.00948698233117,37.121016337969515,36.89795762669282,36.981605529785156,18600,0.0,0.0
2024-07-15 00:00:00-04:00,36.99089907789,37.59502323128626,36.767840361111396,37.1024284362793,50300,0.0,0.0
2024-07-16 00:00:00-04:00,36.6934839379263,36.74925038809437,36.3867773256376,36.535484313964844,46300,0.0,0.0
2024-07-17 00:00:00-04:00,36.72137108130222,36.739959900905774,36.04289512031917,36.340309143066406,37600,0.0,0.0
2024-07-18 00:00:00-04:00,36.24736785888672,36.34030840957376,36.200897583543195,36.24736785888672,58900,0.0,0.0
2024-07-19 00:00:00-04:00,36.24736467839409,36.96301820134512,36.24736467839409,36.73066329956055,31900,0.0,0.0
2024-07-22 00:00:00-04:00,36.83289842845561,36.84219106412459,36.470425364642395,36.57265853881836,29700,0.0,0.0
2024-07-23 00:00:00-04:00,36.442545142602356,36.6656074278879,36.163719945086484,36.24736785888672,25900,0.0,0.0
2024-07-24 00:00:00-04:00,36.107949855987435,36.20089394278174,35.52241806372807,35.83842086791992,82000,0.0,0.0
2024-07-25 00:00:00-04:00,35.68971169095684,36.684190313358776,35.59676760984899,36.43324661254883,105300,0.0,0.0
2024-07-26 00:00:00-04:00,36.470426272433244,36.60054444776352,36.05218674783281,36.256656646728516,19000,0.0,0.0
2024-07-29 00:00:00-04:00,36.09865457522311,36.619130786774726,35.64323744693368,36.40536117553711,48200,0.0,0.0
2024-07-30 00:00:00-04:00,36.386779347505154,36.572660434152176,36.19159853379864,36.35889434814453,22800,0.0,0.0
2024-07-31 00:00:00-04:00,36.71207217476912,36.71207217476912,36.340302937096105,36.47042465209961,26900,0.0,0.0
2024-08-01 00:00:00-04:00,36.47042786166563,36.47042786166563,36.16371768177534,36.4146614074707,29100,0.0,0.0
2024-08-02 00:00:00-04:00,36.40535931110264,36.40535931110264,35.541002456963774,35.79194259643555,39900,0.0,0.0
2024-08-05 00:00:00-04:00,34.38852903009607,35.79195122240529,32.37168997528442,32.501808166503906,168500,0.0,0.0
2024-08-06 00:00:00-04:00,33.24533852731557,34.20263955225906,32.86427664448283,34.10040283203125,44200,0.0,0.0
2024-08-07 00:00:00-04:00,34.62088187140793,35.782656430851155,34.53723396130984,34.806766510009766,53000,0.0,0.0
2024-08-08 00:00:00-04:00,35.82912221285653,35.82912221285653,34.94617294926894,35.17852783203125,17400,0.0,0.0
2024-08-09 00:00:00-04:00,35.24359055034394,35.773362999496804,34.38852619541134,34.72311782836914,37500,0.0,0.0
2024-08-12 00:00:00-04:00,34.98335180746081,35.82912346853869,34.90900008600726,35.72688674926758,28800,0.0,0.0
2024-08-13 00:00:00-04:00,35.35512027829259,35.81983004994589,35.35512027829259,35.64323806762695,31500,0.0,0.0
2024-08-14 00:00:00-04:00,35.64324141231965,36.4146614074707,35.615359957949444,36.4146614074707,39700,0.0,0.0
2024-08-15 00:00:00-04:00,36.33927000466551,37.06492492017004,36.33927000466551,36.829322814941406,33600,0.54,0.0
2024-08-16 00:00:00-04:00,36.753925913969624,36.82932030811234,35.792668958665494,36.348690032958984,38300,0.0,0.0
2024-08-19 00:00:00-04:00,36.1979063332161,37.27225132905962,36.1979063332161,37.2628288269043,28400,0.0,0.0
2024-08-20 00:00:00-04:00,37.338220427157424,37.49843172724386,36.73507961624971,36.8387451171875,34600,0.0,0.0
2024-08-21 00:00:00-04:00,37.30052508628995,37.460732783915496,36.75392650497369,37.338218688964844,12400,0.0,0.0
2024-08-22 00:00:00-04:00,37.46073242380152,37.87539080926027,37.34764442685869,37.37591552734375,21800,0.0,0.0
2024-08-23 00:00:00-04:00,37.63036493583603,37.79057262646825,37.33821705909186,37.49842834472656,11800,0.0,0.0
2024-08-26 00:00:00-04:00,37.82827217804034,37.847120777230025,37.5643989793902,37.630367279052734,22600,0.0,0.0
2024-08-27 00:00:00-04:00,37.61151885986328,37.809423759798015,37.61151885986328,37.61151885986328,21900,0.0,0.0
2024-08-28 00:00:00-04:00,37.72461012086506,37.8848214310889,37.65864181518555,37.65864181518555,21400,0.0,0.0
2024-08-29 00:00:00-04:00,37.875394220507,37.89424282086217,37.67748930928211,37.762306213378906,27600,0.0,0.0
2024-08-30 00:00:00-04:00,37.837697673738006,38.073299767360275,37.79057437901143,38.03560256958008,30200,0.0,0.0
2024-09-03 00:00:00-04:00,38.27120354085889,38.403140134217765,37.913087362454434,38.12984085083008,39800,0.0,0.0
2024-09-04 00:00:00-04:00,38.13926880807455,38.30890260638347,37.89424061273823,37.969635009765625,33800,0.0,0.0
2024-09-05 00:00:00-04:00,38.09214365415539,38.195809147509515,37.98848175580381,38.12984085083008,32900,0.0,0.0
2024-09-06 00:00:00-04:00,38.12041819720203,38.16753789535628,37.69633372380868,37.79057312011719,41700,0.0,0.0
2024-09-09 00:00:00-04:00,37.73403313844883,38.48795913824245,37.39476553979102,37.59267044067383,32600,0.0,0.0
2024-09-10 00:00:00-04:00,37.413613780875444,37.771729975474,37.413613780875444,37.630367279052734,31700,0.0,0.0
2024-09-11 00:00:00-04:00,37.74345515206925,38.346595944096904,37.602096051126786,38.3277473449707,30900,0.0,0.0
2024-09-12 00:00:00-04:00,38.63874770278895,38.63874770278895,38.205240664534,38.33717727661133,23900,0.0,0.0
2024-09-13 00:00:00-04:00,38.63874937115293,38.89320010329018,38.525661355204114,38.874351501464844,43500,0.0,0.0
2024-09-16 00:00:00-04:00,39.10994541686439,39.10994541686439,38.874343336039914,38.93088912963867,64600,0.0,0.0
2024-09-17 00:00:00-04:00,38.86404720148056,39.255552192235584,38.77810690387002,39.19825744628906,15600,0.54,0.0
2024-09-18 00:00:00-04:00,39.293750569151776,39.34149437174846,38.87359636401616,39.179161071777344,39700,0.0,0.0
2024-09-19 00:00:00-04:00,39.37968942797389,39.37968942797389,38.205170799942366,38.2529182434082,46500,0.0,0.0
2024-09-20 00:00:00-04:00,38.44389566561321,39.026379540377135,38.40570280830213,38.84495162963867,19800,0.0,0.0
2024-09-23 00:00:00-04:00,38.93089209840932,39.17916206376934,38.67307118671697,39.150516510009766,16900,0.0,0.0
2024-09-24 00:00:00-04:00,39.19825557306462,39.36058885751286,39.15051177503336,39.21735382080078,29600,0.0,0.0
2024-09-25 00:00:00-04:00,39.351038972455676,39.36058991789021,39.21735487731937,39.226905822753906,21900,0.0,0.0
2024-09-26 00:00:00-04:00,39.522923279359155,39.570667083164686,39.00728145597443,39.150516510009766,22100,0.0,0.0
2024-09-27 00:00:00-04:00,39.15051465960178,39.58021615877966,39.15051465960178,39.28419876098633,17800,0.0,0.0
2024-09-30 00:00:00-04:00,39.293751036745505,39.885782209750616,39.293751036745505,39.86668395996094,58900,0.0,0.0
2024-10-01 00:00:00-04:00,40.34412894618851,41.12713896805416,40.105406289702195,41.00300216674805,82100,0.0,0.0
2024-10-02 00:00:00-04:00,41.27992121328358,42.37804688726274,41.2703739098016,42.36849594116211,59000,0.0,0.0
2024-10-03 00:00:00-04:00,42.31120470471407,42.31120470471407,41.77646464590379,41.986541748046875,36900,0.0,0.0
2024-10-04 00:00:00-04:00,41.96744751638189,42.349401615569164,41.96744751638189,42.33030700683594,37400,0.0,0.0
2024-10-07 00:00:00-04:00,42.33030440118123,42.97007939031333,42.33030440118123,42.95098114013672,38800,0.0,0.0
2024-10-08 00:00:00-04:00,43.399779824798536,43.399779824798536,42.635868049977496,42.82684326171875,28500,0.0,0.0
2024-10-09 00:00:00-04:00,43.18970390276568,43.418879262793446,43.09421629428173,43.21834945678711,30900,0.0,0.0
2024-10-10 00:00:00-04:00,43.161053122402606,43.17060042504742,42.12976959108322,42.52127456665039,40500,0.0,0.0
2024-10-11 00:00:00-04:00,42.3684903235461,42.73134973226715,42.00563455744321,42.425785064697266,37600,0.0,0.0
2024-10-14 00:00:00-04:00,42.826843198522425,42.97007824973568,42.42579088331519,42.48308563232422,41800,0.0,0.0
2024-10-15 00:00:00-04:00,42.53141632676457,43.159722815632485,42.115768099490325,42.328426361083984,34100,0.54,0.0
2024-10-16 00:00:00-04:00,42.434751421675884,42.76340339108171,42.35741981128668,42.463748931884766,24100,0.0,0.0
2024-10-17 00:00:00-04:00,42.94706225467749,42.94706225467749,42.376754509698486,42.512081146240234,22600,0.0,0.0
2024-10-18 00:00:00-04:00,42.51207879055857,42.95672448237824,42.51207879055857,42.81173324584961,18700,0.0,0.0
2024-10-21 00:00:00-04:00,42.82139992126413,42.995392363400185,42.579744161338965,42.705406188964844,20900,0.0,0.0
2024-10-22 00:00:00-04:00,42.89873458372063,43.314382815327086,42.89873458372063,43.11138916015625,24900,0.0,0.0
2024-10-23 00:00:00-04:00,43.053392555851,43.140388779914886,42.79240388365934,42.96639633178711,17700,0.0,0.0
2024-10-24 00:00:00-04:00,42.81173508082086,43.42070493761576,42.376753977842895,42.8213996887207,56100,0.0,0.0
2024-10-25 00:00:00-04:00,43.043721294509005,43.082387099734326,42.376752747555805,42.42508316040039,20800,0.0,0.0
2024-10-28 00:00:00-04:00,42.71507108330215,42.80206730495345,42.299422878454195,42.53141403198242,19800,0.0,0.0
2024-10-29 00:00:00-04:00,42.50241400507765,42.63774063355394,41.410128995074054,41.758113861083984,33000,0.0,0.0
2024-10-30 00:00:00-04:00,41.932106294088946,42.144760844248516,41.564788525814684,41.758113861083984,35200,0.0,0.0
2024-10-31 00:00:00-04:00,41.94177270975002,42.70540578893017,41.70978524732455,41.80644607543945,25800,0.0,0.0
2024-11-01 00:00:00-04:00,41.72911591530836,42.18342993548281,41.72911591530836,42.086769104003906,12300,0.0,0.0
2024-11-04 00:00:00-05:00,42.33809122879916,42.63774571857236,42.03844042640046,42.19309997558594,14900,0.0,0.0
2024-11-05 00:00:00-05:00,42.193097708258136,42.502416790007224,42.16409650927432,42.37675476074219,21600,0.0,0.0
2024-11-06 00:00:00-05:00,42.78273147998196,44.802973656037054,42.6764060495572,44.30999755859375,52200,0.0,0.0
2024-11-07 00:00:00-05:00,44.3100011563886,44.71598107108538,44.14567331898204,44.40666198730469,18200,0.0,0.0
2024-11-08 00:00:00-05:00,44.36799906450799,44.94797141425839,44.36799906450799,44.87063980102539,40700,0.0,0.0
2024-11-11 00:00:00-05:00,45.208960606666004,45.91459499248667,45.208960606666004,45.75027084350586,28100,0.0,0.0
2024-11-12 00:00:00-05:00,45.692270189814025,46.11758298736091,45.56660816587152,45.72126770019531,23600,0.0,0.0
2024-11-13 00:00:00-05:00,45.431279982742765,45.9822547854159,45.431279982742765,45.5376091003418,25700,0.0,0.0
2024-11-14 00:00:00-05:00,45.605274251706234,45.72126798131874,45.54727554321289,45.54727554321289,11600,0.0,0.0
2024-11-15 00:00:00-05:00,45.4494915466814,46.00685377918279,45.38104381497924,45.8992919921875,24400,0.54,0.0
2024-11-18 00:00:00-05:00,45.72328657109626,46.16331040727372,45.72328657109626,45.987300872802734,25900,0.0,0.0
2024-11-19 00:00:00-05:00,45.97752437227802,46.427324859552904,45.684176390582316,46.39799118041992,24300,0.0,0.0
2024-11-20 00:00:00-05:00,46.68156081794897,46.76956558227539,46.30020435245327,46.76956558227539,15900,0.0,0.0
2024-11-21 00:00:00-05:00,46.935797464929244,48.08963611768518,46.935797464929244,47.97229766845703,26300,0.0,0.0
2024-11-22 00:00:00-05:00,47.923399089175746,48.57854647853069,47.9136224401354,48.37320327758789,26200,0.0,0.0
2024-11-25 00:00:00-05:00,48.89145526154913,49.067464798900474,48.55899321656572,48.86212158203125,31200,0.0,0.0
2024-11-26 00:00:00-05:00,48.84256232273388,49.967063504344786,48.646995764590564,49.71282958984375,36500,0.0,0.0
2024-11-27 00:00:00-05:00,49.595490078249725,50.455976947342364,49.331475789963875,50.260414123535156,22700,0.0,0.0
2024-11-29 00:00:00-05:00,51.23824477537248,52.37252634770683,50.11373985248742,52.255184173583984,31300,0.0,0.0
2024-12-02 00:00:00-05:00,52.509423707664226,52.64631918560503,51.08179410896438,52.049842834472656,46900,0.0,0.0
2024-12-03 00:00:00-05:00,51.06223620137231,51.33602715254687,48.255864031345276,49.008792877197266,105200,0.0,0.0
2024-12-04 00:00:00-05:00,48.24608490892232,48.76433310568972,45.86018339781985,46.01663589477539,133900,0.0,0.0
2024-12-05 00:00:00-05:00,46.46643812508574,48.17763900756836,46.456657745460426,48.17763900756836,32000,0.0,0.0
2024-12-06 00:00:00-05:00,48.51987808827019,48.64699691358405,47.424710558971384,48.4318733215332,30100,0.0,0.0
2024-12-09 00:00:00-05:00,48.676332218693354,48.676332218693354,47.806064901953704,47.89406967163086,22100,0.0,0.0
2024-12-10 00:00:00-05:00,47.854954255627895,47.854954255627895,46.1241963211049,46.23175811767578,38000,0.0,0.0
2024-12-11 00:00:00-05:00,46.016639337842335,46.427325774283446,44.755238888564,45.029029846191406,43200,0.0,0.0
2024-12-12 00:00:00-05:00,45.09747363754906,45.60594517871595,44.68678723706141,45.35171127319336,30700,0.0,0.0
2024-12-13 00:00:00-05:00,46.52511069851696,46.52511069851696,45.156148456756476,45.84062957763672,24600,0.0,0.0
2024-12-16 00:00:00-05:00,46.335239068488,46.335239068488,43.52584356046019,43.71379470825195,66000,0.54,0.0
2024-12-17 00:00:00-05:00,43.525842100584335,43.822608451097814,41.37922851740091,41.55728530883789,117200,0.0,0.0
2024-12-18 00:00:00-05:00,42.04200682372758,42.55640359534269,40.3603257960607,40.44935607910156,36400,0.0,0.0
2024-12-19 00:00:00-05:00,40.56806480247468,41.60675277101675,39.78658089874543,40.281192779541016,53800,0.0,0.0
2024-12-20 00:00:00-05:00,40.854937365227094,42.06179146639134,40.45925015606377,41.71556091308594,42700,0.0,0.0
2024-12-23 00:00:00-05:00,41.70567208077169,42.506944656239305,41.54739643576947,42.44758987426758,23300,0.0,0.0
2024-12-24 00:00:00-05:00,42.40801883186334,43.68411830659686,42.40801883186334,43.50605773925781,24900,0.0,0.0
2024-12-26 00:00:00-05:00,43.55552003451135,43.76325988769531,43.14004787532162,43.76325988769531,17300,0.0,0.0
2024-12-27 00:00:00-05:00,43.308213215024395,43.56541349520247,43.17961684852437,43.515953063964844,15000,0.0,0.0
2024-12-30 00:00:00-05:00,43.52584238777515,44.95032314379215,43.12026082555989,44.89097213745117,33600,0.0,0.0
2024-12-31 00:00:00-05:00,45.593320923573444,45.593320923573444,44.31722143260741,45.29655456542969,25500,0.0,0.0
2025-01-02 00:00:00-05:00,45.45483181451323,47.3343546649106,45.45483181451323,46.345130920410156,53900,0.0,0.0
2025-01-03 00:00:00-05:00,47.15629277866432,48.086165487753064,46.80017541035458,47.8784294128418,37200,0.0,0.0
2025-01-06 00:00:00-05:00,47.739935122573954,47.9575655487766,46.80017560634767,47.007911682128906,42600,0.0,0.0
2025-01-07 00:00:00-05:00,47.09694022994859,47.71025785782655,46.10771654529885,46.2363166809082,21500,0.0,0.0
2025-01-08 00:00:00-05:00,46.40448310407997,46.82984959227406,45.01956842992403,45.207523345947266,28900,0.0,0.0
2025-01-10 00:00:00-05:00,46.49351522117854,47.067266794805185,45.29655541582659,45.7021369934082,18800,0.0,0.0
2025-01-13 00:00:00-05:00,46.15717680443011,47.13650990899738,45.573534681697645,46.98812484741211,29900,0.0,0.0
2025-01-14 00:00:00-05:00,47.48273917510612,49.213880707531864,47.33435410574828,48.52142333984375,44600,0.0,0.0
2025-01-15 00:00:00-05:00,49.263338992524076,49.85687547049962,48.87754235731388,49.56999969482422,41600,0.0,0.0
2025-01-16 00:00:00-05:00,49.41999816894531,50.959999084472656,49.41999816894531,50.59000015258789,39600,0.54,0.0
2025-01-17 00:00:00-05:00,50.56999969482422,50.9900016784668,49.86000061035156,50.0099983215332,28700,0.0,0.0
2025-01-21 00:00:00-05:00,49.40999984741211,50.65999984741211,49.2599983215332,50.349998474121094,48200,0.0,0.0
2025-01-22 00:00:00-05:00,50.689998626708984,50.58570098876953,49.529998779296875,50.47999954223633,29510,0.0,0.0
