Date,Open,High,Low,Close,Volume,Dividends,Stock Splits
2022-01-03 00:00:00-05:00,68.45812275704759,68.45812275704759,67.31801988650997,68.18832397460938,2348700,0.0,0.0
2022-01-04 00:00:00-05:00,68.21443298705361,68.79754178053851,67.9185327801182,67.97074890136719,2872800,0.0,0.0
2022-01-05 00:00:00-05:00,68.74530727579014,69.77226620424508,68.24923428898771,68.93677520751953,3971500,0.0,0.0
2022-01-06 00:00:00-05:00,68.90197024405796,70.02466326858979,68.69309913062433,68.80623626708984,3460700,0.0,0.0
2022-01-07 00:00:00-05:00,68.54513749279897,70.13778859439307,68.14479849284312,69.80707550048828,2762500,0.0,0.0
2022-01-10 00:00:00-05:00,70.10298402601369,70.25093410013557,69.1891622460524,69.47636413574219,3073300,0.0,0.0
2022-01-11 00:00:00-05:00,69.62433932169637,69.78099435076597,68.3624008274484,68.86717224121094,2921200,0.0,0.0
2022-01-12 00:00:00-05:00,68.63216983103476,69.32841564499157,68.35367283343048,69.03250885009766,2344000,0.0,0.0
2022-01-13 00:00:00-05:00,68.35367132480428,69.42414143826333,68.25793736150085,69.40673828125,3052900,0.0,0.0
2022-01-14 00:00:00-05:00,69.40674016596367,69.54599198541982,68.60606212376743,68.90196228027344,2580600,0.0,0.0
2022-01-18 00:00:00-05:00,68.48423047801167,68.57996445841977,67.57911343408539,68.2840576171875,2722700,0.0,0.0
2022-01-19 00:00:00-05:00,68.1970339198089,69.35454003618663,68.02297574526968,68.78013610839844,3681700,0.0,0.0
2022-01-20 00:00:00-05:00,68.68439396040523,69.92892901619597,68.67569570063728,68.83234405517578,2982200,0.0,0.0
2022-01-21 00:00:00-05:00,69.48507141950134,70.00725915581431,68.73661605323136,69.02381134033203,3831300,0.0,0.0
2022-01-24 00:00:00-05:00,68.84105218170309,69.27620422664418,66.87416307939921,68.30146789550781,4992600,0.0,0.0
2022-01-25 00:00:00-05:00,67.45726616954286,68.39718946092539,67.19617230866885,67.8663101196289,3195100,0.0,0.0
2022-01-26 00:00:00-05:00,67.66613100358057,68.51032688362857,66.90896418912791,67.41374206542969,3538100,0.0,0.0
2022-01-27 00:00:00-05:00,68.08389234420366,68.98900276083879,67.64874029625115,68.06648254394531,3137600,0.0,0.0
2022-01-28 00:00:00-05:00,67.95334073072682,69.18917086838661,67.36153372059647,69.15435791015625,2686000,0.0,0.0
2022-01-31 00:00:00-05:00,68.44941740407509,70.54684678977172,67.79668934231957,70.19873046875,5568100,0.0,0.0
2022-02-01 00:00:00-05:00,70.03335698932509,70.38147988274123,69.08472227076338,69.65042114257812,3626300,0.0,0.0
2022-02-02 00:00:00-05:00,69.59821556170385,70.91237652921419,69.21527965702438,70.77312469482422,3496200,0.0,0.0
2022-02-03 00:00:00-05:00,70.71221281348349,71.07773896614484,70.22484460993503,70.50334167480469,2371100,0.0,0.0
2022-02-04 00:00:00-05:00,69.90281737122741,70.45110650366486,69.11084417992889,69.78097534179688,2404700,0.0,0.0
2022-02-07 00:00:00-05:00,69.7287589864998,70.14650118885574,69.206571273716,69.77227020263672,2227700,0.0,0.0
2022-02-08 00:00:00-05:00,70.15520596923147,70.33796901243926,69.74616202686009,69.9115219116211,1971900,0.0,0.0
2022-02-09 00:00:00-05:00,70.30316348737689,70.4424153292417,69.58080949746305,69.90282440185547,2219300,0.0,0.0
2022-02-10 00:00:00-05:00,69.11083592410488,69.45025391409995,67.88370423728284,68.10128021240234,3727700,0.0,0.0
2022-02-11 00:00:00-05:00,68.39719277598714,69.20657581605437,68.05777472433569,68.82364654541016,3108900,0.0,0.0
2022-02-14 00:00:00-05:00,69.08472710182623,69.14564811444235,67.74445818437943,68.53643798828125,3595100,0.0,0.0
2022-02-15 00:00:00-05:00,68.96287926652566,69.25878604565428,67.7183444223113,68.03165435791016,2428800,0.0,0.0
2022-02-16 00:00:00-05:00,67.9968471904051,68.74530914025077,67.64873091224726,68.46681213378906,2518900,0.0,0.0
2022-02-17 00:00:00-05:00,68.4842279542672,69.09343813451093,67.73576593860034,68.87586212158203,2843300,0.0,0.0
2022-02-18 00:00:00-05:00,68.58866042938583,69.43285642486765,68.26665217866312,68.88456726074219,3557500,0.0,0.0
2022-02-22 00:00:00-05:00,69.31099840615335,69.84188428832131,68.46680260533245,69.07601928710938,3478400,0.0,0.0
2022-02-23 00:00:00-05:00,69.15436492282171,69.44156687742651,67.48338259767418,67.5704116821289,2623500,0.0,0.0
2022-02-24 00:00:00-05:00,67.46595220621933,67.73575091754793,65.96033024897748,67.15264892578125,4151300,0.0,0.0
2022-02-25 00:00:00-05:00,68.06647744742395,69.48507062716948,67.86631123869361,69.35453033447266,4573500,0.0,0.0
2022-02-28 00:00:00-05:00,68.86715568459448,69.50248054971762,68.52773764319356,69.21527862548828,4773200,0.0,0.0
2022-03-01 00:00:00-05:00,68.96288320851087,69.8941081703561,68.24053597559907,69.00640106201172,2857000,0.0,0.0
2022-03-02 00:00:00-05:00,69.10214734255295,70.1813225747943,69.01511825993393,69.76358032226562,2605600,0.0,0.0
2022-03-03 00:00:00-05:00,69.88468667471582,71.27132408168866,69.88468667471582,70.84129333496094,3608100,0.668,0.0
2022-03-04 00:00:00-05:00,70.56923347810792,72.61407736980239,70.21818510370461,72.57897186279297,3630200,0.0,0.0
2022-03-07 00:00:00-05:00,72.62285249931554,73.43903709130466,71.94708992971579,73.14942169189453,4188000,0.0,0.0
2022-03-08 00:00:00-05:00,73.28106373182547,73.83396036510207,71.56971222714282,71.57848358154297,2993200,0.0,0.0
2022-03-09 00:00:00-05:00,72.16649339636241,72.26302516590918,70.89394394354895,71.08702087402344,2768700,0.0,0.0
2022-03-10 00:00:00-05:00,70.96414362824108,72.26301363300854,70.48145137909069,72.14892578125,2518800,0.0,0.0
2022-03-11 00:00:00-05:00,72.00853403563455,72.72818027253612,71.789129613461,72.19283294677734,2462400,0.0,0.0
2022-03-14 00:00:00-04:00,72.5438698852891,73.0441116208812,70.84128969594137,71.36785888671875,3121100,0.0,0.0
2022-03-15 00:00:00-04:00,71.96463659663073,72.06117505942777,70.67453777169776,71.10456848144531,5470200,0.0,0.0
2022-03-16 00:00:00-04:00,71.01680386284536,71.30641923408477,68.96318220283489,70.87638854980469,4869000,0.0,0.0
2022-03-17 00:00:00-04:00,71.130913276796,73.08799688852532,70.94660767791659,72.57020568847656,5911800,0.0,0.0
2022-03-18 00:00:00-04:00,72.56141079432717,73.0177689207174,71.0782351661019,71.32396697998047,7643200,0.0,0.0
2022-03-21 00:00:00-04:00,71.60481191567132,72.51753496127682,71.4468471862437,71.81544494628906,2681400,0.0,0.0
2022-03-22 00:00:00-04:00,72.08749713516532,72.40343995425727,71.11334122558014,71.66624450683594,2196900,0.0,0.0
2022-03-23 00:00:00-04:00,71.75400238715793,72.23668795244723,71.01680026999834,71.63990783691406,2449600,0.0,0.0
2022-03-24 00:00:00-04:00,71.71013031734466,72.64040279212762,71.45562042042108,72.2279281616211,2215100,0.0,0.0
2022-03-25 00:00:00-04:00,72.84225997618051,73.79885993543007,72.26302915279976,73.69355010986328,2730800,0.0,0.0
2022-03-28 00:00:00-04:00,73.70232048705483,74.03581272611294,73.0879842205497,73.93049621582031,1633900,0.0,0.0
2022-03-29 00:00:00-04:00,73.98316253103404,74.50973172465577,73.38638232607859,74.5009536743164,2673100,0.0,0.0
2022-03-30 00:00:00-04:00,74.58871490356061,74.97486877441406,74.16746222234833,74.97486877441406,1942000,0.0,0.0
2022-03-31 00:00:00-04:00,74.76424393148193,75.20305272235446,74.3342064955295,74.5711669921875,3618600,0.0,0.0
2022-04-01 00:00:00-04:00,74.5097313665714,75.82615769214443,73.65844127139036,75.76472473144531,2736500,0.0,0.0
2022-04-04 00:00:00-04:00,75.28201592968064,75.33467082856234,74.1411173812129,74.9046401977539,1819000,0.0,0.0
2022-04-05 00:00:00-04:00,75.0099586572276,76.30005727915562,74.7115652658025,75.5540771484375,3303100,0.0,0.0
2022-04-06 00:00:00-04:00,75.8788102720638,77.28299697040983,75.15916417068081,77.08992004394531,4223600,0.0,0.0
2022-04-07 00:00:00-04:00,77.01972911742298,77.0899334427746,76.19476635939523,76.93196868896484,2472500,0.0,0.0
2022-04-08 00:00:00-04:00,77.34443076082705,77.66037360831321,76.6335627018284,77.56383514404297,2368800,0.0,0.0
2022-04-11 00:00:00-04:00,77.47608091365016,77.91488971510553,76.58968525991685,76.80908966064453,2921400,0.0,0.0
2022-04-12 00:00:00-04:00,76.39659773246551,77.35319748934523,76.01044393190298,76.69498443603516,2843000,0.0,0.0
2022-04-13 00:00:00-04:00,76.90562502082469,77.116258057898,75.95780313675745,76.51947784423828,2562900,0.0,0.0
2022-04-14 00:00:00-04:00,77.00216790402304,77.34443823927883,76.65111951779653,76.70378112792969,3310100,0.0,0.0
2022-04-18 00:00:00-04:00,77.239110545732,77.2742160458042,75.72082947213488,76.20352172851562,2758500,0.0,0.0
2022-04-19 00:00:00-04:00,76.54579749692552,76.67744145775397,75.7383910241896,76.3263931274414,2644900,0.0,0.0
2022-04-20 00:00:00-04:00,76.89685170284612,77.17768904941667,76.14210007849582,76.34394836425781,2893400,0.0,0.0
2022-04-21 00:00:00-04:00,76.31760620240802,76.92316433438073,75.87001946591995,75.9577865600586,3583700,0.0,0.0
2022-04-22 00:00:00-04:00,75.95780202888345,76.01045693953844,74.42197130833391,74.5009536743164,2641100,0.0,0.0
2022-04-25 00:00:00-04:00,74.79055730796159,74.9660781129917,72.93000597447065,74.2113265991211,3843100,0.0,0.0
2022-04-26 00:00:00-04:00,73.89538774140648,74.68524479761945,73.3073856478829,73.34249114990234,2854800,0.0,0.0
2022-04-27 00:00:00-04:00,73.33372216318685,74.03581889896249,72.63163212310192,73.17575073242188,2763100,0.0,0.0
2022-04-28 00:00:00-04:00,73.4039189771916,73.93048807932234,72.91245537462815,73.60577392578125,2944500,0.0,0.0
2022-04-29 00:00:00-04:00,73.43902970117963,73.43902970117963,71.58725631532879,71.64868927001953,4137200,0.0,0.0
2022-05-02 00:00:00-04:00,71.94708974121794,72.46488088211835,70.42003038234199,71.13090515136719,3109000,0.0,0.0
2022-05-03 00:00:00-04:00,71.56971675397799,72.40345078167243,70.85007060191505,71.28887939453125,3123900,0.0,0.0
2022-05-04 00:00:00-04:00,71.21865594339096,72.62284249540281,70.92026253476301,72.41221618652344,3719100,0.0,0.0
2022-05-05 00:00:00-04:00,72.19281690911035,73.43903214324283,71.58725869581508,72.87735748291016,4926400,0.0,0.0
2022-05-06 00:00:00-04:00,72.38589407567451,73.93049604900708,71.96463473114464,73.73741912841797,4843700,0.0,0.0
2022-05-09 00:00:00-04:00,73.32494278019493,74.32542616693576,72.27179779183777,73.51801300048828,4319600,0.0,0.0
2022-05-10 00:00:00-04:00,73.65843477581403,74.65014010984348,71.13967021788655,71.92952728271484,5273200,0.0,0.0
2022-05-11 00:00:00-04:00,71.81544196925806,73.95682412624609,71.53460463576667,72.85980224609375,4543400,0.0,0.0
2022-05-12 00:00:00-04:00,72.84223884900508,73.47412440189704,71.6837842339328,72.75447845458984,4057500,0.0,0.0
2022-05-13 00:00:00-04:00,73.23717960594323,73.49168949106085,72.05239728919517,73.37760162353516,2626500,0.0,0.0
2022-05-16 00:00:00-04:00,73.36882588010492,73.83396211054323,72.81592923375779,73.44781494140625,2810400,0.0,0.0
2022-05-17 00:00:00-04:00,73.50924692967789,73.9656051037811,72.12260961131392,73.93927764892578,3492100,0.0,0.0
2022-05-18 00:00:00-04:00,73.9392621399297,74.0533499856026,72.31567137273078,72.54385375976562,3928000,0.0,0.0
2022-05-19 00:00:00-04:00,72.21913678034268,72.34200268091016,70.95536557943214,72.14892578125,4932300,0.0,0.0
2022-05-20 00:00:00-04:00,72.14015181187783,72.57896053748703,71.28886850857539,72.43854522705078,3471200,0.0,0.0
2022-05-23 00:00:00-04:00,73.28106999067151,73.53557989951125,72.16649857883358,72.90369415283203,2821500,0.0,0.0
2022-05-24 00:00:00-04:00,73.0441060915309,74.63259159390857,72.35078747614268,74.52727508544922,4772300,0.0,0.0
2022-05-25 00:00:00-04:00,74.52727851850749,74.69402799066019,73.66721709471956,74.29910278320312,4603600,0.0,0.0
2022-05-26 00:00:00-04:00,74.6326003811511,74.70281139505731,74.07970371194396,74.22889709472656,3501900,0.0,0.0
2022-05-27 00:00:00-04:00,74.00949840828238,74.76425012678047,73.36883457441628,74.73792266845703,4116800,0.0,0.0
2022-05-31 00:00:00-04:00,74.44828814661933,74.65891445489257,73.36881576230095,73.9129409790039,7050700,0.0,0.0
2022-06-01 00:00:00-04:00,74.15868120021834,74.25521966406319,73.08798674353194,73.46536254882812,3969800,0.0,0.0
2022-06-02 00:00:00-04:00,73.87939110239707,74.04747517214888,72.11887870430671,73.85285186767578,2696600,0.668,0.0
2022-06-03 00:00:00-04:00,73.7112920328711,74.00323708123102,73.13625059658497,73.17163848876953,2108800,0.0,0.0
2022-06-06 00:00:00-04:00,73.41936517473239,73.81747399828058,73.09203890264055,73.1893539428711,3090000,0.0,0.0
2022-06-07 00:00:00-04:00,72.8885578211868,73.57860499373695,72.48160709762008,73.51667785644531,2860300,0.0,0.0
2022-06-08 00:00:00-04:00,73.03895361953876,73.03895361953876,71.72963503308746,71.82695007324219,2240300,0.0,0.0
2022-06-09 00:00:00-04:00,71.67654267213399,72.5346806228679,70.16374549334019,70.1902847290039,3075600,0.0,0.0
2022-06-10 00:00:00-04:00,69.58870732200607,70.74763221971028,69.26137434919262,70.16374206542969,2974100,0.0,0.0
2022-06-13 00:00:00-04:00,69.28792451170497,69.62409944929527,67.20008558455004,67.51856994628906,3461900,0.0,0.0
2022-06-14 00:00:00-04:00,68.03167798302772,68.03167798302772,64.8026048553427,65.99691772460938,4899300,0.0,0.0
2022-06-15 00:00:00-04:00,66.47463922126684,67.23546209546912,65.32455624876083,66.24462127685547,3870900,0.0,0.0
2022-06-16 00:00:00-04:00,65.37764298683493,66.23578090556981,64.91760708731367,65.80228424072266,5482500,0.0,0.0
2022-06-17 00:00:00-04:00,65.75805419027368,65.97922347781028,64.26294764666996,64.94415283203125,7815900,0.0,0.0
2022-06-21 00:00:00-04:00,65.20956112901247,66.20040210683156,64.88222810743025,65.97923278808594,3381300,0.0,0.0
2022-06-22 00:00:00-04:00,65.90845722754149,67.19123658114263,65.90845722754149,66.72235870361328,3872200,0.0,0.0
2022-06-23 00:00:00-04:00,67.01429636266275,68.33246347054903,67.00544770099134,68.25284576416016,3097800,0.0,0.0
2022-06-24 00:00:00-04:00,68.4651694537656,69.31445877424945,68.26169747309892,69.12867736816406,3332500,0.0,0.0
2022-06-27 00:00:00-04:00,68.76595969361136,69.78333304390455,68.51824441530874,69.5533218383789,2358000,0.0,0.0
2022-06-28 00:00:00-04:00,69.75679025890211,70.22566805725769,69.35868825074573,69.47369384765625,3420400,0.0,0.0
2022-06-29 00:00:00-04:00,69.69487538653608,70.08413555153673,69.53563320535874,69.90719604492188,3078800,0.0,0.0
2022-06-30 00:00:00-04:00,69.51793001886834,71.30497483941889,69.34099054435043,70.6060791015625,3498000,0.0,0.0
2022-07-01 00:00:00-04:00,70.8095676765104,71.91541423552097,70.27876267809569,71.87117767333984,3847400,0.0,0.0
2022-07-05 00:00:00-04:00,71.77386131242216,71.99503062014514,69.03136324656757,70.26991271972656,4957600,0.0,0.0
2022-07-06 00:00:00-04:00,70.57955089929092,71.65885823911704,70.0929824548058,70.80072021484375,3357400,0.0,0.0
2022-07-07 00:00:00-04:00,70.90687427594932,71.31382495129301,70.53531149622911,70.61492919921875,2623900,0.0,0.0
2022-07-08 00:00:00-04:00,70.56184383222688,70.70338865133205,69.97795373584854,70.22566223144531,3174800,0.0,0.0
2022-07-11 00:00:00-04:00,70.05758020001404,70.91571804846028,69.80102303659348,70.57953643798828,1636200,0.0,0.0
2022-07-12 00:00:00-04:00,70.18143252270409,71.00418245535614,69.50022740934737,70.11065673828125,2562500,0.0,0.0
2022-07-13 00:00:00-04:00,69.6152462044478,70.45568678639592,69.36753768553892,69.58870697021484,2708900,0.0,0.0
2022-07-14 00:00:00-04:00,68.41207434254376,69.80101696890941,68.27052278211292,69.68600463867188,2111800,0.0,0.0
2022-07-15 00:00:00-04:00,70.26990020545968,70.3141367589469,69.03135095287216,70.06642150878906,2851400,0.0,0.0
2022-07-18 00:00:00-04:00,69.73025826389305,70.01335470452808,68.97828397622668,69.013671875,3132300,0.0,0.0
2022-07-19 00:00:00-04:00,69.31445400371193,69.62408965921037,68.75710982381474,68.81018829345703,2884300,0.0,0.0
2022-07-20 00:00:00-04:00,68.84558105375872,68.86327162837233,66.99660890204234,67.03199005126953,4937700,0.0,0.0
2022-07-21 00:00:00-04:00,67.00544319581033,67.36816405488611,66.58964386937743,67.2000732421875,3262000,0.0,0.0
2022-07-22 00:00:00-04:00,67.56279918937267,68.47401561189726,67.40355702575809,68.42977905273438,2065500,0.0,0.0
2022-07-25 00:00:00-04:00,68.29707979441677,69.54447793467921,68.16438360890089,69.53562927246094,2697100,0.0,0.0
2022-07-26 00:00:00-04:00,69.34098526917116,70.18143252270409,69.00481041748817,70.11065673828125,1799100,0.0,0.0
2022-07-27 00:00:00-04:00,69.76563454363732,70.19027575909277,69.46484082893515,70.06642150878906,2164200,0.0,0.0
2022-07-28 00:00:00-04:00,70.68570796253694,72.06580220212606,70.32298707930832,71.94194793701172,2849100,0.0,0.0
2022-07-29 00:00:00-04:00,71.76501781752073,72.79123987296244,71.55269042711089,72.52584075927734,3470000,0.0,0.0
2022-08-01 00:00:00-04:00,72.42852340045937,73.10087319984771,71.75616685151977,73.02125549316406,3156500,0.0,0.0
2022-08-02 00:00:00-04:00,73.24243337208179,73.7909357196464,72.64085254717457,72.68508911132812,2651700,0.0,0.0
2022-08-03 00:00:00-04:00,72.57891863897987,73.80861941279387,71.66770219862647,73.60514068603516,2664500,0.0,0.0
2022-08-04 00:00:00-04:00,73.78207406745652,74.1801760765438,73.2424204776399,73.33088684082031,2977000,0.0,0.0
2022-08-05 00:00:00-04:00,73.21588898924922,73.4901367689868,72.11888437119576,73.04779815673828,2529700,0.0,0.0
2022-08-08 00:00:00-04:00,73.41934232340037,73.84399025310557,71.88885489349695,72.00386047363281,3383400,0.0,0.0
2022-08-09 00:00:00-04:00,72.32235554368884,73.30434770020942,72.26927707562315,72.87969970703125,2407200,0.0,0.0
2022-08-10 00:00:00-04:00,73.20703489347363,73.23357412831047,71.89770972859755,72.6673812866211,2758900,0.0,0.0
2022-08-11 00:00:00-04:00,72.54353555800725,73.06549190333483,72.04811845063843,72.33121490478516,2695800,0.0,0.0
2022-08-12 00:00:00-04:00,72.70276765202301,73.3043483773444,72.6673797564687,73.2778091430664,1845300,0.0,0.0
2022-08-15 00:00:00-04:00,73.42820550605236,75.0471663557769,73.1362604184854,74.88792419433594,4459900,0.0,0.0
2022-08-16 00:00:00-04:00,74.94984682954718,75.896451079774,74.72867754912457,75.59565734863281,3642400,0.0,0.0
2022-08-17 00:00:00-04:00,75.46296680237091,76.17955316447306,75.19756094626945,75.74606323242188,2124200,0.0,0.0
2022-08-18 00:00:00-04:00,75.87875520351481,76.14416104489977,75.39218682704362,75.77259826660156,1678400,0.0,0.0
2022-08-19 00:00:00-04:00,75.97607444152176,76.32994666647329,75.44526947887013,75.74606323242188,1904900,0.0,0.0
2022-08-22 00:00:00-04:00,75.50718569854088,75.75489419533885,74.50750305087753,74.817138671875,2088700,0.0,0.0
2022-08-23 00:00:00-04:00,74.89677096540045,74.89677096540045,73.79976643669744,74.2509536743164,2002200,0.0,0.0
2022-08-24 00:00:00-04:00,74.33941916570379,74.78175773672385,74.02978351589994,74.58712768554688,2859000,0.0,0.0
2022-08-25 00:00:00-04:00,74.67561552084727,74.71099667389903,74.03864677307902,74.57830047607422,2571400,0.0,0.0
2022-08-26 00:00:00-04:00,74.64906163044283,74.79946188797886,73.49898529052734,73.49898529052734,2788000,0.0,0.0
2022-08-29 00:00:00-04:00,73.19819335728924,74.45444017477757,72.75585473481424,73.96786499023438,1865600,0.0,0.0
2022-08-30 00:00:00-04:00,73.75553772537971,73.92362179714773,72.6231452837969,72.84431457519531,2783700,0.0,0.0
2022-08-31 00:00:00-04:00,72.86201712503608,73.44590058644636,72.34005405012606,72.3666000366211,3381800,0.0,0.0
2022-09-01 00:00:00-04:00,72.3469552145422,73.60461665041802,72.23991744771615,73.46190643310547,2038400,0.668,0.0
2022-09-02 00:00:00-04:00,73.5332860431349,74.22901471432336,72.79295658835778,72.98918914794922,2682700,0.0,0.0
2022-09-06 00:00:00-04:00,73.3459664650877,73.7295100218902,72.5075208280954,72.69483184814453,4410200,0.0,0.0
2022-09-07 00:00:00-04:00,73.14081269566393,74.53226988150293,73.0516179436451,74.3806381225586,3443700,0.0,0.0
2022-09-08 00:00:00-04:00,74.28251587591451,74.65713788731986,73.69382511586652,73.8276138305664,2871500,0.0,0.0
2022-09-09 00:00:00-04:00,74.03277428479475,74.81769763459634,73.6313944956615,74.17549133300781,2595600,0.0,0.0
2022-09-12 00:00:00-04:00,74.46092021060896,75.32611681461978,74.35388242216885,75.1031265258789,3700500,0.0,0.0
2022-09-13 00:00:00-04:00,74.46091798541192,74.90689854956595,73.07837551448507,73.3548812866211,3051800,0.0,0.0
2022-09-14 00:00:00-04:00,73.3638122345352,74.25577347750828,73.25677443553371,73.53328704833984,5389300,0.0,0.0
2022-09-15 00:00:00-04:00,73.57787665990725,73.57787665990725,72.05262384157564,72.17749786376953,4921000,0.0,0.0
2022-09-16 00:00:00-04:00,72.12396660993517,72.7929373562763,71.92773410218885,72.08828735351562,14132100,0.0,0.0
2022-09-19 00:00:00-04:00,71.84746790788529,72.49859568715496,71.42824511034627,72.4094009399414,2518500,0.0,0.0
2022-09-20 00:00:00-04:00,71.94559162882503,72.00802863885868,70.8573979067039,71.38365173339844,2819400,0.0,0.0
2022-09-21 00:00:00-04:00,71.7136725922144,72.52535364086862,70.37573096476682,70.4024887084961,3615600,0.0,0.0
2022-09-22 00:00:00-04:00,70.13490684362135,70.20626537299094,69.58189525381673,69.96543884277344,2964800,0.0,0.0
2022-09-23 00:00:00-04:00,69.30538243333692,69.43025645677456,68.45802201642101,69.34998321533203,3493500,0.0,0.0
2022-09-26 00:00:00-04:00,68.92183653092039,69.1448268231592,67.04871943713901,67.64633178710938,3212500,0.0,0.0
2022-09-27 00:00:00-04:00,67.97636668461662,67.99420972065388,65.97837537127755,66.03189086914062,3817700,0.0,0.0
2022-09-28 00:00:00-04:00,66.76328765095553,67.12899497212291,65.91592731941255,66.77220916748047,2956600,0.0,0.0
2022-09-29 00:00:00-04:00,66.5135447326351,66.59382477727281,63.27572810821962,63.38275909423828,5208300,0.0,0.0
2022-09-30 00:00:00-04:00,63.73955168975872,63.85550420529075,61.55424929509124,61.6434440612793,5927600,0.0,0.0
2022-10-03 00:00:00-04:00,62.990295563921016,64.14984091511927,62.31240321998896,63.40951156616211,6405300,0.0,0.0
2022-10-04 00:00:00-04:00,63.43628757707107,64.2301325580159,63.0705801921895,63.775230407714844,6024400,0.0,0.0
2022-10-05 00:00:00-04:00,62.9902952799494,63.008131507680524,61.03689829491931,61.554237365722656,4912500,0.0,0.0
2022-10-06 00:00:00-04:00,61.15285704210093,61.15285704210093,58.70888528560315,58.83375930786133,7388200,0.0,0.0
2022-10-07 00:00:00-04:00,58.72671722185997,59.021066026431384,57.12119127943314,57.43337631225586,4691600,0.0,0.0
2022-10-10 00:00:00-04:00,57.4423031954861,58.30750665665729,57.22823441085449,57.531497955322266,3888300,0.0,0.0
2022-10-11 00:00:00-04:00,57.219309948194585,58.51265091205934,56.98739814045811,57.825843811035156,4155900,0.0,0.0
2022-10-12 00:00:00-04:00,57.718805167918305,57.825842955703486,55.765411475422404,55.89028549194336,6378000,0.0,0.0
2022-10-13 00:00:00-04:00,55.2837507763074,58.34318114618906,55.034002747158574,58.013153076171875,6225700,0.0,0.0
2022-10-14 00:00:00-04:00,58.49480526083996,58.806990256473945,57.040907847113274,57.36201095581055,4577700,0.0,0.0
2022-10-17 00:00:00-04:00,58.120191460532,58.967551826026636,57.71880486230547,58.22722244262695,4322000,0.0,0.0
2022-10-18 00:00:00-04:00,59.36001862407401,59.81491392138019,59.065669804553295,59.351097106933594,2904600,0.0,0.0
2022-10-19 00:00:00-04:00,58.601844551856196,59.08350438716065,58.03098996300429,58.59292984008789,2415900,0.0,0.0
2022-10-20 00:00:00-04:00,58.00423302886882,58.521572133853965,57.18363039655529,57.45122146606445,3300000,0.0,0.0
2022-10-21 00:00:00-04:00,57.37985995910776,58.76239559941501,57.05875341442873,58.45021057128906,3607000,0.0,0.0
2022-10-24 00:00:00-04:00,58.86943923085165,59.475973119374466,58.29858460696239,58.878360748291016,5847200,0.0,0.0
2022-10-25 00:00:00-04:00,59.00323347338891,59.966553181922514,58.75348543157437,59.690040588378906,4108700,0.0,0.0
2022-10-26 00:00:00-04:00,60.12709679405684,60.42143876448831,59.3154089836117,59.86842727661133,4203600,0.0,0.0
2022-10-27 00:00:00-04:00,60.21630086953799,60.70687543303844,59.81491425744811,60.091426849365234,2762100,0.0,0.0
2022-10-28 00:00:00-04:00,60.35900499844078,62.02697467750368,59.97546145962409,61.9110221862793,3065500,0.0,0.0
2022-10-31 00:00:00-04:00,63.043806351034206,63.15084412529064,61.81290257013721,62.41051483154297,7312800,0.0,0.0
2022-11-01 00:00:00-04:00,62.455114771116705,62.73162734643353,61.955618720412716,62.187530517578125,3780400,0.0,0.0
2022-11-02 00:00:00-04:00,61.973466382388544,63.11517561505422,61.57207976441701,61.58100128173828,3134100,0.0,0.0
2022-11-03 00:00:00-04:00,61.0369051554911,62.249972931250845,60.885273384802105,61.7504768371582,3770400,0.0,0.0
2022-11-04 00:00:00-04:00,60.05573851536979,61.02797278346508,59.172692185214814,59.877342224121094,7620900,0.0,0.0
2022-11-07 00:00:00-05:00,58.030990412792704,58.191543692471946,53.22332034450001,56.14003372192383,20566200,0.0,0.0
2022-11-08 00:00:00-05:00,56.452226227701516,56.56817873604049,55.542425378261065,55.854610443115234,8069700,0.0,0.0
2022-11-09 00:00:00-05:00,54.249074010219054,54.855607832441216,53.42847142871941,53.89228820800781,11129900,0.0,0.0
2022-11-10 00:00:00-05:00,55.0250808448933,55.943803121869315,54.124201601373436,55.631614685058594,8582900,0.0,0.0
2022-11-11 00:00:00-05:00,55.56917994961054,55.56917994961054,54.38287336841197,54.99832534790039,5615100,0.0,0.0
2022-11-14 00:00:00-05:00,55.09644393558351,55.23023607453996,51.68915241121741,51.69807052612305,15961400,0.0,0.0
2022-11-15 00:00:00-05:00,52.39379131651127,53.15195681531784,52.019165922321726,52.5186653137207,5575900,0.0,0.0
2022-11-16 00:00:00-05:00,52.44731764045256,53.29468145710299,52.44731764045256,53.16980743408203,4158900,0.0,0.0
2022-11-17 00:00:00-05:00,52.358122937085255,52.87545866194065,51.88538118899929,52.06377410888672,3660600,0.0,0.0
2022-11-18 00:00:00-05:00,52.447318408146366,52.830862000217365,52.17081261099889,52.76842498779297,7368300,0.0,0.0
2022-11-21 00:00:00-05:00,52.670306002178506,53.499830156092216,52.652466370608536,53.10736846923828,5112200,0.0,0.0
2022-11-22 00:00:00-05:00,53.330356505319294,53.963648087750826,53.20548249217073,53.740657806396484,3578800,0.0,0.0
2022-11-23 00:00:00-05:00,53.58010424912712,54.53450237608691,53.54442498768373,54.43638610839844,3608800,0.0,0.0
2022-11-25 00:00:00-05:00,54.75749597505852,55.274835089658,54.63262195499984,54.88236999511719,1702100,0.0,0.0
2022-11-28 00:00:00-05:00,54.49882345796757,55.025080658606946,53.91012925068976,54.070682525634766,6469000,0.0,0.0
2022-11-29 00:00:00-05:00,53.74957813753369,53.74957813753369,53.018170256727984,53.31251907348633,3895500,0.0,0.0
2022-11-30 00:00:00-05:00,53.15196998307763,54.64154360818729,52.75950826568299,54.50775146484375,9257300,0.0,0.0
2022-12-01 00:00:00-05:00,54.84862928165813,55.1823013361038,54.04601095168988,54.44281005859375,6435300,0.668,0.0
2022-12-02 00:00:00-05:00,54.03699769920577,54.77649251081139,53.892706783807135,54.53300094604492,4440700,0.0,0.0
2022-12-05 00:00:00-05:00,54.109148483244326,54.25343940825963,53.072055094582005,53.45082092285156,5548200,0.0,0.0
2022-12-06 00:00:00-05:00,53.43277914022683,53.72136096332358,51.76441526043832,52.53096008300781,9698900,0.0,0.0
2022-12-07 00:00:00-05:00,52.043975500348786,52.7383765676656,51.98084844333513,52.305503845214844,6346400,0.0,0.0
2022-12-08 00:00:00-05:00,52.35059757939124,52.76543353588756,51.80048738308808,52.56703567504883,5615000,0.0,0.0
2022-12-09 00:00:00-05:00,52.467829577587125,52.83757522915154,52.206301242533485,52.55801010131836,7960300,0.0,0.0
2022-12-12 00:00:00-05:00,52.711324363826805,54.12718000257405,51.61110401773022,54.09110641479492,7001200,0.0,0.0
2022-12-13 00:00:00-05:00,54.74943391101392,54.992925468273,53.2614345368751,54.09110641479492,6679100,0.0,0.0
2022-12-14 00:00:00-05:00,54.271476203907426,56.868716294349916,52.98187455651007,53.45082092285156,7844400,0.0,0.0
2022-12-15 00:00:00-05:00,53.31554229560821,53.75743515225922,52.684268260463924,53.06303405761719,6976800,0.0,0.0
2022-12-16 00:00:00-05:00,52.936786467789254,53.13518434775236,51.566020903602436,52.86463928222656,16155700,0.0,0.0
2022-12-19 00:00:00-05:00,52.92776128932768,54.27147325054587,52.78347037216444,53.43278121948242,7089700,0.0,0.0
2022-12-20 00:00:00-05:00,53.27947526661165,54.03700002493289,53.153217700057844,53.730384826660156,5518300,0.0,0.0
2022-12-21 00:00:00-05:00,53.9828876480277,54.46987074952308,53.757432890687234,54.154232025146484,3962500,0.0,0.0
2022-12-22 00:00:00-05:00,54.01895967049777,54.56906637273794,53.45982941156543,54.55103302001953,4147400,0.0,0.0
2022-12-23 00:00:00-05:00,54.40674305647659,54.82157897949219,54.15423139189473,54.82157897949219,2855200,0.0,0.0
2022-12-27 00:00:00-05:00,54.821583200750375,55.840636293560074,54.58710831131028,55.71438217163086,2955900,0.0,0.0
2022-12-28 00:00:00-05:00,55.88572613851304,56.12019757158482,55.299542395583764,55.42579650878906,2869800,0.0,0.0
2022-12-29 00:00:00-05:00,55.71438125608497,56.02099987866022,55.38070916215997,55.58812713623047,3121000,0.0,0.0
2022-12-30 00:00:00-05:00,55.67831108768018,55.80456520748934,54.542017129064206,55.29954528808594,3553600,0.0,0.0
2023-01-03 00:00:00-05:00,55.29954522030595,56.9047820676265,55.14623762934466,56.78754806518555,6226200,0.0,0.0
2023-01-04 00:00:00-05:00,56.81460136503521,57.66231005170428,56.71540071698704,57.00398254394531,7016700,0.0,0.0
2023-01-05 00:00:00-05:00,56.562090407969954,56.814598634380566,55.3175791889226,55.42579650878906,5700700,0.0,0.0
2023-01-06 00:00:00-05:00,55.99394496254461,56.22841640191499,55.21838002897337,55.7955436706543,7520000,0.0,0.0
2023-01-09 00:00:00-05:00,55.49794714847069,56.35467596465955,55.416783293459815,55.54303741455078,6622000,0.0,0.0
2023-01-10 00:00:00-05:00,55.40775958428563,55.87670588948562,55.20034162162984,55.75947189331055,6264500,0.0,0.0
2023-01-11 00:00:00-05:00,55.84965482435594,56.390744885871776,55.65125352972233,56.25547409057617,5578900,0.0,0.0
2023-01-12 00:00:00-05:00,56.43583808535605,57.337657139911435,56.12921946920055,56.733436584472656,3715100,0.0,0.0
2023-01-13 00:00:00-05:00,56.42681543525285,56.877724942288694,56.020996190887274,56.74245071411133,3581600,0.0,0.0
2023-01-17 00:00:00-05:00,56.65227032813303,56.98594240091375,56.102160177769406,56.3817253112793,5112800,0.0,0.0
2023-01-18 00:00:00-05:00,56.40878016659338,56.6612918366708,55.55205139203895,55.74143600463867,4663700,0.0,0.0
2023-01-19 00:00:00-05:00,55.75947443931075,56.28252770811543,55.31758158379468,55.92179870605469,3748000,0.0,0.0
2023-01-20 00:00:00-05:00,55.87670612615403,56.309578846595194,55.4618701990854,56.291542053222656,4146700,0.0,0.0
2023-01-23 00:00:00-05:00,56.16529070379343,57.30158466101666,56.00296299561869,56.78754806518555,4109600,0.0,0.0
2023-01-24 00:00:00-05:00,56.913800495685024,57.34667322458146,56.12921888957065,56.34565353393555,4898200,0.0,0.0
2023-01-25 00:00:00-05:00,56.102161964485425,56.363690313178566,55.71437949991742,56.20136260986328,3118100,0.0,0.0
2023-01-26 00:00:00-05:00,56.07510780237034,56.607181169970936,55.9398335712205,56.43583679199219,2718000,0.0,0.0
2023-01-27 00:00:00-05:00,56.28252230145638,56.787542167794435,56.18332166341084,56.31859588623047,2375500,0.0,0.0
2023-01-30 00:00:00-05:00,56.174312419417426,56.98594754321906,56.102165240323856,56.535037994384766,3799700,0.0,0.0
2023-01-31 00:00:00-05:00,56.86870853800672,57.42783536616064,56.25547133028956,57.391761779785156,8194000,0.0,0.0
2023-02-01 00:00:00-05:00,56.94987504671115,57.292563812781545,56.129219839261815,56.904781341552734,5232900,0.0,0.0
2023-02-02 00:00:00-05:00,57.09416494853118,57.301582915956274,55.858670380586126,55.91278076171875,6472600,0.0,0.0
2023-02-03 00:00:00-05:00,55.705363929726495,55.73241740076091,53.28848856587289,54.334598541259766,7882500,0.0,0.0
2023-02-06 00:00:00-05:00,54.26245130217851,55.76849092440865,54.10914371293854,55.67831039428711,4223500,0.0,0.0
2023-02-07 00:00:00-05:00,55.29953951622925,55.75044900572242,54.84863002673608,55.55204772949219,4446200,0.0,0.0
2023-02-08 00:00:00-05:00,53.95583029548763,54.632194518839725,52.58506505667409,53.72135543823242,9473600,0.0,0.0
2023-02-09 00:00:00-05:00,53.92878077025147,54.208345925970185,52.043978738868624,52.062015533447266,7762300,0.0,0.0
2023-02-10 00:00:00-05:00,52.36863407664115,53.90172721168937,52.13416262782992,53.69430923461914,5022800,0.0,0.0
2023-02-13 00:00:00-05:00,53.35162154850514,53.49591247698665,52.74740436054101,52.88267517089844,5977800,0.0,0.0
2023-02-14 00:00:00-05:00,52.62114406987403,52.72936484077044,51.872635992091915,52.359619140625,5495200,0.0,0.0
2023-02-15 00:00:00-05:00,52.152197730255835,52.69328778852057,52.052997083535075,52.53096008300781,4260900,0.0,0.0
2023-02-16 00:00:00-05:00,52.17023613184983,52.52194848793564,51.36761764369322,52.39569091796875,5425200,0.0,0.0
2023-02-17 00:00:00-05:00,52.440783010775654,53.14420082092951,51.96281653962387,52.93678283691406,3907200,0.0,0.0
2023-02-21 00:00:00-05:00,52.69329288692589,52.936784468754354,52.16121945407857,52.39569091796875,3668300,0.0,0.0
2023-02-22 00:00:00-05:00,52.386668027585266,52.53095893598302,51.81852107069622,52.043975830078125,3605600,0.0,0.0
2023-02-23 00:00:00-05:00,52.007899462899346,52.215320857789784,51.457792769152945,51.66521072387695,4171400,0.0,0.0
2023-02-24 00:00:00-05:00,51.43073999443859,51.575030906722276,50.71830555013168,51.4036865234375,4915800,0.0,0.0
2023-02-27 00:00:00-05:00,51.40368224933993,51.71931751866404,50.61910069404397,50.79946517944336,6682500,0.0,0.0
2023-02-28 00:00:00-05:00,50.54695834937352,50.844560294718576,49.897650956181415,50.159175872802734,6158100,0.0,0.0
2023-03-01 00:00:00-05:00,49.90666776689086,50.501868219008216,49.03190216295825,49.365577697753906,7611300,0.0,0.0
2023-03-02 00:00:00-05:00,49.27245465426529,50.22193045252709,49.062474262213826,50.20367431640625,5276400,0.668,0.0
2023-03-03 00:00:00-05:00,50.32235692516057,51.089243505618484,49.993690750297716,51.07098388671875,5971100,0.0,0.0
2023-03-06 00:00:00-05:00,50.997947253700175,51.29922224919137,50.85187378986618,51.09837341308594,4681200,0.0,0.0
2023-03-07 00:00:00-05:00,51.05272530856576,51.19880226274154,49.6558975195895,49.90239715576172,4625900,0.0,0.0
2023-03-08 00:00:00-05:00,49.829362469723385,50.35887750122254,49.64676975853991,50.17628479003906,3424100,0.0,0.0
2023-03-09 00:00:00-05:00,50.15802634884663,50.64189756724873,49.46417820925077,49.54634475708008,4231100,0.0,0.0
2023-03-10 00:00:00-05:00,49.66503039007143,49.801972314250115,48.405144488162584,48.57860565185547,4088800,0.0,0.0
2023-03-13 00:00:00-04:00,48.405143958571294,50.651024924127114,48.313845860784674,49.48243713378906,5463400,0.0,0.0
2023-03-14 00:00:00-04:00,50.01195074854291,50.41365540205167,49.27245533215855,49.94804382324219,3980000,0.0,0.0
2023-03-15 00:00:00-04:00,49.94804537733104,51.30835743534168,49.482437266700806,51.04359817504883,5175400,0.0,0.0
2023-03-16 00:00:00-04:00,50.979689410784815,51.691797136441814,50.59624437820059,51.01620864868164,4467700,0.0,0.0
2023-03-17 00:00:00-04:00,50.96142921648744,51.07098344627484,50.167154955862955,50.57798767089844,9392100,0.0,0.0
2023-03-20 00:00:00-04:00,50.43191299682798,51.0344664702393,50.24018874595513,50.77883529663086,4195200,0.0,0.0
2023-03-21 00:00:00-04:00,50.68754070550255,50.79709493270673,48.72467527031971,49.38200759887695,5097800,0.0,0.0
2023-03-22 00:00:00-04:00,49.190290724385974,49.71980576667635,48.57860565185547,48.57860565185547,3737500,0.0,0.0
2023-03-23 00:00:00-04:00,48.41426956979627,48.91640037547166,47.50130953426451,47.674774169921875,4159000,0.0,0.0
2023-03-24 00:00:00-04:00,47.75694216216659,49.15376994448001,47.64738444705734,49.1446418762207,3059300,0.0,0.0
2023-03-27 00:00:00-04:00,49.45504144891598,49.82022684139605,49.26332068506365,49.41852569580078,3958500,0.0,0.0
2023-03-28 00:00:00-04:00,49.26332460411904,50.27671084033665,49.089863444357924,49.957176208496094,2750900,0.0,0.0
2023-03-29 00:00:00-04:00,50.21280251619016,50.79709638824287,50.21280251619016,50.7423210144043,3121800,0.0,0.0
2023-03-30 00:00:00-04:00,51.043595241381865,51.207928325728005,50.632762530516494,50.842742919921875,2824400,0.0,0.0
2023-03-31 00:00:00-04:00,50.87013701278783,51.070985863125216,50.50495158599312,51.04359817504883,3466600,0.0,0.0
2023-04-03 00:00:00-04:00,51.1257655651937,51.21706018206499,50.25845277425089,50.733192443847656,2973300,0.0,0.0
2023-04-04 00:00:00-04:00,50.90665213275414,51.50920564156413,50.54147019319232,51.408782958984375,2980700,0.0,0.0
2023-04-05 00:00:00-04:00,51.71919200480489,52.769094049423884,51.53659928492919,52.41304016113281,3979000,0.0,0.0
2023-04-06 00:00:00-04:00,52.77822208320221,53.07949709065057,52.23957551093636,53.00646209716797,3198000,0.0,0.0
2023-04-10 00:00:00-04:00,52.50433221849708,53.015591112675786,52.14827834757486,52.915164947509766,2741400,0.0,0.0
2023-04-11 00:00:00-04:00,52.951684574988356,53.262091141113906,52.72344455526858,53.024723052978516,2299600,0.0,0.0
2023-04-12 00:00:00-04:00,53.134272361496684,53.46293851665085,52.61388544339125,52.851253509521484,2112100,0.0,0.0
2023-04-13 00:00:00-04:00,52.65953661118587,53.46294244022743,52.12089003574507,53.28034973144531,2897000,0.0,0.0
2023-04-14 00:00:00-04:00,53.06124040227453,53.08863157367632,52.5956322804412,52.887779235839844,2640700,0.0,0.0
2023-04-17 00:00:00-04:00,53.125150128222664,53.58163020540072,52.796487398094406,53.57250213623047,3825200,0.0,0.0
2023-04-18 00:00:00-04:00,53.53598134291289,53.53598134291289,52.26696732235655,52.367393493652344,4119300,0.0,0.0
2023-04-19 00:00:00-04:00,52.36739037571132,52.76909155431082,52.038724192008864,52.431297302246094,4554400,0.0,0.0
2023-04-20 00:00:00-04:00,52.47694167109394,52.60475551700693,51.3813889476502,52.23044204711914,6056300,0.0,0.0
2023-04-21 00:00:00-04:00,52.659536293493986,52.85125706935876,52.002203938910526,52.68692398071289,3224000,0.0,0.0
2023-04-24 00:00:00-04:00,52.769093597383964,52.842132077775155,51.97481927779513,52.513465881347656,4724700,0.0,0.0
2023-04-25 00:00:00-04:00,52.68692110957184,52.83299457122285,52.18479380281313,52.321739196777344,3014500,0.0,0.0
2023-04-26 00:00:00-04:00,51.94742457249154,52.20305225400046,51.1896661127816,51.235313415527344,3119200,0.0,0.0
2023-04-27 00:00:00-04:00,51.189669548188135,52.41303615027192,51.16228186123586,52.35825729370117,2832400,0.0,0.0
2023-04-28 00:00:00-04:00,52.37651863829922,52.86038984728494,51.8926509119798,52.16653823852539,3129000,0.0,0.0
2023-05-01 00:00:00-04:00,52.00220381345605,52.63214847930088,51.86526189502568,52.148277282714844,3699300,0.0,0.0
2023-05-02 00:00:00-04:00,52.130017534097455,52.23957524776879,50.34061666946027,50.69667053222656,4039900,0.0,0.0
2023-05-03 00:00:00-04:00,51.08011518055471,51.81048251953921,50.78796824496091,50.90665054321289,3482900,0.0,0.0
2023-05-04 00:00:00-04:00,51.19880021668663,51.87438868941972,50.67840979489745,51.646148681640625,3673700,0.0,0.0
2023-05-05 00:00:00-04:00,51.51833363344326,52.22131325893397,50.55059476926137,51.57311248779297,4139400,0.0,0.0
2023-05-08 00:00:00-04:00,51.6096325611811,52.28522455737827,51.25357868477076,51.582244873046875,3764600,0.0,0.0
2023-05-09 00:00:00-04:00,51.53659756526771,52.00220567688132,50.96143173578451,51.582244873046875,3449100,0.0,0.0
2023-05-10 00:00:00-04:00,51.974811886043476,52.05697842346479,51.00707305448862,51.44529342651367,3730100,0.0,0.0
2023-05-11 00:00:00-04:00,51.48181990217959,51.51833914231774,50.331491699159095,50.63276672363281,3379600,0.0,0.0
2023-05-12 00:00:00-04:00,50.96143061789173,51.18054256615814,50.130637096936475,50.38626480102539,2475200,0.0,0.0
2023-05-15 00:00:00-04:00,50.5871167568211,50.5871167568211,49.6011217035625,50.00282287597656,2941500,0.0,0.0
2023-05-16 00:00:00-04:00,49.99368810937389,49.99368810937389,48.23167851195527,48.240806579589844,3264900,0.0,0.0
2023-05-17 00:00:00-04:00,48.34123839015676,48.88901306160717,48.277331461243094,48.587738037109375,4057900,0.0,0.0
2023-05-18 00:00:00-04:00,48.24993955081467,48.29559034162505,47.48305293292977,48.0947380065918,4886800,0.0,0.0
2023-05-19 00:00:00-04:00,48.40513858103189,48.624247026045396,47.57434513813499,47.583473205566406,4236100,0.0,0.0
2023-05-22 00:00:00-04:00,47.729549345851936,47.893882430181655,47.190902787808106,47.6199951171875,3781500,0.0,0.0
2023-05-23 00:00:00-04:00,47.47392254318983,48.322975667287096,47.428275237277695,47.73868179321289,3087400,0.0,0.0
2023-05-24 00:00:00-04:00,47.73867926445226,48.058213871577365,46.834847331537496,46.84397888183594,3049700,0.0,0.0
2023-05-25 00:00:00-04:00,46.72529699216426,46.72529699216426,45.42889187259548,46.04057693481445,4344500,0.0,0.0
2023-05-26 00:00:00-04:00,45.9127604670705,46.01318662699016,45.24630006711812,45.52018737792969,3753500,0.0,0.0
2023-05-30 00:00:00-04:00,45.60235768699646,45.83059771197375,45.1732653255859,45.41063690185547,4130700,0.0,0.0
2023-05-31 00:00:00-04:00,45.44715306365699,46.13187314468517,45.09109917874897,45.90363311767578,4871900,0.0,0.0
2023-06-01 00:00:00-04:00,45.86477279489989,46.04056952475665,44.85624728244019,45.35588455200195,4421800,0.668,0.0
2023-06-02 00:00:00-04:00,45.217089429840826,46.2256148125977,45.03203822088798,46.13309097290039,4538900,0.0,0.0
2023-06-05 00:00:00-04:00,46.651232160200216,47.36367705157505,46.41066804874457,46.72525405883789,4071500,0.0,0.0
2023-06-06 00:00:00-04:00,47.03059256878475,47.817055887305706,46.76226846074963,47.761539459228516,5817300,0.0,0.0
2023-06-07 00:00:00-04:00,48.03911547339509,49.38073251006562,47.280408589399656,49.084651947021484,7075900,0.0,0.0
2023-06-08 00:00:00-04:00,49.001378044609325,49.38073147868375,48.27042762567904,49.30671310424805,5877300,0.0,0.0
2023-06-09 00:00:00-04:00,49.3899824134527,49.64905199960004,49.06614190121014,49.12165832519531,3968700,0.0,0.0
2023-06-12 00:00:00-04:00,49.14016837871168,49.167924828511396,48.372206991704715,48.57576370239258,3970300,0.0,0.0
2023-06-13 00:00:00-04:00,48.270427391516044,48.797824631020724,48.020612290643605,48.4647331237793,3428000,0.0,0.0
2023-06-14 00:00:00-04:00,48.75155164278687,49.371472636479275,48.47397660616616,48.63127136230469,3308600,0.0,0.0
2023-06-15 00:00:00-04:00,48.92735295121477,49.10314965472206,48.529494095777814,48.91809844970703,3833200,0.0,0.0
2023-06-16 00:00:00-04:00,49.2049301900766,50.00989890882753,49.09390087393538,49.343719482421875,9867700,0.0,0.0
2023-06-20 00:00:00-04:00,49.34371868812319,49.861857841480486,48.844081479193,49.195674896240234,4952600,0.0,0.0
2023-06-21 00:00:00-04:00,49.03838899660651,49.46400435589807,48.28893310167763,49.30671310424805,3324500,0.0,0.0
2023-06-22 00:00:00-04:00,49.53802069100521,49.602788084940016,48.87183774818055,49.03838348388672,3627700,0.0,0.0
2023-06-23 00:00:00-04:00,49.269698030859445,49.269698030859445,47.79854634284018,47.94658660888672,6304600,0.0,0.0
2023-06-26 00:00:00-04:00,48.029854913331214,48.86258353665629,47.75227988207552,48.844078063964844,3592600,0.0,0.0
2023-06-27 00:00:00-04:00,48.89034556853269,49.0383858374256,48.49248668409079,48.58501052856445,3675600,0.0,0.0
2023-06-28 00:00:00-04:00,48.61276905682762,48.69604192619563,47.60424365206307,47.798545837402344,3966100,0.0,0.0
2023-06-29 00:00:00-04:00,47.38218199159731,48.17789974518183,47.15086885530219,47.94658660888672,2677300,0.0,0.0
2023-06-30 00:00:00-04:00,47.354426245934796,48.30743525212435,47.25264789972845,47.91883087158203,6055700,0.0,0.0
2023-07-03 00:00:00-04:00,47.70602530185591,48.68679079842888,47.57648697309401,48.67753982543945,1703800,0.0,0.0
2023-07-05 00:00:00-04:00,48.353697009746575,49.54727365373976,48.15939482013608,49.12165832519531,4475600,0.0,0.0
2023-07-06 00:00:00-04:00,48.59426452652328,48.844083139480105,47.97434348039523,48.43696975708008,3410100,0.0,0.0
2023-07-07 00:00:00-04:00,48.01134934223636,48.853328935402445,47.91882550852677,48.33518981933594,3214400,0.0,0.0
2023-07-10 00:00:00-04:00,48.17790490015059,48.242672302878574,47.456208967148044,47.72453308105469,3321900,0.0,0.0
2023-07-11 00:00:00-04:00,47.78004132429929,48.131638283099086,47.07685093625808,48.1038818359375,3227200,0.0,0.0
2023-07-12 00:00:00-04:00,48.39070846073585,49.02913498972948,48.16864982160988,48.751556396484375,2660600,0.0,0.0
2023-07-13 00:00:00-04:00,48.76081147434734,49.18642681232884,48.65903312623036,49.07539749145508,3921500,0.0,0.0
2023-07-14 00:00:00-04:00,48.90884843048443,49.17717250650518,48.54800051493293,48.705291748046875,3443000,0.0,0.0
2023-07-17 00:00:00-04:00,48.69604552648281,48.70529649951508,47.456206896203064,47.47471237182617,2772700,0.0,0.0
2023-07-18 00:00:00-04:00,47.52097186662314,48.0668710161411,46.66973767927181,47.2341423034668,3463900,0.0,0.0
2023-07-19 00:00:00-04:00,47.41919376591721,48.50173756843401,47.234142547748284,48.08537673950195,3028800,0.0,0.0
2023-07-20 00:00:00-04:00,48.251925567799255,49.19568013463703,47.74303380291003,49.140167236328125,2871800,0.0,0.0
2023-07-21 00:00:00-04:00,49.297455958388,50.06541728814124,49.12165924016473,49.76008224487305,2940400,0.0,0.0
2023-07-24 00:00:00-04:00,49.87111286978945,50.194949844056815,49.64905070917875,49.86185836791992,2296500,0.0,0.0
2023-07-25 00:00:00-04:00,50.05615959575302,50.268970779985025,49.778584547463694,50.07466506958008,2464000,0.0,0.0
2023-07-26 00:00:00-04:00,49.9821459816036,50.64832898447591,49.732327355526486,50.3800048828125,2149900,0.0,0.0
2023-07-27 00:00:00-04:00,50.000651081394814,50.241215203091464,49.1956787824546,49.37147903442383,2946500,0.0,0.0
2023-07-28 00:00:00-04:00,49.89887361473591,50.08392484292604,49.26970155662465,49.501014709472656,2930400,0.0,0.0
2023-07-31 00:00:00-04:00,50.00064701621536,50.176443724333325,49.34371857426278,49.547271728515625,3620300,0.0,0.0
2023-08-01 00:00:00-04:00,49.48250724322874,49.65830396168057,48.372203448309364,48.390708923339844,3922800,0.0,0.0
2023-08-02 00:00:00-04:00,48.34444624465503,48.90885087080523,48.18715500369299,48.42771911621094,3649700,0.0,0.0
2023-08-03 00:00:00-04:00,48.20565961677499,48.335197947132116,46.845540678831846,46.94731903076172,4775400,0.0,0.0
2023-08-04 00:00:00-04:00,47.04908692512531,47.25264359901121,44.99502883145833,45.531673431396484,6667800,0.0,0.0
2023-08-07 00:00:00-04:00,45.60569678870317,45.98505017432262,45.30961626966156,45.4669075012207,4680400,0.0,0.0
2023-08-08 00:00:00-04:00,45.48541419246315,45.596443507686374,44.70820192678403,45.58719253540039,6304100,0.0,0.0
2023-08-09 00:00:00-04:00,45.49466401925221,46.44767650039395,45.37438373477151,45.97579574584961,4198300,0.0,0.0
2023-08-10 00:00:00-04:00,46.17010154303571,46.52169495465682,45.82775557392718,46.15159606933594,3672400,0.0,0.0
2023-08-11 00:00:00-04:00,46.26263132878006,46.549460913659615,45.790754042232315,45.883277893066406,5298300,0.0,0.0
2023-08-14 00:00:00-04:00,45.883271269282254,45.93878768950347,44.85624043731781,45.328121185302734,3670600,0.0,0.0
2023-08-15 00:00:00-04:00,44.90250377238752,44.91175827416204,44.17155696232226,44.22706985473633,4092300,0.0,0.0
2023-08-16 00:00:00-04:00,44.37510836527265,44.79147268973234,44.273330027120494,44.486141204833984,3269400,0.0,0.0
2023-08-17 00:00:00-04:00,44.356610167659966,45.1893389531687,44.26408631574064,44.495399475097656,2842200,0.0,0.0
2023-08-18 00:00:00-04:00,44.4121234118753,44.9765280449639,44.384366964201575,44.80998229980469,6942700,0.0,0.0
2023-08-21 00:00:00-04:00,44.56941331896088,44.65268618904468,43.949495809104675,44.52315139770508,3412200,0.0,0.0
2023-08-22 00:00:00-04:00,44.4491320130674,44.52315037947224,44.06977862015212,44.22706985473633,2560800,0.0,0.0
2023-08-23 00:00:00-04:00,44.31959722469022,44.495393933265206,43.86622193581183,44.22706985473633,2660700,0.0,0.0
2023-08-24 00:00:00-04:00,44.07903167823171,44.995033271550845,44.04202072849876,44.476890563964844,3680400,0.0,0.0
2023-08-25 00:00:00-04:00,44.56941660929839,45.1985886675894,44.42137633261572,44.89325714111328,3342500,0.0,0.0
2023-08-28 00:00:00-04:00,45.069049212991594,45.34662426191521,44.7544632163293,45.272605895996094,4312700,0.0,0.0
2023-08-29 00:00:00-04:00,45.45766323779166,45.8925295789348,45.18008815142059,45.85552215576172,3571700,0.0,0.0
2023-08-30 00:00:00-04:00,45.79999923706055,45.975795943289114,45.38363490172108,45.79999923706055,3141600,0.0,0.0
2023-08-31 00:00:00-04:00,46.126396084244824,46.49218026903354,45.51675339103608,45.5261344909668,5234500,0.668,0.0
2023-09-01 00:00:00-04:00,45.77937610313411,46.08888445959938,44.550713044822295,44.90711975097656,4087500,0.0,0.0
2023-09-05 00:00:00-04:00,44.86959282085171,44.94462372404954,43.52838188393117,43.884788513183594,5914500,0.0,0.0
2023-09-06 00:00:00-04:00,43.73472939992083,43.856655082329944,42.99377989370469,43.09695053100586,10714900,0.0,0.0
2023-09-07 00:00:00-04:00,43.40645539820427,43.74410342864332,42.94688169509428,43.17197799682617,7001600,0.0,0.0
2023-09-08 00:00:00-04:00,43.21887829061281,44.22244132759245,42.928125011754254,44.19430160522461,6539800,0.0,0.0
2023-09-11 00:00:00-04:00,43.912932429689576,44.43816315643348,43.837901513207086,44.363128662109375,6339400,0.0,0.0
2023-09-12 00:00:00-04:00,44.52256637446854,44.74766265727103,44.07237023102267,44.616355895996094,3871800,0.0,0.0
2023-09-13 00:00:00-04:00,44.45691981403089,45.05718143071238,44.21306129610312,44.785186767578125,4611600,0.0,0.0
2023-09-14 00:00:00-04:00,45.25414233987766,45.516755906992536,44.96338904925654,45.49799728393555,5719800,0.0,0.0
2023-09-15 00:00:00-04:00,45.338550485783166,45.910675917754276,45.24476095634317,45.460479736328125,7657500,0.0,0.0
2023-09-18 00:00:00-04:00,45.55426643648973,45.86377830453277,45.113447804249404,45.61054229736328,4071900,0.0,0.0
2023-09-19 00:00:00-04:00,45.58240714567441,45.67620025652903,44.85083877021506,44.87897491455078,4185300,0.0,0.0
2023-09-20 00:00:00-04:00,45.16034775347255,45.90129360325714,44.77580496840016,44.99152374267578,4795300,0.0,0.0
2023-09-21 00:00:00-04:00,44.794565871755516,44.94463128122479,44.11927331806459,44.447540283203125,4219500,0.0,0.0
2023-09-22 00:00:00-04:00,44.316231932315524,44.84146263583256,44.316231932315524,44.785186767578125,5634800,0.0,0.0
2023-09-25 00:00:00-04:00,44.54132900928065,44.96338547203955,43.950444952440485,44.93524932861328,5519700,0.0,0.0
2023-09-26 00:00:00-04:00,44.907114265752654,45.0196624200071,43.16260177452276,43.20011901855469,6859200,0.0,0.0
2023-09-27 00:00:00-04:00,43.143843123802455,43.18136036780941,42.084004236574344,42.63737106323242,7536700,0.0,0.0
2023-09-28 00:00:00-04:00,42.928123824687745,43.021913355743386,41.343057851663275,41.399330139160156,5110500,0.0,0.0
2023-09-29 00:00:00-04:00,41.82139242654525,42.384136798729116,41.46498574931336,41.89642333984375,5903600,0.0,0.0
2023-10-02 00:00:00-04:00,41.736977443518185,41.783872208223556,39.27965527897624,39.68295669555664,8691900,0.0,0.0
2023-10-03 00:00:00-04:00,39.14835322088451,40.09564046223315,38.641881114258524,39.83302688598633,10466400,0.0,0.0
2023-10-04 00:00:00-04:00,39.87053554274411,40.22694219272731,39.14834829886407,39.36406707763672,6008400,0.0,0.0
2023-10-05 00:00:00-04:00,39.21400212543175,39.25151579071385,37.778997987614865,38.4355354309082,8615900,0.0,0.0
2023-10-06 00:00:00-04:00,38.004098566771596,39.27965623367106,36.80357538749741,39.11083221435547,7233300,0.0,0.0
2023-10-09 00:00:00-04:00,38.951384850901334,39.570405048679454,38.707529927224414,39.56102752685547,5562800,0.0,0.0
2023-10-10 00:00:00-04:00,39.68295834388272,40.189426832715824,39.36406892166265,39.94557189941406,6391700,0.0,0.0
2023-10-11 00:00:00-04:00,40.19880538231199,40.395765536464225,39.65481610569213,40.29259490966797,3227500,0.0,0.0
2023-10-12 00:00:00-04:00,40.029985110984896,40.161291892688325,38.78256352911941,38.97014617919922,4853700,0.0,0.0
2023-10-13 00:00:00-04:00,39.110835238869164,39.79550889111114,39.01704212208436,39.279659271240234,5534900,0.0,0.0
2023-10-16 00:00:00-04:00,39.364063878697074,39.72984802070947,38.43553187541563,39.598541259765625,6253400,0.0,0.0
2023-10-17 00:00:00-04:00,39.232761753244375,39.98308874574937,38.9795257224287,39.30779266357422,4615200,0.0,0.0
2023-10-18 00:00:00-04:00,39.185866795619205,39.37344945441649,38.13540891533272,38.22919845581055,7986600,0.0,0.0
2023-10-19 00:00:00-04:00,37.98533904061113,38.74504710944619,37.69458577474658,38.11664581298828,6496900,0.0,0.0
2023-10-20 00:00:00-04:00,38.079130545091076,38.48243198279074,37.525763705771155,37.5351448059082,5447500,0.0,0.0
2023-10-23 00:00:00-04:00,36.98177961433106,37.6945894093265,36.74730219023707,37.07556915283203,6403900,0.0,0.0
2023-10-24 00:00:00-04:00,37.516383345418724,37.985338137236454,37.235011185896305,37.84465026855469,7758800,0.0,0.0
2023-10-25 00:00:00-04:00,37.61956000880541,38.10727349989915,37.14122404080271,38.02286148071289,6750500,0.0,0.0
2023-10-26 00:00:00-04:00,37.94782675462297,38.791946941369496,37.94782675462297,38.42616271972656,6863800,0.0,0.0
2023-10-27 00:00:00-04:00,38.22919446882014,38.304228955650224,37.51638473314062,37.5914192199707,4602900,0.0,0.0
2023-10-30 00:00:00-04:00,37.73210674076399,38.144785720075014,37.235015745475536,37.516387939453125,5347000,0.0,0.0
2023-10-31 00:00:00-04:00,37.64769285266104,37.85403412097649,37.08494849268973,37.8165168762207,8996000,0.0,0.0
2023-11-01 00:00:00-04:00,37.80713692089834,38.01347459809368,36.99115300025827,37.72272491455078,5950400,0.0,0.0
2023-11-02 00:00:00-04:00,38.060368832743116,38.68876647386413,37.9290584987183,38.52932357788086,8291700,0.0,0.0
2023-11-03 00:00:00-04:00,39.945576198256646,41.30554604460587,38.60436497615576,40.902244567871094,14829800,0.0,0.0
2023-11-06 00:00:00-05:00,41.277401297190174,42.95626039581479,41.221129009133435,42.759300231933594,13464500,0.0,0.0
2023-11-07 00:00:00-05:00,42.74053879207226,43.14384019314854,42.46854415825968,42.74991989135742,9494700,0.0,0.0
2023-11-08 00:00:00-05:00,42.51544451662427,43.153219762479935,42.20593262666493,43.08756637573242,12275500,0.0,0.0
2023-11-09 00:00:00-05:00,43.08756645091072,43.406455863315564,41.830767422943545,42.08400344848633,6288900,0.0,0.0
2023-11-10 00:00:00-05:00,42.40289247131641,42.57171648679387,41.74635503088644,42.16841506958008,3994600,0.0,0.0
2023-11-13 00:00:00-05:00,42.1590415783187,42.19655882486519,41.50250407512135,41.76511764526367,4715000,0.0,0.0
2023-11-14 00:00:00-05:00,42.80619492564481,43.762863177248285,42.74054153779527,43.60342025756836,6285500,0.0,0.0
2023-11-15 00:00:00-05:00,43.54714312640876,44.728907651202974,43.284529582641426,44.29747009277344,7506600,0.0,0.0
2023-11-16 00:00:00-05:00,44.541330158378905,44.86021957752128,43.76286344365085,43.95982360839844,6723000,0.0,0.0
2023-11-17 00:00:00-05:00,44.37250830780854,44.41002197589888,43.519010640987624,43.85665512084961,5251100,0.0,0.0
2023-11-20 00:00:00-05:00,43.659691936220085,43.92230906179447,43.03129421047544,43.528385162353516,4472700,0.0,0.0
2023-11-21 00:00:00-05:00,43.63155479444939,43.80037880779877,43.23763090402045,43.53776168823242,4005400,0.0,0.0
2023-11-22 00:00:00-05:00,43.7065844778875,43.81913620219665,43.01253340051975,43.753482818603516,2685200,0.0,0.0
2023-11-24 00:00:00-05:00,43.7534893244278,44.20368555508208,43.472113549657465,44.04423904418945,1650300,0.0,0.0
2023-11-27 00:00:00-05:00,43.94106528947206,44.18492379994386,43.547144957259476,43.99734115600586,4418600,0.0,0.0
2023-11-28 00:00:00-05:00,43.922306055859465,44.46629173576924,43.73472342981296,44.081748962402344,3582200,0.0,0.0
2023-11-29 00:00:00-05:00,43.99734193858127,44.38188475546538,43.71596975659022,43.82851791381836,4859800,0.0,0.0
2023-11-30 00:00:00-05:00,43.84564527302994,44.00740046218919,43.0178277752561,43.14152526855469,8814200,0.668,0.0
2023-12-01 00:00:00-05:00,43.23667351302559,44.464123999420984,43.17006801032764,44.40703201293945,5664300,0.0,0.0
2023-12-04 00:00:00-05:00,43.85515766952424,44.39751884126082,43.4840688288337,43.893218994140625,6342800,0.0,0.0
2023-12-05 00:00:00-05:00,43.96933829844396,44.22624679667708,43.15103796252982,44.074005126953125,7371400,0.0,0.0
2023-12-06 00:00:00-05:00,44.340428391699014,45.28242624511304,44.25479222320683,44.96842575073242,7733600,0.0,0.0
2023-12-07 00:00:00-05:00,45.187275879698724,45.272912046901645,44.68297239295809,44.949398040771484,5641000,0.0,0.0
2023-12-08 00:00:00-05:00,45.07309095916483,45.29193813082492,44.89230511207025,45.18727493286133,6508800,0.0,0.0
2023-12-11 00:00:00-05:00,45.01600548069323,45.50127469588806,44.87327731930938,45.33951950073242,6805200,0.0,0.0
2023-12-12 00:00:00-05:00,45.368063681118024,45.368063681118024,44.778127631538766,45.33951950073242,6744700,0.0,0.0
2023-12-13 00:00:00-05:00,45.25387969782662,47.1473851924781,44.873273717835275,47.071266174316406,5543000,0.0,0.0
2023-12-14 00:00:00-05:00,47.61362953984179,48.24162689507927,46.60502618700011,46.77629852294922,6679600,0.0,0.0
2023-12-15 00:00:00-05:00,46.424234624895064,46.9856264059669,45.72963184996337,46.12926483154297,8031000,0.0,0.0
2023-12-18 00:00:00-05:00,46.35763182439445,46.59550965004553,45.758178687430025,45.843814849853516,7526300,0.0,0.0
2023-12-19 00:00:00-05:00,45.93896875259401,46.27199991696632,45.62497188131898,45.68206024169922,5148200,0.0,0.0
2023-12-20 00:00:00-05:00,45.805757336842525,45.92945483279424,44.87327661829173,44.89230728149414,7004900,0.0,0.0
2023-12-21 00:00:00-05:00,45.01600580420973,45.1016419757099,44.09303858134438,44.483158111572266,4829100,0.0,0.0
2023-12-22 00:00:00-05:00,44.7876397055495,45.453698387669895,44.49266987539864,44.530731201171875,4624300,0.0,0.0
2023-12-26 00:00:00-05:00,44.521216740437694,44.96842460474202,44.36897507030112,44.76860809326172,3369200,0.0,0.0
2023-12-27 00:00:00-05:00,44.673458576491925,44.74957759697905,44.05497474754321,44.254791259765625,4231300,0.0,0.0
2023-12-28 00:00:00-05:00,44.13109399028542,44.93036360718922,43.940791009169764,44.77812194824219,3463900,0.0,0.0
2023-12-29 00:00:00-05:00,44.473636053958,44.81617704444959,44.368969238921444,44.72102737426758,3644300,0.0,0.0
2024-01-02 00:00:00-05:00,44.55927461344823,46.690657830244405,44.49266548505387,46.15781021118164,4915900,0.0,0.0
2024-01-03 00:00:00-05:00,45.95799806324449,46.262481408736676,45.32048719291016,46.081695556640625,4674300,0.0,0.0
2024-01-04 00:00:00-05:00,46.17684706363587,46.18636421028004,45.7201220273699,45.862850189208984,3524800,0.0,0.0
2024-01-05 00:00:00-05:00,45.73915358193612,46.70018214695405,45.43467021849409,46.6621208190918,3738600,0.0,0.0
2024-01-08 00:00:00-05:00,46.56696611783704,46.976116305897165,46.271999909975946,46.63357162475586,4093200,0.0,0.0
2024-01-09 00:00:00-05:00,46.18636365201431,46.45278567918383,45.83430182499412,45.938968658447266,4618700,0.0,0.0
2024-01-10 00:00:00-05:00,45.91042129045167,45.967513276478535,45.558363117605104,45.60593795776367,3223800,0.0,0.0
2024-01-11 00:00:00-05:00,45.4822403564406,45.58690718236569,44.48315419668517,44.82569885253906,4629300,0.0,0.0
2024-01-12 00:00:00-05:00,45.21581620044591,45.54884369463463,44.72102990213162,45.035030364990234,4734200,0.0,0.0
2024-01-16 00:00:00-05:00,44.81618214894017,45.025515802856056,44.24527680336842,44.49266815185547,6915300,0.0,0.0
2024-01-17 00:00:00-05:00,44.10255056580867,44.75909573440541,43.36989000476681,43.931278228759766,4891400,0.0,0.0
2024-01-18 00:00:00-05:00,43.68388850674903,43.81709952284011,42.75140776438348,43.27473831176758,5408300,0.0,0.0
2024-01-19 00:00:00-05:00,43.35085806313524,43.36037157947832,42.75140490114526,43.122493743896484,4232800,0.0,0.0
2024-01-22 00:00:00-05:00,43.20813470397925,43.62679843435341,42.8370458200545,42.884620666503906,4414000,0.0,0.0
2024-01-23 00:00:00-05:00,42.97977047006166,43.11298512208236,42.38983438716824,42.62771224975586,5496700,0.0,0.0
2024-01-24 00:00:00-05:00,42.932187399819256,43.07491554192347,41.90455711774218,42.00922393798828,5693400,0.0,0.0
2024-01-25 00:00:00-05:00,42.5515904856615,43.02734618025171,42.27565131166448,42.99879837036133,3985700,0.0,0.0
2024-01-26 00:00:00-05:00,43.1034618066701,43.53164262399922,43.04637345084462,43.35085678100586,4511800,0.0,0.0
2024-01-29 00:00:00-05:00,43.25570940399536,43.60777125193101,42.837045675038496,43.22716522216797,3338700,0.0,0.0
2024-01-30 00:00:00-05:00,43.217638311283444,43.817091402326106,42.91315500815355,43.522125244140625,4144700,0.0,0.0
2024-01-31 00:00:00-05:00,43.817098216051676,44.10255090340902,43.274737021154365,43.50310134887695,6600700,0.0,0.0
2024-02-01 00:00:00-05:00,43.3794021758698,44.45461100738701,43.198616327804736,44.41654968261719,4581900,0.0,0.0
2024-02-02 00:00:00-05:00,43.95982674766427,44.21673525738452,42.970254035348034,43.426979064941406,3650000,0.0,0.0
2024-02-05 00:00:00-05:00,42.87510258311902,43.074919094763935,42.47546593010145,42.523040771484375,3683700,0.0,0.0
2024-02-06 00:00:00-05:00,42.35177003241814,43.07492071567052,42.19001483968381,42.903648376464844,4070700,0.0,0.0
2024-02-07 00:00:00-05:00,43.227160129617324,43.227160129617324,42.19001263191291,42.332740783691406,4481000,0.0,0.0
2024-02-08 00:00:00-05:00,42.15194965674167,42.30419131880381,41.552496524366205,42.03776931762695,4033900,0.0,0.0
2024-02-09 00:00:00-05:00,41.88552667048591,42.55158528749099,41.78085984970586,42.532554626464844,3145000,0.0,0.0
2024-02-12 00:00:00-05:00,42.551588082281214,43.20812959703117,42.4088599300745,43.02734375,3600900,0.0,0.0
2024-02-13 00:00:00-05:00,42.72286242664432,42.96074027171532,41.41928922225113,42.20904541015625,4106700,0.0,0.0
2024-02-14 00:00:00-05:00,42.32322765203291,42.779952699425266,42.01874428710468,42.6848030090332,3570300,0.0,0.0
2024-02-15 00:00:00-05:00,42.85607511760206,43.6363141896151,42.74189113409186,43.28425598144531,4361900,0.0,0.0
2024-02-16 00:00:00-05:00,43.07491874232089,43.655341239735584,42.779948920595864,43.63631057739258,6185200,0.0,0.0
2024-02-20 00:00:00-05:00,43.61728129133114,44.12158115528628,43.11298142737599,43.151039123535156,4807900,0.0,0.0
2024-02-21 00:00:00-05:00,43.4555201172065,44.07400392531955,43.13200975387504,44.04545974731445,4779400,0.0,0.0
2024-02-22 00:00:00-05:00,43.40794667815177,44.682972029623144,42.694313167172886,43.388916015625,7675500,0.0,0.0
2024-02-23 00:00:00-05:00,43.53164383401141,45.71060567519822,43.53164383401141,45.53933334350586,11570900,0.0,0.0
2024-02-26 00:00:00-05:00,45.1492126542479,45.196787494085626,43.92176218590547,44.3023681640625,7000100,0.0,0.0
2024-02-27 00:00:00-05:00,44.64491123330463,45.4917593920002,44.39751987698227,45.47272872924805,6555300,0.0,0.0
2024-02-28 00:00:00-05:00,45.43466790278116,46.05315174497193,45.31097040839744,46.00557327270508,7247500,0.0,0.0
2024-02-29 00:00:00-05:00,46.31239394535867,46.52466026205998,45.7720813576546,46.148372650146484,9703600,0.668,0.0
2024-03-01 00:00:00-05:00,45.20282705887594,45.34755476973418,42.61705130096396,43.21525573730469,13833900,0.0,0.0
2024-03-04 00:00:00-05:00,43.0222817282395,45.31860548055108,42.92579905249808,45.05809783935547,9867900,0.0,0.0
2024-03-05 00:00:00-05:00,45.33790283666558,46.12907255707596,44.373061355133096,44.479190826416016,7625000,0.0,0.0
2024-03-06 00:00:00-05:00,45.16423333004393,45.79137811599885,44.79759251819779,45.444034576416016,8225400,0.0,0.0
2024-03-07 00:00:00-05:00,46.17731539186489,47.479849961923854,46.167664915612974,46.3027458190918,9605600,0.0,0.0
2024-03-08 00:00:00-05:00,46.302746392683424,46.67903399844727,45.92645510634126,46.31239318847656,4393400,0.0,0.0
2024-03-11 00:00:00-04:00,46.10977744489043,46.47641457502448,45.80102845078896,45.965049743652344,4644000,0.0,0.0
2024-03-12 00:00:00-04:00,45.82997273766242,46.331690775617815,45.270362882819676,45.32825469970703,4942700,0.0,0.0
2024-03-13 00:00:00-04:00,45.56946536500932,46.5053628339754,45.56946536500932,46.37993240356445,7598800,0.0,0.0
2024-03-14 00:00:00-04:00,46.2448528024354,46.38958049782959,45.56946302489285,45.93610382080078,7035300,0.0,0.0
2024-03-15 00:00:00-04:00,45.82997753203919,46.64044465035524,45.752788434781124,46.158023834228516,11847800,0.0,0.0
2024-03-18 00:00:00-04:00,46.26414974443979,47.0842635309588,46.02293937421912,46.80445861816406,8115600,0.0,0.0
2024-03-19 00:00:00-04:00,46.89129449866663,47.1903966827484,46.640437333091526,46.80445861816406,8266800,0.0,0.0
2024-03-20 00:00:00-04:00,46.74657511261349,46.87200554810726,46.090482546216364,46.46677017211914,4506500,0.0,0.0
2024-03-21 00:00:00-04:00,46.5536084715853,47.34477831074937,46.3316953391933,46.79481887817383,5090600,0.0,0.0
2024-03-22 00:00:00-04:00,47.026378705439456,47.045672297505405,46.46676884048789,46.62114334106445,3857300,0.0,0.0
2024-03-25 00:00:00-04:00,46.58254819428018,46.67903455625616,46.19661378811133,46.55360412597656,3960700,0.0,0.0
2024-03-26 00:00:00-04:00,46.4088763121585,46.57290128683568,44.923023147070396,45.03880310058594,8490500,0.0,0.0
2024-03-27 00:00:00-04:00,45.18353268172465,46.8430576863812,45.00021042707562,46.81411361694336,6547100,0.0,0.0
2024-03-28 00:00:00-04:00,46.93954437392801,47.61493053596441,46.736924844738546,47.46055603027344,5401400,0.0,0.0
2024-04-01 00:00:00-04:00,47.38337257720422,47.50880301844596,46.66938815849587,47.43161392211914,4255000,0.0,0.0
2024-04-02 00:00:00-04:00,47.27723452620396,47.61492758630267,46.77551649364424,47.007080078125,3771400,0.0,0.0
2024-04-03 00:00:00-04:00,47.09391789962825,47.441257769771134,46.707979803142656,46.92024612426758,3553900,0.0,0.0
2024-04-04 00:00:00-04:00,47.46055633745194,47.5184481576777,46.46677068067042,46.939544677734375,6326800,0.0,0.0
2024-04-05 00:00:00-04:00,46.75621731200547,47.07461676759061,46.27379657123634,46.86235046386719,3824800,0.0,0.0
2024-04-08 00:00:00-04:00,46.9009430162099,47.39301053145898,46.70797399197532,47.064964294433594,2656900,0.0,0.0
2024-04-09 00:00:00-04:00,47.25793629902397,47.846490203796904,47.01672592366314,47.80789566040039,4359600,0.0,0.0
2024-04-10 00:00:00-04:00,46.65009101072765,47.2482954671442,46.01329568662188,47.08427047729492,4737100,0.0,0.0
2024-04-11 00:00:00-04:00,47.41231162890101,47.47020344501761,46.68868049004579,47.296531677246094,3753100,0.0,0.0
2024-04-12 00:00:00-04:00,47.51844543793481,47.71141448039742,46.68868113175042,47.190399169921875,5523700,0.0,0.0
2024-04-15 00:00:00-04:00,47.37371995933091,47.79825260878889,46.225559807688285,46.235206604003906,4414100,0.0,0.0
2024-04-16 00:00:00-04:00,46.16766587949611,46.16766587949611,44.98091123563522,45.21247482299805,3467500,0.0,0.0
2024-04-17 00:00:00-04:00,45.6659522689277,46.7272765003193,45.49228049570675,46.62114334106445,3124800,0.0,0.0
2024-04-18 00:00:00-04:00,46.900945006467474,47.09391403889076,46.47641239902062,46.86235046386719,2822700,0.0,0.0
2024-04-19 00:00:00-04:00,47.09391807153685,48.222780934923485,46.9684876376344,48.087703704833984,4112400,0.0,0.0
2024-04-22 00:00:00-04:00,47.91403230716267,48.88852067520168,47.69211918732366,48.84992980957031,4257200,0.0,0.0
2024-04-23 00:00:00-04:00,48.58942076392143,49.31305192220721,48.47364080915766,48.888519287109375,4636500,0.0,0.0
2024-04-24 00:00:00-04:00,48.25172511895247,49.55426344201361,47.87543749692764,49.4288330078125,3538300,0.0,0.0
2024-04-25 00:00:00-04:00,49.22621986047634,49.41918892046039,48.579774061616575,49.177978515625,4517600,0.0,0.0
2024-04-26 00:00:00-04:00,49.206920216118284,49.419186539933726,48.43504769394194,48.6762580871582,3477100,0.0,0.0
2024-04-29 00:00:00-04:00,48.985004903835865,49.583205621679355,48.90781581478337,49.34199523925781,2603800,0.0,0.0
2024-04-30 00:00:00-04:00,48.84992520952461,49.68933626736284,48.444689873637714,49.187618255615234,4741100,0.0,0.0
2024-05-01 00:00:00-04:00,49.139380105980095,50.25859614924153,48.17453856245891,49.351646423339844,7031600,0.0,0.0
2024-05-02 00:00:00-04:00,50.32613534745384,50.548048463372155,48.898170288123985,49.36129379272461,4651600,0.0,0.0
2024-05-03 00:00:00-04:00,49.85336134157915,50.02703311579098,48.87887299123805,49.592857360839844,3741800,0.0,0.0
2024-05-06 00:00:00-04:00,49.76652588293253,49.83406449287049,49.2455105943441,49.602500915527344,3001000,0.0,0.0
2024-05-07 00:00:00-04:00,49.988441911572835,50.403324071532,49.76652879727023,50.287540435791016,3547600,0.0,0.0
2024-05-08 00:00:00-04:00,50.075275980471865,50.3936717657565,49.71828197076284,50.31648635864258,3172600,0.0,0.0
2024-05-09 00:00:00-04:00,50.40332387134739,51.23308450739177,50.10422166773873,50.98222732543945,3716000,0.0,0.0
2024-05-10 00:00:00-04:00,51.619021861874174,51.78304315531841,50.89539071427781,51.204139709472656,5043400,0.0,0.0
2024-05-13 00:00:00-04:00,51.13660305529628,51.483946608338016,50.63488499874471,51.17519760131836,5545600,0.0,0.0
2024-05-14 00:00:00-04:00,51.445350824828786,51.483945369922495,50.81820234908038,50.98222732543945,3459600,0.0,0.0
2024-05-15 00:00:00-04:00,51.49358952484425,51.590075882629826,51.16554326952972,51.3488655090332,4123200,0.0,0.0
2024-05-16 00:00:00-04:00,51.43570256979474,51.676912948920545,51.31991893779798,51.42605209350586,2709600,0.0,0.0
2024-05-17 00:00:00-04:00,51.51288921113461,51.705858255173226,51.20414021290419,51.619022369384766,2898100,0.0,0.0
2024-05-20 00:00:00-04:00,51.77339546398813,52.02425263802819,51.36816379502075,51.88917541503906,3654100,0.0,0.0
2024-05-21 00:00:00-04:00,51.97601378395739,52.32335733429837,51.628670233616404,52.04355239868164,3389600,0.0,0.0
2024-05-22 00:00:00-04:00,51.869879550230095,52.014607253403646,51.53218648359631,51.619022369384766,4214200,0.0,0.0
2024-05-23 00:00:00-04:00,51.2330846366802,51.474295023257,50.56734529473647,50.69277572631836,3438200,0.0,0.0
2024-05-24 00:00:00-04:00,50.905038914322716,50.97258120942692,50.65418172902397,50.93398666381836,2134100,0.0,0.0
2024-05-28 00:00:00-04:00,50.84714942117386,51.43570334399212,50.7313694680127,51.03046798706055,4443100,0.0,0.0
2024-05-29 00:00:00-04:00,50.49016110740137,50.596290588378906,50.2778947842893,50.596290588378906,5227200,0.0,0.0
2024-05-30 00:00:00-04:00,50.798908532943656,51.676914186769864,50.6155862848467,51.619022369384766,5374000,0.0,0.0
2024-05-31 00:00:00-04:00,51.73431407230042,52.74066496133622,51.55844642004551,52.68204116821289,8083400,0.668,0.0
2024-06-03 00:00:00-04:00,52.574571141697035,52.82860013079411,52.1055919661304,52.437782287597656,5037000,0.0,0.0
2024-06-04 00:00:00-04:00,52.19352111692496,52.48663635754221,51.87109957020714,52.05673599243164,4399100,0.0,0.0
2024-06-05 00:00:00-04:00,51.77339649022011,51.91995038204209,51.236021038860954,51.314186096191406,3437300,0.0,0.0
2024-06-06 00:00:00-04:00,51.09923343239591,51.832014037240356,50.98198957921298,51.069923400878906,3399800,0.0,0.0
2024-06-07 00:00:00-04:00,50.513012504613265,50.815892781645495,50.180818467750626,50.25897979736328,4802600,0.0,0.0
2024-06-10 00:00:00-04:00,50.08310977132215,50.473927582193475,49.58482060322033,50.27851867675781,4894400,0.0,0.0
2024-06-11 00:00:00-04:00,49.926784532245044,50.659565149022306,49.78999941345168,50.3469123840332,4103000,0.0,0.0
2024-06-12 00:00:00-04:00,50.91359948166583,51.021074571909175,49.47734823407764,49.63367462158203,3497700,0.0,0.0
2024-06-13 00:00:00-04:00,49.64344692633388,49.95609970013994,49.24286032695017,49.52619934082031,2948200,0.0,0.0
2024-06-14 00:00:00-04:00,49.2428609872939,49.487121203050094,48.87158441575227,49.27217102050781,2163900,0.0,0.0
2024-06-17 00:00:00-04:00,48.85204228242784,48.89112481076139,48.08017911985787,48.31467056274414,6136000,0.0,0.0
2024-06-18 00:00:00-04:00,48.31467218974991,48.61755247674689,48.05087070528743,48.28535842895508,3827900,0.0,0.0
2024-06-20 00:00:00-04:00,48.55892963727759,49.22331769493292,48.36352072729985,48.666404724121094,3887700,0.0,0.0
2024-06-21 00:00:00-04:00,48.80319301764158,48.89112684649595,48.011788557952244,48.08018112182617,6348000,0.0,0.0
2024-06-24 00:00:00-04:00,48.119263066255094,48.80319242378734,47.98247794017168,48.75434112548828,4045800,0.0,0.0
2024-06-25 00:00:00-04:00,48.55893135213051,48.80319156644996,47.96293583285263,48.060638427734375,2643500,0.0,0.0
2024-06-26 00:00:00-04:00,47.875002478585024,48.256047820341465,47.54280843475105,48.1192626953125,2823500,0.0,0.0
2024-06-27 00:00:00-04:00,48.10949278807989,48.500306889326296,47.88477011414729,48.47099685668945,2823700,0.0,0.0
2024-06-28 00:00:00-04:00,48.36352040816327,48.470995494297576,47.35716956002371,47.875,6707000,0.0,0.0
2024-07-01 00:00:00-04:00,47.96293602156613,48.2658200302754,46.88819256517791,46.90773010253906,3525900,0.0,0.0
2024-07-02 00:00:00-04:00,47.04451847662225,47.51349763794939,46.92727089095417,47.42556381225586,3012100,0.0,0.0
2024-07-03 00:00:00-04:00,47.66005324253476,48.314672574476226,47.445106781980336,48.08018112182617,2091900,0.0,0.0
2024-07-05 00:00:00-04:00,48.0801778719447,48.13880166292346,47.630739989119064,47.98247528076172,2380900,0.0,0.0
2024-07-08 00:00:00-04:00,47.98247566741255,48.295128434255446,47.75775672418891,48.197425842285156,3086100,0.0,0.0
2024-07-09 00:00:00-04:00,48.08017741560773,48.78364799221629,47.904309771455594,48.34397888183594,2695700,0.0,0.0
2024-07-10 00:00:00-04:00,48.52961540247206,48.64686298357842,48.05086749118996,48.60778045654297,2046600,0.0,0.0
2024-07-11 00:00:00-04:00,48.988829478222904,50.5423246376496,48.80319305145293,50.44462203979492,3766900,0.0,0.0
2024-07-12 00:00:00-04:00,50.5618633301976,51.138317573288326,50.33714438487275,50.77681350708008,3423600,0.0,0.0
2024-07-15 00:00:00-04:00,50.630257808006604,50.630257808006604,49.53597307238393,49.858394622802734,2796500,0.0,0.0
2024-07-16 00:00:00-04:00,50.05380296427102,50.55209589158583,49.98541040203018,50.1124267578125,2592900,0.0,0.0
2024-07-17 00:00:00-04:00,50.366455553350164,51.353268908464024,50.11242656985343,50.84520721435547,4046300,0.0,0.0
2024-07-18 00:00:00-04:00,50.464162831459554,51.25556355715903,50.33714647374766,50.3859977722168,2896100,0.0,0.0
2024-07-19 00:00:00-04:00,50.63025808987966,50.63025808987966,49.790002336966126,50.229671478271484,2680000,0.0,0.0
2024-07-22 00:00:00-04:00,50.395767511809375,50.72795781407661,50.14173481027978,50.610713958740234,2509100,0.0,0.0
2024-07-23 00:00:00-04:00,50.4543911219179,50.55209744749427,49.516432759076096,49.55551528930664,4193500,0.0,0.0
2024-07-24 00:00:00-04:00,50.05380155818074,51.09923495405438,49.50665734850906,50.93313980102539,4168800,0.0,0.0
2024-07-25 00:00:00-04:00,51.236020656861356,52.01765631587792,50.796355257558346,51.09923553466797,3806300,0.0,0.0
2024-07-26 00:00:00-04:00,51.314187427786344,51.75385656889178,51.09923724166476,51.490055084228516,2994100,0.0,0.0
2024-07-29 00:00:00-04:00,51.568216034398006,51.890641311191494,51.011303035495736,51.69523239135742,2063100,0.0,0.0
2024-07-30 00:00:00-04:00,51.646379481454574,52.09581737406678,51.44120179923357,51.98834228515625,2541100,0.0,0.0
2024-07-31 00:00:00-04:00,52.115361117495404,52.242377476533726,51.51936557944848,52.23260498046875,6131100,0.0,0.0
2024-08-01 00:00:00-04:00,52.35962064724803,54.38209496059586,51.65615002447829,54.167144775390625,5732900,0.0,0.0
2024-08-02 00:00:00-04:00,54.79245376586914,56.27755260806235,53.74701660626641,54.79245376586914,5501200,0.0,0.0
2024-08-05 00:00:00-04:00,54.97809040422341,55.53500340400111,52.55502948497137,52.79928970336914,5070700,0.0,0.0
2024-08-06 00:00:00-04:00,52.87744875268029,53.375741663887204,52.662502304206804,52.926300048828125,5067300,0.0,0.0
2024-08-07 00:00:00-04:00,53.10216819179043,54.29415920991004,52.66250279524535,53.82518005371094,4275500,0.0,0.0
2024-08-08 00:00:00-04:00,53.326891808242195,53.8154122371468,52.82859888357504,52.94584274291992,3428500,0.0,0.0
2024-08-09 00:00:00-04:00,53.02400485120858,53.38550890489784,52.14466663724563,53.21941375732422,2942200,0.0,0.0
2024-08-12 00:00:00-04:00,53.248726273169126,53.54183778246081,52.99469729234702,53.46367645263672,2673800,0.0,0.0
2024-08-13 00:00:00-04:00,53.62977047127538,53.92288197435455,53.336658968196204,53.81541061401367,3102100,0.0,0.0
2024-08-14 00:00:00-04:00,53.65908420509407,54.85107529057527,53.52229907602873,54.235538482666016,4207200,0.0,0.0
2024-08-15 00:00:00-04:00,53.83494777968374,54.2257655991724,53.58091880599657,54.02058792114258,3750600,0.0,0.0
2024-08-16 00:00:00-04:00,54.28439084409018,54.929237654536486,53.95219680676239,54.724056243896484,3470900,0.0,0.0
2024-08-19 00:00:00-04:00,54.71428832821928,55.27120132196231,54.51887941019548,54.99763107299805,2782600,0.0,0.0
2024-08-20 00:00:00-04:00,54.99763174387676,55.47637968540414,54.79245405465074,55.00740051269531,2816400,0.0,0.0
2024-08-21 00:00:00-04:00,55.00740070051021,55.3200534833836,54.8706155738925,55.11487579345703,1964600,0.0,0.0
2024-08-22 00:00:00-04:00,55.21257667373118,55.26143169781719,54.8803826363676,55.14418411254883,1853700,0.0,0.0
2024-08-23 00:00:00-04:00,55.320053957761495,55.5252353765627,55.00740117220706,55.173500061035156,2021600,0.0,0.0
2024-08-26 00:00:00-04:00,55.310281081874024,55.65224387595894,55.066020878351964,55.222347259521484,2575000,0.0,0.0
2024-08-27 00:00:00-04:00,55.17349930759136,55.40798702999744,54.61658630798296,54.74359893798828,2295700,0.0,0.0
2024-08-28 00:00:00-04:00,54.851074977058445,55.12464523362545,54.5970459855484,54.86084747314453,4821900,0.0,0.0
2024-08-29 00:00:00-04:00,54.899924086071636,54.91946535034905,54.137833414827654,54.8315315246582,3315500,0.0,0.0
2024-08-30 00:00:00-04:00,54.93832507762994,55.38328688496271,54.69112239710571,55.27452087402344,5450400,0.668,0.0
2024-09-03 00:00:00-04:00,55.06686607761212,56.5105325546114,55.02731651666373,56.09523010253906,4220500,0.0,0.0
2024-09-04 00:00:00-04:00,56.48086660065202,57.08404173622351,56.233663923582625,56.84672927856445,3273100,0.0,0.0
2024-09-05 00:00:00-04:00,57.321358022475984,57.47956758507602,56.42154042793574,56.69840621948242,2574300,0.0,0.0
2024-09-06 00:00:00-04:00,56.846730732822095,57.21258964808045,56.38198848099824,56.47098159790039,2582500,0.0,0.0
2024-09-09 00:00:00-04:00,56.540196628680306,56.99504864942685,56.184224170004406,56.72806930541992,4087500,0.0,0.0
2024-09-10 00:00:00-04:00,56.99504975563842,57.459792004820265,56.84673040965375,57.064266204833984,2789100,0.0,0.0
2024-09-11 00:00:00-04:00,56.80717732449593,56.93572377585751,55.9271363762795,56.589637756347656,4236200,0.0,0.0
2024-09-12 00:00:00-04:00,56.559972131497716,56.90605436363611,56.213886127345894,56.54019546508789,3121800,0.0,0.0
2024-09-13 00:00:00-04:00,56.826953525624035,57.52900823450803,56.292994829284005,57.50923156738281,2986600,0.0,0.0
2024-09-16 00:00:00-04:00,57.76632176753483,58.28050380628761,57.430129736210645,57.875091552734375,3284000,0.0,0.0
2024-09-17 00:00:00-04:00,57.74654896252929,58.06296809887079,57.27191648600339,57.697105407714844,3504500,0.0,0.0
2024-09-18 00:00:00-04:00,57.63777840058931,57.6971046303455,56.38198831989761,56.76762390136719,2980600,0.0,0.0
2024-09-19 00:00:00-04:00,56.5797486499262,57.02471044093652,56.19411308597677,56.83683776855469,4107400,0.0,0.0
2024-09-20 00:00:00-04:00,57.093934261565025,57.34113694861854,56.54019888464025,57.28180694580078,9329900,0.0,0.0
2024-09-23 00:00:00-04:00,57.35102216216458,57.52900839477377,56.925833247821934,57.212589263916016,4276700,0.0,0.0
2024-09-24 00:00:00-04:00,56.81706389058059,57.41035259439993,56.32265852340461,56.381988525390625,5644400,0.0,0.0
2024-09-25 00:00:00-04:00,56.737959623832324,56.737959623832324,56.09523115321123,56.579750061035156,5105900,0.0,0.0
2024-09-26 00:00:00-04:00,56.5006434359517,57.25214168881131,56.31277075874356,56.49075698852539,4702800,0.0,0.0
2024-09-27 00:00:00-04:00,56.71818297101165,56.91594586756041,56.37209695904794,56.52042007446289,3656200,0.0,0.0
2024-09-30 00:00:00-04:00,56.826952457999646,57.153258029401336,56.431426666953385,57.14337158203125,3564600,0.0,0.0
2024-10-01 00:00:00-04:00,57.04448804086538,58.07285207623602,56.76762225134771,57.58833694458008,4088300,0.0,0.0
2024-10-02 00:00:00-04:00,57.35102064721215,57.79598621698115,57.25214108593614,57.706993103027344,2125100,0.0,0.0
2024-10-03 00:00:00-04:00,57.82565204053355,57.93442182624194,57.311469999375305,57.43013000488281,2216300,0.0,0.0
2024-10-04 00:00:00-04:00,56.797287855155375,57.657555919462375,56.58963850391451,57.57844924926758,2459600,0.0,0.0
2024-10-07 00:00:00-04:00,57.35101996879418,57.37079663521814,56.24355305314675,56.451202392578125,2467200,0.0,0.0
2024-10-08 00:00:00-04:00,56.777510675163605,56.797287342533814,56.174339294433594,56.174339294433594,3150500,0.0,0.0
2024-10-09 00:00:00-04:00,56.144671346398816,56.58963692378584,55.39317686060015,55.749149322509766,2736200,0.0,0.0
2024-10-10 00:00:00-04:00,55.94691397443203,56.22377977703563,54.84933343980538,54.869110107421875,5511200,0.0,0.0
2024-10-11 00:00:00-04:00,54.86910721226197,55.660155015113936,54.79988699324981,55.590938568115234,3479200,0.0,0.0
2024-10-14 00:00:00-04:00,55.561273849196475,56.35232545491373,55.3931778347904,56.29299545288086,3353800,0.0,0.0
2024-10-15 00:00:00-04:00,56.57974986478208,57.50923057148975,56.569859645383964,56.96538543701172,3086700,0.0,0.0
2024-10-16 00:00:00-04:00,58.09263134040651,60.040589717503664,57.09393414641064,59.87248992919922,8468400,0.0,0.0
2024-10-17 00:00:00-04:00,59.902153407040196,60.050472747322914,58.97266894440942,59.07155227661133,4926400,0.0,0.0
2024-10-18 00:00:00-04:00,59.101215266960324,59.32864127253008,58.478263477435,59.249534606933594,4053100,0.0,0.0
2024-10-21 00:00:00-04:00,59.486853335764266,59.99114514812265,59.17043420408575,59.358306884765625,3522000,0.0,0.0
2024-10-22 00:00:00-04:00,58.78479865174158,59.52640669922693,58.132183720835016,59.328643798828125,4221600,0.0,0.0
2024-10-23 00:00:00-04:00,59.27920355467724,60.24823760986328,59.120993989994076,60.24823760986328,2643100,0.0,0.0
2024-10-24 00:00:00-04:00,60.25812286436057,60.57454198746217,59.852710627135814,60.09002685546875,2591500,0.0,0.0
2024-10-25 00:00:00-04:00,60.31745476849949,60.47566433504451,58.83423866763474,58.91334533691406,3200400,0.0,0.0
2024-10-28 00:00:00-04:00,59.24953705711938,59.71427930668396,59.07155459619392,59.44729995727539,2929300,0.0,0.0
2024-10-29 00:00:00-04:00,59.15065826974734,59.239651387385415,57.96408462524414,57.96408462524414,4938700,0.0,0.0
2024-10-30 00:00:00-04:00,58.15195863109705,58.39916130612329,57.42023705333346,57.79598617553711,4085900,0.0,0.0
2024-10-31 00:00:00-04:00,58.10251454620957,59.28908812986812,57.85531187344793,58.86389923095703,5970400,0.0,0.0
2024-11-01 00:00:00-04:00,59.25942530681318,61.276600031724406,58.28050105819013,58.3299446105957,8602600,0.0,0.0
2024-11-04 00:00:00-05:00,57.7465480656902,57.89486741178912,56.629190886079826,56.97527313232422,6337700,0.0,0.0
2024-11-05 00:00:00-05:00,56.79728767691371,58.00363798950305,56.54019854361472,57.93442153930664,3813100,0.0,0.0
2024-11-06 00:00:00-05:00,57.627887057551156,57.69710350559313,56.411650335082065,56.431427001953125,5772200,0.0,0.0
2024-11-07 00:00:00-05:00,56.777510765708044,56.935724104921995,55.96668626230464,55.99635314941406,5971900,0.0,0.0
2024-11-08 00:00:00-05:00,56.01612798116696,57.43012759193911,55.93702131415231,57.14337158203125,5554300,0.0,0.0
2024-11-11 00:00:00-05:00,57.16314808226441,58.01352211811371,57.00493852070948,57.49934387207031,2884000,0.0,0.0
2024-11-12 00:00:00-05:00,57.31146664885297,57.4498995418384,56.164446400099315,56.39187240600586,4992700,0.0,0.0
2024-11-13 00:00:00-05:00,56.86650133301074,57.00493799861519,55.195412618641065,55.9469108581543,6499800,0.0,0.0
2024-11-14 00:00:00-05:00,56.105120568059256,56.470979469528515,55.36351254583014,55.56127166748047,4822300,0.0,0.0
2024-11-15 00:00:00-05:00,55.57116496649301,57.01482775782275,55.373402061869314,56.985164642333984,5808200,0.0,0.0
2024-11-18 00:00:00-05:00,56.64896750966061,57.588338455617844,56.381988160471906,57.064266204833984,4293400,0.0,0.0
2024-11-19 00:00:00-05:00,56.83684026265087,57.03460316289663,56.31277178321113,56.94561004638672,4564400,0.0,0.0
2024-11-20 00:00:00-05:00,56.97527304468795,57.24225239367165,56.708293695704256,57.15325927734375,2632900,0.0,0.0
2024-11-21 00:00:00-05:00,57.35102188729161,57.776210799596406,56.88627964081577,57.716880798339844,3871700,0.0,0.0
2024-11-22 00:00:00-05:00,57.99375176961423,58.26072735169863,57.281806825352774,57.48945617675781,4785100,0.0,0.0
2024-11-25 00:00:00-05:00,57.845428437503095,58.31017069353253,57.58833930413353,57.875091552734375,5578700,0.0,0.0
2024-11-26 00:00:00-05:00,57.89486665808719,58.676028028884815,57.608110645210054,58.45848846435547,4577000,0.0,0.0
2024-11-27 00:00:00-05:00,58.91334526360361,59.595623311227484,58.765022144896264,59.03200149536133,5400800,0.0,0.0
2024-11-29 00:00:00-05:00,59.18000030517578,59.38999938964844,58.5099983215332,58.75,2553300,0.668,0.0
2024-12-02 00:00:00-05:00,58.7599983215332,58.7599983215332,57.279998779296875,57.34000015258789,5658700,0.0,0.0
2024-12-03 00:00:00-05:00,57.70000076293945,57.880001068115234,56.65999984741211,56.66999816894531,8405700,0.0,0.0
2024-12-04 00:00:00-05:00,56.470001220703125,56.91999816894531,55.95000076293945,56.36000061035156,4593500,0.0,0.0
2024-12-05 00:00:00-05:00,56.400001525878906,57.380001068115234,56.20000076293945,56.90999984741211,5964000,0.0,0.0
2024-12-06 00:00:00-05:00,57.0,57.11000061035156,55.81999969482422,56.04999923706055,3453500,0.0,0.0
2024-12-09 00:00:00-05:00,56.04999923706055,56.2599983215332,55.43000030517578,55.59000015258789,6352200,0.0,0.0
2024-12-10 00:00:00-05:00,55.369998931884766,55.40999984741211,54.220001220703125,55.0099983215332,5098900,0.0,0.0
2024-12-11 00:00:00-05:00,55.060001373291016,55.209999084472656,54.0,54.27000045776367,4155100,0.0,0.0
2024-12-12 00:00:00-05:00,54.45000076293945,54.5099983215332,53.540000915527344,53.83000183105469,6079800,0.0,0.0
2024-12-13 00:00:00-05:00,53.83000183105469,54.439998626708984,53.720001220703125,54.040000915527344,2985200,0.0,0.0
2024-12-16 00:00:00-05:00,54.08000183105469,54.290000915527344,53.5099983215332,53.529998779296875,3427100,0.0,0.0
2024-12-17 00:00:00-05:00,53.189998626708984,53.81999969482422,53.099998474121094,53.59000015258789,3513200,0.0,0.0
2024-12-18 00:00:00-05:00,53.5099983215332,53.900001525878906,52.599998474121094,52.630001068115234,5895900,0.0,0.0
2024-12-19 00:00:00-05:00,52.66999816894531,53.599998474121094,52.439998626708984,52.9900016784668,4215600,0.0,0.0
2024-12-20 00:00:00-05:00,53.0099983215332,53.81999969482422,52.95000076293945,53.65999984741211,8702800,0.0,0.0
2024-12-23 00:00:00-05:00,53.560001373291016,53.68000030517578,53.04999923706055,53.68000030517578,4063300,0.0,0.0
2024-12-24 00:00:00-05:00,53.31999969482422,53.81999969482422,53.2400016784668,53.77000045776367,1329400,0.0,0.0
2024-12-26 00:00:00-05:00,53.540000915527344,53.869998931884766,53.5,53.709999084472656,1835200,0.0,0.0
2024-12-27 00:00:00-05:00,53.36000061035156,54.099998474121094,53.33000183105469,53.93000030517578,2932200,0.0,0.0
2024-12-30 00:00:00-05:00,53.75,54.029998779296875,53.349998474121094,53.869998931884766,3202200,0.0,0.0
2024-12-31 00:00:00-05:00,54.0099983215332,54.2599983215332,53.345001220703125,53.86000061035156,2665279,0.0,0.0
