Date,Open,High,Low,Close,Volume,Dividends,Stock Splits
2022-01-03 00:00:00-05:00,27.059999465942383,27.280000686645508,26.940000534057617,26.989999771118164,38400,0.0,0.0
2022-01-04 00:00:00-05:00,27.18000030517578,27.239999771118164,27.06999969482422,27.1299991607666,16100,0.0,0.0
2022-01-05 00:00:00-05:00,27.219999313354492,27.350000381469727,27.100000381469727,27.100000381469727,15800,0.0,0.0
2022-01-06 00:00:00-05:00,27.200000762939453,27.290000915527344,27.049999237060547,27.1200008392334,10600,0.0,0.0
2022-01-07 00:00:00-05:00,27.290000915527344,27.329999923706055,27.15999984741211,27.290000915527344,10300,0.0,0.0
2022-01-10 00:00:00-05:00,27.270000457763672,27.40999984741211,27.270000457763672,27.40999984741211,8500,0.0,0.0
2022-01-11 00:00:00-05:00,27.610000610351562,27.90999984741211,27.610000610351562,27.81999969482422,19600,0.0,0.0
2022-01-12 00:00:00-05:00,28.09000015258789,28.31999969482422,28.010000228881836,28.299999237060547,21100,0.0,0.0
2022-01-13 00:00:00-05:00,28.389999389648438,28.389999389648438,28.1200008392334,28.18000030517578,23000,0.0,0.0
2022-01-14 00:00:00-05:00,28.18000030517578,28.18000030517578,27.8700008392334,28.079999923706055,36900,0.0,0.0
2022-01-18 00:00:00-05:00,27.989999771118164,27.989999771118164,27.690000534057617,27.899999618530273,26300,0.0,0.0
2022-01-19 00:00:00-05:00,28.020000457763672,28.219999313354492,27.540000915527344,27.540000915527344,22200,0.0,0.0
2022-01-20 00:00:00-05:00,27.549999237060547,27.93000030517578,27.389999389648438,27.399999618530273,21900,0.0,0.0
2022-01-21 00:00:00-05:00,27.100000381469727,27.170000076293945,26.739999771118164,26.770000457763672,40400,0.0,0.0
2022-01-24 00:00:00-05:00,26.100000381469727,26.510000228881836,25.3799991607666,25.959999084472656,59900,0.0,0.0
2022-01-25 00:00:00-05:00,26.190000534057617,26.440000534057617,26.079999923706055,26.280000686645508,18600,0.0,0.0
2022-01-26 00:00:00-05:00,26.34000015258789,26.360000610351562,25.950000762939453,25.959999084472656,18900,0.0,0.0
2022-01-27 00:00:00-05:00,25.969999313354492,26.219999313354492,25.68000030517578,25.729999542236328,36600,0.0,0.0
2022-01-28 00:00:00-05:00,26.0,26.139999389648438,25.81999969482422,26.139999389648438,6900,0.0,0.0
2022-01-31 00:00:00-05:00,26.270000457763672,26.84000015258789,26.239999771118164,26.639999389648438,33900,0.0,0.0
2022-02-01 00:00:00-05:00,26.790000915527344,26.790000915527344,26.639999389648438,26.709999084472656,15200,0.0,0.0
2022-02-02 00:00:00-05:00,26.8700008392334,27.06999969482422,26.829999923706055,27.010000228881836,8700,0.0,0.0
2022-02-03 00:00:00-05:00,26.719999313354492,26.90999984741211,26.3700008392334,26.510000228881836,22400,0.0,0.0
2022-02-04 00:00:00-05:00,26.389999389648438,26.639999389648438,26.389999389648438,26.56999969482422,6000,0.0,0.0
2022-02-07 00:00:00-05:00,26.530000686645508,26.530000686645508,26.299999237060547,26.3799991607666,17000,0.0,0.0
2022-02-08 00:00:00-05:00,26.34000015258789,26.489999771118164,26.34000015258789,26.450000762939453,10500,0.0,0.0
2022-02-09 00:00:00-05:00,26.610000610351562,26.989999771118164,26.610000610351562,26.68000030517578,15400,0.0,0.0
2022-02-10 00:00:00-05:00,26.290000915527344,26.649999618530273,26.290000915527344,26.34000015258789,11100,0.0,0.0
2022-02-11 00:00:00-05:00,26.34000015258789,26.450000762939453,26.0,26.0,14500,0.0,0.0
2022-02-14 00:00:00-05:00,25.799999237060547,25.799999237060547,25.309999465942383,25.40999984741211,22500,0.0,0.0
2022-02-15 00:00:00-05:00,25.8700008392334,26.149999618530273,25.8700008392334,26.049999237060547,22500,0.0,0.0
2022-02-16 00:00:00-05:00,25.940000534057617,26.110000610351562,25.81999969482422,26.030000686645508,22200,0.0,0.0
2022-02-17 00:00:00-05:00,25.979999542236328,25.979999542236328,25.65999984741211,25.790000915527344,24700,0.0,0.0
2022-02-18 00:00:00-05:00,25.81999969482422,25.920000076293945,25.600000381469727,25.700000762939453,16300,0.0,0.0
2022-02-22 00:00:00-05:00,25.56999969482422,25.68000030517578,25.469999313354492,25.520000457763672,12300,0.0,0.0
2022-02-23 00:00:00-05:00,25.700000762939453,25.739999771118164,25.270000457763672,25.360000610351562,18800,0.0,0.0
2022-02-24 00:00:00-05:00,24.309999465942383,24.600000381469727,22.920000076293945,24.5,45000,0.0,0.0
2022-02-25 00:00:00-05:00,24.639999389648438,25.059999465942383,24.639999389648438,25.030000686645508,44500,0.0,0.0
2022-02-28 00:00:00-05:00,24.84000015258789,25.059999465942383,24.670000076293945,24.940000534057617,26000,0.0,0.0
2022-03-01 00:00:00-05:00,24.799999237060547,24.799999237060547,24.260000228881836,24.350000381469727,19800,0.0,0.0
2022-03-02 00:00:00-05:00,24.6200008392334,24.8799991607666,24.540000915527344,24.780000686645508,26700,0.0,0.0
2022-03-03 00:00:00-05:00,24.65999984741211,24.690000534057617,24.280000686645508,24.31999969482422,9000,0.0,0.0
2022-03-04 00:00:00-05:00,24.010000228881836,24.010000228881836,23.700000762939453,23.770000457763672,19500,0.0,0.0
2022-03-07 00:00:00-05:00,23.489999771118164,23.489999771118164,22.899999618530273,22.90999984741211,22400,0.0,0.0
2022-03-08 00:00:00-05:00,22.950000762939453,23.40999984741211,22.829999923706055,22.90999984741211,67800,0.0,0.0
2022-03-09 00:00:00-05:00,23.40999984741211,23.8700008392334,23.40999984741211,23.770000457763672,22900,0.0,0.0
2022-03-10 00:00:00-05:00,23.56999969482422,23.780000686645508,23.459999084472656,23.6200008392334,16300,0.0,0.0
2022-03-11 00:00:00-05:00,23.84000015258789,23.940000534057617,23.350000381469727,23.450000762939453,26400,0.0,0.0
2022-03-14 00:00:00-04:00,23.610000610351562,24.030000686645508,23.610000610351562,23.739999771118164,19900,0.0,0.0
2022-03-15 00:00:00-04:00,23.84000015258789,24.1200008392334,23.760000228881836,24.030000686645508,34400,0.0,0.0
2022-03-16 00:00:00-04:00,24.3799991607666,24.700000762939453,24.290000915527344,24.649999618530273,26200,0.0,0.0
2022-03-17 00:00:00-04:00,24.670000076293945,25.030000686645508,24.639999389648438,24.889999389648438,30300,0.0,0.0
2022-03-18 00:00:00-04:00,24.850000381469727,25.3799991607666,24.739999771118164,25.3799991607666,16600,0.0,0.0
2022-03-21 00:00:00-04:00,25.09000015258789,25.09000015258789,24.670000076293945,24.950000762939453,30200,0.0,0.0
2022-03-22 00:00:00-04:00,25.139999389648438,25.290000915527344,25.020000457763672,25.079999923706055,20500,0.0,0.0
2022-03-23 00:00:00-04:00,24.90999984741211,24.940000534057617,24.610000610351562,24.639999389648438,13600,0.0,0.0
2022-03-24 00:00:00-04:00,24.700000762939453,25.15999984741211,24.700000762939453,25.010000228881836,11400,0.0,0.0
2022-03-25 00:00:00-04:00,25.020000457763672,25.06999969482422,24.84000015258789,24.8799991607666,14500,0.0,0.0
2022-03-28 00:00:00-04:00,24.809999465942383,25.030000686645508,24.709999084472656,24.90999984741211,15200,0.0,0.0
2022-03-29 00:00:00-04:00,25.3799991607666,25.3799991607666,25.239999771118164,25.270000457763672,13900,0.0,0.0
2022-03-30 00:00:00-04:00,25.170000076293945,25.25,25.06999969482422,25.1200008392334,22700,0.0,0.0
2022-03-31 00:00:00-04:00,25.209999084472656,25.239999771118164,25.110000610351562,25.110000610351562,10000,0.0,0.0
2022-04-01 00:00:00-04:00,25.440000534057617,25.510000228881836,25.399999618530273,25.440000534057617,39700,0.0,0.0
2022-04-04 00:00:00-04:00,25.709999084472656,25.979999542236328,25.709999084472656,25.950000762939453,59200,0.0,0.0
2022-04-05 00:00:00-04:00,25.829999923706055,25.889999389648438,25.6200008392334,25.639999389648438,17700,0.0,0.0
2022-04-06 00:00:00-04:00,25.520000457763672,25.549999237060547,25.3799991607666,25.520000457763672,6800,0.0,0.0
2022-04-07 00:00:00-04:00,25.40999984741211,25.530000686645508,25.270000457763672,25.459999084472656,11300,0.0,0.0
2022-04-08 00:00:00-04:00,25.530000686645508,25.780000686645508,25.530000686645508,25.690000534057617,45600,0.0,0.0
2022-04-11 00:00:00-04:00,25.610000610351562,25.639999389648438,25.420000076293945,25.450000762939453,10100,0.0,0.0
2022-04-12 00:00:00-04:00,25.329999923706055,25.450000762939453,25.09000015258789,25.239999771118164,11200,0.0,0.0
2022-04-13 00:00:00-04:00,25.190000534057617,25.200000762939453,25.1200008392334,25.18000030517578,15900,0.0,0.0
2022-04-14 00:00:00-04:00,25.049999237060547,25.1299991607666,24.940000534057617,24.979999542236328,13200,0.0,0.0
2022-04-18 00:00:00-04:00,24.84000015258789,25.149999618530273,24.84000015258789,25.040000915527344,10700,0.0,0.0
2022-04-19 00:00:00-04:00,24.770000457763672,24.790000915527344,24.43000030517578,24.600000381469727,48000,0.0,0.0
2022-04-20 00:00:00-04:00,24.809999465942383,24.899999618530273,24.739999771118164,24.829999923706055,41800,0.0,0.0
2022-04-21 00:00:00-04:00,25.030000686645508,25.170000076293945,24.799999237060547,24.84000015258789,15200,0.0,0.0
2022-04-22 00:00:00-04:00,24.809999465942383,24.809999465942383,24.549999237060547,24.579999923706055,14500,0.0,0.0
2022-04-25 00:00:00-04:00,24.3700008392334,24.450000762939453,24.25,24.40999984741211,32200,0.0,0.0
2022-04-26 00:00:00-04:00,24.450000762939453,24.520000457763672,24.190000534057617,24.239999771118164,19200,0.0,0.0
2022-04-27 00:00:00-04:00,24.360000610351562,24.510000228881836,24.239999771118164,24.5,9000,0.0,0.0
2022-04-28 00:00:00-04:00,24.709999084472656,24.799999237060547,24.610000610351562,24.790000915527344,15600,0.0,0.0
2022-04-29 00:00:00-04:00,24.5,24.770000457763672,24.399999618530273,24.43000030517578,13000,0.0,0.0
2022-05-02 00:00:00-04:00,24.399999618530273,24.559999465942383,24.270000457763672,24.489999771118164,22100,0.0,0.0
2022-05-03 00:00:00-04:00,24.489999771118164,24.489999771118164,24.309999465942383,24.420000076293945,8800,0.0,0.0
2022-05-04 00:00:00-04:00,24.200000762939453,24.270000457763672,23.920000076293945,24.229999542236328,28900,0.0,0.0
2022-05-05 00:00:00-04:00,23.889999389648438,24.200000762939453,23.540000915527344,23.610000610351562,19800,0.0,0.0
2022-05-06 00:00:00-04:00,23.489999771118164,23.489999771118164,23.149999618530273,23.290000915527344,13800,0.0,0.0
2022-05-09 00:00:00-04:00,22.809999465942383,23.09000015258789,22.65999984741211,22.690000534057617,14100,0.0,0.0
2022-05-10 00:00:00-04:00,23.030000686645508,23.030000686645508,22.329999923706055,22.469999313354492,19100,0.0,0.0
2022-05-11 00:00:00-04:00,22.450000762939453,22.649999618530273,22.149999618530273,22.239999771118164,23100,0.0,0.0
2022-05-12 00:00:00-04:00,22.059999465942383,22.170000076293945,21.809999465942383,22.010000228881836,38500,0.0,0.0
2022-05-13 00:00:00-04:00,22.049999237060547,22.15999984741211,21.8799991607666,22.06999969482422,17200,0.0,0.0
2022-05-16 00:00:00-04:00,21.889999389648438,22.18000030517578,21.889999389648438,22.100000381469727,16200,0.0,0.0
2022-05-17 00:00:00-04:00,22.6299991607666,22.8799991607666,22.6299991607666,22.84000015258789,13400,0.0,0.0
2022-05-18 00:00:00-04:00,22.639999389648438,22.8700008392334,22.31999969482422,22.350000381469727,18300,0.0,0.0
2022-05-19 00:00:00-04:00,22.290000915527344,22.690000534057617,22.25,22.5,27900,0.0,0.0
2022-05-20 00:00:00-04:00,22.65999984741211,22.790000915527344,22.450000762939453,22.709999084472656,10000,0.0,0.0
2022-05-23 00:00:00-04:00,22.860000610351562,23.1299991607666,22.739999771118164,22.760000228881836,21100,0.0,0.0
2022-05-24 00:00:00-04:00,22.6299991607666,22.68000030517578,22.440000534057617,22.559999465942383,18500,0.0,0.0
2022-05-25 00:00:00-04:00,22.360000610351562,22.530000686645508,22.209999084472656,22.270000457763672,35600,0.0,0.0
2022-05-26 00:00:00-04:00,22.280000686645508,22.700000762939453,22.280000686645508,22.670000076293945,20600,0.0,0.0
2022-05-27 00:00:00-04:00,22.760000228881836,22.959999084472656,22.729999542236328,22.889999389648438,13200,0.0,0.0
2022-05-31 00:00:00-04:00,23.059999465942383,23.600000381469727,23.059999465942383,23.15999984741211,23700,0.0,0.0
2022-06-01 00:00:00-04:00,23.360000610351562,23.360000610351562,22.459999084472656,22.950000762939453,122700,0.0,0.0
2022-06-02 00:00:00-04:00,23.110000610351562,23.399999618530273,23.110000610351562,23.399999618530273,15400,0.0,0.0
2022-06-03 00:00:00-04:00,23.190000534057617,23.190000534057617,22.8799991607666,22.93000030517578,22400,0.0,0.0
2022-06-06 00:00:00-04:00,23.059999465942383,23.31999969482422,22.979999542236328,23.0,23200,0.0,0.0
2022-06-07 00:00:00-04:00,22.940000534057617,23.049999237060547,22.790000915527344,22.989999771118164,43700,0.0,0.0
2022-06-08 00:00:00-04:00,22.780000686645508,22.969999313354492,22.760000228881836,22.780000686645508,13900,0.0,0.0
2022-06-09 00:00:00-04:00,22.829999923706055,22.969999313354492,22.770000457763672,22.860000610351562,17000,0.0,0.0
2022-06-10 00:00:00-04:00,22.59000015258789,22.65999984741211,22.5,22.59000015258789,12400,0.0,0.0
2022-06-13 00:00:00-04:00,22.200000762939453,22.829999923706055,22.040000915527344,22.049999237060547,22500,0.0,0.0
2022-06-14 00:00:00-04:00,22.260000228881836,22.389999389648438,22.059999465942383,22.200000762939453,18000,0.0,0.0
2022-06-15 00:00:00-04:00,22.31999969482422,22.510000228881836,22.200000762939453,22.3799991607666,18400,0.0,0.0
2022-06-16 00:00:00-04:00,21.920000076293945,21.950000762939453,21.6299991607666,21.760000228881836,14200,0.0,0.0
2022-06-17 00:00:00-04:00,21.729999542236328,21.8700008392334,21.56999969482422,21.700000762939453,20200,0.0,0.0
2022-06-21 00:00:00-04:00,21.8799991607666,22.350000381469727,21.8799991607666,22.15999984741211,15500,0.0,0.0
2022-06-22 00:00:00-04:00,21.8799991607666,22.059999465942383,21.690000534057617,21.690000534057617,13500,0.0,0.0
2022-06-23 00:00:00-04:00,21.770000457763672,21.989999771118164,21.670000076293945,21.899999618530273,13200,0.0,0.0
2022-06-24 00:00:00-04:00,22.010000228881836,23.100000381469727,22.0,22.450000762939453,83800,0.0,0.0
2022-06-27 00:00:00-04:00,22.43000030517578,22.719999313354492,22.31999969482422,22.40999984741211,27000,0.0,0.0
2022-06-28 00:00:00-04:00,22.489999771118164,23.190000534057617,22.229999542236328,22.229999542236328,42700,0.0,0.0
2022-06-29 00:00:00-04:00,22.290000915527344,22.43000030517578,22.219999313354492,22.329999923706055,21100,0.0,0.0
2022-06-30 00:00:00-04:00,22.170000076293945,22.43000030517578,22.170000076293945,22.350000381469727,7100,0.0,0.0
2022-07-01 00:00:00-04:00,22.290000915527344,22.479999542236328,22.260000228881836,22.399999618530273,24800,0.0,0.0
2022-07-05 00:00:00-04:00,22.149999618530273,22.43000030517578,22.100000381469727,22.3700008392334,13200,0.0,0.0
2022-07-06 00:00:00-04:00,22.510000228881836,22.81999969482422,22.510000228881836,22.690000534057617,12800,0.0,0.0
2022-07-07 00:00:00-04:00,22.84000015258789,23.0,22.739999771118164,22.790000915527344,15900,0.0,0.0
2022-07-08 00:00:00-04:00,22.850000381469727,23.15999984741211,22.799999237060547,22.959999084472656,13000,0.0,0.0
2022-07-11 00:00:00-04:00,22.770000457763672,22.93000030517578,22.68000030517578,22.719999313354492,25600,0.0,0.0
2022-07-12 00:00:00-04:00,22.739999771118164,22.979999542236328,22.65999984741211,22.690000534057617,13100,0.0,0.0
2022-07-13 00:00:00-04:00,22.510000228881836,22.709999084472656,22.440000534057617,22.559999465942383,9800,0.0,0.0
2022-07-14 00:00:00-04:00,22.520000457763672,22.729999542236328,22.459999084472656,22.709999084472656,7100,0.0,0.0
2022-07-15 00:00:00-04:00,22.809999465942383,23.059999465942383,22.760000228881836,22.989999771118164,9100,0.0,0.0
2022-07-18 00:00:00-04:00,23.110000610351562,23.219999313354492,22.860000610351562,22.90999984741211,11700,0.0,0.0
2022-07-19 00:00:00-04:00,23.059999465942383,23.350000381469727,23.040000915527344,23.31999969482422,41900,0.0,0.0
2022-07-20 00:00:00-04:00,23.360000610351562,23.399999618530273,22.950000762939453,23.100000381469727,32100,0.0,0.0
2022-07-21 00:00:00-04:00,23.209999084472656,23.510000228881836,22.540000915527344,23.510000228881836,43000,0.0,0.0
2022-07-22 00:00:00-04:00,23.530000686645508,23.56999969482422,23.420000076293945,23.520000457763672,18300,0.0,0.0
2022-07-25 00:00:00-04:00,23.530000686645508,23.540000915527344,23.440000534057617,23.459999084472656,7500,0.0,0.0
2022-07-26 00:00:00-04:00,23.520000457763672,23.520000457763672,23.219999313354492,23.229999542236328,12600,0.0,0.0
2022-07-27 00:00:00-04:00,23.34000015258789,23.989999771118164,23.34000015258789,23.739999771118164,14400,0.0,0.0
2022-07-28 00:00:00-04:00,23.860000610351562,24.600000381469727,23.860000610351562,24.059999465942383,28000,0.0,0.0
2022-07-29 00:00:00-04:00,24.40999984741211,24.649999618530273,24.270000457763672,24.549999237060547,23300,0.0,0.0
2022-08-01 00:00:00-04:00,24.540000915527344,24.709999084472656,24.34000015258789,24.670000076293945,40500,0.0,0.0
2022-08-02 00:00:00-04:00,24.610000610351562,25.010000228881836,24.610000610351562,24.84000015258789,10500,0.0,0.0
2022-08-03 00:00:00-04:00,24.950000762939453,24.950000762939453,24.829999923706055,24.84000015258789,9400,0.0,0.0
2022-08-04 00:00:00-04:00,24.719999313354492,24.90999984741211,24.700000762939453,24.799999237060547,7700,0.0,0.0
2022-08-05 00:00:00-04:00,24.6299991607666,24.770000457763672,24.579999923706055,24.700000762939453,5300,0.0,0.0
2022-08-08 00:00:00-04:00,24.8799991607666,25.09000015258789,24.829999923706055,24.989999771118164,8700,0.0,0.0
2022-08-09 00:00:00-04:00,24.84000015258789,24.84000015258789,24.65999984741211,24.68000030517578,15600,0.0,0.0
2022-08-10 00:00:00-04:00,25.020000457763672,25.190000534057617,24.940000534057617,25.040000915527344,17800,0.0,0.0
2022-08-11 00:00:00-04:00,25.020000457763672,25.190000534057617,24.889999389648438,24.899999618530273,8100,0.0,0.0
2022-08-12 00:00:00-04:00,24.850000381469727,25.3799991607666,24.850000381469727,25.200000762939453,26800,0.0,0.0
2022-08-15 00:00:00-04:00,25.299999237060547,25.420000076293945,25.229999542236328,25.34000015258789,2200,0.0,0.0
2022-08-16 00:00:00-04:00,25.420000076293945,25.559999465942383,25.3799991607666,25.459999084472656,11500,0.0,0.0
2022-08-17 00:00:00-04:00,25.360000610351562,25.440000534057617,25.200000762939453,25.299999237060547,12600,0.0,0.0
2022-08-18 00:00:00-04:00,25.309999465942383,25.309999465942383,25.079999923706055,25.190000534057617,6300,0.0,0.0
2022-08-19 00:00:00-04:00,24.940000534057617,24.940000534057617,24.59000015258789,24.790000915527344,15100,0.0,0.0
2022-08-22 00:00:00-04:00,24.56999969482422,24.56999969482422,24.360000610351562,24.40999984741211,7700,0.0,0.0
2022-08-23 00:00:00-04:00,24.489999771118164,24.719999313354492,24.489999771118164,24.709999084472656,3000,0.0,0.0
2022-08-24 00:00:00-04:00,24.549999237060547,24.969999313354492,24.549999237060547,24.899999618530273,16500,0.0,0.0
2022-08-25 00:00:00-04:00,24.700000762939453,24.850000381469727,24.700000762939453,24.84000015258789,8600,0.0,0.0
2022-08-26 00:00:00-04:00,24.950000762939453,25.06999969482422,24.760000228881836,24.959999084472656,22800,0.0,0.0
2022-08-29 00:00:00-04:00,24.829999923706055,24.979999542236328,24.829999923706055,24.850000381469727,16900,0.0,0.0
2022-08-30 00:00:00-04:00,25.06999969482422,25.350000381469727,24.81999969482422,25.020000457763672,38300,0.0,0.0
2022-08-31 00:00:00-04:00,24.940000534057617,25.350000381469727,24.850000381469727,24.850000381469727,13300,0.0,0.0
2022-09-01 00:00:00-04:00,24.889999389648438,25.18000030517578,24.579999923706055,25.040000915527344,29700,0.0,0.0
2022-09-02 00:00:00-04:00,25.190000534057617,25.260000228881836,24.8799991607666,24.920000076293945,21100,0.0,0.0
2022-09-06 00:00:00-04:00,25.010000228881836,25.100000381469727,24.850000381469727,24.959999084472656,16800,0.0,0.0
2022-09-07 00:00:00-04:00,25.09000015258789,25.219999313354492,24.920000076293945,25.190000534057617,45800,0.0,0.0
2022-09-08 00:00:00-04:00,25.110000610351562,25.229999542236328,25.110000610351562,25.229999542236328,14500,0.0,0.0
2022-09-09 00:00:00-04:00,25.31999969482422,25.389999389648438,25.25,25.31999969482422,20300,0.0,0.0
2022-09-12 00:00:00-04:00,25.389999389648438,25.709999084472656,25.389999389648438,25.65999984741211,30600,0.0,0.0
2022-09-13 00:00:00-04:00,25.360000610351562,25.360000610351562,25.040000915527344,25.040000915527344,20800,0.0,0.0
2022-09-14 00:00:00-04:00,25.229999542236328,25.790000915527344,25.229999542236328,25.3799991607666,21800,0.0,0.0
2022-09-15 00:00:00-04:00,25.3799991607666,25.420000076293945,25.229999542236328,25.25,14900,0.0,0.0
2022-09-16 00:00:00-04:00,25.040000915527344,25.040000915527344,24.850000381469727,24.899999618530273,23200,0.0,0.0
2022-09-19 00:00:00-04:00,24.899999618530273,25.15999984741211,24.899999618530273,25.100000381469727,21600,0.0,0.0
2022-09-20 00:00:00-04:00,25.229999542236328,25.229999542236328,25.0,25.110000610351562,32900,0.0,0.0
2022-09-21 00:00:00-04:00,25.18000030517578,25.290000915527344,24.899999618530273,24.950000762939453,44500,0.0,0.0
2022-09-22 00:00:00-04:00,24.809999465942383,24.809999465942383,24.510000228881836,24.600000381469727,31700,0.0,0.0
2022-09-23 00:00:00-04:00,24.190000534057617,24.260000228881836,24.059999465942383,24.059999465942383,199000,0.0,0.0
2022-09-26 00:00:00-04:00,23.649999618530273,23.75,23.530000686645508,23.540000915527344,90700,0.0,0.0
2022-09-27 00:00:00-04:00,23.6299991607666,23.690000534057617,23.329999923706055,23.399999618530273,29400,0.0,0.0
2022-09-28 00:00:00-04:00,23.440000534057617,23.649999618530273,23.440000534057617,23.6200008392334,51900,0.0,0.0
2022-09-29 00:00:00-04:00,23.280000686645508,23.280000686645508,22.920000076293945,23.030000686645508,38400,0.0,0.0
2022-09-30 00:00:00-04:00,23.190000534057617,23.799999237060547,23.190000534057617,23.270000457763672,26000,0.0,0.0
2022-10-03 00:00:00-04:00,23.469999313354492,23.65999984741211,23.06999969482422,23.43000030517578,43000,0.0,0.0
2022-10-04 00:00:00-04:00,23.6299991607666,23.889999389648438,23.6299991607666,23.809999465942383,33500,0.0,0.0
2022-10-05 00:00:00-04:00,23.709999084472656,23.780000686645508,23.670000076293945,23.729999542236328,74400,0.0,0.0
2022-10-06 00:00:00-04:00,23.56999969482422,24.190000534057617,23.420000076293945,23.459999084472656,31600,0.0,0.0
2022-10-07 00:00:00-04:00,23.350000381469727,23.450000762939453,23.100000381469727,23.1200008392334,23900,0.0,0.0
2022-10-10 00:00:00-04:00,23.31999969482422,23.469999313354492,23.31999969482422,23.360000610351562,11700,0.0,0.0
2022-10-11 00:00:00-04:00,23.270000457763672,23.270000457763672,23.049999237060547,23.059999465942383,26800,0.0,0.0
2022-10-12 00:00:00-04:00,23.010000228881836,23.290000915527344,22.969999313354492,23.15999984741211,21500,0.0,0.0
2022-10-13 00:00:00-04:00,22.989999771118164,23.280000686645508,22.790000915527344,23.25,58900,0.0,0.0
2022-10-14 00:00:00-04:00,23.40999984741211,23.40999984741211,22.93000030517578,23.030000686645508,44400,0.0,0.0
2022-10-17 00:00:00-04:00,23.31999969482422,23.5,23.239999771118164,23.290000915527344,45900,0.0,0.0
2022-10-18 00:00:00-04:00,23.420000076293945,24.260000228881836,23.270000457763672,23.360000610351562,51400,0.0,0.0
2022-10-19 00:00:00-04:00,23.200000762939453,23.3700008392334,23.18000030517578,23.200000762939453,57600,0.0,0.0
2022-10-20 00:00:00-04:00,23.31999969482422,23.760000228881836,23.31999969482422,23.510000228881836,27000,0.0,0.0
2022-10-21 00:00:00-04:00,23.489999771118164,23.809999465942383,23.450000762939453,23.790000915527344,22900,0.0,0.0
2022-10-24 00:00:00-04:00,23.719999313354492,23.829999923706055,23.649999618530273,23.799999237060547,24000,0.0,0.0
2022-10-25 00:00:00-04:00,23.709999084472656,23.959999084472656,23.709999084472656,23.920000076293945,22200,0.0,0.0
2022-10-26 00:00:00-04:00,23.920000076293945,24.110000610351562,23.920000076293945,23.989999771118164,111300,0.0,0.0
2022-10-27 00:00:00-04:00,23.920000076293945,24.030000686645508,23.770000457763672,23.770000457763672,15200,0.0,0.0
2022-10-28 00:00:00-04:00,23.690000534057617,24.0,23.600000381469727,23.850000381469727,66100,0.0,0.0
2022-10-31 00:00:00-04:00,23.600000381469727,23.770000457763672,23.600000381469727,23.719999313354492,18600,0.0,0.0
2022-11-01 00:00:00-04:00,23.93000030517578,23.93000030517578,23.809999465942383,23.8700008392334,13200,0.0,0.0
2022-11-02 00:00:00-04:00,23.75,23.90999984741211,23.549999237060547,23.549999237060547,28800,0.0,0.0
2022-11-03 00:00:00-04:00,23.520000457763672,23.770000457763672,23.520000457763672,23.690000534057617,12900,0.0,0.0
2022-11-04 00:00:00-04:00,24.020000457763672,24.209999084472656,24.020000457763672,24.139999389648438,54200,0.0,0.0
2022-11-07 00:00:00-05:00,24.200000762939453,24.239999771118164,24.110000610351562,24.190000534057617,22800,0.0,0.0
2022-11-08 00:00:00-05:00,24.25,24.469999313354492,24.25,24.420000076293945,36400,0.0,0.0
2022-11-09 00:00:00-05:00,24.25,24.329999923706055,24.100000381469727,24.1299991607666,27800,0.0,0.0
2022-11-10 00:00:00-05:00,24.5,24.729999542236328,24.5,24.719999313354492,39300,0.0,0.0
2022-11-11 00:00:00-05:00,24.84000015258789,24.84000015258789,24.520000457763672,24.6200008392334,22400,0.0,0.0
2022-11-14 00:00:00-05:00,24.489999771118164,24.489999771118164,24.3700008392334,24.40999984741211,21900,0.0,0.0
2022-11-15 00:00:00-05:00,24.600000381469727,24.600000381469727,24.389999389648438,24.43000030517578,17100,0.0,0.0
2022-11-16 00:00:00-05:00,24.420000076293945,24.450000762939453,24.229999542236328,24.290000915527344,24000,0.0,0.0
2022-11-17 00:00:00-05:00,24.1200008392334,24.139999389648438,24.0,24.049999237060547,23500,0.0,0.0
2022-11-18 00:00:00-05:00,24.149999618530273,24.149999618530273,23.969999313354492,23.969999313354492,27000,0.0,0.0
2022-11-21 00:00:00-05:00,23.829999923706055,23.860000610351562,23.729999542236328,23.75,14500,0.0,0.0
2022-11-22 00:00:00-05:00,23.809999465942383,23.8700008392334,23.790000915527344,23.809999465942383,52300,0.0,0.0
2022-11-23 00:00:00-05:00,23.809999465942383,23.93000030517578,23.75,23.809999465942383,60800,0.0,0.0
2022-11-25 00:00:00-05:00,23.940000534057617,24.149999618530273,23.940000534057617,24.139999389648438,4500,0.0,0.0
2022-11-28 00:00:00-05:00,24.15999984741211,24.270000457763672,24.110000610351562,24.139999389648438,16000,0.0,0.0
2022-11-29 00:00:00-05:00,24.25,24.489999771118164,24.25,24.34000015258789,40300,0.0,0.0
2022-11-30 00:00:00-05:00,24.610000610351562,24.84000015258789,24.40999984741211,24.75,42300,0.0,0.0
2022-12-01 00:00:00-05:00,24.809999465942383,24.850000381469727,24.780000686645508,24.799999237060547,121100,0.0,0.0
2022-12-02 00:00:00-05:00,24.729999542236328,24.770000457763672,24.6200008392334,24.68000030517578,33700,0.0,0.0
2022-12-05 00:00:00-05:00,24.579999923706055,24.579999923706055,24.469999313354492,24.479999542236328,20800,0.0,0.0
2022-12-06 00:00:00-05:00,24.5,24.5,24.31999969482422,24.350000381469727,7500,0.0,0.0
2022-12-07 00:00:00-05:00,24.549999237060547,24.770000457763672,24.530000686645508,24.709999084472656,94100,0.0,0.0
2022-12-08 00:00:00-05:00,24.809999465942383,25.100000381469727,24.809999465942383,24.969999313354492,62500,0.0,0.0
2022-12-09 00:00:00-05:00,24.860000610351562,24.940000534057617,24.760000228881836,24.770000457763672,40100,0.0,0.0
2022-12-12 00:00:00-05:00,24.920000076293945,24.920000076293945,24.700000762939453,24.81999969482422,55200,0.0,0.0
2022-12-13 00:00:00-05:00,25.1200008392334,25.139999389648438,24.959999084472656,25.079999923706055,34500,0.0,0.0
2022-12-14 00:00:00-05:00,25.100000381469727,25.139999389648438,24.959999084472656,24.989999771118164,71700,0.0,0.0
2022-12-15 00:00:00-05:00,21.049999237060547,21.049999237060547,20.549999237060547,20.709999084472656,81900,0.0,0.0
2022-12-16 00:00:00-05:00,20.690000534057617,20.770000457763672,20.579999923706055,20.579999923706055,29000,0.0,0.0
2022-12-19 00:00:00-05:00,20.649999618530273,21.290000915527344,20.6200008392334,20.649999618530273,58600,0.0,0.0
2022-12-20 00:00:00-05:00,20.6200008392334,20.690000534057617,20.579999923706055,20.68000030517578,23900,0.0,0.0
2022-12-21 00:00:00-05:00,20.68000030517578,20.68000030517578,20.489999771118164,20.520000457763672,27400,0.0,0.0
2022-12-22 00:00:00-05:00,20.3700008392334,20.420000076293945,20.209999084472656,20.309999465942383,66600,0.0,0.0
2022-12-23 00:00:00-05:00,20.139999389648438,20.260000228881836,19.969999313354492,20.030000686645508,34300,0.0,0.0
2022-12-27 00:00:00-05:00,20.1299991607666,20.299999237060547,20.1299991607666,20.229999542236328,41400,0.0,0.0
2022-12-28 00:00:00-05:00,20.420000076293945,20.420000076293945,20.1299991607666,20.25,57300,0.0,0.0
2022-12-29 00:00:00-05:00,20.450000762939453,20.450000762939453,20.350000381469727,20.43000030517578,24400,0.0,0.0
2022-12-30 00:00:00-05:00,20.350000381469727,20.350000381469727,20.25,20.299999237060547,47400,0.0,0.0
2023-01-03 00:00:00-05:00,20.459999084472656,20.479999542236328,20.329999923706055,20.34000015258789,30100,0.0,0.0
2023-01-04 00:00:00-05:00,20.31999969482422,20.399999618530273,20.280000686645508,20.31999969482422,42800,0.0,0.0
2023-01-05 00:00:00-05:00,20.25,20.3700008392334,20.25,20.31999969482422,16800,0.0,0.0
2023-01-06 00:00:00-05:00,20.34000015258789,20.489999771118164,20.280000686645508,20.469999313354492,23700,0.0,0.0
2023-01-09 00:00:00-05:00,20.510000228881836,20.709999084472656,20.510000228881836,20.59000015258789,17800,0.0,0.0
2023-01-10 00:00:00-05:00,20.579999923706055,20.649999618530273,20.579999923706055,20.600000381469727,19500,0.0,0.0
2023-01-11 00:00:00-05:00,20.719999313354492,21.1299991607666,20.65999984741211,20.93000030517578,108000,0.0,0.0
2023-01-12 00:00:00-05:00,21.0,21.229999542236328,20.829999923706055,21.06999969482422,43600,0.0,0.0
2023-01-13 00:00:00-05:00,21.350000381469727,21.350000381469727,21.1299991607666,21.25,109300,0.0,0.0
2023-01-17 00:00:00-05:00,21.200000762939453,21.290000915527344,21.110000610351562,21.18000030517578,127300,0.0,0.0
2023-01-18 00:00:00-05:00,21.200000762939453,21.290000915527344,21.18000030517578,21.190000534057617,44700,0.0,0.0
2023-01-19 00:00:00-05:00,21.170000076293945,21.270000457763672,21.170000076293945,21.18000030517578,34600,0.0,0.0
2023-01-20 00:00:00-05:00,21.280000686645508,21.280000686645508,21.190000534057617,21.200000762939453,14400,0.0,0.0
2023-01-23 00:00:00-05:00,21.170000076293945,21.239999771118164,21.170000076293945,21.18000030517578,33300,0.0,0.0
2023-01-24 00:00:00-05:00,21.18000030517578,21.229999542236328,21.030000686645508,21.049999237060547,31300,0.0,0.0
2023-01-25 00:00:00-05:00,20.889999389648438,20.889999389648438,20.68000030517578,20.690000534057617,50800,0.0,0.0
2023-01-26 00:00:00-05:00,20.719999313354492,20.770000457763672,20.65999984741211,20.68000030517578,13600,0.0,0.0
2023-01-27 00:00:00-05:00,20.530000686645508,20.530000686645508,20.170000076293945,20.170000076293945,52900,0.0,0.0
2023-01-30 00:00:00-05:00,20.139999389648438,20.200000762939453,20.139999389648438,20.149999618530273,21200,0.0,0.0
2023-01-31 00:00:00-05:00,20.09000015258789,20.229999542236328,20.049999237060547,20.09000015258789,153800,0.0,0.0
2023-02-01 00:00:00-05:00,20.020000457763672,20.020000457763672,19.770000457763672,19.8799991607666,87300,0.0,0.0
2023-02-02 00:00:00-05:00,19.8700008392334,19.899999618530273,19.81999969482422,19.850000381469727,60000,0.0,0.0
2023-02-03 00:00:00-05:00,19.850000381469727,20.059999465942383,19.850000381469727,19.950000762939453,34900,0.0,0.0
2023-02-06 00:00:00-05:00,19.899999618530273,20.010000228881836,19.829999923706055,19.989999771118164,75300,0.0,0.0
2023-02-07 00:00:00-05:00,20.059999465942383,20.059999465942383,19.920000076293945,19.969999313354492,26600,0.0,0.0
2023-02-08 00:00:00-05:00,20.059999465942383,20.290000915527344,20.059999465942383,20.25,50300,0.0,0.0
2023-02-09 00:00:00-05:00,20.329999923706055,20.360000610351562,20.170000076293945,20.170000076293945,20000,0.0,0.0
2023-02-10 00:00:00-05:00,20.229999542236328,20.329999923706055,20.229999542236328,20.239999771118164,14700,0.0,0.0
2023-02-13 00:00:00-05:00,20.239999771118164,20.239999771118164,20.1299991607666,20.190000534057617,16700,0.0,0.0
2023-02-14 00:00:00-05:00,20.059999465942383,20.239999771118164,20.020000457763672,20.149999618530273,99800,0.0,0.0
2023-02-15 00:00:00-05:00,20.239999771118164,20.350000381469727,20.209999084472656,20.34000015258789,150800,0.0,0.0
2023-02-16 00:00:00-05:00,20.389999389648438,20.399999618530273,20.290000915527344,20.360000610351562,46200,0.0,0.0
2023-02-17 00:00:00-05:00,20.3700008392334,20.3700008392334,20.229999542236328,20.239999771118164,55000,0.0,0.0
2023-02-21 00:00:00-05:00,20.190000534057617,20.190000534057617,20.09000015258789,20.09000015258789,18800,0.0,0.0
2023-02-22 00:00:00-05:00,20.040000915527344,20.040000915527344,19.84000015258789,19.84000015258789,24600,0.0,0.0
2023-02-23 00:00:00-05:00,19.8799991607666,19.979999542236328,19.8799991607666,19.940000534057617,16800,0.0,0.0
2023-02-24 00:00:00-05:00,19.809999465942383,19.90999984741211,19.799999237060547,19.84000015258789,17700,0.0,0.0
2023-02-27 00:00:00-05:00,19.829999923706055,19.950000762939453,19.809999465942383,19.829999923706055,17100,0.0,0.0
2023-02-28 00:00:00-05:00,19.690000534057617,19.799999237060547,19.670000076293945,19.670000076293945,44800,0.0,0.0
2023-03-01 00:00:00-05:00,19.81999969482422,19.950000762939453,19.739999771118164,19.93000030517578,52500,0.0,0.0
2023-03-02 00:00:00-05:00,19.8700008392334,19.950000762939453,19.8700008392334,19.8799991607666,39000,0.0,0.0
2023-03-03 00:00:00-05:00,20.040000915527344,20.239999771118164,20.040000915527344,20.209999084472656,44300,0.0,0.0
2023-03-06 00:00:00-05:00,20.25,20.290000915527344,20.190000534057617,20.209999084472656,13500,0.0,0.0
2023-03-07 00:00:00-05:00,20.229999542236328,20.299999237060547,20.100000381469727,20.110000610351562,26000,0.0,0.0
2023-03-08 00:00:00-05:00,20.260000228881836,20.31999969482422,20.18000030517578,20.18000030517578,16000,0.0,0.0
2023-03-09 00:00:00-05:00,20.100000381469727,20.200000762939453,19.940000534057617,19.979999542236328,23200,0.0,0.0
2023-03-10 00:00:00-05:00,19.950000762939453,19.950000762939453,19.690000534057617,19.700000762939453,32800,0.0,0.0
2023-03-13 00:00:00-04:00,19.540000915527344,19.540000915527344,19.420000076293945,19.420000076293945,14700,0.0,0.0
2023-03-14 00:00:00-04:00,19.450000762939453,19.5,19.3700008392334,19.399999618530273,10800,0.0,0.0
2023-03-15 00:00:00-04:00,19.100000381469727,19.100000381469727,18.90999984741211,18.989999771118164,41700,0.0,0.0
2023-03-16 00:00:00-04:00,19.079999923706055,19.399999618530273,19.0,19.270000457763672,17600,0.0,0.0
2023-03-17 00:00:00-04:00,19.270000457763672,19.299999237060547,19.059999465942383,19.06999969482422,45000,0.0,0.0
2023-03-20 00:00:00-04:00,19.549999237060547,19.549999237060547,19.110000610351562,19.170000076293945,16900,0.0,0.0
2023-03-21 00:00:00-04:00,19.25,19.290000915527344,19.149999618530273,19.149999618530273,22000,0.0,0.0
2023-03-22 00:00:00-04:00,19.260000228881836,19.399999618530273,19.239999771118164,19.239999771118164,23100,0.0,0.0
2023-03-23 00:00:00-04:00,19.25,19.350000381469727,19.15999984741211,19.209999084472656,16300,0.0,0.0
2023-03-24 00:00:00-04:00,19.15999984741211,19.15999984741211,18.950000762939453,19.079999923706055,12600,0.0,0.0
2023-03-27 00:00:00-04:00,19.1200008392334,19.190000534057617,19.09000015258789,19.15999984741211,10800,0.0,0.0
2023-03-28 00:00:00-04:00,19.040000915527344,19.079999923706055,18.950000762939453,18.989999771118164,22400,0.0,0.0
2023-03-29 00:00:00-04:00,19.1299991607666,19.18000030517578,19.020000457763672,19.149999618530273,10800,0.0,0.0
2023-03-30 00:00:00-04:00,19.229999542236328,19.270000457763672,19.209999084472656,19.219999313354492,2800,0.0,0.0
2023-03-31 00:00:00-04:00,19.31999969482422,19.489999771118164,19.31999969482422,19.459999084472656,9100,0.0,0.0
2023-04-03 00:00:00-04:00,19.489999771118164,19.530000686645508,19.489999771118164,19.530000686645508,3900,0.0,0.0
2023-04-04 00:00:00-04:00,19.610000610351562,19.6200008392334,19.549999237060547,19.559999465942383,6900,0.0,0.0
2023-04-05 00:00:00-04:00,19.56999969482422,19.6200008392334,19.489999771118164,19.489999771118164,19000,0.0,0.0
2023-04-06 00:00:00-04:00,19.530000686645508,19.59000015258789,19.510000228881836,19.559999465942383,4300,0.0,0.0
2023-04-10 00:00:00-04:00,19.530000686645508,19.75,19.530000686645508,19.549999237060547,23200,0.0,0.0
2023-04-11 00:00:00-04:00,19.649999618530273,19.649999618530273,19.549999237060547,19.56999969482422,35600,0.0,0.0
2023-04-12 00:00:00-04:00,19.770000457763672,19.770000457763672,19.600000381469727,19.6299991607666,25700,0.0,0.0
2023-04-13 00:00:00-04:00,19.670000076293945,19.729999542236328,19.670000076293945,19.670000076293945,23200,0.0,0.0
2023-04-14 00:00:00-04:00,19.700000762939453,19.729999542236328,19.600000381469727,19.6299991607666,19700,0.0,0.0
2023-04-17 00:00:00-04:00,19.75,19.75,19.520000457763672,19.530000686645508,31700,0.0,0.0
2023-04-18 00:00:00-04:00,19.530000686645508,19.549999237060547,19.43000030517578,19.469999313354492,23000,0.0,0.0
2023-04-19 00:00:00-04:00,19.399999618530273,19.469999313354492,19.360000610351562,19.399999618530273,37400,0.0,0.0
2023-04-20 00:00:00-04:00,19.43000030517578,19.5,19.420000076293945,19.43000030517578,14000,0.0,0.0
2023-04-21 00:00:00-04:00,19.389999389648438,19.549999237060547,19.3700008392334,19.399999618530273,27200,0.0,0.0
2023-04-24 00:00:00-04:00,19.450000762939453,19.510000228881836,19.440000534057617,19.450000762939453,28100,0.0,0.0
2023-04-25 00:00:00-04:00,19.540000915527344,19.540000915527344,19.3700008392334,19.389999389648438,32900,0.0,0.0
2023-04-26 00:00:00-04:00,19.440000534057617,19.540000915527344,19.43000030517578,19.489999771118164,24600,0.0,0.0
2023-04-27 00:00:00-04:00,19.549999237060547,19.670000076293945,19.549999237060547,19.639999389648438,24500,0.0,0.0
2023-04-28 00:00:00-04:00,19.709999084472656,19.829999923706055,19.709999084472656,19.809999465942383,27800,0.0,0.0
2023-05-01 00:00:00-04:00,19.81999969482422,19.90999984741211,19.809999465942383,19.860000610351562,254900,0.0,0.0
2023-05-02 00:00:00-04:00,19.84000015258789,19.860000610351562,19.799999237060547,19.809999465942383,31800,0.0,0.0
2023-05-03 00:00:00-04:00,19.860000610351562,19.899999618530273,19.809999465942383,19.809999465942383,28200,0.0,0.0
2023-05-04 00:00:00-04:00,19.920000076293945,20.0,19.899999618530273,19.950000762939453,20300,0.0,0.0
2023-05-05 00:00:00-04:00,19.969999313354492,20.100000381469727,19.959999084472656,20.049999237060547,70400,0.0,0.0
2023-05-08 00:00:00-04:00,20.18000030517578,20.229999542236328,20.15999984741211,20.170000076293945,21300,0.0,0.0
2023-05-09 00:00:00-04:00,20.09000015258789,20.15999984741211,20.079999923706055,20.110000610351562,38700,0.0,0.0
2023-05-10 00:00:00-04:00,20.209999084472656,20.350000381469727,20.209999084472656,20.31999969482422,81700,0.0,0.0
2023-05-11 00:00:00-04:00,20.18000030517578,20.239999771118164,20.15999984741211,20.15999984741211,27500,0.0,0.0
2023-05-12 00:00:00-04:00,20.1299991607666,20.200000762939453,20.1299991607666,20.139999389648438,29400,0.0,0.0
2023-05-15 00:00:00-04:00,20.170000076293945,20.3700008392334,20.170000076293945,20.290000915527344,11600,0.0,0.0
2023-05-16 00:00:00-04:00,20.280000686645508,20.299999237060547,20.149999618530273,20.15999984741211,31100,0.0,0.0
2023-05-17 00:00:00-04:00,20.1299991607666,20.170000076293945,19.889999389648438,20.09000015258789,34400,0.0,0.0
2023-05-18 00:00:00-04:00,19.979999542236328,19.979999542236328,19.860000610351562,19.940000534057617,21100,0.0,0.0
2023-05-19 00:00:00-04:00,20.010000228881836,20.010000228881836,19.950000762939453,19.959999084472656,25000,0.0,0.0
2023-05-22 00:00:00-04:00,20.110000610351562,20.190000534057617,20.100000381469727,20.170000076293945,10800,0.0,0.0
2023-05-23 00:00:00-04:00,20.1200008392334,20.1299991607666,20.079999923706055,20.079999923706055,9000,0.0,0.0
2023-05-24 00:00:00-04:00,20.1299991607666,20.149999618530273,20.100000381469727,20.139999389648438,7700,0.0,0.0
2023-05-25 00:00:00-04:00,20.190000534057617,20.360000610351562,20.139999389648438,20.200000762939453,14200,0.0,0.0
2023-05-26 00:00:00-04:00,20.34000015258789,20.59000015258789,20.34000015258789,20.510000228881836,23600,0.0,0.0
2023-05-30 00:00:00-04:00,20.530000686645508,20.530000686645508,20.329999923706055,20.350000381469727,30000,0.0,0.0
2023-05-31 00:00:00-04:00,20.31999969482422,20.399999618530273,20.229999542236328,20.31999969482422,13400,0.0,0.0
2023-06-01 00:00:00-04:00,20.3700008392334,20.709999084472656,20.280000686645508,20.5,112100,0.0,0.0
2023-06-02 00:00:00-04:00,20.559999465942383,20.729999542236328,20.540000915527344,20.729999542236328,41400,0.0,0.0
2023-06-05 00:00:00-04:00,20.65999984741211,20.709999084472656,20.510000228881836,20.65999984741211,15700,0.0,0.0
2023-06-06 00:00:00-04:00,20.690000534057617,20.850000381469727,20.690000534057617,20.84000015258789,20000,0.0,0.0
2023-06-07 00:00:00-04:00,20.90999984741211,21.020000457763672,20.8799991607666,20.979999542236328,15800,0.0,0.0
2023-06-08 00:00:00-04:00,20.889999389648438,20.989999771118164,20.75,20.93000030517578,22900,0.0,0.0
2023-06-09 00:00:00-04:00,20.860000610351562,20.989999771118164,20.860000610351562,20.899999618530273,20700,0.0,0.0
2023-06-12 00:00:00-04:00,20.889999389648438,21.030000686645508,20.84000015258789,20.950000762939453,12500,0.0,0.0
2023-06-13 00:00:00-04:00,21.049999237060547,21.139999389648438,21.030000686645508,21.06999969482422,49800,0.0,0.0
2023-06-14 00:00:00-04:00,21.09000015258789,21.190000534057617,21.09000015258789,21.15999984741211,24500,0.0,0.0
2023-06-15 00:00:00-04:00,21.1200008392334,21.190000534057617,21.1200008392334,21.170000076293945,44000,0.0,0.0
2023-06-16 00:00:00-04:00,21.219999313354492,21.420000076293945,21.219999313354492,21.239999771118164,41500,0.0,0.0
2023-06-20 00:00:00-04:00,21.170000076293945,21.31999969482422,21.09000015258789,21.15999984741211,31200,0.0,0.0
2023-06-21 00:00:00-04:00,21.15999984741211,21.34000015258789,21.15999984741211,21.260000228881836,21700,0.0,0.0
2023-06-22 00:00:00-04:00,21.229999542236328,21.280000686645508,21.209999084472656,21.229999542236328,21000,0.0,0.0
2023-06-23 00:00:00-04:00,21.1200008392334,21.219999313354492,20.969999313354492,21.049999237060547,52700,0.0,0.0
2023-06-26 00:00:00-04:00,21.1200008392334,21.170000076293945,21.079999923706055,21.1299991607666,31500,0.0,0.0
2023-06-27 00:00:00-04:00,21.18000030517578,21.280000686645508,21.149999618530273,21.280000686645508,43900,0.0,0.0
2023-06-28 00:00:00-04:00,21.389999389648438,21.510000228881836,21.389999389648438,21.459999084472656,24200,0.0,0.0
2023-06-29 00:00:00-04:00,21.469999313354492,21.489999771118164,21.40999984741211,21.459999084472656,25700,0.0,0.0
2023-06-30 00:00:00-04:00,21.510000228881836,21.690000534057617,21.510000228881836,21.670000076293945,38300,0.0,0.0
2023-07-03 00:00:00-04:00,21.709999084472656,21.760000228881836,21.649999618530273,21.75,30500,0.0,0.0
2023-07-05 00:00:00-04:00,21.809999465942383,21.809999465942383,21.760000228881836,21.760000228881836,25300,0.0,0.0
2023-07-06 00:00:00-04:00,21.68000030517578,21.729999542236328,21.56999969482422,21.639999389648438,19800,0.0,0.0
2023-07-07 00:00:00-04:00,21.65999984741211,21.670000076293945,21.649999618530273,21.649999618530273,8000,0.0,0.0
2023-07-10 00:00:00-04:00,21.559999465942383,21.780000686645508,21.559999465942383,21.639999389648438,49300,0.0,0.0
2023-07-11 00:00:00-04:00,21.809999465942383,21.809999465942383,21.739999771118164,21.75,58200,0.0,0.0
2023-07-12 00:00:00-04:00,21.84000015258789,21.90999984741211,21.84000015258789,21.889999389648438,18500,0.0,0.0
2023-07-13 00:00:00-04:00,21.899999618530273,22.059999465942383,21.899999618530273,22.040000915527344,53600,0.0,0.0
2023-07-14 00:00:00-04:00,22.139999389648438,22.600000381469727,22.06999969482422,22.110000610351562,34500,0.0,0.0
2023-07-17 00:00:00-04:00,22.239999771118164,22.25,22.15999984741211,22.219999313354492,28100,0.0,0.0
2023-07-18 00:00:00-04:00,22.34000015258789,22.34000015258789,22.25,22.25,27000,0.0,0.0
2023-07-19 00:00:00-04:00,22.329999923706055,22.420000076293945,22.329999923706055,22.3799991607666,36300,0.0,0.0
2023-07-20 00:00:00-04:00,22.3799991607666,22.3799991607666,22.280000686645508,22.290000915527344,31100,0.0,0.0
2023-07-21 00:00:00-04:00,22.389999389648438,22.389999389648438,22.260000228881836,22.270000457763672,25000,0.0,0.0
2023-07-24 00:00:00-04:00,22.290000915527344,22.360000610351562,22.290000915527344,22.290000915527344,8200,0.0,0.0
2023-07-25 00:00:00-04:00,22.360000610351562,22.450000762939453,22.350000381469727,22.399999618530273,39500,0.0,0.0
2023-07-26 00:00:00-04:00,22.450000762939453,22.510000228881836,22.43000030517578,22.479999542236328,36400,0.0,0.0
2023-07-27 00:00:00-04:00,22.510000228881836,22.510000228881836,22.25,22.31999969482422,55400,0.0,0.0
2023-07-28 00:00:00-04:00,22.440000534057617,22.459999084472656,22.40999984741211,22.43000030517578,42000,0.0,0.0
2023-07-31 00:00:00-04:00,22.43000030517578,22.540000915527344,22.43000030517578,22.5,42300,0.0,0.0
2023-08-01 00:00:00-04:00,22.5,22.5,22.270000457763672,22.34000015258789,21600,0.0,0.0
2023-08-02 00:00:00-04:00,22.309999465942383,22.31999969482422,22.040000915527344,22.079999923706055,15300,0.0,0.0
2023-08-03 00:00:00-04:00,22.3799991607666,22.600000381469727,21.950000762939453,21.969999313354492,32000,0.0,0.0
2023-08-04 00:00:00-04:00,22.079999923706055,22.290000915527344,22.079999923706055,22.25,20200,0.0,0.0
2023-08-07 00:00:00-04:00,22.350000381469727,22.350000381469727,22.200000762939453,22.280000686645508,9700,0.0,0.0
2023-08-08 00:00:00-04:00,22.200000762939453,22.200000762939453,22.139999389648438,22.15999984741211,26500,0.0,0.0
2023-08-09 00:00:00-04:00,22.209999084472656,22.280000686645508,22.209999084472656,22.25,7200,0.0,0.0
2023-08-10 00:00:00-04:00,22.270000457763672,22.299999237060547,22.15999984741211,22.15999984741211,21600,0.0,0.0
2023-08-11 00:00:00-04:00,22.139999389648438,22.149999618530273,22.049999237060547,22.059999465942383,12200,0.0,0.0
2023-08-14 00:00:00-04:00,21.969999313354492,21.979999542236328,21.850000381469727,21.940000534057617,19800,0.0,0.0
2023-08-15 00:00:00-04:00,21.809999465942383,21.959999084472656,21.809999465942383,21.889999389648438,24900,0.0,0.0
2023-08-16 00:00:00-04:00,21.969999313354492,22.06999969482422,21.959999084472656,22.0,6800,0.0,0.0
2023-08-17 00:00:00-04:00,22.110000610351562,22.1299991607666,21.8700008392334,21.8700008392334,27100,0.0,0.0
2023-08-18 00:00:00-04:00,21.770000457763672,22.030000686645508,21.770000457763672,21.899999618530273,7100,0.0,0.0
2023-08-21 00:00:00-04:00,21.90999984741211,22.280000686645508,21.760000228881836,21.969999313354492,9900,0.0,0.0
2023-08-22 00:00:00-04:00,21.989999771118164,22.0,21.950000762939453,21.979999542236328,15500,0.0,0.0
2023-08-23 00:00:00-04:00,22.15999984741211,22.309999465942383,22.15999984741211,22.25,12700,0.0,0.0
2023-08-24 00:00:00-04:00,22.15999984741211,22.209999084472656,22.110000610351562,22.170000076293945,16200,0.0,0.0
2023-08-25 00:00:00-04:00,22.280000686645508,22.280000686645508,22.020000457763672,22.149999618530273,24800,0.0,0.0
2023-08-28 00:00:00-04:00,22.190000534057617,22.299999237060547,22.190000534057617,22.239999771118164,17100,0.0,0.0
2023-08-29 00:00:00-04:00,22.280000686645508,22.65999984741211,22.280000686645508,22.399999618530273,32500,0.0,0.0
2023-08-30 00:00:00-04:00,22.40999984741211,22.459999084472656,22.239999771118164,22.389999389648438,20100,0.0,0.0
2023-08-31 00:00:00-04:00,22.469999313354492,22.469999313354492,22.25,22.270000457763672,16300,0.0,0.0
2023-09-01 00:00:00-04:00,22.40999984741211,22.469999313354492,22.3799991607666,22.389999389648438,23700,0.0,0.0
2023-09-05 00:00:00-04:00,22.440000534057617,22.5,22.440000534057617,22.479999542236328,40000,0.0,0.0
2023-09-06 00:00:00-04:00,22.450000762939453,22.450000762939453,22.31999969482422,22.360000610351562,25400,0.0,0.0
2023-09-07 00:00:00-04:00,22.40999984741211,22.5,22.399999618530273,22.469999313354492,16400,0.0,0.0
2023-09-08 00:00:00-04:00,22.6200008392334,22.670000076293945,22.579999923706055,22.649999618530273,10600,0.0,0.0
2023-09-11 00:00:00-04:00,22.84000015258789,22.8700008392334,22.81999969482422,22.829999923706055,28200,0.0,0.0
2023-09-12 00:00:00-04:00,22.729999542236328,22.729999542236328,22.65999984741211,22.719999313354492,24900,0.0,0.0
2023-09-13 00:00:00-04:00,22.729999542236328,22.799999237060547,22.690000534057617,22.709999084472656,7500,0.0,0.0
2023-09-14 00:00:00-04:00,22.770000457763672,22.8700008392334,22.770000457763672,22.84000015258789,33100,0.0,0.0
2023-09-15 00:00:00-04:00,22.84000015258789,22.860000610351562,22.700000762939453,22.700000762939453,13900,0.0,0.0
2023-09-18 00:00:00-04:00,22.809999465942383,22.809999465942383,22.760000228881836,22.790000915527344,8500,0.0,0.0
2023-09-19 00:00:00-04:00,22.850000381469727,22.850000381469727,22.350000381469727,22.639999389648438,44500,0.0,0.0
2023-09-20 00:00:00-04:00,22.649999618530273,22.719999313354492,22.6200008392334,22.6200008392334,22900,0.0,0.0
2023-09-21 00:00:00-04:00,22.489999771118164,22.489999771118164,22.399999618530273,22.43000030517578,12000,0.0,0.0
2023-09-22 00:00:00-04:00,22.5,22.549999237060547,22.3799991607666,22.389999389648438,21400,0.0,0.0
2023-09-25 00:00:00-04:00,22.350000381469727,22.549999237060547,22.34000015258789,22.5,17900,0.0,0.0
2023-09-26 00:00:00-04:00,22.3700008392334,22.389999389648438,22.260000228881836,22.260000228881836,13600,0.0,0.0
2023-09-27 00:00:00-04:00,22.450000762939453,22.479999542236328,22.3799991607666,22.459999084472656,40900,0.0,0.0
2023-09-28 00:00:00-04:00,22.239999771118164,22.399999618530273,22.239999771118164,22.280000686645508,46400,0.0,0.0
2023-09-29 00:00:00-04:00,22.489999771118164,22.489999771118164,22.34000015258789,22.350000381469727,9200,0.0,0.0
2023-10-02 00:00:00-04:00,22.399999618530273,22.5,22.329999923706055,22.350000381469727,44000,0.0,0.0
2023-10-03 00:00:00-04:00,22.350000381469727,22.350000381469727,22.219999313354492,22.219999313354492,15500,0.0,0.0
2023-10-04 00:00:00-04:00,22.40999984741211,22.40999984741211,22.25,22.309999465942383,12700,0.0,0.0
2023-10-05 00:00:00-04:00,22.290000915527344,22.31999969482422,22.229999542236328,22.299999237060547,21900,0.0,0.0
2023-10-06 00:00:00-04:00,22.239999771118164,22.469999313354492,22.239999771118164,22.459999084472656,53500,0.0,0.0
2023-10-09 00:00:00-04:00,22.219999313354492,22.479999542236328,22.18000030517578,22.219999313354492,36500,0.0,0.0
2023-10-10 00:00:00-04:00,22.31999969482422,22.530000686645508,22.31999969482422,22.479999542236328,29300,0.0,0.0
2023-10-11 00:00:00-04:00,22.579999923706055,22.579999923706055,22.450000762939453,22.5,15300,0.0,0.0
2023-10-12 00:00:00-04:00,22.479999542236328,22.479999542236328,22.280000686645508,22.299999237060547,25000,0.0,0.0
2023-10-13 00:00:00-04:00,22.360000610351562,22.489999771118164,22.290000915527344,22.290000915527344,18300,0.0,0.0
2023-10-16 00:00:00-04:00,22.360000610351562,22.450000762939453,22.309999465942383,22.31999969482422,32000,0.0,0.0
2023-10-17 00:00:00-04:00,22.389999389648438,22.450000762939453,22.299999237060547,22.34000015258789,41600,0.0,0.0
2023-10-18 00:00:00-04:00,22.329999923706055,22.329999923706055,22.139999389648438,22.139999389648438,25400,0.0,0.0
2023-10-19 00:00:00-04:00,22.190000534057617,22.329999923706055,22.15999984741211,22.18000030517578,21500,0.0,0.0
2023-10-20 00:00:00-04:00,22.06999969482422,22.09000015258789,21.920000076293945,21.920000076293945,33200,0.0,0.0
2023-10-23 00:00:00-04:00,21.81999969482422,21.8700008392334,21.649999618530273,21.68000030517578,21400,0.0,0.0
2023-10-24 00:00:00-04:00,21.68000030517578,21.889999389648438,21.6299991607666,21.6299991607666,43500,0.0,0.0
2023-10-25 00:00:00-04:00,21.6299991607666,21.850000381469727,21.290000915527344,21.3700008392334,51600,0.0,0.0
2023-10-26 00:00:00-04:00,21.190000534057617,21.190000534057617,21.079999923706055,21.079999923706055,15200,0.0,0.0
2023-10-27 00:00:00-04:00,21.190000534057617,21.3799991607666,21.190000534057617,21.209999084472656,37300,0.0,0.0
2023-10-30 00:00:00-04:00,21.25,21.510000228881836,21.25,21.469999313354492,25800,0.0,0.0
2023-10-31 00:00:00-04:00,21.309999465942383,21.43000030517578,21.280000686645508,21.399999618530273,17400,0.0,0.0
2023-11-01 00:00:00-04:00,21.350000381469727,21.540000915527344,21.350000381469727,21.479999542236328,52300,0.0,0.0
2023-11-02 00:00:00-04:00,21.559999465942383,21.68000030517578,21.559999465942383,21.6299991607666,73400,0.0,0.0
2023-11-03 00:00:00-04:00,21.75,22.020000457763672,21.719999313354492,21.799999237060547,55600,0.0,0.0
2023-11-06 00:00:00-05:00,21.860000610351562,21.959999084472656,21.860000610351562,21.8799991607666,18100,0.0,0.0
2023-11-07 00:00:00-05:00,22.030000686645508,22.030000686645508,21.940000534057617,21.959999084472656,21900,0.0,0.0
2023-11-08 00:00:00-05:00,22.010000228881836,22.09000015258789,21.899999618530273,22.0,42900,0.0,0.0
2023-11-09 00:00:00-05:00,22.030000686645508,22.030000686645508,21.809999465942383,21.84000015258789,53900,0.0,0.0
2023-11-10 00:00:00-05:00,21.979999542236328,22.280000686645508,21.979999542236328,22.170000076293945,56200,0.0,0.0
2023-11-13 00:00:00-05:00,22.030000686645508,22.149999618530273,22.030000686645508,22.049999237060547,43100,0.0,0.0
2023-11-14 00:00:00-05:00,22.209999084472656,22.3700008392334,22.209999084472656,22.34000015258789,96100,0.0,0.0
2023-11-15 00:00:00-05:00,22.360000610351562,22.43000030517578,22.290000915527344,22.299999237060547,65400,0.0,0.0
2023-11-16 00:00:00-05:00,22.34000015258789,22.3700008392334,22.260000228881836,22.329999923706055,44400,0.0,0.0
2023-11-17 00:00:00-05:00,22.43000030517578,22.649999618530273,22.350000381469727,22.389999389648438,24700,0.0,0.0
2023-11-20 00:00:00-05:00,22.350000381469727,22.440000534057617,22.350000381469727,22.3799991607666,24000,0.0,0.0
2023-11-21 00:00:00-05:00,22.34000015258789,22.399999618530273,22.34000015258789,22.3799991607666,32200,0.0,0.0
2023-11-22 00:00:00-05:00,22.360000610351562,22.3700008392334,22.25,22.299999237060547,63200,0.0,0.0
2023-11-24 00:00:00-05:00,22.25,22.34000015258789,22.25,22.329999923706055,39500,0.0,0.0
2023-11-27 00:00:00-05:00,22.309999465942383,22.360000610351562,22.299999237060547,22.299999237060547,11300,0.0,0.0
2023-11-28 00:00:00-05:00,22.329999923706055,22.520000457763672,22.329999923706055,22.5,36900,0.0,0.0
2023-11-29 00:00:00-05:00,22.5,22.549999237060547,22.459999084472656,22.510000228881836,88800,0.0,0.0
2023-11-30 00:00:00-05:00,22.68000030517578,22.790000915527344,22.65999984741211,22.75,37200,0.0,0.0
2023-12-01 00:00:00-05:00,22.65999984741211,22.969999313354492,22.65999984741211,22.950000762939453,43100,0.0,0.0
2023-12-04 00:00:00-05:00,23.1200008392334,23.3700008392334,23.1200008392334,23.350000381469727,99700,0.0,0.0
2023-12-05 00:00:00-05:00,23.530000686645508,23.649999618530273,23.450000762939453,23.559999465942383,66300,0.0,0.0
2023-12-06 00:00:00-05:00,23.65999984741211,23.989999771118164,23.649999618530273,23.829999923706055,97400,0.0,0.0
2023-12-07 00:00:00-05:00,23.950000762939453,24.020000457763672,23.84000015258789,23.959999084472656,86800,0.0,0.0
2023-12-08 00:00:00-05:00,23.850000381469727,24.1200008392334,23.850000381469727,24.0,121700,0.0,0.0
2023-12-11 00:00:00-05:00,24.020000457763672,24.170000076293945,23.989999771118164,24.1200008392334,37600,0.0,0.0
2023-12-12 00:00:00-05:00,24.1299991607666,24.209999084472656,23.989999771118164,24.040000915527344,139900,0.0,0.0
2023-12-13 00:00:00-05:00,24.049999237060547,24.40999984741211,24.020000457763672,24.309999465942383,239400,0.0,0.0
2023-12-14 00:00:00-05:00,21.420000076293945,21.440000534057617,21.139999389648438,21.31999969482422,230500,0.0,0.0
2023-12-15 00:00:00-05:00,21.329999923706055,21.43000030517578,21.299999237060547,21.350000381469727,138300,0.0,0.0
2023-12-18 00:00:00-05:00,21.450000762939453,21.479999542236328,21.350000381469727,21.440000534057617,77500,0.0,0.0
2023-12-19 00:00:00-05:00,21.5,21.56999969482422,21.459999084472656,21.489999771118164,78500,0.0,0.0
2023-12-20 00:00:00-05:00,21.40999984741211,21.479999542236328,20.889999389648438,20.90999984741211,130000,0.0,0.0
2023-12-21 00:00:00-05:00,21.079999923706055,21.290000915527344,21.079999923706055,21.229999542236328,47900,0.0,0.0
2023-12-22 00:00:00-05:00,21.389999389648438,21.520000457763672,21.229999542236328,21.360000610351562,61200,0.0,0.0
2023-12-26 00:00:00-05:00,21.56999969482422,21.56999969482422,21.350000381469727,21.3799991607666,37500,0.0,0.0
2023-12-27 00:00:00-05:00,21.420000076293945,21.520000457763672,21.420000076293945,21.469999313354492,32500,0.0,0.0
2023-12-28 00:00:00-05:00,21.6299991607666,21.780000686645508,21.5,21.549999237060547,47500,0.0,0.0
2023-12-29 00:00:00-05:00,21.559999465942383,21.579999923706055,21.469999313354492,21.469999313354492,26000,0.0,0.0
2024-01-02 00:00:00-05:00,21.459999084472656,21.59000015258789,21.3799991607666,21.399999618530273,68200,0.0,0.0
2024-01-03 00:00:00-05:00,21.40999984741211,21.5,21.3799991607666,21.3799991607666,43500,0.0,0.0
2024-01-04 00:00:00-05:00,21.510000228881836,21.709999084472656,21.510000228881836,21.700000762939453,28900,0.0,0.0
2024-01-05 00:00:00-05:00,21.649999618530273,21.90999984741211,21.649999618530273,21.799999237060547,66000,0.0,0.0
2024-01-08 00:00:00-05:00,21.84000015258789,21.84000015258789,21.75,21.799999237060547,16300,0.0,0.0
2024-01-09 00:00:00-05:00,21.719999313354492,21.81999969482422,21.700000762939453,21.719999313354492,18300,0.0,0.0
2024-01-10 00:00:00-05:00,21.8700008392334,22.0,21.829999923706055,21.889999389648438,65200,0.0,0.0
2024-01-11 00:00:00-05:00,21.90999984741211,21.940000534057617,21.829999923706055,21.920000076293945,48000,0.0,0.0
2024-01-12 00:00:00-05:00,22.530000686645508,22.670000076293945,22.399999618530273,22.540000915527344,119200,0.0,0.0
2024-01-16 00:00:00-05:00,22.5,22.93000030517578,22.5,22.59000015258789,180600,0.0,0.0
2024-01-17 00:00:00-05:00,22.350000381469727,22.350000381469727,22.1299991607666,22.15999984741211,65300,0.0,0.0
2024-01-18 00:00:00-05:00,22.18000030517578,22.440000534057617,22.18000030517578,22.270000457763672,49800,0.0,0.0
2024-01-19 00:00:00-05:00,22.360000610351562,22.950000762939453,22.31999969482422,22.420000076293945,26600,0.0,0.0
2024-01-22 00:00:00-05:00,22.489999771118164,22.6299991607666,22.489999771118164,22.56999969482422,28100,0.0,0.0
2024-01-23 00:00:00-05:00,22.3700008392334,22.389999389648438,22.149999618530273,22.18000030517578,53300,0.0,0.0
2024-01-24 00:00:00-05:00,22.389999389648438,22.420000076293945,22.280000686645508,22.299999237060547,47600,0.0,0.0
2024-01-25 00:00:00-05:00,22.299999237060547,22.299999237060547,22.09000015258789,22.15999984741211,22300,0.0,0.0
2024-01-26 00:00:00-05:00,22.219999313354492,22.229999542236328,22.1299991607666,22.149999618530273,67300,0.0,0.0
2024-01-29 00:00:00-05:00,22.329999923706055,22.559999465942383,22.31999969482422,22.469999313354492,37800,0.0,0.0
2024-01-30 00:00:00-05:00,22.399999618530273,22.399999618530273,22.139999389648438,22.260000228881836,28100,0.0,0.0
2024-01-31 00:00:00-05:00,22.43000030517578,22.530000686645508,22.43000030517578,22.459999084472656,30000,0.0,0.0
2024-02-01 00:00:00-05:00,22.600000381469727,22.709999084472656,22.520000457763672,22.700000762939453,32700,0.0,0.0
2024-02-02 00:00:00-05:00,22.75,22.809999465942383,22.639999389648438,22.729999542236328,47100,0.0,0.0
2024-02-05 00:00:00-05:00,22.81999969482422,22.829999923706055,22.540000915527344,22.540000915527344,68900,0.0,0.0
2024-02-06 00:00:00-05:00,22.59000015258789,22.860000610351562,22.59000015258789,22.770000457763672,59500,0.0,0.0
2024-02-07 00:00:00-05:00,22.860000610351562,23.15999984741211,22.770000457763672,22.8700008392334,43000,0.0,0.0
2024-02-08 00:00:00-05:00,22.850000381469727,22.90999984741211,22.700000762939453,22.719999313354492,25700,0.0,0.0
2024-02-09 00:00:00-05:00,22.8700008392334,22.8700008392334,22.729999542236328,22.760000228881836,32700,0.0,0.0
2024-02-12 00:00:00-05:00,22.68000030517578,22.829999923706055,22.559999465942383,22.579999923706055,72600,0.0,0.0
2024-02-13 00:00:00-05:00,22.56999969482422,22.610000610351562,22.43000030517578,22.489999771118164,47300,0.0,0.0
2024-02-14 00:00:00-05:00,22.540000915527344,22.950000762939453,22.540000915527344,22.920000076293945,34800,0.0,0.0
2024-02-15 00:00:00-05:00,22.979999542236328,23.149999618530273,22.920000076293945,23.030000686645508,59600,0.0,0.0
2024-02-16 00:00:00-05:00,23.010000228881836,23.15999984741211,22.959999084472656,23.110000610351562,37600,0.0,0.0
2024-02-20 00:00:00-05:00,23.399999618530273,23.399999618530273,23.190000534057617,23.200000762939453,75100,0.0,0.0
2024-02-21 00:00:00-05:00,23.079999923706055,23.299999237060547,22.989999771118164,23.010000228881836,47900,0.0,0.0
2024-02-22 00:00:00-05:00,23.170000076293945,23.34000015258789,23.170000076293945,23.299999237060547,33300,0.0,0.0
2024-02-23 00:00:00-05:00,23.270000457763672,23.31999969482422,23.09000015258789,23.18000030517578,63000,0.0,0.0
2024-02-26 00:00:00-05:00,23.100000381469727,23.200000762939453,23.100000381469727,23.1200008392334,26700,0.0,0.0
2024-02-27 00:00:00-05:00,23.15999984741211,23.229999542236328,23.149999618530273,23.190000534057617,27800,0.0,0.0
2024-02-28 00:00:00-05:00,23.190000534057617,23.290000915527344,22.8799991607666,22.969999313354492,41000,0.0,0.0
2024-02-29 00:00:00-05:00,23.09000015258789,23.1200008392334,23.06999969482422,23.079999923706055,15000,0.0,0.0
2024-03-01 00:00:00-05:00,23.270000457763672,23.440000534057617,23.270000457763672,23.40999984741211,41700,0.0,0.0
2024-03-04 00:00:00-05:00,23.420000076293945,23.469999313354492,23.399999618530273,23.40999984741211,23000,0.0,0.0
2024-03-05 00:00:00-05:00,23.399999618530273,23.399999618530273,23.280000686645508,23.280000686645508,27700,0.0,0.0
2024-03-06 00:00:00-05:00,23.329999923706055,23.450000762939453,23.329999923706055,23.389999389648438,36100,0.0,0.0
2024-03-07 00:00:00-05:00,23.40999984741211,23.440000534057617,23.399999618530273,23.420000076293945,44300,0.0,0.0
2024-03-08 00:00:00-05:00,23.440000534057617,23.489999771118164,23.3799991607666,23.3799991607666,26800,0.0,0.0
2024-03-11 00:00:00-04:00,23.350000381469727,23.350000381469727,23.239999771118164,23.239999771118164,24200,0.0,0.0
2024-03-12 00:00:00-04:00,23.200000762939453,23.280000686645508,23.100000381469727,23.149999618530273,56700,0.0,0.0
2024-03-13 00:00:00-04:00,22.950000762939453,22.950000762939453,22.610000610351562,22.639999389648438,54100,0.0,0.0
2024-03-14 00:00:00-04:00,22.770000457763672,23.239999771118164,22.770000457763672,22.799999237060547,38200,0.0,0.0
2024-03-15 00:00:00-04:00,22.8799991607666,22.8799991607666,22.6299991607666,22.649999618530273,28000,0.0,0.0
2024-03-18 00:00:00-04:00,22.709999084472656,22.75,22.6200008392334,22.6299991607666,51200,0.0,0.0
2024-03-19 00:00:00-04:00,22.530000686645508,22.56999969482422,22.399999618530273,22.420000076293945,32200,0.0,0.0
2024-03-20 00:00:00-04:00,22.459999084472656,22.530000686645508,22.3799991607666,22.459999084472656,67900,0.0,0.0
2024-03-21 00:00:00-04:00,22.559999465942383,22.639999389648438,22.520000457763672,22.540000915527344,41800,0.0,0.0
2024-03-22 00:00:00-04:00,22.549999237060547,22.59000015258789,22.459999084472656,22.469999313354492,30900,0.0,0.0
2024-03-25 00:00:00-04:00,22.479999542236328,22.559999465942383,22.479999542236328,22.5,29800,0.0,0.0
2024-03-26 00:00:00-04:00,22.610000610351562,22.639999389648438,22.579999923706055,22.6200008392334,23000,0.0,0.0
2024-03-27 00:00:00-04:00,22.690000534057617,22.729999542236328,22.65999984741211,22.709999084472656,72000,0.0,0.0
2024-03-28 00:00:00-04:00,22.889999389648438,22.950000762939453,22.889999389648438,22.940000534057617,29600,0.0,0.0
2024-04-01 00:00:00-04:00,23.049999237060547,23.079999923706055,22.93000030517578,22.959999084472656,48400,0.0,0.0
2024-04-02 00:00:00-04:00,23.06999969482422,23.229999542236328,23.0,23.0,14300,0.0,0.0
2024-04-03 00:00:00-04:00,23.010000228881836,23.049999237060547,23.0,23.040000915527344,67800,0.0,0.0
2024-04-04 00:00:00-04:00,23.110000610351562,23.190000534057617,23.0,23.0,57000,0.0,0.0
2024-04-05 00:00:00-04:00,23.139999389648438,23.200000762939453,23.1200008392334,23.15999984741211,34700,0.0,0.0
2024-04-08 00:00:00-04:00,23.309999465942383,23.420000076293945,23.309999465942383,23.34000015258789,54800,0.0,0.0
2024-04-09 00:00:00-04:00,23.360000610351562,23.3700008392334,23.299999237060547,23.34000015258789,67400,0.0,0.0
2024-04-10 00:00:00-04:00,23.219999313354492,23.299999237060547,23.219999313354492,23.239999771118164,31600,0.0,0.0
2024-04-11 00:00:00-04:00,23.299999237060547,23.34000015258789,23.209999084472656,23.299999237060547,33800,0.0,0.0
2024-04-12 00:00:00-04:00,23.200000762939453,23.299999237060547,22.950000762939453,22.959999084472656,43500,0.0,0.0
2024-04-15 00:00:00-04:00,22.989999771118164,23.020000457763672,22.799999237060547,22.799999237060547,21000,0.0,0.0
2024-04-16 00:00:00-04:00,22.690000534057617,22.729999542236328,22.639999389648438,22.649999618530273,16100,0.0,0.0
2024-04-17 00:00:00-04:00,22.670000076293945,22.670000076293945,22.530000686645508,22.579999923706055,35000,0.0,0.0
2024-04-18 00:00:00-04:00,22.59000015258789,22.65999984741211,22.59000015258789,22.600000381469727,23300,0.0,0.0
2024-04-19 00:00:00-04:00,22.65999984741211,22.760000228881836,22.65999984741211,22.709999084472656,24000,0.0,0.0
2024-04-22 00:00:00-04:00,22.860000610351562,23.1200008392334,22.860000610351562,23.100000381469727,40000,0.0,0.0
2024-04-23 00:00:00-04:00,23.190000534057617,23.219999313354492,23.09000015258789,23.209999084472656,26000,0.0,0.0
2024-04-24 00:00:00-04:00,23.170000076293945,23.229999542236328,23.170000076293945,23.200000762939453,8300,0.0,0.0
2024-04-25 00:00:00-04:00,23.170000076293945,23.31999969482422,23.100000381469727,23.280000686645508,16800,0.0,0.0
2024-04-26 00:00:00-04:00,23.360000610351562,23.440000534057617,23.329999923706055,23.420000076293945,27600,0.0,0.0
2024-04-29 00:00:00-04:00,23.459999084472656,23.579999923706055,23.459999084472656,23.489999771118164,28800,0.0,0.0
2024-04-30 00:00:00-04:00,23.450000762939453,23.5,23.360000610351562,23.440000534057617,20100,0.0,0.0
2024-05-01 00:00:00-04:00,23.479999542236328,23.65999984741211,23.479999542236328,23.530000686645508,17200,0.0,0.0
2024-05-02 00:00:00-04:00,23.6200008392334,23.850000381469727,23.6200008392334,23.75,31000,0.0,0.0
2024-05-03 00:00:00-04:00,23.770000457763672,23.81999969482422,23.670000076293945,23.739999771118164,20000,0.0,0.0
2024-05-06 00:00:00-04:00,23.790000915527344,23.860000610351562,23.690000534057617,23.760000228881836,96100,0.0,0.0
2024-05-07 00:00:00-04:00,23.6200008392334,23.700000762939453,23.510000228881836,23.559999465942383,49200,0.0,0.0
2024-05-08 00:00:00-04:00,23.5,23.639999389648438,23.5,23.59000015258789,23700,0.0,0.0
2024-05-09 00:00:00-04:00,23.549999237060547,23.549999237060547,23.239999771118164,23.3700008392334,33700,0.0,0.0
2024-05-10 00:00:00-04:00,23.40999984741211,23.68000030517578,23.389999389648438,23.459999084472656,46800,0.0,0.0
2024-05-13 00:00:00-04:00,23.579999923706055,23.639999389648438,23.540000915527344,23.56999969482422,23800,0.0,0.0
2024-05-14 00:00:00-04:00,23.639999389648438,23.739999771118164,23.639999389648438,23.719999313354492,38500,0.0,0.0
2024-05-15 00:00:00-04:00,23.719999313354492,23.770000457763672,23.700000762939453,23.709999084472656,24000,0.0,0.0
2024-05-16 00:00:00-04:00,23.809999465942383,23.940000534057617,23.780000686645508,23.920000076293945,10600,0.0,0.0
2024-05-17 00:00:00-04:00,23.959999084472656,24.270000457763672,23.940000534057617,24.209999084472656,31600,0.0,0.0
2024-05-20 00:00:00-04:00,24.309999465942383,24.469999313354492,24.309999465942383,24.43000030517578,37000,0.0,0.0
2024-05-21 00:00:00-04:00,24.479999542236328,24.479999542236328,24.309999465942383,24.350000381469727,19100,0.0,0.0
2024-05-22 00:00:00-04:00,24.360000610351562,24.360000610351562,24.100000381469727,24.139999389648438,19200,0.0,0.0
2024-05-23 00:00:00-04:00,24.309999465942383,24.40999984741211,24.290000915527344,24.31999969482422,17600,0.0,0.0
2024-05-24 00:00:00-04:00,24.3700008392334,24.40999984741211,24.329999923706055,24.389999389648438,57100,0.0,0.0
2024-05-28 00:00:00-04:00,24.3700008392334,24.3700008392334,24.170000076293945,24.18000030517578,40700,0.0,0.0
2024-05-29 00:00:00-04:00,24.100000381469727,24.25,23.959999084472656,24.030000686645508,39100,0.0,0.0
2024-05-30 00:00:00-04:00,23.950000762939453,24.1200008392334,23.899999618530273,23.969999313354492,44600,0.0,0.0
2024-05-31 00:00:00-04:00,24.0,24.049999237060547,23.93000030517578,23.989999771118164,37600,0.0,0.0
2024-06-03 00:00:00-04:00,24.639999389648438,24.889999389648438,24.59000015258789,24.799999237060547,54300,0.0,0.0
2024-06-04 00:00:00-04:00,23.670000076293945,23.770000457763672,23.420000076293945,23.520000457763672,180600,0.0,0.0
2024-06-05 00:00:00-04:00,23.889999389648438,24.299999237060547,23.889999389648438,24.299999237060547,24200,0.0,0.0
2024-06-06 00:00:00-04:00,24.510000228881836,24.6299991607666,24.510000228881836,24.549999237060547,13300,0.0,0.0
2024-06-07 00:00:00-04:00,24.59000015258789,24.969999313354492,24.59000015258789,24.889999389648438,16400,0.0,0.0
2024-06-10 00:00:00-04:00,24.979999542236328,24.979999542236328,24.850000381469727,24.8799991607666,28900,0.0,0.0
2024-06-11 00:00:00-04:00,24.90999984741211,25.09000015258789,24.90999984741211,24.959999084472656,18600,0.0,0.0
2024-06-12 00:00:00-04:00,25.049999237060547,25.200000762939453,25.049999237060547,25.1200008392334,20500,0.0,0.0
2024-06-13 00:00:00-04:00,25.209999084472656,25.270000457763672,25.110000610351562,25.149999618530273,19700,0.0,0.0
2024-06-14 00:00:00-04:00,25.209999084472656,25.31999969482422,25.209999084472656,25.280000686645508,28900,0.0,0.0
2024-06-17 00:00:00-04:00,25.360000610351562,25.489999771118164,25.360000610351562,25.43000030517578,40000,0.0,0.0
2024-06-18 00:00:00-04:00,25.5,25.829999923706055,25.5,25.770000457763672,27800,0.0,0.0
2024-06-20 00:00:00-04:00,25.709999084472656,25.81999969482422,25.709999084472656,25.790000915527344,29200,0.0,0.0
2024-06-21 00:00:00-04:00,25.81999969482422,25.940000534057617,25.739999771118164,25.760000228881836,9800,0.0,0.0
2024-06-24 00:00:00-04:00,25.860000610351562,25.989999771118164,25.860000610351562,25.959999084472656,25300,0.0,0.0
2024-06-25 00:00:00-04:00,25.959999084472656,26.209999084472656,25.93000030517578,26.190000534057617,21000,0.0,0.0
2024-06-26 00:00:00-04:00,26.280000686645508,26.440000534057617,26.229999542236328,26.280000686645508,15200,0.0,0.0
2024-06-27 00:00:00-04:00,26.520000457763672,26.75,26.520000457763672,26.729999542236328,29100,0.0,0.0
2024-06-28 00:00:00-04:00,26.959999084472656,26.989999771118164,26.690000534057617,26.75,24900,0.0,0.0
2024-07-01 00:00:00-04:00,26.729999542236328,26.84000015258789,26.729999542236328,26.829999923706055,32600,0.0,0.0
2024-07-02 00:00:00-04:00,26.93000030517578,26.989999771118164,26.739999771118164,26.780000686645508,35300,0.0,0.0
2024-07-03 00:00:00-04:00,26.709999084472656,26.989999771118164,26.56999969482422,26.950000762939453,21600,0.0,0.0
2024-07-05 00:00:00-04:00,26.809999465942383,27.0,26.809999465942383,26.989999771118164,34900,0.0,0.0
2024-07-08 00:00:00-04:00,27.06999969482422,27.170000076293945,27.0,27.030000686645508,23400,0.0,0.0
2024-07-09 00:00:00-04:00,27.110000610351562,27.1200008392334,27.030000686645508,27.059999465942383,43900,0.0,0.0
2024-07-10 00:00:00-04:00,27.15999984741211,27.15999984741211,27.0,27.15999984741211,107600,0.0,0.0
2024-07-11 00:00:00-04:00,27.149999618530273,27.25,27.149999618530273,27.219999313354492,55600,0.0,0.0
2024-07-12 00:00:00-04:00,27.209999084472656,27.299999237060547,27.209999084472656,27.280000686645508,107900,0.0,0.0
2024-07-15 00:00:00-04:00,27.469999313354492,27.600000381469727,27.399999618530273,27.5,93500,0.0,0.0
2024-07-16 00:00:00-04:00,27.479999542236328,27.719999313354492,27.450000762939453,27.510000228881836,127100,0.0,0.0
2024-07-17 00:00:00-04:00,27.420000076293945,27.610000610351562,27.399999618530273,27.40999984741211,62800,0.0,0.0
2024-07-18 00:00:00-04:00,27.489999771118164,27.520000457763672,27.3799991607666,27.3799991607666,77900,0.0,0.0
2024-07-19 00:00:00-04:00,27.219999313354492,27.219999313354492,26.799999237060547,26.8799991607666,80000,0.0,0.0
2024-07-22 00:00:00-04:00,27.139999389648438,27.139999389648438,26.940000534057617,26.959999084472656,31300,0.0,0.0
2024-07-23 00:00:00-04:00,26.989999771118164,27.149999618530273,26.760000228881836,26.84000015258789,144600,0.0,0.0
2024-07-24 00:00:00-04:00,26.790000915527344,26.959999084472656,26.6200008392334,26.68000030517578,24100,0.0,0.0
2024-07-25 00:00:00-04:00,26.56999969482422,26.940000534057617,26.5,26.8799991607666,29700,0.0,0.0
2024-07-26 00:00:00-04:00,27.139999389648438,27.290000915527344,27.110000610351562,27.1299991607666,42500,0.0,0.0
2024-07-29 00:00:00-04:00,27.1200008392334,27.399999618530273,27.1200008392334,27.229999542236328,47500,0.0,0.0
2024-07-30 00:00:00-04:00,27.309999465942383,27.469999313354492,27.280000686645508,27.290000915527344,20300,0.0,0.0
2024-07-31 00:00:00-04:00,27.56999969482422,27.610000610351562,27.510000228881836,27.559999465942383,21000,0.0,0.0
2024-08-01 00:00:00-04:00,27.530000686645508,27.65999984741211,27.219999313354492,27.260000228881836,42000,0.0,0.0
2024-08-02 00:00:00-04:00,27.0,27.06999969482422,26.899999618530273,26.959999084472656,49500,0.0,0.0
2024-08-05 00:00:00-04:00,25.700000762939453,26.170000076293945,25.34000015258789,25.920000076293945,144900,0.0,0.0
2024-08-06 00:00:00-04:00,25.899999618530273,26.219999313354492,25.799999237060547,26.100000381469727,18800,0.0,0.0
2024-08-07 00:00:00-04:00,26.479999542236328,26.489999771118164,26.200000762939453,26.200000762939453,35900,0.0,0.0
2024-08-08 00:00:00-04:00,26.290000915527344,26.469999313354492,26.170000076293945,26.299999237060547,28800,0.0,0.0
2024-08-09 00:00:00-04:00,26.3700008392334,26.780000686645508,26.3700008392334,26.530000686645508,29700,0.0,0.0
2024-08-12 00:00:00-04:00,26.549999237060547,26.600000381469727,26.5,26.510000228881836,19300,0.0,0.0
2024-08-13 00:00:00-04:00,26.5,26.530000686645508,26.309999465942383,26.3799991607666,77700,0.0,0.0
2024-08-14 00:00:00-04:00,26.329999923706055,26.389999389648438,26.290000915527344,26.350000381469727,57200,0.0,0.0
2024-08-15 00:00:00-04:00,26.389999389648438,26.799999237060547,26.389999389648438,26.770000457763672,83700,0.0,0.0
2024-08-16 00:00:00-04:00,26.8799991607666,27.110000610351562,26.8799991607666,27.06999969482422,44100,0.0,0.0
2024-08-19 00:00:00-04:00,27.030000686645508,27.1299991607666,27.030000686645508,27.09000015258789,21300,0.0,0.0
2024-08-20 00:00:00-04:00,27.209999084472656,27.309999465942383,27.209999084472656,27.229999542236328,39100,0.0,0.0
2024-08-21 00:00:00-04:00,27.270000457763672,27.360000610351562,27.229999542236328,27.34000015258789,17500,0.0,0.0
2024-08-22 00:00:00-04:00,27.40999984741211,27.489999771118164,27.309999465942383,27.350000381469727,51600,0.0,0.0
2024-08-23 00:00:00-04:00,27.40999984741211,27.639999389648438,27.31999969482422,27.56999969482422,20400,0.0,0.0
2024-08-26 00:00:00-04:00,27.649999618530273,27.649999618530273,27.489999771118164,27.530000686645508,42000,0.0,0.0
2024-08-27 00:00:00-04:00,27.469999313354492,27.59000015258789,27.40999984741211,27.579999923706055,37100,0.0,0.0
2024-08-28 00:00:00-04:00,27.700000762939453,27.8799991607666,27.670000076293945,27.780000686645508,23500,0.0,0.0
2024-08-29 00:00:00-04:00,27.760000228881836,27.829999923706055,27.75,27.780000686645508,13400,0.0,0.0
2024-08-30 00:00:00-04:00,27.969999313354492,27.979999542236328,27.81999969482422,27.8799991607666,41000,0.0,0.0
2024-09-03 00:00:00-04:00,27.860000610351562,27.8799991607666,27.75,27.75,12700,0.0,0.0
2024-09-04 00:00:00-04:00,27.799999237060547,27.93000030517578,27.799999237060547,27.93000030517578,30600,0.0,0.0
2024-09-05 00:00:00-04:00,27.889999389648438,28.010000228881836,27.8799991607666,27.989999771118164,120600,0.0,0.0
2024-09-06 00:00:00-04:00,27.889999389648438,27.979999542236328,27.739999771118164,27.780000686645508,45700,0.0,0.0
2024-09-09 00:00:00-04:00,27.68000030517578,28.020000457763672,27.68000030517578,27.93000030517578,25900,0.0,0.0
2024-09-10 00:00:00-04:00,28.0,28.15999984741211,27.989999771118164,28.139999389648438,31700,0.0,0.0
2024-09-11 00:00:00-04:00,28.270000457763672,28.270000457763672,27.950000762939453,28.229999542236328,18100,0.0,0.0
2024-09-12 00:00:00-04:00,28.350000381469727,28.600000381469727,28.350000381469727,28.56999969482422,24100,0.0,0.0
2024-09-13 00:00:00-04:00,28.489999771118164,28.68000030517578,28.43000030517578,28.6299991607666,34000,0.0,0.0
2024-09-16 00:00:00-04:00,28.649999618530273,28.940000534057617,28.649999618530273,28.940000534057617,10300,0.0,0.0
2024-09-17 00:00:00-04:00,28.959999084472656,29.079999923706055,28.959999084472656,29.010000228881836,40900,0.0,0.0
2024-09-18 00:00:00-04:00,29.09000015258789,29.239999771118164,29.049999237060547,29.100000381469727,34900,0.0,0.0
2024-09-19 00:00:00-04:00,29.360000610351562,29.479999542236328,29.229999542236328,29.420000076293945,32900,0.0,0.0
2024-09-20 00:00:00-04:00,29.559999465942383,29.8799991607666,29.559999465942383,29.84000015258789,26300,0.0,0.0
2024-09-23 00:00:00-04:00,30.0,30.190000534057617,30.0,30.110000610351562,50100,0.0,0.0
2024-09-24 00:00:00-04:00,30.1200008392334,30.209999084472656,29.920000076293945,29.920000076293945,40800,0.0,0.0
2024-09-25 00:00:00-04:00,30.0,30.1299991607666,29.989999771118164,30.06999969482422,19400,0.0,0.0
2024-09-26 00:00:00-04:00,30.260000228881836,30.40999984741211,30.18000030517578,30.25,34900,0.0,0.0
2024-09-27 00:00:00-04:00,30.309999465942383,30.34000015258789,30.229999542236328,30.290000915527344,28600,0.0,0.0
2024-09-30 00:00:00-04:00,30.1200008392334,30.1299991607666,29.969999313354492,30.079999923706055,32000,0.0,0.0
2024-10-01 00:00:00-04:00,30.239999771118164,30.239999771118164,29.799999237060547,29.84000015258789,28900,0.0,0.0
2024-10-02 00:00:00-04:00,29.8799991607666,29.8799991607666,29.700000762939453,29.719999313354492,11600,0.0,0.0
2024-10-03 00:00:00-04:00,29.540000915527344,29.709999084472656,29.219999313354492,29.260000228881836,28200,0.0,0.0
2024-10-04 00:00:00-04:00,29.1299991607666,29.149999618530273,28.899999618530273,28.899999618530273,30300,0.0,0.0
2024-10-07 00:00:00-04:00,28.809999465942383,28.809999465942383,28.34000015258789,28.34000015258789,33400,0.0,0.0
2024-10-08 00:00:00-04:00,28.600000381469727,28.760000228881836,28.360000610351562,28.600000381469727,92000,0.0,0.0
2024-10-09 00:00:00-04:00,28.6299991607666,28.790000915527344,28.420000076293945,28.639999389648438,65300,0.0,0.0
2024-10-10 00:00:00-04:00,28.690000534057617,28.790000915527344,28.59000015258789,28.790000915527344,35500,0.0,0.0
2024-10-11 00:00:00-04:00,28.700000762939453,28.780000686645508,28.690000534057617,28.760000228881836,54600,0.0,0.0
2024-10-14 00:00:00-04:00,28.770000457763672,28.860000610351562,28.770000457763672,28.829999923706055,24300,0.0,0.0
2024-10-15 00:00:00-04:00,28.850000381469727,28.899999618530273,28.75,28.760000228881836,10600,0.0,0.0
2024-10-16 00:00:00-04:00,28.860000610351562,28.940000534057617,28.81999969482422,28.8700008392334,6800,0.0,0.0
2024-10-17 00:00:00-04:00,28.700000762939453,28.829999923706055,28.420000076293945,28.469999313354492,47100,0.0,0.0
2024-10-18 00:00:00-04:00,28.510000228881836,28.59000015258789,28.43000030517578,28.440000534057617,50700,0.0,0.0
2024-10-21 00:00:00-04:00,28.299999237060547,28.350000381469727,28.040000915527344,28.079999923706055,64300,0.0,0.0
2024-10-22 00:00:00-04:00,27.989999771118164,28.059999465942383,27.690000534057617,27.719999313354492,86800,0.0,0.0
2024-10-23 00:00:00-04:00,27.700000762939453,27.719999313354492,27.530000686645508,27.530000686645508,37900,0.0,0.0
2024-10-24 00:00:00-04:00,27.610000610351562,27.709999084472656,27.59000015258789,27.6200008392334,18800,0.0,0.0
2024-10-25 00:00:00-04:00,27.5,27.600000381469727,27.399999618530273,27.399999618530273,28500,0.0,0.0
2024-10-28 00:00:00-04:00,27.43000030517578,27.459999084472656,27.3799991607666,27.450000762939453,66000,0.0,0.0
2024-10-29 00:00:00-04:00,27.530000686645508,27.959999084472656,27.530000686645508,27.809999465942383,73800,0.0,0.0
2024-10-30 00:00:00-04:00,27.770000457763672,27.780000686645508,27.670000076293945,27.700000762939453,34400,0.0,0.0
2024-10-31 00:00:00-04:00,27.700000762939453,27.81999969482422,27.700000762939453,27.719999313354492,31500,0.0,0.0
2024-11-01 00:00:00-04:00,27.75,27.979999542236328,27.75,27.799999237060547,66800,0.0,0.0
2024-11-04 00:00:00-05:00,27.770000457763672,27.8799991607666,27.760000228881836,27.770000457763672,52400,0.0,0.0
2024-11-05 00:00:00-05:00,27.809999465942383,28.079999923706055,27.809999465942383,28.040000915527344,45800,0.0,0.0
2024-11-06 00:00:00-05:00,28.350000381469727,28.389999389648438,28.09000015258789,28.270000457763672,45100,0.0,0.0
2024-11-07 00:00:00-05:00,28.34000015258789,28.43000030517578,28.219999313354492,28.290000915527344,97500,0.0,0.0
2024-11-08 00:00:00-05:00,28.25,28.280000686645508,28.0,28.040000915527344,40100,0.0,0.0
2024-11-11 00:00:00-05:00,28.049999237060547,28.200000762939453,28.0,28.100000381469727,29000,0.0,0.0
2024-11-12 00:00:00-05:00,27.799999237060547,27.90999984741211,27.540000915527344,27.540000915527344,54800,0.0,0.0
2024-11-13 00:00:00-05:00,27.34000015258789,27.5,27.280000686645508,27.360000610351562,20400,0.0,0.0
2024-11-14 00:00:00-05:00,27.309999465942383,27.420000076293945,27.299999237060547,27.34000015258789,29500,0.0,0.0
2024-11-15 00:00:00-05:00,27.309999465942383,27.309999465942383,27.229999542236328,27.270000457763672,26700,0.0,0.0
2024-11-18 00:00:00-05:00,27.270000457763672,27.520000457763672,27.270000457763672,27.3799991607666,38900,0.0,0.0
2024-11-19 00:00:00-05:00,27.299999237060547,27.6200008392334,27.299999237060547,27.549999237060547,54400,0.0,0.0
2024-11-20 00:00:00-05:00,27.549999237060547,27.670000076293945,27.549999237060547,27.6299991607666,45700,0.0,0.0
2024-11-21 00:00:00-05:00,27.59000015258789,27.59000015258789,27.3799991607666,27.440000534057617,46200,0.0,0.0
2024-11-22 00:00:00-05:00,27.719999313354492,28.15999984741211,27.719999313354492,27.899999618530273,67300,0.0,0.0
2024-11-25 00:00:00-05:00,28.200000762939453,28.610000610351562,28.18000030517578,28.3700008392334,48000,0.0,0.0
2024-11-26 00:00:00-05:00,28.40999984741211,28.440000534057617,28.229999542236328,28.299999237060547,36400,0.0,0.0
2024-11-27 00:00:00-05:00,28.450000762939453,28.790000915527344,28.450000762939453,28.540000915527344,65300,0.0,0.0
2024-11-29 00:00:00-05:00,28.489999771118164,28.530000686645508,28.139999389648438,28.209999084472656,59000,0.0,0.0
2024-12-02 00:00:00-05:00,28.219999313354492,28.399999618530273,28.219999313354492,28.280000686645508,17000,0.0,0.0
2024-12-03 00:00:00-05:00,28.420000076293945,28.540000915527344,28.399999618530273,28.450000762939453,9800,0.0,0.0
2024-12-04 00:00:00-05:00,28.450000762939453,28.780000686645508,28.450000762939453,28.75,61600,0.0,0.0
2024-12-05 00:00:00-05:00,28.8799991607666,29.3700008392334,28.860000610351562,29.239999771118164,49100,0.0,0.0
2024-12-06 00:00:00-05:00,29.34000015258789,29.520000457763672,29.260000228881836,29.34000015258789,43700,0.0,0.0
2024-12-09 00:00:00-05:00,29.270000457763672,29.649999618530273,29.270000457763672,29.450000762939453,21100,0.0,0.0
2024-12-10 00:00:00-05:00,29.530000686645508,29.790000915527344,29.479999542236328,29.520000457763672,31100,0.0,0.0
2024-12-11 00:00:00-05:00,29.690000534057617,29.780000686645508,29.34000015258789,29.469999313354492,49300,0.0,0.0
2024-12-12 00:00:00-05:00,29.399999618530273,29.459999084472656,29.190000534057617,29.260000228881836,51600,0.0,0.0
2024-12-13 00:00:00-05:00,26.610000610351562,26.690000534057617,26.309999465942383,26.479999542236328,62000,0.0,0.0
2024-12-16 00:00:00-05:00,26.520000457763672,26.59000015258789,26.31999969482422,26.40999984741211,40000,0.0,0.0
2024-12-17 00:00:00-05:00,26.31999969482422,26.43000030517578,25.940000534057617,25.989999771118164,34000,0.0,0.0
2024-12-18 00:00:00-05:00,25.899999618530273,26.020000457763672,25.540000915527344,25.600000381469727,27400,0.0,0.0
2024-12-19 00:00:00-05:00,25.549999237060547,25.709999084472656,25.489999771118164,25.540000915527344,42400,0.0,0.0
2024-12-20 00:00:00-05:00,25.399999618530273,25.670000076293945,25.399999618530273,25.649999618530273,59500,0.0,0.0
2024-12-23 00:00:00-05:00,25.600000381469727,25.649999618530273,25.549999237060547,25.56999969482422,35100,0.0,0.0
2024-12-24 00:00:00-05:00,25.65999984741211,25.719999313354492,25.59000015258789,25.690000534057617,21600,0.0,0.0
2024-12-26 00:00:00-05:00,25.549999237060547,25.65999984741211,25.549999237060547,25.59000015258789,16900,0.0,0.0
2024-12-27 00:00:00-05:00,25.5,25.56999969482422,25.360000610351562,25.459999084472656,39500,0.0,0.0
2024-12-30 00:00:00-05:00,25.209999084472656,25.420000076293945,25.149999618530273,25.25,59500,0.0,0.0
2024-12-31 00:00:00-05:00,25.139999389648438,25.469999313354492,25.229999542236328,25.270000457763672,46945,0.0,0.0
