Date,Open,High,Low,Close,Volume,Dividends,Stock Splits
2022-01-03 00:00:00-05:00,52.41999816894531,52.68000030517578,50.790000915527344,52.02000045776367,552500,0.0,0.0
2022-01-04 00:00:00-05:00,47.06999969482422,47.98500061035156,42.52000045776367,44.68000030517578,4054900,0.0,0.0
2022-01-05 00:00:00-05:00,45.90999984741211,47.7599983215332,44.189998626708984,45.33000183105469,7190900,0.0,0.0
2022-01-06 00:00:00-05:00,45.349998474121094,46.7400016784668,44.63999938964844,45.36000061035156,2262500,0.0,0.0
2022-01-07 00:00:00-05:00,46.0,46.0,42.654998779296875,43.029998779296875,2863600,0.0,0.0
2022-01-10 00:00:00-05:00,41.02000045776367,42.400001525878906,39.5,41.0,1980100,0.0,0.0
2022-01-11 00:00:00-05:00,40.45000076293945,41.380001068115234,39.90999984741211,40.380001068115234,974700,0.0,0.0
2022-01-12 00:00:00-05:00,40.380001068115234,41.27000045776367,39.16999816894531,39.720001220703125,808700,0.0,0.0
2022-01-13 00:00:00-05:00,39.720001220703125,42.349998474121094,39.2400016784668,40.970001220703125,1142500,0.0,0.0
2022-01-14 00:00:00-05:00,40.93000030517578,43.209999084472656,40.15999984741211,43.06999969482422,749000,0.0,0.0
2022-01-18 00:00:00-05:00,42.04999923706055,43.48500061035156,40.310001373291016,40.34000015258789,783200,0.0,0.0
2022-01-19 00:00:00-05:00,40.310001373291016,40.779998779296875,38.689998626708984,38.7400016784668,721800,0.0,0.0
2022-01-20 00:00:00-05:00,39.0,40.349998474121094,38.58000183105469,38.869998931884766,747100,0.0,0.0
2022-01-21 00:00:00-05:00,38.63999938964844,44.060001373291016,38.5099983215332,42.65999984741211,2713600,0.0,0.0
2022-01-24 00:00:00-05:00,42.189998626708984,44.599998474121094,40.61000061035156,44.34000015258789,1661600,0.0,0.0
2022-01-25 00:00:00-05:00,44.0099983215332,47.34000015258789,43.599998474121094,46.63999938964844,1491800,0.0,0.0
2022-01-26 00:00:00-05:00,47.75,49.73500061035156,47.09000015258789,47.72999954223633,1407000,0.0,0.0
2022-01-27 00:00:00-05:00,47.7599983215332,48.150001525878906,44.7599983215332,45.459999084472656,945000,0.0,0.0
2022-01-28 00:00:00-05:00,45.25,46.41999816894531,44.15999984741211,45.7400016784668,617700,0.0,0.0
2022-01-31 00:00:00-05:00,45.630001068115234,47.73500061035156,45.15999984741211,47.4900016784668,876700,0.0,0.0
2022-02-01 00:00:00-05:00,47.790000915527344,48.970001220703125,47.23500061035156,48.43000030517578,684600,0.0,0.0
2022-02-02 00:00:00-05:00,48.02000045776367,48.90999984741211,46.93000030517578,48.060001373291016,659800,0.0,0.0
2022-02-03 00:00:00-05:00,48.290000915527344,48.290000915527344,45.77000045776367,46.29999923706055,641700,0.0,0.0
2022-02-04 00:00:00-05:00,46.18000030517578,48.981998443603516,45.516998291015625,48.720001220703125,1142900,0.0,0.0
2022-02-07 00:00:00-05:00,48.54999923706055,51.380001068115234,48.54999923706055,50.970001220703125,1097200,0.0,0.0
2022-02-08 00:00:00-05:00,50.47999954223633,51.26499938964844,49.029998779296875,51.119998931884766,571500,0.0,0.0
2022-02-09 00:00:00-05:00,51.209999084472656,52.92499923706055,51.029998779296875,52.54999923706055,1069400,0.0,0.0
2022-02-10 00:00:00-05:00,51.380001068115234,53.2400016784668,50.619998931884766,51.66999816894531,962800,0.0,0.0
2022-02-11 00:00:00-05:00,51.41999816894531,53.310001373291016,50.689998626708984,53.0099983215332,1192600,0.0,0.0
2022-02-14 00:00:00-05:00,53.290000915527344,54.75,52.45100021362305,53.0,1253200,0.0,0.0
2022-02-15 00:00:00-05:00,53.29999923706055,56.59000015258789,53.29999923706055,56.0,1252400,0.0,0.0
2022-02-16 00:00:00-05:00,56.63999938964844,57.08000183105469,55.15999984741211,55.810001373291016,1059900,0.0,0.0
2022-02-17 00:00:00-05:00,55.13999938964844,58.220001220703125,55.13999938964844,57.4900016784668,1221000,0.0,0.0
2022-02-18 00:00:00-05:00,56.79999923706055,57.75,55.29999923706055,56.630001068115234,1517600,0.0,0.0
2022-02-22 00:00:00-05:00,54.75,56.34000015258789,54.36000061035156,54.619998931884766,994000,0.0,0.0
2022-02-23 00:00:00-05:00,54.7599983215332,55.15999984741211,52.720001220703125,53.04999923706055,839100,0.0,0.0
2022-02-24 00:00:00-05:00,51.41999816894531,53.689998626708984,50.849998474121094,53.56999969482422,1509100,0.0,0.0
2022-02-25 00:00:00-05:00,54.2400016784668,55.470001220703125,53.959999084472656,55.279998779296875,713300,0.0,0.0
2022-02-28 00:00:00-05:00,55.02000045776367,55.6349983215332,53.70000076293945,55.47999954223633,1066800,0.0,0.0
2022-03-01 00:00:00-05:00,55.0,58.880001068115234,53.0,56.5,1239900,0.0,0.0
2022-03-02 00:00:00-05:00,56.97999954223633,59.880001068115234,56.27000045776367,57.04999923706055,744600,0.0,0.0
2022-03-03 00:00:00-05:00,56.79999923706055,57.529998779296875,54.619998931884766,55.9900016784668,836600,0.0,0.0
2022-03-04 00:00:00-05:00,55.52000045776367,56.619998931884766,53.95000076293945,55.09000015258789,891300,0.0,0.0
2022-03-07 00:00:00-05:00,54.849998474121094,55.01499938964844,52.09000015258789,53.22999954223633,1107800,0.0,0.0
2022-03-08 00:00:00-05:00,52.880001068115234,56.189998626708984,52.36000061035156,53.939998626708984,989500,0.0,0.0
2022-03-09 00:00:00-05:00,54.5,58.19499969482422,54.39899826049805,57.13999938964844,1056000,0.0,0.0
2022-03-10 00:00:00-05:00,54.95000076293945,56.89500045776367,54.0,56.72999954223633,774400,0.0,0.0
2022-03-11 00:00:00-05:00,56.72999954223633,58.959999084472656,56.494998931884766,58.63999938964844,759200,0.0,0.0
2022-03-14 00:00:00-04:00,58.79999923706055,59.290000915527344,56.41999816894531,56.93000030517578,985500,0.0,0.0
2022-03-15 00:00:00-04:00,57.90999984741211,58.599998474121094,55.5,58.369998931884766,530500,0.0,0.0
2022-03-16 00:00:00-04:00,58.43000030517578,59.79999923706055,57.724998474121094,59.72999954223633,802000,0.0,0.0
2022-03-17 00:00:00-04:00,59.86000061035156,60.599998474121094,59.209999084472656,60.380001068115234,1032900,0.0,0.0
2022-03-18 00:00:00-04:00,60.689998626708984,62.45000076293945,60.0,61.04999923706055,1535200,0.0,0.0
2022-03-21 00:00:00-04:00,60.58000183105469,61.04999923706055,57.5,58.619998931884766,970600,0.0,0.0
2022-03-22 00:00:00-04:00,58.619998931884766,60.5099983215332,58.58000183105469,60.369998931884766,550600,0.0,0.0
2022-03-23 00:00:00-04:00,60.369998931884766,61.369998931884766,59.36000061035156,59.5,402800,0.0,0.0
2022-03-24 00:00:00-04:00,59.599998474121094,60.27000045776367,59.0099983215332,59.38999938964844,423400,0.0,0.0
2022-03-25 00:00:00-04:00,59.630001068115234,61.220001220703125,59.290000915527344,60.779998779296875,588100,0.0,0.0
2022-03-28 00:00:00-04:00,61.0,61.540000915527344,58.86000061035156,61.47999954223633,947500,0.0,0.0
2022-03-29 00:00:00-04:00,62.0099983215332,65.69400024414062,61.54999923706055,62.09000015258789,1580300,0.0,0.0
2022-03-30 00:00:00-04:00,61.91999816894531,64.16000366210938,60.04999923706055,60.31999969482422,795200,0.0,0.0
2022-03-31 00:00:00-04:00,60.31999969482422,61.70000076293945,59.66999816894531,61.189998626708984,1277400,0.0,0.0
2022-04-01 00:00:00-04:00,61.150001525878906,63.02000045776367,59.720001220703125,62.68000030517578,1209800,0.0,0.0
2022-04-04 00:00:00-04:00,62.77000045776367,63.599998474121094,60.83000183105469,63.09000015258789,918500,0.0,0.0
2022-04-05 00:00:00-04:00,63.060001373291016,64.9000015258789,62.31999969482422,63.209999084472656,746000,0.0,0.0
2022-04-06 00:00:00-04:00,62.72999954223633,65.91000366210938,62.72999954223633,65.63999938964844,851100,0.0,0.0
2022-04-07 00:00:00-04:00,65.56999969482422,66.0,64.07499694824219,64.4000015258789,979700,0.0,0.0
2022-04-08 00:00:00-04:00,63.9900016784668,65.58000183105469,62.849998474121094,64.5999984741211,1083400,0.0,0.0
2022-04-11 00:00:00-04:00,64.06999969482422,64.24500274658203,61.470001220703125,62.7599983215332,935100,0.0,0.0
2022-04-12 00:00:00-04:00,63.02000045776367,65.9800033569336,62.619998931884766,63.33000183105469,969200,0.0,0.0
2022-04-13 00:00:00-04:00,63.41999816894531,65.4260025024414,62.08000183105469,64.69999694824219,676400,0.0,0.0
2022-04-14 00:00:00-04:00,64.62000274658203,64.87000274658203,63.86199951171875,64.30000305175781,627600,0.0,0.0
2022-04-18 00:00:00-04:00,63.599998474121094,63.88999938964844,60.16999816894531,60.61000061035156,795800,0.0,0.0
2022-04-19 00:00:00-04:00,60.349998474121094,62.724998474121094,59.83000183105469,61.099998474121094,658600,0.0,0.0
2022-04-20 00:00:00-04:00,61.599998474121094,61.810001373291016,59.90999984741211,60.029998779296875,648900,0.0,0.0
2022-04-21 00:00:00-04:00,60.16999816894531,60.459999084472656,55.47999954223633,55.75,1065500,0.0,0.0
2022-04-22 00:00:00-04:00,55.41999816894531,55.41999816894531,51.96500015258789,52.439998626708984,1701700,0.0,0.0
2022-04-25 00:00:00-04:00,52.18000030517578,53.91999816894531,51.47999954223633,53.18000030517578,736100,0.0,0.0
2022-04-26 00:00:00-04:00,52.93000030517578,53.66999816894531,51.52000045776367,51.7400016784668,558700,0.0,0.0
2022-04-27 00:00:00-04:00,51.880001068115234,54.310001373291016,51.33000183105469,53.04999923706055,991100,0.0,0.0
2022-04-28 00:00:00-04:00,53.560001373291016,54.040000915527344,50.209999084472656,51.63999938964844,616000,0.0,0.0
2022-04-29 00:00:00-04:00,51.63999938964844,53.2400016784668,50.209999084472656,50.61000061035156,627400,0.0,0.0
2022-05-02 00:00:00-04:00,50.650001525878906,52.59299850463867,50.150001525878906,51.77000045776367,615300,0.0,0.0
2022-05-03 00:00:00-04:00,51.720001220703125,52.61000061035156,50.54999923706055,51.09000015258789,385200,0.0,0.0
2022-05-04 00:00:00-04:00,51.34000015258789,51.56999969482422,48.36000061035156,51.16999816894531,762300,0.0,0.0
2022-05-05 00:00:00-04:00,51.040000915527344,51.540000915527344,48.099998474121094,48.689998626708984,667600,0.0,0.0
2022-05-06 00:00:00-04:00,49.0099983215332,49.242000579833984,45.90999984741211,46.20000076293945,1447600,0.0,0.0
2022-05-09 00:00:00-04:00,45.31999969482422,46.5,42.41999816894531,43.0,1494300,0.0,0.0
2022-05-10 00:00:00-04:00,46.310001373291016,53.34000015258789,46.310001373291016,53.2400016784668,2963200,0.0,0.0
2022-05-11 00:00:00-04:00,52.650001525878906,56.54999923706055,52.33100128173828,53.380001068115234,1953900,0.0,0.0
2022-05-12 00:00:00-04:00,52.81999969482422,56.08000183105469,52.81999969482422,55.220001220703125,1057700,0.0,0.0
2022-05-13 00:00:00-04:00,56.56999969482422,59.5099983215332,56.45000076293945,59.099998474121094,1006000,0.0,0.0
2022-05-16 00:00:00-04:00,59.5,60.02000045776367,58.0,58.91999816894531,735100,0.0,0.0
2022-05-17 00:00:00-04:00,59.91999816894531,60.060001373291016,58.59000015258789,59.40999984741211,1041200,0.0,0.0
2022-05-18 00:00:00-04:00,58.4900016784668,58.790000915527344,56.893001556396484,58.5,1261100,0.0,0.0
2022-05-19 00:00:00-04:00,58.75,60.63999938964844,57.38999938964844,57.72999954223633,930900,0.0,0.0
2022-05-20 00:00:00-04:00,58.5,59.849998474121094,55.54999923706055,57.880001068115234,873800,0.0,0.0
2022-05-23 00:00:00-04:00,58.66999816894531,58.959999084472656,57.349998474121094,58.40999984741211,609700,0.0,0.0
2022-05-24 00:00:00-04:00,57.900001525878906,58.33000183105469,55.880001068115234,56.959999084472656,544400,0.0,0.0
2022-05-25 00:00:00-04:00,56.75,56.75,55.54999923706055,56.66999816894531,689700,0.0,0.0
2022-05-26 00:00:00-04:00,57.13999938964844,59.29499816894531,56.70000076293945,58.720001220703125,516900,0.0,0.0
2022-05-27 00:00:00-04:00,57.47999954223633,58.915000915527344,54.59000015258789,58.279998779296875,719600,0.0,0.0
2022-05-31 00:00:00-04:00,57.86000061035156,58.72999954223633,56.83000183105469,57.400001525878906,581200,0.0,0.0
2022-06-01 00:00:00-04:00,57.470001220703125,58.5,54.79499816894531,55.2599983215332,511300,0.0,0.0
2022-06-02 00:00:00-04:00,55.08000183105469,56.06999969482422,53.90999984741211,55.65999984741211,618500,0.0,0.0
2022-06-03 00:00:00-04:00,55.2400016784668,59.959999084472656,55.111000061035156,58.349998474121094,548300,0.0,0.0
2022-06-06 00:00:00-04:00,58.880001068115234,59.81999969482422,58.11000061035156,58.20000076293945,571900,0.0,0.0
2022-06-07 00:00:00-04:00,57.95000076293945,60.0,57.95000076293945,58.790000915527344,425500,0.0,0.0
2022-06-08 00:00:00-04:00,58.209999084472656,59.345001220703125,56.08000183105469,57.61000061035156,481200,0.0,0.0
2022-06-09 00:00:00-04:00,57.2400016784668,57.869998931884766,55.2599983215332,55.47999954223633,392900,0.0,0.0
2022-06-10 00:00:00-04:00,54.849998474121094,54.849998474121094,51.22999954223633,53.02000045776367,685700,0.0,0.0
2022-06-13 00:00:00-04:00,51.22999954223633,53.880001068115234,51.119998931884766,53.06999969482422,942800,0.0,0.0
2022-06-14 00:00:00-04:00,53.54999923706055,54.5,51.97999954223633,54.02000045776367,535700,0.0,0.0
2022-06-15 00:00:00-04:00,54.560001373291016,57.56999969482422,53.7599983215332,56.529998779296875,927400,0.0,0.0
2022-06-16 00:00:00-04:00,54.93000030517578,56.09000015258789,52.779998779296875,53.43000030517578,692500,0.0,0.0
2022-06-17 00:00:00-04:00,53.90999984741211,58.54999923706055,53.90999984741211,54.939998626708984,1606100,0.0,0.0
2022-06-21 00:00:00-04:00,55.11000061035156,56.91899871826172,54.72999954223633,54.81999969482422,968700,0.0,0.0
2022-06-22 00:00:00-04:00,54.0,55.849998474121094,53.130001068115234,54.27000045776367,647500,0.0,0.0
2022-06-23 00:00:00-04:00,53.439998626708984,57.7400016784668,53.439998626708984,57.189998626708984,813300,0.0,0.0
2022-06-24 00:00:00-04:00,57.83000183105469,58.50699996948242,55.2599983215332,55.619998931884766,1600400,0.0,0.0
2022-06-27 00:00:00-04:00,56.20000076293945,59.040000915527344,55.970001220703125,57.900001525878906,763800,0.0,0.0
2022-06-28 00:00:00-04:00,57.88999938964844,58.9900016784668,55.099998474121094,55.22999954223633,710200,0.0,0.0
2022-06-29 00:00:00-04:00,56.02000045776367,58.970001220703125,54.834999084472656,58.310001373291016,628200,0.0,0.0
2022-06-30 00:00:00-04:00,57.47999954223633,58.790000915527344,56.290000915527344,57.08000183105469,792700,0.0,0.0
2022-07-01 00:00:00-04:00,56.66999816894531,57.119998931884766,53.130001068115234,55.16999816894531,896500,0.0,0.0
2022-07-05 00:00:00-04:00,54.5,57.290000915527344,53.16999816894531,57.09000015258789,475300,0.0,0.0
2022-07-06 00:00:00-04:00,57.189998626708984,59.744998931884766,54.970001220703125,56.16999816894531,752500,0.0,0.0
2022-07-07 00:00:00-04:00,57.34000015258789,59.15999984741211,56.84700012207031,58.0099983215332,710300,0.0,0.0
2022-07-08 00:00:00-04:00,57.06999969482422,58.560001373291016,56.59000015258789,57.56999969482422,471000,0.0,0.0
2022-07-11 00:00:00-04:00,57.220001220703125,57.540000915527344,53.39500045776367,55.400001525878906,707100,0.0,0.0
2022-07-12 00:00:00-04:00,55.09000015258789,56.03499984741211,53.27000045776367,54.470001220703125,359700,0.0,0.0
2022-07-13 00:00:00-04:00,53.779998779296875,55.61000061035156,53.2599983215332,53.38999938964844,615200,0.0,0.0
2022-07-14 00:00:00-04:00,53.0,56.19499969482422,52.2599983215332,55.95000076293945,613400,0.0,0.0
2022-07-15 00:00:00-04:00,56.29999923706055,56.400001525878906,53.58000183105469,55.25,501100,0.0,0.0
2022-07-18 00:00:00-04:00,55.68000030517578,56.77000045776367,53.900001525878906,54.189998626708984,493600,0.0,0.0
2022-07-19 00:00:00-04:00,55.0,57.88999938964844,54.380001068115234,55.93000030517578,542700,0.0,0.0
2022-07-20 00:00:00-04:00,55.90999984741211,57.279998779296875,55.36000061035156,56.5,582300,0.0,0.0
2022-07-21 00:00:00-04:00,56.779998779296875,56.869998931884766,54.459999084472656,55.810001373291016,479500,0.0,0.0
2022-07-22 00:00:00-04:00,56.400001525878906,56.93000030517578,55.029998779296875,55.66999816894531,451000,0.0,0.0
2022-07-25 00:00:00-04:00,55.61000061035156,55.77000045776367,52.11000061035156,53.02000045776367,868200,0.0,0.0
2022-07-26 00:00:00-04:00,53.2400016784668,54.349998474121094,52.9900016784668,53.25,344000,0.0,0.0
2022-07-27 00:00:00-04:00,52.939998626708984,54.31999969482422,52.869998931884766,53.4900016784668,396100,0.0,0.0
2022-07-28 00:00:00-04:00,53.790000915527344,54.46500015258789,52.185001373291016,54.209999084472656,500700,0.0,0.0
2022-07-29 00:00:00-04:00,54.290000915527344,54.47999954223633,52.95000076293945,54.119998931884766,554500,0.0,0.0
2022-08-01 00:00:00-04:00,53.880001068115234,54.119998931884766,51.3650016784668,51.720001220703125,651800,0.0,0.0
2022-08-02 00:00:00-04:00,52.09000015258789,55.33000183105469,51.974998474121094,55.2599983215332,906600,0.0,0.0
2022-08-03 00:00:00-04:00,55.9900016784668,57.8650016784668,55.400001525878906,56.20000076293945,778700,0.0,0.0
2022-08-04 00:00:00-04:00,56.060001373291016,58.90800094604492,56.060001373291016,58.77000045776367,831400,0.0,0.0
2022-08-05 00:00:00-04:00,58.04999923706055,61.0,56.08000183105469,59.9900016784668,1434600,0.0,0.0
2022-08-08 00:00:00-04:00,59.0,59.81999969482422,56.849998474121094,58.849998474121094,1648500,0.0,0.0
2022-08-09 00:00:00-04:00,56.22999954223633,60.0,55.029998779296875,56.33000183105469,919100,0.0,0.0
2022-08-10 00:00:00-04:00,57.29999923706055,59.45000076293945,57.01499938964844,59.189998626708984,602900,0.0,0.0
2022-08-11 00:00:00-04:00,58.900001525878906,59.83000183105469,56.0099983215332,57.02000045776367,911600,0.0,0.0
2022-08-12 00:00:00-04:00,57.02000045776367,57.349998474121094,52.86000061035156,53.56999969482422,1478900,0.0,0.0
2022-08-15 00:00:00-04:00,53.09000015258789,54.198001861572266,51.2400016784668,52.529998779296875,1179100,0.0,0.0
2022-08-16 00:00:00-04:00,52.380001068115234,53.84000015258789,50.83000183105469,53.810001373291016,811800,0.0,0.0
2022-08-17 00:00:00-04:00,53.849998474121094,54.25,51.28499984741211,51.5,685600,0.0,0.0
2022-08-18 00:00:00-04:00,51.7599983215332,52.16999816894531,50.72999954223633,50.7400016784668,820700,0.0,0.0
2022-08-19 00:00:00-04:00,50.279998779296875,52.064998626708984,49.75,51.41999816894531,831500,0.0,0.0
2022-08-22 00:00:00-04:00,48.45000076293945,51.29999923706055,47.900001525878906,49.13999938964844,1428600,0.0,0.0
2022-08-23 00:00:00-04:00,49.130001068115234,50.095001220703125,48.25,49.84000015258789,862100,0.0,0.0
2022-08-24 00:00:00-04:00,49.83000183105469,50.91999816894531,49.7599983215332,50.290000915527344,616600,0.0,0.0
2022-08-25 00:00:00-04:00,50.369998931884766,50.970001220703125,48.86000061035156,49.310001373291016,639800,0.0,0.0
2022-08-26 00:00:00-04:00,49.65999984741211,51.150001525878906,48.994998931884766,49.70000076293945,682200,0.0,0.0
2022-08-29 00:00:00-04:00,49.0,50.52000045776367,48.91999816894531,49.54999923706055,576100,0.0,0.0
2022-08-30 00:00:00-04:00,50.060001373291016,50.060001373291016,48.81999969482422,48.84000015258789,579600,0.0,0.0
2022-08-31 00:00:00-04:00,49.029998779296875,50.34000015258789,48.82899856567383,50.2599983215332,675100,0.0,0.0
2022-09-01 00:00:00-04:00,49.86000061035156,50.560001373291016,49.64500045776367,50.52000045776367,434900,0.0,0.0
2022-09-02 00:00:00-04:00,50.52000045776367,51.77000045776367,49.59000015258789,51.61000061035156,687400,0.0,0.0
2022-09-06 00:00:00-04:00,51.529998779296875,52.20000076293945,50.279998779296875,50.779998779296875,530500,0.0,0.0
2022-09-07 00:00:00-04:00,50.7599983215332,52.22999954223633,50.279998779296875,52.209999084472656,696400,0.0,0.0
2022-09-08 00:00:00-04:00,51.790000915527344,52.75,51.11000061035156,52.25,465000,0.0,0.0
2022-09-09 00:00:00-04:00,52.36000061035156,53.2400016784668,51.779998779296875,52.0,569700,0.0,0.0
2022-09-12 00:00:00-04:00,52.09000015258789,53.58000183105469,51.060001373291016,53.119998931884766,367500,0.0,0.0
2022-09-13 00:00:00-04:00,51.810001373291016,53.35499954223633,51.16999816894531,51.97999954223633,573400,0.0,0.0
2022-09-14 00:00:00-04:00,51.88999938964844,52.01499938964844,49.79999923706055,50.150001525878906,905100,0.0,0.0
2022-09-15 00:00:00-04:00,49.79999923706055,50.6349983215332,48.58000183105469,50.529998779296875,601500,0.0,0.0
2022-09-16 00:00:00-04:00,50.209999084472656,50.400001525878906,47.619998931884766,48.20000076293945,846300,0.0,0.0
2022-09-19 00:00:00-04:00,47.689998626708984,48.36000061035156,46.867000579833984,47.16999816894531,693700,0.0,0.0
2022-09-20 00:00:00-04:00,46.95000076293945,47.18000030517578,45.7400016784668,46.38999938964844,708700,0.0,0.0
2022-09-21 00:00:00-04:00,46.56999969482422,46.56999969482422,44.15999984741211,44.25,960200,0.0,0.0
2022-09-22 00:00:00-04:00,44.099998474121094,46.34000015258789,42.93000030517578,45.709999084472656,1353200,0.0,0.0
2022-09-23 00:00:00-04:00,44.970001220703125,45.20600128173828,43.02000045776367,43.5099983215332,935900,0.0,0.0
2022-09-26 00:00:00-04:00,42.630001068115234,44.59000015258789,42.43000030517578,42.70000076293945,601800,0.0,0.0
2022-09-27 00:00:00-04:00,43.11000061035156,44.9900016784668,43.06999969482422,44.58000183105469,690400,0.0,0.0
2022-09-28 00:00:00-04:00,44.86000061035156,46.0,44.81999969482422,45.36000061035156,743200,0.0,0.0
2022-09-29 00:00:00-04:00,45.36000061035156,45.36000061035156,43.900001525878906,45.25,497400,0.0,0.0
2022-09-30 00:00:00-04:00,45.27000045776367,47.04499816894531,45.2400016784668,46.529998779296875,1217400,0.0,0.0
2022-10-03 00:00:00-04:00,46.529998779296875,48.310001373291016,45.47999954223633,47.7599983215332,600600,0.0,0.0
2022-10-04 00:00:00-04:00,48.349998474121094,48.939998626708984,47.75,48.709999084472656,536500,0.0,0.0
2022-10-05 00:00:00-04:00,48.16999816894531,48.709999084472656,46.869998931884766,47.459999084472656,466800,0.0,0.0
2022-10-06 00:00:00-04:00,47.29999923706055,47.5,46.53499984741211,47.150001525878906,419600,0.0,0.0
2022-10-07 00:00:00-04:00,47.119998931884766,49.189998626708984,46.84000015258789,47.939998626708984,1017500,0.0,0.0
2022-10-10 00:00:00-04:00,47.63999938964844,48.369998931884766,46.810001373291016,47.599998474121094,665100,0.0,0.0
2022-10-11 00:00:00-04:00,47.34000015258789,48.560001373291016,46.27000045776367,47.349998474121094,880600,0.0,0.0
2022-10-12 00:00:00-04:00,47.40999984741211,48.209999084472656,47.04999923706055,47.88999938964844,453800,0.0,0.0
2022-10-13 00:00:00-04:00,46.939998626708984,48.6349983215332,46.45500183105469,48.54999923706055,529800,0.0,0.0
2022-10-14 00:00:00-04:00,48.61000061035156,48.900001525878906,46.810001373291016,46.970001220703125,630500,0.0,0.0
2022-10-17 00:00:00-04:00,47.7599983215332,48.91999816894531,46.810001373291016,47.36000061035156,685500,0.0,0.0
2022-10-18 00:00:00-04:00,47.810001373291016,49.2400016784668,47.810001373291016,48.68000030517578,527900,0.0,0.0
2022-10-19 00:00:00-04:00,48.220001220703125,48.27399826049805,46.33000183105469,46.880001068115234,589300,0.0,0.0
2022-10-20 00:00:00-04:00,46.529998779296875,47.099998474121094,44.18000030517578,44.709999084472656,908100,0.0,0.0
2022-10-21 00:00:00-04:00,44.66999816894531,46.650001525878906,44.36000061035156,46.599998474121094,451500,0.0,0.0
2022-10-24 00:00:00-04:00,46.61000061035156,46.84000015258789,44.040000915527344,44.06999969482422,551300,0.0,0.0
2022-10-25 00:00:00-04:00,44.16999816894531,45.029998779296875,44.04999923706055,44.66999816894531,551800,0.0,0.0
2022-10-26 00:00:00-04:00,44.93000030517578,46.58000183105469,44.18000030517578,45.93000030517578,615400,0.0,0.0
2022-10-27 00:00:00-04:00,46.34000015258789,46.61000061035156,44.540000915527344,44.83000183105469,529600,0.0,0.0
2022-10-28 00:00:00-04:00,45.0,46.40999984741211,43.93000030517578,46.36000061035156,913900,0.0,0.0
2022-10-31 00:00:00-04:00,46.279998779296875,46.790000915527344,44.91999816894531,45.66999816894531,883000,0.0,0.0
2022-11-01 00:00:00-04:00,46.119998931884766,46.755001068115234,45.900001525878906,45.93000030517578,606300,0.0,0.0
2022-11-02 00:00:00-04:00,45.7400016784668,47.47999954223633,43.856998443603516,45.83000183105469,1318300,0.0,0.0
2022-11-03 00:00:00-04:00,46.560001373291016,52.650001525878906,46.560001373291016,51.880001068115234,1898700,0.0,0.0
2022-11-04 00:00:00-04:00,52.70000076293945,53.0,49.70000076293945,51.220001220703125,1010400,0.0,0.0
2022-11-07 00:00:00-05:00,51.29999923706055,53.36000061035156,51.2400016784668,52.34000015258789,1000600,0.0,0.0
2022-11-08 00:00:00-05:00,52.709999084472656,54.25,51.709999084472656,52.47999954223633,780900,0.0,0.0
2022-11-09 00:00:00-05:00,51.689998626708984,52.18000030517578,49.619998931884766,50.0099983215332,667700,0.0,0.0
2022-11-10 00:00:00-05:00,52.33000183105469,52.45000076293945,49.04999923706055,50.66999816894531,729800,0.0,0.0
2022-11-11 00:00:00-05:00,50.900001525878906,53.66999816894531,50.56999969482422,52.880001068115234,971000,0.0,0.0
2022-11-14 00:00:00-05:00,53.130001068115234,53.38999938964844,51.1349983215332,51.209999084472656,559300,0.0,0.0
2022-11-15 00:00:00-05:00,51.81999969482422,51.95500183105469,50.13999938964844,50.65999984741211,502900,0.0,0.0
2022-11-16 00:00:00-05:00,50.68000030517578,50.7400016784668,48.880001068115234,49.90999984741211,603300,0.0,0.0
2022-11-17 00:00:00-05:00,49.41999816894531,51.06999969482422,49.09000015258789,50.61000061035156,532300,0.0,0.0
2022-11-18 00:00:00-05:00,51.560001373291016,52.689998626708984,50.38999938964844,51.939998626708984,584000,0.0,0.0
2022-11-21 00:00:00-05:00,52.130001068115234,53.584999084472656,51.81999969482422,52.08000183105469,595500,0.0,0.0
2022-11-22 00:00:00-05:00,52.220001220703125,53.0099983215332,51.16999816894531,52.869998931884766,492100,0.0,0.0
2022-11-23 00:00:00-05:00,53.25,53.56999969482422,50.720001220703125,51.189998626708984,489800,0.0,0.0
2022-11-25 00:00:00-05:00,51.27000045776367,52.369998931884766,51.26300048828125,52.22999954223633,145900,0.0,0.0
2022-11-28 00:00:00-05:00,52.22999954223633,53.0099983215332,51.7400016784668,52.15999984741211,492100,0.0,0.0
2022-11-29 00:00:00-05:00,52.369998931884766,53.97999954223633,52.060001373291016,52.849998474121094,485100,0.0,0.0
2022-11-30 00:00:00-05:00,52.849998474121094,54.2599983215332,51.494998931884766,54.220001220703125,677900,0.0,0.0
2022-12-01 00:00:00-05:00,54.29999923706055,54.834999084472656,53.185001373291016,53.45000076293945,379200,0.0,0.0
2022-12-02 00:00:00-05:00,53.0,54.7400016784668,52.279998779296875,54.08000183105469,429400,0.0,0.0
2022-12-05 00:00:00-05:00,53.720001220703125,54.869998931884766,53.45000076293945,54.25,445500,0.0,0.0
2022-12-06 00:00:00-05:00,54.0,54.209999084472656,52.36000061035156,53.220001220703125,446600,0.0,0.0
2022-12-07 00:00:00-05:00,52.900001525878906,54.97999954223633,52.900001525878906,54.09000015258789,641900,0.0,0.0
2022-12-08 00:00:00-05:00,54.52000045776367,54.9900016784668,51.720001220703125,51.810001373291016,721200,0.0,0.0
2022-12-09 00:00:00-05:00,51.38999938964844,52.15999984741211,50.560001373291016,51.77000045776367,479800,0.0,0.0
2022-12-12 00:00:00-05:00,52.130001068115234,52.779998779296875,51.439998626708984,52.689998626708984,653400,0.0,0.0
2022-12-13 00:00:00-05:00,54.279998779296875,55.0,52.76499938964844,54.45000076293945,683100,0.0,0.0
2022-12-14 00:00:00-05:00,54.4900016784668,54.790000915527344,52.61000061035156,52.77000045776367,402200,0.0,0.0
2022-12-15 00:00:00-05:00,52.439998626708984,52.5,51.439998626708984,51.83000183105469,818800,0.0,0.0
2022-12-16 00:00:00-05:00,51.0,51.64500045776367,49.869998931884766,51.04999923706055,815600,0.0,0.0
2022-12-19 00:00:00-05:00,51.400001525878906,51.9900016784668,49.720001220703125,50.119998931884766,419500,0.0,0.0
2022-12-20 00:00:00-05:00,49.869998931884766,51.459999084472656,49.400001525878906,51.380001068115234,497200,0.0,0.0
2022-12-21 00:00:00-05:00,51.75,52.810001373291016,50.77000045776367,52.40999984741211,403100,0.0,0.0
2022-12-22 00:00:00-05:00,51.88999938964844,52.380001068115234,50.52000045776367,51.58000183105469,435600,0.0,0.0
2022-12-23 00:00:00-05:00,51.70000076293945,51.9900016784668,49.709999084472656,50.63999938964844,605100,0.0,0.0
2022-12-27 00:00:00-05:00,50.59000015258789,50.59000015258789,49.4900016784668,49.849998474121094,263300,0.0,0.0
2022-12-28 00:00:00-05:00,49.93000030517578,51.459999084472656,49.93000030517578,51.0,401200,0.0,0.0
2022-12-29 00:00:00-05:00,51.380001068115234,53.83000183105469,50.95500183105469,53.540000915527344,357800,0.0,0.0
2022-12-30 00:00:00-05:00,53.189998626708984,53.900001525878906,52.5099983215332,52.91999816894531,388600,0.0,0.0
2023-01-03 00:00:00-05:00,52.88999938964844,53.290000915527344,51.27000045776367,51.65999984741211,462100,0.0,0.0
2023-01-04 00:00:00-05:00,52.459999084472656,53.176998138427734,51.08000183105469,51.08000183105469,522400,0.0,0.0
2023-01-05 00:00:00-05:00,50.7599983215332,52.77000045776367,50.18000030517578,51.25,694300,0.0,0.0
2023-01-06 00:00:00-05:00,51.70000076293945,52.7400016784668,50.80400085449219,52.060001373291016,523700,0.0,0.0
2023-01-09 00:00:00-05:00,52.650001525878906,52.810001373291016,50.58000183105469,50.790000915527344,540100,0.0,0.0
2023-01-10 00:00:00-05:00,50.779998779296875,51.97999954223633,48.400001525878906,48.79999923706055,578400,0.0,0.0
2023-01-11 00:00:00-05:00,48.529998779296875,48.619998931884766,46.27000045776367,47.720001220703125,1265400,0.0,0.0
2023-01-12 00:00:00-05:00,47.75,48.970001220703125,46.31999969482422,48.52000045776367,1065500,0.0,0.0
2023-01-13 00:00:00-05:00,48.099998474121094,48.95000076293945,47.29999923706055,48.029998779296875,541600,0.0,0.0
2023-01-17 00:00:00-05:00,47.900001525878906,49.02899932861328,47.029998779296875,48.75,649000,0.0,0.0
2023-01-18 00:00:00-05:00,48.720001220703125,48.72999954223633,46.9900016784668,47.869998931884766,638400,0.0,0.0
2023-01-19 00:00:00-05:00,48.11000061035156,48.66999816894531,47.7400016784668,47.779998779296875,508600,0.0,0.0
2023-01-20 00:00:00-05:00,48.16999816894531,48.35499954223633,47.310001373291016,47.95000076293945,622800,0.0,0.0
2023-01-23 00:00:00-05:00,48.41999816894531,49.06999969482422,47.9900016784668,48.529998779296875,520600,0.0,0.0
2023-01-24 00:00:00-05:00,48.4900016784668,49.52000045776367,47.80500030517578,48.88999938964844,412300,0.0,0.0
2023-01-25 00:00:00-05:00,48.97999954223633,49.810001373291016,47.939998626708984,48.2400016784668,562800,0.0,0.0
2023-01-26 00:00:00-05:00,48.849998474121094,49.119998931884766,48.09000015258789,48.77000045776367,311200,0.0,0.0
2023-01-27 00:00:00-05:00,48.5099983215332,49.29499816894531,47.7400016784668,47.75,583400,0.0,0.0
2023-01-30 00:00:00-05:00,47.900001525878906,48.09000015258789,46.81999969482422,46.9900016784668,389000,0.0,0.0
2023-01-31 00:00:00-05:00,47.349998474121094,48.790000915527344,47.349998474121094,47.91999816894531,730100,0.0,0.0
2023-02-01 00:00:00-05:00,47.88999938964844,48.71500015258789,47.439998626708984,47.81999969482422,515300,0.0,0.0
2023-02-02 00:00:00-05:00,47.849998474121094,49.779998779296875,47.09000015258789,49.7400016784668,679100,0.0,0.0
2023-02-03 00:00:00-05:00,49.45000076293945,49.810001373291016,48.290000915527344,48.91999816894531,573100,0.0,0.0
2023-02-06 00:00:00-05:00,48.88999938964844,49.540000915527344,47.2599983215332,47.52000045776367,415700,0.0,0.0
2023-02-07 00:00:00-05:00,47.4900016784668,47.61000061035156,46.220001220703125,47.27000045776367,516400,0.0,0.0
2023-02-08 00:00:00-05:00,47.18000030517578,48.86000061035156,46.88999938964844,48.36000061035156,478900,0.0,0.0
2023-02-09 00:00:00-05:00,48.619998931884766,50.68000030517578,48.61000061035156,49.790000915527344,1187900,0.0,0.0
2023-02-10 00:00:00-05:00,49.560001373291016,50.2400016784668,48.439998626708984,48.66999816894531,850700,0.0,0.0
2023-02-13 00:00:00-05:00,48.61000061035156,49.43000030517578,48.20000076293945,48.810001373291016,579800,0.0,0.0
2023-02-14 00:00:00-05:00,48.72999954223633,49.959999084472656,48.380001068115234,49.41999816894531,623100,0.0,0.0
2023-02-15 00:00:00-05:00,49.09000015258789,50.18000030517578,48.7400016784668,50.0,729300,0.0,0.0
2023-02-16 00:00:00-05:00,49.709999084472656,50.849998474121094,49.2400016784668,49.86000061035156,637000,0.0,0.0
2023-02-17 00:00:00-05:00,50.189998626708984,50.720001220703125,49.5,50.0099983215332,769600,0.0,0.0
2023-02-21 00:00:00-05:00,49.599998474121094,49.61000061035156,46.09000015258789,46.439998626708984,1594500,0.0,0.0
2023-02-22 00:00:00-05:00,46.5,47.31999969482422,46.040000915527344,46.279998779296875,695100,0.0,0.0
2023-02-23 00:00:00-05:00,46.0099983215332,48.05500030517578,46.0,47.650001525878906,994300,0.0,0.0
2023-02-24 00:00:00-05:00,47.0,47.58000183105469,46.77000045776367,47.31999969482422,861600,0.0,0.0
2023-02-27 00:00:00-05:00,47.685001373291016,49.099998474121094,47.29999923706055,48.56999969482422,828600,0.0,0.0
2023-02-28 00:00:00-05:00,48.5,49.91999816894531,48.400001525878906,49.029998779296875,1330000,0.0,0.0
2023-03-01 00:00:00-05:00,50.0,51.680999755859375,47.08000183105469,49.31999969482422,1728600,0.0,0.0
2023-03-02 00:00:00-05:00,48.41999816894531,48.60499954223633,45.900001525878906,46.52000045776367,973400,0.0,0.0
2023-03-03 00:00:00-05:00,46.61000061035156,46.689998626708984,45.54999923706055,45.869998931884766,982500,0.0,0.0
2023-03-06 00:00:00-05:00,45.779998779296875,47.619998931884766,45.470001220703125,47.59000015258789,931300,0.0,0.0
2023-03-07 00:00:00-05:00,47.65999984741211,47.7599983215332,45.88999938964844,46.13999938964844,526800,0.0,0.0
2023-03-08 00:00:00-05:00,45.880001068115234,46.52000045776367,45.43000030517578,46.4900016784668,400900,0.0,0.0
2023-03-09 00:00:00-05:00,46.5,47.14500045776367,44.06999969482422,44.2400016784668,556900,0.0,0.0
2023-03-10 00:00:00-05:00,43.83000183105469,44.09000015258789,42.0099983215332,44.0,895600,0.0,0.0
2023-03-13 00:00:00-04:00,43.81999969482422,45.525001525878906,43.61000061035156,45.11000061035156,677700,0.0,0.0
2023-03-14 00:00:00-04:00,45.560001373291016,46.709999084472656,44.380001068115234,45.310001373291016,702200,0.0,0.0
2023-03-15 00:00:00-04:00,44.720001220703125,44.93000030517578,43.369998931884766,43.79999923706055,582500,0.0,0.0
2023-03-16 00:00:00-04:00,43.529998779296875,45.650001525878906,43.18000030517578,45.25,616200,0.0,0.0
2023-03-17 00:00:00-04:00,45.310001373291016,46.45000076293945,43.900001525878906,45.9900016784668,962300,0.0,0.0
2023-03-20 00:00:00-04:00,45.95000076293945,46.560001373291016,44.98699951171875,45.959999084472656,573900,0.0,0.0
2023-03-21 00:00:00-04:00,46.2599983215332,46.790000915527344,45.45000076293945,46.18000030517578,734800,0.0,0.0
2023-03-22 00:00:00-04:00,46.189998626708984,46.68000030517578,44.900001525878906,45.61000061035156,576000,0.0,0.0
2023-03-23 00:00:00-04:00,46.060001373291016,46.709999084472656,45.2599983215332,45.88999938964844,492900,0.0,0.0
2023-03-24 00:00:00-04:00,45.779998779296875,46.75,44.994998931884766,46.72999954223633,473800,0.0,0.0
2023-03-27 00:00:00-04:00,47.2599983215332,48.220001220703125,46.974998474121094,47.880001068115234,469900,0.0,0.0
2023-03-28 00:00:00-04:00,54.0099983215332,57.900001525878906,53.689998626708984,55.72999954223633,3670500,0.0,0.0
2023-03-29 00:00:00-04:00,57.0,57.47999954223633,55.97999954223633,56.9900016784668,1364500,0.0,0.0
2023-03-30 00:00:00-04:00,57.2599983215332,57.68000030517578,55.810001373291016,56.04999923706055,655100,0.0,0.0
2023-03-31 00:00:00-04:00,56.04999923706055,56.19499969482422,53.2599983215332,54.150001525878906,1578200,0.0,0.0
2023-04-03 00:00:00-04:00,54.18000030517578,55.38199996948242,53.52000045776367,54.66999816894531,1184800,0.0,0.0
2023-04-04 00:00:00-04:00,54.61000061035156,56.834999084472656,54.290000915527344,56.0099983215332,1082600,0.0,0.0
2023-04-05 00:00:00-04:00,55.79999923706055,56.91999816894531,55.2599983215332,56.5099983215332,856900,0.0,0.0
2023-04-06 00:00:00-04:00,56.77000045776367,59.43000030517578,56.58000183105469,59.29999923706055,1140700,0.0,0.0
2023-04-10 00:00:00-04:00,58.9900016784668,59.7400016784668,58.040000915527344,59.06999969482422,861400,0.0,0.0
2023-04-11 00:00:00-04:00,59.40999984741211,60.47999954223633,58.52000045776367,58.70000076293945,768700,0.0,0.0
2023-04-12 00:00:00-04:00,59.040000915527344,59.529998779296875,58.560001373291016,58.70000076293945,580300,0.0,0.0
2023-04-13 00:00:00-04:00,58.790000915527344,59.63999938964844,58.20000076293945,59.279998779296875,905100,0.0,0.0
2023-04-14 00:00:00-04:00,59.20000076293945,61.29999923706055,58.97999954223633,60.209999084472656,914200,0.0,0.0
2023-04-17 00:00:00-04:00,60.369998931884766,63.5,60.16999816894531,63.18000030517578,979400,0.0,0.0
2023-04-18 00:00:00-04:00,63.25,63.459999084472656,61.849998474121094,62.38999938964844,606200,0.0,0.0
2023-04-19 00:00:00-04:00,62.34000015258789,63.17499923706055,61.95000076293945,62.15999984741211,758300,0.0,0.0
2023-04-20 00:00:00-04:00,62.529998779296875,62.880001068115234,60.3650016784668,60.84000015258789,1083000,0.0,0.0
2023-04-21 00:00:00-04:00,61.400001525878906,63.04999923706055,61.220001220703125,62.5099983215332,812100,0.0,0.0
2023-04-24 00:00:00-04:00,62.34000015258789,63.08000183105469,61.040000915527344,62.25,894200,0.0,0.0
2023-04-25 00:00:00-04:00,62.15999984741211,62.619998931884766,60.7400016784668,60.790000915527344,624000,0.0,0.0
2023-04-26 00:00:00-04:00,60.720001220703125,61.58000183105469,60.43000030517578,61.040000915527344,1057700,0.0,0.0
2023-04-27 00:00:00-04:00,61.439998626708984,62.25,60.79999923706055,61.869998931884766,714600,0.0,0.0
2023-04-28 00:00:00-04:00,61.45000076293945,63.02000045776367,61.27000045776367,62.150001525878906,671500,0.0,0.0
2023-05-01 00:00:00-04:00,62.65999984741211,63.86000061035156,62.16999816894531,63.15999984741211,1760100,0.0,0.0
2023-05-02 00:00:00-04:00,63.5,66.08999633789062,62.619998931884766,63.2599983215332,1426400,0.0,0.0
2023-05-03 00:00:00-04:00,63.33000183105469,64.25,62.86000061035156,63.25,911300,0.0,0.0
2023-05-04 00:00:00-04:00,61.81999969482422,62.790000915527344,60.15999984741211,61.970001220703125,846200,0.0,0.0
2023-05-05 00:00:00-04:00,62.52000045776367,64.66000366210938,61.869998931884766,63.29999923706055,792200,0.0,0.0
2023-05-08 00:00:00-04:00,63.470001220703125,64.97000122070312,63.20000076293945,64.05000305175781,861100,0.0,0.0
2023-05-09 00:00:00-04:00,63.59000015258789,64.23999786376953,62.34000015258789,63.939998626708984,529600,0.0,0.0
2023-05-10 00:00:00-04:00,64.31999969482422,66.55999755859375,63.70000076293945,66.44000244140625,802500,0.0,0.0
2023-05-11 00:00:00-04:00,65.9800033569336,66.08000183105469,63.7599983215332,64.37000274658203,835600,0.0,0.0
2023-05-12 00:00:00-04:00,64.37999725341797,65.08000183105469,63.5099983215332,64.41999816894531,578700,0.0,0.0
2023-05-15 00:00:00-04:00,64.5,65.58499908447266,64.20999908447266,64.91000366210938,566800,0.0,0.0
2023-05-16 00:00:00-04:00,63.79999923706055,63.79999923706055,61.91999816894531,63.13999938964844,887400,0.0,0.0
2023-05-17 00:00:00-04:00,63.2400016784668,64.1500015258789,62.209999084472656,63.40999984741211,702100,0.0,0.0
2023-05-18 00:00:00-04:00,63.5,64.04000091552734,62.18299865722656,62.97999954223633,977900,0.0,0.0
2023-05-19 00:00:00-04:00,63.47999954223633,63.54999923706055,62.16999816894531,62.41999816894531,620300,0.0,0.0
2023-05-22 00:00:00-04:00,62.65999984741211,63.22999954223633,62.06999969482422,62.63999938964844,494400,0.0,0.0
2023-05-23 00:00:00-04:00,62.59000015258789,63.88999938964844,61.415000915527344,61.83000183105469,586700,0.0,0.0
2023-05-24 00:00:00-04:00,61.63999938964844,62.220001220703125,60.47999954223633,61.0,562700,0.0,0.0
2023-05-25 00:00:00-04:00,61.0,62.154998779296875,59.130001068115234,60.16999816894531,683800,0.0,0.0
2023-05-26 00:00:00-04:00,60.06999969482422,60.720001220703125,59.77000045776367,60.20000076293945,469100,0.0,0.0
2023-05-30 00:00:00-04:00,60.060001373291016,60.25,59.310001373291016,59.43000030517578,610400,0.0,0.0
2023-05-31 00:00:00-04:00,59.90999984741211,61.0,59.310001373291016,59.380001068115234,491000,0.0,0.0
2023-06-01 00:00:00-04:00,59.279998779296875,60.459999084472656,58.33000183105469,59.529998779296875,551100,0.0,0.0
2023-06-02 00:00:00-04:00,60.09000015258789,61.65999984741211,59.029998779296875,61.31999969482422,661400,0.0,0.0
2023-06-05 00:00:00-04:00,61.119998931884766,63.2599983215332,60.7599983215332,63.209999084472656,472000,0.0,0.0
2023-06-06 00:00:00-04:00,63.11000061035156,65.5999984741211,62.58000183105469,65.41000366210938,844100,0.0,0.0
2023-06-07 00:00:00-04:00,65.30000305175781,65.72000122070312,63.459999084472656,65.12999725341797,1010700,0.0,0.0
2023-06-08 00:00:00-04:00,65.05999755859375,66.42500305175781,65.05999755859375,65.27999877929688,556500,0.0,0.0
2023-06-09 00:00:00-04:00,64.97000122070312,65.93000030517578,64.69999694824219,65.81999969482422,476000,0.0,0.0
2023-06-12 00:00:00-04:00,66.06999969482422,66.40499877929688,64.19000244140625,64.38999938964844,576800,0.0,0.0
2023-06-13 00:00:00-04:00,64.5,66.05999755859375,64.33999633789062,65.05000305175781,853300,0.0,0.0
2023-06-14 00:00:00-04:00,64.9800033569336,65.41000366210938,62.70000076293945,64.4000015258789,843700,0.0,0.0
2023-06-15 00:00:00-04:00,64.30999755859375,64.58999633789062,63.43000030517578,64.2699966430664,472600,0.0,0.0
2023-06-16 00:00:00-04:00,65.0,65.0199966430664,63.15999984741211,63.95000076293945,736600,0.0,0.0
2023-06-20 00:00:00-04:00,63.54999923706055,65.62000274658203,63.08000183105469,65.4800033569336,602100,0.0,0.0
2023-06-21 00:00:00-04:00,65.30000305175781,67.05000305175781,63.86000061035156,66.43000030517578,769100,0.0,0.0
2023-06-22 00:00:00-04:00,66.47000122070312,67.0,65.16200256347656,65.93000030517578,435000,0.0,0.0
2023-06-23 00:00:00-04:00,65.0,65.5,63.7599983215332,63.790000915527344,897400,0.0,0.0
2023-06-26 00:00:00-04:00,63.66999816894531,64.47000122070312,62.22999954223633,62.61000061035156,526900,0.0,0.0
2023-06-27 00:00:00-04:00,62.619998931884766,62.75,61.16600036621094,62.70000076293945,982100,0.0,0.0
2023-06-28 00:00:00-04:00,62.75,63.08000183105469,61.689998626708984,62.189998626708984,913600,0.0,0.0
2023-06-29 00:00:00-04:00,62.09000015258789,62.83000183105469,61.63999938964844,61.959999084472656,480000,0.0,0.0
2023-06-30 00:00:00-04:00,62.88999938964844,63.560001373291016,61.970001220703125,63.31999969482422,649200,0.0,0.0
2023-07-03 00:00:00-04:00,62.90999984741211,63.095001220703125,62.08000183105469,62.59000015258789,263300,0.0,0.0
2023-07-05 00:00:00-04:00,62.349998474121094,63.970001220703125,61.0099983215332,63.47999954223633,385700,0.0,0.0
2023-07-06 00:00:00-04:00,63.54999923706055,64.94999694824219,62.130001068115234,64.0999984741211,555400,0.0,0.0
2023-07-07 00:00:00-04:00,64.18000030517578,64.97000122070312,62.06999969482422,62.27000045776367,576100,0.0,0.0
2023-07-10 00:00:00-04:00,62.25,62.5,60.310001373291016,60.97999954223633,1053100,0.0,0.0
2023-07-11 00:00:00-04:00,60.720001220703125,62.02000045776367,60.2599983215332,61.95000076293945,949200,0.0,0.0
2023-07-12 00:00:00-04:00,62.880001068115234,63.09000015258789,61.970001220703125,62.79999923706055,528400,0.0,0.0
2023-07-13 00:00:00-04:00,63.279998779296875,63.40800094604492,61.90999984741211,62.790000915527344,1047000,0.0,0.0
2023-07-14 00:00:00-04:00,62.88999938964844,63.619998931884766,62.25,63.52000045776367,645200,0.0,0.0
2023-07-17 00:00:00-04:00,63.709999084472656,65.0,63.255001068115234,63.52000045776367,660400,0.0,0.0
2023-07-18 00:00:00-04:00,63.630001068115234,64.3499984741211,62.66999816894531,62.849998474121094,820200,0.0,0.0
2023-07-19 00:00:00-04:00,62.900001525878906,63.59000015258789,61.220001220703125,63.040000915527344,690800,0.0,0.0
2023-07-20 00:00:00-04:00,63.099998474121094,64.25,62.02000045776367,62.029998779296875,558700,0.0,0.0
2023-07-21 00:00:00-04:00,62.689998626708984,63.025001525878906,61.79999923706055,62.08000183105469,598200,0.0,0.0
2023-07-24 00:00:00-04:00,61.97999954223633,62.36000061035156,61.130001068115234,61.529998779296875,404600,0.0,0.0
2023-07-25 00:00:00-04:00,61.27000045776367,61.88999938964844,60.709999084472656,60.72999954223633,397600,0.0,0.0
2023-07-26 00:00:00-04:00,60.400001525878906,61.494998931884766,60.27000045776367,61.349998474121094,502200,0.0,0.0
2023-07-27 00:00:00-04:00,61.709999084472656,62.72999954223633,61.2599983215332,61.959999084472656,446400,0.0,0.0
2023-07-28 00:00:00-04:00,62.439998626708984,62.439998626708984,58.61000061035156,60.810001373291016,974800,0.0,0.0
2023-07-31 00:00:00-04:00,61.0,62.65999984741211,60.33000183105469,61.84000015258789,567700,0.0,0.0
2023-08-01 00:00:00-04:00,61.970001220703125,62.06800079345703,60.60499954223633,60.88999938964844,418700,0.0,0.0
2023-08-02 00:00:00-04:00,60.599998474121094,61.70000076293945,60.040000915527344,60.869998931884766,617000,0.0,0.0
2023-08-03 00:00:00-04:00,59.08000183105469,61.95000076293945,57.275001525878906,58.88999938964844,1506300,0.0,0.0
2023-08-04 00:00:00-04:00,58.900001525878906,60.2599983215332,58.52000045776367,58.52000045776367,660900,0.0,0.0
2023-08-07 00:00:00-04:00,58.93000030517578,59.349998474121094,58.27000045776367,58.90999984741211,631000,0.0,0.0
2023-08-08 00:00:00-04:00,58.79999923706055,59.5,57.65999984741211,58.02000045776367,633600,0.0,0.0
2023-08-09 00:00:00-04:00,57.93000030517578,58.47999954223633,57.040000915527344,58.06999969482422,459000,0.0,0.0
2023-08-10 00:00:00-04:00,58.02000045776367,59.06999969482422,57.845001220703125,58.20000076293945,383600,0.0,0.0
2023-08-11 00:00:00-04:00,58.0,59.15999984741211,57.880001068115234,58.61000061035156,265600,0.0,0.0
2023-08-14 00:00:00-04:00,58.290000915527344,58.400001525878906,57.29999923706055,57.7599983215332,817300,0.0,0.0
2023-08-15 00:00:00-04:00,57.7599983215332,59.47800064086914,57.41999816894531,57.81999969482422,475800,0.0,0.0
2023-08-16 00:00:00-04:00,57.58000183105469,58.06999969482422,56.400001525878906,56.5,706700,0.0,0.0
2023-08-17 00:00:00-04:00,56.47999954223633,56.790000915527344,55.13999938964844,55.310001373291016,737500,0.0,0.0
2023-08-18 00:00:00-04:00,54.959999084472656,56.9900016784668,54.935001373291016,56.2400016784668,812300,0.0,0.0
2023-08-21 00:00:00-04:00,56.310001373291016,57.625,55.150001525878906,56.119998931884766,667000,0.0,0.0
2023-08-22 00:00:00-04:00,56.029998779296875,56.7400016784668,55.720001220703125,56.119998931884766,588100,0.0,0.0
2023-08-23 00:00:00-04:00,56.54999923706055,56.939998626708984,55.439998626708984,55.59000015258789,446900,0.0,0.0
2023-08-24 00:00:00-04:00,55.54999923706055,55.849998474121094,55.02000045776367,55.11000061035156,592400,0.0,0.0
2023-08-25 00:00:00-04:00,55.0,55.599998474121094,54.45000076293945,55.060001373291016,558000,0.0,0.0
2023-08-28 00:00:00-04:00,55.15999984741211,55.470001220703125,54.959999084472656,55.290000915527344,370400,0.0,0.0
2023-08-29 00:00:00-04:00,55.34000015258789,55.779998779296875,54.7599983215332,54.849998474121094,655900,0.0,0.0
2023-08-30 00:00:00-04:00,54.970001220703125,55.369998931884766,54.849998474121094,55.369998931884766,815300,0.0,0.0
2023-08-31 00:00:00-04:00,55.90999984741211,56.439998626708984,55.459999084472656,55.52000045776367,625300,0.0,0.0
2023-09-01 00:00:00-04:00,55.59000015258789,56.46500015258789,55.540000915527344,55.86000061035156,586400,0.0,0.0
2023-09-05 00:00:00-04:00,55.61000061035156,57.599998474121094,55.41999816894531,57.0,1048300,0.0,0.0
2023-09-06 00:00:00-04:00,57.099998474121094,57.4900016784668,56.189998626708984,57.459999084472656,590100,0.0,0.0
2023-09-07 00:00:00-04:00,57.86000061035156,58.18000030517578,56.91999816894531,57.560001373291016,409400,0.0,0.0
2023-09-08 00:00:00-04:00,57.720001220703125,59.255001068115234,55.97999954223633,58.70000076293945,526300,0.0,0.0
2023-09-11 00:00:00-04:00,58.880001068115234,59.099998474121094,58.20000076293945,58.68000030517578,419400,0.0,0.0
2023-09-12 00:00:00-04:00,58.959999084472656,59.72999954223633,58.20000076293945,59.310001373291016,504200,0.0,0.0
2023-09-13 00:00:00-04:00,58.959999084472656,59.900001525878906,56.849998474121094,57.27000045776367,716600,0.0,0.0
2023-09-14 00:00:00-04:00,57.33000183105469,57.880001068115234,56.279998779296875,56.38999938964844,461900,0.0,0.0
2023-09-15 00:00:00-04:00,56.5,56.540000915527344,54.52000045776367,55.029998779296875,1015100,0.0,0.0
2023-09-18 00:00:00-04:00,54.81999969482422,54.81999969482422,52.750999450683594,53.90999984741211,762100,0.0,0.0
2023-09-19 00:00:00-04:00,53.900001525878906,54.40999984741211,53.689998626708984,54.36000061035156,558300,0.0,0.0
2023-09-20 00:00:00-04:00,54.36000061035156,54.91999816894531,54.0,54.439998626708984,850500,0.0,0.0
2023-09-21 00:00:00-04:00,54.029998779296875,54.06999969482422,52.619998931884766,52.630001068115234,633100,0.0,0.0
2023-09-22 00:00:00-04:00,52.79999923706055,54.72999954223633,52.75,53.77000045776367,612100,0.0,0.0
2023-09-25 00:00:00-04:00,53.45000076293945,54.75,52.93000030517578,54.27000045776367,497700,0.0,0.0
2023-09-26 00:00:00-04:00,53.95000076293945,54.900001525878906,53.209999084472656,53.75,771700,0.0,0.0
2023-09-27 00:00:00-04:00,54.029998779296875,54.470001220703125,53.0099983215332,54.119998931884766,587900,0.0,0.0
2023-09-28 00:00:00-04:00,54.15999984741211,54.939998626708984,53.67499923706055,53.79999923706055,430800,0.0,0.0
2023-09-29 00:00:00-04:00,54.08000183105469,54.349998474121094,51.93000030517578,52.09000015258789,614500,0.0,0.0
2023-10-02 00:00:00-04:00,51.83000183105469,52.744998931884766,51.65999984741211,52.4900016784668,766300,0.0,0.0
2023-10-03 00:00:00-04:00,52.470001220703125,52.935001373291016,51.18000030517578,51.4900016784668,971200,0.0,0.0
2023-10-04 00:00:00-04:00,51.41999816894531,51.435001373291016,50.36000061035156,50.90999984741211,394000,0.0,0.0
2023-10-05 00:00:00-04:00,50.79999923706055,51.70000076293945,50.7400016784668,51.33000183105469,805200,0.0,0.0
2023-10-06 00:00:00-04:00,51.060001373291016,51.970001220703125,50.7599983215332,50.970001220703125,541500,0.0,0.0
2023-10-09 00:00:00-04:00,50.70000076293945,52.04999923706055,49.529998779296875,52.02000045776367,869300,0.0,0.0
2023-10-10 00:00:00-04:00,51.790000915527344,54.779998779296875,51.130001068115234,54.290000915527344,1146200,0.0,0.0
2023-10-11 00:00:00-04:00,54.18000030517578,54.59000015258789,53.10499954223633,53.849998474121094,1730700,0.0,0.0
2023-10-12 00:00:00-04:00,53.0099983215332,53.0099983215332,50.939998626708984,52.5,1597400,0.0,0.0
2023-10-13 00:00:00-04:00,52.52000045776367,54.060001373291016,51.41999816894531,53.65999984741211,1127600,0.0,0.0
2023-10-16 00:00:00-04:00,53.849998474121094,55.58000183105469,53.439998626708984,54.97999954223633,829500,0.0,0.0
2023-10-17 00:00:00-04:00,55.41999816894531,55.689998626708984,53.560001373291016,53.560001373291016,525900,0.0,0.0
2023-10-18 00:00:00-04:00,53.060001373291016,53.40999984741211,51.737998962402344,52.189998626708984,589600,0.0,0.0
2023-10-19 00:00:00-04:00,52.06999969482422,52.06999969482422,49.66999816894531,49.7400016784668,826200,0.0,0.0
2023-10-20 00:00:00-04:00,49.81999969482422,50.369998931884766,49.61000061035156,50.060001373291016,708200,0.0,0.0
2023-10-23 00:00:00-04:00,49.95000076293945,50.11000061035156,48.8650016784668,49.119998931884766,666600,0.0,0.0
2023-10-24 00:00:00-04:00,49.47999954223633,50.029998779296875,49.09000015258789,49.16999816894531,586800,0.0,0.0
2023-10-25 00:00:00-04:00,48.619998931884766,49.0,47.66999816894531,48.400001525878906,927900,0.0,0.0
2023-10-26 00:00:00-04:00,48.43000030517578,48.880001068115234,47.9900016784668,48.040000915527344,764300,0.0,0.0
2023-10-27 00:00:00-04:00,47.650001525878906,49.61000061035156,46.88999938964844,48.54999923706055,2913900,0.0,0.0
2023-10-30 00:00:00-04:00,48.52000045776367,48.709999084472656,45.5,46.369998931884766,1704900,0.0,0.0
2023-10-31 00:00:00-04:00,46.619998931884766,49.790000915527344,46.099998474121094,49.7599983215332,1492500,0.0,0.0
2023-11-01 00:00:00-04:00,49.900001525878906,50.91999816894531,49.29999923706055,50.869998931884766,1178800,0.0,0.0
2023-11-02 00:00:00-04:00,52.77000045776367,54.27000045776367,50.869998931884766,52.380001068115234,2715300,0.0,0.0
2023-11-03 00:00:00-04:00,53.27000045776367,55.66999816894531,53.27000045776367,54.9900016784668,1176500,0.0,0.0
2023-11-06 00:00:00-05:00,54.900001525878906,56.763999938964844,54.59000015258789,56.0099983215332,1159200,0.0,0.0
2023-11-07 00:00:00-05:00,55.63999938964844,56.56999969482422,54.5,56.2400016784668,894700,0.0,0.0
2023-11-08 00:00:00-05:00,56.599998474121094,56.599998474121094,54.65999984741211,55.13999938964844,600800,0.0,0.0
2023-11-09 00:00:00-05:00,55.279998779296875,55.349998474121094,53.16999816894531,53.52000045776367,809400,0.0,0.0
2023-11-10 00:00:00-05:00,53.880001068115234,54.220001220703125,52.900001525878906,53.459999084472656,933800,0.0,0.0
2023-11-13 00:00:00-05:00,53.349998474121094,54.93000030517578,52.880001068115234,54.369998931884766,440400,0.0,0.0
2023-11-14 00:00:00-05:00,56.0,56.849998474121094,55.5099983215332,56.70000076293945,615800,0.0,0.0
2023-11-15 00:00:00-05:00,56.220001220703125,57.77000045776367,56.220001220703125,56.689998626708984,626500,0.0,0.0
2023-11-16 00:00:00-05:00,56.72999954223633,56.72999954223633,54.7599983215332,55.02000045776367,944600,0.0,0.0
2023-11-17 00:00:00-05:00,55.560001373291016,57.33000183105469,54.16999816894531,57.189998626708984,761400,0.0,0.0
2023-11-20 00:00:00-05:00,57.33000183105469,59.15999984741211,56.82500076293945,58.560001373291016,723300,0.0,0.0
2023-11-21 00:00:00-05:00,58.20000076293945,59.47999954223633,57.67499923706055,58.529998779296875,768600,0.0,0.0
2023-11-22 00:00:00-05:00,59.709999084472656,60.25,58.34000015258789,59.2599983215332,666300,0.0,0.0
2023-11-24 00:00:00-05:00,59.040000915527344,60.310001373291016,58.959999084472656,59.41999816894531,302300,0.0,0.0
2023-11-27 00:00:00-05:00,58.88999938964844,59.61000061035156,58.13999938964844,59.599998474121094,730900,0.0,0.0
2023-11-28 00:00:00-05:00,59.650001525878906,60.05500030517578,58.86000061035156,59.06999969482422,751400,0.0,0.0
2023-11-29 00:00:00-05:00,59.810001373291016,60.540000915527344,58.779998779296875,59.43000030517578,813100,0.0,0.0
2023-11-30 00:00:00-05:00,59.630001068115234,61.40999984741211,59.369998931884766,61.369998931884766,791900,0.0,0.0
2023-12-01 00:00:00-05:00,61.369998931884766,63.0099983215332,59.790000915527344,62.84000015258789,1001500,0.0,0.0
2023-12-04 00:00:00-05:00,63.0,63.93000030517578,61.20000076293945,61.459999084472656,886600,0.0,0.0
2023-12-05 00:00:00-05:00,61.27000045776367,63.380001068115234,60.599998474121094,62.83000183105469,773900,0.0,0.0
2023-12-06 00:00:00-05:00,63.11000061035156,63.11000061035156,60.63999938964844,61.45000076293945,1032500,0.0,0.0
2023-12-07 00:00:00-05:00,61.47999954223633,62.0,60.45000076293945,60.939998626708984,730600,0.0,0.0
2023-12-08 00:00:00-05:00,61.040000915527344,61.7400016784668,59.77000045776367,60.290000915527344,731000,0.0,0.0
2023-12-11 00:00:00-05:00,61.77000045776367,61.77000045776367,59.04999923706055,59.88999938964844,786900,0.0,0.0
2023-12-12 00:00:00-05:00,59.88999938964844,64.45999908447266,58.92499923706055,64.4000015258789,1709200,0.0,0.0
2023-12-13 00:00:00-05:00,64.2300033569336,66.62999725341797,63.689998626708984,66.33999633789062,1343300,0.0,0.0
2023-12-14 00:00:00-05:00,66.47000122070312,67.98999786376953,64.61000061035156,65.31999969482422,1293800,0.0,0.0
2023-12-15 00:00:00-05:00,65.80999755859375,66.69999694824219,64.63999938964844,65.44000244140625,1167600,0.0,0.0
2023-12-18 00:00:00-05:00,65.4000015258789,65.81999969482422,64.01000213623047,65.26000213623047,523300,0.0,0.0
2023-12-19 00:00:00-05:00,65.76499938964844,67.2699966430664,65.4000015258789,65.5199966430664,841200,0.0,0.0
2023-12-20 00:00:00-05:00,65.0999984741211,66.44999694824219,64.05000305175781,65.27999877929688,1077700,0.0,0.0
2023-12-21 00:00:00-05:00,65.37000274658203,66.86000061035156,65.37000274658203,66.69000244140625,668000,0.0,0.0
2023-12-22 00:00:00-05:00,68.5,71.77999877929688,68.5,70.3499984741211,1346500,0.0,0.0
2023-12-26 00:00:00-05:00,70.79000091552734,71.3550033569336,69.88999938964844,71.27999877929688,657600,0.0,0.0
2023-12-27 00:00:00-05:00,71.76000213623047,73.9000015258789,71.30000305175781,73.6500015258789,696400,0.0,0.0
2023-12-28 00:00:00-05:00,73.6500015258789,74.16500091552734,71.45500183105469,71.98999786376953,794600,0.0,0.0
2023-12-29 00:00:00-05:00,71.73999786376953,72.18000030517578,70.80999755859375,71.62000274658203,630700,0.0,0.0
2024-01-02 00:00:00-05:00,70.69000244140625,72.33000183105469,69.43399810791016,70.48999786376953,847700,0.0,0.0
2024-01-03 00:00:00-05:00,71.5,71.62999725341797,69.02999877929688,69.44999694824219,946000,0.0,0.0
2024-01-04 00:00:00-05:00,69.62000274658203,69.97000122070312,68.79000091552734,69.04000091552734,645200,0.0,0.0
2024-01-05 00:00:00-05:00,68.30999755859375,70.7699966430664,67.75599670410156,68.5,739200,0.0,0.0
2024-01-08 00:00:00-05:00,67.98999786376953,71.70999908447266,67.68000030517578,71.66000366210938,713200,0.0,0.0
2024-01-09 00:00:00-05:00,70.87999725341797,71.3499984741211,69.93000030517578,70.75,598500,0.0,0.0
2024-01-10 00:00:00-05:00,71.0,71.11000061035156,67.30000305175781,67.58000183105469,873200,0.0,0.0
2024-01-11 00:00:00-05:00,66.8499984741211,68.01000213623047,65.72000122070312,68.01000213623047,963200,0.0,0.0
2024-01-12 00:00:00-05:00,68.93000030517578,69.13600158691406,65.87000274658203,66.36000061035156,795100,0.0,0.0
2024-01-16 00:00:00-05:00,66.12000274658203,67.93000030517578,65.5199966430664,67.47000122070312,1044000,0.0,0.0
2024-01-17 00:00:00-05:00,66.6500015258789,67.20999908447266,65.36000061035156,65.94999694824219,614600,0.0,0.0
2024-01-18 00:00:00-05:00,66.2699966430664,66.2699966430664,64.74500274658203,65.13999938964844,756300,0.0,0.0
2024-01-19 00:00:00-05:00,65.38999938964844,65.83999633789062,64.37999725341797,65.44999694824219,2102700,0.0,0.0
2024-01-22 00:00:00-05:00,66.38999938964844,67.72000122070312,66.25,67.31999969482422,689300,0.0,0.0
2024-01-23 00:00:00-05:00,67.91999816894531,67.94000244140625,66.29499816894531,66.45999908447266,592000,0.0,0.0
2024-01-24 00:00:00-05:00,67.13999938964844,67.18000030517578,65.6500015258789,66.08999633789062,786000,0.0,0.0
2024-01-25 00:00:00-05:00,67.19999694824219,67.4000015258789,66.41000366210938,66.9800033569336,986900,0.0,0.0
2024-01-26 00:00:00-05:00,67.52999877929688,68.48999786376953,67.3499984741211,67.37000274658203,1019600,0.0,0.0
2024-01-29 00:00:00-05:00,67.2300033569336,70.1500015258789,66.8499984741211,69.86000061035156,671000,0.0,0.0
2024-01-30 00:00:00-05:00,69.66000366210938,69.66000366210938,67.0,68.38999938964844,678100,0.0,0.0
2024-01-31 00:00:00-05:00,68.48999786376953,69.33000183105469,67.26000213623047,67.33999633789062,704700,0.0,0.0
2024-02-01 00:00:00-05:00,67.76000213623047,68.73500061035156,67.33000183105469,68.19000244140625,669500,0.0,0.0
2024-02-02 00:00:00-05:00,67.37999725341797,68.08999633789062,65.98999786376953,67.25,549400,0.0,0.0
2024-02-05 00:00:00-05:00,66.45999908447266,69.30999755859375,66.22000122070312,69.0,637600,0.0,0.0
2024-02-06 00:00:00-05:00,69.0199966430664,70.30000305175781,68.55999755859375,70.08999633789062,763600,0.0,0.0
2024-02-07 00:00:00-05:00,70.19999694824219,70.58999633789062,68.3499984741211,68.56999969482422,1174900,0.0,0.0
2024-02-08 00:00:00-05:00,69.22000122070312,72.29000091552734,68.66000366210938,71.5999984741211,1009900,0.0,0.0
2024-02-09 00:00:00-05:00,71.37000274658203,73.38999938964844,70.94999694824219,72.7699966430664,729300,0.0,0.0
2024-02-12 00:00:00-05:00,73.38999938964844,73.80999755859375,72.0199966430664,72.7300033569336,803800,0.0,0.0
2024-02-13 00:00:00-05:00,70.80000305175781,71.27999877929688,69.3499984741211,70.4000015258789,858700,0.0,0.0
2024-02-14 00:00:00-05:00,71.26000213623047,72.20999908447266,71.04000091552734,71.98999786376953,611700,0.0,0.0
2024-02-15 00:00:00-05:00,72.75,75.4000015258789,72.0,74.88999938964844,1221000,0.0,0.0
2024-02-16 00:00:00-05:00,74.61000061035156,76.11000061035156,73.53500366210938,75.6500015258789,861300,0.0,0.0
2024-02-20 00:00:00-05:00,75.05000305175781,75.6500015258789,73.08999633789062,73.69999694824219,697300,0.0,0.0
2024-02-21 00:00:00-05:00,73.30000305175781,74.1449966430664,72.16000366210938,73.27999877929688,752800,0.0,0.0
2024-02-22 00:00:00-05:00,70.3499984741211,73.04000091552734,62.779998779296875,71.93000030517578,2012400,0.0,0.0
2024-02-23 00:00:00-05:00,71.44000244140625,71.44000244140625,68.125,70.16000366210938,1151600,0.0,0.0
2024-02-26 00:00:00-05:00,69.87999725341797,71.61000061035156,67.52999877929688,71.55999755859375,1083000,0.0,0.0
2024-02-27 00:00:00-05:00,72.37999725341797,73.44000244140625,71.6500015258789,72.9000015258789,642000,0.0,0.0
2024-02-28 00:00:00-05:00,72.6500015258789,72.99099731445312,70.93000030517578,71.12999725341797,405700,0.0,0.0
2024-02-29 00:00:00-05:00,71.55999755859375,71.75,69.12999725341797,69.5199966430664,519600,0.0,0.0
2024-03-01 00:00:00-05:00,69.93000030517578,72.30500030517578,69.75499725341797,71.48999786376953,728500,0.0,0.0
2024-03-04 00:00:00-05:00,71.83000183105469,71.94000244140625,67.16000366210938,67.2300033569336,853100,0.0,0.0
2024-03-05 00:00:00-05:00,66.88999938964844,67.52999877929688,65.12000274658203,66.62000274658203,881500,0.0,0.0
2024-03-06 00:00:00-05:00,67.4000015258789,67.95999908447266,65.95999908447266,66.02999877929688,482100,0.0,0.0
2024-03-07 00:00:00-05:00,66.43000030517578,67.15499877929688,65.69000244140625,66.72000122070312,581500,0.0,0.0
2024-03-08 00:00:00-05:00,67.4000015258789,69.07499694824219,66.83999633789062,67.4800033569336,608900,0.0,0.0
2024-03-11 00:00:00-04:00,67.31999969482422,67.58999633789062,64.49500274658203,65.43000030517578,696300,0.0,0.0
2024-03-12 00:00:00-04:00,65.02999877929688,65.36000061035156,64.19999694824219,64.37000274658203,685300,0.0,0.0
2024-03-13 00:00:00-04:00,64.26000213623047,65.73999786376953,64.04000091552734,65.20999908447266,594800,0.0,0.0
2024-03-14 00:00:00-04:00,64.95999908447266,65.0999984741211,63.29999923706055,64.56999969482422,610700,0.0,0.0
2024-03-15 00:00:00-04:00,64.45999908447266,65.08999633789062,63.91999816894531,64.77999877929688,1070700,0.0,0.0
2024-03-18 00:00:00-04:00,64.97000122070312,65.9800033569336,64.75,65.37000274658203,488600,0.0,0.0
2024-03-19 00:00:00-04:00,63.90999984741211,66.66999816894531,63.869998931884766,65.44999694824219,519100,0.0,0.0
2024-03-20 00:00:00-04:00,65.5,67.41000366210938,64.94999694824219,67.20999908447266,978900,0.0,0.0
2024-03-21 00:00:00-04:00,67.77999877929688,69.2699966430664,67.38300323486328,68.37999725341797,631600,0.0,0.0
2024-03-22 00:00:00-04:00,68.73999786376953,69.9000015258789,68.73999786376953,69.0199966430664,821200,0.0,0.0
2024-03-25 00:00:00-04:00,69.58999633789062,70.06999969482422,67.81999969482422,67.97000122070312,639300,0.0,0.0
2024-03-26 00:00:00-04:00,68.87999725341797,69.2699966430664,67.12999725341797,67.33000183105469,303700,0.0,0.0
2024-03-27 00:00:00-04:00,67.94000244140625,69.75,67.49500274658203,69.72000122070312,428600,0.0,0.0
2024-03-28 00:00:00-04:00,69.77999877929688,70.0,68.13999938964844,69.19999694824219,878600,0.0,0.0
2024-04-01 00:00:00-04:00,69.19999694824219,69.36000061035156,67.7300033569336,68.2699966430664,367900,0.0,0.0
2024-04-02 00:00:00-04:00,66.94000244140625,67.55000305175781,65.93000030517578,66.66999816894531,502800,0.0,0.0
2024-04-03 00:00:00-04:00,66.27999877929688,68.7300033569336,65.98999786376953,67.31999969482422,586300,0.0,0.0
2024-04-04 00:00:00-04:00,68.48999786376953,69.33000183105469,66.61000061035156,67.20999908447266,661500,0.0,0.0
2024-04-05 00:00:00-04:00,67.29000091552734,69.5,67.0199966430664,68.44000244140625,702100,0.0,0.0
2024-04-08 00:00:00-04:00,68.73999786376953,68.90499877929688,67.32499694824219,67.69999694824219,376900,0.0,0.0
2024-04-09 00:00:00-04:00,68.06999969482422,69.01499938964844,67.9000015258789,68.62000274658203,493200,0.0,0.0
2024-04-10 00:00:00-04:00,67.12000274658203,68.12000274658203,66.52999877929688,67.27999877929688,541600,0.0,0.0
2024-04-11 00:00:00-04:00,67.88999938964844,68.68000030517578,66.52999877929688,67.97000122070312,431100,0.0,0.0
2024-04-12 00:00:00-04:00,68.04000091552734,68.66999816894531,64.83999633789062,65.87999725341797,586900,0.0,0.0
2024-04-15 00:00:00-04:00,65.70999908447266,66.05000305175781,64.15499877929688,64.76000213623047,503300,0.0,0.0
2024-04-16 00:00:00-04:00,75.29000091552734,84.88999938964844,75.0,79.83999633789062,7381400,0.0,0.0
2024-04-17 00:00:00-04:00,79.0,83.25,76.5,76.69000244140625,2862200,0.0,0.0
2024-04-18 00:00:00-04:00,74.4000015258789,75.07499694824219,71.20500183105469,72.0,4711000,0.0,0.0
2024-04-19 00:00:00-04:00,72.30999755859375,74.55999755859375,70.93000030517578,72.37000274658203,2189200,0.0,0.0
2024-04-22 00:00:00-04:00,73.68000030517578,75.13999938964844,72.0199966430664,74.54000091552734,1927900,0.0,0.0
2024-04-23 00:00:00-04:00,75.05999755859375,76.88999938964844,73.68800354003906,74.01000213623047,826600,0.0,0.0
2024-04-24 00:00:00-04:00,73.73999786376953,74.12000274658203,72.41000366210938,73.12000274658203,736500,0.0,0.0
2024-04-25 00:00:00-04:00,72.45999908447266,72.77999877929688,71.3499984741211,72.12999725341797,658800,0.0,0.0
2024-04-26 00:00:00-04:00,72.2699966430664,73.5199966430664,71.66000366210938,73.26000213623047,594800,0.0,0.0
2024-04-29 00:00:00-04:00,73.58000183105469,73.82099914550781,71.97100067138672,72.30000305175781,552300,0.0,0.0
2024-04-30 00:00:00-04:00,72.44999694824219,72.82499694824219,71.37999725341797,71.80999755859375,840700,0.0,0.0
2024-05-01 00:00:00-04:00,71.61000061035156,73.68000030517578,71.61000061035156,72.7300033569336,714800,0.0,0.0
2024-05-02 00:00:00-04:00,73.7699966430664,73.7699966430664,69.9800033569336,70.33999633789062,1233800,0.0,0.0
2024-05-03 00:00:00-04:00,71.06999969482422,71.3499984741211,68.4800033569336,68.80000305175781,909000,0.0,0.0
2024-05-06 00:00:00-04:00,68.87999725341797,71.0199966430664,68.26000213623047,71.01000213623047,750100,0.0,0.0
2024-05-07 00:00:00-04:00,69.72000122070312,71.63500213623047,68.61000061035156,71.20999908447266,1128000,0.0,0.0
2024-05-08 00:00:00-04:00,71.12000274658203,71.22000122070312,66.94999694824219,67.0,994200,0.0,0.0
2024-05-09 00:00:00-04:00,66.97000122070312,67.2300033569336,65.44999694824219,65.55999755859375,767100,0.0,0.0
2024-05-10 00:00:00-04:00,65.75,66.70999908447266,64.91999816894531,64.95999908447266,730800,0.0,0.0
2024-05-13 00:00:00-04:00,65.16000366210938,67.22000122070312,65.16000366210938,66.31999969482422,706900,0.0,0.0
2024-05-14 00:00:00-04:00,66.76000213623047,67.2699966430664,65.16999816894531,65.70999908447266,697000,0.0,0.0
2024-05-15 00:00:00-04:00,66.68000030517578,68.16000366210938,66.51000213623047,66.83999633789062,691600,0.0,0.0
2024-05-16 00:00:00-04:00,66.72000122070312,67.09500122070312,65.51000213623047,66.52999877929688,723500,0.0,0.0
2024-05-17 00:00:00-04:00,66.87999725341797,66.87999725341797,64.91999816894531,65.0,783400,0.0,0.0
2024-05-20 00:00:00-04:00,65.05999755859375,65.81999969482422,64.08999633789062,65.31999969482422,999100,0.0,0.0
2024-05-21 00:00:00-04:00,65.0999984741211,67.98999786376953,64.88999938964844,67.0,1007500,0.0,0.0
2024-05-22 00:00:00-04:00,66.87999725341797,69.12000274658203,66.86000061035156,67.30000305175781,812200,0.0,0.0
2024-05-23 00:00:00-04:00,70.0,70.0,65.81999969482422,66.37000274658203,913700,0.0,0.0
2024-05-24 00:00:00-04:00,66.4800033569336,66.4800033569336,64.87999725341797,65.54000091552734,628400,0.0,0.0
2024-05-28 00:00:00-04:00,65.66999816894531,66.55000305175781,65.19999694824219,65.62000274658203,633800,0.0,0.0
2024-05-29 00:00:00-04:00,65.05999755859375,67.08999633789062,64.72000122070312,66.54000091552734,766700,0.0,0.0
2024-05-30 00:00:00-04:00,66.66000366210938,67.4000015258789,65.1500015258789,65.6500015258789,592400,0.0,0.0
2024-05-31 00:00:00-04:00,66.0199966430664,67.69999694824219,65.80999755859375,67.23999786376953,1046000,0.0,0.0
2024-06-03 00:00:00-04:00,67.41999816894531,70.08000183105469,67.30000305175781,68.41000366210938,830500,0.0,0.0
2024-06-04 00:00:00-04:00,68.31999969482422,68.60700225830078,67.05999755859375,67.87999725341797,584100,0.0,0.0
2024-06-05 00:00:00-04:00,68.2300033569336,68.2300033569336,66.75,67.80999755859375,453100,0.0,0.0
2024-06-06 00:00:00-04:00,67.69000244140625,68.76000213623047,67.04000091552734,68.55000305175781,481000,0.0,0.0
2024-06-07 00:00:00-04:00,68.12999725341797,68.75,67.37000274658203,68.41000366210938,563200,0.0,0.0
2024-06-10 00:00:00-04:00,68.16000366210938,69.4800033569336,67.05000305175781,69.06999969482422,466100,0.0,0.0
2024-06-11 00:00:00-04:00,67.62000274658203,69.63999938964844,66.88500213623047,69.12999725341797,353500,0.0,0.0
2024-06-12 00:00:00-04:00,70.22000122070312,70.43000030517578,67.97000122070312,68.19999694824219,847300,0.0,0.0
2024-06-13 00:00:00-04:00,68.98999786376953,69.0,67.16500091552734,68.41000366210938,701400,0.0,0.0
2024-06-14 00:00:00-04:00,67.66000366210938,69.27999877929688,66.5739974975586,67.7699966430664,636000,0.0,0.0
2024-06-17 00:00:00-04:00,67.91000366210938,70.06999969482422,67.91000366210938,68.87000274658203,811000,0.0,0.0
2024-06-18 00:00:00-04:00,76.06999969482422,78.52999877929688,71.55999755859375,75.4800033569336,4706600,0.0,0.0
2024-06-20 00:00:00-04:00,75.2300033569336,76.72000122070312,74.05999755859375,75.55000305175781,1356600,0.0,0.0
2024-06-21 00:00:00-04:00,75.7699966430664,77.94000244140625,75.5999984741211,76.58000183105469,1685800,0.0,0.0
2024-06-24 00:00:00-04:00,76.55000305175781,77.23999786376953,75.27999877929688,75.56999969482422,817500,0.0,0.0
2024-06-25 00:00:00-04:00,74.58999633789062,76.19200134277344,71.94999694824219,72.41999816894531,1298600,0.0,0.0
2024-06-26 00:00:00-04:00,71.66000366210938,72.36000061035156,70.5199966430664,71.08999633789062,1396900,0.0,0.0
2024-06-27 00:00:00-04:00,71.76000213623047,72.03500366210938,70.66999816894531,70.9800033569336,1205000,0.0,0.0
2024-06-28 00:00:00-04:00,71.01000213623047,71.7699966430664,67.69000244140625,68.48999786376953,13717700,0.0,0.0
2024-07-01 00:00:00-04:00,68.37999725341797,71.8550033569336,66.26000213623047,67.98999786376953,1797600,0.0,0.0
2024-07-02 00:00:00-04:00,68.7699966430664,69.37000274658203,68.1500015258789,68.54000091552734,1396900,0.0,0.0
2024-07-03 00:00:00-04:00,67.80999755859375,69.12999725341797,67.68000030517578,69.06999969482422,596500,0.0,0.0
2024-07-05 00:00:00-04:00,69.0,69.72000122070312,68.16000366210938,69.55999755859375,467200,0.0,0.0
2024-07-08 00:00:00-04:00,69.52999877929688,71.72000122070312,68.9800033569336,71.55999755859375,839200,0.0,0.0
2024-07-09 00:00:00-04:00,71.68000030517578,74.36000061035156,71.25,74.06999969482422,1009900,0.0,0.0
2024-07-10 00:00:00-04:00,75.13999938964844,77.55999755859375,74.54000091552734,77.29000091552734,1437600,0.0,0.0
2024-07-11 00:00:00-04:00,77.4000015258789,79.70999908447266,77.20999908447266,78.31999969482422,1045100,0.0,0.0
2024-07-12 00:00:00-04:00,78.30999755859375,79.02999877929688,77.4800033569336,78.12999725341797,938600,0.0,0.0
2024-07-15 00:00:00-04:00,78.0999984741211,79.02999877929688,77.56999969482422,78.69000244140625,520200,0.0,0.0
2024-07-16 00:00:00-04:00,79.26000213623047,79.87999725341797,78.45999908447266,78.56999969482422,608900,0.0,0.0
2024-07-17 00:00:00-04:00,77.9000015258789,78.62000274658203,75.94000244140625,76.51000213623047,774300,0.0,0.0
2024-07-18 00:00:00-04:00,76.52999877929688,76.83000183105469,74.44999694824219,74.94000244140625,738400,0.0,0.0
2024-07-19 00:00:00-04:00,75.23999786376953,76.0999984741211,74.4800033569336,74.86000061035156,685100,0.0,0.0
2024-07-22 00:00:00-04:00,75.75,76.55000305175781,74.62000274658203,76.4800033569336,549200,0.0,0.0
2024-07-23 00:00:00-04:00,76.4800033569336,79.37999725341797,75.58499908447266,78.19999694824219,1061300,0.0,0.0
2024-07-24 00:00:00-04:00,77.87999725341797,78.29000091552734,77.04499816894531,77.2699966430664,409400,0.0,0.0
2024-07-25 00:00:00-04:00,77.11000061035156,81.81999969482422,77.11000061035156,80.83999633789062,1567800,0.0,0.0
2024-07-26 00:00:00-04:00,81.16000366210938,82.0,79.43000030517578,80.38999938964844,625500,0.0,0.0
2024-07-29 00:00:00-04:00,80.44000244140625,80.44000244140625,77.1500015258789,78.19000244140625,770900,0.0,0.0
2024-07-30 00:00:00-04:00,78.19000244140625,79.01000213623047,76.70899963378906,78.0999984741211,573200,0.0,0.0
2024-07-31 00:00:00-04:00,78.94999694824219,79.66799926757812,78.0199966430664,78.72000122070312,588200,0.0,0.0
2024-08-01 00:00:00-04:00,78.69000244140625,79.48999786376953,77.83000183105469,79.0,459500,0.0,0.0
2024-08-02 00:00:00-04:00,77.33000183105469,78.30999755859375,76.29000091552734,77.30000305175781,399300,0.0,0.0
2024-08-05 00:00:00-04:00,72.43000030517578,78.11499786376953,72.29000091552734,77.80000305175781,1144400,0.0,0.0
2024-08-06 00:00:00-04:00,78.54000091552734,79.22000122070312,76.93000030517578,78.16999816894531,909900,0.0,0.0
2024-08-07 00:00:00-04:00,76.94999694824219,77.29000091552734,72.8499984741211,73.62999725341797,2021600,0.0,0.0
2024-08-08 00:00:00-04:00,73.68000030517578,74.47000122070312,72.11000061035156,74.41999816894531,969400,0.0,0.0
2024-08-09 00:00:00-04:00,74.86000061035156,75.38500213623047,73.0,73.61000061035156,519500,0.0,0.0
2024-08-12 00:00:00-04:00,73.68000030517578,74.97000122070312,73.3499984741211,74.9000015258789,423500,0.0,0.0
2024-08-13 00:00:00-04:00,75.0199966430664,77.13999938964844,74.44000244140625,75.33000183105469,467500,0.0,0.0
2024-08-14 00:00:00-04:00,75.69999694824219,76.04499816894531,74.0199966430664,75.62000274658203,482900,0.0,0.0
2024-08-15 00:00:00-04:00,76.56999969482422,77.22000122070312,74.88999938964844,75.2699966430664,547300,0.0,0.0
2024-08-16 00:00:00-04:00,75.0,75.37999725341797,74.22000122070312,74.83000183105469,486200,0.0,0.0
2024-08-19 00:00:00-04:00,74.83000183105469,75.75,74.19000244140625,75.7300033569336,410800,0.0,0.0
2024-08-20 00:00:00-04:00,75.93000030517578,77.31999969482422,75.36000061035156,76.98999786376953,365800,0.0,0.0
2024-08-21 00:00:00-04:00,77.13999938964844,78.13999938964844,74.9000015258789,75.69000244140625,755200,0.0,0.0
2024-08-22 00:00:00-04:00,75.63999938964844,75.75,74.2699966430664,74.36000061035156,423600,0.0,0.0
2024-08-23 00:00:00-04:00,74.54000091552734,74.80500030517578,74.0,74.4800033569336,268100,0.0,0.0
2024-08-26 00:00:00-04:00,74.45999908447266,75.1500015258789,74.3499984741211,74.48999786376953,212000,0.0,0.0
2024-08-27 00:00:00-04:00,74.18000030517578,74.5199966430664,72.87999725341797,73.87999725341797,396000,0.0,0.0
2024-08-28 00:00:00-04:00,73.69999694824219,73.73999786376953,72.41999816894531,72.7699966430664,403200,0.0,0.0
2024-08-29 00:00:00-04:00,72.7699966430664,73.47000122070312,72.0199966430664,72.26000213623047,379600,0.0,0.0
2024-08-30 00:00:00-04:00,72.2699966430664,73.4800033569336,72.20500183105469,73.27999877929688,603100,0.0,0.0
2024-09-03 00:00:00-04:00,73.30000305175781,74.7300033569336,72.6050033569336,73.0,459300,0.0,0.0
2024-09-04 00:00:00-04:00,72.61000061035156,73.08999633789062,71.75,72.66000366210938,365100,0.0,0.0
2024-09-05 00:00:00-04:00,73.12999725341797,73.12999725341797,71.79499816894531,72.41999816894531,303300,0.0,0.0
2024-09-06 00:00:00-04:00,74.88999938964844,76.12000274658203,73.0199966430664,73.54000091552734,839900,0.0,0.0
2024-09-09 00:00:00-04:00,73.86000061035156,76.33999633789062,73.70999908447266,74.41000366210938,669400,0.0,0.0
2024-09-10 00:00:00-04:00,74.80000305175781,75.16000366210938,73.22000122070312,73.55999755859375,946300,0.0,0.0
2024-09-11 00:00:00-04:00,73.62000274658203,74.91999816894531,73.05000305175781,74.72000122070312,257200,0.0,0.0
2024-09-12 00:00:00-04:00,74.55000305175781,75.8499984741211,74.0999984741211,75.22000122070312,408700,0.0,0.0
2024-09-13 00:00:00-04:00,75.55000305175781,76.9800033569336,74.94999694824219,75.37999725341797,488100,0.0,0.0
2024-09-16 00:00:00-04:00,75.75,76.5999984741211,75.20999908447266,75.26000213623047,407300,0.0,0.0
2024-09-17 00:00:00-04:00,75.2699966430664,76.55999755859375,74.66999816894531,75.11000061035156,395900,0.0,0.0
2024-09-18 00:00:00-04:00,74.94999694824219,75.72000122070312,74.45999908447266,74.69999694824219,429700,0.0,0.0
2024-09-19 00:00:00-04:00,75.12000274658203,77.18000030517578,74.61499786376953,76.97000122070312,547100,0.0,0.0
2024-09-20 00:00:00-04:00,77.0,78.1500015258789,76.80000305175781,77.61000061035156,845900,0.0,0.0
2024-09-23 00:00:00-04:00,77.81999969482422,78.20999908447266,74.7699966430664,75.80999755859375,422700,0.0,0.0
2024-09-24 00:00:00-04:00,76.22000122070312,76.22000122070312,74.05000305175781,75.5199966430664,617200,0.0,0.0
2024-09-25 00:00:00-04:00,75.80999755859375,75.97000122070312,73.7300033569336,74.37000274658203,359500,0.0,0.0
2024-09-26 00:00:00-04:00,74.58000183105469,74.91500091552734,73.05000305175781,73.20999908447266,283200,0.0,0.0
2024-09-27 00:00:00-04:00,74.0,74.62000274658203,72.54000091552734,73.30000305175781,385500,0.0,0.0
2024-09-30 00:00:00-04:00,73.0,73.91000366210938,72.77999877929688,73.16999816894531,356300,0.0,0.0
2024-10-01 00:00:00-04:00,73.62999725341797,73.62999725341797,71.88999938964844,72.6500015258789,367000,0.0,0.0
2024-10-02 00:00:00-04:00,72.30000305175781,73.33999633789062,71.81999969482422,72.62000274658203,340200,0.0,0.0
2024-10-03 00:00:00-04:00,72.52999877929688,73.30999755859375,72.20999908447266,72.25,521800,0.0,0.0
2024-10-04 00:00:00-04:00,72.70999908447266,72.97000122070312,72.31999969482422,72.88999938964844,264400,0.0,0.0
2024-10-07 00:00:00-04:00,72.9000015258789,73.17500305175781,70.9000015258789,71.19000244140625,522400,0.0,0.0
2024-10-08 00:00:00-04:00,71.43000030517578,72.70999908447266,71.19999694824219,72.38999938964844,590700,0.0,0.0
2024-10-09 00:00:00-04:00,72.68000030517578,74.31999969482422,72.31500244140625,73.23999786376953,496900,0.0,0.0
2024-10-10 00:00:00-04:00,73.0999984741211,73.70500183105469,71.94999694824219,73.61000061035156,383700,0.0,0.0
2024-10-11 00:00:00-04:00,73.69999694824219,76.18499755859375,73.69999694824219,75.76000213623047,615900,0.0,0.0
2024-10-14 00:00:00-04:00,76.0199966430664,76.13500213623047,73.76000213623047,73.83999633789062,519300,0.0,0.0
2024-10-15 00:00:00-04:00,73.91000366210938,75.11499786376953,73.81999969482422,74.70999908447266,744300,0.0,0.0
2024-10-16 00:00:00-04:00,75.0999984741211,76.55000305175781,74.58999633789062,76.08999633789062,427000,0.0,0.0
2024-10-17 00:00:00-04:00,76.45999908447266,78.83499908447266,76.41999816894531,78.68000030517578,455600,0.0,0.0
2024-10-18 00:00:00-04:00,78.22000122070312,79.45500183105469,78.03500366210938,78.33999633789062,505800,0.0,0.0
2024-10-21 00:00:00-04:00,77.94000244140625,78.47000122070312,76.55999755859375,76.91000366210938,468500,0.0,0.0
2024-10-22 00:00:00-04:00,76.5199966430664,78.02999877929688,76.16999816894531,77.08999633789062,344200,0.0,0.0
2024-10-23 00:00:00-04:00,76.5199966430664,76.9800033569336,74.76000213623047,75.0199966430664,270800,0.0,0.0
2024-10-24 00:00:00-04:00,75.22000122070312,76.03500366210938,74.80000305175781,75.63999938964844,251400,0.0,0.0
2024-10-25 00:00:00-04:00,75.5999984741211,76.87000274658203,75.25,75.80999755859375,410900,0.0,0.0
2024-10-28 00:00:00-04:00,75.93000030517578,77.05000305175781,75.57499694824219,76.81999969482422,650900,0.0,0.0
2024-10-29 00:00:00-04:00,77.23999786376953,78.0199966430664,75.56999969482422,76.75,690100,0.0,0.0
2024-10-30 00:00:00-04:00,78.88999938964844,88.0,76.76000213623047,85.47000122070312,2524200,0.0,0.0
2024-10-31 00:00:00-04:00,85.01000213623047,86.87999725341797,84.56999969482422,84.75,1081900,0.0,0.0
2024-11-01 00:00:00-04:00,84.83999633789062,86.9800033569336,84.35700225830078,86.54000091552734,935200,0.0,0.0
2024-11-04 00:00:00-05:00,86.41000366210938,87.30999755859375,86.0199966430664,86.16999816894531,713100,0.0,0.0
2024-11-05 00:00:00-05:00,85.79000091552734,89.44000244140625,85.08000183105469,89.23999786376953,507400,0.0,0.0
2024-11-06 00:00:00-05:00,90.0,90.25,87.4800033569336,89.44000244140625,697800,0.0,0.0
2024-11-07 00:00:00-05:00,89.86000061035156,91.68000030517578,89.41000366210938,90.51000213623047,586500,0.0,0.0
2024-11-08 00:00:00-05:00,89.56999969482422,91.4000015258789,89.27999877929688,91.29000091552734,585600,0.0,0.0
2024-11-11 00:00:00-05:00,91.7300033569336,93.44999694824219,90.62999725341797,91.56999969482422,922100,0.0,0.0
2024-11-12 00:00:00-05:00,91.0,91.5199966430664,88.18000030517578,88.48999786376953,791600,0.0,0.0
2024-11-13 00:00:00-05:00,88.48999786376953,89.62000274658203,87.5199966430664,88.22000122070312,982100,0.0,0.0
2024-11-14 00:00:00-05:00,88.0,89.33000183105469,87.4000015258789,87.62999725341797,616300,0.0,0.0
2024-11-15 00:00:00-05:00,86.7699966430664,87.12000274658203,83.20999908447266,83.41999816894531,628200,0.0,0.0
2024-11-18 00:00:00-05:00,83.55999755859375,83.6050033569336,81.83000183105469,82.47000122070312,585300,0.0,0.0
2024-11-19 00:00:00-05:00,82.63999938964844,83.48999786376953,81.9000015258789,83.3499984741211,703900,0.0,0.0
2024-11-20 00:00:00-05:00,83.3499984741211,86.36000061035156,82.7699966430664,85.63999938964844,407800,0.0,0.0
2024-11-21 00:00:00-05:00,85.51000213623047,86.05000305175781,84.375,85.44999694824219,390200,0.0,0.0
2024-11-22 00:00:00-05:00,85.87999725341797,86.0999984741211,84.73999786376953,85.69000244140625,437900,0.0,0.0
2024-11-25 00:00:00-05:00,86.2699966430664,86.86000061035156,84.88999938964844,84.98999786376953,464500,0.0,0.0
2024-11-26 00:00:00-05:00,85.31999969482422,86.5999984741211,84.7249984741211,86.43000030517578,293600,0.0,0.0
2024-11-27 00:00:00-05:00,85.56999969482422,86.77999877929688,85.12999725341797,86.58999633789062,402800,0.0,0.0
2024-11-29 00:00:00-05:00,86.19000244140625,86.58999633789062,84.62999725341797,85.6500015258789,275800,0.0,0.0
2024-12-02 00:00:00-05:00,85.52999877929688,86.98999786376953,85.38999938964844,86.02999877929688,466600,0.0,0.0
2024-12-03 00:00:00-05:00,86.01000213623047,86.76000213623047,84.47000122070312,85.30999755859375,346200,0.0,0.0
2024-12-04 00:00:00-05:00,85.0,86.31999969482422,84.7300033569336,85.94999694824219,427300,0.0,0.0
2024-12-05 00:00:00-05:00,85.41000366210938,85.41000366210938,83.5199966430664,84.08999633789062,375000,0.0,0.0
2024-12-06 00:00:00-05:00,84.0,84.70999908447266,83.38999938964844,84.55000305175781,274700,0.0,0.0
2024-12-09 00:00:00-05:00,84.1500015258789,85.44000244140625,82.83999633789062,84.95999908447266,481000,0.0,0.0
2024-12-10 00:00:00-05:00,85.2300033569336,85.58000183105469,82.88500213623047,83.11000061035156,318700,0.0,0.0
2024-12-11 00:00:00-05:00,83.41999816894531,84.18000030517578,81.37000274658203,83.87999725341797,434400,0.0,0.0
2024-12-12 00:00:00-05:00,83.95999908447266,84.30999755859375,82.61000061035156,83.4000015258789,394800,0.0,0.0
2024-12-13 00:00:00-05:00,83.12000274658203,83.91000366210938,82.13999938964844,83.02999877929688,366500,0.0,0.0
2024-12-16 00:00:00-05:00,82.55000305175781,85.5,82.19000244140625,85.11000061035156,454300,0.0,0.0
2024-12-17 00:00:00-05:00,84.94000244140625,87.06999969482422,84.1500015258789,86.95999908447266,537500,0.0,0.0
2024-12-18 00:00:00-05:00,87.86000061035156,89.11900329589844,86.08999633789062,86.72000122070312,1068500,0.0,0.0
2024-12-19 00:00:00-05:00,86.58999633789062,87.94999694824219,83.41999816894531,84.13999938964844,709700,0.0,0.0
2024-12-20 00:00:00-05:00,84.54000091552734,85.02999877929688,82.76000213623047,83.44999694824219,1120500,0.0,0.0
2024-12-23 00:00:00-05:00,83.86000061035156,84.5199966430664,83.05999755859375,84.0,344700,0.0,0.0
2024-12-24 00:00:00-05:00,83.93000030517578,85.77999877929688,83.45999908447266,85.23999786376953,187200,0.0,0.0
2024-12-26 00:00:00-05:00,84.5999984741211,86.36000061035156,84.40499877929688,86.0,278100,0.0,0.0
2024-12-27 00:00:00-05:00,85.62000274658203,86.25499725341797,84.13999938964844,84.8499984741211,485100,0.0,0.0
2024-12-30 00:00:00-05:00,84.20999908447266,84.86000061035156,82.31999969482422,83.4800033569336,424800,0.0,0.0
2024-12-31 00:00:00-05:00,83.66999816894531,84.69000244140625,83.05000305175781,83.5199966430664,336589,0.0,0.0
