Date,Open,High,Low,Close,Volume,Dividends,Stock Splits
2022-01-03 00:00:00-05:00,5.924845175214375,6.225876940484215,5.924845175214375,6.143776893615723,41400,0.0,0.0
2022-01-04 00:00:00-05:00,6.24640278619851,6.24640278619851,6.068520405722856,6.123253345489502,50400,0.0,0.0
2022-01-05 00:00:00-05:00,6.075362148352158,6.123253307231725,5.890637988442792,5.911163330078125,75600,0.0,0.0
2022-01-06 00:00:00-05:00,5.897479070535585,5.972736690214554,5.842746137593058,5.849587917327881,51800,0.0,0.0
2022-01-07 00:00:00-05:00,5.849588345143488,5.890637721618559,5.815380096435547,5.815380096435547,72000,0.0,0.0
2022-01-10 00:00:00-05:00,5.815379739868193,5.822221519683896,5.733280339483865,5.80853796005249,86000,0.0,0.0
2022-01-11 00:00:00-05:00,5.801695271576858,6.000102940349473,5.7880123665565,5.96589469909668,49700,0.0,0.0
2022-01-12 00:00:00-05:00,5.993261161605328,6.041152307878479,5.96589469909668,5.96589469909668,37700,0.0,0.0
2022-01-13 00:00:00-05:00,6.041152965604697,6.109569455559081,5.993261814117432,5.993261814117432,56600,0.0,0.0
2022-01-14 00:00:00-05:00,5.918004064645451,6.116411119984124,5.90432115693316,6.027470588684082,47000,0.0,0.0
2022-01-18 00:00:00-05:00,6.020628671800473,6.027470451735199,5.856429868175345,5.876954555511475,97800,0.0,0.0
2022-01-19 00:00:00-05:00,5.876954830659829,6.000104265378332,5.760647176196371,5.767488956451416,55300,0.0,0.0
2022-01-20 00:00:00-05:00,5.801696264367829,5.849588071304198,5.7127557353460965,5.719596862792969,97100,0.0,0.0
2022-01-21 00:00:00-05:00,5.712756157868596,5.753805535458067,5.404882889841149,5.4527740478515625,138400,0.0,0.0
2022-01-24 00:00:00-05:00,5.391199019245544,5.528031349182129,5.1996334311003185,5.528031349182129,188100,0.0,0.0
2022-01-25 00:00:00-05:00,5.418566182914872,5.603289688996827,5.309100304871032,5.541715621948242,95700,0.0,0.0
2022-01-26 00:00:00-05:00,5.575923171169262,5.678547920297171,5.486982635380406,5.50750732421875,78900,0.0,0.0
2022-01-27 00:00:00-05:00,5.521190362960932,5.637498023237393,5.391199793958593,5.398041248321533,73100,0.0,0.0
2022-01-28 00:00:00-05:00,5.3980409545101296,5.486982466259757,5.281733300564209,5.480140686035156,93800,0.0,0.0
2022-01-31 00:00:00-05:00,5.493823587485147,5.685389518737793,5.493823587485147,5.685389518737793,46500,0.0,0.0
2022-02-01 00:00:00-05:00,5.692230646486187,5.774330051679575,5.610131241292799,5.685389518737793,59400,0.0,0.0
2022-02-02 00:00:00-05:00,5.705914591520818,5.7538057513280005,5.616973400115967,5.616973400115967,72800,0.0,0.0
2022-02-03 00:00:00-05:00,5.575922999307274,5.582764779531875,5.473298905810555,5.480140686035156,68200,0.0,0.0
2022-02-04 00:00:00-05:00,5.4732979369975805,5.623813812956042,5.439089694397754,5.575922012329102,68500,0.0,0.0
2022-02-07 00:00:00-05:00,5.5622392897672155,5.637496903988437,5.5553975105285645,5.5553975105285645,37200,0.0,0.0
2022-02-08 00:00:00-05:00,5.541715955994293,5.644340059729389,5.541715955994293,5.59644889831543,23900,0.0,0.0
2022-02-09 00:00:00-05:00,5.651181449745687,5.9180043619881175,5.644339669311755,5.842746734619141,41300,0.0,0.0
2022-02-10 00:00:00-05:00,5.794855810365626,5.9864211029695795,5.678548148167625,5.69907283782959,56500,0.0,0.0
2022-02-11 00:00:00-05:00,5.692230791868468,5.863271386840171,5.569082007167143,5.603289604187012,60100,0.0,0.0
2022-02-14 00:00:00-05:00,5.685389368683536,5.685389368683536,5.54855637783791,5.582764625549316,62200,0.0,0.0
2022-02-15 00:00:00-05:00,5.610130939757351,5.8222215477918,5.610130939757351,5.7127556800842285,55100,0.0,0.0
2022-02-16 00:00:00-05:00,5.75380545066788,5.808538388292671,5.685389604870933,5.774330139160156,56300,0.0,0.0
2022-02-17 00:00:00-05:00,5.71275605955827,5.7948554657924625,5.6169730927176715,5.644339561462402,113200,0.0,0.0
2022-02-18 00:00:00-05:00,5.630655780864452,5.692230496251373,5.555398157873802,5.582764625549316,36700,0.0,0.0
2022-02-22 00:00:00-05:00,5.7811713218688965,5.904320745028514,5.644338991951553,5.7811713218688965,178000,0.0,0.0
2022-02-23 00:00:00-05:00,5.842746655097519,5.842746655097519,5.678547841726499,5.726438999176025,68900,0.0,0.0
2022-02-24 00:00:00-05:00,5.610131028971991,5.815379860421659,5.5759227816523715,5.801696300506592,151800,0.0,0.0
2022-02-25 00:00:00-05:00,5.822221450856617,5.904320850270408,5.7469631787096205,5.849587917327881,67900,0.0,0.0
2022-02-28 00:00:00-05:00,5.81538055278838,6.000104718826358,5.726439360155441,5.863271713256836,56900,0.0,0.0
2022-03-01 00:00:00-05:00,5.86327125314582,5.993262467742383,5.781171847727605,5.815380096435547,40900,0.0,0.0
2022-03-02 00:00:00-05:00,5.924846172332764,5.945370861270083,5.822222075178069,5.924846172332764,36400,0.0,0.0
2022-03-03 00:00:00-05:00,5.911163572638044,6.047995926814545,5.856430630967443,5.897480010986328,66900,0.0,0.0
2022-03-04 00:00:00-05:00,5.876955013989653,5.952212641738556,5.8153802947095965,5.924846172332764,57800,0.0,0.0
2022-03-07 00:00:00-05:00,5.931687368684452,5.952212055600625,5.84958796855173,5.883796215057373,114800,0.0,0.0
2022-03-08 00:00:00-05:00,5.8906378157709725,6.143777816306859,5.876954907549941,6.061678409576416,195800,0.0,0.0
2022-03-09 00:00:00-05:00,6.191668501643983,6.280609672564399,6.102727330723567,6.239559650421143,145600,0.0,0.0
2022-03-10 00:00:00-05:00,6.273768545254568,6.280610325067243,6.136936211341259,6.2669267654418945,108000,0.0,0.0
2022-03-11 00:00:00-05:00,6.273768545254568,6.328501478819892,6.2258773915019185,6.2669267654418945,72600,0.0,0.0
2022-03-14 00:00:00-04:00,6.3695520693530145,6.417443227347188,6.280610881315199,6.383234977722168,177500,0.0,0.0
2022-03-15 00:00:00-04:00,6.294294902670953,6.417444362109651,6.225879043791393,6.280611991882324,171400,0.0,0.0
2022-03-16 00:00:00-04:00,6.315658573404285,6.525947000541505,6.238552437977164,6.406783580780029,116900,0.22,0.0
2022-03-17 00:00:00-04:00,6.385754180672414,6.448840774778708,6.315658484934232,6.378745079040527,71600,0.0,0.0
2022-03-18 00:00:00-04:00,6.37173562528379,6.448841094970703,6.336687441430283,6.448841094970703,84700,0.0,0.0
2022-03-21 00:00:00-04:00,6.413792547337479,6.413792547337479,6.2455620765686035,6.2455620765686035,74300,0.0,0.0
2022-03-22 00:00:00-04:00,6.322667424287282,6.483888104941123,6.308647885888661,6.441830158233643,121400,0.0,0.0
2022-03-23 00:00:00-04:00,6.4418310562280015,6.476879238621905,6.238552400529537,6.364725589752197,59700,0.0,0.0
2022-03-24 00:00:00-04:00,6.483888748619009,6.483888748619009,6.371735104249697,6.462860107421875,117500,0.0,0.0
2022-03-25 00:00:00-04:00,6.476879847391606,6.5960432776381035,6.427812788521357,6.4348225593566895,68000,0.0,0.0
2022-03-28 00:00:00-04:00,6.434822346897835,6.469869862940254,6.4208028056900535,6.427812576293945,40900,0.0,0.0
2022-03-29 00:00:00-04:00,6.441830797736292,6.476878978723814,6.399773515342025,6.462860107421875,48700,0.0,0.0
2022-03-30 00:00:00-04:00,6.46286097420948,6.46286097420948,6.385754831997899,6.4348225593566895,54600,0.0,0.0
2022-03-31 00:00:00-04:00,6.420802893025785,6.4979090337403465,6.392764478717361,6.455851078033447,52600,0.0,0.0
2022-04-01 00:00:00-04:00,6.546974718411667,6.546974718411667,6.3787442678479325,6.392763137817383,50200,0.0,0.0
2022-04-04 00:00:00-04:00,6.455851203374148,6.476879847391606,6.406784144503899,6.4348225593566895,24900,0.0,0.0
2022-04-05 00:00:00-04:00,6.427811877266671,6.427811877266671,6.315658233755245,6.329677104949951,48700,0.0,0.0
2022-04-06 00:00:00-04:00,6.217523341902409,6.245561752241208,6.098359930840407,6.175466060638428,80200,0.0,0.0
2022-04-07 00:00:00-04:00,6.112379757522113,6.161446810798944,6.02826452255249,6.02826452255249,49400,0.0,0.0
2022-04-08 00:00:00-04:00,6.028264383000305,6.126398487282197,5.8670430183410645,5.8670430183410645,80300,0.0,0.0
2022-04-11 00:00:00-04:00,5.7969469736606065,5.874052432134946,5.782927434762503,5.846014022827148,45800,0.0,0.0
2022-04-12 00:00:00-04:00,5.860032922300004,5.965177459092019,5.789937232927072,5.796947002410889,39700,0.0,0.0
2022-04-13 00:00:00-04:00,5.782927525760302,5.8810622941260045,5.782927525760302,5.87405252456665,64600,0.0,0.0
2022-04-14 00:00:00-04:00,5.768907356894591,5.824984838759461,5.712830543518066,5.712830543518066,155800,0.0,0.0
2022-04-18 00:00:00-04:00,5.649745129598931,5.78292740602708,5.649745129598931,5.663763999938965,154100,0.0,0.0
2022-04-19 00:00:00-04:00,5.642734861041585,5.761898256588784,5.642734861041585,5.712830543518066,66100,0.0,0.0
2022-04-20 00:00:00-04:00,5.72685094608182,5.761899126857862,5.67778389408843,5.684792995452881,49000,0.0,0.0
2022-04-21 00:00:00-04:00,5.7058225573801735,5.740870071217921,5.642735962890668,5.733860969543457,44100,0.0,0.0
2022-04-22 00:00:00-04:00,5.691803012221329,5.740870066343292,5.635726187942378,5.642735958099365,36900,0.0,0.0
2022-04-25 00:00:00-04:00,5.607687555550625,5.635725966588841,5.46749550035955,5.544600963592529,122300,0.0,0.0
2022-04-26 00:00:00-04:00,5.530582861273324,5.537592632553247,5.453477382659912,5.453477382659912,45400,0.0,0.0
2022-04-27 00:00:00-04:00,5.4464671846752095,5.607688234795346,5.4464671846752095,5.530582427978516,42900,0.0,0.0
2022-04-28 00:00:00-04:00,5.558620452880859,5.61469761206427,5.516562834176483,5.558620452880859,24100,0.0,0.0
2022-04-29 00:00:00-04:00,5.474504399550196,5.579648597762533,5.46048519540483,5.467494964599609,37100,0.0,0.0
2022-05-02 00:00:00-04:00,5.48151500093594,5.586658880866787,5.446466818129497,5.488524436950684,50600,0.0,0.0
2022-05-03 00:00:00-04:00,5.446466924522674,5.57263978345094,5.432447717975089,5.537591934204102,49100,0.0,0.0
2022-05-04 00:00:00-04:00,5.502543158206613,5.71984100341797,5.432447133016533,5.719841003417969,51200,0.0,0.0
2022-05-05 00:00:00-04:00,5.691803457614796,5.691803457614796,5.572640029575162,5.600678443908691,43000,0.0,0.0
2022-05-06 00:00:00-04:00,5.607688055607658,5.635726469146156,5.38338041305542,5.38338041305542,77200,0.0,0.0
2022-05-09 00:00:00-04:00,5.31328393652589,5.348332117651054,5.081966876983643,5.081966876983643,88800,0.0,0.0
2022-05-10 00:00:00-04:00,5.18010200976979,5.320294418796953,4.843640696046578,4.885698318481445,118700,0.0,0.0
2022-05-11 00:00:00-04:00,4.836630745478389,5.088976787517012,4.7314865334419425,4.73849630355835,82000,0.0,0.0
2022-05-12 00:00:00-04:00,4.724476757839784,4.766534710000916,4.626342316033692,4.647371292114258,86800,0.0,0.0
2022-05-13 00:00:00-04:00,4.78055398167349,4.983832638187648,4.78055398167349,4.906726837158203,33700,0.0,0.0
2022-05-16 00:00:00-04:00,4.906726551946217,5.0889765557414455,4.906726551946217,5.053928375244141,31800,0.0,0.0
2022-05-17 00:00:00-04:00,5.257207308688413,5.355341751528877,5.15907286584795,5.32029390335083,32400,0.0,0.0
2022-05-18 00:00:00-04:00,5.3343127942654,5.383379845664131,5.117014945122423,5.194120407104492,34200,0.0,0.0
2022-05-19 00:00:00-04:00,5.166081734754695,5.299264345399267,5.1520625301733824,5.201129913330078,33300,0.0,0.0
2022-05-20 00:00:00-04:00,5.166082118494288,5.285245533409075,5.102995860314397,5.173091888427734,47200,0.0,0.0
2022-05-23 00:00:00-04:00,5.173092522002936,5.229169351361623,5.13103489998392,5.2081403732299805,25000,0.0,0.0
2022-05-24 00:00:00-04:00,5.180100730400594,5.250196750479888,5.074956533159558,5.124023914337158,46800,0.0,0.0
2022-05-25 00:00:00-04:00,5.081967232812771,5.3413227217170105,5.081967232812771,5.285245895385742,37800,0.0,0.0
2022-05-26 00:00:00-04:00,5.278236720428439,5.439457771231546,5.278236720428439,5.369361400604248,36700,0.0,0.0
2022-05-27 00:00:00-04:00,5.432448147248276,5.5866594314575195,5.432448147248276,5.5866594314575195,33400,0.0,0.0
2022-05-31 00:00:00-04:00,5.586658467530876,5.691802673926739,5.523572211088732,5.656754493713379,59900,0.0,0.0
2022-06-01 00:00:00-04:00,5.614696809786685,5.7198406744016195,5.551610223622369,5.649744987487793,26100,0.0,0.0
2022-06-02 00:00:00-04:00,5.607687181602017,5.719840818275913,5.59366797701778,5.663763999938965,40800,0.0,0.0
2022-06-03 00:00:00-04:00,5.656754584529737,5.754889357004964,5.614697302389245,5.684792995452881,38900,0.0,0.0
2022-06-06 00:00:00-04:00,5.733861090440471,5.747879962573459,5.60067812849039,5.621707439422607,52400,0.0,0.0
2022-06-07 00:00:00-04:00,5.712830663175873,5.712830663175873,5.614696571955666,5.691802024841309,40200,0.0,0.0
2022-06-08 00:00:00-04:00,5.677784145216891,5.740870071217921,5.621707320890324,5.733860969543457,41500,0.0,0.0
2022-06-09 00:00:00-04:00,5.733860665207181,5.775917946975592,5.677783843857005,5.698812484741211,54600,0.0,0.0
2022-06-10 00:00:00-04:00,5.656754699815751,5.66376446981151,5.502543436595598,5.572639465332031,82700,0.0,0.0
2022-06-13 00:00:00-04:00,5.3973997449924305,5.572640000794058,5.327303709520632,5.362351894378662,83200,0.0,0.0
2022-06-14 00:00:00-04:00,5.326265838759324,5.448957652432759,5.275745578969934,5.340700149536133,40600,0.22,0.0
2022-06-15 00:00:00-04:00,5.290179890484537,5.376785755157471,5.218008336590425,5.376785755157471,71600,0.0,0.0
2022-06-16 00:00:00-04:00,5.21800854805137,5.333483038961578,5.008710861206055,5.008710861206055,62700,0.0,0.0
2022-06-17 00:00:00-04:00,5.008710162560181,5.124184637363294,4.8715840516609425,4.9293212890625,56800,0.0,0.0
2022-06-21 00:00:00-04:00,4.95819031366187,5.340700058972683,4.950973330466403,5.073665142059326,121200,0.0,0.0
2022-06-22 00:00:00-04:00,4.97984140432004,5.246876291890237,4.97984140432004,5.0664472579956055,39800,0.0,0.0
2022-06-23 00:00:00-04:00,5.275745574088478,5.297397212304215,5.066447895947842,5.1530537605285645,107100,0.0,0.0
2022-06-24 00:00:00-04:00,5.196356264616681,5.448957198373382,5.196356264616681,5.391219615936279,60600,0.0,0.0
2022-06-27 00:00:00-04:00,5.470608543832621,5.549997419331766,5.210790624834294,5.384002685546875,37400,0.0,0.0
2022-06-28 00:00:00-04:00,5.340700149536133,5.535563517093615,5.333482822077171,5.340700149536133,40800,0.0,0.0
2022-06-29 00:00:00-04:00,5.311831420039236,5.405654266111338,5.2324425403095125,5.282962799072266,33000,0.0,0.0
2022-06-30 00:00:00-04:00,5.232442351344038,5.26852829832009,5.167487784443582,5.218008041381836,13100,0.0,0.0
2022-07-01 00:00:00-04:00,5.167487971063275,5.297397109555751,5.102533745958144,5.282962799072266,39500,0.0,0.0
2022-07-05 00:00:00-04:00,5.319048068066259,5.391219615936279,5.160270662752214,5.391219615936279,25500,0.0,0.0
2022-07-06 00:00:00-04:00,5.463392256503104,5.51391217486346,5.362351731500124,5.499477863311768,36200,0.0,0.0
2022-07-07 00:00:00-04:00,5.622169547770458,5.672689809051651,5.412871863255855,5.614952564239502,45200,0.0,0.0
2022-07-08 00:00:00-04:00,5.59330070367817,5.629386652326087,5.311831474304199,5.311831474304199,22900,0.0,0.0
2022-07-11 00:00:00-04:00,5.304613646931537,5.34069959217817,5.254093736555544,5.333482265472412,42400,0.0,0.0
2022-07-12 00:00:00-04:00,5.311831605415381,5.362351521800106,5.167488151402017,5.196356773376465,26200,0.0,0.0
2022-07-13 00:00:00-04:00,5.174704580830777,5.27574474020455,5.052012786663521,5.189138889312744,57300,0.0,0.0
2022-07-14 00:00:00-04:00,5.066447478572527,5.239659537605829,5.052013168998175,5.145836353302002,21000,0.0,0.0
2022-07-15 00:00:00-04:00,5.145836909464752,5.16748820409581,5.001493453979492,5.001493453979492,40700,0.0,0.0
2022-07-18 00:00:00-04:00,5.052013634072521,5.174705448819718,4.907670525041182,4.958190441131592,59600,0.0,0.0
2022-07-19 00:00:00-04:00,4.965407095374112,5.0664472579956055,4.878801241698546,5.0664472579956055,63400,0.0,0.0
2022-07-20 00:00:00-04:00,5.0736651434114926,5.145836696090944,5.059230832875603,5.109750747680664,16400,0.0,0.0
2022-07-21 00:00:00-04:00,5.116967789610777,5.196356321059576,5.109750462674837,5.1747050285339355,15900,0.0,0.0
2022-07-22 00:00:00-04:00,5.174704805394078,5.203573423610806,5.095315933227539,5.095315933227539,27000,0.0,0.0
2022-07-25 00:00:00-04:00,5.088099613042842,5.254094361466483,5.088099613042842,5.196356773376465,16100,0.0,0.0
2022-07-26 00:00:00-04:00,5.124184316772992,5.181921550562268,4.979841232299805,4.979841232299805,65300,0.0,0.0
2022-07-27 00:00:00-04:00,5.037579274420935,5.1963566928189255,4.97984203136712,5.1530537605285645,36800,0.0,0.0
2022-07-28 00:00:00-04:00,5.095316462909176,5.22522525838907,5.015927582489796,5.088099479675293,56100,0.0,0.0
2022-07-29 00:00:00-04:00,5.10253381826309,5.225225287040749,5.10253381826309,5.138619422912598,47600,0.0,0.0
2022-08-01 00:00:00-04:00,5.109750462674837,5.239659594393035,5.080881843213257,5.1747050285339355,50800,0.0,0.0
2022-08-02 00:00:00-04:00,5.109750907453119,5.232442722915086,5.102533924030066,5.196356773376465,26700,0.0,0.0
2022-08-03 00:00:00-04:00,5.174705478966189,5.268528672453707,5.167488151402017,5.196356773376465,29400,0.0,0.0
2022-08-04 00:00:00-04:00,5.203573679116112,5.2685282453636795,5.153053422685661,5.22522497177124,37100,0.0,0.0
2022-08-05 00:00:00-04:00,5.196356511305512,5.297397027261366,5.167487890787012,5.239659786224365,25900,0.0,0.0
2022-08-08 00:00:00-04:00,5.254094232875401,5.492260530406174,5.254094232875401,5.347917079925537,55900,0.0,0.0
2022-08-09 00:00:00-04:00,5.36956826331851,5.398436882142178,5.268528097435672,5.326265335083008,21400,0.0,0.0
2022-08-10 00:00:00-04:00,5.564431925018502,5.593300545463801,5.4417401160554295,5.448957443237305,22300,0.0,0.0
2022-08-11 00:00:00-04:00,5.405654322461348,5.557214756188405,5.347917079925537,5.347917079925537,48700,0.0,0.0
2022-08-12 00:00:00-04:00,5.3767854960976775,5.593300491489182,5.347916875930957,5.456174373626709,34300,0.0,0.0
2022-08-15 00:00:00-04:00,5.4850433153546145,5.593300819396973,5.44895771010124,5.593300819396973,26700,0.0,0.0
2022-08-16 00:00:00-04:00,5.5860829595886266,5.658254851500672,5.54278003092605,5.564431667327881,33000,0.0,0.0
2022-08-17 00:00:00-04:00,5.521128294534423,5.701557321518285,5.521128294534423,5.5788655281066895,30000,0.0,0.0
2022-08-18 00:00:00-04:00,5.571648840684795,5.737643578308545,5.571648840684795,5.6293864250183105,46300,0.0,0.0
2022-08-19 00:00:00-04:00,5.629387600059095,5.7304277914862825,5.535564393091838,5.557215690612793,63000,0.0,0.0
2022-08-22 00:00:00-04:00,5.53556338740109,5.62216925003286,5.456174507918082,5.492260456085205,39600,0.0,0.0
2022-08-23 00:00:00-04:00,5.463391217588839,5.614951632131563,5.420088291168213,5.420088291168213,26100,0.0,0.0
2022-08-24 00:00:00-04:00,5.427305670641909,5.5860830791360065,5.412871360778809,5.412871360778809,32600,0.0,0.0
2022-08-25 00:00:00-04:00,5.420089030879141,5.67268964154386,5.319048511300362,5.340700149536133,53600,0.0,0.0
2022-08-26 00:00:00-04:00,5.347916859305707,5.5499975439856355,5.232442378997803,5.232442378997803,37900,0.0,0.0
2022-08-29 00:00:00-04:00,5.116967625895527,5.196356154804323,5.102533316626557,5.124184608459473,46800,0.0,0.0
2022-08-30 00:00:00-04:00,5.131402384187499,5.26131117897589,5.059230831527283,5.073665142059326,75600,0.0,0.0
2022-08-31 00:00:00-04:00,5.145836244433467,5.3118309730971625,5.102533316626557,5.124184608459473,44300,0.0,0.0
2022-09-01 00:00:00-04:00,5.095316183417197,5.311831174815027,5.095316183417197,5.22522497177124,38300,0.0,0.0
2022-09-02 00:00:00-04:00,5.239659314678513,5.391219386690362,5.239659314678513,5.275744915008545,23800,0.0,0.0
2022-09-06 00:00:00-04:00,5.268528542411366,5.3912200107038375,5.23244259376345,5.311831474304199,55000,0.0,0.0
2022-09-07 00:00:00-04:00,5.297397217944505,5.470608947290373,5.297397217944505,5.376785755157471,27300,0.0,0.0
2022-09-08 00:00:00-04:00,5.3767852989822975,5.564431667327881,5.3262653876131685,5.564431667327881,47400,0.0,0.0
2022-09-09 00:00:00-04:00,5.593300898841102,5.6726897821519096,5.46339209862979,5.636603832244873,55000,0.0,0.0
2022-09-12 00:00:00-04:00,5.730426570007644,5.730426570007644,5.571648816039719,5.651037693023682,75000,0.0,0.0
2022-09-13 00:00:00-04:00,5.593300601405357,5.658255170127475,5.427305860114134,5.477826118469238,44000,0.0,0.0
2022-09-14 00:00:00-04:00,5.485043009501646,5.679906368255615,5.3046139608723735,5.679906368255615,95400,0.0,0.0
2022-09-15 00:00:00-04:00,5.6279334099053555,5.724454781240126,5.546261453080706,5.575960636138916,60600,0.22,0.0
2022-09-16 00:00:00-04:00,5.479439737510708,5.531412515760794,5.301246393978701,5.382918357849121,48100,0.0,0.0
2022-09-19 00:00:00-04:00,5.293821812858043,5.375493421915312,5.175026133618205,5.197300434112549,80600,0.0,0.0
2022-09-20 00:00:00-04:00,5.160177380823759,5.2195754050927095,5.093355178833008,5.093355178833008,44800,0.0,0.0
2022-09-21 00:00:00-04:00,5.197300581326368,5.338370211018359,5.033957004547119,5.033957004547119,87900,0.0,0.0
2022-09-22 00:00:00-04:00,5.033956792581878,5.160176646850272,4.8112152068602585,4.885462284088135,131600,0.0,0.0
2022-09-23 00:00:00-04:00,4.855763120651766,5.056230392457097,4.558774478041433,4.6552958488464355,186900,0.0,0.0
2022-09-26 00:00:00-04:00,4.491952666389324,5.033956869490531,4.402855818316662,4.506802082061768,169100,0.0,0.0
2022-09-27 00:00:00-04:00,4.543925096058441,4.833489210541064,4.506801736740801,4.6181721687316895,88000,0.0,0.0
2022-09-28 00:00:00-04:00,4.566199640411526,4.736968093761485,4.566199640411526,4.729543209075928,37200,0.0,0.0
2022-09-29 00:00:00-04:00,4.684994832103358,4.714693661939356,4.499376968609384,4.521651268005371,63300,0.0,0.0
2022-09-30 00:00:00-04:00,4.491952049726752,4.640446186065674,4.491952049726752,4.640446186065674,38800,0.0,0.0
2022-10-03 00:00:00-04:00,4.60332247496197,4.707268724437163,4.566199117896213,4.640446186065674,56400,0.0,0.0
2022-10-04 00:00:00-04:00,4.670145600052546,5.026531926077386,4.670145600052546,4.9151611328125,52100,0.0,0.0
2022-10-05 00:00:00-04:00,4.736968562658428,4.885462730688651,4.692420312249361,4.8260650634765625,58100,0.0,0.0
2022-10-06 00:00:00-04:00,4.803790776209521,4.91516157959795,4.744393108812498,4.855763912200928,22200,0.0,0.0
2022-10-07 00:00:00-04:00,4.722118588165424,4.759241948769638,4.640446628375383,4.677570343017578,59900,0.0,0.0
2022-10-10 00:00:00-04:00,4.677569875401832,4.6924192889666205,4.529075385715996,4.610747337341309,82300,0.0,0.0
2022-10-11 00:00:00-04:00,4.5587739885126615,4.655295348953039,4.5587739885126615,4.625596523284912,26900,0.0,0.0
2022-10-12 00:00:00-04:00,4.558774234060293,4.640446186065674,4.499376579524724,4.640446186065674,40600,0.0,0.0
2022-10-13 00:00:00-04:00,4.491952717348534,4.610748044075768,4.469678416568177,4.595898628234863,27200,0.0,0.0
2022-10-14 00:00:00-04:00,4.633021311885929,4.633021311885929,4.521650886418592,4.5736236572265625,18800,0.0,0.0
2022-10-17 00:00:00-04:00,4.543925076594201,4.6330215634204475,4.543925076594201,4.588473320007324,36700,0.0,0.0
2022-10-18 00:00:00-04:00,4.6775703177397645,4.7740913380195025,4.45482873916626,4.45482873916626,43600,0.0,0.0
2022-10-19 00:00:00-04:00,4.49195221502706,4.49195221502706,4.373156547546387,4.373156547546387,48900,0.0,0.0
2022-10-20 00:00:00-04:00,4.380581661058737,4.425129905932666,4.298909701770878,4.358307361602783,53500,0.0,0.0
2022-10-21 00:00:00-04:00,4.306334349123392,4.447403606436636,4.291484934983158,4.439979076385498,113200,0.0,0.0
2022-10-24 00:00:00-04:00,4.454828481671399,4.633021451000034,4.306334340564202,4.3434576988220215,43200,0.0,0.0
2022-10-25 00:00:00-04:00,4.358307385809346,4.640446625615908,4.358307385809346,4.581048965454102,32600,0.0,0.0
2022-10-26 00:00:00-04:00,4.566199127413117,4.640446195737324,4.566199127413117,4.5736236572265625,29800,0.0,0.0
2022-10-27 00:00:00-04:00,4.558774663046831,4.603322908140555,4.484527587890625,4.484527587890625,26100,0.0,0.0
2022-10-28 00:00:00-04:00,4.454828368612362,4.6330213334186405,4.454828368612362,4.603322505950928,21900,0.0,0.0
2022-10-31 00:00:00-04:00,4.588473708819799,4.647871725775127,4.48452779871447,4.536500930786133,36800,0.0,0.0
2022-11-01 00:00:00-04:00,4.536500412633257,4.603322598763916,4.462253342466991,4.477102756500244,49300,0.0,0.0
2022-11-02 00:00:00-04:00,4.477103073427173,4.603322924625745,4.373156813798256,4.417705059051514,70600,0.0,0.0
2022-11-03 00:00:00-04:00,4.38058116583059,4.491951942443848,4.365731752551352,4.491951942443848,25800,0.0,0.0
2022-11-04 00:00:00-04:00,4.462253639473257,4.469678169965079,4.3657322648137,4.388006210327148,41300,0.0,0.0
2022-11-07 00:00:00-05:00,4.402855364015934,4.514226147086669,4.343457707454997,4.439979076385498,82500,0.0,0.0
2022-11-08 00:00:00-05:00,4.462253415165267,4.521651072265976,4.447403646852127,4.4993767738342285,35900,0.0,0.0
2022-11-09 00:00:00-05:00,4.447403348568193,4.514225885343736,4.447403348568193,4.491951942443848,13600,0.0,0.0
2022-11-10 00:00:00-05:00,4.566199117896213,4.6701450133334586,4.543924820426401,4.640446186065674,73600,0.0,0.0
2022-11-11 00:00:00-05:00,4.647871331929457,4.766666647697786,4.536500546377664,4.588473320007324,73200,0.0,0.0
2022-11-14 00:00:00-05:00,4.722118138071055,4.75181696533884,4.60332247496197,4.640446186065674,86800,0.0,0.0
2022-11-15 00:00:00-05:00,4.640446926399088,4.722118891434353,4.640446926399088,4.684995174407959,71200,0.0,0.0
2022-11-16 00:00:00-05:00,4.662720461837043,4.72954264585962,4.551349683082153,4.610747337341309,104700,0.0,0.0
2022-11-17 00:00:00-05:00,4.603321979811576,4.662719981996023,4.529074919628404,4.543924331665039,59900,0.0,0.0
2022-11-18 00:00:00-05:00,4.54392544422388,4.618172522586101,4.506802082061768,4.506802082061768,58400,0.0,0.0
2022-11-21 00:00:00-05:00,4.506801903596012,4.506801903596012,4.417705059051514,4.417705059051514,131700,0.0,0.0
2022-11-22 00:00:00-05:00,4.417704746329275,4.529075528597652,4.395430802298375,4.477102756500244,80200,0.0,0.0
2022-11-23 00:00:00-05:00,4.551350132550201,4.551350132550201,4.4548287578281425,4.484527587890625,41200,0.0,0.0
2022-11-25 00:00:00-05:00,4.506801175099763,4.6404458892567035,4.506801175099763,4.566198825836182,45800,0.0,0.0
2022-11-28 00:00:00-05:00,4.551349413152077,4.662720185301823,4.543924529791062,4.566198825836182,76900,0.0,0.0
2022-11-29 00:00:00-05:00,4.529075820337035,4.647871494293213,4.529075820337035,4.647871494293213,39100,0.0,0.0
2022-11-30 00:00:00-05:00,4.65529657854913,4.796366214752197,4.61074832828048,4.796366214752197,99400,0.0,0.0
2022-12-01 00:00:00-05:00,4.7666668907517415,4.91516104303392,4.7146937604339865,4.86318826675415,84000,0.0,0.0
2022-12-02 00:00:00-05:00,4.848338397131837,4.974558237723168,4.788940387747857,4.892886638641357,52500,0.0,0.0
2022-12-05 00:00:00-05:00,4.892887616109174,4.944860397900741,4.714694260434883,4.8260650634765625,105300,0.0,0.0
2022-12-06 00:00:00-05:00,4.729543244744196,4.90031169938202,4.722118714040633,4.788940906524658,120100,0.0,0.0
2022-12-07 00:00:00-05:00,4.774091942511009,4.8854627458994395,4.774091942511009,4.855763912200928,116900,0.0,0.0
2022-12-08 00:00:00-05:00,4.955644049361658,4.978693718448903,4.778931140899658,4.778931140899658,77000,0.22,0.0
2022-12-09 00:00:00-05:00,4.771248175436537,4.8557631405097075,4.571485597329419,4.632951259613037,83300,0.0,0.0
2022-12-12 00:00:00-05:00,4.586852321567623,4.609901992730597,4.502337715481603,4.571485996246338,86600,0.0,0.0
2022-12-13 00:00:00-05:00,4.6483178824083105,4.75588215718575,4.609901886806753,4.640634536743164,41200,0.0,0.0
2022-12-14 00:00:00-05:00,4.679050655383424,4.817347583733884,4.625268333399419,4.725149631500244,91400,0.0,0.0
2022-12-15 00:00:00-05:00,4.632951575784432,4.671367205176011,4.50233762985647,4.6099019050598145,130200,0.0,0.0
2022-12-16 00:00:00-05:00,4.725149583614189,4.748198888257963,4.471605034360126,4.517704010009766,162100,0.0,0.0
2022-12-19 00:00:00-05:00,4.533069624527151,4.6636835515710615,4.4408716876827565,4.5023369789123535,138600,0.0,0.0
2022-12-20 00:00:00-05:00,4.486970870686886,4.602218114072869,4.486970870686886,4.548436164855957,54600,0.0,0.0
2022-12-21 00:00:00-05:00,4.5330705642700195,4.62526852022781,4.5330705642700195,4.5330705642700195,46100,0.0,0.0
2022-12-22 00:00:00-05:00,4.433189002351514,4.517703973541332,4.241109755514166,4.394773006439209,170100,0.0,0.0
2022-12-23 00:00:00-05:00,4.325624483780839,4.425505774453918,4.233426538403566,4.410139083862305,56600,0.0,0.0
2022-12-27 00:00:00-05:00,4.402456301718829,4.49465425121736,4.271842356748202,4.371723651885986,104100,0.0,0.0
2022-12-28 00:00:00-05:00,4.340991166250183,4.494654421226681,4.210377216339111,4.210377216339111,77600,0.0,0.0
2022-12-29 00:00:00-05:00,4.171960942979911,4.210376937359642,3.9184164058874957,3.972198724746704,169100,0.0,0.0
2022-12-30 00:00:00-05:00,4.049030740273227,4.356357626063881,4.002931762358945,4.1104960441589355,118800,0.0,0.0
2023-01-03 00:00:00-05:00,4.118179282381164,4.2257435613617105,4.0720803056752155,4.179644584655762,37700,0.0,0.0
2023-01-04 00:00:00-05:00,4.225743159531377,4.3870897458406315,4.195010511316478,4.356357097625732,42900,0.0,0.0
2023-01-05 00:00:00-05:00,4.387089483543456,4.486970767451167,4.3640398155793525,4.402455806732178,19000,0.0,0.0
2023-01-06 00:00:00-05:00,4.38708968107552,4.510020272120335,4.38708968107552,4.479287624359131,74700,0.0,0.0
2023-01-09 00:00:00-05:00,4.494654302721531,4.57916927391135,4.394773006439209,4.394773006439209,73900,0.0,0.0
2023-01-10 00:00:00-05:00,4.364040162038194,4.471604799260787,4.3102582097889695,4.317941188812256,89800,0.0,0.0
2023-01-11 00:00:00-05:00,4.317941637247534,4.387090287448837,4.248793353408343,4.264159679412842,104800,0.0,0.0
2023-01-12 00:00:00-05:00,4.302575588226318,4.37940722319494,4.264159953923074,4.302575588226318,78400,0.0,0.0
2023-01-13 00:00:00-05:00,4.271842411098929,4.325624732171721,4.248793106612082,4.2795257568359375,78100,0.0,0.0
2023-01-17 00:00:00-05:00,4.3025750558841835,4.456238673171315,4.279525751426471,4.394773006439209,56400,0.0,0.0
2023-01-18 00:00:00-05:00,4.387089797504194,4.440872115694655,4.364040127890548,4.379406452178955,29900,0.0,0.0
2023-01-19 00:00:00-05:00,4.294892291059361,4.379406900108802,4.279525965199271,4.325624942779541,65700,0.0,0.0
2023-01-20 00:00:00-05:00,4.302575270808353,4.3870902462199,4.302575270808353,4.325624942779541,51100,0.0,0.0
2023-01-23 00:00:00-05:00,4.31025796411716,4.371723258248406,4.31025796411716,4.333307266235352,98200,0.0,0.0
2023-01-24 00:00:00-05:00,4.371723707507504,4.486971329028008,4.2795257568359375,4.2795257568359375,104600,0.0,0.0
2023-01-25 00:00:00-05:00,4.364040324492596,4.479287945028647,4.279525720279966,4.340991020202637,101400,0.0,0.0
2023-01-26 00:00:00-05:00,4.433188970086643,4.479287945028647,4.33330767453126,4.340991020202637,48100,0.0,0.0
2023-01-27 00:00:00-05:00,4.317941915220043,4.38709056987287,4.302575588226318,4.302575588226318,80200,0.0,0.0
2023-01-30 00:00:00-05:00,4.340990858606261,4.356357183014906,4.287208539994965,4.317941188812256,31600,0.0,0.0
2023-01-31 00:00:00-05:00,4.325624500350563,4.387089797504194,4.2872085064485095,4.379406452178955,44800,0.0,0.0
2023-02-01 00:00:00-05:00,4.37940678336952,4.510020732879639,4.340991152924372,4.510020732879639,89600,0.0,0.0
2023-02-02 00:00:00-05:00,4.548436918467026,4.725149851662945,4.525387246153596,4.586852550506592,99300,0.0,0.0
2023-02-03 00:00:00-05:00,4.540752952932014,4.5868519249093564,4.394772691822729,4.417822360992432,88200,0.0,0.0
2023-02-06 00:00:00-05:00,4.417821767530734,4.486970399388799,4.248792226320148,4.271841526031494,125500,0.0,0.0
2023-02-07 00:00:00-05:00,4.2872092612325945,4.317941915220043,4.24879362692935,4.302575588226318,55400,0.0,0.0
2023-02-08 00:00:00-05:00,4.2948920634734575,4.402456338794266,4.279525738427627,4.310258388519287,59400,0.0,0.0
2023-02-09 00:00:00-05:00,4.310257514033088,4.364039457600905,4.256475204103259,4.271841526031494,56900,0.0,0.0
2023-02-10 00:00:00-05:00,4.225743293762207,4.287208592144452,4.225743293762207,4.225743293762207,71400,0.0,0.0
2023-02-13 00:00:00-05:00,4.302574916740014,4.302574916740014,4.225743293762207,4.225743293762207,57300,0.0,0.0
2023-02-14 00:00:00-05:00,4.310258388519287,4.325624713565117,4.241109742632009,4.310258388519287,47300,0.0,0.0
2023-02-15 00:00:00-05:00,4.356357467425316,4.425506114959717,4.279525840366036,4.425506114959717,45900,0.0,0.0
2023-02-16 00:00:00-05:00,4.387090027074001,4.448555327444018,4.333307706069192,4.394773006439209,64700,0.0,0.0
2023-02-17 00:00:00-05:00,4.37940674654923,4.609901992730597,4.356357441748349,4.571485996246338,53600,0.0,0.0
2023-02-21 00:00:00-05:00,4.456238585619629,4.502337559991436,4.387089940880879,4.4331889152526855,96800,0.0,0.0
2023-02-22 00:00:00-05:00,4.402456352166506,4.448555327444018,4.3640403562542005,4.394773006439209,59100,0.0,0.0
2023-02-23 00:00:00-05:00,4.486971166044105,4.486971166044105,4.417822522371128,4.4408721923828125,40900,0.0,0.0
2023-02-24 00:00:00-05:00,4.448555171478657,4.456238516936577,4.364040203251915,4.4408721923828125,50000,0.0,0.0
2023-02-27 00:00:00-05:00,4.440872440371573,4.494654396132021,4.410139423185765,4.425506114959717,81300,0.0,0.0
2023-02-28 00:00:00-05:00,4.425506107353201,4.5868523407193225,4.425506107353201,4.540753364562988,49800,0.0,0.0
2023-03-01 00:00:00-05:00,4.440871660570375,4.594534887706222,4.417821993318982,4.563802242279053,72800,0.0,0.0
2023-03-02 00:00:00-05:00,4.494654143789494,4.59453543653999,4.463921494691199,4.556119441986084,45800,0.0,0.0
2023-03-03 00:00:00-05:00,4.563802685657155,4.6713669551022265,4.563802685657155,4.62526798248291,42700,0.0,0.0
2023-03-06 00:00:00-05:00,4.686733460612852,4.686733460612852,4.586852166226103,4.617585182189941,87600,0.0,0.0
2023-03-07 00:00:00-05:00,4.648318290710449,4.679050943346376,4.609902291734482,4.648318290710449,37500,0.0,0.0
2023-03-08 00:00:00-05:00,4.6483173897609475,4.67905003644019,4.602218053380038,4.6713666915893555,63700,0.0,0.0
2023-03-09 00:00:00-05:00,4.6867332963739035,4.6867332963739035,4.5714856812249405,4.5945353507995605,43900,0.0,0.0
2023-03-10 00:00:00-05:00,4.5945351354827615,4.6329511275194575,4.525386496361529,4.548436164855957,39000,0.0,0.0
2023-03-13 00:00:00-04:00,4.4485549765979275,4.540752919881538,4.417822328836723,4.479287624359131,82600,0.0,0.0
2023-03-14 00:00:00-04:00,4.4946546611686955,4.686733923324299,4.4946546611686955,4.648318290710449,49000,0.0,0.0
2023-03-15 00:00:00-04:00,4.632951344636571,4.648317668898962,4.533070053749999,4.5945353507995605,95500,0.0,0.0
2023-03-16 00:00:00-04:00,4.586558509791514,4.626441779409982,4.53072200839667,4.570605278015137,79000,0.22,0.0
2023-03-17 00:00:00-04:00,4.530722111525351,4.546675343664857,4.307376861572266,4.307376861572266,60900,0.0,0.0
2023-03-20 00:00:00-04:00,4.323330708767188,4.41107368819469,4.307377474358107,4.3392839431762695,64600,0.0,0.0
2023-03-21 00:00:00-04:00,4.339284325589954,4.339284325589954,4.211658439069856,4.259518146514893,69300,0.0,0.0
2023-03-22 00:00:00-04:00,4.259517409298593,4.602512110135097,4.259517409298593,4.4190497398376465,97700,0.0,0.0
2023-03-23 00:00:00-04:00,4.331306575089848,4.48286247253418,4.3073769167515685,4.48286247253418,36100,0.0,0.0
2023-03-24 00:00:00-04:00,4.5626286057543215,4.642395147330511,4.466909212288964,4.530722141265869,94100,0.0,0.0
2023-03-27 00:00:00-04:00,4.538699010247703,4.610488746515711,4.498815738908797,4.5067925453186035,77700,0.0,0.0
2023-03-28 00:00:00-04:00,4.419050083483673,4.4828630206616875,4.283447401802839,4.315353870391846,79100,0.0,0.0
2023-03-29 00:00:00-04:00,4.363213096068731,4.490839336821327,4.323330204872036,4.387143135070801,21500,0.0,0.0
2023-03-30 00:00:00-04:00,4.411073313488233,4.530722371214984,4.3711900406759305,4.4190497398376465,32900,0.0,0.0
2023-03-31 00:00:00-04:00,4.427026653044094,4.538699287107965,4.4110734196063985,4.498816013336182,58200,0.0,0.0
2023-04-03 00:00:00-04:00,4.474885887356873,4.602511741567891,4.474885887356873,4.570605278015137,49000,0.0,0.0
2023-04-04 00:00:00-04:00,4.570605412053964,4.570605412053964,4.514768909021643,4.530722141265869,20500,0.0,0.0
2023-04-05 00:00:00-04:00,4.570605475176803,4.59453551405116,4.498815738908797,4.5067925453186035,28600,0.0,0.0
2023-04-06 00:00:00-04:00,4.419049604991638,4.514769000394221,4.419049604991638,4.458932876586914,27400,0.0,0.0
2023-04-10 00:00:00-04:00,4.45095634530114,4.594535827636719,4.442979918701991,4.594535827636719,33500,0.0,0.0
2023-04-11 00:00:00-04:00,4.59453551405116,4.62644197898026,4.498815738908797,4.5067925453186035,50600,0.0,0.0
2023-04-12 00:00:00-04:00,4.530722141265869,4.578581837998548,4.50679248307706,4.530722141265869,47000,0.0,0.0
2023-04-13 00:00:00-04:00,4.546676054061111,4.586559330818974,4.506793157658363,4.538699626922607,57000,0.0,0.0
2023-04-14 00:00:00-04:00,4.538699287107965,4.586558987421053,4.474886353357181,4.498816013336182,46200,0.0,0.0
2023-04-17 00:00:00-04:00,4.506792235885816,4.5307218927621165,4.466908967285262,4.490839004516602,26100,0.0,0.0
2023-04-18 00:00:00-04:00,4.578581837998548,4.578581837998548,4.50679248307706,4.530722141265869,39700,0.0,0.0
2023-04-19 00:00:00-04:00,4.514768971373346,4.538699010247703,4.474886080389504,4.5067925453186035,27400,0.0,0.0
2023-04-20 00:00:00-04:00,4.506792511227521,4.522745743571394,4.466909240190306,4.48286247253418,65900,0.0,0.0
2023-04-21 00:00:00-04:00,4.458932876586914,4.474886109154011,4.442979644019817,4.458932876586914,14600,0.0,0.0
2023-04-24 00:00:00-04:00,4.482862198654476,4.506792235885816,4.458932541778174,4.490839004516602,44900,0.0,0.0
2023-04-25 00:00:00-04:00,4.490839448164714,4.506792681109941,4.450956175624109,4.466909408569336,35900,0.0,0.0
2023-04-26 00:00:00-04:00,4.450955980044738,4.5386989475655115,4.435002747800513,4.530722141265869,34600,0.0,0.0
2023-04-27 00:00:00-04:00,4.498815815093876,4.578581978767424,4.474886156169347,4.562628746032715,20400,0.0,0.0
2023-04-28 00:00:00-04:00,4.554652179809738,4.594535450597832,4.530722141265869,4.530722141265869,28100,0.0,0.0
2023-05-01 00:00:00-04:00,4.490839619016287,4.618465487433559,4.490839619016287,4.5227460861206055,87500,0.0,0.0
2023-05-02 00:00:00-04:00,4.530721918639208,4.530721918639208,4.427026104324582,4.442979335784912,41200,0.0,0.0
2023-05-03 00:00:00-04:00,4.427026321855929,4.530722141265869,4.427026321855929,4.530722141265869,26300,0.0,0.0
2023-05-04 00:00:00-04:00,4.482862224258217,4.522745493086563,4.419049298416897,4.442979335784912,66800,0.0,0.0
2023-05-05 00:00:00-04:00,4.450956175624109,4.506792681109941,4.442979749329034,4.466909408569336,33900,0.0,0.0
2023-05-08 00:00:00-04:00,4.466909408569336,4.522745914055167,4.442979749329034,4.466909408569336,42600,0.0,0.0
2023-05-09 00:00:00-04:00,4.435003111053602,4.586559019964608,4.435003111053602,4.450956344604492,31900,0.0,0.0
2023-05-10 00:00:00-04:00,4.450956344958345,4.5227460861206055,4.442979918359811,4.5227460861206055,37700,0.0,0.0
2023-05-11 00:00:00-04:00,4.570605612890848,4.570605612890848,4.450956175624109,4.466909408569336,35800,0.0,0.0
2023-05-12 00:00:00-04:00,4.450956007846432,4.514768937221927,4.450956007846432,4.48286247253418,57500,0.0,0.0
2023-05-15 00:00:00-04:00,4.474886457259525,4.578582286834717,4.474886457259525,4.578582286834717,19200,0.0,0.0
2023-05-16 00:00:00-04:00,4.5785823185635905,4.69025533634936,4.546675850726256,4.602512359619141,30700,0.0,0.0
2023-05-17 00:00:00-04:00,4.586558789303057,4.682278185794599,4.562628750002636,4.634418487548828,23200,0.0,0.0
2023-05-18 00:00:00-04:00,4.706208535304697,4.793951511383057,4.6423956001041065,4.793951511383057,68700,0.0,0.0
2023-05-19 00:00:00-04:00,4.825858018320561,4.905624187971501,4.7141850004541475,4.897647380828857,63100,0.0,0.0
2023-05-22 00:00:00-04:00,4.841811287116422,4.889670989251622,4.754068309691006,4.777997970581055,47600,0.0,0.0
2023-05-23 00:00:00-04:00,4.7141850987987475,4.809904884731825,4.7141850987987475,4.754068374633789,23500,0.0,0.0
2023-05-24 00:00:00-04:00,4.682278156280518,4.809904397819838,4.602511993040361,4.682278156280518,37300,0.0,0.0
2023-05-25 00:00:00-04:00,4.682278264692023,4.7859744694827,4.682278264692023,4.762044429779053,26500,0.0,0.0
2023-05-26 00:00:00-04:00,4.69823156057705,4.7859745335244215,4.69823156057705,4.738114833831787,43900,0.0,0.0
2023-05-30 00:00:00-04:00,4.738115003669665,4.817881172683276,4.722161769866943,4.722161769866943,40700,0.0,0.0
2023-05-31 00:00:00-04:00,4.72216126546548,4.81788065805747,4.72216126546548,4.770020961761475,40400,0.0,0.0
2023-06-01 00:00:00-04:00,4.770021709731387,4.8418114556099985,4.746091667653479,4.833834648132324,57300,0.0,0.0
2023-06-02 00:00:00-04:00,4.80192756652832,4.841810838120036,4.785974333962647,4.80192756652832,49600,0.0,0.0
2023-06-05 00:00:00-04:00,4.80192756652832,4.841810838120036,4.785974333962647,4.80192756652832,49000,0.0,0.0
2023-06-06 00:00:00-04:00,4.785974504794053,4.865740670469605,4.785974504794053,4.85776424407959,33200,0.0,0.0
2023-06-07 00:00:00-04:00,4.8178806034711075,4.9135999949786004,4.801927371553192,4.8657402992248535,47800,0.0,0.0
2023-06-08 00:00:00-04:00,4.8338343097579095,4.945506944142324,4.825857883193709,4.937530517578125,33800,0.0,0.0
2023-06-09 00:00:00-04:00,4.913600413693258,4.977413346802768,4.873717520677356,4.961460113525391,15900,0.0,0.0
2023-06-12 00:00:00-04:00,4.985390259607711,5.113016128540039,4.945506985388812,5.113016128540039,97600,0.0,0.0
2023-06-13 00:00:00-04:00,5.144922285703292,5.208735596678702,5.057179696277859,5.097062587738037,89800,0.0,0.0
2023-06-14 00:00:00-04:00,5.0970621828151215,5.22097787229032,5.06401805147735,5.146628379821777,46100,0.22,0.0
2023-06-15 00:00:00-04:00,5.1383679647989995,5.287066973314686,5.1383679647989995,5.163151264190674,42800,0.0,0.0
2023-06-16 00:00:00-04:00,5.204456595624645,5.303589004666575,5.204456595624645,5.28706693649292,66400,0.0,0.0
2023-06-20 00:00:00-04:00,5.320110940758841,5.320110940758841,5.121845733680096,5.187934398651123,58300,0.0,0.0
2023-06-21 00:00:00-04:00,5.130106953524402,5.48533160663608,5.113584885796351,5.419243335723877,78600,0.0,0.0
2023-06-22 00:00:00-04:00,5.3366329656821305,5.584464374061787,5.2044564246354685,5.543159008026123,64000,0.0,0.0
2023-06-23 00:00:00-04:00,5.6753360717778545,5.700119372465257,5.526637449405043,5.600986957550049,94100,0.0,0.0
2023-06-26 00:00:00-04:00,5.559681141295233,5.782729253903391,5.534897842597807,5.5927252769470215,64400,0.0,0.0
2023-06-27 00:00:00-04:00,5.592724910919236,5.774467645109533,5.369676812908935,5.700118541717529,177000,0.0,0.0
2023-06-28 00:00:00-04:00,5.683596171431189,5.708379073265904,5.435764789581299,5.435764789581299,85700,0.0,0.0
2023-06-29 00:00:00-04:00,5.559681175199943,5.600986541975156,5.386199265011519,5.468809604644775,18900,0.0,0.0
2023-06-30 00:00:00-04:00,5.485330987167853,5.526636348781875,5.394459821884398,5.435764789581299,18500,0.0,0.0
2023-07-03 00:00:00-04:00,5.526637113091234,5.526637113091234,5.369677268735071,5.402721405029297,25900,0.0,0.0
2023-07-05 00:00:00-04:00,5.5266370119448425,5.5266370119448425,5.410982537031714,5.4770708084106445,21600,0.0,0.0
2023-07-06 00:00:00-04:00,5.4192432652861475,5.510114833567889,5.369677062746242,5.4853315353393555,33100,0.0,0.0
2023-07-07 00:00:00-04:00,5.444026470184326,5.609247142484865,5.402721105150614,5.444026470184326,46800,0.0,0.0
2023-07-10 00:00:00-04:00,5.444026428133988,5.57620296495347,5.410982293929117,5.5018534660339355,28100,0.0,0.0
2023-07-11 00:00:00-04:00,5.559681587710112,5.600986957550049,5.468810010412571,5.600986957550049,37900,0.0,0.0
2023-07-12 00:00:00-04:00,5.600986860532234,5.600986860532234,5.452287846817919,5.493593215942383,53900,0.0,0.0
2023-07-13 00:00:00-04:00,5.518376211962565,5.617509020688848,5.5018541428277175,5.534898281097412,54200,0.0,0.0
2023-07-14 00:00:00-04:00,5.534897463422544,5.5927248938102165,5.5018533300344865,5.518375396728516,47600,0.0,0.0
2023-07-17 00:00:00-04:00,5.617509020688848,5.617509020688848,5.5018541428277175,5.534898281097412,50800,0.0,0.0
2023-07-18 00:00:00-04:00,5.510114628463944,5.58446412646486,5.501853398056221,5.567941665649414,39500,0.0,0.0
2023-07-19 00:00:00-04:00,5.576202842852254,5.600986139921807,5.518375412301392,5.584464073181152,25900,0.0,0.0
2023-07-20 00:00:00-04:00,5.584464882419154,5.592725720027977,5.477071236084047,5.534898281097412,54400,0.0,0.0
2023-07-21 00:00:00-04:00,5.510114669799805,5.551419640396839,5.501853439330108,5.510114669799805,25100,0.0,0.0
2023-07-24 00:00:00-04:00,5.468809577529693,5.5266370119448425,5.452287509684961,5.4770708084106445,27300,0.0,0.0
2023-07-25 00:00:00-04:00,5.493593215942383,5.526637353675076,5.468809915684266,5.493593215942383,34800,0.0,0.0
2023-07-26 00:00:00-04:00,5.460548767640035,5.510114971419989,5.427504631786733,5.468809604644775,25900,0.0,0.0
2023-07-27 00:00:00-04:00,5.452287058129545,5.543158620708226,5.328371362598095,5.35315465927124,43300,0.0,0.0
2023-07-28 00:00:00-04:00,5.353154863285445,5.510114697751562,5.229239163031441,5.386198997497559,84900,0.0,0.0
2023-07-31 00:00:00-04:00,5.394460365050236,5.5183756745350365,5.270544661648273,5.3696770668029785,46700,0.0,0.0
2023-08-01 00:00:00-04:00,5.435765436933678,5.477070803466811,5.287066826465306,5.295327663421631,51900,0.0,0.0
2023-08-02 00:00:00-04:00,5.2870671503933275,5.2870671503933275,5.163151437119032,5.204456806182861,80800,0.0,0.0
2023-08-03 00:00:00-04:00,5.163151264190674,5.237500768448517,5.121845896510276,5.163151264190674,57200,0.0,0.0
2023-08-04 00:00:00-04:00,5.163150813970229,5.220978244896868,5.138367516739628,5.1548895835876465,41200,0.0,0.0
2023-08-07 00:00:00-04:00,5.1301069645204125,5.212717303337736,5.1301069645204125,5.187934398651123,26700,0.0,0.0
2023-08-08 00:00:00-04:00,5.163150855333273,5.212717056274414,5.163150855333273,5.212717056274414,14600,0.0,0.0
2023-08-09 00:00:00-04:00,5.212717056274414,5.25402242068394,5.204456219742799,5.212717056274414,26400,0.0,0.0
2023-08-10 00:00:00-04:00,5.212717643645311,5.2870671503933275,5.196195574803218,5.204456806182861,24700,0.0,0.0
2023-08-11 00:00:00-04:00,5.196195741093249,5.229239879834923,5.171412833995597,5.179673671722412,32300,0.0,0.0
2023-08-14 00:00:00-04:00,5.163150760821842,5.220978191153217,5.154889530524299,5.171411991119385,29000,0.0,0.0
2023-08-15 00:00:00-04:00,5.1631508556637895,5.187934153094521,5.080540520756599,5.097062587738037,36900,0.0,0.0
2023-08-16 00:00:00-04:00,5.08054052109693,5.121845491594717,4.98140811920166,4.98140811920166,52000,0.0,0.0
2023-08-17 00:00:00-04:00,4.989669322967529,5.022713459364625,4.973147254768982,4.989669322967529,66900,0.0,0.0
2023-08-18 00:00:00-04:00,4.956625083668383,5.088801626512713,4.807926472968513,4.882275581359863,133600,0.0,0.0
2023-08-21 00:00:00-04:00,4.874015192588038,4.948364307816273,4.82444898446348,4.890537261962891,41000,0.0,0.0
2023-08-22 00:00:00-04:00,4.874014377593994,4.890536444206157,4.849231080717178,4.874014377593994,20500,0.0,0.0
2023-08-23 00:00:00-04:00,4.865753173828125,4.923580604244195,4.865753173828125,4.865753173828125,43800,0.0,0.0
2023-08-24 00:00:00-04:00,4.874015097095139,4.874015097095139,4.77488268278825,4.783143520355225,51000,0.0,0.0
2023-08-25 00:00:00-04:00,4.76662074765636,4.907058510818321,4.76662074765636,4.874014377593994,59200,0.0,0.0
2023-08-28 00:00:00-04:00,4.940102754786723,4.98140811920166,4.923580687804178,4.98140811920166,49000,0.0,0.0
2023-08-29 00:00:00-04:00,4.989669517318457,5.220978875024954,4.964886611013914,5.204456806182861,46100,0.0,0.0
2023-08-30 00:00:00-04:00,5.204456124475273,5.2127169608556745,5.105323330490466,5.171411991119385,50000,0.0,0.0
2023-08-31 00:00:00-04:00,5.311850008105321,5.336633308100341,5.1548901585827,5.262283802032471,52300,0.0,0.0
2023-09-01 00:00:00-04:00,5.369676930391502,5.419243131709672,5.303588661967273,5.386198997497559,38600,0.0,0.0
2023-09-05 00:00:00-04:00,5.361416046315779,5.369677277361196,5.2705448683192655,5.28706693649292,33900,0.0,0.0
2023-09-06 00:00:00-04:00,5.278805933180502,5.353155440128051,5.270545095695883,5.311850070953369,29200,0.0,0.0
2023-09-07 00:00:00-04:00,5.3531554257617,5.386199563445886,5.130107299434846,5.204456806182861,82500,0.0,0.0
2023-09-08 00:00:00-04:00,5.121845797861343,5.320111007424526,5.121845797861343,5.2375006675720215,60300,0.0,0.0
2023-09-11 00:00:00-04:00,5.220978522987266,5.4935928374586895,5.220978522987266,5.419243335723877,148900,0.0,0.0
2023-09-12 00:00:00-04:00,5.41098229511522,5.419243131709672,5.328371565667783,5.386198997497559,68200,0.0,0.0
2023-09-13 00:00:00-04:00,5.386198997497559,5.419243131709672,5.328371565667783,5.386198997497559,80600,0.0,0.0
2023-09-14 00:00:00-04:00,5.386198828301008,5.540090071973936,5.206658840179443,5.206658840179443,49100,0.22,0.0
2023-09-15 00:00:00-04:00,5.172460679095535,5.309252892865681,5.129712908455888,5.155361652374268,58600,0.0,0.0
2023-09-18 00:00:00-04:00,5.14681261686055,5.189560393162042,5.018569695629084,5.052767753601074,48200,0.0,0.0
2023-09-19 00:00:00-04:00,5.052767651719553,5.104064737643209,5.001470565795898,5.001470565795898,50800,0.0,0.0
2023-09-20 00:00:00-04:00,5.010019970560646,5.369099957237661,5.010019970560646,5.1810102462768555,87400,0.0,0.0
2023-09-21 00:00:00-04:00,5.052767437137483,5.369100065075439,5.044218127016448,5.232307434082031,42300,0.0,0.0
2023-09-22 00:00:00-04:00,5.386199449607224,5.454595565795898,5.19810972241536,5.454595565795898,113000,0.0,0.0
2023-09-25 00:00:00-04:00,5.3947483074670215,5.4716941355570645,5.343451224631318,5.386198997497559,133800,0.0,0.0
2023-09-26 00:00:00-04:00,5.446046156888697,5.446046156888697,5.275055856701074,5.343451976776123,56100,0.0,0.0
2023-09-27 00:00:00-04:00,5.309253243304651,5.360550326854336,5.257956159754967,5.300703525543213,58600,0.0,0.0
2023-09-28 00:00:00-04:00,5.257956637738095,5.343451784759646,4.9245253605175385,4.975822448730469,102300,0.0,0.0
2023-09-29 00:00:00-04:00,5.095515174217882,5.163911285387575,5.001470317523064,5.03566837310791,42300,0.0,0.0
2023-10-02 00:00:00-04:00,5.018569230967166,5.0613170033107036,4.924524784088135,4.924524784088135,60100,0.0,0.0
2023-10-03 00:00:00-04:00,4.915975112632804,4.95017316775902,4.710786781875506,4.847579002380371,67000,0.0,0.0
2023-10-04 00:00:00-04:00,4.950173207172129,5.078416118752992,4.813380985578128,5.044218063354492,59700,0.0,0.0
2023-10-05 00:00:00-04:00,5.112613940716513,5.1297129676350455,4.958722698449727,5.010019779205322,21200,0.0,0.0
2023-10-06 00:00:00-04:00,5.0014702982107035,5.172460983147663,4.975821960457595,5.104064464569092,43000,0.0,0.0
2023-10-09 00:00:00-04:00,5.129713307260902,5.163911363362136,5.035668449146016,5.095515251159668,31100,0.0,0.0
2023-10-10 00:00:00-04:00,5.095515021570868,5.163911130691611,5.052767249533922,5.061316967010498,47300,0.0,0.0
2023-10-11 00:00:00-04:00,5.0784161561529535,5.33490157353059,5.0527674105787,5.240857124328613,29800,0.0,0.0
2023-10-12 00:00:00-04:00,5.240856957288929,5.240856957288929,5.052767249533922,5.061316967010498,12400,0.0,0.0
2023-10-13 00:00:00-04:00,5.069866169583705,5.1211632503393,4.924524644612664,5.010019779205322,35000,0.0,0.0
2023-10-16 00:00:00-04:00,5.018569617941219,5.018569617941219,4.898876416892116,4.933074474334717,48600,0.0,0.0
2023-10-17 00:00:00-04:00,4.915975066550239,5.0100199211022405,4.881777011744596,4.924524784088135,22000,0.0,0.0
2023-10-18 00:00:00-04:00,4.881777286529541,5.035668541817145,4.83902951177982,4.881777286529541,49300,0.0,0.0
2023-10-19 00:00:00-04:00,4.873227590783909,4.958723140674114,4.753534391679815,4.813381195068359,39500,0.0,0.0
2023-10-20 00:00:00-04:00,4.719336607173821,4.856128842616447,4.702237577743492,4.710787296295166,42400,0.0,0.0
2023-10-23 00:00:00-04:00,4.710786519365149,4.91597483868825,4.625290978640905,4.67658805847168,50700,0.0,0.0
2023-10-24 00:00:00-04:00,4.642390446404974,4.779183079959028,4.420103079348246,4.479949474334717,105700,0.0,0.0
2023-10-25 00:00:00-04:00,4.479949370040735,4.582543944736104,4.3859049207733705,4.428652286529541,30600,0.0,0.0
2023-10-26 00:00:00-04:00,4.43720237932301,4.479949748692248,4.266211678827014,4.317509174346924,60000,0.0,0.0
2023-10-27 00:00:00-04:00,4.308958721971473,4.368805518102975,4.069572352791361,4.078121662139893,120000,0.0,0.0
2023-10-30 00:00:00-04:00,4.07812220147921,4.2405631773138825,3.9669783115386963,3.9669783115386963,88900,0.0,0.0
2023-10-31 00:00:00-04:00,3.9584287726934018,4.129419049142651,3.872933634468777,3.9327800273895264,85000,0.0,0.0
2023-11-01 00:00:00-04:00,3.9584291786855217,4.129419472672211,3.753240418228477,3.813087224960327,88900,0.0,0.0
2023-11-02 00:00:00-04:00,3.8643836033598014,4.120869404902433,3.8643836033598014,4.086671352386475,97000,0.0,0.0
2023-11-03 00:00:00-04:00,4.146518481756013,4.274761405454244,4.035374587372679,4.112320423126221,170600,0.0,0.0
2023-11-06 00:00:00-05:00,4.172167098227399,4.214914466332468,4.026825149789554,4.069572925567627,56700,0.0,0.0
2023-11-07 00:00:00-05:00,4.078122014784457,4.129419098330257,4.052473269175066,4.095221042633057,52600,0.0,0.0
2023-11-08 00:00:00-05:00,4.061022791776543,4.146517926910931,3.9242305755615234,3.9242305755615234,79000,0.0,0.0
2023-11-09 00:00:00-05:00,3.9327800879022643,4.009725917324862,3.6933936971899346,3.7275917530059814,100600,0.0,0.0
2023-11-10 00:00:00-05:00,3.727591586717383,3.949878939605407,3.727591586717383,3.9156808853149414,52300,0.0,0.0
2023-11-13 00:00:00-05:00,3.8985819637509005,3.975527791824772,3.8729336261749268,3.8729336261749268,39300,0.0,0.0
2023-11-14 00:00:00-05:00,3.9242304248098208,4.078121662139893,3.9242304248098208,4.078121662139893,50400,0.0,0.0
2023-11-15 00:00:00-05:00,4.172167229564866,4.172167229564866,4.052473616687576,4.112320423126221,24100,0.0,0.0
2023-11-16 00:00:00-05:00,4.120869760613596,4.24911226478179,4.103770732879639,4.103770732879639,54200,0.0,0.0
2023-11-17 00:00:00-05:00,4.155068149795141,4.308959411760512,4.10377106247335,4.249112606048584,71900,0.0,0.0
2023-11-20 00:00:00-05:00,4.24911240421559,4.428652405150205,4.197815319330413,4.3517069816589355,38400,0.0,0.0
2023-11-21 00:00:00-05:00,4.377355475106308,4.702237431877551,4.377355475106308,4.59109354019165,70000,0.0,0.0
2023-11-22 00:00:00-05:00,4.488499116690443,4.6851381419190385,4.428652315038963,4.5654449462890625,80800,0.0,0.0
2023-11-24 00:00:00-05:00,4.5483459389011704,4.5483459389011704,4.445751363081606,4.497048854827881,37800,0.0,0.0
2023-11-27 00:00:00-05:00,4.437202123134231,4.522697264609526,4.334607953363877,4.3517069816589355,70600,0.0,0.0
2023-11-28 00:00:00-05:00,4.4115529712895825,4.548345592747344,4.326057837674077,4.539795875549316,59800,0.0,0.0
2023-11-29 00:00:00-05:00,4.548346196053725,4.58254425403606,4.44575161443371,4.522697448730469,46800,0.0,0.0
2023-11-30 00:00:00-05:00,4.582543954133851,4.702237149238767,4.5568952084891645,4.633841037750244,30900,0.0,0.0
2023-12-01 00:00:00-05:00,4.625291621278195,5.129713587874555,4.625291621278195,5.052767753601074,88900,0.0,0.0
2023-12-04 00:00:00-05:00,4.941623905004799,5.1810102931743724,4.873227386426228,5.104064464569092,65200,0.0,0.0
2023-12-05 00:00:00-05:00,5.121163649658454,5.292154339849611,5.018569480147555,5.283604621887207,55400,0.0,0.0
2023-12-06 00:00:00-05:00,5.266505462229887,5.275055179978964,5.181010323104008,5.240857124328613,52100,0.0,0.0
2023-12-07 00:00:00-05:00,5.223758471465689,5.300703898365645,5.172461384308049,5.189560413360596,36600,0.0,0.0
2023-12-08 00:00:00-05:00,5.163911113480258,5.249406249596229,4.8475789060146806,4.856128215789795,108000,0.0,0.0
2023-12-11 00:00:00-05:00,4.907425727416265,5.01002030741707,4.864678359449515,4.933074474334717,70100,0.0,0.0
2023-12-12 00:00:00-05:00,5.018569469451904,5.052767525882654,4.958723074534587,5.018569469451904,40600,0.0,0.0
2023-12-13 00:00:00-05:00,5.078416118752992,5.1040644564653785,4.933074179472879,5.044218063354492,58700,0.0,0.0
2023-12-14 00:00:00-05:00,5.061979377265422,5.186309004357326,4.911008413162077,4.999814987182617,70700,0.22,0.0
2023-12-15 00:00:00-05:00,4.999814788839847,4.999814788839847,4.804439910282037,4.884366035461426,58800,0.0,0.0
2023-12-18 00:00:00-05:00,4.857723731449351,4.875485045105974,4.688991463442986,4.706752777099609,83000,0.0,0.0
2023-12-19 00:00:00-05:00,4.706752863559965,4.751155936785623,4.65346849814817,4.733394622802734,69600,0.0,0.0
2023-12-20 00:00:00-05:00,4.7245140479463945,5.21295038080928,4.7245140479463945,4.919888496398926,124700,0.0,0.0
2023-12-21 00:00:00-05:00,4.97317310582074,5.1063831866878395,4.946531343725224,5.07974100112915,55800,0.0,0.0
2023-12-22 00:00:00-05:00,5.32839977641097,5.32839977641097,5.088621803411003,5.248473644256592,121500,0.0,0.0
2023-12-26 00:00:00-05:00,5.20407017720284,5.550416018166768,5.20407017720284,5.230711936950684,118100,0.0,0.0
2023-12-27 00:00:00-05:00,5.239593199392067,5.32839977766044,5.133025305470018,5.204070568084717,47600,0.0,0.0
2023-12-28 00:00:00-05:00,5.186309092296315,5.283996113643715,5.026456832885742,5.026456832885742,68400,0.0,0.0
2023-12-29 00:00:00-05:00,4.999814819701816,5.15078620221116,4.999814819701816,5.035337448120117,44800,0.0,0.0
2024-01-02 00:00:00-05:00,4.9287691342126685,5.070859635528331,4.724513826839854,4.866604328155518,68600,0.0,0.0
2024-01-03 00:00:00-05:00,4.822201142114334,4.955411207319695,4.768917200724815,4.902127265930176,51400,0.0,0.0
2024-01-04 00:00:00-05:00,4.875485057437109,5.133024741304205,4.875485057437109,4.964292049407959,84300,0.0,0.0
2024-01-05 00:00:00-05:00,4.9021270186348955,5.061978834739486,4.884365705734385,4.955410957336426,29100,0.0,0.0
2024-01-08 00:00:00-05:00,4.919888266148891,5.070859635528331,4.8310817028266015,4.866604328155518,73500,0.0,0.0
2024-01-09 00:00:00-05:00,4.822201643645784,4.919889091418082,4.715633749783188,4.839962959289551,130400,0.0,0.0
2024-01-10 00:00:00-05:00,4.8399626761201135,4.911008358001709,4.751156103097047,4.911008358001709,42100,0.0,0.0
2024-01-11 00:00:00-05:00,5.008695376595511,5.008695376595511,4.8133209159447645,4.911008358001709,38900,0.0,0.0
2024-01-12 00:00:00-05:00,4.8666047213619095,4.928769532441782,4.848843407262393,4.884366035461426,14200,0.0,0.0
2024-01-16 00:00:00-05:00,4.928769672606323,4.973172747386284,4.857723990724726,4.911008358001709,58700,0.0,0.0
2024-01-17 00:00:00-05:00,4.848843435016981,4.893246932251501,4.813320806614619,4.822201251983643,26200,0.0,0.0
2024-01-18 00:00:00-05:00,4.831082034044859,4.919888603455713,4.742275464634005,4.795559406280518,57500,0.0,0.0
2024-01-19 00:00:00-05:00,4.831082205012555,4.848843519523283,4.724514317948187,4.804440021514893,36600,0.0,0.0
2024-01-22 00:00:00-05:00,4.804439910282037,4.928769532441782,4.804439910282037,4.884366035461426,43500,0.0,0.0
2024-01-23 00:00:00-05:00,4.911008218342266,5.044217862357073,4.875485166680102,4.884366035461426,57400,0.0,0.0
2024-01-24 00:00:00-05:00,4.928769386714249,4.937649831769876,4.813320636749268,4.813320636749268,48900,0.0,0.0
2024-01-25 00:00:00-05:00,4.831082034044859,4.875485107018724,4.795559406280518,4.795559406280518,37700,0.0,0.0
2024-01-26 00:00:00-05:00,4.78667862358128,4.857723880386006,4.777798178212256,4.822201251983643,35500,0.0,0.0
2024-01-29 00:00:00-05:00,4.768917499699765,4.893247127532959,4.768917499699765,4.893247127532959,42600,0.0,0.0
2024-01-30 00:00:00-05:00,4.8932465088837525,4.9110078215482105,4.85772346009174,4.866604328155518,54700,0.0,0.0
2024-01-31 00:00:00-05:00,4.813320890501827,4.902127463055466,4.804440021514893,4.804440021514893,40400,0.0,0.0
2024-02-01 00:00:00-05:00,4.822201142114334,4.928769448356498,4.822201142114334,4.902127265930176,32700,0.0,0.0
2024-02-02 00:00:00-05:00,4.893246680139078,4.919888438336633,4.857723630103819,4.875484943389893,32500,0.0,0.0
2024-02-05 00:00:00-05:00,4.822201081804895,4.848843263898013,4.7689171410817774,4.813320636749268,32900,0.0,0.0
2024-02-06 00:00:00-05:00,4.795559660189003,4.85772405033643,4.777798345366431,4.786678791046143,18600,0.0,0.0
2024-02-07 00:00:00-05:00,4.813320890501827,4.839962650536348,4.795559575991098,4.804440021514893,24500,0.0,0.0
2024-02-08 00:00:00-05:00,4.804440021514893,4.813320890501827,4.7777982614803705,4.804440021514893,39400,0.0,0.0
2024-02-09 00:00:00-05:00,4.822201420691286,4.839962735513858,4.777798345366431,4.786678791046143,26400,0.0,0.0
2024-02-12 00:00:00-05:00,4.822200998852043,4.839962312120881,4.795559240680342,4.831081867218018,39900,0.0,0.0
2024-02-13 00:00:00-05:00,4.7689175060650495,4.822201450866189,4.671230485661203,4.680110931396484,45900,0.0,0.0
2024-02-14 00:00:00-05:00,4.63570756793091,4.857724222828167,4.63570756793091,4.751156330108643,66200,0.0,0.0
2024-02-15 00:00:00-05:00,4.795559660189003,4.839962735513858,4.751156161400999,4.786678791046143,60800,0.0,0.0
2024-02-16 00:00:00-05:00,4.81332055394918,4.839962312120881,4.706752674336155,4.831081867218018,88800,0.0,0.0
2024-02-20 00:00:00-05:00,4.804439768230522,4.83108195032364,4.76003669602615,4.813320636749268,106900,0.0,0.0
2024-02-21 00:00:00-05:00,4.795559323174896,4.884365891046758,4.786678454656149,4.813320636749268,56500,0.0,0.0
2024-02-22 00:00:00-05:00,4.822201003531672,4.911007993425152,4.813320558620191,4.875484943389893,58700,0.0,0.0
2024-02-23 00:00:00-05:00,4.893246655606663,4.96429190839477,4.866604474079568,4.937649726867676,87900,0.0,0.0
2024-02-26 00:00:00-05:00,4.946530595197744,4.9554110400647025,4.8577236057495,4.937649726867676,52000,0.0,0.0
2024-02-27 00:00:00-05:00,4.937650511585905,4.973173143625408,4.928770065307617,4.928770065307617,51500,0.0,0.0
2024-02-28 00:00:00-05:00,4.990933978951433,4.990933978951433,4.928769590601153,4.973172664642334,67900,0.0,0.0
2024-02-29 00:00:00-05:00,4.973172494527171,4.990933808228717,4.955411180825625,4.964292049407959,96200,0.0,0.0
2024-03-01 00:00:00-05:00,4.999814739901138,5.133024806075202,4.964292112049805,5.097501754760742,60700,0.0,0.0
2024-03-04 00:00:00-05:00,5.1330246925354,5.1596664511030355,5.0619790149411,5.1330246925354,43500,0.0,0.0
2024-03-05 00:00:00-05:00,5.124144161534905,5.124144161534905,5.061979348344128,5.106382846832275,57600,0.0,0.0
2024-03-06 00:00:00-05:00,5.106382901548449,5.204070345191232,5.106382901548449,5.195189476013184,67400,0.0,0.0
2024-03-07 00:00:00-05:00,5.186308637212216,5.221831264305742,5.15078601011869,5.177427768707275,76500,0.0,0.0
2024-03-08 00:00:00-05:00,5.195189613775991,5.2395931139173975,5.1596669830481305,5.221831798553467,68600,0.0,0.0
2024-03-11 00:00:00-04:00,5.230712296077061,5.310638427734375,5.221831850039118,5.310638427734375,119000,0.0,0.0
2024-03-12 00:00:00-04:00,5.319518591574334,5.434967348185248,5.292876831410672,5.426086902618408,158800,0.0,0.0
2024-03-13 00:00:00-04:00,5.324750892511716,5.380025068509817,5.21420210123541,5.241839408874512,103800,0.22,0.0
2024-03-14 00:00:00-04:00,5.204990260460972,5.22341498686359,5.140503498411746,5.214202404022217,49900,0.0,0.0
2024-03-15 00:00:00-04:00,5.232626994338466,5.232626994338466,5.158928090644702,5.186565399169922,19100,0.0,0.0
2024-03-18 00:00:00-04:00,5.112866275805819,5.186565176333167,5.085228968468016,5.1220784187316895,82200,0.0,0.0
2024-03-19 00:00:00-04:00,5.112866323858025,5.1865652250780165,5.112866323858025,5.158927917480469,88300,0.0,0.0
2024-03-20 00:00:00-04:00,5.1220784272544595,5.204989910125732,5.076016833988273,5.204989910125732,82000,0.0,0.0
2024-03-21 00:00:00-04:00,5.370812636406913,5.444511539798825,5.269476424602976,5.435299396514893,169000,0.0,0.0
2024-03-22 00:00:00-04:00,5.41687443939202,5.41687443939202,5.2694761996212875,5.287900924682617,45800,0.0,0.0
2024-03-25 00:00:00-04:00,5.297113633123822,5.352387809625414,5.251051599732442,5.278688907623291,32800,0.0,0.0
2024-03-26 00:00:00-04:00,5.251052074566245,5.260264657789624,5.195777893066406,5.195777893066406,47900,0.0,0.0
2024-03-27 00:00:00-04:00,5.214202404022217,5.232627130424834,5.158928224814364,5.214202404022217,32000,0.0,0.0
2024-03-28 00:00:00-04:00,5.214202404022217,5.232627130424834,5.186565534058354,5.214202404022217,24400,0.0,0.0
2024-04-01 00:00:00-04:00,5.122078850187739,5.251051936974587,5.085229396820068,5.085229396820068,111500,0.0,0.0
2024-04-02 00:00:00-04:00,5.131291477673103,5.14050362145485,5.020742677331173,5.039167404174805,65200,0.0,0.0
2024-04-03 00:00:00-04:00,5.039166935998375,5.131291000937656,5.039166935998375,5.1220784187316895,20400,0.0,0.0
2024-04-04 00:00:00-04:00,5.168140247860795,5.223414421081543,5.168140247860795,5.223414421081543,46200,0.0,0.0
2024-04-05 00:00:00-04:00,5.177352602741942,5.232626778229425,5.168140459800744,5.204989910125732,13000,0.0,0.0
2024-04-08 00:00:00-04:00,5.251051425933838,5.251051425933838,5.223414558237816,5.251051425933838,28000,0.0,0.0
2024-04-09 00:00:00-04:00,5.26026425495495,5.278688980710585,5.149715900421143,5.149715900421143,47600,0.0,0.0
2024-04-10 00:00:00-04:00,5.0483793826465995,5.158927730469205,5.0483793826465995,5.0944414138793945,41300,0.0,0.0
2024-04-11 00:00:00-04:00,5.0944414924757355,5.140503085139076,4.983892703667513,5.002317428588867,131000,0.0,0.0
2024-04-12 00:00:00-04:00,5.011530088401948,5.03916695657249,4.947043330537181,4.956255912780762,82400,0.0,0.0
2024-04-15 00:00:00-04:00,4.864132404327393,4.947043450123352,4.864132404327393,4.864132404327393,86600,0.0,0.0
2024-04-16 00:00:00-04:00,4.836495355876154,5.011530478611955,4.836495355876154,4.882557392120361,19600,0.0,0.0
2024-04-17 00:00:00-04:00,4.864132493065255,4.88255721905383,4.854919910430908,4.854919910430908,42000,0.0,0.0
2024-04-18 00:00:00-04:00,4.95625603258963,4.95625603258963,4.854919821861113,4.864132404327393,25900,0.0,0.0
2024-04-19 00:00:00-04:00,4.947043715726092,4.947043715726092,4.882557392120361,4.882557392120361,42300,0.0,0.0
2024-04-22 00:00:00-04:00,4.9286185969135134,4.9286185969135134,4.8549196962111205,4.873344421386719,23100,0.0,0.0
2024-04-23 00:00:00-04:00,4.910193803982092,5.002317428588867,4.864132211318751,5.002317428588867,98800,0.0,0.0
2024-04-24 00:00:00-04:00,5.011529971678268,5.066804146012062,5.002317389649258,5.048379421234131,24400,0.0,0.0
2024-04-25 00:00:00-04:00,5.011530225841644,5.029954951553998,4.900981871567517,4.983892917633057,50000,0.0,0.0
2024-04-26 00:00:00-04:00,4.983892917633057,5.029954951553998,4.983892917633057,4.983892917633057,20900,0.0,0.0
2024-04-29 00:00:00-04:00,5.04837998723669,5.04837998723669,4.974681079862162,5.039167404174805,31100,0.0,0.0
2024-04-30 00:00:00-04:00,5.048379635839482,5.09444166938244,5.0115301847171585,5.02995491027832,20800,0.0,0.0
2024-05-01 00:00:00-04:00,5.020742279967617,5.020742279967617,4.956255960758704,4.993105411529541,35100,0.0,0.0
2024-05-02 00:00:00-04:00,5.01153039932251,5.039167269207673,4.993105672972359,5.01153039932251,16800,0.0,0.0
2024-05-03 00:00:00-04:00,5.066804670136232,5.112866706485889,5.057592087154248,5.085229396820068,26400,0.0,0.0
2024-05-06 00:00:00-04:00,5.094441676086954,5.168140578428591,5.0668043680687855,5.112866401672363,28400,0.0,0.0
2024-05-07 00:00:00-04:00,5.122078544825014,5.168140578428591,5.085229093654195,5.112866401672363,24300,0.0,0.0
2024-05-08 00:00:00-04:00,5.103653771402601,5.140503222228027,5.066804320577176,5.076016902923584,25200,0.0,0.0
2024-05-09 00:00:00-04:00,5.066804502231564,5.186565441347902,5.066804502231564,5.140503406524658,40800,0.0,0.0
2024-05-10 00:00:00-04:00,5.158928132597932,5.195777584744479,5.103653954378111,5.140503406524658,24300,0.0,0.0
2024-05-13 00:00:00-04:00,5.149715637442921,5.186565087072416,5.1128661878134265,5.131290912628174,22500,0.0,0.0
2024-05-14 00:00:00-04:00,5.17735303191895,5.2234150682835505,5.131291434834485,5.168140888214111,24000,0.0,0.0
2024-05-15 00:00:00-04:00,5.214202361397418,5.269476540153418,5.177352908893417,5.2602643966674805,36500,0.0,0.0
2024-05-16 00:00:00-04:00,5.297113457800663,5.4352991141210465,5.223414558237816,5.251051425933838,129000,0.0,0.0
2024-05-17 00:00:00-04:00,5.333963301675481,5.398450063197544,5.251051813901418,5.2602643966674805,57500,0.0,0.0
2024-05-20 00:00:00-04:00,5.3431754994301155,5.42608654194976,5.29711346747913,5.333962917327881,42900,0.0,0.0
2024-05-21 00:00:00-04:00,5.389237450320296,5.4352994853329974,5.324751128438661,5.426086902618408,50600,0.0,0.0
2024-05-22 00:00:00-04:00,5.380025475917852,5.435299656101649,5.333963439457953,5.370812892913818,72000,0.0,0.0
2024-05-23 00:00:00-04:00,5.343175888061523,5.426086936611634,5.251051817458984,5.343175888061523,34900,0.0,0.0
2024-05-24 00:00:00-04:00,5.361600185183377,5.4352990843424465,5.352387603148449,5.3800249099731445,60000,0.0,0.0
2024-05-28 00:00:00-04:00,5.435299244507919,5.435299244507919,5.195777375902709,5.241839408874512,56800,0.0,0.0
2024-05-29 00:00:00-04:00,5.232627211988389,5.333963428422429,5.094441981454859,5.168140888214111,68000,0.0,0.0
2024-05-30 00:00:00-04:00,5.149715726069493,5.333962977387861,5.094441550673983,5.1220784187316895,69400,0.0,0.0
2024-05-31 00:00:00-04:00,5.122078592147634,5.186565351932412,5.103653866392,5.149715900421143,53500,0.0,0.0
2024-06-03 00:00:00-04:00,5.149715706362694,5.38002498926936,5.149715706362694,5.287900924682617,117300,0.0,0.0
2024-06-04 00:00:00-04:00,5.26026435441269,5.343175841520739,5.251051771720631,5.306326389312744,58100,0.0,0.0
2024-06-05 00:00:00-04:00,5.2971132557202205,5.398449458393289,5.2971132557202205,5.352387428283691,80200,0.0,0.0
2024-06-06 00:00:00-04:00,5.389237219386897,5.389237219386897,5.315538317948732,5.324750900268555,56900,0.0,0.0
2024-06-07 00:00:00-04:00,5.28790101026937,5.352387768667814,5.28790101026937,5.324750900268555,69200,0.0,0.0
2024-06-10 00:00:00-04:00,5.4168747591839415,5.4352994853329974,5.287901236860427,5.426086902618408,119600,0.0,0.0
2024-06-11 00:00:00-04:00,5.416874850684758,5.499785900115967,5.380025397764192,5.499785900115967,109000,0.0,0.0
2024-06-12 00:00:00-04:00,5.435299318008416,5.508998220335834,5.435299318008416,5.481360912322998,120300,0.0,0.0
2024-06-13 00:00:00-04:00,5.4622287498400866,5.510059306320799,5.404832355750828,5.414398193359375,71100,0.22,0.0
2024-06-14 00:00:00-04:00,5.318737970580969,5.366568530964907,5.251775277272662,5.261341571807861,61400,0.0,0.0
2024-06-17 00:00:00-04:00,5.26134159289724,5.385700685477131,5.26134159289724,5.3091721534729,44700,0.0,0.0
2024-06-18 00:00:00-04:00,5.29003999926743,5.2996058376566,5.261341571807861,5.261341571807861,66700,0.0,0.0
2024-06-20 00:00:00-04:00,5.156114569176008,5.1848129963936005,5.031755934289178,5.117850303649902,251700,0.0,0.0
2024-06-21 00:00:00-04:00,5.385700654868459,5.385700654868459,5.175246736906869,5.223077297210693,440200,0.0,0.0
2024-06-24 00:00:00-04:00,5.261341567417682,5.2709078619449,5.223077301600872,5.242209434509277,43700,0.0,0.0
2024-06-25 00:00:00-04:00,5.194378861716301,5.27090784931254,5.194378861716301,5.232643127441406,487600,0.0,0.0
2024-06-26 00:00:00-04:00,5.184813010025345,5.213510981172363,5.165680877211991,5.175246715545654,325300,0.0,0.0
2024-06-27 00:00:00-04:00,5.117850329531193,5.184813022613525,5.079586063811583,5.184813022613525,70600,0.0,0.0
2024-06-28 00:00:00-04:00,5.156114581859936,5.175246714670053,5.089152345097538,5.127416610717773,207100,0.0,0.0
2024-07-01 00:00:00-04:00,5.136982457976879,5.194378856506975,5.0700202210981145,5.165680885314941,96100,0.0,0.0
2024-07-02 00:00:00-04:00,5.165680867226084,5.242209398331562,5.079586041659407,5.0891523361206055,81100,0.0,0.0
2024-07-03 00:00:00-04:00,5.089152309598311,5.1082844422749725,5.022189617156982,5.022189617156982,120000,0.0,0.0
2024-07-05 00:00:00-04:00,4.993491168084373,5.0221895950460285,4.974359035491943,4.974359035491943,119600,0.0,0.0
2024-07-08 00:00:00-04:00,4.974359019617866,4.974359019617866,4.859566224429613,4.8691325187683105,156900,0.0,0.0
2024-07-09 00:00:00-04:00,4.859566216498871,4.878698348999023,4.859566216498871,4.878698348999023,65800,0.0,0.0
2024-07-10 00:00:00-04:00,4.878698348999023,4.878698348999023,4.859566216498871,4.878698348999023,82100,0.0,0.0
2024-07-11 00:00:00-04:00,4.878698339326296,4.897830471788516,4.8404340744018555,4.8404340744018555,133000,0.0,0.0
2024-07-12 00:00:00-04:00,4.850000363840823,4.869132496283851,4.811736098954767,4.8213019371032715,153900,0.0,0.0
2024-07-15 00:00:00-04:00,4.792603966511739,4.869132496283851,4.792603966511739,4.8213019371032715,111400,0.0,0.0
2024-07-16 00:00:00-04:00,4.821301951498566,4.88826464332211,4.821301951498566,4.878698348999023,91900,0.0,0.0
2024-07-17 00:00:00-04:00,4.859566219653002,4.888264646494867,4.821301954627862,4.850000381469727,103200,0.0,0.0
2024-07-18 00:00:00-04:00,4.8404340744018555,4.869132501168195,4.830868236243755,4.8404340744018555,109800,0.0,0.0
2024-07-19 00:00:00-04:00,4.850000378321805,4.878698348999023,4.8308682458216525,4.878698348999023,109200,0.0,0.0
2024-07-22 00:00:00-04:00,4.859566206864075,4.859566206864075,4.802169809477416,4.8404340744018555,178900,0.0,0.0
2024-07-23 00:00:00-04:00,4.8404340646520545,4.859566197075737,4.792603961665855,4.8021697998046875,137600,0.0,0.0
2024-07-24 00:00:00-04:00,4.802169807728592,4.8117361020292275,4.783037675273339,4.792603969573975,67600,0.0,0.0
2024-07-25 00:00:00-04:00,4.783037680087784,4.830868239347069,4.783037680087784,4.811736106872559,301300,0.0,0.0
2024-07-26 00:00:00-04:00,4.792603941889942,4.830868206579416,4.725641250610352,4.725641250610352,545500,0.0,0.0
2024-07-29 00:00:00-04:00,4.7639055523704785,4.850000376664758,4.7447734198768625,4.830868244171143,98700,0.0,0.0
2024-07-30 00:00:00-04:00,4.792603969573975,4.8500003669397325,4.783037675273339,4.792603969573975,126500,0.0,0.0
2024-07-31 00:00:00-04:00,4.811736106872559,4.850000371821579,4.811736106872559,4.811736106872559,34900,0.0,0.0
2024-08-01 00:00:00-04:00,4.8117361020292275,4.8595662050943496,4.783037675273339,4.792603969573975,69300,0.0,0.0
2024-08-02 00:00:00-04:00,4.830868208642979,4.830868208642979,4.773471355438232,4.773471355438232,57000,0.0,0.0
2024-08-05 00:00:00-04:00,4.677810658768442,4.69694279097859,4.6395463943481445,4.6395463943481445,98300,0.0,0.0
2024-08-06 00:00:00-04:00,4.687376968180739,4.802169761814713,4.687376968180739,4.6969428062438965,44900,0.0,0.0
2024-08-07 00:00:00-04:00,4.71607495140106,4.792603936845476,4.69694281907646,4.706509113311768,42500,0.0,0.0
2024-08-08 00:00:00-04:00,4.687376985920877,4.763905515299827,4.687376985920877,4.725641250610352,77200,0.0,0.0
2024-08-09 00:00:00-04:00,4.735207078700921,4.754339211005219,4.6012821525708345,4.687376976013184,48400,0.0,0.0
2024-08-12 00:00:00-04:00,4.725641227647748,4.754339197952399,4.668244830892434,4.6778106689453125,45500,0.0,0.0
2024-08-13 00:00:00-04:00,4.687376976013184,4.72564124062178,4.677810681788027,4.687376976013184,57500,0.0,0.0
2024-08-14 00:00:00-04:00,4.687376947784341,4.716074917994953,4.6204142570495605,4.6204142570495605,53600,0.0,0.0
2024-08-15 00:00:00-04:00,4.629980525075449,4.696942759286137,4.476923012280998,4.524753570556641,159500,0.0,0.0
2024-08-16 00:00:00-04:00,4.563017850305982,4.639546378891624,4.543885718159572,4.582149982452393,95100,0.0,0.0
2024-08-19 00:00:00-04:00,4.610848444005531,4.725641237761848,4.591716311712812,4.7160749435424805,43600,0.0,0.0
2024-08-20 00:00:00-04:00,4.687376985920877,4.763905515299827,4.687376985920877,4.725641250610352,24200,0.0,0.0
2024-08-21 00:00:00-04:00,4.706509113311768,4.77347134837486,4.706509113311768,4.706509113311768,50500,0.0,0.0
2024-08-22 00:00:00-04:00,4.7352070758352,4.754339208127919,4.706509105469128,4.7160749435424805,33000,0.0,0.0
2024-08-23 00:00:00-04:00,4.7447733976977355,4.792603956781204,4.725641265293552,4.7830376625061035,123800,0.0,0.0
2024-08-26 00:00:00-04:00,4.830868236243755,4.878698339326296,4.802169809477416,4.8404340744018555,155300,0.0,0.0
2024-08-27 00:00:00-04:00,4.850000395659838,4.926528925934025,4.850000395659838,4.9073967933654785,91400,0.0,0.0
2024-08-28 00:00:00-04:00,4.916962613999328,4.916962613999328,4.878698348999023,4.878698348999023,110900,0.0,0.0
2024-08-29 00:00:00-04:00,4.878698353778711,4.926528913148962,4.878698353778711,4.897830486297607,57200,0.0,0.0
2024-08-30 00:00:00-04:00,4.926528911520007,4.926528911520007,4.840434087140432,4.850000381469727,69600,0.0,0.0
2024-09-03 00:00:00-04:00,4.859566224429613,4.878698356960989,4.850000386236935,4.8691325187683105,45200,0.0,0.0
2024-09-04 00:00:00-04:00,4.840434082344941,4.859566214838556,4.830868244171143,4.830868244171143,104400,0.0,0.0
2024-09-05 00:00:00-04:00,4.811736116444587,4.859566219653002,4.811736116444587,4.850000381469727,39600,0.0,0.0
2024-09-06 00:00:00-04:00,4.840434079219179,4.8786983441817,4.830868241051558,4.8595662117004395,70100,0.0,0.0
2024-09-09 00:00:00-04:00,4.878698348999023,4.8978304814991755,4.869132510821957,4.878698348999023,71200,0.0,0.0
2024-09-10 00:00:00-04:00,4.8882646384953405,4.8978304766629615,4.830868241051558,4.8595662117004395,60900,0.0,0.0
2024-09-11 00:00:00-04:00,4.916962613999328,4.916962613999328,4.821301951498566,4.878698348999023,107700,0.0,0.0
2024-09-12 00:00:00-04:00,4.878698348999023,4.88826464332211,4.869132510821957,4.878698348999023,95200,0.0,0.0
2024-09-13 00:00:00-04:00,4.878698352165572,4.888264646494867,4.850000381469727,4.850000381469727,180100,0.0,0.0
2024-09-16 00:00:00-04:00,4.900000095367432,4.920000076293945,4.889999866485596,4.900000095367432,56200,0.22,0.0
2024-09-17 00:00:00-04:00,4.860000133514404,4.889999866485596,4.840000152587891,4.840000152587891,85700,0.0,0.0
2024-09-18 00:00:00-04:00,4.840000152587891,4.860000133514404,4.820000171661377,4.840000152587891,80700,0.0,0.0
2024-09-19 00:00:00-04:00,4.889999866485596,4.920000076293945,4.869999885559082,4.889999866485596,72100,0.0,0.0
2024-09-20 00:00:00-04:00,4.920000076293945,5.010000228881836,4.889999866485596,5.010000228881836,138300,0.0,0.0
2024-09-23 00:00:00-04:00,5.079999923706055,5.119999885559082,5.010000228881836,5.019999980926514,253200,0.0,0.0
2024-09-24 00:00:00-04:00,5.019999980926514,5.050000190734863,4.96999979019165,4.96999979019165,80400,0.0,0.0
2024-09-25 00:00:00-04:00,4.989999771118164,5.0,4.900000095367432,4.920000076293945,63900,0.0,0.0
2024-09-26 00:00:00-04:00,4.960000038146973,4.980000019073486,4.940000057220459,4.949999809265137,60400,0.0,0.0
2024-09-27 00:00:00-04:00,4.949999809265137,4.96999979019165,4.900000095367432,4.900000095367432,70800,0.0,0.0
2024-09-30 00:00:00-04:00,4.909999847412109,4.949999809265137,4.900000095367432,4.929999828338623,41400,0.0,0.0
2024-10-01 00:00:00-04:00,4.949999809265137,4.949999809265137,4.900000095367432,4.929999828338623,41700,0.0,0.0
2024-10-02 00:00:00-04:00,4.920000076293945,4.929999828338623,4.880000114440918,4.889999866485596,63200,0.0,0.0
2024-10-03 00:00:00-04:00,4.949999809265137,4.949999809265137,4.869999885559082,4.900000095367432,48700,0.0,0.0
2024-10-04 00:00:00-04:00,4.880000114440918,4.929999828338623,4.880000114440918,4.900000095367432,97300,0.0,0.0
2024-10-07 00:00:00-04:00,4.900000095367432,4.900000095367432,4.849999904632568,4.849999904632568,62300,0.0,0.0
2024-10-08 00:00:00-04:00,4.860000133514404,4.860000133514404,4.829999923706055,4.840000152587891,28300,0.0,0.0
2024-10-09 00:00:00-04:00,4.809999942779541,4.829999923706055,4.730000019073486,4.760000228881836,183400,0.0,0.0
2024-10-10 00:00:00-04:00,4.71999979019165,4.800000190734863,4.71999979019165,4.730000019073486,107500,0.0,0.0
2024-10-11 00:00:00-04:00,4.699999809265137,4.760000228881836,4.699999809265137,4.730000019073486,71000,0.0,0.0
2024-10-14 00:00:00-04:00,4.71999979019165,4.760000228881836,4.71999979019165,4.739999771118164,56300,0.0,0.0
2024-10-15 00:00:00-04:00,4.760000228881836,4.789999961853027,4.71999979019165,4.71999979019165,81300,0.0,0.0
2024-10-16 00:00:00-04:00,4.71999979019165,4.789999961853027,4.71999979019165,4.75,43600,0.0,0.0
2024-10-17 00:00:00-04:00,4.75,4.760000228881836,4.730000019073486,4.75,34700,0.0,0.0
2024-10-18 00:00:00-04:00,4.730000019073486,4.78000020980835,4.699999809265137,4.699999809265137,69400,0.0,0.0
2024-10-21 00:00:00-04:00,4.769999980926514,4.769999980926514,4.679999828338623,4.710000038146973,65900,0.0,0.0
2024-10-22 00:00:00-04:00,4.75,4.75,4.650000095367432,4.679999828338623,71500,0.0,0.0
2024-10-23 00:00:00-04:00,4.659999847412109,4.679999828338623,4.559999942779541,4.570000171661377,64400,0.0,0.0
2024-10-24 00:00:00-04:00,4.599999904632568,4.650000095367432,4.590000152587891,4.590000152587891,44300,0.0,0.0
2024-10-25 00:00:00-04:00,4.619999885559082,4.690000057220459,4.610000133514404,4.630000114440918,57400,0.0,0.0
2024-10-28 00:00:00-04:00,4.610000133514404,4.670000076293945,4.610000133514404,4.639999866485596,52800,0.0,0.0
2024-10-29 00:00:00-04:00,4.639999866485596,4.639999866485596,4.630000114440918,4.630000114440918,41200,0.0,0.0
2024-10-30 00:00:00-04:00,4.650000095367432,4.670000076293945,4.630000114440918,4.639999866485596,37400,0.0,0.0
2024-10-31 00:00:00-04:00,4.670000076293945,4.670000076293945,4.590000152587891,4.599999904632568,35300,0.0,0.0
2024-11-01 00:00:00-04:00,4.579999923706055,4.630000114440918,4.579999923706055,4.590000152587891,44900,0.0,0.0
2024-11-04 00:00:00-05:00,4.610000133514404,4.71999979019165,4.599999904632568,4.679999828338623,173200,0.0,0.0
2024-11-05 00:00:00-05:00,4.659999847412109,4.71999979019165,4.659999847412109,4.699999809265137,42900,0.0,0.0
2024-11-06 00:00:00-05:00,4.760000228881836,4.769999980926514,4.699999809265137,4.739999771118164,56500,0.0,0.0
2024-11-07 00:00:00-05:00,4.75,4.809999942779541,4.75,4.800000190734863,37900,0.0,0.0
2024-11-08 00:00:00-05:00,4.849999904632568,4.849999904632568,4.800000190734863,4.829999923706055,52900,0.0,0.0
2024-11-11 00:00:00-05:00,4.860000133514404,4.860000133514404,4.829999923706055,4.829999923706055,54500,0.0,0.0
2024-11-12 00:00:00-05:00,4.849999904632568,4.849999904632568,4.800000190734863,4.809999942779541,74200,0.0,0.0
2024-11-13 00:00:00-05:00,4.820000171661377,4.820000171661377,4.75,4.75,59100,0.0,0.0
2024-11-14 00:00:00-05:00,4.75,4.789999961853027,4.75,4.78000020980835,37300,0.0,0.0
2024-11-15 00:00:00-05:00,4.789999961853027,4.800000190734863,4.75,4.760000228881836,45000,0.0,0.0
2024-11-18 00:00:00-05:00,4.769999980926514,4.789999961853027,4.75,4.78000020980835,71900,0.0,0.0
2024-11-19 00:00:00-05:00,4.769999980926514,4.840000152587891,4.769999980926514,4.829999923706055,126000,0.0,0.0
2024-11-20 00:00:00-05:00,4.849999904632568,4.849999904632568,4.78000020980835,4.829999923706055,67800,0.0,0.0
2024-11-21 00:00:00-05:00,4.849999904632568,4.849999904632568,4.809999942779541,4.829999923706055,76700,0.0,0.0
2024-11-22 00:00:00-05:00,4.809999942779541,4.849999904632568,4.809999942779541,4.840000152587891,96600,0.0,0.0
2024-11-25 00:00:00-05:00,4.860000133514404,4.889999866485596,4.849999904632568,4.880000114440918,74400,0.0,0.0
2024-11-26 00:00:00-05:00,4.929999828338623,4.929999828338623,4.900000095367432,4.909999847412109,65700,0.0,0.0
2024-11-27 00:00:00-05:00,4.929999828338623,4.96999979019165,4.929999828338623,4.960000038146973,78100,0.0,0.0
2024-11-29 00:00:00-05:00,4.980000019073486,5.0,4.96999979019165,4.989999771118164,39300,0.0,0.0
2024-12-02 00:00:00-05:00,5.03000020980835,5.079999923706055,5.0,5.070000171661377,144000,0.0,0.0
2024-12-03 00:00:00-05:00,5.050000190734863,5.079999923706055,5.03000020980835,5.03000020980835,129500,0.0,0.0
2024-12-04 00:00:00-05:00,5.059999942779541,5.070000171661377,5.039999961853027,5.050000190734863,132700,0.0,0.0
2024-12-05 00:00:00-05:00,5.050000190734863,5.059999942779541,5.03000020980835,5.039999961853027,136700,0.0,0.0
2024-12-06 00:00:00-05:00,5.079999923706055,5.130000114440918,5.050000190734863,5.119999885559082,173900,0.0,0.0
2024-12-09 00:00:00-05:00,5.099999904632568,5.110000133514404,5.059999942779541,5.090000152587891,95100,0.0,0.0
2024-12-10 00:00:00-05:00,5.099999904632568,5.110000133514404,5.079999923706055,5.099999904632568,105300,0.0,0.0
2024-12-11 00:00:00-05:00,5.099999904632568,5.119999885559082,5.079999923706055,5.090000152587891,321600,0.0,0.0
2024-12-12 00:00:00-05:00,5.099999904632568,5.099999904632568,5.03000020980835,5.050000190734863,208641,0.0,0.0
