Date,Open,High,Low,Close,Volume,Dividends,Stock Splits
2022-01-03 00:00:00-05:00,23.5,24.469999313354492,23.5,24.43000030517578,3000,0.0,0.0
2022-01-04 00:00:00-05:00,24.700000762939453,25.75,24.68000030517578,25.100000381469727,6600,0.0,0.0
2022-01-05 00:00:00-05:00,25.239999771118164,25.6299991607666,24.510000228881836,24.510000228881836,7100,0.0,0.0
2022-01-06 00:00:00-05:00,24.860000610351562,25.5,23.25,24.43000030517578,4200,0.0,0.0
2022-01-07 00:00:00-05:00,24.43000030517578,24.43000030517578,24.43000030517578,24.43000030517578,300,0.0,0.0
2022-01-10 00:00:00-05:00,24.200000762939453,24.280000686645508,24.0,24.0,2300,0.0,0.0
2022-01-11 00:00:00-05:00,23.25,24.0,23.25,23.850000381469727,3200,0.0,0.0
2022-01-12 00:00:00-05:00,23.969999313354492,24.989999771118164,23.969999313354492,24.989999771118164,3100,0.0,0.0
2022-01-13 00:00:00-05:00,25.0,25.5,24.209999084472656,24.209999084472656,6300,0.0,0.0
2022-01-14 00:00:00-05:00,24.43000030517578,25.860000610351562,24.010000228881836,25.1299991607666,9100,0.0,0.0
2022-01-18 00:00:00-05:00,25.030000686645508,25.200000762939453,24.040000915527344,24.450000762939453,9200,0.0,0.0
2022-01-19 00:00:00-05:00,24.5,24.75,24.049999237060547,24.649999618530273,9400,0.0,0.0
2022-01-20 00:00:00-05:00,24.299999237060547,24.450000762939453,23.889999389648438,24.100000381469727,8800,0.0,0.0
2022-01-21 00:00:00-05:00,23.920000076293945,25.3799991607666,23.25,23.75,17400,0.0,0.0
2022-01-24 00:00:00-05:00,24.0,24.25,23.280000686645508,24.239999771118164,5800,0.0,0.0
2022-01-25 00:00:00-05:00,24.309999465942383,25.6299991607666,24.309999465942383,24.799999237060547,4500,0.0,0.0
2022-01-26 00:00:00-05:00,24.989999771118164,25.59000015258789,24.700000762939453,24.700000762939453,8200,0.0,0.0
2022-01-27 00:00:00-05:00,25.0,25.0,24.100000381469727,24.84000015258789,5000,0.0,0.0
2022-01-28 00:00:00-05:00,24.030000686645508,24.200000762939453,23.329999923706055,23.809999465942383,2100,0.0,0.0
2022-01-31 00:00:00-05:00,23.809999465942383,25.280000686645508,23.729999542236328,24.549999237060547,8800,0.0,0.0
2022-02-01 00:00:00-05:00,24.549999237060547,24.549999237060547,24.549999237060547,24.549999237060547,0,0.0,0.0
2022-02-02 00:00:00-05:00,25.540000915527344,26.510000228881836,25.110000610351562,25.809999465942383,8000,0.0,0.0
2022-02-03 00:00:00-05:00,25.549999237060547,25.889999389648438,24.979999542236328,24.979999542236328,3100,0.0,0.0
2022-02-04 00:00:00-05:00,23.860000610351562,23.860000610351562,20.770000457763672,22.530000686645508,27900,0.0,0.0
2022-02-07 00:00:00-05:00,22.399999618530273,22.5,22.0,22.200000762939453,8900,0.0,0.0
2022-02-08 00:00:00-05:00,22.600000381469727,23.200000762939453,21.649999618530273,22.0,7900,0.0,0.0
2022-02-09 00:00:00-05:00,22.100000381469727,22.299999237060547,21.600000381469727,21.600000381469727,6900,0.0,0.0
2022-02-10 00:00:00-05:00,22.190000534057617,22.190000534057617,20.760000228881836,21.0,10100,0.0,0.0
2022-02-11 00:00:00-05:00,21.040000915527344,21.559999465942383,20.799999237060547,21.25,9400,0.0,0.0
2022-02-14 00:00:00-05:00,21.0,21.299999237060547,19.829999923706055,19.829999923706055,9600,0.0,0.0
2022-02-15 00:00:00-05:00,19.899999618530273,20.5,19.5,19.809999465942383,15100,0.0,0.0
2022-02-16 00:00:00-05:00,20.0,21.010000228881836,19.920000076293945,20.309999465942383,5500,0.0,0.0
2022-02-17 00:00:00-05:00,20.329999923706055,20.329999923706055,19.510000228881836,20.049999237060547,1300,0.0,0.0
2022-02-18 00:00:00-05:00,19.700000762939453,19.700000762939453,19.139999389648438,19.31999969482422,5300,0.0,0.0
2022-02-22 00:00:00-05:00,19.31999969482422,19.399999618530273,17.290000915527344,17.540000915527344,13800,0.0,0.0
2022-02-23 00:00:00-05:00,17.479999542236328,18.989999771118164,17.040000915527344,17.270000457763672,7600,0.0,0.0
2022-02-24 00:00:00-05:00,16.479999542236328,17.579999923706055,16.479999542236328,16.799999237060547,49900,0.0,0.0
2022-02-25 00:00:00-05:00,17.209999084472656,17.579999923706055,16.940000534057617,17.0,6400,0.0,0.0
2022-02-28 00:00:00-05:00,16.719999313354492,18.600000381469727,16.719999313354492,18.559999465942383,14500,0.0,0.0
2022-03-01 00:00:00-05:00,18.56999969482422,19.3700008392334,17.700000762939453,17.700000762939453,5500,0.0,0.0
2022-03-02 00:00:00-05:00,19.469999313354492,19.469999313354492,18.020000457763672,18.56999969482422,7000,0.0,0.0
2022-03-03 00:00:00-05:00,18.790000915527344,18.979999542236328,18.549999237060547,18.979999542236328,3400,0.0,0.0
2022-03-04 00:00:00-05:00,17.889999389648438,18.610000610351562,17.829999923706055,17.829999923706055,5100,0.0,0.0
2022-03-07 00:00:00-05:00,17.829999923706055,17.829999923706055,16.049999237060547,16.110000610351562,9400,0.0,0.0
2022-03-08 00:00:00-05:00,16.31999969482422,16.329999923706055,15.069999694824219,15.069999694824219,11100,0.0,0.0
2022-03-09 00:00:00-05:00,15.369999885559082,15.989999771118164,15.0,15.0,5500,0.0,0.0
2022-03-10 00:00:00-05:00,15.279999732971191,15.5600004196167,15.050000190734863,15.479999542236328,14600,0.0,0.0
2022-03-11 00:00:00-05:00,14.930000305175781,16.530000686645508,14.930000305175781,15.800000190734863,10400,0.0,0.0
2022-03-14 00:00:00-04:00,15.390000343322754,16.719999313354492,15.390000343322754,15.920000076293945,13400,0.0,0.0
2022-03-15 00:00:00-04:00,16.18000030517578,17.0,15.9399995803833,15.9399995803833,8200,0.0,0.0
2022-03-16 00:00:00-04:00,16.5,16.5,15.3100004196167,15.510000228881836,8300,0.0,0.0
2022-03-17 00:00:00-04:00,15.8100004196167,16.170000076293945,15.5600004196167,15.640000343322754,7800,0.0,0.0
2022-03-18 00:00:00-04:00,15.979999542236328,16.899999618530273,15.520000457763672,15.739999771118164,14800,0.0,0.0
2022-03-21 00:00:00-04:00,16.0,16.709999084472656,15.760000228881836,16.510000228881836,7900,0.0,0.0
2022-03-22 00:00:00-04:00,16.59000015258789,18.219999313354492,16.59000015258789,17.100000381469727,16400,0.0,0.0
2022-03-23 00:00:00-04:00,17.040000915527344,19.510000228881836,16.81999969482422,18.190000534057617,18000,0.0,0.0
2022-03-24 00:00:00-04:00,18.0,18.3799991607666,17.610000610351562,18.3799991607666,800,0.0,0.0
2022-03-25 00:00:00-04:00,18.399999618530273,18.399999618530273,17.510000228881836,18.0,2300,0.0,0.0
2022-03-28 00:00:00-04:00,17.829999923706055,18.0,17.100000381469727,17.700000762939453,6700,0.0,0.0
2022-03-29 00:00:00-04:00,16.959999084472656,17.690000534057617,16.959999084472656,17.219999313354492,5100,0.0,0.0
2022-03-30 00:00:00-04:00,17.079999923706055,17.18000030517578,16.399999618530273,16.989999771118164,7400,0.0,0.0
2022-03-31 00:00:00-04:00,16.56999969482422,17.739999771118164,16.530000686645508,16.530000686645508,4100,0.0,0.0
2022-04-01 00:00:00-04:00,17.719999313354492,17.719999313354492,16.200000762939453,16.200000762939453,1700,0.0,0.0
2022-04-04 00:00:00-04:00,16.200000762939453,16.75,16.200000762939453,16.299999237060547,5500,0.0,0.0
2022-04-05 00:00:00-04:00,16.149999618530273,16.200000762939453,15.670000076293945,15.6899995803833,6400,0.0,0.0
2022-04-06 00:00:00-04:00,15.670000076293945,15.670000076293945,14.5600004196167,14.600000381469727,13600,0.0,0.0
2022-04-07 00:00:00-04:00,14.5,14.9399995803833,14.020000457763672,14.380000114440918,34100,0.0,0.0
2022-04-08 00:00:00-04:00,14.130000114440918,14.949999809265137,14.130000114440918,14.470000267028809,16400,0.0,0.0
2022-04-11 00:00:00-04:00,14.720000267028809,15.100000381469727,13.489999771118164,14.739999771118164,25100,0.0,0.0
2022-04-12 00:00:00-04:00,14.649999618530273,14.90999984741211,13.800000190734863,14.350000381469727,23500,0.0,0.0
2022-04-13 00:00:00-04:00,14.5600004196167,14.75,14.100000381469727,14.619999885559082,7200,0.0,0.0
2022-04-14 00:00:00-04:00,14.59000015258789,15.510000228881836,14.59000015258789,15.279999732971191,10000,0.0,0.0
2022-04-18 00:00:00-04:00,15.010000228881836,15.130000114440918,13.920000076293945,13.920000076293945,18900,0.0,0.0
2022-04-19 00:00:00-04:00,13.920000076293945,16.0,13.920000076293945,15.510000228881836,29900,0.0,0.0
2022-04-20 00:00:00-04:00,15.489999771118164,17.049999237060547,15.359999656677246,16.350000381469727,21600,0.0,0.0
2022-04-21 00:00:00-04:00,16.059999465942383,16.65999984741211,15.010000228881836,15.199999809265137,17400,0.0,0.0
2022-04-22 00:00:00-04:00,15.130000114440918,15.300000190734863,14.550000190734863,14.550000190734863,6500,0.0,0.0
2022-04-25 00:00:00-04:00,14.760000228881836,15.479999542236328,14.510000228881836,15.180000305175781,8000,0.0,0.0
2022-04-26 00:00:00-04:00,15.239999771118164,15.260000228881836,14.510000228881836,14.630000114440918,6300,0.0,0.0
2022-04-27 00:00:00-04:00,14.850000381469727,15.609999656677246,14.539999961853027,14.710000038146973,15300,0.0,0.0
2022-04-28 00:00:00-04:00,14.699999809265137,15.0600004196167,14.699999809265137,14.949999809265137,5700,0.0,0.0
2022-04-29 00:00:00-04:00,15.0,15.470000267028809,14.649999618530273,15.100000381469727,8500,0.0,0.0
2022-05-02 00:00:00-04:00,15.229999542236328,15.40999984741211,14.850000381469727,15.100000381469727,2900,0.0,0.0
2022-05-03 00:00:00-04:00,15.15999984741211,16.010000228881836,15.0,15.359999656677246,9100,0.0,0.0
2022-05-04 00:00:00-04:00,15.630000114440918,16.270000457763672,15.34000015258789,15.670000076293945,6300,0.0,0.0
2022-05-05 00:00:00-04:00,15.479999542236328,16.040000915527344,14.869999885559082,15.350000381469727,6200,0.0,0.0
2022-05-06 00:00:00-04:00,14.819999694824219,14.819999694824219,12.399999618530273,13.75,37500,0.0,0.0
2022-05-09 00:00:00-04:00,13.710000038146973,13.710000038146973,13.0,13.15999984741211,5200,0.0,0.0
2022-05-10 00:00:00-04:00,13.300000190734863,15.960000038146973,13.300000190734863,15.289999961853027,57300,0.0,0.0
2022-05-11 00:00:00-04:00,15.15999984741211,16.25,14.619999885559082,14.850000381469727,11700,0.0,0.0
2022-05-12 00:00:00-04:00,15.039999961853027,15.34000015258789,14.069999694824219,14.890000343322754,8600,0.0,0.0
2022-05-13 00:00:00-04:00,14.520000457763672,15.1899995803833,14.149999618530273,15.119999885559082,13700,0.0,0.0
2022-05-16 00:00:00-04:00,14.920000076293945,16.56999969482422,14.920000076293945,16.09000015258789,11300,0.0,0.0
2022-05-17 00:00:00-04:00,15.979999542236328,16.610000610351562,15.800000190734863,16.510000228881836,4100,0.0,0.0
2022-05-18 00:00:00-04:00,15.850000381469727,16.299999237060547,15.300000190734863,16.190000534057617,5500,0.0,0.0
2022-05-19 00:00:00-04:00,15.699999809265137,15.899999618530273,15.100000381469727,15.109999656677246,2500,0.0,0.0
2022-05-20 00:00:00-04:00,15.069999694824219,15.069999694824219,15.069999694824219,15.069999694824219,500,0.0,0.0
2022-05-23 00:00:00-04:00,15.3100004196167,15.600000381469727,14.75,15.600000381469727,2600,0.0,0.0
2022-05-24 00:00:00-04:00,15.600000381469727,15.600000381469727,14.59000015258789,15.050000190734863,6100,0.0,0.0
2022-05-25 00:00:00-04:00,15.069999694824219,15.34000015258789,15.069999694824219,15.34000015258789,2000,0.0,0.0
2022-05-26 00:00:00-04:00,15.460000038146973,15.699999809265137,15.25,15.510000228881836,2100,0.0,0.0
2022-05-27 00:00:00-04:00,15.510000228881836,15.510000228881836,15.510000228881836,15.510000228881836,0,0.0,0.0
2022-05-31 00:00:00-04:00,15.710000038146973,16.440000534057617,15.289999961853027,15.989999771118164,6300,0.0,0.0
2022-06-01 00:00:00-04:00,15.779999732971191,15.859999656677246,15.59000015258789,15.859999656677246,2500,0.0,0.0
2022-06-02 00:00:00-04:00,15.529999732971191,16.18000030517578,15.170000076293945,15.170000076293945,9900,0.0,0.0
2022-06-03 00:00:00-04:00,15.5,15.5600004196167,15.300000190734863,15.5600004196167,2700,0.0,0.0
2022-06-06 00:00:00-04:00,15.899999618530273,16.079999923706055,15.630000114440918,15.630000114440918,5300,0.0,0.0
2022-06-07 00:00:00-04:00,16.75,17.0,16.010000228881836,16.049999237060547,3800,0.0,0.0
2022-06-08 00:00:00-04:00,16.020000457763672,16.489999771118164,16.020000457763672,16.489999771118164,800,0.0,0.0
2022-06-09 00:00:00-04:00,16.489999771118164,16.489999771118164,16.489999771118164,16.489999771118164,400,0.0,0.0
2022-06-10 00:00:00-04:00,15.760000228881836,15.760000228881836,15.760000228881836,15.760000228881836,600,0.0,0.0
2022-06-13 00:00:00-04:00,15.75,16.549999237060547,15.430000305175781,15.430000305175781,16100,0.0,0.0
2022-06-14 00:00:00-04:00,15.729999542236328,16.079999923706055,15.600000381469727,15.739999771118164,5400,0.0,0.0
2022-06-15 00:00:00-04:00,15.930000305175781,16.239999771118164,15.600000381469727,15.600000381469727,10000,0.0,0.0
2022-06-16 00:00:00-04:00,15.5600004196167,15.600000381469727,15.550000190734863,15.5600004196167,2600,0.0,0.0
2022-06-17 00:00:00-04:00,15.220000267028809,15.75,15.220000267028809,15.75,1000,0.0,0.0
2022-06-21 00:00:00-04:00,15.960000038146973,15.960000038146973,15.180000305175781,15.180000305175781,500,0.0,0.0
2022-06-22 00:00:00-04:00,15.210000038146973,16.270000457763672,15.210000038146973,15.890000343322754,3700,0.0,0.0
2022-06-23 00:00:00-04:00,15.920000076293945,16.299999237060547,15.59000015258789,15.729999542236328,2700,0.0,0.0
2022-06-24 00:00:00-04:00,15.920000076293945,15.920000076293945,15.5,15.5,1600,0.0,0.0
2022-06-27 00:00:00-04:00,15.5,15.5,15.5,15.5,300,0.0,0.0
2022-06-28 00:00:00-04:00,15.760000228881836,16.049999237060547,15.760000228881836,15.949999809265137,2200,0.0,0.0
2022-06-29 00:00:00-04:00,15.920000076293945,16.399999618530273,15.5600004196167,15.949999809265137,6300,0.0,0.0
2022-06-30 00:00:00-04:00,15.979999542236328,16.43000030517578,15.100000381469727,15.949999809265137,10800,0.0,0.0
2022-07-01 00:00:00-04:00,15.949999809265137,16.25,15.5600004196167,16.09000015258789,6100,0.0,0.0
2022-07-05 00:00:00-04:00,15.869999885559082,16.170000076293945,15.199999809265137,15.199999809265137,1000,0.0,0.0
2022-07-06 00:00:00-04:00,15.390000343322754,15.4399995803833,15.390000343322754,15.4399995803833,700,0.0,0.0
2022-07-07 00:00:00-04:00,15.600000381469727,15.600000381469727,15.600000381469727,15.600000381469727,800,0.0,0.0
2022-07-08 00:00:00-04:00,15.579999923706055,16.059999465942383,15.569999694824219,15.979999542236328,1000,0.0,0.0
2022-07-11 00:00:00-04:00,16.25,16.5,15.789999961853027,15.789999961853027,2600,0.0,0.0
2022-07-12 00:00:00-04:00,15.829999923706055,15.829999923706055,15.5,15.5,1000,0.0,0.0
2022-07-13 00:00:00-04:00,15.5,15.829999923706055,15.5,15.760000228881836,2100,0.0,0.0
2022-07-14 00:00:00-04:00,15.760000228881836,15.760000228881836,15.760000228881836,15.760000228881836,300,0.0,0.0
2022-07-15 00:00:00-04:00,15.75,15.75,15.539999961853027,15.75,2400,0.0,0.0
2022-07-18 00:00:00-04:00,15.550000190734863,15.989999771118164,15.550000190734863,15.649999618530273,6800,0.0,0.0
2022-07-19 00:00:00-04:00,15.630000114440918,15.699999809265137,15.600000381469727,15.600000381469727,2500,0.0,0.0
2022-07-20 00:00:00-04:00,15.699999809265137,16.25,15.699999809265137,15.989999771118164,13000,0.0,0.0
2022-07-21 00:00:00-04:00,16.0,16.1200008392334,15.850000381469727,15.850000381469727,1200,0.0,0.0
2022-07-22 00:00:00-04:00,16.1200008392334,16.1200008392334,16.1200008392334,16.1200008392334,700,0.0,0.0
2022-07-25 00:00:00-04:00,16.1200008392334,16.1200008392334,16.1200008392334,16.1200008392334,300,0.0,0.0
2022-07-26 00:00:00-04:00,15.890000343322754,15.890000343322754,15.850000381469727,15.850000381469727,900,0.0,0.0
2022-07-27 00:00:00-04:00,15.850000381469727,15.850000381469727,15.850000381469727,15.850000381469727,0,0.0,0.0
2022-07-28 00:00:00-04:00,15.649999618530273,16.5,15.649999618530273,15.899999618530273,3500,0.0,0.0
2022-07-29 00:00:00-04:00,16.239999771118164,16.760000228881836,16.010000228881836,16.010000228881836,3200,0.0,0.0
2022-08-01 00:00:00-04:00,15.930000305175781,15.930000305175781,15.149999618530273,15.399999618530273,7800,0.0,0.0
2022-08-02 00:00:00-04:00,15.399999618530273,15.399999618530273,15.399999618530273,15.399999618530273,0,0.0,0.0
2022-08-03 00:00:00-04:00,15.489999771118164,15.9399995803833,15.489999771118164,15.800000190734863,2700,0.0,0.0
2022-08-04 00:00:00-04:00,15.59000015258789,15.899999618530273,15.59000015258789,15.75,3800,0.0,0.0
2022-08-05 00:00:00-04:00,15.850000381469727,15.949999809265137,15.779999732971191,15.949999809265137,3300,0.0,0.0
2022-08-08 00:00:00-04:00,16.75,16.75,15.829999923706055,16.15999984741211,3200,0.0,0.0
2022-08-09 00:00:00-04:00,16.709999084472656,17.0,16.170000076293945,16.170000076293945,6600,0.0,0.0
2022-08-10 00:00:00-04:00,16.290000915527344,16.799999237060547,16.25,16.670000076293945,4000,0.0,0.0
2022-08-11 00:00:00-04:00,16.649999618530273,17.600000381469727,16.649999618530273,17.309999465942383,3400,0.0,0.0
2022-08-12 00:00:00-04:00,17.299999237060547,18.329999923706055,17.020000457763672,17.100000381469727,7500,0.0,0.0
2022-08-15 00:00:00-04:00,17.299999237060547,18.93000030517578,16.950000762939453,17.309999465942383,8000,0.0,0.0
2022-08-16 00:00:00-04:00,18.0,18.0,17.450000762939453,17.6299991607666,2200,0.0,0.0
2022-08-17 00:00:00-04:00,17.510000228881836,17.709999084472656,17.510000228881836,17.709999084472656,700,0.0,0.0
2022-08-18 00:00:00-04:00,17.559999465942383,17.559999465942383,17.559999465942383,17.559999465942383,400,0.0,0.0
2022-08-19 00:00:00-04:00,17.559999465942383,17.559999465942383,17.559999465942383,17.559999465942383,0,0.0,0.0
2022-08-22 00:00:00-04:00,17.549999237060547,17.549999237060547,17.5,17.5,600,0.0,0.0
2022-08-23 00:00:00-04:00,16.610000610351562,17.549999237060547,16.610000610351562,17.399999618530273,2600,0.0,0.0
2022-08-24 00:00:00-04:00,17.450000762939453,17.510000228881836,17.450000762939453,17.510000228881836,500,0.0,0.0
2022-08-25 00:00:00-04:00,17.899999618530273,17.899999618530273,17.899999618530273,17.899999618530273,900,0.0,0.0
2022-08-26 00:00:00-04:00,18.920000076293945,20.850000381469727,17.989999771118164,18.649999618530273,17300,0.0,0.0
2022-08-29 00:00:00-04:00,18.5,18.649999618530273,18.100000381469727,18.649999618530273,2100,0.0,0.0
2022-08-30 00:00:00-04:00,18.959999084472656,19.049999237060547,18.09000015258789,19.0,8900,0.0,0.0
2022-08-31 00:00:00-04:00,18.950000762939453,19.5,18.950000762939453,19.200000762939453,5400,0.0,0.0
2022-09-01 00:00:00-04:00,19.149999618530273,19.950000762939453,18.709999084472656,19.600000381469727,8800,0.0,0.0
2022-09-02 00:00:00-04:00,19.020000457763672,20.020000457763672,19.020000457763672,19.649999618530273,5300,0.0,0.0
2022-09-06 00:00:00-04:00,19.850000381469727,20.149999618530273,19.649999618530273,19.68000030517578,9000,0.0,0.0
2022-09-07 00:00:00-04:00,19.84000015258789,20.170000076293945,19.84000015258789,20.170000076293945,1500,0.0,0.0
2022-09-08 00:00:00-04:00,20.190000534057617,20.25,20.190000534057617,20.25,400,0.0,0.0
2022-09-09 00:00:00-04:00,20.5,21.43000030517578,20.149999618530273,20.149999618530273,14300,0.0,0.0
2022-09-12 00:00:00-04:00,20.420000076293945,20.59000015258789,20.200000762939453,20.200000762939453,4200,0.0,0.0
2022-09-13 00:00:00-04:00,20.0,20.0,18.959999084472656,18.959999084472656,4200,0.0,0.0
2022-09-14 00:00:00-04:00,19.81999969482422,19.81999969482422,19.049999237060547,19.049999237060547,1100,0.0,0.0
2022-09-15 00:00:00-04:00,19.190000534057617,19.450000762939453,18.850000381469727,19.190000534057617,1500,0.0,0.0
2022-09-16 00:00:00-04:00,19.200000762939453,20.25,18.200000762939453,18.200000762939453,13800,0.0,0.0
2022-09-19 00:00:00-04:00,18.040000915527344,18.059999465942383,17.600000381469727,17.780000686645508,5900,0.0,0.0
2022-09-20 00:00:00-04:00,18.440000534057617,18.610000610351562,18.020000457763672,18.020000457763672,2100,0.0,0.0
2022-09-21 00:00:00-04:00,17.989999771118164,19.260000228881836,17.989999771118164,18.25,5600,0.0,0.0
2022-09-22 00:00:00-04:00,18.170000076293945,18.549999237060547,16.09000015258789,16.200000762939453,28700,0.0,0.0
2022-09-23 00:00:00-04:00,16.0,17.200000762939453,15.119999885559082,15.119999885559082,20300,0.0,0.0
2022-09-26 00:00:00-04:00,15.619999885559082,16.43000030517578,14.470000267028809,14.9399995803833,28200,0.0,0.0
2022-09-27 00:00:00-04:00,15.039999961853027,16.8799991607666,14.949999809265137,15.619999885559082,28400,0.0,0.0
2022-09-28 00:00:00-04:00,15.899999618530273,17.6299991607666,15.760000228881836,16.450000762939453,28400,0.0,0.0
2022-09-29 00:00:00-04:00,16.809999465942383,17.31999969482422,16.239999771118164,17.049999237060547,51600,0.0,0.0
2022-09-30 00:00:00-04:00,16.81999969482422,17.899999618530273,16.700000762939453,17.719999313354492,10500,0.0,0.0
2022-10-03 00:00:00-04:00,17.75,19.670000076293945,17.579999923706055,18.649999618530273,23000,0.0,0.0
2022-10-04 00:00:00-04:00,19.049999237060547,19.3700008392334,19.040000915527344,19.34000015258789,1700,0.0,0.0
2022-10-05 00:00:00-04:00,18.600000381469727,18.969999313354492,18.600000381469727,18.600000381469727,2100,0.0,0.0
2022-10-06 00:00:00-04:00,18.899999618530273,19.600000381469727,18.899999618530273,19.5,6000,0.0,0.0
2022-10-07 00:00:00-04:00,19.299999237060547,19.799999237060547,18.899999618530273,19.610000610351562,10500,0.0,0.0
2022-10-10 00:00:00-04:00,19.219999313354492,19.920000076293945,19.040000915527344,19.520000457763672,10800,0.0,0.0
2022-10-11 00:00:00-04:00,19.600000381469727,20.549999237060547,19.239999771118164,19.649999618530273,20400,0.0,0.0
2022-10-12 00:00:00-04:00,19.709999084472656,19.729999542236328,19.030000686645508,19.030000686645508,900,0.0,0.0
2022-10-13 00:00:00-04:00,19.100000381469727,20.049999237060547,18.899999618530273,19.510000228881836,11900,0.0,0.0
2022-10-14 00:00:00-04:00,19.559999465942383,20.170000076293945,19.31999969482422,19.780000686645508,6100,0.0,0.0
2022-10-17 00:00:00-04:00,20.0,21.0,19.93000030517578,19.93000030517578,3500,0.0,0.0
2022-10-18 00:00:00-04:00,18.889999389648438,20.149999618530273,18.889999389648438,19.5,8600,0.0,0.0
2022-10-19 00:00:00-04:00,19.329999923706055,19.610000610351562,19.049999237060547,19.100000381469727,1900,0.0,0.0
2022-10-20 00:00:00-04:00,19.520000457763672,19.799999237060547,19.200000762939453,19.5,2600,0.0,0.0
2022-10-21 00:00:00-04:00,19.020000457763672,19.600000381469727,19.020000457763672,19.5,2600,0.0,0.0
2022-10-24 00:00:00-04:00,19.219999313354492,19.219999313354492,18.989999771118164,18.989999771118164,1000,0.0,0.0
2022-10-25 00:00:00-04:00,19.579999923706055,19.579999923706055,19.579999923706055,19.579999923706055,100,0.0,0.0
2022-10-26 00:00:00-04:00,19.600000381469727,19.600000381469727,19.280000686645508,19.5,2100,0.0,0.0
2022-10-27 00:00:00-04:00,19.350000381469727,19.350000381469727,18.8799991607666,18.899999618530273,1300,0.0,0.0
2022-10-28 00:00:00-04:00,18.799999237060547,19.25,18.3700008392334,19.200000762939453,4000,0.0,0.0
2022-10-31 00:00:00-04:00,19.399999618530273,19.600000381469727,19.389999389648438,19.389999389648438,9500,0.0,0.0
2022-11-01 00:00:00-04:00,19.690000534057617,19.690000534057617,18.8799991607666,18.8799991607666,5600,0.0,0.0
2022-11-02 00:00:00-04:00,19.100000381469727,19.100000381469727,18.799999237060547,18.799999237060547,1600,0.0,0.0
2022-11-03 00:00:00-04:00,18.5,18.5,17.700000762939453,18.15999984741211,4100,0.0,0.0
2022-11-04 00:00:00-04:00,17.989999771118164,18.56999969482422,17.65999984741211,17.719999313354492,7700,0.0,0.0
2022-11-07 00:00:00-05:00,17.3799991607666,17.709999084472656,17.149999618530273,17.149999618530273,10400,0.0,0.0
2022-11-08 00:00:00-05:00,17.0,17.34000015258789,16.299999237060547,16.309999465942383,26400,0.0,0.0
2022-11-09 00:00:00-05:00,16.0,16.709999084472656,16.0,16.399999618530273,16300,0.0,0.0
2022-11-10 00:00:00-05:00,16.40999984741211,17.049999237060547,16.40999984741211,17.0,3100,0.0,0.0
2022-11-11 00:00:00-05:00,16.219999313354492,17.0,16.139999389648438,17.0,2000,0.0,0.0
2022-11-14 00:00:00-05:00,16.780000686645508,16.860000610351562,16.780000686645508,16.860000610351562,1300,0.0,0.0
2022-11-15 00:00:00-05:00,16.809999465942383,16.850000381469727,16.399999618530273,16.850000381469727,5900,0.0,0.0
2022-11-16 00:00:00-05:00,16.420000076293945,16.420000076293945,16.399999618530273,16.399999618530273,700,0.0,0.0
2022-11-17 00:00:00-05:00,16.5,17.309999465942383,16.479999542236328,16.600000381469727,18400,0.0,0.0
2022-11-18 00:00:00-05:00,16.600000381469727,16.600000381469727,16.600000381469727,16.600000381469727,400,0.0,0.0
2022-11-21 00:00:00-05:00,16.850000381469727,18.489999771118164,16.850000381469727,17.260000228881836,10400,0.0,0.0
2022-11-22 00:00:00-05:00,17.420000076293945,18.450000762939453,17.3799991607666,17.3799991607666,14800,0.0,0.0
2022-11-23 00:00:00-05:00,18.0,18.270000457763672,17.6299991607666,17.799999237060547,6800,0.0,0.0
2022-11-25 00:00:00-05:00,18.010000228881836,18.729999542236328,18.0,18.0,7300,0.0,0.0
2022-11-28 00:00:00-05:00,18.440000534057617,18.440000534057617,17.450000762939453,17.610000610351562,2800,0.0,0.0
2022-11-29 00:00:00-05:00,18.239999771118164,18.239999771118164,17.649999618530273,17.799999237060547,3300,0.0,0.0
2022-11-30 00:00:00-05:00,18.0,19.09000015258789,17.100000381469727,17.610000610351562,3500,0.0,0.0
2022-12-01 00:00:00-05:00,17.100000381469727,17.510000228881836,17.09000015258789,17.309999465942383,11400,0.0,0.0
2022-12-02 00:00:00-05:00,17.239999771118164,17.299999237060547,16.68000030517578,16.68000030517578,8500,0.0,0.0
2022-12-05 00:00:00-05:00,16.790000915527344,17.239999771118164,16.65999984741211,16.899999618530273,8500,0.0,0.0
2022-12-06 00:00:00-05:00,17.0,17.979999542236328,16.760000228881836,17.200000762939453,10200,0.0,0.0
2022-12-07 00:00:00-05:00,17.110000610351562,18.059999465942383,17.110000610351562,17.510000228881836,7700,0.0,0.0
2022-12-08 00:00:00-05:00,17.579999923706055,17.989999771118164,17.5,17.790000915527344,4000,0.0,0.0
2022-12-09 00:00:00-05:00,17.600000381469727,17.610000610351562,17.600000381469727,17.610000610351562,600,0.0,0.0
2022-12-12 00:00:00-05:00,17.790000915527344,17.790000915527344,17.790000915527344,17.790000915527344,400,0.0,0.0
2022-12-13 00:00:00-05:00,17.790000915527344,17.790000915527344,17.790000915527344,17.790000915527344,400,0.0,0.0
2022-12-14 00:00:00-05:00,17.3799991607666,17.989999771118164,17.3799991607666,17.479999542236328,2400,0.0,0.0
2022-12-15 00:00:00-05:00,17.899999618530273,17.899999618530273,17.389999389648438,17.389999389648438,2700,0.0,0.0
2022-12-16 00:00:00-05:00,17.799999237060547,17.799999237060547,17.3700008392334,17.799999237060547,900,0.0,0.0
2022-12-19 00:00:00-05:00,17.3700008392334,17.399999618530273,16.600000381469727,16.600000381469727,5300,0.0,0.0
2022-12-20 00:00:00-05:00,16.850000381469727,16.850000381469727,16.389999389648438,16.389999389648438,1500,0.0,0.0
2022-12-21 00:00:00-05:00,16.520000457763672,16.520000457763672,16.299999237060547,16.329999923706055,500,0.0,0.0
2022-12-22 00:00:00-05:00,16.3799991607666,16.399999618530273,16.3799991607666,16.399999618530273,600,0.0,0.0
2022-12-23 00:00:00-05:00,16.260000228881836,16.399999618530273,16.200000762939453,16.399999618530273,1400,0.0,0.0
2022-12-27 00:00:00-05:00,16.170000076293945,16.170000076293945,15.0,15.800000190734863,5600,0.0,0.0
2022-12-28 00:00:00-05:00,16.200000762939453,16.200000762939453,15.949999809265137,15.949999809265137,1000,0.0,0.0
2022-12-29 00:00:00-05:00,15.949999809265137,16.1299991607666,15.949999809265137,16.1299991607666,1000,0.0,0.0
2022-12-30 00:00:00-05:00,16.0,16.0,15.609999656677246,15.899999618530273,2700,0.0,0.0
2023-01-03 00:00:00-05:00,15.899999618530273,15.899999618530273,15.899999618530273,15.899999618530273,0,0.0,0.0
2023-01-04 00:00:00-05:00,15.600000381469727,16.399999618530273,15.600000381469727,16.0,3700,0.0,0.0
2023-01-05 00:00:00-05:00,16.0,16.0,16.0,16.0,400,0.0,0.0
2023-01-06 00:00:00-05:00,16.75,17.200000762939453,16.75,17.200000762939453,1000,0.0,0.0
2023-01-09 00:00:00-05:00,16.799999237060547,18.860000610351562,16.799999237060547,17.139999389648438,13800,0.0,0.0
2023-01-10 00:00:00-05:00,17.100000381469727,17.600000381469727,16.969999313354492,17.110000610351562,2100,0.0,0.0
2023-01-11 00:00:00-05:00,17.020000457763672,17.360000610351562,16.950000762939453,16.950000762939453,4000,0.0,0.0
2023-01-12 00:00:00-05:00,16.899999618530273,17.479999542236328,16.899999618530273,17.1299991607666,10400,0.0,0.0
2023-01-13 00:00:00-05:00,17.3799991607666,17.40999984741211,16.899999618530273,17.149999618530273,4300,0.0,0.0
2023-01-17 00:00:00-05:00,16.920000076293945,16.920000076293945,16.920000076293945,16.920000076293945,300,0.0,0.0
2023-01-18 00:00:00-05:00,16.729999542236328,16.729999542236328,16.729999542236328,16.729999542236328,300,0.0,0.0
2023-01-19 00:00:00-05:00,16.729999542236328,16.729999542236328,16.729999542236328,16.729999542236328,0,0.0,0.0
2023-01-20 00:00:00-05:00,16.809999465942383,17.1200008392334,16.75,17.1200008392334,2300,0.0,0.0
2023-01-23 00:00:00-05:00,17.190000534057617,17.610000610351562,17.0,17.010000228881836,9800,0.0,0.0
2023-01-24 00:00:00-05:00,17.049999237060547,17.200000762939453,16.68000030517578,16.950000762939453,6800,0.0,0.0
2023-01-25 00:00:00-05:00,16.75,17.18000030517578,16.75,16.979999542236328,4500,0.0,0.0
2023-01-26 00:00:00-05:00,17.0,17.700000762939453,17.0,17.399999618530273,27500,0.0,0.0
2023-01-27 00:00:00-05:00,17.200000762939453,17.299999237060547,16.889999389648438,16.889999389648438,13800,0.0,0.0
2023-01-30 00:00:00-05:00,17.010000228881836,17.219999313354492,17.010000228881836,17.200000762939453,3300,0.0,0.0
2023-01-31 00:00:00-05:00,17.200000762939453,17.25,17.18000030517578,17.229999542236328,4100,0.0,0.0
2023-02-01 00:00:00-05:00,17.329999923706055,17.5,17.329999923706055,17.5,1700,0.0,0.0
2023-02-02 00:00:00-05:00,17.5,17.5,17.399999618530273,17.399999618530273,9300,0.0,0.0
2023-02-03 00:00:00-05:00,17.0,17.100000381469727,16.700000762939453,16.709999084472656,10800,0.0,0.0
2023-02-06 00:00:00-05:00,16.610000610351562,16.6200008392334,16.56999969482422,16.600000381469727,4700,0.0,0.0
2023-02-07 00:00:00-05:00,16.700000762939453,16.790000915527344,16.700000762939453,16.790000915527344,3500,0.0,0.0
2023-02-08 00:00:00-05:00,16.549999237060547,16.639999389648438,16.239999771118164,16.530000686645508,14000,0.0,0.0
2023-02-09 00:00:00-05:00,16.540000915527344,16.540000915527344,16.299999237060547,16.510000228881836,3000,0.0,0.0
2023-02-10 00:00:00-05:00,16.450000762939453,16.489999771118164,16.299999237060547,16.299999237060547,1400,0.0,0.0
2023-02-13 00:00:00-05:00,16.309999465942383,16.309999465942383,16.200000762939453,16.200000762939453,2600,0.0,0.0
2023-02-14 00:00:00-05:00,16.219999313354492,16.260000228881836,15.550000190734863,16.260000228881836,6900,0.0,0.0
2023-02-15 00:00:00-05:00,15.699999809265137,15.859999656677246,15.699999809265137,15.859999656677246,7900,0.0,0.0
2023-02-16 00:00:00-05:00,15.899999618530273,15.899999618530273,15.699999809265137,15.699999809265137,4700,0.0,0.0
2023-02-17 00:00:00-05:00,15.760000228881836,16.010000228881836,15.600000381469727,15.760000228881836,13600,0.0,0.0
2023-02-21 00:00:00-05:00,15.569999694824219,15.569999694824219,15.399999618530273,15.489999771118164,2300,0.0,0.0
2023-02-22 00:00:00-05:00,15.779999732971191,15.800000190734863,15.779999732971191,15.800000190734863,8500,0.0,0.0
2023-02-23 00:00:00-05:00,15.609999656677246,15.609999656677246,15.260000228881836,15.319999694824219,5400,0.0,0.0
2023-02-24 00:00:00-05:00,15.319999694824219,15.319999694824219,15.319999694824219,15.319999694824219,400,0.0,0.0
2023-02-27 00:00:00-05:00,15.319999694824219,15.319999694824219,15.319999694824219,15.319999694824219,0,0.0,0.0
2023-02-28 00:00:00-05:00,15.319999694824219,15.699999809265137,14.800000190734863,15.470000267028809,4400,0.0,0.0
2023-03-01 00:00:00-05:00,15.350000381469727,15.350000381469727,15.350000381469727,15.350000381469727,300,0.0,0.0
2023-03-02 00:00:00-05:00,16.34000015258789,16.34000015258789,15.289999961853027,15.289999961853027,600,0.0,0.0
2023-03-03 00:00:00-05:00,15.65999984741211,16.799999237060547,15.5,16.549999237060547,15300,0.0,0.0
2023-03-06 00:00:00-05:00,17.0,17.139999389648438,16.510000228881836,16.709999084472656,5000,0.0,0.0
2023-03-07 00:00:00-05:00,17.0,17.0,16.360000610351562,16.6299991607666,5100,0.0,0.0
2023-03-08 00:00:00-05:00,16.6299991607666,16.6299991607666,16.6299991607666,16.6299991607666,300,0.0,0.0
2023-03-09 00:00:00-05:00,17.030000686645508,17.049999237060547,16.989999771118164,17.0,1400,0.0,0.0
2023-03-10 00:00:00-05:00,16.81999969482422,16.989999771118164,16.81999969482422,16.989999771118164,800,0.0,0.0
2023-03-13 00:00:00-04:00,16.6200008392334,16.639999389648438,16.299999237060547,16.600000381469727,5500,0.0,0.0
2023-03-14 00:00:00-04:00,16.059999465942383,17.0,16.059999465942383,16.360000610351562,1900,0.0,0.0
2023-03-15 00:00:00-04:00,17.299999237060547,17.299999237060547,17.299999237060547,17.299999237060547,900,0.0,0.0
2023-03-16 00:00:00-04:00,17.059999465942383,17.059999465942383,17.059999465942383,17.059999465942383,200,0.0,0.0
2023-03-17 00:00:00-04:00,16.8700008392334,17.5,16.8700008392334,17.5,1200,0.0,0.0
2023-03-20 00:00:00-04:00,17.43000030517578,18.559999465942383,17.43000030517578,17.709999084472656,11300,0.0,0.0
2023-03-21 00:00:00-04:00,17.940000534057617,17.940000534057617,17.09000015258789,17.200000762939453,2800,0.0,0.0
2023-03-22 00:00:00-04:00,17.399999618530273,17.399999618530273,16.860000610351562,16.860000610351562,1300,0.0,0.0
2023-03-23 00:00:00-04:00,16.8700008392334,17.299999237060547,16.5,17.0,9700,0.0,0.0
2023-03-24 00:00:00-04:00,16.75,17.110000610351562,16.5,17.0,2800,0.0,0.0
2023-03-27 00:00:00-04:00,16.450000762939453,16.450000762939453,16.40999984741211,16.40999984741211,400,0.0,0.0
2023-03-28 00:00:00-04:00,16.729999542236328,17.3700008392334,16.700000762939453,16.860000610351562,13400,0.0,0.0
2023-03-29 00:00:00-04:00,16.770000457763672,17.1200008392334,16.239999771118164,16.239999771118164,700,0.0,0.0
2023-03-30 00:00:00-04:00,16.75,16.93000030517578,16.239999771118164,16.610000610351562,4100,0.0,0.0
2023-03-31 00:00:00-04:00,16.5,16.549999237060547,16.389999389648438,16.40999984741211,1800,0.0,0.0
2023-04-03 00:00:00-04:00,16.40999984741211,16.40999984741211,16.40999984741211,16.40999984741211,200,0.0,0.0
2023-04-04 00:00:00-04:00,16.739999771118164,17.170000076293945,16.739999771118164,17.170000076293945,500,0.0,0.0
2023-04-05 00:00:00-04:00,17.219999313354492,17.809999465942383,17.219999313354492,17.75,3500,0.0,0.0
2023-04-06 00:00:00-04:00,17.510000228881836,17.510000228881836,16.559999465942383,16.899999618530273,13800,0.0,0.0
2023-04-10 00:00:00-04:00,16.93000030517578,17.450000762939453,16.5,16.5,8500,0.0,0.0
2023-04-11 00:00:00-04:00,16.540000915527344,16.549999237060547,16.239999771118164,16.299999237060547,5500,0.0,0.0
2023-04-12 00:00:00-04:00,16.270000457763672,16.549999237060547,16.270000457763672,16.450000762939453,2400,0.0,0.0
2023-04-13 00:00:00-04:00,16.799999237060547,16.799999237060547,16.690000534057617,16.690000534057617,500,0.0,0.0
2023-04-14 00:00:00-04:00,16.360000610351562,16.399999618530273,16.299999237060547,16.299999237060547,5800,0.0,0.0
2023-04-17 00:00:00-04:00,16.020000457763672,16.260000228881836,15.420000076293945,16.049999237060547,13400,0.0,0.0
2023-04-18 00:00:00-04:00,15.699999809265137,16.0,15.699999809265137,15.899999618530273,700,0.0,0.0
2023-04-19 00:00:00-04:00,16.049999237060547,16.309999465942383,16.049999237060547,16.059999465942383,3300,0.0,0.0
2023-04-20 00:00:00-04:00,16.059999465942383,16.059999465942383,16.059999465942383,16.059999465942383,500,0.0,0.0
2023-04-21 00:00:00-04:00,16.450000762939453,16.549999237060547,16.450000762939453,16.549999237060547,1000,0.0,0.0
2023-04-24 00:00:00-04:00,16.399999618530273,16.399999618530273,16.25,16.25,1500,0.0,0.0
2023-04-25 00:00:00-04:00,15.949999809265137,15.949999809265137,15.949999809265137,15.949999809265137,700,0.0,0.0
2023-04-26 00:00:00-04:00,16.0,16.06999969482422,15.970000267028809,15.979999542236328,4400,0.0,0.0
2023-04-27 00:00:00-04:00,16.100000381469727,16.100000381469727,15.8100004196167,15.8100004196167,3100,0.0,0.0
2023-04-28 00:00:00-04:00,15.850000381469727,15.899999618530273,15.600000381469727,15.899999618530273,2400,0.0,0.0
2023-05-01 00:00:00-04:00,15.600000381469727,15.84000015258789,15.399999618530273,15.5,1500,0.0,0.0
2023-05-02 00:00:00-04:00,15.6899995803833,15.6899995803833,15.6899995803833,15.6899995803833,400,0.0,0.0
2023-05-03 00:00:00-04:00,15.720000267028809,16.200000762939453,15.510000228881836,15.510000228881836,6500,0.0,0.0
2023-05-04 00:00:00-04:00,15.510000228881836,15.510000228881836,15.510000228881836,15.510000228881836,300,0.0,0.0
2023-05-05 00:00:00-04:00,16.969999313354492,16.969999313354492,15.600000381469727,15.600000381469727,11300,0.0,0.0
2023-05-08 00:00:00-04:00,16.75,16.75,15.710000038146973,15.710000038146973,2800,0.0,0.0
2023-05-09 00:00:00-04:00,15.899999618530273,16.540000915527344,15.75,16.09000015258789,7100,0.0,0.0
2023-05-10 00:00:00-04:00,16.18000030517578,16.18000030517578,15.600000381469727,15.649999618530273,3500,0.0,0.0
2023-05-11 00:00:00-04:00,15.6899995803833,15.930000305175781,15.649999618530273,15.899999618530273,4500,0.0,0.0
2023-05-12 00:00:00-04:00,15.949999809265137,15.949999809265137,15.510000228881836,15.930000305175781,2000,0.0,0.0
2023-05-15 00:00:00-04:00,15.699999809265137,15.800000190734863,15.399999618530273,15.800000190734863,6200,0.0,0.0
2023-05-16 00:00:00-04:00,15.859999656677246,15.930000305175781,15.850000381469727,15.850000381469727,1900,0.0,0.0
2023-05-17 00:00:00-04:00,15.779999732971191,16.850000381469727,15.779999732971191,16.200000762939453,12200,0.0,0.0
2023-05-18 00:00:00-04:00,16.84000015258789,16.84000015258789,16.15999984741211,16.600000381469727,11900,0.0,0.0
2023-05-19 00:00:00-04:00,16.799999237060547,18.25,16.799999237060547,17.56999969482422,14800,0.0,0.0
2023-05-22 00:00:00-04:00,17.799999237060547,18.829999923706055,17.790000915527344,18.559999465942383,15500,0.0,0.0
2023-05-23 00:00:00-04:00,18.739999771118164,19.100000381469727,18.450000762939453,18.700000762939453,4000,0.0,0.0
2023-05-24 00:00:00-04:00,18.75,18.75,18.520000457763672,18.520000457763672,4300,0.0,0.0
2023-05-25 00:00:00-04:00,18.649999618530273,18.649999618530273,18.280000686645508,18.639999389648438,1800,0.0,0.0
2023-05-26 00:00:00-04:00,18.5,18.739999771118164,18.280000686645508,18.280000686645508,5000,0.0,0.0
2023-05-30 00:00:00-04:00,18.639999389648438,19.5,18.639999389648438,19.049999237060547,4400,0.0,0.0
2023-05-31 00:00:00-04:00,19.059999465942383,19.059999465942383,18.760000228881836,19.0,2700,0.0,0.0
2023-06-01 00:00:00-04:00,18.709999084472656,18.979999542236328,18.709999084472656,18.979999542236328,1100,0.0,0.0
2023-06-02 00:00:00-04:00,18.790000915527344,19.0,18.43000030517578,19.0,2200,0.0,0.0
2023-06-05 00:00:00-04:00,19.440000534057617,19.68000030517578,18.75,19.0,9800,0.0,0.0
2023-06-06 00:00:00-04:00,19.0,19.0,18.360000610351562,18.6200008392334,1200,0.0,0.0
2023-06-07 00:00:00-04:00,18.739999771118164,18.739999771118164,18.739999771118164,18.739999771118164,1100,0.0,0.0
2023-06-08 00:00:00-04:00,19.0,19.0,18.6299991607666,18.969999313354492,2400,0.0,0.0
2023-06-09 00:00:00-04:00,18.6299991607666,19.0,18.6299991607666,19.0,1300,0.0,0.0
2023-06-12 00:00:00-04:00,18.81999969482422,18.81999969482422,18.440000534057617,18.75,3200,0.0,0.0
2023-06-13 00:00:00-04:00,18.559999465942383,19.489999771118164,18.559999465942383,19.239999771118164,5100,0.0,0.0
2023-06-14 00:00:00-04:00,19.010000228881836,19.139999389648438,18.600000381469727,19.139999389648438,6100,0.0,0.0
2023-06-15 00:00:00-04:00,18.979999542236328,18.979999542236328,18.940000534057617,18.940000534057617,1000,0.0,0.0
2023-06-16 00:00:00-04:00,18.760000228881836,18.969999313354492,18.760000228881836,18.969999313354492,4300,0.0,0.0
2023-06-20 00:00:00-04:00,19.06999969482422,19.06999969482422,18.93000030517578,18.940000534057617,900,0.0,0.0
2023-06-21 00:00:00-04:00,18.84000015258789,19.149999618530273,18.84000015258789,19.100000381469727,900,0.0,0.0
2023-06-22 00:00:00-04:00,19.0,19.079999923706055,18.670000076293945,18.670000076293945,1300,0.0,0.0
2023-06-23 00:00:00-04:00,19.149999618530273,19.149999618530273,19.149999618530273,19.149999618530273,600,0.0,0.0
2023-06-26 00:00:00-04:00,19.200000762939453,19.200000762939453,18.719999313354492,18.719999313354492,1200,0.0,0.0
2023-06-27 00:00:00-04:00,18.719999313354492,18.719999313354492,18.719999313354492,18.719999313354492,700,0.0,0.0
2023-06-28 00:00:00-04:00,18.68000030517578,18.700000762939453,18.100000381469727,18.260000228881836,7500,0.0,0.0
2023-06-29 00:00:00-04:00,18.75,19.100000381469727,18.270000457763672,19.0,7900,0.0,0.0
2023-06-30 00:00:00-04:00,19.0,19.100000381469727,19.0,19.100000381469727,1100,0.0,0.0
2023-07-03 00:00:00-04:00,18.729999542236328,19.0,18.020000457763672,18.020000457763672,2300,0.0,0.0
2023-07-05 00:00:00-04:00,18.280000686645508,18.280000686645508,18.280000686645508,18.280000686645508,400,0.0,0.0
2023-07-06 00:00:00-04:00,18.280000686645508,18.280000686645508,18.280000686645508,18.280000686645508,0,0.0,0.0
2023-07-07 00:00:00-04:00,18.780000686645508,18.780000686645508,18.280000686645508,18.31999969482422,3500,0.0,0.0
2023-07-10 00:00:00-04:00,18.59000015258789,18.639999389648438,18.280000686645508,18.639999389648438,1800,0.0,0.0
2023-07-11 00:00:00-04:00,19.110000610351562,19.110000610351562,18.639999389648438,18.639999389648438,700,0.0,0.0
2023-07-12 00:00:00-04:00,18.93000030517578,18.93000030517578,18.93000030517578,18.93000030517578,500,0.0,0.0
2023-07-13 00:00:00-04:00,18.690000534057617,18.700000762939453,18.469999313354492,18.469999313354492,700,0.0,0.0
2023-07-14 00:00:00-04:00,18.469999313354492,18.469999313354492,18.469999313354492,18.469999313354492,500,0.0,0.0
2023-07-17 00:00:00-04:00,18.469999313354492,18.469999313354492,18.469999313354492,18.469999313354492,0,0.0,0.0
2023-07-18 00:00:00-04:00,18.530000686645508,18.649999618530273,18.25,18.649999618530273,700,0.0,0.0
2023-07-19 00:00:00-04:00,18.979999542236328,18.979999542236328,18.93000030517578,18.940000534057617,2100,0.0,0.0
2023-07-20 00:00:00-04:00,18.31999969482422,18.780000686645508,18.31999969482422,18.780000686645508,1400,0.0,0.0
2023-07-21 00:00:00-04:00,18.549999237060547,18.549999237060547,18.549999237060547,18.549999237060547,200,0.0,0.0
2023-07-24 00:00:00-04:00,18.559999465942383,19.149999618530273,18.559999465942383,18.690000534057617,1600,0.0,0.0
2023-07-25 00:00:00-04:00,18.75,18.8799991607666,18.700000762939453,18.8799991607666,700,0.0,0.0
2023-07-26 00:00:00-04:00,18.700000762939453,18.790000915527344,18.40999984741211,18.59000015258789,2800,0.0,0.0
2023-07-27 00:00:00-04:00,18.59000015258789,18.59000015258789,18.59000015258789,18.59000015258789,0,0.0,0.0
2023-07-28 00:00:00-04:00,18.59000015258789,18.59000015258789,18.59000015258789,18.59000015258789,200,0.0,0.0
2023-07-31 00:00:00-04:00,18.459999084472656,18.459999084472656,18.0,18.0,3500,0.0,0.0
2023-08-01 00:00:00-04:00,18.0,18.0,18.0,18.0,500,0.0,0.0
2023-08-02 00:00:00-04:00,18.0,18.0,17.190000534057617,17.579999923706055,4300,0.0,0.0
2023-08-03 00:00:00-04:00,17.65999984741211,18.399999618530273,17.65999984741211,18.399999618530273,1900,0.0,0.0
2023-08-04 00:00:00-04:00,18.399999618530273,18.399999618530273,17.969999313354492,18.100000381469727,700,0.0,0.0
2023-08-07 00:00:00-04:00,17.84000015258789,17.84000015258789,17.84000015258789,17.84000015258789,300,0.0,0.0
2023-08-08 00:00:00-04:00,17.6299991607666,18.489999771118164,17.389999389648438,17.389999389648438,3800,0.0,0.0
2023-08-09 00:00:00-04:00,17.389999389648438,17.389999389648438,17.389999389648438,17.389999389648438,600,0.0,0.0
2023-08-10 00:00:00-04:00,17.649999618530273,17.649999618530273,17.59000015258789,17.649999618530273,2100,0.0,0.0
2023-08-11 00:00:00-04:00,17.309999465942383,17.5,17.209999084472656,17.209999084472656,2000,0.0,0.0
2023-08-14 00:00:00-04:00,16.899999618530273,16.899999618530273,16.309999465942383,16.5,7500,0.0,0.0
2023-08-15 00:00:00-04:00,16.010000228881836,16.5,16.010000228881836,16.5,900,0.0,0.0
2023-08-16 00:00:00-04:00,16.5,16.5,16.31999969482422,16.31999969482422,900,0.0,0.0
2023-08-17 00:00:00-04:00,16.219999313354492,16.219999313354492,16.100000381469727,16.100000381469727,1100,0.0,0.0
2023-08-18 00:00:00-04:00,15.949999809265137,16.219999313354492,15.649999618530273,16.139999389648438,3400,0.0,0.0
2023-08-21 00:00:00-04:00,16.1299991607666,16.440000534057617,15.550000190734863,15.949999809265137,2200,0.0,0.0
2023-08-22 00:00:00-04:00,15.760000228881836,15.760000228881836,15.75,15.75,900,0.0,0.0
2023-08-23 00:00:00-04:00,15.75,15.75,15.5600004196167,15.65999984741211,2200,0.0,0.0
2023-08-24 00:00:00-04:00,15.779999732971191,16.0,15.779999732971191,16.0,3300,0.0,0.0
2023-08-25 00:00:00-04:00,16.079999923706055,16.139999389648438,16.06999969482422,16.110000610351562,5500,0.0,0.0
2023-08-28 00:00:00-04:00,16.100000381469727,17.770000457763672,16.100000381469727,17.760000228881836,5000,0.0,0.0
2023-08-29 00:00:00-04:00,17.760000228881836,17.790000915527344,17.100000381469727,17.100000381469727,1400,0.0,0.0
2023-08-30 00:00:00-04:00,17.170000076293945,17.170000076293945,15.989999771118164,16.700000762939453,3700,0.0,0.0
2023-08-31 00:00:00-04:00,16.5,17.010000228881836,16.270000457763672,17.010000228881836,4100,0.0,0.0
2023-09-01 00:00:00-04:00,17.43000030517578,17.43000030517578,17.350000381469727,17.40999984741211,1100,0.0,0.0
2023-09-05 00:00:00-04:00,17.360000610351562,17.450000762939453,16.850000381469727,16.850000381469727,8000,0.0,0.0
2023-09-06 00:00:00-04:00,18.059999465942383,18.059999465942383,18.059999465942383,18.059999465942383,900,0.0,0.0
2023-09-07 00:00:00-04:00,17.540000915527344,17.540000915527344,17.540000915527344,17.540000915527344,300,0.0,0.0
2023-09-08 00:00:00-04:00,17.0,17.0,16.600000381469727,16.899999618530273,3600,0.0,0.0
2023-09-11 00:00:00-04:00,16.760000228881836,16.860000610351562,16.510000228881836,16.510000228881836,1300,0.0,0.0
2023-09-12 00:00:00-04:00,16.459999084472656,16.459999084472656,16.459999084472656,16.459999084472656,200,0.0,0.0
2023-09-13 00:00:00-04:00,16.5,16.600000381469727,16.299999237060547,16.600000381469727,5900,0.0,0.0
2023-09-14 00:00:00-04:00,16.5,16.600000381469727,16.100000381469727,16.600000381469727,2100,0.0,0.0
2023-09-15 00:00:00-04:00,16.200000762939453,16.200000762939453,16.0,16.0,5800,0.0,0.0
2023-09-18 00:00:00-04:00,15.949999809265137,16.3799991607666,15.779999732971191,15.899999618530273,2300,0.0,0.0
2023-09-19 00:00:00-04:00,16.170000076293945,16.489999771118164,15.880000114440918,15.899999618530273,3700,0.0,0.0
2023-09-20 00:00:00-04:00,15.800000190734863,15.800000190734863,15.800000190734863,15.800000190734863,300,0.0,0.0
2023-09-21 00:00:00-04:00,16.0,16.0,15.800000190734863,15.8100004196167,1900,0.0,0.0
2023-09-22 00:00:00-04:00,15.8100004196167,15.8100004196167,15.8100004196167,15.8100004196167,200,0.0,0.0
2023-09-25 00:00:00-04:00,16.420000076293945,16.420000076293945,15.760000228881836,15.760000228881836,4600,0.0,0.0
2023-09-26 00:00:00-04:00,15.649999618530273,15.649999618530273,15.520000457763672,15.520000457763672,700,0.0,0.0
2023-09-27 00:00:00-04:00,15.850000381469727,16.0,15.520000457763672,16.0,1500,0.0,0.0
2023-09-28 00:00:00-04:00,15.5600004196167,15.5600004196167,15.5600004196167,15.5600004196167,500,0.0,0.0
2023-09-29 00:00:00-04:00,15.699999809265137,15.699999809265137,15.640000343322754,15.699999809265137,700,0.0,0.0
2023-10-02 00:00:00-04:00,15.520000457763672,15.640000343322754,15.520000457763672,15.600000381469727,1700,0.0,0.0
2023-10-03 00:00:00-04:00,15.670000076293945,15.670000076293945,15.649999618530273,15.649999618530273,2400,0.0,0.0
2023-10-04 00:00:00-04:00,15.600000381469727,15.600000381469727,15.0,15.300000190734863,5900,0.0,0.0
2023-10-05 00:00:00-04:00,15.300000190734863,15.300000190734863,15.079999923706055,15.079999923706055,800,0.0,0.0
2023-10-06 00:00:00-04:00,15.050000190734863,15.300000190734863,15.050000190734863,15.199999809265137,1100,0.0,0.0
2023-10-09 00:00:00-04:00,15.520000457763672,15.539999961853027,15.3100004196167,15.539999961853027,900,0.0,0.0
2023-10-10 00:00:00-04:00,15.130000114440918,15.130000114440918,15.130000114440918,15.130000114440918,400,0.0,0.0
2023-10-11 00:00:00-04:00,15.539999961853027,15.539999961853027,14.649999618530273,15.010000228881836,8200,0.0,0.0
2023-10-12 00:00:00-04:00,14.800000190734863,15.270000457763672,14.800000190734863,15.180000305175781,3900,0.0,0.0
2023-10-13 00:00:00-04:00,14.829999923706055,14.829999923706055,14.510000228881836,14.630000114440918,8600,0.0,0.0
2023-10-16 00:00:00-04:00,15.449999809265137,17.25,15.449999809265137,16.280000686645508,54000,0.0,0.0
2023-10-17 00:00:00-04:00,16.530000686645508,17.149999618530273,16.389999389648438,16.950000762939453,12600,0.0,0.0
2023-10-18 00:00:00-04:00,17.0,17.100000381469727,16.850000381469727,17.049999237060547,4900,0.0,0.0
2023-10-19 00:00:00-04:00,16.75,17.149999618530273,16.670000076293945,16.940000534057617,10000,0.0,0.0
2023-10-20 00:00:00-04:00,17.200000762939453,17.899999618530273,16.8799991607666,16.969999313354492,6100,0.0,0.0
2023-10-23 00:00:00-04:00,16.75,17.18000030517578,16.75,17.110000610351562,7300,0.0,0.0
2023-10-24 00:00:00-04:00,17.170000076293945,17.510000228881836,17.15999984741211,17.3700008392334,6200,0.0,0.0
2023-10-25 00:00:00-04:00,17.100000381469727,17.3799991607666,17.010000228881836,17.059999465942383,1700,0.0,0.0
2023-10-26 00:00:00-04:00,17.06999969482422,17.329999923706055,17.010000228881836,17.09000015258789,2400,0.0,0.0
2023-10-27 00:00:00-04:00,17.09000015258789,17.09000015258789,17.09000015258789,17.09000015258789,700,0.0,0.0
2023-10-30 00:00:00-04:00,16.989999771118164,17.719999313354492,16.989999771118164,17.719999313354492,2000,0.0,0.0
2023-10-31 00:00:00-04:00,18.020000457763672,18.020000457763672,17.0,17.0,1600,0.0,0.0
2023-11-01 00:00:00-04:00,17.440000534057617,17.700000762939453,17.440000534057617,17.700000762939453,1800,0.0,0.0
2023-11-02 00:00:00-04:00,17.760000228881836,18.639999389648438,17.760000228881836,18.6299991607666,15300,0.0,0.0
2023-11-03 00:00:00-04:00,18.399999618530273,18.540000915527344,17.56999969482422,18.0,13700,0.0,0.0
2023-11-06 00:00:00-05:00,18.110000610351562,18.110000610351562,17.75,17.75,1500,0.0,0.0
2023-11-07 00:00:00-05:00,17.440000534057617,17.440000534057617,17.440000534057617,17.440000534057617,1100,0.0,0.0
2023-11-08 00:00:00-05:00,17.450000762939453,17.760000228881836,17.309999465942383,17.309999465942383,2600,0.0,0.0
2023-11-09 00:00:00-05:00,17.459999084472656,17.530000686645508,17.459999084472656,17.530000686645508,600,0.0,0.0
2023-11-10 00:00:00-05:00,17.399999618530273,18.1200008392334,17.15999984741211,18.1200008392334,1500,0.0,0.0
2023-11-13 00:00:00-05:00,17.860000610351562,18.1200008392334,17.5,17.90999984741211,3300,0.0,0.0
2023-11-14 00:00:00-05:00,18.020000457763672,18.020000457763672,18.020000457763672,18.020000457763672,600,0.0,0.0
2023-11-15 00:00:00-05:00,17.899999618530273,17.899999618530273,17.600000381469727,17.600000381469727,1400,0.0,0.0
2023-11-16 00:00:00-05:00,17.5,17.5,17.270000457763672,17.459999084472656,700,0.0,0.0
2023-11-17 00:00:00-05:00,17.200000762939453,17.360000610351562,17.100000381469727,17.100000381469727,8800,0.0,0.0
2023-11-20 00:00:00-05:00,16.950000762939453,18.040000915527344,16.950000762939453,17.350000381469727,5000,0.0,0.0
2023-11-21 00:00:00-05:00,17.350000381469727,17.350000381469727,17.350000381469727,17.350000381469727,300,0.0,0.0
2023-11-22 00:00:00-05:00,17.209999084472656,17.389999389648438,17.110000610351562,17.170000076293945,1000,0.0,0.0
2023-11-24 00:00:00-05:00,17.170000076293945,17.170000076293945,17.170000076293945,17.170000076293945,300,0.0,0.0
2023-11-27 00:00:00-05:00,17.56999969482422,17.56999969482422,17.09000015258789,17.09000015258789,1000,0.0,0.0
2023-11-28 00:00:00-05:00,17.09000015258789,17.09000015258789,15.850000381469727,15.899999618530273,9700,0.0,0.0
2023-11-29 00:00:00-05:00,15.90999984741211,16.8799991607666,15.90999984741211,16.030000686645508,1700,0.0,0.0
2023-11-30 00:00:00-05:00,16.059999465942383,16.15999984741211,15.699999809265137,16.15999984741211,8800,0.0,0.0
2023-12-01 00:00:00-05:00,16.25,16.5,16.139999389648438,16.34000015258789,7100,0.0,0.0
2023-12-04 00:00:00-05:00,16.34000015258789,16.34000015258789,16.170000076293945,16.25,4100,0.0,0.0
2023-12-05 00:00:00-05:00,16.0,16.1299991607666,16.0,16.049999237060547,2600,0.0,0.0
2023-12-06 00:00:00-05:00,16.25,16.25,16.0,16.0,1100,0.0,0.0
2023-12-07 00:00:00-05:00,16.100000381469727,16.1299991607666,16.100000381469727,16.1299991607666,800,0.0,0.0
2023-12-08 00:00:00-05:00,16.299999237060547,16.760000228881836,16.25,16.760000228881836,5700,0.0,0.0
2023-12-11 00:00:00-05:00,16.110000610351562,16.75,16.110000610351562,16.18000030517578,6600,0.0,0.0
2023-12-12 00:00:00-05:00,16.299999237060547,16.360000610351562,16.299999237060547,16.299999237060547,1200,0.0,0.0
2023-12-13 00:00:00-05:00,16.559999465942383,16.559999465942383,16.350000381469727,16.399999618530273,1300,0.0,0.0
2023-12-14 00:00:00-05:00,16.549999237060547,16.549999237060547,16.329999923706055,16.399999618530273,1800,0.0,0.0
2023-12-15 00:00:00-05:00,16.399999618530273,16.399999618530273,16.200000762939453,16.389999389648438,3300,0.0,0.0
2023-12-18 00:00:00-05:00,16.399999618530273,16.75,16.309999465942383,16.309999465942383,3200,0.0,0.0
2023-12-19 00:00:00-05:00,16.649999618530273,17.100000381469727,16.649999618530273,17.100000381469727,8400,0.0,0.0
2023-12-20 00:00:00-05:00,17.15999984741211,17.329999923706055,17.010000228881836,17.329999923706055,2400,0.0,0.0
2023-12-21 00:00:00-05:00,17.489999771118164,17.489999771118164,16.899999618530273,16.90999984741211,2900,0.0,0.0
2023-12-22 00:00:00-05:00,17.010000228881836,17.209999084472656,17.010000228881836,17.209999084472656,4200,0.0,0.0
2023-12-26 00:00:00-05:00,16.950000762939453,16.979999542236328,16.950000762939453,16.950000762939453,3600,0.0,0.0
2023-12-27 00:00:00-05:00,17.18000030517578,17.31999969482422,17.15999984741211,17.25,7800,0.0,0.0
2023-12-28 00:00:00-05:00,17.010000228881836,17.440000534057617,17.010000228881836,17.440000534057617,1700,0.0,0.0
2023-12-29 00:00:00-05:00,16.940000534057617,18.040000915527344,16.940000534057617,17.520000457763672,1700,0.0,0.0
2024-01-02 00:00:00-05:00,17.100000381469727,17.600000381469727,17.100000381469727,17.600000381469727,1600,0.0,0.0
2024-01-03 00:00:00-05:00,17.959999084472656,18.3799991607666,17.690000534057617,18.31999969482422,4800,0.0,0.0
2024-01-04 00:00:00-05:00,18.0,18.549999237060547,18.0,18.549999237060547,9000,0.0,0.0
2024-01-05 00:00:00-05:00,18.8700008392334,19.850000381469727,18.850000381469727,19.350000381469727,9700,0.0,0.0
2024-01-08 00:00:00-05:00,19.540000915527344,19.75,19.360000610351562,19.420000076293945,5700,0.0,0.0
2024-01-09 00:00:00-05:00,19.600000381469727,20.690000534057617,19.600000381469727,20.239999771118164,13500,0.0,0.0
2024-01-10 00:00:00-05:00,20.079999923706055,21.75,20.079999923706055,21.200000762939453,18700,0.0,0.0
2024-01-11 00:00:00-05:00,20.84000015258789,20.940000534057617,20.100000381469727,20.100000381469727,5600,0.0,0.0
2024-01-12 00:00:00-05:00,20.59000015258789,21.0,20.100000381469727,20.920000076293945,9300,0.0,0.0
2024-01-16 00:00:00-05:00,20.93000030517578,21.399999618530273,20.93000030517578,21.0,6700,0.0,0.0
2024-01-17 00:00:00-05:00,20.739999771118164,21.5,20.739999771118164,20.8799991607666,5400,0.0,0.0
2024-01-18 00:00:00-05:00,20.770000457763672,20.989999771118164,20.5,20.979999542236328,1900,0.0,0.0
2024-01-19 00:00:00-05:00,21.100000381469727,21.5,21.100000381469727,21.1200008392334,4700,0.0,0.0
2024-01-22 00:00:00-05:00,21.280000686645508,22.989999771118164,21.280000686645508,21.510000228881836,10400,0.0,0.0
2024-01-23 00:00:00-05:00,21.31999969482422,21.719999313354492,21.31999969482422,21.700000762939453,3500,0.0,0.0
2024-01-24 00:00:00-05:00,21.420000076293945,21.690000534057617,21.200000762939453,21.350000381469727,9900,0.0,0.0
2024-01-25 00:00:00-05:00,21.3700008392334,22.190000534057617,21.1299991607666,21.549999237060547,5100,0.0,0.0
2024-01-26 00:00:00-05:00,21.34000015258789,21.81999969482422,21.34000015258789,21.520000457763672,6300,0.0,0.0
2024-01-29 00:00:00-05:00,21.549999237060547,22.700000762939453,21.549999237060547,22.5,11500,0.0,0.0
2024-01-30 00:00:00-05:00,22.149999618530273,22.8799991607666,22.149999618530273,22.5,7900,0.0,0.0
2024-01-31 00:00:00-05:00,22.190000534057617,22.8799991607666,21.520000457763672,21.520000457763672,9300,0.0,0.0
2024-02-01 00:00:00-05:00,21.559999465942383,21.989999771118164,21.559999465942383,21.65999984741211,6500,0.0,0.0
2024-02-02 00:00:00-05:00,21.610000610351562,22.200000762939453,21.0,21.440000534057617,15300,0.0,0.0
2024-02-05 00:00:00-05:00,21.079999923706055,21.15999984741211,20.719999313354492,20.719999313354492,4300,0.0,0.0
2024-02-06 00:00:00-05:00,21.0,21.579999923706055,20.389999389648438,20.75,11700,0.0,0.0
2024-02-07 00:00:00-05:00,20.5,21.65999984741211,20.200000762939453,20.75,11000,0.0,0.0
2024-02-08 00:00:00-05:00,20.239999771118164,21.420000076293945,20.239999771118164,21.110000610351562,11600,0.0,0.0
2024-02-09 00:00:00-05:00,20.299999237060547,20.299999237060547,18.5,18.59000015258789,35000,0.0,0.0
2024-02-12 00:00:00-05:00,18.5,18.5,17.770000457763672,17.809999465942383,14100,0.0,0.0
2024-02-13 00:00:00-05:00,17.829999923706055,17.860000610351562,17.649999618530273,17.700000762939453,5100,0.0,0.0
2024-02-14 00:00:00-05:00,17.889999389648438,18.0,17.799999237060547,17.989999771118164,4700,0.0,0.0
2024-02-15 00:00:00-05:00,17.989999771118164,18.360000610351562,17.8799991607666,18.34000015258789,20300,0.0,0.0
2024-02-16 00:00:00-05:00,18.059999465942383,18.690000534057617,17.649999618530273,17.65999984741211,12000,0.0,0.0
2024-02-20 00:00:00-05:00,17.469999313354492,17.489999771118164,16.18000030517578,17.489999771118164,13400,0.0,0.0
2024-02-21 00:00:00-05:00,16.920000076293945,18.200000762939453,16.920000076293945,17.600000381469727,10400,0.0,0.0
2024-02-22 00:00:00-05:00,17.760000228881836,18.209999084472656,17.110000610351562,17.110000610351562,8200,0.0,0.0
2024-02-23 00:00:00-05:00,17.1200008392334,17.18000030517578,16.34000015258789,16.549999237060547,6900,0.0,0.0
2024-02-26 00:00:00-05:00,16.389999389648438,17.6200008392334,16.389999389648438,17.0,12900,0.0,0.0
2024-02-27 00:00:00-05:00,16.889999389648438,17.440000534057617,16.5,16.5,10300,0.0,0.0
2024-02-28 00:00:00-05:00,16.899999618530273,17.34000015258789,16.799999237060547,16.940000534057617,9100,0.0,0.0
2024-02-29 00:00:00-05:00,17.030000686645508,17.100000381469727,17.030000686645508,17.100000381469727,1300,0.0,0.0
2024-03-01 00:00:00-05:00,17.0,17.0,16.809999465942383,16.809999465942383,1100,0.0,0.0
2024-03-04 00:00:00-05:00,17.079999923706055,18.09000015258789,17.049999237060547,17.75,15100,0.0,0.0
2024-03-05 00:00:00-05:00,17.280000686645508,17.700000762939453,16.75,17.3700008392334,9100,0.0,0.0
2024-03-06 00:00:00-05:00,17.190000534057617,17.790000915527344,17.0,17.5,12500,0.0,0.0
2024-03-07 00:00:00-05:00,17.600000381469727,17.639999389648438,17.299999237060547,17.389999389648438,4800,0.0,0.0
2024-03-08 00:00:00-05:00,17.34000015258789,17.510000228881836,17.100000381469727,17.280000686645508,5100,0.0,0.0
2024-03-11 00:00:00-04:00,17.350000381469727,17.56999969482422,17.25,17.399999618530273,4700,0.0,0.0
2024-03-12 00:00:00-04:00,17.600000381469727,17.600000381469727,17.219999313354492,17.329999923706055,6600,0.0,0.0
2024-03-13 00:00:00-04:00,17.25,17.709999084472656,17.25,17.399999618530273,7600,0.0,0.0
2024-03-14 00:00:00-04:00,17.649999618530273,17.649999618530273,17.399999618530273,17.399999618530273,5100,0.0,0.0
2024-03-15 00:00:00-04:00,17.600000381469727,17.600000381469727,17.110000610351562,17.149999618530273,9200,0.0,0.0
2024-03-18 00:00:00-04:00,17.049999237060547,17.549999237060547,17.010000228881836,17.200000762939453,9100,0.0,0.0
2024-03-19 00:00:00-04:00,17.079999923706055,17.450000762939453,16.899999618530273,17.010000228881836,7400,0.0,0.0
2024-03-20 00:00:00-04:00,16.90999984741211,17.34000015258789,16.8700008392334,17.200000762939453,7400,0.0,0.0
2024-03-21 00:00:00-04:00,17.420000076293945,17.84000015258789,17.420000076293945,17.790000915527344,5500,0.0,0.0
2024-03-22 00:00:00-04:00,17.790000915527344,17.790000915527344,17.110000610351562,17.389999389648438,6100,0.0,0.0
2024-03-25 00:00:00-04:00,17.399999618530273,17.399999618530273,17.149999618530273,17.149999618530273,3100,0.0,0.0
2024-03-26 00:00:00-04:00,17.100000381469727,17.299999237060547,17.030000686645508,17.219999313354492,4000,0.0,0.0
2024-03-27 00:00:00-04:00,17.399999618530273,17.639999389648438,17.360000610351562,17.40999984741211,4300,0.0,0.0
2024-03-28 00:00:00-04:00,17.600000381469727,17.709999084472656,17.600000381469727,17.600000381469727,2300,0.0,0.0
2024-04-01 00:00:00-04:00,17.920000076293945,17.920000076293945,17.549999237060547,17.549999237060547,3000,0.0,0.0
2024-04-02 00:00:00-04:00,17.690000534057617,17.799999237060547,17.690000534057617,17.75,5200,0.0,0.0
2024-04-03 00:00:00-04:00,17.8799991607666,18.290000915527344,17.8799991607666,18.25,9000,0.0,0.0
2024-04-04 00:00:00-04:00,18.100000381469727,19.059999465942383,18.100000381469727,18.329999923706055,10200,0.0,0.0
2024-04-05 00:00:00-04:00,18.219999313354492,18.600000381469727,17.950000762939453,17.950000762939453,6400,0.0,0.0
2024-04-08 00:00:00-04:00,18.15999984741211,18.520000457763672,18.0,18.110000610351562,11200,0.0,0.0
2024-04-09 00:00:00-04:00,18.200000762939453,18.350000381469727,17.420000076293945,17.81999969482422,5400,0.0,0.0
2024-04-10 00:00:00-04:00,18.149999618530273,18.149999618530273,17.81999969482422,18.149999618530273,4000,0.0,0.0
2024-04-11 00:00:00-04:00,18.010000228881836,18.399999618530273,17.889999389648438,18.399999618530273,9800,0.0,0.0
2024-04-12 00:00:00-04:00,18.020000457763672,18.170000076293945,17.610000610351562,18.040000915527344,8400,0.0,0.0
2024-04-15 00:00:00-04:00,18.170000076293945,18.969999313354492,18.149999618530273,18.969999313354492,6100,0.0,0.0
2024-04-16 00:00:00-04:00,18.25,18.850000381469727,18.25,18.420000076293945,4500,0.0,0.0
2024-04-17 00:00:00-04:00,18.84000015258789,18.84000015258789,18.25,18.260000228881836,5700,0.0,0.0
2024-04-18 00:00:00-04:00,18.260000228881836,19.200000762939453,18.239999771118164,18.75,6200,0.0,0.0
2024-04-19 00:00:00-04:00,18.510000228881836,19.239999771118164,18.510000228881836,19.0,7300,0.0,0.0
2024-04-22 00:00:00-04:00,18.889999389648438,19.239999771118164,18.540000915527344,18.540000915527344,4700,0.0,0.0
2024-04-23 00:00:00-04:00,18.479999542236328,18.989999771118164,18.450000762939453,18.75,4700,0.0,0.0
2024-04-24 00:00:00-04:00,17.649999618530273,18.760000228881836,17.649999618530273,18.5,4500,0.0,0.0
2024-04-25 00:00:00-04:00,18.399999618530273,18.719999313354492,18.399999618530273,18.459999084472656,5700,0.0,0.0
2024-04-26 00:00:00-04:00,18.510000228881836,18.979999542236328,18.200000762939453,18.68000030517578,6400,0.0,0.0
2024-04-29 00:00:00-04:00,18.399999618530273,18.799999237060547,18.040000915527344,18.399999618530273,5200,0.0,0.0
2024-04-30 00:00:00-04:00,18.799999237060547,18.799999237060547,18.5,18.5,4100,0.0,0.0
2024-05-01 00:00:00-04:00,18.5,18.610000610351562,18.5,18.610000610351562,2300,0.0,0.0
2024-05-02 00:00:00-04:00,18.5,18.5,18.100000381469727,18.219999313354492,4600,0.0,0.0
2024-05-03 00:00:00-04:00,18.34000015258789,18.920000076293945,17.649999618530273,18.25,21400,0.0,0.0
2024-05-06 00:00:00-04:00,18.34000015258789,18.649999618530273,17.649999618530273,17.780000686645508,24700,0.0,0.0
2024-05-07 00:00:00-04:00,18.049999237060547,18.280000686645508,17.799999237060547,17.899999618530273,5900,0.0,0.0
2024-05-08 00:00:00-04:00,18.579999923706055,18.829999923706055,17.90999984741211,18.700000762939453,10600,0.0,0.0
2024-05-09 00:00:00-04:00,18.6200008392334,18.799999237060547,18.450000762939453,18.450000762939453,18600,0.0,0.0
2024-05-10 00:00:00-04:00,18.770000457763672,18.969999313354492,18.489999771118164,18.610000610351562,12100,0.0,0.0
2024-05-13 00:00:00-04:00,18.649999618530273,19.239999771118164,18.649999618530273,18.90999984741211,9100,0.0,0.0
2024-05-14 00:00:00-04:00,18.90999984741211,19.530000686645508,18.90999984741211,19.329999923706055,12700,0.0,0.0
2024-05-15 00:00:00-04:00,19.329999923706055,19.809999465942383,18.950000762939453,19.59000015258789,8400,0.0,0.0
2024-05-16 00:00:00-04:00,19.200000762939453,20.440000534057617,19.200000762939453,19.950000762939453,14400,0.0,0.0
2024-05-17 00:00:00-04:00,19.770000457763672,19.950000762939453,19.420000076293945,19.5,2000,0.0,0.0
2024-05-20 00:00:00-04:00,19.600000381469727,19.600000381469727,19.299999237060547,19.299999237060547,4300,0.0,0.0
2024-05-21 00:00:00-04:00,19.299999237060547,20.0,19.149999618530273,19.149999618530273,5000,0.0,0.0
2024-05-22 00:00:00-04:00,19.3700008392334,19.649999618530273,19.280000686645508,19.649999618530273,6500,0.0,0.0
2024-05-23 00:00:00-04:00,19.3700008392334,19.600000381469727,19.3700008392334,19.520000457763672,3400,0.0,0.0
2024-05-24 00:00:00-04:00,19.56999969482422,19.739999771118164,19.510000228881836,19.739999771118164,2500,0.0,0.0
2024-05-28 00:00:00-04:00,19.739999771118164,20.0,19.25,19.670000076293945,8000,0.0,0.0
2024-05-29 00:00:00-04:00,19.5,19.5,19.049999237060547,19.25,4800,0.0,0.0
2024-05-30 00:00:00-04:00,19.239999771118164,19.989999771118164,19.239999771118164,19.600000381469727,10200,0.0,0.0
2024-05-31 00:00:00-04:00,19.579999923706055,20.049999237060547,19.579999923706055,19.709999084472656,3600,0.0,0.0
2024-06-03 00:00:00-04:00,19.709999084472656,20.010000228881836,19.520000457763672,19.530000686645508,11500,0.0,0.0
2024-06-04 00:00:00-04:00,19.719999313354492,19.8799991607666,19.649999618530273,19.8799991607666,4100,0.0,0.0
2024-06-05 00:00:00-04:00,19.68000030517578,19.90999984741211,19.65999984741211,19.75,5000,0.0,0.0
2024-06-06 00:00:00-04:00,19.68000030517578,19.75,19.15999984741211,19.75,10200,0.0,0.0
2024-06-07 00:00:00-04:00,19.59000015258789,19.75,19.450000762939453,19.479999542236328,4600,0.0,0.0
2024-06-10 00:00:00-04:00,19.450000762939453,19.75,19.450000762939453,19.579999923706055,3900,0.0,0.0
2024-06-11 00:00:00-04:00,19.6299991607666,19.950000762939453,19.6299991607666,19.860000610351562,4800,0.0,0.0
2024-06-12 00:00:00-04:00,19.450000762939453,19.75,19.0,19.700000762939453,4600,0.0,0.0
2024-06-13 00:00:00-04:00,19.100000381469727,19.700000762939453,19.0,19.600000381469727,8100,0.0,0.0
2024-06-14 00:00:00-04:00,19.5,19.5,19.31999969482422,19.31999969482422,1800,0.0,0.0
2024-06-17 00:00:00-04:00,19.389999389648438,19.520000457763672,19.1299991607666,19.299999237060547,5000,0.0,0.0
2024-06-18 00:00:00-04:00,19.1200008392334,19.1200008392334,18.950000762939453,18.950000762939453,3400,0.0,0.0
2024-06-20 00:00:00-04:00,18.899999618530273,18.899999618530273,18.610000610351562,18.790000915527344,1500,0.0,0.0
2024-06-21 00:00:00-04:00,18.93000030517578,18.93000030517578,18.25,18.790000915527344,7200,0.0,0.0
2024-06-24 00:00:00-04:00,18.68000030517578,18.68000030517578,18.25,18.489999771118164,6100,0.0,0.0
2024-06-25 00:00:00-04:00,18.350000381469727,18.600000381469727,18.34000015258789,18.600000381469727,1900,0.0,0.0
2024-06-26 00:00:00-04:00,18.520000457763672,18.889999389648438,18.520000457763672,18.889999389648438,1600,0.0,0.0
2024-06-27 00:00:00-04:00,18.260000228881836,18.899999618530273,18.260000228881836,18.899999618530273,900,0.0,0.0
2024-06-28 00:00:00-04:00,18.5,19.639999389648438,18.399999618530273,19.639999389648438,6200,0.0,0.0
2024-07-01 00:00:00-04:00,18.329999923706055,18.899999618530273,18.299999237060547,18.350000381469727,12300,0.0,0.0
2024-07-02 00:00:00-04:00,18.350000381469727,18.469999313354492,17.93000030517578,17.93000030517578,8200,0.0,0.0
2024-07-03 00:00:00-04:00,17.860000610351562,18.09000015258789,16.84000015258789,17.1299991607666,3900,0.0,0.0
2024-07-05 00:00:00-04:00,17.020000457763672,17.809999465942383,17.020000457763672,17.450000762939453,7300,0.0,0.0
2024-07-08 00:00:00-04:00,17.829999923706055,18.200000762939453,17.700000762939453,17.899999618530273,3500,0.0,0.0
2024-07-09 00:00:00-04:00,17.40999984741211,18.200000762939453,17.200000762939453,17.639999389648438,9000,0.0,0.0
2024-07-10 00:00:00-04:00,18.5,18.5,17.479999542236328,17.93000030517578,6500,0.0,0.0
2024-07-11 00:00:00-04:00,17.75,18.1299991607666,17.34000015258789,17.549999237060547,6200,0.0,0.0
2024-07-12 00:00:00-04:00,17.5,18.229999542236328,17.399999618530273,17.770000457763672,11000,0.0,0.0
2024-07-15 00:00:00-04:00,17.700000762939453,18.809999465942383,17.600000381469727,18.510000228881836,11400,0.0,0.0
2024-07-16 00:00:00-04:00,18.600000381469727,19.6299991607666,18.139999389648438,19.399999618530273,14200,0.0,0.0
2024-07-17 00:00:00-04:00,19.729999542236328,19.959999084472656,18.979999542236328,19.899999618530273,9000,0.0,0.0
2024-07-18 00:00:00-04:00,19.899999618530273,20.299999237060547,19.190000534057617,19.25,12300,0.0,0.0
2024-07-19 00:00:00-04:00,19.309999465942383,20.219999313354492,18.690000534057617,19.600000381469727,6200,0.0,0.0
2024-07-22 00:00:00-04:00,19.329999923706055,19.799999237060547,19.049999237060547,19.049999237060547,5200,0.0,0.0
2024-07-23 00:00:00-04:00,18.809999465942383,19.399999618530273,18.809999465942383,19.399999618530273,1400,0.0,0.0
2024-07-24 00:00:00-04:00,19.219999313354492,19.219999313354492,19.200000762939453,19.219999313354492,800,0.0,0.0
2024-07-25 00:00:00-04:00,19.350000381469727,19.350000381469727,18.610000610351562,19.079999923706055,700,0.0,0.0
2024-07-26 00:00:00-04:00,18.979999542236328,19.43000030517578,18.719999313354492,18.790000915527344,1800,0.0,0.0
2024-07-29 00:00:00-04:00,19.200000762939453,20.06999969482422,18.889999389648438,19.790000915527344,9300,0.0,0.0
2024-07-30 00:00:00-04:00,19.899999618530273,20.6299991607666,19.899999618530273,20.31999969482422,21500,0.0,0.0
2024-07-31 00:00:00-04:00,20.3799991607666,20.700000762939453,20.219999313354492,20.219999313354492,12100,0.0,0.0
2024-08-01 00:00:00-04:00,20.219999313354492,20.450000762939453,20.209999084472656,20.309999465942383,4300,0.0,0.0
2024-08-02 00:00:00-04:00,20.200000762939453,20.200000762939453,19.610000610351562,19.610000610351562,3500,0.0,0.0
2024-08-05 00:00:00-04:00,18.6200008392334,18.6200008392334,17.809999465942383,17.940000534057617,15400,0.0,0.0
2024-08-06 00:00:00-04:00,18.479999542236328,20.100000381469727,18.479999542236328,19.170000076293945,8500,0.0,0.0
2024-08-07 00:00:00-04:00,19.010000228881836,19.459999084472656,19.010000228881836,19.219999313354492,5800,0.0,0.0
2024-08-08 00:00:00-04:00,20.049999237060547,20.049999237060547,19.059999465942383,19.639999389648438,4600,0.0,0.0
2024-08-09 00:00:00-04:00,19.579999923706055,19.940000534057617,19.31999969482422,19.31999969482422,3800,0.0,0.0
2024-08-12 00:00:00-04:00,19.5,19.5,18.81999969482422,18.81999969482422,6400,0.0,0.0
2024-08-13 00:00:00-04:00,18.75,19.0,18.649999618530273,18.649999618530273,2100,0.0,0.0
2024-08-14 00:00:00-04:00,18.299999237060547,18.670000076293945,18.299999237060547,18.670000076293945,1000,0.0,0.0
2024-08-15 00:00:00-04:00,19.0,20.0,19.0,19.420000076293945,6200,0.0,0.0
2024-08-16 00:00:00-04:00,19.639999389648438,19.75,19.639999389648438,19.75,3300,0.0,0.0
2024-08-19 00:00:00-04:00,19.75,19.979999542236328,19.75,19.979999542236328,4800,0.0,0.0
2024-08-20 00:00:00-04:00,19.68000030517578,20.049999237060547,19.450000762939453,19.950000762939453,2700,0.0,0.0
2024-08-21 00:00:00-04:00,19.799999237060547,21.200000762939453,19.799999237060547,20.520000457763672,29800,0.0,0.0
2024-08-22 00:00:00-04:00,20.989999771118164,20.989999771118164,20.079999923706055,20.700000762939453,6900,0.0,0.0
2024-08-23 00:00:00-04:00,20.81999969482422,21.040000915527344,20.700000762939453,20.950000762939453,9300,0.0,0.0
2024-08-26 00:00:00-04:00,20.829999923706055,21.739999771118164,20.329999923706055,21.200000762939453,6100,0.0,0.0
2024-08-27 00:00:00-04:00,21.0,22.790000915527344,21.0,21.6299991607666,11900,0.0,0.0
2024-08-28 00:00:00-04:00,21.700000762939453,22.280000686645508,21.649999618530273,21.979999542236328,6400,0.0,0.0
2024-08-29 00:00:00-04:00,22.040000915527344,24.739999771118164,22.040000915527344,23.1200008392334,17900,0.0,0.0
2024-08-30 00:00:00-04:00,23.1200008392334,24.489999771118164,22.81999969482422,23.329999923706055,12300,0.0,0.0
2024-09-03 00:00:00-04:00,23.06999969482422,23.06999969482422,22.329999923706055,22.329999923706055,14200,0.0,0.0
2024-09-04 00:00:00-04:00,22.170000076293945,23.299999237060547,21.610000610351562,22.100000381469727,33300,0.0,0.0
2024-09-05 00:00:00-04:00,21.700000762939453,22.5,21.200000762939453,22.260000228881836,35500,0.0,0.0
2024-09-06 00:00:00-04:00,22.5,23.90999984741211,22.0,23.280000686645508,26500,0.0,0.0
2024-09-09 00:00:00-04:00,23.510000228881836,27.600000381469727,23.450000762939453,26.489999771118164,35700,0.0,0.0
2024-09-10 00:00:00-04:00,26.690000534057617,27.5,26.670000076293945,27.040000915527344,16400,0.0,0.0
2024-09-11 00:00:00-04:00,27.6200008392334,27.6200008392334,25.459999084472656,25.709999084472656,26700,0.0,0.0
2024-09-12 00:00:00-04:00,26.09000015258789,27.15999984741211,26.09000015258789,26.100000381469727,11900,0.0,0.0
2024-09-13 00:00:00-04:00,26.110000610351562,28.0,26.110000610351562,26.690000534057617,25300,0.0,0.0
2024-09-16 00:00:00-04:00,27.219999313354492,29.989999771118164,27.219999313354492,28.389999389648438,59900,0.0,0.0
2024-09-17 00:00:00-04:00,29.329999923706055,29.389999389648438,23.68000030517578,24.75,63800,0.0,0.0
2024-09-18 00:00:00-04:00,25.600000381469727,27.209999084472656,25.010000228881836,25.5,42700,0.0,0.0
2024-09-19 00:00:00-04:00,25.530000686645508,27.889999389648438,25.520000457763672,27.6200008392334,12900,0.0,0.0
2024-09-20 00:00:00-04:00,27.809999465942383,28.770000457763672,26.670000076293945,26.709999084472656,22100,0.0,0.0
2024-09-23 00:00:00-04:00,26.829999923706055,28.899999618530273,26.520000457763672,28.049999237060547,38900,0.0,0.0
2024-09-24 00:00:00-04:00,27.739999771118164,28.5,26.3799991607666,26.600000381469727,30100,0.0,0.0
2024-09-25 00:00:00-04:00,26.600000381469727,28.299999237060547,26.600000381469727,28.299999237060547,26200,0.0,0.0
2024-09-26 00:00:00-04:00,28.020000457763672,29.290000915527344,27.059999465942383,27.520000457763672,24900,0.0,0.0
2024-09-27 00:00:00-04:00,27.719999313354492,28.729999542236328,27.34000015258789,27.34000015258789,28700,0.0,0.0
2024-09-30 00:00:00-04:00,27.350000381469727,29.850000381469727,27.350000381469727,29.850000381469727,40200,0.0,0.0
2024-10-01 00:00:00-04:00,29.850000381469727,31.950000762939453,29.850000381469727,31.34000015258789,42500,0.0,0.0
2024-10-02 00:00:00-04:00,30.969999313354492,34.040000915527344,30.56999969482422,30.760000228881836,60700,0.0,0.0
2024-10-03 00:00:00-04:00,30.770000457763672,31.530000686645508,29.979999542236328,30.739999771118164,21700,0.0,0.0
2024-10-04 00:00:00-04:00,30.81999969482422,33.0,30.770000457763672,31.040000915527344,30100,0.0,0.0
2024-10-07 00:00:00-04:00,30.8799991607666,30.8799991607666,27.920000076293945,28.010000228881836,16300,0.0,0.0
2024-10-08 00:00:00-04:00,28.100000381469727,28.670000076293945,27.06999969482422,27.68000030517578,16600,0.0,0.0
2024-10-09 00:00:00-04:00,28.020000457763672,29.350000381469727,28.020000457763672,29.25,11300,0.0,0.0
2024-10-10 00:00:00-04:00,29.219999313354492,29.350000381469727,27.68000030517578,29.139999389648438,14500,0.0,0.0
2024-10-11 00:00:00-04:00,29.549999237060547,29.549999237060547,28.6200008392334,29.389999389648438,14500,0.0,0.0
2024-10-14 00:00:00-04:00,28.899999618530273,28.979999542236328,27.989999771118164,27.989999771118164,18900,0.0,0.0
2024-10-15 00:00:00-04:00,28.020000457763672,28.700000762939453,27.68000030517578,28.100000381469727,10200,0.0,0.0
2024-10-16 00:00:00-04:00,28.350000381469727,28.969999313354492,28.18000030517578,28.350000381469727,9300,0.0,0.0
2024-10-17 00:00:00-04:00,28.219999313354492,28.219999313354492,27.450000762939453,28.049999237060547,9800,0.0,0.0
2024-10-18 00:00:00-04:00,27.940000534057617,27.940000534057617,26.299999237060547,26.950000762939453,10300,0.0,0.0
2024-10-21 00:00:00-04:00,27.209999084472656,28.440000534057617,26.280000686645508,28.440000534057617,19600,0.0,0.0
2024-10-22 00:00:00-04:00,28.010000228881836,28.440000534057617,27.770000457763672,28.440000534057617,9500,0.0,0.0
2024-10-23 00:00:00-04:00,28.299999237060547,28.299999237060547,27.3700008392334,27.3700008392334,6100,0.0,0.0
2024-10-24 00:00:00-04:00,27.18000030517578,28.489999771118164,26.760000228881836,28.489999771118164,13600,0.0,0.0
2024-10-25 00:00:00-04:00,28.100000381469727,29.600000381469727,28.100000381469727,29.06999969482422,9400,0.0,0.0
2024-10-28 00:00:00-04:00,28.93000030517578,30.649999618530273,28.860000610351562,30.209999084472656,15800,0.0,0.0
2024-10-29 00:00:00-04:00,30.209999084472656,30.649999618530273,29.8700008392334,30.209999084472656,8600,0.0,0.0
2024-10-30 00:00:00-04:00,30.0,30.850000381469727,30.0,30.5,8000,0.0,0.0
2024-10-31 00:00:00-04:00,30.450000762939453,31.780000686645508,29.959999084472656,31.020000457763672,35900,0.0,0.0
2024-11-01 00:00:00-04:00,42.25,46.5,34.79999923706055,36.939998626708984,449200,0.0,0.0
2024-11-04 00:00:00-05:00,37.5099983215332,41.869998931884766,37.15999984741211,40.630001068115234,84700,0.0,0.0
2024-11-05 00:00:00-05:00,41.0,41.970001220703125,39.599998474121094,41.209999084472656,51100,0.0,0.0
2024-11-06 00:00:00-05:00,41.959999084472656,43.04999923706055,40.4900016784668,43.04999923706055,45400,0.0,0.0
2024-11-07 00:00:00-05:00,41.349998474121094,41.90999984741211,40.02000045776367,41.099998474121094,21900,0.0,0.0
2024-11-08 00:00:00-05:00,41.08000183105469,43.7400016784668,41.08000183105469,42.68000030517578,14800,0.0,0.0
2024-11-11 00:00:00-05:00,44.650001525878906,49.939998626708984,43.220001220703125,47.34000015258789,62100,0.0,0.0
2024-11-12 00:00:00-05:00,46.77000045776367,49.97999954223633,45.099998474121094,49.54999923706055,56000,0.0,0.0
2024-11-13 00:00:00-05:00,49.099998474121094,49.099998474121094,46.81999969482422,46.959999084472656,38500,0.0,0.0
2024-11-14 00:00:00-05:00,46.7599983215332,48.4900016784668,45.779998779296875,47.810001373291016,66600,0.0,0.0
2024-11-15 00:00:00-05:00,47.459999084472656,48.970001220703125,45.70000076293945,46.11000061035156,20600,0.0,0.0
2024-11-18 00:00:00-05:00,46.060001373291016,46.060001373291016,41.38999938964844,41.959999084472656,45500,0.0,0.0
2024-11-19 00:00:00-05:00,41.959999084472656,46.11000061035156,41.7599983215332,45.209999084472656,21800,0.0,0.0
2024-11-20 00:00:00-05:00,44.91999816894531,47.630001068115234,44.91999816894531,47.630001068115234,18000,0.0,0.0
2024-11-21 00:00:00-05:00,47.02000045776367,47.02000045776367,42.06999969482422,42.33000183105469,39800,0.0,0.0
2024-11-22 00:00:00-05:00,43.31999969482422,47.0,43.189998626708984,46.75,21900,0.0,0.0
2024-11-25 00:00:00-05:00,46.560001373291016,49.02000045776367,45.25,49.0,37200,0.0,0.0
2024-11-26 00:00:00-05:00,48.529998779296875,50.400001525878906,47.18000030517578,50.25,50600,0.0,0.0
2024-11-27 00:00:00-05:00,50.36000061035156,51.97999954223633,49.04999923706055,50.9900016784668,56600,0.0,0.0
2024-11-29 00:00:00-05:00,50.9900016784668,51.939998626708984,48.81999969482422,51.0,25600,0.0,0.0
2024-12-02 00:00:00-05:00,50.68000030517578,51.08000183105469,48.0099983215332,49.0099983215332,58200,0.0,0.0
2024-12-03 00:00:00-05:00,49.38999938964844,54.0099983215332,45.91999816894531,53.81999969482422,69900,0.0,0.0
2024-12-04 00:00:00-05:00,53.209999084472656,54.2400016784668,50.5,50.70000076293945,55800,0.0,0.0
2024-12-05 00:00:00-05:00,51.65999984741211,54.349998474121094,51.34000015258789,53.790000915527344,44800,0.0,0.0
2024-12-06 00:00:00-05:00,52.58000183105469,54.84000015258789,50.5,53.77000045776367,47000,0.0,0.0
2024-12-09 00:00:00-05:00,53.58000183105469,53.58000183105469,45.959999084472656,47.31999969482422,53100,0.0,0.0
2024-12-10 00:00:00-05:00,48.90999984741211,50.56999969482422,47.650001525878906,49.70000076293945,27100,0.0,0.0
2024-12-11 00:00:00-05:00,49.869998931884766,49.869998931884766,46.849998474121094,48.189998626708984,11200,0.0,0.0
2024-12-12 00:00:00-05:00,48.41999816894531,50.22999954223633,48.41999816894531,49.7599983215332,18312,0.0,0.0
