Date,Open,High,Low,Close,Volume,Dividends,Stock Splits
2022-01-03 00:00:00-05:00,26.43000030517578,26.65999984741211,26.43000030517578,26.65999984741211,400,0.0,0.0
2022-01-04 00:00:00-05:00,26.540000915527344,26.709999084472656,26.540000915527344,26.709999084472656,2200,0.0,0.0
2022-01-05 00:00:00-05:00,26.3700008392334,26.3700008392334,26.06999969482422,26.079999923706055,3300,0.0,0.0
2022-01-06 00:00:00-05:00,26.520000457763672,26.520000457763672,25.760000228881836,26.030000686645508,4300,0.0,0.0
2022-01-07 00:00:00-05:00,25.670000076293945,25.889999389648438,24.350000381469727,25.450000762939453,27800,0.0,0.0
2022-01-10 00:00:00-05:00,25.770000457763672,25.799999237060547,25.59000015258789,25.75,6700,0.0,0.0
2022-01-11 00:00:00-05:00,25.780000686645508,26.479999542236328,25.780000686645508,26.440000534057617,3300,0.0,0.0
2022-01-12 00:00:00-05:00,26.579999923706055,26.809999465942383,26.530000686645508,26.709999084472656,4000,0.0,0.0
2022-01-13 00:00:00-05:00,26.450000762939453,26.479999542236328,26.049999237060547,26.049999237060547,5400,0.0,0.0
2022-01-14 00:00:00-05:00,25.979999542236328,25.979999542236328,24.8799991607666,24.979999542236328,10300,0.0,0.0
2022-01-18 00:00:00-05:00,24.360000610351562,24.479999542236328,23.3700008392334,23.850000381469727,9100,0.0,0.0
2022-01-19 00:00:00-05:00,24.15999984741211,24.510000228881836,24.15999984741211,24.280000686645508,10400,0.0,0.0
2022-01-20 00:00:00-05:00,24.239999771118164,24.729999542236328,24.010000228881836,24.010000228881836,5000,0.0,0.0
2022-01-21 00:00:00-05:00,24.170000076293945,24.18000030517578,23.229999542236328,23.549999237060547,6600,0.0,0.0
2022-01-24 00:00:00-05:00,22.950000762939453,23.40999984741211,20.690000534057617,21.690000534057617,26800,0.0,0.0
2022-01-25 00:00:00-05:00,21.520000457763672,22.260000228881836,21.280000686645508,22.260000228881836,10700,0.0,0.0
2022-01-26 00:00:00-05:00,22.6200008392334,22.8799991607666,22.170000076293945,22.549999237060547,13100,0.0,0.0
2022-01-27 00:00:00-05:00,22.899999618530273,23.110000610351562,22.860000610351562,23.049999237060547,9300,0.0,0.0
2022-01-28 00:00:00-05:00,23.25,23.25,22.719999313354492,23.229999542236328,10700,0.0,0.0
2022-01-31 00:00:00-05:00,23.290000915527344,23.850000381469727,23.290000915527344,23.850000381469727,3400,0.0,0.0
2022-02-01 00:00:00-05:00,24.059999465942383,24.139999389648438,23.59000015258789,24.06999969482422,4200,0.0,0.0
2022-02-02 00:00:00-05:00,24.290000915527344,24.290000915527344,24.020000457763672,24.030000686645508,6100,0.0,0.0
2022-02-03 00:00:00-05:00,23.59000015258789,24.139999389648438,23.59000015258789,23.889999389648438,9200,0.0,0.0
2022-02-04 00:00:00-05:00,24.010000228881836,24.049999237060547,23.920000076293945,24.010000228881836,9600,0.0,0.0
2022-02-07 00:00:00-05:00,23.760000228881836,24.18000030517578,23.760000228881836,24.18000030517578,4500,0.0,0.0
2022-02-08 00:00:00-05:00,24.219999313354492,24.579999923706055,23.90999984741211,24.239999771118164,5200,0.0,0.0
2022-02-09 00:00:00-05:00,24.68000030517578,24.899999618530273,24.68000030517578,24.899999618530273,3100,0.0,0.0
2022-02-10 00:00:00-05:00,24.899999618530273,25.079999923706055,24.8799991607666,24.8799991607666,8300,0.0,0.0
2022-02-11 00:00:00-05:00,24.700000762939453,24.729999542236328,23.889999389648438,24.200000762939453,10400,0.0,0.0
2022-02-14 00:00:00-05:00,24.3700008392334,24.829999923706055,24.299999237060547,24.829999923706055,7600,0.0,0.0
2022-02-15 00:00:00-05:00,25.100000381469727,25.360000610351562,25.09000015258789,25.09000015258789,5800,0.0,0.0
2022-02-16 00:00:00-05:00,25.0,25.0,25.0,25.0,1800,0.0,0.0
2022-02-17 00:00:00-05:00,24.639999389648438,24.639999389648438,24.18000030517578,24.5,8300,0.0,0.0
2022-02-18 00:00:00-05:00,24.100000381469727,24.459999084472656,23.940000534057617,24.0,5800,0.0,0.0
2022-02-22 00:00:00-05:00,22.670000076293945,22.920000076293945,22.049999237060547,22.809999465942383,10900,0.0,0.0
2022-02-23 00:00:00-05:00,22.59000015258789,22.59000015258789,21.6200008392334,21.690000534057617,7300,0.0,0.0
2022-02-24 00:00:00-05:00,18.700000762939453,19.209999084472656,18.190000534057617,18.190000534057617,58700,0.0,0.0
2022-02-25 00:00:00-05:00,18.670000076293945,19.260000228881836,18.670000076293945,18.75,12400,0.0,0.0
2022-02-28 00:00:00-05:00,17.399999618530273,17.399999618530273,14.800000190734863,14.949999809265137,56100,0.0,0.0
2022-03-01 00:00:00-05:00,14.100000381469727,14.100000381469727,10.800000190734863,10.850000381469727,85400,0.0,0.0
2022-03-02 00:00:00-05:00,10.170000076293945,10.170000076293945,8.739999771118164,8.890000343322754,230400,0.0,0.0
2022-03-03 00:00:00-05:00,9.039999961853027,9.850000381469727,7.659999847412109,7.670000076293945,179600,0.0,0.0
2022-03-04 00:00:00-05:00,7.849999904632568,8.130000114440918,7.760000228881836,7.760000228881836,216400,0.0,0.0
2022-03-07 00:00:00-05:00,7.739999771118164,8.050000190734863,7.409999847412109,7.420000076293945,247700,0.0,0.0
2022-03-08 00:00:00-05:00,7.599999904632568,7.75,7.150000095367432,7.429999828338623,233200,0.0,0.0
2022-03-09 00:00:00-05:00,7.71999979019165,8.180000305175781,7.599999904632568,7.659999847412109,320800,0.0,0.0
2022-03-10 00:00:00-05:00,7.78000020980835,7.949999809265137,7.340000152587891,7.489999771118164,223200,0.0,0.0
2022-03-11 00:00:00-05:00,7.590000152587891,7.690000057220459,7.179999828338623,7.53000020980835,156600,0.0,0.0
2022-03-14 00:00:00-04:00,7.650000095367432,8.140000343322754,7.349999904632568,7.710000038146973,147800,0.0,0.0
2022-03-15 00:00:00-04:00,7.5,7.5,7.289999961853027,7.429999828338623,136900,0.0,0.0
2022-03-16 00:00:00-04:00,7.590000152587891,9.220000267028809,7.590000152587891,8.6899995803833,528700,0.0,0.0
2022-03-17 00:00:00-04:00,8.579999923706055,8.75,7.960000038146973,8.699999809265137,439100,0.0,0.0
2022-03-18 00:00:00-04:00,8.710000038146973,9.649999618530273,8.710000038146973,9.649999618530273,130600,0.0,0.0
2022-03-21 00:00:00-04:00,9.800000190734863,10.149999618530273,9.539999961853027,9.649999618530273,81100,0.0,0.0
2022-03-22 00:00:00-04:00,9.65999984741211,10.319999694824219,9.5,9.789999961853027,147900,0.0,0.0
2022-03-23 00:00:00-04:00,9.6899995803833,9.850000381469727,9.350000381469727,9.5600004196167,76500,0.0,0.0
2022-03-24 00:00:00-04:00,10.210000038146973,10.3100004196167,9.8100004196167,10.050000190734863,109000,0.0,0.0
2022-03-25 00:00:00-04:00,10.149999618530273,10.760000228881836,9.869999885559082,10.329999923706055,128900,0.0,0.0
2022-03-28 00:00:00-04:00,10.420000076293945,10.619999885559082,9.8100004196167,10.479999542236328,125000,0.0,0.0
2022-03-29 00:00:00-04:00,11.649999618530273,11.930000305175781,10.960000038146973,11.800000190734863,381600,0.0,0.0
2022-03-30 00:00:00-04:00,11.90999984741211,13.75,11.90999984741211,13.289999961853027,287100,0.0,0.0
2022-03-31 00:00:00-04:00,13.569999694824219,14.149999618530273,13.010000228881836,13.390000343322754,194300,0.0,0.0
2022-04-01 00:00:00-04:00,13.930000305175781,14.5,12.0,14.369999885559082,204400,0.0,0.0
2022-04-04 00:00:00-04:00,14.5,14.510000228881836,13.729999542236328,14.039999961853027,78000,0.0,0.0
2022-04-05 00:00:00-04:00,13.569999694824219,13.699999809265137,12.199999809265137,12.619999885559082,195600,0.0,0.0
2022-04-06 00:00:00-04:00,12.0,12.350000381469727,10.9399995803833,11.600000381469727,130200,0.0,0.0
2022-04-07 00:00:00-04:00,11.5600004196167,11.75,10.8100004196167,11.569999694824219,52200,0.0,0.0
2022-04-08 00:00:00-04:00,11.600000381469727,12.890000343322754,11.5,12.149999618530273,59600,0.0,0.0
2022-04-11 00:00:00-04:00,11.899999618530273,12.34000015258789,11.3100004196167,11.890000343322754,99100,0.0,0.0
2022-04-12 00:00:00-04:00,12.15999984741211,12.289999961853027,11.90999984741211,12.1899995803833,78500,0.0,0.0
2022-04-13 00:00:00-04:00,12.119999885559082,13.100000381469727,12.119999885559082,12.699999809265137,144200,0.0,0.0
2022-04-14 00:00:00-04:00,12.5,12.760000228881836,12.300000190734863,12.539999961853027,136100,0.0,0.0
2022-04-18 00:00:00-04:00,12.180000305175781,12.479999542236328,11.770000457763672,11.880000114440918,153600,0.0,0.0
2022-04-19 00:00:00-04:00,11.800000190734863,11.920000076293945,11.0,11.170000076293945,89800,0.0,0.0
2022-04-20 00:00:00-04:00,11.199999809265137,11.600000381469727,10.800000190734863,10.869999885559082,60100,0.0,0.0
2022-04-21 00:00:00-04:00,10.970000267028809,11.569999694824219,10.0,10.050000190734863,68400,0.0,0.0
2022-04-22 00:00:00-04:00,10.199999809265137,10.59000015258789,9.40999984741211,9.9399995803833,159500,0.0,0.0
2022-04-25 00:00:00-04:00,9.84000015258789,10.350000381469727,9.569999694824219,9.979999542236328,59200,0.0,0.0
2022-04-26 00:00:00-04:00,9.8100004196167,10.100000381469727,9.75,9.850000381469727,61000,0.0,0.0
2022-04-27 00:00:00-04:00,9.770000457763672,10.600000381469727,9.770000457763672,10.300000190734863,13100,0.0,0.0
2022-04-28 00:00:00-04:00,10.40999984741211,11.789999961853027,10.40999984741211,11.510000228881836,36400,0.0,0.0
2022-04-29 00:00:00-04:00,11.5,11.600000381469727,11.050000190734863,11.40999984741211,24300,0.0,0.0
2022-05-02 00:00:00-04:00,11.180000305175781,11.300000190734863,10.510000228881836,11.050000190734863,16300,0.0,0.0
2022-05-03 00:00:00-04:00,11.050000190734863,11.050000190734863,10.25,10.329999923706055,23500,0.0,0.0
2022-05-04 00:00:00-04:00,10.460000038146973,10.460000038146973,9.850000381469727,10.180000305175781,44100,0.0,0.0
2022-05-05 00:00:00-04:00,10.0,10.449999809265137,9.979999542236328,10.449999809265137,33100,0.0,0.0
2022-05-06 00:00:00-04:00,10.329999923706055,10.329999923706055,10.050000190734863,10.180000305175781,2400,0.0,0.0
2022-05-09 00:00:00-04:00,10.0,10.180000305175781,9.5,9.5,31800,0.0,0.0
2022-05-10 00:00:00-04:00,9.819999694824219,9.819999694824219,9.59000015258789,9.800000190734863,17100,0.0,0.0
2022-05-11 00:00:00-04:00,9.680000305175781,9.800000190734863,9.5,9.510000228881836,16500,0.0,0.0
2022-05-12 00:00:00-04:00,9.5,9.640000343322754,9.390000343322754,9.529999732971191,4900,0.0,0.0
2022-05-13 00:00:00-04:00,9.65999984741211,9.729999542236328,9.539999961853027,9.680000305175781,7100,0.0,0.0
2022-05-16 00:00:00-04:00,9.649999618530273,9.75,9.649999618530273,9.65999984741211,10400,0.0,0.0
2022-05-17 00:00:00-04:00,10.010000228881836,10.5,10.010000228881836,10.399999618530273,56100,0.0,0.0
2022-05-18 00:00:00-04:00,10.369999885559082,10.5,10.289999961853027,10.449999809265137,35300,0.0,0.0
2022-05-19 00:00:00-04:00,10.479999542236328,10.770000457763672,10.09000015258789,10.609999656677246,43800,0.0,0.0
2022-05-20 00:00:00-04:00,10.699999809265137,10.699999809265137,10.460000038146973,10.59000015258789,6500,0.0,0.0
2022-05-23 00:00:00-04:00,10.4399995803833,10.800000190734863,10.300000190734863,10.5,26900,0.0,0.0
2022-05-24 00:00:00-04:00,10.449999809265137,10.569999694824219,10.15999984741211,10.430000305175781,30100,0.0,0.0
2022-05-25 00:00:00-04:00,10.3100004196167,10.550000190734863,9.930000305175781,10.489999771118164,68900,0.0,0.0
2022-05-26 00:00:00-04:00,10.5,10.5,10.199999809265137,10.319999694824219,90700,0.0,0.0
2022-05-27 00:00:00-04:00,10.300000190734863,10.789999961853027,10.300000190734863,10.479999542236328,13300,0.0,0.0
2022-05-31 00:00:00-04:00,10.5,10.75,10.180000305175781,10.670000076293945,24000,0.0,0.0
2022-06-01 00:00:00-04:00,10.729999542236328,11.149999618530273,10.5,10.510000228881836,14300,0.0,0.0
2022-06-02 00:00:00-04:00,10.699999809265137,11.520000457763672,10.649999618530273,11.09000015258789,70200,0.0,0.0
2022-06-03 00:00:00-04:00,11.029999732971191,11.369999885559082,11.029999732971191,11.100000381469727,19100,0.0,0.0
2022-06-06 00:00:00-04:00,11.100000381469727,11.289999961853027,10.84000015258789,10.84000015258789,28300,0.0,0.0
2022-06-07 00:00:00-04:00,10.84000015258789,11.149999618530273,10.34000015258789,10.989999771118164,60600,0.0,0.0
2022-06-08 00:00:00-04:00,10.899999618530273,11.140000343322754,10.720000267028809,10.949999809265137,5100,0.0,0.0
2022-06-09 00:00:00-04:00,10.779999732971191,10.850000381469727,10.699999809265137,10.699999809265137,15100,0.0,0.0
2022-06-10 00:00:00-04:00,10.430000305175781,11.079999923706055,10.40999984741211,10.40999984741211,63900,0.0,0.0
2022-06-13 00:00:00-04:00,10.140000343322754,10.180000305175781,10.0,10.0,20000,0.0,0.0
2022-06-14 00:00:00-04:00,10.119999885559082,10.449999809265137,10.109999656677246,10.300000190734863,4200,0.0,0.0
2022-06-15 00:00:00-04:00,10.40999984741211,10.40999984741211,9.8100004196167,9.949999809265137,21000,0.0,0.0
2022-06-16 00:00:00-04:00,10.039999961853027,10.289999961853027,9.510000228881836,9.510000228881836,44300,0.0,0.0
2022-06-17 00:00:00-04:00,9.670000076293945,10.600000381469727,9.529999732971191,10.199999809265137,70200,0.0,0.0
2022-06-21 00:00:00-04:00,10.069999694824219,10.149999618530273,9.210000038146973,10.149999618530273,17700,0.0,0.0
2022-06-22 00:00:00-04:00,10.020000457763672,10.279999732971191,9.850000381469727,9.949999809265137,23100,0.0,0.0
2022-06-23 00:00:00-04:00,10.029999732971191,10.130000114440918,9.25,9.260000228881836,36200,0.0,0.0
2022-06-24 00:00:00-04:00,9.369999885559082,9.720000267028809,9.359999656677246,9.720000267028809,27200,0.0,0.0
2022-06-27 00:00:00-04:00,9.850000381469727,9.979999542236328,9.510000228881836,9.630000114440918,40200,0.0,0.0
2022-06-28 00:00:00-04:00,9.869999885559082,9.869999885559082,9.510000228881836,9.619999885559082,7200,0.0,0.0
2022-06-29 00:00:00-04:00,9.699999809265137,10.020000457763672,9.600000381469727,9.800000190734863,23900,0.0,0.0
2022-06-30 00:00:00-04:00,9.899999618530273,10.350000381469727,9.75,9.960000038146973,341500,0.0,0.0
2022-07-01 00:00:00-04:00,10.149999618530273,10.260000228881836,9.979999542236328,10.0600004196167,16300,0.0,0.0
2022-07-05 00:00:00-04:00,10.0,10.1899995803833,9.8100004196167,10.029999732971191,12100,0.0,0.0
2022-07-06 00:00:00-04:00,9.899999618530273,9.920000076293945,9.800000190734863,9.800000190734863,4900,0.0,0.0
2022-07-07 00:00:00-04:00,10.09000015258789,10.09000015258789,9.84000015258789,9.890000343322754,4500,0.0,0.0
2022-07-08 00:00:00-04:00,10.069999694824219,10.069999694824219,9.9399995803833,9.989999771118164,9600,0.0,0.0
2022-07-11 00:00:00-04:00,9.949999809265137,10.050000190734863,9.8100004196167,9.890000343322754,9200,0.0,0.0
2022-07-12 00:00:00-04:00,9.800000190734863,10.0,9.800000190734863,10.0,400,0.0,0.0
2022-07-13 00:00:00-04:00,10.029999732971191,10.100000381469727,9.899999618530273,9.899999618530273,17100,0.0,0.0
2022-07-14 00:00:00-04:00,9.739999771118164,9.829999923706055,9.739999771118164,9.829999923706055,3900,0.0,0.0
2022-07-15 00:00:00-04:00,9.770000457763672,10.180000305175781,9.770000457763672,9.90999984741211,16500,0.0,0.0
2022-07-18 00:00:00-04:00,10.130000114440918,10.300000190734863,9.920000076293945,10.220000267028809,89400,0.0,0.0
2022-07-19 00:00:00-04:00,10.399999618530273,10.449999809265137,10.1899995803833,10.260000228881836,46300,0.0,0.0
2022-07-20 00:00:00-04:00,10.149999618530273,10.350000381469727,10.149999618530273,10.149999618530273,8700,0.0,0.0
2022-07-21 00:00:00-04:00,10.170000076293945,10.300000190734863,10.079999923706055,10.170000076293945,8000,0.0,0.0
2022-07-22 00:00:00-04:00,10.460000038146973,10.5,10.210000038146973,10.210000038146973,2700,0.0,0.0
2022-07-25 00:00:00-04:00,10.100000381469727,10.369999885559082,10.100000381469727,10.140000343322754,29600,0.0,0.0
2022-07-26 00:00:00-04:00,10.100000381469727,10.199999809265137,10.0600004196167,10.199999809265137,6200,0.0,0.0
2022-07-27 00:00:00-04:00,10.199999809265137,10.199999809265137,10.0,10.0,8300,0.0,0.0
2022-07-28 00:00:00-04:00,10.050000190734863,10.100000381469727,9.920000076293945,9.960000038146973,11200,0.0,0.0
2022-07-29 00:00:00-04:00,9.899999618530273,10.0,9.869999885559082,10.0,5800,0.0,0.0
2022-08-01 00:00:00-04:00,9.899999618530273,9.899999618530273,9.720000267028809,9.729999542236328,8900,0.0,0.0
2022-08-02 00:00:00-04:00,9.859999656677246,9.890000343322754,9.479999542236328,9.680000305175781,14500,0.0,0.0
2022-08-03 00:00:00-04:00,9.720000267028809,9.720000267028809,9.630000114440918,9.699999809265137,2000,0.0,0.0
2022-08-04 00:00:00-04:00,9.739999771118164,9.739999771118164,9.649999618530273,9.649999618530273,4900,0.0,0.0
2022-08-05 00:00:00-04:00,9.680000305175781,9.710000038146973,9.630000114440918,9.640000343322754,8900,0.0,0.0
2022-08-08 00:00:00-04:00,9.670000076293945,9.800000190734863,9.600000381469727,9.630000114440918,4700,0.0,0.0
2022-08-09 00:00:00-04:00,9.729999542236328,9.729999542236328,9.4399995803833,9.5600004196167,1100,0.0,0.0
2022-08-10 00:00:00-04:00,9.5600004196167,9.579999923706055,9.399999618530273,9.4399995803833,22000,0.0,0.0
2022-08-11 00:00:00-04:00,9.579999923706055,10.479999542236328,9.40999984741211,9.40999984741211,16400,0.0,0.0
2022-08-12 00:00:00-04:00,9.600000381469727,9.600000381469727,9.260000228881836,9.260000228881836,22100,0.0,0.0
2022-08-15 00:00:00-04:00,9.130000114440918,9.369999885559082,9.130000114440918,9.270000457763672,3400,0.0,0.0
2022-08-16 00:00:00-04:00,9.220000267028809,9.279999732971191,8.90999984741211,9.149999618530273,19100,0.0,0.0
2022-08-17 00:00:00-04:00,9.149999618530273,9.289999961853027,8.90999984741211,8.90999984741211,17600,0.0,0.0
2022-08-18 00:00:00-04:00,8.800000190734863,9.029999732971191,8.5,9.0,15000,0.0,0.0
2022-08-19 00:00:00-04:00,9.0600004196167,9.0600004196167,8.520000457763672,8.5600004196167,8600,0.0,0.0
2022-08-22 00:00:00-04:00,8.5,8.710000038146973,8.5,8.5,31700,0.0,0.0
2022-08-23 00:00:00-04:00,8.640000343322754,8.800000190734863,8.4399995803833,8.449999809265137,24000,0.0,0.0
2022-08-24 00:00:00-04:00,8.449999809265137,8.579999923706055,8.220000267028809,8.579999923706055,14300,0.0,0.0
2022-08-25 00:00:00-04:00,8.600000381469727,8.6899995803833,8.40999984741211,8.579999923706055,6400,0.0,0.0
2022-08-26 00:00:00-04:00,8.420000076293945,8.550000190734863,8.420000076293945,8.4399995803833,13400,0.0,0.0
2022-08-29 00:00:00-04:00,8.5,8.539999961853027,8.399999618530273,8.420000076293945,13000,0.0,0.0
2022-08-30 00:00:00-04:00,8.4399995803833,8.449999809265137,8.399999618530273,8.399999618530273,1600,0.0,0.0
2022-08-31 00:00:00-04:00,8.399999618530273,8.399999618530273,8.229999542236328,8.34000015258789,11000,0.0,0.0
2022-09-01 00:00:00-04:00,8.399999618530273,8.420000076293945,8.319999694824219,8.350000381469727,22800,0.0,0.0
2022-09-02 00:00:00-04:00,8.260000228881836,8.390000343322754,8.1899995803833,8.390000343322754,40300,0.0,0.0
2022-09-06 00:00:00-04:00,8.390000343322754,8.390000343322754,8.029999732971191,8.069999694824219,23400,0.0,0.0
2022-09-07 00:00:00-04:00,8.020000457763672,8.199999809265137,8.010000228881836,8.119999885559082,21500,0.0,0.0
2022-09-08 00:00:00-04:00,8.09000015258789,8.220000267028809,8.079999923706055,8.079999923706055,15400,0.0,0.0
2022-09-09 00:00:00-04:00,8.239999771118164,8.239999771118164,8.039999961853027,8.0600004196167,25100,0.0,0.0
2022-09-12 00:00:00-04:00,8.069999694824219,8.319999694824219,8.069999694824219,8.210000038146973,60400,0.0,0.0
2022-09-13 00:00:00-04:00,8.170000076293945,8.380000114440918,8.170000076293945,8.34000015258789,3400,0.0,0.0
2022-09-14 00:00:00-04:00,8.350000381469727,8.359999656677246,8.279999732971191,8.279999732971191,1900,0.0,0.0
2022-09-15 00:00:00-04:00,8.25,8.359999656677246,8.0,8.260000228881836,42400,0.0,0.0
2022-09-16 00:00:00-04:00,8.149999618530273,8.489999771118164,8.149999618530273,8.350000381469727,15000,0.0,0.0
2022-09-19 00:00:00-04:00,8.3100004196167,8.40999984741211,8.130000114440918,8.399999618530273,4900,0.0,0.0
2022-09-20 00:00:00-04:00,8.289999961853027,8.289999961853027,7.949999809265137,7.989999771118164,35100,0.0,0.0
2022-09-21 00:00:00-04:00,7.949999809265137,8.079999923706055,7.71999979019165,7.75,39400,0.0,0.0
2022-09-22 00:00:00-04:00,7.739999771118164,7.849999904632568,7.630000114440918,7.650000095367432,11600,0.0,0.0
2022-09-23 00:00:00-04:00,7.71999979019165,7.71999979019165,7.46999979019165,7.599999904632568,27300,0.0,0.0
2022-09-26 00:00:00-04:00,7.5,7.550000190734863,7.380000114440918,7.440000057220459,14300,0.0,0.0
2022-09-27 00:00:00-04:00,7.440000057220459,7.480000019073486,7.349999904632568,7.409999847412109,7100,0.0,0.0
2022-09-28 00:00:00-04:00,7.349999904632568,7.400000095367432,7.25,7.289999961853027,69000,0.0,0.0
2022-09-29 00:00:00-04:00,7.309999942779541,7.329999923706055,7.179999828338623,7.190000057220459,14700,0.0,0.0
2022-09-30 00:00:00-04:00,7.179999828338623,7.300000190734863,6.340000152587891,6.610000133514404,154900,0.0,0.0
2022-10-03 00:00:00-04:00,6.650000095367432,6.920000076293945,6.53000020980835,6.599999904632568,34400,0.0,0.0
2022-10-04 00:00:00-04:00,6.650000095367432,6.860000133514404,6.559999942779541,6.570000171661377,37900,0.0,0.0
2022-10-05 00:00:00-04:00,6.550000190734863,6.619999885559082,6.480000019073486,6.480000019073486,23300,0.0,0.0
2022-10-06 00:00:00-04:00,6.46999979019165,6.699999809265137,6.46999979019165,6.619999885559082,15800,0.0,0.0
2022-10-07 00:00:00-04:00,6.599999904632568,6.599999904632568,6.309999942779541,6.380000114440918,29800,0.0,0.0
2022-10-10 00:00:00-04:00,6.340000152587891,6.619999885559082,6.340000152587891,6.340000152587891,4400,0.0,0.0
2022-10-11 00:00:00-04:00,6.21999979019165,6.360000133514404,6.21999979019165,6.300000190734863,20900,0.0,0.0
2022-10-12 00:00:00-04:00,6.289999961853027,6.309999942779541,6.170000076293945,6.21999979019165,33000,0.0,0.0
2022-10-13 00:00:00-04:00,6.300000190734863,6.300000190734863,6.119999885559082,6.199999809265137,60300,0.0,0.0
2022-10-14 00:00:00-04:00,6.130000114440918,6.179999828338623,6.099999904632568,6.099999904632568,15600,0.0,0.0
2022-10-17 00:00:00-04:00,6.199999809265137,6.25,6.130000114440918,6.190000057220459,60100,0.0,0.0
2022-10-18 00:00:00-04:00,6.239999771118164,6.239999771118164,6.130000114440918,6.170000076293945,61300,0.0,0.0
2022-10-19 00:00:00-04:00,6.199999809265137,6.239999771118164,6.190000057220459,6.230000019073486,13700,0.0,0.0
2022-10-20 00:00:00-04:00,6.21999979019165,6.650000095367432,6.21999979019165,6.349999904632568,12800,0.0,0.0
2022-10-21 00:00:00-04:00,6.349999904632568,6.699999809265137,6.349999904632568,6.550000190734863,7300,0.0,0.0
2022-10-24 00:00:00-04:00,6.550000190734863,6.800000190734863,6.400000095367432,6.800000190734863,12200,0.0,0.0
2022-10-25 00:00:00-04:00,6.800000190734863,7.050000190734863,6.659999847412109,6.690000057220459,60000,0.0,0.0
2022-10-26 00:00:00-04:00,6.809999942779541,6.900000095367432,6.789999961853027,6.900000095367432,17100,0.0,0.0
2022-10-27 00:00:00-04:00,6.940000057220459,7.059999942779541,6.820000171661377,6.949999809265137,61900,0.0,0.0
2022-10-28 00:00:00-04:00,6.949999809265137,6.96999979019165,6.809999942779541,6.900000095367432,259500,0.0,0.0
2022-10-31 00:00:00-04:00,6.809999942779541,7.099999904632568,6.699999809265137,7.050000190734863,345500,0.0,0.0
2022-11-01 00:00:00-04:00,7.139999866485596,7.150000095367432,6.800000190734863,6.889999866485596,36500,0.0,0.0
2022-11-02 00:00:00-04:00,6.920000076293945,7.050000190734863,6.800000190734863,6.800000190734863,22200,0.0,0.0
2022-11-03 00:00:00-04:00,6.900000095367432,6.949999809265137,6.679999828338623,6.78000020980835,27300,0.0,0.0
2022-11-04 00:00:00-04:00,6.840000152587891,7.139999866485596,6.840000152587891,7.050000190734863,19900,0.0,0.0
2022-11-07 00:00:00-05:00,7.210000038146973,7.210000038146973,7.03000020980835,7.03000020980835,20900,0.0,0.0
2022-11-08 00:00:00-05:00,7.079999923706055,7.210000038146973,6.909999847412109,6.949999809265137,54500,0.0,0.0
2022-11-09 00:00:00-05:00,6.940000057220459,7.119999885559082,6.940000057220459,7.099999904632568,90400,0.0,0.0
2022-11-10 00:00:00-05:00,7.230000019073486,7.369999885559082,7.059999942779541,7.300000190734863,213400,0.0,0.0
2022-11-11 00:00:00-05:00,7.380000114440918,7.449999809265137,7.110000133514404,7.199999809265137,174700,0.0,0.0
2022-11-14 00:00:00-05:00,7.199999809265137,7.25,7.079999923706055,7.099999904632568,32600,0.0,0.0
2022-11-15 00:00:00-05:00,7.190000057220459,7.550000190734863,7.190000057220459,7.449999809265137,36800,0.0,0.0
2022-11-16 00:00:00-05:00,7.489999771118164,7.900000095367432,7.489999771118164,7.619999885559082,34800,0.0,0.0
2022-11-17 00:00:00-05:00,7.590000152587891,8.210000038146973,7.590000152587891,8.170000076293945,43800,0.0,0.0
2022-11-18 00:00:00-05:00,8.119999885559082,8.140000343322754,7.5,7.800000190734863,38100,0.0,0.0
2022-11-21 00:00:00-05:00,7.630000114440918,8.0,7.519999980926514,7.710000038146973,79900,0.0,0.0
2022-11-22 00:00:00-05:00,7.650000095367432,7.769999980926514,7.46999979019165,7.46999979019165,74300,0.0,0.0
2022-11-23 00:00:00-05:00,7.46999979019165,7.789999961853027,7.46999979019165,7.739999771118164,15700,0.0,0.0
2022-11-25 00:00:00-05:00,7.710000038146973,7.940000057220459,7.710000038146973,7.760000228881836,7700,0.0,0.0
2022-11-28 00:00:00-05:00,7.570000171661377,7.820000171661377,7.539999961853027,7.610000133514404,31700,0.0,0.0
2022-11-29 00:00:00-05:00,7.71999979019165,7.71999979019165,7.550000190734863,7.659999847412109,44500,0.0,0.0
2022-11-30 00:00:00-05:00,7.659999847412109,7.75,7.380000114440918,7.730000019073486,80900,0.0,0.0
2022-12-01 00:00:00-05:00,7.559999942779541,7.980000019073486,7.559999942779541,7.860000133514404,23700,0.0,0.0
2022-12-02 00:00:00-05:00,7.829999923706055,8.020000457763672,7.829999923706055,8.020000457763672,33200,0.0,0.0
2022-12-05 00:00:00-05:00,8.0,8.380000114440918,7.96999979019165,8.220000267028809,46300,0.0,0.0
2022-12-06 00:00:00-05:00,8.199999809265137,8.199999809265137,7.96999979019165,8.0600004196167,15200,0.0,0.0
2022-12-07 00:00:00-05:00,8.069999694824219,8.199999809265137,7.769999980926514,7.929999828338623,31500,0.0,0.0
2022-12-08 00:00:00-05:00,7.940000057220459,8.069999694824219,7.829999923706055,8.0,26400,0.0,0.0
2022-12-09 00:00:00-05:00,7.96999979019165,8.289999961853027,7.96999979019165,8.149999618530273,30100,0.0,0.0
2022-12-12 00:00:00-05:00,8.149999618530273,8.279999732971191,8.100000381469727,8.279999732971191,14400,0.0,0.0
2022-12-13 00:00:00-05:00,8.300000190734863,8.399999618530273,8.260000228881836,8.34000015258789,13000,0.0,0.0
2022-12-14 00:00:00-05:00,8.279999732971191,8.550000190734863,8.270000457763672,8.550000190734863,32100,0.0,0.0
2022-12-15 00:00:00-05:00,8.5,8.600000381469727,8.399999618530273,8.550000190734863,15400,0.0,0.0
2022-12-16 00:00:00-05:00,8.460000038146973,8.630000114440918,8.399999618530273,8.489999771118164,11800,0.0,0.0
2022-12-19 00:00:00-05:00,8.399999618530273,8.479999542236328,8.380000114440918,8.380000114440918,42100,0.0,0.0
2022-12-20 00:00:00-05:00,8.399999618530273,8.619999885559082,8.300000190734863,8.40999984741211,34800,0.0,0.0
2022-12-21 00:00:00-05:00,8.4399995803833,8.619999885559082,8.4399995803833,8.479999542236328,20600,0.0,0.0
2022-12-22 00:00:00-05:00,8.539999961853027,8.949999809265137,8.399999618530273,8.479999542236328,20600,0.0,0.0
2022-12-23 00:00:00-05:00,8.579999923706055,8.59000015258789,8.399999618530273,8.399999618530273,18400,0.0,0.0
2022-12-27 00:00:00-05:00,8.449999809265137,8.649999618530273,8.319999694824219,8.380000114440918,31100,0.0,0.0
2022-12-28 00:00:00-05:00,8.399999618530273,8.649999618530273,8.34000015258789,8.369999885559082,20500,0.0,0.0
2022-12-29 00:00:00-05:00,8.300000190734863,8.59000015258789,8.0600004196167,8.25,48300,0.0,0.0
2022-12-30 00:00:00-05:00,8.34000015258789,8.510000228881836,8.210000038146973,8.260000228881836,35500,0.0,0.0
2023-01-03 00:00:00-05:00,8.239999771118164,8.579999923706055,8.0,8.399999618530273,48600,0.0,0.0
2023-01-04 00:00:00-05:00,8.420000076293945,8.800000190734863,8.420000076293945,8.739999771118164,47400,0.0,0.0
2023-01-05 00:00:00-05:00,8.84000015258789,8.899999618530273,8.75,8.84000015258789,52800,0.0,0.0
2023-01-06 00:00:00-05:00,8.850000381469727,8.890000343322754,8.829999923706055,8.84000015258789,16000,0.0,0.0
2023-01-09 00:00:00-05:00,8.899999618530273,8.899999618530273,8.850000381469727,8.890000343322754,12200,0.0,0.0
2023-01-10 00:00:00-05:00,8.970000267028809,9.020000457763672,8.850000381469727,8.899999618530273,36200,0.0,0.0
2023-01-11 00:00:00-05:00,8.899999618530273,8.9399995803833,8.859999656677246,8.9399995803833,6800,0.0,0.0
2023-01-12 00:00:00-05:00,9.010000228881836,9.029999732971191,8.899999618530273,8.949999809265137,12500,0.0,0.0
2023-01-13 00:00:00-05:00,9.0,9.050000190734863,8.899999618530273,9.029999732971191,33000,0.0,0.0
2023-01-17 00:00:00-05:00,9.050000190734863,9.210000038146973,9.050000190734863,9.210000038146973,16000,0.0,0.0
2023-01-18 00:00:00-05:00,9.199999809265137,9.220000267028809,9.1899995803833,9.210000038146973,7900,0.0,0.0
2023-01-19 00:00:00-05:00,9.220000267028809,9.25,9.0600004196167,9.100000381469727,19200,0.0,0.0
2023-01-20 00:00:00-05:00,9.050000190734863,9.229999542236328,9.050000190734863,9.15999984741211,19300,0.0,0.0
2023-01-23 00:00:00-05:00,9.1899995803833,9.300000190734863,9.1899995803833,9.199999809265137,9200,0.0,0.0
2023-01-24 00:00:00-05:00,9.210000038146973,9.279999732971191,9.199999809265137,9.229999542236328,16100,0.0,0.0
2023-01-25 00:00:00-05:00,9.220000267028809,9.239999771118164,9.109999656677246,9.109999656677246,18900,0.0,0.0
2023-01-26 00:00:00-05:00,9.199999809265137,9.199999809265137,8.789999961853027,9.09000015258789,67400,0.0,0.0
2023-01-27 00:00:00-05:00,9.100000381469727,9.25,8.920000076293945,9.149999618530273,35500,0.0,0.0
2023-01-30 00:00:00-05:00,9.149999618530273,9.149999618530273,8.880000114440918,9.050000190734863,28900,0.0,0.0
2023-01-31 00:00:00-05:00,9.239999771118164,10.029999732971191,9.199999809265137,9.75,94000,0.0,0.0
2023-02-01 00:00:00-05:00,9.699999809265137,9.850000381469727,9.199999809265137,9.550000190734863,55700,0.0,0.0
2023-02-02 00:00:00-05:00,9.529999732971191,9.65999984741211,9.369999885559082,9.460000038146973,25500,0.0,0.0
2023-02-03 00:00:00-05:00,9.449999809265137,9.5600004196167,9.149999618530273,9.3100004196167,36700,0.0,0.0
2023-02-06 00:00:00-05:00,9.40999984741211,9.579999923706055,9.15999984741211,9.25,25300,0.0,0.0
2023-02-07 00:00:00-05:00,9.25,9.40999984741211,9.25,9.390000343322754,6900,0.0,0.0
2023-02-08 00:00:00-05:00,9.380000114440918,9.390000343322754,9.3100004196167,9.380000114440918,3600,0.0,0.0
2023-02-09 00:00:00-05:00,9.399999618530273,9.399999618530273,9.220000267028809,9.279999732971191,10800,0.0,0.0
2023-02-10 00:00:00-05:00,9.220000267028809,9.279999732971191,9.199999809265137,9.279999732971191,3900,0.0,0.0
2023-02-13 00:00:00-05:00,9.319999694824219,9.319999694824219,9.210000038146973,9.25,6900,0.0,0.0
2023-02-14 00:00:00-05:00,9.25,9.329999923706055,8.930000305175781,9.260000228881836,44600,0.0,0.0
2023-02-15 00:00:00-05:00,9.279999732971191,9.279999732971191,9.140000343322754,9.199999809265137,7500,0.0,0.0
2023-02-16 00:00:00-05:00,9.100000381469727,9.210000038146973,9.100000381469727,9.170000076293945,26900,0.0,0.0
2023-02-17 00:00:00-05:00,9.140000343322754,9.399999618530273,9.09000015258789,9.199999809265137,12100,0.0,0.0
2023-02-21 00:00:00-05:00,9.199999809265137,9.300000190734863,9.100000381469727,9.229999542236328,6700,0.0,0.0
2023-02-22 00:00:00-05:00,9.149999618530273,9.220000267028809,9.149999618530273,9.210000038146973,1600,0.0,0.0
2023-02-23 00:00:00-05:00,9.220000267028809,9.34000015258789,8.800000190734863,9.199999809265137,10400,0.0,0.0
2023-02-24 00:00:00-05:00,9.199999809265137,9.350000381469727,9.050000190734863,9.350000381469727,12800,0.0,0.0
2023-02-27 00:00:00-05:00,9.350000381469727,9.350000381469727,9.350000381469727,9.350000381469727,0,0.0,0.0
2023-02-28 00:00:00-05:00,9.25,9.380000114440918,9.109999656677246,9.199999809265137,20800,0.0,0.0
2023-03-01 00:00:00-05:00,9.199999809265137,9.289999961853027,9.039999961853027,9.210000038146973,6700,0.0,0.0
2023-03-02 00:00:00-05:00,9.199999809265137,9.25,9.15999984741211,9.199999809265137,8300,0.0,0.0
2023-03-03 00:00:00-05:00,9.199999809265137,9.289999961853027,9.050000190734863,9.180000305175781,5500,0.0,0.0
2023-03-06 00:00:00-05:00,9.199999809265137,9.289999961853027,9.100000381469727,9.229999542236328,3800,0.0,0.0
2023-03-07 00:00:00-05:00,9.25,9.270000457763672,9.15999984741211,9.220000267028809,7400,0.0,0.0
2023-03-08 00:00:00-05:00,9.199999809265137,9.239999771118164,9.199999809265137,9.210000038146973,3100,0.0,0.0
2023-03-09 00:00:00-05:00,9.1899995803833,9.289999961853027,8.899999618530273,8.899999618530273,14100,0.0,0.0
2023-03-10 00:00:00-05:00,8.819999694824219,9.050000190734863,8.819999694824219,8.880000114440918,10200,0.0,0.0
2023-03-13 00:00:00-04:00,8.75,8.880000114440918,8.010000228881836,8.350000381469727,69000,0.0,0.0
2023-03-14 00:00:00-04:00,8.15999984741211,8.699999809265137,8.15999984741211,8.6899995803833,22200,0.0,0.0
2023-03-15 00:00:00-04:00,8.630000114440918,8.630000114440918,8.229999542236328,8.5,19200,0.0,0.0
2023-03-16 00:00:00-04:00,8.199999809265137,8.25,8.0,8.149999618530273,9100,0.0,0.0
2023-03-17 00:00:00-04:00,8.149999618530273,8.260000228881836,7.309999942779541,8.0600004196167,37000,0.0,0.0
2023-03-20 00:00:00-04:00,7.96999979019165,7.989999771118164,7.800000190734863,7.980000019073486,10400,0.0,0.0
2023-03-21 00:00:00-04:00,8.050000190734863,8.09000015258789,7.889999866485596,7.949999809265137,3500,0.0,0.0
2023-03-22 00:00:00-04:00,8.010000228881836,8.010000228881836,7.949999809265137,7.980000019073486,5800,0.0,0.0
2023-03-23 00:00:00-04:00,7.949999809265137,8.140000343322754,7.949999809265137,8.0,7000,0.0,0.0
2023-03-24 00:00:00-04:00,8.0,8.180000305175781,8.0,8.119999885559082,8500,0.0,0.0
2023-03-27 00:00:00-04:00,8.010000228881836,8.09000015258789,8.0,8.0,5000,0.0,0.0
2023-03-28 00:00:00-04:00,8.0,8.0600004196167,7.800000190734863,7.900000095367432,10000,0.0,0.0
2023-03-29 00:00:00-04:00,7.949999809265137,8.359999656677246,7.900000095367432,8.140000343322754,15200,0.0,0.0
2023-03-30 00:00:00-04:00,8.079999923706055,8.34000015258789,8.079999923706055,8.210000038146973,4700,0.0,0.0
2023-03-31 00:00:00-04:00,8.279999732971191,8.420000076293945,8.029999732971191,8.079999923706055,9000,0.0,0.0
2023-04-03 00:00:00-04:00,8.170000076293945,8.479999542236328,8.100000381469727,8.479999542236328,5100,0.0,0.0
2023-04-04 00:00:00-04:00,8.489999771118164,8.600000381469727,8.260000228881836,8.319999694824219,9800,0.0,0.0
2023-04-05 00:00:00-04:00,8.699999809265137,8.699999809265137,8.34000015258789,8.390000343322754,5900,0.0,0.0
2023-04-06 00:00:00-04:00,8.289999961853027,8.5600004196167,8.289999961853027,8.40999984741211,2500,0.0,0.0
2023-04-10 00:00:00-04:00,8.329999923706055,8.640000343322754,8.329999923706055,8.369999885559082,4300,0.0,0.0
2023-04-11 00:00:00-04:00,8.380000114440918,8.6899995803833,8.380000114440918,8.449999809265137,12800,0.0,0.0
2023-04-12 00:00:00-04:00,8.4399995803833,8.600000381469727,8.350000381469727,8.550000190734863,4500,0.0,0.0
2023-04-13 00:00:00-04:00,8.59000015258789,8.6899995803833,8.350000381469727,8.579999923706055,4600,0.0,0.0
2023-04-14 00:00:00-04:00,8.640000343322754,8.699999809265137,8.380000114440918,8.569999694824219,4700,0.0,0.0
2023-04-17 00:00:00-04:00,8.510000228881836,8.680000305175781,8.489999771118164,8.579999923706055,4500,0.0,0.0
2023-04-18 00:00:00-04:00,8.569999694824219,8.699999809265137,8.569999694824219,8.569999694824219,6500,0.0,0.0
2023-04-19 00:00:00-04:00,8.630000114440918,8.640000343322754,8.300000190734863,8.350000381469727,6000,0.0,0.0
2023-04-20 00:00:00-04:00,8.520000457763672,8.649999618530273,8.220000267028809,8.229999542236328,9200,0.0,0.0
2023-04-21 00:00:00-04:00,8.25,8.40999984741211,8.199999809265137,8.25,11000,0.0,0.0
2023-04-24 00:00:00-04:00,8.300000190734863,8.300000190734863,8.09000015258789,8.260000228881836,6800,0.0,0.0
2023-04-25 00:00:00-04:00,8.279999732971191,8.289999961853027,8.0600004196167,8.289999961853027,8600,0.0,0.0
2023-04-26 00:00:00-04:00,8.25,8.25,7.809999942779541,8.119999885559082,12400,0.0,0.0
2023-04-27 00:00:00-04:00,8.180000305175781,8.180000305175781,8.100000381469727,8.180000305175781,11900,0.0,0.0
2023-04-28 00:00:00-04:00,8.15999984741211,8.199999809265137,8.109999656677246,8.119999885559082,5400,0.0,0.0
2023-05-01 00:00:00-04:00,8.119999885559082,8.430000305175781,8.119999885559082,8.289999961853027,12000,0.0,0.0
2023-05-02 00:00:00-04:00,8.279999732971191,8.5,8.119999885559082,8.5,2300,0.0,0.0
2023-05-03 00:00:00-04:00,8.220000267028809,8.449999809265137,8.220000267028809,8.289999961853027,7100,0.0,0.0
2023-05-04 00:00:00-04:00,8.329999923706055,8.489999771118164,8.149999618530273,8.25,11800,0.0,0.0
2023-05-05 00:00:00-04:00,8.25,8.380000114440918,8.149999618530273,8.34000015258789,5000,0.0,0.0
2023-05-08 00:00:00-04:00,8.170000076293945,8.520000457763672,8.170000076293945,8.350000381469727,7500,0.0,0.0
2023-05-09 00:00:00-04:00,8.0600004196167,8.460000038146973,8.0600004196167,8.34000015258789,9700,0.0,0.0
2023-05-10 00:00:00-04:00,8.220000267028809,8.34000015258789,8.220000267028809,8.300000190734863,5000,0.0,0.0
2023-05-11 00:00:00-04:00,8.260000228881836,8.600000381469727,8.260000228881836,8.5,4500,0.0,0.0
2023-05-12 00:00:00-04:00,8.449999809265137,8.5,8.239999771118164,8.34000015258789,4600,0.0,0.0
2023-05-15 00:00:00-04:00,8.369999885559082,8.479999542236328,8.350000381469727,8.420000076293945,1300,0.0,0.0
2023-05-16 00:00:00-04:00,8.350000381469727,8.470000267028809,8.350000381469727,8.399999618530273,900,0.0,0.0
2023-05-17 00:00:00-04:00,8.350000381469727,8.399999618530273,8.119999885559082,8.220000267028809,14500,0.0,0.0
2023-05-18 00:00:00-04:00,8.210000038146973,8.229999542236328,8.15999984741211,8.229999542236328,1600,0.0,0.0
2023-05-19 00:00:00-04:00,8.1899995803833,8.300000190734863,8.1899995803833,8.300000190734863,400,0.0,0.0
2023-05-22 00:00:00-04:00,8.239999771118164,8.470000267028809,8.119999885559082,8.1899995803833,14900,0.0,0.0
2023-05-23 00:00:00-04:00,8.25,8.270000457763672,8.1899995803833,8.1899995803833,5300,0.0,0.0
2023-05-24 00:00:00-04:00,8.199999809265137,8.430000305175781,8.199999809265137,8.350000381469727,8600,0.0,0.0
2023-05-25 00:00:00-04:00,8.239999771118164,8.300000190734863,8.119999885559082,8.199999809265137,22700,0.0,0.0
2023-05-26 00:00:00-04:00,8.180000305175781,8.199999809265137,8.149999618530273,8.149999618530273,3500,0.0,0.0
2023-05-30 00:00:00-04:00,8.1899995803833,8.199999809265137,8.119999885559082,8.119999885559082,16500,0.0,0.0
2023-05-31 00:00:00-04:00,8.119999885559082,8.199999809265137,8.119999885559082,8.170000076293945,11200,0.0,0.0
2023-06-01 00:00:00-04:00,8.15999984741211,8.15999984741211,8.119999885559082,8.119999885559082,1800,0.0,0.0
2023-06-02 00:00:00-04:00,8.199999809265137,8.529999732971191,8.170000076293945,8.529999732971191,31300,0.0,0.0
2023-06-05 00:00:00-04:00,8.539999961853027,8.539999961853027,8.3100004196167,8.3100004196167,7700,0.0,0.0
2023-06-06 00:00:00-04:00,8.1899995803833,8.399999618530273,8.1899995803833,8.350000381469727,3400,0.0,0.0
2023-06-07 00:00:00-04:00,8.350000381469727,8.550000190734863,8.1899995803833,8.550000190734863,15500,0.0,0.0
2023-06-08 00:00:00-04:00,8.5,8.640000343322754,8.5,8.609999656677246,7000,0.0,0.0
2023-06-09 00:00:00-04:00,8.420000076293945,8.59000015258789,8.390000343322754,8.430000305175781,3500,0.0,0.0
2023-06-12 00:00:00-04:00,8.430000305175781,8.5600004196167,8.350000381469727,8.380000114440918,30900,0.0,0.0
2023-06-13 00:00:00-04:00,8.520000457763672,8.550000190734863,8.430000305175781,8.550000190734863,4100,0.0,0.0
2023-06-14 00:00:00-04:00,8.420000076293945,8.550000190734863,8.40999984741211,8.539999961853027,8300,0.0,0.0
2023-06-15 00:00:00-04:00,8.5,8.75,8.460000038146973,8.609999656677246,12900,0.0,0.0
2023-06-16 00:00:00-04:00,8.729999542236328,8.899999618530273,8.609999656677246,8.84000015258789,5500,0.0,0.0
2023-06-20 00:00:00-04:00,8.899999618530273,9.199999809265137,8.640000343322754,9.050000190734863,7700,0.0,0.0
2023-06-21 00:00:00-04:00,9.0,9.020000457763672,8.819999694824219,8.869999885559082,9300,0.0,0.0
2023-06-22 00:00:00-04:00,8.920000076293945,9.0,8.65999984741211,8.989999771118164,19200,0.0,0.0
2023-06-23 00:00:00-04:00,8.90999984741211,10.319999694824219,8.90999984741211,9.380000114440918,58300,0.0,0.0
2023-06-26 00:00:00-04:00,9.359999656677246,9.680000305175781,9.1899995803833,9.399999618530273,14900,0.0,0.0
2023-06-27 00:00:00-04:00,9.430000305175781,9.430000305175781,9.130000114440918,9.199999809265137,8700,0.0,0.0
2023-06-28 00:00:00-04:00,9.199999809265137,9.260000228881836,9.15999984741211,9.260000228881836,4800,0.0,0.0
2023-06-29 00:00:00-04:00,9.1899995803833,9.279999732971191,9.020000457763672,9.210000038146973,10800,0.0,0.0
2023-06-30 00:00:00-04:00,9.239999771118164,9.239999771118164,8.979999542236328,9.0600004196167,7200,0.0,0.0
2023-07-03 00:00:00-04:00,9.020000457763672,9.1899995803833,9.020000457763672,9.170000076293945,7200,0.0,0.0
2023-07-05 00:00:00-04:00,9.149999618530273,9.180000305175781,9.020000457763672,9.050000190734863,8000,0.0,0.0
2023-07-06 00:00:00-04:00,9.0600004196167,9.359999656677246,9.0600004196167,9.359999656677246,9200,0.0,0.0
2023-07-07 00:00:00-04:00,9.140000343322754,9.25,9.140000343322754,9.25,3900,0.0,0.0
2023-07-10 00:00:00-04:00,9.239999771118164,9.359999656677246,9.1899995803833,9.210000038146973,9500,0.0,0.0
2023-07-11 00:00:00-04:00,9.329999923706055,9.329999923706055,9.210000038146973,9.239999771118164,2500,0.0,0.0
2023-07-12 00:00:00-04:00,9.079999923706055,9.369999885559082,9.079999923706055,9.359999656677246,15600,0.0,0.0
2023-07-13 00:00:00-04:00,9.380000114440918,9.779999732971191,9.15999984741211,9.220000267028809,24300,0.0,0.0
2023-07-14 00:00:00-04:00,9.220000267028809,9.289999961853027,8.979999542236328,8.979999542236328,142700,0.0,0.0
2023-07-17 00:00:00-04:00,9.09000015258789,9.09000015258789,8.819999694824219,8.84000015258789,44100,0.0,0.0
2023-07-18 00:00:00-04:00,8.960000038146973,9.1899995803833,8.890000343322754,8.899999618530273,68700,0.0,0.0
2023-07-19 00:00:00-04:00,9.319999694824219,9.319999694824219,8.989999771118164,9.199999809265137,24800,0.0,0.0
2023-07-20 00:00:00-04:00,9.270000457763672,9.3100004196167,8.859999656677246,8.979999542236328,66700,0.0,0.0
2023-07-21 00:00:00-04:00,9.079999923706055,9.199999809265137,8.859999656677246,9.0,12500,0.0,0.0
2023-07-24 00:00:00-04:00,9.0,9.319999694824219,8.949999809265137,9.210000038146973,9200,0.0,0.0
2023-07-25 00:00:00-04:00,9.199999809265137,9.199999809265137,9.050000190734863,9.050000190734863,10400,0.0,0.0
2023-07-26 00:00:00-04:00,9.069999694824219,9.1899995803833,9.029999732971191,9.0600004196167,3600,0.0,0.0
2023-07-27 00:00:00-04:00,9.130000114440918,9.350000381469727,9.130000114440918,9.300000190734863,22500,0.0,0.0
2023-07-28 00:00:00-04:00,9.319999694824219,9.520000457763672,9.140000343322754,9.199999809265137,50600,0.0,0.0
2023-07-31 00:00:00-04:00,9.539999961853027,9.539999961853027,9.239999771118164,9.40999984741211,15300,0.0,0.0
2023-08-01 00:00:00-04:00,9.449999809265137,9.489999771118164,9.210000038146973,9.390000343322754,12000,0.0,0.0
2023-08-02 00:00:00-04:00,9.229999542236328,9.470000267028809,9.229999542236328,9.470000267028809,2600,0.0,0.0
2023-08-03 00:00:00-04:00,9.319999694824219,9.449999809265137,9.199999809265137,9.3100004196167,18200,0.0,0.0
2023-08-04 00:00:00-04:00,9.270000457763672,9.399999618530273,9.199999809265137,9.289999961853027,8900,0.0,0.0
2023-08-07 00:00:00-04:00,9.40999984741211,9.430000305175781,9.199999809265137,9.199999809265137,7900,0.0,0.0
2023-08-08 00:00:00-04:00,9.1899995803833,9.34000015258789,9.1899995803833,9.300000190734863,6300,0.0,0.0
2023-08-09 00:00:00-04:00,9.279999732971191,9.350000381469727,9.199999809265137,9.300000190734863,7200,0.0,0.0
2023-08-10 00:00:00-04:00,9.260000228881836,9.329999923706055,9.199999809265137,9.199999809265137,3300,0.0,0.0
2023-08-11 00:00:00-04:00,9.220000267028809,9.369999885559082,9.199999809265137,9.199999809265137,13700,0.0,0.0
2023-08-14 00:00:00-04:00,9.199999809265137,9.359999656677246,9.199999809265137,9.210000038146973,4700,0.0,0.0
2023-08-15 00:00:00-04:00,9.210000038146973,9.239999771118164,8.800000190734863,9.010000228881836,13500,0.0,0.0
2023-08-16 00:00:00-04:00,9.020000457763672,9.300000190734863,9.010000228881836,9.109999656677246,6400,0.0,0.0
2023-08-17 00:00:00-04:00,9.100000381469727,9.319999694824219,9.100000381469727,9.100000381469727,14700,0.0,0.0
2023-08-18 00:00:00-04:00,9.100000381469727,9.260000228881836,9.100000381469727,9.1899995803833,20800,0.0,0.0
2023-08-21 00:00:00-04:00,9.079999923706055,9.289999961853027,8.979999542236328,9.199999809265137,6600,0.0,0.0
2023-08-22 00:00:00-04:00,9.149999618530273,9.149999618530273,8.819999694824219,8.84000015258789,33500,0.0,0.0
2023-08-23 00:00:00-04:00,9.09000015258789,9.09000015258789,8.989999771118164,8.989999771118164,2100,0.0,0.0
2023-08-24 00:00:00-04:00,9.0,9.359999656677246,9.0,9.020000457763672,17100,0.0,0.0
2023-08-25 00:00:00-04:00,8.949999809265137,9.050000190734863,8.880000114440918,9.050000190734863,9900,0.0,0.0
2023-08-28 00:00:00-04:00,9.029999732971191,9.130000114440918,8.920000076293945,8.920000076293945,33600,0.0,0.0
2023-08-29 00:00:00-04:00,9.0,9.279999732971191,8.819999694824219,8.979999542236328,30600,0.0,0.0
2023-08-30 00:00:00-04:00,9.130000114440918,9.140000343322754,8.720000267028809,8.869999885559082,20600,0.0,0.0
2023-08-31 00:00:00-04:00,8.880000114440918,9.100000381469727,8.770000457763672,8.880000114440918,17800,0.0,0.0
2023-09-01 00:00:00-04:00,8.859999656677246,9.130000114440918,8.819999694824219,9.119999885559082,7500,0.0,0.0
2023-09-05 00:00:00-04:00,8.9399995803833,9.170000076293945,8.850000381469727,8.850000381469727,4000,0.0,0.0
2023-09-06 00:00:00-04:00,8.850000381469727,9.210000038146973,8.649999618530273,8.670000076293945,24600,0.0,0.0
2023-09-07 00:00:00-04:00,8.699999809265137,8.949999809265137,8.569999694824219,8.569999694824219,23100,0.0,0.0
2023-09-08 00:00:00-04:00,8.6899995803833,8.829999923706055,8.529999732971191,8.600000381469727,74100,0.0,0.0
2023-09-11 00:00:00-04:00,8.569999694824219,8.890000343322754,8.529999732971191,8.880000114440918,38100,0.0,0.0
2023-09-12 00:00:00-04:00,8.880000114440918,8.880000114440918,8.6899995803833,8.829999923706055,32700,0.0,0.0
2023-09-13 00:00:00-04:00,8.789999961853027,9.0,8.789999961853027,9.0,9800,0.0,0.0
2023-09-14 00:00:00-04:00,9.039999961853027,9.039999961853027,8.800000190734863,9.0,1800,0.0,0.0
2023-09-15 00:00:00-04:00,8.84000015258789,8.899999618530273,8.84000015258789,8.899999618530273,1300,0.0,0.0
2023-09-18 00:00:00-04:00,8.979999542236328,9.029999732971191,8.920000076293945,8.949999809265137,6300,0.0,0.0
2023-09-19 00:00:00-04:00,8.9399995803833,9.0,8.899999618530273,8.899999618530273,2000,0.0,0.0
2023-09-20 00:00:00-04:00,8.90999984741211,8.90999984741211,8.84000015258789,8.850000381469727,1600,0.0,0.0
2023-09-21 00:00:00-04:00,8.869999885559082,8.930000305175781,8.649999618530273,8.930000305175781,2000,0.0,0.0
2023-09-22 00:00:00-04:00,8.800000190734863,8.930000305175781,8.720000267028809,8.899999618530273,15800,0.0,0.0
2023-09-25 00:00:00-04:00,8.880000114440918,8.880000114440918,8.75,8.779999732971191,1400,0.0,0.0
2023-09-26 00:00:00-04:00,8.760000228881836,8.84000015258789,8.579999923706055,8.59000015258789,14700,0.0,0.0
2023-09-27 00:00:00-04:00,8.600000381469727,8.680000305175781,8.569999694824219,8.569999694824219,10900,0.0,0.0
2023-09-28 00:00:00-04:00,8.569999694824219,8.649999618530273,8.5,8.579999923706055,22100,0.0,0.0
2023-09-29 00:00:00-04:00,8.649999618530273,8.75,8.350000381469727,8.600000381469727,21500,0.0,0.0
2023-10-02 00:00:00-04:00,8.569999694824219,8.569999694824219,8.210000038146973,8.319999694824219,38000,0.0,0.0
2023-10-03 00:00:00-04:00,8.430000305175781,8.430000305175781,8.050000190734863,8.119999885559082,26800,0.0,0.0
2023-10-04 00:00:00-04:00,8.119999885559082,8.319999694824219,8.0600004196167,8.319999694824219,9900,0.0,0.0
2023-10-05 00:00:00-04:00,8.220000267028809,8.260000228881836,7.980000019073486,8.069999694824219,45700,0.0,0.0
2023-10-06 00:00:00-04:00,8.100000381469727,8.260000228881836,8.100000381469727,8.25,1100,0.0,0.0
2023-10-09 00:00:00-04:00,8.210000038146973,8.489999771118164,8.210000038146973,8.40999984741211,2500,0.0,0.0
2023-10-10 00:00:00-04:00,8.350000381469727,8.569999694824219,8.329999923706055,8.569999694824219,4800,0.0,0.0
2023-10-11 00:00:00-04:00,8.59000015258789,8.699999809265137,8.359999656677246,8.369999885559082,19400,0.0,0.0
2023-10-12 00:00:00-04:00,8.390000343322754,8.390000343322754,8.319999694824219,8.350000381469727,9500,0.0,0.0
2023-10-13 00:00:00-04:00,8.289999961853027,8.449999809265137,8.25,8.25,16700,0.0,0.0
2023-10-16 00:00:00-04:00,8.25,8.4399995803833,8.25,8.300000190734863,8200,0.0,0.0
2023-10-17 00:00:00-04:00,8.369999885559082,8.640000343322754,8.260000228881836,8.300000190734863,24400,0.0,0.0
2023-10-18 00:00:00-04:00,8.25,8.399999618530273,8.100000381469727,8.329999923706055,20400,0.0,0.0
2023-10-19 00:00:00-04:00,8.300000190734863,8.359999656677246,8.149999618530273,8.260000228881836,122500,0.0,0.0
2023-10-20 00:00:00-04:00,8.199999809265137,8.270000457763672,8.079999923706055,8.199999809265137,17100,0.0,0.0
2023-10-23 00:00:00-04:00,8.300000190734863,8.380000114440918,8.199999809265137,8.239999771118164,16200,0.0,0.0
2023-10-24 00:00:00-04:00,8.239999771118164,8.600000381469727,8.239999771118164,8.430000305175781,105700,0.0,0.0
2023-10-25 00:00:00-04:00,8.5,8.579999923706055,8.270000457763672,8.279999732971191,8800,0.0,0.0
2023-10-26 00:00:00-04:00,8.380000114440918,8.4399995803833,8.300000190734863,8.300000190734863,12500,0.0,0.0
2023-10-27 00:00:00-04:00,8.319999694824219,8.449999809265137,8.279999732971191,8.279999732971191,2800,0.0,0.0
2023-10-30 00:00:00-04:00,8.369999885559082,8.40999984741211,8.25,8.390000343322754,3100,0.0,0.0
2023-10-31 00:00:00-04:00,8.40999984741211,8.5,8.390000343322754,8.460000038146973,18500,0.0,0.0
2023-11-01 00:00:00-04:00,8.529999732971191,8.529999732971191,8.390000343322754,8.399999618530273,7000,0.0,0.0
2023-11-02 00:00:00-04:00,8.329999923706055,8.489999771118164,8.220000267028809,8.489999771118164,252300,0.0,0.0
2023-11-03 00:00:00-04:00,8.3100004196167,8.449999809265137,8.260000228881836,8.449999809265137,89200,0.0,0.0
2023-11-06 00:00:00-05:00,8.510000228881836,8.609999656677246,8.3100004196167,8.329999923706055,61300,0.0,0.0
2023-11-07 00:00:00-05:00,8.430000305175781,8.489999771118164,8.270000457763672,8.449999809265137,46200,0.0,0.0
2023-11-08 00:00:00-05:00,8.5,8.75,8.460000038146973,8.529999732971191,20700,0.0,0.0
2023-11-09 00:00:00-05:00,8.619999885559082,8.619999885559082,8.270000457763672,8.510000228881836,41600,0.0,0.0
2023-11-10 00:00:00-05:00,8.569999694824219,8.630000114440918,8.319999694824219,8.630000114440918,6900,0.0,0.0
2023-11-13 00:00:00-05:00,8.40999984741211,8.5,8.289999961853027,8.390000343322754,41600,0.0,0.0
2023-11-14 00:00:00-05:00,8.380000114440918,8.640000343322754,8.380000114440918,8.520000457763672,67600,0.0,0.0
2023-11-15 00:00:00-05:00,8.630000114440918,8.65999984741211,8.520000457763672,8.65999984741211,25500,0.0,0.0
2023-11-16 00:00:00-05:00,8.710000038146973,8.710000038146973,8.420000076293945,8.609999656677246,5600,0.0,0.0
2023-11-17 00:00:00-05:00,8.720000267028809,8.739999771118164,8.550000190734863,8.65999984741211,10500,0.0,0.0
2023-11-20 00:00:00-05:00,8.699999809265137,8.949999809265137,8.640000343322754,8.850000381469727,26900,0.0,0.0
2023-11-21 00:00:00-05:00,8.850000381469727,8.9399995803833,8.829999923706055,8.880000114440918,12300,0.0,0.0
2023-11-22 00:00:00-05:00,8.9399995803833,8.989999771118164,8.779999732971191,8.880000114440918,9400,0.0,0.0
2023-11-24 00:00:00-05:00,8.899999618530273,8.960000038146973,8.899999618530273,8.930000305175781,1600,0.0,0.0
2023-11-27 00:00:00-05:00,8.979999542236328,8.979999542236328,8.899999618530273,8.949999809265137,4300,0.0,0.0
2023-11-28 00:00:00-05:00,9.0,9.050000190734863,8.760000228881836,9.039999961853027,27300,0.0,0.0
2023-11-29 00:00:00-05:00,9.09000015258789,9.09000015258789,9.0,9.020000457763672,9400,0.0,0.0
2023-11-30 00:00:00-05:00,9.0,9.020000457763672,8.890000343322754,8.979999542236328,15700,0.0,0.0
2023-12-01 00:00:00-05:00,8.960000038146973,9.199999809265137,8.960000038146973,9.1899995803833,6900,0.0,0.0
2023-12-04 00:00:00-05:00,9.09000015258789,9.170000076293945,9.029999732971191,9.149999618530273,5400,0.0,0.0
2023-12-05 00:00:00-05:00,9.149999618530273,9.239999771118164,9.140000343322754,9.239999771118164,10400,0.0,0.0
2023-12-06 00:00:00-05:00,9.199999809265137,9.3100004196167,9.119999885559082,9.239999771118164,98000,0.0,0.0
2023-12-07 00:00:00-05:00,9.239999771118164,9.319999694824219,9.170000076293945,9.170000076293945,8300,0.0,0.0
2023-12-08 00:00:00-05:00,9.149999618530273,9.319999694824219,9.149999618530273,9.270000457763672,7000,0.0,0.0
2023-12-11 00:00:00-05:00,9.109999656677246,9.289999961853027,9.109999656677246,9.229999542236328,13000,0.0,0.0
2023-12-12 00:00:00-05:00,9.180000305175781,9.220000267028809,9.140000343322754,9.1899995803833,8900,0.0,0.0
2023-12-13 00:00:00-05:00,9.199999809265137,9.300000190734863,9.15999984741211,9.289999961853027,13900,0.0,0.0
2023-12-14 00:00:00-05:00,9.210000038146973,9.420000076293945,9.210000038146973,9.390000343322754,27200,0.0,0.0
2023-12-15 00:00:00-05:00,9.399999618530273,9.550000190734863,9.380000114440918,9.4399995803833,20400,0.0,0.0
2023-12-18 00:00:00-05:00,9.34000015258789,9.520000457763672,9.15999984741211,9.4399995803833,20200,0.0,0.0
2023-12-19 00:00:00-05:00,9.4399995803833,9.699999809265137,9.4399995803833,9.579999923706055,12900,0.0,0.0
2023-12-20 00:00:00-05:00,9.670000076293945,9.75,9.600000381469727,9.600000381469727,35900,0.0,0.0
2023-12-21 00:00:00-05:00,9.609999656677246,9.720000267028809,9.609999656677246,9.699999809265137,17000,0.0,0.0
2023-12-22 00:00:00-05:00,9.720000267028809,9.779999732971191,9.710000038146973,9.710000038146973,10900,0.0,0.0
2023-12-26 00:00:00-05:00,9.770000457763672,9.970000267028809,9.770000457763672,9.880000114440918,19800,0.0,0.0
2023-12-27 00:00:00-05:00,9.829999923706055,9.949999809265137,9.699999809265137,9.850000381469727,83600,0.0,0.0
2023-12-28 00:00:00-05:00,9.829999923706055,9.880000114440918,9.6899995803833,9.779999732971191,108000,0.0,0.0
2023-12-29 00:00:00-05:00,9.800000190734863,9.850000381469727,9.729999542236328,9.75,45200,0.0,0.0
2024-01-02 00:00:00-05:00,9.789999961853027,9.920000076293945,9.739999771118164,9.800000190734863,42600,0.0,0.0
2024-01-03 00:00:00-05:00,9.760000228881836,9.970000267028809,9.630000114440918,9.770000457763672,37200,0.0,0.0
2024-01-04 00:00:00-05:00,9.800000190734863,9.9399995803833,9.770000457763672,9.850000381469727,97700,0.0,0.0
2024-01-05 00:00:00-05:00,9.850000381469727,9.970000267028809,9.850000381469727,9.960000038146973,38800,0.0,0.0
2024-01-08 00:00:00-05:00,9.949999809265137,9.949999809265137,9.850000381469727,9.890000343322754,6700,0.0,0.0
2024-01-09 00:00:00-05:00,9.850000381469727,9.899999618530273,9.850000381469727,9.850000381469727,5900,0.0,0.0
2024-01-10 00:00:00-05:00,9.850000381469727,9.850000381469727,9.75,9.789999961853027,14600,0.0,0.0
2024-01-11 00:00:00-05:00,9.710000038146973,9.84000015258789,9.710000038146973,9.779999732971191,48400,0.0,0.0
2024-01-12 00:00:00-05:00,9.789999961853027,9.880000114440918,9.779999732971191,9.800000190734863,32100,0.0,0.0
2024-01-16 00:00:00-05:00,9.779999732971191,9.869999885559082,9.710000038146973,9.789999961853027,70500,0.0,0.0
2024-01-17 00:00:00-05:00,9.75,9.800000190734863,9.729999542236328,9.789999961853027,12000,0.0,0.0
2024-01-18 00:00:00-05:00,9.75,9.789999961853027,9.670000076293945,9.75,50300,0.0,0.0
2024-01-19 00:00:00-05:00,9.75,9.770000457763672,9.670000076293945,9.670000076293945,28700,0.0,0.0
2024-01-22 00:00:00-05:00,9.6899995803833,9.6899995803833,9.630000114440918,9.649999618530273,9400,0.0,0.0
2024-01-23 00:00:00-05:00,9.649999618530273,9.770000457763672,9.520000457763672,9.600000381469727,23800,0.0,0.0
2024-01-24 00:00:00-05:00,9.699999809265137,9.869999885559082,9.5600004196167,9.630000114440918,9800,0.0,0.0
2024-01-25 00:00:00-05:00,9.670000076293945,9.75,9.619999885559082,9.619999885559082,22000,0.0,0.0
2024-01-26 00:00:00-05:00,9.569999694824219,9.779999732971191,9.569999694824219,9.699999809265137,4500,0.0,0.0
2024-01-29 00:00:00-05:00,9.699999809265137,9.699999809265137,9.550000190734863,9.600000381469727,15900,0.0,0.0
2024-01-30 00:00:00-05:00,9.609999656677246,9.770000457763672,9.609999656677246,9.680000305175781,7900,0.0,0.0
2024-01-31 00:00:00-05:00,9.670000076293945,9.8100004196167,9.649999618530273,9.760000228881836,23500,0.0,0.0
2024-02-01 00:00:00-05:00,9.779999732971191,9.8100004196167,9.670000076293945,9.770000457763672,10800,0.0,0.0
2024-02-02 00:00:00-05:00,9.859999656677246,9.859999656677246,9.720000267028809,9.75,4100,0.0,0.0
2024-02-05 00:00:00-05:00,9.779999732971191,9.84000015258789,9.609999656677246,9.75,10900,0.0,0.0
2024-02-06 00:00:00-05:00,9.75,9.859999656677246,9.720000267028809,9.859999656677246,12700,0.0,0.0
2024-02-07 00:00:00-05:00,9.800000190734863,9.9399995803833,9.640000343322754,9.880000114440918,40600,0.0,0.0
2024-02-08 00:00:00-05:00,9.899999618530273,9.899999618530273,9.640000343322754,9.649999618530273,10800,0.0,0.0
2024-02-09 00:00:00-05:00,9.649999618530273,9.75,9.640000343322754,9.729999542236328,6100,0.0,0.0
2024-02-12 00:00:00-05:00,9.729999542236328,9.899999618530273,9.699999809265137,9.899999618530273,2900,0.0,0.0
2024-02-13 00:00:00-05:00,9.850000381469727,9.850000381469727,9.649999618530273,9.720000267028809,4500,0.0,0.0
2024-02-14 00:00:00-05:00,9.720000267028809,9.850000381469727,9.65999984741211,9.779999732971191,4600,0.0,0.0
2024-02-15 00:00:00-05:00,9.8100004196167,9.829999923706055,9.579999923706055,9.670000076293945,21500,0.0,0.0
2024-02-16 00:00:00-05:00,9.8100004196167,9.8100004196167,9.520000457763672,9.65999984741211,28900,0.0,0.0
2024-02-20 00:00:00-05:00,9.569999694824219,9.720000267028809,9.569999694824219,9.619999885559082,14500,0.0,0.0
2024-02-21 00:00:00-05:00,9.619999885559082,9.789999961853027,9.609999656677246,9.619999885559082,24100,0.0,0.0
2024-02-22 00:00:00-05:00,9.649999618530273,9.760000228881836,9.640000343322754,9.760000228881836,9600,0.0,0.0
2024-02-23 00:00:00-05:00,9.84000015258789,9.84000015258789,9.619999885559082,9.779999732971191,8800,0.0,0.0
2024-02-26 00:00:00-05:00,9.829999923706055,9.850000381469727,9.699999809265137,9.8100004196167,3100,0.0,0.0
2024-02-27 00:00:00-05:00,9.75,9.880000114440918,9.630000114440918,9.75,21400,0.0,0.0
2024-02-28 00:00:00-05:00,9.779999732971191,9.890000343322754,9.699999809265137,9.829999923706055,14900,0.0,0.0
2024-02-29 00:00:00-05:00,9.75,9.869999885559082,9.75,9.75,7800,0.0,0.0
2024-03-01 00:00:00-05:00,9.829999923706055,9.850000381469727,9.5600004196167,9.720000267028809,21100,0.0,0.0
2024-03-04 00:00:00-05:00,9.670000076293945,9.890000343322754,9.609999656677246,9.65999984741211,4100,0.0,0.0
2024-03-05 00:00:00-05:00,9.649999618530273,9.739999771118164,9.59000015258789,9.640000343322754,7500,0.0,0.0
2024-03-06 00:00:00-05:00,9.720000267028809,9.720000267028809,9.619999885559082,9.640000343322754,6100,0.0,0.0
2024-03-07 00:00:00-05:00,9.739999771118164,9.739999771118164,9.630000114440918,9.630000114440918,4300,0.0,0.0
2024-03-08 00:00:00-05:00,9.640000343322754,9.720000267028809,9.619999885559082,9.619999885559082,3800,0.0,0.0
2024-03-11 00:00:00-04:00,9.770000457763672,9.770000457763672,9.550000190734863,9.649999618530273,8700,0.0,0.0
2024-03-12 00:00:00-04:00,9.609999656677246,9.710000038146973,9.520000457763672,9.710000038146973,18700,0.0,0.0
2024-03-13 00:00:00-04:00,9.720000267028809,9.779999732971191,9.600000381469727,9.699999809265137,7100,0.0,0.0
2024-03-14 00:00:00-04:00,9.619999885559082,9.6899995803833,9.550000190734863,9.680000305175781,6800,0.0,0.0
2024-03-15 00:00:00-04:00,9.569999694824219,9.699999809265137,9.569999694824219,9.680000305175781,8300,0.0,0.0
2024-03-18 00:00:00-04:00,9.680000305175781,9.75,9.5,9.619999885559082,22900,0.0,0.0
2024-03-19 00:00:00-04:00,9.619999885559082,9.619999885559082,9.520000457763672,9.5600004196167,13800,0.0,0.0
2024-03-20 00:00:00-04:00,9.510000228881836,9.529999732971191,9.399999618530273,9.510000228881836,13700,0.0,0.0
2024-03-21 00:00:00-04:00,9.5,9.609999656677246,9.399999618530273,9.489999771118164,33900,0.0,0.0
2024-03-22 00:00:00-04:00,9.489999771118164,9.59000015258789,9.109999656677246,9.3100004196167,38000,0.0,0.0
2024-03-25 00:00:00-04:00,9.300000190734863,9.539999961853027,9.229999542236328,9.449999809265137,14500,0.0,0.0
2024-03-26 00:00:00-04:00,9.359999656677246,9.460000038146973,9.260000228881836,9.34000015258789,15000,0.0,0.0
2024-03-27 00:00:00-04:00,9.369999885559082,9.899999618530273,9.350000381469727,9.5600004196167,12900,0.0,0.0
2024-03-28 00:00:00-04:00,9.5600004196167,9.5600004196167,9.489999771118164,9.520000457763672,5700,0.0,0.0
2024-04-01 00:00:00-04:00,9.529999732971191,9.569999694824219,9.489999771118164,9.489999771118164,700,0.0,0.0
2024-04-02 00:00:00-04:00,9.460000038146973,9.829999923706055,9.40999984741211,9.609999656677246,21400,0.0,0.0
2024-04-03 00:00:00-04:00,9.510000228881836,9.600000381469727,9.510000228881836,9.510000228881836,8200,0.0,0.0
2024-04-04 00:00:00-04:00,9.550000190734863,9.770000457763672,9.489999771118164,9.59000015258789,6100,0.0,0.0
2024-04-05 00:00:00-04:00,9.600000381469727,9.720000267028809,9.449999809265137,9.65999984741211,7800,0.0,0.0
2024-04-08 00:00:00-04:00,9.760000228881836,9.760000228881836,9.670000076293945,9.75,2700,0.0,0.0
2024-04-09 00:00:00-04:00,9.760000228881836,9.90999984741211,9.710000038146973,9.8100004196167,28700,0.0,0.0
2024-04-10 00:00:00-04:00,9.899999618530273,9.970000267028809,9.869999885559082,9.90999984741211,29100,0.0,0.0
2024-04-11 00:00:00-04:00,9.84000015258789,10.020000457763672,9.75,9.829999923706055,5300,0.0,0.0
2024-04-12 00:00:00-04:00,9.770000457763672,9.770000457763672,9.369999885559082,9.470000267028809,65500,0.0,0.0
2024-04-15 00:00:00-04:00,9.449999809265137,9.649999618530273,9.40999984741211,9.600000381469727,26000,0.0,0.0
2024-04-16 00:00:00-04:00,9.479999542236328,9.609999656677246,9.479999542236328,9.59000015258789,43000,0.0,0.0
2024-04-17 00:00:00-04:00,9.489999771118164,9.579999923706055,9.489999771118164,9.550000190734863,7100,0.0,0.0
2024-04-18 00:00:00-04:00,9.420000076293945,9.579999923706055,9.420000076293945,9.449999809265137,4800,0.0,0.0
2024-04-19 00:00:00-04:00,9.460000038146973,9.75,9.420000076293945,9.489999771118164,23800,0.0,0.0
2024-04-22 00:00:00-04:00,9.5600004196167,9.75,9.489999771118164,9.729999542236328,12100,0.0,0.0
2024-04-23 00:00:00-04:00,9.739999771118164,9.8100004196167,9.510000228881836,9.710000038146973,22200,0.0,0.0
2024-04-24 00:00:00-04:00,9.640000343322754,9.800000190734863,9.640000343322754,9.75,21500,0.0,0.0
2024-04-25 00:00:00-04:00,9.619999885559082,9.760000228881836,9.550000190734863,9.579999923706055,8800,0.0,0.0
2024-04-26 00:00:00-04:00,9.520000457763672,9.529999732971191,9.4399995803833,9.489999771118164,38600,0.0,0.0
2024-04-29 00:00:00-04:00,9.510000228881836,9.65999984741211,9.430000305175781,9.640000343322754,29100,0.0,0.0
2024-04-30 00:00:00-04:00,9.539999961853027,9.75,9.40999984741211,9.460000038146973,18100,0.0,0.0
2024-05-01 00:00:00-04:00,9.449999809265137,9.699999809265137,9.449999809265137,9.630000114440918,6900,0.0,0.0
2024-05-02 00:00:00-04:00,9.520000457763672,9.699999809265137,9.460000038146973,9.520000457763672,9500,0.0,0.0
2024-05-03 00:00:00-04:00,9.550000190734863,9.789999961853027,9.550000190734863,9.710000038146973,8400,0.0,0.0
2024-05-06 00:00:00-04:00,9.760000228881836,9.84000015258789,9.600000381469727,9.75,17500,0.0,0.0
2024-05-07 00:00:00-04:00,9.779999732971191,9.9399995803833,9.760000228881836,9.829999923706055,9000,0.0,0.0
2024-05-08 00:00:00-04:00,9.729999542236328,9.880000114440918,9.710000038146973,9.760000228881836,5600,0.0,0.0
2024-05-09 00:00:00-04:00,9.760000228881836,9.90999984741211,9.760000228881836,9.869999885559082,8400,0.0,0.0
2024-05-10 00:00:00-04:00,9.949999809265137,10.199999809265137,9.880000114440918,9.989999771118164,17000,0.0,0.0
2024-05-13 00:00:00-04:00,9.989999771118164,10.119999885559082,9.970000267028809,10.010000228881836,10000,0.0,0.0
2024-05-14 00:00:00-04:00,10.0,10.149999618530273,9.960000038146973,10.0,17200,0.0,0.0
2024-05-15 00:00:00-04:00,10.029999732971191,10.6899995803833,10.010000228881836,10.199999809265137,19500,0.0,0.0
2024-05-16 00:00:00-04:00,10.210000038146973,10.279999732971191,10.069999694824219,10.279999732971191,6900,0.0,0.0
2024-05-17 00:00:00-04:00,10.489999771118164,10.489999771118164,10.0,10.199999809265137,12900,0.0,0.0
2024-05-20 00:00:00-04:00,10.15999984741211,10.399999618530273,10.130000114440918,10.399999618530273,21400,0.0,0.0
2024-05-21 00:00:00-04:00,10.399999618530273,10.539999961853027,10.34000015258789,10.380000114440918,10200,0.0,0.0
2024-05-22 00:00:00-04:00,10.260000228881836,10.479999542236328,10.180000305175781,10.390000343322754,9100,0.0,0.0
2024-05-23 00:00:00-04:00,10.140000343322754,10.449999809265137,10.140000343322754,10.40999984741211,4500,0.0,0.0
2024-05-24 00:00:00-04:00,10.420000076293945,10.420000076293945,10.239999771118164,10.300000190734863,7100,0.0,0.0
2024-05-28 00:00:00-04:00,10.430000305175781,10.430000305175781,10.199999809265137,10.239999771118164,7100,0.0,0.0
2024-05-29 00:00:00-04:00,10.0600004196167,10.0600004196167,10.039999961853027,10.050000190734863,10000,0.0,0.0
2024-05-30 00:00:00-04:00,10.100000381469727,10.300000190734863,10.050000190734863,10.079999923706055,11000,0.0,0.0
2024-05-31 00:00:00-04:00,10.579999923706055,10.65999984741211,10.529999732971191,10.550000190734863,25400,0.0,0.0
2024-06-03 00:00:00-04:00,10.600000381469727,10.75,10.329999923706055,10.680000305175781,6000,0.0,0.0
2024-06-04 00:00:00-04:00,10.579999923706055,10.699999809265137,10.260000228881836,10.359999656677246,22400,0.0,0.0
2024-06-05 00:00:00-04:00,10.430000305175781,10.770000457763672,10.300000190734863,10.770000457763672,13700,0.0,0.0
2024-06-06 00:00:00-04:00,10.729999542236328,10.770000457763672,10.609999656677246,10.729999542236328,10900,0.0,0.0
2024-06-07 00:00:00-04:00,10.710000038146973,10.880000114440918,10.569999694824219,10.569999694824219,6900,0.0,0.0
2024-06-10 00:00:00-04:00,10.600000381469727,10.760000228881836,10.5,10.609999656677246,6000,0.0,0.0
2024-06-11 00:00:00-04:00,10.5,10.529999732971191,10.3100004196167,10.380000114440918,4900,0.0,0.0
2024-06-12 00:00:00-04:00,10.380000114440918,10.380000114440918,10.149999618530273,10.3100004196167,52000,0.0,0.0
2024-06-13 00:00:00-04:00,10.3100004196167,10.350000381469727,10.180000305175781,10.229999542236328,8200,0.0,0.0
2024-06-14 00:00:00-04:00,10.140000343322754,10.319999694824219,10.140000343322754,10.300000190734863,4500,0.0,0.0
2024-06-17 00:00:00-04:00,10.109999656677246,10.140000343322754,9.970000267028809,10.140000343322754,7400,0.0,0.0
2024-06-18 00:00:00-04:00,10.149999618530273,10.279999732971191,10.119999885559082,10.140000343322754,12200,0.0,0.0
2024-06-20 00:00:00-04:00,10.229999542236328,10.319999694824219,10.069999694824219,10.3100004196167,9000,0.0,0.0
2024-06-21 00:00:00-04:00,10.319999694824219,10.399999618530273,10.149999618530273,10.229999542236328,16400,0.0,0.0
2024-06-24 00:00:00-04:00,10.260000228881836,10.489999771118164,10.260000228881836,10.399999618530273,12500,0.0,0.0
2024-06-25 00:00:00-04:00,10.539999961853027,10.539999961853027,10.420000076293945,10.5,5000,0.0,0.0
2024-06-26 00:00:00-04:00,10.449999809265137,10.5,10.449999809265137,10.5,2800,0.0,0.0
2024-06-27 00:00:00-04:00,10.550000190734863,10.640000343322754,10.5,10.600000381469727,5400,0.0,0.0
2024-06-28 00:00:00-04:00,10.630000114440918,10.65999984741211,10.5,10.65999984741211,12600,0.0,0.0
2024-07-01 00:00:00-04:00,10.779999732971191,10.779999732971191,10.680000305175781,10.699999809265137,2100,0.0,0.0
2024-07-02 00:00:00-04:00,10.720000267028809,10.789999961853027,10.649999618530273,10.75,7300,0.0,0.0
2024-07-03 00:00:00-04:00,10.75,10.9399995803833,10.710000038146973,10.880000114440918,6000,0.0,0.0
2024-07-05 00:00:00-04:00,10.869999885559082,11.0,10.739999771118164,10.899999618530273,12300,0.0,0.0
2024-07-08 00:00:00-04:00,10.949999809265137,10.989999771118164,10.819999694824219,10.890000343322754,4200,0.0,0.0
2024-07-09 00:00:00-04:00,10.850000381469727,10.899999618530273,10.739999771118164,10.850000381469727,4200,0.0,0.0
2024-07-10 00:00:00-04:00,10.800000190734863,11.0,10.710000038146973,10.970000267028809,14900,0.0,0.0
2024-07-11 00:00:00-04:00,10.890000343322754,11.149999618530273,10.699999809265137,11.0600004196167,9700,0.0,0.0
2024-07-12 00:00:00-04:00,11.180000305175781,11.180000305175781,11.0,11.069999694824219,7700,0.0,0.0
2024-07-15 00:00:00-04:00,11.149999618530273,11.149999618530273,10.880000114440918,11.0,10100,0.0,0.0
2024-07-16 00:00:00-04:00,10.970000267028809,11.140000343322754,10.890000343322754,11.039999961853027,20200,0.0,0.0
2024-07-17 00:00:00-04:00,10.779999732971191,11.050000190734863,10.75,10.75,29700,0.0,0.0
2024-07-18 00:00:00-04:00,10.819999694824219,10.960000038146973,10.609999656677246,10.760000228881836,12200,0.0,0.0
2024-07-19 00:00:00-04:00,10.699999809265137,11.010000228881836,10.6899995803833,10.779999732971191,31100,0.0,0.0
2024-07-22 00:00:00-04:00,10.6899995803833,10.90999984741211,10.6899995803833,10.800000190734863,5700,0.0,0.0
2024-07-23 00:00:00-04:00,10.710000038146973,11.109999656677246,10.640000343322754,10.779999732971191,48300,0.0,0.0
2024-07-24 00:00:00-04:00,10.720000267028809,10.960000038146973,10.65999984741211,10.75,13300,0.0,0.0
2024-07-25 00:00:00-04:00,10.630000114440918,11.010000228881836,10.5600004196167,10.829999923706055,15800,0.0,0.0
2024-07-26 00:00:00-04:00,10.949999809265137,11.149999618530273,10.569999694824219,10.850000381469727,20000,0.0,0.0
2024-07-29 00:00:00-04:00,11.020000457763672,11.119999885559082,10.600000381469727,10.699999809265137,13300,0.0,0.0
2024-07-30 00:00:00-04:00,10.720000267028809,10.729999542236328,10.279999732971191,10.649999618530273,34500,0.0,0.0
2024-07-31 00:00:00-04:00,10.579999923706055,10.75,10.329999923706055,10.65999984741211,40300,0.0,0.0
2024-08-01 00:00:00-04:00,10.680000305175781,10.699999809265137,10.34000015258789,10.460000038146973,11100,0.0,0.0
2024-08-02 00:00:00-04:00,10.460000038146973,10.680000305175781,10.149999618530273,10.289999961853027,13300,0.0,0.0
2024-08-05 00:00:00-04:00,9.989999771118164,10.119999885559082,9.819999694824219,10.119999885559082,13800,0.0,0.0
2024-08-06 00:00:00-04:00,10.119999885559082,10.270000457763672,9.960000038146973,10.100000381469727,25700,0.0,0.0
2024-08-07 00:00:00-04:00,10.25,10.300000190734863,10.109999656677246,10.199999809265137,5300,0.0,0.0
2024-08-08 00:00:00-04:00,10.149999618530273,10.300000190734863,10.029999732971191,10.149999618530273,26000,0.0,0.0
2024-08-09 00:00:00-04:00,10.140000343322754,10.199999809265137,9.989999771118164,10.100000381469727,4100,0.0,0.0
2024-08-12 00:00:00-04:00,9.949999809265137,10.25,9.949999809265137,10.25,11500,0.0,0.0
2024-08-13 00:00:00-04:00,10.289999961853027,10.430000305175781,10.199999809265137,10.279999732971191,5500,0.0,0.0
2024-08-14 00:00:00-04:00,10.210000038146973,10.369999885559082,10.210000038146973,10.289999961853027,9200,0.0,0.0
2024-08-15 00:00:00-04:00,10.34000015258789,10.34000015258789,10.220000267028809,10.3100004196167,7800,0.0,0.0
2024-08-16 00:00:00-04:00,10.270000457763672,10.40999984741211,10.15999984741211,10.390000343322754,50000,0.0,0.0
2024-08-19 00:00:00-04:00,10.40999984741211,10.8100004196167,10.359999656677246,10.779999732971191,59100,0.0,0.0
2024-08-20 00:00:00-04:00,10.779999732971191,10.84000015258789,10.529999732971191,10.649999618530273,12200,0.0,0.0
2024-08-21 00:00:00-04:00,10.59000015258789,10.890000343322754,10.550000190734863,10.890000343322754,5900,0.0,0.0
2024-08-22 00:00:00-04:00,10.890000343322754,10.890000343322754,10.579999923706055,10.65999984741211,7200,0.0,0.0
2024-08-23 00:00:00-04:00,10.460000038146973,10.84000015258789,10.350000381469727,10.550000190734863,14400,0.0,0.0
2024-08-26 00:00:00-04:00,10.630000114440918,10.630000114440918,10.510000228881836,10.600000381469727,2700,0.0,0.0
2024-08-27 00:00:00-04:00,10.65999984741211,10.710000038146973,10.520000457763672,10.520000457763672,4700,0.0,0.0
2024-08-28 00:00:00-04:00,10.399999618530273,10.520000457763672,10.350000381469727,10.350000381469727,3100,0.0,0.0
2024-08-29 00:00:00-04:00,10.3100004196167,10.550000190734863,10.260000228881836,10.460000038146973,3700,0.0,0.0
2024-08-30 00:00:00-04:00,10.760000228881836,10.760000228881836,10.550000190734863,10.550000190734863,1200,0.0,0.0
2024-09-03 00:00:00-04:00,10.5,10.510000228881836,10.300000190734863,10.369999885559082,16400,0.0,0.0
2024-09-04 00:00:00-04:00,10.279999732971191,10.479999542236328,10.270000457763672,10.479999542236328,36700,0.0,0.0
2024-09-05 00:00:00-04:00,10.489999771118164,10.489999771118164,10.220000267028809,10.350000381469727,3000,0.0,0.0
2024-09-06 00:00:00-04:00,10.229999542236328,10.479999542236328,10.229999542236328,10.350000381469727,5100,0.0,0.0
2024-09-09 00:00:00-04:00,10.399999618530273,10.399999618530273,10.270000457763672,10.369999885559082,1700,0.0,0.0
2024-09-10 00:00:00-04:00,10.359999656677246,10.359999656677246,10.350000381469727,10.350000381469727,600,0.0,0.0
2024-09-11 00:00:00-04:00,10.229999542236328,10.229999542236328,10.229999542236328,10.229999542236328,200,0.0,0.0
2024-09-12 00:00:00-04:00,10.359999656677246,10.420000076293945,10.25,10.25,1900,0.0,0.0
2024-09-13 00:00:00-04:00,10.319999694824219,10.40999984741211,10.25,10.380000114440918,8100,0.0,0.0
2024-09-16 00:00:00-04:00,10.329999923706055,10.4399995803833,10.260000228881836,10.34000015258789,24300,0.0,0.0
2024-09-17 00:00:00-04:00,10.390000343322754,10.449999809265137,10.3100004196167,10.420000076293945,13900,0.0,0.0
2024-09-18 00:00:00-04:00,10.3100004196167,10.40999984741211,10.260000228881836,10.399999618530273,19900,0.0,0.0
2024-09-19 00:00:00-04:00,10.369999885559082,10.5600004196167,10.369999885559082,10.420000076293945,22300,0.0,0.0
2024-09-20 00:00:00-04:00,10.260000228881836,10.380000114440918,10.260000228881836,10.380000114440918,10700,0.0,0.0
2024-09-23 00:00:00-04:00,10.289999961853027,10.5,10.279999732971191,10.420000076293945,10000,0.0,0.0
2024-09-24 00:00:00-04:00,10.510000228881836,10.640000343322754,10.300000190734863,10.5600004196167,42900,0.0,0.0
2024-09-25 00:00:00-04:00,10.579999923706055,10.729999542236328,10.579999923706055,10.630000114440918,16500,0.0,0.0
2024-09-26 00:00:00-04:00,10.609999656677246,10.630000114440918,10.539999961853027,10.609999656677246,47900,0.0,0.0
2024-09-27 00:00:00-04:00,10.65999984741211,10.760000228881836,10.579999923706055,10.760000228881836,4100,0.0,0.0
2024-09-30 00:00:00-04:00,10.850000381469727,10.850000381469727,10.649999618530273,10.720000267028809,11600,0.0,0.0
2024-10-01 00:00:00-04:00,10.819999694824219,10.819999694824219,10.420000076293945,10.420000076293945,5000,0.0,0.0
2024-10-02 00:00:00-04:00,10.399999618530273,10.529999732971191,10.380000114440918,10.449999809265137,5900,0.0,0.0
2024-10-03 00:00:00-04:00,10.5,10.5,10.350000381469727,10.359999656677246,2800,0.0,0.0
2024-10-04 00:00:00-04:00,10.619999885559082,10.619999885559082,10.350000381469727,10.350000381469727,10500,0.0,0.0
2024-10-07 00:00:00-04:00,10.350000381469727,10.350000381469727,10.210000038146973,10.289999961853027,10600,0.0,0.0
2024-10-08 00:00:00-04:00,10.25,10.300000190734863,10.210000038146973,10.300000190734863,900,0.0,0.0
2024-10-09 00:00:00-04:00,10.199999809265137,10.359999656677246,10.199999809265137,10.350000381469727,11000,0.0,0.0
2024-10-10 00:00:00-04:00,10.359999656677246,10.359999656677246,10.239999771118164,10.25,6400,0.0,0.0
2024-10-11 00:00:00-04:00,10.199999809265137,10.359999656677246,10.199999809265137,10.3100004196167,6000,0.0,0.0
2024-10-14 00:00:00-04:00,10.329999923706055,10.369999885559082,10.260000228881836,10.289999961853027,8000,0.0,0.0
2024-10-15 00:00:00-04:00,10.199999809265137,10.300000190734863,10.149999618530273,10.210000038146973,7700,0.0,0.0
2024-10-16 00:00:00-04:00,10.210000038146973,10.350000381469727,10.210000038146973,10.350000381469727,7400,0.0,0.0
2024-10-17 00:00:00-04:00,10.300000190734863,10.380000114440918,10.270000457763672,10.3100004196167,25700,0.0,0.0
2024-10-18 00:00:00-04:00,10.3100004196167,10.350000381469727,10.140000343322754,10.329999923706055,12700,0.0,0.0
2024-10-21 00:00:00-04:00,10.359999656677246,10.430000305175781,10.199999809265137,10.40999984741211,25300,0.0,0.0
2024-10-22 00:00:00-04:00,10.359999656677246,10.380000114440918,10.300000190734863,10.350000381469727,14700,0.0,0.0
2024-10-23 00:00:00-04:00,10.350000381469727,10.380000114440918,10.319999694824219,10.319999694824219,13300,0.0,0.0
2024-10-24 00:00:00-04:00,10.300000190734863,10.40999984741211,10.300000190734863,10.350000381469727,23200,0.0,0.0
2024-10-25 00:00:00-04:00,10.329999923706055,10.479999542236328,10.329999923706055,10.369999885559082,28800,0.0,0.0
2024-10-28 00:00:00-04:00,10.449999809265137,10.680000305175781,10.329999923706055,10.609999656677246,84800,0.0,0.0
2024-10-29 00:00:00-04:00,10.630000114440918,10.720000267028809,10.569999694824219,10.649999618530273,25600,0.0,0.0
2024-10-30 00:00:00-04:00,10.59000015258789,10.680000305175781,10.569999694824219,10.680000305175781,42000,0.0,0.0
2024-10-31 00:00:00-04:00,10.699999809265137,10.710000038146973,10.619999885559082,10.670000076293945,14400,0.0,0.0
2024-11-01 00:00:00-04:00,10.770000457763672,10.770000457763672,10.609999656677246,10.710000038146973,26500,0.0,0.0
2024-11-04 00:00:00-05:00,10.630000114440918,10.90999984741211,10.600000381469727,10.720000267028809,19400,0.0,0.0
2024-11-05 00:00:00-05:00,10.729999542236328,11.100000381469727,10.670000076293945,10.989999771118164,16600,0.0,0.0
2024-11-06 00:00:00-05:00,11.149999618530273,11.75,11.149999618530273,11.390000343322754,141400,0.0,0.0
2024-11-07 00:00:00-05:00,11.270000457763672,12.050000190734863,11.229999542236328,11.979999542236328,97500,0.0,0.0
2024-11-08 00:00:00-05:00,12.010000228881836,13.359999656677246,12.010000228881836,13.140000343322754,269300,0.0,0.0
2024-11-11 00:00:00-05:00,12.9399995803833,13.170000076293945,12.699999809265137,13.050000190734863,160600,0.0,0.0
2024-11-12 00:00:00-05:00,13.050000190734863,13.050000190734863,12.75,12.869999885559082,7900,0.0,0.0
2024-11-13 00:00:00-05:00,12.859999656677246,12.880000114440918,12.449999809265137,12.579999923706055,29100,0.0,0.0
2024-11-14 00:00:00-05:00,12.5,12.640000343322754,12.260000228881836,12.359999656677246,25100,0.0,0.0
2024-11-15 00:00:00-05:00,12.180000305175781,12.220000267028809,11.739999771118164,11.829999923706055,59500,0.0,0.0
2024-11-18 00:00:00-05:00,11.729999542236328,11.920000076293945,11.609999656677246,11.850000381469727,73800,0.0,0.0
2024-11-19 00:00:00-05:00,11.800000190734863,12.3100004196167,11.5,12.140000343322754,42200,0.0,0.0
2024-11-20 00:00:00-05:00,12.010000228881836,12.210000038146973,11.90999984741211,12.0,23200,0.0,0.0
2024-11-21 00:00:00-05:00,11.930000305175781,12.180000305175781,11.930000305175781,12.140000343322754,3300,0.0,0.0
2024-11-22 00:00:00-05:00,12.15999984741211,12.319999694824219,12.069999694824219,12.220000267028809,15700,0.0,0.0
2024-11-25 00:00:00-05:00,12.199999809265137,12.510000228881836,12.0600004196167,12.109999656677246,21400,0.0,0.0
2024-11-26 00:00:00-05:00,12.119999885559082,12.180000305175781,11.829999923706055,11.930000305175781,10900,0.0,0.0
2024-11-27 00:00:00-05:00,11.970000267028809,11.970000267028809,11.600000381469727,11.8100004196167,18900,0.0,0.0
2024-11-29 00:00:00-05:00,11.880000114440918,12.100000381469727,11.850000381469727,11.880000114440918,9100,0.0,0.0
2024-12-02 00:00:00-05:00,11.779999732971191,11.859999656677246,11.630000114440918,11.8100004196167,7600,0.0,0.0
2024-12-03 00:00:00-05:00,11.800000190734863,11.8100004196167,11.510000228881836,11.579999923706055,35100,0.0,0.0
2024-12-04 00:00:00-05:00,11.390000343322754,11.829999923706055,11.15999984741211,11.550000190734863,42000,0.0,0.0
2024-12-05 00:00:00-05:00,11.569999694824219,11.84000015258789,11.569999694824219,11.760000228881836,10700,0.0,0.0
2024-12-06 00:00:00-05:00,11.8100004196167,12.40999984741211,11.779999732971191,12.380000114440918,38031,0.0,0.0
