Date,Open,High,Low,Close,Volume,Dividends,Stock Splits
2022-01-03 00:00:00-05:00,16.799999237060547,18.399999618530273,16.799999237060547,18.299999237060547,32950,0.0,0.0
2022-01-04 00:00:00-05:00,18.399999618530273,19.0,17.600000381469727,18.0,23990,0.0,0.0
2022-01-05 00:00:00-05:00,18.100000381469727,18.100000381469727,16.5,16.799999237060547,21200,0.0,0.0
2022-01-06 00:00:00-05:00,17.0,17.100000381469727,15.800000190734863,16.200000762939453,30380,0.0,0.0
2022-01-07 00:00:00-05:00,16.299999237060547,16.700000762939453,15.800000190734863,16.100000381469727,12020,0.0,0.0
2022-01-10 00:00:00-05:00,15.600000381469727,16.0,15.0,15.699999809265137,40870,0.0,0.0
2022-01-11 00:00:00-05:00,16.0,17.0,16.0,16.700000762939453,37620,0.0,0.0
2022-01-12 00:00:00-05:00,16.5,16.899999618530273,16.100000381469727,16.399999618530273,18210,0.0,0.0
2022-01-13 00:00:00-05:00,16.399999618530273,16.399999618530273,15.100000381469727,15.199999809265137,36260,0.0,0.0
2022-01-14 00:00:00-05:00,15.0,15.899999618530273,14.5,15.699999809265137,26590,0.0,0.0
2022-01-18 00:00:00-05:00,15.0,15.800000190734863,14.699999809265137,14.899999618530273,39820,0.0,0.0
2022-01-19 00:00:00-05:00,14.399999618530273,14.699999809265137,13.600000381469727,13.899999618530273,49440,0.0,0.0
2022-01-20 00:00:00-05:00,13.800000190734863,15.0,13.699999809265137,13.899999618530273,26200,0.0,0.0
2022-01-21 00:00:00-05:00,13.800000190734863,14.100000381469727,13.5,13.5,16740,0.0,0.0
2022-01-24 00:00:00-05:00,12.5,13.800000190734863,11.5,13.100000381469727,70770,0.0,0.0
2022-01-25 00:00:00-05:00,12.800000190734863,13.800000190734863,12.300000190734863,12.899999618530273,36410,0.0,0.0
2022-01-26 00:00:00-05:00,13.399999618530273,13.699999809265137,12.600000381469727,12.899999618530273,23600,0.0,0.0
2022-01-27 00:00:00-05:00,12.800000190734863,13.199999809265137,12.100000381469727,12.899999618530273,25320,0.0,0.0
2022-01-28 00:00:00-05:00,12.5,13.0,11.899999618530273,12.899999618530273,19110,0.0,0.0
2022-01-31 00:00:00-05:00,13.100000381469727,14.0,13.100000381469727,13.899999618530273,29680,0.0,0.0
2022-02-01 00:00:00-05:00,14.0,14.100000381469727,13.699999809265137,13.899999618530273,31480,0.0,0.0
2022-02-02 00:00:00-05:00,14.0,14.199999809265137,13.100000381469727,13.5,44560,0.0,0.0
2022-02-03 00:00:00-05:00,13.0,13.199999809265137,12.800000190734863,13.0,12200,0.0,0.0
2022-02-04 00:00:00-05:00,13.199999809265137,13.399999618530273,12.600000381469727,13.199999809265137,7200,0.0,0.0
2022-02-07 00:00:00-05:00,13.399999618530273,14.0,13.199999809265137,13.600000381469727,34520,0.0,0.0
2022-02-08 00:00:00-05:00,13.699999809265137,14.0,13.100000381469727,13.5,32800,0.0,0.0
2022-02-09 00:00:00-05:00,13.699999809265137,14.899999618530273,13.600000381469727,14.699999809265137,89790,0.0,0.0
2022-02-10 00:00:00-05:00,14.0,14.199999809265137,13.0,13.199999809265137,61450,0.0,0.0
2022-02-11 00:00:00-05:00,13.199999809265137,13.800000190734863,12.699999809265137,13.100000381469727,30010,0.0,0.0
2022-02-14 00:00:00-05:00,12.699999809265137,12.800000190734863,11.5,12.300000190734863,23010,0.0,0.0
2022-02-15 00:00:00-05:00,12.5,12.899999618530273,12.399999618530273,12.699999809265137,8240,0.0,0.0
2022-02-16 00:00:00-05:00,12.899999618530273,12.899999618530273,12.100000381469727,12.899999618530273,8830,0.0,0.0
2022-02-17 00:00:00-05:00,12.800000190734863,12.800000190734863,12.0,12.300000190734863,12280,0.0,0.0
2022-02-18 00:00:00-05:00,12.5,12.699999809265137,11.699999809265137,12.0,19160,0.0,0.0
2022-02-22 00:00:00-05:00,11.699999809265137,11.899999618530273,11.0,11.399999618530273,27090,0.0,0.0
2022-02-23 00:00:00-05:00,11.5,11.699999809265137,10.199999809265137,10.899999618530273,46800,0.0,0.0
2022-02-24 00:00:00-05:00,10.100000381469727,11.399999618530273,10.100000381469727,11.199999809265137,48980,0.0,0.0
2022-02-25 00:00:00-05:00,11.300000190734863,11.5,10.800000190734863,11.199999809265137,39720,0.0,0.0
2022-02-28 00:00:00-05:00,11.199999809265137,13.699999809265137,11.100000381469727,13.0,131450,0.0,0.0
2022-03-01 00:00:00-05:00,12.699999809265137,13.300000190734863,12.399999618530273,13.0,34410,0.0,0.0
2022-03-02 00:00:00-05:00,13.399999618530273,13.399999618530273,12.899999618530273,13.100000381469727,16280,0.0,0.0
2022-03-03 00:00:00-05:00,13.0,13.100000381469727,11.699999809265137,11.800000190734863,12410,0.0,0.0
2022-03-04 00:00:00-05:00,12.0,12.0,11.300000190734863,11.800000190734863,8930,0.0,0.0
2022-03-07 00:00:00-05:00,11.800000190734863,12.399999618530273,11.5,12.100000381469727,19990,0.0,0.0
2022-03-08 00:00:00-05:00,12.100000381469727,12.800000190734863,11.600000381469727,12.100000381469727,29370,0.0,0.0
2022-03-09 00:00:00-05:00,12.399999618530273,13.300000190734863,12.399999618530273,12.899999618530273,19100,0.0,0.0
2022-03-10 00:00:00-05:00,12.699999809265137,16.200000762939453,12.399999618530273,13.899999618530273,291850,0.0,0.0
2022-03-11 00:00:00-05:00,13.699999809265137,14.100000381469727,12.199999809265137,12.300000190734863,64850,0.0,0.0
2022-03-14 00:00:00-04:00,12.100000381469727,12.800000190734863,11.300000190734863,11.800000190734863,105280,0.0,0.0
2022-03-15 00:00:00-04:00,11.600000381469727,11.800000190734863,11.100000381469727,11.699999809265137,26980,0.0,0.0
2022-03-16 00:00:00-04:00,11.699999809265137,12.300000190734863,11.5,12.0,22700,0.0,0.0
2022-03-17 00:00:00-04:00,12.199999809265137,13.0,12.100000381469727,12.5,21510,0.0,0.0
2022-03-18 00:00:00-04:00,12.399999618530273,13.199999809265137,12.199999809265137,12.399999618530273,47590,0.0,0.0
2022-03-21 00:00:00-04:00,12.300000190734863,13.199999809265137,12.300000190734863,12.800000190734863,28910,0.0,0.0
2022-03-22 00:00:00-04:00,13.199999809265137,13.5,12.800000190734863,13.5,17260,0.0,0.0
2022-03-23 00:00:00-04:00,13.5,14.0,13.100000381469727,13.399999618530273,18040,0.0,0.0
2022-03-24 00:00:00-04:00,13.600000381469727,14.0,13.199999809265137,13.800000190734863,21120,0.0,0.0
2022-03-25 00:00:00-04:00,14.100000381469727,14.5,13.699999809265137,14.100000381469727,22810,0.0,0.0
2022-03-28 00:00:00-04:00,14.199999809265137,14.399999618530273,13.0,13.199999809265137,31910,0.0,0.0
2022-03-29 00:00:00-04:00,13.600000381469727,13.699999809265137,12.899999618530273,13.699999809265137,50080,0.0,0.0
2022-03-30 00:00:00-04:00,13.800000190734863,13.899999618530273,13.199999809265137,13.600000381469727,15630,0.0,0.0
2022-03-31 00:00:00-04:00,13.399999618530273,13.5,13.0,13.0,8790,0.0,0.0
2022-04-01 00:00:00-04:00,13.100000381469727,13.399999618530273,13.0,13.0,7100,0.0,0.0
2022-04-04 00:00:00-04:00,13.0,13.699999809265137,12.899999618530273,13.300000190734863,9600,0.0,0.0
2022-04-05 00:00:00-04:00,13.100000381469727,13.399999618530273,13.0,13.0,8050,0.0,0.0
2022-04-06 00:00:00-04:00,13.0,13.100000381469727,12.600000381469727,12.899999618530273,6540,0.0,0.0
2022-04-07 00:00:00-04:00,12.800000190734863,12.899999618530273,12.199999809265137,12.300000190734863,12290,0.0,0.0
2022-04-08 00:00:00-04:00,12.399999618530273,12.399999618530273,11.0,11.399999618530273,42970,0.0,0.0
2022-04-11 00:00:00-04:00,11.600000381469727,11.899999618530273,11.5,11.800000190734863,17260,0.0,0.0
2022-04-12 00:00:00-04:00,11.800000190734863,12.0,11.399999618530273,11.399999618530273,11890,0.0,0.0
2022-04-13 00:00:00-04:00,11.800000190734863,12.0,11.300000190734863,11.800000190734863,34530,0.0,0.0
2022-04-14 00:00:00-04:00,11.699999809265137,12.899999618530273,11.5,11.899999618530273,33130,0.0,0.0
2022-04-18 00:00:00-04:00,12.100000381469727,12.100000381469727,11.699999809265137,11.800000190734863,12440,0.0,0.0
2022-04-19 00:00:00-04:00,11.699999809265137,12.199999809265137,11.699999809265137,11.800000190734863,8650,0.0,0.0
2022-04-20 00:00:00-04:00,12.100000381469727,12.300000190734863,11.5,11.899999618530273,13950,0.0,0.0
2022-04-21 00:00:00-04:00,11.899999618530273,12.199999809265137,11.199999809265137,11.199999809265137,18280,0.0,0.0
2022-04-22 00:00:00-04:00,11.300000190734863,11.5,10.800000190734863,11.5,15770,0.0,0.0
2022-04-25 00:00:00-04:00,11.0,11.199999809265137,10.699999809265137,11.0,15930,0.0,0.0
2022-04-26 00:00:00-04:00,11.0,11.0,10.5,10.600000381469727,21310,0.0,0.0
2022-04-27 00:00:00-04:00,10.5,10.800000190734863,10.5,10.600000381469727,26570,0.0,0.0
2022-04-28 00:00:00-04:00,10.699999809265137,11.0,10.5,10.699999809265137,30350,0.0,0.0
2022-04-29 00:00:00-04:00,10.800000190734863,11.0,10.5,10.600000381469727,20230,0.0,0.0
2022-05-02 00:00:00-04:00,10.600000381469727,10.800000190734863,10.5,10.800000190734863,11400,0.0,0.0
2022-05-03 00:00:00-04:00,10.800000190734863,10.800000190734863,10.5,10.699999809265137,5730,0.0,0.0
2022-05-04 00:00:00-04:00,10.5,11.100000381469727,10.5,11.0,7430,0.0,0.0
2022-05-05 00:00:00-04:00,10.800000190734863,10.899999618530273,10.5,10.5,4150,0.0,0.0
2022-05-06 00:00:00-04:00,10.600000381469727,11.100000381469727,10.100000381469727,10.300000190734863,50910,0.0,0.0
2022-05-09 00:00:00-04:00,9.899999618530273,9.899999618530273,8.899999618530273,8.899999618530273,29340,0.0,0.0
2022-05-10 00:00:00-04:00,9.100000381469727,9.199999809265137,8.699999809265137,9.0,14120,0.0,0.0
2022-05-11 00:00:00-04:00,9.199999809265137,9.5,8.100000381469727,8.600000381469727,24640,0.0,0.0
2022-05-12 00:00:00-04:00,8.399999618530273,9.0,8.300000190734863,8.699999809265137,16560,0.0,0.0
2022-05-13 00:00:00-04:00,9.0,9.100000381469727,8.5,8.899999618530273,21900,0.0,0.0
2022-05-16 00:00:00-04:00,9.100000381469727,9.399999618530273,8.399999618530273,8.800000190734863,24760,0.0,0.0
2022-05-17 00:00:00-04:00,9.199999809265137,9.199999809265137,8.5,9.100000381469727,11100,0.0,0.0
2022-05-18 00:00:00-04:00,9.0,9.199999809265137,8.5,9.100000381469727,14990,0.0,0.0
2022-05-19 00:00:00-04:00,8.600000381469727,9.300000190734863,8.600000381469727,9.199999809265137,14800,0.0,0.0
2022-05-20 00:00:00-04:00,9.100000381469727,9.399999618530273,8.800000190734863,9.199999809265137,6810,0.0,0.0
2022-05-23 00:00:00-04:00,9.300000190734863,10.300000190734863,9.100000381469727,9.899999618530273,20880,0.0,0.0
2022-05-24 00:00:00-04:00,9.699999809265137,9.899999618530273,8.899999618530273,9.300000190734863,8700,0.0,0.0
2022-05-25 00:00:00-04:00,9.100000381469727,9.899999618530273,9.0,9.800000190734863,10210,0.0,0.0
2022-05-26 00:00:00-04:00,8.800000190734863,9.5,8.699999809265137,9.0,26890,0.0,0.0
2022-05-27 00:00:00-04:00,9.100000381469727,9.300000190734863,8.899999618530273,9.0,20320,0.0,0.0
2022-05-31 00:00:00-04:00,9.199999809265137,9.5,8.899999618530273,9.5,14150,0.0,0.0
2022-06-01 00:00:00-04:00,9.5,9.5,9.0,9.100000381469727,9380,0.0,0.0
2022-06-02 00:00:00-04:00,9.0,9.0,8.600000381469727,8.699999809265137,15310,0.0,0.0
2022-06-03 00:00:00-04:00,8.699999809265137,9.399999618530273,8.699999809265137,9.199999809265137,8790,0.0,0.0
2022-06-06 00:00:00-04:00,9.100000381469727,9.899999618530273,8.899999618530273,9.199999809265137,9470,0.0,0.0
2022-06-07 00:00:00-04:00,9.0,9.699999809265137,8.899999618530273,8.899999618530273,11100,0.0,0.0
2022-06-08 00:00:00-04:00,9.0,9.399999618530273,8.899999618530273,9.100000381469727,7180,0.0,0.0
2022-06-09 00:00:00-04:00,9.100000381469727,9.399999618530273,8.899999618530273,9.100000381469727,10930,0.0,0.0
2022-06-10 00:00:00-04:00,9.0,9.0,8.600000381469727,8.800000190734863,12840,0.0,0.0
2022-06-13 00:00:00-04:00,8.399999618530273,8.399999618530273,7.5,7.900000095367432,25200,0.0,0.0
2022-06-14 00:00:00-04:00,7.900000095367432,8.0,7.5,7.699999809265137,6410,0.0,0.0
2022-06-15 00:00:00-04:00,7.699999809265137,7.900000095367432,7.5,7.699999809265137,5710,0.0,0.0
2022-06-16 00:00:00-04:00,7.599999904632568,8.0,7.199999809265137,7.599999904632568,10190,0.0,0.0
2022-06-17 00:00:00-04:00,7.599999904632568,8.199999809265137,7.300000190734863,7.900000095367432,5880,0.0,0.0
2022-06-21 00:00:00-04:00,7.699999809265137,8.5,7.699999809265137,7.900000095367432,11530,0.0,0.0
2022-06-22 00:00:00-04:00,7.699999809265137,7.800000190734863,7.599999904632568,7.699999809265137,14010,0.0,0.0
2022-06-23 00:00:00-04:00,7.699999809265137,8.0,7.099999904632568,7.800000190734863,15780,0.0,0.0
2022-06-24 00:00:00-04:00,7.699999809265137,8.0,7.400000095367432,7.699999809265137,7060,0.0,0.0
2022-06-27 00:00:00-04:00,7.900000095367432,8.300000190734863,7.400000095367432,7.5,9090,0.0,0.0
2022-06-28 00:00:00-04:00,7.699999809265137,7.900000095367432,7.0,7.599999904632568,8190,0.0,0.0
2022-06-29 00:00:00-04:00,7.599999904632568,7.599999904632568,7.400000095367432,7.5,5060,0.0,0.0
2022-06-30 00:00:00-04:00,7.400000095367432,8.100000381469727,7.199999809265137,7.699999809265137,24150,0.0,0.0
2022-07-01 00:00:00-04:00,7.599999904632568,8.0,7.5,7.699999809265137,9710,0.0,0.0
2022-07-05 00:00:00-04:00,7.699999809265137,7.699999809265137,6.800000190734863,7.300000190734863,24090,0.0,0.0
2022-07-06 00:00:00-04:00,7.199999809265137,7.5,7.099999904632568,7.300000190734863,4210,0.0,0.0
2022-07-07 00:00:00-04:00,7.300000190734863,7.699999809265137,7.300000190734863,7.599999904632568,8310,0.0,0.0
2022-07-08 00:00:00-04:00,7.599999904632568,8.0,7.400000095367432,7.400000095367432,11770,0.0,0.0
2022-07-11 00:00:00-04:00,7.599999904632568,7.800000190734863,7.400000095367432,7.699999809265137,6600,0.0,0.0
2022-07-12 00:00:00-04:00,7.800000190734863,8.0,7.800000190734863,8.0,5440,0.0,0.0
2022-07-13 00:00:00-04:00,7.699999809265137,8.100000381469727,7.5,8.0,4850,0.0,0.0
2022-07-14 00:00:00-04:00,8.0,8.0,7.400000095367432,7.699999809265137,6490,0.0,0.0
2022-07-15 00:00:00-04:00,7.800000190734863,8.100000381469727,7.599999904632568,8.100000381469727,6260,0.0,0.0
2022-07-18 00:00:00-04:00,8.300000190734863,9.199999809265137,8.300000190734863,8.600000381469727,16370,0.0,0.0
2022-07-19 00:00:00-04:00,8.800000190734863,9.199999809265137,8.600000381469727,9.0,8260,0.0,0.0
2022-07-20 00:00:00-04:00,9.300000190734863,11.899999618530273,9.0,10.199999809265137,21980,0.0,0.0
2022-07-21 00:00:00-04:00,10.100000381469727,10.100000381469727,8.199999809265137,9.300000190734863,24720,0.0,0.0
2022-07-22 00:00:00-04:00,9.300000190734863,9.5,8.0,9.0,13500,0.0,0.0
2022-07-25 00:00:00-04:00,9.100000381469727,9.100000381469727,8.300000190734863,8.800000190734863,4300,0.0,0.0
2022-07-26 00:00:00-04:00,8.600000381469727,8.699999809265137,8.5,8.5,4160,0.0,0.0
2022-07-27 00:00:00-04:00,8.5,8.600000381469727,7.800000190734863,8.5,11980,0.0,0.0
2022-07-28 00:00:00-04:00,8.399999618530273,9.0,7.5,8.0,17920,0.0,0.0
2022-07-29 00:00:00-04:00,7.800000190734863,8.399999618530273,7.699999809265137,8.199999809265137,7650,0.0,0.0
2022-08-01 00:00:00-04:00,9.199999809265137,9.600000381469727,9.0,9.199999809265137,16970,0.0,0.0
2022-08-02 00:00:00-04:00,9.300000190734863,9.5,9.0,9.300000190734863,3560,0.0,0.0
2022-08-03 00:00:00-04:00,9.399999618530273,9.5,8.899999618530273,9.100000381469727,5160,0.0,0.0
2022-08-04 00:00:00-04:00,9.5,11.300000190734863,9.399999618530273,11.100000381469727,26640,0.0,0.0
2022-08-05 00:00:00-04:00,11.0,11.0,9.600000381469727,10.199999809265137,10740,0.0,0.0
2022-08-08 00:00:00-04:00,10.300000190734863,10.800000190734863,10.100000381469727,10.300000190734863,8870,0.0,0.0
2022-08-09 00:00:00-04:00,10.399999618530273,10.399999618530273,9.0,9.5,10370,0.0,0.0
2022-08-10 00:00:00-04:00,10.0,10.5,9.300000190734863,10.5,6350,0.0,0.0
2022-08-11 00:00:00-04:00,10.5,11.399999618530273,10.0,10.100000381469727,23700,0.0,0.0
2022-08-12 00:00:00-04:00,10.100000381469727,11.399999618530273,10.100000381469727,11.300000190734863,7400,0.0,0.0
2022-08-15 00:00:00-04:00,11.300000190734863,12.0,10.199999809265137,11.699999809265137,16330,0.0,0.0
2022-08-16 00:00:00-04:00,11.800000190734863,12.0,11.5,11.800000190734863,10070,0.0,0.0
2022-08-17 00:00:00-04:00,12.800000190734863,13.0,12.199999809265137,12.899999618530273,47180,0.0,0.0
2022-08-18 00:00:00-04:00,12.800000190734863,12.899999618530273,11.899999618530273,12.399999618530273,16170,0.0,0.0
2022-08-19 00:00:00-04:00,12.100000381469727,12.300000190734863,11.300000190734863,12.0,9940,0.0,0.0
2022-08-22 00:00:00-04:00,11.199999809265137,11.5,11.100000381469727,11.300000190734863,12100,0.0,0.0
2022-08-23 00:00:00-04:00,11.300000190734863,11.300000190734863,10.899999618530273,11.0,5040,0.0,0.0
2022-08-24 00:00:00-04:00,10.899999618530273,11.899999618530273,10.899999618530273,11.399999618530273,10590,0.0,0.0
2022-08-25 00:00:00-04:00,11.899999618530273,12.600000381469727,11.5,12.399999618530273,9560,0.0,0.0
2022-08-26 00:00:00-04:00,12.5,12.800000190734863,11.800000190734863,12.300000190734863,12350,0.0,0.0
2022-08-29 00:00:00-04:00,11.5,12.199999809265137,11.5,11.899999618530273,10160,0.0,0.0
2022-08-30 00:00:00-04:00,11.899999618530273,12.300000190734863,11.699999809265137,12.0,9580,0.0,0.0
2022-08-31 00:00:00-04:00,12.300000190734863,12.5,10.100000381469727,10.399999618530273,47140,0.0,0.0
2022-09-01 00:00:00-04:00,9.800000190734863,10.399999618530273,9.800000190734863,10.100000381469727,9970,0.0,0.0
2022-09-02 00:00:00-04:00,9.800000190734863,10.699999809265137,9.800000190734863,10.199999809265137,5570,0.0,0.0
2022-09-06 00:00:00-04:00,10.5,11.0,10.300000190734863,10.699999809265137,7920,0.0,0.0
2022-09-07 00:00:00-04:00,10.699999809265137,10.699999809265137,10.199999809265137,10.300000190734863,6200,0.0,0.0
2022-09-08 00:00:00-04:00,10.199999809265137,10.899999618530273,10.100000381469727,10.5,4690,0.0,0.0
2022-09-09 00:00:00-04:00,10.5,10.699999809265137,10.0,10.100000381469727,4900,0.0,0.0
2022-09-12 00:00:00-04:00,10.199999809265137,10.600000381469727,10.199999809265137,10.5,5760,0.0,0.0
2022-09-13 00:00:00-04:00,10.0,10.199999809265137,9.699999809265137,10.0,9990,0.0,0.0
2022-09-14 00:00:00-04:00,10.300000190734863,10.5,10.100000381469727,10.300000190734863,2520,0.0,0.0
2022-09-15 00:00:00-04:00,10.399999618530273,10.399999618530273,10.0,10.199999809265137,2120,0.0,0.0
2022-09-16 00:00:00-04:00,9.600000381469727,10.300000190734863,9.300000190734863,9.600000381469727,9480,0.0,0.0
2022-09-19 00:00:00-04:00,9.600000381469727,9.899999618530273,9.300000190734863,9.699999809265137,4680,0.0,0.0
2022-09-20 00:00:00-04:00,9.699999809265137,9.699999809265137,8.800000190734863,9.300000190734863,6080,0.0,0.0
2022-09-21 00:00:00-04:00,9.100000381469727,9.300000190734863,8.800000190734863,9.0,3290,0.0,0.0
2022-09-22 00:00:00-04:00,8.699999809265137,9.0,8.399999618530273,8.399999618530273,4410,0.0,0.0
2022-09-23 00:00:00-04:00,8.199999809265137,8.199999809265137,7.699999809265137,7.800000190734863,8800,0.0,0.0
2022-09-26 00:00:00-04:00,7.900000095367432,8.0,7.199999809265137,7.599999904632568,7720,0.0,0.0
2022-09-27 00:00:00-04:00,7.699999809265137,8.399999618530273,7.599999904632568,8.100000381469727,5200,0.0,0.0
2022-09-28 00:00:00-04:00,8.199999809265137,8.699999809265137,8.199999809265137,8.600000381469727,5130,0.0,0.0
2022-09-29 00:00:00-04:00,8.5,8.800000190734863,8.300000190734863,8.5,2590,0.0,0.0
2022-09-30 00:00:00-04:00,8.300000190734863,8.899999618530273,8.100000381469727,8.300000190734863,7350,0.0,0.0
2022-10-03 00:00:00-04:00,8.100000381469727,8.199999809265137,7.099999904632568,7.5,12070,0.0,0.0
2022-10-04 00:00:00-04:00,8.0,8.100000381469727,7.5,7.599999904632568,4060,0.0,0.0
2022-10-05 00:00:00-04:00,7.599999904632568,8.0,7.199999809265137,7.599999904632568,23210,0.0,0.0
2022-10-06 00:00:00-04:00,7.599999904632568,7.800000190734863,7.300000190734863,7.5,27220,0.0,0.0
2022-10-07 00:00:00-04:00,7.5,7.5,7.0,7.400000095367432,8770,0.0,0.0
2022-10-10 00:00:00-04:00,7.599999904632568,7.699999809265137,6.699999809265137,6.800000190734863,12330,0.0,0.0
2022-10-11 00:00:00-04:00,6.800000190734863,7.199999809265137,6.300000190734863,7.0,15870,0.0,0.0
2022-10-12 00:00:00-04:00,6.900000095367432,7.400000095367432,6.599999904632568,7.199999809265137,9940,0.0,0.0
2022-10-13 00:00:00-04:00,6.900000095367432,7.400000095367432,6.699999809265137,7.300000190734863,2440,0.0,0.0
2022-10-14 00:00:00-04:00,7.400000095367432,7.5,6.900000095367432,7.099999904632568,2580,0.0,0.0
2022-10-17 00:00:00-04:00,7.5,7.5,6.599999904632568,6.800000190734863,9350,0.0,0.0
2022-10-18 00:00:00-04:00,6.5,7.099999904632568,6.5,6.800000190734863,6250,0.0,0.0
2022-10-19 00:00:00-04:00,6.800000190734863,7.199999809265137,6.800000190734863,7.099999904632568,4050,0.0,0.0
2022-10-20 00:00:00-04:00,7.199999809265137,7.900000095367432,7.099999904632568,7.800000190734863,7360,0.0,0.0
2022-10-21 00:00:00-04:00,7.800000190734863,8.100000381469727,7.300000190734863,8.100000381469727,6770,0.0,0.0
2022-10-24 00:00:00-04:00,8.100000381469727,8.100000381469727,7.400000095367432,7.900000095367432,7440,0.0,0.0
2022-10-25 00:00:00-04:00,7.699999809265137,7.900000095367432,7.5,7.599999904632568,5040,0.0,0.0
2022-10-26 00:00:00-04:00,7.800000190734863,8.399999618530273,7.599999904632568,8.100000381469727,7350,0.0,0.0
2022-10-27 00:00:00-04:00,8.0,8.0,7.800000190734863,8.0,5440,0.0,0.0
2022-10-28 00:00:00-04:00,7.800000190734863,8.100000381469727,7.800000190734863,7.900000095367432,3460,0.0,0.0
2022-10-31 00:00:00-04:00,7.300000190734863,7.699999809265137,7.300000190734863,7.300000190734863,10610,0.0,0.0
2022-11-01 00:00:00-04:00,7.300000190734863,7.699999809265137,7.0,7.300000190734863,4010,0.0,0.0
2022-11-02 00:00:00-04:00,7.400000095367432,7.400000095367432,6.800000190734863,7.0,6140,0.0,0.0
2022-11-03 00:00:00-04:00,7.099999904632568,7.400000095367432,6.800000190734863,7.099999904632568,4330,0.0,0.0
2022-11-04 00:00:00-04:00,7.699999809265137,7.699999809265137,7.099999904632568,7.5,4040,0.0,0.0
2022-11-07 00:00:00-05:00,7.199999809265137,7.5,6.800000190734863,7.199999809265137,7240,0.0,0.0
2022-11-08 00:00:00-05:00,7.0,7.300000190734863,6.800000190734863,6.900000095367432,11750,0.0,0.0
2022-11-09 00:00:00-05:00,7.0,7.0,6.5,6.599999904632568,7490,0.0,0.0
2022-11-10 00:00:00-05:00,6.599999904632568,7.099999904632568,6.599999904632568,6.900000095367432,4320,0.0,0.0
2022-11-11 00:00:00-05:00,6.599999904632568,7.800000190734863,6.599999904632568,7.400000095367432,7820,0.0,0.0
2022-11-14 00:00:00-05:00,7.400000095367432,7.400000095367432,6.900000095367432,7.400000095367432,5610,0.0,0.0
2022-11-15 00:00:00-05:00,7.400000095367432,7.5,7.0,7.199999809265137,7950,0.0,0.0
2022-11-16 00:00:00-05:00,7.099999904632568,7.400000095367432,6.699999809265137,7.300000190734863,5990,0.0,0.0
2022-11-17 00:00:00-05:00,6.900000095367432,7.400000095367432,6.900000095367432,7.400000095367432,4890,0.0,0.0
2022-11-18 00:00:00-05:00,7.199999809265137,7.400000095367432,6.800000190734863,7.199999809265137,5410,0.0,0.0
2022-11-21 00:00:00-05:00,6.900000095367432,7.099999904632568,6.800000190734863,6.800000190734863,5860,0.0,0.0
2022-11-22 00:00:00-05:00,6.699999809265137,6.900000095367432,6.400000095367432,6.599999904632568,5680,0.0,0.0
2022-11-23 00:00:00-05:00,6.400000095367432,7.0,6.400000095367432,6.800000190734863,11710,0.0,0.0
2022-11-25 00:00:00-05:00,6.599999904632568,7.0,6.5,6.800000190734863,12610,0.0,0.0
2022-11-28 00:00:00-05:00,6.599999904632568,7.099999904632568,6.5,6.800000190734863,7880,0.0,0.0
2022-11-29 00:00:00-05:00,6.900000095367432,6.900000095367432,6.099999904632568,6.300000190734863,22540,0.0,0.0
2022-11-30 00:00:00-05:00,6.099999904632568,6.400000095367432,6.099999904632568,6.300000190734863,17110,0.0,0.0
2022-12-01 00:00:00-05:00,6.300000190734863,6.599999904632568,6.199999809265137,6.5,7860,0.0,0.0
2022-12-02 00:00:00-05:00,6.300000190734863,6.400000095367432,6.199999809265137,6.300000190734863,3770,0.0,0.0
2022-12-05 00:00:00-05:00,6.199999809265137,6.400000095367432,6.199999809265137,6.300000190734863,8220,0.0,0.0
2022-12-06 00:00:00-05:00,6.300000190734863,6.400000095367432,6.099999904632568,6.199999809265137,5730,0.0,0.0
2022-12-07 00:00:00-05:00,6.199999809265137,6.400000095367432,6.099999904632568,6.199999809265137,2770,0.0,0.0
2022-12-08 00:00:00-05:00,6.199999809265137,6.400000095367432,6.0,6.099999904632568,11190,0.0,0.0
2022-12-09 00:00:00-05:00,6.0,6.800000190734863,6.0,6.599999904632568,18350,0.0,0.0
2022-12-12 00:00:00-05:00,6.599999904632568,6.800000190734863,6.400000095367432,6.5,12920,0.0,0.0
2022-12-13 00:00:00-05:00,6.599999904632568,7.0,6.599999904632568,6.900000095367432,8880,0.0,0.0
2022-12-14 00:00:00-05:00,6.800000190734863,7.199999809265137,6.800000190734863,7.199999809265137,17390,0.0,0.0
2022-12-15 00:00:00-05:00,7.0,7.199999809265137,6.900000095367432,7.099999904632568,2200,0.0,0.0
2022-12-16 00:00:00-05:00,6.5,7.0,6.5,6.800000190734863,5780,0.0,0.0
2022-12-19 00:00:00-05:00,6.5,6.800000190734863,6.400000095367432,6.599999904632568,7090,0.0,0.0
2022-12-20 00:00:00-05:00,6.400000095367432,6.800000190734863,6.099999904632568,6.400000095367432,15330,0.0,0.0
2022-12-21 00:00:00-05:00,7.0,8.399999618530273,6.900000095367432,7.699999809265137,47840,0.0,0.0
2022-12-22 00:00:00-05:00,7.300000190734863,7.699999809265137,7.099999904632568,7.400000095367432,24160,0.0,0.0
2022-12-23 00:00:00-05:00,7.300000190734863,7.599999904632568,6.900000095367432,7.599999904632568,2500,0.0,0.0
2022-12-27 00:00:00-05:00,6.900000095367432,7.0,6.400000095367432,6.800000190734863,16540,0.0,0.0
2022-12-28 00:00:00-05:00,6.5,6.699999809265137,6.400000095367432,6.400000095367432,8390,0.0,0.0
2022-12-29 00:00:00-05:00,6.400000095367432,6.599999904632568,6.400000095367432,6.599999904632568,12660,0.0,0.0
2022-12-30 00:00:00-05:00,6.400000095367432,7.0,6.400000095367432,7.0,9860,0.0,0.0
2023-01-03 00:00:00-05:00,6.800000190734863,7.300000190734863,6.800000190734863,7.300000190734863,4730,0.0,0.0
2023-01-04 00:00:00-05:00,7.300000190734863,7.800000190734863,7.300000190734863,7.5,7660,0.0,0.0
2023-01-05 00:00:00-05:00,7.599999904632568,7.699999809265137,7.400000095367432,7.5,1070,0.0,0.0
2023-01-06 00:00:00-05:00,7.599999904632568,7.599999904632568,7.5,7.5,6280,0.0,0.0
2023-01-09 00:00:00-05:00,7.300000190734863,7.599999904632568,6.599999904632568,7.5,5890,0.0,0.0
2023-01-10 00:00:00-05:00,7.099999904632568,7.599999904632568,6.800000190734863,7.400000095367432,2760,0.0,0.0
2023-01-11 00:00:00-05:00,7.400000095367432,7.699999809265137,7.300000190734863,7.400000095367432,8490,0.0,0.0
2023-01-12 00:00:00-05:00,7.800000190734863,7.800000190734863,7.199999809265137,7.699999809265137,8020,0.0,0.0
2023-01-13 00:00:00-05:00,7.699999809265137,7.800000190734863,7.199999809265137,7.5,3590,0.0,0.0
2023-01-17 00:00:00-05:00,7.300000190734863,7.699999809265137,7.300000190734863,7.699999809265137,3740,0.0,0.0
2023-01-18 00:00:00-05:00,7.699999809265137,7.699999809265137,7.199999809265137,7.5,6010,0.0,0.0
2023-01-19 00:00:00-05:00,7.5,7.900000095367432,7.300000190734863,7.800000190734863,21440,0.0,0.0
2023-01-20 00:00:00-05:00,7.900000095367432,9.5,7.699999809265137,8.300000190734863,28360,0.0,0.0
2023-01-23 00:00:00-05:00,8.199999809265137,8.399999618530273,7.800000190734863,8.0,5740,0.0,0.0
2023-01-24 00:00:00-05:00,7.900000095367432,8.0,7.5,7.699999809265137,5030,0.0,0.0
2023-01-25 00:00:00-05:00,7.400000095367432,8.399999618530273,7.400000095367432,8.0,4210,0.0,0.0
2023-01-26 00:00:00-05:00,7.900000095367432,7.900000095367432,7.400000095367432,7.5,13880,0.0,0.0
2023-01-27 00:00:00-05:00,7.800000190734863,8.100000381469727,7.5,7.800000190734863,5780,0.0,0.0
2023-01-30 00:00:00-05:00,7.5,7.800000190734863,7.400000095367432,7.599999904632568,5780,0.0,0.0
2023-01-31 00:00:00-05:00,7.599999904632568,8.600000381469727,7.599999904632568,8.0,21150,0.0,0.0
2023-02-01 00:00:00-05:00,8.100000381469727,8.100000381469727,7.5,7.900000095367432,7930,0.0,0.0
2023-02-02 00:00:00-05:00,7.800000190734863,8.300000190734863,7.699999809265137,8.100000381469727,23300,0.0,0.0
2023-02-03 00:00:00-05:00,8.0,8.600000381469727,8.0,8.0,14170,0.0,0.0
2023-02-06 00:00:00-05:00,8.0,8.300000190734863,7.800000190734863,8.0,8420,0.0,0.0
2023-02-07 00:00:00-05:00,7.900000095367432,8.5,7.900000095367432,8.300000190734863,17020,0.0,0.0
2023-02-08 00:00:00-05:00,8.100000381469727,8.399999618530273,7.800000190734863,8.100000381469727,11350,0.0,0.0
2023-02-09 00:00:00-05:00,8.199999809265137,8.5,8.199999809265137,8.399999618530273,14210,0.0,0.0
2023-02-10 00:00:00-05:00,8.199999809265137,9.199999809265137,8.199999809265137,8.5,19240,0.0,0.0
2023-02-13 00:00:00-05:00,8.5,8.800000190734863,8.300000190734863,8.5,13650,0.0,0.0
2023-02-14 00:00:00-05:00,8.600000381469727,8.800000190734863,8.399999618530273,8.600000381469727,5880,0.0,0.0
2023-02-15 00:00:00-05:00,8.699999809265137,8.899999618530273,8.5,8.5,4750,0.0,0.0
2023-02-16 00:00:00-05:00,8.5,8.800000190734863,8.300000190734863,8.399999618530273,7880,0.0,0.0
2023-02-17 00:00:00-05:00,8.5,8.699999809265137,8.5,8.5,3050,0.0,0.0
2023-02-21 00:00:00-05:00,8.199999809265137,8.300000190734863,7.699999809265137,8.199999809265137,19510,0.0,0.0
2023-02-22 00:00:00-05:00,7.800000190734863,8.300000190734863,7.699999809265137,7.900000095367432,12850,0.0,0.0
2023-02-23 00:00:00-05:00,7.699999809265137,8.0,7.599999904632568,7.800000190734863,10050,0.0,0.0
2023-02-24 00:00:00-05:00,7.699999809265137,7.800000190734863,7.5,7.699999809265137,4390,0.0,0.0
2023-02-27 00:00:00-05:00,7.599999904632568,7.699999809265137,7.400000095367432,7.5,8760,0.0,0.0
2023-02-28 00:00:00-05:00,7.699999809265137,7.699999809265137,7.400000095367432,7.599999904632568,5580,0.0,0.0
2023-03-01 00:00:00-05:00,7.400000095367432,8.0,7.400000095367432,7.699999809265137,8690,0.0,0.0
2023-03-02 00:00:00-05:00,7.800000190734863,8.0,7.5,8.0,6160,0.0,0.0
2023-03-03 00:00:00-05:00,7.800000190734863,8.0,7.5,7.900000095367432,6310,0.0,0.0
2023-03-06 00:00:00-05:00,7.5,7.900000095367432,7.5,7.5,9910,0.0,0.0
2023-03-07 00:00:00-05:00,7.599999904632568,7.699999809265137,7.199999809265137,7.599999904632568,8050,0.0,0.0
2023-03-08 00:00:00-05:00,7.400000095367432,7.5,6.900000095367432,7.199999809265137,12500,0.0,0.0
2023-03-09 00:00:00-05:00,7.300000190734863,7.599999904632568,6.900000095367432,6.900000095367432,18970,0.0,0.0
2023-03-10 00:00:00-05:00,7.199999809265137,7.199999809265137,6.699999809265137,6.699999809265137,11960,0.0,0.0
2023-03-13 00:00:00-04:00,6.599999904632568,7.599999904632568,6.5,6.5,20510,0.0,0.0
2023-03-14 00:00:00-04:00,6.5,7.099999904632568,6.5,6.599999904632568,11890,0.0,0.0
2023-03-15 00:00:00-04:00,6.5,6.900000095367432,6.400000095367432,6.599999904632568,4960,0.0,0.0
2023-03-16 00:00:00-04:00,6.699999809265137,6.699999809265137,6.400000095367432,6.599999904632568,5390,0.0,0.0
2023-03-17 00:00:00-04:00,6.400000095367432,7.300000190734863,6.400000095367432,6.5,5860,0.0,0.0
2023-03-20 00:00:00-04:00,6.300000190734863,6.599999904632568,6.300000190734863,6.400000095367432,2480,0.0,0.0
2023-03-21 00:00:00-04:00,6.5,6.5,6.300000190734863,6.400000095367432,5440,0.0,0.0
2023-03-22 00:00:00-04:00,6.300000190734863,6.900000095367432,6.300000190734863,6.400000095367432,5840,0.0,0.0
2023-03-23 00:00:00-04:00,6.300000190734863,6.699999809265137,6.199999809265137,6.199999809265137,7730,0.0,0.0
2023-03-24 00:00:00-04:00,6.199999809265137,6.599999904632568,5.699999809265137,6.0,29830,0.0,0.0
2023-03-27 00:00:00-04:00,6.099999904632568,6.400000095367432,6.0,6.0,4480,0.0,0.0
2023-03-28 00:00:00-04:00,6.5,6.5,6.0,6.0,9560,0.0,0.0
2023-03-29 00:00:00-04:00,6.300000190734863,6.300000190734863,5.800000190734863,5.900000095367432,9170,0.0,0.0
2023-03-30 00:00:00-04:00,5.900000095367432,6.199999809265137,5.900000095367432,6.0,5350,0.0,0.0
2023-03-31 00:00:00-04:00,6.099999904632568,6.400000095367432,6.0,6.300000190734863,11560,0.0,0.0
2023-04-03 00:00:00-04:00,6.5,6.5,6.099999904632568,6.199999809265137,2540,0.0,0.0
2023-04-04 00:00:00-04:00,6.099999904632568,6.300000190734863,6.0,6.199999809265137,3170,0.0,0.0
2023-04-05 00:00:00-04:00,6.0,6.5,6.0,6.400000095367432,2600,0.0,0.0
2023-04-06 00:00:00-04:00,6.400000095367432,6.5,6.0,6.099999904632568,4070,0.0,0.0
2023-04-10 00:00:00-04:00,6.400000095367432,6.400000095367432,6.099999904632568,6.099999904632568,4010,0.0,0.0
2023-04-11 00:00:00-04:00,6.0,6.099999904632568,5.699999809265137,5.699999809265137,19380,0.0,0.0
2023-04-12 00:00:00-04:00,5.800000190734863,6.0,5.800000190734863,5.800000190734863,3990,0.0,0.0
2023-04-13 00:00:00-04:00,5.800000190734863,6.300000190734863,5.800000190734863,6.0,4020,0.0,0.0
2023-04-14 00:00:00-04:00,5.800000190734863,6.0,5.800000190734863,5.800000190734863,3790,0.0,0.0
2023-04-17 00:00:00-04:00,5.800000190734863,6.300000190734863,5.800000190734863,5.800000190734863,1710,0.0,0.0
2023-04-18 00:00:00-04:00,5.699999809265137,6.199999809265137,5.699999809265137,6.199999809265137,3080,0.0,0.0
2023-04-19 00:00:00-04:00,6.0,6.400000095367432,6.0,6.400000095367432,5690,0.0,0.0
2023-04-20 00:00:00-04:00,6.099999904632568,6.5,5.900000095367432,6.099999904632568,9100,0.0,0.0
2023-04-21 00:00:00-04:00,6.400000095367432,6.400000095367432,6.0,6.0,2280,0.0,0.0
2023-04-24 00:00:00-04:00,6.0,6.0,5.699999809265137,5.800000190734863,13980,0.0,0.0
2023-04-25 00:00:00-04:00,5.900000095367432,6.099999904632568,5.699999809265137,5.699999809265137,8380,0.0,0.0
2023-04-26 00:00:00-04:00,5.599999904632568,6.0,5.599999904632568,5.699999809265137,2670,0.0,0.0
2023-04-27 00:00:00-04:00,5.900000095367432,6.0,5.699999809265137,5.900000095367432,6100,0.0,0.0
2023-04-28 00:00:00-04:00,5.900000095367432,6.0,5.699999809265137,5.900000095367432,4030,0.0,0.0
2023-05-01 00:00:00-04:00,5.900000095367432,6.0,5.5,5.599999904632568,11580,0.0,0.0
2023-05-02 00:00:00-04:00,5.699999809265137,5.900000095367432,5.699999809265137,5.699999809265137,11490,0.0,0.0
2023-05-03 00:00:00-04:00,5.599999904632568,5.900000095367432,5.599999904632568,5.699999809265137,6200,0.0,0.0
2023-05-04 00:00:00-04:00,5.800000190734863,6.0,5.699999809265137,5.699999809265137,4530,0.0,0.0
2023-05-05 00:00:00-04:00,5.800000190734863,6.0,5.699999809265137,5.800000190734863,2930,0.0,0.0
2023-05-08 00:00:00-04:00,5.800000190734863,6.0,5.800000190734863,6.0,1430,0.0,0.0
2023-05-09 00:00:00-04:00,6.0,6.300000190734863,6.0,6.099999904632568,4440,0.0,0.0
2023-05-10 00:00:00-04:00,6.300000190734863,6.5,6.099999904632568,6.400000095367432,7410,0.0,0.0
2023-05-11 00:00:00-04:00,6.5,6.5,6.099999904632568,6.400000095367432,3060,0.0,0.0
2023-05-12 00:00:00-04:00,6.199999809265137,6.900000095367432,6.199999809265137,6.800000190734863,5050,0.0,0.0
2023-05-15 00:00:00-04:00,6.699999809265137,6.800000190734863,6.599999904632568,6.699999809265137,1660,0.0,0.0
2023-05-16 00:00:00-04:00,6.699999809265137,6.699999809265137,6.099999904632568,6.5,5550,0.0,0.0
2023-05-17 00:00:00-04:00,6.5,6.599999904632568,6.300000190734863,6.599999904632568,2050,0.0,0.0
2023-05-18 00:00:00-04:00,6.400000095367432,6.5,6.199999809265137,6.300000190734863,8060,0.0,0.0
2023-05-19 00:00:00-04:00,6.199999809265137,6.300000190734863,6.0,6.0,4580,0.0,0.0
2023-05-22 00:00:00-04:00,6.199999809265137,6.5,6.0,6.5,4050,0.0,0.0
2023-05-23 00:00:00-04:00,6.5,6.5,6.199999809265137,6.5,3800,0.0,0.0
2023-05-24 00:00:00-04:00,6.400000095367432,6.5,6.199999809265137,6.5,30960,0.0,0.0
2023-05-25 00:00:00-04:00,6.5,6.699999809265137,6.300000190734863,6.300000190734863,5480,0.0,0.0
2023-05-26 00:00:00-04:00,6.699999809265137,6.699999809265137,6.300000190734863,6.400000095367432,3770,0.0,0.0
2023-05-30 00:00:00-04:00,6.400000095367432,6.699999809265137,6.400000095367432,6.400000095367432,2870,0.0,0.0
2023-05-31 00:00:00-04:00,6.300000190734863,6.5,5.699999809265137,6.0,13750,0.0,0.0
2023-06-01 00:00:00-04:00,6.099999904632568,6.300000190734863,5.800000190734863,6.0,9810,0.0,0.0
2023-06-02 00:00:00-04:00,5.900000095367432,6.300000190734863,5.900000095367432,6.0,3650,0.0,0.0
2023-06-05 00:00:00-04:00,5.900000095367432,6.199999809265137,5.900000095367432,5.900000095367432,8330,0.0,0.0
2023-06-06 00:00:00-04:00,5.900000095367432,6.0,5.599999904632568,5.800000190734863,13660,0.0,0.0
2023-06-07 00:00:00-04:00,5.900000095367432,6.199999809265137,5.800000190734863,5.800000190734863,4870,0.0,0.0
2023-06-08 00:00:00-04:00,5.800000190734863,6.0,5.800000190734863,5.900000095367432,2790,0.0,0.0
2023-06-09 00:00:00-04:00,5.900000095367432,6.099999904632568,5.599999904632568,5.699999809265137,4970,0.0,0.0
2023-06-12 00:00:00-04:00,5.800000190734863,6.5,5.699999809265137,6.199999809265137,13050,0.0,0.0
2023-06-13 00:00:00-04:00,6.199999809265137,6.900000095367432,6.099999904632568,6.5,13260,0.0,0.0
2023-06-14 00:00:00-04:00,6.400000095367432,9.0,6.400000095367432,7.800000190734863,84540,0.0,0.0
2023-06-15 00:00:00-04:00,7.699999809265137,8.0,7.400000095367432,7.699999809265137,23570,0.0,0.0
2023-06-16 00:00:00-04:00,8.0,8.0,7.599999904632568,7.800000190734863,7260,0.0,0.0
2023-06-20 00:00:00-04:00,7.800000190734863,7.800000190734863,7.199999809265137,7.300000190734863,13520,0.0,0.0
2023-06-21 00:00:00-04:00,8.699999809265137,8.699999809265137,7.699999809265137,8.600000381469727,101620,0.0,0.0
2023-06-22 00:00:00-04:00,8.699999809265137,9.699999809265137,8.699999809265137,9.699999809265137,62480,0.0,0.0
2023-06-23 00:00:00-04:00,9.699999809265137,11.899999618530273,9.5,10.300000190734863,83430,0.0,0.0
2023-06-26 00:00:00-04:00,10.199999809265137,12.899999618530273,10.100000381469727,12.0,63250,0.0,0.0
2023-06-27 00:00:00-04:00,11.800000190734863,11.800000190734863,10.5,10.5,33800,0.0,0.0
2023-06-28 00:00:00-04:00,10.800000190734863,11.600000381469727,10.699999809265137,11.5,53460,0.0,0.0
2023-06-29 00:00:00-04:00,11.399999618530273,11.600000381469727,10.699999809265137,11.0,16290,0.0,0.0
2023-06-30 00:00:00-04:00,11.5,11.5,9.899999618530273,10.699999809265137,23320,0.0,0.0
2023-07-03 00:00:00-04:00,11.5,12.0,10.899999618530273,11.600000381469727,51030,0.0,0.0
2023-07-05 00:00:00-04:00,11.600000381469727,11.600000381469727,10.800000190734863,11.199999809265137,15940,0.0,0.0
2023-07-06 00:00:00-04:00,11.199999809265137,11.199999809265137,10.199999809265137,11.0,21660,0.0,0.0
2023-07-07 00:00:00-04:00,10.600000381469727,11.0,10.5,10.800000190734863,10950,0.0,0.0
2023-07-10 00:00:00-04:00,11.0,11.5,10.800000190734863,11.399999618530273,20870,0.0,0.0
2023-07-11 00:00:00-04:00,11.5,12.0,11.199999809265137,11.5,16610,0.0,0.0
2023-07-12 00:00:00-04:00,12.300000190734863,12.800000190734863,12.0,12.600000381469727,68450,0.0,0.0
2023-07-13 00:00:00-04:00,13.100000381469727,14.399999618530273,12.600000381469727,14.100000381469727,424840,0.0,0.0
2023-07-14 00:00:00-04:00,13.699999809265137,14.300000190734863,13.300000190734863,14.0,34270,0.0,0.0
2023-07-17 00:00:00-04:00,11.600000381469727,11.800000190734863,10.699999809265137,11.100000381469727,249980,0.0,0.0
2023-07-18 00:00:00-04:00,11.5,11.699999809265137,10.800000190734863,11.399999618530273,69900,0.0,0.0
2023-07-19 00:00:00-04:00,11.699999809265137,11.800000190734863,10.800000190734863,11.199999809265137,58440,0.0,0.0
2023-07-20 00:00:00-04:00,11.0,11.199999809265137,10.800000190734863,10.899999618530273,19810,0.0,0.0
2023-07-21 00:00:00-04:00,11.199999809265137,12.0,11.0,11.300000190734863,46050,0.0,0.0
2023-07-24 00:00:00-04:00,11.0,11.199999809265137,11.0,11.100000381469727,17290,0.0,0.0
2023-07-25 00:00:00-04:00,11.0,11.100000381469727,10.300000190734863,10.600000381469727,48470,0.0,0.0
2023-07-26 00:00:00-04:00,10.5,10.899999618530273,10.300000190734863,10.800000190734863,20090,0.0,0.0
2023-07-27 00:00:00-04:00,11.0,11.0,10.300000190734863,10.5,12300,0.0,0.0
2023-07-28 00:00:00-04:00,10.300000190734863,10.5,10.199999809265137,10.399999618530273,21630,0.0,0.0
2023-07-31 00:00:00-04:00,10.399999618530273,11.0,10.399999618530273,10.699999809265137,13180,0.0,0.0
2023-08-01 00:00:00-04:00,10.5,10.800000190734863,10.399999618530273,10.800000190734863,12070,0.0,0.0
2023-08-02 00:00:00-04:00,10.899999618530273,10.899999618530273,10.300000190734863,10.5,14660,0.0,0.0
2023-08-03 00:00:00-04:00,10.199999809265137,10.300000190734863,10.100000381469727,10.199999809265137,8210,0.0,0.0
2023-08-04 00:00:00-04:00,10.199999809265137,10.199999809265137,9.600000381469727,9.699999809265137,18590,0.0,0.0
2023-08-07 00:00:00-04:00,9.600000381469727,10.0,8.800000190734863,9.5,33640,0.0,0.0
2023-08-08 00:00:00-04:00,9.100000381469727,9.399999618530273,8.5,9.0,28370,0.0,0.0
2023-08-09 00:00:00-04:00,9.0,9.100000381469727,8.5,8.600000381469727,19380,0.0,0.0
2023-08-10 00:00:00-04:00,8.600000381469727,8.800000190734863,8.300000190734863,8.600000381469727,10780,0.0,0.0
2023-08-11 00:00:00-04:00,8.5,8.600000381469727,8.0,8.199999809265137,24090,0.0,0.0
2023-08-14 00:00:00-04:00,8.100000381469727,8.5,7.699999809265137,8.199999809265137,13110,0.0,0.0
2023-08-15 00:00:00-04:00,8.399999618530273,8.399999618530273,7.400000095367432,8.0,32940,0.0,0.0
2023-08-16 00:00:00-04:00,8.0,8.0,7.5,7.800000190734863,13690,0.0,0.0
2023-08-17 00:00:00-04:00,7.800000190734863,7.900000095367432,6.300000190734863,6.300000190734863,68730,0.0,0.0
2023-08-18 00:00:00-04:00,6.699999809265137,6.900000095367432,6.099999904632568,6.900000095367432,45990,0.0,0.0
2023-08-21 00:00:00-04:00,7.099999904632568,7.699999809265137,7.0,7.599999904632568,13050,0.0,0.0
2023-08-22 00:00:00-04:00,7.699999809265137,7.900000095367432,7.0,7.400000095367432,24390,0.0,0.0
2023-08-23 00:00:00-04:00,7.599999904632568,8.0,7.5,7.699999809265137,29490,0.0,0.0
2023-08-24 00:00:00-04:00,7.599999904632568,7.599999904632568,6.900000095367432,6.900000095367432,10300,0.0,0.0
2023-08-25 00:00:00-04:00,7.300000190734863,7.400000095367432,7.0,7.199999809265137,7700,0.0,0.0
2023-08-28 00:00:00-04:00,7.199999809265137,7.5,6.900000095367432,7.0,9580,0.0,0.0
2023-08-29 00:00:00-04:00,6.900000095367432,7.5,6.800000190734863,7.199999809265137,10820,0.0,0.0
2023-08-30 00:00:00-04:00,7.199999809265137,7.400000095367432,6.900000095367432,7.400000095367432,8300,0.0,0.0
2023-08-31 00:00:00-04:00,7.199999809265137,7.699999809265137,7.199999809265137,7.400000095367432,6770,0.0,0.0
2023-09-01 00:00:00-04:00,7.400000095367432,7.599999904632568,7.199999809265137,7.5,2730,0.0,0.0
2023-09-05 00:00:00-04:00,7.5,7.800000190734863,7.300000190734863,7.400000095367432,19060,0.0,0.0
2023-09-06 00:00:00-04:00,7.599999904632568,7.699999809265137,7.300000190734863,7.699999809265137,2450,0.0,0.0
2023-09-07 00:00:00-04:00,7.699999809265137,7.699999809265137,7.5,7.5,2380,0.0,0.0
2023-09-08 00:00:00-04:00,7.599999904632568,7.699999809265137,7.300000190734863,7.400000095367432,1430,0.0,0.0
2023-09-11 00:00:00-04:00,7.400000095367432,7.5,7.199999809265137,7.300000190734863,6760,0.0,0.0
2023-09-12 00:00:00-04:00,7.300000190734863,7.300000190734863,7.199999809265137,7.199999809265137,2680,0.0,0.0
2023-09-13 00:00:00-04:00,7.199999809265137,7.300000190734863,6.900000095367432,6.900000095367432,10830,0.0,0.0
2023-09-14 00:00:00-04:00,7.0,7.599999904632568,6.800000190734863,6.800000190734863,34750,0.0,0.0
2023-09-15 00:00:00-04:00,6.800000190734863,7.0,6.699999809265137,6.699999809265137,10680,0.0,0.0
2023-09-18 00:00:00-04:00,6.5,6.800000190734863,6.5,6.699999809265137,7090,0.0,0.0
2023-09-19 00:00:00-04:00,6.800000190734863,7.900000095367432,6.5,6.800000190734863,13960,0.0,0.0
2023-09-20 00:00:00-04:00,6.699999809265137,7.099999904632568,6.5,6.800000190734863,16890,0.0,0.0
2023-09-21 00:00:00-04:00,6.599999904632568,6.599999904632568,6.0,6.199999809265137,29470,0.0,0.0
2023-09-22 00:00:00-04:00,6.199999809265137,7.0,6.199999809265137,6.300000190734863,5740,0.0,0.0
2023-09-25 00:00:00-04:00,6.300000190734863,6.400000095367432,6.0,6.199999809265137,5620,0.0,0.0
2023-09-26 00:00:00-04:00,6.199999809265137,6.199999809265137,5.900000095367432,6.099999904632568,17300,0.0,0.0
2023-09-27 00:00:00-04:00,6.199999809265137,6.400000095367432,5.900000095367432,6.0,13400,0.0,0.0
2023-09-28 00:00:00-04:00,6.0,6.099999904632568,5.699999809265137,5.800000190734863,15180,0.0,0.0
2023-09-29 00:00:00-04:00,6.199999809265137,6.199999809265137,5.699999809265137,5.900000095367432,24990,0.0,0.0
2023-10-02 00:00:00-04:00,6.099999904632568,6.099999904632568,5.900000095367432,5.900000095367432,6890,0.0,0.0
2023-10-03 00:00:00-04:00,5.900000095367432,6.0,5.300000190734863,5.599999904632568,20920,0.0,0.0
2023-10-04 00:00:00-04:00,5.900000095367432,5.900000095367432,5.300000190734863,5.699999809265137,9930,0.0,0.0
2023-10-05 00:00:00-04:00,6.0,6.0,5.300000190734863,6.0,6780,0.0,0.0
2023-10-06 00:00:00-04:00,5.599999904632568,5.800000190734863,5.400000095367432,5.599999904632568,8070,0.0,0.0
2023-10-09 00:00:00-04:00,5.699999809265137,5.699999809265137,5.199999809265137,5.300000190734863,29010,0.0,0.0
2023-10-10 00:00:00-04:00,5.5,5.599999904632568,5.199999809265137,5.400000095367432,3580,0.0,0.0
2023-10-11 00:00:00-04:00,5.400000095367432,5.400000095367432,5.0,5.099999904632568,24490,0.0,0.0
2023-10-12 00:00:00-04:00,5.300000190734863,6.099999904632568,4.800000190734863,5.099999904632568,15720,0.0,0.0
2023-10-13 00:00:00-04:00,5.0,5.099999904632568,4.5,4.699999809265137,20390,0.0,0.0
2023-10-16 00:00:00-04:00,4.800000190734863,5.400000095367432,4.800000190734863,5.400000095367432,8550,0.0,0.0
2023-10-17 00:00:00-04:00,5.300000190734863,5.400000095367432,5.099999904632568,5.300000190734863,14820,0.0,0.0
2023-10-18 00:00:00-04:00,5.199999809265137,5.199999809265137,4.900000095367432,4.900000095367432,8270,0.0,0.0
2023-10-19 00:00:00-04:00,4.900000095367432,5.0,4.5,4.699999809265137,9400,0.0,0.0
2023-10-20 00:00:00-04:00,4.699999809265137,5.0,4.699999809265137,4.699999809265137,3000,0.0,0.0
2023-10-23 00:00:00-04:00,4.800000190734863,5.0,4.699999809265137,4.900000095367432,7930,0.0,0.0
2023-10-24 00:00:00-04:00,4.800000190734863,5.0,4.5,4.699999809265137,22990,0.0,0.0
2023-10-25 00:00:00-04:00,4.800000190734863,5.099999904632568,4.699999809265137,5.099999904632568,28280,0.0,0.0
2023-10-26 00:00:00-04:00,5.099999904632568,5.199999809265137,4.699999809265137,5.199999809265137,6740,0.0,0.0
2023-10-27 00:00:00-04:00,5.0,5.099999904632568,4.699999809265137,4.800000190734863,14970,0.0,0.0
2023-10-30 00:00:00-04:00,5.099999904632568,5.099999904632568,4.699999809265137,4.900000095367432,4080,0.0,0.0
2023-10-31 00:00:00-04:00,5.0,5.0,4.699999809265137,4.800000190734863,9750,0.0,0.0
2023-11-01 00:00:00-04:00,4.900000095367432,5.300000190734863,4.800000190734863,5.099999904632568,7530,0.0,0.0
2023-11-02 00:00:00-04:00,5.099999904632568,5.699999809265137,5.099999904632568,5.400000095367432,12980,0.0,0.0
2023-11-03 00:00:00-04:00,5.5,5.900000095367432,5.5,5.800000190734863,10980,0.0,0.0
2023-11-06 00:00:00-05:00,5.900000095367432,6.0,5.900000095367432,6.0,2900,0.0,0.0
2023-11-07 00:00:00-05:00,6.0,6.300000190734863,6.0,6.099999904632568,6560,0.0,0.0
2023-11-08 00:00:00-05:00,6.300000190734863,6.400000095367432,6.0,6.199999809265137,11010,0.0,0.0
2023-11-09 00:00:00-05:00,6.199999809265137,6.199999809265137,5.5,5.5,7000,0.0,0.0
2023-11-10 00:00:00-05:00,5.5,6.0,5.400000095367432,5.699999809265137,5040,0.0,0.0
2023-11-13 00:00:00-05:00,5.900000095367432,6.099999904632568,5.800000190734863,6.099999904632568,6640,0.0,0.0
2023-11-14 00:00:00-05:00,6.099999904632568,6.5,6.099999904632568,6.300000190734863,10090,0.0,0.0
2023-11-15 00:00:00-05:00,6.800000190734863,6.800000190734863,6.300000190734863,6.599999904632568,9740,0.0,0.0
2023-11-16 00:00:00-05:00,6.699999809265137,6.699999809265137,6.300000190734863,6.699999809265137,5840,0.0,0.0
2023-11-17 00:00:00-05:00,6.800000190734863,6.800000190734863,6.300000190734863,6.599999904632568,5400,0.0,0.0
2023-11-20 00:00:00-05:00,6.5,6.5,6.099999904632568,6.300000190734863,5880,0.0,0.0
2023-11-21 00:00:00-05:00,6.300000190734863,6.300000190734863,6.099999904632568,6.300000190734863,11620,0.0,0.0
2023-11-22 00:00:00-05:00,6.099999904632568,6.199999809265137,5.699999809265137,6.0,11170,0.0,0.0
2023-11-24 00:00:00-05:00,5.900000095367432,6.0,5.699999809265137,5.900000095367432,6150,0.0,0.0
2023-11-27 00:00:00-05:00,5.900000095367432,5.900000095367432,5.5,5.599999904632568,9810,0.0,0.0
2023-11-28 00:00:00-05:00,5.800000190734863,6.0,5.5,6.0,13800,0.0,0.0
2023-11-29 00:00:00-05:00,6.0,7.0,5.800000190734863,6.699999809265137,30360,0.0,0.0
2023-11-30 00:00:00-05:00,6.5,6.800000190734863,6.400000095367432,6.5,7060,0.0,0.0
2023-12-01 00:00:00-05:00,6.800000190734863,7.199999809265137,6.599999904632568,6.900000095367432,15190,0.0,0.0
2023-12-04 00:00:00-05:00,6.800000190734863,7.599999904632568,6.800000190734863,7.300000190734863,15510,0.0,0.0
2023-12-05 00:00:00-05:00,7.699999809265137,8.5,7.5,8.399999618530273,43140,0.0,0.0
2023-12-06 00:00:00-05:00,8.199999809265137,8.600000381469727,8.199999809265137,8.399999618530273,32360,0.0,0.0
2023-12-07 00:00:00-05:00,7.699999809265137,8.300000190734863,7.699999809265137,8.100000381469727,18830,0.0,0.0
2023-12-08 00:00:00-05:00,8.100000381469727,8.5,7.800000190734863,8.0,1290,0.0,0.0
2023-12-11 00:00:00-05:00,7.5,7.699999809265137,6.599999904632568,7.199999809265137,15840,0.0,0.0
2023-12-12 00:00:00-05:00,6.800000190734863,6.900000095367432,6.599999904632568,6.699999809265137,12070,0.0,0.0
2023-12-13 00:00:00-05:00,6.800000190734863,7.099999904632568,6.5,6.699999809265137,9320,0.0,0.0
2023-12-14 00:00:00-05:00,7.0,7.0,6.5,6.599999904632568,9190,0.0,0.0
2023-12-15 00:00:00-05:00,6.699999809265137,7.0,6.599999904632568,6.900000095367432,11640,0.0,0.0
2023-12-18 00:00:00-05:00,6.5,6.900000095367432,6.5,6.699999809265137,14550,0.0,0.0
2023-12-19 00:00:00-05:00,6.800000190734863,8.0,6.800000190734863,7.699999809265137,44340,0.0,0.0
2023-12-20 00:00:00-05:00,8.0,9.600000381469727,7.900000095367432,8.600000381469727,73310,0.0,0.0
2023-12-21 00:00:00-05:00,8.800000190734863,8.899999618530273,7.800000190734863,8.399999618530273,17980,0.0,0.0
2023-12-22 00:00:00-05:00,8.199999809265137,8.899999618530273,8.199999809265137,8.699999809265137,19750,0.0,0.0
2023-12-26 00:00:00-05:00,8.600000381469727,8.800000190734863,8.199999809265137,8.800000190734863,15340,0.0,0.0
2023-12-27 00:00:00-05:00,8.399999618530273,8.899999618530273,8.100000381469727,8.399999618530273,13890,0.0,0.0
2023-12-28 00:00:00-05:00,8.100000381469727,8.600000381469727,8.100000381469727,8.5,18890,0.0,0.0
2023-12-29 00:00:00-05:00,8.399999618530273,8.5,8.100000381469727,8.399999618530273,12560,0.0,0.0
2024-01-02 00:00:00-05:00,8.800000190734863,9.0,8.399999618530273,8.699999809265137,20930,0.0,0.0
2024-01-03 00:00:00-05:00,9.0,9.800000190734863,9.0,9.199999809265137,64750,0.0,0.0
2024-01-04 00:00:00-05:00,9.600000381469727,10.100000381469727,9.399999618530273,9.800000190734863,28840,0.0,0.0
2024-01-05 00:00:00-05:00,9.800000190734863,10.0,9.399999618530273,9.600000381469727,10930,0.0,0.0
2024-01-08 00:00:00-05:00,9.0,9.300000190734863,8.5,9.0,28760,0.0,0.0
2024-01-09 00:00:00-05:00,8.800000190734863,10.0,8.800000190734863,9.600000381469727,17840,0.0,0.0
2024-01-10 00:00:00-05:00,9.399999618530273,9.699999809265137,9.199999809265137,9.600000381469727,8920,0.0,0.0
2024-01-11 00:00:00-05:00,9.300000190734863,9.5,9.199999809265137,9.5,12300,0.0,0.0
2024-01-12 00:00:00-05:00,9.300000190734863,9.5,9.100000381469727,9.399999618530273,4850,0.0,0.0
2024-01-16 00:00:00-05:00,8.800000190734863,8.800000190734863,8.600000381469727,8.699999809265137,12920,0.0,0.0
2024-01-17 00:00:00-05:00,8.300000190734863,8.399999618530273,7.800000190734863,7.900000095367432,21360,0.0,0.0
2024-01-18 00:00:00-05:00,7.800000190734863,8.600000381469727,7.800000190734863,8.199999809265137,13680,0.0,0.0
2024-01-19 00:00:00-05:00,8.300000190734863,8.800000190734863,8.199999809265137,8.399999618530273,8690,0.0,0.0
2024-01-22 00:00:00-05:00,8.300000190734863,8.5,8.0,8.5,12930,0.0,0.0
2024-01-23 00:00:00-05:00,8.5,8.5,8.0,8.199999809265137,5270,0.0,0.0
2024-01-24 00:00:00-05:00,8.199999809265137,8.399999618530273,8.0,8.199999809265137,4110,0.0,0.0
2024-01-25 00:00:00-05:00,8.100000381469727,8.100000381469727,7.0,7.5,26610,0.0,0.0
2024-01-26 00:00:00-05:00,7.800000190734863,7.800000190734863,7.0,7.0,20360,0.0,0.0
2024-01-29 00:00:00-05:00,7.699999809265137,7.900000095367432,7.400000095367432,7.800000190734863,14820,0.0,0.0
2024-01-30 00:00:00-05:00,7.900000095367432,7.900000095367432,7.300000190734863,7.800000190734863,17740,0.0,0.0
2024-01-31 00:00:00-05:00,7.699999809265137,7.800000190734863,7.400000095367432,7.599999904632568,2210,0.0,0.0
2024-02-01 00:00:00-05:00,7.699999809265137,8.199999809265137,7.199999809265137,7.900000095367432,7990,0.0,0.0
2024-02-02 00:00:00-05:00,8.100000381469727,8.100000381469727,7.599999904632568,7.699999809265137,3190,0.0,0.0
2024-02-05 00:00:00-05:00,7.5,7.900000095367432,7.5,7.800000190734863,6800,0.0,0.0
2024-02-06 00:00:00-05:00,7.599999904632568,7.800000190734863,7.099999904632568,7.599999904632568,27660,0.0,0.0
2024-02-07 00:00:00-05:00,7.599999904632568,7.699999809265137,7.300000190734863,7.300000190734863,7180,0.0,0.0
2024-02-08 00:00:00-05:00,7.199999809265137,7.5,7.199999809265137,7.5,5080,0.0,0.0
2024-02-09 00:00:00-05:00,7.800000190734863,7.900000095367432,7.5,7.599999904632568,6910,0.0,0.0
2024-02-12 00:00:00-05:00,7.5,7.599999904632568,7.300000190734863,7.599999904632568,6120,0.0,0.0
2024-02-13 00:00:00-05:00,7.400000095367432,7.400000095367432,7.099999904632568,7.400000095367432,8050,0.0,0.0
2024-02-14 00:00:00-05:00,7.5,7.699999809265137,7.199999809265137,7.599999904632568,6760,0.0,0.0
2024-02-15 00:00:00-05:00,7.400000095367432,7.599999904632568,7.400000095367432,7.5,4720,0.0,0.0
2024-02-16 00:00:00-05:00,7.099999904632568,7.5,7.099999904632568,7.5,5220,0.0,0.0
2024-02-20 00:00:00-05:00,7.599999904632568,7.800000190734863,7.5,7.599999904632568,13930,0.0,0.0
2024-02-21 00:00:00-05:00,8.399999618530273,9.300000190734863,8.399999618530273,9.300000190734863,295080,0.0,0.0
2024-02-22 00:00:00-05:00,8.600000381469727,9.5,8.600000381469727,9.0,34960,0.0,0.0
2024-02-23 00:00:00-05:00,9.0,9.199999809265137,8.899999618530273,8.899999618530273,8920,0.0,0.0
2024-02-26 00:00:00-05:00,8.600000381469727,9.300000190734863,8.600000381469727,8.800000190734863,22640,0.0,0.0
2024-02-27 00:00:00-05:00,8.800000190734863,9.199999809265137,8.699999809265137,8.899999618530273,7150,0.0,0.0
2024-02-28 00:00:00-05:00,8.600000381469727,9.0,8.600000381469727,8.899999618530273,7740,0.0,0.0
2024-02-29 00:00:00-05:00,8.699999809265137,9.300000190734863,8.699999809265137,9.100000381469727,13050,0.0,0.0
2024-03-01 00:00:00-05:00,9.0,10.0,9.0,9.800000190734863,38680,0.0,0.0
2024-03-04 00:00:00-05:00,9.800000190734863,10.399999618530273,9.100000381469727,9.699999809265137,52610,0.0,0.0
2024-03-05 00:00:00-05:00,9.699999809265137,10.0,9.300000190734863,9.600000381469727,11250,0.0,0.0
2024-03-06 00:00:00-05:00,10.0,10.0,8.800000190734863,9.300000190734863,24450,0.0,0.0
2024-03-07 00:00:00-05:00,9.0,9.899999618530273,8.800000190734863,9.600000381469727,36390,0.0,0.0
2024-03-08 00:00:00-05:00,9.0,9.699999809265137,8.699999809265137,9.300000190734863,9160,0.0,0.0
2024-03-11 00:00:00-04:00,9.300000190734863,9.300000190734863,8.699999809265137,8.699999809265137,15810,0.0,0.0
2024-03-12 00:00:00-04:00,8.600000381469727,8.899999618530273,8.0,8.199999809265137,18010,0.0,0.0
2024-03-13 00:00:00-04:00,8.199999809265137,8.399999618530273,7.699999809265137,7.699999809265137,23460,0.0,0.0
2024-03-14 00:00:00-04:00,7.800000190734863,8.199999809265137,7.599999904632568,7.699999809265137,16660,0.0,0.0
2024-03-15 00:00:00-04:00,7.699999809265137,8.600000381469727,7.699999809265137,8.199999809265137,5650,0.0,0.0
2024-03-18 00:00:00-04:00,8.0,8.300000190734863,7.800000190734863,8.100000381469727,6750,0.0,0.0
2024-03-19 00:00:00-04:00,8.100000381469727,8.300000190734863,7.900000095367432,8.0,5310,0.0,0.0
2024-03-20 00:00:00-04:00,8.0,8.100000381469727,7.800000190734863,8.0,8340,0.0,0.0
2024-03-21 00:00:00-04:00,8.100000381469727,8.100000381469727,7.699999809265137,7.900000095367432,9760,0.0,0.0
2024-03-22 00:00:00-04:00,7.699999809265137,8.0,7.699999809265137,7.900000095367432,3630,0.0,0.0
2024-03-25 00:00:00-04:00,7.800000190734863,8.100000381469727,7.5,7.900000095367432,4130,0.0,0.0
2024-03-26 00:00:00-04:00,7.699999809265137,7.699999809265137,7.300000190734863,7.300000190734863,23750,0.0,0.0
2024-03-27 00:00:00-04:00,7.300000190734863,7.800000190734863,7.199999809265137,7.400000095367432,3060,0.0,0.0
2024-03-28 00:00:00-04:00,7.300000190734863,7.699999809265137,7.300000190734863,7.5,5870,0.0,0.0
2024-04-01 00:00:00-04:00,7.599999904632568,7.900000095367432,7.300000190734863,7.800000190734863,15470,0.0,0.0
2024-04-02 00:00:00-04:00,7.599999904632568,7.800000190734863,7.400000095367432,7.599999904632568,9710,0.0,0.0
2024-04-03 00:00:00-04:00,7.800000190734863,7.900000095367432,7.400000095367432,7.599999904632568,2450,0.0,0.0
2024-04-04 00:00:00-04:00,7.5,7.599999904632568,7.400000095367432,7.400000095367432,8310,0.0,0.0
2024-04-05 00:00:00-04:00,7.5,7.599999904632568,7.400000095367432,7.400000095367432,2820,0.0,0.0
2024-04-08 00:00:00-04:00,7.400000095367432,8.600000381469727,7.400000095367432,7.900000095367432,20870,0.0,0.0
2024-04-09 00:00:00-04:00,7.800000190734863,8.5,7.699999809265137,8.100000381469727,4410,0.0,0.0
2024-04-10 00:00:00-04:00,7.800000190734863,8.100000381469727,7.599999904632568,7.800000190734863,7750,0.0,0.0
2024-04-11 00:00:00-04:00,7.699999809265137,7.800000190734863,7.400000095367432,7.400000095367432,6360,0.0,0.0
2024-04-12 00:00:00-04:00,7.400000095367432,7.800000190734863,7.400000095367432,7.400000095367432,1950,0.0,0.0
2024-04-15 00:00:00-04:00,7.400000095367432,7.400000095367432,6.800000190734863,6.900000095367432,11700,0.0,0.0
2024-04-16 00:00:00-04:00,7.0,7.099999904632568,6.800000190734863,7.0,5500,0.0,0.0
2024-04-17 00:00:00-04:00,7.0,7.099999904632568,6.800000190734863,6.900000095367432,6260,0.0,0.0
2024-04-18 00:00:00-04:00,6.800000190734863,6.800000190734863,6.300000190734863,6.400000095367432,10390,0.0,0.0
2024-04-19 00:00:00-04:00,6.400000095367432,6.599999904632568,6.099999904632568,6.099999904632568,7220,0.0,0.0
2024-04-22 00:00:00-04:00,6.400000095367432,6.599999904632568,6.400000095367432,6.5,4150,0.0,0.0
2024-04-23 00:00:00-04:00,6.800000190734863,6.900000095367432,6.400000095367432,6.599999904632568,3800,0.0,0.0
2024-04-24 00:00:00-04:00,6.699999809265137,6.800000190734863,6.599999904632568,6.699999809265137,2300,0.0,0.0
2024-04-25 00:00:00-04:00,6.5,6.800000190734863,6.400000095367432,6.599999904632568,2820,0.0,0.0
2024-04-26 00:00:00-04:00,6.400000095367432,6.699999809265137,6.199999809265137,6.300000190734863,7990,0.0,0.0
2024-04-29 00:00:00-04:00,6.300000190734863,6.599999904632568,6.300000190734863,6.5,3440,0.0,0.0
2024-04-30 00:00:00-04:00,6.599999904632568,7.0,6.5,7.0,6450,0.0,0.0
2024-05-01 00:00:00-04:00,7.0,7.300000190734863,6.699999809265137,7.199999809265137,10350,0.0,0.0
2024-05-02 00:00:00-04:00,7.199999809265137,7.300000190734863,6.900000095367432,7.099999904632568,4590,0.0,0.0
2024-05-03 00:00:00-04:00,7.0,7.300000190734863,6.699999809265137,7.099999904632568,2540,0.0,0.0
2024-05-06 00:00:00-04:00,7.199999809265137,7.199999809265137,7.099999904632568,7.099999904632568,1310,0.0,0.0
2024-05-07 00:00:00-04:00,7.300000190734863,7.400000095367432,7.0,7.099999904632568,1910,0.0,0.0
2024-05-08 00:00:00-04:00,7.199999809265137,7.199999809265137,6.900000095367432,7.0,1620,0.0,0.0
2024-05-09 00:00:00-04:00,7.099999904632568,7.199999809265137,7.0,7.0,3120,0.0,0.0
2024-05-10 00:00:00-04:00,7.0,7.099999904632568,6.800000190734863,6.900000095367432,1950,0.0,0.0
2024-05-13 00:00:00-04:00,6.900000095367432,7.0,6.599999904632568,6.800000190734863,4090,0.0,0.0
2024-05-14 00:00:00-04:00,6.800000190734863,7.099999904632568,6.800000190734863,6.900000095367432,1970,0.0,0.0
2024-05-15 00:00:00-04:00,6.900000095367432,7.0,6.699999809265137,6.800000190734863,6930,0.0,0.0
2024-05-16 00:00:00-04:00,6.800000190734863,6.800000190734863,6.400000095367432,6.5,7890,0.0,0.0
2024-05-17 00:00:00-04:00,6.5,6.699999809265137,6.400000095367432,6.599999904632568,6920,0.0,0.0
2024-05-20 00:00:00-04:00,6.5,7.099999904632568,6.5,6.900000095367432,5850,0.0,0.0
2024-05-21 00:00:00-04:00,6.900000095367432,7.300000190734863,6.900000095367432,7.300000190734863,11060,0.0,0.0
2024-05-22 00:00:00-04:00,7.5,7.800000190734863,7.199999809265137,7.400000095367432,10980,0.0,0.0
2024-05-23 00:00:00-04:00,7.900000095367432,9.0,7.0,7.199999809265137,98620,0.0,0.0
2024-05-24 00:00:00-04:00,7.199999809265137,8.5,7.199999809265137,8.199999809265137,7120,0.0,0.0
2024-05-28 00:00:00-04:00,7.599999904632568,7.900000095367432,7.599999904632568,7.699999809265137,10400,0.0,0.0
2024-05-29 00:00:00-04:00,7.300000190734863,7.699999809265137,7.300000190734863,7.699999809265137,5020,0.0,0.0
2024-05-30 00:00:00-04:00,7.400000095367432,7.699999809265137,7.400000095367432,7.699999809265137,3730,0.0,0.0
2024-05-31 00:00:00-04:00,7.599999904632568,7.699999809265137,7.400000095367432,7.5,3470,0.0,0.0
2024-06-03 00:00:00-04:00,7.199999809265137,7.599999904632568,7.199999809265137,7.5,3090,0.0,0.0
2024-06-04 00:00:00-04:00,7.300000190734863,7.5,6.900000095367432,7.400000095367432,8710,0.0,0.0
2024-06-05 00:00:00-04:00,7.0,7.300000190734863,6.699999809265137,7.0,10640,0.0,0.0
2024-06-06 00:00:00-04:00,6.900000095367432,7.199999809265137,6.800000190734863,6.800000190734863,4720,0.0,0.0
2024-06-07 00:00:00-04:00,6.800000190734863,7.5,6.800000190734863,6.900000095367432,4730,0.0,0.0
2024-06-10 00:00:00-04:00,6.800000190734863,7.0,6.699999809265137,6.699999809265137,4870,0.0,0.0
2024-06-11 00:00:00-04:00,6.5,6.800000190734863,6.400000095367432,6.599999904632568,4990,0.0,0.0
2024-06-12 00:00:00-04:00,6.5,6.800000190734863,6.5,6.599999904632568,3910,0.0,0.0
2024-06-13 00:00:00-04:00,6.699999809265137,6.699999809265137,6.5,6.599999904632568,8040,0.0,0.0
2024-06-14 00:00:00-04:00,6.5,6.699999809265137,6.400000095367432,6.599999904632568,5420,0.0,0.0
2024-06-17 00:00:00-04:00,6.699999809265137,6.699999809265137,6.400000095367432,6.5,4870,0.0,0.0
2024-06-18 00:00:00-04:00,6.300000190734863,6.699999809265137,6.300000190734863,6.599999904632568,7560,0.0,0.0
2024-06-20 00:00:00-04:00,6.400000095367432,6.5,6.199999809265137,6.199999809265137,14380,0.0,0.0
2024-06-21 00:00:00-04:00,6.199999809265137,6.5,6.199999809265137,6.300000190734863,3240,0.0,0.0
2024-06-24 00:00:00-04:00,6.199999809265137,6.400000095367432,6.199999809265137,6.300000190734863,5850,0.0,0.0
2024-06-25 00:00:00-04:00,6.300000190734863,6.599999904632568,6.199999809265137,6.300000190734863,4210,0.0,0.0
2024-06-26 00:00:00-04:00,6.400000095367432,6.699999809265137,6.300000190734863,6.400000095367432,6670,0.0,0.0
2024-06-27 00:00:00-04:00,6.5,6.900000095367432,6.300000190734863,6.900000095367432,4800,0.0,0.0
2024-06-28 00:00:00-04:00,7.099999904632568,7.099999904632568,6.400000095367432,6.5,5580,0.0,0.0
2024-07-01 00:00:00-04:00,6.5,6.699999809265137,6.300000190734863,6.400000095367432,3090,0.0,0.0
2024-07-02 00:00:00-04:00,6.400000095367432,7.199999809265137,6.300000190734863,6.699999809265137,8230,0.0,0.0
2024-07-03 00:00:00-04:00,6.599999904632568,6.599999904632568,6.300000190734863,6.400000095367432,3830,0.0,0.0
2024-07-05 00:00:00-04:00,6.300000190734863,6.599999904632568,6.199999809265137,6.400000095367432,7290,0.0,0.0
2024-07-08 00:00:00-04:00,6.400000095367432,6.5,6.199999809265137,6.400000095367432,12980,0.0,0.0
2024-07-09 00:00:00-04:00,6.5,6.5,6.199999809265137,6.400000095367432,11710,0.0,0.0
2024-07-10 00:00:00-04:00,6.199999809265137,6.300000190734863,6.099999904632568,6.300000190734863,12010,0.0,0.0
2024-07-11 00:00:00-04:00,6.300000190734863,6.400000095367432,6.099999904632568,6.300000190734863,22440,0.0,0.0
2024-07-12 00:00:00-04:00,6.199999809265137,6.400000095367432,6.099999904632568,6.400000095367432,3440,0.0,0.0
2024-07-15 00:00:00-04:00,6.5,6.800000190734863,6.199999809265137,6.400000095367432,18780,0.0,0.0
2024-07-16 00:00:00-04:00,6.699999809265137,6.699999809265137,6.199999809265137,6.400000095367432,18000,0.0,0.0
2024-07-17 00:00:00-04:00,6.400000095367432,6.5,6.099999904632568,6.199999809265137,25380,0.0,0.0
2024-07-18 00:00:00-04:00,6.099999904632568,6.300000190734863,5.900000095367432,5.900000095367432,23200,0.0,0.0
2024-07-19 00:00:00-04:00,5.900000095367432,6.300000190734863,5.900000095367432,6.0,3170,0.0,0.0
2024-07-22 00:00:00-04:00,6.099999904632568,6.300000190734863,6.0,6.199999809265137,3720,0.0,0.0
2024-07-23 00:00:00-04:00,5.900000095367432,5.900000095367432,5.099999904632568,5.300000190734863,97390,0.0,0.0
2024-07-24 00:00:00-04:00,5.900000095367432,6.300000190734863,5.699999809265137,5.900000095367432,76590,0.0,0.0
2024-07-25 00:00:00-04:00,5.25,5.400000095367432,4.599999904632568,4.840000152587891,78000,0.0,0.1
2024-07-26 00:00:00-04:00,4.800000190734863,5.139999866485596,4.789999961853027,5.139999866485596,55200,0.0,0.0
2024-07-29 00:00:00-04:00,4.989999771118164,5.699999809265137,4.96999979019165,5.460000038146973,52000,0.0,0.0
2024-07-30 00:00:00-04:00,5.380000114440918,5.380000114440918,4.900000095367432,4.989999771118164,22500,0.0,0.0
2024-07-31 00:00:00-04:00,5.099999904632568,5.110000133514404,4.829999923706055,4.829999923706055,38800,0.0,0.0
2024-08-01 00:00:00-04:00,4.820000171661377,5.139999866485596,4.769999980926514,4.869999885559082,19400,0.0,0.0
2024-08-02 00:00:00-04:00,4.809999942779541,4.860000133514404,4.650000095367432,4.840000152587891,26700,0.0,0.0
2024-08-05 00:00:00-04:00,4.269999980926514,4.590000152587891,4.199999809265137,4.349999904632568,41400,0.0,0.0
2024-08-06 00:00:00-04:00,4.400000095367432,4.400000095367432,4.28000020980835,4.300000190734863,13200,0.0,0.0
2024-08-07 00:00:00-04:00,4.369999885559082,4.449999809265137,4.199999809265137,4.25,16500,0.0,0.0
2024-08-08 00:00:00-04:00,4.21999979019165,4.25,4.019999980926514,4.050000190734863,29500,0.0,0.0
2024-08-09 00:00:00-04:00,4.070000171661377,4.289999961853027,4.050000190734863,4.159999847412109,17900,0.0,0.0
2024-08-12 00:00:00-04:00,4.099999904632568,4.099999904632568,3.859999895095825,3.880000114440918,27800,0.0,0.0
2024-08-13 00:00:00-04:00,3.7899999618530273,4.289999961853027,3.7899999618530273,4.190000057220459,22000,0.0,0.0
2024-08-14 00:00:00-04:00,4.21999979019165,4.21999979019165,4.099999904632568,4.150000095367432,10800,0.0,0.0
2024-08-15 00:00:00-04:00,4.159999847412109,4.21999979019165,4.139999866485596,4.159999847412109,12500,0.0,0.0
2024-08-16 00:00:00-04:00,4.130000114440918,4.179999828338623,4.119999885559082,4.150000095367432,4700,0.0,0.0
2024-08-19 00:00:00-04:00,4.099999904632568,4.099999904632568,3.9100000858306885,3.950000047683716,19700,0.0,0.0
2024-08-20 00:00:00-04:00,4.070000171661377,4.090000152587891,3.9200000762939453,4.050000190734863,20500,0.0,0.0
2024-08-21 00:00:00-04:00,4.039999961853027,4.039999961853027,3.859999895095825,3.9800000190734863,8600,0.0,0.0
2024-08-22 00:00:00-04:00,4.150000095367432,4.170000076293945,3.450000047683716,3.549999952316284,78800,0.0,0.0
2024-08-23 00:00:00-04:00,3.5,3.880000114440918,3.5,3.880000114440918,75400,0.0,0.0
2024-08-26 00:00:00-04:00,3.930000066757202,3.930000066757202,3.509999990463257,3.619999885559082,27900,0.0,0.0
2024-08-27 00:00:00-04:00,3.680000066757202,3.7200000286102295,3.4600000381469727,3.5899999141693115,59300,0.0,0.0
2024-08-28 00:00:00-04:00,3.619999885559082,3.630000114440918,3.450000047683716,3.5299999713897705,17200,0.0,0.0
2024-08-29 00:00:00-04:00,3.390000104904175,3.4600000381469727,3.299999952316284,3.369999885559082,53900,0.0,0.0
2024-08-30 00:00:00-04:00,3.369999885559082,3.380000114440918,3.25,3.2899999618530273,32600,0.0,0.0
2024-09-03 00:00:00-04:00,3.25,3.3499999046325684,3.2200000286102295,3.2200000286102295,30600,0.0,0.0
2024-09-04 00:00:00-04:00,3.180000066757202,3.180000066757202,2.9100000858306885,3.049999952316284,45200,0.0,0.0
2024-09-05 00:00:00-04:00,3.049999952316284,3.1500000953674316,3.049999952316284,3.059999942779541,11900,0.0,0.0
2024-09-06 00:00:00-04:00,3.0999999046325684,3.140000104904175,2.950000047683716,2.9600000381469727,10400,0.0,0.0
2024-09-09 00:00:00-04:00,3.0,3.009999990463257,2.9100000858306885,2.990000009536743,9700,0.0,0.0
2024-09-10 00:00:00-04:00,2.9600000381469727,2.990000009536743,2.799999952316284,2.869999885559082,20100,0.0,0.0
2024-09-11 00:00:00-04:00,2.9100000858306885,2.990000009536743,2.9000000953674316,2.940000057220459,5200,0.0,0.0
2024-09-12 00:00:00-04:00,2.9100000858306885,2.9700000286102295,2.809999942779541,2.809999942779541,10200,0.0,0.0
2024-09-13 00:00:00-04:00,2.8299999237060547,2.9600000381469727,2.799999952316284,2.880000114440918,10600,0.0,0.0
2024-09-16 00:00:00-04:00,2.809999942779541,3.009999990463257,2.7200000286102295,3.0,14800,0.0,0.0
2024-09-17 00:00:00-04:00,2.9000000953674316,2.9800000190734863,2.819999933242798,2.8399999141693115,13000,0.0,0.0
2024-09-18 00:00:00-04:00,2.8399999141693115,2.8399999141693115,2.740000009536743,2.740000009536743,8400,0.0,0.0
2024-09-19 00:00:00-04:00,2.7799999713897705,2.7799999713897705,2.609999895095825,2.690000057220459,13400,0.0,0.0
2024-09-20 00:00:00-04:00,2.6500000953674316,2.700000047683716,2.609999895095825,2.700000047683716,16700,0.0,0.0
2024-09-23 00:00:00-04:00,2.6500000953674316,2.759999990463257,2.609999895095825,2.700000047683716,6500,0.0,0.0
2024-09-24 00:00:00-04:00,2.680000066757202,2.7200000286102295,2.509999990463257,2.549999952316284,13900,0.0,0.0
2024-09-25 00:00:00-04:00,2.6500000953674316,2.6600000858306885,2.5,2.509999990463257,18200,0.0,0.0
2024-09-26 00:00:00-04:00,2.549999952316284,2.809999942779541,2.2899999618530273,2.5399999618530273,61500,0.0,0.0
2024-09-27 00:00:00-04:00,2.5,2.700000047683716,2.5,2.559999942779541,22000,0.0,0.0
2024-09-30 00:00:00-04:00,2.619999885559082,3.319999933242798,2.619999885559082,3.069999933242798,114100,0.0,0.0
2024-10-01 00:00:00-04:00,3.130000114440918,3.190000057220459,2.880000114440918,3.130000114440918,52000,0.0,0.0
2024-10-02 00:00:00-04:00,3.119999885559082,3.119999885559082,2.869999885559082,2.9000000953674316,25600,0.0,0.0
2024-10-03 00:00:00-04:00,2.799999952316284,2.9600000381469727,2.630000114440918,2.9600000381469727,10700,0.0,0.0
2024-10-04 00:00:00-04:00,2.9100000858306885,3.069999933242798,2.799999952316284,2.9600000381469727,26600,0.0,0.0
2024-10-07 00:00:00-04:00,2.8399999141693115,2.869999885559082,2.799999952316284,2.799999952316284,9400,0.0,0.0
2024-10-08 00:00:00-04:00,2.799999952316284,2.809999942779541,2.6600000858306885,2.7200000286102295,19800,0.0,0.0
2024-10-09 00:00:00-04:00,2.7100000381469727,2.7100000381469727,2.5299999713897705,2.630000114440918,10000,0.0,0.0
2024-10-10 00:00:00-04:00,2.619999885559082,2.869999885559082,2.4800000190734863,2.5,85300,0.0,0.0
2024-10-11 00:00:00-04:00,2.5299999713897705,2.8299999237060547,2.5199999809265137,2.5799999237060547,9000,0.0,0.0
2024-10-14 00:00:00-04:00,2.5799999237060547,2.5799999237060547,2.4200000762939453,2.4600000381469727,28900,0.0,0.0
2024-10-15 00:00:00-04:00,2.509999990463257,2.509999990463257,2.3299999237060547,2.490000009536743,11500,0.0,0.0
2024-10-16 00:00:00-04:00,2.4800000190734863,2.640000104904175,2.4100000858306885,2.549999952316284,19600,0.0,0.0
2024-10-17 00:00:00-04:00,2.5399999618530273,2.5399999618530273,2.140000104904175,2.140000104904175,126500,0.0,0.0
2024-10-18 00:00:00-04:00,2.200000047683716,2.4000000953674316,2.200000047683716,2.4000000953674316,73600,0.0,0.0
2024-10-21 00:00:00-04:00,2.380000114440918,2.7799999713897705,2.2300000190734863,2.5799999237060547,102700,0.0,0.0
2024-10-22 00:00:00-04:00,2.6500000953674316,2.8499999046325684,2.6500000953674316,2.7200000286102295,39000,0.0,0.0
2024-10-23 00:00:00-04:00,2.6600000858306885,2.869999885559082,2.490000009536743,2.509999990463257,65600,0.0,0.0
2024-10-24 00:00:00-04:00,2.549999952316284,2.7300000190734863,2.309999942779541,2.4000000953674316,28900,0.0,0.0
2024-10-25 00:00:00-04:00,2.359999895095825,2.5899999141693115,2.309999942779541,2.4600000381469727,36100,0.0,0.0
2024-10-28 00:00:00-04:00,2.4600000381469727,2.5,2.380000114440918,2.380000114440918,21500,0.0,0.0
2024-10-29 00:00:00-04:00,2.440000057220459,2.4600000381469727,2.4000000953674316,2.4100000858306885,23700,0.0,0.0
2024-10-30 00:00:00-04:00,2.4000000953674316,2.430000066757202,2.2100000381469727,2.4000000953674316,37000,0.0,0.0
2024-10-31 00:00:00-04:00,2.809999942779541,2.869999885559082,2.1500000953674316,2.2799999713897705,13408500,0.0,0.0
2024-11-01 00:00:00-04:00,2.200000047683716,2.380000114440918,2.0199999809265137,2.240000009536743,616400,0.0,0.0
2024-11-04 00:00:00-05:00,2.240000009536743,2.240000009536743,2.0199999809265137,2.0899999141693115,211500,0.0,0.0
2024-11-05 00:00:00-05:00,2.0899999141693115,2.0999999046325684,1.8899999856948853,1.9700000286102295,229500,0.0,0.0
2024-11-06 00:00:00-05:00,1.9500000476837158,1.9500000476837158,1.8600000143051147,1.9299999475479126,204600,0.0,0.0
2024-11-07 00:00:00-05:00,1.899999976158142,1.909999966621399,1.7300000190734863,1.7999999523162842,168700,0.0,0.0
2024-11-08 00:00:00-05:00,1.8200000524520874,1.8300000429153442,1.7000000476837158,1.7599999904632568,102400,0.0,0.0
2024-11-11 00:00:00-05:00,1.809999942779541,2.0999999046325684,1.7899999618530273,1.9500000476837158,156100,0.0,0.0
2024-11-12 00:00:00-05:00,1.909999966621399,2.0399999618530273,1.8799999952316284,1.9600000381469727,123600,0.0,0.0
2024-11-13 00:00:00-05:00,1.9199999570846558,2.0,1.850000023841858,1.8799999952316284,140400,0.0,0.0
2024-11-14 00:00:00-05:00,1.850000023841858,1.850000023841858,1.75,1.75,92200,0.0,0.0
2024-11-15 00:00:00-05:00,1.75,1.7799999713897705,1.7000000476837158,1.7300000190734863,56800,0.0,0.0
2024-11-18 00:00:00-05:00,1.7400000095367432,1.7599999904632568,1.659999966621399,1.6799999475479126,56700,0.0,0.0
2024-11-19 00:00:00-05:00,1.7400000095367432,1.7799999713897705,1.7100000381469727,1.7300000190734863,224900,0.0,0.0
2024-11-20 00:00:00-05:00,1.7100000381469727,1.7100000381469727,1.559999942779541,1.649999976158142,98400,0.0,0.0
2024-11-21 00:00:00-05:00,1.6100000143051147,1.6399999856948853,1.440000057220459,1.600000023841858,176300,0.0,0.0
2024-11-22 00:00:00-05:00,1.590000033378601,1.6699999570846558,1.5199999809265137,1.6200000047683716,71300,0.0,0.0
2024-11-25 00:00:00-05:00,1.6200000047683716,1.7300000190734863,1.5800000429153442,1.6699999570846558,70500,0.0,0.0
2024-11-26 00:00:00-05:00,1.649999976158142,1.659999966621399,1.590000033378601,1.6200000047683716,43600,0.0,0.0
2024-11-27 00:00:00-05:00,1.6200000047683716,1.7200000286102295,1.5800000429153442,1.690000057220459,64100,0.0,0.0
2024-11-29 00:00:00-05:00,1.6799999475479126,1.7100000381469727,1.600000023841858,1.6100000143051147,41100,0.0,0.0
2024-12-02 00:00:00-05:00,1.649999976158142,1.649999976158142,1.5499999523162842,1.600000023841858,27900,0.0,0.0
2024-12-03 00:00:00-05:00,1.5800000429153442,1.6200000047683716,1.4800000190734863,1.5199999809265137,70200,0.0,0.0
2024-12-04 00:00:00-05:00,1.5,1.590000033378601,1.440000057220459,1.4600000381469727,72900,0.0,0.0
2024-12-05 00:00:00-05:00,1.4600000381469727,1.4900000095367432,1.4199999570846558,1.440000057220459,34600,0.0,0.0
2024-12-06 00:00:00-05:00,1.472499966621399,1.472499966621399,1.399999976158142,1.4299999475479126,38587,0.0,0.0
