Date,Open,High,Low,Close,Volume,Dividends,Stock Splits
2022-01-19 00:00:00-05:00,37.0056399390811,41.87480308896019,37.0056399390811,40.900970458984375,129900,0.0,0.0
2022-01-20 00:00:00-05:00,39.87844644457445,47.10428268599693,39.87844644457445,43.82246780395508,153400,0.0,0.0
2022-01-21 00:00:00-05:00,41.87480256822374,48.64294000536546,41.826111680305786,43.82246780395508,329500,0.0,0.0
2022-01-24 00:00:00-05:00,43.74455871426013,43.82246710558859,40.78411042643322,41.68003463745117,110000,0.0,0.0
2022-01-25 00:00:00-05:00,41.38789184570879,43.7445653158999,40.24850931215618,40.80164337158203,23500,0.0,0.0
2022-01-26 00:00:00-05:00,43.83220402211531,43.8808986243839,41.14442766038498,42.089046478271484,90500,0.0,0.0
2022-01-27 00:00:00-05:00,46.02332513338448,48.32157056848233,42.60517448364244,44.56257629394531,151600,0.0,0.0
2022-01-28 00:00:00-05:00,43.38423634449893,46.3544246726078,42.994705580495534,45.526668548583984,43600,0.0,0.0
2022-01-31 00:00:00-05:00,44.79629993438721,46.74396514892578,44.79629993438721,46.74396514892578,71300,0.0,0.0
2022-02-01 00:00:00-05:00,46.25704929710868,48.691630839061766,45.818823876581796,48.477386474609375,298800,0.0,0.0
2022-02-02 00:00:00-05:00,48.72571331099725,54.758605886439774,48.496862058817385,51.62286376953125,23860900,0.0,0.0
2022-02-03 00:00:00-05:00,50.82432275227316,55.089710638818644,48.983779707462034,52.21690368652344,8425500,0.0,0.0
2022-02-04 00:00:00-05:00,51.22359603076808,52.908329788527375,48.80849149857872,48.82796859741211,6757800,0.0,0.0
2022-02-07 00:00:00-05:00,48.69163417922404,48.73058837813787,44.796303444886114,44.864471435546875,9432500,0.0,0.0
2022-02-08 00:00:00-05:00,43.94906258607183,46.31547590246319,43.01418054530366,44.30937957763672,7277500,0.0,0.0
2022-02-09 00:00:00-05:00,43.57900509134269,46.20835362753861,42.73177184258137,46.072017669677734,4393100,0.0,0.0
2022-02-10 00:00:00-05:00,44.31911792763578,47.23087890058883,44.19252237024211,45.81882095336914,2450000,0.0,0.0
2022-02-11 00:00:00-05:00,45.53641244374161,47.63015409796256,44.85473257015963,46.83161163330078,3456800,0.0,0.0
2022-02-14 00:00:00-05:00,46.928994157955565,47.7177999433544,45.76039794757074,46.85108947753906,2155000,0.0,0.0
2022-02-15 00:00:00-05:00,46.45181610972031,47.18219056517228,45.96489980608567,46.74396514892578,2359800,0.0,0.0
2022-02-16 00:00:00-05:00,46.47129438485206,47.20166885880572,45.72144281247443,45.964900970458984,5855300,0.0,0.0
2022-02-17 00:00:00-05:00,45.10791991710004,45.848034677975996,44.00748818086074,44.10487365722656,3142600,0.0,0.0
2022-02-18 00:00:00-05:00,43.968542074002,44.69891650237495,43.62769844516876,44.221736907958984,2018700,0.0,0.0
2022-02-22 00:00:00-05:00,44.22173090386362,44.48466610816369,42.3519744042311,42.400665283203125,2611100,0.0,0.0
2022-02-23 00:00:00-05:00,42.546742343583915,42.83889507754224,41.076256842441275,41.96244430541992,2791200,0.0,0.0
2022-02-24 00:00:00-05:00,42.15883321224043,43.56575464404779,41.25019528948801,43.30195617675781,2447900,0.141,0.0
2022-02-25 00:00:00-05:00,43.282415811014545,43.89794557763213,42.73528155364123,42.90137481689453,2040700,0.0,0.0
2022-02-28 00:00:00-05:00,42.3053808732368,45.54911884236715,41.48467586134405,44.92382049560547,5534900,0.0,0.0
2022-03-01 00:00:00-05:00,44.572085671615184,46.946267704062485,44.30828725389083,46.69224166870117,4212900,0.0,0.0
2022-03-02 00:00:00-05:00,46.897417034960554,49.144584189138044,46.24280904450872,48.32387924194336,3517100,0.0,0.0
2022-03-03 00:00:00-05:00,48.67561546537723,49.173902659711636,46.45482829762293,48.38250732421875,2072200,0.0,0.0
2022-03-04 00:00:00-05:00,48.04054430287044,49.86759236345796,47.14167884751863,49.82851028442383,2544600,0.0,0.0
2022-03-07 00:00:00-05:00,49.887133463504924,51.37221892495401,48.724465836798124,50.46358108520508,2726900,0.0,0.0
2022-03-08 00:00:00-05:00,50.00437756560304,54.04927970251083,49.681955993524035,51.11819076538086,3873700,0.0,0.0
2022-03-09 00:00:00-05:00,51.235435959437055,52.4469544234044,49.42793251115109,50.150936126708984,3050600,0.0,0.0
2022-03-10 00:00:00-05:00,49.4083906124185,50.45381207170426,48.138252774013345,50.14116287231445,2692700,0.0,0.0
2022-03-11 00:00:00-05:00,50.23886409809793,50.649218499664094,47.18076389892574,48.187103271484375,3034100,0.0,0.0
2022-03-14 00:00:00-04:00,50.66875994823588,50.66875994823588,47.47387243811161,49.7796630859375,2916600,0.0,0.0
2022-03-15 00:00:00-04:00,50.16070529314517,50.40496271983032,48.75378385718483,50.111854553222656,2117400,0.0,0.0
2022-03-16 00:00:00-04:00,50.52220268448002,51.19635553334326,49.193441754220586,50.58082580566406,2989800,0.0,0.0
2022-03-17 00:00:00-04:00,50.68830047194428,51.49923316234662,49.74058049659967,49.81874465942383,2244600,0.0,0.0
2022-03-18 00:00:00-04:00,49.48655183374302,50.2290927063804,47.75720895595224,47.884220123291016,9663900,0.0,0.0
2022-03-21 00:00:00-04:00,47.786524498262985,48.294580410991564,47.483643936711516,48.08940505981445,2452000,0.0,0.0
2022-03-22 00:00:00-04:00,49.193439594401035,50.85439068430189,48.861249376420865,49.965293884277344,3841900,0.0,0.0
2022-03-23 00:00:00-04:00,49.535405159794884,50.580826611597274,49.535405159794884,49.81874465942383,2396200,0.0,0.0
2022-03-24 00:00:00-04:00,50.004377340486364,51.372220329151325,49.600862130730555,51.20612335205078,2335200,0.0,0.0
2022-03-25 00:00:00-04:00,51.04002987718059,52.58373476557476,50.83485082083409,52.56419372558594,2441200,0.0,0.0
2022-03-28 00:00:00-04:00,53.13086976263195,55.54413029802908,52.808448211274595,55.475738525390625,3127000,0.0,0.0
2022-03-29 00:00:00-04:00,55.69069131278403,56.07173228859255,53.37513203335908,55.03608322143555,2201300,0.0,0.0
2022-03-30 00:00:00-04:00,54.87976303193313,56.46255401896677,54.42056155235243,56.17921447753906,1934100,0.0,0.0
2022-03-31 00:00:00-04:00,56.99991227609028,57.72291588675955,54.49871492739974,54.95792007446289,3817600,0.0,0.0
2022-04-01 00:00:00-04:00,55.065394340214986,56.960830611370476,54.420554889032395,56.68726348876953,2156500,0.0,0.0
2022-04-04 00:00:00-04:00,57.01944898118497,57.351639199679276,56.208512610980094,57.03899002075195,1885100,0.0,0.0
2022-04-05 00:00:00-04:00,57.302789805001694,58.934427512761786,57.10738313183217,57.64474868774414,2143100,0.0,0.0
2022-04-06 00:00:00-04:00,57.54705066880653,58.69994600992671,57.029222394765156,58.2309684753418,2559400,0.0,0.0
2022-04-07 00:00:00-04:00,58.38729011603949,59.66720029647857,57.986708109500896,59.5108757019043,3925800,0.0,0.0
2022-04-08 00:00:00-04:00,59.81375247748679,63.409221653930096,59.501103307976244,62.54943084716797,4762100,0.0,0.0
2022-04-11 00:00:00-04:00,62.705763293565646,63.176693791731054,59.022361062386494,59.28615951538086,3487700,0.0,0.0
2022-04-12 00:00:00-04:00,59.59881105003197,61.758045768986555,59.48156853089089,60.44882583618164,2553000,0.0,0.0
2022-04-13 00:00:00-04:00,60.6149233777062,63.067270007627194,60.33158387069863,62.725303649902344,3405700,0.0,0.0
2022-04-14 00:00:00-04:00,62.647141052473756,63.23335732554678,60.752677723439575,61.11320114135742,1860100,0.0,0.0
2022-04-18 00:00:00-04:00,60.85918030619529,62.69599344055496,60.85918030619529,61.855751037597656,1216800,0.0,0.0
2022-04-19 00:00:00-04:00,62.16840091100657,65.35351609598558,61.43562863534148,65.17765045166016,2078800,0.0,0.0
2022-04-20 00:00:00-04:00,66.26215814385615,67.10240433529452,63.570443833721725,63.90752029418945,2182800,0.0,0.0
2022-04-21 00:00:00-04:00,63.50692275965203,64.77706419650272,60.72238994486535,61.23044204711914,2493700,0.0,0.0
2022-04-22 00:00:00-04:00,61.064352011683006,62.97542322453692,60.85917668342109,60.9959602355957,2030500,0.0,0.0
2022-04-25 00:00:00-04:00,60.927570575381075,61.39654436786849,58.0746420122421,60.839637756347656,2261600,0.0,0.0
2022-04-26 00:00:00-04:00,60.38042491370898,60.79077925917848,58.53383967677603,58.57292175292969,2136500,0.0,0.0
2022-04-27 00:00:00-04:00,58.631548819632506,59.7844441276677,58.35798170486905,58.709712982177734,1991600,0.0,0.0
2022-04-28 00:00:00-04:00,58.83672518224279,59.94076597447687,57.44934117732359,59.90168762207031,3354600,0.0,0.0
2022-04-29 00:00:00-04:00,60.08732483864687,60.439056116960785,57.79130659986901,57.84992599487305,2578400,0.0,0.0
2022-05-02 00:00:00-04:00,57.93786371629596,58.6120166324586,55.5929945409358,56.86313247680664,2488200,0.0,0.0
2022-05-03 00:00:00-04:00,57.10739091616028,59.06145046006946,57.10739091616028,58.328678131103516,2224200,0.0,0.0
2022-05-04 00:00:00-04:00,58.739026562274105,60.86406548822906,58.46838890853422,60.39020919799805,2628900,0.0,0.0
2022-05-05 00:00:00-04:00,59.81375563281287,60.56606890134406,57.81084189319511,58.77810287475586,1946800,0.0,0.0
2022-05-06 00:00:00-04:00,58.875805771740445,59.82352573621414,57.35164188487663,58.88557815551758,2861000,0.0,0.0
2022-05-09 00:00:00-04:00,59.17868197548124,59.17868197548124,55.27056361499604,56.296443939208984,2193700,0.0,0.0
2022-05-10 00:00:00-04:00,56.911979506836694,58.49476656284567,55.43178012114498,55.729774475097656,2156200,0.0,0.0
2022-05-11 00:00:00-04:00,55.79817040402289,57.67406576142557,55.23149135205369,56.05219650268555,1877000,0.0,0.0
2022-05-12 00:00:00-04:00,56.13152878632964,56.660421860548,51.98851124346398,52.37049102783203,3785600,0.141,0.0
2022-05-13 00:00:00-04:00,53.40868093093896,54.751490770450204,52.52719016125045,53.487037658691406,2317500,0.0,0.0
2022-05-16 00:00:00-04:00,53.30095436292496,55.95523120438355,53.22260135369196,55.426334381103516,1631900,0.0,0.0
2022-05-17 00:00:00-04:00,55.680990146088995,58.25691041853351,54.828881029930706,58.10020065307617,2215100,0.0,0.0
2022-05-18 00:00:00-04:00,58.19814058085226,59.01597325686718,55.75934471772116,56.10214614868164,4609100,0.0,0.0
2022-05-19 00:00:00-04:00,55.95523087016547,56.32741420024593,53.790672492171595,56.05317306518555,2181100,0.0,0.0
2022-05-20 00:00:00-04:00,56.327416228950945,57.72801133846261,54.34895691725101,55.485103607177734,2266200,0.0,0.0
2022-05-23 00:00:00-04:00,56.31762140813555,56.40577087805067,54.711345499686956,55.436126708984375,1581800,0.0,0.0
2022-05-24 00:00:00-04:00,55.38715671603835,56.18050196109494,53.93759053228168,55.6124267578125,1682300,0.0,0.0
2022-05-25 00:00:00-04:00,55.710373670588524,58.119787623678285,55.710373670588524,57.95328140258789,1974700,0.0,0.0
2022-05-26 00:00:00-04:00,57.96307648243969,61.746640239699914,57.95328002106211,61.1854248046875,3260100,0.0,0.0
2022-05-27 00:00:00-04:00,61.116867073388235,65.26967764221462,60.72509079953422,65.23049926757812,2793800,0.0,0.0
2022-05-31 00:00:00-04:00,64.19229465050336,65.02481451228341,60.108040877419405,60.803443908691406,7389300,0.0,0.0
2022-06-01 00:00:00-04:00,61.097270777784914,62.60560066325059,60.87200075421702,62.341156005859375,2008600,0.0,0.0
2022-06-02 00:00:00-04:00,62.38033080288305,62.80149267794446,60.705494708330235,62.4390983581543,1758500,0.0,0.0
2022-06-03 00:00:00-04:00,61.95916345886633,64.46652273409838,61.8220429198603,63.82988739013672,1793500,0.0,0.0
2022-06-06 00:00:00-04:00,64.22168795661243,65.56351942374965,64.04049449106357,65.02482604980469,2033200,0.0,0.0
2022-06-07 00:00:00-04:00,64.17269993886494,65.32843573543916,63.8210884419393,65.18152618408203,2721700,0.0,0.0
2022-06-08 00:00:00-04:00,65.07379093528468,65.10317284709302,61.83185340599272,63.43812561035156,1922200,0.0,0.0
2022-06-09 00:00:00-04:00,62.93861363845244,63.13449801809499,59.90235718267725,59.95132827758789,1811000,0.0,0.0
2022-06-10 00:00:00-04:00,58.61929543747076,59.80441689503115,57.992456435664856,58.56053161621094,1540800,0.0,0.0
2022-06-13 00:00:00-04:00,57.07178286222476,57.776978554788556,54.06491218102229,54.33915328979492,2113200,0.0,0.0
2022-06-14 00:00:00-04:00,54.87784614068643,55.31859347550357,52.22357314337837,53.32054138183594,2330400,0.0,0.0
2022-06-15 00:00:00-04:00,54.55463503085254,58.33036375958062,54.535045844877644,57.00322723388672,3891700,0.0,0.0
2022-06-16 00:00:00-04:00,55.17168284921335,57.15014211647889,54.92682362208832,57.06199264526367,4837000,0.0,0.0
2022-06-17 00:00:00-04:00,57.34603225309834,58.27649809599984,54.34405936849921,56.9052848815918,6478700,0.0,0.0
2022-06-21 00:00:00-04:00,56.905278689573876,59.686879453873914,56.905278689573876,59.138397216796875,4363600,0.0,0.0
2022-06-22 00:00:00-04:00,58.061014808860826,59.187368671870466,57.654551358909735,57.992454528808594,3233400,0.0,0.0
2022-06-23 00:00:00-04:00,58.64868043506622,59.97091870634632,56.60165724081254,57.443973541259766,2667600,0.0,0.0
2022-06-24 00:00:00-04:00,57.63006142141752,59.09921662039698,56.78774517620186,58.061012268066406,6473700,0.0,0.0
2022-06-27 00:00:00-04:00,57.90430507053801,58.63986160108348,57.21869853367803,58.19813537597656,1718900,0.0,0.0
2022-06-28 00:00:00-04:00,58.60949976469648,59.65749686867566,56.64083339015527,56.88569259643555,1401700,0.0,0.0
2022-06-29 00:00:00-04:00,56.7681586546888,56.9591485406145,55.1618828262598,56.131526947021484,1412200,0.0,0.0
2022-06-30 00:00:00-04:00,55.72995593598291,57.62418487172532,55.38715081102225,56.082550048828125,2424400,0.0,0.0
2022-07-01 00:00:00-04:00,55.55365992880157,56.895487381671366,55.45571400098856,56.41556167602539,1531900,0.0,0.0
2022-07-05 00:00:00-04:00,55.97481911426562,56.19029268693402,51.802415918547275,53.81026077270508,2696000,0.0,0.0
2022-07-06 00:00:00-04:00,53.99635878774581,56.04338211296116,53.43808003871029,55.592838287353516,1716600,0.0,0.0
2022-07-07 00:00:00-04:00,56.386182262402556,58.668272042045075,56.386182262402556,57.89451599121094,1872100,0.0,0.0
2022-07-08 00:00:00-04:00,57.7280130567888,58.58012590178928,56.23926842976834,58.42341613769531,2096000,0.0,0.0
2022-07-11 00:00:00-04:00,58.42340922973143,58.90333119091163,57.208905899414006,58.609500885009766,1774700,0.0,0.0
2022-07-12 00:00:00-04:00,58.18834575387855,59.85338922181061,57.7084200316123,58.012046813964844,1808400,0.0,0.0
2022-07-13 00:00:00-04:00,56.954254658781316,59.040452471513674,56.954254658781316,58.58991241455078,1577200,0.0,0.0
2022-07-14 00:00:00-04:00,57.09137534560522,57.757392707899946,55.916050368834824,56.728981018066406,2608600,0.0,0.0
2022-07-15 00:00:00-04:00,53.82985058300173,55.481181986735535,51.557557296878294,54.51545715332031,5186100,0.0,0.0
2022-07-18 00:00:00-04:00,55.17168607302935,55.50469105457259,53.467464108704995,53.68294143676758,2583100,0.0,0.0
2022-07-19 00:00:00-04:00,54.299977048502875,54.358744603937325,53.05609181371983,53.86902618408203,2326200,0.0,0.0
2022-07-20 00:00:00-04:00,54.02573135597032,54.206928501031136,52.2725386645864,52.95814514160156,2803600,0.0,0.0
2022-07-21 00:00:00-04:00,52.752468676652065,53.727007284018235,52.21377916316471,53.04629898071289,1816800,0.0,0.0
2022-07-22 00:00:00-04:00,53.66334724451008,54.45668872156239,52.32151603649254,52.889591217041016,1503100,0.0,0.0
2022-07-25 00:00:00-04:00,52.87000156311097,53.92779517148895,52.27254447722213,53.82984924316406,1847700,0.0,0.0
2022-07-26 00:00:00-04:00,54.260799575908536,55.504681009365044,53.76128472148458,54.358741760253906,1993500,0.0,0.0
2022-07-27 00:00:00-04:00,53.89840417434924,54.61339256699565,53.06588441563547,54.38812255859375,1557200,0.0,0.0
2022-07-28 00:00:00-04:00,61.29316277966039,64.58407134987776,60.91117925155049,63.26182556152344,8460600,0.0,0.0
2022-07-29 00:00:00-04:00,62.53705045890558,65.23050218751752,62.331369587240204,64.74078369140625,3895200,0.0,0.0
2022-08-01 00:00:00-04:00,64.6917995384145,65.23048526084648,62.81127532221631,63.95722198486328,2735200,0.0,0.0
2022-08-02 00:00:00-04:00,63.95724034615621,65.4165994125384,63.65360978888033,64.48612976074219,1722900,0.0,0.0
2022-08-03 00:00:00-04:00,65.25988334602503,65.9944610816861,64.19230062366964,65.78878021240234,2286700,0.0,0.0
2022-08-04 00:00:00-04:00,64.16291590129244,66.9641061417999,64.16291590129244,66.07281494140625,2425900,0.0,0.0
2022-08-05 00:00:00-04:00,68.32551904588477,74.41761765334537,68.3157225847525,72.77216339111328,4216800,0.0,0.0
2022-08-08 00:00:00-04:00,75.42642433752212,76.03367032504268,73.42837252041785,74.32945251464844,3183600,0.0,0.0
2022-08-09 00:00:00-04:00,74.1923381464078,75.19136040186105,73.47734598923776,74.16295623779297,2945700,0.0,0.0
2022-08-10 00:00:00-04:00,74.48618998157993,75.6125366010915,73.94749661984793,75.53418731689453,2134600,0.0,0.0
2022-08-11 00:00:00-04:00,75.53417864099082,78.41371813042531,75.10322400110493,77.20901489257812,2540200,0.0,0.0
2022-08-12 00:00:00-04:00,78.15192921582803,80.1437473937132,77.55340161245671,79.96713256835938,2170800,0.141,0.0
2022-08-15 00:00:00-04:00,78.74065354504717,80.8796522834639,78.74065354504717,79.67278289794922,1980100,0.0,0.0
2022-08-16 00:00:00-04:00,79.57465800360458,80.56566387395729,79.37842262681583,79.8690185546875,1878800,0.0,0.0
2022-08-17 00:00:00-04:00,78.90744811118994,79.9180745359906,77.61227514678231,78.20098876953125,2502200,0.0,0.0
2022-08-18 00:00:00-04:00,77.92625565899027,80.60000197805971,77.92625565899027,80.06525421142578,1939600,0.0,0.0
2022-08-19 00:00:00-04:00,78.7995190515677,79.7512763918051,78.34817167611597,79.31954956054688,1704000,0.0,0.0
2022-08-22 00:00:00-04:00,79.23124129240887,79.23124129240887,78.02437203217757,78.15193176269531,1724600,0.0,0.0
2022-08-23 00:00:00-04:00,78.76026989592803,79.3686115640379,78.10287312474642,78.25005340576172,1065800,0.0,0.0
2022-08-24 00:00:00-04:00,78.16174550061078,79.29502087709508,77.81832236818553,78.85839080810547,1430200,0.0,0.0
2022-08-25 00:00:00-04:00,78.50515795322593,81.27211852764611,78.26476326748843,81.18380737304688,1551700,0.0,0.0
2022-08-26 00:00:00-04:00,81.183802869709,81.6645922145142,79.08405313468282,79.30973052978516,1641000,0.0,0.0
2022-08-29 00:00:00-04:00,78.15193961770417,80.44792516699583,77.6613436470794,79.47654724121094,1191200,0.0,0.0
2022-08-30 00:00:00-04:00,80.04562928150642,80.04562928150642,77.49453208463487,78.19117736816406,1802800,0.0,0.0
2022-08-31 00:00:00-04:00,78.75046328404203,80.84039931738138,78.07343848362362,80.0554428100586,3016500,0.0,0.0
2022-09-01 00:00:00-04:00,80.05543264182664,81.38004751542555,79.63352736866146,80.96794128417969,2421100,0.0,0.0
2022-09-02 00:00:00-04:00,81.02683668765287,82.11596040022137,79.4373029619284,79.54523468017578,2232200,0.0,0.0
2022-09-06 00:00:00-04:00,80.16336473678962,81.14455650828471,79.55503062943811,80.71283721923828,2013300,0.0,0.0
2022-09-07 00:00:00-04:00,81.0464597108465,82.87147747493565,80.14768745725506,81.3408203125,1759100,0.0,0.0
2022-09-08 00:00:00-04:00,81.31136676199661,84.33343180188635,81.31136676199661,84.17644500732422,2184400,0.0,0.0
2022-09-09 00:00:00-04:00,84.87309931002412,86.15845830293067,83.82812754152826,85.86410522460938,1905300,0.0,0.0
2022-09-12 00:00:00-04:00,86.89433245902117,86.99245761537145,85.8150231122537,86.47241973876953,1733800,0.0,0.0
2022-09-13 00:00:00-04:00,85.26557982835638,86.37432400931523,84.15682816149723,84.75535583496094,1974200,0.0,0.0
2022-09-14 00:00:00-04:00,84.75535522287947,86.86491934477911,84.63761698363874,86.39395141601562,3600300,0.0,0.0
2022-09-15 00:00:00-04:00,86.22714683856645,86.60000457472633,84.68667575921799,85.16746520996094,3631800,0.0,0.0
2022-09-16 00:00:00-04:00,84.98102697311033,85.22632493631966,83.29631774709037,83.96058654785156,6245600,0.0,0.0
2022-09-19 00:00:00-04:00,83.79379441786018,88.0129153309911,83.64661412749388,87.67931365966797,4407400,0.0,0.0
2022-09-20 00:00:00-04:00,86.74718440023179,88.48389086809588,85.9131652491321,86.09959411621094,4626000,0.0,0.0
2022-09-21 00:00:00-04:00,87.12002959769902,88.39557457467127,85.58937263097228,85.638427734375,2155100,0.0,0.0
2022-09-22 00:00:00-04:00,86.34488778275472,86.34488778275472,83.0382683625138,83.77416229248047,1863300,0.0,0.0
2022-09-23 00:00:00-04:00,82.20917682798755,82.75373121155646,80.60982904754201,82.27294921875,2678800,0.0,0.0
2022-09-26 00:00:00-04:00,82.09632175706996,83.35224614972539,80.11431747851684,81.36042785644531,1973300,0.0,0.0
2022-09-27 00:00:00-04:00,82.11594589363015,83.80850028764746,81.51741828395801,82.39067840576172,1777800,0.0,0.0
2022-09-28 00:00:00-04:00,82.52805579954477,83.92134657676,81.61554698344456,83.42093658447266,1564300,0.0,0.0
2022-09-29 00:00:00-04:00,83.45037783521923,84.58855659764089,80.52642254817482,81.47817993164062,1823700,0.0,0.0
2022-09-30 00:00:00-04:00,81.71366226150165,82.86165501636634,80.67360121718667,81.62535858154297,3267800,0.0,0.0
2022-10-03 00:00:00-04:00,83.43073843503717,85.27538382944252,82.29255982771633,84.96139526367188,2026700,0.0,0.0
2022-10-04 00:00:00-04:00,86.63924266974082,87.78232457843245,85.52068456838704,87.65967559814453,1679100,0.0,0.0
2022-10-05 00:00:00-04:00,86.03090629632887,87.7872406998198,83.98021132777683,86.51168823242188,1766700,0.0,0.0
2022-10-06 00:00:00-04:00,86.57056284905569,88.21797736777035,84.33343907494265,84.65723419189453,1677300,0.0,0.0
2022-10-07 00:00:00-04:00,84.09795310220156,84.13720167476015,81.80196775177237,82.80278015136719,2017200,0.0,0.0
2022-10-10 00:00:00-04:00,83.35224923042972,84.01946002442554,82.35143678238605,83.12657928466797,982800,0.0,0.0
2022-10-11 00:00:00-04:00,82.82241992142599,83.71530074453361,80.9974022111875,81.3211898803711,1534200,0.0,0.0
2022-10-12 00:00:00-04:00,81.54686015413108,82.01782807833698,80.14375542485486,80.61473083496094,1878400,0.0,0.0
2022-10-13 00:00:00-04:00,79.04482692570762,82.73411102582766,77.80853036738475,82.24351501464844,2746500,0.0,0.0
2022-10-14 00:00:00-04:00,82.62616425038213,83.16582275871636,79.19199279781813,79.73165130615234,1693300,0.0,0.0
2022-10-17 00:00:00-04:00,81.6547888500005,84.66704759998085,81.5762917035626,83.58773803710938,1678900,0.0,0.0
2022-10-18 00:00:00-04:00,84.87309766727145,85.75617185694328,82.92052792103593,84.8829116821289,1598900,0.0,0.0
2022-10-19 00:00:00-04:00,83.48961747810611,84.60818316195336,82.96958695452204,84.07833862304688,1325800,0.0,0.0
2022-10-20 00:00:00-04:00,84.74554396782024,85.0987736376456,82.59673139069929,82.9695816040039,2076500,0.0,0.0
2022-10-21 00:00:00-04:00,83.10695083871146,85.81504257560502,82.0865178514937,85.638427734375,1749200,0.0,0.0
2022-10-24 00:00:00-04:00,85.9210097137583,86.06033728126172,83.96058729634305,85.93278503417969,1325000,0.0,0.0
2022-10-25 00:00:00-04:00,85.85427406636855,86.89433487671357,85.11838028865682,86.49205017089844,1647200,0.0,0.0
2022-10-26 00:00:00-04:00,87.99328842587049,87.99328842587049,85.68748899645458,87.11021423339844,1370100,0.0,0.0
2022-10-27 00:00:00-04:00,88.11593617045594,91.38821015806579,88.11593617045594,91.29009246826172,3345800,0.0,0.0
2022-10-28 00:00:00-04:00,91.1429144841358,93.46048925992102,90.09303945642337,91.98674011230469,1958000,0.0,0.0
2022-10-31 00:00:00-04:00,92.36940832480796,93.62533280607718,91.6187970920822,92.76188659667969,2276600,0.0,0.0
2022-11-01 00:00:00-04:00,93.44871716482314,94.42990909322376,92.23694453437633,93.72344970703125,1467400,0.0,0.0
2022-11-02 00:00:00-04:00,92.89924847334785,94.47896801560809,91.23122525419234,91.33914947509766,1966100,0.0,0.0
2022-11-03 00:00:00-04:00,90.42664897743641,93.65476373656776,90.42664897743641,92.63433074951172,1484400,0.0,0.0
2022-11-04 00:00:00-04:00,93.30152729186291,94.40046483368239,91.00063874433081,92.54601287841797,1974300,0.0,0.0
2022-11-07 00:00:00-05:00,93.27208898393287,93.27208898393287,91.21158772604453,91.7414321899414,2120300,0.0,0.0
2022-11-08 00:00:00-05:00,87.87554376378642,91.35387472255049,84.46100015961675,85.89353942871094,4345400,0.0,0.0
2022-11-09 00:00:00-05:00,85.36369188984429,88.22877032677253,84.70629513972237,85.70710754394531,2241500,0.0,0.0
2022-11-10 00:00:00-05:00,88.79787116314988,94.03743256451678,86.54112669171516,93.35060119628906,4885600,0.0,0.0
2022-11-11 00:00:00-05:00,93.49776930572075,94.06686235720387,89.88207984916414,90.57381439208984,3133200,0.0,0.0
2022-11-14 00:00:00-05:00,90.40774890453362,93.08067485433094,90.40774890453362,92.29451751708984,1997000,0.141,0.0
2022-11-15 00:00:00-05:00,92.87430442091174,93.1101486083658,91.04649509910188,91.88178253173828,2537200,0.0,0.0
2022-11-16 00:00:00-05:00,92.67776421294273,92.88412882050832,89.70020595080076,90.0932846069336,1384600,0.0,0.0
2022-11-17 00:00:00-05:00,88.86492146677371,89.87709397948187,87.33192290363141,88.49150085449219,1792500,0.0,0.0
2022-11-18 00:00:00-05:00,88.56028564899404,91.82282573296398,88.46791077825806,91.68524932861328,2515700,0.0,0.0
2022-11-21 00:00:00-05:00,92.44191305652163,92.5893184786395,91.15458786455139,91.773681640625,1744800,0.0,0.0
2022-11-22 00:00:00-05:00,92.92344719679517,94.692297586522,92.46158028962468,94.60385131835938,1567600,0.0,0.0
2022-11-23 00:00:00-05:00,94.36800691812441,96.19581648489088,92.78095983368962,94.94779968261719,1135900,0.0,0.0
2022-11-25 00:00:00-05:00,94.92814141676729,95.7634289595204,94.338527121727,95.47845458984375,631700,0.0,0.0
2022-11-28 00:00:00-05:00,94.40731606594217,94.91831312632671,92.74656249932538,93.16912078857422,1590100,0.0,0.0
2022-11-29 00:00:00-05:00,93.0512023519044,93.46393161157616,91.70491024600067,92.79570007324219,1436200,0.0,0.0
2022-11-30 00:00:00-05:00,92.51071602750517,95.26225935528002,92.1372953962103,94.45645141601562,3361800,0.0,0.0
2022-12-01 00:00:00-05:00,95.32121874548754,96.08771806778208,92.25521395895694,92.83500671386719,1748600,0.0,0.0
2022-12-02 00:00:00-05:00,91.38061493091918,91.87196140382045,89.46436668554512,90.44705963134766,1848700,0.0,0.0
2022-12-05 00:00:00-05:00,89.43489805535775,90.02451239561528,88.24584034492167,88.50133514404297,2397000,0.0,0.0
2022-12-06 00:00:00-05:00,88.3047941674303,89.30713773526546,88.24583498619079,89.20886993408203,1237500,0.0,0.0
2022-12-07 00:00:00-05:00,89.30713378191841,91.58698115627432,89.02215192295489,90.3782730102539,1237200,0.0,0.0
2022-12-08 00:00:00-05:00,90.73204048350642,91.37570315632381,89.35626887510284,89.82796478271484,1002400,0.0,0.0
2022-12-09 00:00:00-05:00,89.77883706101456,90.27018358280323,88.13774147760509,88.16722106933594,1384600,0.0,0.0
2022-12-12 00:00:00-05:00,88.42271128568119,89.3464375223078,87.52845713940803,89.30712890625,1554100,0.0,0.0
2022-12-13 00:00:00-05:00,90.38810682982394,91.10546853234601,88.82562103715539,89.26782989501953,1629900,0.0,0.0
2022-12-14 00:00:00-05:00,89.95571711676894,90.69273685855192,88.3244431562267,89.27765655517578,2561600,0.0,0.0
2022-12-15 00:00:00-05:00,89.2383499620215,89.27765858215803,87.88223630539815,88.1475601196289,2245100,0.0,0.0
2022-12-16 00:00:00-05:00,86.62438517066256,87.06659399987863,84.44280561884517,86.67351531982422,3911700,0.0,0.0
2022-12-19 00:00:00-05:00,86.85039907426344,87.1353809256798,85.49428552023068,86.21165466308594,1238100,0.0,0.0
2022-12-20 00:00:00-05:00,86.47697344803333,86.5948992926909,85.61711717795346,86.04458618164062,1306600,0.0,0.0
2022-12-21 00:00:00-05:00,86.46714539144517,88.60941619400698,85.20929969037252,88.09841918945312,1409500,0.0,0.0
2022-12-22 00:00:00-05:00,87.58741572461719,87.82817818484189,85.03241567689216,85.81857299804688,1548300,0.0,0.0
2022-12-23 00:00:00-05:00,86.00527663728775,86.70299517228173,85.62202701798209,86.51628112792969,600700,0.0,0.0
2022-12-27 00:00:00-05:00,86.90936442889893,87.37123130185812,85.75960801206469,86.12320709228516,634400,0.0,0.0
2022-12-28 00:00:00-05:00,86.42783543354602,86.81108505534596,84.92431653304607,85.11103057861328,752000,0.0,0.0
2022-12-29 00:00:00-05:00,85.65152958584447,86.17235570124242,84.78675490607161,85.26827239990234,870800,0.0,0.0
2022-12-30 00:00:00-05:00,85.10119852173379,85.10119852173379,83.64681731573116,84.71794891357422,1343300,0.0,0.0
2023-01-03 00:00:00-05:00,84.51160457774829,84.62953044597369,79.3917745489415,80.49239349365234,4030600,0.0,0.0
2023-01-04 00:00:00-05:00,80.53168472165844,82.29070601206521,79.88311126951169,81.96642303466797,2612200,0.0,0.0
2023-01-05 00:00:00-05:00,81.48488681203598,82.4675796317586,80.4678036422457,80.98371887207031,1906300,0.0,0.0
2023-01-06 00:00:00-05:00,82.17279647185305,83.68614468569616,81.64214131915328,82.05487060546875,1914100,0.0,0.0
2023-01-09 00:00:00-05:00,82.39880579455763,83.7352688620844,82.133481985827,82.54621124267578,1301500,0.0,0.0
2023-01-10 00:00:00-05:00,81.95660473661863,82.04504351548312,80.1681036229443,81.64214324951172,1376700,0.0,0.0
2023-01-11 00:00:00-05:00,81.56352226039792,82.91472518941053,81.01321655755298,82.65431213378906,1696200,0.0,0.0
2023-01-12 00:00:00-05:00,82.42827984221297,83.33236303111562,81.33749009577724,82.88031768798828,1496700,0.0,0.0
2023-01-13 00:00:00-05:00,82.35949287198466,84.2217001911176,82.00572281392648,83.6861343383789,1366200,0.0,0.0
2023-01-17 00:00:00-05:00,82.47742206337044,83.54855381221887,81.56351729260736,81.92711639404297,2763600,0.0,0.0
2023-01-18 00:00:00-05:00,81.87797814261509,83.04738517866879,80.35480103678636,80.43341827392578,2084900,0.0,0.0
2023-01-19 00:00:00-05:00,80.18773612635714,80.37445016949134,79.35735945749383,79.44088745117188,1635500,0.0,0.0
2023-01-20 00:00:00-05:00,79.71605466570247,81.6617825048329,79.05764469234919,81.56351470947266,1795100,0.0,0.0
2023-01-23 00:00:00-05:00,81.49472691113898,82.83118992731801,81.12916351310987,82.68378448486328,1596200,0.0,0.0
2023-01-24 00:00:00-05:00,82.54621007047302,82.77223275402486,81.54386653273805,82.45777130126953,1176000,0.0,0.0
2023-01-25 00:00:00-05:00,81.9762469353589,82.11382335334655,81.06234216023952,81.95659637451172,1535200,0.0,0.0
2023-01-26 00:00:00-05:00,82.18260995734443,84.58038319090582,81.83866891909234,84.39366912841797,2161100,0.0,0.0
2023-01-27 00:00:00-05:00,84.39367622523123,85.16018310010294,83.37167455608859,85.0815658569336,1455100,0.0,0.0
2023-01-30 00:00:00-05:00,84.43298365025062,85.34688847142199,80.82650201618783,80.97390747070312,3045800,0.0,0.0
2023-01-31 00:00:00-05:00,81.445585821682,84.02024394935212,80.95423936583784,83.8826675415039,2509000,0.0,0.0
2023-02-01 00:00:00-05:00,83.9760354884863,84.3838539995546,81.4406856472524,83.93181610107422,2623400,0.0,0.0
2023-02-02 00:00:00-05:00,84.00059299656847,85.17982148613123,82.30544173396315,83.85318756103516,2389600,0.0,0.0
2023-02-03 00:00:00-05:00,82.91963359523126,83.68614044182877,81.61265758817794,81.76005554199219,1807200,0.0,0.0
2023-02-06 00:00:00-05:00,81.57334987676012,82.39880841672614,81.08200336563193,81.81902313232422,1502000,0.0,0.0
2023-02-07 00:00:00-05:00,81.88780974993418,84.77692208092766,80.90511674680722,84.44281005859375,2032900,0.0,0.0
2023-02-08 00:00:00-05:00,83.28322538592941,83.52889861715634,82.68378210194754,82.88031768798828,2005900,0.0,0.0
2023-02-09 00:00:00-05:00,83.46010643632412,83.98093246213709,82.47741355823122,82.95893096923828,1975000,0.0,0.0
2023-02-10 00:00:00-05:00,82.75257127592126,85.49428546820455,82.71326265878236,85.30757141113281,1350300,0.0,0.0
2023-02-13 00:00:00-05:00,85.38618286070178,85.78909053606539,84.45262763329342,84.89483642578125,1173500,0.0,0.0
2023-02-14 00:00:00-05:00,84.43298022129203,86.08586905700899,83.67630991496065,84.570556640625,2383100,0.0,0.0
2023-02-15 00:00:00-05:00,83.03755487535685,84.98820099499808,82.89997846115035,84.52142333984375,2030600,0.0,0.0
2023-02-16 00:00:00-05:00,83.52889355956306,86.39835492718602,83.45519459359818,84.14798736572266,3037600,0.0,0.0
2023-02-17 00:00:00-05:00,83.72543723650823,84.5509032219598,80.48255496523672,83.0866928100586,3570700,0.0,0.0
2023-02-21 00:00:00-05:00,80.19757157228295,81.57334319013952,78.51716754165072,78.97903442382812,5056000,0.0,0.0
2023-02-22 00:00:00-05:00,77.93737504757344,77.93737504757344,75.07774247702531,76.4535140991211,3341000,0.0,0.0
2023-02-23 00:00:00-05:00,76.6500588817438,78.07005005728712,76.6500588817438,77.84894561767578,1584900,0.0,0.0
2023-02-24 00:00:00-05:00,76.65760658247244,78.31442887619116,76.41105569069369,78.17635345458984,1529100,0.282,0.0
2023-02-27 00:00:00-05:00,78.32428176468606,78.99490045935491,76.91894626295078,77.28877258300781,1326200,0.0,0.0
2023-02-28 00:00:00-05:00,76.73649347827147,76.91401041282485,73.37354338785016,73.85678100585938,3584800,0.0,0.0
2023-03-01 00:00:00-05:00,73.10726041245918,74.34987888954821,71.8252004178686,73.32422637939453,2594400,0.0,0.0
2023-03-02 00:00:00-05:00,73.10726979379339,75.67140516028245,72.97906603512347,75.12899017333984,1949900,0.0,0.0
2023-03-03 00:00:00-05:00,75.17829826852527,78.10731642713063,74.9514681464098,77.8903579711914,2304600,0.0,0.0
2023-03-06 00:00:00-05:00,77.27890528039543,77.79172777928072,76.28283765902229,77.71283721923828,2295000,0.0,0.0
2023-03-07 00:00:00-05:00,77.97911266979831,77.97911266979831,76.25325649553707,76.82525634765625,2203900,0.0,0.0
2023-03-08 00:00:00-05:00,76.6773198534007,77.36765927329485,76.0362860925645,76.99290466308594,1261600,0.0,0.0
2023-03-09 00:00:00-05:00,76.96332546009747,79.08366458406846,76.33215579400414,77.55504608154297,3110500,0.0,0.0
2023-03-10 00:00:00-05:00,78.09746047852072,78.67931695358494,76.17435906748591,76.48008728027344,2895700,0.0,0.0
2023-03-13 00:00:00-04:00,75.86864784282102,77.52054198249795,75.43471582482275,76.03630065917969,2242400,0.0,0.0
2023-03-14 00:00:00-04:00,76.43077531115016,78.00869949016607,76.10532633306488,76.85484313964844,2142800,0.0,0.0
2023-03-15 00:00:00-04:00,76.22367351357778,76.80552999825726,75.29663976604265,76.26312255859375,1957000,0.0,0.0
2023-03-16 00:00:00-04:00,75.56292011599449,77.94953094561919,74.98105609811468,77.34794616699219,1962900,0.0,0.0
2023-03-17 00:00:00-04:00,76.64774386796063,77.37753241446333,74.93668004520869,75.71084594726562,3896500,0.0,0.0
2023-03-20 00:00:00-04:00,75.99683764766804,77.34793912194058,75.84891314519714,75.93766784667969,1629500,0.0,0.0
2023-03-21 00:00:00-04:00,76.50967534207204,77.03236203424309,74.92188698049421,75.46429443359375,2045700,0.0,0.0
2023-03-22 00:00:00-04:00,75.21773979304098,75.2769171211515,73.37354401056152,73.39326477050781,1863400,0.0,0.0
2023-03-23 00:00:00-04:00,73.6398118363754,74.09346453298895,71.76602372487737,72.38733673095703,1655400,0.0,0.0
2023-03-24 00:00:00-04:00,71.55893196203267,72.505686530401,70.17825291908085,72.42679595947266,2777200,0.0,0.0
2023-03-27 00:00:00-04:00,72.42679011218381,74.38440473363202,72.42679011218381,74.23153686523438,3225500,0.0,0.0
2023-03-28 00:00:00-04:00,74.03429165214034,75.75028352431423,73.8212683391156,74.46822357177734,1752200,0.0,0.0
2023-03-29 00:00:00-04:00,75.23746164765907,75.5037332669267,74.38439777533422,74.83311462402344,2299500,0.0,0.0
2023-03-30 00:00:00-04:00,75.63195859064683,76.37161131117352,74.95147568003857,75.76016235351562,1737800,0.0,0.0
2023-03-31 00:00:00-04:00,75.76016216723406,77.51560341577256,75.67140745257463,77.41698455810547,2984400,0.0,0.0
2023-04-03 00:00:00-04:00,76.92387782334636,77.46629279201157,75.42485171997282,75.56291961669922,1894900,0.0,0.0
2023-04-04 00:00:00-04:00,75.61222522580972,75.90808930380223,74.0836142205446,74.97119140625,1316200,0.0,0.0
2023-04-05 00:00:00-04:00,74.83312353196027,76.05602136550065,74.63588582933043,75.44457244873047,1204800,0.0,0.0
2023-04-06 00:00:00-04:00,75.55306173592506,75.91795979273563,75.10927310597266,75.89823150634766,1223000,0.0,0.0
2023-04-10 00:00:00-04:00,75.47415670654648,76.3025716036097,74.81340213183508,76.26312255859375,1485500,0.0,0.0
2023-04-11 00:00:00-04:00,76.68718841712874,76.73649407902995,76.11026025634747,76.35187530517578,1371500,0.0,0.0
2023-04-12 00:00:00-04:00,76.85484056740324,76.8745613271714,75.60236540839155,75.75028991699219,1171100,0.0,0.0
2023-04-13 00:00:00-04:00,75.63195602132099,76.51953323649151,75.11912593899424,76.07574462890625,1324700,0.0,0.0
2023-04-14 00:00:00-04:00,75.2670586887382,75.57771523144294,74.45837203514972,75.37554168701172,1328400,0.0,0.0
2023-04-17 00:00:00-04:00,75.52347711493121,75.76509219306871,73.62996791793549,74.00472259521484,1093300,0.0,0.0
2023-04-18 00:00:00-04:00,74.3005664233957,74.90215114692644,73.14671015988998,73.45243835449219,1235200,0.0,0.0
2023-04-19 00:00:00-04:00,73.93567782756016,74.35974563483731,73.47511796256057,73.71871185302734,1039300,0.0,0.0
2023-04-20 00:00:00-04:00,73.7088576843877,75.51361214495432,73.65955201704524,75.41499328613281,1926900,0.0,0.0
2023-04-21 00:00:00-04:00,75.7601605172963,75.90315672917887,74.91202481638459,75.49388885498047,1178900,0.0,0.0
2023-04-24 00:00:00-04:00,75.37554287489156,76.26805594591399,74.55699206561381,76.22367858886719,1094300,0.0,0.0
2023-04-25 00:00:00-04:00,75.58263716130085,76.07573892123844,74.79367133574644,75.86863708496094,1722400,0.0,0.0
2023-04-26 00:00:00-04:00,75.4544340668607,75.90808678704174,74.41891735235593,74.81340026855469,3100600,0.0,0.0
2023-04-27 00:00:00-04:00,75.21774293840195,76.17436160472015,74.93175052447435,75.69112396240234,1865700,0.0,0.0
2023-04-28 00:00:00-04:00,75.83906672461659,76.40120253776396,75.24734600406205,76.33216857910156,2233400,0.0,0.0
2023-05-01 00:00:00-04:00,76.45050126315475,76.57871254912057,75.70099192980975,75.98699188232422,1788300,0.0,0.0
2023-05-02 00:00:00-04:00,75.67139812964584,76.33215267115875,74.90215307668797,75.7305679321289,2554000,0.0,0.0
2023-05-03 00:00:00-04:00,76.13490490462341,76.52938779760737,75.09939577519283,75.45442962646484,1607000,0.0,0.0
2023-05-04 00:00:00-04:00,75.91795643105124,79.26118603278702,73.87651528022022,77.5057373046875,3830400,0.0,0.0
2023-05-05 00:00:00-04:00,78.02842767778122,79.34007268250275,77.20001278224217,78.39331817626953,2359300,0.0,0.0
2023-05-08 00:00:00-04:00,78.63986524781754,78.74834823511335,77.00277134486021,77.62407684326172,2360100,0.0,0.0
2023-05-09 00:00:00-04:00,76.90415247219798,78.00869558007727,76.73649215835006,77.86076354980469,3158300,0.0,0.0
2023-05-10 00:00:00-04:00,78.74835754404441,79.01463673493338,77.65860675757334,78.35881042480469,1629400,0.0,0.0
2023-05-11 00:00:00-04:00,77.77189546124542,78.73192131739131,77.43538804989461,78.30634307861328,2497400,0.282,0.0
2023-05-12 00:00:00-04:00,78.63295870203991,79.56329446030391,78.04902969695851,79.02884674072266,1991000,0.0,0.0
2023-05-15 00:00:00-04:00,79.80081749245953,80.25608605548983,78.36573196879739,79.44451904296875,2048300,0.0,0.0
2023-05-16 00:00:00-04:00,79.36534867975035,79.36534867975035,77.52447584659433,78.18758392333984,3709100,0.0,0.0
2023-05-17 00:00:00-04:00,78.27665172925252,79.80081560469971,77.90056228632481,79.56328582763672,2329500,0.0,0.0
2023-05-18 00:00:00-04:00,79.44452016145468,80.63218419345677,78.74380087438225,80.56290435791016,2849300,0.0,0.0
2023-05-19 00:00:00-04:00,80.88951346060671,82.37903371740724,80.69156567753524,81.45365142822266,2407100,0.0,0.0
2023-05-22 00:00:00-04:00,81.87922914573423,83.09657591156153,81.46354257968353,82.6709976196289,1908300,0.0,0.0
2023-05-23 00:00:00-04:00,82.50275097898555,83.69040751295243,82.30975660344252,83.1757583618164,2232200,0.0,0.0
2023-05-24 00:00:00-04:00,83.17575085244732,83.50235901262863,81.70107581987392,82.45325469970703,2430300,0.0,0.0
2023-05-25 00:00:00-04:00,82.34438661331158,82.34438661331158,81.05776005584656,81.89901733398438,1863100,0.0,0.0
2023-05-26 00:00:00-04:00,82.09696287809669,83.08667916379254,81.46354505932622,82.98770904541016,2267100,0.0,0.0
2023-05-30 00:00:00-04:00,82.99759924066458,84.17041049458186,82.28005652223813,82.83924102783203,2198200,0.0,0.0
2023-05-31 00:00:00-04:00,82.67099362607263,83.68050838651202,81.60209830946694,83.15595245361328,5214700,0.0,0.0
2023-06-01 00:00:00-04:00,84.0021695340275,88.24508577709047,83.9180445560704,87.96598052978516,3646900,0.0,0.0
2023-06-02 00:00:00-04:00,87.74824781527194,88.13423655514497,86.37253525792995,86.63976287841797,3225600,0.0,0.0
2023-06-05 00:00:00-04:00,86.91687888945427,87.8966958414594,86.28346110725543,86.61006927490234,1819000,0.0,0.0
2023-06-06 00:00:00-04:00,86.24387709626636,88.96559689975429,86.24387709626636,88.62909698486328,2311500,0.0,0.0
2023-06-07 00:00:00-04:00,88.6290846037326,89.94540134973296,88.21339808037642,89.8761215209961,2452100,0.0,0.0
2023-06-08 00:00:00-04:00,90.54913950531535,91.51708642794799,90.12356120681471,91.35081481933594,3075700,0.0,0.0
2023-06-09 00:00:00-04:00,91.35081049392588,92.80568700039377,91.14296344206635,92.33062744140625,2530100,0.0,0.0
2023-06-12 00:00:00-04:00,92.04360913085938,93.05311636020554,91.92484046525695,92.78589630126953,1720700,0.0,0.0
2023-06-13 00:00:00-04:00,92.99372787243348,94.34964170642148,92.62753018125674,93.28074645996094,2429900,0.0,0.0
2023-06-14 00:00:00-04:00,93.55787872465918,94.02304658433141,91.81597595788739,92.2415542602539,2573200,0.0,0.0
2023-06-15 00:00:00-04:00,92.75620681453842,92.78589709345862,92.00402036117212,92.4988784790039,3712300,0.0,0.0
2023-06-16 00:00:00-04:00,92.62753648592876,93.54797286342992,91.78627921746619,91.93473815917969,4963400,0.0,0.0
2023-06-20 00:00:00-04:00,92.17226695236022,92.39990500068458,90.94502097909216,91.04399108886719,1846900,0.0,0.0
2023-06-21 00:00:00-04:00,89.94541013559959,90.09882249722762,88.26784139288105,89.56932067871094,2684900,0.0,0.0
2023-06-22 00:00:00-04:00,89.56931379729626,89.75240887328982,86.96140956307998,88.33216857910156,3205600,0.0,0.0
2023-06-23 00:00:00-04:00,88.71815874962529,89.76725549569683,88.20350965276056,89.43075561523438,2875900,0.0,0.0
2023-06-26 00:00:00-04:00,89.3218857266003,90.26211308229568,88.76764707911126,89.6979751586914,1890400,0.0,0.0
2023-06-27 00:00:00-04:00,90.03447910520123,90.07901451959404,89.05466223388446,89.91571044921875,1472800,0.0,0.0
2023-06-28 00:00:00-04:00,89.96520409145845,89.96520409145845,88.78743939714249,89.61880493164062,1605400,0.0,0.0
2023-06-29 00:00:00-04:00,89.57921031209507,90.4056223862634,89.21301262046053,89.93550872802734,1738700,0.0,0.0
2023-06-30 00:00:00-04:00,91.10337093334995,91.34090068545558,90.10375554812565,90.60851287841797,2666400,0.0,0.0
2023-07-03 00:00:00-04:00,90.0740758120488,90.79656442826047,89.40106847655908,90.65800476074219,1089100,0.0,0.0
2023-07-05 00:00:00-04:00,90.47986973341236,92.25146296140937,90.41058988878395,91.19246673583984,2087300,0.0,0.0
2023-07-06 00:00:00-04:00,90.5293386421847,90.5293386421847,88.92599573970969,90.06417083740234,2263300,0.0,0.0
2023-07-07 00:00:00-04:00,90.06417704873006,90.76687466684413,89.72767715453554,90.39078521728516,1334000,0.0,0.0
2023-07-10 00:00:00-04:00,90.44026471476889,92.66712619128988,90.44026471476889,92.63743591308594,1539300,0.0,0.0
2023-07-11 00:00:00-04:00,92.87496128567291,93.45889774942442,91.90504367263732,93.38961791992188,1260900,0.0,0.0
2023-07-12 00:00:00-04:00,93.96366615235517,95.17112122355516,93.11250954645801,95.0721435546875,1532600,0.0,0.0
2023-07-13 00:00:00-04:00,94.86429753085717,95.0820363059242,93.90427159584455,94.2902603149414,1462400,0.0,0.0
2023-07-14 00:00:00-04:00,93.9141637627979,94.5525349005493,93.72512610774352,94.02303314208984,1259900,0.0,0.0
2023-07-17 00:00:00-04:00,93.4984964381917,95.92329825865151,93.4984964381917,95.19091033935547,1951400,0.0,0.0
2023-07-18 00:00:00-04:00,95.01276261591987,95.65607970631902,92.92446066684926,94.38924407958984,1925300,0.0,0.0
2023-07-19 00:00:00-04:00,93.85478370279843,94.55748125858972,92.964037663438,93.75581359863281,1785300,0.0,0.0
2023-07-20 00:00:00-04:00,94.51789557217938,96.3191787250254,94.26056725007703,95.89360046386719,1600300,0.0,0.0
2023-07-21 00:00:00-04:00,96.57650783221965,97.14064575964932,95.31956403979555,95.60658264160156,5081100,0.0,0.0
2023-07-24 00:00:00-04:00,95.60657966617313,95.81441915392259,94.77522171517536,95.55709838867188,1077800,0.0,0.0
2023-07-25 00:00:00-04:00,94.96326623162362,97.15054567526816,94.91378495225675,96.51712036132812,854800,0.0,0.0
2023-07-26 00:00:00-04:00,95.67585836167626,97.22971241438205,95.67585836167626,96.3389663696289,1243000,0.0,0.0
2023-07-27 00:00:00-04:00,96.72497032539961,96.74476132755625,94.22098192472403,94.438720703125,897900,0.0,0.0
2023-07-28 00:00:00-04:00,95.27008880997309,95.66597682211625,94.28037255508309,94.75543212890625,1135900,0.0,0.0
2023-07-31 00:00:00-04:00,94.85440681360419,95.69567171153534,94.41893677511113,95.65608215332031,1170200,0.0,0.0
2023-08-01 00:00:00-04:00,95.25028901486776,96.09154631037224,95.082039065954,95.30967712402344,1469600,0.0,0.0
2023-08-02 00:00:00-04:00,95.00286045603343,95.03750414913515,93.45890552667538,94.56739044189453,2040300,0.0,0.0
2023-08-03 00:00:00-04:00,94.98306093558243,102.50885891965808,94.77522144841798,100.09989166259766,3511000,0.0,0.0
2023-08-04 00:00:00-04:00,100.87187048254823,103.62823364723397,100.74321009846808,102.87110137939453,2723600,0.0,0.0
2023-08-07 00:00:00-04:00,103.50451829171661,103.57379812119159,101.71808031282433,102.68305206298828,1759800,0.0,0.0
2023-08-08 00:00:00-04:00,101.90118134506655,103.8509235112079,101.90118134506655,103.7321548461914,1207300,0.0,0.0
2023-08-09 00:00:00-04:00,103.54411677440925,104.81095236602796,103.23532125716414,104.0290756225586,1646700,0.0,0.0
2023-08-10 00:00:00-04:00,104.88022628971893,105.75117382213037,104.0290697587766,104.63279724121094,1563700,0.0,0.0
2023-08-11 00:00:00-04:00,104.63478902595726,105.90203738708287,104.18822099720651,105.74623107910156,1414100,0.282,0.0
2023-08-14 00:00:00-04:00,105.6469918878898,106.77828540006449,104.90569489634548,106.18286895751953,2404000,0.0,0.0
2023-08-15 00:00:00-04:00,105.57752879681459,105.77103933364873,104.81341240219881,105.42867279052734,1709600,0.0,0.0
2023-08-16 00:00:00-04:00,105.5874538241579,105.63706744515882,104.1981437269063,104.29737854003906,1835200,0.0,0.0
2023-08-17 00:00:00-04:00,104.67447937305526,105.3343942744322,103.77142517768762,104.01951599121094,1800600,0.0,0.0
2023-08-18 00:00:00-04:00,103.73172934900931,104.73401835179203,103.71188541529959,103.96989440917969,1660800,0.0,0.0
2023-08-21 00:00:00-04:00,103.80119669831979,105.64302571664209,103.48364075424327,105.29966735839844,1377000,0.0,0.0
2023-08-22 00:00:00-04:00,104.85310802006818,105.73134407350598,104.70425201352805,105.44852447509766,1276900,0.0,0.0
2023-08-23 00:00:00-04:00,106.13325821470244,108.425622722321,106.13325821470244,107.61188507080078,1393500,0.0,0.0
2023-08-24 00:00:00-04:00,108.06836782621028,109.40805680345488,106.02409422418911,106.10348510742188,1498700,0.0,0.0
2023-08-25 00:00:00-04:00,106.00425031112029,106.61951829960586,104.76379615209149,105.06150817871094,1383800,0.0,0.0
2023-08-28 00:00:00-04:00,105.49318782897016,106.5302057284199,104.4264002399487,104.5653305053711,1088000,0.0,0.0
2023-08-29 00:00:00-04:00,104.4263862392852,105.35920252903772,103.99966974666106,104.73401641845703,1131500,0.0,0.0
2023-08-30 00:00:00-04:00,104.53554067525887,105.4564551604214,104.28744986381639,104.93248748779297,1167400,0.0,0.0
2023-08-31 00:00:00-04:00,105.14088659876498,105.27981685242145,102.97753434323135,103.36456298828125,2035500,0.0,0.0
2023-09-01 00:00:00-04:00,104.82333066769563,106.58974366798414,104.3966141539338,106.47065734863281,1338800,0.0,0.0
2023-09-05 00:00:00-04:00,105.73630919730506,105.91493488832855,104.34799092650532,105.24012756347656,1433200,0.0,0.0
2023-09-06 00:00:00-04:00,105.51798474866193,106.96683416534135,105.18057731128143,105.82561492919922,1337800,0.0,0.0
2023-09-07 00:00:00-04:00,107.03629805085549,110.10766344351568,106.3614907550313,107.71110534667969,1951100,0.0,0.0
2023-09-08 00:00:00-04:00,107.40348349395887,108.82256331849501,107.40348349395887,107.81034851074219,1428100,0.0,0.0
2023-09-11 00:00:00-04:00,107.96912488988578,109.55392912511127,107.82026888779919,109.1401138305664,1820700,0.0,0.0
2023-09-12 00:00:00-04:00,108.70348367158887,109.25424564079798,107.32409920296277,107.67142486572266,1557100,0.0,0.0
2023-09-13 00:00:00-04:00,107.94927573187867,109.24926919802715,107.68134097920239,108.43553161621094,1894600,0.0,0.0
2023-09-14 00:00:00-04:00,108.92179557715791,111.75995515959501,108.68858960100049,111.6011734008789,2308300,0.0,0.0
2023-09-15 00:00:00-04:00,111.60117005673575,111.81949118286289,108.96148775179219,109.09049224853516,4287700,0.0,0.0
2023-09-18 00:00:00-04:00,109.58667218851205,111.39277297080595,109.56682825513768,109.89430236816406,1358500,0.0,0.0
2023-09-19 00:00:00-04:00,110.24163419476085,110.52942045724727,109.45767385866291,109.69583892822266,1972100,0.0,0.0
2023-09-20 00:00:00-04:00,110.08285695591921,110.33094777141788,109.07064975998216,109.2889633178711,924500,0.0,0.0
2023-09-21 00:00:00-04:00,108.79278794293698,109.79507701510431,108.67370919017381,109.10042572021484,1443800,0.0,0.0
2023-09-22 00:00:00-04:00,108.624083450058,109.89430723391732,107.78553526916296,109.5172119140625,1210500,0.0,0.0
2023-09-25 00:00:00-04:00,108.88209834640422,112.05765775717968,108.65881812662218,111.35308074951172,2115200,0.0,0.0
2023-09-26 00:00:00-04:00,110.80728878271638,110.86186149547275,107.10577037346619,107.66149139404297,2309700,0.0,0.0
2023-09-27 00:00:00-04:00,108.14775612431055,110.44011293215841,108.14775612431055,109.90423583984375,2819500,0.0,0.0
2023-09-28 00:00:00-04:00,109.9240769222283,110.13247987310774,108.00385640294297,108.48515319824219,1550700,0.0,0.0
2023-09-29 00:00:00-04:00,109.19965421173195,109.86453577991266,107.81034413130736,108.24698638916016,2867500,0.0,0.0
2023-10-02 00:00:00-04:00,107.47294279149597,107.47294279149597,101.97524948880275,103.93020629882812,2892500,0.0,0.0
2023-10-03 00:00:00-04:00,102.4218110504912,104.11875131480635,101.6229583241694,104.08898162841797,2557000,0.0,0.0
2023-10-04 00:00:00-04:00,103.84089252213407,105.78592363319446,103.42906085434714,105.34928894042969,1973900,0.0,0.0
2023-10-05 00:00:00-04:00,106.1630238460101,107.67141265513474,105.79584671780027,107.05614471435547,1589200,0.0,0.0
2023-10-06 00:00:00-04:00,105.73630888483856,109.73553163029702,104.32714729487044,109.32865905761719,2095800,0.0,0.0
2023-10-09 00:00:00-04:00,109.32865274348535,110.63559642016563,109.13018313045517,110.52941131591797,1258400,0.0,0.0
2023-10-10 00:00:00-04:00,110.11262488330094,112.62330268465747,110.11262488330094,112.13704681396484,1464400,0.0,0.0
2023-10-11 00:00:00-04:00,113.04010852754396,114.2984229663665,112.4446844833153,114.19124603271484,1353300,0.0,0.0
2023-10-12 00:00:00-04:00,114.03246140677615,115.27291543354312,113.58589341446172,114.83627319335938,1299700,0.0,0.0
2023-10-13 00:00:00-04:00,115.87825031918892,116.493518243591,112.12711854436755,112.82177734375,1699400,0.0,0.0
2023-10-16 00:00:00-04:00,113.89352415182783,116.22558379055108,113.73474997260678,115.93779754638672,1701700,0.0,0.0
2023-10-17 00:00:00-04:00,115.16376533585749,117.08894501192916,114.82635787293631,116.25536346435547,1214600,0.0,0.0
2023-10-18 00:00:00-04:00,116.43398889843664,117.73894150181033,114.92559242845168,115.18360900878906,1050700,0.0,0.0
2023-10-19 00:00:00-04:00,115.11413845151397,115.71948064733739,113.23857249105477,113.41719818115234,981000,0.0,0.0
2023-10-20 00:00:00-04:00,113.23857163504825,113.91337895130127,111.06529368381129,111.2439193725586,1654400,0.0,0.0
2023-10-23 00:00:00-04:00,110.97598471459715,112.16681759311997,109.55591313780546,111.25384521484375,950800,0.0,0.0
2023-10-24 00:00:00-04:00,112.39506505424448,114.41948701510253,112.39506505424448,113.39734649658203,1930900,0.0,0.0
2023-10-25 00:00:00-04:00,113.35766520821464,113.39735307836075,110.81720996438091,111.1744613647461,1575000,0.0,0.0
2023-10-26 00:00:00-04:00,111.14468911029836,112.16682209341387,110.29125607036808,111.85919189453125,1652700,0.0,0.0
2023-10-27 00:00:00-04:00,112.13704570391668,112.49429707468155,109.05377088762246,109.93399810791016,1128700,0.0,0.0
2023-10-30 00:00:00-04:00,111.00576107874402,112.36530154660126,110.65346877043989,112.16682434082031,1271600,0.0,0.0
2023-10-31 00:00:00-04:00,112.25614016821955,112.64316125279265,110.3210271742228,112.05766296386719,1942000,0.0,0.0
2023-11-01 00:00:00-04:00,112.72253585752372,114.49886695084751,111.9683452526266,113.97291564941406,2751300,0.0,0.0
2023-11-02 00:00:00-04:00,114.03245709737587,116.99962089735381,113.50649825015353,116.2950439453125,1894600,0.0,0.0
2023-11-03 00:00:00-04:00,117.74390782614745,117.763751760979,115.95765084606028,116.17597198486328,1853200,0.0,0.0
2023-11-06 00:00:00-05:00,118.08131013223723,124.66465110705605,117.15841193549751,123.77748107910156,2530800,0.0,0.0
2023-11-07 00:00:00-05:00,123.4896818386278,124.0196004076105,117.75382362358867,118.95458221435547,2271500,0.0,0.0
2023-11-08 00:00:00-05:00,119.50037945496238,120.55228963694987,118.05648912476356,120.25457763671875,1730200,0.0,0.0
2023-11-09 00:00:00-05:00,120.66144621079317,123.40533761427331,119.59961781609682,119.70877838134766,1603200,0.0,0.0
2023-11-10 00:00:00-05:00,120.52251668676952,121.78778137626873,120.4490842877709,120.84007263183594,1219700,0.0,0.0
2023-11-13 00:00:00-05:00,120.4530512297312,121.30251697673923,119.98664685164125,120.79045867919922,891600,0.0,0.0
2023-11-14 00:00:00-05:00,123.10266399695246,125.74234630080454,122.4377748664409,125.55379486083984,1433300,0.0,0.0
2023-11-15 00:00:00-05:00,125.61334681474585,126.26830264785146,120.76069094201456,121.05839538574219,1982200,0.0,0.0
2023-11-16 00:00:00-05:00,122.34350247342378,123.16907427074563,120.86145729186701,121.02059936523438,1474500,0.282,0.0
2023-11-17 00:00:00-05:00,121.54776929923936,122.86072365593641,120.9509732441359,121.04049682617188,1487900,0.0,0.0
2023-11-20 00:00:00-05:00,121.79643304582697,122.1942996058852,120.83161669267805,121.6273422241211,1041600,0.0,0.0
2023-11-21 00:00:00-05:00,122.24403505543398,122.522539369241,121.19963628998428,121.85611724853516,984700,0.0,0.0
2023-11-22 00:00:00-05:00,122.24403270038552,123.17901036605753,121.32396677765867,122.5921630859375,1376700,0.0,0.0
2023-11-24 00:00:00-05:00,122.41312160759854,123.63655990193047,122.39323169530877,123.19890594482422,532500,0.0,0.0
2023-11-27 00:00:00-05:00,123.26853570860345,124.71079343596257,122.71152708374862,124.43228912353516,1073200,0.0,0.0
2023-11-28 00:00:00-05:00,124.31293653077621,125.82482036131881,123.0994469304951,123.78575897216797,2003000,0.0,0.0
2023-11-29 00:00:00-05:00,122.89055790782261,123.27847568519029,119.12078603023554,119.93640899658203,2078800,0.0,0.0
2023-11-30 00:00:00-05:00,119.94635633324516,121.20958205374781,119.87175967555427,120.39395904541016,2650000,0.0,0.0
2023-12-01 00:00:00-05:00,119.97620624379876,120.29449797410855,119.01138230198275,119.24015045166016,1454900,0.0,0.0
2023-12-04 00:00:00-05:00,118.36485315211661,118.91192063492778,117.4199266876322,118.2852783203125,1946900,0.0,0.0
2023-12-05 00:00:00-05:00,118.07142380219256,118.30517011642188,115.26647562011404,117.67852783203125,1805900,0.0,0.0
2023-12-06 00:00:00-05:00,118.70302384188608,119.03126430125933,111.62103141617256,112.02883911132812,2629800,0.0,0.0
2023-12-07 00:00:00-05:00,112.6554802634687,112.83451982240106,108.86581086417928,109.94004821777344,3497000,0.0,0.0
2023-12-08 00:00:00-05:00,109.40293499931438,111.01429111009948,109.06475336483227,110.61642456054688,2627300,0.0,0.0
2023-12-11 00:00:00-05:00,110.95461347885238,115.67926071870957,110.07930555450693,115.53005981445312,2582900,0.0,0.0
2023-12-12 00:00:00-05:00,115.54000611483613,115.77872300338014,113.24233045082848,113.87891387939453,1846200,0.0,0.0
2023-12-13 00:00:00-05:00,113.97838015903253,116.12685495101049,112.92404026408398,115.80856323242188,1731100,0.0,0.0
2023-12-14 00:00:00-05:00,116.01744408556989,117.18119749654495,114.75422593316227,114.98299407958984,2456400,0.0,0.0
2023-12-15 00:00:00-05:00,115.05261787701203,120.22486780439357,114.99294055107,118.11618041992188,5714900,0.0,0.0
2023-12-18 00:00:00-05:00,118.93180150490593,120.89128795420821,118.27532816412474,118.7229232788086,2019800,0.0,0.0
2023-12-19 00:00:00-05:00,119.13072646206524,120.40390085980648,118.61847587230211,120.16517639160156,1012700,0.0,0.0
2023-12-20 00:00:00-05:00,119.19041562708831,119.48383925913828,116.37551877893176,116.38546752929688,1324300,0.0,0.0
2023-12-21 00:00:00-05:00,116.86290481706298,117.79789007398024,116.18653395669857,117.67852783203125,904600,0.0,0.0
2023-12-22 00:00:00-05:00,114.38619891305771,117.35029679782107,113.41142622678232,114.71443939208984,1188400,0.0,0.0
2023-12-26 00:00:00-05:00,114.97304670060377,117.21103755856835,114.97304670060377,116.9424819946289,740700,0.0,0.0
2023-12-27 00:00:00-05:00,116.65402177691708,117.13146313636062,116.25615524215962,116.79327392578125,541300,0.0,0.0
2023-12-28 00:00:00-05:00,118.07639050954454,118.14601658456229,116.3257822950899,116.48493194580078,559700,0.0,0.0
2023-12-29 00:00:00-05:00,116.10696358888487,116.64407469149961,115.31123050801261,116.26610565185547,849900,0.0,0.0
2024-01-02 00:00:00-05:00,115.77872831643147,116.6043000968447,114.35636049293491,114.6348648071289,1362800,0.0,0.0
2024-01-03 00:00:00-05:00,114.88352854858884,116.54063677918238,114.88352854858884,115.23165893554688,1372400,0.0,0.0
2024-01-04 00:00:00-05:00,115.58973964497434,116.48394338502068,114.38619881159747,114.74427795410156,1348900,0.0,0.0
2024-01-05 00:00:00-05:00,114.49560952356163,117.03399035562715,114.49560952356163,115.61957550048828,1729900,0.0,0.0
2024-01-08 00:00:00-05:00,115.56984445890129,116.53466834947774,114.41603225488363,116.40535736083984,1351700,0.0,0.0
2024-01-09 00:00:00-05:00,115.81851178127712,116.30589431449503,114.5552860709693,115.86824035644531,1514000,0.0,0.0
2024-01-10 00:00:00-05:00,115.40074975368745,115.8085650560335,114.35138042313827,115.23165893554688,1090500,0.0,0.0
2024-01-11 00:00:00-05:00,114.38619120852687,114.67464425351955,110.88498243402977,112.3073501586914,1609300,0.0,0.0
2024-01-12 00:00:00-05:00,113.33185135271924,113.8092851185415,112.13825176081784,112.3073501586914,1556900,0.0,0.0
2024-01-16 00:00:00-05:00,111.77023488428367,112.2327493333006,110.70594624591526,111.21321868896484,1417000,0.0,0.0
2024-01-17 00:00:00-05:00,110.63631983019266,111.4022066619776,108.85587293807922,111.3226318359375,1484500,0.0,0.0
2024-01-18 00:00:00-05:00,110.77557360934448,111.3027435594293,109.66154879443107,110.81536102294922,1614900,0.0,0.0
2024-01-19 00:00:00-05:00,110.85513891660257,113.99827623856042,110.85513891660257,113.83912658691406,1684200,0.0,0.0
2024-01-22 00:00:00-05:00,113.84907435479167,116.74851659339623,113.7197709554497,116.58439636230469,1876700,0.0,0.0
2024-01-23 00:00:00-05:00,117.10163570351287,119.91652520148675,116.53467830343489,118.05651092529297,1929400,0.0,0.0
2024-01-24 00:00:00-05:00,118.5041003346717,118.88206938685096,114.72437945818584,115.05261993408203,1514600,0.0,0.0
2024-01-25 00:00:00-05:00,117.2707132253582,119.94635025754165,116.41530284669052,119.90657043457031,1425800,0.0,0.0
2024-01-26 00:00:00-05:00,119.42914194663442,121.75665645213027,119.42914194663442,120.62273406982422,1558800,0.0,0.0
2024-01-29 00:00:00-05:00,120.44368008767316,121.0922004712821,119.36447217143052,120.3641128540039,1801500,0.0,0.0
2024-01-30 00:00:00-05:00,120.68240944804714,121.65717450090594,120.0557671825363,121.2294692993164,1285500,0.0,0.0
2024-01-31 00:00:00-05:00,122.12467443023343,123.51720360639938,120.71722592196387,121.34883880615234,1666100,0.0,0.0
2024-02-01 00:00:00-05:00,121.34882892109073,127.01840231882008,121.34882892109073,126.94877624511719,1937400,0.0,0.0
2024-02-02 00:00:00-05:00,126.33210646242539,132.35976733712278,125.75520029884144,129.0177001953125,3781700,0.0,0.0
2024-02-05 00:00:00-05:00,127.21734126441204,127.73456244977646,125.17828000782721,126.35198211669922,1878000,0.0,0.0
2024-02-06 00:00:00-05:00,127.07808441141292,130.79314190494668,126.51112708421974,130.31072998046875,2656900,0.0,0.0
2024-02-07 00:00:00-05:00,131.25568975125668,133.08586538161484,130.11181859927217,131.7928009033203,2087600,0.0,0.0
2024-02-08 00:00:00-05:00,131.8425274253687,133.25494646137614,129.47522563879542,130.0222930908203,1228700,0.0,0.0
2024-02-09 00:00:00-05:00,129.32602030642389,131.80272017592068,129.30612280710463,131.46453857421875,1245300,0.0,0.0
2024-02-12 00:00:00-05:00,131.1164351028348,131.4844554189903,127.27702915728459,127.82408905029297,1206900,0.0,0.0
2024-02-13 00:00:00-05:00,127.227294921875,128.12248517766125,126.0535927677332,127.227294921875,1503700,0.0,0.0
2024-02-14 00:00:00-05:00,127.61521029802206,128.7441468469833,127.00846552545543,127.98323059082031,1372300,0.0,0.0
2024-02-15 00:00:00-05:00,129.2265575596595,130.91748087076974,128.14237901529813,130.79812622070312,1348900,0.0,0.0
2024-02-16 00:00:00-05:00,130.55940282881136,131.95193952633386,129.79352358138757,130.45994567871094,1295700,0.0,0.0
2024-02-20 00:00:00-05:00,130.30079402429712,131.35513389871377,128.6993867120192,131.09652709960938,2121200,0.0,0.0
2024-02-21 00:00:00-05:00,131.5839032451744,131.8733504140845,129.44538481437507,130.6986541748047,983400,0.0,0.0
2024-02-22 00:00:00-05:00,131.6933181430405,133.34446165112632,130.94732121584653,132.67803955078125,1529900,0.0,0.0
2024-02-23 00:00:00-05:00,132.77751003071947,133.43397578273044,130.6489327685114,133.27484130859375,2052200,0.0,0.0
2024-02-26 00:00:00-05:00,133.9611558510504,134.47838466880097,132.2204962468901,132.5089569091797,1494700,0.0,0.0
2024-02-27 00:00:00-05:00,134.27944539354715,155.8337812143261,134.27944539354715,154.9286346435547,4888300,0.0,0.0
2024-02-28 00:00:00-05:00,157.63410961826273,170.06739093671928,155.66468210707592,169.91819763183594,8227500,0.0,0.0
2024-02-29 00:00:00-05:00,170.26632782904852,170.39166235249365,162.4980157508127,167.5509033203125,4536900,0.0,0.0
2024-03-01 00:00:00-05:00,166.1484357936236,169.40098677988465,164.16906691206702,169.08270263671875,4554500,0.0,0.0
2024-03-04 00:00:00-05:00,172.03684800908718,176.09009502232306,168.71466342824846,175.05067443847656,3818200,0.0,0.0
2024-03-05 00:00:00-05:00,176.4431935078839,184.5894824225419,174.48370702165994,175.82650756835938,4323800,0.0,0.0
2024-03-06 00:00:00-05:00,175.82652006982062,179.8449504790393,174.07590410048587,179.01937866210938,2073600,0.0,0.0
2024-03-07 00:00:00-05:00,181.13519186707742,181.43418009453742,175.61393878963042,178.9725341796875,1967800,0.353,0.0
2024-03-08 00:00:00-05:00,178.9725274142165,179.2216817264859,167.89014847076874,169.99301147460938,3196900,0.0,0.0
2024-03-11 00:00:00-04:00,169.7338858780804,170.3816962319202,165.83710867838005,167.34201049804688,2601700,0.0,0.0
2024-03-12 00:00:00-04:00,166.0065466291836,168.48811390884646,163.64455334893236,167.80044555664062,2617000,0.0,0.0
2024-03-13 00:00:00-04:00,170.66074652667868,170.73050182774148,165.87698059660792,167.29217529296875,1639000,0.0,0.0
2024-03-14 00:00:00-04:00,167.28221701690742,167.820383658515,162.7177080363845,164.08306884765625,3012300,0.0,0.0
2024-03-15 00:00:00-04:00,163.62461953919166,167.8203850255156,162.1197329043432,164.96009826660156,4530900,0.0,0.0
2024-03-18 00:00:00-04:00,167.1227560608155,170.5012880710377,165.6278301234221,168.26885986328125,2006800,0.0,0.0
2024-03-19 00:00:00-04:00,168.42832874091673,173.42137608877206,167.69082644226157,171.82679748535156,1922200,0.0,0.0
2024-03-20 00:00:00-04:00,172.33506034226235,176.17204300009934,172.06697308878054,175.11563110351562,1969200,0.0,0.0
2024-03-21 00:00:00-04:00,176.859707177951,177.20851409765947,171.78691372329598,173.5409698486328,2212100,0.0,0.0
2024-03-22 00:00:00-04:00,174.40803921741522,177.7666348777634,173.62569093463244,177.6370849609375,1608100,0.0,0.0
2024-03-25 00:00:00-04:00,179.39112002986244,188.41050993946524,178.93266936529636,186.62655639648438,3570600,0.0,0.0
2024-03-26 00:00:00-04:00,189.2576237065394,198.1574243157937,183.85595963641023,184.78282165527344,4228700,0.0,0.0
2024-03-27 00:00:00-04:00,187.44378376637397,189.4768763689262,181.72319498498447,184.2645721435547,2452100,0.0,0.0
2024-03-28 00:00:00-04:00,184.4041000032212,186.19801420606552,182.71484156729056,184.22471618652344,2050800,0.0,0.0
2024-04-01 00:00:00-04:00,185.4007097594907,188.17130455707297,182.7796014697312,185.3508758544922,1977500,0.0,0.0
2024-04-02 00:00:00-04:00,184.06026784928866,187.73280025108028,183.4971766286943,187.49362182617188,1875500,0.0,0.0
2024-04-03 00:00:00-04:00,187.8424165402046,192.5564271199691,186.2378621464491,189.61639404296875,2555800,0.0,0.0
2024-04-04 00:00:00-04:00,192.78564334853493,194.83867245119015,182.34109882245895,182.49058532714844,3747800,0.0,0.0
2024-04-05 00:00:00-04:00,181.70326825626572,194.19088145275128,180.80630358752845,192.42686462402344,4330700,0.0,0.0
2024-04-08 00:00:00-04:00,194.20583225807346,196.97143913455662,187.47367764748088,191.33058166503906,1663500,0.0,0.0
2024-04-09 00:00:00-04:00,191.94849231532086,194.1809052678845,184.4240288841926,187.46371459960938,1958600,0.0,0.0
2024-04-10 00:00:00-04:00,182.8792784081349,193.17433715918665,181.88266108710965,190.4336395263672,3861900,0.0,0.0
2024-04-11 00:00:00-04:00,190.9219880599841,193.62281249203326,189.35729156184556,192.22755432128906,2267300,0.0,0.0
2024-04-12 00:00:00-04:00,191.31066449726444,192.59629412914364,189.70611002844493,191.02163696289062,1801400,0.0,0.0
2024-04-15 00:00:00-04:00,193.4334492275314,195.33699193127717,184.15494454394346,184.77284240722656,2531500,0.0,0.0
2024-04-16 00:00:00-04:00,184.40410053899217,187.63811885918975,182.49059711945645,186.01861572265625,2982700,0.0,0.0
2024-04-17 00:00:00-04:00,187.28432227578006,188.40052879194906,182.01222341940334,184.77284240722656,3282900,0.0,0.0
2024-04-18 00:00:00-04:00,185.5003778352169,187.63114605089365,182.47065281017143,183.23805236816406,1654200,0.0,0.0
2024-04-19 00:00:00-04:00,182.67994595719773,185.3309515062968,177.04904933985515,180.28805541992188,3413600,0.0,0.0
2024-04-22 00:00:00-04:00,180.98570459511643,183.22809348086838,177.60717261553705,182.6002197265625,2327500,0.0,0.0
2024-04-23 00:00:00-04:00,183.34768416884677,189.1081308919595,183.34768416884677,187.6132049560547,2387300,0.0,0.0
2024-04-24 00:00:00-04:00,186.09835267551904,193.7125085871922,183.02578882030613,185.53028869628906,2266400,0.0,0.0
2024-04-25 00:00:00-04:00,184.97217210622534,189.88449950054857,184.77782443838504,187.37400817871094,2908900,0.0,0.0
2024-04-26 00:00:00-04:00,186.28270815020193,188.7393812494445,185.00206653069483,187.7327880859375,1826600,0.0,0.0
2024-04-29 00:00:00-04:00,187.79258584603494,189.7758596980491,185.51033897723158,187.97198486328125,2205500,0.0,0.0
2024-04-30 00:00:00-04:00,187.97198621624716,188.75930717808026,185.08180218054844,185.31101989746094,2173200,0.0,0.0
2024-05-01 00:00:00-04:00,185.619985252152,187.56837403630394,183.29786495406952,183.93569946289062,2717000,0.0,0.0
2024-05-02 00:00:00-04:00,184.37420030271707,186.54681871494924,182.97894216707928,185.55020141601562,3071000,0.0,0.0
2024-05-03 00:00:00-04:00,188.68955888146343,196.602702829582,187.36405602197905,194.2008514404297,3480200,0.0,0.0
2024-05-06 00:00:00-04:00,197.08106864703166,198.23714835051072,193.46334302630532,197.03123474121094,2708000,0.0,0.0
2024-05-07 00:00:00-04:00,198.02785251133133,204.38627568878243,196.6824282939329,199.88156127929688,2797300,0.0,0.0
2024-05-08 00:00:00-04:00,197.86838090086644,207.5654776325951,197.43984278545787,207.29638671875,3992100,0.0,0.0
2024-05-09 00:00:00-04:00,204.73508162429187,215.2194997238896,202.313308920402,215.1796417236328,4313500,0.0,0.0
2024-05-10 00:00:00-04:00,219.7740439744517,219.7740439744517,211.14333479260438,214.20294189453125,2744700,0.0,0.0
2024-05-13 00:00:00-04:00,216.26594593134908,217.93528288723067,211.87086015463575,212.8674774169922,1919300,0.0,0.0
2024-05-14 00:00:00-04:00,213.84418862170213,217.1728868670093,210.05703971167168,217.0034637451172,1951000,0.0,0.0
2024-05-15 00:00:00-04:00,219.39533612779306,223.95984527640806,219.0166166800507,222.5546112060547,2682200,0.0,0.0
2024-05-16 00:00:00-04:00,222.9731703340269,224.03955807781531,215.50851695619676,215.60816955566406,3539800,0.0,0.0
2024-05-17 00:00:00-04:00,215.62812061965423,216.97555220335195,209.1999420467733,212.3891143798828,3057300,0.0,0.0
2024-05-20 00:00:00-04:00,213.22626183742742,214.51190663151718,210.43573044048546,214.3424835205078,2326200,0.0,0.0
2024-05-21 00:00:00-04:00,215.19956141542548,221.91676733986742,214.7710232855747,221.8370361328125,1881100,0.0,0.0
2024-05-22 00:00:00-04:00,221.3487066248193,223.6459021833195,217.1230438323718,219.3654327392578,1573700,0.0,0.0
2024-05-23 00:00:00-04:00,223.0230128909754,227.27857291911175,219.99330306194665,220.41188049316406,2658300,0.0,0.0
2024-05-24 00:00:00-04:00,222.55460755636705,235.50067180021094,220.89025848479466,229.849853515625,2670600,0.0,0.0
2024-05-28 00:00:00-04:00,231.95271479798794,233.98580738937775,221.06965575745562,230.48768615722656,2602200,0.0,0.0
2024-05-29 00:00:00-04:00,226.35836881749168,228.45447058421402,218.48303853516845,220.32960510253906,3809400,0.353,0.0
2024-05-30 00:00:00-04:00,221.91664810178537,224.87113637017484,219.59097818697293,224.54176330566406,2040800,0.0,0.0
2024-05-31 00:00:00-04:00,223.64342087403935,224.06263817425912,207.61328237377734,216.84608459472656,5618300,0.0,0.0
2024-06-03 00:00:00-04:00,215.09934779042456,216.79618414686357,203.67063839010322,207.872802734375,4922600,0.0,0.0
2024-06-04 00:00:00-04:00,206.60517741774615,208.11236459927875,196.47403877981674,202.7623291015625,4666700,0.0,0.0
2024-06-05 00:00:00-04:00,204.10981344074517,212.45427096485832,204.06987928053843,208.94081115722656,4502200,0.0,0.0
2024-06-06 00:00:00-04:00,209.11049291008598,209.4199141142791,195.8452086769835,202.22332763671875,4842100,0.0,0.0
2024-06-07 00:00:00-04:00,201.70429807380336,203.6207266142874,197.15277838635123,197.6318817138672,4558700,0.0,0.0
2024-06-10 00:00:00-04:00,199.15903958935297,214.37071139772243,197.76364369759924,214.23097229003906,5719600,0.0,0.0
2024-06-11 00:00:00-04:00,210.76741320201455,219.1517897589866,210.0587265386192,217.90411376953125,3701900,0.0,0.0
2024-06-12 00:00:00-04:00,220.85861827851144,221.35768867669918,211.7555638588819,217.72445678710938,3137900,0.0,0.0
2024-06-13 00:00:00-04:00,219.90040129004336,219.95031137705314,213.7219071865719,219.52110290527344,2238200,0.0,0.0
2024-06-14 00:00:00-04:00,218.39321612964756,218.46307806776247,210.56779569639662,214.50045776367188,2373800,0.0,0.0
2024-06-17 00:00:00-04:00,213.47237538000238,214.32080118141297,208.32198024960323,211.62582397460938,3321100,0.0,0.0
2024-06-18 00:00:00-04:00,212.39437050036074,220.78873814018462,208.72621530739298,220.00021362304688,2714700,0.0,0.0
2024-06-20 00:00:00-04:00,223.4038851214078,227.34653830511863,218.882293205378,221.8966827392578,3075100,0.0,0.0
2024-06-21 00:00:00-04:00,222.58539759172342,224.162461877647,215.33890089298885,217.72445678710938,5513400,0.0,0.0
2024-06-24 00:00:00-04:00,217.59470369635505,220.4394111900582,214.95062653285436,215.6982421875,2474100,0.0,0.0
2024-06-25 00:00:00-04:00,216.09749163535358,222.04641773695434,213.78179757835903,221.95657348632812,2305100,0.0,0.0
2024-06-26 00:00:00-04:00,220.1599255359415,221.7868846978092,207.06430776611512,209.9189910888672,4237000,0.0,0.0
2024-06-27 00:00:00-04:00,207.20405001215113,207.53343831174269,200.88581676817537,204.39927673339844,4733600,0.0,0.0
2024-06-28 00:00:00-04:00,204.86839614716916,206.914587802762,199.06920062245263,199.8976593017578,10579100,0.0,0.0
2024-07-01 00:00:00-04:00,207.80293902035854,213.19289333719598,202.7623248510379,204.6687774658203,4168400,0.0,0.0
2024-07-02 00:00:00-04:00,203.08173762471523,211.4062283953486,202.72240632085376,205.7667236328125,1905300,0.0,0.0
2024-07-03 00:00:00-04:00,204.92828344485648,212.03504100586898,201.63441578716234,209.679443359375,1612700,0.0,0.0
2024-07-05 00:00:00-04:00,209.60957604050117,212.36443927122497,207.68317153320697,210.8971710205078,1601600,0.0,0.0
2024-07-08 00:00:00-04:00,211.4361752857032,216.02761399670288,210.8572517727123,215.32891845703125,1634400,0.0,0.0
2024-07-09 00:00:00-04:00,216.63648090014271,221.95657339732938,214.6601663043074,215.55850219726562,1773200,0.0,0.0
2024-07-10 00:00:00-04:00,217.77435193598473,219.55105656791292,213.34261958765987,219.14181518554688,2584300,0.0,0.0
2024-07-11 00:00:00-04:00,219.15178802204073,220.13296211817888,214.78991767121033,216.4368438720703,2438200,0.0,0.0
2024-07-12 00:00:00-04:00,215.85792880981043,220.72886089777168,211.91229044430182,216.73629760742188,1760700,0.0,0.0
2024-07-15 00:00:00-04:00,216.5965577124547,219.24162479050784,211.2445271286107,212.48422241210938,2164300,0.0,0.0
2024-07-16 00:00:00-04:00,213.74187840693986,214.61025606213056,203.68061693381046,204.4990997314453,4049600,0.0,0.0
2024-07-17 00:00:00-04:00,201.7542001252566,202.68246373724918,185.42461640460212,186.32293701171875,6748700,0.0,0.0
2024-07-18 00:00:00-04:00,190.01605989936934,192.48146890258818,177.73894019995694,186.9318084716797,5484900,0.0,0.0
2024-07-19 00:00:00-04:00,187.6704400589117,189.58686859359102,186.0534415840103,188.94805908203125,2827000,0.0,0.0
2024-07-22 00:00:00-04:00,191.88260266317656,196.4540895880255,188.25934650061433,190.06597900390625,1868800,0.0,0.0
2024-07-23 00:00:00-04:00,189.31737316712582,191.80474455136215,187.94992507653902,189.51699829101562,1856600,0.0,0.0
2024-07-24 00:00:00-04:00,187.9399334042952,187.9399334042952,174.3752029471303,174.75450134277344,4910100,0.0,0.0
2024-07-25 00:00:00-04:00,176.3714757216096,176.51121482392352,165.56160906626187,170.11312866210938,5542000,0.0,0.0
2024-07-26 00:00:00-04:00,176.21176498932402,176.740793609875,171.1212561961006,174.7145538330078,3469300,0.0,0.0
2024-07-29 00:00:00-04:00,175.7226926401691,176.820638392877,170.80984649776912,172.35894775390625,2100100,0.0,0.0
2024-07-30 00:00:00-04:00,173.14748507680773,174.704582281487,165.4418369143109,168.37637329101562,3517100,0.0,0.0
2024-07-31 00:00:00-04:00,192.9206540412299,196.13466865958134,182.65976775930474,189.44712829589844,7483700,0.0,0.0
2024-08-01 00:00:00-04:00,187.94193388297072,193.90881638369234,176.2916222250902,177.2398681640625,4482100,0.0,0.0
2024-08-02 00:00:00-04:00,174.14562316065968,175.00402484095065,161.13785482656849,166.7693634033203,6099200,0.0,0.0
2024-08-05 00:00:00-04:00,155.9495228843624,172.43879780857353,155.31071338645617,169.65399169921875,5430800,0.0,0.0
2024-08-06 00:00:00-04:00,173.31716399683057,183.4882209564783,168.07692491492693,180.70339965820312,6322100,0.0,0.0
2024-08-07 00:00:00-04:00,189.73659052461687,189.73659052461687,176.5711102760124,179.32598876953125,6154900,0.0,0.0
2024-08-08 00:00:00-04:00,182.90931030893032,187.2811720948238,176.09200649268504,186.68228149414062,3338800,0.0,0.0
2024-08-09 00:00:00-04:00,186.7321920212644,189.74658165238853,182.72965269623856,189.51699829101562,3204000,0.0,0.0
2024-08-12 00:00:00-04:00,190.0,190.8300018310547,183.6999969482422,187.3300018310547,2232300,0.353,0.0
2024-08-13 00:00:00-04:00,189.33999633789062,190.85000610351562,187.07000732421875,189.41000366210938,2349000,0.0,0.0
2024-08-14 00:00:00-04:00,188.9600067138672,189.88999938964844,182.2100067138672,186.14999389648438,2327900,0.0,0.0
2024-08-15 00:00:00-04:00,186.39999389648438,192.5800018310547,185.49000549316406,190.38999938964844,4241900,0.0,0.0
2024-08-16 00:00:00-04:00,191.22000122070312,191.36000061035156,185.8300018310547,189.97999572753906,2572300,0.0,0.0
2024-08-19 00:00:00-04:00,189.61000061035156,192.8800048828125,185.55999755859375,192.77999877929688,2025100,0.0,0.0
2024-08-20 00:00:00-04:00,193.0,193.5,189.63900756835938,190.72000122070312,2507000,0.0,0.0
2024-08-21 00:00:00-04:00,191.47999572753906,197.3300018310547,190.97999572753906,196.74000549316406,2404200,0.0,0.0
2024-08-22 00:00:00-04:00,195.57000732421875,198.80799865722656,194.7100067138672,194.9499969482422,1520300,0.0,0.0
2024-08-23 00:00:00-04:00,195.00999450683594,197.3300018310547,192.52000427246094,194.99000549316406,2683300,0.0,0.0
2024-08-26 00:00:00-04:00,195.5,197.99000549316406,193.0800018310547,194.88999938964844,1953400,0.0,0.0
2024-08-27 00:00:00-04:00,194.88999938964844,198.3000030517578,193.57000732421875,196.13999938964844,1703200,0.0,0.0
2024-08-28 00:00:00-04:00,197.19000244140625,197.4499969482422,192.41000366210938,193.77000427246094,2493200,0.0,0.0
2024-08-29 00:00:00-04:00,195.91000366210938,199.11000061035156,192.30999755859375,194.44000244140625,2463800,0.0,0.0
2024-08-30 00:00:00-04:00,195.25999450683594,197.80999755859375,195.14999389648438,196.6999969482422,2239400,0.0,0.0
2024-09-03 00:00:00-04:00,195.5,195.8000030517578,177.17999267578125,177.77999877929688,4252300,0.0,0.0
2024-09-04 00:00:00-04:00,177.67999267578125,182.75,176.0,177.52000427246094,3310400,0.0,0.0
2024-09-05 00:00:00-04:00,177.97000122070312,179.75,175.11000061035156,176.07000732421875,2444900,0.0,0.0
2024-09-06 00:00:00-04:00,175.80999755859375,176.63999938964844,171.94000244140625,173.11000061035156,3390300,0.0,0.0
2024-09-09 00:00:00-04:00,176.35000610351562,176.35000610351562,171.0399932861328,174.9199981689453,2184400,0.0,0.0
2024-09-10 00:00:00-04:00,176.85000610351562,181.2050018310547,173.86000061035156,180.25,2301800,0.0,0.0
2024-09-11 00:00:00-04:00,181.52999877929688,188.14999389648438,179.14500427246094,187.25,2846900,0.0,0.0
2024-09-12 00:00:00-04:00,187.0,191.67999267578125,184.19000244140625,189.92999267578125,2154900,0.0,0.0
2024-09-13 00:00:00-04:00,191.4499969482422,197.80999755859375,189.17999267578125,195.97999572753906,2613600,0.0,0.0
2024-09-16 00:00:00-04:00,195.0,199.52999877929688,192.69000244140625,199.25,2264000,0.0,0.0
2024-09-17 00:00:00-04:00,200.0,204.6999969482422,198.25,201.22999572753906,2881700,0.0,0.0
2024-09-18 00:00:00-04:00,201.9600067138672,204.9530029296875,198.4199981689453,200.3300018310547,1796000,0.0,0.0
2024-09-19 00:00:00-04:00,205.11000061035156,208.63999938964844,202.47000122070312,208.5,3432600,0.0,0.0
2024-09-20 00:00:00-04:00,235.16000366210938,255.24000549316406,233.0,254.97999572753906,15031400,0.0,0.0
2024-09-23 00:00:00-04:00,259.55999755859375,271.8500061035156,252.11000061035156,257.1199951171875,10270000,0.0,0.0
2024-09-24 00:00:00-04:00,254.0800018310547,259.44000244140625,251.08799743652344,253.49000549316406,4562700,0.0,0.0
2024-09-25 00:00:00-04:00,254.44000244140625,267.0899963378906,253.24000549316406,262.8599853515625,6246200,0.0,0.0
2024-09-26 00:00:00-04:00,263.8299865722656,270.1199951171875,254.5,256.7699890136719,4072200,0.0,0.0
2024-09-27 00:00:00-04:00,257.17999267578125,262.3999938964844,255.33999633789062,257.0,2598100,0.0,0.0
2024-09-30 00:00:00-04:00,257.75,261.1199951171875,251.27499389648438,260.0199890136719,2899300,0.0,0.0
2024-10-01 00:00:00-04:00,259.1000061035156,266.0,253.9600067138672,265.6099853515625,3179800,0.0,0.0
2024-10-02 00:00:00-04:00,264.9100036621094,269.7200012207031,261.6499938964844,265.3800048828125,3233600,0.0,0.0
2024-10-03 00:00:00-04:00,272.1499938964844,279.510009765625,268.0,277.3699951171875,4274200,0.0,0.0
2024-10-04 00:00:00-04:00,277.9100036621094,286.0,275.6000061035156,285.5199890136719,3829200,0.0,0.0
2024-10-07 00:00:00-04:00,285.0,288.75299072265625,274.0,278.55999755859375,3477000,0.0,0.0
2024-10-08 00:00:00-04:00,278.8900146484375,281.3999938964844,273.1000061035156,279.3900146484375,2599100,0.0,0.0
2024-10-09 00:00:00-04:00,276.04998779296875,276.04998779296875,257.5,262.2799987792969,5235800,0.0,0.0
2024-10-10 00:00:00-04:00,261.05999755859375,267.760009765625,259.0299987792969,262.30999755859375,2733500,0.0,0.0
2024-10-11 00:00:00-04:00,256.3900146484375,266.8999938964844,249.0500030517578,266.2200012207031,4477700,0.0,0.0
2024-10-14 00:00:00-04:00,267.57000732421875,272.82000732421875,265.2099914550781,271.739990234375,2229300,0.0,0.0
2024-10-15 00:00:00-04:00,269.79998779296875,269.79998779296875,262.3399963378906,266.1499938964844,3000900,0.0,0.0
2024-10-16 00:00:00-04:00,268.2200012207031,280.239990234375,264.1199951171875,279.79998779296875,2469300,0.0,0.0
2024-10-17 00:00:00-04:00,285.0,285.0,270.5400085449219,271.20001220703125,3209900,0.0,0.0
2024-10-18 00:00:00-04:00,267.7799987792969,272.5799865722656,265.0,270.1600036621094,1708800,0.0,0.0
2024-10-21 00:00:00-04:00,273.0799865722656,274.1199951171875,268.010009765625,273.7200012207031,1650900,0.0,0.0
2024-10-22 00:00:00-04:00,270.3699951171875,271.42498779296875,265.8500061035156,266.0,2134100,0.0,0.0
2024-10-23 00:00:00-04:00,265.0,267.9259948730469,262.6099853515625,266.04998779296875,2633700,0.0,0.0
2024-10-24 00:00:00-04:00,267.7900085449219,267.79998779296875,262.57000732421875,264.5,1553700,0.0,0.0
2024-10-25 00:00:00-04:00,269.0,269.739990234375,263.0899963378906,264.4100036621094,2016200,0.0,0.0
2024-10-28 00:00:00-04:00,266.8900146484375,271.19000244140625,265.010009765625,266.9800109863281,1542500,0.0,0.0
2024-10-29 00:00:00-04:00,266.2799987792969,267.2300109863281,261.70001220703125,265.0,1829700,0.0,0.0
2024-10-30 00:00:00-04:00,266.8800048828125,268.0,261.42999267578125,261.7799987792969,1831000,0.0,0.0
2024-10-31 00:00:00-04:00,261.739990234375,264.19000244140625,259.3500061035156,262.9599914550781,2290900,0.0,0.0
2024-11-01 00:00:00-04:00,262.7300109863281,264.7699890136719,256.82000732421875,258.1000061035156,2804500,0.0,0.0
2024-11-04 00:00:00-05:00,232.5,235.4980010986328,224.67999267578125,225.9499969482422,10719400,0.0,0.0
2024-11-05 00:00:00-05:00,230.35000610351562,236.86000061035156,227.0,233.75,6347400,0.0,0.0
2024-11-06 00:00:00-05:00,238.82000732421875,242.0,233.75999450683594,234.99000549316406,4790100,0.0,0.0
2024-11-07 00:00:00-05:00,242.52000427246094,248.35000610351562,238.39700317382812,241.58999633789062,4154900,0.0,0.0
2024-11-08 00:00:00-05:00,243.25,248.0,236.8300018310547,239.3699951171875,5162100,0.0,0.0
2024-11-11 00:00:00-05:00,241.99000549316406,243.91000366210938,234.2899932861328,237.27000427246094,3382100,0.0,0.0
2024-11-12 00:00:00-05:00,235.44000244140625,235.97999572753906,225.69000244140625,228.6999969482422,4460000,0.0,0.0
2024-11-13 00:00:00-05:00,231.0,232.77000427246094,225.61000061035156,225.9600067138672,2979500,0.0,0.0
2024-11-14 00:00:00-05:00,228.1999969482422,231.5399932861328,225.1199951171875,225.3800048828125,2513200,0.0,0.0
2024-11-15 00:00:00-05:00,224.85000610351562,227.75,221.66000366210938,224.27999877929688,2717400,0.0,0.0
2024-11-18 00:00:00-05:00,225.99000549316406,232.0399932861328,221.17999267578125,230.27999877929688,3295000,0.0,0.0
2024-11-19 00:00:00-05:00,226.30499267578125,234.88999938964844,226.10000610351562,234.5800018310547,2197500,0.0,0.0
2024-11-20 00:00:00-05:00,238.13999938964844,241.47999572753906,232.13999938964844,235.4199981689453,2567600,0.0,0.0
2024-11-21 00:00:00-05:00,237.30999755859375,252.19000244140625,234.11000061035156,251.83999633789062,3586400,0.0,0.0
2024-11-22 00:00:00-05:00,251.2100067138672,253.22999572753906,245.02999877929688,249.88999938964844,2471600,0.0,0.0
2024-11-25 00:00:00-05:00,253.5,255.61000061035156,243.0,248.92999267578125,3459600,0.0,0.0
2024-11-26 00:00:00-05:00,249.5500030517578,267.1300048828125,249.1999969482422,266.7300109863281,3881600,0.0,0.0
2024-11-27 00:00:00-05:00,265.0,266.0,250.85000610351562,253.38999938964844,2298200,0.0,0.0
2024-11-29 00:00:00-05:00,257.9800109863281,260.78900146484375,255.1999969482422,256.55999755859375,1185700,0.0,0.0
2024-12-02 00:00:00-05:00,257.0,258.44000244140625,249.50999450683594,249.5800018310547,1908400,0.0,0.0
2024-12-03 00:00:00-05:00,251.4709930419922,254.17999267578125,246.5800018310547,247.50999450683594,1784600,0.0,0.0
2024-12-04 00:00:00-05:00,252.67999267578125,257.6600036621094,251.0,254.1999969482422,2701200,0.0,0.0
2024-12-05 00:00:00-05:00,253.72000122070312,259.760009765625,253.10000610351562,256.0899963378906,2118200,0.0,0.0
2024-12-06 00:00:00-05:00,256.45001220703125,258.57000732421875,250.4199981689453,253.6300048828125,1329700,0.0,0.0
2024-12-09 00:00:00-05:00,253.7899932861328,254.0,236.3300018310547,239.85000610351562,3262400,0.0,0.0
2024-12-10 00:00:00-05:00,237.8800048828125,239.5,230.7100067138672,232.33999633789062,2771500,0.0,0.0
2024-12-11 00:00:00-05:00,234.77000427246094,239.447998046875,232.1199951171875,236.60000610351562,2386700,0.0,0.0
2024-12-12 00:00:00-05:00,242.9600067138672,248.1300048828125,238.9199981689453,239.02000427246094,2822000,0.0,0.0
2024-12-13 00:00:00-05:00,241.99000549316406,243.4199981689453,236.5,239.07000732421875,2004800,0.0,0.0
2024-12-16 00:00:00-05:00,240.0500030517578,243.6999969482422,237.2480010986328,239.3000030517578,1974400,0.0,0.0
2024-12-17 00:00:00-05:00,237.66000366210938,238.0800018310547,228.86000061035156,234.24000549316406,2506500,0.0,0.0
2024-12-18 00:00:00-05:00,234.32000732421875,236.99000549316406,224.77000427246094,225.75999450683594,3173700,0.0,0.0
2024-12-19 00:00:00-05:00,228.86000061035156,233.7899932861328,224.97999572753906,225.1699981689453,3626800,0.0,0.0
2024-12-20 00:00:00-05:00,221.82000732421875,231.6999969482422,219.63999938964844,227.02000427246094,4985400,0.0,0.0
2024-12-23 00:00:00-05:00,227.0,229.36000061035156,221.6999969482422,228.27999877929688,1935200,0.0,0.0
2024-12-24 00:00:00-05:00,229.2449951171875,230.11000061035156,227.156005859375,229.7899932861328,978400,0.0,0.0
2024-12-26 00:00:00-05:00,228.57000732421875,230.22999572753906,227.31900024414062,228.63999938964844,920500,0.0,0.0
2024-12-27 00:00:00-05:00,228.17999267578125,228.17999267578125,222.74000549316406,226.5399932861328,1466000,0.0,0.0
2024-12-30 00:00:00-05:00,223.52000427246094,229.0,222.25,226.32000732421875,1587100,0.0,0.0
2024-12-31 00:00:00-05:00,226.35000610351562,227.02999877929688,222.8800048828125,223.7100067138672,1885700,0.0,0.0
