Date,Open,High,Low,Close,Volume,Dividends,Stock Splits
2022-01-03 00:00:00-05:00,10.95918519787817,10.95918519787817,10.691162138197484,10.73086929321289,57400,0.0,0.0
2022-01-04 00:00:00-05:00,10.790430246539797,10.859917535613578,10.671308773830468,10.701088905334473,26100,0.0,0.0
2022-01-05 00:00:00-05:00,10.760649991257996,10.889698488548675,10.68123567703193,10.869844436645508,30900,0.0,0.0
2022-01-06 00:00:00-05:00,10.770576816714145,10.919478416442871,10.770576816714145,10.919478416442871,27100,0.0,0.0
2022-01-07 00:00:00-05:00,10.919478876894711,10.949259008757567,10.899624824523926,10.899624824523926,11700,0.0,0.0
2022-01-10 00:00:00-05:00,10.83013679371401,10.929405155390258,10.740795457544039,10.849990844726562,9800,0.0,0.0
2022-01-11 00:00:00-05:00,10.780502319335938,10.810283395043864,10.641527752805208,10.780502319335938,29100,0.0,0.0
2022-01-12 00:00:00-05:00,10.748625556265367,10.8183568362819,10.708778974824854,10.738663673400879,7500,0.038,0.0
2022-01-13 00:00:00-05:00,10.70877929863581,10.728703064967236,10.649008949658993,10.658970832824707,25700,0.0,0.0
2022-01-14 00:00:00-05:00,10.668932646157709,10.668932646157709,10.559354782104492,10.559354782104492,32800,0.0,0.0
2022-01-18 00:00:00-05:00,10.499584651084458,10.529469350987775,10.300351735033207,10.330236434936523,38200,0.0,0.0
2022-01-19 00:00:00-05:00,10.350159616941882,10.370082432412964,10.051309784736214,10.061271667480469,71100,0.0,0.0
2022-01-20 00:00:00-05:00,10.081195040499766,10.160888206826446,9.961655291009746,10.041348457336426,54300,0.0,0.0
2022-01-21 00:00:00-05:00,9.99154008310324,10.071233250165514,9.852077515753003,9.901885032653809,108600,0.0,0.0
2022-01-24 00:00:00-05:00,9.842115080206499,9.95169294126525,9.782344733254266,9.921808242797852,68800,0.0,0.0
2022-01-25 00:00:00-05:00,9.911846985966417,10.05131050431802,9.862038518696737,10.00150203704834,74100,0.0,0.0
2022-01-26 00:00:00-05:00,10.051310433408691,10.061272316795847,9.852077515753003,9.901885032653809,70100,0.0,0.0
2022-01-27 00:00:00-05:00,9.961655547851237,9.991540248489889,9.83215391172707,9.862038612365723,70900,0.0,0.0
2022-01-28 00:00:00-05:00,9.812230900727618,9.891924067534102,9.762422433969194,9.85207748413086,34900,0.0,0.0
2022-01-31 00:00:00-05:00,9.802268461106443,9.911846321742587,9.762421879964442,9.871999740600586,87100,0.0,0.0
2022-02-01 00:00:00-05:00,9.881961540158091,10.05130974608959,9.881961540158091,10.011463165283203,44400,0.0,0.0
2022-02-02 00:00:00-05:00,10.011463955294897,10.11107994016292,10.001502071802845,10.051310539245605,41000,0.0,0.0
2022-02-03 00:00:00-05:00,9.991539759951802,10.011463526081732,9.961655060774369,9.981578826904297,16500,0.0,0.0
2022-02-04 00:00:00-05:00,9.941731616184946,10.001501966490396,9.822191865591533,9.901885032653809,32600,0.0,0.0
2022-02-07 00:00:00-05:00,9.87199990210639,9.881961785059225,9.822191437359667,9.8321533203125,31800,0.0,0.0
2022-02-08 00:00:00-05:00,9.802268981933594,9.862038381813624,9.802268981933594,9.802268981933594,19200,0.0,0.0
2022-02-09 00:00:00-05:00,9.802268461106443,9.891923506180301,9.792306578316586,9.871999740600586,22300,0.0,0.0
2022-02-10 00:00:00-05:00,9.800000190734863,9.84000015258789,9.770000457763672,9.819999694824219,32500,0.038,0.0
2022-02-11 00:00:00-05:00,9.789999961853027,9.890000343322754,9.65999984741211,9.65999984741211,73800,0.0,0.0
2022-02-14 00:00:00-05:00,9.670000076293945,9.670000076293945,9.579999923706055,9.59000015258789,20800,0.0,0.0
2022-02-15 00:00:00-05:00,9.59000015258789,9.630000114440918,9.489999771118164,9.489999771118164,49600,0.0,0.0
2022-02-16 00:00:00-05:00,9.550000190734863,9.59000015258789,9.4399995803833,9.520000457763672,59500,0.0,0.0
2022-02-17 00:00:00-05:00,9.5,9.640000343322754,9.5,9.640000343322754,35100,0.0,0.0
2022-02-18 00:00:00-05:00,9.680000305175781,9.680000305175781,9.600000381469727,9.619999885559082,17600,0.0,0.0
2022-02-22 00:00:00-05:00,9.619999885559082,9.670000076293945,9.5600004196167,9.59000015258789,31600,0.0,0.0
2022-02-23 00:00:00-05:00,9.600000381469727,9.609999656677246,9.510000228881836,9.529999732971191,53300,0.0,0.0
2022-02-24 00:00:00-05:00,9.5,9.600000381469727,9.5,9.529999732971191,65900,0.0,0.0
2022-02-25 00:00:00-05:00,9.520000457763672,9.600000381469727,9.5,9.550000190734863,38100,0.0,0.0
2022-02-28 00:00:00-05:00,9.460000038146973,9.640000343322754,9.460000038146973,9.569999694824219,56500,0.0,0.0
2022-03-01 00:00:00-05:00,9.5600004196167,9.75,9.550000190734863,9.699999809265137,50800,0.0,0.0
2022-03-02 00:00:00-05:00,9.649999618530273,9.699999809265137,9.5600004196167,9.630000114440918,42300,0.0,0.0
2022-03-03 00:00:00-05:00,9.619999885559082,9.670000076293945,9.510000228881836,9.579999923706055,67800,0.0,0.0
2022-03-04 00:00:00-05:00,9.550000190734863,9.579999923706055,9.520000457763672,9.539999961853027,36700,0.0,0.0
2022-03-07 00:00:00-05:00,9.510000228881836,9.520000457763672,9.420000076293945,9.449999809265137,74400,0.0,0.0
2022-03-08 00:00:00-05:00,9.479999542236328,9.579999923706055,9.4399995803833,9.550000190734863,39200,0.0,0.0
2022-03-09 00:00:00-05:00,9.65999984741211,9.65999984741211,9.5,9.579999923706055,34600,0.0,0.0
2022-03-10 00:00:00-05:00,9.579999923706055,9.579999923706055,9.470000267028809,9.550000190734863,37800,0.0,0.0
2022-03-11 00:00:00-05:00,9.550000190734863,9.550000190734863,9.449999809265137,9.479999542236328,17500,0.0,0.0
2022-03-14 00:00:00-04:00,9.489999771118164,9.489999771118164,9.319999694824219,9.34000015258789,64100,0.0,0.0
2022-03-15 00:00:00-04:00,9.329999923706055,9.329999923706055,9.079999923706055,9.09000015258789,113600,0.0,0.0
2022-03-16 00:00:00-04:00,9.130000114440918,9.220000267028809,9.119999885559082,9.170000076293945,33900,0.0,0.0
2022-03-17 00:00:00-04:00,9.220000267028809,9.25,9.199999809265137,9.239999771118164,14300,0.0,0.0
2022-03-18 00:00:00-04:00,9.239999771118164,9.300000190734863,9.199999809265137,9.199999809265137,30300,0.0,0.0
2022-03-21 00:00:00-04:00,9.180000305175781,9.210000038146973,9.15999984741211,9.180000305175781,8700,0.0,0.0
2022-03-22 00:00:00-04:00,9.170000076293945,9.180000305175781,9.079999923706055,9.119999885559082,38100,0.0,0.0
2022-03-23 00:00:00-04:00,9.079999923706055,9.119999885559082,9.039999961853027,9.079999923706055,23700,0.0,0.0
2022-03-24 00:00:00-04:00,9.050000190734863,9.079999923706055,8.979999542236328,9.0,41000,0.0,0.0
2022-03-25 00:00:00-04:00,8.989999771118164,9.0,8.779999732971191,8.819999694824219,68800,0.0,0.0
2022-03-28 00:00:00-04:00,8.819999694824219,8.899999618530273,8.680000305175781,8.680000305175781,118500,0.0,0.0
2022-03-29 00:00:00-04:00,8.6899995803833,8.779999732971191,8.670000076293945,8.770000457763672,87400,0.0,0.0
2022-03-30 00:00:00-04:00,8.779999732971191,8.890000343322754,8.770000457763672,8.84000015258789,124300,0.0,0.0
2022-03-31 00:00:00-04:00,8.850000381469727,8.930000305175781,8.84000015258789,8.930000305175781,101000,0.0,0.0
2022-04-01 00:00:00-04:00,8.920000076293945,8.989999771118164,8.859999656677246,8.920000076293945,99400,0.0,0.0
2022-04-04 00:00:00-04:00,8.90999984741211,8.960000038146973,8.859999656677246,8.869999885559082,79400,0.0,0.0
2022-04-05 00:00:00-04:00,8.84000015258789,8.880000114440918,8.779999732971191,8.800000190734863,93700,0.0,0.0
2022-04-06 00:00:00-04:00,8.699999809265137,8.8100004196167,8.699999809265137,8.729999542236328,81000,0.0,0.0
2022-04-07 00:00:00-04:00,8.6899995803833,8.760000228881836,8.680000305175781,8.710000038146973,44400,0.0,0.0
2022-04-08 00:00:00-04:00,8.680000305175781,8.6899995803833,8.619999885559082,8.680000305175781,54700,0.0,0.0
2022-04-11 00:00:00-04:00,8.619999885559082,8.6899995803833,8.619999885559082,8.649999618530273,28500,0.0,0.0
2022-04-12 00:00:00-04:00,8.649999618530273,8.65999984741211,8.569999694824219,8.649999618530273,118200,0.0,0.0
2022-04-13 00:00:00-04:00,8.640000343322754,8.640000343322754,8.569999694824219,8.600000381469727,38800,0.0,0.0
2022-04-14 00:00:00-04:00,8.619999885559082,8.630000114440918,8.529999732971191,8.539999961853027,79400,0.0,0.0
2022-04-18 00:00:00-04:00,8.5,8.569999694824219,8.40999984741211,8.420000076293945,125900,0.0,0.0
2022-04-19 00:00:00-04:00,8.380000114440918,8.420000076293945,8.369999885559082,8.420000076293945,103000,0.0,0.0
2022-04-20 00:00:00-04:00,8.449999809265137,8.520000457763672,8.380000114440918,8.520000457763672,65300,0.0,0.0
2022-04-21 00:00:00-04:00,8.600000381469727,8.600000381469727,8.4399995803833,8.489999771118164,129000,0.0,0.0
2022-04-22 00:00:00-04:00,8.510000228881836,8.510000228881836,8.399999618530273,8.430000305175781,241700,0.0,0.0
2022-04-25 00:00:00-04:00,8.40999984741211,8.430000305175781,8.380000114440918,8.40999984741211,36300,0.0,0.0
2022-04-26 00:00:00-04:00,8.420000076293945,8.420000076293945,8.350000381469727,8.369999885559082,32200,0.0,0.0
2022-04-27 00:00:00-04:00,8.350000381469727,8.550000190734863,8.300000190734863,8.489999771118164,254100,0.0,0.0
2022-04-28 00:00:00-04:00,8.489999771118164,8.529999732971191,8.40999984741211,8.5,44500,0.0,0.0
2022-04-29 00:00:00-04:00,8.520000457763672,8.550000190734863,8.430000305175781,8.479999542236328,65100,0.0,0.0
2022-05-02 00:00:00-04:00,8.5,8.529999732971191,8.369999885559082,8.449999809265137,66000,0.0,0.0
2022-05-03 00:00:00-04:00,8.359999656677246,8.470000267028809,8.3100004196167,8.390000343322754,50100,0.0,0.0
2022-05-04 00:00:00-04:00,8.350000381469727,8.489999771118164,8.300000190734863,8.489999771118164,52000,0.0,0.0
2022-05-05 00:00:00-04:00,8.399999618530273,8.460000038146973,8.350000381469727,8.40999984741211,38900,0.0,0.0
2022-05-06 00:00:00-04:00,8.350000381469727,8.479999542236328,8.350000381469727,8.40999984741211,29200,0.0,0.0
2022-05-09 00:00:00-04:00,8.369999885559082,8.449999809265137,8.350000381469727,8.380000114440918,29900,0.0,0.0
2022-05-10 00:00:00-04:00,8.40999984741211,8.40999984741211,8.289999961853027,8.34000015258789,45000,0.0,0.0
2022-05-11 00:00:00-04:00,8.260000228881836,8.300000190734863,8.210000038146973,8.220000267028809,51200,0.0,0.0
2022-05-12 00:00:00-04:00,8.199999809265137,8.229999542236328,8.170000076293945,8.220000267028809,43600,0.0,0.0
2022-05-13 00:00:00-04:00,8.210000038146973,8.289999961853027,8.210000038146973,8.239999771118164,38500,0.0,0.0
2022-05-16 00:00:00-04:00,8.220000267028809,8.279999732971191,8.170000076293945,8.220000267028809,46600,0.0,0.0
2022-05-17 00:00:00-04:00,8.149999618530273,8.1899995803833,8.0600004196167,8.0600004196167,63300,0.0,0.0
2022-05-18 00:00:00-04:00,8.079999923706055,8.119999885559082,7.880000114440918,7.880000114440918,83800,0.0,0.0
2022-05-19 00:00:00-04:00,7.849999904632568,7.929999828338623,7.849999904632568,7.889999866485596,33900,0.0,0.0
2022-05-20 00:00:00-04:00,7.900000095367432,8.029999732971191,7.880000114440918,7.980000019073486,68400,0.0,0.0
2022-05-23 00:00:00-04:00,8.010000228881836,8.15999984741211,7.980000019073486,8.130000114440918,63000,0.0,0.0
2022-05-24 00:00:00-04:00,8.149999618530273,8.270000457763672,8.119999885559082,8.239999771118164,68700,0.0,0.0
2022-05-25 00:00:00-04:00,8.25,8.380000114440918,8.210000038146973,8.319999694824219,132800,0.0,0.0
2022-05-26 00:00:00-04:00,8.34000015258789,8.630000114440918,8.34000015258789,8.579999923706055,94600,0.0,0.0
2022-05-27 00:00:00-04:00,8.869999885559082,8.890000343322754,8.680000305175781,8.75,117400,0.0,0.0
2022-05-31 00:00:00-04:00,8.710000038146973,8.779999732971191,8.649999618530273,8.729999542236328,21100,0.0,0.0
2022-06-01 00:00:00-04:00,8.739999771118164,8.899999618530273,8.670000076293945,8.880000114440918,84300,0.0,0.0
2022-06-02 00:00:00-04:00,8.859999656677246,9.010000228881836,8.84000015258789,8.90999984741211,78000,0.0,0.0
2022-06-03 00:00:00-04:00,8.850000381469727,8.970000267028809,8.739999771118164,8.84000015258789,41600,0.0,0.0
2022-06-06 00:00:00-04:00,8.789999961853027,8.930000305175781,8.739999771118164,8.739999771118164,75700,0.0,0.0
2022-06-07 00:00:00-04:00,8.739999771118164,8.899999618530273,8.65999984741211,8.699999809265137,60100,0.0,0.0
2022-06-08 00:00:00-04:00,8.680000305175781,8.850000381469727,8.680000305175781,8.779999732971191,75100,0.0,0.0
2022-06-09 00:00:00-04:00,8.760000228881836,8.760000228881836,8.600000381469727,8.600000381469727,52800,0.0,0.0
2022-06-10 00:00:00-04:00,8.539999961853027,8.579999923706055,8.460000038146973,8.520000457763672,56100,0.0,0.0
2022-06-13 00:00:00-04:00,8.470000267028809,8.5,8.100000381469727,8.130000114440918,80100,0.0,0.0
2022-06-14 00:00:00-04:00,8.109999656677246,8.15999984741211,7.949999809265137,7.960000038146973,96100,0.0,0.0
2022-06-15 00:00:00-04:00,7.980000019073486,8.069999694824219,7.820000171661377,7.940000057220459,90300,0.0,0.0
2022-06-16 00:00:00-04:00,7.880000114440918,7.880000114440918,7.690000057220459,7.75,79400,0.0,0.0
2022-06-17 00:00:00-04:00,7.78000020980835,7.960000038146973,7.75,7.880000114440918,185500,0.0,0.0
2022-06-21 00:00:00-04:00,7.889999866485596,7.960000038146973,7.75,7.75,36700,0.0,0.0
2022-06-22 00:00:00-04:00,7.760000228881836,7.940000057220459,7.760000228881836,7.849999904632568,77000,0.0,0.0
2022-06-23 00:00:00-04:00,7.929999828338623,8.029999732971191,7.880000114440918,8.020000457763672,167600,0.0,0.0
2022-06-24 00:00:00-04:00,8.069999694824219,8.100000381469727,7.96999979019165,8.039999961853027,127700,0.0,0.0
2022-06-27 00:00:00-04:00,8.0,8.069999694824219,7.960000038146973,8.029999732971191,76800,0.0,0.0
2022-06-28 00:00:00-04:00,8.079999923706055,8.149999618530273,8.020000457763672,8.029999732971191,42300,0.0,0.0
2022-06-29 00:00:00-04:00,8.050000190734863,8.279999732971191,8.039999961853027,8.229999542236328,61500,0.0,0.0
2022-06-30 00:00:00-04:00,8.210000038146973,8.319999694824219,8.210000038146973,8.260000228881836,39100,0.0,0.0
2022-07-01 00:00:00-04:00,8.319999694824219,8.510000228881836,8.300000190734863,8.390000343322754,45300,0.0,0.0
2022-07-05 00:00:00-04:00,8.4399995803833,8.449999809265137,8.260000228881836,8.449999809265137,118900,0.0,0.0
2022-07-06 00:00:00-04:00,8.510000228881836,8.529999732971191,8.4399995803833,8.489999771118164,97800,0.0,0.0
2022-07-07 00:00:00-04:00,8.539999961853027,8.569999694824219,8.449999809265137,8.510000228881836,49300,0.0,0.0
2022-07-08 00:00:00-04:00,8.460000038146973,8.649999618530273,8.430000305175781,8.460000038146973,42200,0.0,0.0
2022-07-11 00:00:00-04:00,8.5,8.539999961853027,8.449999809265137,8.520000457763672,16300,0.0,0.0
2022-07-12 00:00:00-04:00,8.529999732971191,8.600000381469727,8.5,8.550000190734863,25500,0.0,0.0
2022-07-13 00:00:00-04:00,8.489999771118164,8.59000015258789,8.489999771118164,8.550000190734863,20700,0.0,0.0
2022-07-14 00:00:00-04:00,8.569999694824219,8.569999694824219,8.460000038146973,8.479999542236328,30300,0.0,0.0
2022-07-15 00:00:00-04:00,8.5,8.619999885559082,8.5,8.579999923706055,35100,0.0,0.0
2022-07-18 00:00:00-04:00,8.529999732971191,8.600000381469727,8.479999542236328,8.569999694824219,32700,0.0,0.0
2022-07-19 00:00:00-04:00,8.59000015258789,8.699999809265137,8.510000228881836,8.569999694824219,17400,0.0,0.0
2022-07-20 00:00:00-04:00,8.630000114440918,8.720000267028809,8.619999885559082,8.720000267028809,30800,0.0,0.0
2022-07-21 00:00:00-04:00,8.739999771118164,8.739999771118164,8.510000228881836,8.680000305175781,51500,0.0,0.0
2022-07-22 00:00:00-04:00,8.739999771118164,8.739999771118164,8.640000343322754,8.720000267028809,32600,0.0,0.0
2022-07-25 00:00:00-04:00,8.670000076293945,8.720000267028809,8.65999984741211,8.710000038146973,21600,0.0,0.0
2022-07-26 00:00:00-04:00,8.720000267028809,8.829999923706055,8.710000038146973,8.729999542236328,8300,0.0,0.0
2022-07-27 00:00:00-04:00,8.6899995803833,8.779999732971191,8.6899995803833,8.739999771118164,28700,0.0,0.0
2022-07-28 00:00:00-04:00,8.739999771118164,8.880000114440918,8.65999984741211,8.819999694824219,64900,0.0,0.0
2022-07-29 00:00:00-04:00,8.850000381469727,8.890000343322754,8.380000114440918,8.550000190734863,579700,0.0,0.0
2022-08-01 00:00:00-04:00,8.5600004196167,8.640000343322754,8.550000190734863,8.630000114440918,143500,0.0,0.0
2022-08-02 00:00:00-04:00,8.640000343322754,8.710000038146973,8.59000015258789,8.630000114440918,129900,0.0,0.0
2022-08-03 00:00:00-04:00,8.640000343322754,8.6899995803833,8.609999656677246,8.680000305175781,70100,0.0,0.0
2022-08-04 00:00:00-04:00,8.710000038146973,8.779999732971191,8.6899995803833,8.770000457763672,110600,0.0,0.0
2022-08-05 00:00:00-04:00,8.699999809265137,8.770000457763672,8.5600004196167,8.65999984741211,43800,0.0,0.0
2022-08-08 00:00:00-04:00,8.710000038146973,8.75,8.550000190734863,8.600000381469727,83600,0.0,0.0
2022-08-09 00:00:00-04:00,8.59000015258789,8.670000076293945,8.579999923706055,8.609999656677246,41300,0.0,0.0
2022-08-10 00:00:00-04:00,8.600000381469727,8.680000305175781,8.600000381469727,8.630000114440918,25900,0.0,0.0
2022-08-11 00:00:00-04:00,8.670000076293945,8.720000267028809,8.59000015258789,8.670000076293945,76300,0.0,0.0
2022-08-12 00:00:00-04:00,8.699999809265137,8.729999542236328,8.649999618530273,8.6899995803833,23900,0.0,0.0
2022-08-15 00:00:00-04:00,8.710000038146973,8.739999771118164,8.6899995803833,8.699999809265137,55600,0.0,0.0
2022-08-16 00:00:00-04:00,8.699999809265137,8.699999809265137,8.649999618530273,8.680000305175781,42000,0.0,0.0
2022-08-17 00:00:00-04:00,8.630000114440918,8.65999984741211,8.579999923706055,8.609999656677246,41700,0.0,0.0
2022-08-18 00:00:00-04:00,8.649999618530273,8.649999618530273,8.5,8.520000457763672,55200,0.0,0.0
2022-08-19 00:00:00-04:00,8.449999809265137,8.550000190734863,8.4399995803833,8.550000190734863,81000,0.0,0.0
2022-08-22 00:00:00-04:00,8.529999732971191,8.579999923706055,8.5,8.5,44000,0.0,0.0
2022-08-23 00:00:00-04:00,8.470000267028809,8.520000457763672,8.449999809265137,8.5,19100,0.0,0.0
2022-08-24 00:00:00-04:00,8.449999809265137,8.550000190734863,8.430000305175781,8.430000305175781,32000,0.0,0.0
2022-08-25 00:00:00-04:00,8.460000038146973,8.510000228881836,8.380000114440918,8.390000343322754,23400,0.0,0.0
2022-08-26 00:00:00-04:00,8.430000305175781,8.430000305175781,8.289999961853027,8.319999694824219,39200,0.0,0.0
2022-08-29 00:00:00-04:00,8.329999923706055,8.34000015258789,8.149999618530273,8.199999809265137,40400,0.0,0.0
2022-08-30 00:00:00-04:00,8.180000305175781,8.229999542236328,8.140000343322754,8.210000038146973,61100,0.0,0.0
2022-08-31 00:00:00-04:00,8.170000076293945,8.319999694824219,8.149999618530273,8.210000038146973,27600,0.0,0.0
2022-09-01 00:00:00-04:00,8.199999809265137,8.199999809265137,8.050000190734863,8.119999885559082,68300,0.0,0.0
2022-09-02 00:00:00-04:00,8.079999923706055,8.170000076293945,7.96999979019165,8.0,150700,0.0,0.0
2022-09-06 00:00:00-04:00,8.0,8.0,7.909999847412109,7.96999979019165,89100,0.0,0.0
2022-09-07 00:00:00-04:00,7.96999979019165,7.989999771118164,7.909999847412109,7.960000038146973,70200,0.0,0.0
2022-09-08 00:00:00-04:00,7.949999809265137,8.050000190734863,7.900000095367432,7.960000038146973,62000,0.0,0.0
2022-09-09 00:00:00-04:00,7.920000076293945,7.960000038146973,7.900000095367432,7.909999847412109,34300,0.0,0.0
2022-09-12 00:00:00-04:00,8.0,8.0600004196167,7.869999885559082,7.909999847412109,39100,0.0,0.0
2022-09-13 00:00:00-04:00,7.880000114440918,7.949999809265137,7.869999885559082,7.900000095367432,47100,0.0,0.0
2022-09-14 00:00:00-04:00,7.900000095367432,7.920000076293945,7.880000114440918,7.889999866485596,31100,0.0,0.0
2022-09-15 00:00:00-04:00,7.909999847412109,7.909999847412109,7.809999942779541,7.820000171661377,50200,0.0,0.0
2022-09-16 00:00:00-04:00,7.809999942779541,7.829999923706055,7.78000020980835,7.789999961853027,15100,0.0,0.0
2022-09-19 00:00:00-04:00,7.800000190734863,7.820000171661377,7.739999771118164,7.75,52600,0.0,0.0
2022-09-20 00:00:00-04:00,7.690000057220459,7.730000019073486,7.679999828338623,7.71999979019165,63400,0.0,0.0
2022-09-21 00:00:00-04:00,7.730000019073486,7.760000228881836,7.690000057220459,7.730000019073486,54200,0.0,0.0
2022-09-22 00:00:00-04:00,7.710000038146973,7.71999979019165,7.53000020980835,7.539999961853027,141200,0.0,0.0
2022-09-23 00:00:00-04:00,7.550000190734863,7.559999942779541,7.5,7.539999961853027,87400,0.0,0.0
2022-09-26 00:00:00-04:00,7.519999980926514,7.539999961853027,7.210000038146973,7.239999771118164,148400,0.0,0.0
2022-09-27 00:00:00-04:00,7.25,7.380000114440918,7.25,7.360000133514404,48200,0.0,0.0
2022-09-28 00:00:00-04:00,7.360000133514404,7.46999979019165,7.340000152587891,7.380000114440918,38400,0.0,0.0
2022-09-29 00:00:00-04:00,7.369999885559082,7.409999847412109,7.309999942779541,7.349999904632568,48900,0.0,0.0
2022-09-30 00:00:00-04:00,7.369999885559082,7.409999847412109,7.25,7.289999961853027,35400,0.0,0.0
2022-10-03 00:00:00-04:00,7.349999904632568,7.559999942779541,7.230000019073486,7.300000190734863,151600,0.0,0.0
2022-10-04 00:00:00-04:00,7.360000133514404,7.550000190734863,7.360000133514404,7.5,71300,0.0,0.0
2022-10-05 00:00:00-04:00,7.489999771118164,7.53000020980835,7.380000114440918,7.53000020980835,34100,0.0,0.0
2022-10-06 00:00:00-04:00,7.550000190734863,7.809999942779541,7.409999847412109,7.75,84800,0.0,0.0
2022-10-07 00:00:00-04:00,7.690000057220459,7.690000057220459,7.510000228881836,7.610000133514404,85400,0.0,0.0
2022-10-10 00:00:00-04:00,7.610000133514404,7.679999828338623,7.5,7.559999942779541,59200,0.0,0.0
2022-10-11 00:00:00-04:00,7.579999923706055,7.619999885559082,7.510000228881836,7.619999885559082,29400,0.0,0.0
2022-10-12 00:00:00-04:00,7.579999923706055,7.639999866485596,7.539999961853027,7.559999942779541,23700,0.0,0.0
2022-10-13 00:00:00-04:00,7.480000019073486,7.809999942779541,7.460000038146973,7.590000152587891,67100,0.0,0.0
2022-10-14 00:00:00-04:00,7.650000095367432,7.650000095367432,7.510000228881836,7.599999904632568,31400,0.0,0.0
2022-10-17 00:00:00-04:00,7.599999904632568,7.630000114440918,7.53000020980835,7.559999942779541,22800,0.0,0.0
2022-10-18 00:00:00-04:00,7.559999942779541,7.630000114440918,7.460000038146973,7.53000020980835,43500,0.0,0.0
2022-10-19 00:00:00-04:00,7.480000019073486,7.53000020980835,7.400000095367432,7.420000076293945,46200,0.0,0.0
2022-10-20 00:00:00-04:00,7.400000095367432,7.440000057220459,7.309999942779541,7.329999923706055,34600,0.0,0.0
2022-10-21 00:00:00-04:00,7.309999942779541,7.369999885559082,7.239999771118164,7.260000228881836,44900,0.0,0.0
2022-10-24 00:00:00-04:00,7.25,7.619999885559082,7.239999771118164,7.289999961853027,80900,0.0,0.0
2022-10-25 00:00:00-04:00,7.329999923706055,7.489999771118164,7.309999942779541,7.420000076293945,57500,0.0,0.0
2022-10-26 00:00:00-04:00,7.460000038146973,7.519999980926514,7.380000114440918,7.46999979019165,33800,0.0,0.0
2022-10-27 00:00:00-04:00,7.510000228881836,7.550000190734863,7.449999809265137,7.5,41300,0.0,0.0
2022-10-28 00:00:00-04:00,7.489999771118164,7.539999961853027,7.480000019073486,7.489999771118164,34200,0.0,0.0
2022-10-31 00:00:00-04:00,7.5,7.590000152587891,7.480000019073486,7.570000171661377,64100,0.0,0.0
2022-11-01 00:00:00-04:00,7.610000133514404,7.829999923706055,7.550000190734863,7.789999961853027,169200,0.0,0.0
2022-11-02 00:00:00-04:00,7.840000152587891,7.949999809265137,7.800000190734863,7.820000171661377,109600,0.0,0.0
2022-11-03 00:00:00-04:00,7.78000020980835,7.849999904632568,7.71999979019165,7.78000020980835,64600,0.0,0.0
2022-11-04 00:00:00-04:00,7.789999961853027,7.949999809265137,7.769999980926514,7.929999828338623,53900,0.0,0.0
2022-11-07 00:00:00-05:00,7.929999828338623,7.960000038146973,7.869999885559082,7.880000114440918,80500,0.0,0.0
2022-11-08 00:00:00-05:00,7.889999866485596,7.960000038146973,7.840000152587891,7.920000076293945,55800,0.0,0.0
2022-11-09 00:00:00-05:00,7.860000133514404,7.960000038146973,7.860000133514404,7.860000133514404,21300,0.0,0.0
2022-11-10 00:00:00-05:00,7.960000038146973,8.119999885559082,7.960000038146973,8.079999923706055,90100,0.0,0.0
2022-11-11 00:00:00-05:00,8.109999656677246,8.279999732971191,8.079999923706055,8.220000267028809,53500,0.0,0.0
2022-11-14 00:00:00-05:00,8.180000305175781,8.260000228881836,8.069999694824219,8.09000015258789,42700,0.0,0.0
2022-11-15 00:00:00-05:00,8.180000305175781,8.279999732971191,8.170000076293945,8.199999809265137,68500,0.0,0.0
2022-11-16 00:00:00-05:00,8.15999984741211,8.390000343322754,8.15999984741211,8.3100004196167,70800,0.0,0.0
2022-11-17 00:00:00-05:00,8.289999961853027,8.420000076293945,8.289999961853027,8.350000381469727,39200,0.0,0.0
2022-11-18 00:00:00-05:00,8.369999885559082,8.40999984741211,8.3100004196167,8.359999656677246,33500,0.0,0.0
2022-11-21 00:00:00-05:00,8.420000076293945,8.680000305175781,8.359999656677246,8.579999923706055,117800,0.0,0.0
2022-11-22 00:00:00-05:00,8.579999923706055,8.760000228881836,8.5,8.670000076293945,99400,0.0,0.0
2022-11-23 00:00:00-05:00,8.640000343322754,8.800000190734863,8.640000343322754,8.729999542236328,64700,0.0,0.0
2022-11-25 00:00:00-05:00,8.670000076293945,8.75,8.609999656677246,8.640000343322754,32800,0.0,0.0
2022-11-28 00:00:00-05:00,8.649999618530273,8.680000305175781,8.510000228881836,8.510000228881836,69700,0.0,0.0
2022-11-29 00:00:00-05:00,8.510000228881836,8.649999618530273,8.460000038146973,8.5600004196167,89200,0.0,0.0
2022-11-30 00:00:00-05:00,8.539999961853027,8.720000267028809,8.529999732971191,8.65999984741211,66700,0.0,0.0
2022-12-01 00:00:00-05:00,8.710000038146973,8.779999732971191,8.579999923706055,8.619999885559082,64000,0.0,0.0
2022-12-02 00:00:00-05:00,8.579999923706055,8.6899995803833,8.520000457763672,8.600000381469727,66500,0.0,0.0
2022-12-05 00:00:00-05:00,8.600000381469727,8.600000381469727,8.479999542236328,8.5600004196167,50100,0.0,0.0
2022-12-06 00:00:00-05:00,8.569999694824219,8.619999885559082,8.5,8.609999656677246,108400,0.0,0.0
2022-12-07 00:00:00-05:00,8.640000343322754,8.699999809265137,8.609999656677246,8.609999656677246,77100,0.0,0.0
2022-12-08 00:00:00-05:00,8.520000457763672,8.630000114440918,8.5,8.569999694824219,69800,0.0,0.0
2022-12-09 00:00:00-05:00,8.5,8.579999923706055,8.399999618530273,8.399999618530273,76600,0.0,0.0
2022-12-12 00:00:00-05:00,8.420000076293945,8.699999809265137,8.420000076293945,8.430000305175781,102400,0.0,0.0
2022-12-13 00:00:00-05:00,8.619999885559082,8.630000114440918,8.479999542236328,8.489999771118164,72000,0.0,0.0
2022-12-14 00:00:00-05:00,8.319999694824219,8.5600004196167,8.319999694824219,8.5,65400,0.0,0.0
2022-12-15 00:00:00-05:00,8.449999809265137,8.579999923706055,8.420000076293945,8.489999771118164,86400,0.0,0.0
2022-12-16 00:00:00-05:00,8.449999809265137,8.479999542236328,8.359999656677246,8.359999656677246,55000,0.0,0.0
2022-12-19 00:00:00-05:00,8.369999885559082,8.449999809265137,8.3100004196167,8.390000343322754,43100,0.0,0.0
2022-12-20 00:00:00-05:00,8.350000381469727,8.470000267028809,8.279999732971191,8.399999618530273,57600,0.0,0.0
2022-12-21 00:00:00-05:00,8.420000076293945,8.430000305175781,8.380000114440918,8.399999618530273,57700,0.0,0.0
2022-12-22 00:00:00-05:00,8.329999923706055,8.359999656677246,8.25,8.260000228881836,53200,0.0,0.0
2022-12-23 00:00:00-05:00,8.289999961853027,8.390000343322754,8.279999732971191,8.300000190734863,42300,0.0,0.0
2022-12-27 00:00:00-05:00,8.289999961853027,8.420000076293945,8.220000267028809,8.350000381469727,112400,0.0,0.0
2022-12-28 00:00:00-05:00,8.390000343322754,8.399999618530273,8.319999694824219,8.34000015258789,80000,0.0,0.0
2022-12-29 00:00:00-05:00,8.359999656677246,8.380000114440918,8.319999694824219,8.34000015258789,61200,0.0,0.0
2022-12-30 00:00:00-05:00,8.350000381469727,8.369999885559082,8.329999923706055,8.350000381469727,98600,0.0,0.0
2023-01-03 00:00:00-05:00,8.369999885559082,8.529999732971191,8.369999885559082,8.399999618530273,63300,0.0,0.0
2023-01-04 00:00:00-05:00,8.239999771118164,8.239999771118164,7.929999828338623,8.029999732971191,235500,0.0,0.0
2023-01-05 00:00:00-05:00,8.010000228881836,8.180000305175781,7.860000133514404,7.860000133514404,98400,0.0,0.0
2023-01-06 00:00:00-05:00,7.920000076293945,7.980000019073486,7.849999904632568,7.949999809265137,65300,0.0,0.0
2023-01-09 00:00:00-05:00,8.0,8.020000457763672,7.880000114440918,7.880000114440918,76300,0.0,0.0
2023-01-10 00:00:00-05:00,7.929999828338623,7.929999828338623,7.679999828338623,7.820000171661377,115800,0.0,0.0
2023-01-11 00:00:00-05:00,7.909999847412109,7.909999847412109,7.769999980926514,7.849999904632568,85700,0.0,0.0
2023-01-12 00:00:00-05:00,7.889999866485596,7.909999847412109,7.809999942779541,7.849999904632568,50800,0.0,0.0
2023-01-13 00:00:00-05:00,7.849999904632568,7.900000095367432,7.809999942779541,7.829999923706055,77600,0.0,0.0
2023-01-17 00:00:00-05:00,7.829999923706055,7.869999885559082,7.71999979019165,7.71999979019165,91700,0.0,0.0
2023-01-18 00:00:00-05:00,7.71999979019165,7.829999923706055,7.699999809265137,7.760000228881836,203200,0.0,0.0
2023-01-19 00:00:00-05:00,7.710000038146973,8.069999694824219,7.710000038146973,8.039999961853027,124400,0.0,0.0
2023-01-20 00:00:00-05:00,8.039999961853027,8.079999923706055,7.929999828338623,8.069999694824219,65100,0.0,0.0
2023-01-23 00:00:00-05:00,8.050000190734863,8.15999984741211,8.029999732971191,8.130000114440918,135900,0.0,0.0
2023-01-24 00:00:00-05:00,8.140000343322754,8.180000305175781,8.100000381469727,8.109999656677246,61800,0.0,0.0
2023-01-25 00:00:00-05:00,8.140000343322754,8.140000343322754,8.0600004196167,8.09000015258789,39600,0.0,0.0
2023-01-26 00:00:00-05:00,8.100000381469727,8.149999618530273,8.079999923706055,8.119999885559082,64300,0.0,0.0
2023-01-27 00:00:00-05:00,8.140000343322754,8.140000343322754,8.09000015258789,8.109999656677246,9400,0.0,0.0
2023-01-30 00:00:00-05:00,8.109999656677246,8.15999984741211,8.09000015258789,8.140000343322754,37000,0.0,0.0
2023-01-31 00:00:00-05:00,8.170000076293945,8.180000305175781,8.130000114440918,8.149999618530273,31200,0.0,0.0
2023-02-01 00:00:00-05:00,8.180000305175781,8.289999961853027,8.15999984741211,8.210000038146973,80400,0.0,0.0
2023-02-02 00:00:00-05:00,8.25,8.279999732971191,8.0600004196167,8.109999656677246,176800,0.0,0.0
2023-02-03 00:00:00-05:00,8.079999923706055,8.140000343322754,8.0600004196167,8.140000343322754,95800,0.0,0.0
2023-02-06 00:00:00-05:00,8.119999885559082,8.15999984741211,8.069999694824219,8.09000015258789,44700,0.0,0.0
2023-02-07 00:00:00-05:00,8.100000381469727,8.25,8.100000381469727,8.199999809265137,45500,0.0,0.0
2023-02-08 00:00:00-05:00,8.199999809265137,8.329999923706055,8.199999809265137,8.270000457763672,80100,0.0,0.0
2023-02-09 00:00:00-05:00,8.3100004196167,8.380000114440918,8.239999771118164,8.25,121800,0.0,0.0
2023-02-10 00:00:00-05:00,8.25,8.3100004196167,8.149999618530273,8.210000038146973,28000,0.0,0.0
2023-02-13 00:00:00-05:00,8.270000457763672,8.329999923706055,8.239999771118164,8.279999732971191,22800,0.0,0.0
2023-02-14 00:00:00-05:00,8.25,8.260000228881836,8.100000381469727,8.119999885559082,54200,0.0,0.0
2023-02-15 00:00:00-05:00,8.130000114440918,8.220000267028809,8.109999656677246,8.140000343322754,62700,0.0,0.0
2023-02-16 00:00:00-05:00,8.079999923706055,8.100000381469727,7.980000019073486,7.989999771118164,48700,0.0,0.0
2023-02-17 00:00:00-05:00,7.980000019073486,7.989999771118164,7.869999885559082,7.920000076293945,64000,0.0,0.0
2023-02-21 00:00:00-05:00,7.920000076293945,7.940000057220459,7.800000190734863,7.820000171661377,51400,0.0,0.0
2023-02-22 00:00:00-05:00,7.889999866485596,7.900000095367432,7.75,7.789999961853027,53500,0.0,0.0
2023-02-23 00:00:00-05:00,7.840000152587891,7.840000152587891,7.699999809265137,7.710000038146973,23800,0.0,0.0
2023-02-24 00:00:00-05:00,7.690000057220459,7.699999809265137,7.570000171661377,7.590000152587891,41500,0.0,0.0
2023-02-27 00:00:00-05:00,7.639999866485596,7.650000095367432,7.570000171661377,7.639999866485596,61200,0.0,0.0
2023-02-28 00:00:00-05:00,7.590000152587891,7.650000095367432,7.570000171661377,7.630000114440918,72300,0.0,0.0
2023-03-01 00:00:00-05:00,7.630000114440918,7.659999847412109,7.579999923706055,7.579999923706055,49700,0.0,0.0
2023-03-02 00:00:00-05:00,7.619999885559082,7.630000114440918,7.510000228881836,7.619999885559082,87000,0.0,0.0
2023-03-03 00:00:00-05:00,7.659999847412109,7.679999828338623,7.599999904632568,7.599999904632568,50900,0.0,0.0
2023-03-06 00:00:00-05:00,7.619999885559082,7.619999885559082,7.570000171661377,7.590000152587891,13800,0.0,0.0
2023-03-07 00:00:00-05:00,7.579999923706055,7.610000133514404,7.519999980926514,7.519999980926514,30400,0.0,0.0
2023-03-08 00:00:00-05:00,7.510000228881836,7.550000190734863,7.5,7.519999980926514,19300,0.0,0.0
2023-03-09 00:00:00-05:00,7.559999942779541,7.670000076293945,7.559999942779541,7.599999904632568,20600,0.0,0.0
2023-03-10 00:00:00-05:00,7.610000133514404,7.690000057220459,7.489999771118164,7.510000228881836,38300,0.0,0.0
2023-03-13 00:00:00-04:00,7.550000190734863,7.579999923706055,7.5,7.53000020980835,8000,0.0,0.0
2023-03-14 00:00:00-04:00,7.53000020980835,7.570000171661377,7.46999979019165,7.489999771118164,13200,0.0,0.0
2023-03-15 00:00:00-04:00,7.570000171661377,7.619999885559082,7.539999961853027,7.539999961853027,39000,0.0,0.0
2023-03-16 00:00:00-04:00,7.539999961853027,7.650000095367432,7.539999961853027,7.610000133514404,17200,0.0,0.0
2023-03-17 00:00:00-04:00,7.650000095367432,7.650000095367432,7.610000133514404,7.619999885559082,6000,0.0,0.0
2023-03-20 00:00:00-04:00,7.570000171661377,7.699999809265137,7.570000171661377,7.630000114440918,23800,0.0,0.0
2023-03-21 00:00:00-04:00,7.559999942779541,7.610000133514404,7.329999923706055,7.369999885559082,102900,0.0,0.0
2023-03-22 00:00:00-04:00,7.480000019073486,7.510000228881836,7.380000114440918,7.46999979019165,31700,0.0,0.0
2023-03-23 00:00:00-04:00,7.489999771118164,7.5,7.409999847412109,7.440000057220459,31100,0.0,0.0
2023-03-24 00:00:00-04:00,7.5,7.539999961853027,7.460000038146973,7.489999771118164,33400,0.0,0.0
2023-03-27 00:00:00-04:00,7.420000076293945,7.559999942779541,7.420000076293945,7.489999771118164,24200,0.0,0.0
2023-03-28 00:00:00-04:00,7.539999961853027,7.539999961853027,7.46999979019165,7.539999961853027,9900,0.0,0.0
2023-03-29 00:00:00-04:00,7.539999961853027,7.619999885559082,7.53000020980835,7.619999885559082,24800,0.0,0.0
2023-03-30 00:00:00-04:00,7.670000076293945,7.809999942779541,7.659999847412109,7.690000057220459,222700,0.0,0.0
2023-03-31 00:00:00-04:00,7.730000019073486,7.769999980926514,7.559999942779541,7.760000228881836,249300,0.0,0.0
2023-04-03 00:00:00-04:00,7.789999961853027,7.809999942779541,7.650000095367432,7.739999771118164,50000,0.0,0.0
2023-04-04 00:00:00-04:00,7.690000057220459,7.809999942779541,7.610000133514404,7.789999961853027,45400,0.0,0.0
2023-04-05 00:00:00-04:00,7.820000171661377,7.860000133514404,7.809999942779541,7.860000133514404,19900,0.0,0.0
2023-04-06 00:00:00-04:00,7.829999923706055,7.869999885559082,7.730000019073486,7.829999923706055,56000,0.0,0.0
2023-04-10 00:00:00-04:00,7.829999923706055,7.869999885559082,7.710000038146973,7.78000020980835,53500,0.0,0.0
2023-04-11 00:00:00-04:00,7.829999923706055,7.869999885559082,7.829999923706055,7.849999904632568,19900,0.0,0.0
2023-04-12 00:00:00-04:00,7.920000076293945,7.920000076293945,7.710000038146973,7.75,26300,0.0,0.0
2023-04-13 00:00:00-04:00,7.820000171661377,7.829999923706055,7.769999980926514,7.829999923706055,25000,0.0,0.0
2023-04-14 00:00:00-04:00,7.880000114440918,7.929999828338623,7.800000190734863,7.869999885559082,34000,0.0,0.0
2023-04-17 00:00:00-04:00,7.909999847412109,7.909999847412109,7.650000095367432,7.71999979019165,59600,0.0,0.0
2023-04-18 00:00:00-04:00,7.75,7.75,7.559999942779541,7.599999904632568,75900,0.0,0.0
2023-04-19 00:00:00-04:00,7.559999942779541,7.590000152587891,7.510000228881836,7.519999980926514,17200,0.0,0.0
2023-04-20 00:00:00-04:00,7.5,7.619999885559082,7.5,7.539999961853027,43600,0.0,0.0
2023-04-21 00:00:00-04:00,7.639999866485596,7.639999866485596,7.550000190734863,7.579999923706055,20200,0.0,0.0
2023-04-24 00:00:00-04:00,7.630000114440918,7.679999828338623,7.599999904632568,7.630000114440918,7800,0.0,0.0
2023-04-25 00:00:00-04:00,7.599999904632568,7.670000076293945,7.599999904632568,7.659999847412109,13100,0.0,0.0
2023-04-26 00:00:00-04:00,7.71999979019165,7.71999979019165,7.659999847412109,7.690000057220459,13800,0.0,0.0
2023-04-27 00:00:00-04:00,7.739999771118164,7.739999771118164,7.699999809265137,7.739999771118164,13200,0.0,0.0
2023-04-28 00:00:00-04:00,7.730000019073486,7.78000020980835,7.699999809265137,7.71999979019165,28000,0.0,0.0
2023-05-01 00:00:00-04:00,7.75,7.760000228881836,7.659999847412109,7.670000076293945,18100,0.0,0.0
2023-05-02 00:00:00-04:00,7.650000095367432,7.710000038146973,7.599999904632568,7.659999847412109,46800,0.0,0.0
2023-05-03 00:00:00-04:00,7.699999809265137,7.699999809265137,7.650000095367432,7.659999847412109,40900,0.0,0.0
2023-05-04 00:00:00-04:00,7.690000057220459,7.690000057220459,7.639999866485596,7.690000057220459,10200,0.0,0.0
2023-05-05 00:00:00-04:00,7.730000019073486,7.789999961853027,7.71999979019165,7.78000020980835,8400,0.0,0.0
2023-05-08 00:00:00-04:00,7.809999942779541,7.829999923706055,7.739999771118164,7.75,38300,0.0,0.0
2023-05-09 00:00:00-04:00,7.809999942779541,7.840000152587891,7.75,7.829999923706055,28700,0.0,0.0
2023-05-10 00:00:00-04:00,7.829999923706055,7.869999885559082,7.71999979019165,7.75,19800,0.0,0.0
2023-05-11 00:00:00-04:00,7.800000190734863,7.869999885559082,7.730000019073486,7.849999904632568,37700,0.0,0.0
2023-05-12 00:00:00-04:00,7.849999904632568,7.869999885559082,7.690000057220459,7.690000057220459,89300,0.0,0.0
2023-05-15 00:00:00-04:00,7.679999828338623,7.760000228881836,7.679999828338623,7.710000038146973,43700,0.0,0.0
2023-05-16 00:00:00-04:00,7.75,7.75,7.630000114440918,7.650000095367432,26300,0.0,0.0
2023-05-17 00:00:00-04:00,7.699999809265137,7.699999809265137,7.599999904632568,7.670000076293945,34300,0.0,0.0
2023-05-18 00:00:00-04:00,7.699999809265137,7.699999809265137,7.610000133514404,7.679999828338623,19700,0.0,0.0
2023-05-19 00:00:00-04:00,7.679999828338623,7.739999771118164,7.630000114440918,7.659999847412109,24500,0.0,0.0
2023-05-22 00:00:00-04:00,7.699999809265137,7.739999771118164,7.619999885559082,7.630000114440918,28500,0.0,0.0
2023-05-23 00:00:00-04:00,7.659999847412109,7.659999847412109,7.579999923706055,7.579999923706055,42300,0.0,0.0
2023-05-24 00:00:00-04:00,7.619999885559082,7.619999885559082,7.46999979019165,7.510000228881836,55200,0.0,0.0
2023-05-25 00:00:00-04:00,7.550000190734863,7.559999942779541,7.409999847412109,7.519999980926514,32700,0.0,0.0
2023-05-26 00:00:00-04:00,7.559999942779541,7.639999866485596,7.539999961853027,7.610000133514404,65000,0.0,0.0
2023-05-30 00:00:00-04:00,7.599999904632568,7.599999904632568,7.510000228881836,7.559999942779541,31700,0.0,0.0
2023-05-31 00:00:00-04:00,7.599999904632568,7.639999866485596,7.559999942779541,7.639999866485596,33100,0.0,0.0
2023-06-01 00:00:00-04:00,7.690000057220459,7.829999923706055,7.659999847412109,7.769999980926514,39100,0.0,0.0
2023-06-02 00:00:00-04:00,7.840000152587891,7.849999904632568,7.659999847412109,7.699999809265137,34600,0.0,0.0
2023-06-05 00:00:00-04:00,7.690000057220459,7.739999771118164,7.539999961853027,7.670000076293945,33400,0.0,0.0
2023-06-06 00:00:00-04:00,7.699999809265137,7.699999809265137,7.570000171661377,7.650000095367432,13900,0.0,0.0
2023-06-07 00:00:00-04:00,7.670000076293945,7.809999942779541,7.590000152587891,7.699999809265137,40800,0.0,0.0
2023-06-08 00:00:00-04:00,7.75,7.889999866485596,7.75,7.860000133514404,38700,0.0,0.0
2023-06-09 00:00:00-04:00,7.889999866485596,8.09000015258789,7.869999885559082,7.960000038146973,35900,0.0,0.0
2023-06-12 00:00:00-04:00,8.010000228881836,8.010000228881836,7.840000152587891,7.860000133514404,18800,0.0,0.0
2023-06-13 00:00:00-04:00,7.889999866485596,7.889999866485596,7.789999961853027,7.789999961853027,14000,0.0,0.0
2023-06-14 00:00:00-04:00,7.849999904632568,7.900000095367432,7.829999923706055,7.869999885559082,16000,0.0,0.0
2023-06-15 00:00:00-04:00,7.929999828338623,7.929999828338623,7.679999828338623,7.71999979019165,52400,0.0,0.0
2023-06-16 00:00:00-04:00,7.760000228881836,7.760000228881836,7.650000095367432,7.710000038146973,22300,0.0,0.0
2023-06-20 00:00:00-04:00,7.730000019073486,7.769999980926514,7.699999809265137,7.730000019073486,7300,0.0,0.0
2023-06-21 00:00:00-04:00,7.769999980926514,7.769999980926514,7.710000038146973,7.739999771118164,17800,0.0,0.0
2023-06-22 00:00:00-04:00,7.730000019073486,7.769999980926514,7.699999809265137,7.71999979019165,10900,0.0,0.0
2023-06-23 00:00:00-04:00,7.760000228881836,7.789999961853027,7.690000057220459,7.699999809265137,32300,0.0,0.0
2023-06-26 00:00:00-04:00,7.710000038146973,7.96999979019165,7.710000038146973,7.730000019073486,33700,0.0,0.0
2023-06-27 00:00:00-04:00,7.730000019073486,7.820000171661377,7.710000038146973,7.760000228881836,53500,0.0,0.0
2023-06-28 00:00:00-04:00,7.760000228881836,7.809999942779541,7.699999809265137,7.75,73100,0.0,0.0
2023-06-29 00:00:00-04:00,7.699999809265137,7.71999979019165,7.650000095367432,7.679999828338623,54600,0.0,0.0
2023-06-30 00:00:00-04:00,7.730000019073486,7.730000019073486,7.639999866485596,7.699999809265137,12100,0.0,0.0
2023-07-03 00:00:00-04:00,7.739999771118164,7.820000171661377,7.730000019073486,7.789999961853027,29600,0.0,0.0
2023-07-05 00:00:00-04:00,7.800000190734863,7.820000171661377,7.679999828338623,7.71999979019165,54800,0.0,0.0
2023-07-06 00:00:00-04:00,7.699999809265137,7.699999809265137,7.599999904632568,7.650000095367432,21200,0.0,0.0
2023-07-07 00:00:00-04:00,7.639999866485596,7.659999847412109,7.630000114440918,7.639999866485596,8400,0.0,0.0
2023-07-10 00:00:00-04:00,7.679999828338623,7.809999942779541,7.650000095367432,7.809999942779541,14500,0.0,0.0
2023-07-11 00:00:00-04:00,7.849999904632568,7.860000133514404,7.769999980926514,7.849999904632568,19800,0.0,0.0
2023-07-12 00:00:00-04:00,7.900000095367432,8.0,7.900000095367432,8.0,29400,0.0,0.0
2023-07-13 00:00:00-04:00,8.0,8.0,7.820000171661377,7.900000095367432,17800,0.0,0.0
2023-07-14 00:00:00-04:00,7.940000057220459,7.940000057220459,7.880000114440918,7.940000057220459,13700,0.0,0.0
2023-07-17 00:00:00-04:00,7.900000095367432,7.920000076293945,7.869999885559082,7.889999866485596,10600,0.0,0.0
2023-07-18 00:00:00-04:00,7.940000057220459,7.940000057220459,7.869999885559082,7.940000057220459,7100,0.0,0.0
2023-07-19 00:00:00-04:00,7.909999847412109,8.039999961853027,7.909999847412109,8.010000228881836,11700,0.0,0.0
2023-07-20 00:00:00-04:00,8.020000457763672,8.020000457763672,7.929999828338623,7.980000019073486,23500,0.0,0.0
2023-07-21 00:00:00-04:00,8.020000457763672,8.069999694824219,7.920000076293945,8.010000228881836,10000,0.0,0.0
2023-07-24 00:00:00-04:00,8.050000190734863,8.130000114440918,8.050000190734863,8.09000015258789,25600,0.0,0.0
2023-07-25 00:00:00-04:00,8.069999694824219,8.069999694824219,7.940000057220459,7.980000019073486,16100,0.0,0.0
2023-07-26 00:00:00-04:00,8.020000457763672,8.109999656677246,8.020000457763672,8.069999694824219,10300,0.0,0.0
2023-07-27 00:00:00-04:00,8.100000381469727,8.100000381469727,7.949999809265137,8.010000228881836,19000,0.0,0.0
2023-07-28 00:00:00-04:00,8.069999694824219,8.079999923706055,7.880000114440918,8.010000228881836,11800,0.0,0.0
2023-07-31 00:00:00-04:00,8.0600004196167,8.15999984741211,8.0600004196167,8.100000381469727,16700,0.0,0.0
2023-08-01 00:00:00-04:00,8.100000381469727,8.199999809265137,8.050000190734863,8.0600004196167,34600,0.0,0.0
2023-08-02 00:00:00-04:00,8.029999732971191,8.119999885559082,7.849999904632568,7.980000019073486,81800,0.0,0.0
2023-08-03 00:00:00-04:00,7.849999904632568,7.960000038146973,7.800000190734863,7.849999904632568,63900,0.0,0.0
2023-08-04 00:00:00-04:00,7.860000133514404,7.940000057220459,7.800000190734863,7.860000133514404,30000,0.0,0.0
2023-08-07 00:00:00-04:00,7.900000095367432,7.929999828338623,7.789999961853027,7.909999847412109,20100,0.0,0.0
2023-08-08 00:00:00-04:00,7.869999885559082,7.900000095367432,7.760000228881836,7.820000171661377,30200,0.0,0.0
2023-08-09 00:00:00-04:00,7.78000020980835,7.949999809265137,7.78000020980835,7.909999847412109,29600,0.0,0.0
2023-08-10 00:00:00-04:00,7.869999885559082,7.880000114440918,7.699999809265137,7.730000019073486,33100,0.0,0.0
2023-08-11 00:00:00-04:00,7.889999866485596,7.949999809265137,7.75,7.909999847412109,38400,0.0,0.0
2023-08-14 00:00:00-04:00,7.900000095367432,7.900000095367432,7.71999979019165,7.75,34500,0.0,0.0
2023-08-15 00:00:00-04:00,7.809999942779541,7.900000095367432,7.800000190734863,7.849999904632568,33700,0.0,0.0
2023-08-16 00:00:00-04:00,7.829999923706055,7.849999904632568,7.659999847412109,7.690000057220459,43600,0.0,0.0
2023-08-17 00:00:00-04:00,7.690000057220459,7.800000190734863,7.659999847412109,7.78000020980835,27300,0.0,0.0
2023-08-18 00:00:00-04:00,7.78000020980835,7.78000020980835,7.590000152587891,7.610000133514404,38600,0.0,0.0
2023-08-21 00:00:00-04:00,7.630000114440918,7.670000076293945,7.539999961853027,7.599999904632568,71400,0.0,0.0
2023-08-22 00:00:00-04:00,7.650000095367432,7.699999809265137,7.559999942779541,7.679999828338623,34700,0.0,0.0
2023-08-23 00:00:00-04:00,7.679999828338623,7.809999942779541,7.670000076293945,7.809999942779541,46200,0.0,0.0
2023-08-24 00:00:00-04:00,7.809999942779541,7.809999942779541,7.510000228881836,7.519999980926514,45100,0.0,0.0
2023-08-25 00:00:00-04:00,7.519999980926514,7.670000076293945,7.489999771118164,7.619999885559082,66400,0.0,0.0
2023-08-28 00:00:00-04:00,7.570000171661377,7.619999885559082,7.5,7.519999980926514,22600,0.0,0.0
2023-08-29 00:00:00-04:00,7.489999771118164,7.630000114440918,7.489999771118164,7.630000114440918,100700,0.0,0.0
2023-08-30 00:00:00-04:00,7.599999904632568,7.670000076293945,7.599999904632568,7.619999885559082,40100,0.0,0.0
2023-08-31 00:00:00-04:00,7.599999904632568,7.610000133514404,7.550000190734863,7.579999923706055,12600,0.0,0.0
2023-09-01 00:00:00-04:00,7.570000171661377,7.639999866485596,7.559999942779541,7.610000133514404,20800,0.0,0.0
2023-09-05 00:00:00-04:00,7.610000133514404,7.690000057220459,7.550000190734863,7.610000133514404,88800,0.0,0.0
2023-09-06 00:00:00-04:00,7.610000133514404,7.650000095367432,7.489999771118164,7.53000020980835,60500,0.0,0.0
2023-09-07 00:00:00-04:00,7.53000020980835,7.570000171661377,7.449999809265137,7.510000228881836,19300,0.0,0.0
2023-09-08 00:00:00-04:00,7.579999923706055,7.619999885559082,7.53000020980835,7.539999961853027,25800,0.0,0.0
2023-09-11 00:00:00-04:00,7.590000152587891,7.619999885559082,7.369999885559082,7.440000057220459,33100,0.0,0.0
2023-09-12 00:00:00-04:00,7.409999847412109,7.460000038146973,7.360000133514404,7.360000133514404,39600,0.0,0.0
2023-09-13 00:00:00-04:00,7.400000095367432,7.400000095367432,7.329999923706055,7.400000095367432,32000,0.0,0.0
2023-09-14 00:00:00-04:00,7.429999828338623,7.429999828338623,7.349999904632568,7.389999866485596,7200,0.0,0.0
2023-09-15 00:00:00-04:00,7.389999866485596,7.389999866485596,7.289999961853027,7.320000171661377,21900,0.0,0.0
2023-09-18 00:00:00-04:00,7.309999942779541,7.320000171661377,7.300000190734863,7.320000171661377,12500,0.0,0.0
2023-09-19 00:00:00-04:00,7.320000171661377,7.349999904632568,7.269999980926514,7.289999961853027,12600,0.0,0.0
2023-09-20 00:00:00-04:00,7.309999942779541,7.320000171661377,7.28000020980835,7.289999961853027,9900,0.0,0.0
2023-09-21 00:00:00-04:00,7.269999980926514,7.289999961853027,7.190000057220459,7.199999809265137,63500,0.0,0.0
2023-09-22 00:00:00-04:00,7.199999809265137,7.25,7.150000095367432,7.170000076293945,24300,0.0,0.0
2023-09-25 00:00:00-04:00,7.150000095367432,7.150000095367432,6.980000019073486,7.0,57900,0.0,0.0
2023-09-26 00:00:00-04:00,6.989999771118164,7.0,6.900000095367432,6.900000095367432,93300,0.0,0.0
2023-09-27 00:00:00-04:00,6.920000076293945,6.940000057220459,6.809999942779541,6.809999942779541,42200,0.0,0.0
2023-09-28 00:00:00-04:00,6.809999942779541,6.829999923706055,6.739999771118164,6.760000228881836,62600,0.0,0.0
2023-09-29 00:00:00-04:00,6.800000190734863,6.860000133514404,6.75,6.849999904632568,106500,0.0,0.0
2023-10-02 00:00:00-04:00,6.869999885559082,6.869999885559082,6.699999809265137,6.75,127400,0.0,0.0
2023-10-03 00:00:00-04:00,6.75,6.760000228881836,6.599999904632568,6.679999828338623,90000,0.0,0.0
2023-10-04 00:00:00-04:00,6.679999828338623,6.71999979019165,6.659999847412109,6.690000057220459,49000,0.0,0.0
2023-10-05 00:00:00-04:00,6.71999979019165,6.739999771118164,6.630000114440918,6.650000095367432,87000,0.0,0.0
2023-10-06 00:00:00-04:00,6.659999847412109,6.659999847412109,6.550000190734863,6.590000152587891,43600,0.0,0.0
2023-10-09 00:00:00-04:00,6.579999923706055,6.659999847412109,6.550000190734863,6.599999904632568,133500,0.0,0.0
2023-10-10 00:00:00-04:00,6.610000133514404,6.690000057220459,6.590000152587891,6.679999828338623,99400,0.0,0.0
2023-10-11 00:00:00-04:00,6.710000038146973,6.739999771118164,6.650000095367432,6.739999771118164,90300,0.0,0.0
2023-10-12 00:00:00-04:00,6.75,6.75,6.610000133514404,6.699999809265137,76700,0.0,0.0
2023-10-13 00:00:00-04:00,6.75,6.75,6.670000076293945,6.690000057220459,28800,0.0,0.0
2023-10-16 00:00:00-04:00,6.679999828338623,6.699999809265137,6.590000152587891,6.619999885559082,96200,0.0,0.0
2023-10-17 00:00:00-04:00,6.570000171661377,6.599999904632568,6.489999771118164,6.579999923706055,138700,0.0,0.0
2023-10-18 00:00:00-04:00,6.460000038146973,6.550000190734863,6.460000038146973,6.5,61300,0.0,0.0
2023-10-19 00:00:00-04:00,6.519999980926514,6.519999980926514,6.460000038146973,6.480000019073486,41400,0.0,0.0
2023-10-20 00:00:00-04:00,6.489999771118164,6.5,6.400000095367432,6.440000057220459,38200,0.0,0.0
2023-10-23 00:00:00-04:00,6.449999809265137,6.46999979019165,6.300000190734863,6.380000114440918,47300,0.0,0.0
2023-10-24 00:00:00-04:00,6.429999828338623,6.480000019073486,6.429999828338623,6.480000019073486,45200,0.0,0.0
2023-10-25 00:00:00-04:00,6.489999771118164,6.489999771118164,6.389999866485596,6.400000095367432,92300,0.0,0.0
2023-10-26 00:00:00-04:00,6.420000076293945,6.429999828338623,6.400000095367432,6.420000076293945,15000,0.0,0.0
2023-10-27 00:00:00-04:00,6.420000076293945,6.429999828338623,6.380000114440918,6.409999847412109,46300,0.0,0.0
2023-10-30 00:00:00-04:00,6.400000095367432,6.440000057220459,6.400000095367432,6.420000076293945,38600,0.0,0.0
2023-10-31 00:00:00-04:00,6.429999828338623,6.489999771118164,6.420000076293945,6.460000038146973,55100,0.0,0.0
2023-11-01 00:00:00-04:00,6.480000019073486,6.539999961853027,6.440000057220459,6.53000020980835,73800,0.0,0.0
2023-11-02 00:00:00-04:00,6.619999885559082,6.699999809265137,6.599999904632568,6.659999847412109,68400,0.0,0.0
2023-11-03 00:00:00-04:00,6.71999979019165,6.789999961853027,6.71999979019165,6.78000020980835,48200,0.0,0.0
2023-11-06 00:00:00-05:00,6.75,6.789999961853027,6.659999847412109,6.71999979019165,64700,0.0,0.0
2023-11-07 00:00:00-05:00,6.71999979019165,6.829999923706055,6.710000038146973,6.739999771118164,56400,0.0,0.0
2023-11-08 00:00:00-05:00,6.769999980926514,6.829999923706055,6.739999771118164,6.75,77600,0.0,0.0
2023-11-09 00:00:00-05:00,6.78000020980835,6.78000020980835,6.659999847412109,6.699999809265137,30600,0.0,0.0
2023-11-10 00:00:00-05:00,6.699999809265137,6.710000038146973,6.659999847412109,6.679999828338623,83200,0.0,0.0
2023-11-13 00:00:00-05:00,6.679999828338623,6.699999809265137,6.610000133514404,6.650000095367432,57100,0.0,0.0
2023-11-14 00:00:00-05:00,6.75,6.989999771118164,6.75,6.800000190734863,241400,0.0,0.0
2023-11-15 00:00:00-05:00,6.840000152587891,6.840000152587891,6.739999771118164,6.75,102500,0.0,0.0
2023-11-16 00:00:00-05:00,6.809999942779541,6.96999979019165,6.809999942779541,6.96999979019165,121100,0.0,0.0
2023-11-17 00:00:00-05:00,7.019999980926514,7.039999961853027,6.960000038146973,7.010000228881836,108900,0.0,0.0
2023-11-20 00:00:00-05:00,6.960000038146973,7.139999866485596,6.929999828338623,7.03000020980835,197100,0.0,0.0
2023-11-21 00:00:00-05:00,7.03000020980835,7.099999904632568,7.0,7.03000020980835,101000,0.0,0.0
2023-11-22 00:00:00-05:00,7.03000020980835,7.070000171661377,6.989999771118164,7.010000228881836,64400,0.0,0.0
2023-11-24 00:00:00-05:00,7.0,7.019999980926514,6.96999979019165,7.0,38400,0.0,0.0
2023-11-27 00:00:00-05:00,7.0,7.03000020980835,6.929999828338623,6.940000057220459,87000,0.0,0.0
2023-11-28 00:00:00-05:00,6.940000057220459,6.96999979019165,6.900000095367432,6.949999809265137,90100,0.0,0.0
2023-11-29 00:00:00-05:00,6.989999771118164,7.079999923706055,6.989999771118164,7.079999923706055,83900,0.0,0.0
2023-11-30 00:00:00-05:00,7.099999904632568,7.099999904632568,7.0,7.039999961853027,109900,0.0,0.0
2023-12-01 00:00:00-05:00,7.059999942779541,7.150000095367432,7.059999942779541,7.150000095367432,59000,0.0,0.0
2023-12-04 00:00:00-05:00,7.130000114440918,7.190000057220459,7.110000133514404,7.119999885559082,123200,0.0,0.0
2023-12-05 00:00:00-05:00,7.139999866485596,7.190000057220459,6.920000076293945,7.130000114440918,176300,0.0,0.0
2023-12-06 00:00:00-05:00,7.150000095367432,7.150000095367432,7.019999980926514,7.050000190734863,69000,0.0,0.0
2023-12-07 00:00:00-05:00,7.090000152587891,7.210000038146973,7.059999942779541,7.179999828338623,114300,0.0,0.0
2023-12-08 00:00:00-05:00,7.150000095367432,7.239999771118164,7.059999942779541,7.110000133514404,108500,0.0,0.0
2023-12-11 00:00:00-05:00,7.139999866485596,7.300000190734863,7.139999866485596,7.21999979019165,117400,0.0,0.0
2023-12-12 00:00:00-05:00,7.21999979019165,7.28000020980835,7.099999904632568,7.159999847412109,67400,0.0,0.0
2023-12-13 00:00:00-05:00,7.159999847412109,7.320000171661377,7.159999847412109,7.289999961853027,90600,0.0,0.0
2023-12-14 00:00:00-05:00,7.340000152587891,7.480000019073486,7.340000152587891,7.420000076293945,47900,0.0,0.0
2023-12-15 00:00:00-05:00,7.440000057220459,7.550000190734863,7.429999828338623,7.510000228881836,55800,0.0,0.0
2023-12-18 00:00:00-05:00,7.510000228881836,7.510000228881836,7.420000076293945,7.440000057220459,42500,0.0,0.0
2023-12-19 00:00:00-05:00,7.429999828338623,7.519999980926514,7.360000133514404,7.360000133514404,53200,0.0,0.0
2023-12-20 00:00:00-05:00,7.360000133514404,7.409999847412109,7.340000152587891,7.400000095367432,99200,0.0,0.0
2023-12-21 00:00:00-05:00,7.380000114440918,7.539999961853027,7.380000114440918,7.539999961853027,155300,0.0,0.0
2023-12-22 00:00:00-05:00,7.519999980926514,7.590000152587891,7.489999771118164,7.5,91000,0.0,0.0
2023-12-26 00:00:00-05:00,7.510000228881836,7.559999942779541,7.449999809265137,7.489999771118164,54600,0.0,0.0
2023-12-27 00:00:00-05:00,7.480000019073486,7.559999942779541,7.369999885559082,7.380000114440918,112900,0.0,0.0
2023-12-28 00:00:00-05:00,7.309999942779541,7.349999904632568,7.21999979019165,7.260000228881836,115700,0.0,0.0
2023-12-29 00:00:00-05:00,7.260000228881836,7.380000114440918,7.260000228881836,7.369999885559082,109500,0.0,0.0
2024-01-02 00:00:00-05:00,7.380000114440918,7.480000019073486,7.300000190734863,7.409999847412109,47900,0.0,0.0
2024-01-03 00:00:00-05:00,7.429999828338623,7.46999979019165,7.340000152587891,7.449999809265137,41200,0.0,0.0
2024-01-04 00:00:00-05:00,7.440000057220459,7.449999809265137,7.409999847412109,7.409999847412109,10700,0.0,0.0
2024-01-05 00:00:00-05:00,7.449999809265137,7.510000228881836,7.420000076293945,7.429999828338623,39100,0.0,0.0
2024-01-08 00:00:00-05:00,7.420000076293945,7.5,7.400000095367432,7.440000057220459,55900,0.0,0.0
2024-01-09 00:00:00-05:00,7.380000114440918,7.440000057220459,7.380000114440918,7.389999866485596,35100,0.0,0.0
2024-01-10 00:00:00-05:00,7.409999847412109,7.409999847412109,7.360000133514404,7.400000095367432,23900,0.0,0.0
2024-01-11 00:00:00-05:00,7.369999885559082,7.400000095367432,7.300000190734863,7.369999885559082,27600,0.0,0.0
2024-01-12 00:00:00-05:00,7.360000133514404,7.420000076293945,7.320000171661377,7.349999904632568,26900,0.0,0.0
2024-01-16 00:00:00-05:00,7.369999885559082,7.369999885559082,7.269999980926514,7.28000020980835,82900,0.0,0.0
2024-01-17 00:00:00-05:00,7.289999961853027,7.309999942779541,7.179999828338623,7.190000057220459,117100,0.0,0.0
2024-01-18 00:00:00-05:00,7.159999847412109,7.190000057220459,7.090000152587891,7.110000133514404,39700,0.0,0.0
2024-01-19 00:00:00-05:00,7.150000095367432,7.170000076293945,6.980000019073486,7.119999885559082,42200,0.0,0.0
2024-01-22 00:00:00-05:00,7.130000114440918,7.269999980926514,7.130000114440918,7.21999979019165,106900,0.0,0.0
2024-01-23 00:00:00-05:00,7.260000228881836,7.269999980926514,7.170000076293945,7.239999771118164,14300,0.0,0.0
2024-01-24 00:00:00-05:00,7.28000020980835,7.28000020980835,7.139999866485596,7.210000038146973,10000,0.0,0.0
2024-01-25 00:00:00-05:00,7.230000019073486,7.28000020980835,7.119999885559082,7.170000076293945,79300,0.0,0.0
2024-01-26 00:00:00-05:00,7.179999828338623,7.239999771118164,7.150000095367432,7.199999809265137,67300,0.0,0.0
2024-01-29 00:00:00-05:00,7.210000038146973,7.420000076293945,7.179999828338623,7.260000228881836,86600,0.0,0.0
2024-01-30 00:00:00-05:00,7.28000020980835,7.329999923706055,7.269999980926514,7.309999942779541,13000,0.0,0.0
2024-01-31 00:00:00-05:00,7.320000171661377,7.449999809265137,7.320000171661377,7.389999866485596,46700,0.0,0.0
2024-02-01 00:00:00-05:00,7.480000019073486,7.53000020980835,7.440000057220459,7.53000020980835,60800,0.0,0.0
2024-02-02 00:00:00-05:00,7.5,7.519999980926514,7.420000076293945,7.460000038146973,34700,0.0,0.0
2024-02-05 00:00:00-05:00,7.429999828338623,7.460000038146973,7.389999866485596,7.429999828338623,31400,0.0,0.0
2024-02-06 00:00:00-05:00,7.369999885559082,7.440000057220459,7.360000133514404,7.409999847412109,47500,0.0,0.0
2024-02-07 00:00:00-05:00,7.400000095367432,7.5,7.389999866485596,7.46999979019165,20800,0.0,0.0
2024-02-08 00:00:00-05:00,7.46999979019165,7.510000228881836,7.46999979019165,7.489999771118164,11000,0.0,0.0
2024-02-09 00:00:00-05:00,7.480000019073486,7.550000190734863,7.46999979019165,7.489999771118164,32300,0.0,0.0
2024-02-12 00:00:00-05:00,7.519999980926514,7.550000190734863,7.510000228881836,7.550000190734863,13100,0.0,0.0
2024-02-13 00:00:00-05:00,7.480000019073486,7.539999961853027,7.460000038146973,7.519999980926514,81900,0.0,0.0
2024-02-14 00:00:00-05:00,7.519999980926514,7.639999866485596,7.489999771118164,7.599999904632568,72300,0.0,0.0
2024-02-15 00:00:00-05:00,7.590000152587891,7.619999885559082,7.579999923706055,7.599999904632568,13800,0.0,0.0
2024-02-16 00:00:00-05:00,7.599999904632568,7.630000114440918,7.579999923706055,7.619999885559082,10400,0.0,0.0
2024-02-20 00:00:00-05:00,7.619999885559082,7.710000038146973,7.619999885559082,7.690000057220459,36900,0.0,0.0
2024-02-21 00:00:00-05:00,7.75,7.78000020980835,7.679999828338623,7.690000057220459,14500,0.0,0.0
2024-02-22 00:00:00-05:00,7.710000038146973,7.760000228881836,7.599999904632568,7.760000228881836,76700,0.0,0.0
2024-02-23 00:00:00-05:00,7.760000228881836,7.769999980926514,7.699999809265137,7.739999771118164,35000,0.0,0.0
2024-02-26 00:00:00-05:00,7.710000038146973,7.900000095367432,7.610000133514404,7.739999771118164,77700,0.0,0.0
2024-02-27 00:00:00-05:00,7.75,7.820000171661377,7.590000152587891,7.710000038146973,72700,0.0,0.0
2024-02-28 00:00:00-05:00,7.710000038146973,7.869999885559082,7.630000114440918,7.78000020980835,40700,0.0,0.0
2024-02-29 00:00:00-05:00,7.78000020980835,7.869999885559082,7.71999979019165,7.789999961853027,64600,0.0,0.0
2024-03-01 00:00:00-05:00,7.829999923706055,7.889999866485596,7.710000038146973,7.789999961853027,61300,0.0,0.0
2024-03-04 00:00:00-05:00,7.789999961853027,7.820000171661377,7.71999979019165,7.769999980926514,30700,0.0,0.0
2024-03-05 00:00:00-05:00,7.829999923706055,7.849999904632568,7.800000190734863,7.820000171661377,25300,0.0,0.0
2024-03-06 00:00:00-05:00,7.829999923706055,7.860000133514404,7.710000038146973,7.820000171661377,34300,0.0,0.0
2024-03-07 00:00:00-05:00,7.860000133514404,7.869999885559082,7.739999771118164,7.789999961853027,38200,0.0,0.0
2024-03-08 00:00:00-05:00,7.78000020980835,7.869999885559082,7.78000020980835,7.78000020980835,23400,0.0,0.0
2024-03-11 00:00:00-04:00,7.78000020980835,7.820000171661377,7.639999866485596,7.699999809265137,76800,0.0,0.0
2024-03-12 00:00:00-04:00,7.71999979019165,7.789999961853027,7.710000038146973,7.75,27700,0.0,0.0
2024-03-13 00:00:00-04:00,7.78000020980835,7.78000020980835,7.650000095367432,7.670000076293945,47500,0.0,0.0
2024-03-14 00:00:00-04:00,7.769999980926514,7.769999980926514,7.590000152587891,7.590000152587891,17000,0.0,0.0
2024-03-15 00:00:00-04:00,7.619999885559082,7.639999866485596,7.559999942779541,7.639999866485596,6500,0.0,0.0
2024-03-18 00:00:00-04:00,7.639999866485596,7.639999866485596,7.579999923706055,7.579999923706055,29400,0.0,0.0
2024-03-19 00:00:00-04:00,7.639999866485596,7.650000095367432,7.519999980926514,7.630000114440918,38300,0.0,0.0
2024-03-20 00:00:00-04:00,7.599999904632568,7.650000095367432,7.53000020980835,7.559999942779541,38300,0.0,0.0
2024-03-21 00:00:00-04:00,7.550000190734863,7.619999885559082,7.519999980926514,7.570000171661377,99100,0.0,0.0
2024-03-22 00:00:00-04:00,7.590000152587891,7.860000133514404,7.590000152587891,7.639999866485596,89100,0.0,0.0
2024-03-25 00:00:00-04:00,7.610000133514404,7.619999885559082,7.539999961853027,7.559999942779541,34500,0.0,0.0
2024-03-26 00:00:00-04:00,7.570000171661377,7.769999980926514,7.550000190734863,7.670000076293945,96700,0.0,0.0
2024-03-27 00:00:00-04:00,7.699999809265137,7.760000228881836,7.659999847412109,7.710000038146973,11600,0.0,0.0
2024-03-28 00:00:00-04:00,7.690000057220459,7.75,7.579999923706055,7.590000152587891,38700,0.0,0.0
2024-04-01 00:00:00-04:00,7.659999847412109,7.659999847412109,7.570000171661377,7.659999847412109,52800,0.0,0.0
2024-04-02 00:00:00-04:00,7.599999904632568,7.630000114440918,7.539999961853027,7.619999885559082,38700,0.0,0.0
2024-04-03 00:00:00-04:00,7.539999961853027,7.650000095367432,7.510000228881836,7.590000152587891,47000,0.0,0.0
2024-04-04 00:00:00-04:00,7.650000095367432,7.670000076293945,7.559999942779541,7.659999847412109,61500,0.0,0.0
2024-04-05 00:00:00-04:00,7.579999923706055,7.579999923706055,7.53000020980835,7.53000020980835,24900,0.0,0.0
2024-04-08 00:00:00-04:00,7.539999961853027,7.539999961853027,7.46999979019165,7.489999771118164,27600,0.0,0.0
2024-04-09 00:00:00-04:00,7.46999979019165,7.489999771118164,7.349999904632568,7.349999904632568,71400,0.0,0.0
2024-04-10 00:00:00-04:00,7.28000020980835,7.289999961853027,7.110000133514404,7.130000114440918,125500,0.0,0.0
2024-04-11 00:00:00-04:00,7.159999847412109,7.210000038146973,7.010000228881836,7.079999923706055,79700,0.0,0.0
2024-04-12 00:00:00-04:00,7.050000190734863,7.099999904632568,7.010000228881836,7.039999961853027,83000,0.0,0.0
2024-04-15 00:00:00-04:00,7.050000190734863,7.070000171661377,6.909999847412109,6.909999847412109,47700,0.0,0.0
2024-04-16 00:00:00-04:00,6.980000019073486,7.019999980926514,6.929999828338623,6.949999809265137,71000,0.0,0.0
2024-04-17 00:00:00-04:00,7.0,7.059999942779541,6.949999809265137,7.050000190734863,40800,0.0,0.0
2024-04-18 00:00:00-04:00,7.050000190734863,7.059999942779541,6.980000019073486,7.050000190734863,59300,0.0,0.0
2024-04-19 00:00:00-04:00,7.090000152587891,7.090000152587891,6.960000038146973,6.989999771118164,30800,0.0,0.0
2024-04-22 00:00:00-04:00,7.039999961853027,7.039999961853027,6.960000038146973,7.0,38000,0.0,0.0
2024-04-23 00:00:00-04:00,7.019999980926514,7.139999866485596,6.980000019073486,7.099999904632568,41900,0.0,0.0
2024-04-24 00:00:00-04:00,7.099999904632568,7.110000133514404,7.059999942779541,7.070000171661377,12100,0.0,0.0
2024-04-25 00:00:00-04:00,7.039999961853027,7.039999961853027,7.0,7.03000020980835,36600,0.0,0.0
2024-04-26 00:00:00-04:00,7.03000020980835,7.070000171661377,7.019999980926514,7.059999942779541,44000,0.0,0.0
2024-04-29 00:00:00-04:00,7.079999923706055,7.099999904632568,7.039999961853027,7.099999904632568,48000,0.0,0.0
2024-04-30 00:00:00-04:00,7.090000152587891,7.099999904632568,7.039999961853027,7.079999923706055,17900,0.0,0.0
2024-05-01 00:00:00-04:00,7.150000095367432,7.150000095367432,7.039999961853027,7.079999923706055,69400,0.0,0.0
2024-05-02 00:00:00-04:00,7.099999904632568,7.139999866485596,7.079999923706055,7.130000114440918,38200,0.0,0.0
2024-05-03 00:00:00-04:00,7.159999847412109,7.199999809265137,7.150000095367432,7.199999809265137,52200,0.0,0.0
2024-05-06 00:00:00-04:00,7.210000038146973,7.230000019073486,7.179999828338623,7.190000057220459,35400,0.0,0.0
2024-05-07 00:00:00-04:00,7.239999771118164,7.320000171661377,7.210000038146973,7.269999980926514,51900,0.0,0.0
2024-05-08 00:00:00-04:00,7.28000020980835,7.300000190734863,7.239999771118164,7.28000020980835,32400,0.0,0.0
2024-05-09 00:00:00-04:00,7.269999980926514,7.28000020980835,7.230000019073486,7.25,40200,0.0,0.0
2024-05-10 00:00:00-04:00,7.190000057220459,7.25,7.139999866485596,7.199999809265137,19800,0.0,0.0
2024-05-13 00:00:00-04:00,7.199999809265137,7.210000038146973,7.139999866485596,7.190000057220459,37700,0.0,0.0
2024-05-14 00:00:00-04:00,7.210000038146973,7.210000038146973,7.190000057220459,7.199999809265137,15200,0.0,0.0
2024-05-15 00:00:00-04:00,7.210000038146973,7.28000020980835,7.210000038146973,7.269999980926514,22000,0.0,0.0
2024-05-16 00:00:00-04:00,7.269999980926514,7.269999980926514,7.199999809265137,7.230000019073486,21600,0.0,0.0
2024-05-17 00:00:00-04:00,7.28000020980835,7.28000020980835,7.179999828338623,7.199999809265137,43800,0.0,0.0
2024-05-20 00:00:00-04:00,7.239999771118164,7.239999771118164,7.159999847412109,7.179999828338623,51900,0.0,0.0
2024-05-21 00:00:00-04:00,7.179999828338623,7.190000057220459,7.159999847412109,7.179999828338623,56600,0.0,0.0
2024-05-22 00:00:00-04:00,7.190000057220459,7.190000057220459,7.099999904632568,7.139999866485596,51300,0.0,0.0
2024-05-23 00:00:00-04:00,7.139999866485596,7.150000095367432,7.050000190734863,7.070000171661377,32100,0.0,0.0
2024-05-24 00:00:00-04:00,7.070000171661377,7.099999904632568,7.019999980926514,7.090000152587891,46800,0.0,0.0
2024-05-28 00:00:00-04:00,7.099999904632568,7.099999904632568,7.019999980926514,7.03000020980835,52200,0.0,0.0
2024-05-29 00:00:00-04:00,7.019999980926514,7.019999980926514,6.909999847412109,6.960000038146973,60600,0.0,0.0
2024-05-30 00:00:00-04:00,6.989999771118164,6.989999771118164,6.929999828338623,6.940000057220459,48800,0.0,0.0
2024-05-31 00:00:00-04:00,6.960000038146973,7.019999980926514,6.920000076293945,6.949999809265137,66600,0.0,0.0
2024-06-03 00:00:00-04:00,6.96999979019165,7.03000020980835,6.949999809265137,7.0,66500,0.0,0.0
2024-06-04 00:00:00-04:00,7.039999961853027,7.050000190734863,6.989999771118164,7.019999980926514,80900,0.0,0.0
2024-06-05 00:00:00-04:00,7.019999980926514,7.099999904632568,7.019999980926514,7.079999923706055,89200,0.0,0.0
2024-06-06 00:00:00-04:00,7.079999923706055,7.119999885559082,7.050000190734863,7.059999942779541,30600,0.0,0.0
2024-06-07 00:00:00-04:00,7.0,7.039999961853027,7.0,7.010000228881836,79600,0.0,0.0
2024-06-10 00:00:00-04:00,7.03000020980835,7.099999904632568,7.03000020980835,7.090000152587891,37800,0.0,0.0
2024-06-11 00:00:00-04:00,7.090000152587891,7.119999885559082,7.070000171661377,7.119999885559082,27500,0.0,0.0
2024-06-12 00:00:00-04:00,7.170000076293945,7.199999809265137,7.130000114440918,7.159999847412109,33600,0.0,0.0
2024-06-13 00:00:00-04:00,7.139999866485596,7.179999828338623,7.130000114440918,7.130000114440918,48900,0.0,0.0
2024-06-14 00:00:00-04:00,7.179999828338623,7.210000038146973,7.130000114440918,7.150000095367432,47600,0.0,0.0
2024-06-17 00:00:00-04:00,7.150000095367432,7.190000057220459,7.099999904632568,7.119999885559082,61800,0.0,0.0
2024-06-18 00:00:00-04:00,7.130000114440918,7.159999847412109,7.110000133514404,7.159999847412109,53200,0.0,0.0
2024-06-20 00:00:00-04:00,7.079999923706055,7.119999885559082,7.070000171661377,7.119999885559082,127600,0.0,0.0
2024-06-21 00:00:00-04:00,7.110000133514404,7.150000095367432,7.070000171661377,7.079999923706055,50500,0.0,0.0
2024-06-24 00:00:00-04:00,7.099999904632568,7.110000133514404,7.079999923706055,7.099999904632568,31700,0.0,0.0
2024-06-25 00:00:00-04:00,7.119999885559082,7.119999885559082,7.079999923706055,7.099999904632568,17800,0.0,0.0
2024-06-26 00:00:00-04:00,7.099999904632568,7.110000133514404,7.090000152587891,7.110000133514404,62800,0.0,0.0
2024-06-27 00:00:00-04:00,7.139999866485596,7.389999866485596,7.099999904632568,7.21999979019165,195600,0.0,0.0
2024-06-28 00:00:00-04:00,7.230000019073486,7.239999771118164,7.139999866485596,7.179999828338623,56700,0.0,0.0
2024-07-01 00:00:00-04:00,7.159999847412109,7.199999809265137,7.099999904632568,7.159999847412109,50500,0.0,0.0
2024-07-02 00:00:00-04:00,7.139999866485596,7.199999809265137,7.139999866485596,7.170000076293945,68600,0.0,0.0
2024-07-03 00:00:00-04:00,7.190000057220459,7.239999771118164,7.190000057220459,7.230000019073486,10400,0.0,0.0
2024-07-05 00:00:00-04:00,7.25,7.329999923706055,7.25,7.289999961853027,69700,0.0,0.0
2024-07-08 00:00:00-04:00,7.309999942779541,7.380000114440918,7.300000190734863,7.369999885559082,101700,0.0,0.0
2024-07-09 00:00:00-04:00,7.389999866485596,7.400000095367432,7.349999904632568,7.360000133514404,61500,0.0,0.0
2024-07-10 00:00:00-04:00,7.380000114440918,7.389999866485596,7.349999904632568,7.360000133514404,55200,0.0,0.0
2024-07-11 00:00:00-04:00,7.369999885559082,7.400000095367432,7.349999904632568,7.369999885559082,30800,0.0,0.0
2024-07-12 00:00:00-04:00,7.380000114440918,7.420000076293945,7.380000114440918,7.409999847412109,12600,0.0,0.0
2024-07-15 00:00:00-04:00,7.380000114440918,7.400000095367432,7.369999885559082,7.369999885559082,15700,0.0,0.0
2024-07-16 00:00:00-04:00,7.409999847412109,7.429999828338623,7.369999885559082,7.400000095367432,35400,0.0,0.0
2024-07-17 00:00:00-04:00,7.400000095367432,7.400000095367432,7.369999885559082,7.380000114440918,17200,0.0,0.0
2024-07-18 00:00:00-04:00,7.400000095367432,7.400000095367432,7.340000152587891,7.349999904632568,56000,0.0,0.0
2024-07-19 00:00:00-04:00,7.320000171661377,7.320000171661377,7.289999961853027,7.289999961853027,7000,0.0,0.0
2024-07-22 00:00:00-04:00,7.28000020980835,7.320000171661377,7.230000019073486,7.230000019073486,39900,0.0,0.0
2024-07-23 00:00:00-04:00,7.289999961853027,7.289999961853027,7.21999979019165,7.21999979019165,62800,0.0,0.0
2024-07-24 00:00:00-04:00,7.230000019073486,7.230000019073486,7.170000076293945,7.170000076293945,39800,0.0,0.0
2024-07-25 00:00:00-04:00,7.239999771118164,7.239999771118164,7.170000076293945,7.179999828338623,43100,0.0,0.0
2024-07-26 00:00:00-04:00,7.199999809265137,7.239999771118164,7.170000076293945,7.190000057220459,36000,0.0,0.0
2024-07-29 00:00:00-04:00,7.190000057220459,7.239999771118164,7.159999847412109,7.170000076293945,43900,0.0,0.0
2024-07-30 00:00:00-04:00,7.199999809265137,7.239999771118164,7.139999866485596,7.139999866485596,54300,0.0,0.0
2024-07-31 00:00:00-04:00,7.179999828338623,7.260000228881836,7.170000076293945,7.260000228881836,66600,0.0,0.0
2024-08-01 00:00:00-04:00,7.309999942779541,7.320000171661377,7.260000228881836,7.309999942779541,72300,0.0,0.0
2024-08-02 00:00:00-04:00,7.340000152587891,7.400000095367432,7.260000228881836,7.369999885559082,182600,0.0,0.0
2024-08-05 00:00:00-04:00,7.340000152587891,7.340000152587891,7.260000228881836,7.300000190734863,95100,0.0,0.0
2024-08-06 00:00:00-04:00,7.309999942779541,7.349999904632568,7.269999980926514,7.300000190734863,90800,0.0,0.0
2024-08-07 00:00:00-04:00,7.340000152587891,7.420000076293945,7.320000171661377,7.369999885559082,78400,0.0,0.0
2024-08-08 00:00:00-04:00,7.340000152587891,7.389999866485596,7.300000190734863,7.320000171661377,105600,0.0,0.0
2024-08-09 00:00:00-04:00,7.349999904632568,7.349999904632568,7.289999961853027,7.300000190734863,64500,0.0,0.0
2024-08-12 00:00:00-04:00,7.28000020980835,7.309999942779541,7.230000019073486,7.230000019073486,61200,0.0,0.0
2024-08-13 00:00:00-04:00,7.269999980926514,7.269999980926514,7.25,7.269999980926514,43400,0.0,0.0
2024-08-14 00:00:00-04:00,7.269999980926514,7.289999961853027,7.239999771118164,7.260000228881836,147700,0.0,0.0
2024-08-15 00:00:00-04:00,7.25,7.25,7.210000038146973,7.239999771118164,34800,0.0,0.0
2024-08-16 00:00:00-04:00,7.300000190734863,7.300000190734863,7.199999809265137,7.239999771118164,63000,0.0,0.0
2024-08-19 00:00:00-04:00,7.239999771118164,7.239999771118164,7.210000038146973,7.21999979019165,55600,0.0,0.0
2024-08-20 00:00:00-04:00,7.25,7.25,7.199999809265137,7.21999979019165,57200,0.0,0.0
2024-08-21 00:00:00-04:00,7.25,7.25,7.210000038146973,7.25,34900,0.0,0.0
2024-08-22 00:00:00-04:00,7.239999771118164,7.239999771118164,7.199999809265137,7.21999979019165,38600,0.0,0.0
2024-08-23 00:00:00-04:00,7.260000228881836,7.260000228881836,7.230000019073486,7.260000228881836,23600,0.0,0.0
2024-08-26 00:00:00-04:00,7.28000020980835,7.289999961853027,7.230000019073486,7.25,33400,0.0,0.0
2024-08-27 00:00:00-04:00,7.25,7.269999980926514,7.21999979019165,7.260000228881836,84900,0.0,0.0
2024-08-28 00:00:00-04:00,7.260000228881836,7.269999980926514,7.21999979019165,7.230000019073486,66100,0.0,0.0
2024-08-29 00:00:00-04:00,7.21999979019165,7.25,7.21999979019165,7.25,35900,0.0,0.0
2024-08-30 00:00:00-04:00,7.25,7.289999961853027,7.25,7.269999980926514,42100,0.0,0.0
2024-09-03 00:00:00-04:00,7.300000190734863,7.320000171661377,7.269999980926514,7.309999942779541,75600,0.0,0.0
2024-09-04 00:00:00-04:00,7.289999961853027,7.320000171661377,7.260000228881836,7.289999961853027,64500,0.0,0.0
2024-09-05 00:00:00-04:00,7.309999942779541,7.389999866485596,7.269999980926514,7.309999942779541,26900,0.0,0.0
2024-09-06 00:00:00-04:00,7.349999904632568,7.400000095367432,7.28000020980835,7.360000133514404,106000,0.0,0.0
2024-09-09 00:00:00-04:00,7.380000114440918,7.409999847412109,7.309999942779541,7.380000114440918,42300,0.0,0.0
2024-09-10 00:00:00-04:00,7.369999885559082,7.409999847412109,7.360000133514404,7.409999847412109,42100,0.0,0.0
2024-09-11 00:00:00-04:00,7.409999847412109,7.460000038146973,7.409999847412109,7.449999809265137,38600,0.0,0.0
2024-09-12 00:00:00-04:00,7.460000038146973,7.489999771118164,7.429999828338623,7.480000019073486,39300,0.0,0.0
2024-09-13 00:00:00-04:00,7.480000019073486,7.5,7.429999828338623,7.489999771118164,54300,0.0,0.0
2024-09-16 00:00:00-04:00,7.510000228881836,7.519999980926514,7.489999771118164,7.510000228881836,52900,0.0,0.0
2024-09-17 00:00:00-04:00,7.539999961853027,7.550000190734863,7.5,7.53000020980835,20500,0.0,0.0
2024-09-18 00:00:00-04:00,7.519999980926514,7.550000190734863,7.480000019073486,7.489999771118164,14500,0.0,0.0
2024-09-19 00:00:00-04:00,7.5,7.539999961853027,7.480000019073486,7.519999980926514,32900,0.0,0.0
2024-09-20 00:00:00-04:00,7.510000228881836,7.519999980926514,7.480000019073486,7.480000019073486,57500,0.0,0.0
2024-09-23 00:00:00-04:00,7.480000019073486,7.489999771118164,7.440000057220459,7.449999809265137,38400,0.0,0.0
2024-09-24 00:00:00-04:00,7.46999979019165,7.480000019073486,7.400000095367432,7.440000057220459,38300,0.0,0.0
2024-09-25 00:00:00-04:00,7.449999809265137,7.460000038146973,7.429999828338623,7.429999828338623,8700,0.0,0.0
2024-09-26 00:00:00-04:00,7.449999809265137,7.46999979019165,7.400000095367432,7.429999828338623,54900,0.0,0.0
2024-09-27 00:00:00-04:00,7.460000038146973,7.46999979019165,7.429999828338623,7.460000038146973,28700,0.0,0.0
2024-09-30 00:00:00-04:00,7.440000057220459,7.510000228881836,7.440000057220459,7.5,44000,0.0,0.0
2024-10-01 00:00:00-04:00,7.510000228881836,7.650000095367432,7.510000228881836,7.610000133514404,52600,0.0,0.0
2024-10-02 00:00:00-04:00,7.550000190734863,7.619999885559082,7.539999961853027,7.619999885559082,83800,0.0,0.0
2024-10-03 00:00:00-04:00,7.559999942779541,7.619999885559082,7.559999942779541,7.570000171661377,67900,0.0,0.0
2024-10-04 00:00:00-04:00,7.539999961853027,7.570000171661377,7.46999979019165,7.550000190734863,30500,0.0,0.0
2024-10-07 00:00:00-04:00,7.5,7.510000228881836,7.449999809265137,7.489999771118164,48900,0.0,0.0
2024-10-08 00:00:00-04:00,7.489999771118164,7.599999904632568,7.46999979019165,7.559999942779541,60200,0.0,0.0
2024-10-09 00:00:00-04:00,7.559999942779541,7.579999923706055,7.5,7.5,62700,0.0,0.0
2024-10-10 00:00:00-04:00,7.5,7.550000190734863,7.480000019073486,7.519999980926514,29200,0.0,0.0
2024-10-11 00:00:00-04:00,7.510000228881836,7.570000171661377,7.460000038146973,7.46999979019165,42700,0.0,0.0
2024-10-14 00:00:00-04:00,7.489999771118164,7.489999771118164,7.340000152587891,7.380000114440918,87300,0.0,0.0
2024-10-15 00:00:00-04:00,7.440000057220459,7.440000057220459,7.360000133514404,7.380000114440918,68400,0.0,0.0
2024-10-16 00:00:00-04:00,7.369999885559082,7.409999847412109,7.369999885559082,7.409999847412109,49400,0.0,0.0
2024-10-17 00:00:00-04:00,7.420000076293945,7.440000057220459,7.389999866485596,7.440000057220459,27400,0.0,0.0
2024-10-18 00:00:00-04:00,7.46999979019165,7.489999771118164,7.440000057220459,7.489999771118164,24200,0.0,0.0
2024-10-21 00:00:00-04:00,7.460000038146973,7.519999980926514,7.440000057220459,7.46999979019165,38900,0.0,0.0
2024-10-22 00:00:00-04:00,7.460000038146973,7.480000019073486,7.409999847412109,7.420000076293945,26500,0.0,0.0
2024-10-23 00:00:00-04:00,7.389999866485596,7.389999866485596,7.320000171661377,7.329999923706055,35700,0.0,0.0
2024-10-24 00:00:00-04:00,7.329999923706055,7.329999923706055,7.28000020980835,7.289999961853027,18300,0.0,0.0
2024-10-25 00:00:00-04:00,7.329999923706055,7.389999866485596,7.329999923706055,7.349999904632568,26400,0.0,0.0
2024-10-28 00:00:00-04:00,7.420000076293945,7.420000076293945,7.309999942779541,7.320000171661377,21400,0.0,0.0
2024-10-29 00:00:00-04:00,7.309999942779541,7.340000152587891,7.25,7.260000228881836,27500,0.0,0.0
2024-10-30 00:00:00-04:00,7.300000190734863,7.309999942779541,7.25,7.269999980926514,27200,0.0,0.0
2024-10-31 00:00:00-04:00,7.269999980926514,7.300000190734863,7.25,7.289999961853027,35400,0.0,0.0
2024-11-01 00:00:00-04:00,7.349999904632568,7.360000133514404,7.269999980926514,7.28000020980835,29100,0.0,0.0
2024-11-04 00:00:00-05:00,7.309999942779541,7.369999885559082,7.25,7.269999980926514,37100,0.0,0.0
2024-11-05 00:00:00-05:00,7.239999771118164,7.28000020980835,7.230000019073486,7.239999771118164,36200,0.0,0.0
2024-11-06 00:00:00-05:00,7.179999828338623,7.179999828338623,7.110000133514404,7.110000133514404,61400,0.0,0.0
2024-11-07 00:00:00-05:00,7.130000114440918,7.199999809265137,7.130000114440918,7.139999866485596,49600,0.0,0.0
2024-11-08 00:00:00-05:00,7.199999809265137,7.230000019073486,7.179999828338623,7.179999828338623,65900,0.0,0.0
2024-11-11 00:00:00-05:00,7.210000038146973,7.239999771118164,7.199999809265137,7.21999979019165,34800,0.0,0.0
2024-11-12 00:00:00-05:00,7.199999809265137,7.199999809265137,7.090000152587891,7.110000133514404,52300,0.0,0.0
2024-11-13 00:00:00-05:00,7.159999847412109,7.170000076293945,7.090000152587891,7.099999904632568,84000,0.0,0.0
2024-11-14 00:00:00-05:00,7.110000133514404,7.130000114440918,7.079999923706055,7.119999885559082,85500,0.0,0.0
2024-11-15 00:00:00-05:00,7.159999847412109,7.159999847412109,7.079999923706055,7.099999904632568,43800,0.0,0.0
2024-11-18 00:00:00-05:00,7.059999942779541,7.079999923706055,7.050000190734863,7.059999942779541,152500,0.0,0.0
2024-11-19 00:00:00-05:00,7.070000171661377,7.119999885559082,7.059999942779541,7.079999923706055,69200,0.0,0.0
2024-11-20 00:00:00-05:00,7.03000020980835,7.079999923706055,7.03000020980835,7.059999942779541,38800,0.0,0.0
2024-11-21 00:00:00-05:00,7.050000190734863,7.099999904632568,7.050000190734863,7.070000171661377,33100,0.0,0.0
2024-11-22 00:00:00-05:00,7.050000190734863,7.119999885559082,7.050000190734863,7.070000171661377,137300,0.0,0.0
2024-11-25 00:00:00-05:00,7.099999904632568,7.179999828338623,7.099999904632568,7.110000133514404,103300,0.0,0.0
2024-11-26 00:00:00-05:00,7.070000171661377,7.090000152587891,7.050000190734863,7.090000152587891,91100,0.0,0.0
2024-11-27 00:00:00-05:00,7.110000133514404,7.170000076293945,7.090000152587891,7.170000076293945,118300,0.0,0.0
2024-11-29 00:00:00-05:00,7.179999828338623,7.199999809265137,7.159999847412109,7.199999809265137,45200,0.0,0.0
2024-12-02 00:00:00-05:00,7.150000095367432,7.210000038146973,7.150000095367432,7.179999828338623,90800,0.0,0.0
2024-12-03 00:00:00-05:00,7.199999809265137,7.239999771118164,7.170000076293945,7.199999809265137,70300,0.0,0.0
2024-12-04 00:00:00-05:00,7.21999979019165,7.21999979019165,7.150000095367432,7.170000076293945,187700,0.0,0.0
2024-12-05 00:00:00-05:00,7.179999828338623,7.190000057220459,7.150000095367432,7.170000076293945,79800,0.0,0.0
2024-12-06 00:00:00-05:00,7.179999828338623,7.210000038146973,7.150000095367432,7.190000057220459,72600,0.0,0.0
2024-12-09 00:00:00-05:00,7.199999809265137,7.260000228881836,7.170000076293945,7.21999979019165,122500,0.0,0.0
2024-12-10 00:00:00-05:00,7.21999979019165,7.230000019073486,7.199999809265137,7.210000038146973,60300,0.0,0.0
2024-12-11 00:00:00-05:00,7.21999979019165,7.21999979019165,7.150000095367432,7.150000095367432,63900,0.0,0.0
2024-12-12 00:00:00-05:00,7.139999866485596,7.159999847412109,7.070000171661377,7.090000152587891,97400,0.0,0.0
2024-12-13 00:00:00-05:00,7.119999885559082,7.130000114440918,6.989999771118164,7.0,160800,0.0,0.0
2024-12-16 00:00:00-05:00,6.989999771118164,7.039999961853027,6.960000038146973,6.96999979019165,83700,0.0,0.0
2024-12-17 00:00:00-05:00,6.980000019073486,6.980000019073486,6.909999847412109,6.920000076293945,87400,0.0,0.0
2024-12-18 00:00:00-05:00,6.96999979019165,6.989999771118164,6.860000133514404,6.889999866485596,89200,0.0,0.0
2024-12-19 00:00:00-05:00,6.869999885559082,6.889999866485596,6.75,6.78000020980835,189100,0.0,0.0
2024-12-20 00:00:00-05:00,6.800000190734863,6.829999923706055,6.75,6.75,116100,0.0,0.0
2024-12-23 00:00:00-05:00,6.75,6.809999942779541,6.75,6.760000228881836,143200,0.0,0.0
2024-12-24 00:00:00-05:00,6.769999980926514,6.849999904632568,6.75,6.769999980926514,94300,0.0,0.0
2024-12-26 00:00:00-05:00,6.760000228881836,6.96999979019165,6.760000228881836,6.929999828338623,167300,0.0,0.0
2024-12-27 00:00:00-05:00,6.860000133514404,6.920000076293945,6.75,6.75,99900,0.0,0.0
2024-12-30 00:00:00-05:00,6.71999979019165,6.869999885559082,6.71999979019165,6.800000190734863,252200,0.0,0.0
2024-12-31 00:00:00-05:00,6.809999942779541,6.880000114440918,6.789999961853027,6.869999885559082,171000,0.0,0.0
