Date,Open,High,Low,Close,Volume,Dividends,Stock Splits
2022-01-03 00:00:00-05:00,95.5,102.55000305175781,91.5999984741211,102.30000305175781,19880,0.0,0.0
2022-01-04 00:00:00-05:00,101.0999984741211,101.0999984741211,91.8499984741211,96.5999984741211,22330,0.0,0.0
2022-01-05 00:00:00-05:00,95.19999694824219,96.5,90.4000015258789,93.5,50670,0.0,0.0
2022-01-06 00:00:00-05:00,93.19999694824219,98.0999984741211,89.0,93.80000305175781,28620,0.0,0.0
2022-01-07 00:00:00-05:00,95.69999694824219,95.69999694824219,90.9000015258789,91.9000015258789,17470,0.0,0.0
2022-01-10 00:00:00-05:00,91.0999984741211,93.30000305175781,87.9000015258789,90.30000305175781,26870,0.0,0.0
2022-01-11 00:00:00-05:00,90.4000015258789,95.43000030517578,88.0,94.0,10510,0.0,0.0
2022-01-12 00:00:00-05:00,97.0,97.79000091552734,91.69999694824219,93.30000305175781,11730,0.0,0.0
2022-01-13 00:00:00-05:00,94.19999694824219,96.4000015258789,88.1500015258789,91.9000015258789,24530,0.0,0.0
2022-01-14 00:00:00-05:00,91.80000305175781,96.5,88.19999694824219,90.69999694824219,20810,0.0,0.0
2022-01-18 00:00:00-05:00,90.0,95.5999984741211,89.80000305175781,93.4000015258789,22100,0.0,0.0
2022-01-19 00:00:00-05:00,93.69999694824219,98.0,92.30000305175781,92.5999984741211,20780,0.0,0.0
2022-01-20 00:00:00-05:00,95.0999984741211,96.0,91.80000305175781,92.30000305175781,20560,0.0,0.0
2022-01-21 00:00:00-05:00,92.0999984741211,94.5,89.69999694824219,91.19999694824219,32670,0.0,0.0
2022-01-24 00:00:00-05:00,89.4000015258789,97.0999984741211,86.69999694824219,96.69999694824219,41800,0.0,0.0
2022-01-25 00:00:00-05:00,95.4000015258789,98.0,91.9000015258789,93.0999984741211,24630,0.0,0.0
2022-01-26 00:00:00-05:00,93.69999694824219,96.30000305175781,89.9000015258789,91.5,46910,0.0,0.0
2022-01-27 00:00:00-05:00,92.30000305175781,93.4000015258789,81.75,82.5999984741211,63350,0.0,0.0
2022-01-28 00:00:00-05:00,82.5999984741211,84.0999984741211,76.5,82.5,27360,0.0,0.0
2022-01-31 00:00:00-05:00,84.0,92.5,84.0,90.0,31810,0.0,0.0
2022-02-01 00:00:00-05:00,90.0999984741211,94.0999984741211,87.19999694824219,92.30000305175781,12970,0.0,0.0
2022-02-02 00:00:00-05:00,93.0999984741211,94.80000305175781,87.08000183105469,88.0,10240,0.0,0.0
2022-02-03 00:00:00-05:00,85.80000305175781,87.7699966430664,83.83000183105469,85.69999694824219,12670,0.0,0.0
2022-02-04 00:00:00-05:00,85.69999694824219,88.69999694824219,82.5999984741211,86.30000305175781,9900,0.0,0.0
2022-02-07 00:00:00-05:00,86.0999984741211,87.5999984741211,83.5999984741211,86.30000305175781,15670,0.0,0.0
2022-02-08 00:00:00-05:00,85.30000305175781,86.05000305175781,81.80000305175781,84.19999694824219,58090,0.0,0.0
2022-02-09 00:00:00-05:00,85.5,90.4000015258789,83.80000305175781,86.4000015258789,70010,0.0,0.0
2022-02-10 00:00:00-05:00,85.30000305175781,89.0,83.30000305175781,83.5,80650,0.0,0.0
2022-02-11 00:00:00-05:00,84.5,88.0,76.19999694824219,76.5,38770,0.0,0.0
2022-02-14 00:00:00-05:00,75.80000305175781,79.75,73.22000122070312,75.5999984741211,26350,0.0,0.0
2022-02-15 00:00:00-05:00,76.9000015258789,83.80000305175781,76.9000015258789,83.19999694824219,11020,0.0,0.0
2022-02-16 00:00:00-05:00,82.9000015258789,84.19999694824219,80.5999984741211,83.4000015258789,11740,0.0,0.0
2022-02-17 00:00:00-05:00,82.69999694824219,84.5999984741211,81.5,82.0,26480,0.0,0.0
2022-02-18 00:00:00-05:00,81.30000305175781,81.5,77.1500015258789,81.30000305175781,12260,0.0,0.0
2022-02-22 00:00:00-05:00,80.0,85.0,78.30000305175781,79.80000305175781,14540,0.0,0.0
2022-02-23 00:00:00-05:00,80.4000015258789,81.0,76.9000015258789,78.4000015258789,27120,0.0,0.0
2022-02-24 00:00:00-05:00,75.0999984741211,82.0,74.30000305175781,81.9000015258789,23460,0.0,0.0
2022-02-25 00:00:00-05:00,82.30000305175781,85.0,80.44999694824219,84.19999694824219,11790,0.0,0.0
2022-02-28 00:00:00-05:00,83.19999694824219,86.94999694824219,81.9000015258789,84.30000305175781,22460,0.0,0.0
2022-03-01 00:00:00-05:00,84.69999694824219,89.30000305175781,83.75,86.5999984741211,15340,0.0,0.0
2022-03-02 00:00:00-05:00,87.80000305175781,87.80000305175781,82.30000305175781,84.30000305175781,15840,0.0,0.0
2022-03-03 00:00:00-05:00,80.4000015258789,82.8499984741211,75.69999694824219,77.9000015258789,25410,0.0,0.0
2022-03-04 00:00:00-05:00,76.5999984741211,78.0999984741211,74.5999984741211,75.0999984741211,10440,0.0,0.0
2022-03-07 00:00:00-05:00,74.19999694824219,75.0999984741211,71.19999694824219,72.0999984741211,14220,0.0,0.0
2022-03-08 00:00:00-05:00,74.19999694824219,75.61000061035156,69.69999694824219,74.9000015258789,21770,0.0,0.0
2022-03-09 00:00:00-05:00,76.4000015258789,78.9000015258789,75.4000015258789,77.5,12410,0.0,0.0
2022-03-10 00:00:00-05:00,75.4000015258789,76.0999984741211,71.80000305175781,75.69999694824219,16080,0.0,0.0
2022-03-11 00:00:00-05:00,76.69999694824219,76.9000015258789,73.0,74.19999694824219,71380,0.0,0.0
2022-03-14 00:00:00-04:00,73.9000015258789,73.9000015258789,67.69999694824219,69.4000015258789,47070,0.0,0.0
2022-03-15 00:00:00-04:00,69.5999984741211,72.0,66.5,67.0,43240,0.0,0.0
2022-03-16 00:00:00-04:00,71.80000305175781,97.0,71.0999984741211,90.5,77070,0.0,0.0
2022-03-17 00:00:00-04:00,87.5,93.5,85.05000305175781,90.0999984741211,31760,0.0,0.0
2022-03-18 00:00:00-04:00,88.0,95.5,88.0,92.30000305175781,36390,0.0,0.0
2022-03-21 00:00:00-04:00,90.30000305175781,95.1500015258789,88.19999694824219,88.4000015258789,11030,0.0,0.0
2022-03-22 00:00:00-04:00,89.5,95.4000015258789,89.5,93.0999984741211,31920,0.0,0.0
2022-03-23 00:00:00-04:00,91.80000305175781,100.19999694824219,91.80000305175781,95.9000015258789,20430,0.0,0.0
2022-03-24 00:00:00-04:00,95.0,97.0999984741211,93.0,96.4000015258789,29730,0.0,0.0
2022-03-25 00:00:00-04:00,102.5,102.80000305175781,92.44999694824219,94.30000305175781,41030,0.0,0.0
2022-03-28 00:00:00-04:00,95.19999694824219,96.0999984741211,93.0,95.0,40100,0.0,0.0
2022-03-29 00:00:00-04:00,96.4000015258789,99.0,93.9000015258789,99.0,35910,0.0,0.0
2022-03-30 00:00:00-04:00,98.0,98.9000015258789,94.30000305175781,96.30000305175781,43140,0.0,0.0
2022-03-31 00:00:00-04:00,96.19999694824219,96.30000305175781,92.0999984741211,92.9000015258789,37940,0.0,0.0
2022-04-01 00:00:00-04:00,96.5,109.5999984741211,95.4000015258789,103.0,34920,0.0,0.0
2022-04-04 00:00:00-04:00,107.4000015258789,112.69999694824219,103.0,103.9000015258789,30810,0.0,0.0
2022-04-05 00:00:00-04:00,103.5,105.0,98.0,104.4000015258789,22400,0.0,0.0
2022-04-06 00:00:00-04:00,102.5,103.0,96.0,101.0,13420,0.0,0.0
2022-04-07 00:00:00-04:00,100.19999694824219,101.80000305175781,93.0,93.9000015258789,8960,0.0,0.0
2022-04-08 00:00:00-04:00,93.4000015258789,96.0,88.30000305175781,89.30000305175781,11460,0.0,0.0
2022-04-11 00:00:00-04:00,88.30000305175781,88.33000183105469,83.80000305175781,85.5,13800,0.0,0.0
2022-04-12 00:00:00-04:00,87.5999984741211,90.30000305175781,80.80000305175781,84.5,15630,0.0,0.0
2022-04-13 00:00:00-04:00,85.5999984741211,88.80000305175781,85.5999984741211,86.0999984741211,8550,0.0,0.0
2022-04-14 00:00:00-04:00,85.30000305175781,85.30000305175781,69.0999984741211,72.30000305175781,28410,0.0,0.0
2022-04-18 00:00:00-04:00,72.80000305175781,74.69999694824219,67.9000015258789,72.0,15340,0.0,0.0
2022-04-19 00:00:00-04:00,70.80000305175781,75.0,70.80000305175781,72.30000305175781,10780,0.0,0.0
2022-04-20 00:00:00-04:00,72.69999694824219,73.5,69.0,69.5,11130,0.0,0.0
2022-04-21 00:00:00-04:00,68.30000305175781,70.0,64.5,65.0,19260,0.0,0.0
2022-04-22 00:00:00-04:00,65.80000305175781,68.19999694824219,62.5,62.79999923706055,11330,0.0,0.0
2022-04-25 00:00:00-04:00,62.0,66.0,59.599998474121094,61.0,18860,0.0,0.0
2022-04-26 00:00:00-04:00,61.20000076293945,61.45000076293945,56.900001525878906,57.599998474121094,11220,0.0,0.0
2022-04-27 00:00:00-04:00,58.70000076293945,60.150001525878906,55.70000076293945,58.099998474121094,9480,0.0,0.0
2022-04-28 00:00:00-04:00,58.099998474121094,58.099998474121094,53.5,56.099998474121094,14890,0.0,0.0
2022-04-29 00:00:00-04:00,59.099998474121094,65.4000015258789,55.0,55.099998474121094,19320,0.0,0.0
2022-05-02 00:00:00-04:00,54.5,58.79999923706055,53.599998474121094,58.599998474121094,22280,0.0,0.0
2022-05-03 00:00:00-04:00,58.400001525878906,58.5,53.5,55.599998474121094,19100,0.0,0.0
2022-05-04 00:00:00-04:00,56.29999923706055,57.400001525878906,50.0,55.400001525878906,22470,0.0,0.0
2022-05-05 00:00:00-04:00,53.70000076293945,55.20000076293945,50.0,51.29999923706055,13030,0.0,0.0
2022-05-06 00:00:00-04:00,50.5,51.5,40.70000076293945,42.5,31940,0.0,0.0
2022-05-09 00:00:00-04:00,42.0,44.29999923706055,37.400001525878906,38.70000076293945,35340,0.0,0.0
2022-05-10 00:00:00-04:00,42.5,43.099998474121094,36.20000076293945,37.5,121920,0.0,0.0
2022-05-11 00:00:00-04:00,38.400001525878906,39.79999923706055,33.79999923706055,35.29999923706055,117560,0.0,0.0
2022-05-12 00:00:00-04:00,34.79999923706055,38.20000076293945,32.29999923706055,35.20000076293945,56120,0.0,0.0
2022-05-13 00:00:00-04:00,36.400001525878906,36.400001525878906,32.5,33.20000076293945,115220,0.0,0.0
2022-05-16 00:00:00-04:00,32.79999923706055,34.20000076293945,31.399999618530273,31.600000381469727,102060,0.0,0.0
2022-05-17 00:00:00-04:00,32.0,32.95000076293945,31.5,32.20000076293945,41350,0.0,0.0
2022-05-18 00:00:00-04:00,31.600000381469727,32.5,30.100000381469727,30.799999237060547,31040,0.0,0.0
2022-05-19 00:00:00-04:00,30.700000762939453,32.599998474121094,30.5,30.899999618530273,30460,0.0,0.0
2022-05-20 00:00:00-04:00,31.5,32.0,29.0,29.100000381469727,41780,0.0,0.0
2022-05-23 00:00:00-04:00,30.299999237060547,31.0,28.700000762939453,30.0,40310,0.0,0.0
2022-05-24 00:00:00-04:00,30.399999618530273,30.5,26.299999237060547,26.600000381469727,27980,0.0,0.0
2022-05-25 00:00:00-04:00,26.299999237060547,27.100000381469727,23.899999618530273,24.299999237060547,108130,0.0,0.0
2022-05-26 00:00:00-04:00,24.299999237060547,25.0,23.799999237060547,23.799999237060547,36120,0.0,0.0
2022-05-27 00:00:00-04:00,24.200000762939453,24.799999237060547,23.5,23.799999237060547,33410,0.0,0.0
2022-05-31 00:00:00-04:00,27.0,27.0,23.100000381469727,24.0,118850,0.0,0.0
2022-06-01 00:00:00-04:00,24.0,25.100000381469727,23.299999237060547,23.600000381469727,40820,0.0,0.0
2022-06-02 00:00:00-04:00,23.899999618530273,25.100000381469727,23.200000762939453,23.799999237060547,37510,0.0,0.0
2022-06-03 00:00:00-04:00,23.399999618530273,24.100000381469727,23.0,23.399999618530273,35370,0.0,0.0
2022-06-06 00:00:00-04:00,24.0,24.25,21.5,21.899999618530273,44330,0.0,0.0
2022-06-07 00:00:00-04:00,21.799999237060547,22.100000381469727,20.899999618530273,21.5,83610,0.0,0.0
2022-06-08 00:00:00-04:00,21.899999618530273,24.200000762939453,20.700000762939453,20.700000762939453,102810,0.0,0.0
2022-06-09 00:00:00-04:00,20.399999618530273,20.799999237060547,19.68000030517578,20.100000381469727,56770,0.0,0.0
2022-06-10 00:00:00-04:00,20.0,20.0,19.399999618530273,19.600000381469727,28140,0.0,0.0
2022-06-13 00:00:00-04:00,18.899999618530273,19.5,17.399999618530273,17.5,133610,0.0,0.0
2022-06-14 00:00:00-04:00,17.899999618530273,18.850000381469727,17.5,18.299999237060547,229920,0.0,0.0
2022-06-15 00:00:00-04:00,18.600000381469727,21.600000381469727,18.5,20.700000762939453,408620,0.0,0.0
2022-06-16 00:00:00-04:00,19.899999618530273,22.899999618530273,19.399999618530273,19.799999237060547,223510,0.0,0.0
2022-06-17 00:00:00-04:00,19.799999237060547,21.0,19.100000381469727,19.700000762939453,150740,0.0,0.0
2022-06-21 00:00:00-04:00,21.299999237060547,23.0,21.0,21.399999618530273,174840,0.0,0.0
2022-06-22 00:00:00-04:00,20.799999237060547,22.0,20.0,21.600000381469727,338910,0.0,0.0
2022-06-23 00:00:00-04:00,21.600000381469727,24.700000762939453,21.600000381469727,24.299999237060547,115980,0.0,0.0
2022-06-24 00:00:00-04:00,24.399999618530273,26.799999237060547,22.899999618530273,23.799999237060547,134690,0.0,0.0
2022-06-27 00:00:00-04:00,23.799999237060547,24.100000381469727,22.5,22.799999237060547,51160,0.0,0.0
2022-06-28 00:00:00-04:00,23.100000381469727,25.799999237060547,22.799999237060547,24.299999237060547,145720,0.0,0.0
2022-06-29 00:00:00-04:00,23.899999618530273,28.100000381469727,23.5,26.899999618530273,184430,0.0,0.0
2022-06-30 00:00:00-04:00,27.200000762939453,32.0,27.200000762939453,29.100000381469727,260390,0.0,0.0
2022-07-01 00:00:00-04:00,29.799999237060547,29.799999237060547,24.5,26.600000381469727,110730,0.0,0.0
2022-07-05 00:00:00-04:00,25.5,31.299999237060547,25.5,29.700000762939453,106190,0.0,0.0
2022-07-06 00:00:00-04:00,29.700000762939453,31.600000381469727,29.0,31.0,122800,0.0,0.0
2022-07-07 00:00:00-04:00,31.100000381469727,36.5,30.799999237060547,35.0,174820,0.0,0.0
2022-07-08 00:00:00-04:00,34.20000076293945,37.0,33.0,36.0,106980,0.0,0.0
2022-07-11 00:00:00-04:00,35.29999923706055,36.5,30.5,30.899999618530273,128710,0.0,0.0
2022-07-12 00:00:00-04:00,31.100000381469727,31.799999237060547,29.5,31.600000381469727,39660,0.0,0.0
2022-07-13 00:00:00-04:00,30.899999618530273,35.5,30.700000762939453,34.900001525878906,56990,0.0,0.0
2022-07-14 00:00:00-04:00,34.900001525878906,35.70000076293945,32.599998474121094,33.29999923706055,30970,0.0,0.0
2022-07-15 00:00:00-04:00,32.79999923706055,33.47999954223633,30.399999618530273,31.899999618530273,43600,0.0,0.0
2022-07-18 00:00:00-04:00,32.5,33.79999923706055,31.200000762939453,31.399999618530273,33220,0.0,0.0
2022-07-19 00:00:00-04:00,31.299999237060547,34.400001525878906,31.299999237060547,33.400001525878906,36620,0.0,0.0
2022-07-20 00:00:00-04:00,33.0,35.20000076293945,32.599998474121094,34.099998474121094,36290,0.0,0.0
2022-07-21 00:00:00-04:00,34.099998474121094,35.0,33.29999923706055,34.29999923706055,11450,0.0,0.0
2022-07-22 00:00:00-04:00,34.099998474121094,34.099998474121094,31.100000381469727,31.5,27970,0.0,0.0
2022-07-25 00:00:00-04:00,31.0,33.0,30.399999618530273,31.700000762939453,28850,0.0,0.0
2022-07-26 00:00:00-04:00,31.799999237060547,34.29999923706055,30.899999618530273,31.0,33470,0.0,0.0
2022-07-27 00:00:00-04:00,31.200000762939453,33.400001525878906,30.899999618530273,33.20000076293945,20030,0.0,0.0
2022-07-28 00:00:00-04:00,32.900001525878906,33.54999923706055,31.399999618530273,33.20000076293945,15150,0.0,0.0
2022-07-29 00:00:00-04:00,32.29999923706055,32.400001525878906,31.200000762939453,31.899999618530273,16270,0.0,0.0
2022-08-01 00:00:00-04:00,31.100000381469727,33.0,30.600000381469727,32.20000076293945,27590,0.0,0.0
2022-08-02 00:00:00-04:00,32.099998474121094,33.400001525878906,31.399999618530273,31.700000762939453,29600,0.0,0.0
2022-08-03 00:00:00-04:00,31.899999618530273,33.900001525878906,31.5,31.899999618530273,32770,0.0,0.0
2022-08-04 00:00:00-04:00,32.29999923706055,34.099998474121094,32.29999923706055,33.5,16720,0.0,0.0
2022-08-05 00:00:00-04:00,32.900001525878906,35.599998474121094,31.700000762939453,35.099998474121094,26810,0.0,0.0
2022-08-08 00:00:00-04:00,35.5,35.5,33.400001525878906,34.599998474121094,44420,0.0,0.0
2022-08-09 00:00:00-04:00,33.900001525878906,33.95000076293945,32.599998474121094,33.5,17110,0.0,0.0
2022-08-10 00:00:00-04:00,34.0,36.79999923706055,32.79999923706055,36.5,30080,0.0,0.0
2022-08-11 00:00:00-04:00,36.70000076293945,37.79999923706055,34.599998474121094,34.900001525878906,13680,0.0,0.0
2022-08-12 00:00:00-04:00,35.0,40.0,34.900001525878906,38.900001525878906,36900,0.0,0.0
2022-08-15 00:00:00-04:00,38.70000076293945,40.599998474121094,36.70000076293945,39.400001525878906,27570,0.0,0.0
2022-08-16 00:00:00-04:00,39.0,39.900001525878906,37.400001525878906,39.599998474121094,17060,0.0,0.0
2022-08-17 00:00:00-04:00,38.900001525878906,39.70000076293945,36.70000076293945,36.900001525878906,22110,0.0,0.0
2022-08-18 00:00:00-04:00,36.5,37.70000076293945,35.400001525878906,36.70000076293945,18570,0.0,0.0
2022-08-19 00:00:00-04:00,36.0,36.29999923706055,34.900001525878906,35.20000076293945,18960,0.0,0.0
2022-08-22 00:00:00-04:00,34.70000076293945,35.20000076293945,28.0,30.5,186470,0.0,0.0
2022-08-23 00:00:00-04:00,30.100000381469727,30.100000381469727,26.149999618530273,28.299999237060547,88880,0.0,0.0
2022-08-24 00:00:00-04:00,28.899999618530273,28.899999618530273,24.600000381469727,26.600000381469727,72610,0.0,0.0
2022-08-25 00:00:00-04:00,27.600000381469727,30.299999237060547,26.049999237060547,29.399999618530273,32350,0.0,0.0
2022-08-26 00:00:00-04:00,30.799999237060547,31.899999618530273,29.600000381469727,30.700000762939453,46590,0.0,0.0
2022-08-29 00:00:00-04:00,31.100000381469727,33.0,29.5,31.299999237060547,67890,0.0,0.0
2022-08-30 00:00:00-04:00,31.299999237060547,32.79999923706055,30.5,32.5,45050,0.0,0.0
2022-08-31 00:00:00-04:00,31.200000762939453,42.400001525878906,29.5,39.20000076293945,202820,0.0,0.0
2022-09-01 00:00:00-04:00,38.5,39.400001525878906,32.61000061035156,34.29999923706055,69000,0.0,0.0
2022-09-02 00:00:00-04:00,33.70000076293945,35.0,30.299999237060547,31.100000381469727,47450,0.0,0.0
2022-09-06 00:00:00-04:00,31.200000762939453,33.0,30.25,32.0,37610,0.0,0.0
2022-09-07 00:00:00-04:00,31.799999237060547,32.29999923706055,29.0,31.899999618530273,27620,0.0,0.0
2022-09-08 00:00:00-04:00,31.399999618530273,32.400001525878906,30.200000762939453,32.20000076293945,24540,0.0,0.0
2022-09-09 00:00:00-04:00,32.79999923706055,38.099998474121094,32.70000076293945,35.900001525878906,57400,0.0,0.0
2022-09-12 00:00:00-04:00,36.099998474121094,36.5,32.29999923706055,35.70000076293945,34270,0.0,0.0
2022-09-13 00:00:00-04:00,33.70000076293945,35.400001525878906,33.0,33.5,24750,0.0,0.0
2022-09-14 00:00:00-04:00,33.599998474121094,33.599998474121094,30.600000381469727,32.099998474121094,32490,0.0,0.0
2022-09-15 00:00:00-04:00,31.600000381469727,34.20000076293945,30.549999237060547,33.0,37550,0.0,0.0
2022-09-16 00:00:00-04:00,32.400001525878906,32.400001525878906,29.549999237060547,32.400001525878906,327900,0.0,0.0
2022-09-19 00:00:00-04:00,31.700000762939453,33.54999923706055,30.600000381469727,31.899999618530273,24190,0.0,0.0
2022-09-20 00:00:00-04:00,31.0,31.799999237060547,30.299999237060547,31.700000762939453,34840,0.0,0.0
2022-09-21 00:00:00-04:00,30.600000381469727,30.75,29.600000381469727,30.100000381469727,29390,0.0,0.0
2022-09-22 00:00:00-04:00,29.799999237060547,30.399999618530273,29.0,29.200000762939453,22680,0.0,0.0
2022-09-23 00:00:00-04:00,28.799999237060547,28.799999237060547,26.600000381469727,27.5,29310,0.0,0.0
2022-09-26 00:00:00-04:00,27.700000762939453,29.100000381469727,25.549999237060547,26.100000381469727,31400,0.0,0.0
2022-09-27 00:00:00-04:00,26.299999237060547,27.299999237060547,25.600000381469727,25.600000381469727,21730,0.0,0.0
2022-09-28 00:00:00-04:00,25.600000381469727,26.600000381469727,25.200000762939453,25.700000762939453,13000,0.0,0.0
2022-09-29 00:00:00-04:00,25.100000381469727,25.600000381469727,23.899999618530273,24.0,30750,0.0,0.0
2022-09-30 00:00:00-04:00,24.200000762939453,25.0,23.200000762939453,23.899999618530273,69880,0.0,0.0
2022-10-03 00:00:00-04:00,24.0,25.200000762939453,23.100000381469727,24.600000381469727,75560,0.0,0.0
2022-10-04 00:00:00-04:00,25.299999237060547,27.06999969482422,25.200000762939453,26.399999618530273,90460,0.0,0.0
2022-10-05 00:00:00-04:00,26.100000381469727,26.899999618530273,25.0,26.0,18580,0.0,0.0
2022-10-06 00:00:00-04:00,26.299999237060547,26.299999237060547,24.600000381469727,24.600000381469727,45980,0.0,0.0
2022-10-07 00:00:00-04:00,24.5,24.700000762939453,23.200000762939453,23.299999237060547,74700,0.0,0.0
2022-10-10 00:00:00-04:00,23.5,23.5,22.100000381469727,22.600000381469727,14370,0.0,0.0
2022-10-11 00:00:00-04:00,22.299999237060547,22.299999237060547,21.0,21.200000762939453,16520,0.0,0.0
2022-10-12 00:00:00-04:00,21.200000762939453,22.0,20.700000762939453,21.899999618530273,9590,0.0,0.0
2022-10-13 00:00:00-04:00,20.700000762939453,22.200000762939453,20.600000381469727,22.200000762939453,16660,0.0,0.0
2022-10-14 00:00:00-04:00,22.299999237060547,23.0,21.299999237060547,21.600000381469727,19020,0.0,0.0
2022-10-17 00:00:00-04:00,22.0,22.5,21.700000762939453,22.0,3480,0.0,0.0
2022-10-18 00:00:00-04:00,22.399999618530273,23.200000762939453,21.399999618530273,23.0,32780,0.0,0.0
2022-10-19 00:00:00-04:00,22.5,22.5,20.799999237060547,21.200000762939453,14880,0.0,0.0
2022-10-20 00:00:00-04:00,21.200000762939453,21.899999618530273,20.600000381469727,21.0,11540,0.0,0.0
2022-10-21 00:00:00-04:00,21.0,21.700000762939453,20.75,21.200000762939453,7110,0.0,0.0
2022-10-24 00:00:00-04:00,20.5,20.700000762939453,17.0,17.299999237060547,55960,0.0,0.0
2022-10-25 00:00:00-04:00,17.200000762939453,18.399999618530273,17.100000381469727,17.700000762939453,24530,0.0,0.0
2022-10-26 00:00:00-04:00,17.299999237060547,21.0,17.299999237060547,20.0,28060,0.0,0.0
2022-10-27 00:00:00-04:00,19.5,20.299999237060547,19.0,19.5,5970,0.0,0.0
2022-10-28 00:00:00-04:00,19.399999618530273,20.600000381469727,19.100000381469727,20.600000381469727,12230,0.0,0.0
2022-10-31 00:00:00-04:00,20.0,20.799999237060547,19.520000457763672,20.600000381469727,7920,0.0,0.0
2022-11-01 00:00:00-04:00,21.0,21.0,19.0,19.0,9400,0.0,0.0
2022-11-02 00:00:00-04:00,19.0,21.5,19.0,20.399999618530273,21060,0.0,0.0
2022-11-03 00:00:00-04:00,20.0,21.100000381469727,19.5,21.0,13750,0.0,0.0
2022-11-04 00:00:00-04:00,21.200000762939453,21.899999618530273,18.600000381469727,19.5,20570,0.0,0.0
2022-11-07 00:00:00-05:00,19.600000381469727,20.5,19.399999618530273,20.0,10870,0.0,0.0
2022-11-08 00:00:00-05:00,19.5,20.600000381469727,19.100000381469727,20.200000762939453,8910,0.0,0.0
2022-11-09 00:00:00-05:00,19.84000015258789,19.899999618530273,18.25,19.0,33790,0.0,0.0
2022-11-10 00:00:00-05:00,19.0,20.399999618530273,18.799999237060547,19.5,20060,0.0,0.0
2022-11-11 00:00:00-05:00,20.100000381469727,23.0,20.0,23.0,21360,0.0,0.0
2022-11-14 00:00:00-05:00,23.299999237060547,23.700000762939453,21.0,22.5,23890,0.0,0.0
2022-11-15 00:00:00-05:00,23.0,29.899999618530273,22.399999618530273,22.799999237060547,110740,0.0,0.0
2022-11-16 00:00:00-05:00,24.299999237060547,24.399999618530273,22.100000381469727,22.700000762939453,21720,0.0,0.0
2022-11-17 00:00:00-05:00,21.899999618530273,25.0,21.399999618530273,23.899999618530273,25670,0.0,0.0
2022-11-18 00:00:00-05:00,23.799999237060547,24.299999237060547,22.399999618530273,23.5,9120,0.0,0.0
2022-11-21 00:00:00-05:00,22.600000381469727,24.549999237060547,21.600000381469727,23.0,7080,0.0,0.0
2022-11-22 00:00:00-05:00,22.5,23.5,21.700000762939453,23.0,6840,0.0,0.0
2022-11-23 00:00:00-05:00,23.0,23.5,22.100000381469727,23.100000381469727,6110,0.0,0.0
2022-11-25 00:00:00-05:00,23.399999618530273,23.399999618530273,22.399999618530273,22.899999618530273,2320,0.0,0.0
2022-11-28 00:00:00-05:00,23.200000762939453,25.200000762939453,23.0,24.799999237060547,10210,0.0,0.0
2022-11-29 00:00:00-05:00,25.0,26.5,24.399999618530273,24.700000762939453,8940,0.0,0.0
2022-11-30 00:00:00-05:00,25.200000762939453,27.899999618530273,24.600000381469727,25.100000381469727,163170,0.0,0.0
2022-12-01 00:00:00-05:00,25.0,28.200000762939453,25.0,26.600000381469727,31620,0.0,0.0
2022-12-02 00:00:00-05:00,26.200000762939453,27.899999618530273,25.299999237060547,25.399999618530273,24680,0.0,0.0
2022-12-05 00:00:00-05:00,26.100000381469727,26.5,23.5,24.100000381469727,18440,0.0,0.0
2022-12-06 00:00:00-05:00,23.799999237060547,24.600000381469727,23.229999542236328,24.100000381469727,13900,0.0,0.0
2022-12-07 00:00:00-05:00,23.700000762939453,27.25,23.700000762939453,26.5,44860,0.0,0.0
2022-12-08 00:00:00-05:00,26.600000381469727,29.799999237060547,25.399999618530273,29.5,34130,0.0,0.0
2022-12-09 00:00:00-05:00,29.799999237060547,29.799999237060547,27.200000762939453,27.799999237060547,14020,0.0,0.0
2022-12-12 00:00:00-05:00,28.100000381469727,28.100000381469727,25.600000381469727,26.5,11250,0.0,0.0
2022-12-13 00:00:00-05:00,27.100000381469727,29.0,26.700000762939453,28.200000762939453,15470,0.0,0.0
2022-12-14 00:00:00-05:00,28.5,28.600000381469727,26.5,27.200000762939453,11470,0.0,0.0
2022-12-15 00:00:00-05:00,27.0,27.799999237060547,26.0,27.700000762939453,7040,0.0,0.0
2022-12-16 00:00:00-05:00,27.799999237060547,27.799999237060547,25.5,25.5,70030,0.0,0.0
2022-12-19 00:00:00-05:00,26.200000762939453,26.600000381469727,23.299999237060547,23.5,19380,0.0,0.0
2022-12-20 00:00:00-05:00,23.200000762939453,24.299999237060547,22.100000381469727,22.399999618530273,9120,0.0,0.0
2022-12-21 00:00:00-05:00,22.5,23.299999237060547,21.600000381469727,22.200000762939453,10220,0.0,0.0
2022-12-22 00:00:00-05:00,22.100000381469727,22.100000381469727,20.200000762939453,21.100000381469727,13320,0.0,0.0
2022-12-23 00:00:00-05:00,20.700000762939453,20.899999618530273,20.299999237060547,20.799999237060547,13180,0.0,0.0
2022-12-27 00:00:00-05:00,21.5,22.100000381469727,19.700000762939453,20.399999618530273,18850,0.0,0.0
2022-12-28 00:00:00-05:00,20.600000381469727,21.950000762939453,20.600000381469727,21.200000762939453,8220,0.0,0.0
2022-12-29 00:00:00-05:00,21.100000381469727,22.5,21.100000381469727,21.700000762939453,5580,0.0,0.0
2022-12-30 00:00:00-05:00,21.5,22.600000381469727,21.399999618530273,22.5,8650,0.0,0.0
2023-01-03 00:00:00-05:00,28.600000381469727,28.899999618530273,20.100000381469727,21.600000381469727,58820,0.0,0.0
2023-01-04 00:00:00-05:00,21.700000762939453,27.0,21.700000762939453,27.0,53300,0.0,0.0
2023-01-05 00:00:00-05:00,26.700000762939453,26.700000762939453,24.200000762939453,25.600000381469727,13370,0.0,0.0
2023-01-06 00:00:00-05:00,26.200000762939453,27.049999237060547,25.100000381469727,26.799999237060547,7940,0.0,0.0
2023-01-09 00:00:00-05:00,27.700000762939453,28.799999237060547,26.0,26.5,18990,0.0,0.0
2023-01-10 00:00:00-05:00,26.5,28.5,26.5,27.600000381469727,9940,0.0,0.0
2023-01-11 00:00:00-05:00,28.100000381469727,28.600000381469727,27.5,27.899999618530273,16780,0.0,0.0
2023-01-12 00:00:00-05:00,28.0,29.399999618530273,27.200000762939453,29.100000381469727,18570,0.0,0.0
2023-01-13 00:00:00-05:00,29.200000762939453,34.599998474121094,29.200000762939453,33.79999923706055,35620,0.0,0.0
2023-01-17 00:00:00-05:00,33.599998474121094,38.0,32.5,34.70000076293945,28560,0.0,0.0
2023-01-18 00:00:00-05:00,35.79999923706055,37.5,33.599998474121094,34.70000076293945,15150,0.0,0.0
2023-01-19 00:00:00-05:00,35.0,35.099998474121094,31.600000381469727,32.20000076293945,17800,0.0,0.0
2023-01-20 00:00:00-05:00,33.0,35.900001525878906,32.75,33.599998474121094,17240,0.0,0.0
2023-01-23 00:00:00-05:00,34.0,34.70000076293945,31.600000381469727,33.599998474121094,19050,0.0,0.0
2023-01-24 00:00:00-05:00,34.70000076293945,34.70000076293945,32.400001525878906,32.79999923706055,16680,0.0,0.0
2023-01-25 00:00:00-05:00,32.29999923706055,33.0,30.399999618530273,30.399999618530273,12760,0.0,0.0
2023-01-26 00:00:00-05:00,31.299999237060547,33.70000076293945,31.0,31.700000762939453,23070,0.0,0.0
2023-01-27 00:00:00-05:00,32.29999923706055,32.70000076293945,30.799999237060547,32.099998474121094,16070,0.0,0.0
2023-01-30 00:00:00-05:00,31.5,31.649999618530273,28.700000762939453,29.299999237060547,20530,0.0,0.0
2023-01-31 00:00:00-05:00,29.399999618530273,30.700000762939453,28.899999618530273,29.100000381469727,12930,0.0,0.0
2023-02-01 00:00:00-05:00,28.799999237060547,30.049999237060547,28.5,29.299999237060547,14540,0.0,0.0
2023-02-02 00:00:00-05:00,29.5,31.200000762939453,29.5,30.899999618530273,18350,0.0,0.0
2023-02-03 00:00:00-05:00,30.0,32.79999923706055,29.799999237060547,30.399999618530273,13980,0.0,0.0
2023-02-06 00:00:00-05:00,29.299999237060547,30.600000381469727,28.899999618530273,30.299999237060547,12160,0.0,0.0
2023-02-07 00:00:00-05:00,30.399999618530273,30.399999618530273,28.799999237060547,30.100000381469727,12720,0.0,0.0
2023-02-08 00:00:00-05:00,29.799999237060547,31.0,28.5,30.399999618530273,11930,0.0,0.0
2023-02-09 00:00:00-05:00,30.399999618530273,33.900001525878906,30.0,31.200000762939453,15750,0.0,0.0
2023-02-10 00:00:00-05:00,31.600000381469727,33.70000076293945,29.399999618530273,30.100000381469727,19730,0.0,0.0
2023-02-13 00:00:00-05:00,30.0,31.700000762939453,29.700000762939453,30.600000381469727,11260,0.0,0.0
2023-02-14 00:00:00-05:00,30.600000381469727,31.299999237060547,29.0,30.700000762939453,9080,0.0,0.0
2023-02-15 00:00:00-05:00,30.299999237060547,31.600000381469727,29.5,30.100000381469727,9310,0.0,0.0
2023-02-16 00:00:00-05:00,30.600000381469727,30.799999237060547,29.200000762939453,29.700000762939453,12280,0.0,0.0
2023-02-17 00:00:00-05:00,29.899999618530273,31.200000762939453,28.899999618530273,31.0,9720,0.0,0.0
2023-02-21 00:00:00-05:00,30.0,30.299999237060547,28.3799991607666,28.799999237060547,14300,0.0,0.0
2023-02-22 00:00:00-05:00,28.799999237060547,30.700000762939453,27.5,28.799999237060547,15520,0.0,0.0
2023-02-23 00:00:00-05:00,29.200000762939453,30.799999237060547,28.100000381469727,30.700000762939453,12690,0.0,0.0
2023-02-24 00:00:00-05:00,29.5,29.700000762939453,28.600000381469727,29.0,15540,0.0,0.0
2023-02-27 00:00:00-05:00,29.0,31.200000762939453,28.68000030517578,30.700000762939453,16780,0.0,0.0
2023-02-28 00:00:00-05:00,30.399999618530273,33.900001525878906,29.200000762939453,32.599998474121094,17720,0.0,0.0
2023-03-01 00:00:00-05:00,32.5,33.0,28.799999237060547,29.100000381469727,31860,0.0,0.0
2023-03-02 00:00:00-05:00,29.100000381469727,33.45000076293945,28.700000762939453,32.70000076293945,15670,0.0,0.0
2023-03-03 00:00:00-05:00,32.79999923706055,35.400001525878906,31.700000762939453,33.29999923706055,16450,0.0,0.0
2023-03-06 00:00:00-05:00,34.0,34.0,30.399999618530273,31.100000381469727,8300,0.0,0.0
2023-03-07 00:00:00-05:00,31.200000762939453,32.29999923706055,29.600000381469727,29.700000762939453,8030,0.0,0.0
2023-03-08 00:00:00-05:00,29.299999237060547,29.700000762939453,28.299999237060547,29.0,11110,0.0,0.0
2023-03-09 00:00:00-05:00,29.600000381469727,31.899999618530273,29.299999237060547,30.200000762939453,14630,0.0,0.0
2023-03-10 00:00:00-05:00,30.299999237060547,30.600000381469727,28.700000762939453,28.899999618530273,8690,0.0,0.0
2023-03-13 00:00:00-04:00,28.5,28.899999618530273,27.5,28.0,8880,0.0,0.0
2023-03-14 00:00:00-04:00,28.200000762939453,30.0,28.200000762939453,29.700000762939453,5390,0.0,0.0
2023-03-15 00:00:00-04:00,29.559999465942383,29.700000762939453,28.100000381469727,29.700000762939453,3930,0.0,0.0
2023-03-16 00:00:00-04:00,29.100000381469727,29.700000762939453,28.200000762939453,29.600000381469727,5780,0.0,0.0
2023-03-17 00:00:00-04:00,29.600000381469727,30.5,28.899999618530273,30.0,7290,0.0,0.0
2023-03-20 00:00:00-04:00,29.600000381469727,29.600000381469727,28.200000762939453,29.0,13060,0.0,0.0
2023-03-21 00:00:00-04:00,29.0,29.799999237060547,28.5,29.399999618530273,4760,0.0,0.0
2023-03-22 00:00:00-04:00,29.5,30.200000762939453,28.950000762939453,29.5,9770,0.0,0.0
2023-03-23 00:00:00-04:00,29.299999237060547,30.600000381469727,29.200000762939453,29.200000762939453,8360,0.0,0.0
2023-03-24 00:00:00-04:00,29.200000762939453,29.5,28.0,29.0,13070,0.0,0.0
2023-03-27 00:00:00-04:00,28.5,29.0,28.200000762939453,28.549999237060547,4540,0.0,0.0
2023-03-28 00:00:00-04:00,28.100000381469727,30.100000381469727,26.700000762939453,30.100000381469727,8170,0.0,0.0
2023-03-29 00:00:00-04:00,30.0,30.0,28.350000381469727,29.0,7520,0.0,0.0
2023-03-30 00:00:00-04:00,29.299999237060547,29.899999618530273,27.600000381469727,29.0,15860,0.0,0.0
2023-03-31 00:00:00-04:00,29.100000381469727,29.100000381469727,27.799999237060547,28.100000381469727,10250,0.0,0.0
2023-04-03 00:00:00-04:00,27.700000762939453,28.399999618530273,27.200000762939453,27.5,7040,0.0,0.0
2023-04-04 00:00:00-04:00,28.1299991607666,28.200000762939453,27.100000381469727,28.100000381469727,6140,0.0,0.0
2023-04-05 00:00:00-04:00,28.229999542236328,28.229999542236328,27.299999237060547,27.5,3100,0.0,0.0
2023-04-06 00:00:00-04:00,27.799999237060547,30.0,27.549999237060547,29.899999618530273,9280,0.0,0.0
2023-04-10 00:00:00-04:00,29.200000762939453,29.5,28.600000381469727,29.200000762939453,450,0.0,0.0
2023-04-11 00:00:00-04:00,29.200000762939453,29.299999237060547,28.399999618530273,28.899999618530273,2000,0.0,0.0
2023-04-12 00:00:00-04:00,28.700000762939453,29.399999618530273,28.200000762939453,29.0,5560,0.0,0.0
2023-04-13 00:00:00-04:00,29.100000381469727,29.799999237060547,28.350000381469727,28.600000381469727,30700,0.0,0.0
2023-04-14 00:00:00-04:00,29.399999618530273,30.299999237060547,27.799999237060547,28.899999618530273,6360,0.0,0.0
2023-04-17 00:00:00-04:00,29.399999618530273,29.5,28.5,28.600000381469727,1590,0.0,0.0
2023-04-18 00:00:00-04:00,28.260000228881836,28.600000381469727,28.260000228881836,28.5,120,0.0,0.0
2023-04-19 00:00:00-04:00,28.200000762939453,28.200000762939453,28.200000762939453,28.200000762939453,60,0.0,0.0
2023-04-20 00:00:00-04:00,27.899999618530273,28.799999237060547,27.399999618530273,28.25,3030,0.0,0.0
2023-04-21 00:00:00-04:00,28.399999618530273,29.200000762939453,28.200000762939453,28.5,260,0.0,0.0
2023-04-24 00:00:00-04:00,28.0,29.0,27.799999237060547,27.799999237060547,2920,0.0,0.0
2023-04-25 00:00:00-04:00,27.600000381469727,28.649999618530273,27.5,28.399999618530273,1270,0.0,0.0
2023-04-26 00:00:00-04:00,27.899999618530273,29.799999237060547,27.899999618530273,29.399999618530273,1140,0.0,0.0
2023-04-27 00:00:00-04:00,29.350000381469727,31.600000381469727,28.899999618530273,31.600000381469727,5660,0.0,0.0
2023-04-28 00:00:00-04:00,32.0,32.5,29.899999618530273,31.100000381469727,6710,0.0,0.0
2023-05-01 00:00:00-04:00,31.299999237060547,31.399999618530273,30.5,30.899999618530273,620,0.0,0.0
2023-05-02 00:00:00-04:00,30.700000762939453,30.700000762939453,29.5,30.0,570,0.0,0.0
2023-05-03 00:00:00-04:00,29.700000762939453,30.899999618530273,29.399999618530273,30.200000762939453,8530,0.0,0.0
2023-05-04 00:00:00-04:00,30.399999618530273,30.399999618530273,29.100000381469727,29.100000381469727,1730,0.0,0.0
2023-05-05 00:00:00-04:00,29.100000381469727,30.43000030517578,29.100000381469727,29.399999618530273,2420,0.0,0.0
2023-05-08 00:00:00-04:00,29.799999237060547,30.399999618530273,29.299999237060547,29.600000381469727,1930,0.0,0.0
2023-05-09 00:00:00-04:00,29.100000381469727,30.100000381469727,28.0,28.600000381469727,1740,0.0,0.0
2023-05-10 00:00:00-04:00,29.200000762939453,29.649999618530273,28.5,29.100000381469727,1800,0.0,0.0
2023-05-11 00:00:00-04:00,29.299999237060547,29.5,28.299999237060547,28.700000762939453,2790,0.0,0.0
2023-05-12 00:00:00-04:00,29.399999618530273,29.5,28.0,28.0,6370,0.0,0.0
2023-05-15 00:00:00-04:00,29.0,29.100000381469727,28.100000381469727,28.5,7770,0.0,0.0
2023-05-16 00:00:00-04:00,28.100000381469727,28.950000762939453,28.100000381469727,28.200000762939453,1460,0.0,0.0
2023-05-17 00:00:00-04:00,28.0,28.5,27.600000381469727,27.899999618530273,1610,0.0,0.0
2023-05-18 00:00:00-04:00,27.700000762939453,28.700000762939453,27.600000381469727,28.0,2290,0.0,0.0
2023-05-19 00:00:00-04:00,28.100000381469727,28.200000762939453,26.5,27.0,12810,0.0,0.0
2023-05-22 00:00:00-04:00,27.1200008392334,28.399999618530273,27.100000381469727,27.600000381469727,950,0.0,0.0
2023-05-23 00:00:00-04:00,27.799999237060547,28.899999618530273,27.799999237060547,27.799999237060547,770,0.0,0.0
2023-05-24 00:00:00-04:00,27.899999618530273,28.799999237060547,27.700000762939453,28.799999237060547,1000,0.0,0.0
2023-05-25 00:00:00-04:00,29.200000762939453,29.200000762939453,26.100000381469727,26.5,5370,0.0,0.0
2023-05-26 00:00:00-04:00,26.5,27.700000762939453,26.399999618530273,26.600000381469727,9130,0.0,0.0
2023-05-30 00:00:00-04:00,27.799999237060547,29.0,26.200000762939453,27.299999237060547,4710,0.0,0.0
2023-05-31 00:00:00-04:00,27.5,27.5,25.799999237060547,26.100000381469727,2230,0.0,0.0
2023-06-01 00:00:00-04:00,27.600000381469727,27.600000381469727,25.5,25.799999237060547,10340,0.0,0.0
2023-06-02 00:00:00-04:00,25.799999237060547,26.200000762939453,24.100000381469727,24.200000762939453,15940,0.0,0.0
2023-06-05 00:00:00-04:00,23.899999618530273,24.200000762939453,23.0,23.600000381469727,7460,0.0,0.0
2023-06-06 00:00:00-04:00,24.200000762939453,25.899999618530273,22.200000762939453,22.5,11400,0.0,0.0
2023-06-07 00:00:00-04:00,22.700000762939453,23.399999618530273,20.0,22.299999237060547,6880,0.0,0.0
2023-06-08 00:00:00-04:00,22.200000762939453,22.899999618530273,21.399999618530273,22.299999237060547,3150,0.0,0.0
2023-06-09 00:00:00-04:00,22.799999237060547,22.799999237060547,21.530000686645508,22.0,1890,0.0,0.0
2023-06-12 00:00:00-04:00,21.700000762939453,22.200000762939453,21.0,21.899999618530273,1910,0.0,0.0
2023-06-13 00:00:00-04:00,21.700000762939453,22.200000762939453,21.299999237060547,21.799999237060547,3220,0.0,0.0
2023-06-14 00:00:00-04:00,21.799999237060547,22.799999237060547,21.5,21.700000762939453,1140,0.0,0.0
2023-06-15 00:00:00-04:00,22.0,22.5,21.799999237060547,21.899999618530273,3000,0.0,0.0
2023-06-16 00:00:00-04:00,21.899999618530273,26.100000381469727,21.899999618530273,25.0,14830,0.0,0.0
2023-06-20 00:00:00-04:00,25.5,25.600000381469727,22.5,22.899999618530273,2330,0.0,0.0
2023-06-21 00:00:00-04:00,24.299999237060547,24.5,22.299999237060547,22.299999237060547,980,0.0,0.0
2023-06-22 00:00:00-04:00,22.200000762939453,22.299999237060547,21.799999237060547,22.0,4230,0.0,0.0
2023-06-23 00:00:00-04:00,22.0,22.5,21.200000762939453,22.200000762939453,2200,0.0,0.0
2023-06-26 00:00:00-04:00,22.200000762939453,22.200000762939453,20.200000762939453,21.450000762939453,1440,0.0,0.0
2023-06-27 00:00:00-04:00,20.899999618530273,22.5,20.799999237060547,22.299999237060547,2310,0.0,0.0
2023-06-28 00:00:00-04:00,22.700000762939453,22.700000762939453,20.420000076293945,21.799999237060547,1380,0.0,0.0
2023-06-29 00:00:00-04:00,21.200000762939453,21.799999237060547,20.899999618530273,21.700000762939453,1790,0.0,0.0
2023-06-30 00:00:00-04:00,22.0,22.15999984741211,21.399999618530273,21.5,730,0.0,0.0
2023-07-03 00:00:00-04:00,21.799999237060547,22.5,20.5,20.700000762939453,2440,0.0,0.0
2023-07-05 00:00:00-04:00,20.600000381469727,20.969999313354492,20.5,20.600000381469727,1010,0.0,0.0
2023-07-06 00:00:00-04:00,20.5,21.0,20.399999618530273,21.0,1290,0.0,0.0
2023-07-07 00:00:00-04:00,20.700000762939453,22.0,20.5,22.0,1040,0.0,0.0
2023-07-10 00:00:00-04:00,22.799999237060547,23.100000381469727,21.299999237060547,21.700000762939453,3020,0.0,0.0
2023-07-11 00:00:00-04:00,21.200000762939453,23.799999237060547,21.200000762939453,22.899999618530273,1560,0.0,0.0
2023-07-12 00:00:00-04:00,23.899999618530273,24.100000381469727,21.940000534057617,22.049999237060547,2460,0.0,0.0
2023-07-13 00:00:00-04:00,21.700000762939453,23.700000762939453,21.700000762939453,22.0,5290,0.0,0.0
2023-07-14 00:00:00-04:00,22.5,22.5,21.399999618530273,21.399999618530273,1090,0.0,0.0
2023-07-17 00:00:00-04:00,21.639999389648438,23.450000762939453,20.299999237060547,22.100000381469727,5670,0.0,0.0
2023-07-18 00:00:00-04:00,22.100000381469727,22.700000762939453,20.600000381469727,21.290000915527344,1800,0.0,0.0
2023-07-19 00:00:00-04:00,21.0,21.950000762939453,21.0,21.200000762939453,250,0.0,0.0
2023-07-20 00:00:00-04:00,21.899999618530273,22.200000762939453,20.5,20.799999237060547,1920,0.0,0.0
2023-07-21 00:00:00-04:00,21.700000762939453,22.0,20.799999237060547,20.799999237060547,5190,0.0,0.0
2023-07-24 00:00:00-04:00,21.0,21.899999618530273,20.299999237060547,20.799999237060547,4220,0.0,0.0
2023-07-25 00:00:00-04:00,21.0,21.700000762939453,20.5,20.600000381469727,3740,0.0,0.0
2023-07-26 00:00:00-04:00,20.700000762939453,21.799999237060547,20.299999237060547,21.200000762939453,2930,0.0,0.0
2023-07-27 00:00:00-04:00,21.100000381469727,21.200000762939453,19.600000381469727,20.299999237060547,7850,0.0,0.0
2023-07-28 00:00:00-04:00,20.600000381469727,20.700000762939453,20.0,20.399999618530273,3910,0.0,0.0
2023-07-31 00:00:00-04:00,20.5,20.700000762939453,18.0,18.0,14420,0.0,0.0
2023-08-01 00:00:00-04:00,18.700000762939453,21.0,18.0,20.899999618530273,35330,0.0,0.0
2023-08-02 00:00:00-04:00,20.600000381469727,21.0,18.600000381469727,20.600000381469727,19720,0.0,0.0
2023-08-03 00:00:00-04:00,20.399999618530273,20.600000381469727,18.0,18.299999237060547,15270,0.0,0.0
2023-08-04 00:00:00-04:00,18.399999618530273,19.0,17.5,18.0,10790,0.0,0.0
2023-08-07 00:00:00-04:00,18.200000762939453,18.299999237060547,15.199999809265137,16.399999618530273,14720,0.0,0.0
2023-08-08 00:00:00-04:00,15.899999618530273,16.600000381469727,15.199999809265137,15.600000381469727,7050,0.0,0.0
2023-08-09 00:00:00-04:00,16.600000381469727,16.700000762939453,15.300000190734863,15.699999809265137,6120,0.0,0.0
2023-08-10 00:00:00-04:00,16.200000762939453,16.200000762939453,15.300000190734863,15.800000190734863,4400,0.0,0.0
2023-08-11 00:00:00-04:00,15.399999618530273,16.100000381469727,15.300000190734863,15.800000190734863,2170,0.0,0.0
2023-08-14 00:00:00-04:00,15.399999618530273,15.899999618530273,14.699999809265137,15.699999809265137,4410,0.0,0.0
2023-08-15 00:00:00-04:00,15.600000381469727,16.0,15.100000381469727,15.100000381469727,2830,0.0,0.0
2023-08-16 00:00:00-04:00,15.199999809265137,15.5,13.800000190734863,14.300000190734863,6590,0.0,0.0
2023-08-17 00:00:00-04:00,14.319999694824219,14.899999618530273,14.0,14.199999809265137,1760,0.0,0.0
2023-08-18 00:00:00-04:00,14.199999809265137,14.5,12.800000190734863,13.5,9480,0.0,0.0
2023-08-21 00:00:00-04:00,13.699999809265137,14.5,13.300000190734863,14.0,3620,0.0,0.0
2023-08-22 00:00:00-04:00,14.100000381469727,14.699999809265137,13.699999809265137,14.399999618530273,3050,0.0,0.0
2023-08-23 00:00:00-04:00,14.399999618530273,14.5,13.0,13.300000190734863,3000,0.0,0.0
2023-08-24 00:00:00-04:00,14.399999618530273,14.399999618530273,12.699999809265137,12.899999618530273,2380,0.0,0.0
2023-08-25 00:00:00-04:00,12.800000190734863,13.199999809265137,12.300000190734863,12.600000381469727,2200,0.0,0.0
2023-08-28 00:00:00-04:00,12.699999809265137,13.3100004196167,12.699999809265137,13.0,1190,0.0,0.0
2023-08-29 00:00:00-04:00,13.0,13.899999618530273,12.699999809265137,13.600000381469727,1750,0.0,0.0
2023-08-30 00:00:00-04:00,13.399999618530273,14.800000190734863,13.399999618530273,13.600000381469727,2240,0.0,0.0
2023-08-31 00:00:00-04:00,13.0,14.779999732971191,12.600000381469727,13.550000190734863,4440,0.0,0.0
2023-09-01 00:00:00-04:00,13.899999618530273,14.399999618530273,13.5,13.699999809265137,4240,0.0,0.0
2023-09-05 00:00:00-04:00,14.0,14.0,12.699999809265137,12.699999809265137,5310,0.0,0.0
2023-09-06 00:00:00-04:00,12.800000190734863,13.100000381469727,11.800000190734863,12.100000381469727,5530,0.0,0.0
2023-09-07 00:00:00-04:00,11.899999618530273,13.199999809265137,11.899999618530273,12.300000190734863,2240,0.0,0.0
2023-09-08 00:00:00-04:00,11.800000190734863,11.800000190734863,10.300000190734863,11.199999809265137,84360,0.0,0.0
2023-09-11 00:00:00-04:00,11.0,11.109999656677246,10.800000190734863,10.899999618530273,5280,0.0,0.0
2023-09-12 00:00:00-04:00,10.699999809265137,11.800000190734863,10.5,11.199999809265137,8630,0.0,0.0
2023-09-13 00:00:00-04:00,11.100000381469727,11.300000190734863,10.800000190734863,11.0,2450,0.0,0.0
2023-09-14 00:00:00-04:00,10.699999809265137,11.050000190734863,10.600000381469727,10.699999809265137,4020,0.0,0.0
2023-09-15 00:00:00-04:00,10.75,11.0,10.0,10.0,14260,0.0,0.0
2023-09-18 00:00:00-04:00,10.0,10.0,9.100000381469727,9.300000190734863,5230,0.0,0.0
2023-09-19 00:00:00-04:00,9.399999618530273,9.399999618530273,8.899999618530273,9.100000381469727,3730,0.0,0.0
2023-09-20 00:00:00-04:00,8.710000038146973,10.100000381469727,8.710000038146973,10.0,11580,0.0,0.0
2023-09-21 00:00:00-04:00,9.699999809265137,10.079999923706055,9.350000381469727,9.350000381469727,1650,0.0,0.0
2023-09-22 00:00:00-04:00,9.520000457763672,10.399999618530273,9.520000457763672,9.899999618530273,10110,0.0,0.0
2023-09-25 00:00:00-04:00,9.899999618530273,10.0,9.699999809265137,10.0,1870,0.0,0.0
2023-09-26 00:00:00-04:00,9.800000190734863,9.800000190734863,9.149999618530273,9.149999618530273,1980,0.0,0.0
2023-09-27 00:00:00-04:00,9.899999618530273,10.399999618530273,9.220000267028809,9.220000267028809,4000,0.0,0.0
2023-09-28 00:00:00-04:00,9.880000114440918,10.0,9.279999732971191,9.279999732971191,1950,0.0,0.0
2023-09-29 00:00:00-04:00,9.289999961853027,9.949999809265137,9.289999961853027,9.699999809265137,480,0.0,0.0
2023-10-02 00:00:00-04:00,9.899999618530273,10.0,9.5,9.800000190734863,1690,0.0,0.0
2023-10-03 00:00:00-04:00,9.899999618530273,9.899999618530273,9.300000190734863,9.300000190734863,1010,0.0,0.0
2023-10-04 00:00:00-04:00,9.300000190734863,9.899999618530273,8.899999618530273,9.239999771118164,2560,0.0,0.0
2023-10-05 00:00:00-04:00,9.649999618530273,10.0,9.010000228881836,9.029999732971191,1850,0.0,0.0
2023-10-06 00:00:00-04:00,9.0,9.899999618530273,9.0,9.59000015258789,2120,0.0,0.0
2023-10-09 00:00:00-04:00,9.300000190734863,9.899999618530273,9.0,9.75,1990,0.0,0.0
2023-10-10 00:00:00-04:00,9.539999961853027,10.399999618530273,9.010000228881836,10.399999618530273,4420,0.0,0.0
2023-10-11 00:00:00-04:00,10.0,11.100000381469727,9.600000381469727,10.5,3110,0.0,0.0
2023-10-12 00:00:00-04:00,10.300000190734863,11.300000190734863,10.0,10.0,3560,0.0,0.0
2023-10-13 00:00:00-04:00,9.899999618530273,11.0,9.699999809265137,10.199999809265137,2650,0.0,0.0
2023-10-16 00:00:00-04:00,10.800000190734863,11.300000190734863,10.100000381469727,11.300000190734863,6840,0.0,0.0
2023-10-17 00:00:00-04:00,11.5,11.699999809265137,10.600000381469727,10.899999618530273,3640,0.0,0.0
2023-10-18 00:00:00-04:00,10.800000190734863,11.699999809265137,10.600000381469727,10.800000190734863,4050,0.0,0.0
2023-10-19 00:00:00-04:00,10.399999618530273,10.770000457763672,10.0,10.600000381469727,2770,0.0,0.0
2023-10-20 00:00:00-04:00,10.800000190734863,10.800000190734863,10.0,10.199999809265137,840,0.0,0.0
2023-10-23 00:00:00-04:00,10.199999809265137,11.0,10.100000381469727,10.300000190734863,670,0.0,0.0
2023-10-24 00:00:00-04:00,10.199999809265137,11.399999618530273,10.199999809265137,10.399999618530273,1800,0.0,0.0
2023-10-25 00:00:00-04:00,10.199999809265137,10.800000190734863,10.199999809265137,10.300000190734863,410,0.0,0.0
2023-10-26 00:00:00-04:00,10.100000381469727,11.100000381469727,10.100000381469727,10.699999809265137,810,0.0,0.0
2023-10-27 00:00:00-04:00,10.100000381469727,10.800000190734863,10.100000381469727,10.550000190734863,1700,0.0,0.0
2023-10-30 00:00:00-04:00,10.399999618530273,10.800000190734863,9.800000190734863,10.0,5950,0.0,0.0
2023-10-31 00:00:00-04:00,9.899999618530273,10.300000190734863,9.539999961853027,9.539999961853027,2280,0.0,0.0
2023-11-01 00:00:00-04:00,10.0,10.199999809265137,9.109999656677246,9.119999885559082,11810,0.0,0.0
2023-11-02 00:00:00-04:00,9.079999923706055,9.680000305175781,9.0,9.5,1260,0.0,0.0
2023-11-03 00:00:00-04:00,9.5,10.399999618530273,9.5,9.800000190734863,13810,0.0,0.0
2023-11-06 00:00:00-05:00,10.5,10.5,9.899999618530273,10.100000381469727,9240,0.0,0.0
2023-11-07 00:00:00-05:00,9.899999618530273,10.300000190734863,9.899999618530273,10.100000381469727,1880,0.0,0.0
2023-11-08 00:00:00-05:00,10.0,10.300000190734863,10.0,10.0,2970,0.0,0.0
2023-11-09 00:00:00-05:00,10.0,10.300000190734863,9.899999618530273,9.989999771118164,5860,0.0,0.0
2023-11-10 00:00:00-05:00,9.699999809265137,10.199999809265137,9.600000381469727,10.100000381469727,2350,0.0,0.0
2023-11-13 00:00:00-05:00,9.800000190734863,9.899999618530273,9.5,9.579999923706055,3120,0.0,0.0
2023-11-14 00:00:00-05:00,9.819999694824219,10.100000381469727,9.550000190734863,9.600000381469727,1690,0.0,0.0
2023-11-15 00:00:00-05:00,10.180000305175781,10.199999809265137,9.0,9.3100004196167,26180,0.0,0.0
2023-11-16 00:00:00-05:00,9.300000190734863,9.600000381469727,9.010000228881836,9.010000228881836,2470,0.0,0.0
2023-11-17 00:00:00-05:00,9.020000457763672,9.399999618530273,9.0,9.0,5060,0.0,0.0
2023-11-20 00:00:00-05:00,9.300000190734863,9.5,9.010000228881836,9.010000228881836,5070,0.0,0.0
2023-11-21 00:00:00-05:00,9.010000228881836,9.399999618530273,9.0,9.0,3730,0.0,0.0
2023-11-22 00:00:00-05:00,9.0,9.199999809265137,9.0,9.0,2310,0.0,0.0
2023-11-24 00:00:00-05:00,8.880000114440918,9.199999809265137,8.880000114440918,8.899999618530273,3250,0.0,0.0
2023-11-27 00:00:00-05:00,8.800000190734863,9.199999809265137,8.699999809265137,8.75,3470,0.0,0.0
2023-11-28 00:00:00-05:00,9.149999618530273,9.149999618530273,8.75,8.869999885559082,2290,0.0,0.0
2023-11-29 00:00:00-05:00,9.100000381469727,9.100000381469727,8.699999809265137,8.960000038146973,4060,0.0,0.0
2023-11-30 00:00:00-05:00,8.699999809265137,8.800000190734863,8.300000190734863,8.300000190734863,8930,0.0,0.0
2023-12-01 00:00:00-05:00,8.300000190734863,8.579999923706055,8.199999809265137,8.289999961853027,5840,0.0,0.0
2023-12-04 00:00:00-05:00,8.0,8.5,8.0,8.229999542236328,10770,0.0,0.0
2023-12-05 00:00:00-05:00,8.300000190734863,8.329999923706055,7.5,8.0,24220,0.0,0.0
2023-12-06 00:00:00-05:00,7.699999809265137,8.0,7.550000190734863,7.699999809265137,3420,0.0,0.0
2023-12-07 00:00:00-05:00,7.800000190734863,8.0,7.699999809265137,7.900000095367432,3330,0.0,0.0
2023-12-08 00:00:00-05:00,7.800000190734863,8.0,7.599999904632568,7.679999828338623,2870,0.0,0.0
2023-12-11 00:00:00-05:00,7.699999809265137,7.900000095367432,7.5,7.690000057220459,6520,0.0,0.0
2023-12-12 00:00:00-05:00,7.650000095367432,8.0,7.650000095367432,7.800000190734863,3230,0.0,0.0
2023-12-13 00:00:00-05:00,7.800000190734863,8.010000228881836,7.510000228881836,7.800000190734863,1930,0.0,0.0
2023-12-14 00:00:00-05:00,7.800000190734863,8.029999732971191,7.449999809265137,7.71999979019165,10750,0.0,0.0
2023-12-15 00:00:00-05:00,7.650000095367432,7.900000095367432,7.380000114440918,7.5,7570,0.0,0.0
2023-12-18 00:00:00-05:00,7.5,7.800000190734863,7.480000019073486,7.630000114440918,2110,0.0,0.0
2023-12-19 00:00:00-05:00,7.800000190734863,7.800000190734863,7.380000114440918,7.619999885559082,5510,0.0,0.0
2023-12-20 00:00:00-05:00,7.400000095367432,7.599999904632568,6.889999866485596,7.5,18950,0.0,0.0
2023-12-21 00:00:00-05:00,7.300000190734863,7.5,7.099999904632568,7.400000095367432,8140,0.0,0.0
2023-12-22 00:00:00-05:00,7.199999809265137,7.400000095367432,7.150000095367432,7.199999809265137,9360,0.0,0.0
2023-12-26 00:00:00-05:00,7.110000133514404,8.359999656677246,7.110000133514404,8.100000381469727,7090,0.0,0.0
2023-12-27 00:00:00-05:00,8.100000381469727,9.800000190734863,7.860000133514404,9.5,16040,0.0,0.0
2023-12-28 00:00:00-05:00,8.800000190734863,9.899999618530273,8.800000190734863,9.399999618530273,12190,0.0,0.0
2023-12-29 00:00:00-05:00,9.399999618530273,9.699999809265137,9.300000190734863,9.300000190734863,7980,0.0,0.0
2024-01-02 00:00:00-05:00,9.199999809265137,9.699999809265137,9.0,9.6899995803833,5830,0.0,0.0
2024-01-03 00:00:00-05:00,9.5,9.6899995803833,9.0,9.229999542236328,1900,0.0,0.0
2024-01-04 00:00:00-05:00,9.699999809265137,9.899999618530273,9.229999542236328,9.600000381469727,5180,0.0,0.0
2024-01-05 00:00:00-05:00,9.800000190734863,9.84000015258789,9.199999809265137,9.199999809265137,4680,0.0,0.0
2024-01-08 00:00:00-05:00,9.699999809265137,9.779999732971191,9.199999809265137,9.510000228881836,4970,0.0,0.0
2024-01-09 00:00:00-05:00,9.100000381469727,9.789999961853027,9.0,9.239999771118164,1250,0.0,0.0
2024-01-10 00:00:00-05:00,9.75,9.989999771118164,9.0,9.0,35200,0.0,0.0
2024-01-11 00:00:00-05:00,9.149999618530273,9.699999809265137,9.149999618530273,9.600000381469727,69340,0.0,0.0
2024-01-12 00:00:00-05:00,9.300000190734863,9.989999771118164,9.199999809265137,9.300000190734863,2760,0.0,0.0
2024-01-16 00:00:00-05:00,9.399999618530273,9.699999809265137,9.109999656677246,9.350000381469727,6230,0.0,0.0
2024-01-17 00:00:00-05:00,9.350000381469727,9.699999809265137,9.25,9.449999809265137,1640,0.0,0.0
2024-01-18 00:00:00-05:00,9.300000190734863,9.699999809265137,9.0,9.329999923706055,2990,0.0,0.0
2024-01-19 00:00:00-05:00,9.300000190734863,9.600000381469727,8.800000190734863,9.010000228881836,8400,0.0,0.0
2024-01-22 00:00:00-05:00,9.0,9.399999618530273,8.5,9.229999542236328,2170,0.0,0.0
2024-01-23 00:00:00-05:00,9.489999771118164,9.699999809265137,9.0,9.699999809265137,1570,0.0,0.0
2024-01-24 00:00:00-05:00,9.300000190734863,9.699999809265137,9.300000190734863,9.460000038146973,1650,0.0,0.0
2024-01-25 00:00:00-05:00,9.100000381469727,9.800000190734863,9.100000381469727,9.720000267028809,840,0.0,0.0
2024-01-26 00:00:00-05:00,9.279999732971191,9.399999618530273,8.100000381469727,8.569999694824219,10240,0.0,0.0
2024-01-29 00:00:00-05:00,8.800000190734863,9.5,8.199999809265137,8.800000190734863,11770,0.0,0.0
2024-01-30 00:00:00-05:00,8.600000381469727,9.399999618530273,8.600000381469727,8.899999618530273,1200,0.0,0.0
2024-01-31 00:00:00-05:00,8.699999809265137,9.180000305175781,8.399999618530273,8.600000381469727,12630,0.0,0.0
2024-02-01 00:00:00-05:00,8.800000190734863,9.199999809265137,8.489999771118164,8.5,5470,0.0,0.0
2024-02-02 00:00:00-05:00,8.220000267028809,9.1899995803833,8.220000267028809,8.5,990,0.0,0.0
2024-02-05 00:00:00-05:00,8.199999809265137,8.449999809265137,8.199999809265137,8.300000190734863,1340,0.0,0.0
2024-02-06 00:00:00-05:00,8.199999809265137,8.699999809265137,8.0,8.300000190734863,5010,0.0,0.0
2024-02-07 00:00:00-05:00,8.399999618530273,8.5600004196167,8.3100004196167,8.529999732971191,180,0.0,0.0
2024-02-08 00:00:00-05:00,8.399999618530273,8.5,8.100000381469727,8.300000190734863,2690,0.0,0.0
2024-02-09 00:00:00-05:00,8.100000381469727,8.949999809265137,8.100000381469727,8.5600004196167,1670,0.0,0.0
2024-02-12 00:00:00-05:00,8.5600004196167,8.819999694824219,7.800000190734863,8.050000190734863,20130,0.0,0.0
2024-02-13 00:00:00-05:00,8.1899995803833,8.800000190734863,8.100000381469727,8.199999809265137,15380,0.0,0.0
2024-02-14 00:00:00-05:00,8.550000190734863,8.550000190734863,8.020000457763672,8.100000381469727,9520,0.0,0.0
2024-02-15 00:00:00-05:00,8.100000381469727,8.800000190734863,7.809999942779541,8.100000381469727,2130,0.0,0.0
2024-02-16 00:00:00-05:00,8.300000190734863,8.699999809265137,8.0,8.130000114440918,2320,0.0,0.0
2024-02-20 00:00:00-05:00,8.140000343322754,8.699999809265137,8.140000343322754,8.350000381469727,5030,0.0,0.0
2024-02-21 00:00:00-05:00,8.210000038146973,8.899999618530273,8.210000038146973,8.739999771118164,2450,0.0,0.0
2024-02-22 00:00:00-05:00,8.600000381469727,8.630000114440918,7.920000076293945,7.989999771118164,17570,0.0,0.0
2024-02-23 00:00:00-05:00,8.010000228881836,8.5,8.010000228881836,8.100000381469727,2830,0.0,0.0
2024-02-26 00:00:00-05:00,8.100000381469727,8.5,8.010000228881836,8.489999771118164,1150,0.0,0.0
2024-02-27 00:00:00-05:00,8.199999809265137,8.600000381469727,7.909999847412109,8.029999732971191,2240,0.0,0.0
2024-02-28 00:00:00-05:00,8.0,8.510000228881836,7.900000095367432,8.34000015258789,6710,0.0,0.0
2024-02-29 00:00:00-05:00,7.909999847412109,8.729999542236328,7.909999847412109,8.520000457763672,12400,0.0,0.0
2024-03-01 00:00:00-05:00,8.949999809265137,8.949999809265137,8.079999923706055,8.079999923706055,15120,0.0,0.0
2024-03-04 00:00:00-05:00,8.0,8.569999694824219,7.929999828338623,8.0,2380,0.0,0.0
2024-03-05 00:00:00-05:00,8.0,8.449999809265137,7.800000190734863,8.0,4990,0.0,0.0
2024-03-06 00:00:00-05:00,8.100000381469727,8.5,8.0,8.0,1650,0.0,0.0
2024-03-07 00:00:00-05:00,8.109999656677246,8.40999984741211,7.800000190734863,7.800000190734863,2410,0.0,0.0
2024-03-08 00:00:00-05:00,7.820000171661377,8.399999618530273,7.820000171661377,8.020000457763672,1930,0.0,0.0
2024-03-11 00:00:00-04:00,7.809999942779541,8.399999618530273,7.809999942779541,8.100000381469727,6780,0.0,0.0
2024-03-12 00:00:00-04:00,8.399999618530273,8.729999542236328,7.599999904632568,7.800000190734863,29850,0.0,0.0
2024-03-13 00:00:00-04:00,7.800000190734863,8.0,7.099999904632568,7.199999809265137,5860,0.0,0.0
2024-03-14 00:00:00-04:00,7.210000038146973,7.420000076293945,5.71999979019165,7.0,8250,0.0,0.0
2024-03-15 00:00:00-04:00,7.099999904632568,7.21999979019165,6.5,6.800000190734863,1780,0.0,0.0
2024-03-18 00:00:00-04:00,6.820000171661377,7.139999866485596,6.820000171661377,6.829999923706055,970,0.0,0.0
2024-03-19 00:00:00-04:00,6.849999904632568,7.130000114440918,6.610000133514404,6.920000076293945,1620,0.0,0.0
2024-03-20 00:00:00-04:00,6.699999809265137,7.130000114440918,6.699999809265137,6.900000095367432,920,0.0,0.0
2024-03-21 00:00:00-04:00,7.130000114440918,7.130000114440918,6.800000190734863,6.989999771118164,3380,0.0,0.0
2024-03-22 00:00:00-04:00,7.070000171661377,7.769999980926514,7.070000171661377,7.769999980926514,2820,0.0,0.0
2024-03-25 00:00:00-04:00,7.699999809265137,7.78000020980835,7.110000133514404,7.110000133514404,900,0.0,0.0
2024-03-26 00:00:00-04:00,7.46999979019165,7.46999979019165,6.800000190734863,7.0,8370,0.0,0.0
2024-03-27 00:00:00-04:00,6.820000171661377,7.5,6.610000133514404,7.0,10220,0.0,0.0
2024-03-28 00:00:00-04:00,6.909999847412109,7.699999809265137,6.800000190734863,7.28000020980835,1420,0.0,0.0
2024-04-01 00:00:00-04:00,7.400000095367432,7.400000095367432,6.949999809265137,7.0,2500,0.0,0.0
2024-04-02 00:00:00-04:00,7.0,7.699999809265137,6.920000076293945,7.25,1780,0.0,0.0
2024-04-03 00:00:00-04:00,7.340000152587891,7.690000057220459,7.019999980926514,7.690000057220459,1440,0.0,0.0
2024-04-04 00:00:00-04:00,7.380000114440918,7.679999828338623,7.0,7.150000095367432,1820,0.0,0.0
2024-04-05 00:00:00-04:00,7.099999904632568,7.599999904632568,7.099999904632568,7.099999904632568,1090,0.0,0.0
2024-04-08 00:00:00-04:00,7.099999904632568,7.599999904632568,7.0,7.110000133514404,6110,0.0,0.0
2024-04-09 00:00:00-04:00,6.800000190734863,7.78000020980835,6.800000190734863,7.400000095367432,880,0.0,0.0
2024-04-10 00:00:00-04:00,7.599999904632568,8.109999656677246,7.489999771118164,7.489999771118164,1150,0.0,0.0
2024-04-11 00:00:00-04:00,7.699999809265137,8.300000190734863,7.170000076293945,7.599999904632568,1020,0.0,0.0
2024-04-12 00:00:00-04:00,7.300000190734863,8.050000190734863,7.300000190734863,7.599999904632568,2560,0.0,0.0
2024-04-15 00:00:00-04:00,7.400000095367432,8.399999618530273,7.360000133514404,8.0,4450,0.0,0.0
2024-04-16 00:00:00-04:00,8.0,8.399999618530273,7.099999904632568,7.599999904632568,5060,0.0,0.0
2024-04-17 00:00:00-04:00,7.800000190734863,8.0,7.619999885559082,8.0,430,0.0,0.0
2024-04-18 00:00:00-04:00,8.0,8.119999885559082,7.5,8.0,2190,0.0,0.0
2024-04-19 00:00:00-04:00,8.199999809265137,8.25,7.0,7.199999809265137,2430,0.0,0.0
2024-04-22 00:00:00-04:00,7.559999942779541,8.859999656677246,7.559999942779541,8.600000381469727,6370,0.0,0.0
2024-04-23 00:00:00-04:00,8.100000381469727,8.670000076293945,8.100000381469727,8.59000015258789,2910,0.0,0.0
2024-04-24 00:00:00-04:00,8.279999732971191,8.399999618530273,7.909999847412109,8.210000038146973,800,0.0,0.0
2024-04-25 00:00:00-04:00,8.489999771118164,8.800000190734863,7.920000076293945,8.5,4270,0.0,0.0
2024-04-26 00:00:00-04:00,8.140000343322754,8.800000190734863,7.820000171661377,8.5,3030,0.0,0.0
2024-04-29 00:00:00-04:00,8.5,8.800000190734863,7.829999923706055,8.369999885559082,2170,0.0,0.0
2024-04-30 00:00:00-04:00,7.909999847412109,8.4399995803833,7.28000020980835,7.550000190734863,2920,0.0,0.0
2024-05-01 00:00:00-04:00,7.550000190734863,8.0,7.400000095367432,7.480000019073486,34530,0.0,0.0
2024-05-02 00:00:00-04:00,7.5,8.0,7.400000095367432,7.590000152587891,1880,0.0,0.0
2024-05-03 00:00:00-04:00,7.900000095367432,8.199999809265137,7.360000133514404,8.069999694824219,14590,0.0,0.0
2024-05-06 00:00:00-04:00,7.75,8.300000190734863,7.75,8.130000114440918,1880,0.0,0.0
2024-05-07 00:00:00-04:00,8.289999961853027,8.350000381469727,7.900000095367432,7.900000095367432,1970,0.0,0.0
2024-05-08 00:00:00-04:00,7.659999847412109,8.270000457763672,7.599999904632568,7.699999809265137,2090,0.0,0.0
2024-05-09 00:00:00-04:00,8.1899995803833,8.270000457763672,7.800000190734863,7.800000190734863,1360,0.0,0.0
2024-05-10 00:00:00-04:00,8.180000305175781,8.380000114440918,7.929999828338623,7.929999828338623,2120,0.0,0.0
2024-05-13 00:00:00-04:00,8.220000267028809,8.399999618530273,7.909999847412109,8.050000190734863,4670,0.0,0.0
2024-05-14 00:00:00-04:00,8.329999923706055,8.329999923706055,7.900000095367432,8.0,4830,0.0,0.0
2024-05-15 00:00:00-04:00,7.53000020980835,8.989999771118164,7.53000020980835,8.229999542236328,5900,0.0,0.1
2024-05-16 00:00:00-04:00,8.420000076293945,8.420000076293945,7.570000171661377,8.029999732971191,5800,0.0,0.0
2024-05-17 00:00:00-04:00,8.010000228881836,8.350000381469727,8.010000228881836,8.300000190734863,6600,0.0,0.0
2024-05-20 00:00:00-04:00,8.430000305175781,8.430000305175781,7.78000020980835,7.78000020980835,6600,0.0,0.0
2024-05-21 00:00:00-04:00,7.690000057220459,7.764999866485596,7.650000095367432,7.659999847412109,5900,0.0,0.0
2024-05-22 00:00:00-04:00,7.630000114440918,8.15999984741211,7.590000152587891,7.599999904632568,13200,0.0,0.0
2024-05-23 00:00:00-04:00,7.650000095367432,7.650000095367432,7.570000171661377,7.570000171661377,1200,0.0,0.0
2024-05-24 00:00:00-04:00,7.510000228881836,7.550000190734863,7.510000228881836,7.550000190734863,500,0.0,0.0
2024-05-28 00:00:00-04:00,7.5,7.559999942779541,7.5,7.550000190734863,6000,0.0,0.0
2024-05-29 00:00:00-04:00,7.53000020980835,7.800000190734863,7.5,7.550000190734863,2300,0.0,0.0
2024-05-30 00:00:00-04:00,7.690000057220459,7.690000057220459,7.150000095367432,7.150000095367432,9400,0.0,0.0
2024-05-31 00:00:00-04:00,7.150000095367432,7.150000095367432,7.150000095367432,7.150000095367432,400,0.0,0.0
2024-06-03 00:00:00-04:00,7.340000152587891,7.489999771118164,7.284999847412109,7.489999771118164,20700,0.0,0.0
2024-06-04 00:00:00-04:00,7.489999771118164,7.489999771118164,7.489999771118164,7.489999771118164,800,0.0,0.0
2024-06-05 00:00:00-04:00,7.400000095367432,7.639999866485596,7.309999942779541,7.639999866485596,44500,0.0,0.0
2024-06-06 00:00:00-04:00,7.489999771118164,7.829999923706055,7.460000038146973,7.800000190734863,7600,0.0,0.0
2024-06-07 00:00:00-04:00,7.800000190734863,7.800000190734863,7.800000190734863,7.800000190734863,0,0.0,0.0
2024-06-10 00:00:00-04:00,7.800000190734863,7.800000190734863,7.800000190734863,7.800000190734863,400,0.0,0.0
2024-06-11 00:00:00-04:00,7.5,7.820000171661377,7.389999866485596,7.800000190734863,7500,0.0,0.0
2024-06-12 00:00:00-04:00,7.748000144958496,7.820000171661377,7.748000144958496,7.800000190734863,14300,0.0,0.0
2024-06-13 00:00:00-04:00,7.710000038146973,7.710000038146973,7.710000038146973,7.710000038146973,700,0.0,0.0
2024-06-14 00:00:00-04:00,7.489999771118164,7.71999979019165,7.21999979019165,7.710000038146973,10300,0.0,0.0
2024-06-17 00:00:00-04:00,7.699999809265137,7.699999809265137,7.364999771118164,7.364999771118164,1200,0.0,0.0
2024-06-18 00:00:00-04:00,7.230000019073486,7.230000019073486,7.130000114440918,7.130000114440918,1800,0.0,0.0
2024-06-20 00:00:00-04:00,7.099999904632568,7.110000133514404,6.699999809265137,6.800000190734863,4700,0.0,0.0
2024-06-21 00:00:00-04:00,6.800000190734863,6.800000190734863,6.675000190734863,6.679999828338623,2200,0.0,0.0
2024-06-24 00:00:00-04:00,6.679999828338623,6.800000190734863,6.670000076293945,6.78000020980835,8000,0.0,0.0
2024-06-25 00:00:00-04:00,6.659999847412109,6.820000171661377,6.550000190734863,6.800000190734863,4400,0.0,0.0
2024-06-26 00:00:00-04:00,6.629000186920166,6.630000114440918,6.570000171661377,6.570000171661377,2100,0.0,0.0
2024-06-27 00:00:00-04:00,6.550000190734863,6.559999942779541,6.449999809265137,6.449999809265137,2400,0.0,0.0
2024-06-28 00:00:00-04:00,6.380000114440918,6.447000026702881,6.380000114440918,6.447000026702881,400,0.0,0.0
2024-07-01 00:00:00-04:00,6.099999904632568,6.400000095367432,6.099999904632568,6.28000020980835,2800,0.0,0.0
2024-07-02 00:00:00-04:00,6.199999809265137,6.199999809265137,6.195000171661377,6.195000171661377,700,0.0,0.0
2024-07-03 00:00:00-04:00,6.175000190734863,6.230000019073486,6.110000133514404,6.179999828338623,5400,0.0,0.0
2024-07-05 00:00:00-04:00,6.099999904632568,6.099999904632568,6.090000152587891,6.099999904632568,1600,0.0,0.0
2024-07-08 00:00:00-04:00,5.448999881744385,6.020999908447266,5.409999847412109,6.020999908447266,8300,0.0,0.0
2024-07-09 00:00:00-04:00,5.367000102996826,5.817999839782715,5.367000102996826,5.519999980926514,12700,0.0,0.0
2024-07-10 00:00:00-04:00,5.559999942779541,5.980000019073486,5.289999961853027,5.980000019073486,20400,0.0,0.0
2024-07-11 00:00:00-04:00,6.199999809265137,6.340000152587891,5.579999923706055,6.260000228881836,6900,0.0,0.0
2024-07-12 00:00:00-04:00,6.260000228881836,6.260000228881836,6.260000228881836,6.260000228881836,0,0.0,0.0
2024-07-15 00:00:00-04:00,6.900000095367432,7.565000057220459,6.550000190734863,7.199999809265137,11500,0.0,0.0
2024-07-16 00:00:00-04:00,7.199999809265137,7.335000038146973,7.050000190734863,7.050000190734863,1700,0.0,0.0
2024-07-17 00:00:00-04:00,6.625999927520752,6.985000133514404,6.420000076293945,6.53000020980835,4800,0.0,0.0
2024-07-18 00:00:00-04:00,6.920000076293945,7.519999980926514,6.920000076293945,7.0,3500,0.0,0.0
2024-07-19 00:00:00-04:00,6.71999979019165,6.71999979019165,6.400000095367432,6.5,1600,0.0,0.0
2024-07-22 00:00:00-04:00,5.900000095367432,7.099999904632568,5.900000095367432,7.074999809265137,6600,0.0,0.0
2024-07-23 00:00:00-04:00,7.119999885559082,7.119999885559082,6.550000190734863,6.800000190734863,1600,0.0,0.0
2024-07-24 00:00:00-04:00,6.75,6.75,6.380000114440918,6.380000114440918,600,0.0,0.0
2024-07-25 00:00:00-04:00,6.380000114440918,6.380000114440918,6.380000114440918,6.380000114440918,0,0.0,0.0
2024-07-26 00:00:00-04:00,6.380000114440918,6.380000114440918,6.380000114440918,6.380000114440918,500,0.0,0.0
2024-07-29 00:00:00-04:00,6.699999809265137,6.840000152587891,6.699999809265137,6.840000152587891,1300,0.0,0.0
2024-07-30 00:00:00-04:00,6.840000152587891,6.840000152587891,6.840000152587891,6.840000152587891,0,0.0,0.0
2024-07-31 00:00:00-04:00,6.420000076293945,7.360000133514404,5.929999828338623,7.360000133514404,4000,0.0,0.0
2024-08-01 00:00:00-04:00,7.050000190734863,7.050000190734863,7.050000190734863,7.050000190734863,400,0.0,0.0
2024-08-02 00:00:00-04:00,6.260000228881836,6.260000228881836,6.260000228881836,6.260000228881836,1300,0.0,0.0
2024-08-05 00:00:00-04:00,6.300000190734863,7.0,6.290999889373779,6.429999828338623,6700,0.0,0.0
2024-08-06 00:00:00-04:00,6.429999828338623,6.429999828338623,6.429999828338623,6.429999828338623,300,0.0,0.0
2024-08-07 00:00:00-04:00,6.715000152587891,6.828000068664551,6.440000057220459,6.622000217437744,5500,0.0,0.0
2024-08-08 00:00:00-04:00,6.960000038146973,7.0,6.440000057220459,6.71999979019165,6800,0.0,0.0
2024-08-09 00:00:00-04:00,6.800000190734863,6.800000190734863,6.550000190734863,6.550000190734863,1200,0.0,0.0
2024-08-12 00:00:00-04:00,6.579999923706055,7.039999961853027,6.579999923706055,6.849999904632568,9000,0.0,0.0
2024-08-13 00:00:00-04:00,6.699999809265137,7.289999961853027,6.610000133514404,6.610000133514404,7400,0.0,0.0
2024-08-14 00:00:00-04:00,6.820000171661377,6.965000152587891,6.550000190734863,6.550000190734863,900,0.0,0.0
2024-08-15 00:00:00-04:00,6.53000020980835,6.900000095367432,6.170000076293945,6.269999980926514,11500,0.0,0.0
2024-08-16 00:00:00-04:00,6.389999866485596,6.9039998054504395,6.269999980926514,6.320000171661377,12800,0.0,0.0
2024-08-19 00:00:00-04:00,6.230000019073486,6.849999904632568,6.110000133514404,6.110000133514404,4700,0.0,0.0
2024-08-20 00:00:00-04:00,6.420000076293945,6.765999794006348,6.260000228881836,6.510000228881836,12700,0.0,0.0
2024-08-21 00:00:00-04:00,6.260000228881836,6.5,6.191999912261963,6.242000102996826,8200,0.0,0.0
2024-08-22 00:00:00-04:00,6.329999923706055,6.650000095367432,6.25,6.434999942779541,14200,0.0,0.0
2024-08-23 00:00:00-04:00,6.21999979019165,6.5,5.820000171661377,6.0,14600,0.0,0.0
2024-08-26 00:00:00-04:00,6.0,6.0,6.0,6.0,400,0.0,0.0
2024-08-27 00:00:00-04:00,6.300000190734863,6.300000190734863,5.989999771118164,5.989999771118164,1000,0.0,0.0
2024-08-28 00:00:00-04:00,5.75,5.960000038146973,5.590000152587891,5.590000152587891,9200,0.0,0.0
2024-08-29 00:00:00-04:00,5.599999904632568,5.610000133514404,5.179999828338623,5.565000057220459,9500,0.0,0.0
2024-08-30 00:00:00-04:00,5.510000228881836,5.510000228881836,5.199999809265137,5.295000076293945,4500,0.0,0.0
2024-09-03 00:00:00-04:00,5.090000152587891,5.090000152587891,4.695000171661377,5.0,5200,0.0,0.0
2024-09-04 00:00:00-04:00,4.90500020980835,5.0,4.75,4.75,3400,0.0,0.0
2024-09-05 00:00:00-04:00,4.960000038146973,5.098999977111816,4.519999980926514,4.701000213623047,13900,0.0,0.0
2024-09-06 00:00:00-04:00,4.699999809265137,4.920000076293945,4.599999904632568,4.639999866485596,12600,0.0,0.0
2024-09-09 00:00:00-04:00,4.5929999351501465,4.889999866485596,4.5929999351501465,4.800000190734863,6500,0.0,0.0
2024-09-10 00:00:00-04:00,4.900000095367432,4.96999979019165,4.769999980926514,4.769999980926514,2600,0.0,0.0
2024-09-11 00:00:00-04:00,4.659999847412109,4.769999980926514,4.550000190734863,4.769999980926514,1200,0.0,0.0
2024-09-12 00:00:00-04:00,4.5,4.5,3.430000066757202,3.4800000190734863,12700,0.0,0.0
2024-09-13 00:00:00-04:00,3.5999999046325684,3.9700000286102295,3.553999900817871,3.569999933242798,13900,0.0,0.0
2024-09-16 00:00:00-04:00,3.569999933242798,3.619999885559082,3.569999933242798,3.569999933242798,2400,0.0,0.0
2024-09-17 00:00:00-04:00,3.5899999141693115,3.7699999809265137,3.3399999141693115,3.3499999046325684,7700,0.0,0.0
2024-09-18 00:00:00-04:00,3.309999942779541,3.5,3.309999942779541,3.4839999675750732,3000,0.0,0.0
2024-09-19 00:00:00-04:00,3.569999933242798,3.572999954223633,3.4000000953674316,3.4769999980926514,7200,0.0,0.0
2024-09-20 00:00:00-04:00,2.700000047683716,3.5,2.700000047683716,3.2300000190734863,2600,0.0,0.0
2024-09-23 00:00:00-04:00,3.25,3.7899999618530273,3.25,3.5799999237060547,17300,0.0,0.0
2024-09-24 00:00:00-04:00,3.5799999237060547,3.7799999713897705,2.619999885559082,2.7300000190734863,27000,0.0,0.0
2024-09-25 00:00:00-04:00,2.859999895095825,3.065000057220459,2.7699999809265137,2.8499999046325684,11200,0.0,0.0
2024-09-26 00:00:00-04:00,3.0,3.5,3.0,3.390000104904175,8300,0.0,0.0
2024-09-27 00:00:00-04:00,3.309999942779541,3.5899999141693115,2.8499999046325684,3.25,69600,0.0,0.0
2024-09-30 00:00:00-04:00,3.4000000953674316,3.5,3.200000047683716,3.265000104904175,12400,0.0,0.0
2024-10-01 00:00:00-04:00,3.25,3.3299999237060547,3.2100000381469727,3.319999933242798,16900,0.0,0.0
2024-10-02 00:00:00-04:00,3.450000047683716,3.640000104904175,3.4000000953674316,3.5799999237060547,19400,0.0,0.0
2024-10-03 00:00:00-04:00,3.200000047683716,3.6500000953674316,3.200000047683716,3.5799999237060547,17000,0.0,0.0
2024-10-04 00:00:00-04:00,3.75,5.650000095367432,3.3949999809265137,3.7100000381469727,321500,0.0,0.0
2024-10-07 00:00:00-04:00,4.131999969482422,4.289999961853027,3.609999895095825,3.75,53000,0.0,0.0
2024-10-08 00:00:00-04:00,3.5,3.7300000190734863,3.200000047683716,3.565000057220459,17900,0.0,0.0
2024-10-09 00:00:00-04:00,3.5399999618530273,3.549999952316284,3.2200000286102295,3.4000000953674316,9700,0.0,0.0
2024-10-10 00:00:00-04:00,3.2799999713897705,3.450000047683716,3.246000051498413,3.2850000858306885,9300,0.0,0.0
2024-10-11 00:00:00-04:00,3.2799999713897705,3.430000066757202,2.880000114440918,3.240000009536743,426100,0.0,0.0
2024-10-14 00:00:00-04:00,2.990000009536743,3.688999891281128,2.8299999237060547,3.130000114440918,246300,0.0,0.0
2024-10-15 00:00:00-04:00,3.0999999046325684,3.2200000286102295,2.885999917984009,2.890000104904175,46400,0.0,0.0
2024-10-16 00:00:00-04:00,2.799999952316284,3.134000062942505,2.799999952316284,2.930000066757202,38500,0.0,0.0
2024-10-17 00:00:00-04:00,2.890000104904175,3.0799999237060547,2.7920000553131104,2.9100000858306885,19000,0.0,0.0
2024-10-18 00:00:00-04:00,3.0399999618530273,3.119999885559082,3.005000114440918,3.0450000762939453,16800,0.0,0.0
2024-10-21 00:00:00-04:00,3.049999952316284,3.2300000190734863,2.9100000858306885,3.0399999618530273,34000,0.0,0.0
2024-10-22 00:00:00-04:00,3.049999952316284,3.075000047683716,2.799999952316284,2.9049999713897705,30900,0.0,0.0
2024-10-23 00:00:00-04:00,2.7899999618530273,3.0,2.7699999809265137,2.819999933242798,45700,0.0,0.0
2024-10-24 00:00:00-04:00,2.8919999599456787,2.8919999599456787,2.819999933242798,2.8499999046325684,5000,0.0,0.0
2024-10-25 00:00:00-04:00,2.7699999809265137,3.0,2.7699999809265137,2.819999933242798,15300,0.0,0.0
2024-10-28 00:00:00-04:00,2.8299999237060547,2.9600000381469727,2.7699999809265137,2.8499999046325684,27900,0.0,0.0
2024-10-29 00:00:00-04:00,2.7950000762939453,2.799999952316284,2.7750000953674316,2.7899999618530273,1700,0.0,0.0
2024-10-30 00:00:00-04:00,2.7899999618530273,2.8499999046325684,2.700000047683716,2.8299999237060547,13000,0.0,0.0
2024-10-31 00:00:00-04:00,2.740000009536743,2.880000114440918,2.7249999046325684,2.809999942779541,14600,0.0,0.0
2024-11-01 00:00:00-04:00,2.674999952316284,2.799999952316284,2.6500000953674316,2.799999952316284,5300,0.0,0.0
2024-11-04 00:00:00-05:00,2.690000057220459,2.8499999046325684,2.690000057220459,2.7100000381469727,6100,0.0,0.0
2024-11-05 00:00:00-05:00,2.7100000381469727,3.1500000953674316,2.7100000381469727,3.009999990463257,47000,0.0,0.0
2024-11-06 00:00:00-05:00,3.005000114440918,3.375999927520752,2.9800000190734863,3.359999895095825,23600,0.0,0.0
2024-11-07 00:00:00-05:00,3.2899999618530273,3.809999942779541,3.2100000381469727,3.5999999046325684,44100,0.0,0.0
2024-11-08 00:00:00-05:00,3.450000047683716,3.640000104904175,3.2239999771118164,3.440000057220459,19600,0.0,0.0
2024-11-11 00:00:00-05:00,3.5999999046325684,3.890000104904175,3.378000020980835,3.740000009536743,36600,0.0,0.0
2024-11-12 00:00:00-05:00,3.759999990463257,3.759999990463257,3.5299999713897705,3.5299999713897705,4500,0.0,0.0
2024-11-13 00:00:00-05:00,3.6600000858306885,3.6600000858306885,3.5,3.5,19900,0.0,0.0
2024-11-14 00:00:00-05:00,3.5199999809265137,3.8550000190734863,3.490000009536743,3.700000047683716,13767,0.0,0.0
