Date,Open,High,Low,Close,Volume,Dividends,Stock Splits
2022-01-03 00:00:00-05:00,4.298288911024438,4.479021373444576,4.298288911024438,4.400442123413086,47900,0.0,0.0
2022-01-04 00:00:00-05:00,4.400442036946393,4.479021285433836,4.400442036946393,4.424015998840332,28100,0.0,0.0
2022-01-05 00:00:00-05:00,4.471163272857666,4.4868791215882835,4.439731575396431,4.471163272857666,36600,0.0,0.0
2022-01-06 00:00:00-05:00,4.479021298541432,4.51831111024784,4.408300162043478,4.494737148284912,14000,0.0,0.0
2022-01-07 00:00:00-05:00,4.549742636364013,4.557600748284022,4.50259508893016,4.541884899139404,10200,0.0,0.0
2022-01-10 00:00:00-05:00,4.596890500519073,4.596890500519073,4.51831124938195,4.534027099609375,32000,0.0,0.0
2022-01-11 00:00:00-05:00,4.589032582841268,4.589032582841268,4.400442012810391,4.455447673797607,45500,0.0,0.0
2022-01-12 00:00:00-05:00,4.455447318286722,4.565458256787706,4.455447318286722,4.5261688232421875,16800,0.0,0.0
2022-01-13 00:00:00-05:00,4.557600482040894,4.6676114196266685,4.400441625080124,4.431873321533203,51600,0.0,0.0
2022-01-14 00:00:00-05:00,4.416157187256407,4.55760018682887,4.416157187256407,4.5104522705078125,26400,0.0,0.0
2022-01-18 00:00:00-05:00,4.6204636367435565,4.6204636367435565,4.400441398219662,4.416157245635986,42700,0.0,0.0
2022-01-19 00:00:00-05:00,4.534027379181474,4.557601343323915,4.416158307860167,4.486879825592041,14600,0.0,0.0
2022-01-20 00:00:00-05:00,4.439732127563759,4.534027231674901,4.376868724822998,4.376868724822998,34700,0.0,0.0
2022-01-21 00:00:00-05:00,4.4004420324511,4.494737130539706,4.2589993853181936,4.298288822174072,40700,0.0,0.0
2022-01-24 00:00:00-05:00,4.251141048574285,4.329720667526104,4.164704067239912,4.2825727462768555,66400,0.0,0.0
2022-01-25 00:00:00-05:00,4.243283611821008,4.329720973968506,4.243283611821008,4.329720973968506,9700,0.0,0.0
2022-01-26 00:00:00-05:00,4.329720140459954,4.4161571112721685,4.180419407199747,4.243282794952393,36700,0.0,0.0
2022-01-27 00:00:00-05:00,4.282572497243077,4.282572497243077,4.188277409618673,4.196135520935059,15900,0.0,0.0
2022-01-28 00:00:00-05:00,4.227567445620272,4.27471499198426,4.203993485090582,4.211851596832275,19000,0.0,0.0
2022-01-31 00:00:00-05:00,4.235424684135639,4.274714488828716,4.21185110107607,4.243282794952393,26100,0.0,0.0
2022-02-01 00:00:00-05:00,4.321862673996073,4.400441920402375,4.274715126152291,4.353294372558594,11400,0.0,0.0
2022-02-02 00:00:00-05:00,4.353294372558594,4.369010221839854,4.2904309754335515,4.353294372558594,23100,0.0,0.0
2022-02-03 00:00:00-05:00,4.400441896712524,4.400441896712524,4.32972076267528,4.384726047515869,18500,0.0,0.0
2022-02-04 00:00:00-05:00,4.424016136879468,4.424016136879468,4.314004810869036,4.337578773498535,11000,0.0,0.0
2022-02-07 00:00:00-05:00,4.39258412019708,4.39258412019708,4.33757846115278,4.3454365730285645,8700,0.0,0.0
2022-02-08 00:00:00-05:00,4.329719592915223,4.376867127767338,4.329719592915223,4.369009017944336,3800,0.0,0.0
2022-02-09 00:00:00-05:00,4.369010612132684,4.463305716243826,4.369010612132684,4.376868724822998,41700,0.0,0.0
2022-02-10 00:00:00-05:00,4.369010221839854,4.447589468246156,4.329720785984404,4.353294372558594,23700,0.0,0.0
2022-02-11 00:00:00-05:00,4.400442200225017,4.447589751066895,4.251141435211355,4.30614709854126,78600,0.0,0.0
2022-02-14 00:00:00-05:00,4.282573386533054,4.314005088934747,4.251141684131359,4.290431499481201,14000,0.0,0.0
2022-02-15 00:00:00-05:00,4.321862697601318,4.361152508366765,4.258999300132928,4.321862697601318,10800,0.0,0.0
2022-02-16 00:00:00-05:00,4.376868271140908,4.416157706433639,4.298288651164651,4.3454365730285645,12200,0.0,0.0
2022-02-17 00:00:00-05:00,4.376868724822998,4.424016276878569,4.3061472093919235,4.376868724822998,22400,0.0,0.0
2022-02-18 00:00:00-05:00,4.376867309636749,4.479020118713379,4.3611514640330125,4.479020118713379,27100,0.0,0.0
2022-02-22 00:00:00-05:00,4.510452578657309,4.581174083275161,4.408299752170319,4.557600498199463,48400,0.0,0.0
2022-02-23 00:00:00-05:00,4.5261692264081885,4.636180174708336,4.5261692264081885,4.620464324951172,37300,0.0,0.0
2022-02-24 00:00:00-05:00,4.565457739109023,4.620463389470098,4.518310199383247,4.58903169631958,18700,0.0,0.0
2022-02-25 00:00:00-05:00,4.518310443921453,4.589031944685347,4.518310443921453,4.5733160972595215,20500,0.0,0.0
2022-02-28 00:00:00-05:00,4.59688943225954,4.59688943225954,4.573315849744322,4.58903169631958,7800,0.0,0.0
2022-03-01 00:00:00-05:00,4.596889972686768,4.636179781091637,4.573316387400151,4.596889972686768,13400,0.0,0.0
2022-03-02 00:00:00-05:00,4.612605674144258,4.71475887298584,4.604747937530874,4.71475887298584,40800,0.0,0.0
2022-03-03 00:00:00-05:00,4.714758707651844,4.714758707651844,4.644037207134551,4.706900596618652,15700,0.0,0.0
2022-03-04 00:00:00-05:00,4.714758707651844,4.714758707651844,4.636179470796717,4.706900596618652,14400,0.0,0.0
2022-03-07 00:00:00-05:00,4.68332711473817,4.68332711473817,4.479020719777304,4.549742221832275,52000,0.0,0.0
2022-03-08 00:00:00-05:00,4.549742386710644,4.557600498199463,4.4161574889637585,4.557600498199463,51800,0.0,0.0
2022-03-09 00:00:00-05:00,4.5576005389772805,4.644037517955382,4.486879033726668,4.596889972686768,52500,0.0,0.0
2022-03-10 00:00:00-05:00,4.636180427116683,4.636180427116683,4.534027210785865,4.604748725891113,9500,0.0,0.0
2022-03-11 00:00:00-05:00,4.54188440240787,4.612605528476406,4.47902063800921,4.5733160972595215,46700,0.0,0.0
2022-03-14 00:00:00-04:00,4.549742924426997,4.6361802875428015,4.51831122414769,4.56545877456665,31700,0.0,0.0
2022-03-15 00:00:00-04:00,4.534027297721504,4.636180516011012,4.47116389406502,4.581174850463867,56300,0.0,0.0
2022-03-16 00:00:00-04:00,4.612605061485355,4.714758246758669,4.596889215650639,4.675468444824219,20500,0.0,0.0
2022-03-17 00:00:00-04:00,4.714759325916463,4.754049136843929,4.628321966693281,4.746191024780273,41600,0.0,0.0
2022-03-18 00:00:00-04:00,4.683327646822343,4.958355200389359,4.683327646822343,4.942639350891113,90100,0.0,0.0
2022-03-21 00:00:00-04:00,4.981928660316766,4.98978639692693,4.9112071573484295,4.9740705490112305,32400,0.0,0.0
2022-03-22 00:00:00-04:00,5.021217842335096,5.021217842335096,4.934780870457303,4.989786148071289,36000,0.0,0.0
2022-03-23 00:00:00-04:00,5.0447922600593005,5.0447922600593005,4.950497168675763,5.021218299865723,19000,0.0,0.0
2022-03-24 00:00:00-04:00,5.091939805751069,5.091939805751069,4.950497168675763,5.021218299865723,29700,0.0,0.0
2022-03-25 00:00:00-04:00,5.06836601158203,5.06836601158203,5.005502615267121,5.02907657623291,19300,0.0,0.0
2022-03-28 00:00:00-04:00,5.05265022503617,5.068366074309401,4.958355129396787,5.0369343757629395,22400,0.0,0.0
2022-03-29 00:00:00-04:00,5.0447917618276135,5.076223455851215,4.9897861099386365,5.05264949798584,32100,0.0,0.0
2022-03-30 00:00:00-04:00,4.895491429096669,5.060508023592822,4.895491429096669,5.044792175292969,26500,0.0,0.0
2022-03-31 00:00:00-04:00,5.068365383730807,5.091939341776338,4.958354453807482,4.989786148071289,27900,0.0,0.0
2022-04-01 00:00:00-04:00,5.01336054444503,5.076223938468917,4.895491493302549,4.950497150421143,51500,0.0,0.0
2022-04-04 00:00:00-04:00,4.989786271439732,5.052649661521593,4.77762214256577,4.903348922729492,125500,0.0,0.0
2022-04-05 00:00:00-04:00,4.911208274837688,4.966213942406235,4.620464834894206,4.659754276275635,118100,0.0,0.0
2022-04-06 00:00:00-04:00,4.809054351254001,4.879775859997425,4.761906803656852,4.8404860496521,71800,0.0,0.0
2022-04-07 00:00:00-04:00,4.796372189917305,4.940744458826933,4.61189632174909,4.748248100280762,45900,0.125,0.0
2022-04-08 00:00:00-04:00,4.75626855879465,4.8043926481087915,4.531689475328658,4.563772201538086,53500,0.0,0.0
2022-04-11 00:00:00-04:00,4.499606832493135,4.6359586126378165,4.499606832493135,4.547730922698975,16600,0.0,0.0
2022-04-12 00:00:00-04:00,4.531689842737307,4.54773120714258,4.379296689659055,4.387317180633545,84200,0.0,0.0
2022-04-13 00:00:00-04:00,4.435441374089074,4.619917244240112,4.435441374089074,4.53971004486084,32500,0.0,0.0
2022-04-14 00:00:00-04:00,4.57179322000064,4.676062283454683,4.5316899988342225,4.652000427246094,32100,0.0,0.0
2022-04-18 00:00:00-04:00,4.780331434822286,4.916683230699588,4.668041878052401,4.804393291473389,60600,0.0,0.0
2022-04-19 00:00:00-04:00,4.908662628046255,4.916683502343982,4.700124868237716,4.7642903327941895,26600,0.0,0.0
2022-04-20 00:00:00-04:00,4.764289601444375,4.820434565540836,4.708144637347914,4.812413692474365,15100,0.0,0.0
2022-04-21 00:00:00-04:00,4.740227478106606,4.836476044925519,4.611896565623105,4.692103385925293,36400,0.0,0.0
2022-04-22 00:00:00-04:00,4.595855373878556,4.684083070747094,4.595855373878556,4.668041706085205,12100,0.0,0.0
2022-04-25 00:00:00-04:00,4.684083240144057,4.684083240144057,4.5717933009936385,4.627938270568848,11800,0.0,0.0
2022-04-26 00:00:00-04:00,4.587834054967025,4.619917163632716,4.539709965652883,4.563772201538086,6200,0.0,0.0
2022-04-27 00:00:00-04:00,4.531689814794363,4.635958874013856,4.491586212800313,4.499607086181641,13800,0.0,0.0
2022-04-28 00:00:00-04:00,4.587833486820092,4.635957952630872,4.563771636370919,4.571792125701904,4800,0.0,0.0
2022-04-29 00:00:00-04:00,4.660020046438412,4.660020046438412,4.563771874702955,4.635958194732666,9000,0.0,0.0
2022-05-02 00:00:00-04:00,4.716165512690886,4.716165512690886,4.507627402337322,4.5236687660217285,20800,0.0,0.0
2022-05-03 00:00:00-04:00,4.531689643859863,4.595855098664998,4.507627407079799,4.531689643859863,19800,0.0,0.0
2022-05-04 00:00:00-04:00,4.579814089633722,4.643979549407959,4.531689994803044,4.643979549407959,6400,0.0,0.0
2022-05-05 00:00:00-04:00,4.515648195895081,4.595855012904814,4.459503232760133,4.547730922698975,25600,0.0,0.0
2022-05-06 00:00:00-04:00,4.5798137349637145,4.603875589287501,4.491586043378515,4.531689643859863,8000,0.0,0.0
2022-05-09 00:00:00-04:00,4.483564220374533,4.515646938243075,4.411377913942233,4.419398784637451,12400,0.0,0.0
2022-05-10 00:00:00-04:00,4.39533789321432,4.515648313079191,4.387317020077064,4.435441493988037,26200,0.0,0.0
2022-05-11 00:00:00-04:00,4.435441656305662,4.5637725715478545,4.379296689659055,4.387317180633545,15500,0.0,0.0
2022-05-12 00:00:00-04:00,4.363254823784737,4.363254823784737,4.210861688221034,4.2188825607299805,38700,0.0,0.0
2022-05-13 00:00:00-04:00,4.323152114228238,4.331172988384857,4.226903919086789,4.234924793243408,13900,0.0,0.0
2022-05-16 00:00:00-04:00,4.531690429272165,4.531690429272165,4.283049057580717,4.379297256469727,10500,0.0,0.0
2022-05-17 00:00:00-04:00,4.379296914899663,4.451483249664307,4.379296914899663,4.451483249664307,6200,0.0,0.0
2022-05-18 00:00:00-04:00,4.483566329827659,4.483566329827659,4.371276382000803,4.379297256469727,9900,0.0,0.0
2022-05-19 00:00:00-04:00,4.403358271841512,4.403358271841512,4.267006874084473,4.267006874084473,17700,0.0,0.0
2022-05-20 00:00:00-04:00,4.443462678909923,4.443462678909923,4.267007649340277,4.291069507598877,16200,0.0,0.0
2022-05-23 00:00:00-04:00,4.411379679438499,4.451483284052285,4.323151978761961,4.339193344116211,11100,0.0,0.0
2022-05-24 00:00:00-04:00,4.331172461621049,4.395337917244782,4.258986132816209,4.323151588439941,25600,0.0,0.0
2022-05-25 00:00:00-04:00,4.3552349728969295,4.371276339221443,4.275028141274364,4.291069507598877,18300,0.0,0.0
2022-05-26 00:00:00-04:00,4.331172770692177,4.387317357141261,4.307110531888062,4.363255500793457,10000,0.0,0.0
2022-05-27 00:00:00-04:00,4.379295421356402,4.47554357991329,4.363254061596921,4.459502220153809,32400,0.0,0.0
2022-05-31 00:00:00-04:00,4.547729890059047,4.571791738470177,4.443460860394327,4.459502220153809,16900,0.0,0.0
2022-06-01 00:00:00-04:00,4.555751102727556,4.555751102727556,4.467523801257092,4.515647888183594,6600,0.0,0.0
2022-06-02 00:00:00-04:00,4.5477310027764775,4.5477310027764775,4.459503311284101,4.5236687660217285,10800,0.0,0.0
2022-06-03 00:00:00-04:00,4.55575149818365,4.55575149818365,4.5156482801585796,4.531689643859863,9000,0.0,0.0
2022-06-06 00:00:00-04:00,4.531689554396675,4.55575140824544,4.531689554396675,4.53971004486084,8100,0.0,0.0
2022-06-07 00:00:00-04:00,4.531690291392411,4.555752149154392,4.491586685180664,4.491586685180664,10100,0.0,0.0
2022-06-08 00:00:00-04:00,4.49158612319627,4.53168972439028,4.467524268444893,4.507627487182617,13400,0.0,0.0
2022-06-09 00:00:00-04:00,4.483564451021123,4.483564451021123,4.45148173150216,4.459502220153809,11500,0.0,0.0
2022-06-10 00:00:00-04:00,4.459501990745045,4.459501990745045,4.387315684312744,4.419398784637451,39900,0.0,0.0
2022-06-13 00:00:00-04:00,4.387316503583147,4.387316503583147,4.218882394548658,4.250965118408203,56700,0.0,0.0
2022-06-14 00:00:00-04:00,4.242944553962262,4.419399930444562,4.2188827005504805,4.283048152923584,39200,0.0,0.0
2022-06-15 00:00:00-04:00,4.331172048592634,4.531689269523254,4.291068451424011,4.411378860473633,41900,0.0,0.0
2022-06-16 00:00:00-04:00,4.4113799462608965,4.42742131258541,4.291069507598877,4.291069507598877,30800,0.0,0.0
2022-06-17 00:00:00-04:00,4.267007234750772,4.555751800537109,4.258986361139667,4.555751800537109,84500,0.0,0.0
2022-06-21 00:00:00-04:00,4.555750764583716,4.724185247552796,4.539709403465529,4.571792125701904,65200,0.0,0.0
2022-06-22 00:00:00-04:00,4.61991786572917,4.692103819442467,4.411379731219748,4.611896991729736,47400,0.0,0.0
2022-06-23 00:00:00-04:00,4.555752243181516,4.676062681843536,4.21086267597631,4.291069507598877,102200,0.0,0.0
2022-06-24 00:00:00-04:00,4.291068451424011,4.515647907147054,4.291068451424011,4.411378860473633,34300,0.0,0.0
2022-06-27 00:00:00-04:00,4.491586212800313,4.547731179100723,4.451482993262558,4.499607086181641,28700,0.0,0.0
2022-06-28 00:00:00-04:00,4.547731657385843,4.547731657385843,4.475545319187232,4.491586685180664,12600,0.0,0.0
2022-06-29 00:00:00-04:00,4.531690471869734,4.5878350638545715,4.443462764163968,4.467525005340576,27900,0.0,0.0
2022-06-30 00:00:00-04:00,4.459503953193799,4.59585575536614,4.411379855213503,4.491586685180664,21100,0.0,0.0
2022-07-01 00:00:00-04:00,4.523668941413035,4.571793034332119,4.435441628956196,4.499607086181641,45800,0.0,0.0
2022-07-05 00:00:00-04:00,4.6359593615778865,4.6359593615778865,4.4514834614252505,4.491586685180664,74000,0.0,0.0
2022-07-06 00:00:00-04:00,4.643978048615935,4.692102127894379,4.339191830729607,4.459502220153809,64900,0.0,0.0
2022-07-07 00:00:00-04:00,4.365145304682699,4.578479263373543,4.324119347769737,4.553864002227783,41400,0.125,0.0
2022-07-08 00:00:00-04:00,4.553863243733157,4.553863243733157,4.307708325760165,4.488221645355225,30500,0.0,0.0
2022-07-11 00:00:00-04:00,4.488221207257501,4.488221207257501,4.307707905282443,4.3323235511779785,43400,0.0,0.0
2022-07-12 00:00:00-04:00,4.332323658843562,4.35693891409841,4.184630562304764,4.225656509399414,29200,0.0,0.0
2022-07-13 00:00:00-04:00,4.266682375680515,4.553863243733157,4.266682375680515,4.488221645355225,60100,0.0,0.0
2022-07-14 00:00:00-04:00,4.3569392011038115,4.480016659242836,4.3569392011038115,4.463606357574463,8600,0.0,0.0
2022-07-15 00:00:00-04:00,4.537452910708368,4.545657865916328,4.463606357574463,4.463606357574463,26200,0.0,0.0
2022-07-18 00:00:00-04:00,4.66053007944353,4.66053007944353,4.48001675714659,4.496427059173584,13900,0.0,0.0
2022-07-19 00:00:00-04:00,4.512836933135986,4.537452579467795,4.512836933135986,4.512836933135986,9000,0.0,0.0
2022-07-20 00:00:00-04:00,4.553862998652101,4.562067953474981,4.504631704705081,4.537452697753906,9900,0.0,0.0
2022-07-21 00:00:00-04:00,4.562067885241046,4.562067885241046,4.5128369832827975,4.529247283935547,3600,0.0,0.0
2022-07-22 00:00:00-04:00,4.49642694258412,4.504631897758636,4.471811294555664,4.471811294555664,4800,0.0,0.0
2022-07-25 00:00:00-04:00,4.47181098633378,4.578478135017576,4.47181098633378,4.512836933135986,15400,0.0,0.0
2022-07-26 00:00:00-04:00,4.578478185893795,4.5866835318463846,4.529247283935547,4.529247283935547,4700,0.0,0.0
2022-07-27 00:00:00-04:00,4.5456578317531875,4.61129903793335,4.5292475302081465,4.61129903793335,5300,0.0,0.0
2022-07-28 00:00:00-04:00,4.56206715381948,4.611298047884697,4.512836259754263,4.5866827964782715,12900,0.0,0.0
2022-07-29 00:00:00-04:00,4.627708809628918,4.627708809628918,4.537452357091332,4.594888210296631,7200,0.0,0.0
2022-08-01 00:00:00-04:00,4.627708911895752,4.635914257536355,4.59488831183817,4.627708911895752,5300,0.0,0.0
2022-08-02 00:00:00-04:00,4.545657559788673,4.676939964294434,4.545657559788673,4.676939964294434,10900,0.0,0.0
2022-08-03 00:00:00-04:00,4.676939293596174,4.676939293596174,4.603093147277832,4.603093147277832,5900,0.0,0.0
2022-08-04 00:00:00-04:00,4.644118697176384,4.644118697176384,4.570272550858042,4.603093147277832,5900,0.0,0.0
2022-08-05 00:00:00-04:00,4.603093504347576,4.61129845846281,4.570272905381836,4.57847785949707,22700,0.0,0.0
2022-08-08 00:00:00-04:00,4.578477910630487,4.644119109295061,4.570272956423619,4.594888210296631,15600,0.0,0.0
2022-08-09 00:00:00-04:00,4.619504133151883,4.619504133151883,4.529247283935547,4.529247283935547,7900,0.0,0.0
2022-08-10 00:00:00-04:00,4.562067711780586,4.668734857593938,4.562067711780586,4.627708911895752,20600,0.0,0.0
2022-08-11 00:00:00-04:00,4.668735426083258,4.668735426083258,4.471811410506861,4.496427059173584,38400,0.0,0.0
2022-08-12 00:00:00-04:00,4.23386181818952,4.553863293287071,4.23386181818952,4.504631996154785,36300,0.0,0.0
2022-08-15 00:00:00-04:00,4.496427040801045,4.512837342760986,4.455401090274961,4.504631996154785,48200,0.0,0.0
2022-08-16 00:00:00-04:00,4.463606569597724,4.553863428687243,4.463606569597724,4.521042823791504,11000,0.0,0.0
2022-08-17 00:00:00-04:00,4.594888210296631,4.635914155088193,4.553862656757475,4.594888210296631,35300,0.0,0.0
2022-08-18 00:00:00-04:00,4.627709673286856,4.652325323006232,4.562068462371826,4.562068462371826,13900,0.0,0.0
2022-08-19 00:00:00-04:00,4.61129861186696,4.627708911895752,4.545657411751795,4.627708911895752,25400,0.0,0.0
2022-08-22 00:00:00-04:00,4.512837506461832,4.586684063586545,4.512837506461832,4.545658111572266,14200,0.0,0.0
2022-08-23 00:00:00-04:00,4.5784778766618635,4.586683222060262,4.512836678484295,4.570272922515869,14100,0.0,0.0
2022-08-24 00:00:00-04:00,4.553862200434794,4.61950339252175,4.512836259754263,4.5866827964782715,19200,0.0,0.0
2022-08-25 00:00:00-04:00,4.5128375541855545,4.652325323006232,4.5128375541855545,4.562068462371826,19800,0.0,0.0
2022-08-26 00:00:00-04:00,4.652325829315865,4.652325829315865,4.553864002227783,4.553864002227783,22100,0.0,0.0
2022-08-29 00:00:00-04:00,4.726171689845832,4.726171689845832,4.594888882070694,4.660530090332031,29600,0.0,0.0
2022-08-30 00:00:00-04:00,4.791813041152992,4.791813041152992,4.529247809017049,4.545658111572266,21000,0.0,0.0
2022-08-31 00:00:00-04:00,4.635914257536355,4.660529511953335,4.545657411751795,4.627708911895752,2800,0.0,0.0
2022-09-01 00:00:00-04:00,4.660529689157542,4.660529689157542,4.529247283935547,4.529247283935547,15700,0.0,0.0
2022-09-02 00:00:00-04:00,4.562067885241046,4.5948884865465445,4.480016381977299,4.529247283935547,33300,0.0,0.0
2022-09-06 00:00:00-04:00,4.488221694194844,4.635914803086778,4.406170184395136,4.504631996154785,44200,0.0,0.0
2022-09-07 00:00:00-04:00,4.496426531638551,4.537452477518975,4.455400585758127,4.480016231536865,10000,0.0,0.0
2022-09-08 00:00:00-04:00,4.414375031130121,4.562067732045295,4.414375031130121,4.480016231536865,10800,0.0,0.0
2022-09-09 00:00:00-04:00,4.480016948728039,4.570273809362445,4.471811601737421,4.562068462371826,12400,0.0,0.0
2022-09-12 00:00:00-04:00,4.668735625734989,4.685145928463746,4.562068462371826,4.562068462371826,14800,0.0,0.0
2022-09-13 00:00:00-04:00,4.422580646781903,4.611299321793132,4.422580646781903,4.545658111572266,13400,0.0,0.0
2022-09-14 00:00:00-04:00,4.5456573112982,4.685145054086623,4.521042057425189,4.594888210296631,22800,0.0,0.0
2022-09-15 00:00:00-04:00,4.529247111723003,4.701555457651521,4.529247111723003,4.627708911895752,16100,0.0,0.0
2022-09-16 00:00:00-04:00,4.693350675098899,4.800017833709717,4.537453001747656,4.800017833709717,57100,0.0,0.0
2022-09-19 00:00:00-04:00,4.800017872523766,4.800017872523766,4.553863340568872,4.65232515335083,13800,0.0,0.0
2022-09-20 00:00:00-04:00,4.75078615000894,4.79181209391326,4.594888110925883,4.701555252075195,40200,0.0,0.0
2022-09-21 00:00:00-04:00,4.537452457363607,4.750786357737895,4.537452457363607,4.627708911895752,15500,0.0,0.0
2022-09-22 00:00:00-04:00,4.553862622971477,4.717965618415399,4.537452323427085,4.570272922515869,34200,0.0,0.0
2022-09-23 00:00:00-04:00,4.529247856914312,4.570273809362445,4.529247856914312,4.562068462371826,33600,0.0,0.0
2022-09-26 00:00:00-04:00,4.562067206126909,4.652324041907518,4.512836311497224,4.603093147277832,31300,0.0,0.0
2022-09-27 00:00:00-04:00,4.644119388504793,4.6687350351101315,4.521042329235387,4.529247283935547,10200,0.0,0.0
2022-09-28 00:00:00-04:00,4.529247011632057,4.685145054086623,4.529247011632057,4.594888210296631,29100,0.0,0.0
2022-09-29 00:00:00-04:00,4.668734340117412,4.676939293596174,4.537451954438252,4.603093147277832,34000,0.0,0.0
2022-09-30 00:00:00-04:00,4.717965757680313,4.717965757680313,4.61129861186696,4.627708911895752,30900,0.0,0.0
2022-10-03 00:00:00-04:00,4.726170879560639,4.758991478064333,4.6030934395455905,4.7097601890563965,47500,0.0,0.0
2022-10-04 00:00:00-04:00,4.800017900788363,4.841043851981991,4.709761042913866,4.808223247528076,42200,0.0,0.0
2022-10-05 00:00:00-04:00,4.898479714150107,4.898479714150107,4.726171736393289,4.808223247528076,35200,0.0,0.0
2022-10-06 00:00:00-04:00,5.037967269691692,5.037967269691692,4.849248606284958,4.914889812469482,46300,0.0,0.0
2022-10-07 00:00:00-04:00,4.84365949916602,4.935839579205743,4.684438816018592,4.692818641662598,40300,0.125,0.0
2022-10-10 00:00:00-04:00,4.6341586472454726,4.684438799707832,4.307337056853439,4.39951753616333,74500,0.0,0.0
2022-10-11 00:00:00-04:00,4.433037564222036,4.483317715849808,4.273816884271863,4.290576934814453,48500,0.0,0.0
2022-10-12 00:00:00-04:00,4.399517646481339,4.399517646481339,4.248677185311933,4.27381706237793,13600,0.0,0.0
2022-10-13 00:00:00-04:00,4.34923739300483,4.54197817765175,4.315717291291551,4.424657821655273,47100,0.0,0.0
2022-10-14 00:00:00-04:00,4.33247716810442,4.5335977703047,4.33247716810442,4.441417694091797,8500,0.0,0.0
2022-10-17 00:00:00-04:00,4.667679185802006,4.734719395360406,4.583878524262838,4.609018802642822,31500,0.0,0.0
2022-10-18 00:00:00-04:00,4.625778608246459,4.625778608246459,4.483317970739571,4.516838073730469,9600,0.0,0.0
2022-10-19 00:00:00-04:00,4.466557739446476,4.667678748887045,4.39951753616333,4.39951753616333,15200,0.0,0.0
2022-10-20 00:00:00-04:00,4.609018233682803,4.609018233682803,4.315717153275757,4.340857028961182,36100,0.0,0.0
2022-10-21 00:00:00-04:00,4.332477220592727,4.541978050218363,4.315717170206321,4.500077724456787,18500,0.0,0.0
2022-10-24 00:00:00-04:00,4.474937968045329,4.56711804783398,4.458177917211835,4.533597946166992,6800,0.0,0.0
2022-10-25 00:00:00-04:00,4.4749375769900235,4.650918295158694,4.4749375769900235,4.642538070678711,11300,0.0,0.0
2022-10-26 00:00:00-04:00,4.609018866359989,4.650919197708823,4.516838377147261,4.558738708496094,18200,0.0,0.0
2022-10-27 00:00:00-04:00,4.6425386661886305,4.7430989753009625,4.533598131521363,4.676058769226074,26900,0.0,0.0
2022-10-28 00:00:00-04:00,4.7514791495634565,4.7514791495634565,4.575498410721021,4.617398738861084,7900,0.0,0.0
2022-10-31 00:00:00-04:00,4.6928189366643736,4.734719266291753,4.550358295440674,4.550358295440674,9700,0.0,0.0
2022-11-01 00:00:00-04:00,4.474938573303011,4.717959543054033,4.458178520202637,4.458178520202637,21600,0.0,0.0
2022-11-02 00:00:00-04:00,4.365997321365539,4.609018251763986,4.365997321365539,4.500077724456787,18800,0.0,0.0
2022-11-03 00:00:00-04:00,4.365996921631815,4.609017829780212,4.365996921631815,4.474937438964844,13100,0.0,0.0
2022-11-04 00:00:00-04:00,4.466558340865727,4.676059204130282,4.399518128555659,4.433038234710693,28000,0.0,0.0
2022-11-07 00:00:00-05:00,4.382757732712141,4.810139252559834,4.382757732712141,4.650918960571289,62800,0.0,0.0
2022-11-08 00:00:00-05:00,4.634159378444734,4.676059312312301,4.575498991520706,4.625779151916504,16300,0.0,0.0
2022-11-09 00:00:00-05:00,4.483317401878909,4.650918295158694,4.483317401878909,4.642538070678711,20200,0.0,0.0
2022-11-10 00:00:00-05:00,4.634158497906961,4.776618725497214,4.550357846912423,4.7347187995910645,11500,0.0,0.0
2022-11-11 00:00:00-05:00,4.776619326538821,4.776619326538821,4.5754986978636225,4.609018802642822,12200,0.0,0.0
2022-11-14 00:00:00-05:00,4.625778547131835,4.650918823838435,4.567118167877197,4.567118167877197,6000,0.0,0.0
2022-11-15 00:00:00-05:00,4.600638279226611,4.684438935348165,4.583878227920528,4.592258453369141,4800,0.0,0.0
2022-11-16 00:00:00-05:00,4.600638345834467,4.717959106266751,4.600638345834467,4.701199054718018,28500,0.0,0.0
2022-11-17 00:00:00-05:00,4.684439003169284,4.70957888069681,4.684439003169284,4.701199054718018,4000,0.0,0.0
2022-11-18 00:00:00-05:00,4.701199054718018,4.717959106266751,4.684439003169284,4.701199054718018,8900,0.0,0.0
2022-11-21 00:00:00-05:00,4.684439229191176,4.751479438620768,4.684439229191176,4.743099212646484,9100,0.0,0.0
2022-11-22 00:00:00-05:00,4.768239191429635,4.768239191429635,4.692818760763794,4.726338863372803,5700,0.0,0.0
2022-11-23 00:00:00-05:00,4.726339160289086,4.7766193173612805,4.709579107931688,4.743099212646484,9200,0.0,0.0
2022-11-25 00:00:00-05:00,4.70119935138533,4.759859335712038,4.70119935138533,4.717959403991699,5700,0.0,0.0
2022-11-28 00:00:00-05:00,4.717959155568899,4.784999362464395,4.717959155568899,4.759859085083008,33200,0.0,0.0
2022-11-29 00:00:00-05:00,4.768239498138428,4.776619324534127,4.71795934099073,4.768239498138428,2800,0.0,0.0
2022-11-30 00:00:00-05:00,4.960980362449388,4.986120241542426,4.784999610433427,4.877180099487305,44700,0.0,0.0
2022-12-01 00:00:00-05:00,4.810138724010012,4.902319198393696,4.810138724010012,4.860419273376465,9900,0.0,0.0
2022-12-02 00:00:00-05:00,4.877179323301579,4.902319198393696,4.826899173526236,4.860419273376465,10600,0.0,0.0
2022-12-05 00:00:00-05:00,4.90231973284093,4.90231973284093,4.784999370574951,4.784999370574951,9900,0.0,0.0
2022-12-06 00:00:00-05:00,4.919079897619138,4.919079897619138,4.751479376245347,4.793379306793213,11800,0.0,0.0
2022-12-07 00:00:00-05:00,4.843659926382041,4.843659926382041,4.717959333905972,4.743099212646484,5700,0.0,0.0
2022-12-08 00:00:00-05:00,4.692818752227912,4.751479131482549,4.357617327156388,4.567118167877197,44900,0.0,0.0
2022-12-09 00:00:00-05:00,4.592258750253222,4.701199290581206,4.466558157535639,4.609018802642822,46600,0.0,0.0
2022-12-12 00:00:00-05:00,4.751479509204439,4.751479509204439,4.634159140959849,4.717959403991699,18800,0.0,0.0
2022-12-13 00:00:00-05:00,4.7766190868917455,4.7766190868917455,4.609018571404408,4.701199054718018,28000,0.0,0.0
2022-12-14 00:00:00-05:00,4.659298717707353,4.784999303893342,4.634158840224844,4.676058769226074,9900,0.0,0.0
2022-12-15 00:00:00-05:00,4.709579060770258,4.743099165149386,4.609018747632875,4.684439182281494,20900,0.0,0.0
2022-12-16 00:00:00-05:00,4.72633952141141,4.759859628687355,4.642539253221548,4.7095794677734375,7300,0.0,0.0
2022-12-19 00:00:00-05:00,4.717959333905972,4.7598592650038825,4.676059003216893,4.743099212646484,6300,0.0,0.0
2022-12-20 00:00:00-05:00,4.726339167386429,4.80175960290356,4.726339167386429,4.768239498138428,14400,0.0,0.0
2022-12-21 00:00:00-05:00,4.793379306793213,4.818519584794863,4.793379306793213,4.793379306793213,11600,0.0,0.0
2022-12-22 00:00:00-05:00,4.793379314244426,4.818519592285156,4.7766192620809935,4.818519592285156,23500,0.0,0.0
2022-12-23 00:00:00-05:00,4.852039396390672,4.852039396390672,4.784999191885075,4.801759243011475,13200,0.0,0.0
2022-12-27 00:00:00-05:00,4.826899510395059,4.826899510395059,4.776618957519531,4.776618957519531,7800,0.0,0.0
2022-12-28 00:00:00-05:00,4.776619324534127,4.80175960290356,4.734719393373296,4.768239498138428,10500,0.0,0.0
2022-12-29 00:00:00-05:00,4.815364708758082,4.815364708758082,4.601158089237882,4.6439995765686035,26000,0.125,0.0
2022-12-30 00:00:00-05:00,4.63543104635759,4.6697040722829675,4.55831694230884,4.566884994506836,30300,0.0,0.0
2023-01-03 00:00:00-05:00,4.5411807842739425,4.738250903030738,4.515475808537523,4.669704437255859,15800,0.0,0.0
2023-01-04 00:00:00-05:00,4.74681865588229,4.74681865588229,4.584021576018935,4.6439995765686035,9600,0.0,0.0
2023-01-05 00:00:00-05:00,4.703977160628941,4.703977160628941,4.5754535159866485,4.58402156829834,8300,0.0,0.0
2023-01-06 00:00:00-05:00,4.686840776699606,4.712545751477016,4.635431235711499,4.678272724151611,3300,0.0,0.0
2023-01-09 00:00:00-05:00,4.712545333247827,4.712545333247827,4.618294312184201,4.695408821105957,8900,0.0,0.0
2023-01-10 00:00:00-05:00,4.712545867037949,4.712545867037949,4.592590268457484,4.6525678634643555,18900,0.0,0.0
2023-01-11 00:00:00-05:00,4.652567324935085,4.66113578526812,4.626862761069336,4.635430812835693,5300,0.0,0.0
2023-01-12 00:00:00-05:00,4.661135645562668,4.866773784591905,4.652567185486451,4.841069221496582,24100,0.0,0.0
2023-01-13 00:00:00-05:00,4.832501185579665,4.961025238037109,4.823933133318075,4.961025238037109,31000,0.0,0.0
2023-01-17 00:00:00-05:00,5.021003412507861,5.021003412507861,4.738250732421875,4.738250732421875,32600,0.0,0.0
2023-01-18 00:00:00-05:00,4.918183986289293,5.021003478313617,4.85820639188905,4.892479419708252,18500,0.0,0.0
2023-01-19 00:00:00-05:00,4.901047706604004,4.961025712437355,4.901047706604004,4.901047706604004,5700,0.0,0.0
2023-01-20 00:00:00-05:00,5.012433748866681,5.012433748866681,4.81536368448412,4.943887710571289,8000,0.0,0.0
2023-01-23 00:00:00-05:00,4.961025420483792,4.961025420483792,4.901047418180114,4.935320854187012,7500,0.0,0.0
2023-01-24 00:00:00-05:00,4.8924796535230906,4.91818422133257,4.8839111918754385,4.901047706604004,10200,0.0,0.0
2023-01-25 00:00:00-05:00,4.909614818090434,5.003865827461559,4.901046358799137,4.978160858154297,12500,0.0,0.0
2023-01-26 00:00:00-05:00,4.9610245883894555,4.978161099235304,4.883910085299816,4.969593048095703,20000,0.0,0.0
2023-01-27 00:00:00-05:00,4.978161698867544,5.003866672515869,4.892479134317621,5.003866672515869,21000,0.0,0.0
2023-01-30 00:00:00-05:00,4.969593938776431,5.029571533203125,4.969593938776431,5.029571533203125,10800,0.0,0.0
2023-01-31 00:00:00-05:00,5.029571592874163,5.055276568338225,4.98673051185636,5.046708106994629,7900,0.0,0.0
2023-02-01 00:00:00-05:00,4.926752160137591,5.055276211245823,4.909615647227605,5.003866672515869,44700,0.0,0.0
2023-02-02 00:00:00-05:00,5.055276393890381,5.055276393890381,4.943888851667758,5.055276393890381,18900,0.0,0.0
2023-02-03 00:00:00-05:00,5.055276149527446,5.063844201594485,4.969593586023596,4.986730098724365,8700,0.0,0.0
2023-02-06 00:00:00-05:00,5.0210025806332474,5.055275602324944,4.943888077543607,4.969593048095703,9100,0.0,0.0
2023-02-07 00:00:00-05:00,4.96102505402538,4.978161566479641,4.909615516662598,4.909615516662598,16900,0.0,0.0
2023-02-08 00:00:00-05:00,4.8496378710847114,4.926752387014107,4.8496378710847114,4.875342845916748,8300,0.0,0.0
2023-02-09 00:00:00-05:00,4.87534241938388,4.8924789315837645,4.83250093460083,4.83250093460083,12800,0.0,0.0
2023-02-10 00:00:00-05:00,4.8239330635929205,4.8496376285728555,4.806796550750732,4.806796550750732,9700,0.0,0.0
2023-02-13 00:00:00-05:00,4.806796198325043,4.849637273006135,4.806796198325043,4.841069221496582,5200,0.0,0.0
2023-02-14 00:00:00-05:00,4.841069221496582,4.849637273006135,4.798227738248825,4.841069221496582,5600,0.0,0.0
2023-02-15 00:00:00-05:00,4.832501351324109,4.849637865001735,4.79822832396886,4.815364837646484,13800,0.0,0.0
2023-02-16 00:00:00-05:00,4.80679690425671,4.901047527536865,4.80679690425671,4.849637985229492,16000,0.0,0.0
2023-02-17 00:00:00-05:00,4.866773959000599,4.901046983400367,4.815364422400946,4.83250093460083,8400,0.0,0.0
2023-02-21 00:00:00-05:00,4.875342540079842,4.875342540079842,4.781091516363823,4.7896599769592285,21300,0.0,0.0
2023-02-22 00:00:00-05:00,4.781091213226318,4.892478742504111,4.755386650203236,4.781091213226318,8900,0.0,0.0
2023-02-23 00:00:00-05:00,4.798228028987945,4.849637566860314,4.781091516363823,4.7896599769592285,12200,0.0,0.0
2023-02-24 00:00:00-05:00,4.781091213226318,4.841069207891283,4.781091213226318,4.781091213226318,20700,0.0,0.0
2023-02-27 00:00:00-05:00,4.781091393367797,4.815364417734352,4.729681856817965,4.755386829376221,13900,0.0,0.0
2023-02-28 00:00:00-05:00,4.755386650203236,4.781091213226318,4.738250138665626,4.781091213226318,10000,0.0,0.0
2023-03-01 00:00:00-05:00,4.7725240547645775,4.7810921078532855,4.763955593109131,4.763955593109131,6600,0.0,0.0
2023-03-02 00:00:00-05:00,4.781091810291234,4.858206326123904,4.763955296613609,4.815364837646484,14000,0.0,0.0
2023-03-03 00:00:00-05:00,4.815364541612068,4.883910592108559,4.772523464335105,4.7896599769592285,27400,0.0,0.0
2023-03-06 00:00:00-05:00,4.798228028987945,4.823933002207474,4.73825043908686,4.7896599769592285,18300,0.0,0.0
2023-03-07 00:00:00-05:00,4.806796247181128,4.806796247181128,4.746818251737989,4.798227787017822,4400,0.0,0.0
2023-03-08 00:00:00-05:00,4.755387244058154,4.815364837646484,4.755387244058154,4.815364837646484,5500,0.0,0.0
2023-03-09 00:00:00-05:00,4.763955474158674,4.789660449916453,4.729682445526123,4.729682445526123,5100,0.0,0.0
2023-03-10 00:00:00-05:00,4.729682265139719,4.798228319790528,4.669704263036904,4.678272724151611,27900,0.0,0.0
2023-03-13 00:00:00-04:00,4.6782723701653595,4.789659904828031,4.652567397332942,4.712545394897461,16000,0.0,0.0
2023-03-14 00:00:00-04:00,4.703976872893554,4.712545333247827,4.661135796822216,4.695408821105957,8600,0.0,0.0
2023-03-15 00:00:00-04:00,4.695408809466905,4.703976861233262,4.626862761069336,4.635430812835693,23900,0.0,0.0
2023-03-16 00:00:00-04:00,4.62686335578413,4.721114388728701,4.455497804197027,4.669704437255859,23500,0.0,0.0
2023-03-17 00:00:00-04:00,4.669704562232556,4.678273023896259,4.532612444147219,4.626863479614258,12600,0.0,0.0
2023-03-20 00:00:00-04:00,4.584021801445041,4.584021801445041,4.455497741699219,4.455497741699219,45300,0.0,0.0
2023-03-21 00:00:00-04:00,4.524043546506893,4.5411800580685355,4.4640655517578125,4.4640655517578125,11000,0.0,0.0
2023-03-22 00:00:00-04:00,4.455497741699219,4.584021801445041,4.455497741699219,4.455497741699219,10800,0.0,0.0
2023-03-23 00:00:00-04:00,4.44692904019617,4.50690703494525,4.4126560170728855,4.4640655517578125,16000,0.0,0.0
2023-03-24 00:00:00-04:00,4.3955203866499915,4.489771014849447,4.38695192486818,4.446929931640625,9200,0.0,0.0
2023-03-27 00:00:00-04:00,4.489770769822542,4.498339231136733,4.421224713575896,4.455497741699219,32400,0.0,0.0
2023-03-28 00:00:00-04:00,4.489770895205244,4.498339356758723,4.395520269517396,4.412656784057617,59200,0.0,0.0
2023-03-29 00:00:00-04:00,4.412656660828426,4.498339231136733,4.386951685452573,4.455497741699219,70200,0.0,0.0
2023-03-30 00:00:00-04:00,4.4469291019500865,4.515475149148546,4.4469291019500865,4.481202125549316,39900,0.0,0.0
2023-03-31 00:00:00-04:00,4.515475684430775,4.524044145629655,4.412656601444507,4.438361167907715,51400,0.0,0.0
2023-04-03 00:00:00-04:00,4.438360763633349,4.532611785402466,4.421224251363208,4.515475273132324,48600,0.0,0.0
2023-04-04 00:00:00-04:00,4.506907097532073,4.524043609331688,4.429792590150472,4.481202125549316,19600,0.0,0.0
2023-04-05 00:00:00-04:00,4.4812025354024625,4.515475562136321,4.28413242739942,4.326973915100098,86300,0.0,0.0
2023-04-06 00:00:00-04:00,4.443540008749137,4.452304169850445,4.347131729125977,4.347131729125977,30800,0.113,0.0
2023-04-10 00:00:00-04:00,4.364660575326203,4.408482635652189,4.338367255546984,4.35589599609375,13200,0.0,0.0
2023-04-11 00:00:00-04:00,4.399717741646908,4.426011059545002,4.3208382058707375,4.364660263061523,43400,0.0,0.0
2023-04-12 00:00:00-04:00,4.417247492841235,4.426012073454424,4.338367938995361,4.338367938995361,19600,0.0,0.0
2023-04-13 00:00:00-04:00,4.399717807769775,4.417246547325905,4.338367010364262,4.399717807769775,45300,0.0,0.0
2023-04-14 00:00:00-04:00,4.4260112917871695,4.443540031999632,4.382189232296947,4.408482551574707,19100,0.0,0.0
2023-04-17 00:00:00-04:00,4.4260112917871695,4.46983293335926,4.382189232296947,4.408482551574707,37300,0.0,0.0
2023-04-18 00:00:00-04:00,4.434775846615041,4.504890813689086,4.434775846615041,4.496126651763916,29800,0.0,0.0
2023-04-19 00:00:00-04:00,4.487361226590927,4.513654543249641,4.417246272725146,4.504889965057373,15000,0.0,0.0
2023-04-20 00:00:00-04:00,4.53118371963501,4.5662411999560515,4.461068758992926,4.53118371963501,16300,0.0,0.0
2023-04-21 00:00:00-04:00,4.557476353600586,4.557476353600586,4.382188962276757,4.390953540802002,9500,0.0,0.0
2023-04-24 00:00:00-04:00,4.320838515000218,4.452304278060034,4.320838515000218,4.35589599609375,27500,0.0,0.0
2023-04-25 00:00:00-04:00,4.3296031153805545,4.4172468185424805,4.3296031153805545,4.4172468185424805,17600,0.0,0.0
2023-04-26 00:00:00-04:00,4.390953646950769,4.443539865619158,4.390953646950769,4.399717807769775,4500,0.0,0.0
2023-04-27 00:00:00-04:00,4.4435394535652435,4.461068191495916,4.399717399779524,4.434774875640869,8700,0.0,0.0
2023-04-28 00:00:00-04:00,4.46983293335926,4.504890413784185,4.408482551574707,4.408482551574707,8100,0.0,0.0
2023-05-01 00:00:00-04:00,4.390953307405193,4.478596998408493,4.390953307405193,4.469832420349121,3600,0.0,0.0
2023-05-02 00:00:00-04:00,4.53994789420911,4.53994789420911,4.390953811362245,4.408482551574707,15100,0.0,0.0
2023-05-03 00:00:00-04:00,4.443539865619158,4.443539865619158,4.399717807769775,4.399717807769775,7200,0.0,0.0
2023-05-04 00:00:00-04:00,4.443539662003841,4.443539662003841,4.277016434892105,4.2945451736450195,49200,0.0,0.0
2023-05-05 00:00:00-04:00,4.364660469246721,4.390953788386903,4.329602989005232,4.347131729125977,6700,0.0,0.0
2023-05-08 00:00:00-04:00,4.40848286820163,4.40848286820163,4.206902132321273,4.2156662940979,44400,0.0,0.0
2023-05-09 00:00:00-04:00,4.382189185781515,4.382189185781515,4.224430525543907,4.285780906677246,23700,0.0,0.0
2023-05-10 00:00:00-04:00,4.233194686598043,4.320838386730048,4.198137206545241,4.285780906677246,41000,0.0,0.0
2023-05-11 00:00:00-04:00,4.312074118894131,4.312074118894131,4.163079623400274,4.277016639709473,20400,0.0,0.0
2023-05-12 00:00:00-04:00,4.3120741956889415,4.329602935593445,4.189373016357422,4.189373016357422,15500,0.0,0.0
2023-05-15 00:00:00-04:00,4.206901117889259,4.338366438264873,4.206901117889259,4.303308963775635,15700,0.0,0.0
2023-05-16 00:00:00-04:00,4.382189418056935,4.417246899967938,4.303309874798102,4.32960319519043,23200,0.0,0.0
2023-05-17 00:00:00-04:00,4.294545305890754,4.364660263061523,4.285780727285353,4.364660263061523,2200,0.0,0.0
2023-05-18 00:00:00-04:00,4.373424423748815,4.373424423748815,4.355895684456122,4.364660263061523,5800,0.0,0.0
2023-05-19 00:00:00-04:00,4.461069283925824,4.461069283925824,4.294546023847061,4.320838928222656,8500,0.0,0.0
2023-05-22 00:00:00-04:00,4.417246689608955,4.417246689608955,4.347131729125977,4.347131729125977,6600,0.0,0.0
2023-05-23 00:00:00-04:00,4.347131523768831,4.382189002354216,4.33836694516343,4.364660263061523,8700,0.0,0.0
2023-05-24 00:00:00-04:00,4.382189734962679,4.382189734962679,4.312074766070185,4.320838928222656,15800,0.0,0.0
2023-05-25 00:00:00-04:00,4.3558961169525645,4.3646606964282,4.206902027130127,4.206902027130127,45500,0.0,0.0
2023-05-26 00:00:00-04:00,4.277017098206935,4.3471320640925954,4.2156662940979,4.2156662940979,7600,0.0,0.0
2023-05-30 00:00:00-04:00,4.277016406749274,4.320838044384165,4.233194351196289,4.233194351196289,4800,0.0,0.0
2023-05-31 00:00:00-04:00,4.224430768163246,4.25072367075385,4.206902027130127,4.206902027130127,3500,0.0,0.0
2023-06-01 00:00:00-04:00,4.224430190836549,4.233194351196289,4.2156656125587135,4.233194351196289,7800,0.0,0.0
2023-06-02 00:00:00-04:00,4.23319492972073,4.2419595091963656,4.198137447654491,4.206902027130127,29400,0.0,0.0
2023-06-05 00:00:00-04:00,4.171843699993139,4.24195864992276,4.040377959916065,4.092964172363281,47600,0.0,0.0
2023-06-06 00:00:00-04:00,4.075436178610665,4.119257821354693,4.057907437929424,4.1104936599731445,24300,0.0,0.0
2023-06-07 00:00:00-04:00,4.198137153122051,4.206901731982782,4.10172887524462,4.128022193908691,21800,0.0,0.0
2023-06-08 00:00:00-04:00,4.040378189023203,4.2682517892159035,4.040378189023203,4.259487628936768,39200,0.0,0.0
2023-06-09 00:00:00-04:00,4.250723050739541,4.382188798271299,4.250723050739541,4.259487628936768,29500,0.0,0.0
2023-06-12 00:00:00-04:00,4.2507230770923465,4.452303779779271,4.2507230770923465,4.443539619445801,25900,0.0,0.0
2023-06-13 00:00:00-04:00,4.461069283925824,4.461069283925824,4.303310185999533,4.320838928222656,32100,0.0,0.0
2023-06-14 00:00:00-04:00,4.32083919568719,4.426012073454424,4.32083919568719,4.338367938995361,11400,0.0,0.0
2023-06-15 00:00:00-04:00,4.426011059545002,4.426011059545002,4.33836694516343,4.364660263061523,16800,0.0,0.0
2023-06-16 00:00:00-04:00,4.382189382370709,4.575005531311035,4.382189382370709,4.575005531311035,51700,0.0,0.0
2023-06-20 00:00:00-04:00,4.434776236149407,4.531184533303452,4.338367938995361,4.338367938995361,51000,0.0,0.0
2023-06-21 00:00:00-04:00,4.399717399779524,4.434774875640869,4.312073710126163,4.434774875640869,10400,0.0,0.0
2023-06-22 00:00:00-04:00,4.426011333739825,4.426011333739825,4.32083847355002,4.3821892738342285,11900,0.0,0.0
2023-06-23 00:00:00-04:00,4.39971801421284,4.434775494970062,4.294545571941171,4.3821892738342285,23400,0.0,0.0
2023-06-26 00:00:00-04:00,4.382189586640456,4.390954166414456,4.259488395231609,4.373425006866455,18200,0.0,0.0
2023-06-27 00:00:00-04:00,4.233194812266387,4.364660575326203,4.233194812266387,4.35589599609375,17500,0.0,0.0
2023-06-28 00:00:00-04:00,4.268252392887098,4.3558960976646075,4.2507236519315965,4.32960319519043,12400,0.0,0.0
2023-06-29 00:00:00-04:00,4.355896017370061,4.426011397817744,4.355896017370061,4.4172468185424805,9400,0.0,0.0
2023-06-30 00:00:00-04:00,4.452303985644485,4.452303985644485,4.382189028062385,4.426011085510254,40400,0.0,0.0
2023-07-03 00:00:00-04:00,4.434775311777649,4.487361530741244,4.39095367160038,4.461068630218506,26100,0.0,0.0
2023-07-05 00:00:00-04:00,4.601298680277093,4.601298680277093,4.469832920114122,4.53118371963501,78800,0.0,0.0
2023-07-06 00:00:00-04:00,4.583769904194071,4.6363561242635205,4.504890365130832,4.592534065246582,77400,0.0,0.0
2023-07-07 00:00:00-04:00,4.532518651437209,4.541476403302452,4.3712829620249,4.460858345031738,85000,0.113,0.0
2023-07-10 00:00:00-04:00,4.478773856356621,4.4966889346968815,4.29066532021931,4.30858039855957,55200,0.0,0.0
2023-07-11 00:00:00-04:00,4.317538116027495,4.380240676141654,4.21900497239633,4.25483512878418,22200,0.0,0.0
2023-07-12 00:00:00-04:00,4.28170737197502,4.389197826385498,4.28170737197502,4.389197826385498,32300,0.0,0.0
2023-07-13 00:00:00-04:00,4.478773461287162,4.541476443511666,4.4160704790626575,4.514603614807129,40000,0.0,0.0
2023-07-14 00:00:00-04:00,4.442943009965128,4.532518387760979,4.3175374810509375,4.335452556610107,26200,0.0,0.0
2023-07-17 00:00:00-04:00,4.389197826385498,4.478773205060897,4.308579772013091,4.389197826385498,25000,0.0,0.0
2023-07-18 00:00:00-04:00,4.380240417720164,4.451900726268113,4.380240417720164,4.425028324127197,19400,0.0,0.0
2023-07-19 00:00:00-04:00,4.416070571994139,4.496688632675147,4.398155494857151,4.425028324127197,3800,0.0,0.0
2023-07-20 00:00:00-04:00,4.433986186981201,4.469816345601435,4.3891987022705,4.433986186981201,4900,0.0,0.0
2023-07-21 00:00:00-04:00,4.487731307671218,4.487731307671218,4.40711324699021,4.425028324127197,16000,0.0,0.0
2023-07-24 00:00:00-04:00,4.433985649131126,4.451900726268113,4.398155494857151,4.425028324127197,19900,0.0,0.0
2023-07-25 00:00:00-04:00,4.416070226423569,4.433985302158648,4.389197826385498,4.389197826385498,10700,0.0,0.0
2023-07-26 00:00:00-04:00,4.398155859488107,4.433986016732596,4.389198533741568,4.416070938110352,11500,0.0,0.0
2023-07-27 00:00:00-04:00,4.425028191829003,4.496688498234474,4.398155363362393,4.460858345031738,36400,0.0,0.0
2023-07-28 00:00:00-04:00,4.478772782328395,4.478772782328395,4.389197412107639,4.3981547355651855,31100,0.0,0.0
2023-07-31 00:00:00-04:00,4.40711324699021,4.460858478401172,4.398155494857151,4.425028324127197,21600,0.0,0.0
2023-08-01 00:00:00-04:00,4.416070226423569,4.451900377893728,4.389197826385498,4.389197826385498,18700,0.0,0.0
2023-08-02 00:00:00-04:00,4.3802407209630605,4.407113552093506,4.3802407209630605,4.407113552093506,6200,0.0,0.0
2023-08-03 00:00:00-04:00,4.380240379277121,4.398155456256878,4.299622746432782,4.371283054351807,22500,0.0,0.0
2023-08-04 00:00:00-04:00,4.353367328643799,4.38023972654441,4.3354522543337035,4.353367328643799,14700,0.0,0.0
2023-08-07 00:00:00-04:00,4.254835030562313,4.344410419464111,4.254835030562313,4.344410419464111,27200,0.0,0.0
2023-08-08 00:00:00-04:00,4.308580338022421,4.3533682468083645,4.299623012542725,4.299623012542725,4400,0.0,0.0
2023-08-09 00:00:00-04:00,4.3354528613950265,4.34441018623977,4.281707630939194,4.317537784576416,12400,0.0,0.0
2023-08-10 00:00:00-04:00,4.308580032602549,4.3354528613950265,4.290664955783938,4.317537784576416,8900,0.0,0.0
2023-08-11 00:00:00-04:00,4.29066532021931,4.34441055524009,4.29066532021931,4.30858039855957,33400,0.0,0.0
2023-08-14 00:00:00-04:00,4.290665149688721,4.335453057323875,4.290665149688721,4.290665149688721,9100,0.0,0.0
2023-08-15 00:00:00-04:00,4.29962314895202,4.317538227608938,4.254835238745141,4.263792991638184,24800,0.0,0.0
2023-08-16 00:00:00-04:00,4.254834497254162,4.308579723858723,4.192131519317627,4.192131519317627,16400,0.0,0.0
2023-08-17 00:00:00-04:00,4.1742173621694,4.210047521122247,4.138387203216553,4.138387203216553,27300,0.0,0.0
2023-08-18 00:00:00-04:00,4.147344284692722,4.219004590990193,4.13838653284098,4.16525936126709,10500,0.0,0.0
2023-08-21 00:00:00-04:00,4.210046532641427,4.227961607911554,4.165259058030656,4.183174133300781,17900,0.0,0.0
2023-08-22 00:00:00-04:00,4.1831744378414575,4.2100468391384505,4.1563016094153475,4.16525936126709,9500,0.0,0.0
2023-08-23 00:00:00-04:00,4.120471588223936,4.183174571806833,4.09359918606636,4.129429340362549,27400,0.0,0.0
2023-08-24 00:00:00-04:00,4.147344044045039,4.2010892706496,4.129428968510185,4.192131519317627,17300,0.0,0.0
2023-08-25 00:00:00-04:00,4.192132141540863,4.29066528517203,4.192132141540863,4.25483512878418,8900,0.0,0.0
2023-08-28 00:00:00-04:00,4.317537942103013,4.317537942103013,4.120471662779153,4.23691987991333,19800,0.0,0.0
2023-08-29 00:00:00-04:00,4.129429285535987,4.272749900817871,4.129429285535987,4.272749900817871,12000,0.0,0.0
2023-08-30 00:00:00-04:00,4.290664977728107,4.290664977728107,4.2010895931769285,4.272749900817871,7100,0.0,0.0
2023-08-31 00:00:00-04:00,4.335453168719818,4.335453168719818,4.245877351147931,4.299623012542725,6200,0.0,0.0
2023-09-01 00:00:00-04:00,4.290665149688721,4.335453057323875,4.2817078244391755,4.290665149688721,14200,0.0,0.0
2023-09-05 00:00:00-04:00,4.344410231148601,4.344410231148601,4.227962017059326,4.227962017059326,8800,0.0,0.0
2023-09-06 00:00:00-04:00,4.21004705014039,4.23691987991333,4.201089724968836,4.23691987991333,14300,0.0,0.0
2023-09-07 00:00:00-04:00,4.245877205084884,4.290665112330072,4.227962127612637,4.23691987991333,8800,0.0,0.0
2023-09-08 00:00:00-04:00,4.245877485852098,4.263792991638184,4.210047328538262,4.263792991638184,4000,0.0,0.0
2023-09-11 00:00:00-04:00,4.281708070295101,4.281708070295101,4.254835238745141,4.263792991638184,7500,0.0,0.0
2023-09-12 00:00:00-04:00,4.281707923770671,4.2906652492280175,4.201089859008789,4.201089859008789,27200,0.0,0.0
2023-09-13 00:00:00-04:00,4.201089859008789,4.263792845726825,4.165259702921097,4.201089859008789,25000,0.0,0.0
2023-09-14 00:00:00-04:00,4.174217063346939,4.26379288144572,4.174217063346939,4.25483512878418,39500,0.0,0.0
2023-09-15 00:00:00-04:00,4.21900497239633,4.281707959639645,4.14734465962063,4.25483512878418,32500,0.0,0.0
2023-09-18 00:00:00-04:00,4.183174707443324,4.245877265930176,4.183174707443324,4.245877265930176,13000,0.0,0.0
2023-09-19 00:00:00-04:00,4.138386931819452,4.254835154344078,4.138386931819452,4.210047245025635,10500,0.0,0.0
2023-09-20 00:00:00-04:00,4.227962323327181,4.245877401628726,4.210047245025635,4.210047245025635,5500,0.0,0.0
2023-09-21 00:00:00-04:00,4.210046664237065,4.254834567376883,4.12047128508653,4.14734411239624,43800,0.0,0.0
2023-09-22 00:00:00-04:00,4.165260035995781,4.183175115472205,4.129429877042934,4.138387203216553,17600,0.0,0.0
2023-09-25 00:00:00-04:00,4.165259655215326,4.165259655215326,4.00402352753824,4.048811435699463,29700,0.0,0.0
2023-09-26 00:00:00-04:00,4.09359879921068,4.102556123373671,4.0040229948062205,4.039853572845459,12800,0.0,0.0
2023-09-27 00:00:00-04:00,4.084641456604004,4.102556533851556,3.9950660703662453,4.084641456604004,17000,0.0,0.0
2023-09-28 00:00:00-04:00,4.093599093831394,4.254834784531362,4.075684017086953,4.2190046310424805,28400,0.0,0.0
2023-09-29 00:00:00-04:00,4.290665259933874,4.299623012542725,4.219004947579688,4.299623012542725,17800,0.0,0.0
2023-10-02 00:00:00-04:00,4.299622902067409,4.299622902067409,4.245877242053566,4.290665149688721,29700,0.0,0.0
2023-10-03 00:00:00-04:00,4.2996230378335705,4.2996230378335705,4.21900497239633,4.25483512878418,29800,0.0,0.0
2023-10-04 00:00:00-04:00,4.2548354333779,4.2548354333779,4.138387203216553,4.138387203216553,21700,0.0,0.0
2023-10-05 00:00:00-04:00,4.254835238745141,4.29962314895202,4.156302092567508,4.263792991638184,92400,0.0,0.0
2023-10-06 00:00:00-04:00,4.248194443253505,4.321597299181901,4.1931423013072076,4.211493015289307,66900,0.113,0.0
2023-10-09 00:00:00-04:00,4.339947897442337,4.339947897442337,4.147265187010279,4.229843616485596,39500,0.0,0.0
2023-10-10 00:00:00-04:00,4.165615760862999,4.294070751006453,4.147265047985362,4.17479133605957,25200,0.0,0.0
2023-10-11 00:00:00-04:00,4.174791611262854,4.284895895786772,4.147265321374106,4.165616035461426,17800,0.0,0.0
2023-10-12 00:00:00-04:00,4.128914742447288,4.248194606677274,4.128914742447288,4.220668315887451,24700,0.0,0.0
2023-10-13 00:00:00-04:00,4.174791365651051,4.248194217681885,4.174791365651051,4.248194217681885,18900,0.0,0.0
2023-10-16 00:00:00-04:00,4.248194106351375,4.339947668985373,4.183966393749826,4.266544818878174,25500,0.0,0.0
2023-10-17 00:00:00-04:00,4.294070781443402,4.32159706971272,4.229843504674176,4.248194217681885,15000,0.0,0.0
2023-10-18 00:00:00-04:00,4.183966908795155,4.385825208954159,4.183966908795155,4.294071197509766,31200,0.0,0.0
2023-10-19 00:00:00-04:00,4.303246132124473,4.303246132124473,4.229843283924432,4.284895420074463,7100,0.0,0.0
2023-10-20 00:00:00-04:00,4.303246521311933,4.303246521311933,4.2298436664733075,4.257369518280029,6300,0.0,0.0
2023-10-23 00:00:00-04:00,4.193142212211569,4.2757202046186364,4.183966636657715,4.183966636657715,13300,0.0,0.0
2023-10-24 00:00:00-04:00,4.183966613995859,4.2757201814598105,4.183966613995859,4.229843616485596,25500,0.0,0.0
2023-10-25 00:00:00-04:00,4.229843729271406,4.239018867504689,4.1931423013072076,4.211493015289307,12000,0.0,0.0
2023-10-26 00:00:00-04:00,4.1931423013072076,4.22066815352259,4.183966725558392,4.211493015289307,9200,0.0,0.0
2023-10-27 00:00:00-04:00,4.1931423013072076,4.22066815352259,4.1931423013072076,4.211493015289307,7400,0.0,0.0
2023-10-30 00:00:00-04:00,4.183966999507533,4.229844006224387,4.183966999507533,4.202317714691162,14400,0.0,0.0
2023-10-31 00:00:00-04:00,4.23901905315246,4.294071197509766,4.202317623580924,4.294071197509766,1700,0.0,0.0
2023-11-01 00:00:00-04:00,4.266545093892621,4.275720231989686,4.193142239053994,4.257369518280029,10800,0.0,0.0
2023-11-02 00:00:00-04:00,4.229843504674176,4.358298495728136,4.229843504674176,4.248194217681885,21300,0.0,0.0
2023-11-03 00:00:00-04:00,4.248193995974443,4.321596844174483,4.220667709141685,4.284895420074463,36800,0.0,0.0
2023-11-06 00:00:00-05:00,4.220667929412567,4.275720068435693,4.220667929412567,4.248194217681885,10700,0.0,0.0
2023-11-07 00:00:00-05:00,4.248194606677274,4.312421889327614,4.220668315887451,4.220668315887451,4400,0.0,0.0
2023-11-08 00:00:00-05:00,4.284895807602277,4.284895807602277,4.248194380182964,4.257369518280029,5100,0.0,0.0
2023-11-09 00:00:00-05:00,4.220668315887451,4.229843891989242,4.156441033237112,4.220668315887451,15200,0.0,0.0
2023-11-10 00:00:00-05:00,4.174791525344338,4.257369518280029,4.174791525344338,4.257369518280029,8800,0.0,0.0
2023-11-13 00:00:00-05:00,4.174791927176389,4.229844073604237,4.1564412117004395,4.1564412117004395,24300,0.0,0.0
2023-11-14 00:00:00-05:00,4.266544981620692,4.275720119476318,4.156440702260091,4.275720119476318,18900,0.0,0.0
2023-11-15 00:00:00-05:00,4.257369767938229,4.312421912295534,4.257369767938229,4.294071197509766,13300,0.0,0.0
2023-11-16 00:00:00-05:00,4.312421545929852,4.312421545929852,4.2481942683939256,4.275720119476318,12600,0.0,0.0
2023-11-17 00:00:00-05:00,4.275720231989686,4.303246521311933,4.220668090860716,4.257369518280029,15200,0.0,0.0
2023-11-20 00:00:00-05:00,4.303246470456757,4.303246470456757,4.22066804098144,4.229843616485596,22400,0.0,0.0
2023-11-21 00:00:00-05:00,4.257369631280468,4.294071059673921,4.229843778743146,4.23901891708374,4200,0.0,0.0
2023-11-22 00:00:00-05:00,4.29407150791123,4.3124222240235,4.083038053862343,4.0922136306762695,45600,0.0,0.0
2023-11-24 00:00:00-05:00,4.211492838932975,4.211492838932975,3.9178809899988574,3.9637579917907715,44900,0.0,0.0
2023-11-27 00:00:00-05:00,4.147264977775278,4.156440552816514,4.064686552466153,4.101387977600098,35600,0.0,0.0
2023-11-28 00:00:00-05:00,4.147265271843306,4.220668127315935,4.138090133666992,4.138090133666992,15600,0.0,0.0
2023-11-29 00:00:00-05:00,4.1564406231819335,4.312421463884089,4.128914335107726,4.17479133605957,40800,0.0,0.0
2023-11-30 00:00:00-05:00,4.248194606677274,4.257369745263516,4.156441033237112,4.220668315887451,14700,0.0,0.0
2023-12-01 00:00:00-05:00,4.229843283924432,4.284895420074463,4.229843283924432,4.284895420074463,8700,0.0,0.0
2023-12-04 00:00:00-05:00,4.275720482723997,4.303246773660426,4.266545344088889,4.294071197509766,14900,0.0,0.0
2023-12-05 00:00:00-05:00,4.312421545929852,4.312421545929852,4.266544981620692,4.275720119476318,27800,0.0,0.0
2023-12-06 00:00:00-05:00,4.266544818878174,4.312421381437424,4.248194106351375,4.266544818878174,17400,0.0,0.0
2023-12-07 00:00:00-05:00,4.266544708024453,4.284895420074463,4.239018421191695,4.284895420074463,2500,0.0,0.0
2023-12-08 00:00:00-05:00,4.248193995974443,4.303246132124473,4.239018421191695,4.284895420074463,12200,0.0,0.0
2023-12-11 00:00:00-05:00,4.229843555167158,4.294070832703086,4.229843555167158,4.275720119476318,21500,0.0,0.0
2023-12-12 00:00:00-05:00,4.284896058874657,4.303246773660426,4.275720482723997,4.294071197509766,12300,0.0,0.0
2023-12-13 00:00:00-05:00,4.312422275543213,4.358299285129761,4.220668693885704,4.312422275543213,33800,0.0,0.0
2023-12-14 00:00:00-05:00,4.312421999804504,4.358299006457651,4.266545430666918,4.321597576141357,24300,0.0,0.0
2023-12-15 00:00:00-05:00,4.349123708206217,4.358299285129761,4.312422275543213,4.312422275543213,17200,0.0,0.0
2023-12-18 00:00:00-05:00,4.349123090385463,4.431701520904221,4.330772376660798,4.376649379730225,55500,0.0,0.0
2023-12-19 00:00:00-05:00,4.358298643101547,4.431701497614457,4.358298643101547,4.4225263595581055,23300,0.0,0.0
2023-12-20 00:00:00-05:00,4.431701497614457,4.450052211242685,4.404175645929878,4.4225263595581055,30100,0.0,0.0
2023-12-21 00:00:00-05:00,4.431701497614457,4.440877073186333,4.404175645929878,4.4225263595581055,28100,0.0,0.0
2023-12-22 00:00:00-05:00,4.440876849247821,4.486753412247227,4.431701274138638,4.459227561950684,24900,0.0,0.0
2023-12-26 00:00:00-05:00,4.40417578318366,4.5326307825844845,4.40417578318366,4.477578639984131,35800,0.0,0.0
2023-12-27 00:00:00-05:00,4.532631054928015,4.587683200836182,4.5142803396252935,4.587683200836182,52200,0.0,0.0
2023-12-28 00:00:00-05:00,4.637436721402166,4.693761809399114,4.581111633405217,4.590498924255371,36000,0.113,0.0
2023-12-29 00:00:00-05:00,4.552949162813045,4.674987085255895,4.552949162813045,4.665599346160889,85800,0.0,0.0
2024-01-02 00:00:00-05:00,4.693761778125692,4.693761778125692,4.506011486053467,4.506011486053467,56300,0.0,0.0
2024-01-03 00:00:00-05:00,4.506012053499604,4.506012053499604,4.4121364480096465,4.468461990356445,24100,0.0,0.0
2024-01-04 00:00:00-05:00,4.47784871842663,4.506011486053467,4.421523630804963,4.506011486053467,15100,0.0,0.0
2024-01-05 00:00:00-05:00,4.449686093959219,4.50601163102505,4.430911064147949,4.430911064147949,9400,0.0,0.0
2024-01-08 00:00:00-05:00,4.440298702503151,4.496623790663816,4.421523673116263,4.487236499786377,11300,0.0,0.0
2024-01-09 00:00:00-05:00,4.430910992853461,4.599886706068051,4.412135963344285,4.571723937988281,29100,0.0,0.0
2024-01-10 00:00:00-05:00,4.618661735577225,4.618661735577225,4.52478658803135,4.571723937988281,10300,0.0,0.0
2024-01-11 00:00:00-05:00,4.628049127983838,4.637436866760254,4.534173978379789,4.637436866760254,27600,0.0,0.0
2024-01-12 00:00:00-05:00,4.637436737370626,4.693761825561523,4.5811116491797295,4.693761825561523,18100,0.0,0.0
2024-01-16 00:00:00-05:00,4.71253683873143,4.71253683873143,4.571723894923055,4.590498924255371,14000,0.0,0.0
2024-01-17 00:00:00-05:00,4.646824157904647,4.674986926601874,4.552949008300598,4.637436866760254,37400,0.0,0.0
2024-01-18 00:00:00-05:00,4.637437044249451,4.637437044249451,4.552949182556181,4.5623369216918945,18700,0.0,0.0
2024-01-19 00:00:00-05:00,4.5998868503949,4.637436910591427,4.5998868503949,4.618661880493164,12600,0.0,0.0
2024-01-22 00:00:00-05:00,4.609274185548642,4.628049215825809,4.562336833671742,4.599886894226074,21400,0.0,0.0
2024-01-23 00:00:00-05:00,4.599886706068051,4.599886706068051,4.552948908479106,4.571723937988281,11400,0.0,0.0
2024-01-24 00:00:00-05:00,4.599886662737534,4.61866169206985,4.552948865590739,4.590498924255371,14000,0.0,0.0
2024-01-25 00:00:00-05:00,4.552948951721191,4.5811117200684395,4.515398892346205,4.552948951721191,14100,0.0,0.0
2024-01-26 00:00:00-05:00,4.534173922033698,4.599886749755932,4.534173922033698,4.552948951721191,5600,0.0,0.0
2024-01-29 00:00:00-05:00,4.54356174807589,4.54356174807589,4.327648678701242,4.515398979187012,26300,0.0,0.0
2024-01-30 00:00:00-05:00,4.543561836923859,4.543561836923859,4.477849006652832,4.477849006652832,4300,0.0,0.0
2024-01-31 00:00:00-05:00,4.459073976237115,4.477849006652832,4.421523915405682,4.477849006652832,8900,0.0,0.0
2024-02-01 00:00:00-05:00,4.440298514954712,4.487236310255388,4.365198400579223,4.459073543548584,25000,0.0,0.0
2024-02-02 00:00:00-05:00,4.412136034336679,4.440298802869594,4.3839737134357835,4.430911064147949,3600,0.0,0.0
2024-02-05 00:00:00-05:00,4.383973800338063,4.430911151980654,4.346423739971177,4.3933610916137695,24900,0.0,0.0
2024-02-06 00:00:00-05:00,4.402749152160363,4.421524183715398,4.365199089050293,4.365199089050293,11600,0.0,0.0
2024-02-07 00:00:00-05:00,4.412135685160352,4.449685741811181,4.365198338162807,4.3745856285095215,10800,0.0,0.0
2024-02-08 00:00:00-05:00,4.3745856285095215,4.430910713485766,4.365198338162807,4.3745856285095215,17900,0.0,0.0
2024-02-09 00:00:00-05:00,4.355811085134654,4.487236745676708,4.355811085134654,4.477849006652832,28400,0.0,0.0
2024-02-12 00:00:00-05:00,4.374585774815067,4.487236396167076,4.374585774815067,4.421523571014404,13200,0.0,0.0
2024-02-13 00:00:00-05:00,4.355811369054653,4.459074266887983,4.355811369054653,4.449686527252197,18000,0.0,0.0
2024-02-14 00:00:00-05:00,4.412135934606814,4.487236499786377,4.365198584955598,4.487236499786377,7200,0.0,0.0
2024-02-15 00:00:00-05:00,4.477848962688541,4.515399023151303,4.449686193525456,4.496623992919922,13800,0.0,0.0
2024-02-16 00:00:00-05:00,4.515398733990032,4.552948792048127,4.412135850514268,4.524786472320557,7600,0.0,0.0
2024-02-20 00:00:00-05:00,4.543561891052506,4.5623369216918945,4.506011829773728,4.5623369216918945,21700,0.0,0.0
2024-02-21 00:00:00-05:00,4.581111633405217,4.628048982920004,4.5341738362584225,4.590498924255371,33500,0.0,0.0
2024-02-22 00:00:00-05:00,4.487236414262461,4.552948792048127,4.449685908572364,4.524786472320557,19300,0.0,0.0
2024-02-23 00:00:00-05:00,4.459073976237115,4.581111897755293,4.430911206797522,4.477849006652832,22200,0.0,0.0
2024-02-26 00:00:00-05:00,4.496623643600025,4.515398672372869,4.421523528508651,4.440298557281494,15300,0.0,0.0
2024-02-27 00:00:00-05:00,4.506012053499604,4.552949408612521,4.421524187611467,4.468461990356445,14000,0.0,0.0
2024-02-28 00:00:00-05:00,4.412136077880859,4.4872366454991415,4.412136077880859,4.412136077880859,20400,0.0,0.0
2024-02-29 00:00:00-05:00,4.412136077880859,4.477848906684847,4.412136077880859,4.412136077880859,14300,0.0,0.0
2024-03-01 00:00:00-05:00,4.430910861675072,4.459073628921074,4.421523571014404,4.421523571014404,19100,0.0,0.0
2024-03-04 00:00:00-05:00,4.449685993380591,4.506011529173265,4.440298702503151,4.487236499786377,7500,0.0,0.0
2024-03-05 00:00:00-05:00,4.459074314924194,4.552949474133026,4.459074314924194,4.53417444229126,6900,0.0,0.0
2024-03-06 00:00:00-05:00,4.543561544467912,4.571723864462743,4.4684614276390215,4.506011486053467,19600,0.0,0.0
2024-03-07 00:00:00-05:00,4.524786934596705,4.534174226254283,4.31826114654541,4.31826114654541,49500,0.0,0.0
2024-03-08 00:00:00-05:00,4.3651990439562995,4.440299169400631,4.337036273098647,4.383974075317383,46300,0.0,0.0
2024-03-11 00:00:00-04:00,4.496623790663816,4.496623790663816,4.412135934606814,4.487236499786377,8800,0.0,0.0
2024-03-12 00:00:00-04:00,4.383974140329948,4.506012069802788,4.383974140329948,4.449686527252197,25800,0.0,0.0
2024-03-13 00:00:00-04:00,4.449686511152804,4.496624313897783,4.430911479581225,4.468461990356445,13500,0.0,0.0
2024-03-14 00:00:00-04:00,4.459074155090827,4.496624217428395,4.402749061584473,4.402749061584473,18400,0.0,0.0
2024-03-15 00:00:00-04:00,4.506011731851627,4.506011731851627,4.449686193525456,4.496623992919922,22400,0.0,0.0
2024-03-18 00:00:00-04:00,4.496624330167001,4.506012069802788,4.449686527252197,4.449686527252197,20400,0.0,0.0
2024-03-19 00:00:00-04:00,4.4778492985274925,4.496624330167001,4.421524203608965,4.449686527252197,11500,0.0,0.0
2024-03-20 00:00:00-04:00,4.421523915405682,4.487236745676708,4.421523915405682,4.477849006652832,15600,0.0,0.0
2024-03-21 00:00:00-04:00,4.47784871842663,4.52478651526069,4.47784871842663,4.506011486053467,28300,0.0,0.0
2024-03-22 00:00:00-04:00,4.459073689219408,4.534173806048298,4.459073689219408,4.506011486053467,11200,0.0,0.0
2024-03-25 00:00:00-04:00,4.402748740509175,4.768862045417284,4.402748740509175,4.759474754333496,95700,0.0,0.0
2024-03-26 00:00:00-04:00,4.759474710972042,4.834574829486217,4.693761883456131,4.778249740600586,35400,0.0,0.0
2024-03-27 00:00:00-04:00,4.703149795532227,4.825187268802331,4.506011753346323,4.703149795532227,37700,0.0,0.0
2024-03-28 00:00:00-04:00,4.768861813248337,4.787636842133883,4.721924464850475,4.750086784362793,16800,0.0,0.0
2024-04-01 00:00:00-04:00,4.75008661654226,4.834574467358255,4.75008661654226,4.825186729431152,45300,0.0,0.0
2024-04-02 00:00:00-04:00,4.834574814955304,4.88151216506958,4.778249726238965,4.88151216506958,39000,0.0,0.0
2024-04-03 00:00:00-04:00,4.872124874099531,4.92844996281587,4.787637017209014,4.88151216506958,17400,0.0,0.0
2024-04-04 00:00:00-04:00,4.881512308449515,4.928450107574463,4.881512308449515,4.928450107574463,29200,0.0,0.0
2024-04-05 00:00:00-04:00,4.92844996281587,4.92844996281587,4.862737135497467,4.88151216506958,29900,0.0,0.0
2024-04-08 00:00:00-04:00,4.853350118142608,4.890900179403778,4.787637287119542,4.872125148773193,36100,0.0,0.0
2024-04-09 00:00:00-04:00,4.752121799464294,4.944127002718415,4.752121799464294,4.80012321472168,20100,0.115,0.0
2024-04-10 00:00:00-04:00,4.876924836944554,4.876924836944554,4.8001229430990335,4.8673248291015625,15200,0.0,0.0
2024-04-11 00:00:00-04:00,4.886525603002816,4.886525603002816,4.800123238226602,4.828924179077148,21200,0.0,0.0
2024-04-12 00:00:00-04:00,4.809723561249358,4.876924991607666,4.809723561249358,4.876924991607666,15800,0.0,0.0
2024-04-15 00:00:00-04:00,4.9441267545594885,4.9441267545594885,4.867324860222902,4.924926280975342,33400,0.0,0.0
2024-04-16 00:00:00-04:00,4.905725926237247,4.905725926237247,4.790522624166053,4.8481245040893555,11100,0.0,0.0
2024-04-17 00:00:00-04:00,4.838523864746094,4.886525277036491,4.809723383592171,4.838523864746094,17400,0.0,0.0
2024-04-18 00:00:00-04:00,4.857724487638109,4.90572590140609,4.819323539733887,4.819323539733887,8900,0.0,0.0
2024-04-19 00:00:00-04:00,4.905725931600806,4.905725931600806,4.857724517537377,4.876924991607666,2200,0.0,0.0
2024-04-22 00:00:00-04:00,4.896125611436049,4.896125611436049,4.752121822734166,4.828924179077148,19500,0.0,0.0
2024-04-23 00:00:00-04:00,4.838524191936008,4.886525607472349,4.828924183493995,4.857724666595459,4700,0.0,0.0
2024-04-24 00:00:00-04:00,4.896125489992608,4.905725955963135,4.8289240593005704,4.905725955963135,20900,0.0,0.0
2024-04-25 00:00:00-04:00,4.9057260821318005,4.9057260821318005,4.838524191936008,4.857724666595459,10900,0.0,0.0
2024-04-26 00:00:00-04:00,4.857724363483174,4.944126722947083,4.8481243556401825,4.8673248291015625,17700,0.0,0.0
2024-04-29 00:00:00-04:00,4.838524367389942,4.9057262600226,4.819323892034245,4.896125793457031,11100,0.0,0.0
2024-04-30 00:00:00-04:00,4.896125460324893,4.896125460324893,4.828924030040058,4.8481245040893555,5200,0.0,0.0
2024-05-01 00:00:00-04:00,4.752121827080764,4.896125615914362,4.752121827080764,4.857724666595459,12900,0.0,0.0
2024-05-02 00:00:00-04:00,4.867325309311208,4.896125793457031,4.857724842745639,4.896125793457031,26900,0.0,0.0
2024-05-03 00:00:00-04:00,4.80972350700758,4.896125410461778,4.771322101524662,4.790522575378418,13700,0.0,0.0
2024-05-06 00:00:00-04:00,4.809723501325492,4.886525396649783,4.752121622056868,4.761722087860107,22000,0.0,0.0
2024-05-07 00:00:00-04:00,4.809723501325492,4.828923975156565,4.761722087860107,4.761722087860107,12700,0.0,0.0
2024-05-08 00:00:00-04:00,4.761722242027564,4.838524139838424,4.752121775913496,4.771322250366211,10100,0.0,0.0
2024-05-09 00:00:00-04:00,4.7521214741345075,4.896125252272758,4.7521214741345075,4.7809224128723145,8200,0.0,0.0
2024-05-10 00:00:00-04:00,4.800123416678549,4.9057262600226,4.800123416678549,4.896125793457031,45000,0.0,0.0
2024-05-13 00:00:00-04:00,4.848124454715092,4.896125410461778,4.694520206109639,4.790522575378418,52800,0.0,0.0
2024-05-14 00:00:00-04:00,4.819323391385014,4.848124330314331,4.790522452455697,4.838523864746094,8200,0.0,0.0
2024-05-15 00:00:00-04:00,4.7905227994169755,4.905726105702633,4.7905227994169755,4.886525630950928,41100,0.0,0.0
2024-05-16 00:00:00-04:00,4.8001229430990335,4.905725776024323,4.8001229430990335,4.8673248291015625,34300,0.0,0.0
2024-05-17 00:00:00-04:00,4.896125639439067,4.905726105702633,4.838524215183952,4.886525630950928,54500,0.0,0.0
2024-05-20 00:00:00-04:00,4.896125523862897,4.992127895355225,4.867325041302906,4.992127895355225,106600,0.0,0.0
2024-05-21 00:00:00-04:00,4.934526402898737,5.126531600952148,4.924926394772542,5.126531600952148,40700,0.0,0.0
2024-05-22 00:00:00-04:00,5.136131279408177,5.136131279408177,5.00172796984045,5.107330799102783,36600,0.0,0.0
2024-05-23 00:00:00-04:00,4.896125082301302,5.116930745707801,4.896125082301302,5.020928382873535,45400,0.0,0.0
2024-05-24 00:00:00-04:00,4.992127624449585,5.078529982991629,4.953726677936542,5.059329509735107,13000,0.0,0.0
2024-05-28 00:00:00-04:00,5.1265313950206295,5.1265313950206295,4.992127624449585,5.059329509735107,13000,0.0,0.0
2024-05-29 00:00:00-04:00,5.030528718924567,5.107331071985018,5.011328245103305,5.0401291847229,12800,0.0,0.0
2024-05-30 00:00:00-04:00,4.992127947451992,5.1073312522204395,4.992127947451992,5.078530311584473,11800,0.0,0.0
2024-05-31 00:00:00-04:00,5.068929793178356,5.0977302731409475,4.876924609734449,5.020928382873535,16300,0.0,0.0
2024-06-03 00:00:00-04:00,5.116930806612787,5.126531271898172,5.049729380716615,5.107330799102783,18500,0.0,0.0
2024-06-04 00:00:00-04:00,5.059329959589731,5.08813090092307,5.001728534698486,5.001728534698486,7800,0.0,0.0
2024-06-05 00:00:00-04:00,5.040129275122623,5.078530223453905,4.876925015826966,4.905725955963135,14000,0.0,0.0
2024-06-06 00:00:00-04:00,4.867325309311208,4.924926735378297,4.857724842745639,4.896125793457031,5100,0.0,0.0
2024-06-07 00:00:00-04:00,4.915326114190772,4.972927538445887,4.8769251646873615,4.886525630950928,6000,0.0,0.0
2024-06-10 00:00:00-04:00,4.886525427453979,4.934526383446552,4.819323539733887,4.819323539733887,15800,0.0,0.0
2024-06-11 00:00:00-04:00,4.876924811468254,4.876924811468254,4.819323391385014,4.838523864746094,3700,0.0,0.0
2024-06-12 00:00:00-04:00,4.896125639439067,4.924926580454338,4.838524215183952,4.886525630950928,8600,0.0,0.0
2024-06-13 00:00:00-04:00,4.9249264002865445,4.9249264002865445,4.838524038177002,4.8481245040893555,5300,0.0,0.0
2024-06-14 00:00:00-04:00,4.886525457530516,4.886525457530516,4.848124509389938,4.876924991607666,4900,0.0,0.0
2024-06-17 00:00:00-04:00,4.867324983460227,4.896125465677955,4.800123095326508,4.876924991607666,16500,0.0,0.0
2024-06-18 00:00:00-04:00,4.809723854064941,4.89612576375368,4.809723854064941,4.809723854064941,18200,0.0,0.0
2024-06-20 00:00:00-04:00,4.8673248291015625,4.905725776024323,4.809723408717422,4.8673248291015625,13000,0.0,0.0
2024-06-21 00:00:00-04:00,5.011328220367432,5.011328220367432,4.848124422579984,5.011328220367432,33200,0.0,0.0
2024-06-24 00:00:00-04:00,5.001728685227875,5.001728685227875,4.905726307519896,4.982528209686279,25500,0.0,0.0
2024-06-25 00:00:00-04:00,4.924926584741161,4.9729275427744914,4.915326118469238,4.915326118469238,4500,0.0,0.0
2024-06-26 00:00:00-04:00,4.982527707792629,4.982527707792629,4.8481243925400035,4.953726768493652,13500,0.0,0.0
2024-06-27 00:00:00-04:00,4.963327234185112,4.963327234185112,4.867324866147522,4.953726768493652,16600,0.0,0.0
2024-06-28 00:00:00-04:00,4.963327383647716,4.972927391852864,4.896125495110026,4.934526443481445,16800,0.0,0.0
2024-07-01 00:00:00-04:00,4.963327734144683,5.01132869411095,4.934526791944567,4.982528209686279,43800,0.0,0.0
2024-07-02 00:00:00-04:00,4.9921277712820435,5.088130598163756,4.9921277712820435,5.0401291847229,41600,0.0,0.0
2024-07-03 00:00:00-04:00,5.011328097706107,5.088130448507586,4.9345262046800205,5.059329509735107,9800,0.0,0.0
2024-07-05 00:00:00-04:00,5.059329865038569,5.155332238063173,5.030528924243476,5.136131763458252,35100,0.0,0.0
2024-07-08 00:00:00-04:00,5.164932755303407,5.289736070356656,5.136131814223646,5.2225341796875,58400,0.0,0.0
2024-07-09 00:00:00-04:00,5.270534868166798,5.366537695004589,5.184132964898351,5.318536281585693,63400,0.0,0.0
2024-07-10 00:00:00-04:00,4.9999145068539566,5.362653297037217,4.980307017316468,5.205793380737305,56200,0.115,0.0
2024-07-11 00:00:00-04:00,5.009718641648772,5.225401033289716,5.009718641648772,5.176382541656494,44200,0.0,0.0
2024-07-12 00:00:00-04:00,5.176382141115527,5.3822605380115895,5.176382141115527,5.372457027435303,47500,0.0,0.0
2024-07-15 00:00:00-04:00,5.441083608069471,5.441083608069471,5.146970803722153,5.16657829284668,43800,0.0,0.0
2024-07-16 00:00:00-04:00,5.156775050513279,5.392064932258044,5.156775050513279,5.264616012573242,33300,0.0,0.0
2024-07-17 00:00:00-04:00,5.294027537362711,5.294027537362711,5.127363635629451,5.195990085601807,29900,0.0,0.0
2024-07-18 00:00:00-04:00,5.254812115279868,5.264615625892789,5.117559226863728,5.127363204956055,22900,0.0,0.0
2024-07-19 00:00:00-04:00,5.127363574136641,5.1959900232859555,5.048933613668534,5.088148593902588,22200,0.0,0.0
2024-07-22 00:00:00-04:00,5.00971863343448,5.245008514838803,5.00971863343448,5.088148593902588,8400,0.0,0.0
2024-07-23 00:00:00-04:00,5.1763821452140695,5.1763821452140695,5.029325746618099,5.039129257202148,6900,0.0,0.0
2024-07-24 00:00:00-04:00,5.048933621947126,5.225401033289716,5.048933621947126,5.176382541656494,26800,0.0,0.0
2024-07-25 00:00:00-04:00,5.0783446686226865,5.274420039338743,5.0783446686226865,5.1077561378479,25900,0.0,0.0
2024-07-26 00:00:00-04:00,5.1665782378170535,5.215597193845974,5.097951792872447,5.146970748901367,24900,0.0,0.0
2024-07-29 00:00:00-04:00,5.029326130828477,5.274419991385661,5.029326130828477,5.264616012573242,45100,0.0,0.0
2024-07-30 00:00:00-04:00,5.264615904165908,5.333242352001384,5.205793434940971,5.225400924682617,20500,0.0,0.0
2024-07-31 00:00:00-04:00,5.186185955132018,5.333242362215722,5.186185955132018,5.313634872436523,20100,0.0,0.0
2024-08-01 00:00:00-04:00,5.284223457696272,5.3920648863168505,5.284223457696272,5.333242416381836,14500,0.0,0.0
2024-08-02 00:00:00-04:00,5.33324240711689,5.34304591834931,5.205793488739377,5.24500846862793,22200,0.0,0.0
2024-08-05 00:00:00-04:00,5.215597193845974,5.235204682761659,5.146970748901367,5.146970748901367,23000,0.0,0.0
2024-08-06 00:00:00-04:00,5.146971072693009,5.2057935431405395,5.146971072693009,5.176382541656494,9100,0.0,0.0
2024-08-07 00:00:00-04:00,5.176382216014601,5.176382216014601,5.146970748901367,5.146970748901367,1400,0.0,0.0
2024-08-08 00:00:00-04:00,5.19598997760044,5.225400978777665,5.156774997711182,5.156774997711182,12100,0.0,0.0
2024-08-09 00:00:00-04:00,5.235205012104024,5.235205012104024,5.156775051507317,5.176382541656494,5200,0.0,0.0
2024-08-12 00:00:00-04:00,5.107755921975622,5.137166922478376,5.107755921975622,5.117559432983398,23100,0.0,0.0
2024-08-13 00:00:00-04:00,5.166578444205624,5.166578444205624,5.02932601631302,5.048933506011963,6700,0.0,0.0
2024-08-14 00:00:00-04:00,5.117559431020494,5.225400856941219,5.02932596206665,5.02932596206665,19800,0.0,0.0
2024-08-15 00:00:00-04:00,5.146971118495223,5.1665786088188845,5.048933666876917,5.1077561378479,23300,0.0,0.0
2024-08-16 00:00:00-04:00,5.14697070830662,5.2254006633507775,5.1077557307845405,5.215597152709961,11600,0.0,0.0
2024-08-19 00:00:00-04:00,5.215597513402982,5.2254010247217755,5.039129634870301,5.088148593902588,54000,0.0,0.0
2024-08-20 00:00:00-04:00,5.1861858799555325,5.1861858799555325,5.078344453993443,5.117559432983398,4700,0.0,0.0
2024-08-21 00:00:00-04:00,5.205793488833036,5.205793488833036,5.117559550342489,5.156774997711182,8400,0.0,0.0
2024-08-22 00:00:00-04:00,5.1371670402871175,5.156774997711182,5.078344570453231,5.156774997711182,8600,0.0,0.0
2024-08-23 00:00:00-04:00,5.1273634114706,5.176382368947755,5.097951943488421,5.117559432983398,14000,0.0,0.0
2024-08-26 00:00:00-04:00,5.048933506011963,5.117559486218551,5.02932601631302,5.048933506011963,28300,0.0,0.0
2024-08-27 00:00:00-04:00,5.029326070139688,5.146971009592451,5.029326070139688,5.068541049957275,8600,0.0,0.0
2024-08-28 00:00:00-04:00,5.068541059220634,5.166578508943778,5.048933569276005,5.156774997711182,10500,0.0,0.0
2024-08-29 00:00:00-04:00,5.176382160458877,5.176382160458877,5.078344249453233,5.127363204956055,13500,0.0,0.0
2024-08-30 00:00:00-04:00,5.146970734765421,5.146970734765421,5.058736801147461,5.058736801147461,7400,0.0,0.0
2024-09-03 00:00:00-04:00,5.068540888849466,5.117559378323639,5.058736910466979,5.097951889038086,15800,0.0,0.0
2024-09-04 00:00:00-04:00,5.088148378135019,5.117559378323639,5.058736910466979,5.097951889038086,9000,0.0,0.0
2024-09-05 00:00:00-04:00,5.117559649270009,5.117559649270009,5.097952158946348,5.1077561378479,7300,0.0,0.0
2024-09-06 00:00:00-04:00,5.107755867420572,5.107755867420572,5.058736910466979,5.097951889038086,13700,0.0,0.0
2024-09-09 00:00:00-04:00,5.107756029774864,5.117559540989543,5.058737071263161,5.068541049957275,6700,0.0,0.0
2024-09-10 00:00:00-04:00,5.1077561378479,5.1077561378479,5.08814864752424,5.1077561378479,6600,0.0,0.0
2024-09-11 00:00:00-04:00,5.117559378323639,5.117559378323639,5.088148378135019,5.097951889038086,9100,0.0,0.0
2024-09-12 00:00:00-04:00,5.117559432983398,5.1273634114706,5.058736964498466,5.117559432983398,7100,0.0,0.0
2024-09-13 00:00:00-04:00,5.0881484324806445,5.1273634114706,5.058736964498466,5.117559432983398,33100,0.0,0.0
2024-09-16 00:00:00-04:00,5.117559649270009,5.117559649270009,5.097952158946348,5.1077561378479,9400,0.0,0.0
2024-09-17 00:00:00-04:00,5.058736910466979,5.127363356706126,5.058736910466979,5.097951889038086,14100,0.0,0.0
2024-09-18 00:00:00-04:00,5.117559649270009,5.156775097396776,5.097952158946348,5.1077561378479,12800,0.0,0.0
2024-09-19 00:00:00-04:00,5.176382325865808,5.186185836791992,5.137166879722811,5.186185836791992,10300,0.0,0.0
2024-09-20 00:00:00-04:00,5.166578202164045,5.303830623626709,5.11755924647339,5.303830623626709,36900,0.0,0.0
2024-09-23 00:00:00-04:00,5.254812403098928,5.313634872436523,5.176382443982134,5.313634872436523,8000,0.0,0.0
2024-09-24 00:00:00-04:00,5.313634917172614,5.313634917172614,5.24500846862793,5.24500846862793,5400,0.0,0.0
2024-09-25 00:00:00-04:00,5.254812447339785,5.313634917172614,5.215597467451233,5.24500846862793,17400,0.0,0.0
2024-09-26 00:00:00-04:00,5.254812501240264,5.303830992864037,5.215597520949469,5.264616012573242,7100,0.0,0.0
2024-09-27 00:00:00-04:00,5.274419584275415,5.372457027435303,5.225400628955769,5.372457027435303,24400,0.0,0.0
2024-09-30 00:00:00-04:00,5.44108348650276,5.548924440538527,5.421475997816311,5.460690975189209,47600,0.0,0.0
2024-10-01 00:00:00-04:00,5.5195136070251465,5.529317117923113,5.343045736067552,5.5195136070251465,16400,0.0,0.0
2024-10-02 00:00:00-04:00,5.548924607198466,5.5783360748512045,5.499906117749793,5.5195136070251465,25700,0.0,0.0
2024-10-03 00:00:00-04:00,5.499906008018677,5.529317007605204,5.411672074300275,5.4802985191345215,17800,0.0,0.0
2024-10-04 00:00:00-04:00,5.558728856063351,5.637158816981161,5.480298895145542,5.617551326751709,25300,0.0,0.0
2024-10-07 00:00:00-04:00,5.637158462341786,5.7842148635509325,5.61755097334586,5.744999885559082,92700,0.0,0.0
2024-10-08 00:00:00-04:00,5.519999980926514,5.769999980926514,5.28000020980835,5.309999942779541,66500,0.115,0.0
2024-10-09 00:00:00-04:00,5.409999847412109,5.440000057220459,5.21999979019165,5.289999961853027,26800,0.0,0.0
2024-10-10 00:00:00-04:00,5.340000152587891,5.340000152587891,5.210000038146973,5.230000019073486,24900,0.0,0.0
2024-10-11 00:00:00-04:00,5.21999979019165,5.320000171661377,5.21999979019165,5.260000228881836,8900,0.0,0.0
2024-10-14 00:00:00-04:00,5.340000152587891,5.46999979019165,5.28000020980835,5.429999828338623,25800,0.0,0.0
2024-10-15 00:00:00-04:00,5.480000019073486,5.710000038146973,5.429999828338623,5.650000095367432,34400,0.0,0.0
2024-10-16 00:00:00-04:00,5.670000076293945,5.670000076293945,5.53000020980835,5.610000133514404,22300,0.0,0.0
2024-10-17 00:00:00-04:00,5.690000057220459,5.690000057220459,5.5,5.519999980926514,14300,0.0,0.0
2024-10-18 00:00:00-04:00,5.519999980926514,5.550000190734863,5.519999980926514,5.550000190734863,7400,0.0,0.0
2024-10-21 00:00:00-04:00,5.599999904632568,5.659999847412109,5.46999979019165,5.480000019073486,6100,0.0,0.0
2024-10-22 00:00:00-04:00,5.440000057220459,5.440000057220459,5.300000190734863,5.349999904632568,24300,0.0,0.0
2024-10-23 00:00:00-04:00,5.489999771118164,5.5,5.349999904632568,5.349999904632568,8700,0.0,0.0
2024-10-24 00:00:00-04:00,5.369999885559082,5.429999828338623,5.309999942779541,5.420000076293945,26600,0.0,0.0
2024-10-25 00:00:00-04:00,5.449999809265137,5.449999809265137,5.369999885559082,5.420000076293945,13800,0.0,0.0
2024-10-28 00:00:00-04:00,5.380000114440918,5.590000152587891,5.380000114440918,5.590000152587891,31200,0.0,0.0
2024-10-29 00:00:00-04:00,5.559999942779541,5.590000152587891,5.46999979019165,5.510000228881836,7500,0.0,0.0
2024-10-30 00:00:00-04:00,5.489999771118164,5.510000228881836,5.440000057220459,5.440000057220459,7400,0.0,0.0
2024-10-31 00:00:00-04:00,5.429999828338623,5.449999809265137,5.420000076293945,5.420000076293945,6100,0.0,0.0
2024-11-01 00:00:00-04:00,5.420000076293945,5.420000076293945,5.269999980926514,5.289999961853027,18400,0.0,0.0
2024-11-04 00:00:00-05:00,5.320000171661377,5.400000095367432,5.320000171661377,5.340000152587891,11300,0.0,0.0
2024-11-05 00:00:00-05:00,5.380000114440918,5.400000095367432,5.340000152587891,5.360000133514404,4200,0.0,0.0
2024-11-06 00:00:00-05:00,5.380000114440918,5.380000114440918,5.309999942779541,5.380000114440918,7400,0.0,0.0
2024-11-07 00:00:00-05:00,5.400000095367432,5.420000076293945,5.340000152587891,5.380000114440918,30800,0.0,0.0
2024-11-08 00:00:00-05:00,5.420000076293945,5.420000076293945,5.369999885559082,5.380000114440918,3700,0.0,0.0
2024-11-11 00:00:00-05:00,5.440000057220459,5.440000057220459,5.369999885559082,5.400000095367432,12100,0.0,0.0
2024-11-12 00:00:00-05:00,5.320000171661377,5.400000095367432,5.320000171661377,5.400000095367432,12900,0.0,0.0
2024-11-13 00:00:00-05:00,5.5,5.5,5.400000095367432,5.409999847412109,14800,0.0,0.0
2024-11-14 00:00:00-05:00,5.380000114440918,5.409999847412109,5.320799827575684,5.320799827575684,12612,0.0,0.0
