Date,Open,High,Low,Close,Volume,Dividends,Stock Splits
2022-01-03 00:00:00-05:00,34.33703318385712,34.6108635756783,34.06957229654576,34.317928314208984,18450,0.0,0.0
2022-01-04 00:00:00-05:00,34.73185610723508,36.13921405855141,34.73185610723508,35.99274826049805,31500,0.0,0.0
2022-01-05 00:00:00-05:00,36.33662127211818,36.61681744750515,35.38776577459244,35.572444915771484,16050,0.0,0.0
2022-01-06 00:00:00-05:00,36.171062153742476,36.94160461425781,36.171062153742476,36.94160461425781,11550,0.0,0.0
2022-01-07 00:00:00-05:00,36.5276665670847,36.79512738299535,35.362295336822065,35.40050506591797,10200,0.0,0.0
2022-01-10 00:00:00-05:00,34.98658401881058,34.98658401881058,34.52170857648282,34.54081344604492,8850,0.0,0.0
2022-01-11 00:00:00-05:00,34.693644742596774,34.693644742596774,34.228769354082004,34.489864349365234,9900,0.0,0.0
2022-01-12 00:00:00-05:00,34.776435129154805,34.776435129154805,34.273353576660156,34.273353576660156,11100,0.0,0.0
2022-01-13 00:00:00-05:00,35.36229845418271,35.36229845418271,34.66816834197742,34.72548294067383,13350,0.0,0.0
2022-01-14 00:00:00-05:00,34.39435383877224,34.706390380859375,34.12688926056364,34.706390380859375,15450,0.0,0.0
2022-01-18 00:00:00-05:00,33.961312696099455,34.101412644730836,33.54101649408665,33.54738235473633,11100,0.0,0.0
2022-01-19 00:00:00-05:00,33.13345805374499,33.51554454397017,33.13345805374499,33.41365432739258,10500,0.0,0.0
2022-01-20 00:00:00-05:00,33.152558857603694,33.152558857603694,32.54121398925781,32.54121398925781,13800,0.0,0.0
2022-01-21 00:00:00-05:00,32.343801683398844,33.54737921141065,32.025395720428094,32.4074821472168,19650,0.0,0.0
2022-01-24 00:00:00-05:00,32.458432472202745,34.044100326144886,32.4011178592115,33.910369873046875,30150,0.0,0.0
2022-01-25 00:00:00-05:00,32.98062307110109,33.77027043583039,32.57942806173785,33.216243743896484,10350,0.0,0.0
2022-01-26 00:00:00-05:00,34.07594288689819,34.22241235990339,31.99992868206787,32.904205322265625,16800,0.0,0.0
2022-01-27 00:00:00-05:00,32.51574794336711,32.51574794336711,31.802512768217714,32.24828338623047,8550,0.0,0.0
2022-01-28 00:00:00-05:00,31.827979863965577,31.827979863965577,30.5543524209104,31.802505493164062,11850,0.0,0.0
2022-01-31 00:00:00-05:00,31.649675908655915,32.31196594238281,31.64331004771794,32.31196594238281,11550,0.0,0.0
2022-02-01 00:00:00-05:00,32.65584147393705,32.65584147393705,32.04449663793739,32.60489273071289,11400,0.0,0.0
2022-02-02 00:00:00-05:00,32.197338357784574,32.197338357784574,31.203907012939453,31.203907012939453,12450,0.0,0.0
2022-02-03 00:00:00-05:00,31.3694759232345,31.3694759232345,30.471567153930664,30.471567153930664,12750,0.0,0.0
2022-02-04 00:00:00-05:00,30.36968097924369,30.44609864068301,28.60570526123047,28.60570526123047,15300,0.0,0.0
2022-02-07 00:00:00-05:00,28.484706194024035,30.057638449571552,28.484706194024035,29.089679718017578,15900,0.0,0.0
2022-02-08 00:00:00-05:00,29.350775907849965,30.369677959046694,29.350775907849965,30.216842651367188,12000,0.0,0.0
2022-02-09 00:00:00-05:00,30.439727279596944,30.643509507418983,30.025796963694752,30.56072235107422,6900,0.0,0.0
2022-02-10 00:00:00-05:00,30.102209788155402,30.19773229357774,29.24888038635254,29.24888038635254,15450,0.0,0.0
2022-02-11 00:00:00-05:00,29.522716107760477,30.34420543170064,29.490874052180025,29.68191909790039,23550,0.0,0.0
2022-02-14 00:00:00-05:00,30.032166860809255,30.032166860809255,29.605501174926758,29.605501174926758,6300,0.0,0.0
2022-02-15 00:00:00-05:00,29.87296513897565,31.19753975343631,29.87296513897565,30.7708740234375,12450,0.0,0.0
2022-02-16 00:00:00-05:00,30.67534834129376,31.19753469657864,30.630769102114698,30.987384796142578,6900,0.0,0.0
2022-02-17 00:00:00-05:00,29.847490313356232,30.80271003520515,29.681917826030656,29.860225677490234,14250,0.0,0.0
2022-02-18 00:00:00-05:00,29.650077725859745,30.82818454470777,29.650077725859745,30.159528732299805,18900,0.0,0.0
2022-02-22 00:00:00-05:00,30.78360493529225,30.923704871354495,29.548185348510742,29.548185348510742,12900,0.0,0.0
2022-02-23 00:00:00-05:00,30.057634294838717,30.057634294838717,29.14698847174335,29.27435302734375,16350,0.0,0.0
2022-02-24 00:00:00-05:00,28.815852529550213,29.949380158347758,28.815852529550213,29.7455997467041,12450,0.0,0.0
2022-02-25 00:00:00-05:00,30.50650478163584,30.813423834790456,30.50650478163584,30.69193458557129,9750,0.126667,0.0
2022-02-28 00:00:00-05:00,31.107554399530496,31.414473441741084,30.359437862105846,31.33774185180664,23550,0.0,0.0
2022-03-01 00:00:00-05:00,31.043610270766106,31.043610270766106,29.68165397644043,29.68165397644043,15300,0.0,0.0
2022-03-02 00:00:00-05:00,29.815932285431344,31.222646309798947,29.815932285431344,30.615201950073242,16350,0.0,0.0
2022-03-03 00:00:00-05:00,30.896547280154486,31.33135110139956,30.64078140258789,30.64078140258789,17100,0.0,0.0
2022-03-04 00:00:00-05:00,30.525691297816792,30.96688703167317,30.525691297816792,30.800640106201172,18000,0.0,0.0
2022-03-07 00:00:00-05:00,30.998849715527385,31.07558129848679,30.43616485595703,30.43616485595703,12150,0.0,0.0
2022-03-08 00:00:00-05:00,30.40419671332977,30.928515818163994,30.25713088465412,30.27631378173828,12150,0.0,0.0
2022-03-09 00:00:00-05:00,30.979669755018012,31.120341897929677,30.48092722419893,30.564050674438477,11550,0.0,0.0
2022-03-10 00:00:00-05:00,30.116458543160974,30.66635606000598,29.982181923236215,30.53847312927246,15900,0.0,0.0
2022-03-11 00:00:00-05:00,30.691932033693206,31.145915056701636,30.58962569114792,30.915727615356445,30000,0.0,0.0
2022-03-14 00:00:00-04:00,31.229050029844426,31.855675621126736,30.966888588982197,31.77894401550293,19350,0.0,0.0
2022-03-15 00:00:00-04:00,31.676634752866935,31.906822204589844,31.1011588060325,31.906822204589844,15150,0.0,0.0
2022-03-16 00:00:00-04:00,32.29686928009784,32.44393696173942,31.73418429086159,32.3480224609375,43800,0.0,0.0
2022-03-17 00:00:00-04:00,31.957975926841268,32.90431148367849,31.957975926841268,32.09864807128906,15900,0.0,0.0
2022-03-18 00:00:00-04:00,31.945188949471735,32.40556752537218,31.292985052255194,31.36971664428711,84600,0.0,0.0
2022-03-21 00:00:00-04:00,32.124222924361035,32.853158406607484,31.548750624704287,31.580720901489258,24600,0.0,0.0
2022-03-22 00:00:00-04:00,31.830095424809834,32.124223439453175,31.440049260746296,31.516780853271484,18750,0.0,0.0
2022-03-23 00:00:00-04:00,31.062794104635387,31.401687092942986,31.062794104635387,31.31216812133789,13350,0.0,0.0
2022-03-24 00:00:00-04:00,31.510386542149828,31.71499925170852,31.337744111114198,31.484811782836914,9600,0.0,0.0
2022-03-25 00:00:00-04:00,31.440051122826375,31.440051122826375,31.011642795890882,31.05640411376953,19800,0.0,0.0
2022-03-28 00:00:00-04:00,31.261012291935007,31.356923115592508,30.86457430170988,31.07558250427246,19200,0.0,0.0
2022-03-29 00:00:00-04:00,31.209864206528056,32.07307273639512,31.209864206528056,31.60630226135254,46050,0.0,0.0
2022-03-30 00:00:00-04:00,31.881245389001737,31.887637248559212,31.29298210144043,31.29298210144043,14400,0.0,0.0
2022-03-31 00:00:00-04:00,31.152310575146995,31.388893534937544,30.743085204965848,30.915727615356445,19650,0.0,0.0
2022-04-01 00:00:00-04:00,31.10115896314472,31.10115896314472,30.052517070099704,30.359437942504883,19200,0.0,0.0
2022-04-04 00:00:00-04:00,29.777567463081866,29.931026970835294,29.04224019775129,29.24685287475586,19500,0.0,0.0
2022-04-05 00:00:00-04:00,29.413104488648045,29.879876746727234,29.29800893179764,29.374738693237305,18150,0.0,0.0
2022-04-06 00:00:00-04:00,29.457867184788345,29.66887360750825,29.214888650627994,29.240467071533203,25050,0.0,0.0
2022-04-07 00:00:00-04:00,29.38752681881745,29.38752681881745,28.249367747185712,28.479557037353516,17100,0.0,0.0
2022-04-08 00:00:00-04:00,28.805661178712498,28.888786467405883,28.453984441816026,28.47316551208496,19350,0.0,0.0
2022-04-11 00:00:00-04:00,28.447589621129495,29.202099951701353,28.447589621129495,28.556289672851562,20250,0.0,0.0
2022-04-12 00:00:00-04:00,28.74811511052118,29.566567834416837,28.74811511052118,28.965517044067383,26550,0.0,0.0
2022-04-13 00:00:00-04:00,29.125367747256313,29.87348432507854,29.09979115902432,29.649688720703125,46800,0.0,0.0
2022-04-14 00:00:00-04:00,29.496226680301145,30.12285582157705,29.483439301171597,29.72002410888672,26250,0.0,0.0
2022-04-18 00:00:00-04:00,29.64968957369572,29.64968957369572,29.074215407229094,29.419498443603516,23400,0.0,0.0
2022-04-19 00:00:00-04:00,29.291618667059936,30.79424379494874,29.291618667059936,30.461748123168945,17700,0.0,0.0
2022-04-20 00:00:00-04:00,31.107552910516763,31.52317379898557,30.53847250828825,30.864574432373047,30000,0.0,0.0
2022-04-21 00:00:00-04:00,31.273800589190916,31.41447272836722,30.148428963925745,30.378618240356445,25050,0.0,0.0
2022-04-22 00:00:00-04:00,30.02694433684394,30.48092924260042,29.89905956424765,29.994972229003906,29700,0.0,0.0
2022-04-25 00:00:00-04:00,29.47065238189221,29.988577832357404,29.189308084069975,29.911848068237305,22350,0.0,0.0
2022-04-26 00:00:00-04:00,29.713629379865758,29.905454706963365,29.029455184936523,29.029455184936523,34800,0.0,0.0
2022-04-27 00:00:00-04:00,30.941303042751954,31.83648538882212,30.570443457671914,30.794239044189453,55200,0.0,0.0
2022-04-28 00:00:00-04:00,30.832603823145423,32.37359446246534,29.64968537871299,32.3671989440918,70350,0.0,0.0
2022-04-29 00:00:00-04:00,32.22652665051891,32.22652665051891,30.838995530159362,30.97966766357422,45150,0.0,0.0
2022-05-02 00:00:00-04:00,31.267404453194796,31.714995618774093,30.41058974475635,30.807025909423828,63750,0.0,0.0
2022-05-03 00:00:00-04:00,31.043615609616175,31.823700638167033,31.043615609616175,31.75336456298828,29700,0.0,0.0
2022-05-04 00:00:00-04:00,31.56153550179632,32.99382793606585,31.56153550179632,32.731666564941406,43200,0.0,0.0
2022-05-05 00:00:00-04:00,32.48869174395737,32.50787464241786,31.13952626152194,31.708606719970703,56250,0.0,0.0
2022-05-06 00:00:00-04:00,31.420863223184504,31.708603007640605,30.71750987538592,31.395288467407227,59700,0.0,0.0
2022-05-09 00:00:00-04:00,30.429777306413108,31.63827254111458,30.429777306413108,31.60630226135254,53400,0.0,0.0
2022-05-10 00:00:00-04:00,32.18177081415599,32.18177081415599,30.244342087508365,31.08837127685547,42150,0.0,0.0
2022-05-11 00:00:00-04:00,31.004922210467193,32.147544637837846,30.561993805801688,30.59408950805664,36300,0.126667,0.0
2022-05-12 00:00:00-04:00,30.55557647988174,31.197501574737704,30.35016103722669,30.9022159576416,46500,0.0,0.0
2022-05-13 00:00:00-04:00,31.088376367924898,31.7174603060022,31.088376367924898,31.467111587524414,40500,0.0,0.0
2022-05-16 00:00:00-04:00,31.004920406534566,31.659682979169663,30.92147085090342,31.383655548095703,31050,0.0,0.0
2022-05-17 00:00:00-04:00,31.807326837135946,32.8985991154494,31.627590163946003,32.41715621948242,48900,0.0,0.0
2022-05-18 00:00:00-04:00,31.94212976562029,31.94212976562029,30.27312934380028,30.472126007080078,33900,0.0,0.0
2022-05-19 00:00:00-04:00,30.016355493203346,31.024178101393478,29.688974211739897,30.27312660217285,57000,0.0,0.0
2022-05-20 00:00:00-04:00,30.568415171403128,30.568415171403128,29.066312026150168,29.772428512573242,38550,0.0,0.0
2022-05-23 00:00:00-04:00,30.382256708514692,30.45928749942797,29.97142582364388,30.29880714416504,47550,0.0,0.0
2022-05-24 00:00:00-04:00,30.549158505321888,30.83802535652883,29.7981068960546,30.61334991455078,54000,0.0,0.0
2022-05-25 00:00:00-04:00,31.120468551152385,31.21033872444977,30.645446264337046,31.184659957885742,33300,0.0,0.0
2022-05-26 00:00:00-04:00,31.454266068004685,31.794484883735414,31.203913739854585,31.447845458984375,38100,0.0,0.0
2022-05-27 00:00:00-04:00,31.93571628828347,32.29519334115338,31.813750400491408,31.916458129882812,45900,0.0,0.0
2022-05-31 00:00:00-04:00,31.627587071144923,31.813744336041108,30.90862942933725,31.781648635864258,67500,0.0,0.0
2022-06-01 00:00:00-04:00,31.845849104522117,32.62899469657164,31.563400985549084,32.43642044067383,48900,0.0,0.0
2022-06-02 00:00:00-04:00,32.24383805333507,33.270915301917746,32.24383805333507,33.232398986816406,33450,0.0,0.0
2022-06-03 00:00:00-04:00,33.02697906967043,33.02697906967043,32.449249113769426,32.77663040161133,38550,0.0,0.0
2022-06-06 00:00:00-04:00,32.96920914603124,33.76519209041261,32.69318170640423,33.694580078125,54600,0.0,0.0
2022-06-07 00:00:00-04:00,33.30943017514008,33.643228429921194,32.89217868354586,33.11043167114258,79200,0.0,0.0
2022-06-08 00:00:00-04:00,33.05265856304579,33.74593379079576,33.03981734405375,33.604713439941406,36450,0.0,0.0
2022-06-09 00:00:00-04:00,33.424978319928364,33.86148800581935,33.424978319928364,33.7266845703125,44700,0.0,0.0
2022-06-10 00:00:00-04:00,33.15536374529261,33.34793793806187,32.55195505784399,32.75094985961914,36750,0.0,0.0
2022-06-13 00:00:00-04:00,32.032000455425205,32.032000455425205,31.37082088581493,31.743135452270508,45900,0.0,0.0
2022-06-14 00:00:00-04:00,32.19248222126419,32.50060537698701,31.788068283679397,32.468509674072266,49650,0.0,0.0
2022-06-15 00:00:00-04:00,32.860080646973266,33.16820378633331,32.39789593793321,32.815147399902344,85050,0.0,0.0
2022-06-16 00:00:00-04:00,32.333703623694596,32.333703623694596,30.760988596917453,30.89579200744629,80250,0.0,0.0
2022-06-17 00:00:00-04:00,31.146146087767118,31.40933231422789,30.581251813402954,31.107629776000977,105600,0.0,0.0
2022-06-21 00:00:00-04:00,31.55056012628702,32.21174342281327,31.325886511526285,32.01274490356445,78750,0.0,0.0
2022-06-22 00:00:00-04:00,31.435010708875797,32.41715460861815,31.428590099284644,32.06409454345703,80100,0.0,0.0
2022-06-23 00:00:00-04:00,32.19889619348431,32.31444512108031,31.0755320024234,31.3194637298584,39900,0.0,0.0
2022-06-24 00:00:00-04:00,31.672528393755783,32.14755075449913,31.415759053743386,31.775236129760742,112500,0.0,0.0
2022-06-27 00:00:00-04:00,31.96138891593635,33.29659296803504,31.80091039685366,33.01414489746094,76650,0.0,0.0
2022-06-28 00:00:00-04:00,33.10401451911081,33.38004197506422,31.730297849246963,31.929292678833008,68850,0.0,0.0
2022-06-29 00:00:00-04:00,31.858679113951517,32.16680225820979,31.63400552879016,32.06409454345703,53250,0.0,0.0
2022-06-30 00:00:00-04:00,31.5826543500041,32.26951270980675,31.46068846925132,31.845844268798828,36750,0.0,0.0
2022-07-01 00:00:00-04:00,31.922873922706547,33.09117889404297,31.922873922706547,33.09117889404297,66900,0.0,0.0
2022-07-05 00:00:00-04:00,32.60973192986045,33.01414217230821,32.0448358353416,33.001304626464844,59700,0.0,0.0
2022-07-06 00:00:00-04:00,32.89218118763993,33.37362412286482,32.35296377786553,33.21956253051758,78300,0.0,0.0
2022-07-07 00:00:00-04:00,33.56619688449438,34.342925337559805,33.219557436587706,34.30440902709961,74400,0.0,0.0
2022-07-08 00:00:00-04:00,34.37502533685144,34.40070043162364,33.803712237312894,34.29799270629883,56100,0.0,0.0
2022-07-11 00:00:00-04:00,34.38144780080623,34.51625123842334,34.02196706966969,34.137516021728516,34500,0.0,0.0
2022-07-12 00:00:00-04:00,34.26590039962309,35.01695392952541,33.989872901297645,34.34934997558594,53400,0.0,0.0
2022-07-13 00:00:00-04:00,33.90000744534251,34.220968210549515,33.26449917978072,33.91926193237305,33150,0.0,0.0
2022-07-14 00:00:00-04:00,33.39929883674642,33.8550629480238,32.9884643005784,33.733097076416016,48300,0.0,0.0
2022-07-15 00:00:00-04:00,34.24022056300725,34.63179329130409,33.85506477159267,34.59327697753906,39600,0.0,0.0
2022-07-18 00:00:00-04:00,34.81794811733777,34.824368726884316,34.09899411906356,34.11183166503906,33600,0.0,0.0
2022-07-19 00:00:00-04:00,34.548337488539076,35.33148280372114,34.50982118172889,35.27370834350586,37950,0.0,0.0
2022-07-20 00:00:00-04:00,34.86288317816077,35.83218580027872,34.68314285162171,35.761573791503906,44250,0.0,0.0
2022-07-21 00:00:00-04:00,35.41494002293033,35.646034240722656,35.17742886802471,35.646034240722656,40500,0.0,0.0
2022-07-22 00:00:00-04:00,35.65886468712359,36.22375706209276,34.91423199265107,35.26729202270508,82050,0.0,0.0
2022-07-25 00:00:00-04:00,35.35074117546258,35.671701830256346,35.20310022926792,35.31864547729492,57750,0.0,0.0
2022-07-26 00:00:00-04:00,35.37642481603047,35.75515631050359,35.24803833253904,35.723060607910156,25950,0.0,0.0
2022-07-27 00:00:00-04:00,36.26870138911005,36.26870138911005,33.00772559399686,33.88074493408203,58500,0.0,0.0
2022-07-28 00:00:00-04:00,34.105417288241846,34.695988588452515,34.09257973992029,34.638214111328125,64950,0.0,0.0
2022-07-29 00:00:00-04:00,34.5483438765751,34.907820902664504,34.33008721303957,34.824371337890625,37350,0.0,0.0
2022-08-01 00:00:00-04:00,34.593274958967406,35.40851974487305,34.5226629455578,35.40851974487305,26400,0.0,0.0
2022-08-02 00:00:00-04:00,35.26087147190848,35.26087147190848,34.66388339742565,34.89497756958008,35250,0.0,0.0
2022-08-03 00:00:00-04:00,34.631790246769334,35.466289490648315,34.574015781200835,35.235198974609375,32700,0.0,0.0
2022-08-04 00:00:00-04:00,35.46629671163162,35.46629671163162,34.77302134924554,34.86930847167969,24000,0.0,0.0
2022-08-05 00:00:00-04:00,34.82437088603815,35.305813784586526,34.82437088603815,35.292972564697266,24450,0.0,0.0
2022-08-08 00:00:00-04:00,36.1403054086514,36.1403054086514,35.26728997085471,35.4791259765625,33900,0.0,0.0
2022-08-09 00:00:00-04:00,35.3379020690918,35.53047992270414,35.04261651663516,35.3379020690918,30150,0.0,0.0
2022-08-10 00:00:00-04:00,35.78083027979821,36.08895339113051,34.12466580154915,35.922054290771484,30600,0.0,0.0
2022-08-11 00:00:00-04:00,36.063814155327385,36.78548007572142,35.88984154889668,36.057373046875,50100,0.14,0.0
2022-08-12 00:00:00-04:00,36.00582056690655,37.010990975465035,35.79318659252237,36.79191589355469,32700,0.0,0.0
2022-08-15 00:00:00-04:00,36.36021155496277,37.24296047857289,36.36021155496277,37.13986587524414,24600,0.0,0.0
2022-08-16 00:00:00-04:00,37.27517444193374,38.66695517527914,37.27517444193374,38.47365188598633,37800,0.0,0.0
2022-08-17 00:00:00-04:00,38.20947451164585,38.20947451164585,37.829312689011545,38.067718505859375,26550,0.0,0.0
2022-08-18 00:00:00-04:00,38.293235778808594,38.37055857189045,37.8421959843743,38.293235778808594,34800,0.0,0.0
2022-08-19 00:00:00-04:00,38.16437381792622,38.35123234036574,37.57802275426041,37.777767181396484,63150,0.0,0.0
2022-08-22 00:00:00-04:00,37.507133903260474,37.507133903260474,36.476188086538976,36.856346130371094,20400,0.0,0.0
2022-08-23 00:00:00-04:00,36.843468467422305,37.120535678486235,36.23778674293264,36.34088134765625,28800,0.0,0.0
2022-08-24 00:00:00-04:00,36.15402300008375,36.160467795515665,35.715872771514576,36.07025909423828,32850,0.0,0.0
2022-08-25 00:00:00-04:00,36.00582638110846,36.663055419921875,36.00582638110846,36.663055419921875,20850,0.0,0.0
2022-08-26 00:00:00-04:00,36.431083380591446,36.431083380591446,35.393692727824785,35.44524002075195,16950,0.0,0.0
2022-08-29 00:00:00-04:00,35.11018371582031,35.39369197743237,34.51738801624934,35.11018371582031,17850,0.0,0.0
2022-08-30 00:00:00-04:00,35.348596407289584,35.348596407289584,33.9374885559082,33.9374885559082,13950,0.0,0.0
2022-08-31 00:00:00-04:00,34.20811013456254,34.20811013456254,32.60369901833289,32.62947082519531,95850,0.0,0.0
2022-09-01 00:00:00-04:00,32.674579436359444,32.674579436359444,32.31374830489872,32.5263786315918,30600,0.0,0.0
2022-09-02 00:00:00-04:00,32.423288338576825,33.00319835654802,32.28797710713657,32.416847229003906,23400,0.0,0.0
2022-09-06 00:00:00-04:00,32.416839182943185,32.71323707141118,32.030232600253875,32.39106369018555,18300,0.0,0.0
2022-09-07 00:00:00-04:00,32.6036979363264,33.28025761788819,32.6036979363264,33.24159622192383,16200,0.0,0.0
2022-09-08 00:00:00-04:00,32.93875673638886,33.093398631007666,32.365291661236505,33.067623138427734,15000,0.0,0.0
2022-09-09 00:00:00-04:00,33.58309576135781,34.01480484008789,33.48000116604775,34.01480484008789,19800,0.0,0.0
2022-09-12 00:00:00-04:00,33.860165316496335,34.18233871459961,33.860165316496335,34.18233871459961,7800,0.0,0.0
2022-09-13 00:00:00-04:00,33.46711650723965,33.46711650723965,32.27508382205538,32.29441452026367,21750,0.0,0.0
2022-09-14 00:00:00-04:00,31.862702218504417,32.333072662353516,31.740276933476476,32.333072662353516,29250,0.0,0.0
2022-09-15 00:00:00-04:00,31.907813169463846,32.44906174731128,31.76606083758259,32.262203216552734,22350,0.0,0.0
2022-09-16 00:00:00-04:00,31.972242638233343,31.972242638233343,31.218360207361755,31.720947265625,83550,0.0,0.0
2022-09-19 00:00:00-04:00,31.559862804661034,32.61014318352018,31.28924040306497,32.44261169433594,20850,0.0,0.0
2022-09-20 00:00:00-04:00,32.63591428009187,32.63591428009187,31.54697621536905,32.39106369018555,21750,0.0,0.0
2022-09-21 00:00:00-04:00,32.48127534251392,32.494161246589464,31.791829700593816,31.90781021118164,12600,0.0,0.0
2022-09-22 00:00:00-04:00,31.598525522051446,32.00446282836834,30.954186092558945,31.42455291748047,20400,0.0,0.0
2022-09-23 00:00:00-04:00,30.92840974052388,30.92840974052388,30.271180738581446,30.52247428894043,14400,0.0,0.0
2022-09-26 00:00:00-04:00,30.206745838415998,30.851088940132275,30.206745838415998,30.393606185913086,15450,0.0,0.0
2022-09-27 00:00:00-04:00,30.7157738080741,30.780207003918278,30.206741974826524,30.38715934753418,11250,0.0,0.0
2022-09-28 00:00:00-04:00,31.179703509624648,31.66295994378281,31.179703509624648,31.37300682067871,14850,0.0,0.0
2022-09-29 00:00:00-04:00,31.18614515561428,31.18614515561428,30.477368877967116,30.86397361755371,11700,0.0,0.0
2022-09-30 00:00:00-04:00,31.443883730076845,31.611415226869212,30.870420455932617,30.870420455932617,14250,0.0,0.0
2022-10-03 00:00:00-04:00,32.107561789157096,32.584373474121094,32.01735307696126,32.584373474121094,16050,0.0,0.0
2022-10-04 00:00:00-04:00,32.69390959382791,32.90653991699219,32.416842375899506,32.90653991699219,14400,0.0,0.0
2022-10-05 00:00:00-04:00,32.62947301101885,32.6488037109375,32.22998416921344,32.6488037109375,6450,0.0,0.0
2022-10-06 00:00:00-04:00,32.307301008066595,32.55215160719764,32.06245040893555,32.06245040893555,6600,0.0,0.0
2022-10-07 00:00:00-04:00,32.017348153950756,32.017348153950756,31.224807941640066,31.37944984436035,7650,0.0,0.0
2022-10-10 00:00:00-04:00,31.63074307840738,31.933585790179013,31.579195775015823,31.772499084472656,6300,0.0,0.0
2022-10-11 00:00:00-04:00,32.3910707930594,32.3910707930594,31.92714500427246,31.92714500427246,11550,0.0,0.0
2022-10-12 00:00:00-04:00,31.869149082594387,32.19776360451171,31.7789440663457,31.920700073242188,9750,0.0,0.0
2022-10-13 00:00:00-04:00,32.21708749685072,33.1513835614937,32.21708749685072,32.95808029174805,9900,0.0,0.0
2022-10-14 00:00:00-04:00,32.893654414072124,32.893654414072124,32.13333075438491,32.513492584228516,9450,0.0,0.0
2022-10-17 00:00:00-04:00,32.84210378730088,33.66041946411133,32.57148138901169,33.66041946411133,13350,0.0,0.0
2022-10-18 00:00:00-04:00,34.098574517573965,34.3176533349566,33.37691222808267,34.15656661987305,12300,0.0,0.0
2022-10-19 00:00:00-04:00,33.00963537568168,33.60887602202489,33.00963537568168,33.38979721069336,10500,0.0,0.0
2022-10-20 00:00:00-04:00,33.132056992243236,33.132056992243236,32.30730020469286,32.700347900390625,9600,0.0,0.0
2022-10-21 00:00:00-04:00,33.00963782085228,33.98904037475586,33.00963782085228,33.98904037475586,9000,0.0,0.0
2022-10-24 00:00:00-04:00,33.89882832939122,34.510954865390964,33.88594242520017,34.16300964355469,6750,0.0,0.0
2022-10-25 00:00:00-04:00,34.427184621725566,34.672035217285156,33.81506181978029,34.672035217285156,10050,0.0,0.0
2022-10-26 00:00:00-04:00,34.80734729209868,34.80734729209868,33.196495056152344,33.196495056152344,27600,0.0,0.0
2022-10-27 00:00:00-04:00,33.48000095587423,35.0972978705173,33.48000095587423,33.58309555053711,14400,0.0,0.0
2022-10-28 00:00:00-04:00,33.93748935985108,35.31638064105583,33.93748935985108,34.97488021850586,14700,0.0,0.0
2022-10-31 00:00:00-04:00,34.54317284376191,35.23261851929386,34.18878281225251,34.54961395263672,27300,0.0,0.0
2022-11-01 00:00:00-04:00,35.11018993791047,35.11018993791047,33.96325972612806,34.03413772583008,18000,0.0,0.0
2022-11-02 00:00:00-04:00,34.69781465141964,34.76868897054341,33.41557312011719,33.41557312011719,19500,0.0,0.0
2022-11-03 00:00:00-04:00,32.87432142515719,33.14494383198149,32.62947082519531,32.62947082519531,11400,0.0,0.0
2022-11-04 00:00:00-04:00,33.022521942163834,33.576656341552734,32.597253949914446,33.576656341552734,15750,0.0,0.0
2022-11-07 00:00:00-05:00,33.82794887947751,34.13078789326519,32.938758850097656,32.938758850097656,15600,0.0,0.0
2022-11-08 00:00:00-05:00,33.215823791513046,33.409123393793855,32.57792551790707,32.78411102294922,14250,0.0,0.0
2022-11-09 00:00:00-05:00,33.48288803201054,33.48288803201054,32.09181053713798,32.39590835571289,36600,0.14,0.0
2022-11-10 00:00:00-05:00,33.3211411515514,34.83515167236328,33.3211411515514,34.83515167236328,25050,0.0,0.0
2022-11-11 00:00:00-05:00,33.838743582542875,35.404510851922225,33.838743582542875,34.15577697753906,17250,0.0,0.0
2022-11-14 00:00:00-05:00,34.10402719013033,35.03572427174725,33.76757917065111,34.27872085571289,21000,0.0,0.0
2022-11-15 00:00:00-05:00,34.356360705782265,34.77691606041799,34.30459976196289,34.30459976196289,19200,0.0,0.0
2022-11-16 00:00:00-05:00,34.013433682906644,34.129898557390824,33.301719937405856,33.884033203125,14700,0.0,0.0
2022-11-17 00:00:00-05:00,33.59935029088461,34.31753562819695,33.29525616480316,34.04579162597656,13350,0.0,0.0
2022-11-18 00:00:00-05:00,34.75103217485391,34.90631498278674,34.0004967520615,34.201072692871094,15300,0.0,0.0
2022-11-21 00:00:00-05:00,34.27224106651282,34.63457132403811,34.23989094399825,34.375762939453125,15300,0.0,0.0
2022-11-22 00:00:00-05:00,35.2298288711575,35.2298288711575,34.72515869140625,34.72515869140625,7050,0.0,0.0
2022-11-23 00:00:00-05:00,34.44047182161375,35.10042478172995,34.42752880896598,35.03572082519531,7050,0.0,0.0
2022-11-25 00:00:00-05:00,34.9774893053967,34.9774893053967,34.67986297607422,34.67986297607422,1650,0.0,0.0
2022-11-28 00:00:00-05:00,34.74455884999988,34.89984164980079,33.84521217170706,34.0716667175293,20850,0.0,0.0
2022-11-29 00:00:00-05:00,33.95521259428654,34.51164366801195,33.33408126610044,33.5993537902832,16350,0.0,0.0
2022-11-30 00:00:00-05:00,33.5475980535846,34.53105984476868,33.34055424538486,34.285194396972656,66300,0.0,0.0
2022-12-01 00:00:00-05:00,34.29165000576657,34.80279153936196,34.04578834765009,34.518104553222656,24150,0.0,0.0
2022-12-02 00:00:00-05:00,34.59574898710307,35.158647771341826,34.356355123614144,35.02924728393555,18600,0.0,0.0
2022-12-05 00:00:00-05:00,34.75103922181581,36.56914385505004,34.75103922181581,35.59862518310547,38400,0.0,0.0
2022-12-06 00:00:00-05:00,35.22334283966999,35.986821152572325,35.10688167766918,35.9156494140625,28350,0.0,0.0
2022-12-07 00:00:00-05:00,35.605094511491686,36.04506067848606,35.249235712357574,35.5792121887207,28050,0.0,0.0
2022-12-08 00:00:00-05:00,34.505167426653976,35.39157485961914,34.29165217355189,35.39157485961914,46650,0.0,0.0
2022-12-09 00:00:00-05:00,34.893383784428345,34.893383784428345,33.211151123046875,33.211151123046875,22350,0.0,0.0
2022-12-12 00:00:00-05:00,33.4893571438344,34.091077530283656,33.10761979821126,34.0716667175293,26400,0.0,0.0
2022-12-13 00:00:00-05:00,35.171590903460284,35.171590903460284,33.82580287593087,34.18812942504883,24450,0.0,0.0
2022-12-14 00:00:00-05:00,34.19460363698081,35.28158337037366,33.651111919167164,35.24923324584961,76950,0.0,0.0
2022-12-15 00:00:00-05:00,34.58280599557591,35.74742889404297,34.38870526435985,35.74742889404297,82800,0.0,0.0
2022-12-16 00:00:00-05:00,35.11335836048873,35.74742889404297,35.11335836048873,35.74742889404297,145500,0.0,0.0
2022-12-19 00:00:00-05:00,35.59214587045116,36.90558376418005,35.45627387853572,36.72441864013672,113700,0.0,0.0
2022-12-20 00:00:00-05:00,36.43973201623708,37.22261755624955,36.24563128423303,37.18379592895508,119250,0.0,0.0
2022-12-21 00:00:00-05:00,37.62376303530995,37.6949347795018,36.698534063049685,37.410247802734375,66900,0.0,0.0
2022-12-22 00:00:00-05:00,37.00910128360661,37.09321604116027,36.14210841218617,36.252098083496094,34800,0.0,0.0
2022-12-23 00:00:00-05:00,34.89337908669126,36.62090095666338,34.89337908669126,36.46561813354492,29550,0.0,0.0
2022-12-27 00:00:00-05:00,36.840879434650674,36.840879434650674,36.16798728508016,36.26504135131836,22500,0.0,0.0
2022-12-28 00:00:00-05:00,36.44620053600855,36.44620053600855,35.5274430779604,35.540382385253906,16200,0.0,0.0
2022-12-29 00:00:00-05:00,35.553324299136875,36.45914251630152,35.00983633062538,36.30385971069336,19500,0.0,0.0
2022-12-30 00:00:00-05:00,36.11622815628391,36.65324834220566,36.10976035303403,36.40738296508789,24000,0.0,0.0
2023-01-03 00:00:00-05:00,36.530321239245104,36.530321239245104,35.52745246544843,35.669795989990234,17100,0.0,0.0
2023-01-04 00:00:00-05:00,36.07741370606042,36.4138617157269,35.61156517883874,35.799198150634766,14550,0.0,0.0
2023-01-05 00:00:00-05:00,35.4368660448492,35.469216169241264,35.23629379272461,35.23629379272461,8850,0.0,0.0
2023-01-06 00:00:00-05:00,36.109761947545614,36.36856294259111,35.948007623407754,36.23916244506836,24300,0.0,0.0
2023-01-09 00:00:00-05:00,36.1679951910893,36.239166954476815,35.55333164466753,35.5727424621582,10950,0.0,0.0
2023-01-10 00:00:00-05:00,35.55332323706177,36.310330131242516,35.55332323706177,35.792720794677734,9300,0.0,0.0
2023-01-11 00:00:00-05:00,36.1227024291457,36.336213997434236,35.6115608215332,35.6115608215332,7500,0.0,0.0
2023-01-12 00:00:00-05:00,35.76036637248178,36.07093193706424,35.61155139222338,35.902706146240234,11850,0.0,0.0
2023-01-13 00:00:00-05:00,36.452679747544494,36.452679747544494,35.72802285239457,35.9609489440918,12000,0.0,0.0
2023-01-17 00:00:00-05:00,36.336212593308446,36.336212593308446,35.300993810596225,35.50803756713867,9900,0.0,0.0
2023-01-18 00:00:00-05:00,35.43687332354839,35.62451000713785,35.061607360839844,35.061607360839844,15750,0.0,0.0
2023-01-19 00:00:00-05:00,35.13924005928247,35.16511867542766,34.38870465756105,34.70573806762695,16800,0.0,0.0
2023-01-20 00:00:00-05:00,34.977490469393864,35.643911202965555,34.848086264507714,35.62450408935547,27600,0.0,0.0
2023-01-23 00:00:00-05:00,35.488629612374325,35.72802351239107,35.307468161916255,35.5792121887207,19950,0.0,0.0
2023-01-24 00:00:00-05:00,35.70861165127753,36.21975326538086,35.37863888680188,36.21975326538086,18600,0.0,0.0
2023-01-25 00:00:00-05:00,36.36209611565259,36.36209611565259,36.07094128617228,36.316802978515625,7950,0.0,0.0
2023-01-26 00:00:00-05:00,36.27798243491945,37.028514171978905,36.27798243491945,36.97675323486328,5400,0.0,0.0
2023-01-27 00:00:00-05:00,36.78265122556826,36.90558390974666,36.55619667073794,36.73735809326172,7350,0.0,0.0
2023-01-30 00:00:00-05:00,36.963812264842865,36.963812264842865,36.27798080444336,36.27798080444336,7800,0.0,0.0
2023-01-31 00:00:00-05:00,36.73736053213577,37.869633381455266,36.73736053213577,37.6367073059082,19950,0.0,0.0
2023-02-01 00:00:00-05:00,36.60796003563504,39.33188267739761,36.60796003563504,38.77545166015625,16500,0.0,0.0
2023-02-02 00:00:00-05:00,39.11189370060708,40.12770530584262,39.11189370060708,40.0435905456543,19650,0.0,0.0
2023-02-03 00:00:00-05:00,39.73949556371672,40.07593978814877,39.53245182491729,39.830078125,15000,0.0,0.0
2023-02-06 00:00:00-05:00,39.830078537578174,39.83654634058635,39.02778219030276,39.15071487426758,6150,0.0,0.0
2023-02-07 00:00:00-05:00,39.11836681849852,39.305999755859375,38.34842055230286,39.305999755859375,11400,0.0,0.0
2023-02-08 00:00:00-05:00,38.62015924267821,38.62015924267821,38.24489341953743,38.48428726196289,6600,0.0,0.0
2023-02-09 00:00:00-05:00,38.49723481562105,39.286588178778764,38.43253086773912,38.82073974609375,8700,0.0,0.0
2023-02-10 00:00:00-05:00,38.14784610258334,38.85308837890625,38.14784610258334,38.85308837890625,5700,0.0,0.0
2023-02-13 00:00:00-05:00,38.65898324811235,39.940067291259766,38.65898324811235,39.940067291259766,7950,0.0,0.0
2023-02-14 00:00:00-05:00,39.713614800350626,40.037123431568226,39.37717056274414,39.37717056274414,22200,0.0,0.0
2023-02-15 00:00:00-05:00,39.344821018385026,39.95948076271152,38.98249445597236,39.56480407714844,22050,0.0,0.0
2023-02-16 00:00:00-05:00,40.289453518362215,42.44400558374756,40.289453518362215,41.99109649658203,14850,0.0,0.0
2023-02-17 00:00:00-05:00,42.372837890088135,42.372837890088135,40.347689814064395,40.58061218261719,29100,0.0,0.0
2023-02-21 00:00:00-05:00,40.06947893886949,40.06947893886949,38.49723981173543,38.62664031982422,24000,0.0,0.0
2023-02-22 00:00:00-05:00,38.646041559222645,38.89837841103723,38.48428726196289,38.48428726196289,12750,0.0,0.0
2023-02-23 00:00:00-05:00,38.63311373541749,38.91779708862305,38.374309004214744,38.91779708862305,16650,0.0,0.0
2023-02-24 00:00:00-05:00,38.54120908439031,38.5477032626212,37.69065378118635,38.43732452392578,18000,0.14,0.0
2023-02-27 00:00:00-05:00,39.02167744792182,39.27489840682396,38.52822760284973,38.82689666748047,11850,0.0,0.0
2023-02-28 00:00:00-05:00,38.82689833129348,39.4112481280686,38.37240239371043,38.94376754760742,57750,0.0,0.0
2023-03-01 00:00:00-05:00,38.9437651221567,39.56707252395149,38.878834481399196,39.216461181640625,11250,0.0,0.0
2023-03-02 00:00:00-05:00,39.13205787950463,39.683944211579686,39.13205787950463,39.59304428100586,5850,0.0,0.0
2023-03-03 00:00:00-05:00,39.90469513166857,39.95014695128956,39.43721458474274,39.45020294189453,9300,0.0,0.0
2023-03-06 00:00:00-05:00,39.17749865096457,39.17749865096457,38.45680095078272,38.710018157958984,14700,0.0,0.0
2023-03-07 00:00:00-05:00,38.352922486487365,38.547706984968904,38.12567452412646,38.31396484375,15000,0.0,0.0
2023-03-08 00:00:00-05:00,38.268514087224986,38.489271592077216,37.31407410482778,37.56729507446289,40200,0.0,0.0
2023-03-09 00:00:00-05:00,37.91789848460182,37.91789848460182,37.13876063242688,37.320560455322266,8700,0.0,0.0
2023-03-10 00:00:00-05:00,36.567405952101986,37.528340184040246,36.567405952101986,37.26213455200195,15000,0.0,0.0
2023-03-13 00:00:00-04:00,37.00891605798021,37.00891605798021,35.50258968304365,35.736328125,21900,0.0,0.0
2023-03-14 00:00:00-04:00,36.61285227921944,37.30758077477447,36.437546610695726,37.02189636230469,25500,0.0,0.0
2023-03-15 00:00:00-04:00,36.24925513295704,36.30119741398747,35.62594776059192,36.06745529174805,19500,0.0,0.0
2023-03-16 00:00:00-04:00,35.599983690452085,36.807641098471834,35.599983690452085,36.463523864746094,13650,0.0,0.0
2023-03-17 00:00:00-04:00,36.275221484747526,37.0803286332671,35.931104365127034,36.65180206298828,84150,0.0,0.0
2023-03-20 00:00:00-04:00,35.78826389574551,37.612737850440695,35.78826389574551,37.29458999633789,35550,0.0,0.0
2023-03-21 00:00:00-04:00,37.54781352406665,38.1905997395924,37.54781352406665,37.67117691040039,31800,0.0,0.0
2023-03-22 00:00:00-04:00,37.54780941602012,37.78154780598101,37.067344280385726,37.09980773925781,26250,0.0,0.0
2023-03-23 00:00:00-04:00,37.560798202413196,37.67117694692544,36.67128521335751,36.94398498535156,14250,0.0,0.0
2023-03-24 00:00:00-04:00,37.450427033483955,37.495875142565176,37.1387695883359,37.26862716674805,12450,0.0,0.0
2023-03-27 00:00:00-04:00,37.20369820130205,37.97633830467737,37.20369820130205,37.71013641357422,10200,0.0,0.0
2023-03-28 00:00:00-04:00,38.03477260914193,38.093209070195165,37.82050930048518,37.827003479003906,17100,0.0,0.0
2023-03-29 00:00:00-04:00,38.43732610800345,38.632110595703125,38.275005082386194,38.632110595703125,15600,0.0,0.0
2023-03-30 00:00:00-04:00,38.963249420437066,38.963249420437066,38.658086140071006,38.684059143066406,9600,0.0,0.0
2023-03-31 00:00:00-04:00,38.71002072459685,39.060632046399235,38.71002072459685,38.88532638549805,16350,0.0,0.0
2023-04-03 00:00:00-04:00,38.612632705771496,39.33982467651367,38.612632705771496,39.33982467651367,15000,0.0,0.0
2023-04-04 00:00:00-04:00,38.48277421187783,38.632110595703125,38.23604744180524,38.632110595703125,15300,0.0,0.0
2023-04-05 00:00:00-04:00,37.9179007919483,38.138654548721846,37.801027877887435,38.05424880981445,12300,0.0,0.0
2023-04-06 00:00:00-04:00,37.78804164308068,37.885435734023396,37.723114725921995,37.85946273803711,12900,0.0,0.0
2023-04-10 00:00:00-04:00,38.3529223830413,38.5736761659488,38.19060134887695,38.19060134887695,12000,0.0,0.0
2023-04-11 00:00:00-04:00,38.45031174392709,39.164519073821666,38.45031174392709,38.93727111816406,11250,0.0,0.0
2023-04-12 00:00:00-04:00,39.39176620147189,39.79431982060962,39.346318097377754,39.60602951049805,22650,0.0,0.0
2023-04-13 00:00:00-04:00,39.580054966937716,39.580054966937716,39.008689880371094,39.008689880371094,18600,0.0,0.0
2023-04-14 00:00:00-04:00,39.12555896815377,39.28787998774504,38.4048612201866,38.88532638549805,56850,0.0,0.0
2023-04-17 00:00:00-04:00,38.69703565226141,38.716514471611795,38.2230609552818,38.5931510925293,15000,0.0,0.0
2023-04-18 00:00:00-04:00,38.57367156692167,38.81390414250308,38.30746599428033,38.45680236816406,19800,0.0,0.0
2023-04-19 00:00:00-04:00,38.14515260189022,39.02167725516214,38.14515260189022,38.904808044433594,10200,0.0,0.0
2023-04-20 00:00:00-04:00,39.07361974980427,39.19698313992851,38.89831407516485,39.15153503417969,11850,0.0,0.0
2023-04-21 00:00:00-04:00,39.1125747653123,39.1125747653123,38.30097708866748,38.45030975341797,14850,0.0,0.0
2023-04-24 00:00:00-04:00,38.87883197698492,38.87883197698492,38.63859939575195,38.63859939575195,4800,0.0,0.0
2023-04-25 00:00:00-04:00,38.13865965637596,38.49576519404525,38.13865965637596,38.40486526489258,15450,0.0,0.0
2023-04-26 00:00:00-04:00,35.68438288171096,37.0608552783076,35.68438288171096,37.04787063598633,17700,0.0,0.0
2023-04-27 00:00:00-04:00,36.742705707936715,37.6581916809082,36.742705707936715,37.6581916809082,7650,0.0,0.0
2023-04-28 00:00:00-04:00,37.93738058323434,38.07372860459488,37.87244994646817,38.03477096557617,9150,0.0,0.0
2023-05-01 00:00:00-04:00,37.268628329349696,38.547710470028235,37.268628329349696,37.49587631225586,22050,0.0,0.0
2023-05-02 00:00:00-04:00,37.17772241917707,37.47639146716492,36.58038803840642,36.963462829589844,16650,0.0,0.0
2023-05-03 00:00:00-04:00,37.00891573445379,37.2101944237625,36.74271011352539,36.74271011352539,12150,0.0,0.0
2023-05-04 00:00:00-04:00,36.84659079048179,36.84659079048179,35.612960644243564,35.89215087890625,10950,0.0,0.0
2023-05-05 00:00:00-04:00,36.32716997506361,36.905029296875,36.093431546936635,36.905029296875,16500,0.0,0.0
2023-05-08 00:00:00-04:00,37.06085255634745,37.06085255634745,36.333660626891806,36.424560546875,18000,0.0,0.0
2023-05-09 00:00:00-04:00,36.27466284433649,37.121895416437006,36.27466284433649,36.880760192871094,6900,0.14,0.0
2023-05-10 00:00:00-04:00,37.330447924820774,37.61068342877601,37.14796500267424,37.43471908569336,16200,0.0,0.0
2023-05-11 00:00:00-04:00,37.21965605331273,37.21965605331273,36.815589904785156,36.815589904785156,9300,0.0,0.0
2023-05-12 00:00:00-04:00,37.48034374922911,37.48034374922911,37.278308807905496,37.38258743286133,11550,0.0,0.0
2023-05-15 00:00:00-04:00,37.46079834576122,37.7671045077242,37.408660888671875,37.408660888671875,7500,0.0,0.0
2023-05-16 00:00:00-04:00,37.40865043318562,37.88440599459204,37.03065490722656,37.03065490722656,13800,0.0,0.0
2023-05-17 00:00:00-04:00,37.48686341675336,38.13206481933594,37.48686341675336,38.13206481933594,10200,0.0,0.0
2023-05-18 00:00:00-04:00,38.138581489596184,38.47747679150794,38.05385859640942,38.36016845703125,11250,0.0,0.0
2023-05-19 00:00:00-04:00,38.451401128134385,38.451401128134385,37.40213364870238,37.43471908569336,9600,0.0,0.0
2023-05-22 00:00:00-04:00,37.363033123561294,38.1972322385364,37.363033123561294,38.17116165161133,17400,0.0,0.0
2023-05-23 00:00:00-04:00,38.092959917724556,38.842436201766766,38.092959917724556,38.405784606933594,18300,0.0,0.0
2023-05-24 00:00:00-04:00,37.70192580191008,38.340612315709414,37.70192580191008,37.8648567199707,19650,0.0,0.0
2023-05-25 00:00:00-04:00,37.74754709255588,38.09947204589844,37.1805500531474,38.09947204589844,15450,0.0,0.0
2023-05-26 00:00:00-04:00,38.77726715957463,38.90109034189627,38.203755202207226,38.809852600097656,12150,0.0,0.0
2023-05-30 00:00:00-04:00,38.87501962772181,39.057502551559985,38.268922289909774,38.28195571899414,20100,0.0,0.0
2023-05-31 00:00:00-04:00,37.975648864050726,38.444885864162444,37.39561839603162,37.92350769042969,69150,0.0,0.0
2023-06-01 00:00:00-04:00,38.008235182716604,38.42533474805075,37.82575225830078,37.82575225830078,28350,0.0,0.0
2023-06-02 00:00:00-04:00,37.88441222585818,40.32183899674105,37.88441222585818,39.72877502441406,50400,0.0,0.0
2023-06-05 00:00:00-04:00,39.43549970047037,39.43549970047037,38.78377974065299,39.07053756713867,16650,0.0,0.0
2023-06-06 00:00:00-04:00,39.37684376322463,41.312447908922096,39.37684376322463,40.5499382019043,33900,0.0,0.0
2023-06-07 00:00:00-04:00,40.791069093432625,42.583297864122066,40.791069093432625,42.47902297973633,48750,0.0,0.0
2023-06-08 00:00:00-04:00,42.68758169963077,42.68758169963077,41.81427842748696,42.06844711303711,15750,0.0,0.0
2023-06-09 00:00:00-04:00,42.4073376277554,42.59633540781905,41.59268675176589,42.270477294921875,14100,0.0,0.0
2023-06-12 00:00:00-04:00,42.596338816930505,42.596338816930505,42.05541229248047,42.05541229248047,10200,0.0,0.0
2023-06-13 00:00:00-04:00,42.39430075263402,43.87370116369577,42.39430075263402,43.821563720703125,28050,0.0,0.0
2023-06-14 00:00:00-04:00,43.66515487896662,44.447216586314255,43.00040149543003,43.15029525756836,31800,0.0,0.0
2023-06-15 00:00:00-04:00,43.01343298009853,43.66515290466991,42.99388097215333,43.554359436035156,24900,0.0,0.0
2023-06-16 00:00:00-04:00,43.66516177693209,43.8737115985036,43.03951231221755,43.24806213378906,64050,0.0,0.0
2023-06-20 00:00:00-04:00,43.31322447529967,43.3783953493917,42.804883453220505,42.99388122558594,24750,0.0,0.0
2023-06-21 00:00:00-04:00,42.73319867593204,43.339296075468596,42.720165245520356,42.8961296081543,24450,0.0,0.0
2023-06-22 00:00:00-04:00,42.870062785316975,43.24806213378906,42.661512963745466,43.24806213378906,26850,0.0,0.0
2023-06-23 00:00:00-04:00,42.54419385231052,43.410978362664764,42.54419385231052,43.18287658691406,105600,0.0,0.0
2023-06-26 00:00:00-04:00,43.13074522408073,43.938877556600396,43.13074522408073,43.45008850097656,25800,0.0,0.0
2023-06-27 00:00:00-04:00,44.32990433253535,44.43417921760411,44.18000685452147,44.31035232543945,9150,0.0,0.0
2023-06-28 00:00:00-04:00,44.11484160812411,44.336424834855265,43.977981270167675,44.18653106689453,18450,0.0,0.0
2023-06-29 00:00:00-04:00,44.19956544037218,44.8969043042084,44.19956544037218,44.33642578125,27000,0.0,0.0
2023-06-30 00:00:00-04:00,44.720938242921996,44.720938242921996,44.18001175053697,44.35597610473633,13050,0.0,0.0
2023-07-03 00:00:00-04:00,43.958430198905106,44.473286122127824,43.958430198905106,44.33642578125,14700,0.0,0.0
2023-07-05 00:00:00-04:00,43.84112248606804,43.89325993709765,43.53481263054113,43.56739807128906,16800,0.0,0.0
2023-07-06 00:00:00-04:00,42.700609429531056,43.10467556959699,42.29654328946512,42.72016143798828,24450,0.0,0.0
2023-07-07 00:00:00-04:00,43.28063933343468,43.410981082507696,42.96129608154297,42.96129608154297,20250,0.0,0.0
2023-07-10 00:00:00-04:00,43.665157322793526,43.762913643246506,43.489192962646484,43.489192962646484,26550,0.0,0.0
2023-07-11 00:00:00-04:00,43.61953881801573,44.232154846191406,43.61953881801573,44.232154846191406,10200,0.0,0.0
2023-07-12 00:00:00-04:00,44.38204410493516,44.45372982916459,44.017081988035564,44.12135314941406,22500,0.0,0.0
2023-07-13 00:00:00-04:00,43.997537375443414,44.38856641612452,43.906295898590706,44.15394973754883,46350,0.0,0.0
2023-07-14 00:00:00-04:00,43.775947237215554,45.07286864339788,43.5478454261408,45.040283203125,31200,0.0,0.0
2023-07-17 00:00:00-04:00,44.936009843202704,45.60727814000034,44.936009843202704,44.94904327392578,23100,0.0,0.0
2023-07-18 00:00:00-04:00,44.962070769990575,45.47693037182418,44.90341847489602,45.10544967651367,21150,0.0,0.0
2023-07-19 00:00:00-04:00,44.844768617399566,45.62031555175781,44.83825376658442,45.62031555175781,13950,0.0,0.0
2023-07-20 00:00:00-04:00,45.568176468274956,46.330686215378954,45.5616578885284,45.887516021728516,14850,0.0,0.0
2023-07-21 00:00:00-04:00,46.25899640515863,46.25899640515863,45.49648666381836,45.49648666381836,14850,0.0,0.0
2023-07-24 00:00:00-04:00,45.50299983019343,46.011340881993746,45.489966400445844,45.69200134277344,6150,0.0,0.0
2023-07-25 00:00:00-04:00,45.907064810188395,46.011339703827915,45.907064810188395,45.99830627441406,7500,0.0,0.0
2023-07-26 00:00:00-04:00,48.91148891819491,48.93104092708654,45.97875470940909,46.037410736083984,40350,0.0,0.0
2023-07-27 00:00:00-04:00,45.32051777627346,45.78975478015882,44.401592047312626,44.434181213378906,59250,0.0,0.0
2023-07-28 00:00:00-04:00,44.90342257983769,44.90342257983769,44.3950815106165,44.54497528076172,16050,0.0,0.0
2023-07-31 00:00:00-04:00,44.19956767381014,45.02073348973581,44.19956767381014,44.779598236083984,26550,0.0,0.0
2023-08-01 00:00:00-04:00,45.2748983194678,45.47693326309439,45.242312880307104,45.30748748779297,7800,0.0,0.0
2023-08-02 00:00:00-04:00,44.857798292554534,45.42479537006238,44.857798292554534,45.26838302612305,13950,0.0,0.0
2023-08-03 00:00:00-04:00,45.274902658183755,45.274902658183755,44.98162994846854,45.06635284423828,11100,0.0,0.0
2023-08-04 00:00:00-04:00,44.77307156357338,45.268379141459114,44.56452178955078,44.56452178955078,15450,0.0,0.0
2023-08-07 00:00:00-04:00,44.90342468659175,45.255349693335155,44.90342468659175,45.09242248535156,23850,0.0,0.0
2023-08-08 00:00:00-04:00,44.297321906287294,44.779596119965234,44.297321906287294,44.40811538696289,14550,0.0,0.0
2023-08-09 00:00:00-04:00,43.964943670137416,44.20608263320376,43.58043324929694,43.79549789428711,22500,0.0,0.0
2023-08-10 00:00:00-04:00,44.02360014310954,44.14090847148618,43.61301912920904,43.83460235595703,18600,0.0,0.0
2023-08-11 00:00:00-04:00,44.38204146138444,44.453727181344014,44.06269822968191,44.16697311401367,13800,0.0,0.0
2023-08-14 00:00:00-04:00,44.12787578435029,44.17349838388361,43.78898049435602,43.841121673583984,16800,0.0,0.0
2023-08-15 00:00:00-04:00,43.841123239396396,43.841123239396396,43.20895523636291,43.397953033447266,22050,0.0,0.0
2023-08-16 00:00:00-04:00,43.632566756226815,43.91932458703602,42.98736536607056,43.124229431152344,19350,0.0,0.0
2023-08-17 00:00:00-04:00,43.515259697966854,43.515259697966854,42.531166729077135,42.537681579589844,32850,0.0,0.0
2023-08-18 00:00:00-04:00,42.36171467592773,43.11119093972954,42.36171467592773,43.00691604614258,55050,0.0,0.0
2023-08-21 00:00:00-04:00,43.43705549872205,44.277769550177574,42.91568099814321,44.017086029052734,29700,0.0,0.0
2023-08-22 00:00:00-04:00,43.808532401900706,44.81869968982825,43.808532401900706,44.54497528076172,36600,0.0,0.0
2023-08-23 00:00:00-04:00,44.79914963998367,45.066351751896704,44.49935835741233,45.02073287963867,21750,0.0,0.0
2023-08-24 00:00:00-04:00,44.753525951601155,45.4378313938398,44.753525951601155,44.97511291503906,19200,0.0,0.0
2023-08-25 00:00:00-04:00,45.41828127610956,45.41828127610956,44.499359130859375,44.499359130859375,24750,0.0,0.0
2023-08-28 00:00:00-04:00,44.86432326123234,45.222766868703516,44.79915237426758,44.79915237426758,20700,0.0,0.0
2023-08-29 00:00:00-04:00,44.35271630471763,45.0272475644428,43.805274968319715,44.06922149658203,26100,0.0,1.5
2023-08-30 00:00:00-04:00,44.088772669121546,44.90016431618164,44.04967237764519,44.8708381652832,33300,0.0,0.0
2023-08-31 00:00:00-04:00,44.67531967177616,45.18366072849888,44.64598979310452,44.939266204833984,47900,0.0,0.0
2023-09-01 00:00:00-04:00,44.93926612058149,45.58446751268061,44.93926612058149,45.46715545654297,35200,0.0,0.0
2023-09-05 00:00:00-04:00,45.21298556357492,45.21298556357492,42.759266258146205,42.79836654663086,59100,0.0,0.0
2023-09-06 00:00:00-04:00,43.2988820169088,43.2988820169088,42.38618993929421,42.41563415527344,31200,0.17,0.0
2023-09-07 00:00:00-04:00,42.18009728372803,42.28805066891453,41.748287486683864,42.16046905517578,36600,0.0,0.0
2023-09-08 00:00:00-04:00,41.93474802160064,42.45488295021448,41.80716641400988,42.278236389160156,18800,0.0,0.0
2023-09-11 00:00:00-04:00,42.337116939298696,42.73948624227894,42.32730469743646,42.51376724243164,24300,0.0,0.0
2023-09-12 00:00:00-04:00,42.65115958454638,42.97501971008731,42.56283443609899,42.6707878112793,21300,0.0,0.0
2023-09-13 00:00:00-04:00,42.543213383584295,42.778748400396964,42.4450759770719,42.76893615722656,25000,0.0,0.0
2023-09-14 00:00:00-04:00,43.16148536301006,44.113433837890625,43.132044892637005,44.113433837890625,26500,0.0,0.0
2023-09-15 00:00:00-04:00,44.07417578139833,44.37840769111388,43.269437175004015,43.48534393310547,178900,0.0,0.0
2023-09-18 00:00:00-04:00,43.38720585587679,43.84845987391458,43.38720585587679,43.63255310058594,19600,0.0,0.0
2023-09-19 00:00:00-04:00,43.75031794303654,43.76013018458001,43.42645781658025,43.45589828491211,16400,0.0,0.0
2023-09-20 00:00:00-04:00,43.93677885554283,44.25082298512905,43.47552490234375,43.47552490234375,47000,0.0,0.0
2023-09-21 00:00:00-04:00,43.41664408003725,43.7895691450711,43.347943416792766,43.612918853759766,13600,0.0,0.0
2023-09-22 00:00:00-04:00,44.00547744610001,44.20175597047078,43.71106153139459,43.77975845336914,18200,0.0,0.0
2023-09-25 00:00:00-04:00,44.172311528139865,44.81021579309411,44.172311528139865,44.47654342651367,17800,0.0,0.0
2023-09-26 00:00:00-04:00,44.74151907498466,44.82002823845991,43.966220963271105,44.103614807128906,17200,0.0,0.0
2023-09-27 00:00:00-04:00,43.56385114968364,45.69346693498974,43.56385114968364,45.03593444824219,42400,0.0,0.0
2023-09-28 00:00:00-04:00,45.349983992752094,46.08602572978803,45.349983992752094,45.66402816772461,22900,0.0,0.0
2023-09-29 00:00:00-04:00,45.46775079040716,45.46775079040716,44.36859249656852,44.447105407714844,29600,0.0,0.0
2023-10-02 00:00:00-04:00,44.19194514648694,44.60413047017568,44.12324821648913,44.4569206237793,18500,0.0,0.0
2023-10-03 00:00:00-04:00,44.06436050740977,44.515798476283756,43.71105992526445,43.79938507080078,18300,0.0,0.0
2023-10-04 00:00:00-04:00,43.85826821690283,44.672822793889566,43.789571293988466,44.466732025146484,18900,0.0,0.0
2023-10-05 00:00:00-04:00,44.496174578181254,44.51580280617642,44.025108337402344,44.025108337402344,29100,0.0,0.0
2023-10-06 00:00:00-04:00,43.81901467855598,44.63356549645144,43.5638514750937,44.47654342651367,14900,0.0,0.0
2023-10-09 00:00:00-04:00,44.59431393589036,45.66402807461619,44.59431393589036,45.526634216308594,16200,0.0,0.0
2023-10-10 00:00:00-04:00,45.379425497434504,46.12527943251885,45.379425497434504,45.60514450073242,13700,0.0,0.0
2023-10-11 00:00:00-04:00,45.840675701660984,46.02714199302777,45.840675701660984,45.92900085449219,13600,0.0,0.0
2023-10-12 00:00:00-04:00,45.59532374632462,45.61495197199787,44.8789103559064,45.47755813598633,16500,0.0,0.0
2023-10-13 00:00:00-04:00,45.487375831303865,45.487375831303865,44.77096235498146,44.810218811035156,21300,0.0,0.0
2023-10-16 00:00:00-04:00,45.2812815545282,45.76216374478294,44.65319328099652,44.89854049682617,19400,0.0,0.0
2023-10-17 00:00:00-04:00,44.88873414222613,46.24304825574843,44.88873414222613,45.889747619628906,17000,0.0,0.0
2023-10-18 00:00:00-04:00,45.65421505983023,45.722911987822066,45.251845734291535,45.53644943237305,15300,0.0,0.0
2023-10-19 00:00:00-04:00,45.52662793749579,45.52662793749579,44.545239092130664,44.584495544433594,17000,0.0,0.0
2023-10-20 00:00:00-04:00,44.878913167619146,44.878913167619146,43.98584943389147,44.05454635620117,25000,0.0,0.0
2023-10-23 00:00:00-04:00,44.04473222703209,44.04473222703209,43.47552490234375,43.47552490234375,13000,0.0,0.0
2023-10-24 00:00:00-04:00,44.044738071838886,44.044738071838886,43.23018342883728,43.544227600097656,16600,0.0,0.0
2023-10-25 00:00:00-04:00,42.474511052258116,42.474511052258116,39.422390926966074,39.54997253417969,37000,0.0,0.0
2023-10-26 00:00:00-04:00,39.883646848038396,40.187878774230185,39.14760512595983,39.15742111206055,30300,0.0,0.0
2023-10-27 00:00:00-04:00,39.53034385361911,39.952341381819046,39.06909361447387,39.32425308227539,37200,0.0,0.0
2023-10-30 00:00:00-04:00,39.814948688822206,40.08973639191554,39.4322076041703,39.72662353515625,19700,0.0,0.0
2023-10-31 00:00:00-04:00,39.37331854690389,40.12898839017242,39.28499340304909,39.68736267089844,21200,0.0,0.0
2023-11-01 00:00:00-04:00,39.37332074699802,40.64912553997768,39.30462382501691,40.35470962524414,14000,0.0,0.0
2023-11-02 00:00:00-04:00,40.62950374353232,41.06131353078189,40.48229390458043,40.923919677734375,11200,0.0,0.0
2023-11-03 00:00:00-04:00,41.00242968356685,42.140840731104554,41.00242968356685,42.023075103759766,14800,0.0,0.0
2023-11-06 00:00:00-05:00,41.69921469152019,42.003442844944786,41.6207017850226,41.74828338623047,15200,0.0,0.0
2023-11-07 00:00:00-05:00,41.33609897619907,41.53237750283318,41.03187081643264,41.228145599365234,11200,0.0,0.0
2023-11-08 00:00:00-05:00,40.29204209148475,41.218298352198396,40.29204209148475,40.794586181640625,20500,0.17,0.0
2023-11-09 00:00:00-05:00,40.72560763204808,41.513907985085694,40.72560763204808,40.92267990112305,17700,0.0,0.0
2023-11-10 00:00:00-05:00,41.18873142293563,42.114987614386905,41.18873142293563,42.036155700683594,14800,0.0,0.0
2023-11-13 00:00:00-05:00,41.74054576523064,42.07557389848832,41.484345790962145,41.49420166015625,12800,0.0,0.0
2023-11-14 00:00:00-05:00,43.31714678214623,44.09559506077723,43.248170733043516,44.08574295043945,23300,0.0,0.0
2023-11-15 00:00:00-05:00,44.36164692973286,44.65725910428526,43.750714601136224,43.76056671142578,16000,0.0,0.0
2023-11-16 00:00:00-05:00,43.405829074054566,43.405829074054566,42.863872813255696,43.36641311645508,14100,0.0,0.0
2023-11-17 00:00:00-05:00,43.622612908221846,43.622612908221846,42.903288600002426,43.04124069213867,14100,0.0,0.0
2023-11-20 00:00:00-05:00,42.73577277312956,43.44524497331731,42.73577277312956,43.189048767089844,9700,0.0,0.0
2023-11-21 00:00:00-05:00,42.38103992183959,42.47957982325977,42.292355890017866,42.33177185058594,5800,0.0,0.0
2023-11-22 00:00:00-05:00,42.55840818771119,42.7949001933305,42.32191994100478,42.65694808959961,6800,0.0,0.0
2023-11-24 00:00:00-05:00,42.40074849082005,43.39598083496094,42.40074849082005,43.39598083496094,4100,0.0,0.0
2023-11-27 00:00:00-05:00,42.73576867757849,43.34670468426383,42.66679263793857,42.775184631347656,13800,0.0,0.0
2023-11-28 00:00:00-05:00,42.489431734136204,42.991975831733676,41.91791534423828,41.91791534423828,14200,0.0,0.0
2023-11-29 00:00:00-05:00,42.65694683361965,42.962411123197484,42.59782289422742,42.735774993896484,13000,0.0,0.0
2023-11-30 00:00:00-05:00,42.72591924804385,43.23831540243995,42.64708733556177,42.97226333618164,17500,0.0,0.0
2023-12-01 00:00:00-05:00,42.94270157876824,44.43061815934613,42.76533354149242,44.25325012207031,18300,0.0,0.0
2023-12-04 00:00:00-05:00,43.35656161838108,44.63755018714162,43.35656161838108,44.34193801879883,13000,0.0,0.0
2023-12-05 00:00:00-05:00,43.93793444091383,44.40106255824363,42.8343139099731,43.169342041015625,19000,0.0,0.0
2023-12-06 00:00:00-05:00,44.45033106679258,44.45033106679258,43.573346651278335,43.93793487548828,11100,0.0,0.0
2023-12-07 00:00:00-05:00,43.66202813443698,43.947784423828125,43.40582817426385,43.947784423828125,14200,0.0,0.0
2023-12-08 00:00:00-05:00,44.33208340549085,44.44047164592999,43.859099452154375,44.381351470947266,10900,0.0,0.0
2023-12-11 00:00:00-05:00,44.765653104669966,45.396293440829915,44.341940924016335,45.04155731201172,15400,0.0,0.0
2023-12-12 00:00:00-05:00,44.81491470565121,45.278042780175525,44.49959458309792,44.84447479248047,17100,0.0,0.0
2023-12-13 00:00:00-05:00,44.6868199393214,46.243716514928344,44.40106362920567,45.06126403808594,96900,0.0,0.0
2023-12-14 00:00:00-05:00,45.0809690754765,46.88420964277359,44.775501046565296,46.480201721191406,53400,0.0,0.0
2023-12-15 00:00:00-05:00,46.312693194933956,46.312693194933956,45.73132093851338,46.12547302246094,52300,0.0,0.0
2023-12-18 00:00:00-05:00,46.0170769728158,46.30283702065287,45.563804747295805,45.82985305786133,15700,0.0,0.0
2023-12-19 00:00:00-05:00,45.967812056630436,47.05172462827158,45.967812056630436,46.85464859008789,24200,0.0,0.0
2023-12-20 00:00:00-05:00,50.03741135435116,50.96366755689985,48.82539885848565,48.95349884033203,81700,0.0,0.0
2023-12-21 00:00:00-05:00,49.4658963860385,49.4658963860385,48.55934813691157,49.14072036743164,11400,0.0,0.0
2023-12-22 00:00:00-05:00,49.889605284809484,50.027557371365404,49.505309112571595,49.99799728393555,23400,0.0,0.0
2023-12-26 00:00:00-05:00,49.86989924419999,51.328255837021125,49.86989924419999,51.101619720458984,22400,0.0,0.0
2023-12-27 00:00:00-05:00,51.23957055812085,51.65342682373537,50.953810512484644,51.15088653564453,7400,0.0,0.0
2023-12-28 00:00:00-05:00,51.15088671223614,51.77167487171359,51.0129346232217,51.38737869262695,15300,0.0,0.0
2023-12-29 00:00:00-05:00,51.574598082485274,52.33333831971715,51.55489010450247,52.205238342285156,23700,0.0,0.0
2024-01-02 00:00:00-05:00,51.5647441045162,52.16582049610582,51.05234797226721,51.30854415893555,14300,0.0,0.0
2024-01-03 00:00:00-05:00,51.26912933879226,51.26912933879226,49.18013256794954,49.1998405456543,31600,0.0,0.0
2024-01-04 00:00:00-05:00,49.51516825484509,49.76151237551596,48.70715983975767,48.992919921875,12300,0.0,0.0
2024-01-05 00:00:00-05:00,48.60861796914005,49.012622129093565,47.820313868722174,47.94841384887695,17000,0.0,0.0
2024-01-08 00:00:00-05:00,47.75134064059653,48.608620836534556,47.75134064059653,48.41154479980469,16200,0.0,0.0
2024-01-09 00:00:00-05:00,47.81046365310407,47.81046365310407,46.89406329513854,46.90391540527344,14800,0.0,0.0
2024-01-10 00:00:00-05:00,46.41122448594879,46.588592529296875,46.224004333042465,46.588592529296875,11900,0.0,0.0
2024-01-11 00:00:00-05:00,45.76087718748333,46.2437132618385,45.751025077722524,46.06634521484375,15300,0.0,0.0
2024-01-12 00:00:00-05:00,46.57873967049371,46.57873967049371,45.40614318847656,45.40614318847656,13300,0.0,0.0
2024-01-16 00:00:00-05:00,45.12038933497231,45.32731749094404,44.97258136132798,45.18936538696289,16600,0.0,0.0
2024-01-17 00:00:00-05:00,44.60799146462509,45.11053179031277,44.3419393772918,44.52915954589844,9900,0.0,0.0
2024-01-18 00:00:00-05:00,45.376582072335694,45.91853833582494,45.15980182228757,45.75102615356445,12000,0.0,0.0
2024-01-19 00:00:00-05:00,46.14517701085899,46.14517701085899,45.090820841341035,45.88897705078125,7700,0.0,0.0
2024-01-22 00:00:00-05:00,45.90868944481741,47.17982598099502,45.90868944481741,47.01231002807617,11900,0.0,0.0
2024-01-23 00:00:00-05:00,47.613388840050916,47.613388840050916,46.71669643829453,46.76596450805664,28000,0.0,0.0
2024-01-24 00:00:00-05:00,47.219232666127446,47.36704062149879,45.9973681028525,46.38166427612305,17700,0.0,0.0
2024-01-25 00:00:00-05:00,47.15025763776493,47.918853759765625,46.97288959106573,47.918853759765625,13600,0.0,0.0
2024-01-26 00:00:00-05:00,47.918854728042696,47.918854728042696,47.05172245542622,47.455726623535156,10200,0.0,0.0
2024-01-29 00:00:00-05:00,47.918855402261286,48.519935607910156,47.918855402261286,48.519935607910156,5900,0.0,0.0
2024-01-30 00:00:00-05:00,48.5790533407775,48.88452136272217,48.5790533407775,48.67759323120117,5700,0.0,0.0
2024-01-31 00:00:00-05:00,47.32762739267359,47.32762739267359,46.57874298095703,46.57874298095703,13200,0.0,0.0
2024-02-01 00:00:00-05:00,47.98782867773806,48.20460891723633,47.21923257378755,48.20460891723633,11800,0.0,0.0
2024-02-02 00:00:00-05:00,47.37689504305536,48.44109950892594,47.37689504305536,48.04694747924805,17900,0.0,0.0
2024-02-05 00:00:00-05:00,47.46557485383777,47.830166793459995,46.716690515229224,47.36703872680664,17900,0.0,0.0
2024-02-06 00:00:00-05:00,47.396599128483736,48.421391395639965,47.396599128483736,47.78089904785156,9300,0.0,0.0
2024-02-07 00:00:00-05:00,48.027243260785255,48.69729569697793,47.86958320069656,48.04694747924805,14200,0.0,0.0
2024-02-08 00:00:00-05:00,47.79075798836448,48.65789031982422,47.77105000822757,48.65789031982422,10100,0.0,0.0
2024-02-09 00:00:00-05:00,48.776133445966465,49.781217858952886,48.648033457148145,49.20969772338867,60700,0.0,0.0
2024-02-12 00:00:00-05:00,49.56443188299389,50.53010029836734,49.56443188299389,50.16551208496094,19700,0.0,0.0
2024-02-13 00:00:00-05:00,49.46589429494592,49.46589429494592,47.36704158414487,47.8597297668457,28800,0.0,0.0
2024-02-14 00:00:00-05:00,49.17028525812196,49.17028525812196,46.657572359726814,48.736717224121094,14300,0.0,0.0
2024-02-15 00:00:00-05:00,48.776128294930004,51.07205694622183,48.776128294930004,50.904541015625,17600,0.0,0.0
2024-02-16 00:00:00-05:00,50.904546228032565,50.904546228032565,48.510081202203686,48.914085388183594,17600,0.0,0.0
2024-02-20 00:00:00-05:00,48.05680494169767,48.10607300731381,46.48020052959389,46.588592529296875,25900,0.0,0.0
2024-02-21 00:00:00-05:00,45.06126273760433,47.51485165021382,45.06126273760433,47.14040756225586,24900,0.0,0.0
2024-02-22 00:00:00-05:00,47.09113965664275,47.485287966304575,47.01230773936276,47.43601989746094,23700,0.0,0.0
2024-02-23 00:00:00-05:00,47.948419160057725,48.62832757512251,47.948419160057725,48.40169143676758,9600,0.0,0.0
2024-02-26 00:00:00-05:00,48.3917969150464,49.261940645496274,48.3917969150464,48.994964599609375,16200,0.17,0.0
2024-02-27 00:00:00-05:00,48.88619585942131,49.558579132614426,48.88619585942131,49.291603088378906,13100,0.0,0.0
2024-02-28 00:00:00-05:00,48.76754423842199,49.874997559501544,48.76754423842199,49.66735076904297,13900,0.0,0.0
2024-02-29 00:00:00-05:00,49.68712445882812,50.70558570339259,49.45970125722474,49.865108489990234,33000,0.0,0.0
2024-03-01 00:00:00-05:00,50.20129918427162,50.53749081769424,49.74645278963127,50.4287223815918,12000,0.0,0.0
2024-03-04 00:00:00-05:00,51.012111517268316,51.44718147165361,50.35950469970703,50.35950469970703,14600,0.0,0.0
2024-03-05 00:00:00-05:00,50.438610723829385,50.6363711817456,49.80578027607109,49.9541015625,18800,0.0,0.0
2024-03-06 00:00:00-05:00,50.42872538021534,50.42872538021534,48.975190323991434,49.39048767089844,23100,0.0,0.0
2024-03-07 00:00:00-05:00,47.5908696288144,49.855215173326876,47.5908696288144,49.48936080932617,12400,0.0,0.0
2024-03-08 00:00:00-05:00,50.03320062162182,50.478160683499055,49.43003672881801,49.49925231933594,13600,0.0,0.0
2024-03-11 00:00:00-04:00,49.044405796712205,49.242166257982625,48.40168901254215,48.52034378051758,13300,0.0,0.0
2024-03-12 00:00:00-04:00,48.263258585676766,49.123512268066406,48.263258585676766,49.123512268066406,15800,0.0,0.0
2024-03-13 00:00:00-04:00,49.24216709031323,49.766232887333096,48.90597543206105,49.66735076904297,19400,0.0,0.0
2024-03-14 00:00:00-04:00,49.17295034286782,49.30149520765353,48.451127870092286,48.81698226928711,19700,0.0,0.0
2024-03-15 00:00:00-04:00,48.134713477800226,50.072757720947266,48.134713477800226,50.072757720947266,46400,0.0,0.0
2024-03-18 00:00:00-04:00,50.230963894586566,50.48805362123326,49.6277961958774,49.73656463623047,16900,0.0,0.0
2024-03-19 00:00:00-04:00,50.14197234875584,50.458387575322064,49.96398831231646,50.41883850097656,20000,0.0,0.0
2024-03-20 00:00:00-04:00,50.31995822219662,51.82293248923789,50.03320573391297,51.54607009887695,33600,0.0,0.0
2024-03-21 00:00:00-04:00,51.41752323820104,52.35688259021543,51.41752323820104,52.34699249267578,17500,0.0,0.0
2024-03-22 00:00:00-04:00,52.248114355577535,52.248114355577535,51.04177894473028,51.288978576660156,24700,0.0,0.0
2024-03-25 00:00:00-04:00,51.41752346299366,51.67460942064313,51.051669063734664,51.39774703979492,17500,0.0,0.0
2024-03-26 00:00:00-04:00,51.19010196662264,51.684501247229036,50.83413388107129,51.00223159790039,14900,0.0,0.0
2024-03-27 00:00:00-04:00,51.26920296245371,52.32721710205078,51.26920296245371,52.32721710205078,15300,0.0,0.0
2024-03-28 00:00:00-04:00,52.4755363944271,52.752398768986744,52.386544378037655,52.69307327270508,10200,0.0,0.0
2024-04-01 00:00:00-04:00,52.376660349397454,52.71285200694794,51.44718729924588,51.921810150146484,9400,0.0,0.0
2024-04-02 00:00:00-04:00,50.49794044407096,51.170323743814684,49.67723962853989,50.745140075683594,35000,0.0,0.0
2024-04-03 00:00:00-04:00,51.279091408472894,51.279091408472894,50.24085372582028,50.25074005126953,35400,0.0,0.0
2024-04-04 00:00:00-04:00,50.646257755876086,51.49662502538077,49.983760833740234,49.983760833740234,18300,0.0,0.0
2024-04-05 00:00:00-04:00,50.50783051919625,50.57704611425967,50.21118794381926,50.41883850097656,8200,0.0,0.0
2024-04-08 00:00:00-04:00,50.122194857083485,50.962675849455664,50.122194857083485,50.4386100769043,7500,0.0,0.0
2024-04-09 00:00:00-04:00,50.013432182859276,50.40894933741183,49.855220794677734,49.855220794677734,8500,0.0,0.0
2024-04-10 00:00:00-04:00,48.77743249722454,49.43992569093897,48.154488377367954,48.648887634277344,18500,0.0,0.0
2024-04-11 00:00:00-04:00,48.58955769689857,48.9257493378493,48.11493486943288,48.80709457397461,14700,0.0,0.0
2024-04-12 00:00:00-04:00,49.004857733498504,49.222390850615525,47.78863596373795,48.06549835205078,12300,0.0,0.0
2024-04-15 00:00:00-04:00,48.14459546299447,49.08395475055392,46.47352743032281,46.700950622558594,7600,0.0,0.0
2024-04-16 00:00:00-04:00,45.8505825876426,46.720726270632575,45.8505825876426,46.3153190612793,13100,0.0,0.0
2024-04-17 00:00:00-04:00,45.45506867447023,45.50450784553632,44.82223823210367,45.089210510253906,12700,0.0,0.0
2024-04-18 00:00:00-04:00,45.455070421766784,45.90991684820621,44.59481296988734,44.80246353149414,27200,0.0,0.0
2024-04-19 00:00:00-04:00,44.40694272763838,45.99890899658203,44.40694272763838,45.99890899658203,17700,0.0,0.0
2024-04-22 00:00:00-04:00,46.64162608165972,46.64162608165972,45.38585523471777,45.48473358154297,13700,0.0,0.0
2024-04-23 00:00:00-04:00,46.295547085963186,46.4735311239399,45.70226947401886,45.939579010009766,11400,0.0,0.0
2024-04-24 00:00:00-04:00,44.9903347416662,45.366079252802365,42.518338327288944,43.04240036010742,24500,0.0,0.0
2024-04-25 00:00:00-04:00,42.518334676883015,42.518334676883015,41.311999323207175,41.6580810546875,35800,0.0,0.0
2024-04-26 00:00:00-04:00,43.00284666151278,44.04108428955078,42.290910563673336,44.04108428955078,41500,0.0,0.0
2024-04-29 00:00:00-04:00,44.011417249437315,44.565145738082194,43.14127733123831,43.35881042480469,5200,0.0,0.0
2024-04-30 00:00:00-04:00,42.033824040652206,42.033824040652206,40.115556241688644,40.45174789428711,30400,0.0,0.0
2024-05-01 00:00:00-04:00,40.540739508306075,41.10435436556662,39.77936419173355,39.87824630737305,17900,0.0,0.0
2024-05-02 00:00:00-04:00,40.68906154088658,41.24278631073956,40.44186190521161,40.48141098022461,14100,0.0,0.0
2024-05-03 00:00:00-04:00,41.19334503799026,41.19334503799026,40.194660220441165,40.52096176147461,9200,0.0,0.0
2024-05-06 00:00:00-04:00,42.08326499251792,42.08326499251792,41.02525091248409,41.47020721435547,14900,0.0,0.0
2024-05-07 00:00:00-04:00,41.8459504468199,42.71609414613572,41.292221952352236,42.1129264831543,14400,0.0,0.0
2024-05-08 00:00:00-04:00,41.60661915940416,42.093073783543126,41.60661915940416,41.785316467285156,8400,0.17,0.0
2024-05-09 00:00:00-04:00,41.8051738463092,42.847572326660156,41.8051738463092,42.847572326660156,10800,0.0,0.0
2024-05-10 00:00:00-04:00,42.9369203561153,43.78076583093974,42.8872830553168,43.33402633666992,13600,0.0,0.0
2024-05-13 00:00:00-04:00,43.9594608827234,43.9594608827234,42.23205866643965,42.321407318115234,18700,0.0,0.0
2024-05-14 00:00:00-04:00,42.99648691248708,44.0488113112448,41.993796026894124,42.132781982421875,9300,0.0,0.0
2024-05-15 00:00:00-04:00,42.26184272736521,42.88728332519531,41.904448100033726,42.88728332519531,12800,0.0,0.0
2024-05-16 00:00:00-04:00,41.92430676913067,42.440543069099576,41.92430676913067,42.14271545410156,9500,0.0,0.0
2024-05-17 00:00:00-04:00,42.50010806491607,42.61923834777466,41.68604418906274,42.36111831665039,13600,0.0,0.0
2024-05-20 00:00:00-04:00,42.728439581707754,43.05604878254596,42.22212928893534,42.28169631958008,9600,0.0,0.0
2024-05-21 00:00:00-04:00,42.51003201520639,42.51003201520639,41.32864761352539,41.32864761352539,11300,0.0,0.0
2024-05-22 00:00:00-04:00,41.53712644997959,41.53712644997959,40.76277396890102,40.92161560058594,12600,0.0,0.0
2024-05-23 00:00:00-04:00,40.93154059844983,40.93154059844983,39.6508778423939,40.18696975708008,18000,0.0,0.0
2024-05-24 00:00:00-04:00,40.14726056644927,41.50734610333288,40.14726056644927,41.199588775634766,15400,0.0,0.0
2024-05-28 00:00:00-04:00,42.16256885417566,42.39090347290039,40.99111034970382,42.39090347290039,20200,0.0,0.0
2024-05-29 00:00:00-04:00,41.79524351569585,41.79524351569585,40.83226776123047,40.83226776123047,10600,0.0,0.0
2024-05-30 00:00:00-04:00,40.87197804059833,42.460398281598465,40.87197804059833,42.192352294921875,9200,0.0,0.0
2024-05-31 00:00:00-04:00,42.08314624312404,42.510033857841,41.92430460418867,41.96401596069336,33800,0.0,0.0
2024-06-03 00:00:00-04:00,41.84488367004276,42.500105872591185,40.50465385545516,40.514583587646484,14600,0.0,0.0
2024-06-04 00:00:00-04:00,40.03806028832848,40.792557120340625,39.89907054169683,40.752845764160156,21000,0.0,0.0
2024-06-05 00:00:00-04:00,40.802481256606704,41.38821047950487,40.802481256606704,40.95139694213867,7800,0.0,0.0
2024-06-06 00:00:00-04:00,40.88190577820501,41.140022019211344,40.752845764160156,40.752845764160156,8400,0.0,0.0
2024-06-07 00:00:00-04:00,40.425236822048205,40.901761738248666,40.1373351683802,40.30610275268555,10700,0.0,0.0
2024-06-10 00:00:00-04:00,39.303416460656344,39.69059272667493,39.06515210390765,39.382835388183594,14900,0.0,0.0
2024-06-11 00:00:00-04:00,39.144576202169105,39.779942793179416,39.065153484751015,39.233924865722656,25400,0.0,0.0
2024-06-12 00:00:00-04:00,39.720371883675725,40.663495732131935,39.65087890625,39.65087890625,13700,0.0,0.0
2024-06-13 00:00:00-04:00,39.43247311715702,39.43247311715702,38.807032547701915,38.916236877441406,15400,0.0,0.0
2024-06-14 00:00:00-04:00,38.479421725964,38.479421725964,37.70506921631419,37.84405517578125,19700,0.0,0.0
2024-06-17 00:00:00-04:00,38.340436103533726,39.24384863509452,38.05253823657117,39.05522537231445,29200,0.0,0.0
2024-06-18 00:00:00-04:00,39.511895623618955,39.511895623618955,38.47942305049085,38.946022033691406,12700,0.0,0.0
2024-06-20 00:00:00-04:00,38.57869964808927,39.39276350401524,38.57869964808927,39.14457321166992,13100,0.0,0.0
2024-06-21 00:00:00-04:00,39.1147936537839,39.33319854736328,38.95595200977912,39.33319854736328,37900,0.0,0.0
2024-06-24 00:00:00-04:00,39.412615743321574,39.98841520204409,39.362978446599755,39.521820068359375,13200,0.0,0.0
2024-06-25 00:00:00-04:00,38.955950308617574,39.17435519265946,38.955950308617574,39.104862213134766,8000,0.0,0.0
2024-06-26 00:00:00-04:00,38.68790334741628,38.78717794789103,38.38014602661133,38.38014602661133,17800,0.0,0.0
2024-06-27 00:00:00-04:00,38.44963882588588,38.51913180331229,38.191522593599686,38.400001525878906,7000,0.0,0.0
2024-06-28 00:00:00-04:00,38.81696193961009,38.95595169067383,37.5760104225243,38.95595169067383,64900,0.0,0.0
2024-07-01 00:00:00-04:00,38.10217667795535,38.22130696395312,37.66535931749101,37.68521499633789,16100,0.0,0.0
2024-07-02 00:00:00-04:00,38.0028965451521,39.214066389818214,37.64550191642548,38.707759857177734,17600,0.0,0.0
2024-07-03 00:00:00-04:00,38.7077599392232,39.720373006650505,38.7077599392232,39.11479187011719,7400,0.0,0.0
2024-07-05 00:00:00-04:00,39.17435640939137,39.17435640939137,38.45957091392466,38.55884552001953,10300,0.0,0.0
2024-07-08 00:00:00-04:00,39.26370223745923,39.80972010576147,39.22399088305243,39.70051956176758,11800,0.0,0.0
2024-07-09 00:00:00-04:00,39.29348798871789,39.46225556579051,38.797107415563296,38.82688903808594,7800,0.0,0.0
2024-07-10 00:00:00-04:00,39.37290782617762,39.41261918185286,38.75739696154456,39.14457321166992,9600,0.0,0.0
2024-07-11 00:00:00-04:00,40.21675599529746,42.40083147143922,40.0182067778075,41.75553894042969,23800,0.0,0.0
2024-07-12 00:00:00-04:00,42.50010462146639,43.21489004778793,42.19234731300982,42.321407318115234,20900,0.0,0.0
2024-07-15 00:00:00-04:00,42.976629539750995,45.18055663791146,42.807858181065036,43.15532684326172,35800,0.0,0.0
2024-07-16 00:00:00-04:00,43.86018972842336,46.23288836936284,43.86018972842336,45.69679641723633,29700,0.0,0.0
2024-07-17 00:00:00-04:00,46.3222353704706,46.33216131571032,44.7735266043292,45.04157257080078,36700,0.0,0.0
2024-07-18 00:00:00-04:00,45.95491406019047,46.08397028163633,44.07859611231218,44.28707504272461,15200,0.0,0.0
2024-07-19 00:00:00-04:00,44.37642710337718,44.37642710337718,43.403521566349774,43.5027961730957,11200,0.0,0.0
2024-07-22 00:00:00-04:00,43.92967951548092,44.16794385035603,42.67880217186516,43.969390869140625,27300,0.0,0.0
2024-07-23 00:00:00-04:00,43.86018657311669,44.86287363773836,43.86018657311669,44.80331039428711,23700,0.0,0.0
2024-07-24 00:00:00-04:00,44.90258793375146,44.90258793375146,43.23474884033203,43.23474884033203,10400,0.0,0.0
2024-07-25 00:00:00-04:00,44.158016475764036,45.63723228834911,44.038886195508304,44.962154388427734,18300,0.0,0.0
2024-07-26 00:00:00-04:00,46.7590499408566,46.7590499408566,45.52802820164332,46.183250427246094,19500,0.0,0.0
2024-07-29 00:00:00-04:00,45.944986078352656,46.74912399539924,45.83578174290497,46.183250427246094,10200,0.0,0.0
2024-07-30 00:00:00-04:00,46.7689803703642,47.592970190604866,46.7689803703642,47.35470962524414,8200,0.0,0.0
2024-07-31 00:00:00-04:00,47.3745653036234,48.65522436337727,46.937747955322266,46.937747955322266,17200,0.0,0.0
2024-08-01 00:00:00-04:00,51.534230145605,51.534230145605,48.64529540661391,50.18407440185547,24900,0.0,0.0
2024-08-02 00:00:00-04:00,47.602899480090784,47.602899480090784,45.944986335273214,46.57042694091797,24500,0.0,0.0
2024-08-05 00:00:00-04:00,43.92968204932095,45.24012649901199,43.76091446715746,44.10837936401367,17300,0.0,0.0
2024-08-06 00:00:00-04:00,43.63185407634096,46.36194728742268,40.71313381966936,45.39896774291992,15900,0.0,0.0
2024-08-07 00:00:00-04:00,45.69679246701059,45.875489768938735,43.15532646106908,43.19503402709961,15300,0.0,0.0
2024-08-08 00:00:00-04:00,43.49286812580473,44.78345688656181,43.22482215604173,44.56504821777344,15200,0.0,0.0
2024-08-09 00:00:00-04:00,44.08852368603855,44.22750964478104,43.31417118042567,44.10837936401367,18400,0.0,0.0
2024-08-12 00:00:00-04:00,43.88004365028902,44.14808961562307,43.23474738703113,43.39358901977539,15300,0.0,0.0
2024-08-13 00:00:00-04:00,44.031582104059495,44.031582104059495,43.164309498495726,43.802303314208984,10800,0.18,0.0
2024-08-14 00:00:00-04:00,43.86211802313717,44.08142983013069,43.46336997455682,43.77239990234375,8400,0.0,0.0
2024-08-15 00:00:00-04:00,44.66957992729686,45.457101408135195,44.49014369046201,44.779232025146484,18500,0.0,0.0
2024-08-16 00:00:00-04:00,44.76926393956546,45.02844749601419,44.69948360503146,44.71942138671875,12800,0.0,0.0
2024-08-19 00:00:00-04:00,44.968638587863644,45.09823226928711,44.819107124471714,45.09823226928711,5100,0.0,0.0
2024-08-20 00:00:00-04:00,45.128137657899345,45.128137657899345,44.13127136230469,44.13127136230469,7300,0.0,0.0
2024-08-21 00:00:00-04:00,44.53998717374516,45.347450256347656,44.53998717374516,45.347450256347656,11600,0.0,0.0
2024-08-22 00:00:00-04:00,45.0284475265239,45.40725777335303,44.48017183935251,44.85898208618164,19800,0.0,0.0
2024-08-23 00:00:00-04:00,45.73622608338865,47.809705972543135,45.3374780494874,47.65020751953125,24400,0.0,0.0
2024-08-26 00:00:00-04:00,47.57046144181002,48.048956813392984,46.852716483063986,47.06205749511719,28200,0.0,0.0
2024-08-27 00:00:00-04:00,46.64337336874749,46.8427473819402,45.796034763364226,46.1549072265625,11300,0.0,0.0
2024-08-28 00:00:00-04:00,46.38418564927552,46.9025565584394,45.566755624024815,46.8925895690918,26600,0.0,0.0
2024-08-29 00:00:00-04:00,46.44399896166393,47.23152421558749,45.52688002985274,46.753028869628906,26400,0.0,0.0
2024-08-30 00:00:00-04:00,45.74619185422551,47.101930570078274,45.74619185422551,46.8925895690918,26200,0.0,0.0
2024-09-03 00:00:00-04:00,46.83277843438087,46.83277843438087,45.1082001874123,45.666446685791016,12100,0.0,0.0
2024-09-04 00:00:00-04:00,45.12813834154526,45.34745014677624,44.72939029616951,44.78920364379883,10600,0.0,0.0
2024-09-05 00:00:00-04:00,45.536853028332494,45.536853028332494,44.16117646533158,44.460235595703125,8400,0.0,0.0
2024-09-06 00:00:00-04:00,44.001677625891375,44.85898324750482,43.35371681618441,43.852149963378906,12100,0.0,0.0
2024-09-09 00:00:00-04:00,44.111334707379186,45.297604260465775,43.74249523335112,44.33064651489258,30300,0.0,0.0
2024-09-10 00:00:00-04:00,44.11133263234413,45.39729103869114,43.563056942095244,44.769264221191406,20800,0.0,0.0
2024-09-11 00:00:00-04:00,44.390454675757205,45.56675720214844,44.390454675757205,45.56675720214844,15200,0.0,0.0
2024-09-12 00:00:00-04:00,46.10506651561739,46.10506651561739,45.40725934294049,45.806007385253906,9100,0.0,0.0
2024-09-13 00:00:00-04:00,46.22468914542585,47.4608050274023,46.22468914542585,47.241493225097656,8300,0.0,0.0
2024-09-16 00:00:00-04:00,47.74989471760468,47.74989471760468,46.56362145078356,47.35114669799805,8900,0.0,0.0
2024-09-17 00:00:00-04:00,48.088832819790845,48.85641653769833,47.30130751646495,47.94926834106445,18300,0.0,0.0
2024-09-18 00:00:00-04:00,47.211589395798164,49.47447639239985,46.523749203105055,47.94926834106445,14800,0.0,0.0
2024-09-19 00:00:00-04:00,49.45453699954644,50.122435585075195,48.66701172186139,49.554222106933594,14800,0.0,0.0
2024-09-20 00:00:00-04:00,48.16857963597165,49.84331533546265,47.79974016725732,48.12870407104492,62600,0.0,0.0
2024-09-23 00:00:00-04:00,48.15861183134194,48.328077275298696,47.89942446644641,48.118736267089844,13100,0.0,0.0
2024-09-24 00:00:00-04:00,48.706888823768445,49.065761306082074,47.57046183160409,47.67014694213867,37700,0.0,0.0
2024-09-25 00:00:00-04:00,47.29133527303638,47.57046041918345,47.07202727582316,47.420928955078125,8600,0.0,0.0
2024-09-26 00:00:00-04:00,47.84957996660116,48.228390206104784,47.65020595619173,47.909393310546875,15400,0.0,0.0
2024-09-27 00:00:00-04:00,49.13553946476506,49.534283691961654,47.261429808437654,47.96920394897461,13700,0.0,0.0
2024-09-30 00:00:00-04:00,47.460805143592786,48.15861231402606,47.08199488488733,47.799739837646484,17800,0.0,0.0
2024-10-01 00:00:00-04:00,47.8894578127958,47.8894578127958,46.822811179397696,47.101932525634766,10000,0.0,0.0
2024-10-02 00:00:00-04:00,46.8726548581961,46.8726548581961,45.815975189208984,45.815975189208984,6900,0.0,0.0
2024-10-03 00:00:00-04:00,45.14807449982103,45.26769738803287,44.799169021983836,44.9088249206543,8100,0.0,0.0
2024-10-04 00:00:00-04:00,45.83591209413392,45.83591209413392,45.52688217163086,45.52688217163086,5300,0.0,0.0
2024-10-07 00:00:00-04:00,45.68638463583582,45.68638463583582,45.158042907714844,45.158042907714844,4800,0.0,0.0
2024-10-08 00:00:00-04:00,44.90882448029242,45.37735284174721,44.6695787062147,45.36738204956055,7500,0.0,0.0
2024-10-09 00:00:00-04:00,45.85585101141041,45.85585101141041,45.606634429826656,45.72625732421875,6200,0.0,0.0
2024-10-10 00:00:00-04:00,44.86894989013672,45.177979807994184,44.85898290047691,44.86894989013672,7000,0.0,0.0
2024-10-11 00:00:00-04:00,45.496977788570526,46.144942411290415,45.45710222350461,46.134971618652344,7200,0.0,0.0
2024-10-14 00:00:00-04:00,46.25459857004607,46.33434589787641,45.526882813163674,46.04525375366211,11300,0.0,0.0
2024-10-15 00:00:00-04:00,46.174844675494704,46.174844675494704,44.68951608353306,44.75929641723633,20100,0.0,0.0
2024-10-16 00:00:00-04:00,45.457099897378455,46.59353062714446,45.457099897378455,46.523746490478516,9800,0.0,0.0
2024-10-17 00:00:00-04:00,45.85584882200363,46.95240020751953,45.746192922903425,46.95240020751953,17700,0.0,0.0
2024-10-18 00:00:00-04:00,47.09196340473042,47.09196340473042,45.83590979801994,46.19478225708008,6700,0.0,0.0
2024-10-21 00:00:00-04:00,45.73622659548803,45.73622659548803,44.57986184751852,44.91879653930664,12300,0.0,0.0
2024-10-22 00:00:00-04:00,44.41039287713513,45.367383611888144,44.41039287713513,44.9686393737793,7700,0.0,0.0
2024-10-23 00:00:00-04:00,45.048386340438235,45.845882415771484,43.67271359624891,45.845882415771484,12100,0.0,0.0
2024-10-24 00:00:00-04:00,45.85584860845846,46.13496994832782,45.64650760355644,45.97547149658203,14700,0.0,0.0
2024-10-25 00:00:00-04:00,46.852717157476505,47.14180930365974,46.164880763939415,46.23466110229492,7500,0.0,0.0
2024-10-28 00:00:00-04:00,46.95240156800521,47.45083472181734,46.84274946847081,46.9224967956543,22100,0.0,0.0
2024-10-29 00:00:00-04:00,46.344315839088274,48.158612196127244,46.344315839088274,47.241493225097656,21100,0.0,0.0
2024-10-30 00:00:00-04:00,47.68011597682695,52.126138671020705,47.65020740257476,50.85014724731445,28300,0.0,0.0
2024-10-31 00:00:00-04:00,50.411528890507874,51.149211631622684,48.40782928466797,48.40782928466797,18600,0.0,0.0
2024-11-01 00:00:00-04:00,49.51434795051253,49.94300076940093,48.93616746629251,49.80344009399414,16100,0.0,0.0
2024-11-04 00:00:00-05:00,49.89315534927845,50.74049394847375,49.89315534927845,50.37165069580078,12300,0.0,0.0
2024-11-05 00:00:00-05:00,50.84017945224716,52.28563629526162,50.84017945224716,52.04638671875,12800,0.0,0.0
2024-11-06 00:00:00-05:00,54.827647325938855,58.42633533158939,54.817680335995696,57.648780822753906,64000,0.0,0.0
2024-11-07 00:00:00-05:00,57.31981261259029,57.31981261259029,55.844450935586714,56.482444763183594,25500,0.0,0.0
2024-11-08 00:00:00-05:00,56.85128238980232,56.98087607019142,54.907396197681024,55.62513732910156,30900,0.0,0.0
2024-11-11 00:00:00-05:00,56.76156517659483,57.738493684344874,56.143509141639306,57.2599983215332,15300,0.0,0.0
2024-11-12 00:00:00-05:00,56.54999923706055,56.84000015258789,54.47999954223633,55.34000015258789,39900,0.18,0.0
2024-11-13 00:00:00-05:00,55.540000915527344,56.43000030517578,55.540000915527344,55.68000030517578,15200,0.0,0.0
2024-11-14 00:00:00-05:00,55.43000030517578,55.43000030517578,54.29999923706055,54.68000030517578,16292,0.0,0.0
