Date,Open,High,Low,Close,Volume,Dividends,Stock Splits
2022-01-03 00:00:00-05:00,90.91999816894531,91.13500213623047,83.45999908447266,87.05999755859375,582600,0.0,0.0
2022-01-04 00:00:00-05:00,87.54000091552734,87.54000091552734,75.30000305175781,80.44999694824219,1066200,0.0,0.0
2022-01-05 00:00:00-05:00,78.7300033569336,79.875,72.9800033569336,73.4000015258789,551200,0.0,0.0
2022-01-06 00:00:00-05:00,71.01000213623047,74.73999786376953,68.66999816894531,74.29000091552734,1103000,0.0,0.0
2022-01-07 00:00:00-05:00,73.58999633789062,78.48999786376953,72.76000213623047,74.9800033569336,926200,0.0,0.0
2022-01-10 00:00:00-05:00,72.0,75.40499877929688,70.0,75.2699966430664,485000,0.0,0.0
2022-01-11 00:00:00-05:00,75.05999755859375,79.5999984741211,73.55000305175781,77.86000061035156,654800,0.0,0.0
2022-01-12 00:00:00-05:00,79.19999694824219,81.61000061035156,74.38999938964844,74.56999969482422,468900,0.0,0.0
2022-01-13 00:00:00-05:00,74.72000122070312,74.80000305175781,66.37000274658203,67.2300033569336,976900,0.0,0.0
2022-01-14 00:00:00-05:00,65.69999694824219,68.9800033569336,65.11399841308594,67.1500015258789,1009800,0.0,0.0
2022-01-18 00:00:00-05:00,65.23999786376953,70.12999725341797,64.08000183105469,66.25,503000,0.0,0.0
2022-01-19 00:00:00-05:00,66.48999786376953,68.98999786376953,63.880001068115234,64.27999877929688,484700,0.0,0.0
2022-01-20 00:00:00-05:00,65.3499984741211,67.05999755859375,60.709999084472656,60.959999084472656,815800,0.0,0.0
2022-01-21 00:00:00-05:00,59.97999954223633,64.13999938964844,58.779998779296875,60.0099983215332,1325100,0.0,0.0
2022-01-24 00:00:00-05:00,57.119998931884766,65.0,54.20000076293945,64.16000366210938,1151900,0.0,0.0
2022-01-25 00:00:00-05:00,62.5,63.619998931884766,58.33000183105469,60.540000915527344,859500,0.0,0.0
2022-01-26 00:00:00-05:00,63.4900016784668,65.51000213623047,57.67499923706055,58.75,718200,0.0,0.0
2022-01-27 00:00:00-05:00,59.54999923706055,61.63999938964844,56.7400016784668,57.2400016784668,747300,0.0,0.0
2022-01-28 00:00:00-05:00,57.970001220703125,63.459999084472656,55.16999816894531,63.220001220703125,728800,0.0,0.0
2022-01-31 00:00:00-05:00,63.720001220703125,69.12000274658203,63.720001220703125,68.8499984741211,628600,0.0,0.0
2022-02-01 00:00:00-05:00,69.43000030517578,70.76000213623047,65.58999633789062,69.6500015258789,555200,0.0,0.0
2022-02-02 00:00:00-05:00,69.81999969482422,70.52999877929688,65.73999786376953,67.0199966430664,416200,0.0,0.0
2022-02-03 00:00:00-05:00,63.650001525878906,66.33999633789062,60.630001068115234,60.959999084472656,924700,0.0,0.0
2022-02-04 00:00:00-05:00,61.84000015258789,69.55999755859375,60.90999984741211,67.3499984741211,807400,0.0,0.0
2022-02-07 00:00:00-05:00,67.19999694824219,71.4800033569336,67.0,69.68000030517578,802300,0.0,0.0
2022-02-08 00:00:00-05:00,68.79000091552734,72.08000183105469,67.21600341796875,71.63999938964844,467800,0.0,0.0
2022-02-09 00:00:00-05:00,73.0,75.6500015258789,72.72000122070312,75.31999969482422,641200,0.0,0.0
2022-02-10 00:00:00-05:00,73.16999816894531,79.30999755859375,72.0,75.1500015258789,1003500,0.0,0.0
2022-02-11 00:00:00-05:00,75.30999755859375,78.4000015258789,70.5199966430664,71.45999908447266,400100,0.0,0.0
2022-02-14 00:00:00-05:00,71.37000274658203,73.48500061035156,69.47000122070312,70.12999725341797,518400,0.0,0.0
2022-02-15 00:00:00-05:00,72.36000061035156,73.54000091552734,69.23999786376953,72.16000366210938,452000,0.0,0.0
2022-02-16 00:00:00-05:00,71.04000091552734,71.87000274658203,65.44000244140625,68.01000213623047,498100,0.0,0.0
2022-02-17 00:00:00-05:00,66.86000061035156,67.83000183105469,57.810001373291016,58.25,1240700,0.0,0.0
2022-02-18 00:00:00-05:00,58.2599983215332,59.29999923706055,52.290000915527344,52.70000076293945,1641700,0.0,0.0
2022-02-22 00:00:00-05:00,51.52000045776367,56.290000915527344,51.25,53.04999923706055,1352900,0.0,0.0
2022-02-23 00:00:00-05:00,55.70000076293945,57.23500061035156,51.4900016784668,53.4900016784668,1279900,0.0,0.0
2022-02-24 00:00:00-05:00,50.849998474121094,62.79499816894531,48.790000915527344,62.13999938964844,1062400,0.0,0.0
2022-02-25 00:00:00-05:00,62.27000045776367,64.44000244140625,59.36000061035156,64.36000061035156,683200,0.0,0.0
2022-02-28 00:00:00-05:00,63.880001068115234,65.94000244140625,62.81999969482422,65.11000061035156,516800,0.0,0.0
2022-03-01 00:00:00-05:00,65.11000061035156,69.80000305175781,65.05000305175781,67.7699966430664,1101300,0.0,0.0
2022-03-02 00:00:00-05:00,68.44000244140625,69.19999694824219,64.41500091552734,68.19000244140625,444500,0.0,0.0
2022-03-03 00:00:00-05:00,68.48999786376953,68.48999786376953,62.88999938964844,63.790000915527344,488000,0.0,0.0
2022-03-04 00:00:00-05:00,63.599998474121094,66.4000015258789,58.7599983215332,59.33000183105469,647100,0.0,0.0
2022-03-07 00:00:00-05:00,59.880001068115234,61.150001525878906,55.95000076293945,56.029998779296875,753200,0.0,0.0
2022-03-08 00:00:00-05:00,55.189998626708984,60.02000045776367,53.900001525878906,58.2599983215332,922000,0.0,0.0
2022-03-09 00:00:00-05:00,61.16999816894531,65.69000244140625,60.380001068115234,65.44999694824219,735100,0.0,0.0
2022-03-10 00:00:00-05:00,63.59000015258789,67.61499786376953,59.52000045776367,66.4800033569336,558800,0.0,0.0
2022-03-11 00:00:00-05:00,67.51000213623047,68.08000183105469,61.439998626708984,62.220001220703125,411900,0.0,0.0
2022-03-14 00:00:00-04:00,62.0,63.720001220703125,57.11199951171875,58.61000061035156,652900,0.0,0.0
2022-03-15 00:00:00-04:00,58.81999969482422,61.029998779296875,57.560001373291016,60.959999084472656,428200,0.0,0.0
2022-03-16 00:00:00-04:00,62.61000061035156,70.12000274658203,62.61000061035156,70.0199966430664,843900,0.0,0.0
2022-03-17 00:00:00-04:00,69.30999755859375,74.11000061035156,66.7699966430664,73.44999694824219,974200,0.0,0.0
2022-03-18 00:00:00-04:00,73.62000274658203,79.1500015258789,72.2699966430664,78.48999786376953,947600,0.0,0.0
2022-03-21 00:00:00-04:00,77.16999816894531,78.4800033569336,73.56999969482422,75.75,491100,0.0,0.0
2022-03-22 00:00:00-04:00,75.5199966430664,79.0,74.95999908447266,78.16999816894531,482300,0.0,0.0
2022-03-23 00:00:00-04:00,76.66999816894531,83.81999969482422,75.69999694824219,80.25,712100,0.0,0.0
2022-03-24 00:00:00-04:00,80.22000122070312,81.86000061035156,77.2699966430664,81.29000091552734,469200,0.0,0.0
2022-03-25 00:00:00-04:00,81.44000244140625,81.81999969482422,75.66999816894531,77.7300033569336,481800,0.0,0.0
2022-03-28 00:00:00-04:00,77.47000122070312,79.19000244140625,74.21600341796875,78.12000274658203,480300,0.0,0.0
2022-03-29 00:00:00-04:00,79.66000366210938,82.83999633789062,78.05999755859375,82.26000213623047,311400,0.0,0.0
2022-03-30 00:00:00-04:00,81.51000213623047,82.98999786376953,79.29000091552734,79.72000122070312,390900,0.0,0.0
2022-03-31 00:00:00-04:00,79.76000213623047,82.25,79.23999786376953,80.12000274658203,388900,0.0,0.0
2022-04-01 00:00:00-04:00,79.91999816894531,84.4800033569336,79.91999816894531,82.87000274658203,468300,0.0,0.0
2022-04-04 00:00:00-04:00,83.3499984741211,85.73999786376953,82.31999969482422,83.47000122070312,478200,0.0,0.0
2022-04-05 00:00:00-04:00,85.19999694824219,85.98999786376953,78.5999984741211,79.63999938964844,624500,0.0,0.0
2022-04-06 00:00:00-04:00,76.66999816894531,78.93000030517578,75.0,76.91000366210938,565300,0.0,0.0
2022-04-07 00:00:00-04:00,76.16000366210938,79.05999755859375,73.80000305175781,75.45999908447266,403200,0.0,0.0
2022-04-08 00:00:00-04:00,74.55000305175781,75.0,71.86000061035156,72.4000015258789,312600,0.0,0.0
2022-04-11 00:00:00-04:00,71.08000183105469,73.66000366210938,69.51499938964844,72.19999694824219,363500,0.0,0.0
2022-04-12 00:00:00-04:00,74.08999633789062,76.98999786376953,73.09500122070312,74.1500015258789,420500,0.0,0.0
2022-04-13 00:00:00-04:00,73.63999938964844,77.13999938964844,72.06999969482422,75.68000030517578,294500,0.0,0.0
2022-04-14 00:00:00-04:00,75.37000274658203,75.37000274658203,71.30999755859375,72.16000366210938,352700,0.0,0.0
2022-04-18 00:00:00-04:00,72.0,72.0,67.81999969482422,69.91000366210938,291700,0.0,0.0
2022-04-19 00:00:00-04:00,70.48999786376953,73.5,68.58999633789062,73.2300033569336,334100,0.0,0.0
2022-04-20 00:00:00-04:00,74.04000091552734,74.04000091552734,67.12999725341797,68.0,298400,0.0,0.0
2022-04-21 00:00:00-04:00,68.9000015258789,70.40499877929688,63.20000076293945,64.0,436400,0.0,0.0
2022-04-22 00:00:00-04:00,63.849998474121094,65.95999908447266,61.93000030517578,62.310001373291016,296200,0.0,0.0
2022-04-25 00:00:00-04:00,61.880001068115234,65.58000183105469,60.869998931884766,65.30999755859375,458800,0.0,0.0
2022-04-26 00:00:00-04:00,64.1500015258789,64.18000030517578,60.5099983215332,60.790000915527344,417500,0.0,0.0
2022-04-27 00:00:00-04:00,61.2599983215332,63.16999816894531,58.755001068115234,60.68000030517578,412600,0.0,0.0
2022-04-28 00:00:00-04:00,62.15999984741211,64.44000244140625,59.209999084472656,63.66999816894531,325400,0.0,0.0
2022-04-29 00:00:00-04:00,62.58000183105469,65.79000091552734,61.18000030517578,61.279998779296875,448100,0.0,0.0
2022-05-02 00:00:00-04:00,62.119998931884766,64.47000122070312,60.310001373291016,64.16000366210938,508600,0.0,0.0
2022-05-03 00:00:00-04:00,62.33000183105469,65.70999908447266,61.4900016784668,62.61000061035156,839800,0.0,0.0
2022-05-04 00:00:00-04:00,58.97999954223633,59.65999984741211,46.84000015258789,58.209999084472656,2347100,0.0,0.0
2022-05-05 00:00:00-04:00,57.189998626708984,58.5,53.1150016784668,55.470001220703125,901300,0.0,0.0
2022-05-06 00:00:00-04:00,54.529998779296875,54.650001525878906,50.150001525878906,51.83000183105469,742200,0.0,0.0
2022-05-09 00:00:00-04:00,50.08000183105469,50.75,45.47999954223633,45.86000061035156,617200,0.0,0.0
2022-05-10 00:00:00-04:00,47.63999938964844,49.689998626708984,43.5,47.470001220703125,1035000,0.0,0.0
2022-05-11 00:00:00-04:00,46.209999084472656,47.63999938964844,40.029998779296875,40.540000915527344,1140800,0.0,0.0
2022-05-12 00:00:00-04:00,38.869998931884766,44.77000045776367,38.39099884033203,42.529998779296875,1189600,0.0,0.0
2022-05-13 00:00:00-04:00,43.27000045776367,50.72999954223633,43.27000045776367,50.27000045776367,1402300,0.0,0.0
2022-05-16 00:00:00-04:00,49.869998931884766,50.560001373291016,43.005001068115234,43.61000061035156,950800,0.0,0.0
2022-05-17 00:00:00-04:00,44.7599983215332,46.70000076293945,40.4900016784668,44.06999969482422,1148100,0.0,0.0
2022-05-18 00:00:00-04:00,42.63999938964844,44.654998779296875,40.459999084472656,41.41999816894531,632600,0.0,0.0
2022-05-19 00:00:00-04:00,41.7599983215332,50.81999969482422,41.33000183105469,48.06999969482422,1582500,0.0,0.0
2022-05-20 00:00:00-04:00,49.349998474121094,50.2599983215332,44.89500045776367,47.209999084472656,789600,0.0,0.0
2022-05-23 00:00:00-04:00,47.13999938964844,47.779998779296875,44.104000091552734,47.7400016784668,626100,0.0,0.0
2022-05-24 00:00:00-04:00,45.79999923706055,45.79999923706055,38.70000076293945,40.02000045776367,1268700,0.0,0.0
2022-05-25 00:00:00-04:00,39.290000915527344,43.79999923706055,39.290000915527344,43.220001220703125,534400,0.0,0.0
2022-05-26 00:00:00-04:00,42.43000030517578,48.029998779296875,42.209999084472656,47.63999938964844,813900,0.0,0.0
2022-05-27 00:00:00-04:00,48.33000183105469,53.79999923706055,48.33000183105469,53.220001220703125,875700,0.0,0.0
2022-05-31 00:00:00-04:00,52.84000015258789,53.970001220703125,50.33000183105469,50.93000030517578,883900,0.0,0.0
2022-06-01 00:00:00-04:00,51.72999954223633,54.13999938964844,50.779998779296875,51.68000030517578,627200,0.0,0.0
2022-06-02 00:00:00-04:00,51.13999938964844,59.34000015258789,51.0,59.13999938964844,1133300,0.0,0.0
2022-06-03 00:00:00-04:00,57.5099983215332,58.84000015258789,53.650001525878906,53.88999938964844,680400,0.0,0.0
2022-06-06 00:00:00-04:00,55.58000183105469,56.47999954223633,52.7400016784668,54.279998779296875,351700,0.0,0.0
2022-06-07 00:00:00-04:00,53.29999923706055,59.36000061035156,52.375,58.83000183105469,541400,0.0,0.0
2022-06-08 00:00:00-04:00,58.31999969482422,59.900001525878906,55.459999084472656,56.68000030517578,508800,0.0,0.0
2022-06-09 00:00:00-04:00,55.7400016784668,56.81999969482422,53.02000045776367,53.369998931884766,454900,0.0,0.0
2022-06-10 00:00:00-04:00,51.810001373291016,52.630001068115234,49.47999954223633,50.939998626708984,486000,0.0,0.0
2022-06-13 00:00:00-04:00,48.02000045776367,48.529998779296875,44.75,45.380001068115234,700600,0.0,0.0
2022-06-14 00:00:00-04:00,46.0,48.33000183105469,44.369998931884766,46.97999954223633,457600,0.0,0.0
2022-06-15 00:00:00-04:00,48.040000915527344,52.41999816894531,47.189998626708984,50.810001373291016,542400,0.0,0.0
2022-06-16 00:00:00-04:00,48.189998626708984,49.61000061035156,46.310001373291016,48.099998474121094,515000,0.0,0.0
2022-06-17 00:00:00-04:00,49.130001068115234,53.68000030517578,49.08000183105469,52.33000183105469,1035600,0.0,0.0
2022-06-21 00:00:00-04:00,52.689998626708984,55.9900016784668,52.689998626708984,54.58000183105469,440000,0.0,0.0
2022-06-22 00:00:00-04:00,53.4900016784668,58.43000030517578,52.529998779296875,56.47999954223633,505700,0.0,0.0
2022-06-23 00:00:00-04:00,57.040000915527344,61.810001373291016,55.90999984741211,61.09000015258789,579800,0.0,0.0
2022-06-24 00:00:00-04:00,61.869998931884766,69.80000305175781,61.290000915527344,69.62999725341797,1632000,0.0,0.0
2022-06-27 00:00:00-04:00,69.62999725341797,70.41999816894531,62.0,62.939998626708984,858500,0.0,0.0
2022-06-28 00:00:00-04:00,62.4900016784668,63.779998779296875,57.61000061035156,59.13999938964844,473200,0.0,0.0
2022-06-29 00:00:00-04:00,59.02000045776367,61.25,57.27000045776367,58.849998474121094,473000,0.0,0.0
2022-06-30 00:00:00-04:00,57.56999969482422,59.119998931884766,54.2599983215332,58.06999969482422,680100,0.0,0.0
2022-07-01 00:00:00-04:00,57.88999938964844,60.150001525878906,56.79999923706055,58.279998779296875,479400,0.0,0.0
2022-07-05 00:00:00-04:00,57.68000030517578,63.130001068115234,55.70000076293945,63.119998931884766,389000,0.0,0.0
2022-07-06 00:00:00-04:00,63.97999954223633,65.62000274658203,60.029998779296875,62.43000030517578,388600,0.0,0.0
2022-07-07 00:00:00-04:00,62.0,65.23999786376953,62.0,64.87999725341797,327400,0.0,0.0
2022-07-08 00:00:00-04:00,62.93000030517578,66.3499984741211,62.060001373291016,65.02999877929688,271200,0.0,0.0
2022-07-11 00:00:00-04:00,63.43000030517578,64.30999755859375,61.209999084472656,62.33000183105469,264500,0.0,0.0
2022-07-12 00:00:00-04:00,62.45000076293945,64.73999786376953,57.45000076293945,58.91999816894531,369600,0.0,0.0
2022-07-13 00:00:00-04:00,56.709999084472656,60.86000061035156,55.45000076293945,58.27000045776367,221200,0.0,0.0
2022-07-14 00:00:00-04:00,56.77000045776367,56.91999816894531,50.56999969482422,54.470001220703125,617500,0.0,0.0
2022-07-15 00:00:00-04:00,56.130001068115234,56.4900016784668,53.33000183105469,56.04999923706055,639700,0.0,0.0
2022-07-18 00:00:00-04:00,57.400001525878906,58.91999816894531,55.31999969482422,55.45000076293945,404300,0.0,0.0
2022-07-19 00:00:00-04:00,56.810001373291016,56.810001373291016,52.7400016784668,53.93000030517578,607600,0.0,0.0
2022-07-20 00:00:00-04:00,54.470001220703125,59.099998474121094,54.470001220703125,58.06999969482422,504000,0.0,0.0
2022-07-21 00:00:00-04:00,57.880001068115234,60.4900016784668,57.36000061035156,59.7400016784668,393000,0.0,0.0
2022-07-22 00:00:00-04:00,59.060001373291016,60.43000030517578,53.709999084472656,54.36000061035156,668900,0.0,0.0
2022-07-25 00:00:00-04:00,54.099998474121094,54.63999938964844,51.93000030517578,54.2400016784668,367000,0.0,0.0
2022-07-26 00:00:00-04:00,53.779998779296875,53.84000015258789,48.56999969482422,49.290000915527344,740200,0.0,0.0
2022-07-27 00:00:00-04:00,50.33000183105469,53.310001373291016,49.959999084472656,52.650001525878906,502400,0.0,0.0
2022-07-28 00:00:00-04:00,52.119998931884766,54.41999816894531,50.57500076293945,51.59000015258789,695200,0.0,0.0
2022-07-29 00:00:00-04:00,51.72999954223633,54.27000045776367,51.63999938964844,52.099998474121094,652400,0.0,0.0
2022-08-01 00:00:00-04:00,51.369998931884766,55.54999923706055,49.900001525878906,51.93000030517578,566000,0.0,0.0
2022-08-02 00:00:00-04:00,50.599998474121094,52.61000061035156,49.97999954223633,52.0,902800,0.0,0.0
2022-08-03 00:00:00-04:00,55.970001220703125,59.53499984741211,52.869998931884766,58.90999984741211,1176000,0.0,0.0
2022-08-04 00:00:00-04:00,58.02000045776367,59.279998779296875,56.33000183105469,58.27000045776367,473100,0.0,0.0
2022-08-05 00:00:00-04:00,56.70000076293945,61.52000045776367,56.2400016784668,61.369998931884766,512000,0.0,0.0
2022-08-08 00:00:00-04:00,61.650001525878906,66.30999755859375,61.060001373291016,64.26000213623047,674700,0.0,0.0
2022-08-09 00:00:00-04:00,62.40999984741211,63.72999954223633,60.790000915527344,63.2400016784668,382200,0.0,0.0
2022-08-10 00:00:00-04:00,66.72000122070312,66.95999908447266,64.2699966430664,66.80000305175781,451000,0.0,0.0
2022-08-11 00:00:00-04:00,67.76000213623047,68.37999725341797,63.88999938964844,64.54000091552734,597800,0.0,0.0
2022-08-12 00:00:00-04:00,64.80000305175781,66.5,63.41999816894531,66.18000030517578,236400,0.0,0.0
2022-08-15 00:00:00-04:00,65.52999877929688,67.29000091552734,64.33000183105469,64.94000244140625,316900,0.0,0.0
2022-08-16 00:00:00-04:00,64.22000122070312,64.3499984741211,61.709999084472656,64.0,369700,0.0,0.0
2022-08-17 00:00:00-04:00,61.95000076293945,62.775001525878906,60.4900016784668,61.22999954223633,258000,0.0,0.0
2022-08-18 00:00:00-04:00,60.650001525878906,63.650001525878906,60.0099983215332,62.86000061035156,279000,0.0,0.0
2022-08-19 00:00:00-04:00,60.97999954223633,61.91999816894531,60.279998779296875,60.34000015258789,511600,0.0,0.0
2022-08-22 00:00:00-04:00,59.08000183105469,60.040000915527344,58.02399826049805,59.65999984741211,302700,0.0,0.0
2022-08-23 00:00:00-04:00,60.08000183105469,62.25,59.75,59.91999816894531,250500,0.0,0.0
2022-08-24 00:00:00-04:00,60.84000015258789,62.935001373291016,59.900001525878906,61.369998931884766,225800,0.0,0.0
2022-08-25 00:00:00-04:00,62.13999938964844,63.09000015258789,60.939998626708984,62.939998626708984,194700,0.0,0.0
2022-08-26 00:00:00-04:00,63.09000015258789,64.37999725341797,58.84400177001953,59.9900016784668,335000,0.0,0.0
2022-08-29 00:00:00-04:00,58.5,60.709999084472656,57.41999816894531,57.5099983215332,329800,0.0,0.0
2022-08-30 00:00:00-04:00,58.45000076293945,59.61000061035156,56.439998626708984,58.5099983215332,343800,0.0,0.0
2022-08-31 00:00:00-04:00,59.54999923706055,61.974998474121094,58.2599983215332,60.040000915527344,403000,0.0,0.0
2022-09-01 00:00:00-04:00,58.04999923706055,58.04999923706055,55.263999938964844,57.529998779296875,491800,0.0,0.0
2022-09-02 00:00:00-04:00,59.38999938964844,60.369998931884766,55.84000015258789,56.61000061035156,469400,0.0,0.0
2022-09-06 00:00:00-04:00,56.38999938964844,57.45000076293945,54.43000030517578,56.86000061035156,283700,0.0,0.0
2022-09-07 00:00:00-04:00,57.029998779296875,59.900001525878906,56.529998779296875,59.68000030517578,304500,0.0,0.0
2022-09-08 00:00:00-04:00,58.2400016784668,61.380001068115234,57.349998474121094,61.310001373291016,264800,0.0,0.0
2022-09-09 00:00:00-04:00,62.70000076293945,66.87999725341797,62.29999923706055,66.29000091552734,448200,0.0,0.0
2022-09-12 00:00:00-04:00,66.29000091552734,69.55000305175781,65.02300262451172,68.1500015258789,559300,0.0,0.0
2022-09-13 00:00:00-04:00,63.349998474121094,64.30000305175781,61.56999969482422,61.939998626708984,366100,0.0,0.0
2022-09-14 00:00:00-04:00,61.97999954223633,62.48500061035156,60.189998626708984,62.119998931884766,392700,0.0,0.0
2022-09-15 00:00:00-04:00,60.33000183105469,66.63999938964844,60.150001525878906,66.47000122070312,501600,0.0,0.0
2022-09-16 00:00:00-04:00,64.62000274658203,67.0999984741211,63.59000015258789,65.16000366210938,715400,0.0,0.0
2022-09-19 00:00:00-04:00,64.23999786376953,67.5,64.23999786376953,67.41000366210938,406600,0.0,0.0
2022-09-20 00:00:00-04:00,66.33999633789062,67.61000061035156,65.25,66.08000183105469,491300,0.0,0.0
2022-09-21 00:00:00-04:00,66.63999938964844,69.36000061035156,65.36000061035156,65.4800033569336,379400,0.0,0.0
2022-09-22 00:00:00-04:00,64.76000213623047,65.2300033569336,58.05500030517578,59.77000045776367,432400,0.0,0.0
2022-09-23 00:00:00-04:00,58.650001525878906,59.64500045776367,57.040000915527344,57.86000061035156,409100,0.0,0.0
2022-09-26 00:00:00-04:00,57.5099983215332,61.79499816894531,57.209999084472656,58.619998931884766,509300,0.0,0.0
2022-09-27 00:00:00-04:00,60.25,61.7400016784668,58.165000915527344,60.189998626708984,313000,0.0,0.0
2022-09-28 00:00:00-04:00,59.9900016784668,63.810001373291016,59.65999984741211,63.209999084472656,250100,0.0,0.0
2022-09-29 00:00:00-04:00,60.959999084472656,61.709999084472656,58.2130012512207,60.09000015258789,489000,0.0,0.0
2022-09-30 00:00:00-04:00,59.650001525878906,64.33999633789062,59.04999923706055,60.68000030517578,439200,0.0,0.0
2022-10-03 00:00:00-04:00,60.68000030517578,63.95000076293945,60.09000015258789,63.45000076293945,276500,0.0,0.0
2022-10-04 00:00:00-04:00,66.12999725341797,69.375,65.63999938964844,68.48999786376953,459300,0.0,0.0
2022-10-05 00:00:00-04:00,66.43000030517578,68.5,65.5,67.45999908447266,470200,0.0,0.0
2022-10-06 00:00:00-04:00,67.5,69.44999694824219,67.11000061035156,69.12999725341797,461000,0.0,0.0
2022-10-07 00:00:00-04:00,67.31999969482422,67.31999969482422,60.95000076293945,61.97999954223633,371700,0.0,0.0
2022-10-10 00:00:00-04:00,61.790000915527344,61.790000915527344,53.70000076293945,55.34000015258789,609500,0.0,0.0
2022-10-11 00:00:00-04:00,54.58000183105469,57.810001373291016,52.2599983215332,55.16999816894531,770200,0.0,0.0
2022-10-12 00:00:00-04:00,55.060001373291016,55.30500030517578,51.7400016784668,51.93000030517578,925900,0.0,0.0
2022-10-13 00:00:00-04:00,48.93000030517578,56.09000015258789,47.52000045776367,55.400001525878906,721100,0.0,0.0
2022-10-14 00:00:00-04:00,56.61000061035156,57.65999984741211,52.79499816894531,54.189998626708984,355600,0.0,0.0
2022-10-17 00:00:00-04:00,57.83000183105469,60.763999938964844,57.66999816894531,60.18000030517578,755600,0.0,0.0
2022-10-18 00:00:00-04:00,63.65999984741211,65.05000305175781,59.279998779296875,60.5099983215332,554100,0.0,0.0
2022-10-19 00:00:00-04:00,59.5099983215332,60.81999969482422,56.970001220703125,58.150001525878906,372400,0.0,0.0
2022-10-20 00:00:00-04:00,58.15999984741211,61.189998626708984,57.10499954223633,58.060001373291016,284400,0.0,0.0
2022-10-21 00:00:00-04:00,57.900001525878906,58.75699996948242,54.369998931884766,58.18000030517578,451900,0.0,0.0
2022-10-24 00:00:00-04:00,58.18000030517578,58.18000030517578,55.63999938964844,57.619998931884766,265400,0.0,0.0
2022-10-25 00:00:00-04:00,58.08000183105469,60.79999923706055,57.150001525878906,58.86000061035156,514400,0.0,0.0
2022-10-26 00:00:00-04:00,58.04999923706055,60.29999923706055,56.150001525878906,56.380001068115234,457400,0.0,0.0
2022-10-27 00:00:00-04:00,56.880001068115234,60.9900016784668,56.880001068115234,59.47999954223633,399300,0.0,0.0
2022-10-28 00:00:00-04:00,59.61000061035156,60.5,57.560001373291016,60.459999084472656,443300,0.0,0.0
2022-10-31 00:00:00-04:00,59.68000030517578,60.720001220703125,58.93000030517578,60.33000183105469,399000,0.0,0.0
2022-11-01 00:00:00-04:00,61.63999938964844,62.34000015258789,55.790000915527344,55.939998626708984,355100,0.0,0.0
2022-11-02 00:00:00-04:00,56.4900016784668,56.4900016784668,46.619998931884766,47.029998779296875,1281800,0.0,0.0
2022-11-03 00:00:00-04:00,47.65999984741211,49.81999969482422,46.41999816894531,47.65999984741211,882700,0.0,0.0
2022-11-04 00:00:00-04:00,48.04999923706055,54.01499938964844,46.2400016784668,47.90999984741211,1714300,0.0,0.0
2022-11-07 00:00:00-05:00,48.72999954223633,52.57500076293945,45.689998626708984,51.4900016784668,1006400,0.0,0.0
2022-11-08 00:00:00-05:00,52.08000183105469,53.90999984741211,49.03900146484375,53.08000183105469,572800,0.0,0.0
2022-11-09 00:00:00-05:00,51.939998626708984,54.45000076293945,50.92499923706055,54.0,598600,0.0,0.0
2022-11-10 00:00:00-05:00,60.0,65.80000305175781,59.525001525878906,64.30000305175781,937600,0.0,0.0
2022-11-11 00:00:00-05:00,63.900001525878906,69.62000274658203,61.369998931884766,68.97000122070312,1022800,0.0,0.0
2022-11-14 00:00:00-05:00,67.70999908447266,67.70999908447266,64.47000122070312,65.79000091552734,605800,0.0,0.0
2022-11-15 00:00:00-05:00,68.27999877929688,68.79000091552734,63.900001525878906,67.54000091552734,498400,0.0,0.0
2022-11-16 00:00:00-05:00,66.48999786376953,66.48999786376953,61.02000045776367,62.11000061035156,717700,0.0,0.0
2022-11-17 00:00:00-05:00,61.0,63.27000045776367,59.0,62.29999923706055,430200,0.0,0.0
2022-11-18 00:00:00-05:00,64.5199966430664,64.5199966430664,58.81999969482422,59.25,460100,0.0,0.0
2022-11-21 00:00:00-05:00,57.72999954223633,60.75,57.349998474121094,60.16999816894531,481200,0.0,0.0
2022-11-22 00:00:00-05:00,60.0,61.060001373291016,58.099998474121094,60.630001068115234,428000,0.0,0.0
2022-11-23 00:00:00-05:00,60.20000076293945,61.54999923706055,59.54999923706055,60.47999954223633,406300,0.0,0.0
2022-11-25 00:00:00-05:00,59.90999984741211,60.18000030517578,58.11000061035156,59.630001068115234,228700,0.0,0.0
2022-11-28 00:00:00-05:00,58.779998779296875,60.3849983215332,57.61000061035156,57.86000061035156,670400,0.0,0.0
2022-11-29 00:00:00-05:00,57.970001220703125,60.130001068115234,52.67499923706055,55.15999984741211,564100,0.0,0.0
2022-11-30 00:00:00-05:00,55.529998779296875,59.84000015258789,54.900001525878906,59.29999923706055,783400,0.0,0.0
2022-12-01 00:00:00-05:00,59.939998626708984,60.75699996948242,56.93000030517578,59.599998474121094,440000,0.0,0.0
2022-12-02 00:00:00-05:00,58.310001373291016,62.178001403808594,55.70899963378906,62.02000045776367,564700,0.0,0.0
2022-12-05 00:00:00-05:00,61.56999969482422,62.46500015258789,59.02000045776367,60.08000183105469,556800,0.0,0.0
2022-12-06 00:00:00-05:00,59.61000061035156,60.54999923706055,57.06100082397461,57.88999938964844,526700,0.0,0.0
2022-12-07 00:00:00-05:00,57.33000183105469,59.9900016784668,55.689998626708984,56.08000183105469,387900,0.0,0.0
2022-12-08 00:00:00-05:00,56.86000061035156,61.029998779296875,55.849998474121094,59.209999084472656,521800,0.0,0.0
2022-12-09 00:00:00-05:00,59.060001373291016,59.9900016784668,57.27000045776367,59.16999816894531,385900,0.0,0.0
2022-12-12 00:00:00-05:00,59.08000183105469,63.244998931884766,58.56999969482422,61.31999969482422,554600,0.0,0.0
2022-12-13 00:00:00-05:00,66.52999877929688,67.91000366210938,62.41999816894531,65.29000091552734,820200,0.0,0.0
2022-12-14 00:00:00-05:00,64.98999786376953,66.44999694824219,62.79999923706055,64.27999877929688,822800,0.0,0.0
2022-12-15 00:00:00-05:00,62.0,62.130001068115234,56.83000183105469,59.16999816894531,1042200,0.0,0.0
2022-12-16 00:00:00-05:00,58.470001220703125,62.33000183105469,57.560001373291016,59.290000915527344,1160100,0.0,0.0
2022-12-19 00:00:00-05:00,58.84000015258789,59.560001373291016,54.970001220703125,56.0099983215332,870800,0.0,0.0
2022-12-20 00:00:00-05:00,55.060001373291016,58.119998931884766,54.334999084472656,56.86000061035156,443600,0.0,0.0
2022-12-21 00:00:00-05:00,57.2400016784668,58.5,55.2599983215332,57.709999084472656,481700,0.0,0.0
2022-12-22 00:00:00-05:00,56.380001068115234,57.90999984741211,55.61000061035156,57.099998474121094,437700,0.0,0.0
2022-12-23 00:00:00-05:00,56.5,56.5099983215332,54.56999969482422,55.97999954223633,225500,0.0,0.0
2022-12-27 00:00:00-05:00,55.84000015258789,55.84000015258789,52.540000915527344,53.5,468700,0.0,0.0
2022-12-28 00:00:00-05:00,53.36000061035156,54.36000061035156,51.5099983215332,51.75,321700,0.0,0.0
2022-12-29 00:00:00-05:00,52.7599983215332,57.470001220703125,52.0099983215332,56.099998474121094,652500,0.0,0.0
2022-12-30 00:00:00-05:00,54.27000045776367,57.099998474121094,54.27000045776367,56.459999084472656,411100,0.0,0.0
2023-01-03 00:00:00-05:00,57.790000915527344,58.84000015258789,54.90999984741211,57.93000030517578,857100,0.0,0.0
2023-01-04 00:00:00-05:00,59.290000915527344,59.459999084472656,55.625,56.47999954223633,434200,0.0,0.0
2023-01-05 00:00:00-05:00,55.060001373291016,55.650001525878906,52.33000183105469,53.20000076293945,463300,0.0,0.0
2023-01-06 00:00:00-05:00,53.59000015258789,53.84000015258789,51.18000030517578,51.65999984741211,495300,0.0,0.0
2023-01-09 00:00:00-05:00,52.45000076293945,54.029998779296875,51.43000030517578,52.83000183105469,901600,0.0,0.0
2023-01-10 00:00:00-05:00,52.4900016784668,55.029998779296875,51.41999816894531,54.59000015258789,412000,0.0,0.0
2023-01-11 00:00:00-05:00,55.0,59.84000015258789,54.349998474121094,59.4900016784668,750600,0.0,0.0
2023-01-12 00:00:00-05:00,59.90999984741211,60.53499984741211,58.14500045776367,59.31999969482422,653200,0.0,0.0
2023-01-13 00:00:00-05:00,58.060001373291016,58.650001525878906,56.04999923706055,57.81999969482422,613000,0.0,0.0
2023-01-17 00:00:00-05:00,57.36000061035156,59.66999816894531,56.43000030517578,59.47999954223633,712200,0.0,0.0
2023-01-18 00:00:00-05:00,61.86000061035156,63.720001220703125,59.560001373291016,62.22999954223633,913800,0.0,0.0
2023-01-19 00:00:00-05:00,61.2400016784668,62.518001556396484,58.709999084472656,58.7599983215332,502300,0.0,0.0
2023-01-20 00:00:00-05:00,59.97999954223633,62.20000076293945,59.18000030517578,60.06999969482422,421000,0.0,0.0
2023-01-23 00:00:00-05:00,60.20000076293945,63.06999969482422,59.310001373291016,62.91999816894531,358300,0.0,0.0
2023-01-24 00:00:00-05:00,62.29999923706055,64.8759994506836,61.862998962402344,63.41999816894531,477900,0.0,0.0
2023-01-25 00:00:00-05:00,60.81999969482422,64.37000274658203,58.029998779296875,63.77000045776367,563300,0.0,0.0
2023-01-26 00:00:00-05:00,65.58999633789062,66.5,62.11000061035156,64.62000274658203,551400,0.0,0.0
2023-01-27 00:00:00-05:00,64.73999786376953,66.08000183105469,62.86000061035156,65.62999725341797,562300,0.0,0.0
2023-01-30 00:00:00-05:00,64.12999725341797,65.19000244140625,62.2599983215332,63.099998474121094,298900,0.0,0.0
2023-01-31 00:00:00-05:00,63.43000030517578,64.8499984741211,62.93000030517578,63.970001220703125,447600,0.0,0.0
2023-02-01 00:00:00-05:00,63.68000030517578,64.66000366210938,60.08000183105469,64.3499984741211,1287800,0.0,0.0
2023-02-02 00:00:00-05:00,67.54000091552734,74.06999969482422,67.53500366210938,70.9000015258789,1718400,0.0,0.0
2023-02-03 00:00:00-05:00,67.58000183105469,71.16000366210938,64.06999969482422,64.22000122070312,860100,0.0,0.0
2023-02-06 00:00:00-05:00,62.959999084472656,64.68000030517578,61.959999084472656,62.20000076293945,528000,0.0,0.0
2023-02-07 00:00:00-05:00,61.869998931884766,64.19000244140625,59.79499816894531,64.05000305175781,493600,0.0,0.0
2023-02-08 00:00:00-05:00,64.55999755859375,64.98999786376953,61.70000076293945,62.08000183105469,423800,0.0,0.0
2023-02-09 00:00:00-05:00,63.349998474121094,64.86000061035156,61.13999938964844,61.45000076293945,598600,0.0,0.0
2023-02-10 00:00:00-05:00,60.08000183105469,61.2599983215332,59.810001373291016,60.93000030517578,616700,0.0,0.0
2023-02-13 00:00:00-05:00,59.459999084472656,62.25,59.209999084472656,60.95000076293945,699600,0.0,0.0
2023-02-14 00:00:00-05:00,59.65999984741211,64.4800033569336,58.43000030517578,61.95000076293945,570200,0.0,0.0
2023-02-15 00:00:00-05:00,61.130001068115234,65.08999633789062,60.790000915527344,64.80999755859375,388700,0.0,0.0
2023-02-16 00:00:00-05:00,62.869998931884766,63.84000015258789,61.08000183105469,62.29999923706055,438300,0.0,0.0
2023-02-17 00:00:00-05:00,62.0099983215332,62.06999969482422,60.369998931884766,60.9900016784668,623200,0.0,0.0
2023-02-21 00:00:00-05:00,59.130001068115234,60.130001068115234,57.790000915527344,58.630001068115234,847200,0.0,0.0
2023-02-22 00:00:00-05:00,64.47000122070312,68.30000305175781,61.63800048828125,63.400001525878906,2121700,0.0,0.0
2023-02-23 00:00:00-05:00,64.83999633789062,64.83999633789062,61.68000030517578,64.12999725341797,794900,0.0,0.0
2023-02-24 00:00:00-05:00,62.16999816894531,63.630001068115234,60.38999938964844,62.29999923706055,723000,0.0,0.0
2023-02-27 00:00:00-05:00,63.459999084472656,64.19999694824219,61.154998779296875,61.650001525878906,467700,0.0,0.0
2023-02-28 00:00:00-05:00,61.65999984741211,63.55500030517578,60.7400016784668,60.97999954223633,373600,0.0,0.0
2023-03-01 00:00:00-05:00,61.279998779296875,62.029998779296875,60.47999954223633,60.880001068115234,324500,0.0,0.0
2023-03-02 00:00:00-05:00,61.130001068115234,63.810001373291016,60.209999084472656,63.5099983215332,428800,0.0,0.0
2023-03-03 00:00:00-05:00,64.37000274658203,66.45999908447266,63.0099983215332,66.37000274658203,654900,0.0,0.0
2023-03-06 00:00:00-05:00,66.37000274658203,66.5,64.75,65.58999633789062,408300,0.0,0.0
2023-03-07 00:00:00-05:00,66.0,67.41799926757812,64.7699966430664,65.43000030517578,525700,0.0,0.0
2023-03-08 00:00:00-05:00,65.44999694824219,65.48400115966797,63.07500076293945,63.599998474121094,508900,0.0,0.0
2023-03-09 00:00:00-05:00,64.23999786376953,64.47000122070312,59.869998931884766,60.130001068115234,395200,0.0,0.0
2023-03-10 00:00:00-05:00,58.880001068115234,59.0,55.040000915527344,57.029998779296875,865200,0.0,0.0
2023-03-13 00:00:00-04:00,56.16999816894531,59.91999816894531,54.650001525878906,57.61000061035156,646200,0.0,0.0
2023-03-14 00:00:00-04:00,59.279998779296875,60.93000030517578,57.59000015258789,59.244998931884766,432100,0.0,0.0
2023-03-15 00:00:00-04:00,58.40999984741211,60.81999969482422,57.959999084472656,60.66999816894531,436700,0.0,0.0
2023-03-16 00:00:00-04:00,59.810001373291016,61.54999923706055,58.709999084472656,60.040000915527344,553100,0.0,0.0
2023-03-17 00:00:00-04:00,59.52000045776367,61.70000076293945,58.77000045776367,61.09000015258789,709100,0.0,0.0
2023-03-20 00:00:00-04:00,60.88999938964844,62.31999969482422,59.349998474121094,62.150001525878906,417500,0.0,0.0
2023-03-21 00:00:00-04:00,63.18000030517578,65.9000015258789,62.689998626708984,65.23999786376953,540500,0.0,0.0
2023-03-22 00:00:00-04:00,64.87999725341797,65.30000305175781,62.150001525878906,62.27000045776367,313900,0.0,0.0
2023-03-23 00:00:00-04:00,63.33000183105469,66.1500015258789,63.2400016784668,64.91999816894531,550300,0.0,0.0
2023-03-24 00:00:00-04:00,64.58999633789062,65.0199966430664,60.849998474121094,61.689998626708984,491900,0.0,0.0
2023-03-27 00:00:00-04:00,61.9900016784668,62.61000061035156,59.81999969482422,59.900001525878906,583200,0.0,0.0
2023-03-28 00:00:00-04:00,59.54999923706055,59.959999084472656,57.099998474121094,57.150001525878906,671900,0.0,0.0
2023-03-29 00:00:00-04:00,58.25,58.91999816894531,56.650001525878906,58.09000015258789,799700,0.0,0.0
2023-03-30 00:00:00-04:00,59.220001220703125,59.869998931884766,57.93299865722656,58.79999923706055,520000,0.0,0.0
2023-03-31 00:00:00-04:00,59.36000061035156,62.60499954223633,59.09000015258789,60.880001068115234,646300,0.0,0.0
2023-04-03 00:00:00-04:00,59.54999923706055,59.75,56.77000045776367,58.90999984741211,1028800,0.0,0.0
2023-04-04 00:00:00-04:00,59.5,59.5,57.46500015258789,57.9900016784668,863700,0.0,0.0
2023-04-05 00:00:00-04:00,57.209999084472656,57.209999084472656,49.7599983215332,53.61000061035156,2286200,0.0,0.0
2023-04-06 00:00:00-04:00,53.5099983215332,53.529998779296875,51.77000045776367,52.38999938964844,1030700,0.0,0.0
2023-04-10 00:00:00-04:00,51.63999938964844,51.90999984741211,49.529998779296875,51.630001068115234,817400,0.0,0.0
2023-04-11 00:00:00-04:00,51.599998474121094,52.79999923706055,50.849998474121094,52.619998931884766,799100,0.0,0.0
2023-04-12 00:00:00-04:00,53.47999954223633,54.02000045776367,51.34000015258789,51.93000030517578,1051200,0.0,0.0
2023-04-13 00:00:00-04:00,53.029998779296875,53.720001220703125,51.459999084472656,51.599998474121094,906900,0.0,0.0
2023-04-14 00:00:00-04:00,51.349998474121094,52.36000061035156,50.529998779296875,52.060001373291016,809000,0.0,0.0
2023-04-17 00:00:00-04:00,52.220001220703125,53.939998626708984,51.790000915527344,53.84000015258789,688200,0.0,0.0
2023-04-18 00:00:00-04:00,54.56999969482422,54.91999816894531,53.45000076293945,53.88999938964844,642200,0.0,0.0
2023-04-19 00:00:00-04:00,53.20000076293945,53.814998626708984,51.90999984741211,53.38999938964844,565900,0.0,0.0
2023-04-20 00:00:00-04:00,52.75,54.45000076293945,51.86000061035156,52.36000061035156,673400,0.0,0.0
2023-04-21 00:00:00-04:00,52.279998779296875,53.27000045776367,51.900001525878906,52.7400016784668,653500,0.0,0.0
2023-04-24 00:00:00-04:00,52.31999969482422,52.95000076293945,50.84000015258789,51.75,564000,0.0,0.0
2023-04-25 00:00:00-04:00,51.27000045776367,51.959999084472656,50.040000915527344,50.189998626708984,911300,0.0,0.0
2023-04-26 00:00:00-04:00,51.34000015258789,52.63999938964844,50.689998626708984,51.029998779296875,783200,0.0,0.0
2023-04-27 00:00:00-04:00,51.790000915527344,51.79999923706055,49.90999984741211,50.040000915527344,634800,0.0,0.0
2023-04-28 00:00:00-04:00,49.5,49.869998931884766,48.29999923706055,49.2599983215332,810600,0.0,0.0
2023-05-01 00:00:00-04:00,48.849998474121094,50.2400016784668,48.27000045776367,50.150001525878906,1067000,0.0,0.0
2023-05-02 00:00:00-04:00,49.7400016784668,49.7400016784668,47.720001220703125,48.31999969482422,1609100,0.0,0.0
2023-05-03 00:00:00-04:00,37.0,42.779998779296875,37.0,42.45500183105469,6738200,0.0,0.0
2023-05-04 00:00:00-04:00,42.939998626708984,43.0,37.22999954223633,38.53499984741211,3286100,0.0,0.0
2023-05-05 00:00:00-04:00,39.439998626708984,41.130001068115234,38.80500030517578,39.47999954223633,2306200,0.0,0.0
2023-05-08 00:00:00-04:00,39.810001373291016,40.939998626708984,39.31999969482422,40.34000015258789,892700,0.0,0.0
2023-05-09 00:00:00-04:00,39.81999969482422,40.98500061035156,39.81999969482422,40.84000015258789,578900,0.0,0.0
2023-05-10 00:00:00-04:00,41.59000015258789,43.21500015258789,41.29999923706055,42.439998626708984,1045500,0.0,0.0
2023-05-11 00:00:00-04:00,42.15999984741211,42.540000915527344,40.650001525878906,42.01499938964844,822600,0.0,0.0
2023-05-12 00:00:00-04:00,42.02000045776367,42.34000015258789,41.25,41.560001373291016,594700,0.0,0.0
2023-05-15 00:00:00-04:00,41.4900016784668,43.91999816894531,41.345001220703125,43.560001373291016,598300,0.0,0.0
2023-05-16 00:00:00-04:00,43.08000183105469,43.584999084472656,42.54999923706055,43.459999084472656,541300,0.0,0.0
2023-05-17 00:00:00-04:00,43.81999969482422,44.20000076293945,42.20000076293945,44.02000045776367,711700,0.0,0.0
2023-05-18 00:00:00-04:00,44.02000045776367,45.25,43.45100021362305,44.29999923706055,516000,0.0,0.0
2023-05-19 00:00:00-04:00,44.47999954223633,44.599998474121094,43.369998931884766,43.904998779296875,667500,0.0,0.0
2023-05-22 00:00:00-04:00,43.9900016784668,46.79999923706055,43.367000579833984,46.209999084472656,974000,0.0,0.0
2023-05-23 00:00:00-04:00,45.709999084472656,46.310001373291016,45.17499923706055,45.2599983215332,1071400,0.0,0.0
2023-05-24 00:00:00-04:00,44.61000061035156,45.619998931884766,43.939998626708984,45.099998474121094,533800,0.0,0.0
2023-05-25 00:00:00-04:00,45.66999816894531,46.689998626708984,42.5,42.630001068115234,820400,0.0,0.0
2023-05-26 00:00:00-04:00,42.630001068115234,44.290000915527344,42.529998779296875,43.560001373291016,516900,0.0,0.0
2023-05-30 00:00:00-04:00,44.369998931884766,45.5,42.81999969482422,43.47999954223633,705300,0.0,0.0
2023-05-31 00:00:00-04:00,43.29999923706055,43.59000015258789,41.939998626708984,43.310001373291016,1412200,0.0,0.0
2023-06-01 00:00:00-04:00,42.81999969482422,43.8650016784668,42.20000076293945,43.13999938964844,582500,0.0,0.0
2023-06-02 00:00:00-04:00,44.040000915527344,44.810001373291016,42.880001068115234,43.36000061035156,641200,0.0,0.0
2023-06-05 00:00:00-04:00,42.869998931884766,44.6349983215332,42.45000076293945,43.81999969482422,589500,0.0,0.0
2023-06-06 00:00:00-04:00,43.52000045776367,48.209999084472656,43.52000045776367,47.61000061035156,1581300,0.0,0.0
2023-06-07 00:00:00-04:00,47.790000915527344,49.5099983215332,47.31999969482422,47.38999938964844,817400,0.0,0.0
2023-06-08 00:00:00-04:00,47.119998931884766,48.33000183105469,46.25,48.15999984741211,452800,0.0,0.0
2023-06-09 00:00:00-04:00,48.93000030517578,49.9900016784668,47.43000030517578,47.560001373291016,612400,0.0,0.0
2023-06-12 00:00:00-04:00,47.560001373291016,49.470001220703125,47.5,49.34000015258789,588500,0.0,0.0
2023-06-13 00:00:00-04:00,50.0,52.459999084472656,49.38999938964844,52.099998474121094,948500,0.0,0.0
2023-06-14 00:00:00-04:00,52.349998474121094,52.9900016784668,51.150001525878906,51.84000015258789,666800,0.0,0.0
2023-06-15 00:00:00-04:00,50.84000015258789,52.380001068115234,50.099998474121094,51.75,657000,0.0,0.0
2023-06-16 00:00:00-04:00,52.77000045776367,52.77000045776367,50.189998626708984,50.36000061035156,1202400,0.0,0.0
2023-06-20 00:00:00-04:00,51.0,51.08000183105469,48.02000045776367,48.40999984741211,582500,0.0,0.0
2023-06-21 00:00:00-04:00,47.88999938964844,48.09000015258789,46.0099983215332,47.05500030517578,740400,0.0,0.0
2023-06-22 00:00:00-04:00,47.02000045776367,47.45000076293945,45.77000045776367,45.91999816894531,580500,0.0,0.0
2023-06-23 00:00:00-04:00,44.97999954223633,45.40999984741211,44.18000030517578,44.279998779296875,953500,0.0,0.0
2023-06-26 00:00:00-04:00,44.2400016784668,45.529998779296875,43.83000183105469,44.040000915527344,694000,0.0,0.0
2023-06-27 00:00:00-04:00,44.79999923706055,46.65999984741211,44.189998626708984,46.38999938964844,708300,0.0,0.0
2023-06-28 00:00:00-04:00,46.540000915527344,48.45500183105469,45.900001525878906,47.040000915527344,591900,0.0,0.0
2023-06-29 00:00:00-04:00,46.95000076293945,47.65999984741211,46.04999923706055,46.939998626708984,552400,0.0,0.0
2023-06-30 00:00:00-04:00,47.5099983215332,48.02000045776367,45.88999938964844,46.15999984741211,742400,0.0,0.0
2023-07-03 00:00:00-04:00,46.15999984741211,47.150001525878906,45.61000061035156,46.36000061035156,314500,0.0,0.0
2023-07-05 00:00:00-04:00,45.93000030517578,46.779998779296875,44.79999923706055,46.650001525878906,431300,0.0,0.0
2023-07-06 00:00:00-04:00,46.54999923706055,48.119998931884766,45.75,47.29999923706055,861900,0.0,0.0
2023-07-07 00:00:00-04:00,47.029998779296875,47.970001220703125,47.029998779296875,47.4900016784668,538200,0.0,0.0
2023-07-10 00:00:00-04:00,47.130001068115234,49.310001373291016,46.527000427246094,49.27000045776367,506700,0.0,0.0
2023-07-11 00:00:00-04:00,49.58000183105469,50.310001373291016,48.775001525878906,49.41999816894531,760800,0.0,0.0
2023-07-12 00:00:00-04:00,50.599998474121094,52.25,49.77000045776367,51.81999969482422,797500,0.0,0.0
2023-07-13 00:00:00-04:00,52.4900016784668,55.79999923706055,52.040000915527344,55.11000061035156,984100,0.0,0.0
2023-07-14 00:00:00-04:00,55.0099983215332,56.689998626708984,54.7599983215332,55.64500045776367,1054700,0.0,0.0
2023-07-17 00:00:00-04:00,55.47999954223633,56.7400016784668,54.63999938964844,56.150001525878906,595900,0.0,0.0
2023-07-18 00:00:00-04:00,56.349998474121094,56.61000061035156,54.849998474121094,55.220001220703125,833100,0.0,0.0
2023-07-19 00:00:00-04:00,55.65999984741211,56.56999969482422,55.19499969482422,55.779998779296875,579700,0.0,0.0
2023-07-20 00:00:00-04:00,55.06999969482422,56.13999938964844,52.58000183105469,52.70000076293945,651400,0.0,0.0
2023-07-21 00:00:00-04:00,53.349998474121094,54.41999816894531,52.68000030517578,54.150001525878906,625200,0.0,0.0
2023-07-24 00:00:00-04:00,54.33000183105469,54.630001068115234,51.27000045776367,51.5,640400,0.0,0.0
2023-07-25 00:00:00-04:00,51.68000030517578,54.650001525878906,51.68000030517578,53.75,483300,0.0,0.0
2023-07-26 00:00:00-04:00,53.209999084472656,56.58000183105469,53.209999084472656,56.400001525878906,699200,0.0,0.0
2023-07-27 00:00:00-04:00,57.52000045776367,58.66999816894531,54.51499938964844,55.029998779296875,598100,0.0,0.0
2023-07-28 00:00:00-04:00,56.22999954223633,56.970001220703125,55.244998931884766,55.68000030517578,296700,0.0,0.0
2023-07-31 00:00:00-04:00,56.119998931884766,57.84000015258789,56.119998931884766,57.13999938964844,479000,0.0,0.0
2023-08-01 00:00:00-04:00,56.31999969482422,56.5099983215332,55.494998931884766,56.130001068115234,401300,0.0,0.0
2023-08-02 00:00:00-04:00,55.33000183105469,55.33000183105469,51.529998779296875,52.70000076293945,537800,0.0,0.0
2023-08-03 00:00:00-04:00,52.61000061035156,53.7400016784668,52.31999969482422,53.380001068115234,743900,0.0,0.0
2023-08-04 00:00:00-04:00,48.369998931884766,49.380001068115234,44.58000183105469,46.810001373291016,2311800,0.0,0.0
2023-08-07 00:00:00-04:00,46.619998931884766,48.04999923706055,45.939998626708984,47.70000076293945,612700,0.0,0.0
2023-08-08 00:00:00-04:00,46.36000061035156,47.31999969482422,45.58000183105469,46.66999816894531,781700,0.0,0.0
2023-08-09 00:00:00-04:00,46.18000030517578,46.47999954223633,43.89500045776367,44.33000183105469,944200,0.0,0.0
2023-08-10 00:00:00-04:00,45.060001373291016,45.310001373291016,43.834999084472656,45.25,1146500,0.0,0.0
2023-08-11 00:00:00-04:00,44.619998931884766,45.71500015258789,44.47999954223633,44.970001220703125,425700,0.0,0.0
2023-08-14 00:00:00-04:00,44.54999923706055,46.61000061035156,44.290000915527344,46.33000183105469,410400,0.0,0.0
2023-08-15 00:00:00-04:00,46.04999923706055,47.790000915527344,45.505001068115234,46.349998474121094,506000,0.0,0.0
2023-08-16 00:00:00-04:00,46.29999923706055,46.619998931884766,45.540000915527344,46.5,357400,0.0,0.0
2023-08-17 00:00:00-04:00,46.20000076293945,46.20000076293945,44.810001373291016,45.349998474121094,494500,0.0,0.0
2023-08-18 00:00:00-04:00,44.41999816894531,46.97999954223633,44.13999938964844,46.43000030517578,577200,0.0,0.0
2023-08-21 00:00:00-04:00,46.4900016784668,47.29999923706055,44.95000076293945,45.75,531100,0.0,0.0
2023-08-22 00:00:00-04:00,46.459999084472656,46.459999084472656,44.470001220703125,44.849998474121094,308900,0.0,0.0
2023-08-23 00:00:00-04:00,45.099998474121094,47.31999969482422,44.54999923706055,46.95000076293945,460800,0.0,0.0
2023-08-24 00:00:00-04:00,47.20000076293945,47.20000076293945,45.630001068115234,46.31999969482422,420400,0.0,0.0
2023-08-25 00:00:00-04:00,46.560001373291016,48.25,46.38999938964844,47.41999816894531,426100,0.0,0.0
2023-08-28 00:00:00-04:00,48.060001373291016,48.70000076293945,47.29499816894531,48.20000076293945,258000,0.0,0.0
2023-08-29 00:00:00-04:00,47.939998626708984,50.70000076293945,47.79999923706055,50.029998779296875,410900,0.0,0.0
2023-08-30 00:00:00-04:00,50.029998779296875,52.54499816894531,49.584999084472656,52.349998474121094,746200,0.0,0.0
2023-08-31 00:00:00-04:00,52.43000030517578,53.95000076293945,52.29999923706055,53.540000915527344,698100,0.0,0.0
2023-09-01 00:00:00-04:00,54.15999984741211,54.439998626708984,52.33000183105469,52.810001373291016,541100,0.0,0.0
2023-09-05 00:00:00-04:00,52.369998931884766,52.95000076293945,52.02000045776367,52.880001068115234,300900,0.0,0.0
2023-09-06 00:00:00-04:00,52.63999938964844,52.869998931884766,51.52000045776367,52.11000061035156,445100,0.0,0.0
2023-09-07 00:00:00-04:00,50.810001373291016,51.45500183105469,50.53499984741211,51.150001525878906,463600,0.0,0.0
2023-09-08 00:00:00-04:00,51.0099983215332,51.470001220703125,49.900001525878906,50.29999923706055,462000,0.0,0.0
2023-09-11 00:00:00-04:00,50.63999938964844,51.06999969482422,49.91999816894531,50.63999938964844,259900,0.0,0.0
2023-09-12 00:00:00-04:00,50.0099983215332,51.22999954223633,49.189998626708984,50.59000015258789,456500,0.0,0.0
2023-09-13 00:00:00-04:00,50.02000045776367,50.650001525878906,48.98500061035156,49.4900016784668,505100,0.0,0.0
2023-09-14 00:00:00-04:00,49.95000076293945,50.33000183105469,49.564998626708984,50.310001373291016,546700,0.0,0.0
2023-09-15 00:00:00-04:00,50.11000061035156,50.349998474121094,49.119998931884766,49.63999938964844,676300,0.0,0.0
2023-09-18 00:00:00-04:00,49.310001373291016,50.63999938964844,49.1349983215332,50.15999984741211,387700,0.0,0.0
2023-09-19 00:00:00-04:00,49.90999984741211,50.119998931884766,48.86000061035156,49.380001068115234,554300,0.0,0.0
2023-09-20 00:00:00-04:00,49.59000015258789,51.22999954223633,49.33000183105469,50.189998626708984,464700,0.0,0.0
2023-09-21 00:00:00-04:00,49.349998474121094,49.349998474121094,47.5,48.79999923706055,995200,0.0,0.0
2023-09-22 00:00:00-04:00,48.90999984741211,49.900001525878906,48.5099983215332,49.599998474121094,914600,0.0,0.0
2023-09-25 00:00:00-04:00,49.060001373291016,49.970001220703125,48.7599983215332,49.25,971300,0.0,0.0
2023-09-26 00:00:00-04:00,48.68000030517578,49.94499969482422,46.720001220703125,46.720001220703125,852900,0.0,0.0
2023-09-27 00:00:00-04:00,46.79999923706055,48.15999984741211,46.41999816894531,47.52000045776367,719600,0.0,0.0
2023-09-28 00:00:00-04:00,48.45000076293945,53.13999938964844,48.2599983215332,51.31999969482422,1409900,0.0,0.0
2023-09-29 00:00:00-04:00,52.2400016784668,53.30500030517578,49.6510009765625,49.880001068115234,795100,0.0,0.0
2023-10-02 00:00:00-04:00,49.70000076293945,50.150001525878906,49.119998931884766,49.400001525878906,519400,0.0,0.0
2023-10-03 00:00:00-04:00,48.68000030517578,49.06999969482422,46.11000061035156,46.90999984741211,613900,0.0,0.0
2023-10-04 00:00:00-04:00,46.709999084472656,48.119998931884766,46.064998626708984,48.060001373291016,787000,0.0,0.0
2023-10-05 00:00:00-04:00,48.209999084472656,49.909000396728516,47.95500183105469,48.439998626708984,810900,0.0,0.0
2023-10-06 00:00:00-04:00,47.63999938964844,49.75,47.30500030517578,48.599998474121094,650300,0.0,0.0
2023-10-09 00:00:00-04:00,48.13999938964844,49.85499954223633,48.13999938964844,49.25,560200,0.0,0.0
2023-10-10 00:00:00-04:00,49.189998626708984,51.869998931884766,49.189998626708984,50.849998474121094,487300,0.0,0.0
2023-10-11 00:00:00-04:00,52.15999984741211,53.290000915527344,51.90999984741211,52.54999923706055,637100,0.0,0.0
2023-10-12 00:00:00-04:00,52.84000015258789,53.0,50.029998779296875,50.4900016784668,295600,0.0,0.0
2023-10-13 00:00:00-04:00,50.4900016784668,50.5,47.90999984741211,48.529998779296875,374400,0.0,0.0
2023-10-16 00:00:00-04:00,48.9900016784668,51.18000030517578,48.369998931884766,50.06999969482422,271000,0.0,0.0
2023-10-17 00:00:00-04:00,49.47999954223633,51.5,49.09000015258789,50.86000061035156,350700,0.0,0.0
2023-10-18 00:00:00-04:00,50.099998474121094,50.81999969482422,48.720001220703125,48.79999923706055,334400,0.0,0.0
2023-10-19 00:00:00-04:00,49.119998931884766,49.33000183105469,47.61000061035156,47.689998626708984,451100,0.0,0.0
2023-10-20 00:00:00-04:00,47.900001525878906,47.900001525878906,44.810001373291016,45.04999923706055,673400,0.0,0.0
2023-10-23 00:00:00-04:00,44.5099983215332,46.900001525878906,43.619998931884766,45.5,411100,0.0,0.0
2023-10-24 00:00:00-04:00,46.38999938964844,47.349998474121094,44.959999084472656,45.599998474121094,408400,0.0,0.0
2023-10-25 00:00:00-04:00,45.029998779296875,45.029998779296875,42.52000045776367,43.400001525878906,463500,0.0,0.0
2023-10-26 00:00:00-04:00,43.5,43.56999969482422,41.66999816894531,43.209999084472656,299800,0.0,0.0
2023-10-27 00:00:00-04:00,43.59000015258789,43.59000015258789,41.849998474121094,42.0,624800,0.0,0.0
2023-10-30 00:00:00-04:00,42.66999816894531,43.689998626708984,41.974998474121094,42.79999923706055,437700,0.0,0.0
2023-10-31 00:00:00-04:00,42.95000076293945,44.08000183105469,42.060001373291016,43.279998779296875,786300,0.0,0.0
2023-11-01 00:00:00-04:00,43.0099983215332,43.310001373291016,41.47999954223633,42.630001068115234,787500,0.0,0.0
2023-11-02 00:00:00-04:00,43.06999969482422,44.040000915527344,42.29999923706055,42.56999969482422,1880700,0.0,0.0
2023-11-03 00:00:00-04:00,50.0,50.5,46.279998779296875,46.779998779296875,2100300,0.0,0.0
2023-11-06 00:00:00-05:00,47.439998626708984,47.439998626708984,44.11000061035156,46.470001220703125,937600,0.0,0.0
2023-11-07 00:00:00-05:00,46.91999816894531,50.189998626708984,46.439998626708984,49.630001068115234,803100,0.0,0.0
2023-11-08 00:00:00-05:00,49.9900016784668,51.099998474121094,48.810001373291016,49.810001373291016,753300,0.0,0.0
2023-11-09 00:00:00-05:00,50.47999954223633,50.83000183105469,47.119998931884766,47.20000076293945,659200,0.0,0.0
2023-11-10 00:00:00-05:00,47.150001525878906,49.52000045776367,46.779998779296875,49.369998931884766,447400,0.0,0.0
2023-11-13 00:00:00-05:00,48.810001373291016,48.90999984741211,47.529998779296875,48.040000915527344,504100,0.0,0.0
2023-11-14 00:00:00-05:00,50.5099983215332,53.54999923706055,49.720001220703125,53.400001525878906,955900,0.0,0.0
2023-11-15 00:00:00-05:00,53.90999984741211,56.4900016784668,53.130001068115234,55.869998931884766,1221900,0.0,0.0
2023-11-16 00:00:00-05:00,55.13999938964844,55.13999938964844,51.900001525878906,52.5099983215332,974200,0.0,0.0
2023-11-17 00:00:00-05:00,53.41999816894531,54.66999816894531,52.47999954223633,53.72999954223633,892200,0.0,0.0
2023-11-20 00:00:00-05:00,54.0,56.29499816894531,53.63999938964844,55.349998474121094,653500,0.0,0.0
2023-11-21 00:00:00-05:00,54.66999816894531,55.689998626708984,52.83000183105469,53.88999938964844,414300,0.0,0.0
2023-11-22 00:00:00-05:00,54.79999923706055,55.0,53.439998626708984,53.650001525878906,317500,0.0,0.0
2023-11-24 00:00:00-05:00,53.689998626708984,54.375,53.066001892089844,54.16999816894531,166900,0.0,0.0
2023-11-27 00:00:00-05:00,53.630001068115234,55.310001373291016,53.599998474121094,54.290000915527344,322300,0.0,0.0
2023-11-28 00:00:00-05:00,54.279998779296875,56.20000076293945,53.59000015258789,55.02000045776367,386600,0.0,0.0
2023-11-29 00:00:00-05:00,56.36000061035156,58.90999984741211,56.36000061035156,57.77000045776367,734500,0.0,0.0
2023-11-30 00:00:00-05:00,58.220001220703125,58.45000076293945,56.0099983215332,56.900001525878906,824100,0.0,0.0
2023-12-01 00:00:00-05:00,57.130001068115234,60.13999938964844,55.529998779296875,59.779998779296875,903500,0.0,0.0
2023-12-04 00:00:00-05:00,58.83000183105469,60.150001525878906,57.54999923706055,58.54999923706055,590500,0.0,0.0
2023-12-05 00:00:00-05:00,57.56999969482422,58.08000183105469,55.650001525878906,56.5,726900,0.0,0.0
2023-12-06 00:00:00-05:00,57.349998474121094,57.869998931884766,55.86000061035156,55.90999984741211,465600,0.0,0.0
2023-12-07 00:00:00-05:00,55.38999938964844,56.10300064086914,53.97200012207031,54.75,592100,0.0,0.0
2023-12-08 00:00:00-05:00,54.150001525878906,56.779998779296875,53.790000915527344,56.25,387400,0.0,0.0
2023-12-11 00:00:00-05:00,56.130001068115234,57.709999084472656,55.59000015258789,57.47999954223633,646600,0.0,0.0
2023-12-12 00:00:00-05:00,58.0,58.0,56.20000076293945,56.869998931884766,291700,0.0,0.0
2023-12-13 00:00:00-05:00,56.84000015258789,58.599998474121094,55.119998931884766,57.95000076293945,359100,0.0,0.0
2023-12-14 00:00:00-05:00,59.630001068115234,61.939998626708984,59.16999816894531,59.689998626708984,923600,0.0,0.0
2023-12-15 00:00:00-05:00,60.18000030517578,60.18000030517578,58.23500061035156,59.95000076293945,1108400,0.0,0.0
2023-12-18 00:00:00-05:00,60.27000045776367,63.869998931884766,60.02000045776367,63.29999923706055,963600,0.0,0.0
2023-12-19 00:00:00-05:00,64.18000030517578,66.1050033569336,63.58000183105469,65.55000305175781,697900,0.0,0.0
2023-12-20 00:00:00-05:00,65.54000091552734,67.66999816894531,62.90999984741211,63.06999969482422,608500,0.0,0.0
2023-12-21 00:00:00-05:00,64.27999877929688,66.4800033569336,62.619998931884766,63.689998626708984,726200,0.0,0.0
2023-12-22 00:00:00-05:00,64.0,65.04000091552734,60.790000915527344,62.13999938964844,717400,0.0,0.0
2023-12-26 00:00:00-05:00,62.2400016784668,63.04999923706055,61.599998474121094,62.58000183105469,397300,0.0,0.0
2023-12-27 00:00:00-05:00,62.93000030517578,63.58000183105469,61.560001373291016,63.290000915527344,456000,0.0,0.0
2023-12-28 00:00:00-05:00,63.0099983215332,63.35300064086914,62.33000183105469,63.08000183105469,328900,0.0,0.0
2023-12-29 00:00:00-05:00,62.220001220703125,63.75,61.2599983215332,61.439998626708984,386700,0.0,0.0
2024-01-02 00:00:00-05:00,62.11000061035156,62.70000076293945,58.369998931884766,58.810001373291016,739900,0.0,0.0
2024-01-03 00:00:00-05:00,56.779998779296875,58.34000015258789,55.709999084472656,55.939998626708984,804700,0.0,0.0
2024-01-04 00:00:00-05:00,56.09000015258789,56.810001373291016,55.099998474121094,55.900001525878906,700500,0.0,0.0
2024-01-05 00:00:00-05:00,55.20000076293945,57.11000061035156,55.060001373291016,55.75,456300,0.0,0.0
2024-01-08 00:00:00-05:00,55.95000076293945,58.755001068115234,55.95000076293945,57.790000915527344,409400,0.0,0.0
2024-01-09 00:00:00-05:00,56.470001220703125,58.849998474121094,56.470001220703125,58.709999084472656,335200,0.0,0.0
2024-01-10 00:00:00-05:00,58.63999938964844,60.81999969482422,58.52000045776367,60.70000076293945,676500,0.0,0.0
2024-01-11 00:00:00-05:00,60.900001525878906,61.23500061035156,57.790000915527344,58.68000030517578,552400,0.0,0.0
2024-01-12 00:00:00-05:00,60.27000045776367,61.025001525878906,59.38999938964844,59.72999954223633,462600,0.0,0.0
2024-01-16 00:00:00-05:00,58.529998779296875,61.65999984741211,58.09000015258789,61.58000183105469,512200,0.0,0.0
2024-01-17 00:00:00-05:00,60.560001373291016,60.599998474121094,58.66999816894531,59.9900016784668,616400,0.0,0.0
2024-01-18 00:00:00-05:00,60.869998931884766,61.470001220703125,58.4900016784668,60.06999969482422,385300,0.0,0.0
2024-01-19 00:00:00-05:00,61.119998931884766,61.29999923706055,58.88999938964844,60.65999984741211,603500,0.0,0.0
2024-01-22 00:00:00-05:00,61.880001068115234,64.9000015258789,61.7400016784668,63.63999938964844,594800,0.0,0.0
2024-01-23 00:00:00-05:00,64.77999877929688,65.4000015258789,63.380001068115234,64.63999938964844,486200,0.0,0.0
2024-01-24 00:00:00-05:00,65.8499984741211,65.8499984741211,63.185001373291016,63.79999923706055,427400,0.0,0.0
2024-01-25 00:00:00-05:00,64.87000274658203,65.29000091552734,63.61000061035156,65.0,396500,0.0,0.0
2024-01-26 00:00:00-05:00,65.58000183105469,66.41500091552734,63.5099983215332,63.72999954223633,493100,0.0,0.0
2024-01-29 00:00:00-05:00,63.79999923706055,66.33999633789062,63.31999969482422,66.13999938964844,366200,0.0,0.0
2024-01-30 00:00:00-05:00,65.98999786376953,65.98999786376953,63.7599983215332,64.3499984741211,300200,0.0,0.0
2024-01-31 00:00:00-05:00,63.599998474121094,64.37000274658203,61.029998779296875,61.33000183105469,479100,0.0,0.0
2024-02-01 00:00:00-05:00,62.189998626708984,62.68000030517578,60.46200180053711,62.0,561800,0.0,0.0
2024-02-02 00:00:00-05:00,61.25,62.56999969482422,60.619998931884766,61.84000015258789,407500,0.0,0.0
2024-02-05 00:00:00-05:00,61.18000030517578,61.18000030517578,58.709999084472656,59.29999923706055,652400,0.0,0.0
2024-02-06 00:00:00-05:00,59.27000045776367,60.369998931884766,57.79999923706055,59.650001525878906,470200,0.0,0.0
2024-02-07 00:00:00-05:00,60.84000015258789,61.58000183105469,59.37900161743164,60.7400016784668,293300,0.0,0.0
2024-02-08 00:00:00-05:00,60.150001525878906,63.40999984741211,60.0,63.099998474121094,432600,0.0,0.0
2024-02-09 00:00:00-05:00,64.44999694824219,66.86000061035156,64.06500244140625,65.98999786376953,661300,0.0,0.0
2024-02-12 00:00:00-05:00,66.12000274658203,68.41000366210938,65.02999877929688,65.62000274658203,781700,0.0,0.0
2024-02-13 00:00:00-05:00,61.97999954223633,64.13999938964844,60.70000076293945,62.720001220703125,672100,0.0,0.0
2024-02-14 00:00:00-05:00,63.720001220703125,64.5199966430664,62.43000030517578,64.27999877929688,331000,0.0,0.0
2024-02-15 00:00:00-05:00,65.25,65.86000061035156,63.13999938964844,64.91000366210938,383600,0.0,0.0
2024-02-16 00:00:00-05:00,64.37000274658203,65.4000015258789,63.125,64.6500015258789,469500,0.0,0.0
2024-02-20 00:00:00-05:00,63.36000061035156,64.83999633789062,62.935001373291016,64.4800033569336,1498900,0.0,0.0
2024-02-21 00:00:00-05:00,62.0,67.33000183105469,58.0,61.27000045776367,2489400,0.0,0.0
2024-02-22 00:00:00-05:00,62.380001068115234,64.91000366210938,61.20000076293945,64.6500015258789,839600,0.0,0.0
2024-02-23 00:00:00-05:00,64.75,65.52999877929688,63.25,63.83000183105469,496600,0.0,0.0
2024-02-26 00:00:00-05:00,63.77000045776367,65.31999969482422,59.560001373291016,60.63999938964844,1094800,0.0,0.0
2024-02-27 00:00:00-05:00,61.56999969482422,63.0,61.060001373291016,62.56999969482422,488500,0.0,0.0
2024-02-28 00:00:00-05:00,61.810001373291016,62.404998779296875,60.40999984741211,60.439998626708984,508100,0.0,0.0
2024-02-29 00:00:00-05:00,61.72999954223633,63.16999816894531,61.290000915527344,61.81999969482422,651900,0.0,0.0
2024-03-01 00:00:00-05:00,61.869998931884766,64.25,61.40999984741211,63.95000076293945,452500,0.0,0.0
2024-03-04 00:00:00-05:00,64.36000061035156,64.91000366210938,62.72999954223633,64.08000183105469,489400,0.0,0.0
2024-03-05 00:00:00-05:00,62.52000045776367,62.7400016784668,57.83000183105469,58.470001220703125,830100,0.0,0.0
2024-03-06 00:00:00-05:00,59.400001525878906,60.119998931884766,58.130001068115234,59.099998474121094,422400,0.0,0.0
2024-03-07 00:00:00-05:00,59.58000183105469,59.97999954223633,57.54999923706055,58.959999084472656,548700,0.0,0.0
2024-03-08 00:00:00-05:00,60.060001373291016,61.31999969482422,58.689998626708984,58.7400016784668,315800,0.0,0.0
2024-03-11 00:00:00-04:00,57.65999984741211,58.689998626708984,57.27000045776367,57.93000030517578,336100,0.0,0.0
2024-03-12 00:00:00-04:00,58.36000061035156,58.36000061035156,55.849998474121094,56.189998626708984,530400,0.0,0.0
2024-03-13 00:00:00-04:00,55.689998626708984,56.41999816894531,54.63999938964844,56.349998474121094,1136700,0.0,0.0
2024-03-14 00:00:00-04:00,56.79999923706055,57.15999984741211,55.25,56.36000061035156,676600,0.0,0.0
2024-03-15 00:00:00-04:00,56.0,56.83000183105469,54.63999938964844,56.380001068115234,1037600,0.0,0.0
2024-03-18 00:00:00-04:00,56.72999954223633,57.099998474121094,55.505001068115234,56.619998931884766,514500,0.0,0.0
2024-03-19 00:00:00-04:00,55.33000183105469,56.75,55.209999084472656,55.61000061035156,514300,0.0,0.0
2024-03-20 00:00:00-04:00,55.439998626708984,57.77000045776367,55.11000061035156,57.33000183105469,452700,0.0,0.0
2024-03-21 00:00:00-04:00,58.779998779296875,60.9900016784668,58.689998626708984,59.65999984741211,553600,0.0,0.0
2024-03-22 00:00:00-04:00,59.400001525878906,61.04999923706055,59.154998779296875,60.29999923706055,418500,0.0,0.0
2024-03-25 00:00:00-04:00,60.54999923706055,60.849998474121094,59.0099983215332,59.45000076293945,307000,0.0,0.0
2024-03-26 00:00:00-04:00,60.470001220703125,60.790000915527344,58.5,59.650001525878906,503500,0.0,0.0
2024-03-27 00:00:00-04:00,60.68000030517578,62.34000015258789,59.38999938964844,60.06999969482422,655400,0.0,0.0
2024-03-28 00:00:00-04:00,59.790000915527344,61.34000015258789,58.94499969482422,59.709999084472656,444300,0.0,0.0
2024-04-01 00:00:00-04:00,59.61000061035156,59.849998474121094,57.56999969482422,58.599998474121094,470300,0.0,0.0
2024-04-02 00:00:00-04:00,56.790000915527344,57.220001220703125,56.0,56.619998931884766,320000,0.0,0.0
2024-04-03 00:00:00-04:00,55.689998626708984,56.709999084472656,55.630001068115234,56.0099983215332,372900,0.0,0.0
2024-04-04 00:00:00-04:00,57.119998931884766,58.11000061035156,55.79999923706055,56.02000045776367,442000,0.0,0.0
2024-04-05 00:00:00-04:00,55.779998779296875,56.85499954223633,55.540000915527344,55.900001525878906,423900,0.0,0.0
2024-04-08 00:00:00-04:00,56.119998931884766,57.599998474121094,55.470001220703125,57.20000076293945,464500,0.0,0.0
2024-04-09 00:00:00-04:00,57.79999923706055,59.040000915527344,57.13999938964844,58.29999923706055,429000,0.0,0.0
2024-04-10 00:00:00-04:00,55.5,56.619998931884766,55.060001373291016,55.84000015258789,344300,0.0,0.0
2024-04-11 00:00:00-04:00,56.15999984741211,56.72999954223633,55.0099983215332,56.34000015258789,296900,0.0,0.0
2024-04-12 00:00:00-04:00,55.540000915527344,56.58000183105469,55.47999954223633,56.27000045776367,522600,0.0,0.0
2024-04-15 00:00:00-04:00,56.4900016784668,56.58000183105469,54.60499954223633,55.11000061035156,541900,0.0,0.0
2024-04-16 00:00:00-04:00,53.15999984741211,53.36000061035156,50.709999084472656,52.95000076293945,2035000,0.0,0.0
2024-04-17 00:00:00-04:00,52.619998931884766,53.5,52.02000045776367,52.15999984741211,831400,0.0,0.0
2024-04-18 00:00:00-04:00,52.599998474121094,54.400001525878906,51.83000183105469,52.7400016784668,814700,0.0,0.0
2024-04-19 00:00:00-04:00,52.560001373291016,52.75,50.29999923706055,50.97999954223633,574900,0.0,0.0
2024-04-22 00:00:00-04:00,51.560001373291016,52.20000076293945,50.779998779296875,51.290000915527344,752300,0.0,0.0
2024-04-23 00:00:00-04:00,51.040000915527344,53.959999084472656,51.040000915527344,52.119998931884766,716900,0.0,0.0
2024-04-24 00:00:00-04:00,52.25,52.79999923706055,51.48500061035156,52.47999954223633,368000,0.0,0.0
2024-04-25 00:00:00-04:00,50.970001220703125,52.064998626708984,50.11000061035156,51.36000061035156,432700,0.0,0.0
2024-04-26 00:00:00-04:00,51.939998626708984,52.959999084472656,51.18000030517578,51.38999938964844,383200,0.0,0.0
2024-04-29 00:00:00-04:00,51.66999816894531,52.4900016784668,51.38999938964844,52.029998779296875,608100,0.0,0.0
2024-04-30 00:00:00-04:00,51.56999969482422,51.86000061035156,50.34000015258789,50.45000076293945,902800,0.0,0.0
2024-05-01 00:00:00-04:00,50.439998626708984,51.720001220703125,48.709999084472656,49.90999984741211,760000,0.0,0.0
2024-05-02 00:00:00-04:00,50.9900016784668,51.08000183105469,47.89500045776367,48.150001525878906,1392400,0.0,0.0
2024-05-03 00:00:00-04:00,33.9900016784668,34.5,27.850000381469727,28.81999969482422,13470200,0.0,0.0
2024-05-06 00:00:00-04:00,28.950000762939453,30.200000762939453,27.75,28.280000686645508,3160200,0.0,0.0
2024-05-07 00:00:00-04:00,28.489999771118164,28.56999969482422,26.875,27.09000015258789,2764400,0.0,0.0
2024-05-08 00:00:00-04:00,26.739999771118164,26.989999771118164,25.68000030517578,26.899999618530273,3063100,0.0,0.0
2024-05-09 00:00:00-04:00,27.0,28.559999465942383,26.440000534057617,28.489999771118164,3013100,0.0,0.0
2024-05-10 00:00:00-04:00,28.530000686645508,29.239999771118164,27.565000534057617,28.209999084472656,1612400,0.0,0.0
2024-05-13 00:00:00-04:00,28.479999542236328,28.8700008392334,27.799999237060547,28.149999618530273,1612200,0.0,0.0
2024-05-14 00:00:00-04:00,28.469999313354492,30.3700008392334,28.09000015258789,29.3799991607666,1658300,0.0,0.0
2024-05-15 00:00:00-04:00,30.010000228881836,30.1200008392334,28.930999755859375,29.469999313354492,1123500,0.0,0.0
2024-05-16 00:00:00-04:00,29.479999542236328,30.389999389648438,28.84000015258789,29.780000686645508,888900,0.0,0.0
2024-05-17 00:00:00-04:00,29.950000762939453,30.010000228881836,29.079999923706055,29.93000030517578,783900,0.0,0.0
2024-05-20 00:00:00-04:00,30.079999923706055,34.45000076293945,29.690000534057617,31.809999465942383,3930300,0.0,0.0
2024-05-21 00:00:00-04:00,29.1299991607666,31.100000381469727,29.049999237060547,31.049999237060547,2360000,0.0,0.0
2024-05-22 00:00:00-04:00,31.31999969482422,32.45000076293945,31.049999237060547,32.06999969482422,962100,0.0,0.0
2024-05-23 00:00:00-04:00,32.310001373291016,32.808998107910156,31.670000076293945,31.920000076293945,887800,0.0,0.0
2024-05-24 00:00:00-04:00,31.81999969482422,32.61000061035156,31.450000762939453,32.56999969482422,848900,0.0,0.0
2024-05-28 00:00:00-04:00,32.619998931884766,33.709999084472656,31.979999542236328,33.04999923706055,768100,0.0,0.0
2024-05-29 00:00:00-04:00,32.40999984741211,33.45000076293945,32.2599983215332,32.790000915527344,787500,0.0,0.0
2024-05-30 00:00:00-04:00,32.650001525878906,33.0,32.22999954223633,32.529998779296875,631800,0.0,0.0
2024-05-31 00:00:00-04:00,32.63999938964844,32.72999954223633,31.8799991607666,32.650001525878906,1160800,0.0,0.0
2024-06-03 00:00:00-04:00,33.0,33.209999084472656,31.899999618530273,32.310001373291016,996900,0.0,0.0
2024-06-04 00:00:00-04:00,32.439998626708984,32.709999084472656,31.81999969482422,32.59000015258789,1007100,0.0,0.0
2024-06-05 00:00:00-04:00,32.88999938964844,33.959999084472656,32.58300018310547,33.91999816894531,727800,0.0,0.0
2024-06-06 00:00:00-04:00,33.83000183105469,34.525001525878906,33.380001068115234,34.439998626708984,1265200,0.0,0.0
2024-06-07 00:00:00-04:00,34.08000183105469,34.57500076293945,33.36000061035156,33.7400016784668,838600,0.0,0.0
2024-06-10 00:00:00-04:00,33.27000045776367,34.459999084472656,33.220001220703125,34.209999084472656,579300,0.0,0.0
2024-06-11 00:00:00-04:00,34.04999923706055,35.029998779296875,33.810001373291016,34.88999938964844,469400,0.0,0.0
2024-06-12 00:00:00-04:00,35.90999984741211,36.97999954223633,34.61000061035156,35.09000015258789,700500,0.0,0.0
2024-06-13 00:00:00-04:00,35.04999923706055,35.09000015258789,34.0,34.209999084472656,567000,0.0,0.0
2024-06-14 00:00:00-04:00,34.189998626708984,34.529998779296875,33.7400016784668,33.9900016784668,503900,0.0,0.0
2024-06-17 00:00:00-04:00,33.90999984741211,34.08000183105469,32.88999938964844,33.61000061035156,824800,0.0,0.0
2024-06-18 00:00:00-04:00,33.400001525878906,33.810001373291016,33.09400177001953,33.54999923706055,496000,0.0,0.0
2024-06-20 00:00:00-04:00,33.02000045776367,33.650001525878906,33.02000045776367,33.08000183105469,509100,0.0,0.0
2024-06-21 00:00:00-04:00,32.939998626708984,33.150001525878906,32.369998931884766,33.02000045776367,1227900,0.0,0.0
2024-06-24 00:00:00-04:00,32.84000015258789,33.15999984741211,32.11000061035156,32.209999084472656,564700,0.0,0.0
2024-06-25 00:00:00-04:00,32.20000076293945,32.72999954223633,32.0,32.43000030517578,476200,0.0,0.0
2024-06-26 00:00:00-04:00,32.290000915527344,33.47999954223633,32.279998779296875,33.060001373291016,353500,0.0,0.0
2024-06-27 00:00:00-04:00,32.47999954223633,34.22999954223633,32.47999954223633,34.09000015258789,473400,0.0,0.0
2024-06-28 00:00:00-04:00,34.33000183105469,35.869998931884766,33.59000015258789,35.68000030517578,2644600,0.0,0.0
2024-07-01 00:00:00-04:00,35.650001525878906,37.33000183105469,35.57500076293945,37.27000045776367,962700,0.0,0.0
2024-07-02 00:00:00-04:00,37.43000030517578,38.290000915527344,36.18000030517578,36.369998931884766,740900,0.0,0.0
2024-07-03 00:00:00-04:00,36.16999816894531,36.52000045776367,35.779998779296875,36.11000061035156,350400,0.0,0.0
2024-07-05 00:00:00-04:00,36.13999938964844,36.45000076293945,35.85599899291992,36.22999954223633,508000,0.0,0.0
2024-07-08 00:00:00-04:00,36.189998626708984,36.400001525878906,35.470001220703125,36.279998779296875,474500,0.0,0.0
2024-07-09 00:00:00-04:00,36.220001220703125,36.59000015258789,34.2599983215332,35.119998931884766,1202300,0.0,0.0
2024-07-10 00:00:00-04:00,35.20000076293945,35.41999816894531,33.599998474121094,33.68000030517578,1514400,0.0,0.0
2024-07-11 00:00:00-04:00,34.47999954223633,35.40999984741211,34.099998474121094,34.529998779296875,928800,0.0,0.0
2024-07-12 00:00:00-04:00,34.369998931884766,35.459999084472656,34.279998779296875,35.45000076293945,419200,0.0,0.0
2024-07-15 00:00:00-04:00,35.650001525878906,36.65999984741211,35.45000076293945,35.97999954223633,514500,0.0,0.0
2024-07-16 00:00:00-04:00,36.5,37.34000015258789,36.119998931884766,37.29999923706055,566200,0.0,0.0
2024-07-17 00:00:00-04:00,36.689998626708984,37.849998474121094,36.689998626708984,37.40999984741211,492700,0.0,0.0
2024-07-18 00:00:00-04:00,37.45000076293945,37.84000015258789,35.88999938964844,36.290000915527344,317500,0.0,0.0
2024-07-19 00:00:00-04:00,36.439998626708984,36.75,35.93000030517578,36.68000030517578,500500,0.0,0.0
2024-07-22 00:00:00-04:00,36.86000061035156,37.41999816894531,35.928001403808594,37.25,442500,0.0,0.0
2024-07-23 00:00:00-04:00,37.36000061035156,38.36000061035156,37.130001068115234,38.13999938964844,450800,0.0,0.0
2024-07-24 00:00:00-04:00,38.0099983215332,38.5,36.91999816894531,36.939998626708984,379300,0.0,0.0
2024-07-25 00:00:00-04:00,37.029998779296875,38.71500015258789,36.77000045776367,38.20000076293945,658600,0.0,0.0
2024-07-26 00:00:00-04:00,39.0,39.0,37.81999969482422,38.91999816894531,384600,0.0,0.0
2024-07-29 00:00:00-04:00,39.06999969482422,39.5099983215332,38.220001220703125,38.369998931884766,369200,0.0,0.0
2024-07-30 00:00:00-04:00,38.290000915527344,39.06999969482422,37.70000076293945,38.900001525878906,529400,0.0,0.0
2024-07-31 00:00:00-04:00,39.5,39.744998931884766,38.70000076293945,39.06999969482422,618500,0.0,0.0
2024-08-01 00:00:00-04:00,38.310001373291016,38.959999084472656,37.029998779296875,37.2599983215332,998500,0.0,0.0
2024-08-02 00:00:00-04:00,34.22999954223633,35.16999816894531,32.43000030517578,32.93000030517578,1049500,0.0,0.0
2024-08-05 00:00:00-04:00,31.020000457763672,31.915000915527344,30.190000534057617,31.1200008392334,905300,0.0,0.0
2024-08-06 00:00:00-04:00,31.010000228881836,31.34000015258789,29.739999771118164,30.510000228881836,932700,0.0,0.0
2024-08-07 00:00:00-04:00,31.209999084472656,31.770000457763672,29.90999984741211,30.139999389648438,1103300,0.0,0.0
2024-08-08 00:00:00-04:00,30.559999465942383,31.489999771118164,29.639999389648438,31.15999984741211,852000,0.0,0.0
2024-08-09 00:00:00-04:00,31.200000762939453,32.08000183105469,31.152000427246094,31.709999084472656,353600,0.0,0.0
2024-08-12 00:00:00-04:00,31.770000457763672,32.209999084472656,31.010000228881836,31.170000076293945,329400,0.0,0.0
2024-08-13 00:00:00-04:00,31.299999237060547,32.15999984741211,31.299999237060547,32.11000061035156,589400,0.0,0.0
2024-08-14 00:00:00-04:00,32.209999084472656,32.46799850463867,30.8799991607666,31.329999923706055,735100,0.0,0.0
2024-08-15 00:00:00-04:00,32.029998779296875,33.470001220703125,32.0,33.06999969482422,373000,0.0,0.0
2024-08-16 00:00:00-04:00,32.959999084472656,33.4900016784668,32.83000183105469,33.2400016784668,583800,0.0,0.0
2024-08-19 00:00:00-04:00,33.290000915527344,34.220001220703125,33.290000915527344,34.13999938964844,378900,0.0,0.0
2024-08-20 00:00:00-04:00,34.29999923706055,34.53499984741211,33.54999923706055,34.0,335400,0.0,0.0
2024-08-21 00:00:00-04:00,34.189998626708984,34.189998626708984,33.38999938964844,33.91999816894531,333300,0.0,0.0
2024-08-22 00:00:00-04:00,32.33000183105469,32.959999084472656,31.68000030517578,31.809999465942383,479800,0.0,0.0
2024-08-23 00:00:00-04:00,32.22999954223633,33.03499984741211,31.815000534057617,32.90999984741211,716400,0.0,0.0
2024-08-26 00:00:00-04:00,33.22999954223633,33.50299835205078,32.630001068115234,33.20000076293945,415200,0.0,0.0
2024-08-27 00:00:00-04:00,32.72999954223633,33.0,31.799999237060547,32.02000045776367,369700,0.0,0.0
2024-08-28 00:00:00-04:00,31.860000610351562,31.920000076293945,31.0,31.170000076293945,271800,0.0,0.0
2024-08-29 00:00:00-04:00,31.670000076293945,32.45800018310547,31.459999084472656,31.850000381469727,243900,0.0,0.0
2024-08-30 00:00:00-04:00,32.119998931884766,32.1349983215332,30.96500015258789,31.100000381469727,534000,0.0,0.0
2024-09-03 00:00:00-04:00,30.670000076293945,30.729999542236328,29.219999313354492,29.270000457763672,638400,0.0,0.0
2024-09-04 00:00:00-04:00,28.93000030517578,29.799999237060547,28.6299991607666,29.09000015258789,502200,0.0,0.0
2024-09-05 00:00:00-04:00,28.969999313354492,29.006999969482422,27.360000610351562,28.290000915527344,681300,0.0,0.0
2024-09-06 00:00:00-04:00,28.520000457763672,29.200000762939453,27.06999969482422,27.079999923706055,412700,0.0,0.0
2024-09-09 00:00:00-04:00,27.1299991607666,27.809999465942383,26.049999237060547,26.110000610351562,651600,0.0,0.0
2024-09-10 00:00:00-04:00,26.149999618530273,26.915000915527344,25.18000030517578,25.40999984741211,1227100,0.0,0.0
2024-09-11 00:00:00-04:00,25.239999771118164,26.1200008392334,25.05299949645996,25.90999984741211,1044800,0.0,0.0
2024-09-12 00:00:00-04:00,26.190000534057617,27.170000076293945,25.989999771118164,26.799999237060547,1483800,0.0,0.0
2024-09-13 00:00:00-04:00,27.18000030517578,28.079999923706055,27.010000228881836,27.790000915527344,544100,0.0,0.0
2024-09-16 00:00:00-04:00,27.81999969482422,28.34000015258789,27.489999771118164,27.93000030517578,396800,0.0,0.0
2024-09-17 00:00:00-04:00,28.450000762939453,28.8799991607666,28.190000534057617,28.670000076293945,518600,0.0,0.0
2024-09-18 00:00:00-04:00,28.65999984741211,29.274999618530273,28.520000457763672,28.6200008392334,330700,0.0,0.0
2024-09-19 00:00:00-04:00,29.899999618530273,29.899999618530273,28.889999389648438,29.020000457763672,261600,0.0,0.0
2024-09-20 00:00:00-04:00,29.020000457763672,29.06999969482422,28.139999389648438,28.3799991607666,1054400,0.0,0.0
2024-09-23 00:00:00-04:00,28.700000762939453,28.889999389648438,28.1299991607666,28.829999923706055,299800,0.0,0.0
2024-09-24 00:00:00-04:00,29.030000686645508,29.6200008392334,28.25,28.549999237060547,387300,0.0,0.0
2024-09-25 00:00:00-04:00,28.3799991607666,28.600000381469727,28.149999618530273,28.450000762939453,390000,0.0,0.0
2024-09-26 00:00:00-04:00,29.139999389648438,29.290000915527344,28.579999923706055,29.170000076293945,465800,0.0,0.0
2024-09-27 00:00:00-04:00,29.360000610351562,29.579999923706055,28.899999618530273,29.06999969482422,252200,0.0,0.0
2024-09-30 00:00:00-04:00,28.8799991607666,29.19499969482422,28.709999084472656,29.06999969482422,386200,0.0,0.0
2024-10-01 00:00:00-04:00,29.030000686645508,29.06999969482422,28.020000457763672,28.399999618530273,369600,0.0,0.0
2024-10-02 00:00:00-04:00,28.280000686645508,28.850000381469727,28.100000381469727,28.56999969482422,554100,0.0,0.0
2024-10-03 00:00:00-04:00,28.290000915527344,28.959999084472656,28.270000457763672,28.329999923706055,335300,0.0,0.0
2024-10-04 00:00:00-04:00,29.030000686645508,29.649999618530273,28.674999237060547,29.34000015258789,278100,0.0,0.0
2024-10-07 00:00:00-04:00,29.190000534057617,29.190000534057617,27.89299964904785,28.149999618530273,335800,0.0,0.0
2024-10-08 00:00:00-04:00,28.030000686645508,28.510000228881836,27.760000228881836,27.860000610351562,234000,0.0,0.0
2024-10-09 00:00:00-04:00,27.760000228881836,28.5,27.760000228881836,28.399999618530273,314600,0.0,0.0
2024-10-10 00:00:00-04:00,27.899999618530273,29.100000381469727,27.7450008392334,28.299999237060547,586300,0.0,0.0
2024-10-11 00:00:00-04:00,28.079999923706055,29.149999618530273,27.979999542236328,28.899999618530273,301900,0.0,0.0
2024-10-14 00:00:00-04:00,29.040000915527344,29.040000915527344,28.34000015258789,28.450000762939453,309400,0.0,0.0
2024-10-15 00:00:00-04:00,28.450000762939453,29.860000610351562,28.350000381469727,29.31999969482422,326400,0.0,0.0
2024-10-16 00:00:00-04:00,29.450000762939453,29.545000076293945,28.610000610351562,28.729999542236328,241100,0.0,0.0
2024-10-17 00:00:00-04:00,28.81999969482422,28.81999969482422,28.139999389648438,28.299999237060547,190700,0.0,0.0
2024-10-18 00:00:00-04:00,28.530000686645508,28.915000915527344,28.020000457763672,28.139999389648438,233900,0.0,0.0
2024-10-21 00:00:00-04:00,28.139999389648438,28.65999984741211,27.84000015258789,28.350000381469727,350100,0.0,0.0
2024-10-22 00:00:00-04:00,28.290000915527344,28.5,27.665000915527344,27.760000228881836,232200,0.0,0.0
2024-10-23 00:00:00-04:00,27.670000076293945,27.88800048828125,26.520000457763672,27.049999237060547,340300,0.0,0.0
2024-10-24 00:00:00-04:00,27.5,27.8799991607666,27.149999618530273,27.329999923706055,418800,0.0,0.0
2024-10-25 00:00:00-04:00,27.600000381469727,28.8799991607666,26.729999542236328,26.809999465942383,356800,0.0,0.0
2024-10-28 00:00:00-04:00,27.260000228881836,27.344999313354492,26.850000381469727,27.100000381469727,471300,0.0,0.0
2024-10-29 00:00:00-04:00,26.920000076293945,27.690000534057617,26.735000610351562,27.440000534057617,429900,0.0,0.0
2024-10-30 00:00:00-04:00,27.260000228881836,27.850000381469727,26.989999771118164,27.079999923706055,380900,0.0,0.0
2024-10-31 00:00:00-04:00,26.979999542236328,27.190000534057617,25.920000076293945,26.489999771118164,428000,0.0,0.0
2024-11-01 00:00:00-04:00,26.700000762939453,27.229999542236328,26.375,26.969999313354492,396200,0.0,0.0
2024-11-04 00:00:00-05:00,26.520000457763672,28.139999389648438,26.520000457763672,27.59000015258789,484100,0.0,0.0
2024-11-05 00:00:00-05:00,27.540000915527344,28.149999618530273,27.045000076293945,27.5,467700,0.0,0.0
2024-11-06 00:00:00-05:00,29.15999984741211,29.920000076293945,28.530000686645508,29.309999465942383,656600,0.0,0.0
2024-11-07 00:00:00-05:00,29.3700008392334,31.1299991607666,29.3700008392334,31.0,1003900,0.0,0.0
2024-11-08 00:00:00-05:00,29.020000457763672,29.040000915527344,25.510000228881836,26.709999084472656,1504300,0.0,0.0
2024-11-11 00:00:00-05:00,26.809999465942383,28.614999771118164,26.809999465942383,28.600000381469727,849700,0.0,0.0
2024-11-12 00:00:00-05:00,28.56999969482422,29.940000534057617,28.510000228881836,28.790000915527344,924600,0.0,0.0
2024-11-13 00:00:00-05:00,28.790000915527344,29.719999313354492,28.709999084472656,28.969999313354492,744800,0.0,0.0
2024-11-14 00:00:00-05:00,29.010000228881836,29.31999969482422,28.280000686645508,28.760000228881836,544258,0.0,0.0
